# Created by Octave 4.0.0, Mon May 23 13:50:02 2016 CEST <peter@Independence>
# name: x
# type: matrix
# rows: 1
# columns: 100
 60 60.60606060606061 61.21212121212122 61.81818181818183 62.42424242424243 63.03030303030303 63.63636363636364 64.24242424242425 64.84848484848484 65.45454545454545 66.06060606060606 66.66666666666667 67.27272727272728 67.87878787878788 68.48484848484848 69.09090909090909 69.6969696969697 70.30303030303031 70.90909090909091 71.51515151515152 72.12121212121212 72.72727272727273 73.33333333333334 73.93939393939394 74.54545454545455 75.15151515151516 75.75757575757576 76.36363636363636 76.96969696969697 77.57575757575758 78.18181818181819 78.7878787878788 79.39393939393941 80 80.60606060606061 81.21212121212122 81.81818181818183 82.42424242424244 83.03030303030303 83.63636363636364 84.24242424242425 84.84848484848484 85.45454545454547 86.06060606060606 86.66666666666667 87.27272727272728 87.87878787878788 88.48484848484848 89.09090909090909 89.6969696969697 90.30303030303031 90.90909090909091 91.51515151515152 92.12121212121212 92.72727272727273 93.33333333333334 93.93939393939395 94.54545454545455 95.15151515151516 95.75757575757576 96.36363636363637 96.96969696969698 97.57575757575758 98.18181818181819 98.7878787878788 99.39393939393941 100 100.6060606060606 101.2121212121212 101.8181818181818 102.4242424242424 103.030303030303 103.6363636363636 104.2424242424242 104.8484848484849 105.4545454545455 106.0606060606061 106.6666666666667 107.2727272727273 107.8787878787879 108.4848484848485 109.0909090909091 109.6969696969697 110.3030303030303 110.9090909090909 111.5151515151515 112.1212121212121 112.7272727272727 113.3333333333333 113.9393939393939 114.5454545454545 115.1515151515152 115.7575757575758 116.3636363636364 116.969696969697 117.5757575757576 118.1818181818182 118.7878787878788 119.3939393939394 120


# name: y
# type: matrix
# rows: 100
# columns: 1
 42267.01967542512
 42193.60206706262
 42111.94613291614
 42022.25294661791
 41924.76723553982
 41819.7763014757
 41707.60859386078
 41588.63194445368
 41463.25147599193
 41331.90720080604
 41195.07132869803
 41053.24530651263
 40906.95661471434
 40756.75534889332
 40603.21061642373
 40446.90678046134
 40288.43958506714
 40128.41219646111
 39967.43119623096
 39806.10256273487
 39645.02767694184
 39484.79938855057
 39325.99817742499
 39169.18844419437
 39014.9149623074
 38863.69952192376
 38716.03779380264
 38572.39643883483
 38433.21048609869
 38298.88099933806
 38169.77304860075
 38046.21400048178
 37928.49213702809
 37816.85560992316
 37711.51173312424
 37612.62661371273
 37520.32511737954
 37434.6911617413
 37355.76832760492
 37283.56077540002
 37218.03445131169
 37159.11856519485
 37106.70732015854
 37060.66187179211
 37020.81249337897
 36986.96092211711
 36958.88286034399
 36936.33060504901
 36919.03577854542
 36906.71213306015
 36899.05840217396
 36895.76117249218
 36896.49774963342
 36900.93899356927
 36908.7520995141
 36919.60330192577
 36933.16048071384
 36949.09565043541
 36967.08731506616
 36986.82267283935
 37007.99965762407
 37030.32880534112
 37053.53493596671
 37077.3586437281
 37101.55759013137
 37125.9075964573
 37150.20353430182
 37174.26001460431
 37197.91187738625
 37221.01448610238
 37243.44383207499
 37265.09645593076
 37285.88919428229
 37305.75876108605
 37324.66117416359
 37342.57103828859
 37359.48069702052
 37375.39926610446
 37390.35156175905
 37404.37693754274
 37417.52804372542
 37429.86952320349
 37441.47665798498
 37452.43398014428
 37462.83386090801
 37472.77509119218
 37482.36146647164
 37491.70038833343
 37500.90149445323
 37510.07532804617
 37519.332057087
 37528.78025277834
 37538.52573587743
 37548.67049857894
 37559.31170870332
 37570.54080196365
 37582.44266708948
 37595.09492757976
 37608.56732284947
 37622.92119053221


# name: QUERY
# type: sq_string
# elements: 1
# length: 2
R5


# name: DATASIZE
# type: sq_string
# elements: 1
# length: 4
1000


