# Created by Octave 4.0.0, Thu May 19 00:18:30 2016 CEST <peter@Independence>
# name: x
# type: matrix
# rows: 1
# columns: 100
 60 60.60606060606061 61.21212121212122 61.81818181818183 62.42424242424243 63.03030303030303 63.63636363636364 64.24242424242425 64.84848484848484 65.45454545454545 66.06060606060606 66.66666666666667 67.27272727272728 67.87878787878788 68.48484848484848 69.09090909090909 69.6969696969697 70.30303030303031 70.90909090909091 71.51515151515152 72.12121212121212 72.72727272727273 73.33333333333334 73.93939393939394 74.54545454545455 75.15151515151516 75.75757575757576 76.36363636363636 76.96969696969697 77.57575757575758 78.18181818181819 78.7878787878788 79.39393939393941 80 80.60606060606061 81.21212121212122 81.81818181818183 82.42424242424244 83.03030303030303 83.63636363636364 84.24242424242425 84.84848484848484 85.45454545454547 86.06060606060606 86.66666666666667 87.27272727272728 87.87878787878788 88.48484848484848 89.09090909090909 89.6969696969697 90.30303030303031 90.90909090909091 91.51515151515152 92.12121212121212 92.72727272727273 93.33333333333334 93.93939393939395 94.54545454545455 95.15151515151516 95.75757575757576 96.36363636363637 96.96969696969698 97.57575757575758 98.18181818181819 98.7878787878788 99.39393939393941 100 100.6060606060606 101.2121212121212 101.8181818181818 102.4242424242424 103.030303030303 103.6363636363636 104.2424242424242 104.8484848484849 105.4545454545455 106.0606060606061 106.6666666666667 107.2727272727273 107.8787878787879 108.4848484848485 109.0909090909091 109.6969696969697 110.3030303030303 110.9090909090909 111.5151515151515 112.1212121212121 112.7272727272727 113.3333333333333 113.9393939393939 114.5454545454545 115.1515151515152 115.7575757575758 116.3636363636364 116.969696969697 117.5757575757576 118.1818181818182 118.7878787878788 119.3939393939394 120


# name: y
# type: matrix
# rows: 100
# columns: 1
 42609.72036766574
 42563.1232797723
 42509.264330291
 42448.24877028743
 42380.21603863168
 42305.33904829868
 42223.82321442889
 42135.90523228292
 42041.85161587475
 41941.95701059518
 41836.5422955068
 41725.95249317332
 41610.55450684905
 41490.73470657532
 41366.89638718624
 41239.45712239946
 41108.84604004458
 40975.50104405269
 40839.86600909262
 40702.38797368923
 40563.51435730486
 40423.6902262122
 40283.35563205111
 40142.94304575821
 40002.87490810859
 39863.56131643655
 39725.39786523413
 39588.76365629127
 39454.01949187007
 39321.50626213109
 39191.54353568314
 39064.42835974442
 38940.43427401363
 38819.81053998726
 38702.78158515415
 38589.54665927927
 38480.2796978823
 38375.1293860465
 38274.21941388127
 38177.64891332485
 38085.49306452748
 37997.80385881014
 37914.61100415845
 37835.92295838864
 37761.72807451452
 37691.99584244809
 37626.67821097594
 37565.71097396158
 37509.01520491817
 37456.49872446419
 37408.05758570111
 37363.57756322044
 37322.93563223925
 37286.00142526071
 37252.63865463893
 37222.70649047747
 37196.06088438872
 37172.55583076861
 37152.04455838118
 37134.38064618356
 37119.41905843886
 37107.01709525075
 37097.03525569486
 37089.3380117121
 37083.79449185669
 37080.27907485276
 37078.67189370378
 37078.85925181431
 37080.73395322523
 37084.19554963007
 37089.15050733387
 37095.51229774093
 37103.20141531561
 37112.1453272572
 37122.27835937047
 37133.54152280212
 37145.88228645644
 37159.25430000599
 37173.61707248001
 37188.9356114486
 37205.18002783078
 37222.32511133983
 37240.34988154583
 37259.23711948363
 37278.97288466632
 37299.54602228221
 37320.94766525529
 37343.17073573769
 37366.20945047513
 37390.0588343432
 37414.71424619153
 37440.17092095438
 37466.42353178669
 37493.46577576542
 37521.28998645434
 37549.88677636624
 37579.24471206981
 37609.35002437936
 37640.18635573461
 37671.73454652642


# name: QUERY
# type: sq_string
# elements: 1
# length: 2
R5


# name: DATASIZE
# type: sq_string
# elements: 1
# length: 4
1000


