# Created by Octave 4.0.0, Thu May 19 00:18:30 2016 CEST <peter@Independence>
# name: x
# type: matrix
# rows: 1
# columns: 100
 60 60.60606060606061 61.21212121212122 61.81818181818183 62.42424242424243 63.03030303030303 63.63636363636364 64.24242424242425 64.84848484848484 65.45454545454545 66.06060606060606 66.66666666666667 67.27272727272728 67.87878787878788 68.48484848484848 69.09090909090909 69.6969696969697 70.30303030303031 70.90909090909091 71.51515151515152 72.12121212121212 72.72727272727273 73.33333333333334 73.93939393939394 74.54545454545455 75.15151515151516 75.75757575757576 76.36363636363636 76.96969696969697 77.57575757575758 78.18181818181819 78.7878787878788 79.39393939393941 80 80.60606060606061 81.21212121212122 81.81818181818183 82.42424242424244 83.03030303030303 83.63636363636364 84.24242424242425 84.84848484848484 85.45454545454547 86.06060606060606 86.66666666666667 87.27272727272728 87.87878787878788 88.48484848484848 89.09090909090909 89.6969696969697 90.30303030303031 90.90909090909091 91.51515151515152 92.12121212121212 92.72727272727273 93.33333333333334 93.93939393939395 94.54545454545455 95.15151515151516 95.75757575757576 96.36363636363637 96.96969696969698 97.57575757575758 98.18181818181819 98.7878787878788 99.39393939393941 100 100.6060606060606 101.2121212121212 101.8181818181818 102.4242424242424 103.030303030303 103.6363636363636 104.2424242424242 104.8484848484849 105.4545454545455 106.0606060606061 106.6666666666667 107.2727272727273 107.8787878787879 108.4848484848485 109.0909090909091 109.6969696969697 110.3030303030303 110.9090909090909 111.5151515151515 112.1212121212121 112.7272727272727 113.3333333333333 113.9393939393939 114.5454545454545 115.1515151515152 115.7575757575758 116.3636363636364 116.969696969697 117.5757575757576 118.1818181818182 118.7878787878788 119.3939393939394 120


# name: y
# type: matrix
# rows: 100
# columns: 1
 41579.42430418213
 41531.62127350475
 41483.81824282737
 41436.01521214999
 41388.21218147261
 41340.40915079523
 41292.60612011784
 41244.80308944046
 41197.00005876308
 41149.19702808569
 41101.39399740831
 41053.59096673093
 41005.78793605354
 40957.98490537616
 40910.18187469878
 40862.3788440214
 40814.57581334402
 40766.77278266664
 40718.96975198925
 40671.16672131187
 40623.36369063449
 40575.5606599571
 40527.75762927972
 40479.95459860234
 40432.15156792496
 40384.34853724758
 40336.5455065702
 40288.74247589281
 40240.93944521543
 40193.13641453805
 40145.33338386066
 40097.53035318328
 40049.7273225059
 40001.92429182852
 39954.12126115114
 39906.31823047376
 39858.51519979637
 39810.71216911899
 39762.90913844161
 39715.10610776422
 39667.30307708684
 39619.50004640946
 39571.69701573208
 39523.8939850547
 39476.09095437732
 39428.28792369993
 39380.48489302255
 39332.68186234517
 39284.87883166778
 39237.0758009904
 39189.27277031302
 39141.46973963564
 39093.66670895826
 39045.86367828088
 38998.06064760349
 38950.25761692611
 38902.45458624873
 38854.65155557134
 38806.84852489396
 38759.04549421658
 38711.24246353919
 38663.43943286181
 38615.63640218443
 38567.83337150705
 38520.03034082967
 38472.22731015229
 38424.4242794749
 38376.62124879752
 38328.81821812013
 38281.01518744275
 38233.21215676537
 38185.40912608799
 38137.60609541061
 38089.80306473323
 38042.00003405584
 37994.19700337846
 37946.39397270108
 37898.59094202369
 37850.78791134631
 37802.98488066893
 37755.18184999155
 37707.37881931417
 37659.57578863679
 37611.7727579594
 37563.96972728202
 37516.16669660464
 37468.36366592725
 37420.56063524987
 37372.75760457249
 37324.95457389511
 37277.15154321773
 37229.34851254035
 37181.54548186296
 37133.74245118558
 37085.9394205082
 37038.13638983081
 36990.33335915343
 36942.53032847605
 36894.72729779866
 36846.92426712129


# name: QUERY
# type: sq_string
# elements: 1
# length: 2
R5


# name: DATASIZE
# type: sq_string
# elements: 1
# length: 4
1000


