# Created by Octave 4.0.0, Mon May 23 13:50:02 2016 CEST <peter@Independence>
# name: x
# type: matrix
# rows: 1
# columns: 100
 60 60.60606060606061 61.21212121212122 61.81818181818183 62.42424242424243 63.03030303030303 63.63636363636364 64.24242424242425 64.84848484848484 65.45454545454545 66.06060606060606 66.66666666666667 67.27272727272728 67.87878787878788 68.48484848484848 69.09090909090909 69.6969696969697 70.30303030303031 70.90909090909091 71.51515151515152 72.12121212121212 72.72727272727273 73.33333333333334 73.93939393939394 74.54545454545455 75.15151515151516 75.75757575757576 76.36363636363636 76.96969696969697 77.57575757575758 78.18181818181819 78.7878787878788 79.39393939393941 80 80.60606060606061 81.21212121212122 81.81818181818183 82.42424242424244 83.03030303030303 83.63636363636364 84.24242424242425 84.84848484848484 85.45454545454547 86.06060606060606 86.66666666666667 87.27272727272728 87.87878787878788 88.48484848484848 89.09090909090909 89.6969696969697 90.30303030303031 90.90909090909091 91.51515151515152 92.12121212121212 92.72727272727273 93.33333333333334 93.93939393939395 94.54545454545455 95.15151515151516 95.75757575757576 96.36363636363637 96.96969696969698 97.57575757575758 98.18181818181819 98.7878787878788 99.39393939393941 100 100.6060606060606 101.2121212121212 101.8181818181818 102.4242424242424 103.030303030303 103.6363636363636 104.2424242424242 104.8484848484849 105.4545454545455 106.0606060606061 106.6666666666667 107.2727272727273 107.8787878787879 108.4848484848485 109.0909090909091 109.6969696969697 110.3030303030303 110.9090909090909 111.5151515151515 112.1212121212121 112.7272727272727 113.3333333333333 113.9393939393939 114.5454545454545 115.1515151515152 115.7575757575758 116.3636363636364 116.969696969697 117.5757575757576 118.1818181818182 118.7878787878788 119.3939393939394 120


# name: y
# type: matrix
# rows: 100
# columns: 1
 41425.96676558832
 41376.66374317567
 41327.36072076302
 41278.05769835036
 41228.75467593771
 41179.45165352506
 41130.1486311124
 41080.84560869975
 41031.5425862871
 40982.23956387445
 40932.93654146179
 40883.63351904914
 40834.33049663648
 40785.02747422383
 40735.72445181118
 40686.42142939852
 40637.11840698586
 40587.81538457322
 40538.51236216056
 40489.20933974791
 40439.90631733525
 40390.6032949226
 40341.30027250994
 40291.99725009729
 40242.69422768464
 40193.39120527198
 40144.08818285933
 40094.78516044668
 40045.48213803402
 39996.17911562137
 39946.87609320872
 39897.57307079607
 39848.27004838341
 39798.96702597076
 39749.66400355811
 39700.36098114545
 39651.0579587328
 39601.75493632015
 39552.45191390749
 39503.14889149483
 39453.84586908218
 39404.54284666953
 39355.23982425687
 39305.93680184423
 39256.63377943157
 39207.33075701891
 39158.02773460626
 39108.72471219361
 39059.42168978095
 39010.1186673683
 38960.81564495565
 38911.51262254299
 38862.20960013034
 38812.90657771769
 38763.60355530503
 38714.30053289238
 38664.99751047973
 38615.69448806707
 38566.39146565442
 38517.08844324177
 38467.78542082911
 38418.48239841646
 38369.17937600381
 38319.87635359116
 38270.5733311785
 38221.27030876584
 38171.96728635319
 38122.66426394054
 38073.36124152788
 38024.05821911523
 37974.75519670258
 37925.45217428992
 37876.14915187727
 37826.84612946462
 37777.54310705196
 37728.24008463931
 37678.93706222666
 37629.634039814
 37580.33101740135
 37531.0279949887
 37481.72497257604
 37432.42195016339
 37383.11892775074
 37333.81590533808
 37284.51288292542
 37235.20986051278
 37185.90683810012
 37136.60381568747
 37087.30079327482
 37037.99777086216
 36988.69474844951
 36939.39172603685
 36890.0887036242
 36840.78568121154
 36791.48265879889
 36742.17963638624
 36692.87661397358
 36643.57359156093
 36594.27056914828
 36544.96754673563


# name: QUERY
# type: sq_string
# elements: 1
# length: 2
R5


# name: DATASIZE
# type: sq_string
# elements: 1
# length: 4
1000


