# Created by Octave 4.0.0, Mon May 23 13:50:02 2016 CEST <peter@Independence>
# name: x
# type: matrix
# rows: 1
# columns: 100
 60 60.60606060606061 61.21212121212122 61.81818181818183 62.42424242424243 63.03030303030303 63.63636363636364 64.24242424242425 64.84848484848484 65.45454545454545 66.06060606060606 66.66666666666667 67.27272727272728 67.87878787878788 68.48484848484848 69.09090909090909 69.6969696969697 70.30303030303031 70.90909090909091 71.51515151515152 72.12121212121212 72.72727272727273 73.33333333333334 73.93939393939394 74.54545454545455 75.15151515151516 75.75757575757576 76.36363636363636 76.96969696969697 77.57575757575758 78.18181818181819 78.7878787878788 79.39393939393941 80 80.60606060606061 81.21212121212122 81.81818181818183 82.42424242424244 83.03030303030303 83.63636363636364 84.24242424242425 84.84848484848484 85.45454545454547 86.06060606060606 86.66666666666667 87.27272727272728 87.87878787878788 88.48484848484848 89.09090909090909 89.6969696969697 90.30303030303031 90.90909090909091 91.51515151515152 92.12121212121212 92.72727272727273 93.33333333333334 93.93939393939395 94.54545454545455 95.15151515151516 95.75757575757576 96.36363636363637 96.96969696969698 97.57575757575758 98.18181818181819 98.7878787878788 99.39393939393941 100 100.6060606060606 101.2121212121212 101.8181818181818 102.4242424242424 103.030303030303 103.6363636363636 104.2424242424242 104.8484848484849 105.4545454545455 106.0606060606061 106.6666666666667 107.2727272727273 107.8787878787879 108.4848484848485 109.0909090909091 109.6969696969697 110.3030303030303 110.9090909090909 111.5151515151515 112.1212121212121 112.7272727272727 113.3333333333333 113.9393939393939 114.5454545454545 115.1515151515152 115.7575757575758 116.3636363636364 116.969696969697 117.5757575757576 118.1818181818182 118.7878787878788 119.3939393939394 120


# name: y
# type: matrix
# rows: 1
# columns: 100
 42484.34411938534 42419.73864979584 42355.13318020632 42290.52771061681 42225.9222410273 42161.31677143779 42096.71130184827 42032.10583225876 41967.50036266925 41902.89489307973 41838.28942349023 41773.68395390071 41709.0784843112 41644.47301472169 41579.86754513218 41515.26207554266 41450.65660595315 41386.05113636364 41321.44566677413 41256.84019718462 41192.2347275951 41127.62925800559 41063.02378841608 40998.41831882657 40933.81284923705 40869.20737964755 40804.60191005803 40739.99644046852 40675.390970879 40610.78550128949 40546.18003169998 40481.57456211047 40416.96909252096 40352.36362293144 40287.75815334193 40223.15268375242 40158.54721416291 40093.94174457339 40029.33627498389 39964.73080539437 39900.12533580486 39835.51986621535 39770.91439662583 39706.30892703632 39641.70345744681 39577.0979878573 39512.49251826778 39447.88704867828 39383.28157908876 39318.67610949925 39254.07063990974 39189.46517032023 39124.85970073071 39060.2542311412 38995.64876155169 38931.04329196217 38866.43782237267 38801.83235278315 38737.22688319364 38672.62141360413 38608.01594401462 38543.4104744251 38478.80500483559 38414.19953524608 38349.59406565657 38284.98859606706 38220.38312647754 38155.77765688803 38091.17218729852 38026.56671770901 37961.96124811949 37897.35577852999 37832.75030894047 37768.14483935096 37703.53936976145 37638.93390017193 37574.32843058242 37509.72296099291 37445.1174914034 37380.51202181388 37315.90655222438 37251.30108263486 37186.69561304535 37122.09014345584 37057.48467386633 36992.87920427681 36928.2737346873 36863.66826509779 36799.06279550827 36734.45732591877 36669.85185632925 36605.24638673974 36540.64091715023 36476.03544756072 36411.4299779712 36346.82450838169 36282.21903879218 36217.61356920267 36153.00809961316 36088.40263002364


# name: QUERY
# type: sq_string
# elements: 1
# length: 2
R5


# name: DATASIZE
# type: sq_string
# elements: 1
# length: 4
1000


