# Created by Octave 4.0.0, Thu May 19 00:18:30 2016 CEST <peter@Independence>
# name: x
# type: matrix
# rows: 1
# columns: 100
 60 60.60606060606061 61.21212121212122 61.81818181818183 62.42424242424243 63.03030303030303 63.63636363636364 64.24242424242425 64.84848484848484 65.45454545454545 66.06060606060606 66.66666666666667 67.27272727272728 67.87878787878788 68.48484848484848 69.09090909090909 69.6969696969697 70.30303030303031 70.90909090909091 71.51515151515152 72.12121212121212 72.72727272727273 73.33333333333334 73.93939393939394 74.54545454545455 75.15151515151516 75.75757575757576 76.36363636363636 76.96969696969697 77.57575757575758 78.18181818181819 78.7878787878788 79.39393939393941 80 80.60606060606061 81.21212121212122 81.81818181818183 82.42424242424244 83.03030303030303 83.63636363636364 84.24242424242425 84.84848484848484 85.45454545454547 86.06060606060606 86.66666666666667 87.27272727272728 87.87878787878788 88.48484848484848 89.09090909090909 89.6969696969697 90.30303030303031 90.90909090909091 91.51515151515152 92.12121212121212 92.72727272727273 93.33333333333334 93.93939393939395 94.54545454545455 95.15151515151516 95.75757575757576 96.36363636363637 96.96969696969698 97.57575757575758 98.18181818181819 98.7878787878788 99.39393939393941 100 100.6060606060606 101.2121212121212 101.8181818181818 102.4242424242424 103.030303030303 103.6363636363636 104.2424242424242 104.8484848484849 105.4545454545455 106.0606060606061 106.6666666666667 107.2727272727273 107.8787878787879 108.4848484848485 109.0909090909091 109.6969696969697 110.3030303030303 110.9090909090909 111.5151515151515 112.1212121212121 112.7272727272727 113.3333333333333 113.9393939393939 114.5454545454545 115.1515151515152 115.7575757575758 116.3636363636364 116.969696969697 117.5757575757576 118.1818181818182 118.7878787878788 119.3939393939394 120


# name: y
# type: matrix
# rows: 1
# columns: 100
 41959.13362754454 41904.58003339695 41850.02643924937 41795.47284510179 41740.9192509542 41686.36565680662 41631.81206265904 41577.25846851146 41522.70487436387 41468.15128021629 41413.59768606871 41359.04409192113 41304.49049777354 41249.93690362596 41195.38330947838 41140.82971533079 41086.27612118321 41031.72252703563 40977.16893288805 40922.61533874046 40868.06174459288 40813.5081504453 40758.95455629771 40704.40096215013 40649.84736800255 40595.29377385497 40540.74017970738 40486.1865855598 40431.63299141222 40377.07939726464 40322.52580311705 40267.97220896947 40213.41861482189 40158.8650206743 40104.31142652672 40049.75783237914 39995.20423823156 39940.65064408397 39886.09704993639 39831.54345578881 39776.98986164122 39722.43626749364 39667.88267334606 39613.32907919848 39558.77548505089 39504.22189090331 39449.66829675573 39395.11470260815 39340.56110846056 39286.00751431298 39231.4539201654 39176.90032601781 39122.34673187023 39067.79313772265 39013.23954357507 38958.68594942748 38904.1323552799 38849.57876113232 38795.02516698473 38740.47157283715 38685.91797868957 38631.36438454199 38576.8107903944 38522.25719624682 38467.70360209924 38413.15000795166 38358.59641380407 38304.04281965649 38249.48922550891 38194.93563136132 38140.38203721374 38085.82844306616 38031.27484891858 37976.72125477099 37922.16766062341 37867.61406647583 37813.06047232824 37758.50687818066 37703.95328403308 37649.3996898855 37594.84609573791 37540.29250159033 37485.73890744275 37431.18531329517 37376.63171914758 37322.078125 37267.52453085242 37212.97093670483 37158.41734255725 37103.86374840967 37049.31015426209 36994.7565601145 36940.20296596692 36885.64937181934 36831.09577767176 36776.54218352417 36721.98858937659 36667.43499522901 36612.88140108142 36558.32780693384


# name: QUERY
# type: sq_string
# elements: 1
# length: 2
R5


# name: DATASIZE
# type: sq_string
# elements: 1
# length: 4
1000


