# Created by Octave 4.0.0, Mon May 23 13:50:02 2016 CEST <peter@Independence>
# name: SVs
# type: cell
# rows: 1
# columns: 7
# name: <cell-element>
# type: sparse matrix
# nnz: 25
# rows: 25
# columns: 1
1 1 -1.442840990357839
2 1 0.379694997462589
3 1 -0.5315729964476251
4 1 0.379694997462589
5 1 1.290962991372803
6 1 -0.5315729964476251
7 1 -1.442840990357839
8 1 -0.5315729964476251
9 1 -1.442840990357839
10 1 1.290962991372803
11 1 0.379694997462589
12 1 -1.442840990357839
13 1 0.379694997462589
14 1 0.379694997462589
15 1 -1.442840990357839
16 1 0.379694997462589
17 1 -0.5315729964476251
18 1 1.290962991372803
19 1 1.290962991372803
20 1 0.379694997462589
21 1 -0.5315729964476251
22 1 -0.5315729964476251
23 1 -0.5315729964476251
24 1 -0.5315729964476251
25 1 -1.442840990357839



# name: <cell-element>
# type: sparse matrix
# nnz: 36
# rows: 36
# columns: 1
1 1 1.290962991372803
2 1 -1.442840990357839
3 1 0.379694997462589
4 1 -1.442840990357839
5 1 -0.5315729964476251
6 1 0.379694997462589
7 1 -0.5315729964476251
8 1 1.290962991372803
9 1 0.379694997462589
10 1 -1.442840990357839
11 1 1.290962991372803
12 1 -1.442840990357839
13 1 -0.5315729964476251
14 1 -1.442840990357839
15 1 -0.5315729964476251
16 1 -1.442840990357839
17 1 1.290962991372803
18 1 -1.442840990357839
19 1 0.379694997462589
20 1 0.379694997462589
21 1 0.379694997462589
22 1 0.379694997462589
23 1 -1.442840990357839
24 1 0.379694997462589
25 1 -0.5315729964476251
26 1 1.290962991372803
27 1 1.290962991372803
28 1 0.379694997462589
29 1 -0.5315729964476251
30 1 -0.5315729964476251
31 1 -0.5315729964476251
32 1 -1.442840990357839
33 1 0.379694997462589
34 1 1.290962991372803
35 1 1.290962991372803
36 1 1.290962991372803



# name: <cell-element>
# type: sparse matrix
# nnz: 13
# rows: 13
# columns: 1
1 1 0.379694997462589
2 1 -0.5315729964476251
3 1 0.379694997462589
4 1 -1.442840990357839
5 1 -1.442840990357839
6 1 1.290962991372803
7 1 -1.442840990357839
8 1 0.379694997462589
9 1 -0.5315729964476251
10 1 0.379694997462589
11 1 -0.5315729964476251
12 1 -0.5315729964476251
13 1 -1.442840990357839



# name: <cell-element>
# type: sparse matrix
# nnz: 24
# rows: 24
# columns: 1
1 1 1.290962991372803
2 1 0.379694997462589
3 1 -1.442840990357839
4 1 -0.5315729964476251
5 1 0.379694997462589
6 1 -0.5315729964476251
7 1 1.290962991372803
8 1 0.379694997462589
9 1 1.290962991372803
10 1 -1.442840990357839
11 1 -1.442840990357839
12 1 1.290962991372803
13 1 -1.442840990357839
14 1 0.379694997462589
15 1 -0.5315729964476251
16 1 1.290962991372803
17 1 1.290962991372803
18 1 0.379694997462589
19 1 -0.5315729964476251
20 1 -0.5315729964476251
21 1 -0.5315729964476251
22 1 1.290962991372803
23 1 1.290962991372803
24 1 1.290962991372803



# name: <cell-element>
# type: sparse matrix
# nnz: 24
# rows: 24
# columns: 1
1 1 1.290962991372803
2 1 0.379694997462589
3 1 -1.442840990357839
4 1 -0.5315729964476251
5 1 0.379694997462589
6 1 -0.5315729964476251
7 1 1.290962991372803
8 1 0.379694997462589
9 1 1.290962991372803
10 1 -1.442840990357839
11 1 -1.442840990357839
12 1 1.290962991372803
13 1 -1.442840990357839
14 1 -1.442840990357839
15 1 0.379694997462589
16 1 -0.5315729964476251
17 1 0.379694997462589
18 1 -0.5315729964476251
19 1 -0.5315729964476251
20 1 -0.5315729964476251
21 1 -1.442840990357839
22 1 1.290962991372803
23 1 1.290962991372803
24 1 1.290962991372803



# name: <cell-element>
# type: sparse matrix
# nnz: 27
# rows: 27
# columns: 1
1 1 0.379694997462589
2 1 -1.442840990357839
3 1 0.379694997462589
4 1 -0.5315729964476251
5 1 0.379694997462589
6 1 1.290962991372803
7 1 -0.5315729964476251
8 1 -1.442840990357839
9 1 -0.5315729964476251
10 1 -1.442840990357839
11 1 1.290962991372803
12 1 -1.442840990357839
13 1 0.379694997462589
14 1 0.379694997462589
15 1 -1.442840990357839
16 1 -1.442840990357839
17 1 0.379694997462589
18 1 -0.5315729964476251
19 1 1.290962991372803
20 1 1.290962991372803
21 1 0.379694997462589
22 1 -0.5315729964476251
23 1 -0.5315729964476251
24 1 -0.5315729964476251
25 1 -1.442840990357839
26 1 1.290962991372803
27 1 1.290962991372803



# name: <cell-element>
# type: scalar
0





# name: coefficients
# type: cell
# rows: 1
# columns: 7
# name: <cell-element>
# type: matrix
# rows: 25
# columns: 1
 0.35789
 0.35789
 0.35789
 -0.35789
 -0.35789
 -0.35789
 0.35789
 -0.35789
 0.35789
 0.35789
 -0.2136559111506957
 -0.1442340888493042
 -0.35789
 -0.35789
 0.35789
 0.35789
 -0.35789
 0.35789
 0.35789
 -0.35789
 -0.35789
 0.35789
 -0.35789
 0.35789
 -0.35789



# name: <cell-element>
# type: matrix
# rows: 36
# columns: 1
 -5
 5
 5
 5
 5
 5
 5
 -5
 -5
 5
 -5
 5
 -5
 5
 -5
 5
 5
 -2.281921069211233
 -5
 5
 2.281921069211233
 -5
 5
 5
 -5
 -5
 -5
 -5
 5
 -5
 5
 -5
 5
 -5
 -5
 -5



# name: <cell-element>
# type: matrix
# rows: 13
# columns: 1
 0.35789
 0.35789
 -0.35789
 0.35789
 0.35789
 0.35789
 -0.008077244364520007
 -0.34981275563548
 -0.35789
 -0.35789
 -0.35789
 0.35789
 -0.35789



# name: <cell-element>
# type: matrix
# rows: 24
# columns: 1
 -0.35789
 0.35789
 0.35789
 0.01618508264620599
 0.35789
 0.35789
 -0.35789
 -0.35789
 -0.35789
 0.35789
 0.35789
 0.35789
 0.35789
 0.35789
 -0.35789
 -0.35789
 -0.01618508264620599
 -0.35789
 0.35789
 -0.35789
 0.35789
 -0.35789
 -0.35789
 -0.35789



# name: <cell-element>
# type: matrix
# rows: 24
# columns: 1
 -5
 5
 5
 2.180116508477719
 5
 5
 -5
 -5
 -5
 5
 5
 5
 -2.180116508477713
 5
 5
 -5
 -5
 5
 -5
 5
 -5
 -5
 -5
 -5



# name: <cell-element>
# type: matrix
# rows: 27
# columns: 1
 1.3895
 1.3895
 1.3895
 1.3895
 -1.3895
 -1.3895
 -1.3895
 1.3895
 -0.6809914384104894
 1.3895
 1.3895
 -1.3895
 -0.03837788573335735
 -1.3895
 -1.3895
 0.9949284138382514
 1.3895
 -1.3895
 1.113940910305595
 1.3895
 -1.3895
 1.3895
 -1.3895
 1.3895
 -1.3895
 -1.3895
 -1.3895



# name: <cell-element>
# type: scalar
0





# name: b
# type: cell
# rows: 1
# columns: 7
# name: <cell-element>
# type: scalar
-0.05644884028244472



# name: <cell-element>
# type: scalar
-0.6321629327539391



# name: <cell-element>
# type: scalar
0.06159041839346435



# name: <cell-element>
# type: scalar
-0.5595734082209762



# name: <cell-element>
# type: scalar
-0.5436514211836487



# name: <cell-element>
# type: scalar
-0.00774426753060448



# name: <cell-element>
# type: scalar
0





# name: models
# type: cell
# rows: 1
# columns: 7
# name: <cell-element>
# type: scalar struct
# ndims: 2
 1 1
# length: 11
# name: Parameters
# type: matrix
# rows: 5
# columns: 1
 3
 0
 3
 1
 0


# name: nr_class
# type: scalar
2


# name: totalSV
# type: scalar
25


# name: rho
# type: scalar
0.05644884028244472


# name: Label
# type: matrix
# rows: 0
# columns: 0


# name: sv_indices
# type: matrix
# rows: 25
# columns: 1
 4
 7
 8
 10
 13
 15
 16
 17
 18
 19
 20
 21
 22
 25
 27
 28
 29
 30
 32
 34
 35
 36
 37
 38
 39


# name: ProbA
# type: matrix
# rows: 0
# columns: 0


# name: ProbB
# type: matrix
# rows: 0
# columns: 0


# name: nSV
# type: matrix
# rows: 0
# columns: 0


# name: sv_coef
# type: matrix
# rows: 25
# columns: 1
 0.35789
 0.35789
 0.35789
 -0.35789
 -0.35789
 -0.35789
 0.35789
 -0.35789
 0.35789
 0.35789
 -0.2136559111506957
 -0.1442340888493042
 -0.35789
 -0.35789
 0.35789
 0.35789
 -0.35789
 0.35789
 0.35789
 -0.35789
 -0.35789
 0.35789
 -0.35789
 0.35789
 -0.35789


# name: SVs
# type: sparse matrix
# nnz: 25
# rows: 25
# columns: 1
1 1 -1.442840990357839
2 1 0.379694997462589
3 1 -0.5315729964476251
4 1 0.379694997462589
5 1 1.290962991372803
6 1 -0.5315729964476251
7 1 -1.442840990357839
8 1 -0.5315729964476251
9 1 -1.442840990357839
10 1 1.290962991372803
11 1 0.379694997462589
12 1 -1.442840990357839
13 1 0.379694997462589
14 1 0.379694997462589
15 1 -1.442840990357839
16 1 0.379694997462589
17 1 -0.5315729964476251
18 1 1.290962991372803
19 1 1.290962991372803
20 1 0.379694997462589
21 1 -0.5315729964476251
22 1 -0.5315729964476251
23 1 -0.5315729964476251
24 1 -0.5315729964476251
25 1 -1.442840990357839





