# Created by Octave 4.0.0, Thu May 19 00:18:30 2016 CEST <peter@Independence>
# name: SVs
# type: cell
# rows: 1
# columns: 7
# name: <cell-element>
# type: sparse matrix
# nnz: 11
# rows: 11
# columns: 1
1 1 -1.442840990357839
2 1 0.379694997462589
3 1 -0.5315729964476251
4 1 -1.442840990357839
5 1 0.379694997462589
6 1 1.290962991372803
7 1 -0.5315729964476251
8 1 0.379694997462589
9 1 -0.5315729964476251
10 1 -0.5315729964476251
11 1 -0.5315729964476251



# name: <cell-element>
# type: sparse matrix
# nnz: 13
# rows: 13
# columns: 1
1 1 -1.442840990357839
2 1 1.290962991372803
3 1 0.379694997462589
4 1 1.290962991372803
5 1 -1.442840990357839
6 1 0.379694997462589
7 1 1.290962991372803
8 1 -1.442840990357839
9 1 -0.5315729964476251
10 1 1.290962991372803
11 1 0.379694997462589
12 1 -0.5315729964476251
13 1 -0.5315729964476251



# name: <cell-element>
# type: sparse matrix
# nnz: 18
# rows: 18
# columns: 1
1 1 1.290962991372803
2 1 -1.442840990357839
3 1 1.290962991372803
4 1 -0.5315729964476251
5 1 0.379694997462589
6 1 -0.5315729964476251
7 1 -1.442840990357839
8 1 1.290962991372803
9 1 0.379694997462589
10 1 1.290962991372803
11 1 0.379694997462589
12 1 1.290962991372803
13 1 -0.5315729964476251
14 1 0.379694997462589
15 1 0.379694997462589
16 1 -0.5315729964476251
17 1 -0.5315729964476251
18 1 -0.5315729964476251



# name: <cell-element>
# type: sparse matrix
# nnz: 11
# rows: 11
# columns: 1
1 1 -1.442840990357839
2 1 1.290962991372803
3 1 0.379694997462589
4 1 1.290962991372803
5 1 -1.442840990357839
6 1 0.379694997462589
7 1 1.290962991372803
8 1 -0.5315729964476251
9 1 1.290962991372803
10 1 0.379694997462589
11 1 -0.5315729964476251



# name: <cell-element>
# type: sparse matrix
# nnz: 11
# rows: 11
# columns: 1
1 1 -1.442840990357839
2 1 1.290962991372803
3 1 0.379694997462589
4 1 1.290962991372803
5 1 -1.442840990357839
6 1 0.379694997462589
7 1 1.290962991372803
8 1 -0.5315729964476251
9 1 1.290962991372803
10 1 0.379694997462589
11 1 -0.5315729964476251



# name: <cell-element>
# type: sparse matrix
# nnz: 14
# rows: 14
# columns: 1
1 1 1.290962991372803
2 1 -1.442840990357839
3 1 -1.442840990357839
4 1 0.379694997462589
5 1 -0.5315729964476251
6 1 -1.442840990357839
7 1 0.379694997462589
8 1 1.290962991372803
9 1 -1.442840990357839
10 1 -0.5315729964476251
11 1 0.379694997462589
12 1 -0.5315729964476251
13 1 -0.5315729964476251
14 1 -0.5315729964476251



# name: <cell-element>
# type: scalar
0





# name: coefficients
# type: cell
# rows: 1
# columns: 7
# name: <cell-element>
# type: matrix
# rows: 11
# columns: 1
 0.1
 0.1
 -0.1
 0.1
 -0.1
 -0.05715565852448692
 0.1
 -0.1
 -0.1
 -0.04284434147551308
 0.1



# name: <cell-element>
# type: matrix
# rows: 13
# columns: 1
 0.35789
 -0.35789
 0.35789
 -0.35789
 0.35789
 -0.35789
 -0.35789
 0.35789
 0.35789
 -0.08075703349697458
 -0.35789
 -0.2771329665030254
 0.35789



# name: <cell-element>
# type: matrix
# rows: 18
# columns: 1
 0.35789
 0.35789
 0.35789
 -0.1564138500073216
 0.35789
 -0.35789
 0.35789
 0.1564138500073216
 -0.35789
 -0.35789
 -0.35789
 0.35789
 0.35789
 -0.35789
 -0.35789
 -0.35789
 -0.35789
 0.35789



# name: <cell-element>
# type: matrix
# rows: 11
# columns: 1
 0.6157899999999999
 -0.6157899999999999
 0.6157899999999999
 -0.6157899999999999
 0.6157899999999999
 -0.5890123456836099
 -0.6157899999999999
 0.6157899999999999
 -0.02677765431639004
 -0.6157899999999999
 0.6157899999999999



# name: <cell-element>
# type: matrix
# rows: 11
# columns: 1
 5
 -5
 5
 -5
 5
 -0.4889264667418518
 -5
 5
 -4.51107353325814
 -5
 5



# name: <cell-element>
# type: matrix
# rows: 14
# columns: 1
 2.950891252687285
 -3.1947
 3.1947
 3.1947
 -3.1947
 3.1947
 -0.2570881963199254
 -3.1947
 -2.310417617677903
 3.1947
 -3.1947
 -3.1947
 -0.3833854386894565
 3.1947



# name: <cell-element>
# type: scalar
0





# name: b
# type: cell
# rows: 1
# columns: 7
# name: <cell-element>
# type: scalar
-0.005886957103235009



# name: <cell-element>
# type: scalar
-0.4805071808941972



# name: <cell-element>
# type: scalar
-0.0623423448771209



# name: <cell-element>
# type: scalar
-0.4471045464080854



# name: <cell-element>
# type: scalar
-0.442960535112505



# name: <cell-element>
# type: scalar
0.05580201081150206



# name: <cell-element>
# type: scalar
0





# name: models
# type: cell
# rows: 1
# columns: 7
# name: <cell-element>
# type: scalar struct
# ndims: 2
 1 1
# length: 11
# name: Parameters
# type: matrix
# rows: 5
# columns: 1
 3
 0
 3
 1
 0


# name: nr_class
# type: scalar
2


# name: totalSV
# type: scalar
11


# name: rho
# type: scalar
0.005886957103235009


# name: Label
# type: matrix
# rows: 0
# columns: 0


# name: sv_indices
# type: matrix
# rows: 11
# columns: 1
 12
 18
 19
 21
 26
 27
 33
 38
 40
 41
 42


# name: ProbA
# type: matrix
# rows: 0
# columns: 0


# name: ProbB
# type: matrix
# rows: 0
# columns: 0


# name: nSV
# type: matrix
# rows: 0
# columns: 0


# name: sv_coef
# type: matrix
# rows: 11
# columns: 1
 0.1
 0.1
 -0.1
 0.1
 -0.1
 -0.05715565852448692
 0.1
 -0.1
 -0.1
 -0.04284434147551308
 0.1


# name: SVs
# type: sparse matrix
# nnz: 11
# rows: 11
# columns: 1
1 1 -1.442840990357839
2 1 0.379694997462589
3 1 -0.5315729964476251
4 1 -1.442840990357839
5 1 0.379694997462589
6 1 1.290962991372803
7 1 -0.5315729964476251
8 1 0.379694997462589
9 1 -0.5315729964476251
10 1 -0.5315729964476251
11 1 -0.5315729964476251





# name: <cell-element>
# type: scalar struct
# ndims: 2
 1 1
# length: 11
# name: Parameters
# type: matrix
# rows: 5
# columns: 1
 3
 1
 2
 1
 0


# name: nr_class
# type: scalar
2


# name: totalSV
# type: scalar
13


# name: rho
# type: scalar
0.4805071808941972


# name: Label
# type: matrix
# rows: 0
# columns: 0


# name: sv_indices
# type: matrix
# rows: 13
# columns: 1
 12
 13
 18
 20
 21
 26
 27
 30
 33
 34
 38
 40
 42


# name: ProbA
# type: matrix
# rows: 0
# columns: 0


# name: ProbB
# type: matrix
# rows: 0
# columns: 0


# name: nSV
# type: matrix
# rows: 0
# columns: 0


# name: sv_coef
# type: matrix
# rows: 13
# columns: 1
 0.35789
 -0.35789
 0.35789
 -0.35789
 0.35789
 -0.35789
 -0.35789
 0.35789
 0.35789
 -0.08075703349697458
 -0.35789
 -0.2771329665030254
 0.35789


# name: SVs
# type: sparse matrix
# nnz: 13
# rows: 13
# columns: 1
1 1 -1.442840990357839
2 1 1.290962991372803
3 1 0.379694997462589
4 1 1.290962991372803
5 1 -1.442840990357839
6 1 0.379694997462589
7 1 1.290962991372803
8 1 -1.442840990357839
9 1 -0.5315729964476251
10 1 1.290962991372803
11 1 0.379694997462589
12 1 -0.5315729964476251
13 1 -0.5315729964476251





# name: <cell-element>
# type: scalar struct
# ndims: 2
 1 1
# length: 11
# name: Parameters
# type: matrix
# rows: 5
# columns: 1
 3
 1
 3
 1
 0


# name: nr_class
# type: scalar
2


# name: totalSV
# type: scalar
18


# name: rho
# type: scalar
0.0623423448771209


# name: Label
# type: matrix
# rows: 0
# columns: 0


# name: sv_indices
# type: matrix
# rows: 18
# columns: 1
 1
 12
 14
 17
 18
 19
 21
 22
 26
 27
 28
 31
 33
 37
 38
 40
 41
 42


# name: ProbA
# type: matrix
# rows: 0
# columns: 0


# name: ProbB
# type: matrix
# rows: 0
# columns: 0


# name: nSV
# type: matrix
# rows: 0
# columns: 0


# name: sv_coef
# type: matrix
# rows: 18
# columns: 1
 0.35789
 0.35789
 0.35789
 -0.1564138500073216
 0.35789
 -0.35789
 0.35789
 0.1564138500073216
 -0.35789
 -0.35789
 -0.35789
 0.35789
 0.35789
 -0.35789
 -0.35789
 -0.35789
 -0.35789
 0.35789


# name: SVs
# type: sparse matrix
# nnz: 18
# rows: 18
# columns: 1
1 1 1.290962991372803
2 1 -1.442840990357839
3 1 1.290962991372803
4 1 -0.5315729964476251
5 1 0.379694997462589
6 1 -0.5315729964476251
7 1 -1.442840990357839
8 1 1.290962991372803
9 1 0.379694997462589
10 1 1.290962991372803
11 1 0.379694997462589
12 1 1.290962991372803
13 1 -0.5315729964476251
14 1 0.379694997462589
15 1 0.379694997462589
16 1 -0.5315729964476251
17 1 -0.5315729964476251
18 1 -0.5315729964476251





