# Created by Octave 4.0.0, Mon May 23 13:49:56 2016 CEST <peter@Independence>
# name: mu
# type: matrix
# rows: 1
# columns: 2
 39108.70833333334 91.66666666666667


# name: sigma
# type: matrix
# rows: 1
# columns: 2
 4585.116142530411 21.94744041671079


