# Created by Octave 4.0.0, Thu May 19 00:18:30 2016 CEST <peter@Independence>
# name: x
# type: matrix
# rows: 1
# columns: 100
 60 60.60606060606061 61.21212121212122 61.81818181818183 62.42424242424243 63.03030303030303 63.63636363636364 64.24242424242425 64.84848484848484 65.45454545454545 66.06060606060606 66.66666666666667 67.27272727272728 67.87878787878788 68.48484848484848 69.09090909090909 69.6969696969697 70.30303030303031 70.90909090909091 71.51515151515152 72.12121212121212 72.72727272727273 73.33333333333334 73.93939393939394 74.54545454545455 75.15151515151516 75.75757575757576 76.36363636363636 76.96969696969697 77.57575757575758 78.18181818181819 78.7878787878788 79.39393939393941 80 80.60606060606061 81.21212121212122 81.81818181818183 82.42424242424244 83.03030303030303 83.63636363636364 84.24242424242425 84.84848484848484 85.45454545454547 86.06060606060606 86.66666666666667 87.27272727272728 87.87878787878788 88.48484848484848 89.09090909090909 89.6969696969697 90.30303030303031 90.90909090909091 91.51515151515152 92.12121212121212 92.72727272727273 93.33333333333334 93.93939393939395 94.54545454545455 95.15151515151516 95.75757575757576 96.36363636363637 96.96969696969698 97.57575757575758 98.18181818181819 98.7878787878788 99.39393939393941 100 100.6060606060606 101.2121212121212 101.8181818181818 102.4242424242424 103.030303030303 103.6363636363636 104.2424242424242 104.8484848484849 105.4545454545455 106.0606060606061 106.6666666666667 107.2727272727273 107.8787878787879 108.4848484848485 109.0909090909091 109.6969696969697 110.3030303030303 110.9090909090909 111.5151515151515 112.1212121212121 112.7272727272727 113.3333333333333 113.9393939393939 114.5454545454545 115.1515151515152 115.7575757575758 116.3636363636364 116.969696969697 117.5757575757576 118.1818181818182 118.7878787878788 119.3939393939394 120


# name: y
# type: matrix
# rows: 100
# columns: 1
 42454.64684462312
 41865.99636215451
 41332.05773150095
 40848.68489637511
 40411.97204379641
 40018.24413859044
 39664.0476480935
 39346.1414571628
 39061.4879734257
 38807.24442279923
 38580.75433526524
 38379.53922091732
 38201.29043626315
 38043.86124078545
 37905.25904377447
 37783.63784141136
 37677.29084412583
 37584.64329420204
 37504.24547365791
 37434.76590238061
 37374.98472652405
 37323.78729717115
 37280.15793925436
 37243.17391074086
 37211.99955207945
 37185.88062590707
 37164.13884702011
 37146.16660260592
 37131.42186273637
 37119.42328112405
 37109.74548613974
 37102.01456209203
 37095.90372076876
 37091.1291632405
 37087.44613192586
 37084.64515291866
 37082.54846857714
 37081.006660375
 37079.89546201436
 37079.11276280064
 37078.57580127937
 37078.21854913488
 37077.98928535093
 37077.84836063323
 37077.76615209389
 37077.72120819777
 37077.69858397077
 37077.68836646996
 37077.68439051572
 37077.68314468574
 37077.6828675709
 37077.68283429313
 37077.68283328514
 37077.68283333211
 37077.68284087518
 37077.682947577
 37077.68356814907
 37077.68586844109
 37077.69238379212
 37077.70782764377
 37077.74009041517
 37077.80142864
 37077.90984436527
 37078.09065481216
 37078.37825229868
 37078.8180544243
 37079.4686445164
 37080.40410233877
 37081.7165250619
 37083.51873849526
 37085.94719858141
 37089.16508315214
 37093.36557394644
 37098.77532889036
 37105.65814463884
 37114.31880937953
 37125.10714589815
 37138.42224490645
 37154.71688863126
 37174.50216466623
 37198.35227008478
 37226.90950581564
 37260.88946127906
 37301.08638928807
 37348.37877120622
 37403.73507237319
 37468.21968778787
 37542.9990780562
 37629.34809559763
 37728.65650111958
 37842.43567034644
 37972.32549101324
 38120.10145012609
 38287.68191147564
 38477.13558342089
 38690.68917692763
 38930.73525387588
 39199.84026562467
 39500.75278183714
 39836.41190957038


# name: QUERY
# type: sq_string
# elements: 1
# length: 2
R5


# name: DATASIZE
# type: sq_string
# elements: 1
# length: 4
1000


