# Created by Octave 4.0.0, Mon May 23 13:50:02 2016 CEST <peter@Independence>
# name: x
# type: matrix
# rows: 1
# columns: 100
 60 60.60606060606061 61.21212121212122 61.81818181818183 62.42424242424243 63.03030303030303 63.63636363636364 64.24242424242425 64.84848484848484 65.45454545454545 66.06060606060606 66.66666666666667 67.27272727272728 67.87878787878788 68.48484848484848 69.09090909090909 69.6969696969697 70.30303030303031 70.90909090909091 71.51515151515152 72.12121212121212 72.72727272727273 73.33333333333334 73.93939393939394 74.54545454545455 75.15151515151516 75.75757575757576 76.36363636363636 76.96969696969697 77.57575757575758 78.18181818181819 78.7878787878788 79.39393939393941 80 80.60606060606061 81.21212121212122 81.81818181818183 82.42424242424244 83.03030303030303 83.63636363636364 84.24242424242425 84.84848484848484 85.45454545454547 86.06060606060606 86.66666666666667 87.27272727272728 87.87878787878788 88.48484848484848 89.09090909090909 89.6969696969697 90.30303030303031 90.90909090909091 91.51515151515152 92.12121212121212 92.72727272727273 93.33333333333334 93.93939393939395 94.54545454545455 95.15151515151516 95.75757575757576 96.36363636363637 96.96969696969698 97.57575757575758 98.18181818181819 98.7878787878788 99.39393939393941 100 100.6060606060606 101.2121212121212 101.8181818181818 102.4242424242424 103.030303030303 103.6363636363636 104.2424242424242 104.8484848484849 105.4545454545455 106.0606060606061 106.6666666666667 107.2727272727273 107.8787878787879 108.4848484848485 109.0909090909091 109.6969696969697 110.3030303030303 110.9090909090909 111.5151515151515 112.1212121212121 112.7272727272727 113.3333333333333 113.9393939393939 114.5454545454545 115.1515151515152 115.7575757575758 116.3636363636364 116.969696969697 117.5757575757576 118.1818181818182 118.7878787878788 119.3939393939394 120


# name: y
# type: matrix
# rows: 100
# columns: 1
 40243.55597156667
 40090.6453078137
 39940.68943949549
 39793.68836661238
 39649.64208916388
 39508.55060715057
 39370.41392057158
 39235.23202942769
 39103.00493371866
 38973.73263344455
 38847.41512860521
 38724.05241920059
 38603.64450523091
 38486.19138669607
 38371.69306359611
 38260.14953593076
 38151.56080370053
 38045.92686690507
 37943.2477255444
 37843.52337961852
 37746.75382912752
 37652.93907407139
 37562.07911445013
 37474.17395026366
 37389.22358151204
 37307.22800819528
 37228.18723031325
 37152.10124786617
 37078.97006085394
 37008.79366927648
 36941.5720731339
 36877.30527242616
 36815.99326715327
 36757.63605731517
 36702.23364291193
 36649.78602394355
 36600.29320041
 36553.75517231128
 36510.17193964739
 36469.54350241836
 36431.86986062416
 36397.1510142648
 36365.38696334027
 36336.57770785059
 36310.72324779575
 36287.82358317575
 36267.87871399058
 36250.88864024026
 36236.85336192478
 36225.77287904413
 36217.64719159832
 36212.47629958735
 36210.26020301122
 36210.99890186993
 36214.69239616348
 36221.34068589187
 36230.94377105509
 36243.50165165316
 36259.01432768607
 36277.48179915381
 36298.90406605639
 36323.28112839381
 36350.61298616608
 36380.89963937318
 36414.14108801513
 36450.33733209189
 36489.48837160353
 36531.59420654998
 36576.65483693125
 36624.67026274739
 36675.64048399839
 36729.56550068418
 36786.44531280486
 36846.27992036035
 36909.06932335064
 36974.81352177588
 37043.51251563584
 37115.1663049307
 37189.77488966042
 37267.3382698249
 37347.85644542433
 37431.32941645857
 37517.75718292748
 37607.13974483144
 37699.4771021701
 37794.7692549437
 37893.01620315217
 37994.2179467954
 38098.37448587337
 38205.4858203862
 38315.55195033407
 38428.57287571668
 38544.5485965342
 38663.47911278652
 38785.36442447361
 38910.2045315955
 39037.9994341522
 39168.749132144
 39302.4536255705
 39439.11291443173


# name: QUERY
# type: sq_string
# elements: 1
# length: 2
R5


# name: DATASIZE
# type: sq_string
# elements: 1
# length: 4
1000


