# Created by Octave 4.0.0, Mon May 23 13:50:02 2016 CEST <peter@Independence>
# name: x
# type: matrix
# rows: 1
# columns: 100
 60 60.60606060606061 61.21212121212122 61.81818181818183 62.42424242424243 63.03030303030303 63.63636363636364 64.24242424242425 64.84848484848484 65.45454545454545 66.06060606060606 66.66666666666667 67.27272727272728 67.87878787878788 68.48484848484848 69.09090909090909 69.6969696969697 70.30303030303031 70.90909090909091 71.51515151515152 72.12121212121212 72.72727272727273 73.33333333333334 73.93939393939394 74.54545454545455 75.15151515151516 75.75757575757576 76.36363636363636 76.96969696969697 77.57575757575758 78.18181818181819 78.7878787878788 79.39393939393941 80 80.60606060606061 81.21212121212122 81.81818181818183 82.42424242424244 83.03030303030303 83.63636363636364 84.24242424242425 84.84848484848484 85.45454545454547 86.06060606060606 86.66666666666667 87.27272727272728 87.87878787878788 88.48484848484848 89.09090909090909 89.6969696969697 90.30303030303031 90.90909090909091 91.51515151515152 92.12121212121212 92.72727272727273 93.33333333333334 93.93939393939395 94.54545454545455 95.15151515151516 95.75757575757576 96.36363636363637 96.96969696969698 97.57575757575758 98.18181818181819 98.7878787878788 99.39393939393941 100 100.6060606060606 101.2121212121212 101.8181818181818 102.4242424242424 103.030303030303 103.6363636363636 104.2424242424242 104.8484848484849 105.4545454545455 106.0606060606061 106.6666666666667 107.2727272727273 107.8787878787879 108.4848484848485 109.0909090909091 109.6969696969697 110.3030303030303 110.9090909090909 111.5151515151515 112.1212121212121 112.7272727272727 113.3333333333333 113.9393939393939 114.5454545454545 115.1515151515152 115.7575757575758 116.3636363636364 116.969696969697 117.5757575757576 118.1818181818182 118.7878787878788 119.3939393939394 120


# name: y
# type: matrix
# rows: 100
# columns: 1
 43790.92416588443
 43543.10712471778
 43304.77472266354
 43075.74189359268
 42855.8235713762
 42644.83468988507
 42442.59018299026
 42248.90498456275
 42063.59402847351
 41886.47224859353
 41717.35457879378
 41556.05595294524
 41402.3913049189
 41256.17556858571
 41117.22367781667
 40985.35056648275
 40860.37116845491
 40742.10041760416
 40630.35324780145
 40524.94459291777
 40425.6893868241
 40332.40256339141
 40244.89905649069
 40162.9937999929
 40086.50172776901
 40015.23777369003
 39949.01687162691
 39887.65395545064
 39830.96395903219
 39778.76181624254
 39730.86246095267
 39687.08082703356
 39647.23184835618
 39611.13045879151
 39578.59159221053
 39549.43018248421
 39523.46116348353
 39500.49946907948
 39480.36003314301
 39462.85778954512
 39447.80767215679
 39435.02461484898
 39424.32355149268
 39415.51941595886
 39408.4271421185
 39402.86166384257
 39398.63791500207
 39395.57082946795
 39393.4753411112
 39392.1663838028
 39391.45889141373
 39391.16779781495
 39391.10803687746
 39391.09454247222
 39390.94224847021
 39390.46608874241
 39389.4809971598
 39387.80190759336
 39385.24375391404
 39381.62146999286
 39376.74998970078
 39370.44424690877
 39362.5191754878
 39352.78970930887
 39341.07078224294
 39327.17732816099
 39310.92428093401
 39292.12657443296
 39270.59914252883
 39246.15691909259
 39218.61483799522
 39187.7878331077
 39153.490838301
 39115.5387874461
 39073.74661441398
 39027.92925307562
 38977.90163730199
 38923.47870096407
 38864.47537793284
 38800.70660207927
 38731.98730727435
 38658.13242738904
 38578.95689629434
 38494.27564786121
 38403.90361596063
 38307.65573446357
 38205.34693724103
 38096.79215816396
 37981.80633110335
 37860.20438993019
 37731.80126851544
 37596.41190073008
 37453.8512204451
 37303.93416153146
 37146.47565786014
 36981.29064330213
 36808.19405172839
 36627.00081700992
 36437.52587301767
 36239.58415362264


# name: QUERY
# type: sq_string
# elements: 1
# length: 2
R5


# name: DATASIZE
# type: sq_string
# elements: 1
# length: 4
1000


