# Created by Octave 4.0.0, Thu May 19 00:18:30 2016 CEST <peter@Independence>
# name: x
# type: matrix
# rows: 1
# columns: 100
 60 60.60606060606061 61.21212121212122 61.81818181818183 62.42424242424243 63.03030303030303 63.63636363636364 64.24242424242425 64.84848484848484 65.45454545454545 66.06060606060606 66.66666666666667 67.27272727272728 67.87878787878788 68.48484848484848 69.09090909090909 69.6969696969697 70.30303030303031 70.90909090909091 71.51515151515152 72.12121212121212 72.72727272727273 73.33333333333334 73.93939393939394 74.54545454545455 75.15151515151516 75.75757575757576 76.36363636363636 76.96969696969697 77.57575757575758 78.18181818181819 78.7878787878788 79.39393939393941 80 80.60606060606061 81.21212121212122 81.81818181818183 82.42424242424244 83.03030303030303 83.63636363636364 84.24242424242425 84.84848484848484 85.45454545454547 86.06060606060606 86.66666666666667 87.27272727272728 87.87878787878788 88.48484848484848 89.09090909090909 89.6969696969697 90.30303030303031 90.90909090909091 91.51515151515152 92.12121212121212 92.72727272727273 93.33333333333334 93.93939393939395 94.54545454545455 95.15151515151516 95.75757575757576 96.36363636363637 96.96969696969698 97.57575757575758 98.18181818181819 98.7878787878788 99.39393939393941 100 100.6060606060606 101.2121212121212 101.8181818181818 102.4242424242424 103.030303030303 103.6363636363636 104.2424242424242 104.8484848484849 105.4545454545455 106.0606060606061 106.6666666666667 107.2727272727273 107.8787878787879 108.4848484848485 109.0909090909091 109.6969696969697 110.3030303030303 110.9090909090909 111.5151515151515 112.1212121212121 112.7272727272727 113.3333333333333 113.9393939393939 114.5454545454545 115.1515151515152 115.7575757575758 116.3636363636364 116.969696969697 117.5757575757576 118.1818181818182 118.7878787878788 119.3939393939394 120


# name: y
# type: matrix
# rows: 100
# columns: 1
 40566.6681350348
 40427.86981193447
 40291.75358203414
 40158.31944533383
 40027.56740183351
 39899.49745153321
 39774.10959443291
 39651.40383053262
 39531.38015983233
 39414.03858233205
 39299.37909803178
 39187.40170693152
 39078.10640903125
 38971.493204331
 38867.56209283075
 38766.3130745305
 38667.74614943027
 38571.86131753005
 38478.65857882983
 38388.13793332961
 38300.2993810294
 38215.1429219292
 38132.668556029
 38052.87628332881
 37975.76610382862
 37901.33801752845
 37829.59202442828
 37760.52812452811
 37694.14631782795
 37630.4466043278
 37569.42898402765
 37511.09345692752
 37455.44002302738
 37402.46868232726
 37352.17943482714
 37304.57228052702
 37259.64721942692
 37217.40425152682
 37177.84337682672
 37140.96459532663
 37106.76790702655
 37075.25331192648
 37046.42081002641
 37020.27040132634
 36996.80208582629
 36976.01586352624
 36957.9117344262
 36942.48969852616
 36929.74975582613
 36919.69190632611
 36912.31615002609
 36907.62248692608
 36905.61091702608
 36906.28144032607
 36909.63405682608
 36915.6687665261
 36924.38556942611
 36935.78446552614
 36949.86545482618
 36966.62853732621
 36986.07371302626
 37008.20098192632
 37033.01034402638
 37060.50179932644
 37090.67534782652
 37123.53098952659
 37159.06872442667
 37197.28855252677
 37238.19047382686
 37281.77448832697
 37328.04059602708
 37376.98879692719
 37428.61909102732
 37482.93147832745
 37539.92595882758
 37599.60253252773
 37661.96119942787
 37727.00195952803
 37794.72481282819
 37865.12975932836
 37938.21679902854
 38013.98593192872
 38092.4371580289
 38173.57047732909
 38257.3858898293
 38343.8833955295
 38433.06299442971
 38524.92468652994
 38619.46847183016
 38716.69435033038
 38816.60232203063
 38919.19238693087
 39024.46454503113
 39132.41879633139
 39243.05514083165
 39356.37357853191
 39472.37410943219
 39591.05673353247
 39712.42145083277
 39836.46826133306


# name: QUERY
# type: sq_string
# elements: 1
# length: 2
R5


# name: DATASIZE
# type: sq_string
# elements: 1
# length: 4
1000


