# Created by Octave 4.0.0, Thu May 19 00:18:30 2016 CEST <peter@Independence>
# name: x
# type: matrix
# rows: 1
# columns: 100
 60 60.60606060606061 61.21212121212122 61.81818181818183 62.42424242424243 63.03030303030303 63.63636363636364 64.24242424242425 64.84848484848484 65.45454545454545 66.06060606060606 66.66666666666667 67.27272727272728 67.87878787878788 68.48484848484848 69.09090909090909 69.6969696969697 70.30303030303031 70.90909090909091 71.51515151515152 72.12121212121212 72.72727272727273 73.33333333333334 73.93939393939394 74.54545454545455 75.15151515151516 75.75757575757576 76.36363636363636 76.96969696969697 77.57575757575758 78.18181818181819 78.7878787878788 79.39393939393941 80 80.60606060606061 81.21212121212122 81.81818181818183 82.42424242424244 83.03030303030303 83.63636363636364 84.24242424242425 84.84848484848484 85.45454545454547 86.06060606060606 86.66666666666667 87.27272727272728 87.87878787878788 88.48484848484848 89.09090909090909 89.6969696969697 90.30303030303031 90.90909090909091 91.51515151515152 92.12121212121212 92.72727272727273 93.33333333333334 93.93939393939395 94.54545454545455 95.15151515151516 95.75757575757576 96.36363636363637 96.96969696969698 97.57575757575758 98.18181818181819 98.7878787878788 99.39393939393941 100 100.6060606060606 101.2121212121212 101.8181818181818 102.4242424242424 103.030303030303 103.6363636363636 104.2424242424242 104.8484848484849 105.4545454545455 106.0606060606061 106.6666666666667 107.2727272727273 107.8787878787879 108.4848484848485 109.0909090909091 109.6969696969697 110.3030303030303 110.9090909090909 111.5151515151515 112.1212121212121 112.7272727272727 113.3333333333333 113.9393939393939 114.5454545454545 115.1515151515152 115.7575757575758 116.3636363636364 116.969696969697 117.5757575757576 118.1818181818182 118.7878787878788 119.3939393939394 120


# name: y
# type: matrix
# rows: 100
# columns: 1
 42334.49542668195
 42136.70474110912
 41946.48404855866
 41763.68564184965
 41588.16181380115
 41419.76485723227
 41258.34706496203
 41103.76072980955
 40955.85814459388
 40814.49160213413
 40679.51339524933
 40550.77581675859
 40428.13115948097
 40311.43171623555
 40200.52977984141
 40095.27764311762
 39995.52759888326
 39901.1319399574
 39811.94295915912
 39727.81294930749
 39648.59420322159
 39574.13901372051
 39504.2996736233
 39438.92847574905
 39377.87771291684
 39320.99967794574
 39268.14666365481
 39219.17096286316
 39173.92486838983
 39132.26067305393
 39094.0306696745
 39059.08715107065
 39027.28241006143
 38998.46873946593
 38972.49843210322
 38949.22378079238
 38928.49707835248
 38910.1706176026
 38894.09669136182
 38880.1275924492
 38868.11561368383
 38857.91304788478
 38849.37218787113
 38842.34532646195
 38836.68475647633
 38832.24277073333
 38828.87166205202
 38826.42372325149
 38824.75124715082
 38823.70652656908
 38823.14185432534
 38822.90952323868
 38822.86182612817
 38822.85105581289
 38822.72950511192
 38822.34946684434
 38821.56323382921
 38820.22309888562
 38818.18135483263
 38815.29029448934
 38811.40221067479
 38806.36939620809
 38800.04414390831
 38792.27874659451
 38782.92549708578
 38771.83668820118
 38758.86461275981
 38743.86156358072
 38726.67983348301
 38707.17171528573
 38685.18950180797
 38660.58548586882
 38633.21196028733
 38602.92121788258
 38569.56555147366
 38532.99725387964
 38493.06861791959
 38449.63193641259
 38402.53950217771
 38351.64360803404
 38296.79654680064
 38237.8506112966
 38174.65809434099
 38107.07128875288
 38034.94248735134
 37958.12398295547
 37876.46806838432
 37789.82703645698
 37698.05317999253
 37600.99879181005
 37498.51616472857
 37390.45759156722
 37276.67536514506
 37157.02177828115
 37031.34912379459
 36899.50969450444
 36761.35578322977
 36616.73968278967
 36465.51368600322
 36307.53008568948


# name: QUERY
# type: sq_string
# elements: 1
# length: 2
R5


# name: DATASIZE
# type: sq_string
# elements: 1
# length: 4
1000


