# Created by Octave 4.0.0, Thu May 19 00:18:30 2016 CEST <peter@Independence>
# name: x
# type: matrix
# rows: 1
# columns: 100
 60 60.60606060606061 61.21212121212122 61.81818181818183 62.42424242424243 63.03030303030303 63.63636363636364 64.24242424242425 64.84848484848484 65.45454545454545 66.06060606060606 66.66666666666667 67.27272727272728 67.87878787878788 68.48484848484848 69.09090909090909 69.6969696969697 70.30303030303031 70.90909090909091 71.51515151515152 72.12121212121212 72.72727272727273 73.33333333333334 73.93939393939394 74.54545454545455 75.15151515151516 75.75757575757576 76.36363636363636 76.96969696969697 77.57575757575758 78.18181818181819 78.7878787878788 79.39393939393941 80 80.60606060606061 81.21212121212122 81.81818181818183 82.42424242424244 83.03030303030303 83.63636363636364 84.24242424242425 84.84848484848484 85.45454545454547 86.06060606060606 86.66666666666667 87.27272727272728 87.87878787878788 88.48484848484848 89.09090909090909 89.6969696969697 90.30303030303031 90.90909090909091 91.51515151515152 92.12121212121212 92.72727272727273 93.33333333333334 93.93939393939395 94.54545454545455 95.15151515151516 95.75757575757576 96.36363636363637 96.96969696969698 97.57575757575758 98.18181818181819 98.7878787878788 99.39393939393941 100 100.6060606060606 101.2121212121212 101.8181818181818 102.4242424242424 103.030303030303 103.6363636363636 104.2424242424242 104.8484848484849 105.4545454545455 106.0606060606061 106.6666666666667 107.2727272727273 107.8787878787879 108.4848484848485 109.0909090909091 109.6969696969697 110.3030303030303 110.9090909090909 111.5151515151515 112.1212121212121 112.7272727272727 113.3333333333333 113.9393939393939 114.5454545454545 115.1515151515152 115.7575757575758 116.3636363636364 116.969696969697 117.5757575757576 118.1818181818182 118.7878787878788 119.3939393939394 120


# name: y
# type: matrix
# rows: 100
# columns: 1
 41392.96731242329
 41070.56072653054
 40766.48441027616
 40480.03005981533
 40210.50332802899
 39957.22382452437
 39719.5251156345
 39496.75472441853
 39288.27413066161
 39093.45877087487
 38911.69803829541
 38742.39528288641
 38584.96781133703
 38438.84688706243
 38303.47773020383
 38178.31951762833
 38062.8453829292
 37956.5424164256
 37858.91166516275
 37769.46813291187
 37687.74078017017
 37613.27252416091
 37545.62023883332
 37484.35475486263
 37429.06085965012
 37379.33729732305
 37334.79676873469
 37295.06593146433
 37259.78539981725
 37228.60974482475
 37201.20749424415
 37177.26113255875
 37156.46710097788
 37138.53579743687
 37123.19157659705
 37110.17274984578
 37099.23158529641
 37090.1343077883
 37082.66109888683
 37076.60609688337
 37071.77739679532
 37067.99705036607
 37065.10106606501
 37062.93940908759
 37061.37600135519
 37060.28872151525
 37059.56940494123
 37059.12384373254
 37058.87178671466
 37058.74693943904
 37058.69696418315
 37058.68347995047
 37058.68206247049
 37058.6822441987
 37058.68751431659
 37058.71531873168
 37058.79706007749
 37058.97809771355
 37059.31774772539
 37059.88928292455
 37060.77993284859
 37062.09088376106
 37063.93727865152
 37066.44821723557
 37069.76675595477
 37074.04990797673
 37079.46864319502
 37086.20788822929
 37094.46652642512
 37104.45739785416
 37116.40729931403
 37130.55698432837
 37147.16116314682
 37166.48850274506
 37188.82162682473
 37214.45711581353
 37243.70550686511
 37276.89129385919
 37314.35292740144
 37356.44281482359
 37403.52732018334
 37455.98676426442
 37514.21542457653
 37578.62153535547
 37649.62728756293
 37727.66882888669
 37813.19626374051
 37906.67365326416
 38008.57901532339
 38119.40432451002
 38239.65551214188
 38369.8524662627
 38510.52903164234
 38662.2330097766
 38825.52615888731
 39000.9841939223
 39189.1967865554
 39390.76756518654
 39606.3141149415
 39836.46797767215


# name: QUERY
# type: sq_string
# elements: 1
# length: 2
R5


# name: DATASIZE
# type: sq_string
# elements: 1
# length: 4
1000


