# Created by Octave 4.0.0, Mon May 23 13:50:02 2016 CEST <peter@Independence>
# name: x
# type: matrix
# rows: 1
# columns: 100
 60 60.60606060606061 61.21212121212122 61.81818181818183 62.42424242424243 63.03030303030303 63.63636363636364 64.24242424242425 64.84848484848484 65.45454545454545 66.06060606060606 66.66666666666667 67.27272727272728 67.87878787878788 68.48484848484848 69.09090909090909 69.6969696969697 70.30303030303031 70.90909090909091 71.51515151515152 72.12121212121212 72.72727272727273 73.33333333333334 73.93939393939394 74.54545454545455 75.15151515151516 75.75757575757576 76.36363636363636 76.96969696969697 77.57575757575758 78.18181818181819 78.7878787878788 79.39393939393941 80 80.60606060606061 81.21212121212122 81.81818181818183 82.42424242424244 83.03030303030303 83.63636363636364 84.24242424242425 84.84848484848484 85.45454545454547 86.06060606060606 86.66666666666667 87.27272727272728 87.87878787878788 88.48484848484848 89.09090909090909 89.6969696969697 90.30303030303031 90.90909090909091 91.51515151515152 92.12121212121212 92.72727272727273 93.33333333333334 93.93939393939395 94.54545454545455 95.15151515151516 95.75757575757576 96.36363636363637 96.96969696969698 97.57575757575758 98.18181818181819 98.7878787878788 99.39393939393941 100 100.6060606060606 101.2121212121212 101.8181818181818 102.4242424242424 103.030303030303 103.6363636363636 104.2424242424242 104.8484848484849 105.4545454545455 106.0606060606061 106.6666666666667 107.2727272727273 107.8787878787879 108.4848484848485 109.0909090909091 109.6969696969697 110.3030303030303 110.9090909090909 111.5151515151515 112.1212121212121 112.7272727272727 113.3333333333333 113.9393939393939 114.5454545454545 115.1515151515152 115.7575757575758 116.3636363636364 116.969696969697 117.5757575757576 118.1818181818182 118.7878787878788 119.3939393939394 120


# name: y
# type: matrix
# rows: 100
# columns: 1
 41158.42812152333
 40815.10861830014
 40491.30837845912
 40186.27315399553
 39899.26355893397
 39629.55506932901
 39376.43802326467
 39139.2176208547
 38917.21392424248
 38709.76185760114
 38516.2112071333
 38335.92662107127
 38168.28760967714
 38012.68854524253
 37868.53866208877
 37735.26205656677
 37612.29768705721
 37499.0993739703
 37395.13579974599
 37299.89050885383
 37212.86190779306
 37133.56326509255
 37061.52271131085
 36996.2832390361
 36937.40270288617
 36884.45381950853
 36837.02416758032
 36794.71618780834
 36757.14718292904
 36723.9493177085
 36694.76961894248
 36669.26997545639
 36647.12713810527
 36628.03271977384
 36611.69319537645
 36597.82990185712
 36586.17903818952
 36576.49166537696
 36568.53370645242
 36562.08594647852
 36556.94403254753
 36552.91847378138
 36549.83464133167
 36547.53276837961
 36545.8679501361
 36544.71014384168
 36543.94416876654
 36543.46970621052
 36543.20129950312
 36543.0683540035
 36543.01513710044
 36543.00077821242
 36542.99926878753
 36542.99946230354
 36543.00507426786
 36543.03468221756
 36543.12172571936
 36543.31450636961
 36543.67618779436
 36544.28479564928
 36545.23321761969
 36546.62920342058
 36548.59536479657
 36551.26917552196
 36554.8029714007
 36559.36395026636
 36565.13417198219
 36572.3105584411
 36581.10489356562
 36591.74382330797
 36604.46885565
 36619.5363606032
 36637.21757020876
 36657.79857853748
 36681.58034168982
 36708.87867779591
 36740.02426701551
 36775.36265153805
 36815.25423558259
 36860.0742853979
 36910.21292926231
 36966.07515748389
 37028.0808224003
 37096.66463837891
 37172.27618181669
 37255.37989114029
 37346.45506680601
 37445.99587129981
 37554.51132913723
 37672.5253268636
 37800.57661305383
 37939.21879831242
 38089.02035527365
 38250.56461860134
 38424.449784989
 38611.28891315982
 38811.70992386661
 39026.35559989188
 39255.88358604776
 39500.96638917596


# name: QUERY
# type: sq_string
# elements: 1
# length: 2
R5


# name: DATASIZE
# type: sq_string
# elements: 1
# length: 4
1000


