# Created by Octave 4.0.0, Mon May 23 13:50:02 2016 CEST <peter@Independence>
# name: x
# type: matrix
# rows: 1
# columns: 100
 60 60.60606060606061 61.21212121212122 61.81818181818183 62.42424242424243 63.03030303030303 63.63636363636364 64.24242424242425 64.84848484848484 65.45454545454545 66.06060606060606 66.66666666666667 67.27272727272728 67.87878787878788 68.48484848484848 69.09090909090909 69.6969696969697 70.30303030303031 70.90909090909091 71.51515151515152 72.12121212121212 72.72727272727273 73.33333333333334 73.93939393939394 74.54545454545455 75.15151515151516 75.75757575757576 76.36363636363636 76.96969696969697 77.57575757575758 78.18181818181819 78.7878787878788 79.39393939393941 80 80.60606060606061 81.21212121212122 81.81818181818183 82.42424242424244 83.03030303030303 83.63636363636364 84.24242424242425 84.84848484848484 85.45454545454547 86.06060606060606 86.66666666666667 87.27272727272728 87.87878787878788 88.48484848484848 89.09090909090909 89.6969696969697 90.30303030303031 90.90909090909091 91.51515151515152 92.12121212121212 92.72727272727273 93.33333333333334 93.93939393939395 94.54545454545455 95.15151515151516 95.75757575757576 96.36363636363637 96.96969696969698 97.57575757575758 98.18181818181819 98.7878787878788 99.39393939393941 100 100.6060606060606 101.2121212121212 101.8181818181818 102.4242424242424 103.030303030303 103.6363636363636 104.2424242424242 104.8484848484849 105.4545454545455 106.0606060606061 106.6666666666667 107.2727272727273 107.8787878787879 108.4848484848485 109.0909090909091 109.6969696969697 110.3030303030303 110.9090909090909 111.5151515151515 112.1212121212121 112.7272727272727 113.3333333333333 113.9393939393939 114.5454545454545 115.1515151515152 115.7575757575758 116.3636363636364 116.969696969697 117.5757575757576 118.1818181818182 118.7878787878788 119.3939393939394 120


# name: y
# type: matrix
# rows: 100
# columns: 1
 41426.2951865669
 40899.68192309445
 40422.01449028605
 39989.58378011109
 39598.8956088682
 39246.66224925064
 38929.79413255696
 38645.39172116001
 38390.73755116587
 38163.2884452888
 37960.66789592593
 37780.6586184643
 37621.19527477865
 37480.35736694482
 37356.36230116968
 37247.5586219213
 37152.41941628268
 37069.53588849979
 36997.61110475507
 36935.45390814233
 36881.97300385426
 36836.17121458233
 36797.13990612341
 36764.05358320016
 36736.1646554914
 36712.79837386984
 36693.34793685443
 36677.26976727039
 36664.07895912022
 36653.34489466588
 36644.68703172058
 36637.77086115134
 36632.30403459186
 36628.03266236594
 36624.7377816212
 36622.2319946732
 36620.35627756018
 36618.97695880795
 36617.98286840543
 36617.28265699046
 36616.80228524611
 36616.4826835074
 36616.27758157839
 36616.15150875979
 36616.07796408689
 36616.03775677796
 36616.01751689305
 36616.00837620327
 36616.00481927043
 36616.00370473708
 36616.00345682706
 36616.0034270564
 36616.00342615465
 36616.00342619666
 36616.00343294478
 36616.00352840141
 36616.00408357208
 36616.00614143888
 36616.01197014433
 36616.02578638564
 36616.05464901949
 36616.10952287709
 36616.20651278977
 36616.36826782496
 36616.62555573256
 36617.0190076018
 36617.6010327284
 36618.43790369233
 36619.6120116458
 36621.22429181184
 36623.39681919314
 36626.27557449147
 36630.0333802374
 36634.87300713052
 36641.03045058997
 36648.77837751564
 36658.42974325933
 36670.34157880699
 36684.91894817063
 36702.61907599143
 36723.95564535247
 36749.50326580279
 36779.90211159005
 36815.86273010787
 36858.17102054673
 36907.69338276248
 36965.38203635007
 37032.28050993075
 37109.52930064651
 37198.37170387151
 37300.15981312519
 37416.36069019965
 37548.5627055021
 37698.48204859909
 37867.96940897896
 38059.01682701723
 38273.76471516131
 38514.50904931962
 38783.70873045765
 39083.99311641129


# name: QUERY
# type: sq_string
# elements: 1
# length: 2
R5


# name: DATASIZE
# type: sq_string
# elements: 1
# length: 4
1000


