# Created by Octave 3.8.2, Mon May 23 10:01:07 2016 CEST <Andrea@Andreas-MacBook-Pro.local>
# name: x
# type: matrix
# rows: 1
# columns: 100
 0.05 0.05075757575757577 0.05151515151515151 0.05227272727272728 0.05303030303030304 0.05378787878787879 0.05454545454545455 0.05530303030303031 0.05606060606060606 0.05681818181818182 0.05757575757575758 0.05833333333333333 0.0590909090909091 0.05984848484848485 0.06060606060606061 0.06136363636363637 0.06212121212121213 0.06287878787878788 0.06363636363636364 0.06439393939393939 0.06515151515151515 0.06590909090909092 0.06666666666666667 0.06742424242424243 0.06818181818181818 0.06893939393939394 0.0696969696969697 0.07045454545454546 0.07121212121212121 0.07196969696969698 0.07272727272727272 0.07348484848484849 0.07424242424242425 0.075 0.07575757575757576 0.07651515151515152 0.07727272727272727 0.07803030303030303 0.0787878787878788 0.07954545454545454 0.08030303030303031 0.08106060606060606 0.08181818181818182 0.08257575757575758 0.08333333333333334 0.08409090909090909 0.08484848484848485 0.0856060606060606 0.08636363636363636 0.08712121212121213 0.08787878787878789 0.08863636363636364 0.08939393939393939 0.09015151515151515 0.09090909090909091 0.09166666666666667 0.09242424242424244 0.09318181818181819 0.09393939393939393 0.0946969696969697 0.09545454545454546 0.09621212121212122 0.09696969696969697 0.09772727272727273 0.09848484848484848 0.09924242424242424 0.1 0.1007575757575758 0.1015151515151515 0.1022727272727273 0.103030303030303 0.1037878787878788 0.1045454545454545 0.1053030303030303 0.1060606060606061 0.1068181818181818 0.1075757575757576 0.1083333333333333 0.1090909090909091 0.1098484848484848 0.1106060606060606 0.1113636363636364 0.1121212121212121 0.1128787878787879 0.1136363636363636 0.1143939393939394 0.1151515151515151 0.1159090909090909 0.1166666666666667 0.1174242424242424 0.1181818181818182 0.1189393939393939 0.1196969696969697 0.1204545454545455 0.1212121212121212 0.121969696969697 0.1227272727272727 0.1234848484848485 0.1242424242424242 0.125


# name: y
# type: matrix
# rows: 100
# columns: 1
 229307.1451965139
 229475.7202162798
 229648.0585399868
 229824.1331827729
 230003.9158559419
 230187.3769729932
 230374.4856563049
 230565.209744468
 230759.5158002701
 230957.3691193286
 231158.7337393683
 231363.5724501432
 231571.8468039982
 231783.5171270665
 231998.5425311004
 232216.8809259296
 232438.4890325425
 232663.3223967864
 232891.3354036782
 233122.4812923235
 233356.7121714333
 233593.9790354347
 233834.2317811667
 234077.4192251533
 234323.4891214471
 234572.388180033
 234824.0620857849
 235078.4555179652
 235335.5121702567
 235595.1747713197
 235857.3851058598
 236122.0840361997
 236389.2115243412
 236658.7066545067
 236930.5076561498
 237204.5519274203
 237480.7760590735
 237759.1158588102
 238039.5063760343
 238321.8819270149
 238606.176120439
 238892.3218833413
 239180.2514873974
 239469.8965755645
 239761.1881890567
 240054.0567946389
 240348.4323122251
 240644.2441427643
 240941.4211964009
 241239.8919208914
 241539.5843302631
 241840.4260336983
 242142.3442646281
 242445.2659100183
 242749.117539833
 243053.8254366573
 243359.3156254634
 243665.5139035031
 243972.3458703103
 244279.7369577952
 244587.6124604145
 244895.8975654005
 245204.5173830308
 245513.3969769228
 245822.4613943346
 246131.6356964571
 246440.8449886776
 246750.0144507999
 247059.0693672028
 247367.9351569205
 247676.5374036274
 247984.8018855112
 248292.6546050163
 248600.0218184423
 248906.8300653801
 249213.0061979694
 249518.4774099608
 249823.1712655672
 250127.0157280885
 250429.9391882922
 250731.8704925363
 251032.7389706181
 251332.4744633327
 251631.0073497288
 251928.2685740434
 252224.1896723044
 252518.7027985837
 252811.7407508894
 253103.2369966804
 253393.1256979934
 253681.3417361652
 253967.8207361405
 254252.4990903504
 254535.313982151
 254816.203408808
 255095.1062040177
 255371.9620599519
 255646.7115488151
 255919.2961439052
 256189.6582401652


# name: QUERY
# type: sq_string
# elements: 1
# length: 2
Q2


# name: DATASIZE
# type: sq_string
# elements: 1
# length: 2
40


