# Created by Octave 3.8.2, Mon May 23 10:01:07 2016 CEST <Andrea@Andreas-MacBook-Pro.local>
# name: x
# type: matrix
# rows: 1
# columns: 100
 0.05 0.05075757575757577 0.05151515151515151 0.05227272727272728 0.05303030303030304 0.05378787878787879 0.05454545454545455 0.05530303030303031 0.05606060606060606 0.05681818181818182 0.05757575757575758 0.05833333333333333 0.0590909090909091 0.05984848484848485 0.06060606060606061 0.06136363636363637 0.06212121212121213 0.06287878787878788 0.06363636363636364 0.06439393939393939 0.06515151515151515 0.06590909090909092 0.06666666666666667 0.06742424242424243 0.06818181818181818 0.06893939393939394 0.0696969696969697 0.07045454545454546 0.07121212121212121 0.07196969696969698 0.07272727272727272 0.07348484848484849 0.07424242424242425 0.075 0.07575757575757576 0.07651515151515152 0.07727272727272727 0.07803030303030303 0.0787878787878788 0.07954545454545454 0.08030303030303031 0.08106060606060606 0.08181818181818182 0.08257575757575758 0.08333333333333334 0.08409090909090909 0.08484848484848485 0.0856060606060606 0.08636363636363636 0.08712121212121213 0.08787878787878789 0.08863636363636364 0.08939393939393939 0.09015151515151515 0.09090909090909091 0.09166666666666667 0.09242424242424244 0.09318181818181819 0.09393939393939393 0.0946969696969697 0.09545454545454546 0.09621212121212122 0.09696969696969697 0.09772727272727273 0.09848484848484848 0.09924242424242424 0.1 0.1007575757575758 0.1015151515151515 0.1022727272727273 0.103030303030303 0.1037878787878788 0.1045454545454545 0.1053030303030303 0.1060606060606061 0.1068181818181818 0.1075757575757576 0.1083333333333333 0.1090909090909091 0.1098484848484848 0.1106060606060606 0.1113636363636364 0.1121212121212121 0.1128787878787879 0.1136363636363636 0.1143939393939394 0.1151515151515151 0.1159090909090909 0.1166666666666667 0.1174242424242424 0.1181818181818182 0.1189393939393939 0.1196969696969697 0.1204545454545455 0.1212121212121212 0.121969696969697 0.1227272727272727 0.1234848484848485 0.1242424242424242 0.125


# name: y
# type: matrix
# rows: 100
# columns: 1
 226645.862016655
 227153.2688735209
 227660.6757303868
 228168.0825872528
 228675.4894441187
 229182.8963009846
 229690.3031578506
 230197.7100147165
 230705.1168715825
 231212.5237284484
 231719.9305853143
 232227.3374421803
 232734.7442990462
 233242.1511559121
 233749.5580127781
 234256.9648696441
 234764.3717265099
 235271.7785833759
 235779.1854402419
 236286.5922971078
 236793.9991539738
 237301.4060108397
 237808.8128677056
 238316.2197245716
 238823.6265814375
 239331.0334383034
 239838.4402951694
 240345.8471520353
 240853.2540089012
 241360.6608657672
 241868.0677226331
 242375.4745794991
 242882.881436365
 243390.288293231
 243897.6951500969
 244405.1020069628
 244912.5088638288
 245419.9157206947
 245927.3225775607
 246434.7294344266
 246942.1362912925
 247449.5431481585
 247956.9500050244
 248464.3568618904
 248971.7637187563
 249479.1705756222
 249986.5774324882
 250493.9842893541
 251001.3911462201
 251508.798003086
 252016.2048599519
 252523.6117168179
 253031.0185736838
 253538.4254305497
 254045.8322874157
 254553.2391442817
 255060.6460011476
 255568.0528580135
 256075.4597148795
 256582.8665717454
 257090.2734286113
 257597.6802854773
 258105.0871423432
 258612.4939992092
 259119.9008560751
 259627.3077129411
 260134.714569807
 260642.1214266729
 261149.5282835389
 261656.9351404048
 262164.3419972708
 262671.7488541367
 263179.1557110026
 263686.5625678686
 264193.9694247345
 264701.3762816005
 265208.7831384664
 265716.1899953323
 266223.5968521982
 266731.0037090642
 267238.4105659301
 267745.8174227961
 268253.224279662
 268760.631136528
 269268.0379933939
 269775.4448502598
 270282.8517071258
 270790.2585639916
 271297.6654208577
 271805.0722777235
 272312.4791345896
 272819.8859914555
 273327.2928483214
 273834.6997051873
 274342.1065620533
 274849.5134189192
 275356.9202757852
 275864.3271326511
 276371.733989517
 276879.140846383


# name: QUERY
# type: sq_string
# elements: 1
# length: 2
Q2


# name: DATASIZE
# type: sq_string
# elements: 1
# length: 2
40


