# Created by Octave 3.8.2, Mon May 23 10:01:07 2016 CEST <Andrea@Andreas-MacBook-Pro.local>
# name: x
# type: matrix
# rows: 1
# columns: 100
 0.05 0.05075757575757577 0.05151515151515151 0.05227272727272728 0.05303030303030304 0.05378787878787879 0.05454545454545455 0.05530303030303031 0.05606060606060606 0.05681818181818182 0.05757575757575758 0.05833333333333333 0.0590909090909091 0.05984848484848485 0.06060606060606061 0.06136363636363637 0.06212121212121213 0.06287878787878788 0.06363636363636364 0.06439393939393939 0.06515151515151515 0.06590909090909092 0.06666666666666667 0.06742424242424243 0.06818181818181818 0.06893939393939394 0.0696969696969697 0.07045454545454546 0.07121212121212121 0.07196969696969698 0.07272727272727272 0.07348484848484849 0.07424242424242425 0.075 0.07575757575757576 0.07651515151515152 0.07727272727272727 0.07803030303030303 0.0787878787878788 0.07954545454545454 0.08030303030303031 0.08106060606060606 0.08181818181818182 0.08257575757575758 0.08333333333333334 0.08409090909090909 0.08484848484848485 0.0856060606060606 0.08636363636363636 0.08712121212121213 0.08787878787878789 0.08863636363636364 0.08939393939393939 0.09015151515151515 0.09090909090909091 0.09166666666666667 0.09242424242424244 0.09318181818181819 0.09393939393939393 0.0946969696969697 0.09545454545454546 0.09621212121212122 0.09696969696969697 0.09772727272727273 0.09848484848484848 0.09924242424242424 0.1 0.1007575757575758 0.1015151515151515 0.1022727272727273 0.103030303030303 0.1037878787878788 0.1045454545454545 0.1053030303030303 0.1060606060606061 0.1068181818181818 0.1075757575757576 0.1083333333333333 0.1090909090909091 0.1098484848484848 0.1106060606060606 0.1113636363636364 0.1121212121212121 0.1128787878787879 0.1136363636363636 0.1143939393939394 0.1151515151515151 0.1159090909090909 0.1166666666666667 0.1174242424242424 0.1181818181818182 0.1189393939393939 0.1196969696969697 0.1204545454545455 0.1212121212121212 0.121969696969697 0.1227272727272727 0.1234848484848485 0.1242424242424242 0.125


# name: y
# type: matrix
# rows: 1
# columns: 100
 226340.796721686 226858.102282831 227375.4078439759 227892.7134051209 228410.0189662658 228927.3245274107 229444.6300885557 229961.9356497006 230479.2412108455 230996.5467719905 231513.8523331354 232031.1578942804 232548.4634554253 233065.7690165702 233583.0745777152 234100.3801388601 234617.685700005 235134.99126115 235652.2968222949 236169.6023834399 236686.9079445848 237204.2135057297 237721.5190668747 238238.8246280196 238756.1301891646 239273.4357503095 239790.7413114544 240308.0468725994 240825.3524337443 241342.6579948893 241859.9635560342 242377.2691171792 242894.5746783241 243411.880239469 243929.185800614 244446.4913617589 244963.7969229038 245481.1024840488 245998.4080451937 246515.7136063387 247033.0191674836 247550.3247286285 248067.6302897735 248584.9358509184 249102.2414120634 249619.5469732083 250136.8525343532 250654.1580954982 251171.4636566431 251688.769217788 252206.074778933 252723.3803400779 253240.6859012229 253757.9914623678 254275.2970235127 254792.6025846577 255309.9081458026 255827.2137069476 256344.5192680925 256861.8248292374 257379.1303903824 257896.4359515273 258413.7415126722 258931.0470738172 259448.3526349621 259965.6581961071 260482.963757252 261000.269318397 261517.5748795419 262034.8804406868 262552.1860018318 263069.4915629767 263586.7971241216 264104.1026852666 264621.4082464115 265138.7138075564 265656.0193687014 266173.3249298463 266690.6304909913 267207.9360521362 267725.2416132811 268242.5471744261 268759.852735571 269277.158296716 269794.4638578609 270311.7694190058 270829.0749801508 271346.3805412957 271863.6861024407 272380.9916635856 272898.2972247305 273415.6027858755 273932.9083470204 274450.2139081653 274967.5194693103 275484.8250304552 276002.1305916002 276519.4361527451 277036.74171389 277554.047275035


# name: QUERY
# type: sq_string
# elements: 1
# length: 2
Q2


# name: DATASIZE
# type: sq_string
# elements: 1
# length: 2
40


