# Created by Octave 3.8.2, Mon May 23 10:00:56 2016 CEST <Andrea@Andreas-MacBook-Pro.local>
# name: mu
# type: matrix
# rows: 1
# columns: 19
 244872.9189189189 59.33783783783784 66138.71621621621 117546.6621621622 3173.148648648649 4680.162162162163 28606.47297297297 34839.59459459459 934.2702702702703 934.2702702702703 5874.310810810811 5874.310810810811 46211.95945945946 46211.95945945946 3497.216216216216 3497.216216216216 7061.513513513513 7061.513513513513 0.07713963963963963


# name: sigma
# type: matrix
# rows: 1
# columns: 19
 24241.33521106569 22.97245344273926 16144.49364081647 12063.57351049871 844.0120540986974 1313.509958736275 8541.971652068332 10063.89096152427 796.5958446112938 796.5958446112938 2750.82360730594 2750.82360730594 14743.84437928337 14743.84437928337 1129.026108028572 1129.026108028572 2909.078238625599 2909.078238625599 0.02722450250326437


