# Created by Octave 3.8.2, Mon May 23 10:01:07 2016 CEST <Andrea@Andreas-MacBook-Pro.local>
# name: x
# type: matrix
# rows: 1
# columns: 100
 0.05 0.05075757575757577 0.05151515151515151 0.05227272727272728 0.05303030303030304 0.05378787878787879 0.05454545454545455 0.05530303030303031 0.05606060606060606 0.05681818181818182 0.05757575757575758 0.05833333333333333 0.0590909090909091 0.05984848484848485 0.06060606060606061 0.06136363636363637 0.06212121212121213 0.06287878787878788 0.06363636363636364 0.06439393939393939 0.06515151515151515 0.06590909090909092 0.06666666666666667 0.06742424242424243 0.06818181818181818 0.06893939393939394 0.0696969696969697 0.07045454545454546 0.07121212121212121 0.07196969696969698 0.07272727272727272 0.07348484848484849 0.07424242424242425 0.075 0.07575757575757576 0.07651515151515152 0.07727272727272727 0.07803030303030303 0.0787878787878788 0.07954545454545454 0.08030303030303031 0.08106060606060606 0.08181818181818182 0.08257575757575758 0.08333333333333334 0.08409090909090909 0.08484848484848485 0.0856060606060606 0.08636363636363636 0.08712121212121213 0.08787878787878789 0.08863636363636364 0.08939393939393939 0.09015151515151515 0.09090909090909091 0.09166666666666667 0.09242424242424244 0.09318181818181819 0.09393939393939393 0.0946969696969697 0.09545454545454546 0.09621212121212122 0.09696969696969697 0.09772727272727273 0.09848484848484848 0.09924242424242424 0.1 0.1007575757575758 0.1015151515151515 0.1022727272727273 0.103030303030303 0.1037878787878788 0.1045454545454545 0.1053030303030303 0.1060606060606061 0.1068181818181818 0.1075757575757576 0.1083333333333333 0.1090909090909091 0.1098484848484848 0.1106060606060606 0.1113636363636364 0.1121212121212121 0.1128787878787879 0.1136363636363636 0.1143939393939394 0.1151515151515151 0.1159090909090909 0.1166666666666667 0.1174242424242424 0.1181818181818182 0.1189393939393939 0.1196969696969697 0.1204545454545455 0.1212121212121212 0.121969696969697 0.1227272727272727 0.1234848484848485 0.1242424242424242 0.125


# name: y
# type: matrix
# rows: 100
# columns: 1
 240196.3609779886
 240129.9204925812
 240065.3608778394
 240002.6821337634
 239941.8842603531
 239882.9672576085
 239825.9311255295
 239770.7758641163
 239717.5014733688
 239666.107953287
 239616.5953038709
 239568.9635251205
 239523.2126170358
 239479.3425796168
 239437.3534128636
 239397.245116776
 239359.0176913541
 239322.6711365979
 239288.2054525074
 239255.6206390827
 239224.9166963236
 239196.0936242303
 239169.1514228026
 239144.0900920407
 239120.9096319444
 239099.6100425139
 239080.1913237491
 239062.6534756499
 239046.9964982165
 239033.2203914488
 239021.3251553468
 239011.3107899104
 239003.1772951398
 238996.9246710349
 238992.5529175957
 238990.0620348222
 238989.4520227144
 238990.7228812723
 238993.8746104959
 238998.9072103853
 239005.8206809403
 239014.615022161
 239025.2902340474
 239037.8463165996
 239052.2832698174
 239068.6010937009
 239086.7997882502
 239106.8793534651
 239128.8397893458
 239152.6810958921
 239178.4032731042
 239206.0063209819
 239235.4902395254
 239266.8550287346
 239300.1006886095
 239335.2272191501
 239372.2346203564
 239411.1228922283
 239451.892034766
 239494.5420479694
 239539.0729318385
 239585.4846863733
 239633.7773115738
 239683.95080744
 239736.005173972
 239789.9404111696
 239845.7565190329
 239903.4534975619
 239963.0313467567
 240024.4900666171
 240087.8296571432
 240153.0501183351
 240220.1514501926
 240289.1336527159
 240359.9967259048
 240432.7406697595
 240507.3654842799
 240583.8711694659
 240662.2577253177
 240742.5251518352
 240824.6734490184
 240908.7026168673
 240994.6126553818
 241082.4035645621
 241172.0753444081
 241263.6279949198
 241357.0615160972
 241452.3759079403
 241549.5711704491
 241648.6473036237
 241749.6043074639
 241852.4421819698
 241957.1609271414
 242063.7605429788
 242172.2410294818
 242282.6023866505
 242394.844614485
 242508.9677129851
 242624.971682151
 242742.8565219826


# name: QUERY
# type: sq_string
# elements: 1
# length: 2
Q2


# name: DATASIZE
# type: sq_string
# elements: 1
# length: 2
40


