# Created by Octave 3.8.2, Mon May 23 10:01:07 2016 CEST <Andrea@Andreas-MacBook-Pro.local>
# name: x
# type: matrix
# rows: 1
# columns: 100
 0.05 0.05075757575757577 0.05151515151515151 0.05227272727272728 0.05303030303030304 0.05378787878787879 0.05454545454545455 0.05530303030303031 0.05606060606060606 0.05681818181818182 0.05757575757575758 0.05833333333333333 0.0590909090909091 0.05984848484848485 0.06060606060606061 0.06136363636363637 0.06212121212121213 0.06287878787878788 0.06363636363636364 0.06439393939393939 0.06515151515151515 0.06590909090909092 0.06666666666666667 0.06742424242424243 0.06818181818181818 0.06893939393939394 0.0696969696969697 0.07045454545454546 0.07121212121212121 0.07196969696969698 0.07272727272727272 0.07348484848484849 0.07424242424242425 0.075 0.07575757575757576 0.07651515151515152 0.07727272727272727 0.07803030303030303 0.0787878787878788 0.07954545454545454 0.08030303030303031 0.08106060606060606 0.08181818181818182 0.08257575757575758 0.08333333333333334 0.08409090909090909 0.08484848484848485 0.0856060606060606 0.08636363636363636 0.08712121212121213 0.08787878787878789 0.08863636363636364 0.08939393939393939 0.09015151515151515 0.09090909090909091 0.09166666666666667 0.09242424242424244 0.09318181818181819 0.09393939393939393 0.0946969696969697 0.09545454545454546 0.09621212121212122 0.09696969696969697 0.09772727272727273 0.09848484848484848 0.09924242424242424 0.1 0.1007575757575758 0.1015151515151515 0.1022727272727273 0.103030303030303 0.1037878787878788 0.1045454545454545 0.1053030303030303 0.1060606060606061 0.1068181818181818 0.1075757575757576 0.1083333333333333 0.1090909090909091 0.1098484848484848 0.1106060606060606 0.1113636363636364 0.1121212121212121 0.1128787878787879 0.1136363636363636 0.1143939393939394 0.1151515151515151 0.1159090909090909 0.1166666666666667 0.1174242424242424 0.1181818181818182 0.1189393939393939 0.1196969696969697 0.1204545454545455 0.1212121212121212 0.121969696969697 0.1227272727272727 0.1234848484848485 0.1242424242424242 0.125


# name: y
# type: matrix
# rows: 100
# columns: 1
 240447.4857550081
 240447.4664586016
 240447.4497425293
 240447.4353230452
 240447.4229404778
 240447.4123578277
 240447.4033594079
 240447.3957495257
 240447.3893512069
 240447.3840049622
 240447.3795675954
 240447.3759110538
 240447.3729213207
 240447.3704973501
 240447.3685500429
 240447.367001266
 240447.365782913
 240447.3648360067
 240447.3641098443
 240447.3635611845
 240447.3631534761
 240447.3628561297
 240447.3626438303
 240447.3624958929
 240447.3623956601
 240447.3623299407
 240447.3622884921
 240447.3622635433
 240447.3622493606
 240447.3622418554
 240447.3622382342
 240447.3622366898
 240447.3622361359
 240447.3622359828
 240447.3622359553
 240447.3622359531
 240447.3622359531
 240447.3622359532
 240447.3622359593
 240447.362236013
 240447.3622362629
 240447.3622370763
 240447.3622391948
 240447.3622439302
 240447.3622534036
 240447.3622708265
 240447.3623008233
 240447.3623497967
 240447.3624263344
 240447.3625416586
 240447.362710117
 240447.3629497163
 240447.3632826971
 240447.3637361522
 240447.3643426851
 240447.3651411125
 240447.3661772072
 240447.3675044845
 240447.3691850294
 240447.3712903669
 240447.3739023739
 240447.3771142329
 240447.3810314286
 240447.3857727856
 240447.391471549
 240447.3982765063
 240447.4063531522
 240447.415884895
 240447.4270743049
 240447.4401444047
 240447.4553400024
 240447.4729290665
 240447.4932041418
 240447.5164838091
 240447.5431141861
 240447.5734704701
 240447.6079585232
 240447.6470164997
 240447.6911165151
 240447.7407663577
 240447.7965112416
 240447.8589356026
 240447.9286649355
 240448.0063676738
 240448.0927571114
 240448.1885933663
 240448.2946853863
 240448.4118929974
 240448.5411289931
 240448.6833612671
 240448.8396149869
 240449.0109748105
 240449.1985871441
 240449.4036624429
 240449.6274775534
 240449.8713780978
 240450.1367809004
 240450.4251764569
 240450.7381314442
 240451.0772912738


# name: QUERY
# type: sq_string
# elements: 1
# length: 2
Q2


# name: DATASIZE
# type: sq_string
# elements: 1
# length: 2
40


