# Created by Octave 3.8.2, Mon May 23 10:01:07 2016 CEST <Andrea@Andreas-MacBook-Pro.local>
# name: x
# type: matrix
# rows: 1
# columns: 100
 0.05 0.05075757575757577 0.05151515151515151 0.05227272727272728 0.05303030303030304 0.05378787878787879 0.05454545454545455 0.05530303030303031 0.05606060606060606 0.05681818181818182 0.05757575757575758 0.05833333333333333 0.0590909090909091 0.05984848484848485 0.06060606060606061 0.06136363636363637 0.06212121212121213 0.06287878787878788 0.06363636363636364 0.06439393939393939 0.06515151515151515 0.06590909090909092 0.06666666666666667 0.06742424242424243 0.06818181818181818 0.06893939393939394 0.0696969696969697 0.07045454545454546 0.07121212121212121 0.07196969696969698 0.07272727272727272 0.07348484848484849 0.07424242424242425 0.075 0.07575757575757576 0.07651515151515152 0.07727272727272727 0.07803030303030303 0.0787878787878788 0.07954545454545454 0.08030303030303031 0.08106060606060606 0.08181818181818182 0.08257575757575758 0.08333333333333334 0.08409090909090909 0.08484848484848485 0.0856060606060606 0.08636363636363636 0.08712121212121213 0.08787878787878789 0.08863636363636364 0.08939393939393939 0.09015151515151515 0.09090909090909091 0.09166666666666667 0.09242424242424244 0.09318181818181819 0.09393939393939393 0.0946969696969697 0.09545454545454546 0.09621212121212122 0.09696969696969697 0.09772727272727273 0.09848484848484848 0.09924242424242424 0.1 0.1007575757575758 0.1015151515151515 0.1022727272727273 0.103030303030303 0.1037878787878788 0.1045454545454545 0.1053030303030303 0.1060606060606061 0.1068181818181818 0.1075757575757576 0.1083333333333333 0.1090909090909091 0.1098484848484848 0.1106060606060606 0.1113636363636364 0.1121212121212121 0.1128787878787879 0.1136363636363636 0.1143939393939394 0.1151515151515151 0.1159090909090909 0.1166666666666667 0.1174242424242424 0.1181818181818182 0.1189393939393939 0.1196969696969697 0.1204545454545455 0.1212121212121212 0.121969696969697 0.1227272727272727 0.1234848484848485 0.1242424242424242 0.125


# name: y
# type: matrix
# rows: 100
# columns: 1
 242173.8275004245
 242186.9222753331
 242199.2861905638
 242210.9402331622
 242221.9053901736
 242232.2026486435
 242241.8529956175
 242250.8774181409
 242259.2969032592
 242267.1324380179
 242274.4050094624
 242281.1356046383
 242287.3452105909
 242293.0548143658
 242298.2854030084
 242303.0579635642
 242307.3934830786
 242311.3129485971
 242314.8373471652
 242317.9876658283
 242320.7848916319
 242323.2500116215
 242325.4040128425
 242327.2678823404
 242328.8626071606
 242330.2091743487
 242331.32857095
 242332.2417840101
 242332.9698005744
 242333.5336076884
 242333.9541923974
 242334.2525417472
 242334.449642783
 242334.5664825503
 242334.6240480946
 242334.6433264614
 242334.6453046961
 242334.6509698442
 242334.6813089512
 242334.7573090625
 242334.8999572236
 242335.1302404799
 242335.4691458769
 242335.9376604601
 242336.556771275
 242337.347465367
 242338.3307297815
 242339.5275515641
 242340.9589177601
 242342.6458154152
 242344.6092315747
 242346.870153284
 242349.4495675888
 242352.3684615344
 242355.6478221662
 242359.3086365298
 242363.3718916706
 242367.8585746341
 242372.7896724658
 242378.186172211
 242384.0690609154
 242390.4593256242
 242397.3779533831
 242404.8459312374
 242412.8842462327
 242421.5138854144
 242430.7558358279
 242440.6310845188
 242451.1606185325
 242462.3654249144
 242474.26649071
 242486.8848029649
 242500.2413487243
 242514.3571150339
 242529.2530889391
 242544.9502574853
 242561.469607718
 242578.8321266827
 242597.0588014248
 242616.1706189898
 242636.1885664232
 242657.1336307705
 242679.026799077
 242701.8890583882
 242725.7413957497
 242750.6047982069
 242776.5002528053
 242803.4487465902
 242831.4712666073
 242860.5887999019
 242890.8223335194
 242922.1928545055
 242954.7213499055
 242988.4288067649
 243023.3362121292
 243059.4645530438
 243096.8348165542
 243135.4679897059
 243175.3850595443
 243216.6070131149


# name: QUERY
# type: sq_string
# elements: 1
# length: 2
Q2


# name: DATASIZE
# type: sq_string
# elements: 1
# length: 2
40


