# Created by Octave 3.8.2, Mon May 23 10:01:07 2016 CEST <Andrea@Andreas-MacBook-Pro.local>
# name: x
# type: matrix
# rows: 1
# columns: 100
 0.05 0.05075757575757577 0.05151515151515151 0.05227272727272728 0.05303030303030304 0.05378787878787879 0.05454545454545455 0.05530303030303031 0.05606060606060606 0.05681818181818182 0.05757575757575758 0.05833333333333333 0.0590909090909091 0.05984848484848485 0.06060606060606061 0.06136363636363637 0.06212121212121213 0.06287878787878788 0.06363636363636364 0.06439393939393939 0.06515151515151515 0.06590909090909092 0.06666666666666667 0.06742424242424243 0.06818181818181818 0.06893939393939394 0.0696969696969697 0.07045454545454546 0.07121212121212121 0.07196969696969698 0.07272727272727272 0.07348484848484849 0.07424242424242425 0.075 0.07575757575757576 0.07651515151515152 0.07727272727272727 0.07803030303030303 0.0787878787878788 0.07954545454545454 0.08030303030303031 0.08106060606060606 0.08181818181818182 0.08257575757575758 0.08333333333333334 0.08409090909090909 0.08484848484848485 0.0856060606060606 0.08636363636363636 0.08712121212121213 0.08787878787878789 0.08863636363636364 0.08939393939393939 0.09015151515151515 0.09090909090909091 0.09166666666666667 0.09242424242424244 0.09318181818181819 0.09393939393939393 0.0946969696969697 0.09545454545454546 0.09621212121212122 0.09696969696969697 0.09772727272727273 0.09848484848484848 0.09924242424242424 0.1 0.1007575757575758 0.1015151515151515 0.1022727272727273 0.103030303030303 0.1037878787878788 0.1045454545454545 0.1053030303030303 0.1060606060606061 0.1068181818181818 0.1075757575757576 0.1083333333333333 0.1090909090909091 0.1098484848484848 0.1106060606060606 0.1113636363636364 0.1121212121212121 0.1128787878787879 0.1136363636363636 0.1143939393939394 0.1151515151515151 0.1159090909090909 0.1166666666666667 0.1174242424242424 0.1181818181818182 0.1189393939393939 0.1196969696969697 0.1204545454545455 0.1212121212121212 0.121969696969697 0.1227272727272727 0.1234848484848485 0.1242424242424242 0.125


# name: y
# type: matrix
# rows: 100
# columns: 1
 240735.2259859478
 240733.8403243758
 240732.5690282722
 240731.4056246934
 240730.3438292777
 240729.3775462449
 240728.5008683968
 240727.7080771172
 240726.9936423714
 240726.3522227068
 240725.7786652524
 240725.2680057191
 240724.8154683998
 240724.416466169
 240724.0666004831
 240723.7616613802
 240723.4976274805
 240723.2706659858
 240723.0771326798
 240722.913571928
 240722.7767166777
 240722.6634884581
 240722.5709973802
 240722.4965421368
 240722.4376100024
 240722.3918768337
 240722.3572070687
 240722.3316537276
 240722.3134584124
 240722.3010513068
 240722.2930511763
 240722.2882653684
 240722.2856898122
 240722.2845090188
 240722.284096081
 240722.2840126735
 240722.2840090529
 240722.2840240574
 240722.2841851073
 240722.2848082044
 240722.2863979325
 240722.2896474574
 240722.2954385264
 240722.3048414688
 240722.3191151957
 240722.3397072001
 240722.3682535565
 240722.4065789217
 240722.4566965339
 240722.5208082135
 240722.6013043624
 240722.7007639644
 240722.8219545853
 240722.9678323725
 240723.1415420554
 240723.3464169451
 240723.5859789346
 240723.8639384987
 240724.1841946939
 240724.5508351588
 240724.9681361136
 240725.4405623603
 240725.9727672829
 240726.5695928471
 240727.2360696004
 240727.9774166724
 240728.799041774
 240729.7065411984
 240730.7056998204
 240731.8024910967
 240733.0030770657
 240734.3138083478
 240735.7412241451
 240737.2920522417
 240738.9732090031
 240740.7917993772
 240742.7551168933
 240744.8706436626
 240747.1460503782
 240749.5891963152
 240752.20812933
 240755.0110858614
 240758.0064909297
 240761.202958137
 240764.6092896675
 240768.2344762868
 240772.0876973428
 240776.1783207648
 240780.5159030642
 240785.1101893342
 240789.9711132496
 240795.1087970673
 240800.5335516258
 240806.2558763457
 240812.2864592291
 240818.6361768601
 240825.3160944046
 240832.3374656103
 240839.7117328067
 240847.4505269053


# name: QUERY
# type: sq_string
# elements: 1
# length: 2
Q2


# name: DATASIZE
# type: sq_string
# elements: 1
# length: 2
40


