# Created by Octave 4.0.0, Mon May 23 13:48:41 2016 CEST <peter@Independence>
# name: x
# type: matrix
# rows: 1
# columns: 100
 60 60.60606060606061 61.21212121212122 61.81818181818181 62.42424242424242 63.03030303030303 63.63636363636364 64.24242424242425 64.84848484848484 65.45454545454547 66.06060606060606 66.66666666666667 67.27272727272728 67.87878787878788 68.48484848484848 69.09090909090909 69.6969696969697 70.30303030303031 70.90909090909091 71.51515151515152 72.12121212121212 72.72727272727273 73.33333333333333 73.93939393939394 74.54545454545455 75.15151515151516 75.75757575757575 76.36363636363636 76.96969696969697 77.57575757575758 78.18181818181819 78.78787878787878 79.39393939393939 80 80.60606060606061 81.21212121212122 81.81818181818181 82.42424242424242 83.03030303030303 83.63636363636364 84.24242424242425 84.84848484848484 85.45454545454545 86.06060606060606 86.66666666666666 87.27272727272727 87.87878787878788 88.48484848484848 89.09090909090909 89.6969696969697 90.3030303030303 90.90909090909091 91.51515151515152 92.12121212121212 92.72727272727273 93.33333333333333 93.93939393939394 94.54545454545455 95.15151515151516 95.75757575757575 96.36363636363636 96.96969696969697 97.57575757575758 98.18181818181819 98.78787878787878 99.39393939393939 100 100.6060606060606 101.2121212121212 101.8181818181818 102.4242424242424 103.030303030303 103.6363636363636 104.2424242424242 104.8484848484848 105.4545454545455 106.0606060606061 106.6666666666667 107.2727272727273 107.8787878787879 108.4848484848485 109.0909090909091 109.6969696969697 110.3030303030303 110.9090909090909 111.5151515151515 112.1212121212121 112.7272727272727 113.3333333333333 113.9393939393939 114.5454545454545 115.1515151515152 115.7575757575758 116.3636363636364 116.969696969697 117.5757575757576 118.1818181818182 118.7878787878788 119.3939393939394 120


# name: y
# type: matrix
# rows: 100
# columns: 1
 202983.9212389101
 202776.5443300553
 202478.9170469907
 202091.9377136436
 201616.9269469531
 201055.6177465529
 200410.1421954477
 199683.0148886286
 198877.1132415233
 197995.6548632827
 197042.1722107504
 196020.4847671425
 194934.6690146493
 193789.0264920595
 192588.0502468471
 191336.3900057782
 190038.8163988422
 188700.1845781298
 187325.3975761453
 185919.3697469982
 184486.9906290671
 183033.0895592135
 181562.4013566426
 180079.5333792962
 178588.9342375048
 177094.8644288121
 175601.3691347653
 174112.2533953761
 172631.0598502641
 171161.0492075671
 169705.1835729042
 168266.1127413654
 166846.163526026
 165447.3321671693
 164071.2798375594
 162719.3312310133
 161392.4761944378
 160091.3743376385
 158816.3625307764
 157567.4651764867
 156344.4071225359
 155146.6290615449
 153973.3052468432
 152823.3633379627
 151695.5061756538
 150588.2352746083
 149499.8758122694
 148428.6028841664
 147372.4687900842
 146329.4311109908
 145297.3813339547
 144274.1737812114
 143257.6546000152
 142245.6905718977
 141236.1975033586
 140227.1679648201
 139216.698150814
 138203.0136418143
 137184.4938568464
 136159.6949959712
 135127.3712829348
 134086.4943306808
 133036.2704660203
 131976.1558645278
 130905.8693626557
 129825.4028311057
 128735.0290116215
 127635.3067385197
 126527.0834863922
 125411.4952063965
 124289.963435316
 123164.1896839724
 122036.1471344862
 120908.069699122
 119782.4385168517
 118661.9659871058
 117549.5774632388
 116448.3907507724
 115361.6935772441
 114292.9192212229
 113245.6205074861
 112223.4423932253
 111230.0933861992
 110269.3160497223
 109344.8568610485
 108460.4356988425
 107619.715241859
 106826.2705644957
 106083.5592154267
 105394.8920629786
 104763.4051852219
 104192.0330739236
 103683.4834095788
 103240.2136497998
 102864.4096555298
 102557.9665590362
 102322.4720546638
 102159.1922681395
 102069.0603331359
 102052.6677751433


# name: QUERY
# type: sq_string
# elements: 1
# length: 2
R4


# name: DATASIZE
# type: sq_string
# elements: 1
# length: 3
250


