# Created by Octave 4.0.0, Wed May 18 23:50:18 2016 CEST <peter@Independence>
# name: x
# type: matrix
# rows: 1
# columns: 100
 60 60.60606060606061 61.21212121212122 61.81818181818181 62.42424242424242 63.03030303030303 63.63636363636364 64.24242424242425 64.84848484848484 65.45454545454547 66.06060606060606 66.66666666666667 67.27272727272728 67.87878787878788 68.48484848484848 69.09090909090909 69.6969696969697 70.30303030303031 70.90909090909091 71.51515151515152 72.12121212121212 72.72727272727273 73.33333333333333 73.93939393939394 74.54545454545455 75.15151515151516 75.75757575757575 76.36363636363636 76.96969696969697 77.57575757575758 78.18181818181819 78.78787878787878 79.39393939393939 80 80.60606060606061 81.21212121212122 81.81818181818181 82.42424242424242 83.03030303030303 83.63636363636364 84.24242424242425 84.84848484848484 85.45454545454545 86.06060606060606 86.66666666666666 87.27272727272727 87.87878787878788 88.48484848484848 89.09090909090909 89.6969696969697 90.3030303030303 90.90909090909091 91.51515151515152 92.12121212121212 92.72727272727273 93.33333333333333 93.93939393939394 94.54545454545455 95.15151515151516 95.75757575757575 96.36363636363636 96.96969696969697 97.57575757575758 98.18181818181819 98.78787878787878 99.39393939393939 100 100.6060606060606 101.2121212121212 101.8181818181818 102.4242424242424 103.030303030303 103.6363636363636 104.2424242424242 104.8484848484848 105.4545454545455 106.0606060606061 106.6666666666667 107.2727272727273 107.8787878787879 108.4848484848485 109.0909090909091 109.6969696969697 110.3030303030303 110.9090909090909 111.5151515151515 112.1212121212121 112.7272727272727 113.3333333333333 113.9393939393939 114.5454545454545 115.1515151515152 115.7575757575758 116.3636363636364 116.969696969697 117.5757575757576 118.1818181818182 118.7878787878788 119.3939393939394 120


# name: y
# type: matrix
# rows: 100
# columns: 1
 190561.2708928942
 190291.8850616304
 189946.4606909549
 189526.7393379861
 189034.8863680353
 188473.4782874067
 187845.4863554064
 187154.256570291
 186403.4861621012
 185597.1967624456
 184739.7044568891
 183835.5869592367
 182889.648178308
 181906.8804764051
 180892.4249442733
 179851.5300396659
 178789.5089554051
 177711.6960979138
 176623.403068413
 175529.8745462587
 174436.2444771865
 173347.4929685218
 172268.4042887703
 171203.5263604895
 170157.1321230989
 169133.1831264708
 168135.2956969461
 167166.7099950749
 166230.2622591266
 165328.3605005266
 164462.9638871398
 163635.5660180353
 162847.1822593432
 162098.3412753652
 161389.0808525472
 160718.9480765848
 160087.0038851169
 159491.8319804988
 158931.5520493176
 158403.8371979334
 157905.9354766793
 157434.6953297101
 156986.5947731257
 156557.7740711565
 156144.0716491438
 155741.0629529932
 155344.1019379576
 154948.3648452183
 154548.895902973
 154140.6545697934
 153718.5639220435
 153277.5597743079
 152812.640112202
 152318.9144107447
 151791.6524087588
 151226.3319106195
 150618.6851911386
 149964.7435874983
 149260.8798739297
 148503.8480302566
 147690.8200344379
 146819.4193317663
 145887.7506592949
 144894.4259332276
 143838.5859392315
 142719.9176006933
 141538.6666375908
 140295.6454685948
 138992.2362509264
 137630.3889960127
 136212.6147437258
 134741.9738235265
 133222.0592767419
 131656.9755600034
 130051.3126951042
 128410.1160746997
 126738.8521758949
 125043.3704743446
 123329.8618895655
 121604.814127256
 119874.9643161082
 118147.2493644684
 116428.7544858808
 114726.6603617136
 113048.1894234328
 111400.5517464346
 109790.8910515062
 108226.2313088527
 106713.424433173
 105259.0995465183
 103869.6142687259
 102551.0084732567
 101308.9609195226
 100148.7491415635
 99075.21293759791
 98092.72176594427
 97205.14631057181
 96415.83443460615
 95727.59169304642
 95142.6665273409


# name: QUERY
# type: sq_string
# elements: 1
# length: 2
R4


# name: DATASIZE
# type: sq_string
# elements: 1
# length: 3
250


