# Created by Octave 4.0.0, Wed May 18 23:50:18 2016 CEST <peter@Independence>
# name: x
# type: matrix
# rows: 1
# columns: 100
 60 60.60606060606061 61.21212121212122 61.81818181818181 62.42424242424242 63.03030303030303 63.63636363636364 64.24242424242425 64.84848484848484 65.45454545454547 66.06060606060606 66.66666666666667 67.27272727272728 67.87878787878788 68.48484848484848 69.09090909090909 69.6969696969697 70.30303030303031 70.90909090909091 71.51515151515152 72.12121212121212 72.72727272727273 73.33333333333333 73.93939393939394 74.54545454545455 75.15151515151516 75.75757575757575 76.36363636363636 76.96969696969697 77.57575757575758 78.18181818181819 78.78787878787878 79.39393939393939 80 80.60606060606061 81.21212121212122 81.81818181818181 82.42424242424242 83.03030303030303 83.63636363636364 84.24242424242425 84.84848484848484 85.45454545454545 86.06060606060606 86.66666666666666 87.27272727272727 87.87878787878788 88.48484848484848 89.09090909090909 89.6969696969697 90.3030303030303 90.90909090909091 91.51515151515152 92.12121212121212 92.72727272727273 93.33333333333333 93.93939393939394 94.54545454545455 95.15151515151516 95.75757575757575 96.36363636363636 96.96969696969697 97.57575757575758 98.18181818181819 98.78787878787878 99.39393939393939 100 100.6060606060606 101.2121212121212 101.8181818181818 102.4242424242424 103.030303030303 103.6363636363636 104.2424242424242 104.8484848484848 105.4545454545455 106.0606060606061 106.6666666666667 107.2727272727273 107.8787878787879 108.4848484848485 109.0909090909091 109.6969696969697 110.3030303030303 110.9090909090909 111.5151515151515 112.1212121212121 112.7272727272727 113.3333333333333 113.9393939393939 114.5454545454545 115.1515151515152 115.7575757575758 116.3636363636364 116.969696969697 117.5757575757576 118.1818181818182 118.7878787878788 119.3939393939394 120


# name: y
# type: matrix
# rows: 100
# columns: 1
 187186.7961670796
 186339.7537956815
 185492.7114242835
 184645.6690528854
 183798.6266814874
 182951.5843100894
 182104.5419386913
 181257.4995672933
 180410.4571958952
 179563.4148244972
 178716.3724530991
 177869.3300817011
 177022.287710303
 176175.245338905
 175328.2029675069
 174481.1605961089
 173634.1182247109
 172787.0758533128
 171940.0334819148
 171092.9911105167
 170245.9487391187
 169398.9063677206
 168551.8639963226
 167704.8216249245
 166857.7792535265
 166010.7368821285
 165163.6945107304
 164316.6521393323
 163469.6097679343
 162622.5673965363
 161775.5250251382
 160928.4826537402
 160081.4402823421
 159234.3979109441
 158387.3555395461
 157540.313168148
 156693.2707967499
 155846.2284253519
 154999.1860539539
 154152.1436825558
 153305.1013111578
 152458.0589397597
 151611.0165683617
 150763.9741969637
 149916.9318255656
 149069.8894541675
 148222.8470827695
 147375.8047113715
 146528.7623399734
 145681.7199685754
 144834.6775971773
 143987.6352257793
 143140.5928543812
 142293.5504829832
 141446.5081115851
 140599.4657401871
 139752.4233687891
 138905.380997391
 138058.338625993
 137211.2962545949
 136364.2538831969
 135517.2115117988
 134670.1691404008
 133823.1267690028
 132976.0843976047
 132129.0420262066
 131281.9996548086
 130434.9572834106
 129587.9149120125
 128740.8725406145
 127893.8301692164
 127046.7877978184
 126199.7454264203
 125352.7030550223
 124505.6606836242
 123658.6183122262
 122811.5759408282
 121964.5335694301
 121117.4911980321
 120270.448826634
 119423.406455236
 118576.3640838379
 117729.3217124399
 116882.2793410419
 116035.2369696438
 115188.1945982458
 114341.1522268477
 113494.1098554497
 112647.0674840516
 111800.0251126536
 110952.9827412555
 110105.9403698575
 109258.8979984594
 108411.8556270614
 107564.8132556633
 106717.7708842653
 105870.7285128673
 105023.6861414692
 104176.6437700712
 103329.6013986731


# name: QUERY
# type: sq_string
# elements: 1
# length: 2
R4


# name: DATASIZE
# type: sq_string
# elements: 1
# length: 3
250


