# Created by Octave 4.0.0, Wed May 18 23:50:18 2016 CEST <peter@Independence>
# name: x
# type: matrix
# rows: 1
# columns: 100
 60 60.60606060606061 61.21212121212122 61.81818181818181 62.42424242424242 63.03030303030303 63.63636363636364 64.24242424242425 64.84848484848484 65.45454545454547 66.06060606060606 66.66666666666667 67.27272727272728 67.87878787878788 68.48484848484848 69.09090909090909 69.6969696969697 70.30303030303031 70.90909090909091 71.51515151515152 72.12121212121212 72.72727272727273 73.33333333333333 73.93939393939394 74.54545454545455 75.15151515151516 75.75757575757575 76.36363636363636 76.96969696969697 77.57575757575758 78.18181818181819 78.78787878787878 79.39393939393939 80 80.60606060606061 81.21212121212122 81.81818181818181 82.42424242424242 83.03030303030303 83.63636363636364 84.24242424242425 84.84848484848484 85.45454545454545 86.06060606060606 86.66666666666666 87.27272727272727 87.87878787878788 88.48484848484848 89.09090909090909 89.6969696969697 90.3030303030303 90.90909090909091 91.51515151515152 92.12121212121212 92.72727272727273 93.33333333333333 93.93939393939394 94.54545454545455 95.15151515151516 95.75757575757575 96.36363636363636 96.96969696969697 97.57575757575758 98.18181818181819 98.78787878787878 99.39393939393939 100 100.6060606060606 101.2121212121212 101.8181818181818 102.4242424242424 103.030303030303 103.6363636363636 104.2424242424242 104.8484848484848 105.4545454545455 106.0606060606061 106.6666666666667 107.2727272727273 107.8787878787879 108.4848484848485 109.0909090909091 109.6969696969697 110.3030303030303 110.9090909090909 111.5151515151515 112.1212121212121 112.7272727272727 113.3333333333333 113.9393939393939 114.5454545454545 115.1515151515152 115.7575757575758 116.3636363636364 116.969696969697 117.5757575757576 118.1818181818182 118.7878787878788 119.3939393939394 120


# name: y
# type: matrix
# rows: 1
# columns: 100
 197524.6647648961 196493.5628246925 195462.4608844889 194431.3589442854 193400.2570040818 192369.1550638783 191338.0531236747 190306.9511834711 189275.8492432676 188244.747303064 187213.6453628605 186182.5434226569 185151.4414824533 184120.3395422498 183089.2376020462 182058.1356618427 181027.0337216391 179995.9317814355 178964.829841232 177933.7279010284 176902.6259608248 175871.5240206213 174840.4220804177 173809.3201402141 172778.2182000106 171747.116259807 170716.0143196035 169684.9123793999 168653.8104391964 167622.7084989928 166591.6065587892 165560.5046185857 164529.4026783821 163498.3007381785 162467.198797975 161436.0968577714 160404.9949175678 159373.8929773643 158342.7910371607 157311.6890969572 156280.5871567536 155249.48521655 154218.3832763465 153187.2813361429 152156.1793959393 151125.0774557358 150093.9755155322 149062.8735753287 148031.7716351251 147000.6696949215 145969.567754718 144938.4658145144 143907.3638743109 142876.2619341073 141845.1599939037 140814.0580537002 139782.9561134966 138751.854173293 137720.7522330895 136689.6502928859 135658.5483526824 134627.4464124788 133596.3444722752 132565.2425320717 131534.1405918681 130503.0386516646 129471.936711461 128440.8347712574 127409.7328310539 126378.6308908503 125347.5289506467 124316.4270104432 123285.3250702396 122254.2231300361 121223.1211898325 120192.0192496289 119160.9173094254 118129.8153692218 117098.7134290182 116067.6114888147 115036.5095486111 114005.4076084075 112974.305668204 111943.2037280004 110912.1017877969 109880.9998475933 108849.8979073897 107818.7959671862 106787.6940269826 105756.5920867791 104725.4901465755 103694.3882063719 102663.2862661684 101632.1843259648 100601.0823857613 99569.9804455577 98538.87850535414 97507.77656515056 96476.674624947 95445.57268474344


# name: QUERY
# type: sq_string
# elements: 1
# length: 2
R4


# name: DATASIZE
# type: sq_string
# elements: 1
# length: 3
250


