# Created by Octave 4.0.0, Mon May 23 13:48:41 2016 CEST <peter@Independence>
# name: x
# type: matrix
# rows: 1
# columns: 100
 60 60.60606060606061 61.21212121212122 61.81818181818181 62.42424242424242 63.03030303030303 63.63636363636364 64.24242424242425 64.84848484848484 65.45454545454547 66.06060606060606 66.66666666666667 67.27272727272728 67.87878787878788 68.48484848484848 69.09090909090909 69.6969696969697 70.30303030303031 70.90909090909091 71.51515151515152 72.12121212121212 72.72727272727273 73.33333333333333 73.93939393939394 74.54545454545455 75.15151515151516 75.75757575757575 76.36363636363636 76.96969696969697 77.57575757575758 78.18181818181819 78.78787878787878 79.39393939393939 80 80.60606060606061 81.21212121212122 81.81818181818181 82.42424242424242 83.03030303030303 83.63636363636364 84.24242424242425 84.84848484848484 85.45454545454545 86.06060606060606 86.66666666666666 87.27272727272727 87.87878787878788 88.48484848484848 89.09090909090909 89.6969696969697 90.3030303030303 90.90909090909091 91.51515151515152 92.12121212121212 92.72727272727273 93.33333333333333 93.93939393939394 94.54545454545455 95.15151515151516 95.75757575757575 96.36363636363636 96.96969696969697 97.57575757575758 98.18181818181819 98.78787878787878 99.39393939393939 100 100.6060606060606 101.2121212121212 101.8181818181818 102.4242424242424 103.030303030303 103.6363636363636 104.2424242424242 104.8484848484848 105.4545454545455 106.0606060606061 106.6666666666667 107.2727272727273 107.8787878787879 108.4848484848485 109.0909090909091 109.6969696969697 110.3030303030303 110.9090909090909 111.5151515151515 112.1212121212121 112.7272727272727 113.3333333333333 113.9393939393939 114.5454545454545 115.1515151515152 115.7575757575758 116.3636363636364 116.969696969697 117.5757575757576 118.1818181818182 118.7878787878788 119.3939393939394 120


# name: y
# type: matrix
# rows: 100
# columns: 1
 197808.8381656235
 196828.1865833813
 195847.5350011389
 194866.8834188964
 193886.231836654
 192905.5802544115
 191924.9286721692
 190944.277089927
 189963.6255076845
 188982.9739254421
 188002.3223431998
 187021.6707609573
 186041.0191787149
 185060.3675964726
 184079.7160142301
 183099.0644319876
 182118.4128497454
 181137.7612675028
 180157.1096852605
 179176.4581030181
 178195.8065207757
 177215.1549385333
 176234.5033562908
 175253.8517740486
 174273.200191806
 173292.5486095638
 172311.8970273213
 171331.2454450789
 170350.5938628365
 169369.9422805941
 168389.2906983517
 167408.6391161092
 166427.987533867
 165447.3359516245
 164466.6843693821
 163486.0327871396
 162505.3812048973
 161524.7296226548
 160544.0780404125
 159563.4264581701
 158582.7748759277
 157602.1232936853
 156621.471711443
 155640.8201292005
 154660.1685469581
 153679.5169647157
 152698.8653824733
 151718.2138002309
 150737.5622179885
 149756.9106357461
 148776.2590535037
 147795.6074712613
 146814.955889019
 145834.3043067766
 144853.6527245342
 143873.0011422918
 142892.3495600493
 141911.6979778069
 140931.0463955645
 139950.3948133221
 138969.7432310797
 137989.0916488374
 137008.4400665949
 136027.7884843526
 135047.1369021102
 134066.4853198678
 133085.8337376254
 132105.182155383
 131124.5305731406
 130143.8789908982
 129163.2274086558
 128182.5758264134
 127201.924244171
 126221.2726619287
 125240.6210796862
 124259.9694974438
 123279.3179152014
 122298.666332959
 121318.0147507165
 120337.3631684742
 119356.7115862318
 118376.0600039894
 117395.408421747
 116414.7568395046
 115434.1052572621
 114453.4536750199
 113472.8020927775
 112492.150510535
 111511.4989282925
 110530.8473460503
 109550.1957638079
 108569.5441815655
 107588.8925993231
 106608.2410170806
 105627.5894348381
 104646.9378525959
 103666.2862703536
 102685.6346881111
 101704.9831058685
 100724.3315236262


# name: QUERY
# type: sq_string
# elements: 1
# length: 2
R4


# name: DATASIZE
# type: sq_string
# elements: 1
# length: 3
250


