# Created by Octave 4.0.0, Mon May 23 13:48:41 2016 CEST <peter@Independence>
# name: x
# type: matrix
# rows: 1
# columns: 100
 60 60.60606060606061 61.21212121212122 61.81818181818181 62.42424242424242 63.03030303030303 63.63636363636364 64.24242424242425 64.84848484848484 65.45454545454547 66.06060606060606 66.66666666666667 67.27272727272728 67.87878787878788 68.48484848484848 69.09090909090909 69.6969696969697 70.30303030303031 70.90909090909091 71.51515151515152 72.12121212121212 72.72727272727273 73.33333333333333 73.93939393939394 74.54545454545455 75.15151515151516 75.75757575757575 76.36363636363636 76.96969696969697 77.57575757575758 78.18181818181819 78.78787878787878 79.39393939393939 80 80.60606060606061 81.21212121212122 81.81818181818181 82.42424242424242 83.03030303030303 83.63636363636364 84.24242424242425 84.84848484848484 85.45454545454545 86.06060606060606 86.66666666666666 87.27272727272727 87.87878787878788 88.48484848484848 89.09090909090909 89.6969696969697 90.3030303030303 90.90909090909091 91.51515151515152 92.12121212121212 92.72727272727273 93.33333333333333 93.93939393939394 94.54545454545455 95.15151515151516 95.75757575757575 96.36363636363636 96.96969696969697 97.57575757575758 98.18181818181819 98.78787878787878 99.39393939393939 100 100.6060606060606 101.2121212121212 101.8181818181818 102.4242424242424 103.030303030303 103.6363636363636 104.2424242424242 104.8484848484848 105.4545454545455 106.0606060606061 106.6666666666667 107.2727272727273 107.8787878787879 108.4848484848485 109.0909090909091 109.6969696969697 110.3030303030303 110.9090909090909 111.5151515151515 112.1212121212121 112.7272727272727 113.3333333333333 113.9393939393939 114.5454545454545 115.1515151515152 115.7575757575758 116.3636363636364 116.969696969697 117.5757575757576 118.1818181818182 118.7878787878788 119.3939393939394 120


# name: y
# type: matrix
# rows: 1
# columns: 100
 198537.009569378 197486.7010874293 196436.3926054807 195386.084123532 194335.7756415833 193285.4671596346 192235.1586776859 191184.8501957373 190134.5417137886 189084.2332318399 188033.9247498913 186983.6162679426 185933.3077859939 184882.9993040452 183832.6908220965 182782.3823401479 181732.0738581992 180681.7653762506 179631.4568943019 178581.1484123532 177530.8399304045 176480.5314484558 175430.2229665072 174379.9144845585 173329.6060026098 172279.2975206611 171228.9890387125 170178.6805567638 169128.3720748151 168078.0635928665 167027.7551109178 165977.4466289691 164927.1381470205 163876.8296650718 162826.5211831231 161776.2127011744 160725.9042192257 159675.5957372771 158625.2872553284 157574.9787733797 156524.670291431 155474.3618094824 154424.0533275337 153373.744845585 152323.4363636364 151273.1278816877 150222.819399739 149172.5109177904 148122.2024358417 147071.893953893 146021.5854719443 144971.2769899956 143920.968508047 142870.6600260983 141820.3515441496 140770.0430622009 139719.7345802523 138669.4260983036 137619.1176163549 136568.8091344063 135518.5006524576 134468.1921705089 133417.8836885603 132367.5752066116 131317.2667246629 130266.9582427142 129216.6497607655 128166.3412788169 127116.0327968682 126065.7243149195 125015.4158329709 123965.1073510222 122914.7988690735 121864.4903871248 120814.1819051762 119763.8734232275 118713.5649412788 117663.2564593301 116612.9479773815 115562.6394954328 114512.3310134841 113462.0225315354 112411.7140495868 111361.4055676381 110311.0970856894 109260.7886037408 108210.4801217921 107160.1716398434 106109.8631578947 105059.5546759461 104009.2461939974 102958.9377120487 101908.6292301001 100858.3207481514 99808.01226620268 98757.70378425403 97707.39530230535 96657.08682035668 95606.77833840798 94556.46985645933


# name: QUERY
# type: sq_string
# elements: 1
# length: 2
R4


# name: DATASIZE
# type: sq_string
# elements: 1
# length: 3
250


