# Created by Octave 4.0.0, Wed May 18 23:50:17 2016 CEST <peter@Independence>
# name: SVs
# type: cell
# rows: 1
# columns: 7
# name: <cell-element>
# type: sparse matrix
# nnz: 26
# rows: 26
# columns: 1
1 1 0.3718103655073699
2 1 -1.474420414943018
3 1 -1.474420414943018
4 1 -0.5513050247178242
5 1 0.3718103655073699
6 1 -0.5513050247178242
7 1 0.3718103655073699
8 1 1.294925755732564
9 1 -0.5513050247178242
10 1 0.3718103655073699
11 1 -0.5513050247178242
12 1 0.3718103655073699
13 1 1.294925755732564
14 1 0.3718103655073699
15 1 -0.5513050247178242
16 1 0.3718103655073699
17 1 0.3718103655073699
18 1 1.294925755732564
19 1 -1.474420414943018
20 1 -1.474420414943018
21 1 0.3718103655073699
22 1 0.3718103655073699
23 1 -0.5513050247178242
24 1 -0.5513050247178242
25 1 -0.5513050247178242
26 1 -0.5513050247178242



# name: <cell-element>
# type: sparse matrix
# nnz: 30
# rows: 30
# columns: 1
1 1 1.294925755732564
2 1 1.294925755732564
3 1 -1.474420414943018
4 1 -1.474420414943018
5 1 0.3718103655073699
6 1 -0.5513050247178242
7 1 0.3718103655073699
8 1 -1.474420414943018
9 1 1.294925755732564
10 1 1.294925755732564
11 1 -0.5513050247178242
12 1 0.3718103655073699
13 1 1.294925755732564
14 1 1.294925755732564
15 1 0.3718103655073699
16 1 -0.5513050247178242
17 1 0.3718103655073699
18 1 0.3718103655073699
19 1 1.294925755732564
20 1 -1.474420414943018
21 1 -1.474420414943018
22 1 1.294925755732564
23 1 -1.474420414943018
24 1 1.294925755732564
25 1 -1.474420414943018
26 1 -1.474420414943018
27 1 0.3718103655073699
28 1 -0.5513050247178242
29 1 -0.5513050247178242
30 1 -0.5513050247178242



# name: <cell-element>
# type: sparse matrix
# nnz: 22
# rows: 22
# columns: 1
1 1 -1.474420414943018
2 1 -1.474420414943018
3 1 0.3718103655073699
4 1 -0.5513050247178242
5 1 0.3718103655073699
6 1 -0.5513050247178242
7 1 -0.5513050247178242
8 1 0.3718103655073699
9 1 -1.474420414943018
10 1 0.3718103655073699
11 1 -0.5513050247178242
12 1 0.3718103655073699
13 1 0.3718103655073699
14 1 1.294925755732564
15 1 -1.474420414943018
16 1 -1.474420414943018
17 1 -1.474420414943018
18 1 -0.5513050247178242
19 1 0.3718103655073699
20 1 -0.5513050247178242
21 1 -0.5513050247178242
22 1 -0.5513050247178242



# name: <cell-element>
# type: sparse matrix
# nnz: 20
# rows: 20
# columns: 1
1 1 1.294925755732564
2 1 -1.474420414943018
3 1 0.3718103655073699
4 1 0.3718103655073699
5 1 -1.474420414943018
6 1 1.294925755732564
7 1 1.294925755732564
8 1 -0.5513050247178242
9 1 1.294925755732564
10 1 -0.5513050247178242
11 1 0.3718103655073699
12 1 0.3718103655073699
13 1 1.294925755732564
14 1 -1.474420414943018
15 1 -1.474420414943018
16 1 1.294925755732564
17 1 1.294925755732564
18 1 -1.474420414943018
19 1 -0.5513050247178242
20 1 -0.5513050247178242



# name: <cell-element>
# type: sparse matrix
# nnz: 29
# rows: 29
# columns: 1
1 1 1.294925755732564
2 1 1.294925755732564
3 1 -1.474420414943018
4 1 -1.474420414943018
5 1 -1.474420414943018
6 1 0.3718103655073699
7 1 0.3718103655073699
8 1 -1.474420414943018
9 1 1.294925755732564
10 1 1.294925755732564
11 1 -0.5513050247178242
12 1 -0.5513050247178242
13 1 1.294925755732564
14 1 1.294925755732564
15 1 0.3718103655073699
16 1 -0.5513050247178242
17 1 0.3718103655073699
18 1 0.3718103655073699
19 1 1.294925755732564
20 1 -1.474420414943018
21 1 -1.474420414943018
22 1 1.294925755732564
23 1 -0.5513050247178242
24 1 1.294925755732564
25 1 -1.474420414943018
26 1 0.3718103655073699
27 1 -0.5513050247178242
28 1 -0.5513050247178242
29 1 -0.5513050247178242



# name: <cell-element>
# type: sparse matrix
# nnz: 41
# rows: 41
# columns: 1
1 1 1.294925755732564
2 1 0.3718103655073699
3 1 -1.474420414943018
4 1 -1.474420414943018
5 1 -0.5513050247178242
6 1 0.3718103655073699
7 1 -1.474420414943018
8 1 0.3718103655073699
9 1 -0.5513050247178242
10 1 0.3718103655073699
11 1 -1.474420414943018
12 1 1.294925755732564
13 1 -0.5513050247178242
14 1 0.3718103655073699
15 1 -0.5513050247178242
16 1 0.3718103655073699
17 1 -0.5513050247178242
18 1 1.294925755732564
19 1 -1.474420414943018
20 1 1.294925755732564
21 1 0.3718103655073699
22 1 -0.5513050247178242
23 1 0.3718103655073699
24 1 0.3718103655073699
25 1 1.294925755732564
26 1 0.3718103655073699
27 1 -1.474420414943018
28 1 -1.474420414943018
29 1 1.294925755732564
30 1 -1.474420414943018
31 1 -0.5513050247178242
32 1 1.294925755732564
33 1 -1.474420414943018
34 1 -1.474420414943018
35 1 0.3718103655073699
36 1 0.3718103655073699
37 1 0.3718103655073699
38 1 -0.5513050247178242
39 1 -0.5513050247178242
40 1 -0.5513050247178242
41 1 -0.5513050247178242



# name: <cell-element>
# type: scalar
0





# name: coefficients
# type: cell
# rows: 1
# columns: 7
# name: <cell-element>
# type: matrix
# rows: 26
# columns: 1
 0.1
 -0.1
 0.1
 -0.1
 -0.1
 -0.1
 0.1
 -0.03437643659281187
 -0.1
 0.1
 0.1
 -0.1
 -0.1
 0.1
 0.1
 -0.1
 -0.1
 -0.1
 0.1
 0.1
 -0.1
 0.1
 0.1
 0.03437643659281185
 0.1
 -0.1



# name: <cell-element>
# type: matrix
# rows: 30
# columns: 1
 -0.1
 -0.1
 0.1
 0.1
 -0.1
 -0.1
 0.1
 0.1
 -0.1
 -0.1
 0.1
 -0.01893039627021102
 -0.1
 -0.1
 0.1
 0.1
 -0.1
 -0.1
 -0.1
 0.1
 0.1
 -0.1
 0.01893039627021102
 -0.1
 0.1
 0.1
 -0.1
 0.1
 0.1
 0.1



# name: <cell-element>
# type: matrix
# rows: 22
# columns: 1
 -0.1
 0.1
 -0.1
 -0.1
 0.1
 -0.1
 0.1
 -0.1
 -0.1
 0.1
 0.1
 -0.1
 -0.1
 -0.1
 0.1
 0.1
 -0.08224245494094366
 0.08224245494094366
 -0.1
 0.1
 0.1
 0.1



# name: <cell-element>
# type: matrix
# rows: 20
# columns: 1
 -5
 5
 -5
 5
 5
 -5
 -5
 5
 -5
 5
 -0.4688287399363181
 -5
 -5
 5
 5
 -5
 -5
 0.4688287399363223
 5
 5



# name: <cell-element>
# type: matrix
# rows: 29
# columns: 1
 -5
 -5
 -5
 5
 0.5675267718639881
 -5
 5
 5
 -5
 -5
 5
 4.43247322813601
 -5
 -5
 5
 5
 -5
 -5
 -5
 5
 5
 -5
 5
 -5
 5
 -5
 5
 5
 5



# name: <cell-element>
# type: matrix
# rows: 41
# columns: 1
 0.87368
 0.87368
 -0.87368
 0.87368
 -0.87368
 0.87368
 0.1410838542357223
 -0.87368
 -0.87368
 0.87368
 0.87368
 -0.87368
 -0.87368
 0.87368
 0.87368
 -0.87368
 -0.87368
 -0.87368
 -0.87368
 0.87368
 0.87368
 0.87368
 -0.87368
 -0.87368
 -0.87368
 -0.87368
 0.87368
 0.87368
 0.4901180490259245
 -0.87368
 -0.2926050071578031
 -0.87368
 0.87368
 -0.87368
 -0.87368
 0.5350831038961563
 0.87368
 0.87368
 0.87368
 0.87368
 -0.87368



# name: <cell-element>
# type: scalar
0





# name: b
# type: cell
# rows: 1
# columns: 7
# name: <cell-element>
# type: scalar
-0.01297435161209805



# name: <cell-element>
# type: scalar
-0.2867450090373983



# name: <cell-element>
# type: scalar
-0.1308699799329468



# name: <cell-element>
# type: scalar
-0.1100437110706058



# name: <cell-element>
# type: scalar
-0.3363105714261112



# name: <cell-element>
# type: scalar
0.05894904465862082



# name: <cell-element>
# type: scalar
0





# name: models
# type: cell
# rows: 1
# columns: 7
# name: <cell-element>
# type: scalar struct
# ndims: 2
 1 1
# length: 11
# name: Parameters
# type: matrix
# rows: 5
# columns: 1
 3
 0
 3
 1
 0


# name: nr_class
# type: scalar
2


# name: totalSV
# type: scalar
26


# name: rho
# type: scalar
0.01297435161209805


# name: Label
# type: matrix
# rows: 0
# columns: 0


# name: sv_indices
# type: matrix
# rows: 26
# columns: 1
 3
 4
 5
 6
 9
 10
 11
 14
 15
 16
 17
 18
 20
 23
 24
 25
 26
 27
 29
 30
 37
 39
 40
 41
 42
 43


# name: ProbA
# type: matrix
# rows: 0
# columns: 0


# name: ProbB
# type: matrix
# rows: 0
# columns: 0


# name: nSV
# type: matrix
# rows: 0
# columns: 0


# name: sv_coef
# type: matrix
# rows: 26
# columns: 1
 0.1
 -0.1
 0.1
 -0.1
 -0.1
 -0.1
 0.1
 -0.03437643659281187
 -0.1
 0.1
 0.1
 -0.1
 -0.1
 0.1
 0.1
 -0.1
 -0.1
 -0.1
 0.1
 0.1
 -0.1
 0.1
 0.1
 0.03437643659281185
 0.1
 -0.1


