# Created by Octave 4.0.0, Mon May 23 13:48:41 2016 CEST <peter@Independence>
# name: SVs
# type: cell
# rows: 1
# columns: 7
# name: <cell-element>
# type: sparse matrix
# nnz: 19
# rows: 19
# columns: 1
1 1 1.294925755732564
2 1 0.3718103655073699
3 1 0.3718103655073699
4 1 0.3718103655073699
5 1 -1.474420414943018
6 1 -0.5513050247178242
7 1 -0.5513050247178242
8 1 -1.474420414943018
9 1 -0.5513050247178242
10 1 -0.5513050247178242
11 1 0.3718103655073699
12 1 -0.5513050247178242
13 1 0.3718103655073699
14 1 0.3718103655073699
15 1 -0.5513050247178242
16 1 -1.474420414943018
17 1 -0.5513050247178242
18 1 0.3718103655073699
19 1 -0.5513050247178242



# name: <cell-element>
# type: sparse matrix
# nnz: 6
# rows: 6
# columns: 1
1 1 1.294925755732564
2 1 -1.474420414943018
3 1 -0.5513050247178242
4 1 1.294925755732564
5 1 -1.474420414943018
6 1 1.294925755732564



# name: <cell-element>
# type: sparse matrix
# nnz: 14
# rows: 14
# columns: 1
1 1 0.3718103655073699
2 1 0.3718103655073699
3 1 -1.474420414943018
4 1 -1.474420414943018
5 1 -0.5513050247178242
6 1 -0.5513050247178242
7 1 -0.5513050247178242
8 1 0.3718103655073699
9 1 0.3718103655073699
10 1 -0.5513050247178242
11 1 -1.474420414943018
12 1 -0.5513050247178242
13 1 0.3718103655073699
14 1 -0.5513050247178242



# name: <cell-element>
# type: sparse matrix
# nnz: 4
# rows: 4
# columns: 1
1 1 1.294925755732564
2 1 -0.5513050247178242
3 1 1.294925755732564
4 1 -1.474420414943018



# name: <cell-element>
# type: sparse matrix
# nnz: 42
# rows: 42
# columns: 1
1 1 1.294925755732564
2 1 -1.474420414943018
3 1 0.3718103655073699
4 1 1.294925755732564
5 1 0.3718103655073699
6 1 0.3718103655073699
7 1 0.3718103655073699
8 1 -1.474420414943018
9 1 0.3718103655073699
10 1 1.294925755732564
11 1 1.294925755732564
12 1 -0.5513050247178242
13 1 -1.474420414943018
14 1 -0.5513050247178242
15 1 1.294925755732564
16 1 -1.474420414943018
17 1 -0.5513050247178242
18 1 -1.474420414943018
19 1 -0.5513050247178242
20 1 -1.474420414943018
21 1 -0.5513050247178242
22 1 -0.5513050247178242
23 1 -1.474420414943018
24 1 -0.5513050247178242
25 1 -0.5513050247178242
26 1 0.3718103655073699
27 1 1.294925755732564
28 1 -0.5513050247178242
29 1 -0.5513050247178242
30 1 0.3718103655073699
31 1 0.3718103655073699
32 1 -0.5513050247178242
33 1 1.294925755732564
34 1 1.294925755732564
35 1 -1.474420414943018
36 1 -0.5513050247178242
37 1 1.294925755732564
38 1 1.294925755732564
39 1 0.3718103655073699
40 1 -0.5513050247178242
41 1 0.3718103655073699
42 1 1.294925755732564



# name: <cell-element>
# type: sparse matrix
# nnz: 18
# rows: 18
# columns: 1
1 1 0.3718103655073699
2 1 0.3718103655073699
3 1 0.3718103655073699
4 1 1.294925755732564
5 1 -1.474420414943018
6 1 -0.5513050247178242
7 1 -0.5513050247178242
8 1 -1.474420414943018
9 1 -0.5513050247178242
10 1 -0.5513050247178242
11 1 0.3718103655073699
12 1 -0.5513050247178242
13 1 0.3718103655073699
14 1 0.3718103655073699
15 1 -0.5513050247178242
16 1 -1.474420414943018
17 1 -0.5513050247178242
18 1 -0.5513050247178242



# name: <cell-element>
# type: scalar
0





# name: coefficients
# type: cell
# rows: 1
# columns: 7
# name: <cell-element>
# type: matrix
# rows: 19
# columns: 1
 4.612880308374532
 5
 -5
 -5
 -5
 -5
 -5
 5
 5
 5
 5
 0.3871196916254679
 -5
 5
 5
 5
 -5
 -5
 -5



# name: <cell-element>
# type: matrix
# rows: 6
# columns: 1
 -0.35789
 0.35789
 0.01161879376712367
 -0.35789
 0.35789
 -0.01161879376712367



# name: <cell-element>
# type: matrix
# rows: 14
# columns: 1
 -0.1
 -0.1
 -0.1
 0.1
 0.1
 0.1
 0.1
 -0.1
 0.1
 0.1
 0.1
 -0.1
 -0.1
 -0.1



# name: <cell-element>
# type: matrix
# rows: 4
# columns: 1
 -5
 3.459166393110647
 -3.459166393110649
 5



# name: <cell-element>
# type: matrix
# rows: 42
# columns: 1
 -0.1
 0.1
 -0.1
 -0.1
 0.1
 -0.01038814079365294
 -0.1
 0.01038814079365294
 -0.1
 -0.1
 -0.1
 0.1
 0.1
 0.1
 -0.1
 -0.1
 0.1
 0.1
 -0.1
 0.1
 0.1
 0.1
 0.1
 0.1
 0.1
 0.1
 -0.1
 0.1
 0.1
 -0.1
 0.1
 0.1
 -0.1
 -0.1
 0.1
 -0.1
 -0.1
 -0.1
 -0.1
 -0.1
 0.1
 -0.1



# name: <cell-element>
# type: matrix
# rows: 18
# columns: 1
 1.1316
 -1.1316
 -1.1316
 -0.9848369284932402
 -1.1316
 -1.1316
 -1.1316
 1.1316
 1.1316
 1.1316
 1.1316
 0.9848369284932402
 -1.1316
 1.1316
 1.1316
 1.1316
 -1.1316
 -1.1316



# name: <cell-element>
# type: scalar
0





# name: b
# type: cell
# rows: 1
# columns: 7
# name: <cell-element>
# type: scalar
0.06000634632460469



# name: <cell-element>
# type: scalar
-0.253739293677415



# name: <cell-element>
# type: scalar
-0.04971876653419149



# name: <cell-element>
# type: scalar
-0.1655849520286345



# name: <cell-element>
# type: scalar
-0.268681464390938



# name: <cell-element>
# type: scalar
0.1507528109883231



# name: <cell-element>
# type: scalar
0





# name: models
# type: cell
# rows: 1
# columns: 7
# name: <cell-element>
# type: scalar struct
# ndims: 2
 1 1
# length: 11
# name: Parameters
# type: matrix
# rows: 5
# columns: 1
 3
 0
 3
 1
 0


# name: nr_class
# type: scalar
2


# name: totalSV
# type: scalar
19


# name: rho
# type: scalar
-0.06000634632460469


# name: Label
# type: matrix
# rows: 0
# columns: 0


# name: sv_indices
# type: matrix
# rows: 19
# columns: 1
 1
 5
 7
 9
 16
 18
 20
 24
 25
 26
 27
 30
 31
 32
 33
 36
 37
 40
 41


# name: ProbA
# type: matrix
# rows: 0
# columns: 0


# name: ProbB
# type: matrix
# rows: 0
# columns: 0


# name: nSV
# type: matrix
# rows: 0
# columns: 0


# name: sv_coef
# type: matrix
# rows: 19
# columns: 1
 4.612880308374532
 5
 -5
 -5
 -5
 -5
 -5
 5
 5
 5
 5
 0.3871196916254679
 -5
 5
 5
 5
 -5
 -5
 -5


# name: SVs
# type: sparse matrix
# nnz: 19
# rows: 19
# columns: 1
1 1 1.294925755732564
2 1 0.3718103655073699
3 1 0.3718103655073699
4 1 0.3718103655073699
5 1 -1.474420414943018
6 1 -0.5513050247178242
7 1 -0.5513050247178242
8 1 -1.474420414943018
9 1 -0.5513050247178242
10 1 -0.5513050247178242
11 1 0.3718103655073699
12 1 -0.5513050247178242
13 1 0.3718103655073699
14 1 0.3718103655073699
15 1 -0.5513050247178242
16 1 -1.474420414943018
17 1 -0.5513050247178242
18 1 0.3718103655073699
19 1 -0.5513050247178242





# name: <cell-element>
# type: scalar struct
# ndims: 2
 1 1
# length: 11
# name: Parameters
# type: matrix
# rows: 5
# columns: 1
 3
 1
 2
 1
 0


# name: nr_class
# type: scalar
2


# name: totalSV
# type: scalar
6


# name: rho
# type: scalar
0.253739293677415


# name: Label
# type: matrix
# rows: 0
# columns: 0


# name: sv_indices
# type: matrix
# rows: 6
# columns: 1
 15
 24
 33
 34
 36
 43


# name: ProbA
# type: matrix
# rows: 0
# columns: 0


# name: ProbB
# type: matrix
# rows: 0
# columns: 0


# name: nSV
# type: matrix
# rows: 0
# columns: 0


# name: sv_coef
# type: matrix
# rows: 6
# columns: 1
 -0.35789
 0.35789
 0.01161879376712367
 -0.35789
 0.35789
 -0.01161879376712367


# name: SVs
# type: sparse matrix
# nnz: 6
# rows: 6
# columns: 1
1 1 1.294925755732564
2 1 -1.474420414943018
3 1 -0.5513050247178242
4 1 1.294925755732564
5 1 -1.474420414943018
6 1 1.294925755732564





# name: <cell-element>
# type: scalar struct
# ndims: 2
 1 1
# length: 11
# name: Parameters
# type: matrix
# rows: 5
# columns: 1
 3
 1
 3
 1
 0


# name: nr_class
# type: scalar
2


# name: totalSV
# type: scalar
14


# name: rho
# type: scalar
0.04971876653419149


# name: Label
# type: matrix
# rows: 0
# columns: 0


# name: sv_indices
# type: matrix
# rows: 14
# columns: 1
 7
 9
 16
 24
 25
 26
 30
 31
 32
 33
 36
 37
 40
 41


# name: ProbA
# type: matrix
# rows: 0
# columns: 0


# name: ProbB
# type: matrix
# rows: 0
# columns: 0


# name: nSV
# type: matrix
# rows: 0
# columns: 0


# name: sv_coef
# type: matrix
# rows: 14
# columns: 1
 -0.1
 -0.1
 -0.1
 0.1
 0.1
 0.1
 0.1
 -0.1
 0.1
 0.1
 0.1
 -0.1
 -0.1
 -0.1


