# Created by Octave 4.0.0, Mon May 23 13:48:35 2016 CEST <peter@Independence>
# name: mu
# type: matrix
# rows: 1
# columns: 2
 143177 91.94444444444444


# name: sigma
# type: matrix
# rows: 1
# columns: 2
 49050.27326624142 21.66576379483934


