# Created by Octave 4.0.0, Wed May 18 23:50:18 2016 CEST <peter@Independence>
# name: x
# type: matrix
# rows: 1
# columns: 100
 60 60.60606060606061 61.21212121212122 61.81818181818181 62.42424242424242 63.03030303030303 63.63636363636364 64.24242424242425 64.84848484848484 65.45454545454547 66.06060606060606 66.66666666666667 67.27272727272728 67.87878787878788 68.48484848484848 69.09090909090909 69.6969696969697 70.30303030303031 70.90909090909091 71.51515151515152 72.12121212121212 72.72727272727273 73.33333333333333 73.93939393939394 74.54545454545455 75.15151515151516 75.75757575757575 76.36363636363636 76.96969696969697 77.57575757575758 78.18181818181819 78.78787878787878 79.39393939393939 80 80.60606060606061 81.21212121212122 81.81818181818181 82.42424242424242 83.03030303030303 83.63636363636364 84.24242424242425 84.84848484848484 85.45454545454545 86.06060606060606 86.66666666666666 87.27272727272727 87.87878787878788 88.48484848484848 89.09090909090909 89.6969696969697 90.3030303030303 90.90909090909091 91.51515151515152 92.12121212121212 92.72727272727273 93.33333333333333 93.93939393939394 94.54545454545455 95.15151515151516 95.75757575757575 96.36363636363636 96.96969696969697 97.57575757575758 98.18181818181819 98.78787878787878 99.39393939393939 100 100.6060606060606 101.2121212121212 101.8181818181818 102.4242424242424 103.030303030303 103.6363636363636 104.2424242424242 104.8484848484848 105.4545454545455 106.0606060606061 106.6666666666667 107.2727272727273 107.8787878787879 108.4848484848485 109.0909090909091 109.6969696969697 110.3030303030303 110.9090909090909 111.5151515151515 112.1212121212121 112.7272727272727 113.3333333333333 113.9393939393939 114.5454545454545 115.1515151515152 115.7575757575758 116.3636363636364 116.969696969697 117.5757575757576 118.1818181818182 118.7878787878788 119.3939393939394 120


# name: y
# type: matrix
# rows: 100
# columns: 1
 165278.2602893338
 161087.7651181729
 157283.466153581
 153836.3492658298
 150719.0668030773
 147905.8725206383
 145372.5578049767
 143096.3891948601
 141056.0471974842
 139231.5664013844
 137604.2768851747
 136156.7469221464
 134872.7269810813
 133737.0950230539
 132735.803094173
 131855.8252144285
 131085.1065626697
 130412.5139573287
 129827.7876335054
 129321.4943158032
 128884.9815873804
 128510.333554935
 128190.3278097467
 127918.3936847557
 127688.5718076496
 127495.4749500108
 127334.2501724336
 127200.5422657544
 127090.458488231
 127000.534598808
 126927.702186375
 126869.257295075
 126822.830345626
 126786.3573526871
 126758.0524382415
 126736.3816410137
 126720.0380219135
 126707.9180655118
 126699.0993775418
 126692.8196784317
 126688.4570928642
 126685.511735367
 126683.5885919307
 126682.3816976562
 126681.6596104305
 126681.2521806324
 126681.0386168658
 126680.9368477229
 126680.8941795758
 126680.8792503974
 126680.8752796102
 126680.8746139657
 126680.8745694508
 126680.8745692245
 126680.874577583
 126680.8748299534
 126680.8768589166
 126680.8858162594
 126680.914091055
 126680.9862237722
 126681.1451164144
 126681.4595386866
 126682.0329301916
 126683.0134986556
 126684.6056141814
 126687.0824995321
 126690.8002164426
 126696.2129479599
 126703.8895768135
 126714.5315598133
 126728.9920982773
 126748.296604487
 126773.6644641743
 126806.5320950338
 126848.5773012673
 126901.7449241532
 126968.273788651
 127050.7249460269
 127152.0112125151
 127275.4280040058
 127424.6854667555
 127603.9419041412
 127817.8384994309
 128071.535334582
 128370.7487050779
 128721.7897307789
 129131.6042628475
 129607.8140866206
 130158.7594205592
 130793.5427112874
 131522.0737245273
 132355.1159321051
 133304.3341951989
 134382.3437431667
 135602.7604488427
 136980.2523997216
 138530.5927649364
 140270.7139586128
 142218.7630992037
 144394.1587644706


# name: QUERY
# type: sq_string
# elements: 1
# length: 2
R4


# name: DATASIZE
# type: sq_string
# elements: 1
# length: 3
250


