# Created by Octave 4.0.0, Wed May 18 23:50:18 2016 CEST <peter@Independence>
# name: x
# type: matrix
# rows: 1
# columns: 100
 60 60.60606060606061 61.21212121212122 61.81818181818181 62.42424242424242 63.03030303030303 63.63636363636364 64.24242424242425 64.84848484848484 65.45454545454547 66.06060606060606 66.66666666666667 67.27272727272728 67.87878787878788 68.48484848484848 69.09090909090909 69.6969696969697 70.30303030303031 70.90909090909091 71.51515151515152 72.12121212121212 72.72727272727273 73.33333333333333 73.93939393939394 74.54545454545455 75.15151515151516 75.75757575757575 76.36363636363636 76.96969696969697 77.57575757575758 78.18181818181819 78.78787878787878 79.39393939393939 80 80.60606060606061 81.21212121212122 81.81818181818181 82.42424242424242 83.03030303030303 83.63636363636364 84.24242424242425 84.84848484848484 85.45454545454545 86.06060606060606 86.66666666666666 87.27272727272727 87.87878787878788 88.48484848484848 89.09090909090909 89.6969696969697 90.3030303030303 90.90909090909091 91.51515151515152 92.12121212121212 92.72727272727273 93.33333333333333 93.93939393939394 94.54545454545455 95.15151515151516 95.75757575757575 96.36363636363636 96.96969696969697 97.57575757575758 98.18181818181819 98.78787878787878 99.39393939393939 100 100.6060606060606 101.2121212121212 101.8181818181818 102.4242424242424 103.030303030303 103.6363636363636 104.2424242424242 104.8484848484848 105.4545454545455 106.0606060606061 106.6666666666667 107.2727272727273 107.8787878787879 108.4848484848485 109.0909090909091 109.6969696969697 110.3030303030303 110.9090909090909 111.5151515151515 112.1212121212121 112.7272727272727 113.3333333333333 113.9393939393939 114.5454545454545 115.1515151515152 115.7575757575758 116.3636363636364 116.969696969697 117.5757575757576 118.1818181818182 118.7878787878788 119.3939393939394 120


# name: y
# type: matrix
# rows: 100
# columns: 1
 152842.7071035059
 151731.6800297813
 150683.2760798838
 149695.0966572431
 148764.7900051867
 147890.0512070671
 147068.6221861535
 146298.2917057329
 145576.8953690201
 144902.3156192082
 144272.4817394576
 143685.3698528954
 143139.002922613
 142631.4507516736
 142160.8299831005
 141725.304099874
 141323.0834249659
 140952.4251212877
 140611.6331917381
 140299.0584791676
 140013.0986663997
 139752.1982762238
 139514.8486713913
 139299.5880546251
 139105.00146861
 138929.7207960043
 138772.4247594219
 138631.8389214517
 138506.7356846429
 138395.9342915154
 138298.3008245522
 138212.7482062059
 138138.2361988912
 138073.7714049916
 138018.4072668564
 137971.2440668016
 137931.4289271077
 137898.1558100232
 137870.665517762
 137848.2456925047
 137830.2308163975
 137816.0022115532
 137804.988040051
 137796.6633039359
 137790.5498452195
 137786.2163458794
 137783.2783278594
 137781.3981530697
 137780.2850233867
 137779.6949806529
 137779.4309066772
 137779.3425232344
 137779.326392066
 137779.3259148793
 137779.3313333481
 137779.3797291123
 137779.5550237781
 137779.9879789178
 137780.85619607
 137782.3841167396
 137784.8430223976
 137788.5510344814
 137793.8731143945
 137801.2210635064
 137811.0535231534
 137823.8759746375
 137840.2407392271
 137860.7469781569
 137886.0406926278
 137916.8147238068
 137953.8087528276
 137997.809300789
 138049.6497287574
 138110.2102377644
 138180.417868809
 138261.2465028545
 138353.7168608327
 138458.8965036396
 138577.8998321388
 138711.8880871604
 138862.0693494977
 139029.6985399143
 139216.0774191384
 139422.5545878643
 139650.5254867522
 139901.4323964244
 140176.7644374819
 140478.0575704814
 140806.8945959429
 141164.9051543658
 141553.7657262075
 141975.199631876
 142430.9770317851
 142922.9149262786
 143452.8771556747
 144022.7744002788
 144634.5641803348
 145290.2508560562
 145991.8856276472
 146741.5665352532


# name: QUERY
# type: sq_string
# elements: 1
# length: 2
R4


# name: DATASIZE
# type: sq_string
# elements: 1
# length: 3
250


