# Created by Octave 4.0.0, Wed May 18 23:50:18 2016 CEST <peter@Independence>
# name: x
# type: matrix
# rows: 1
# columns: 100
 60 60.60606060606061 61.21212121212122 61.81818181818181 62.42424242424242 63.03030303030303 63.63636363636364 64.24242424242425 64.84848484848484 65.45454545454547 66.06060606060606 66.66666666666667 67.27272727272728 67.87878787878788 68.48484848484848 69.09090909090909 69.6969696969697 70.30303030303031 70.90909090909091 71.51515151515152 72.12121212121212 72.72727272727273 73.33333333333333 73.93939393939394 74.54545454545455 75.15151515151516 75.75757575757575 76.36363636363636 76.96969696969697 77.57575757575758 78.18181818181819 78.78787878787878 79.39393939393939 80 80.60606060606061 81.21212121212122 81.81818181818181 82.42424242424242 83.03030303030303 83.63636363636364 84.24242424242425 84.84848484848484 85.45454545454545 86.06060606060606 86.66666666666666 87.27272727272727 87.87878787878788 88.48484848484848 89.09090909090909 89.6969696969697 90.3030303030303 90.90909090909091 91.51515151515152 92.12121212121212 92.72727272727273 93.33333333333333 93.93939393939394 94.54545454545455 95.15151515151516 95.75757575757575 96.36363636363636 96.96969696969697 97.57575757575758 98.18181818181819 98.78787878787878 99.39393939393939 100 100.6060606060606 101.2121212121212 101.8181818181818 102.4242424242424 103.030303030303 103.6363636363636 104.2424242424242 104.8484848484848 105.4545454545455 106.0606060606061 106.6666666666667 107.2727272727273 107.8787878787879 108.4848484848485 109.0909090909091 109.6969696969697 110.3030303030303 110.9090909090909 111.5151515151515 112.1212121212121 112.7272727272727 113.3333333333333 113.9393939393939 114.5454545454545 115.1515151515152 115.7575757575758 116.3636363636364 116.969696969697 117.5757575757576 118.1818181818182 118.7878787878788 119.3939393939394 120


# name: y
# type: matrix
# rows: 100
# columns: 1
 144579.3372829147
 143998.0047920237
 143427.8071612935
 142868.7443907241
 142320.8164803153
 141784.0234300674
 141258.36523998
 140743.8419100535
 140240.4534402876
 139748.1998306825
 139267.0810812381
 138797.0971919544
 138338.2481628314
 137890.5339938691
 137453.9546850676
 137028.5102364268
 136614.2006479467
 136211.0259196273
 135818.9860514686
 135438.0810434707
 135068.3108956335
 134709.675607957
 134362.1751804412
 134025.8096130861
 133700.5789058917
 133386.4830588581
 133083.5220719852
 132791.6959452731
 132511.0046787216
 132241.4482723308
 131983.0267261008
 131735.7400400315
 131499.5882141229
 131274.571248375
 131060.6891427879
 130857.9418973614
 130666.3295120957
 130485.8519869907
 130316.5093220464
 130158.3015172629
 130011.2285726401
 129875.290488178
 129750.4872638766
 129636.8188997359
 129534.2853957559
 129442.8867519367
 129362.6229682782
 129293.4940447804
 129235.4999814433
 129188.6407782669
 129152.9164352513
 129128.3269523964
 129114.8723297021
 129112.5525671687
 129121.3676647959
 129141.3176225839
 129172.4024405325
 129214.6221186419
 129267.976656912
 129332.4660553429
 129408.0903139344
 129494.8494326867
 129592.7434115997
 129701.7722506734
 129821.9359499078
 129953.234509303
 130095.6679288588
 130249.2362085754
 130413.9393484528
 130589.7773484908
 130776.7502086895
 130974.857929049
 131184.1005095692
 131404.4779502501
 131635.9902510917
 131878.637412094
 132132.4194332571
 132397.3363145809
 132673.3880560654
 132960.5746577106
 133258.8961195166
 133568.3524414832
 133888.9436236106
 134220.6696658987
 134563.5305683475
 134917.526330957
 135282.6569537273
 135658.9224366583
 136046.32277975
 136444.8579830024
 136854.5280464156
 137275.3329699894
 137707.272753724
 138150.3473976193
 138604.5569016753
 139069.901265892
 139546.3804902695
 140033.9945748076
 140532.7435195065
 141042.6273243661


# name: QUERY
# type: sq_string
# elements: 1
# length: 2
R4


# name: DATASIZE
# type: sq_string
# elements: 1
# length: 3
250


