# Created by Octave 4.0.0, Wed May 18 23:50:18 2016 CEST <peter@Independence>
# name: x
# type: matrix
# rows: 1
# columns: 100
 60 60.60606060606061 61.21212121212122 61.81818181818181 62.42424242424242 63.03030303030303 63.63636363636364 64.24242424242425 64.84848484848484 65.45454545454547 66.06060606060606 66.66666666666667 67.27272727272728 67.87878787878788 68.48484848484848 69.09090909090909 69.6969696969697 70.30303030303031 70.90909090909091 71.51515151515152 72.12121212121212 72.72727272727273 73.33333333333333 73.93939393939394 74.54545454545455 75.15151515151516 75.75757575757575 76.36363636363636 76.96969696969697 77.57575757575758 78.18181818181819 78.78787878787878 79.39393939393939 80 80.60606060606061 81.21212121212122 81.81818181818181 82.42424242424242 83.03030303030303 83.63636363636364 84.24242424242425 84.84848484848484 85.45454545454545 86.06060606060606 86.66666666666666 87.27272727272727 87.87878787878788 88.48484848484848 89.09090909090909 89.6969696969697 90.3030303030303 90.90909090909091 91.51515151515152 92.12121212121212 92.72727272727273 93.33333333333333 93.93939393939394 94.54545454545455 95.15151515151516 95.75757575757575 96.36363636363636 96.96969696969697 97.57575757575758 98.18181818181819 98.78787878787878 99.39393939393939 100 100.6060606060606 101.2121212121212 101.8181818181818 102.4242424242424 103.030303030303 103.6363636363636 104.2424242424242 104.8484848484848 105.4545454545455 106.0606060606061 106.6666666666667 107.2727272727273 107.8787878787879 108.4848484848485 109.0909090909091 109.6969696969697 110.3030303030303 110.9090909090909 111.5151515151515 112.1212121212121 112.7272727272727 113.3333333333333 113.9393939393939 114.5454545454545 115.1515151515152 115.7575757575758 116.3636363636364 116.969696969697 117.5757575757576 118.1818181818182 118.7878787878788 119.3939393939394 120


# name: y
# type: matrix
# rows: 100
# columns: 1
 192338.6026288871
 189234.7491040553
 186248.6558559314
 183378.0454899618
 180620.640611593
 177974.1638262713
 175436.3377394433
 173004.8849565552
 170677.5280830536
 168451.9897243848
 166325.9924859953
 164297.2589733316
 162363.5117918399
 160522.4735469669
 158771.8668441587
 157109.414288862
 155532.8384865231
 154039.8620425885
 152628.2075625045
 151295.5976517176
 150039.7549156742
 148858.4019598207
 147749.2613896036
 146710.0558104693
 145738.5078278641
 144832.3400472346
 143989.2750740272
 143207.0355136881
 142483.343971664
 141815.9230534012
 141202.4953643461
 140640.7835099452
 140128.5100956449
 139663.3977268916
 139243.1690091316
 138865.5465478116
 138528.2529483778
 138229.0108162767
 137965.5427569547
 137735.5713758582
 137536.8192784337
 137367.0090701276
 137223.8633563863
 137105.1047426562
 137008.4558343838
 136931.6392370154
 136872.3775559975
 136828.3933967765
 136797.409364799
 136777.1480655111
 136765.3321043594
 136759.6840867903
 136757.9266182503
 136757.7823041857
 136756.973750043
 136753.2235612685
 136744.2543433088
 136727.7887016103
 136701.5492416193
 136663.2585687822
 136610.6392885456
 136541.4140063559
 136453.3053276594
 136344.0358579025
 136211.3282025318
 136052.9049669935
 135866.4887567342
 135649.8021772003
 135400.5678338382
 135116.5083320942
 134795.346277415
 134434.8042752467
 134032.604931036
 133586.4708502291
 133094.1246382726
 132553.2889006128
 131961.6862426962
 131317.0392699691
 130617.0705878781
 129859.5028018695
 129042.0585173898
 128162.4603398854
 127218.4308748026
 126207.692727588
 125127.9685036879
 123976.9808085488
 122752.4522476171
 121452.1054263392
 120073.6629501616
 118614.8474245306
 117073.3814548927
 115446.9876466943
 113733.3886053818
 111930.3069364017
 110035.4652452003
 108046.5861372242
 105961.3922179196
 103777.6060927331
 101492.9503671111
 99105.14764649991


# name: QUERY
# type: sq_string
# elements: 1
# length: 2
R4


# name: DATASIZE
# type: sq_string
# elements: 1
# length: 3
250


