# Created by Octave 4.0.0, Mon May 23 13:48:41 2016 CEST <peter@Independence>
# name: x
# type: matrix
# rows: 1
# columns: 100
 60 60.60606060606061 61.21212121212122 61.81818181818181 62.42424242424242 63.03030303030303 63.63636363636364 64.24242424242425 64.84848484848484 65.45454545454547 66.06060606060606 66.66666666666667 67.27272727272728 67.87878787878788 68.48484848484848 69.09090909090909 69.6969696969697 70.30303030303031 70.90909090909091 71.51515151515152 72.12121212121212 72.72727272727273 73.33333333333333 73.93939393939394 74.54545454545455 75.15151515151516 75.75757575757575 76.36363636363636 76.96969696969697 77.57575757575758 78.18181818181819 78.78787878787878 79.39393939393939 80 80.60606060606061 81.21212121212122 81.81818181818181 82.42424242424242 83.03030303030303 83.63636363636364 84.24242424242425 84.84848484848484 85.45454545454545 86.06060606060606 86.66666666666666 87.27272727272727 87.87878787878788 88.48484848484848 89.09090909090909 89.6969696969697 90.3030303030303 90.90909090909091 91.51515151515152 92.12121212121212 92.72727272727273 93.33333333333333 93.93939393939394 94.54545454545455 95.15151515151516 95.75757575757575 96.36363636363636 96.96969696969697 97.57575757575758 98.18181818181819 98.78787878787878 99.39393939393939 100 100.6060606060606 101.2121212121212 101.8181818181818 102.4242424242424 103.030303030303 103.6363636363636 104.2424242424242 104.8484848484848 105.4545454545455 106.0606060606061 106.6666666666667 107.2727272727273 107.8787878787879 108.4848484848485 109.0909090909091 109.6969696969697 110.3030303030303 110.9090909090909 111.5151515151515 112.1212121212121 112.7272727272727 113.3333333333333 113.9393939393939 114.5454545454545 115.1515151515152 115.7575757575758 116.3636363636364 116.969696969697 117.5757575757576 118.1818181818182 118.7878787878788 119.3939393939394 120


# name: y
# type: matrix
# rows: 100
# columns: 1
 198824.3133298886
 195580.5582728388
 192459.8713599637
 189459.8725465732
 186578.1817879775
 183812.4190394866
 181160.2042564107
 178619.1573940597
 176186.8984077439
 173861.0472527732
 171639.2238844577
 169519.0482581076
 167498.1403290328
 165574.1200525436
 163744.6073839499
 162007.2222785619
 160359.5846916895
 158799.314578643
 157324.0318947324
 155931.3565952677
 154618.9086355591
 153384.3079709166
 152225.1745566503
 151139.1283480702
 150123.7893004866
 149176.7773692094
 148295.7125095487
 147478.2146768146
 146721.9038263173
 146024.3999133666
 145383.3228932729
 144796.292721346
 144260.9293528962
 143774.8527432334
 143335.6828476679
 142941.0396215095
 142588.5430200685
 142275.8129986549
 142000.4695125788
 141760.1325171503
 141552.4219676794
 141374.9578194762
 141225.3600278509
 141101.2485481134
 141000.243335574
 140919.9643455425
 140858.0315333292
 140812.0648542441
 140779.6842635973
 140758.5097166989
 140746.1611688589
 140740.2585753875
 140738.4218915947
 140738.2710727905
 140737.4260742852
 140733.5068513887
 140724.1333594111
 140706.9255536625
 140679.503389453
 140639.4868220928
 140584.4958068917
 140512.15029916
 140420.0702542077
 140305.8756273449
 140167.1863738817
 140001.6224491282
 139806.8038083944
 139580.3504069904
 139319.8822002262
 139023.0191434121
 138687.3811918581
 138310.5883008741
 137890.2604257704
 137424.017521857
 136909.479544444
 136344.2664488414
 135725.9981903593
 135052.2947243079
 134320.7760059972
 133529.0619907372
 132674.7726338382
 131755.52789061
 130768.9477163629
 129712.6520664069
 128584.260896052
 127381.3941606085
 126101.6718153862
 124742.7138156954
 123302.1401168461
 121777.5706741484
 120166.6254429123
 118466.924378448
 116676.0874360655
 114791.7345710749
 112811.4857387863
 110732.9608945098
 108553.7799935554
 106271.5629912332
 103883.9298428533
 101388.5005037258


# name: QUERY
# type: sq_string
# elements: 1
# length: 2
R4


# name: DATASIZE
# type: sq_string
# elements: 1
# length: 3
250


