# Created by Octave 4.0.0, Mon May 23 13:48:41 2016 CEST <peter@Independence>
# name: x
# type: matrix
# rows: 1
# columns: 100
 60 60.60606060606061 61.21212121212122 61.81818181818181 62.42424242424242 63.03030303030303 63.63636363636364 64.24242424242425 64.84848484848484 65.45454545454547 66.06060606060606 66.66666666666667 67.27272727272728 67.87878787878788 68.48484848484848 69.09090909090909 69.6969696969697 70.30303030303031 70.90909090909091 71.51515151515152 72.12121212121212 72.72727272727273 73.33333333333333 73.93939393939394 74.54545454545455 75.15151515151516 75.75757575757575 76.36363636363636 76.96969696969697 77.57575757575758 78.18181818181819 78.78787878787878 79.39393939393939 80 80.60606060606061 81.21212121212122 81.81818181818181 82.42424242424242 83.03030303030303 83.63636363636364 84.24242424242425 84.84848484848484 85.45454545454545 86.06060606060606 86.66666666666666 87.27272727272727 87.87878787878788 88.48484848484848 89.09090909090909 89.6969696969697 90.3030303030303 90.90909090909091 91.51515151515152 92.12121212121212 92.72727272727273 93.33333333333333 93.93939393939394 94.54545454545455 95.15151515151516 95.75757575757575 96.36363636363636 96.96969696969697 97.57575757575758 98.18181818181819 98.78787878787878 99.39393939393939 100 100.6060606060606 101.2121212121212 101.8181818181818 102.4242424242424 103.030303030303 103.6363636363636 104.2424242424242 104.8484848484848 105.4545454545455 106.0606060606061 106.6666666666667 107.2727272727273 107.8787878787879 108.4848484848485 109.0909090909091 109.6969696969697 110.3030303030303 110.9090909090909 111.5151515151515 112.1212121212121 112.7272727272727 113.3333333333333 113.9393939393939 114.5454545454545 115.1515151515152 115.7575757575758 116.3636363636364 116.969696969697 117.5757575757576 118.1818181818182 118.7878787878788 119.3939393939394 120


# name: y
# type: matrix
# rows: 100
# columns: 1
 168598.9224387783
 164408.0542265738
 160603.4166004616
 157155.9928476781
 154038.4328820767
 151224.9881669044
 148691.4479336897
 146415.0766972951
 144374.5530671003
 142549.9098543384
 140922.4754755765
 139474.8166523339
 138190.6824068505
 137054.9493539986
 136053.5682893351
 135173.5120733021
 134402.7248115727
 133730.0723315341
 133145.2939549247
 132638.9555666065
 132202.4039794882
 131827.7225955884
 131507.6883632463
 131235.7300304738
 131005.8876944538
 130812.7736471823
 130651.5345172541
 130517.8147077936
 130407.7211305294
 130317.7892360136
 130244.9503399847
 130186.5002458754
 130140.0691634643
 130103.592923672
 130075.2854895014
 130053.6127631225
 130037.2676891009
 130025.1466537715
 130016.3271807553
 130010.0469226215
 130005.6839486933
 130002.7383289982
 130000.8150143622
 129999.608012649
 129998.8858611426
 129998.4783950748
 129998.2648122965
 129998.1630340941
 129998.1203621487
 129998.1054316412
 129998.1014605006
 129998.1007947968
 129998.100750278
 129998.1007500517
 129998.1007584109
 129998.1010108037
 129998.1030399476
 129998.1119980878
 129998.1402754004
 129998.2124145389
 129998.3713213258
 129998.6857715881
 129999.2592141369
 130000.2398698918
 130001.832127149
 130004.309232994
 130008.0272808584
 130013.4404942212
 130021.1178064542
 130031.7607368114
 130046.2225625633
 130065.528787275
 130090.8989052285
 130123.7694619897
 130165.8184111191
 130218.9907670274
 130285.5255539751
 130367.9840512158
 130469.2793342847
 130592.7071124311
 130741.9778621943
 130921.2502571253
 131135.1658936516
 131388.8853130863
 131688.1253197823
 132039.1975954297
 132449.048609499
 132925.3008258264
 133476.2952053448
 134111.1350049599
 134839.730872568
 135672.8472382193
 136622.1500014293
 137700.2555146253
 138920.7808627469
 140298.3954389861
 141848.8738166697
 143589.1499172903
 145537.372474682
 147712.9617953326


# name: QUERY
# type: sq_string
# elements: 1
# length: 2
R4


# name: DATASIZE
# type: sq_string
# elements: 1
# length: 3
250


