# Created by Octave 4.0.0, Mon May 23 13:48:41 2016 CEST <peter@Independence>
# name: x
# type: matrix
# rows: 1
# columns: 100
 60 60.60606060606061 61.21212121212122 61.81818181818181 62.42424242424242 63.03030303030303 63.63636363636364 64.24242424242425 64.84848484848484 65.45454545454547 66.06060606060606 66.66666666666667 67.27272727272728 67.87878787878788 68.48484848484848 69.09090909090909 69.6969696969697 70.30303030303031 70.90909090909091 71.51515151515152 72.12121212121212 72.72727272727273 73.33333333333333 73.93939393939394 74.54545454545455 75.15151515151516 75.75757575757575 76.36363636363636 76.96969696969697 77.57575757575758 78.18181818181819 78.78787878787878 79.39393939393939 80 80.60606060606061 81.21212121212122 81.81818181818181 82.42424242424242 83.03030303030303 83.63636363636364 84.24242424242425 84.84848484848484 85.45454545454545 86.06060606060606 86.66666666666666 87.27272727272727 87.87878787878788 88.48484848484848 89.09090909090909 89.6969696969697 90.3030303030303 90.90909090909091 91.51515151515152 92.12121212121212 92.72727272727273 93.33333333333333 93.93939393939394 94.54545454545455 95.15151515151516 95.75757575757575 96.36363636363636 96.96969696969697 97.57575757575758 98.18181818181819 98.78787878787878 99.39393939393939 100 100.6060606060606 101.2121212121212 101.8181818181818 102.4242424242424 103.030303030303 103.6363636363636 104.2424242424242 104.8484848484848 105.4545454545455 106.0606060606061 106.6666666666667 107.2727272727273 107.8787878787879 108.4848484848485 109.0909090909091 109.6969696969697 110.3030303030303 110.9090909090909 111.5151515151515 112.1212121212121 112.7272727272727 113.3333333333333 113.9393939393939 114.5454545454545 115.1515151515152 115.7575757575758 116.3636363636364 116.969696969697 117.5757575757576 118.1818181818182 118.7878787878788 119.3939393939394 120


# name: y
# type: matrix
# rows: 100
# columns: 1
 166969.6762781392
 165607.6566590033
 164271.7252049584
 162961.8819160049
 161678.1267921425
 160420.4598333713
 159188.8810396913
 157983.3904111025
 156803.9879476049
 155650.6736491984
 154523.4475158832
 153422.3095476592
 152347.2597445263
 151298.2981064846
 150275.4246335342
 149278.6393256749
 148307.9421829068
 147363.3332052299
 146444.8123926441
 145552.3797451496
 144686.0352627463
 143845.7789454342
 143031.6107932132
 142243.5308060835
 141481.5389840449
 140745.6353270976
 140035.8198352414
 139352.0925084764
 138694.4533468026
 138062.90235022
 137457.4395187286
 136878.0648523284
 136324.7783510194
 135797.5800148015
 135296.4698436749
 134821.4478376395
 134372.5139966952
 133949.6683208421
 133552.9108100803
 133182.2414644096
 132837.6602838301
 132519.1672683418
 132226.7624179447
 131960.4457326388
 131720.217212424
 131506.0768573005
 131318.0246672682
 131156.060642327
 131020.1847824771
 130910.3970877183
 130826.6975580507
 130769.0861934743
 130737.5629939892
 130732.1279595951
 130752.7810902924
 130799.5223860807
 130872.3518469603
 130971.2694729311
 131096.275263993
 131247.3692201462
 131424.5513413905
 131627.8216277261
 131857.1800791528
 132112.6266956707
 132394.1614772798
 132701.7844239801
 133035.4955357716
 133395.2948126543
 133781.1822546282
 134193.1578616932
 134631.2216338495
 135095.373571097
 135585.6136734356
 136101.9419408655
 136644.3583733865
 137212.8629709987
 137807.4557337021
 138428.1366614967
 139074.9057543825
 139747.7630123595
 140446.7084354277
 141171.7420235871
 141922.8637768376
 142700.0736951794
 143503.3717786123
 144332.7580271364
 145188.2324407517
 146069.7950194583
 146977.445763256
 147911.1846721449
 148871.011746125
 149856.9269851963
 150868.9303893587
 151907.0219586124
 152971.2016929573
 154061.4695923933
 155177.8256569206
 156320.269886539
 157488.8022812486
 158683.4228410495


# name: QUERY
# type: sq_string
# elements: 1
# length: 2
R4


# name: DATASIZE
# type: sq_string
# elements: 1
# length: 3
250


