# Created by Octave 4.0.0, Mon May 23 13:48:41 2016 CEST <peter@Independence>
# name: x
# type: matrix
# rows: 1
# columns: 100
 60 60.60606060606061 61.21212121212122 61.81818181818181 62.42424242424242 63.03030303030303 63.63636363636364 64.24242424242425 64.84848484848484 65.45454545454547 66.06060606060606 66.66666666666667 67.27272727272728 67.87878787878788 68.48484848484848 69.09090909090909 69.6969696969697 70.30303030303031 70.90909090909091 71.51515151515152 72.12121212121212 72.72727272727273 73.33333333333333 73.93939393939394 74.54545454545455 75.15151515151516 75.75757575757575 76.36363636363636 76.96969696969697 77.57575757575758 78.18181818181819 78.78787878787878 79.39393939393939 80 80.60606060606061 81.21212121212122 81.81818181818181 82.42424242424242 83.03030303030303 83.63636363636364 84.24242424242425 84.84848484848484 85.45454545454545 86.06060606060606 86.66666666666666 87.27272727272727 87.87878787878788 88.48484848484848 89.09090909090909 89.6969696969697 90.3030303030303 90.90909090909091 91.51515151515152 92.12121212121212 92.72727272727273 93.33333333333333 93.93939393939394 94.54545454545455 95.15151515151516 95.75757575757575 96.36363636363636 96.96969696969697 97.57575757575758 98.18181818181819 98.78787878787878 99.39393939393939 100 100.6060606060606 101.2121212121212 101.8181818181818 102.4242424242424 103.030303030303 103.6363636363636 104.2424242424242 104.8484848484848 105.4545454545455 106.0606060606061 106.6666666666667 107.2727272727273 107.8787878787879 108.4848484848485 109.0909090909091 109.6969696969697 110.3030303030303 110.9090909090909 111.5151515151515 112.1212121212121 112.7272727272727 113.3333333333333 113.9393939393939 114.5454545454545 115.1515151515152 115.7575757575758 116.3636363636364 116.969696969697 117.5757575757576 118.1818181818182 118.7878787878788 119.3939393939394 120


# name: y
# type: matrix
# rows: 100
# columns: 1
 173043.9597220536
 170242.0158620148
 167598.003776534
 165105.8743483762
 162759.6965878866
 160553.6576330204
 158482.0627493149
 156539.3353299118
 154720.0168955417
 153018.7670945306
 151430.3637028007
 149949.702623868
 148571.7978888419
 147291.7816564306
 146104.9042129319
 145006.5339722385
 143992.1574758429
 143057.3793928259
 142197.9225198682
 141409.6277812409
 140688.4542288122
 140030.4790420446
 139431.8975279941
 138889.0231213126
 138398.2873842454
 137956.2400066345
 137559.5488059137
 137204.9997271138
 136889.4968428584
 136610.0623533671
 136363.8365864533
 136148.0779975257
 135960.1631695869
 135797.5868132345
 135657.9617666605
 135539.018995652
 135438.60759359
 135354.6947814506
 135285.3659078045
 135228.8244488169
 135183.3920082476
 135147.5083174511
 135119.7312353763
 135098.7367485671
 135083.3189711616
 135072.3901448929
 135064.9806390884
 135060.2389506703
 135057.4317041553
 135055.9436516549
 135055.277672875
 135055.0547751162
 135055.0140932737
 135055.0128898375
 135055.0265548918
 135055.1486061159
 135055.5906887834
 135056.6825757626
 135058.8721675164
 135062.7254921024
 135068.9267051726
 135078.278089974
 135091.7000573478
 135110.23114573
 135135.0280211513
 135167.3654772368
 135208.6364352065
 135260.3519438748
 135324.1411796507
 135401.751446538
 135495.048176135
 135606.0149276345
 135736.7533878242
 135889.4833710861
 136066.5428193971
 136270.3878023284
 136503.5925170463
 136768.8492883111
 137068.9685684783
 137406.8789374978
 137785.6271029135
 138208.3778998649
 138678.4142910858
 139199.1373669046
 139774.0663452439
 140406.8385716204
 141101.2095191482
 141861.0527885334
 142690.3601080758
 143593.2413336739
 144573.924448818
 145636.755564589
 146786.198919673
 148026.8368803412
 149363.3699404612
 150800.6167215015
 152343.5139725168
 153997.1165701587
 155766.5975186787
 157657.2479499166


# name: QUERY
# type: sq_string
# elements: 1
# length: 2
R4


# name: DATASIZE
# type: sq_string
# elements: 1
# length: 3
250


