# Created by Octave 3.8.2, Wed May 18 17:54:57 2016 CEST <Andrea@Andreas-MacBook-Pro.local>
# name: x
# type: matrix
# rows: 1
# columns: 100
 0.008333333333333333 0.008417508417508417 0.008501683501683501 0.008585858585858586 0.00867003367003367 0.008754208754208754 0.008838383838383838 0.008922558922558922 0.009006734006734006 0.00909090909090909 0.009175084175084175 0.009259259259259259 0.009343434343434343 0.009427609427609427 0.009511784511784511 0.009595959595959595 0.009680134680134679 0.009764309764309764 0.009848484848484848 0.009932659932659932 0.01001683501683502 0.0101010101010101 0.01018518518518518 0.01026936026936027 0.01035353535353535 0.01043771043771044 0.01052188552188552 0.0106060606060606 0.01069023569023569 0.01077441077441077 0.01085858585858586 0.01094276094276094 0.01102693602693603 0.01111111111111111 0.0111952861952862 0.01127946127946128 0.01136363636363636 0.01144781144781145 0.01153198653198653 0.01161616161616162 0.0117003367003367 0.01178451178451178 0.01186868686868687 0.01195286195286195 0.01203703703703704 0.01212121212121212 0.01220538720538721 0.01228956228956229 0.01237373737373737 0.01245791245791246 0.01254208754208754 0.01262626262626263 0.01271043771043771 0.01279461279461279 0.01287878787878788 0.01296296296296296 0.01304713804713805 0.01313131313131313 0.01321548821548822 0.0132996632996633 0.01338383838383838 0.01346801346801347 0.01355218855218855 0.01363636363636364 0.01372053872053872 0.0138047138047138 0.01388888888888889 0.01397306397306397 0.01405723905723906 0.01414141414141414 0.01422558922558922 0.01430976430976431 0.01439393939393939 0.01447811447811448 0.01456228956228956 0.01464646464646465 0.01473063973063973 0.01481481481481482 0.0148989898989899 0.01498316498316498 0.01506734006734007 0.01515151515151515 0.01523569023569023 0.01531986531986532 0.0154040404040404 0.01548821548821549 0.01557239057239057 0.01565656565656566 0.01574074074074074 0.01582491582491583 0.01590909090909091 0.01599326599326599 0.01607744107744108 0.01616161616161616 0.01624579124579124 0.01632996632996633 0.01641414141414142 0.0164983164983165 0.01658249158249158 0.01666666666666667


# name: y
# type: matrix
# rows: 100
# columns: 1
 82987.59149696915
 82993.42958482714
 83000.49680905566
 83008.76653875723
 83018.20690818487
 83028.78105943455
 83040.44742513655
 83053.16004864714
 83066.86893884707
 83081.52045629156
 83097.05772713159
 83113.42108094091
 83130.54850834452
 83148.37613414963
 83166.83870153733
 83185.87006277907
 83205.40367189953
 83225.37307471671
 83245.71239174872
 83266.3567895853
 83287.24293647709
 83308.3094380949
 83329.49724965222
 83350.75006086183
 83372.01465050882
 83393.24120776293
 83414.38361771713
 83435.39970902422
 83456.25146190068
 83476.90517517582
 83497.33159147626
 83517.50598004799
 83537.40817712613
 83557.02258415979
 83576.33812458554
 83595.34816020977
 83614.05036860902
 83632.44658328165
 83650.54259858311
 83668.34794174957
 83685.87561455625
 83703.14180737
 83720.16558853661
 83736.96857219425
 83753.57456772322
 83770.00921413113
 83786.2996027311
 83802.4738915004
 83818.56091450887
 83834.58978978156
 83850.58952891131
 83866.58865166332
 83882.61480872007
 83898.69441559982
 83914.85230064945
 83931.11136986263
 83947.49229110923
 83964.01320018384
 83980.68943088999
 83997.53327117536
 84014.55374712135
 84031.75643637129
 84049.14331235323
 84066.7126204207
 84084.45878679519
 84102.3723609514
 84120.43999183968
 84138.64443809143
 84156.96461210358
 84175.37565764807
 84193.84906040406
 84212.35279056386
 84230.85147642142
 84249.306607615
 84267.67676646543
 84285.91788562946
 84303.98353007626
 84321.8252011958
 84339.3926606618
 84356.63427150284
 84373.49735368225
 84389.92855135545
 84405.87420886123
 84421.28075241542
 84436.09507441059
 84450.26491718744
 84463.73925313132
 84476.46865796384
 84488.405674143
 84499.5051613593
 84509.72463121542
 84519.02456330763
 84527.3687000833
 84534.72431803274
 84541.06247298114
 84546.35821747806
 84550.59078853329
 84553.74376421877
 84555.80518794211
 84556.76765949534


# name: QUERY
# type: sq_string
# elements: 1
# length: 2
R2


# name: DATASIZE
# type: sq_string
# elements: 1
# length: 3
250


