# Created by Octave 4.0.0, Mon May 23 13:36:19 2016 CEST <peter@Independence>
# name: x
# type: matrix
# rows: 1
# columns: 100
 0.008333333333333333 0.008417508417508417 0.008501683501683501 0.008585858585858586 0.00867003367003367 0.008754208754208754 0.008838383838383838 0.008922558922558922 0.009006734006734006 0.00909090909090909 0.009175084175084175 0.009259259259259259 0.009343434343434343 0.009427609427609427 0.009511784511784511 0.009595959595959595 0.009680134680134679 0.009764309764309764 0.009848484848484848 0.009932659932659932 0.01001683501683502 0.0101010101010101 0.01018518518518518 0.01026936026936027 0.01035353535353535 0.01043771043771044 0.01052188552188552 0.0106060606060606 0.01069023569023569 0.01077441077441077 0.01085858585858586 0.01094276094276094 0.01102693602693603 0.01111111111111111 0.0111952861952862 0.01127946127946128 0.01136363636363636 0.01144781144781145 0.01153198653198653 0.01161616161616162 0.0117003367003367 0.01178451178451178 0.01186868686868687 0.01195286195286195 0.01203703703703704 0.01212121212121212 0.01220538720538721 0.01228956228956229 0.01237373737373737 0.01245791245791246 0.01254208754208754 0.01262626262626263 0.01271043771043771 0.01279461279461279 0.01287878787878788 0.01296296296296296 0.01304713804713805 0.01313131313131313 0.01321548821548822 0.0132996632996633 0.01338383838383838 0.01346801346801347 0.01355218855218855 0.01363636363636364 0.01372053872053872 0.0138047138047138 0.01388888888888889 0.01397306397306397 0.01405723905723906 0.01414141414141414 0.01422558922558922 0.01430976430976431 0.01439393939393939 0.01447811447811448 0.01456228956228956 0.01464646464646465 0.01473063973063973 0.01481481481481482 0.0148989898989899 0.01498316498316498 0.01506734006734007 0.01515151515151515 0.01523569023569023 0.01531986531986532 0.0154040404040404 0.01548821548821549 0.01557239057239057 0.01565656565656566 0.01574074074074074 0.01582491582491583 0.01590909090909091 0.01599326599326599 0.01607744107744108 0.01616161616161616 0.01624579124579124 0.01632996632996633 0.01641414141414142 0.0164983164983165 0.01658249158249158 0.01666666666666667


# name: y
# type: matrix
# rows: 100
# columns: 1
 81987.60847535233
 82008.93284253943
 82032.96317112329
 82059.61539548766
 82088.7933269377
 82120.38931214735
 82154.28498397674
 82190.35209807087
 82228.45344774328
 82268.4438488248
 82310.17118542873
 82353.47750696048
 82398.20016618761
 82444.17298779231
 82491.22745655685
 82539.19391418571
 82587.9027537463
 82637.18560081378
 82686.87647062998
 82736.81289092815
 82786.83698052911
 82836.79647437096
 82886.54568628698
 82935.94640158393
 82984.86869228487
 83033.19164877544
 83080.8040225186
 83127.60477546652
 83173.50353278824
 83218.42093653482
 83262.28889886702
 83305.05075446363
 83346.66131269858
 83387.08681111244
 83426.30477259864
 83464.30376956798
 83501.08309914009
 83536.65237412864
 83571.0310352368
 83604.24779045174
 83636.33998812427
 83667.35293063505
 83697.33913588613
 83726.35755411308
 83754.47274769141
 83781.75404171403
 83808.27465314587
 83834.11080632238
 83859.3408424544
 83884.04433063672
 83908.30118763818
 83932.19081348043
 83955.79124949833
 83979.17836521949
 84002.42508001269
 84025.60062503589
 84048.76985057232
 84071.9925833803
 84095.32303820338
 84118.80928709742
 84142.49278973122
 84166.40798731332
 84190.58196229
 84215.03416545241
 84239.77621158544
 84264.81174429068
 84290.13637011974
 84315.73766166823
 84341.59522880173
 84367.68085671842
 84393.95870909818
 84420.38559414688
 84446.91129091947
 84473.47893289776
 84500.02544540999
 84526.48203311187
 84552.77471340552
 84578.82489135371
 84604.54997135751
 84629.86400060556
 84654.67833907655
 84678.90235068546
 84702.44411001082
 84725.21111892685
 84747.11102739327
 84768.05235262866
 84787.94519091114
 84806.70191631615
 84824.23786081247
 84840.47197029904
 84855.32743137205
 84868.73226386662
 84880.61987451711
 84890.92956742321
 84899.60700739309
 84906.60463265661
 84911.88201389763
 84915.40615703992
 84917.15174773251
 84917.10133601063


# name: QUERY
# type: sq_string
# elements: 1
# length: 2
R2


# name: DATASIZE
# type: sq_string
# elements: 1
# length: 3
250


