# Created by Octave 4.0.0, Mon May 23 13:36:19 2016 CEST <peter@Independence>
# name: x
# type: matrix
# rows: 1
# columns: 100
 0.008333333333333333 0.008417508417508417 0.008501683501683501 0.008585858585858586 0.00867003367003367 0.008754208754208754 0.008838383838383838 0.008922558922558922 0.009006734006734006 0.00909090909090909 0.009175084175084175 0.009259259259259259 0.009343434343434343 0.009427609427609427 0.009511784511784511 0.009595959595959595 0.009680134680134679 0.009764309764309764 0.009848484848484848 0.009932659932659932 0.01001683501683502 0.0101010101010101 0.01018518518518518 0.01026936026936027 0.01035353535353535 0.01043771043771044 0.01052188552188552 0.0106060606060606 0.01069023569023569 0.01077441077441077 0.01085858585858586 0.01094276094276094 0.01102693602693603 0.01111111111111111 0.0111952861952862 0.01127946127946128 0.01136363636363636 0.01144781144781145 0.01153198653198653 0.01161616161616162 0.0117003367003367 0.01178451178451178 0.01186868686868687 0.01195286195286195 0.01203703703703704 0.01212121212121212 0.01220538720538721 0.01228956228956229 0.01237373737373737 0.01245791245791246 0.01254208754208754 0.01262626262626263 0.01271043771043771 0.01279461279461279 0.01287878787878788 0.01296296296296296 0.01304713804713805 0.01313131313131313 0.01321548821548822 0.0132996632996633 0.01338383838383838 0.01346801346801347 0.01355218855218855 0.01363636363636364 0.01372053872053872 0.0138047138047138 0.01388888888888889 0.01397306397306397 0.01405723905723906 0.01414141414141414 0.01422558922558922 0.01430976430976431 0.01439393939393939 0.01447811447811448 0.01456228956228956 0.01464646464646465 0.01473063973063973 0.01481481481481482 0.0148989898989899 0.01498316498316498 0.01506734006734007 0.01515151515151515 0.01523569023569023 0.01531986531986532 0.0154040404040404 0.01548821548821549 0.01557239057239057 0.01565656565656566 0.01574074074074074 0.01582491582491583 0.01590909090909091 0.01599326599326599 0.01607744107744108 0.01616161616161616 0.01624579124579124 0.01632996632996633 0.01641414141414142 0.0164983164983165 0.01658249158249158 0.01666666666666667


# name: y
# type: matrix
# rows: 1
# columns: 100
 82105.56037822878 82128.39424580989 82151.22811339099 82174.06198097208 82196.89584855319 82219.72971613429 82242.56358371538 82265.39745129649 82288.23131887759 82311.06518645868 82333.89905403979 82356.73292162089 82379.56678920198 82402.40065678309 82425.23452436419 82448.06839194529 82470.90225952638 82493.73612710749 82516.56999468859 82539.40386226968 82562.23772985079 82585.07159743189 82607.90546501298 82630.73933259409 82653.57320017519 82676.40706775628 82699.2409353374 82722.07480291849 82744.90867049959 82767.74253808068 82790.57640566179 82813.41027324289 82836.24414082398 82859.07800840509 82881.91187598619 82904.74574356728 82927.57961114839 82950.41347872949 82973.24734631059 82996.0812138917 83018.91508147279 83041.74894905389 83064.58281663498 83087.41668421609 83110.25055179719 83133.08441937828 83155.91828695939 83178.75215454049 83201.58602212158 83224.41988970269 83247.25375728379 83270.08762486489 83292.921492446 83315.75536002709 83338.58922760819 83361.4230951893 83384.25696277039 83407.09083035149 83429.92469793258 83452.75856551369 83475.59243309479 83498.42630067588 83521.26016825699 83544.09403583809 83566.92790341919 83589.7617710003 83612.59563858139 83635.42950616249 83658.2633737436 83681.09724132469 83703.93110890579 83726.76497648688 83749.59884406799 83772.43271164909 83795.26657923019 83818.1004468113 83840.93431439239 83863.76818197349 83886.6020495546 83909.43591713569 83932.26978471679 83955.1036522979 83977.93751987899 84000.77138746009 84023.6052550412 84046.43912262229 84069.27299020339 84092.10685778449 84114.9407253656 84137.77459294669 84160.60846052779 84183.4423281089 84206.27619568999 84229.11006327109 84251.9439308522 84274.77779843329 84297.61166601439 84320.4455335955 84343.27940117659 84366.11326875769


# name: QUERY
# type: sq_string
# elements: 1
# length: 2
R2


# name: DATASIZE
# type: sq_string
# elements: 1
# length: 3
250


