# Created by Octave 3.8.2, Wed May 18 17:54:57 2016 CEST <Andrea@Andreas-MacBook-Pro.local>
# name: x
# type: matrix
# rows: 1
# columns: 100
 0.008333333333333333 0.008417508417508417 0.008501683501683501 0.008585858585858586 0.00867003367003367 0.008754208754208754 0.008838383838383838 0.008922558922558922 0.009006734006734006 0.00909090909090909 0.009175084175084175 0.009259259259259259 0.009343434343434343 0.009427609427609427 0.009511784511784511 0.009595959595959595 0.009680134680134679 0.009764309764309764 0.009848484848484848 0.009932659932659932 0.01001683501683502 0.0101010101010101 0.01018518518518518 0.01026936026936027 0.01035353535353535 0.01043771043771044 0.01052188552188552 0.0106060606060606 0.01069023569023569 0.01077441077441077 0.01085858585858586 0.01094276094276094 0.01102693602693603 0.01111111111111111 0.0111952861952862 0.01127946127946128 0.01136363636363636 0.01144781144781145 0.01153198653198653 0.01161616161616162 0.0117003367003367 0.01178451178451178 0.01186868686868687 0.01195286195286195 0.01203703703703704 0.01212121212121212 0.01220538720538721 0.01228956228956229 0.01237373737373737 0.01245791245791246 0.01254208754208754 0.01262626262626263 0.01271043771043771 0.01279461279461279 0.01287878787878788 0.01296296296296296 0.01304713804713805 0.01313131313131313 0.01321548821548822 0.0132996632996633 0.01338383838383838 0.01346801346801347 0.01355218855218855 0.01363636363636364 0.01372053872053872 0.0138047138047138 0.01388888888888889 0.01397306397306397 0.01405723905723906 0.01414141414141414 0.01422558922558922 0.01430976430976431 0.01439393939393939 0.01447811447811448 0.01456228956228956 0.01464646464646465 0.01473063973063973 0.01481481481481482 0.0148989898989899 0.01498316498316498 0.01506734006734007 0.01515151515151515 0.01523569023569023 0.01531986531986532 0.0154040404040404 0.01548821548821549 0.01557239057239057 0.01565656565656566 0.01574074074074074 0.01582491582491583 0.01590909090909091 0.01599326599326599 0.01607744107744108 0.01616161616161616 0.01624579124579124 0.01632996632996633 0.01641414141414142 0.0164983164983165 0.01658249158249158 0.01666666666666667


# name: y
# type: matrix
# rows: 100
# columns: 1
 82620.56033127717
 82637.18911819483
 82653.81790511249
 82670.44669203015
 82687.07547894779
 82703.70426586545
 82720.33305278311
 82736.96183970077
 82753.59062661843
 82770.21941353608
 82786.84820045374
 82803.4769873714
 82820.10577428906
 82836.73456120671
 82853.36334812436
 82869.99213504202
 82886.62092195968
 82903.24970887734
 82919.878495795
 82936.50728271266
 82953.1360696303
 82969.76485654796
 82986.39364346562
 83003.02243038328
 83019.65121730094
 83036.28000421858
 83052.90879113624
 83069.5375780539
 83086.16636497156
 83102.79515188922
 83119.42393880687
 83136.05272572453
 83152.68151264219
 83169.31029955985
 83185.93908647751
 83202.56787339515
 83219.19666031281
 83235.82544723047
 83252.45423414813
 83269.08302106579
 83285.71180798345
 83302.34059490109
 83318.96938181875
 83335.59816873641
 83352.22695565407
 83368.85574257173
 83385.48452948937
 83402.11331640703
 83418.74210332469
 83435.37089024235
 83451.99967716001
 83468.62846407766
 83485.25725099532
 83501.88603791298
 83518.51482483064
 83535.1436117483
 83551.77239866595
 83568.4011855836
 83585.02997250126
 83601.65875941892
 83618.28754633658
 83634.91633325424
 83651.54512017188
 83668.17390708954
 83684.8026940072
 83701.43148092486
 83718.06026784252
 83734.68905476017
 83751.31784167782
 83767.94662859548
 83784.57541551314
 83801.2042024308
 83817.83298934846
 83834.46177626611
 83851.09056318377
 83867.71935010143
 83884.34813701909
 83900.97692393675
 83917.60571085439
 83934.23449777205
 83950.86328468971
 83967.49207160737
 83984.12085852503
 84000.74964544267
 84017.37843236033
 84034.00721927799
 84050.63600619565
 84067.26479311331
 84083.89358003096
 84100.52236694861
 84117.15115386627
 84133.77994078393
 84150.40872770159
 84167.03751461925
 84183.6663015369
 84200.29508845456
 84216.92387537222
 84233.55266228988
 84250.18144920754
 84266.81023612518


# name: QUERY
# type: sq_string
# elements: 1
# length: 2
R2


# name: DATASIZE
# type: sq_string
# elements: 1
# length: 3
250


