# Created by Octave 3.8.2, Wed May 18 17:54:57 2016 CEST <Andrea@Andreas-MacBook-Pro.local>
# name: x
# type: matrix
# rows: 1
# columns: 100
 0.008333333333333333 0.008417508417508417 0.008501683501683501 0.008585858585858586 0.00867003367003367 0.008754208754208754 0.008838383838383838 0.008922558922558922 0.009006734006734006 0.00909090909090909 0.009175084175084175 0.009259259259259259 0.009343434343434343 0.009427609427609427 0.009511784511784511 0.009595959595959595 0.009680134680134679 0.009764309764309764 0.009848484848484848 0.009932659932659932 0.01001683501683502 0.0101010101010101 0.01018518518518518 0.01026936026936027 0.01035353535353535 0.01043771043771044 0.01052188552188552 0.0106060606060606 0.01069023569023569 0.01077441077441077 0.01085858585858586 0.01094276094276094 0.01102693602693603 0.01111111111111111 0.0111952861952862 0.01127946127946128 0.01136363636363636 0.01144781144781145 0.01153198653198653 0.01161616161616162 0.0117003367003367 0.01178451178451178 0.01186868686868687 0.01195286195286195 0.01203703703703704 0.01212121212121212 0.01220538720538721 0.01228956228956229 0.01237373737373737 0.01245791245791246 0.01254208754208754 0.01262626262626263 0.01271043771043771 0.01279461279461279 0.01287878787878788 0.01296296296296296 0.01304713804713805 0.01313131313131313 0.01321548821548822 0.0132996632996633 0.01338383838383838 0.01346801346801347 0.01355218855218855 0.01363636363636364 0.01372053872053872 0.0138047138047138 0.01388888888888889 0.01397306397306397 0.01405723905723906 0.01414141414141414 0.01422558922558922 0.01430976430976431 0.01439393939393939 0.01447811447811448 0.01456228956228956 0.01464646464646465 0.01473063973063973 0.01481481481481482 0.0148989898989899 0.01498316498316498 0.01506734006734007 0.01515151515151515 0.01523569023569023 0.01531986531986532 0.0154040404040404 0.01548821548821549 0.01557239057239057 0.01565656565656566 0.01574074074074074 0.01582491582491583 0.01590909090909091 0.01599326599326599 0.01607744107744108 0.01616161616161616 0.01624579124579124 0.01632996632996633 0.01641414141414142 0.0164983164983165 0.01658249158249158 0.01666666666666667


# name: y
# type: matrix
# rows: 1
# columns: 100
 82345.71088706554 82363.00847937998 82380.30607169442 82397.60366400886 82414.9012563233 82432.19884863774 82449.49644095218 82466.79403326662 82484.09162558107 82501.38921789551 82518.68681020995 82535.98440252439 82553.28199483884 82570.57958715328 82587.87717946772 82605.17477178216 82622.4723640966 82639.76995641104 82657.06754872548 82674.36514103992 82691.66273335437 82708.96032566881 82726.25791798325 82743.55551029769 82760.85310261213 82778.15069492657 82795.44828724102 82812.74587955546 82830.0434718699 82847.34106418434 82864.63865649878 82881.93624881322 82899.23384112767 82916.53143344211 82933.82902575655 82951.12661807099 82968.42421038543 82985.72180269987 83003.01939501431 83020.31698732876 83037.6145796432 83054.91217195764 83072.20976427208 83089.50735658653 83106.80494890097 83124.10254121541 83141.40013352985 83158.69772584429 83175.99531815873 83193.29291047317 83210.59050278761 83227.88809510205 83245.1856874165 83262.48327973094 83279.78087204538 83297.07846435983 83314.37605667427 83331.67364898871 83348.97124130315 83366.26883361759 83383.56642593203 83400.86401824647 83418.16161056091 83435.45920287535 83452.75679518979 83470.05438750423 83487.35197981868 83504.64957213313 83521.94716444757 83539.24475676201 83556.54234907645 83573.83994139089 83591.13753370533 83608.43512601977 83625.73271833421 83643.03031064865 83660.32790296309 83677.62549527753 83694.92308759197 83712.22067990643 83729.51827222087 83746.81586453531 83764.11345684975 83781.41104916419 83798.70864147863 83816.00623379307 83833.30382610751 83850.60141842195 83867.89901073639 83885.19660305083 83902.49419536529 83919.79178767973 83937.08937999417 83954.38697230861 83971.68456462305 83988.98215693749 84006.27974925193 84023.57734156637 84040.87493388081 84058.17252619525


# name: QUERY
# type: sq_string
# elements: 1
# length: 2
R2


# name: DATASIZE
# type: sq_string
# elements: 1
# length: 3
250


