# Created by Octave 4.0.0, Mon May 23 13:36:19 2016 CEST <peter@Independence>
# name: SVs
# type: cell
# rows: 1
# columns: 7
# name: <cell-element>
# type: sparse matrix
# nnz: 19
# rows: 19
# columns: 1
1 1 0.1620752353741392
2 1 0.1620752353741392
3 1 1.472470755420353
4 1 -0.6241620766535892
5 1 -0.6241620766535892
6 1 1.472470755420353
7 1 1.472470755420353
8 1 1.472470755420353
9 1 -0.6241620766535892
10 1 -0.6241620766535892
11 1 1.472470755420353
12 1 1.472470755420353
13 1 0.1620752353741392
14 1 1.472470755420353
15 1 -1.148320284672075
16 1 -0.6241620766535892
17 1 0.1620752353741392
18 1 -1.148320284672075
19 1 0.1620752353741392



# name: <cell-element>
# type: sparse matrix
# nnz: 7
# rows: 7
# columns: 1
1 1 0.1620752353741392
2 1 1.472470755420353
3 1 -0.6241620766535892
4 1 1.472470755420353
5 1 -0.6241620766535892
6 1 1.472470755420353
7 1 0.1620752353741392



# name: <cell-element>
# type: sparse matrix
# nnz: 19
# rows: 19
# columns: 1
1 1 0.1620752353741392
2 1 1.472470755420353
3 1 -0.6241620766535892
4 1 -0.6241620766535892
5 1 1.472470755420353
6 1 1.472470755420353
7 1 1.472470755420353
8 1 -0.6241620766535892
9 1 -0.6241620766535892
10 1 1.472470755420353
11 1 1.472470755420353
12 1 0.1620752353741392
13 1 1.472470755420353
14 1 -1.148320284672075
15 1 -0.6241620766535892
16 1 -0.6241620766535892
17 1 0.1620752353741392
18 1 -1.148320284672075
19 1 0.1620752353741392



# name: <cell-element>
# type: sparse matrix
# nnz: 22
# rows: 22
# columns: 1
1 1 0.1620752353741392
2 1 -1.148320284672075
3 1 1.472470755420353
4 1 -0.6241620766535892
5 1 -0.6241620766535892
6 1 1.472470755420353
7 1 1.472470755420353
8 1 -0.6241620766535892
9 1 -1.148320284672075
10 1 -0.6241620766535892
11 1 1.472470755420353
12 1 1.472470755420353
13 1 0.1620752353741392
14 1 1.472470755420353
15 1 1.472470755420353
16 1 -1.148320284672075
17 1 1.472470755420353
18 1 -0.6241620766535892
19 1 -0.6241620766535892
20 1 0.1620752353741392
21 1 -1.148320284672075
22 1 0.1620752353741392



# name: <cell-element>
# type: sparse matrix
# nnz: 20
# rows: 20
# columns: 1
1 1 0.1620752353741392
2 1 -1.148320284672075
3 1 1.472470755420353
4 1 -0.6241620766535892
5 1 -0.6241620766535892
6 1 1.472470755420353
7 1 1.472470755420353
8 1 -0.6241620766535892
9 1 -1.148320284672075
10 1 -0.6241620766535892
11 1 1.472470755420353
12 1 1.472470755420353
13 1 0.1620752353741392
14 1 1.472470755420353
15 1 -1.148320284672075
16 1 1.472470755420353
17 1 -0.6241620766535892
18 1 0.1620752353741392
19 1 -1.148320284672075
20 1 0.1620752353741392



# name: <cell-element>
# type: sparse matrix
# nnz: 21
# rows: 21
# columns: 1
1 1 0.1620752353741392
2 1 0.1620752353741392
3 1 0.1620752353741392
4 1 1.472470755420353
5 1 -0.6241620766535892
6 1 -0.6241620766535892
7 1 1.472470755420353
8 1 1.472470755420353
9 1 -0.6241620766535892
10 1 -0.6241620766535892
11 1 1.472470755420353
12 1 1.472470755420353
13 1 0.1620752353741392
14 1 1.472470755420353
15 1 -1.148320284672075
16 1 1.472470755420353
17 1 -0.6241620766535892
18 1 -0.6241620766535892
19 1 0.1620752353741392
20 1 -1.148320284672075
21 1 0.1620752353741392



# name: <cell-element>
# type: scalar
0





# name: coefficients
# type: cell
# rows: 1
# columns: 7
# name: <cell-element>
# type: matrix
# rows: 19
# columns: 1
 5
 -5
 5
 -5
 5
 5
 -3.368712974861681
 5
 5
 -5
 -5
 -5
 5
 -5
 -5
 5
 -5
 -1.631287025138318
 5



# name: <cell-element>
# type: matrix
# rows: 7
# columns: 1
 5
 5
 -5
 1.757230434499879
 -5
 -5
 3.242769565500121



# name: <cell-element>
# type: matrix
# rows: 19
# columns: 1
 5
 5
 -5
 5
 5
 -3.185440959034436
 5
 5
 -5
 -5
 -5
 5
 -5
 -5
 -5
 5
 -5
 -1.814559040965565
 5



# name: <cell-element>
# type: matrix
# rows: 22
# columns: 1
 5
 -5
 5
 -5
 5
 5
 5
 5
 -5
 -5
 -5
 -5
 5
 -5
 2.333616560748479
 -5
 5
 -2.333616560748478
 5
 -5
 -5
 5



# name: <cell-element>
# type: matrix
# rows: 20
# columns: 1
 5
 -5
 5
 -5
 5
 5
 5
 5
 -4.325038570399648
 -5
 -5
 -5
 5
 -5
 -5
 4.325038570399644
 5
 -5
 -5
 5



# name: <cell-element>
# type: matrix
# rows: 21
# columns: 1
 0.6157899999999999
 -0.6157899999999999
 -0.6157899999999999
 0.6157899999999999
 -0.6157899999999999
 0.6157899999999999
 0.6157899999999999
 0.6157899999999999
 0.6157899999999999
 -0.6157899999999999
 -0.6157899999999999
 -0.6157899999999999
 0.6157899999999999
 -0.6157899999999999
 -0.6157899999999999
 0.3805526147883169
 -0.3513941829735429
 0.6157899999999999
 -0.6157899999999999
 -0.02915843181477396
 0.6157899999999999



# name: <cell-element>
# type: scalar
0





# name: b
# type: cell
# rows: 1
# columns: 7
# name: <cell-element>
# type: scalar
0.08168496412865375



# name: <cell-element>
# type: scalar
0.03214097451172998



# name: <cell-element>
# type: scalar
-0.0233223181134777



# name: <cell-element>
# type: scalar
-0.1066518716481858



# name: <cell-element>
# type: scalar
-0.1891751573210863



# name: <cell-element>
# type: scalar
0.130831653504461



# name: <cell-element>
# type: scalar
0





# name: models
# type: cell
# rows: 1
# columns: 7
# name: <cell-element>
# type: scalar struct
# ndims: 2
 1 1
# length: 11
# name: Parameters
# type: matrix
# rows: 5
# columns: 1
 3
 0
 3
 1
 0


# name: nr_class
# type: scalar
2


# name: totalSV
# type: scalar
19


# name: rho
# type: scalar
-0.08168496412865375


# name: Label
# type: matrix
# rows: 0
# columns: 0


# name: sv_indices
# type: matrix
# rows: 19
# columns: 1
 1
 5
 6
 7
 8
 9
 11
 12
 13
 17
 18
 19
 20
 21
 27
 39
 43
 45
 46


# name: ProbA
# type: matrix
# rows: 0
# columns: 0


# name: ProbB
# type: matrix
# rows: 0
# columns: 0


# name: nSV
# type: matrix
# rows: 0
# columns: 0


# name: sv_coef
# type: matrix
# rows: 19
# columns: 1
 5
 -5
 5
 -5
 5
 5
 -3.368712974861681
 5
 5
 -5
 -5
 -5
 5
 -5
 -5
 5
 -5
 -1.631287025138318
 5


# name: SVs
# type: sparse matrix
# nnz: 19
# rows: 19
# columns: 1
1 1 0.1620752353741392
2 1 0.1620752353741392
3 1 1.472470755420353
4 1 -0.6241620766535892
5 1 -0.6241620766535892
6 1 1.472470755420353
7 1 1.472470755420353
8 1 1.472470755420353
9 1 -0.6241620766535892
10 1 -0.6241620766535892
11 1 1.472470755420353
12 1 1.472470755420353
13 1 0.1620752353741392
14 1 1.472470755420353
15 1 -1.148320284672075
16 1 -0.6241620766535892
17 1 0.1620752353741392
18 1 -1.148320284672075
19 1 0.1620752353741392





# name: <cell-element>
# type: scalar struct
# ndims: 2
 1 1
# length: 11
# name: Parameters
# type: matrix
# rows: 5
# columns: 1
 3
 1
 2
 1
 0


# name: nr_class
# type: scalar
2


# name: totalSV
# type: scalar
7


# name: rho
# type: scalar
-0.03214097451172998


# name: Label
# type: matrix
# rows: 0
# columns: 0


# name: sv_indices
# type: matrix
# rows: 7
# columns: 1
 1
 6
 7
 12
 17
 19
 20


# name: ProbA
# type: matrix
# rows: 0
# columns: 0


# name: ProbB
# type: matrix
# rows: 0
# columns: 0


# name: nSV
# type: matrix
# rows: 0
# columns: 0


# name: sv_coef
# type: matrix
# rows: 7
# columns: 1
 5
 5
 -5
 1.757230434499879
 -5
 -5
 3.242769565500121


# name: SVs
# type: sparse matrix
# nnz: 7
# rows: 7
# columns: 1
1 1 0.1620752353741392
2 1 1.472470755420353
3 1 -0.6241620766535892
4 1 1.472470755420353
5 1 -0.6241620766535892
6 1 1.472470755420353
7 1 0.1620752353741392





# name: <cell-element>
# type: scalar struct
# ndims: 2
 1 1
# length: 11
# name: Parameters
# type: matrix
# rows: 5
# columns: 1
 3
 1
 3
 1
 0


# name: nr_class
# type: scalar
2


# name: totalSV
# type: scalar
19


# name: rho
# type: scalar
0.0233223181134777


# name: Label
# type: matrix
# rows: 0
# columns: 0


# name: sv_indices
# type: matrix
# rows: 19
# columns: 1
 1
 6
 7
 8
 9
 11
 12
 13
 17
 18
 19
 20
 21
 27
 37
 39
 43
 45
 46


# name: ProbA
# type: matrix
# rows: 0
# columns: 0


# name: ProbB
# type: matrix
# rows: 0
# columns: 0


# name: nSV
# type: matrix
# rows: 0
# columns: 0


