# Created by Octave 3.8.2, Wed May 18 17:54:56 2016 CEST <Andrea@Andreas-MacBook-Pro.local>
# name: SVs
# type: cell
# rows: 1
# columns: 7
# name: <cell-element>
# type: sparse matrix
# nnz: 29
# rows: 29
# columns: 1
1 1 -1.148320284672075
2 1 -1.148320284672075
3 1 0.1620752353741392
4 1 0.1620752353741392
5 1 1.472470755420353
6 1 -0.6241620766535892
7 1 -0.6241620766535892
8 1 -0.6241620766535892
9 1 1.472470755420353
10 1 -0.6241620766535892
11 1 -0.6241620766535892
12 1 1.472470755420353
13 1 -1.148320284672075
14 1 1.472470755420353
15 1 1.472470755420353
16 1 0.1620752353741392
17 1 1.472470755420353
18 1 -0.6241620766535892
19 1 0.1620752353741392
20 1 0.1620752353741392
21 1 1.472470755420353
22 1 -1.148320284672075
23 1 1.472470755420353
24 1 1.472470755420353
25 1 0.1620752353741392
26 1 -1.148320284672075
27 1 -0.6241620766535892
28 1 1.472470755420353
29 1 1.472470755420353



# name: <cell-element>
# type: sparse matrix
# nnz: 28
# rows: 28
# columns: 1
1 1 -1.148320284672075
2 1 0.1620752353741392
3 1 1.472470755420353
4 1 -0.6241620766535892
5 1 -0.6241620766535892
6 1 -1.148320284672075
7 1 -0.6241620766535892
8 1 1.472470755420353
9 1 -0.6241620766535892
10 1 -0.6241620766535892
11 1 1.472470755420353
12 1 -1.148320284672075
13 1 1.472470755420353
14 1 1.472470755420353
15 1 0.1620752353741392
16 1 1.472470755420353
17 1 -0.6241620766535892
18 1 0.1620752353741392
19 1 0.1620752353741392
20 1 1.472470755420353
21 1 0.1620752353741392
22 1 1.472470755420353
23 1 1.472470755420353
24 1 0.1620752353741392
25 1 -1.148320284672075
26 1 -0.6241620766535892
27 1 0.1620752353741392
28 1 1.472470755420353



# name: <cell-element>
# type: sparse matrix
# nnz: 38
# rows: 38
# columns: 1
1 1 -1.148320284672075
2 1 -1.148320284672075
3 1 0.1620752353741392
4 1 1.472470755420353
5 1 1.472470755420353
6 1 0.1620752353741392
7 1 0.1620752353741392
8 1 1.472470755420353
9 1 -0.6241620766535892
10 1 -0.6241620766535892
11 1 -1.148320284672075
12 1 -1.148320284672075
13 1 -0.6241620766535892
14 1 1.472470755420353
15 1 -0.6241620766535892
16 1 -0.6241620766535892
17 1 -0.6241620766535892
18 1 1.472470755420353
19 1 -1.148320284672075
20 1 1.472470755420353
21 1 1.472470755420353
22 1 0.1620752353741392
23 1 1.472470755420353
24 1 -0.6241620766535892
25 1 0.1620752353741392
26 1 0.1620752353741392
27 1 1.472470755420353
28 1 0.1620752353741392
29 1 -1.148320284672075
30 1 1.472470755420353
31 1 1.472470755420353
32 1 1.472470755420353
33 1 0.1620752353741392
34 1 -1.148320284672075
35 1 -0.6241620766535892
36 1 1.472470755420353
37 1 0.1620752353741392
38 1 1.472470755420353



# name: <cell-element>
# type: sparse matrix
# nnz: 37
# rows: 37
# columns: 1
1 1 -1.148320284672075
2 1 -1.148320284672075
3 1 0.1620752353741392
4 1 1.472470755420353
5 1 1.472470755420353
6 1 0.1620752353741392
7 1 0.1620752353741392
8 1 1.472470755420353
9 1 -0.6241620766535892
10 1 -0.6241620766535892
11 1 -1.148320284672075
12 1 -0.6241620766535892
13 1 1.472470755420353
14 1 -0.6241620766535892
15 1 -0.6241620766535892
16 1 -0.6241620766535892
17 1 1.472470755420353
18 1 -1.148320284672075
19 1 1.472470755420353
20 1 1.472470755420353
21 1 0.1620752353741392
22 1 1.472470755420353
23 1 -0.6241620766535892
24 1 0.1620752353741392
25 1 0.1620752353741392
26 1 1.472470755420353
27 1 0.1620752353741392
28 1 -1.148320284672075
29 1 1.472470755420353
30 1 1.472470755420353
31 1 1.472470755420353
32 1 0.1620752353741392
33 1 -1.148320284672075
34 1 -0.6241620766535892
35 1 1.472470755420353
36 1 0.1620752353741392
37 1 1.472470755420353



# name: <cell-element>
# type: sparse matrix
# nnz: 29
# rows: 29
# columns: 1
1 1 -1.148320284672075
2 1 0.1620752353741392
3 1 1.472470755420353
4 1 -0.6241620766535892
5 1 -0.6241620766535892
6 1 -1.148320284672075
7 1 -0.6241620766535892
8 1 1.472470755420353
9 1 -0.6241620766535892
10 1 -0.6241620766535892
11 1 1.472470755420353
12 1 -1.148320284672075
13 1 1.472470755420353
14 1 1.472470755420353
15 1 0.1620752353741392
16 1 1.472470755420353
17 1 0.1620752353741392
18 1 0.1620752353741392
19 1 1.472470755420353
20 1 0.1620752353741392
21 1 1.472470755420353
22 1 1.472470755420353
23 1 1.472470755420353
24 1 0.1620752353741392
25 1 -1.148320284672075
26 1 -0.6241620766535892
27 1 1.472470755420353
28 1 0.1620752353741392
29 1 1.472470755420353



# name: <cell-element>
# type: sparse matrix
# nnz: 22
# rows: 22
# columns: 1
1 1 -1.148320284672075
2 1 0.1620752353741392
3 1 -0.6241620766535892
4 1 -0.6241620766535892
5 1 -0.6241620766535892
6 1 1.472470755420353
7 1 -0.6241620766535892
8 1 1.472470755420353
9 1 -1.148320284672075
10 1 1.472470755420353
11 1 1.472470755420353
12 1 0.1620752353741392
13 1 1.472470755420353
14 1 0.1620752353741392
15 1 0.1620752353741392
16 1 1.472470755420353
17 1 1.472470755420353
18 1 1.472470755420353
19 1 0.1620752353741392
20 1 -1.148320284672075
21 1 -0.6241620766535892
22 1 1.472470755420353



# name: <cell-element>
# type: scalar
0





# name: coefficients
# type: cell
# rows: 1
# columns: 7
# name: <cell-element>
# type: matrix
# rows: 29
# columns: 1
 0.1
 -0.1
 -0.1
 -0.1
 0.1
 0.1
 -0.1
 0.1
 0.1
 -0.1
 0.1
 -0.1
 0.1
 -0.1
 -0.1
 0.1
 -0.1
 -0.08455837489085576
 -0.1
 -0.1
 0.1
 0.1
 0.1
 0.1
 0.1
 -0.1
 -0.1
 -0.01544162510914425
 0.1



# name: <cell-element>
# type: matrix
# rows: 28
# columns: 1
 -0.1
 -0.1
 0.1
 0.1
 -0.1
 -0.1
 0.1
 0.1
 -0.1
 0.1
 -0.1
 0.1
 -0.1
 -0.1
 0.1
 -0.1
 -0.1
 -0.1
 -0.1
 0.1
 0.1
 0.1
 0.1
 0.1
 -0.1
 -0.1
 0.1
 0.1



# name: <cell-element>
# type: matrix
# rows: 38
# columns: 1
 0.1
 -0.1
 -0.1
 0.1
 -0.05122653247487278
 -0.1
 -0.1
 0.1
 0.1
 -0.1
 0.05122653247487278
 -0.1
 0.1
 0.1
 -0.1
 0.1
 0.1
 -0.1
 0.1
 -0.1
 -0.1
 0.1
 -0.1
 -0.1
 -0.1
 -0.1
 0.1
 0.1
 0.1
 -0.1
 0.1
 0.1
 0.1
 -0.1
 -0.1
 -0.1
 0.1
 0.1



# name: <cell-element>
# type: matrix
# rows: 37
# columns: 1
 0.1
 -0.1
 -0.1
 0.1
 -0.08725029132909246
 -0.01274970867090754
 -0.1
 0.1
 0.1
 -0.1
 -0.1
 0.1
 0.1
 -0.1
 0.1
 0.1
 -0.1
 0.1
 -0.1
 -0.1
 0.1
 -0.1
 -0.1
 -0.1
 -0.1
 0.1
 0.1
 0.1
 -0.1
 0.1
 0.1
 0.1
 -0.1
 -0.1
 -0.1
 0.1
 0.1



# name: <cell-element>
# type: matrix
# rows: 29
# columns: 1
 -0.1
 -0.04896022538682552
 0.1
 0.1
 -0.1
 -0.1
 0.1
 0.1
 -0.1
 0.1
 -0.1
 0.1
 -0.1
 -0.1
 0.1
 -0.1
 -0.1
 -0.1
 0.1
 0.1
 -0.05103977461317449
 0.1
 0.1
 0.1
 -0.1
 -0.1
 -0.1
 0.1
 0.1



# name: <cell-element>
# type: matrix
# rows: 22
# columns: 1
 -0.6157899999999999
 -0.01450991460975649
 0.6157899999999999
 -0.6157899999999999
 0.6157899999999999
 0.6157899999999999
 0.07689373618288299
 -0.6157899999999999
 0.6157899999999999
 -0.6157899999999999
 -0.6157899999999999
 0.6157899999999999
 -0.6157899999999999
 -0.6157899999999999
 -0.6157899999999999
 0.2192459229299078
 0.6157899999999999
 0.6157899999999999
 0.6157899999999999
 -0.2816297445030344
 -0.6157899999999999
 0.6157899999999999



# name: <cell-element>
# type: scalar
0





# name: b
# type: cell
# rows: 1
# columns: 7
# name: <cell-element>
# type: scalar
0.06938492105194885



# name: <cell-element>
# type: scalar
-0.04910139736373071



# name: <cell-element>
# type: scalar
0.04286670810291031



# name: <cell-element>
# type: scalar
0.009273451927864301



# name: <cell-element>
# type: scalar
-0.04748141314110754



# name: <cell-element>
# type: scalar
0.1949778462828857



# name: <cell-element>
# type: scalar
0





# name: models
# type: cell
# rows: 1
# columns: 7
# name: <cell-element>
# type: scalar struct
# ndims: 2
 1 1
# length: 11
# name: Parameters
# type: matrix
# rows: 5
# columns: 1
 3
 0
 3
 1
 0


# name: nr_class
# type: scalar
2


# name: totalSV
# type: scalar
29


# name: rho
# type: scalar
-0.06938492105194885


# name: Label
# type: matrix
# rows: 0
# columns: 0


# name: sv_indices
# type: matrix
# rows: 29
# columns: 1
 1
 2
 3
 7
 8
 9
 11
 14
 15
 16
 18
 21
 22
 23
 24
 25
 27
 28
 30
 31
 32
 34
 36
 37
 39
 40
 41
 42
 44


