# Created by Octave 3.8.2, Wed May 18 17:54:47 2016 CEST <Andrea@Andreas-MacBook-Pro.local>
# name: mu
# type: matrix
# rows: 1
# columns: 2
 83096.03947368421 0.01198464912280701


# name: sigma
# type: matrix
# rows: 1
# columns: 2
 3543.107729816823 0.003179701550353072


