# Created by Octave 4.0.0, Mon May 23 13:36:13 2016 CEST <peter@Independence>
# name: mu
# type: matrix
# rows: 1
# columns: 2
 83096.03947368421 0.01198464912280701


# name: sigma
# type: matrix
# rows: 1
# columns: 2
 3543.107729816823 0.003179701550353072


