# Created by Octave 4.0.0, Mon May 23 13:36:19 2016 CEST <peter@Independence>
# name: x
# type: matrix
# rows: 1
# columns: 100
 0.008333333333333333 0.008417508417508417 0.008501683501683501 0.008585858585858586 0.00867003367003367 0.008754208754208754 0.008838383838383838 0.008922558922558922 0.009006734006734006 0.00909090909090909 0.009175084175084175 0.009259259259259259 0.009343434343434343 0.009427609427609427 0.009511784511784511 0.009595959595959595 0.009680134680134679 0.009764309764309764 0.009848484848484848 0.009932659932659932 0.01001683501683502 0.0101010101010101 0.01018518518518518 0.01026936026936027 0.01035353535353535 0.01043771043771044 0.01052188552188552 0.0106060606060606 0.01069023569023569 0.01077441077441077 0.01085858585858586 0.01094276094276094 0.01102693602693603 0.01111111111111111 0.0111952861952862 0.01127946127946128 0.01136363636363636 0.01144781144781145 0.01153198653198653 0.01161616161616162 0.0117003367003367 0.01178451178451178 0.01186868686868687 0.01195286195286195 0.01203703703703704 0.01212121212121212 0.01220538720538721 0.01228956228956229 0.01237373737373737 0.01245791245791246 0.01254208754208754 0.01262626262626263 0.01271043771043771 0.01279461279461279 0.01287878787878788 0.01296296296296296 0.01304713804713805 0.01313131313131313 0.01321548821548822 0.0132996632996633 0.01338383838383838 0.01346801346801347 0.01355218855218855 0.01363636363636364 0.01372053872053872 0.0138047138047138 0.01388888888888889 0.01397306397306397 0.01405723905723906 0.01414141414141414 0.01422558922558922 0.01430976430976431 0.01439393939393939 0.01447811447811448 0.01456228956228956 0.01464646464646465 0.01473063973063973 0.01481481481481482 0.0148989898989899 0.01498316498316498 0.01506734006734007 0.01515151515151515 0.01523569023569023 0.01531986531986532 0.0154040404040404 0.01548821548821549 0.01557239057239057 0.01565656565656566 0.01574074074074074 0.01582491582491583 0.01590909090909091 0.01599326599326599 0.01607744107744108 0.01616161616161616 0.01624579124579124 0.01632996632996633 0.01641414141414142 0.0164983164983165 0.01658249158249158 0.01666666666666667


# name: y
# type: matrix
# rows: 100
# columns: 1
 83820.63317574526
 83792.79969418963
 83765.61535020366
 83739.08014378735
 83713.19407494069
 83687.95714366368
 83663.36934995632
 83639.43069381862
 83616.14117525057
 83593.50079425216
 83571.50955082342
 83550.16744496432
 83529.47447667488
 83509.43064595509
 83490.03595280496
 83471.29039722447
 83453.19397921364
 83435.74669877246
 83418.94855590093
 83402.79955059907
 83387.29968286684
 83372.44895270428
 83358.24736011136
 83344.69490508811
 83331.79158763449
 83319.53740775054
 83307.93236543624
 83296.97646069159
 83286.66969351658
 83277.01206391124
 83268.00357187554
 83259.6442174095
 83251.93400051311
 83244.87292118638
 83238.46097942929
 83232.69817524187
 83227.58450862409
 83223.11997957597
 83219.3045880975
 83216.13833418868
 83213.6212178495
 83211.75323908
 83210.53439788014
 83209.96469424992
 83210.04412818937
 83210.77269969847
 83212.15040877722
 83214.17725542562
 83216.85323964368
 83220.17836143139
 83224.15262078875
 83228.77601771576
 83234.04855221242
 83239.97022427875
 83246.54103391472
 83253.76098112034
 83261.63006589562
 83270.14828824054
 83279.31564815513
 83289.13214563936
 83299.59778069325
 83310.71255331679
 83322.47646350997
 83334.88951127282
 83347.95169660532
 83361.66301950747
 83376.02347997928
 83391.03307802073
 83406.69181363184
 83422.9996868126
 83439.95669756302
 83457.56284588308
 83475.8181317728
 83494.72255523218
 83514.2761162612
 83534.47881485987
 83555.3306510282
 83576.83162476619
 83598.98173607382
 83621.78098495111
 83645.22937139805
 83669.32689541465
 83694.07355700088
 83719.46935615678
 83745.51429288235
 83772.20836717755
 83799.5515790424
 83827.54392847691
 83856.18541548109
 83885.4760400549
 83915.41580219836
 83946.00470191149
 83977.24273919423
 84009.12991404669
 84041.66622646875
 84074.85167646047
 84108.68626402185
 84143.16998915291
 84178.30285185362
 84214.08485212395


# name: QUERY
# type: sq_string
# elements: 1
# length: 2
R2


# name: DATASIZE
# type: sq_string
# elements: 1
# length: 3
250


