# Created by Octave 4.0.0, Mon May 23 13:36:19 2016 CEST <peter@Independence>
# name: x
# type: matrix
# rows: 1
# columns: 100
 0.008333333333333333 0.008417508417508417 0.008501683501683501 0.008585858585858586 0.00867003367003367 0.008754208754208754 0.008838383838383838 0.008922558922558922 0.009006734006734006 0.00909090909090909 0.009175084175084175 0.009259259259259259 0.009343434343434343 0.009427609427609427 0.009511784511784511 0.009595959595959595 0.009680134680134679 0.009764309764309764 0.009848484848484848 0.009932659932659932 0.01001683501683502 0.0101010101010101 0.01018518518518518 0.01026936026936027 0.01035353535353535 0.01043771043771044 0.01052188552188552 0.0106060606060606 0.01069023569023569 0.01077441077441077 0.01085858585858586 0.01094276094276094 0.01102693602693603 0.01111111111111111 0.0111952861952862 0.01127946127946128 0.01136363636363636 0.01144781144781145 0.01153198653198653 0.01161616161616162 0.0117003367003367 0.01178451178451178 0.01186868686868687 0.01195286195286195 0.01203703703703704 0.01212121212121212 0.01220538720538721 0.01228956228956229 0.01237373737373737 0.01245791245791246 0.01254208754208754 0.01262626262626263 0.01271043771043771 0.01279461279461279 0.01287878787878788 0.01296296296296296 0.01304713804713805 0.01313131313131313 0.01321548821548822 0.0132996632996633 0.01338383838383838 0.01346801346801347 0.01355218855218855 0.01363636363636364 0.01372053872053872 0.0138047138047138 0.01388888888888889 0.01397306397306397 0.01405723905723906 0.01414141414141414 0.01422558922558922 0.01430976430976431 0.01439393939393939 0.01447811447811448 0.01456228956228956 0.01464646464646465 0.01473063973063973 0.01481481481481482 0.0148989898989899 0.01498316498316498 0.01506734006734007 0.01515151515151515 0.01523569023569023 0.01531986531986532 0.0154040404040404 0.01548821548821549 0.01557239057239057 0.01565656565656566 0.01574074074074074 0.01582491582491583 0.01590909090909091 0.01599326599326599 0.01607744107744108 0.01616161616161616 0.01624579124579124 0.01632996632996633 0.01641414141414142 0.0164983164983165 0.01658249158249158 0.01666666666666667


# name: y
# type: matrix
# rows: 100
# columns: 1
 82986.53905492113
 82913.30891524258
 82848.22764960915
 82790.55309189967
 82739.59496867863
 82694.71242174161
 82655.31159126309
 82620.84325955523
 82590.80055542952
 82564.71671916716
 82542.16292809579
 82522.74618277306
 82506.10725377548
 82491.91868909617
 82479.88288214729
 82469.73020037022
 82461.2171744521
 82454.12474814897
 82448.25658871567
 82443.43745794237
 82439.51164379771
 82436.34145267868
 82433.80576226707
 82431.79863499272
 82430.22799210323
 82429.01434834058
 82428.08960722413
 82427.39591694051
 82426.88458684007
 82426.51506453997
 82426.253973634
 82426.07421200899
 82425.95411076791
 82425.8766537597
 82425.82875771559
 82425.80061299224
 82425.78508492149
 82425.77717576672
 82425.77354728595
 82425.77210390155
 82425.77163647659
 82425.77152669796
 82425.77151206599
 82425.77151149081
 82425.77151149545
 82425.77151302548
 82425.7715388653
 82425.77170166124
 82425.77233255113
 82425.77417040068
 82425.77861164643
 82425.7880207454
 82425.80610123141
 82425.83832737802
 82425.89243646813
 82425.97898167031
 82426.11194552173
 82426.30941401771
 82426.59431130806
 82426.99519499992
 82427.5471120674
 82428.29251536784
 82429.2822407646
 82430.57654485674
 82432.24620331518
 82434.3736698256
 82437.05429563798
 82440.39760972279
 82444.52865953383
 82449.58941237784
 82455.74021739056
 82463.16132811965
 82472.05448571421
 82482.6445627208
 82495.18126748646
 82509.94090916807
 82527.22822334837
 82547.37825825909
 82570.75832161032
 82597.76998802614
 82628.85116708816
 82664.47823198409
 82705.16820876532
 82751.48102620756
 82804.02182628226
 82863.44333523122
 82930.44829525033
 83005.79195677864
 83090.28463139411
 83184.79430531678
 83290.24931351753
 83407.64107443471
 83538.02688529705
 83682.53277805376
 83842.35643590507
 84018.77017045501
 84213.12395945225
 84426.84854514494
 84661.45859325619
 84918.55591253786


# name: QUERY
# type: sq_string
# elements: 1
# length: 2
R2


# name: DATASIZE
# type: sq_string
# elements: 1
# length: 3
250


