# Created by Octave 3.8.2, Wed May 18 17:54:57 2016 CEST <Andrea@Andreas-MacBook-Pro.local>
# name: x
# type: matrix
# rows: 1
# columns: 100
 0.008333333333333333 0.008417508417508417 0.008501683501683501 0.008585858585858586 0.00867003367003367 0.008754208754208754 0.008838383838383838 0.008922558922558922 0.009006734006734006 0.00909090909090909 0.009175084175084175 0.009259259259259259 0.009343434343434343 0.009427609427609427 0.009511784511784511 0.009595959595959595 0.009680134680134679 0.009764309764309764 0.009848484848484848 0.009932659932659932 0.01001683501683502 0.0101010101010101 0.01018518518518518 0.01026936026936027 0.01035353535353535 0.01043771043771044 0.01052188552188552 0.0106060606060606 0.01069023569023569 0.01077441077441077 0.01085858585858586 0.01094276094276094 0.01102693602693603 0.01111111111111111 0.0111952861952862 0.01127946127946128 0.01136363636363636 0.01144781144781145 0.01153198653198653 0.01161616161616162 0.0117003367003367 0.01178451178451178 0.01186868686868687 0.01195286195286195 0.01203703703703704 0.01212121212121212 0.01220538720538721 0.01228956228956229 0.01237373737373737 0.01245791245791246 0.01254208754208754 0.01262626262626263 0.01271043771043771 0.01279461279461279 0.01287878787878788 0.01296296296296296 0.01304713804713805 0.01313131313131313 0.01321548821548822 0.0132996632996633 0.01338383838383838 0.01346801346801347 0.01355218855218855 0.01363636363636364 0.01372053872053872 0.0138047138047138 0.01388888888888889 0.01397306397306397 0.01405723905723906 0.01414141414141414 0.01422558922558922 0.01430976430976431 0.01439393939393939 0.01447811447811448 0.01456228956228956 0.01464646464646465 0.01473063973063973 0.01481481481481482 0.0148989898989899 0.01498316498316498 0.01506734006734007 0.01515151515151515 0.01523569023569023 0.01531986531986532 0.0154040404040404 0.01548821548821549 0.01557239057239057 0.01565656565656566 0.01574074074074074 0.01582491582491583 0.01590909090909091 0.01599326599326599 0.01607744107744108 0.01616161616161616 0.01624579124579124 0.01632996632996633 0.01641414141414142 0.0164983164983165 0.01658249158249158 0.01666666666666667


# name: y
# type: matrix
# rows: 100
# columns: 1
 82830.95717804594
 82859.13472715774
 82886.01333764609
 82911.62366102631
 82935.99634881371
 82959.16205252361
 82981.15142367131
 83001.99511377217
 83021.72377434146
 83040.36805689451
 83057.95861294666
 83074.52609401321
 83090.10115160949
 83104.71443725079
 83118.39660245244
 83131.17829872978
 83143.09017759809
 83154.16289057273
 83164.42708916897
 83173.91342490216
 83182.65254928761
 83190.67511384063
 83198.01177007654
 83204.69316951066
 83210.74996365832
 83216.21280403482
 83221.11234215548
 83225.47922953562
 83229.34411769055
 83232.73765813559
 83235.69050238607
 83238.2333019573
 83240.3967083646
 83242.21137312327
 83243.70794774865
 83244.91708375605
 83245.86943266078
 83246.59564597816
 83247.12637522351
 83247.49227191215
 83247.7239875594
 83247.85217368056
 83247.90748179096
 83247.92056340592
 83247.92207004076
 83247.94265321078
 83248.01296443131
 83248.16365521766
 83248.42537708516
 83248.82878154913
 83249.40452012487
 83250.18324432771
 83251.19560567295
 83252.47225567592
 83254.04384585195
 83255.94102771634
 83258.1944527844
 83260.83477257147
 83263.89263859285
 83267.39870236386
 83271.38361539983
 83275.87802921607
 83280.91259532789
 83286.5179652506
 83292.72479049956
 83299.56372259003
 83307.06541303737
 83315.26051335687
 83324.17967506388
 83333.85354967367
 83344.3127887016
 83355.58804366297
 83367.70996607309
 83380.70920744729
 83394.61641930089
 83409.46225314919
 83425.27736050752
 83442.09239289119
 83459.93800181554
 83478.84483879586
 83498.84355534747
 83519.96480298571
 83542.23923322586
 83565.69749758329
 83590.37024757326
 83616.28813471113
 83643.48181051218
 83671.98192649176
 83701.81913416518
 83733.02408504776
 83765.62743065479
 83799.65982250162
 83835.15191210355
 83872.1343509759
 83910.63779063399
 83950.69288259314
 83992.33027836867
 84035.58062947588
 84080.47458743012
 84127.04280374666


# name: QUERY
# type: sq_string
# elements: 1
# length: 2
R2


# name: DATASIZE
# type: sq_string
# elements: 1
# length: 3
250


