# Created by Octave 3.8.2, Wed May 18 17:54:57 2016 CEST <Andrea@Andreas-MacBook-Pro.local>
# name: x
# type: matrix
# rows: 1
# columns: 100
 0.008333333333333333 0.008417508417508417 0.008501683501683501 0.008585858585858586 0.00867003367003367 0.008754208754208754 0.008838383838383838 0.008922558922558922 0.009006734006734006 0.00909090909090909 0.009175084175084175 0.009259259259259259 0.009343434343434343 0.009427609427609427 0.009511784511784511 0.009595959595959595 0.009680134680134679 0.009764309764309764 0.009848484848484848 0.009932659932659932 0.01001683501683502 0.0101010101010101 0.01018518518518518 0.01026936026936027 0.01035353535353535 0.01043771043771044 0.01052188552188552 0.0106060606060606 0.01069023569023569 0.01077441077441077 0.01085858585858586 0.01094276094276094 0.01102693602693603 0.01111111111111111 0.0111952861952862 0.01127946127946128 0.01136363636363636 0.01144781144781145 0.01153198653198653 0.01161616161616162 0.0117003367003367 0.01178451178451178 0.01186868686868687 0.01195286195286195 0.01203703703703704 0.01212121212121212 0.01220538720538721 0.01228956228956229 0.01237373737373737 0.01245791245791246 0.01254208754208754 0.01262626262626263 0.01271043771043771 0.01279461279461279 0.01287878787878788 0.01296296296296296 0.01304713804713805 0.01313131313131313 0.01321548821548822 0.0132996632996633 0.01338383838383838 0.01346801346801347 0.01355218855218855 0.01363636363636364 0.01372053872053872 0.0138047138047138 0.01388888888888889 0.01397306397306397 0.01405723905723906 0.01414141414141414 0.01422558922558922 0.01430976430976431 0.01439393939393939 0.01447811447811448 0.01456228956228956 0.01464646464646465 0.01473063973063973 0.01481481481481482 0.0148989898989899 0.01498316498316498 0.01506734006734007 0.01515151515151515 0.01523569023569023 0.01531986531986532 0.0154040404040404 0.01548821548821549 0.01557239057239057 0.01565656565656566 0.01574074074074074 0.01582491582491583 0.01590909090909091 0.01599326599326599 0.01607744107744108 0.01616161616161616 0.01624579124579124 0.01632996632996633 0.01641414141414142 0.0164983164983165 0.01658249158249158 0.01666666666666667


# name: y
# type: matrix
# rows: 100
# columns: 1
 83498.09464034917
 83465.20888740903
 83434.5705909598
 83406.07494413537
 83379.61964276285
 83355.10488536263
 83332.43337314832
 83311.51031002685
 83292.24340259834
 83274.5428601562
 83258.32139468708
 83243.49422087093
 83229.97905608088
 83217.69612038338
 83206.5681365381
 83196.52032999801
 83187.48042890927
 83179.37866411135
 83172.14776913697
 83165.72298021206
 83160.04203625587
 83155.04517888086
 83150.67515239278
 83146.8772037906
 83143.59908276658
 83140.79104170621
 83138.40583568825
 83136.39872248471
 83134.72746256086
 83133.35231907522
 83132.23605787959
 83131.343947519
 83130.64375923172
 83130.10576694933
 83129.70274729661
 83129.40997959166
 83129.20524584575
 83129.06883076347
 83128.98352174267
 83128.93460887441
 83128.90988494304
 83128.89964542618
 83128.89668849464
 83128.89631501256
 83128.89632853732
 83128.8970353195
 83128.90124430301
 83128.91426712496
 83128.94391811576
 83129.00051429907
 83129.09687539176
 83129.248323804
 83129.4726846392
 83129.79028569405
 83130.22395745847
 83130.79903311562
 83131.54334854196
 83132.48724230719
 83133.66355567424
 83135.10763259933
 83136.85731973193
 83138.95296641476
 83141.43742468378
 83144.35604926823
 83147.75669759058
 83151.6897297666
 83156.20800860529
 83161.36689960888
 83167.2242709729
 83173.84049358612
 83181.27844103056
 83189.6034895815
 83198.88351820745
 83209.18890857026
 83220.59254502492
 83233.16981461977
 83246.99860709636
 83262.1593148895
 83278.73483312728
 83296.81055963101
 83316.47439491529
 83337.81674218793
 83360.93050735007
 83385.91109899603
 83412.85642841345
 83441.86690958316
 83473.04545917929
 83506.49749656924
 83542.33094381362
 83580.65622566633
 83621.58626957452
 83665.23650567856
 83711.72486681215
 83761.17178850218
 83813.70020896882
 83869.4355691255
 83928.50581257891
 83991.04138562898
 84057.17523726889
 84127.04281918511


# name: QUERY
# type: sq_string
# elements: 1
# length: 2
R2


# name: DATASIZE
# type: sq_string
# elements: 1
# length: 3
250


