# Created by Octave 3.8.2, Wed May 18 17:54:57 2016 CEST <Andrea@Andreas-MacBook-Pro.local>
# name: x
# type: matrix
# rows: 1
# columns: 100
 0.008333333333333333 0.008417508417508417 0.008501683501683501 0.008585858585858586 0.00867003367003367 0.008754208754208754 0.008838383838383838 0.008922558922558922 0.009006734006734006 0.00909090909090909 0.009175084175084175 0.009259259259259259 0.009343434343434343 0.009427609427609427 0.009511784511784511 0.009595959595959595 0.009680134680134679 0.009764309764309764 0.009848484848484848 0.009932659932659932 0.01001683501683502 0.0101010101010101 0.01018518518518518 0.01026936026936027 0.01035353535353535 0.01043771043771044 0.01052188552188552 0.0106060606060606 0.01069023569023569 0.01077441077441077 0.01085858585858586 0.01094276094276094 0.01102693602693603 0.01111111111111111 0.0111952861952862 0.01127946127946128 0.01136363636363636 0.01144781144781145 0.01153198653198653 0.01161616161616162 0.0117003367003367 0.01178451178451178 0.01186868686868687 0.01195286195286195 0.01203703703703704 0.01212121212121212 0.01220538720538721 0.01228956228956229 0.01237373737373737 0.01245791245791246 0.01254208754208754 0.01262626262626263 0.01271043771043771 0.01279461279461279 0.01287878787878788 0.01296296296296296 0.01304713804713805 0.01313131313131313 0.01321548821548822 0.0132996632996633 0.01338383838383838 0.01346801346801347 0.01355218855218855 0.01363636363636364 0.01372053872053872 0.0138047138047138 0.01388888888888889 0.01397306397306397 0.01405723905723906 0.01414141414141414 0.01422558922558922 0.01430976430976431 0.01439393939393939 0.01447811447811448 0.01456228956228956 0.01464646464646465 0.01473063973063973 0.01481481481481482 0.0148989898989899 0.01498316498316498 0.01506734006734007 0.01515151515151515 0.01523569023569023 0.01531986531986532 0.0154040404040404 0.01548821548821549 0.01557239057239057 0.01565656565656566 0.01574074074074074 0.01582491582491583 0.01590909090909091 0.01599326599326599 0.01607744107744108 0.01616161616161616 0.01624579124579124 0.01632996632996633 0.01641414141414142 0.0164983164983165 0.01658249158249158 0.01666666666666667


# name: y
# type: matrix
# rows: 100
# columns: 1
 83546.14189504352
 83517.69956475846
 83489.92057172497
 83462.80491594305
 83436.35259741268
 83410.56361613388
 83385.43797210664
 83360.97566533095
 83337.17669580683
 83314.04106353427
 83291.56876851327
 83269.75981074384
 83248.61419022597
 83228.13190695966
 83208.31296094491
 83189.15735218172
 83170.66508067009
 83152.83614641003
 83135.67054940153
 83119.16828964459
 83103.3293671392
 83088.15378188538
 83073.64153388313
 83059.79262313244
 83046.6070496333
 83034.08481338574
 83022.22591438972
 83011.03035264528
 83000.49812815238
 82990.62924091106
 82981.42369092129
 82972.88147818309
 82965.00260269645
 82957.78706446137
 82951.23486347786
 82945.3459997459
 82940.1204732655
 82935.55828403667
 82931.6594320594
 82928.4239173337
 82925.85173985954
 82923.94289963697
 82922.69739666594
 82922.11523094648
 82922.19640247857
 82922.94091126224
 82924.34875729746
 82926.41994058424
 82929.15446112258
 82932.55231891249
 82936.61351395397
 82941.33804624699
 82946.72591579158
 82952.77712258774
 82959.49166663545
 82966.86954793474
 82974.91076648557
 82983.61532228797
 82992.98321534193
 83003.01444564745
 83013.70901320454
 83025.06691801318
 83037.0881600734
 83049.77273938517
 83063.1206559485
 83077.1319097634
 83091.80650082984
 83107.14442914785
 83123.14569471744
 83139.81029753858
 83157.13823761127
 83175.12951493554
 83193.78412951136
 83213.10208133876
 83233.08337041771
 83253.7279967482
 83275.03596033028
 83297.00726116392
 83319.64189924911
 83342.93987458586
 83366.90118717418
 83391.52583701407
 83416.8138241055
 83442.7651484485
 83469.37981004307
 83496.6578088892
 83524.59914498687
 83553.20381833613
 83582.47182893693
 83612.40317678932
 83642.99786189325
 83674.25588424873
 83706.1772438558
 83738.76194071441
 83772.0099748246
 83805.92134618634
 83840.49605479965
 83875.7341006645
 83911.63548378093
 83948.20020414892


# name: QUERY
# type: sq_string
# elements: 1
# length: 2
R2


# name: DATASIZE
# type: sq_string
# elements: 1
# length: 3
250


