# Created by Octave 4.0.0, Mon May 23 13:36:19 2016 CEST <peter@Independence>
# name: x
# type: matrix
# rows: 1
# columns: 100
 0.008333333333333333 0.008417508417508417 0.008501683501683501 0.008585858585858586 0.00867003367003367 0.008754208754208754 0.008838383838383838 0.008922558922558922 0.009006734006734006 0.00909090909090909 0.009175084175084175 0.009259259259259259 0.009343434343434343 0.009427609427609427 0.009511784511784511 0.009595959595959595 0.009680134680134679 0.009764309764309764 0.009848484848484848 0.009932659932659932 0.01001683501683502 0.0101010101010101 0.01018518518518518 0.01026936026936027 0.01035353535353535 0.01043771043771044 0.01052188552188552 0.0106060606060606 0.01069023569023569 0.01077441077441077 0.01085858585858586 0.01094276094276094 0.01102693602693603 0.01111111111111111 0.0111952861952862 0.01127946127946128 0.01136363636363636 0.01144781144781145 0.01153198653198653 0.01161616161616162 0.0117003367003367 0.01178451178451178 0.01186868686868687 0.01195286195286195 0.01203703703703704 0.01212121212121212 0.01220538720538721 0.01228956228956229 0.01237373737373737 0.01245791245791246 0.01254208754208754 0.01262626262626263 0.01271043771043771 0.01279461279461279 0.01287878787878788 0.01296296296296296 0.01304713804713805 0.01313131313131313 0.01321548821548822 0.0132996632996633 0.01338383838383838 0.01346801346801347 0.01355218855218855 0.01363636363636364 0.01372053872053872 0.0138047138047138 0.01388888888888889 0.01397306397306397 0.01405723905723906 0.01414141414141414 0.01422558922558922 0.01430976430976431 0.01439393939393939 0.01447811447811448 0.01456228956228956 0.01464646464646465 0.01473063973063973 0.01481481481481482 0.0148989898989899 0.01498316498316498 0.01506734006734007 0.01515151515151515 0.01523569023569023 0.01531986531986532 0.0154040404040404 0.01548821548821549 0.01557239057239057 0.01565656565656566 0.01574074074074074 0.01582491582491583 0.01590909090909091 0.01599326599326599 0.01607744107744108 0.01616161616161616 0.01624579124579124 0.01632996632996633 0.01641414141414142 0.0164983164983165 0.01658249158249158 0.01666666666666667


# name: y
# type: matrix
# rows: 100
# columns: 1
 83398.49530225834
 83337.89555476581
 83281.43727534608
 83228.9273326564
 83180.17720715578
 83135.00299110559
 83093.22538856864
 83054.66971541016
 83019.16589929706
 82986.54847969815
 82956.6566078843
 82929.33404692846
 82904.42917170523
 82881.79496889132
 82861.28903696538
 82842.77358620797
 82826.11543870163
 82811.18602833078
 82797.86140078185
 82786.02221354321
 82775.55373590518
 82766.34584895996
 82758.29304560175
 82751.2944305267
 82745.25372023287
 82740.0792430203
 82735.68393899094
 82731.98536004873
 82728.90566989951
 82726.37164405109
 82724.3146698132
 82722.67074629758
 82721.38048441781
 82720.38910688952
 82719.64644823021
 82719.10695475937
 82718.72968459841
 82718.4783076707
 82718.32110570153
 82718.23097221817
 82718.18541254981
 82718.1665438276
 82718.16109498461
 82718.16040675589
 82718.16043167842
 82718.16173409112
 82718.16949013484
 82718.1934877524
 82718.24812668857
 82718.35241849005
 82718.52998650545
 82718.80906588542
 82719.22250358245
 82719.80775835105
 82720.60690074762
 82721.66661313055
 82723.03818966016
 82724.77753629872
 82726.94517081039
 82729.60622276136
 82732.83043351972
 82736.69215625551
 82741.27035594071
 82746.64860934926
 82752.91510505702
 82760.16264344181
 82768.48863668343
 82777.99510876356
 82788.78869546583
 82800.98064437589
 82814.68681488126
 82830.02767817142
 82847.12831723786
 82866.11842687389
 82887.13231367487
 82910.30889603811
 82935.79170416271
 82963.72888004988
 82994.27317750279
 83027.58196212648
 83063.81721132784
 83103.14551431587
 83145.73807210155
 83191.77069749743
 83241.42381511854
 83294.88246138167
 83352.33628450509
 83413.97954450984
 83480.01111321828
 83550.63447425503
 83626.05772304629
 83706.49356682075
 83792.15932460803
 83883.27692724163
 83980.0729173546
 84082.77844938377
 84191.6292895674
 84306.8658159449
 84428.73301835844
 84557.48049845245


# name: QUERY
# type: sq_string
# elements: 1
# length: 2
R2


# name: DATASIZE
# type: sq_string
# elements: 1
# length: 3
250


