# Created by Octave 3.8.2, Wed May 18 17:54:57 2016 CEST <Andrea@Andreas-MacBook-Pro.local>
# name: x
# type: matrix
# rows: 1
# columns: 100
 0.008333333333333333 0.008417508417508417 0.008501683501683501 0.008585858585858586 0.00867003367003367 0.008754208754208754 0.008838383838383838 0.008922558922558922 0.009006734006734006 0.00909090909090909 0.009175084175084175 0.009259259259259259 0.009343434343434343 0.009427609427609427 0.009511784511784511 0.009595959595959595 0.009680134680134679 0.009764309764309764 0.009848484848484848 0.009932659932659932 0.01001683501683502 0.0101010101010101 0.01018518518518518 0.01026936026936027 0.01035353535353535 0.01043771043771044 0.01052188552188552 0.0106060606060606 0.01069023569023569 0.01077441077441077 0.01085858585858586 0.01094276094276094 0.01102693602693603 0.01111111111111111 0.0111952861952862 0.01127946127946128 0.01136363636363636 0.01144781144781145 0.01153198653198653 0.01161616161616162 0.0117003367003367 0.01178451178451178 0.01186868686868687 0.01195286195286195 0.01203703703703704 0.01212121212121212 0.01220538720538721 0.01228956228956229 0.01237373737373737 0.01245791245791246 0.01254208754208754 0.01262626262626263 0.01271043771043771 0.01279461279461279 0.01287878787878788 0.01296296296296296 0.01304713804713805 0.01313131313131313 0.01321548821548822 0.0132996632996633 0.01338383838383838 0.01346801346801347 0.01355218855218855 0.01363636363636364 0.01372053872053872 0.0138047138047138 0.01388888888888889 0.01397306397306397 0.01405723905723906 0.01414141414141414 0.01422558922558922 0.01430976430976431 0.01439393939393939 0.01447811447811448 0.01456228956228956 0.01464646464646465 0.01473063973063973 0.01481481481481482 0.0148989898989899 0.01498316498316498 0.01506734006734007 0.01515151515151515 0.01523569023569023 0.01531986531986532 0.0154040404040404 0.01548821548821549 0.01557239057239057 0.01565656565656566 0.01574074074074074 0.01582491582491583 0.01590909090909091 0.01599326599326599 0.01607744107744108 0.01616161616161616 0.01624579124579124 0.01632996632996633 0.01641414141414142 0.0164983164983165 0.01658249158249158 0.01666666666666667


# name: y
# type: matrix
# rows: 100
# columns: 1
 83256.46968122013
 83213.55000405177
 83175.40632546609
 83141.60366704447
 83111.7374643123
 83085.43211471867
 83062.33956113736
 83042.13791088891
 83024.53009028388
 83009.24253468716
 82996.0239141035
 82984.64389428418
 82974.89193335478
 82966.57611396414
 82959.52201095445
 82953.57159455244
 82948.5821690818
 82944.42534719664
 82940.98605963615
 82938.16160050049
 82935.86070804758
 82934.00268101133
 82932.51653044079
 82931.34016706049
 82930.41962415208
 82929.70831595686
 82929.16633159964
 82928.75976453371
 82928.46007750684
 82928.24350304861
 82928.09047947873
 82927.98512243658
 82927.91473193184
 82927.86933491634
 82927.84126337693
 82927.8247679497
 82927.8156670551
 82927.81103155432
 82927.80890492689
 82927.8080589693
 82927.80778501478
 82927.80772067429
 82927.80771209858
 82927.80771176147
 82927.8077117642
 82927.80771266093
 82927.80772780548
 82927.80782321905
 82927.80819297924
 82927.80927013012
 82927.81187311346
 82927.81738772114
 82927.82798456863
 82927.84687208974
 82927.87858505233
 82927.92930859531
 82928.00723778681
 82928.12297270326
 82928.28994902998
 82928.52490418249
 82928.84837894936
 82929.28525465593
 82929.8653258493
 82930.62390850442
 82931.60248375134
 82932.84937712358
 82934.4204733277
 82936.37996653395
 82938.80114618804
 82941.76721834422
 82945.37216251926
 82949.72162406775
 82954.93384207854
 82961.14061279215
 82968.48828853956
 82977.138812202
 82987.27078719187
 82999.08058295489
 83012.78347599333
 83028.61482641043
 83046.8312899759
 83067.71206571261
 83091.56017900445
 83118.70380022521
 83149.49759888879
 83184.32413332038
 83223.59527584889
 83267.75367352048
 83317.27424433321
 83372.66570899296
 83434.47215819026
 83503.27465539851
 83579.69287519318
 83664.38677709231
 83758.05831491783
 83861.45318167849
 83975.36258997356
 84100.62508791778
 84238.12841058752
 84388.81136698816


# name: QUERY
# type: sq_string
# elements: 1
# length: 2
R2


# name: DATASIZE
# type: sq_string
# elements: 1
# length: 3
250


