# Created by Octave 4.0.0, Mon May 23 13:36:19 2016 CEST <peter@Independence>
# name: x
# type: matrix
# rows: 1
# columns: 100
 0.008333333333333333 0.008417508417508417 0.008501683501683501 0.008585858585858586 0.00867003367003367 0.008754208754208754 0.008838383838383838 0.008922558922558922 0.009006734006734006 0.00909090909090909 0.009175084175084175 0.009259259259259259 0.009343434343434343 0.009427609427609427 0.009511784511784511 0.009595959595959595 0.009680134680134679 0.009764309764309764 0.009848484848484848 0.009932659932659932 0.01001683501683502 0.0101010101010101 0.01018518518518518 0.01026936026936027 0.01035353535353535 0.01043771043771044 0.01052188552188552 0.0106060606060606 0.01069023569023569 0.01077441077441077 0.01085858585858586 0.01094276094276094 0.01102693602693603 0.01111111111111111 0.0111952861952862 0.01127946127946128 0.01136363636363636 0.01144781144781145 0.01153198653198653 0.01161616161616162 0.0117003367003367 0.01178451178451178 0.01186868686868687 0.01195286195286195 0.01203703703703704 0.01212121212121212 0.01220538720538721 0.01228956228956229 0.01237373737373737 0.01245791245791246 0.01254208754208754 0.01262626262626263 0.01271043771043771 0.01279461279461279 0.01287878787878788 0.01296296296296296 0.01304713804713805 0.01313131313131313 0.01321548821548822 0.0132996632996633 0.01338383838383838 0.01346801346801347 0.01355218855218855 0.01363636363636364 0.01372053872053872 0.0138047138047138 0.01388888888888889 0.01397306397306397 0.01405723905723906 0.01414141414141414 0.01422558922558922 0.01430976430976431 0.01439393939393939 0.01447811447811448 0.01456228956228956 0.01464646464646465 0.01473063973063973 0.01481481481481482 0.0148989898989899 0.01498316498316498 0.01506734006734007 0.01515151515151515 0.01523569023569023 0.01531986531986532 0.0154040404040404 0.01548821548821549 0.01557239057239057 0.01565656565656566 0.01574074074074074 0.01582491582491583 0.01590909090909091 0.01599326599326599 0.01607744107744108 0.01616161616161616 0.01624579124579124 0.01632996632996633 0.01641414141414142 0.0164983164983165 0.01658249158249158 0.01666666666666667


# name: y
# type: matrix
# rows: 100
# columns: 1
 81985.54229411921
 82055.00321472976
 82121.26210125838
 82184.39451323879
 82244.47601020461
 82301.58215168967
 82355.78849722767
 82407.17060635221
 82455.80403859713
 82501.76435349608
 82545.12711058276
 82585.96786939094
 82624.36218945429
 82660.3856303065
 82694.11375148136
 82725.6221125125
 82754.9862729337
 82782.28179227863
 82807.584230081
 82830.96914587457
 82852.51209919299
 82872.28864957001
 82890.37435653932
 82906.84477963467
 82921.77547838974
 82935.24201233826
 82947.31994101392
 82958.08482395046
 82967.61222068156
 82975.97769074098
 82983.25679366238
 82989.52508897951
 82994.85813622607
 82999.33149493576
 83003.02072464232
 83006.00138487943
 83008.34903518083
 83010.13923508022
 83011.44754411132
 83012.34952180783
 83012.92072770347
 83013.23672133195
 83013.37306222699
 83013.40530992229
 83013.40902395158
 83013.45976384856
 83013.63308914694
 83014.00455938044
 83014.64973408276
 83015.64417278764
 83017.06343502876
 83018.98308033985
 83021.47866825463
 83024.62575830679
 83028.49991003006
 83033.17668295815
 83038.73163662477
 83045.24033056363
 83052.77832430844
 83061.42117739291
 83071.24444935078
 83082.32369971574
 83094.7344880215
 83108.55237380177
 83123.85291659027
 83140.71167592073
 83159.20421132683
 83179.40608234231
 83201.39284850085
 83225.2400693362
 83251.02330438205
 83278.81811317211
 83308.7000552401
 83340.74469011974
 83375.02757734475
 83411.6242764488
 83450.61034696564
 83492.06134842898
 83536.05284037252
 83582.66038232994
 83631.95953383506
 83684.02585442149
 83738.93490362297
 83796.76224097326
 83857.58342600596
 83921.4740182549
 83988.50957725373
 84058.76566253621
 84132.31783363599
 84209.24165008677
 84289.61267142231
 84373.50645717637
 84460.99856688268
 84552.16456007474
 84647.07999628648
 84745.82043505154
 84848.46143590361
 84955.07855837639
 85065.74736200375
 85180.54340631921


# name: QUERY
# type: sq_string
# elements: 1
# length: 2
R2


# name: DATASIZE
# type: sq_string
# elements: 1
# length: 3
250


