# Created by Octave 4.0.0, Wed May 11 16:24:48 2016 CEST <peter@Independence>
# name: y
# type: matrix
# rows: 1
# columns: 100
 583221.7050851643 582203.1506960012 581184.5963068383 580166.0419176753 579147.4875285123 578128.9331393493 577110.3787501863 576091.8243610234 575073.2699718603 574054.7155826974 573036.1611935344 572017.6068043715 570999.0524152084 569980.4980260455 568961.9436368825 567943.3892477194 566924.8348585565 565906.2804693935 564887.7260802306 563869.1716910675 562850.6173019046 561832.0629127416 560813.5085235786 559794.9541344156 558776.3997452527 557757.8453560896 556739.2909669266 555720.7365777637 554702.1821886007 553683.6277994377 552665.0734102747 551646.5190211118 550627.9646319487 549609.4102427858 548590.8558536228 547572.3014644599 546553.7470752968 545535.1926861338 544516.6382969709 543498.0839078078 542479.5295186449 541460.9751294819 540442.420740319 539423.8663511559 538405.311961993 537386.75757283 536368.203183667 535349.648794504 534331.094405341 533312.540016178 532293.985627015 531275.4312378521 530256.876848689 529238.3224595261 528219.7680703631 527201.2136812002 526182.6592920371 525164.1049028742 524145.5505137112 523126.9961245482 522108.4417353852 521089.8873462222 520071.3329570593 519052.7785678963 518034.2241787333 517015.6697895703 515997.1154004073 514978.5610112443 513960.0066220813 512941.4522329184 511922.8978437554 510904.3434545924 509885.7890654294 508867.2346762664 507848.6802871035 506830.1258979405 505811.5715087775 504793.0171196145 503774.4627304515 502755.9083412885 501737.3539521255 500718.7995629626 499700.2451737996 498681.6907846366 497663.1363954736 496644.5820063106 495626.0276171477 494607.4732279846 493588.9188388217 492570.3644496587 491551.8100604957 490533.2556713327 489514.7012821697 488496.1468930067 487477.5925038438 486459.0381146808 485440.4837255178 484421.9293363548 483403.3749471918 482384.8205580289


