# Created by Octave 4.0.0, Wed May 11 16:24:49 2016 CEST <peter@Independence>
# name: y
# type: matrix
# rows: 100
# columns: 1
 377546.855964163
 380105.1153628641
 382719.5837491361
 385388.9826891416
 388111.976265396
 390887.1721981126
 393713.1230467601
 396588.3274903197
 399511.2316845881
 402480.2306947266
 405493.6700011243
 408549.8470765033
 411647.0130320697
 414783.3743303793
 417957.0945624756
 421166.296286731
 424409.0629267155
 427683.4407253103
 430987.4407521782
 434319.0409616139
 437676.1882976996
 441056.8008436147
 444458.770011867
 447879.9627721433
 451318.2239134122
 454771.3783368565
 458237.2333761582
 461713.5811416189
 465198.200884559
 468688.8613784103
 472183.3233128951
 475679.3416976653
 479174.6682717722
 482667.0539153312
 486154.2510597542
 489634.0160929352
 493104.1117557915
 496562.3095265942
 500006.3919895503
 503434.1551841423
 506843.4109317765
 510231.9891363431
 513597.7400553543
 516938.5365383864
 520252.2762296296
 523536.8837314211
 526790.3127257231
 530010.548050593
 533195.6077287875
 536343.544945741
 539452.4499742566
 542520.4520433628
 545545.72114889
 548526.4698034441
 551460.9547235682
 554347.478452005
 557184.3909130977
 559970.0908994951
 562703.0274884526
 565381.7013861571
 568004.6661986308
 570570.5296279107
 573077.9545923297
 575525.6602698659
 577912.423063662
 580237.0774889578
 582498.5169808085
 584695.6946221079
 586827.6237915676
 588893.3787314361
 590892.0950348838
 592822.9700531074
 594685.2632223389
 596478.2963110787
 598201.4535879953
 599854.1819110587
 601435.9907386047
 602946.4520631351
 604385.2002687878
 605751.9319135149
 607046.4054371221
 608268.4407964293
 609417.91902891
 610494.7817462742
 611499.0305595474
 612430.7264372904
 613289.9889986969
 614076.9957433766
 614791.9812197224
 615435.236133822
 616007.1064009483
 616507.9921417268
 616938.3466251347
 617298.6751605415
 617589.5339410513
 617811.5288404489
 617965.3141660952
 618051.5913701487
 618071.1077215209
 618024.6549410005


