# Created by Octave 4.0.0, Wed May 11 16:24:48 2016 CEST <peter@Independence>
# name: y
# type: matrix
# rows: 100
# columns: 1
 377024.2040822482
 380264.5476763726
 383504.8912704972
 386745.2348646217
 389985.5784587463
 393225.9220528709
 396466.2656469954
 399706.6092411199
 402946.9528352444
 406187.296429369
 409427.6400234936
 412667.983617618
 415908.3272117426
 419148.6708058671
 422389.0143999917
 425629.3579941163
 428869.7015882407
 432110.0451823653
 435350.3887764899
 438590.7323706144
 441831.0759647389
 445071.4195588635
 448311.763152988
 451552.1067471126
 454792.4503412371
 458032.7939353617
 461273.1375294862
 464513.4811236107
 467753.8247177353
 470994.1683118598
 474234.5119059844
 477474.8555001089
 480715.1990942335
 483955.542688358
 487195.8862824825
 490436.2298766071
 493676.5734707316
 496916.9170648562
 500157.2606589807
 503397.6042531052
 506637.9478472298
 509878.2914413543
 513118.6350354789
 516358.9786296034
 519599.3222237279
 522839.6658178525
 526080.009411977
 529320.3530061016
 532560.6966002261
 535801.0401943506
 539041.3837884752
 542281.7273825997
 545522.0709767243
 548762.4145708488
 552002.7581649733
 555243.1017590979
 558483.4453532224
 561723.788947347
 564964.1325414715
 568204.4761355961
 571444.8197297207
 574685.1633238451
 577925.5069179697
 581165.8505120943
 584406.1941062189
 587646.5377003434
 590886.881294468
 594127.2248885925
 597367.568482717
 600607.9120768416
 603848.255670966
 607088.5992650907
 610328.9428592152
 613569.2864533396
 616809.6300474643
 620049.9736415888
 623290.3172357134
 626530.6608298379
 629771.0044239624
 633011.348018087
 636251.6916122115
 639492.0352063361
 642732.3788004606
 645972.7223945851
 649213.0659887097
 652453.4095828342
 655693.7531769588
 658934.0967710833
 662174.4403652078
 665414.7839593324
 668655.1275534569
 671895.4711475815
 675135.814741706
 678376.1583358306
 681616.5019299551
 684856.8455240796
 688097.1891182042
 691337.5327123287
 694577.8763064533
 697818.2199005778


