# Created by Octave 4.0.0, Wed May 11 16:24:48 2016 CEST <peter@Independence>
# name: y
# type: matrix
# rows: 100
# columns: 1
 433311.8118878479
 434371.0821956014
 435386.4824405051
 436358.9404177438
 437289.3839225025
 438178.7407499662
 439027.9386953198
 439837.9055537481
 440609.5691204363
 441343.8571905692
 442041.6975593316
 442704.0180219087
 443331.7463734852
 443925.8104092462
 444487.1379243766
 445016.6567140614
 445515.2945734854
 445983.9792978335
 446423.6386822909
 446835.2005220422
 447219.5926122726
 447577.7427481669
 447910.5787249101
 448219.0283376871
 448504.0193816829
 448766.4796520823
 449007.3369440704
 449227.519052832
 449427.9537735521
 449609.5689014157
 449773.2922316077
 449920.051559313
 450050.7746797164
 450166.3893880032
 450267.823479358
 450356.0047489658
 450431.8609920117
 450496.3200036805
 450550.3095791572
 450594.7575136267
 450630.5916022739
 450658.7396402838
 450680.1294228413
 450695.6887451314
 450706.3454023389
 450713.0271896489
 450716.6619022463
 450718.177335316
 450718.5012840428
 450718.5615436119
 450719.2859092081
 450721.6021760164
 450726.4381392216
 450734.7215940087
 450747.3803355627
 450765.3421590686
 450789.5348597111
 450820.8862326753
 450860.3240731461
 450908.7761763085
 450967.1703373473
 451036.4343514476
 451117.4960137942
 451211.2831195722
 451318.7234639663
 451440.7448421616
 451578.275049343
 451732.2418806955
 451903.5731314039
 452093.1965966533
 452302.0400716285
 452531.0313515145
 452781.0982314962
 453053.1685067585
 453348.1699724865
 453667.030423865
 454010.677656079
 454380.0394643134
 454776.0436437532
 455199.6179895832
 455651.6902969884
 456133.1883611538
 456645.0399772643
 457188.1729405049
 457763.5150460603
 458371.9940891158
 459014.537864856
 459692.074168466
 460405.5307951308
 461155.8355400352
 461943.9161983641
 462770.7005653026
 463637.1164360356
 464544.091605748
 465492.5538696247
 466483.4310228507
 467517.6508606109
 468596.1411780902
 469719.8297704737
 470889.6444329462


