# Created by Octave 4.0.0, Mon May 23 13:47:25 2016 CEST <peter@Independence>
# name: x
# type: matrix
# rows: 1
# columns: 100
 60 60.60606060606061 61.21212121212122 61.81818181818181 62.42424242424242 63.03030303030303 63.63636363636364 64.24242424242425 64.84848484848484 65.45454545454545 66.06060606060606 66.66666666666667 67.27272727272728 67.87878787878788 68.48484848484848 69.09090909090909 69.69696969696969 70.30303030303031 70.90909090909091 71.51515151515152 72.12121212121212 72.72727272727273 73.33333333333333 73.93939393939394 74.54545454545455 75.15151515151516 75.75757575757576 76.36363636363636 76.96969696969697 77.57575757575758 78.18181818181819 78.78787878787878 79.39393939393939 80 80.60606060606061 81.21212121212122 81.81818181818181 82.42424242424242 83.03030303030303 83.63636363636364 84.24242424242424 84.84848484848484 85.45454545454545 86.06060606060606 86.66666666666667 87.27272727272727 87.87878787878788 88.48484848484848 89.09090909090909 89.69696969696969 90.3030303030303 90.90909090909091 91.51515151515152 92.12121212121212 92.72727272727272 93.33333333333333 93.93939393939394 94.54545454545455 95.15151515151516 95.75757575757575 96.36363636363636 96.96969696969697 97.57575757575758 98.18181818181819 98.78787878787878 99.39393939393939 100 100.6060606060606 101.2121212121212 101.8181818181818 102.4242424242424 103.030303030303 103.6363636363636 104.2424242424242 104.8484848484848 105.4545454545455 106.0606060606061 106.6666666666667 107.2727272727273 107.8787878787879 108.4848484848485 109.0909090909091 109.6969696969697 110.3030303030303 110.9090909090909 111.5151515151515 112.1212121212121 112.7272727272727 113.3333333333333 113.9393939393939 114.5454545454545 115.1515151515152 115.7575757575758 116.3636363636364 116.969696969697 117.5757575757576 118.1818181818182 118.7878787878788 119.3939393939394 120


# name: y
# type: matrix
# rows: 100
# columns: 1
 73116.42209145612
 73112.06468103446
 73107.79813381746
 73103.65793914263
 73099.68199244639
 73095.91049284849
 73092.38580986929
 73089.15231814102
 73086.25619926378
 73083.74521027888
 73081.6684185864
 73080.07590351583
 73079.01842516687
 73078.54706156682
 73078.71281563705
 73079.56619392005
 73081.15675948282
 73083.53266187791
 73086.74014750264
 73090.823054144
 73095.82229392313
 73101.7753292547
 73108.71564680265
 73116.67223474033
 73125.66906890154
 73135.72461363419
 73146.85134333276
 73159.05529072571
 73172.33562802263
 73186.68428698144
 73202.0856238327
 73218.51613479618
 73235.94422764154
 73254.33005438007
 73273.62540973128
 73293.77369948519
 73314.70998228613
 73336.36108769789
 73358.64581268135
 73381.47519783066
 73404.75288388024
 73428.37554812217
 73452.23341947219
 73476.21087000235
 73500.18707983237
 73524.03677135026
 73547.63100783016
 73570.83805064177
 73593.52426841619
 73615.55509075749
 73636.79599838129
 73657.11354093152
 73676.37637318503
 73694.45629990999
 73711.2293193073
 73726.57665474
 73740.38576435082
 73752.5513181862
 73762.97613258795
 73771.57205188308
 73778.2607677959
 73782.97456752216
 73785.65700203716
 73786.26346695353
 73784.76168908952
 73781.13211284729
 73775.36818152116
 73767.47650974504
 73757.47694443435
 73745.40251276428
 73731.29925694015
 73715.22595674003
 73697.2537420286
 73677.46559864063
 73655.95577219373
 73632.82907550108
 73608.20010629875
 73582.19238296751
 73554.9374068007
 73526.57366014013
 73497.24555035727
 73467.10231019274
 73436.29686537456
 73404.98468071141
 73373.3225959977
 73341.4676630727
 73309.57599524652
 73277.80164004465
 73246.29548583525
 73215.2042123944
 73184.6692948447
 73154.8260696779
 73125.8028707576
 73097.72024230126
 73070.6902348783
 73044.81578944395
 73020.19021337213
 72996.89675136957
 72975.00825306081
 72954.58693794603


# name: QUERY
# type: sq_string
# elements: 1
# length: 2
R2


# name: DATASIZE
# type: sq_string
# elements: 1
# length: 3
500


