# Created by Octave 4.0.0, Mon May 23 13:47:25 2016 CEST <peter@Independence>
# name: x
# type: matrix
# rows: 1
# columns: 100
 60 60.60606060606061 61.21212121212122 61.81818181818181 62.42424242424242 63.03030303030303 63.63636363636364 64.24242424242425 64.84848484848484 65.45454545454545 66.06060606060606 66.66666666666667 67.27272727272728 67.87878787878788 68.48484848484848 69.09090909090909 69.69696969696969 70.30303030303031 70.90909090909091 71.51515151515152 72.12121212121212 72.72727272727273 73.33333333333333 73.93939393939394 74.54545454545455 75.15151515151516 75.75757575757576 76.36363636363636 76.96969696969697 77.57575757575758 78.18181818181819 78.78787878787878 79.39393939393939 80 80.60606060606061 81.21212121212122 81.81818181818181 82.42424242424242 83.03030303030303 83.63636363636364 84.24242424242424 84.84848484848484 85.45454545454545 86.06060606060606 86.66666666666667 87.27272727272727 87.87878787878788 88.48484848484848 89.09090909090909 89.69696969696969 90.3030303030303 90.90909090909091 91.51515151515152 92.12121212121212 92.72727272727272 93.33333333333333 93.93939393939394 94.54545454545455 95.15151515151516 95.75757575757575 96.36363636363636 96.96969696969697 97.57575757575758 98.18181818181819 98.78787878787878 99.39393939393939 100 100.6060606060606 101.2121212121212 101.8181818181818 102.4242424242424 103.030303030303 103.6363636363636 104.2424242424242 104.8484848484848 105.4545454545455 106.0606060606061 106.6666666666667 107.2727272727273 107.8787878787879 108.4848484848485 109.0909090909091 109.6969696969697 110.3030303030303 110.9090909090909 111.5151515151515 112.1212121212121 112.7272727272727 113.3333333333333 113.9393939393939 114.5454545454545 115.1515151515152 115.7575757575758 116.3636363636364 116.969696969697 117.5757575757576 118.1818181818182 118.7878787878788 119.3939393939394 120


# name: y
# type: matrix
# rows: 100
# columns: 1
 73053.13309951071
 73053.01189431867
 73052.89068912661
 73052.76948393456
 73052.6482787425
 73052.52707355046
 73052.4058683584
 73052.28466316636
 73052.1634579743
 73052.04225278225
 73051.92104759018
 73051.79984239813
 73051.67863720609
 73051.55743201403
 73051.43622682197
 73051.31502162993
 73051.19381643788
 73051.07261124582
 73050.95140605376
 73050.83020086172
 73050.70899566966
 73050.58779047761
 73050.46658528555
 73050.34538009351
 73050.22417490145
 73050.10296970941
 73049.98176451735
 73049.86055932529
 73049.73935413324
 73049.61814894118
 73049.49694374914
 73049.37573855708
 73049.25453336503
 73049.13332817297
 73049.01212298093
 73048.89091778887
 73048.76971259683
 73048.64850740477
 73048.52730221271
 73048.40609702066
 73048.2848918286
 73048.16368663656
 73048.0424814445
 73047.92127625245
 73047.8000710604
 73047.67886586835
 73047.55766067629
 73047.43645548423
 73047.31525029219
 73047.19404510013
 73047.07283990808
 73046.95163471602
 73046.83042952398
 73046.70922433192
 73046.58801913988
 73046.46681394782
 73046.34560875577
 73046.22440356371
 73046.10319837165
 73045.98199317961
 73045.86078798755
 73045.7395827955
 73045.61837760344
 73045.4971724114
 73045.37596721934
 73045.2547620273
 73045.13355683524
 73045.01235164319
 73044.89114645113
 73044.76994125907
 73044.64873606703
 73044.52753087497
 73044.40632568292
 73044.28512049087
 73044.16391529881
 73044.04271010676
 73043.92150491472
 73043.80029972266
 73043.67909453061
 73043.55788933855
 73043.43668414649
 73043.31547895445
 73043.19427376239
 73043.07306857035
 73042.95186337829
 73042.83065818624
 73042.70945299418
 73042.58824780214
 73042.46704261008
 73042.34583741802
 73042.22463222597
 73042.10342703392
 73041.98222184187
 73041.86101664981
 73041.73981145777
 73041.61860626571
 73041.49740107366
 73041.3761958816
 73041.25499068956
 73041.1337854975


# name: QUERY
# type: sq_string
# elements: 1
# length: 2
R2


# name: DATASIZE
# type: sq_string
# elements: 1
# length: 3
500


