# Created by Octave 4.0.0, Wed May 18 23:47:34 2016 CEST <peter@Independence>
# name: x
# type: matrix
# rows: 1
# columns: 100
 60 60.60606060606061 61.21212121212122 61.81818181818181 62.42424242424242 63.03030303030303 63.63636363636364 64.24242424242425 64.84848484848484 65.45454545454545 66.06060606060606 66.66666666666667 67.27272727272728 67.87878787878788 68.48484848484848 69.09090909090909 69.69696969696969 70.30303030303031 70.90909090909091 71.51515151515152 72.12121212121212 72.72727272727273 73.33333333333333 73.93939393939394 74.54545454545455 75.15151515151516 75.75757575757576 76.36363636363636 76.96969696969697 77.57575757575758 78.18181818181819 78.78787878787878 79.39393939393939 80 80.60606060606061 81.21212121212122 81.81818181818181 82.42424242424242 83.03030303030303 83.63636363636364 84.24242424242424 84.84848484848484 85.45454545454545 86.06060606060606 86.66666666666667 87.27272727272727 87.87878787878788 88.48484848484848 89.09090909090909 89.69696969696969 90.3030303030303 90.90909090909091 91.51515151515152 92.12121212121212 92.72727272727272 93.33333333333333 93.93939393939394 94.54545454545455 95.15151515151516 95.75757575757575 96.36363636363636 96.96969696969697 97.57575757575758 98.18181818181819 98.78787878787878 99.39393939393939 100 100.6060606060606 101.2121212121212 101.8181818181818 102.4242424242424 103.030303030303 103.6363636363636 104.2424242424242 104.8484848484848 105.4545454545455 106.0606060606061 106.6666666666667 107.2727272727273 107.8787878787879 108.4848484848485 109.0909090909091 109.6969696969697 110.3030303030303 110.9090909090909 111.5151515151515 112.1212121212121 112.7272727272727 113.3333333333333 113.9393939393939 114.5454545454545 115.1515151515152 115.7575757575758 116.3636363636364 116.969696969697 117.5757575757576 118.1818181818182 118.7878787878788 119.3939393939394 120


# name: y
# type: matrix
# rows: 1
# columns: 100
 73134.85695422535 73130.90791955387 73126.95888488238 73123.00985021089 73119.0608155394 73115.11178086791 73111.16274619642 73107.21371152494 73103.26467685345 73099.31564218196 73095.36660751047 73091.417572839 73087.46853816751 73083.51950349602 73079.57046882453 73075.62143415304 73071.67239948155 73067.72336481007 73063.77433013858 73059.82529546709 73055.8762607956 73051.92722612411 73047.97819145264 73044.02915678115 73040.08012210966 73036.13108743817 73032.18205276669 73028.2330180952 73024.28398342371 73020.33494875222 73016.38591408073 73012.43687940924 73008.48784473776 73004.53881006628 73000.58977539479 72996.64074072331 72992.69170605182 72988.74267138033 72984.79363670884 72980.84460203735 72976.89556736586 72972.94653269438 72968.99749802289 72965.0484633514 72961.09942867993 72957.15039400844 72953.20135933695 72949.25232466546 72945.30328999397 72941.35425532248 72937.405220651 72933.45618597951 72929.50715130802 72925.55811663653 72921.60908196504 72917.66004729355 72913.71101262208 72909.76197795059 72905.8129432791 72901.86390860761 72897.91487393613 72893.96583926464 72890.01680459315 72886.06776992166 72882.11873525017 72878.16970057868 72874.2206659072 72870.27163123572 72866.32259656423 72862.37356189275 72858.42452722126 72854.47549254977 72850.52645787828 72846.57742320679 72842.6283885353 72838.67935386382 72834.73031919233 72830.78128452084 72826.83224984937 72822.88321517788 72818.93418050639 72814.9851458349 72811.03611116341 72807.08707649192 72803.13804182044 72799.18900714895 72795.23997247746 72791.29093780597 72787.34190313448 72783.39286846301 72779.44383379152 72775.49479912003 72771.54576444854 72767.59672977705 72763.64769510557 72759.69866043408 72755.74962576259 72751.8005910911 72747.85155641961 72743.90252174812


# name: QUERY
# type: sq_string
# elements: 1
# length: 2
R2


# name: DATASIZE
# type: sq_string
# elements: 1
# length: 3
500


