# Created by Octave 4.0.0, Mon May 23 13:47:25 2016 CEST <peter@Independence>
# name: x
# type: matrix
# rows: 1
# columns: 100
 60 60.60606060606061 61.21212121212122 61.81818181818181 62.42424242424242 63.03030303030303 63.63636363636364 64.24242424242425 64.84848484848484 65.45454545454545 66.06060606060606 66.66666666666667 67.27272727272728 67.87878787878788 68.48484848484848 69.09090909090909 69.69696969696969 70.30303030303031 70.90909090909091 71.51515151515152 72.12121212121212 72.72727272727273 73.33333333333333 73.93939393939394 74.54545454545455 75.15151515151516 75.75757575757576 76.36363636363636 76.96969696969697 77.57575757575758 78.18181818181819 78.78787878787878 79.39393939393939 80 80.60606060606061 81.21212121212122 81.81818181818181 82.42424242424242 83.03030303030303 83.63636363636364 84.24242424242424 84.84848484848484 85.45454545454545 86.06060606060606 86.66666666666667 87.27272727272727 87.87878787878788 88.48484848484848 89.09090909090909 89.69696969696969 90.3030303030303 90.90909090909091 91.51515151515152 92.12121212121212 92.72727272727272 93.33333333333333 93.93939393939394 94.54545454545455 95.15151515151516 95.75757575757575 96.36363636363636 96.96969696969697 97.57575757575758 98.18181818181819 98.78787878787878 99.39393939393939 100 100.6060606060606 101.2121212121212 101.8181818181818 102.4242424242424 103.030303030303 103.6363636363636 104.2424242424242 104.8484848484848 105.4545454545455 106.0606060606061 106.6666666666667 107.2727272727273 107.8787878787879 108.4848484848485 109.0909090909091 109.6969696969697 110.3030303030303 110.9090909090909 111.5151515151515 112.1212121212121 112.7272727272727 113.3333333333333 113.9393939393939 114.5454545454545 115.1515151515152 115.7575757575758 116.3636363636364 116.969696969697 117.5757575757576 118.1818181818182 118.7878787878788 119.3939393939394 120


# name: y
# type: matrix
# rows: 1
# columns: 100
 73398.73186675271 73389.13844892557 73379.54503109842 73369.95161327126 73360.3581954441 73350.76477761696 73341.17135978981 73331.57794196265 73321.98452413549 73312.39110630835 73302.79768848119 73293.20427065404 73283.61085282688 73274.01743499974 73264.42401717258 73254.83059934543 73245.23718151827 73235.64376369113 73226.05034586397 73216.45692803682 73206.86351020966 73197.27009238252 73187.67667455536 73178.08325672821 73168.48983890105 73158.89642107391 73149.30300324675 73139.70958541959 73130.11616759244 73120.5227497653 73110.92933193814 73101.33591411098 73091.74249628383 73082.14907845668 73072.55566062953 73062.96224280237 73053.36882497522 73043.77540714807 73034.18198932092 73024.58857149376 73014.9951536666 73005.40173583946 72995.80831801231 72986.21490018515 72976.62148235799 72967.02806453085 72957.4346467037 72947.84122887654 72938.24781104938 72928.65439322224 72919.06097539508 72909.46755756793 72899.87413974077 72890.28072191363 72880.68730408647 72871.09388625932 72861.50046843216 72851.90705060502 72842.31363277786 72832.72021495071 72823.12679712355 72813.53337929641 72803.93996146925 72794.3465436421 72784.75312581494 72775.1597079878 72765.56629016064 72755.97287233348 72746.37945450633 72736.78603667919 72727.19261885203 72717.59920102487 72708.00578319772 72698.41236537056 72688.81894754342 72679.22552971626 72669.63211188911 72660.03869406195 72650.44527623481 72640.85185840765 72631.2584405805 72621.66502275334 72612.0716049262 72602.47818709904 72592.88476927188 72583.29135144473 72573.69793361759 72564.10451579043 72554.51109796327 72544.91768013612 72535.32426230898 72525.73084448182 72516.13742665466 72506.54400882751 72496.95059100036 72487.35717317321 72477.76375534605 72468.1703375189 72458.57691969175 72448.9835018646


# name: QUERY
# type: sq_string
# elements: 1
# length: 2
R2


# name: DATASIZE
# type: sq_string
# elements: 1
# length: 3
500


