# Created by Octave 4.0.0, Mon May 23 13:47:25 2016 CEST <peter@Independence>
# name: SVs
# type: cell
# rows: 1
# columns: 7
# name: <cell-element>
# type: sparse matrix
# nnz: 21
# rows: 21
# columns: 1
1 1 0.5648100713219151
2 1 -0.403435765229939
3 1 -0.403435765229939
4 1 -0.403435765229939
5 1 -0.403435765229939
6 1 -1.371681601781793
7 1 0.5648100713219151
8 1 0.5648100713219151
9 1 -0.403435765229939
10 1 -1.371681601781793
11 1 0.5648100713219151
12 1 -0.403435765229939
13 1 -0.403435765229939
14 1 -0.403435765229939
15 1 1.533055907873769
16 1 -0.403435765229939
17 1 -1.371681601781793
18 1 0.5648100713219151
19 1 -1.371681601781793
20 1 -0.403435765229939
21 1 -1.371681601781793



# name: <cell-element>
# type: sparse matrix
# nnz: 12
# rows: 12
# columns: 1
1 1 -0.403435765229939
2 1 -0.403435765229939
3 1 -0.403435765229939
4 1 -1.371681601781793
5 1 0.5648100713219151
6 1 -1.371681601781793
7 1 -0.403435765229939
8 1 -0.403435765229939
9 1 1.533055907873769
10 1 0.5648100713219151
11 1 -0.403435765229939
12 1 -1.371681601781793



# name: <cell-element>
# type: sparse matrix
# nnz: 0
# rows: 0
# columns: 1



# name: <cell-element>
# type: sparse matrix
# nnz: 3
# rows: 3
# columns: 1
1 1 -0.403435765229939
2 1 -0.403435765229939
3 1 1.533055907873769



# name: <cell-element>
# type: sparse matrix
# nnz: 3
# rows: 3
# columns: 1
1 1 -0.403435765229939
2 1 -0.403435765229939
3 1 1.533055907873769



# name: <cell-element>
# type: sparse matrix
# nnz: 42
# rows: 42
# columns: 1
1 1 -0.403435765229939
2 1 0.5648100713219151
3 1 -0.403435765229939
4 1 -1.371681601781793
5 1 -0.403435765229939
6 1 -0.403435765229939
7 1 -0.403435765229939
8 1 -0.403435765229939
9 1 0.5648100713219151
10 1 -0.403435765229939
11 1 -1.371681601781793
12 1 0.5648100713219151
13 1 -0.403435765229939
14 1 0.5648100713219151
15 1 1.533055907873769
16 1 -1.371681601781793
17 1 1.533055907873769
18 1 -0.403435765229939
19 1 -1.371681601781793
20 1 -0.403435765229939
21 1 -0.403435765229939
22 1 -0.403435765229939
23 1 0.5648100713219151
24 1 -0.403435765229939
25 1 -0.403435765229939
26 1 1.533055907873769
27 1 1.533055907873769
28 1 -0.403435765229939
29 1 -0.403435765229939
30 1 -1.371681601781793
31 1 -0.403435765229939
32 1 1.533055907873769
33 1 -0.403435765229939
34 1 -1.371681601781793
35 1 0.5648100713219151
36 1 -1.371681601781793
37 1 -0.403435765229939
38 1 1.533055907873769
39 1 -0.403435765229939
40 1 -0.403435765229939
41 1 -1.371681601781793
42 1 0.5648100713219151



# name: <cell-element>
# type: scalar
0





# name: coefficients
# type: cell
# rows: 1
# columns: 7
# name: <cell-element>
# type: matrix
# rows: 21
# columns: 1
 5
 5
 5
 5
 -5
 -5
 4.998610114499497
 -5
 0.001389885500499045
 5
 -5
 -5
 -5
 -5
 -5
 5
 -5
 5
 -5
 5
 5



# name: <cell-element>
# type: matrix
# rows: 12
# columns: 1
 0.1
 0.1
 -0.1
 -0.1
 -0.1
 0.1
 -0.1
 -0.1
 -0.1
 0.1
 0.1
 0.1



# name: <cell-element>
# type: matrix
# rows: 0
# columns: 1



# name: <cell-element>
# type: matrix
# rows: 3
# columns: 1
 0.1
 -0.09759601530403289
 -0.002403984695967114



# name: <cell-element>
# type: matrix
# rows: 3
# columns: 1
 0.1
 -0.09956866707694639
 -0.0004313329230536148



# name: <cell-element>
# type: matrix
# rows: 42
# columns: 1
 -0.1
 0.1
 0.1
 0.1
 0.1
 0.1
 0.1
 -0.1
 0.1
 -0.1
 -0.1
 0.1
 0.1
 -0.1
 -0.1
 0.1
 0.1
 0.1
 0.1
 0.1
 -0.1
 -0.1
 -0.1
 -0.1
 -0.1
 -0.1
 -0.1
 -0.1
 -0.1
 -0.1
 -0.1
 -0.1
 0.1
 -0.1
 0.1
 -0.1
 -0.1
 0.1
 0.1
 0.1
 0.1
 0.1



# name: <cell-element>
# type: scalar
0





# name: b
# type: cell
# rows: 1
# columns: 7
# name: <cell-element>
# type: scalar
0.03167399159084389



# name: <cell-element>
# type: scalar
0.1083211745522679



# name: <cell-element>
# type: scalar
0.1996208220009399



# name: <cell-element>
# type: scalar
0.07114406388257613



# name: <cell-element>
# type: scalar
0.07081811511957009



# name: <cell-element>
# type: scalar
0.08628633749843792



# name: <cell-element>
# type: scalar
0





# name: models
# type: cell
# rows: 1
# columns: 7
# name: <cell-element>
# type: scalar struct
# ndims: 2
 1 1
# length: 11
# name: Parameters
# type: matrix
# rows: 5
# columns: 1
 3
 0
 3
 1
 0


# name: nr_class
# type: scalar
2


# name: totalSV
# type: scalar
21


# name: rho
# type: scalar
-0.03167399159084389


# name: Label
# type: matrix
# rows: 0
# columns: 0


# name: sv_indices
# type: matrix
# rows: 21
# columns: 1
 3
 4
 9
 11
 14
 18
 19
 22
 26
 27
 31
 34
 40
 42
 44
 46
 47
 50
 51
 55
 57


# name: ProbA
# type: matrix
# rows: 0
# columns: 0


# name: ProbB
# type: matrix
# rows: 0
# columns: 0


# name: nSV
# type: matrix
# rows: 0
# columns: 0


# name: sv_coef
# type: matrix
# rows: 21
# columns: 1
 5
 5
 5
 5
 -5
 -5
 4.998610114499497
 -5
 0.001389885500499045
 5
 -5
 -5
 -5
 -5
 -5
 5
 -5
 5
 -5
 5
 5


# name: SVs
# type: sparse matrix
# nnz: 21
# rows: 21
# columns: 1
1 1 0.5648100713219151
2 1 -0.403435765229939
3 1 -0.403435765229939
4 1 -0.403435765229939
5 1 -0.403435765229939
6 1 -1.371681601781793
7 1 0.5648100713219151
8 1 0.5648100713219151
9 1 -0.403435765229939
10 1 -1.371681601781793
11 1 0.5648100713219151
12 1 -0.403435765229939
13 1 -0.403435765229939
14 1 -0.403435765229939
15 1 1.533055907873769
16 1 -0.403435765229939
17 1 -1.371681601781793
18 1 0.5648100713219151
19 1 -1.371681601781793
20 1 -0.403435765229939
21 1 -1.371681601781793





# name: <cell-element>
# type: scalar struct
# ndims: 2
 1 1
# length: 11
# name: Parameters
# type: matrix
# rows: 5
# columns: 1
 3
 1
 2
 1
 0


# name: nr_class
# type: scalar
2


# name: totalSV
# type: scalar
12


# name: rho
# type: scalar
-0.1083211745522679


# name: Label
# type: matrix
# rows: 0
# columns: 0


# name: sv_indices
# type: matrix
# rows: 12
# columns: 1
 9
 11
 14
 18
 22
 27
 34
 42
 44
 50
 55
 57


# name: ProbA
# type: matrix
# rows: 0
# columns: 0


# name: ProbB
# type: matrix
# rows: 0
# columns: 0


# name: nSV
# type: matrix
# rows: 0
# columns: 0


# name: sv_coef
# type: matrix
# rows: 12
# columns: 1
 0.1
 0.1
 -0.1
 -0.1
 -0.1
 0.1
 -0.1
 -0.1
 -0.1
 0.1
 0.1
 0.1


# name: SVs
# type: sparse matrix
# nnz: 12
# rows: 12
# columns: 1
1 1 -0.403435765229939
2 1 -0.403435765229939
3 1 -0.403435765229939
4 1 -1.371681601781793
5 1 0.5648100713219151
6 1 -1.371681601781793
7 1 -0.403435765229939
8 1 -0.403435765229939
9 1 1.533055907873769
10 1 0.5648100713219151
11 1 -0.403435765229939
12 1 -1.371681601781793





# name: <cell-element>
# type: scalar struct
# ndims: 2
 1 1
# length: 11
# name: Parameters
# type: matrix
# rows: 5
# columns: 1
 3
 1
 3
 1
 0


# name: nr_class
# type: scalar
2


# name: totalSV
# type: scalar
0


# name: rho
# type: scalar
-0.1996208220009399


# name: Label
# type: matrix
# rows: 0
# columns: 0


# name: sv_indices
# type: matrix
# rows: 0
# columns: 1


# name: ProbA
# type: matrix
# rows: 0
# columns: 0


# name: ProbB
# type: matrix
# rows: 0
# columns: 0


# name: nSV
# type: matrix
# rows: 0
# columns: 0


# name: sv_coef
# type: matrix
# rows: 0
# columns: 1


# name: SVs
# type: sparse matrix
# nnz: 0
# rows: 0
# columns: 1





# name: <cell-element>
# type: scalar struct
# ndims: 2
 1 1
# length: 11
# name: Parameters
# type: matrix
# rows: 5
# columns: 1
 3
 1
 4
 1
 0


# name: nr_class
# type: scalar
2


# name: totalSV
# type: scalar
3


# name: rho
# type: scalar
-0.07114406388257613


# name: Label
# type: matrix
# rows: 0
# columns: 0


# name: sv_indices
# type: matrix
# rows: 3
# columns: 1
 9
 34
 44


# name: ProbA
# type: matrix
# rows: 0
# columns: 0


# name: ProbB
# type: matrix
# rows: 0
# columns: 0


# name: nSV
# type: matrix
# rows: 0
# columns: 0


# name: sv_coef
# type: matrix
# rows: 3
# columns: 1
 0.1
 -0.09759601530403289
 -0.002403984695967114


# name: SVs
# type: sparse matrix
# nnz: 3
# rows: 3
# columns: 1
1 1 -0.403435765229939
2 1 -0.403435765229939
3 1 1.533055907873769





