# Created by Octave 4.0.0, Wed May 18 23:47:24 2016 CEST <peter@Independence>
# name: mu
# type: matrix
# rows: 1
# columns: 2
 72950.23958333333 88.33333333333333


# name: sigma
# type: matrix
# rows: 1
# columns: 2
 3069.621748495686 20.65591117977289


