# Created by Octave 4.0.0, Wed May 18 23:47:34 2016 CEST <peter@Independence>
# name: x
# type: matrix
# rows: 1
# columns: 100
 60 60.60606060606061 61.21212121212122 61.81818181818181 62.42424242424242 63.03030303030303 63.63636363636364 64.24242424242425 64.84848484848484 65.45454545454545 66.06060606060606 66.66666666666667 67.27272727272728 67.87878787878788 68.48484848484848 69.09090909090909 69.69696969696969 70.30303030303031 70.90909090909091 71.51515151515152 72.12121212121212 72.72727272727273 73.33333333333333 73.93939393939394 74.54545454545455 75.15151515151516 75.75757575757576 76.36363636363636 76.96969696969697 77.57575757575758 78.18181818181819 78.78787878787878 79.39393939393939 80 80.60606060606061 81.21212121212122 81.81818181818181 82.42424242424242 83.03030303030303 83.63636363636364 84.24242424242424 84.84848484848484 85.45454545454545 86.06060606060606 86.66666666666667 87.27272727272727 87.87878787878788 88.48484848484848 89.09090909090909 89.69696969696969 90.3030303030303 90.90909090909091 91.51515151515152 92.12121212121212 92.72727272727272 93.33333333333333 93.93939393939394 94.54545454545455 95.15151515151516 95.75757575757575 96.36363636363636 96.96969696969697 97.57575757575758 98.18181818181819 98.78787878787878 99.39393939393939 100 100.6060606060606 101.2121212121212 101.8181818181818 102.4242424242424 103.030303030303 103.6363636363636 104.2424242424242 104.8484848484848 105.4545454545455 106.0606060606061 106.6666666666667 107.2727272727273 107.8787878787879 108.4848484848485 109.0909090909091 109.6969696969697 110.3030303030303 110.9090909090909 111.5151515151515 112.1212121212121 112.7272727272727 113.3333333333333 113.9393939393939 114.5454545454545 115.1515151515152 115.7575757575758 116.3636363636364 116.969696969697 117.5757575757576 118.1818181818182 118.7878787878788 119.3939393939394 120


# name: y
# type: matrix
# rows: 100
# columns: 1
 73024.44969158714
 73059.05950266607
 73092.92099350545
 73126.03416410529
 73158.3990144656
 73190.01554458635
 73220.88375446756
 73251.00364410922
 73280.37521351135
 73308.99846267392
 73336.87339159695
 73364.00000028044
 73390.37828872439
 73416.00825692878
 73440.88990489363
 73465.02323261894
 73488.40824010471
 73511.04492735093
 73532.9332943576
 73554.07334112473
 73574.46506765232
 73594.10847394036
 73613.00355998887
 73631.15032579782
 73648.54877136722
 73665.19889669708
 73681.10070178741
 73696.25418663818
 73710.65935124941
 73724.3161956211
 73737.22471975324
 73749.38492364583
 73760.79680729889
 73771.4603707124
 73781.37561388637
 73790.54253682078
 73798.96113951565
 73806.63142197099
 73813.55338418677
 73819.72702616302
 73825.15234789971
 73829.82934939687
 73833.75803065447
 73836.93839167253
 73839.37043245106
 73841.05415299004
 73841.98955328946
 73842.17663334936
 73841.61539316969
 73840.30583275048
 73838.24795209174
 73835.44175119344
 73831.88723005561
 73827.58438867824
 73822.53322706131
 73816.73374520484
 73810.18594310882
 73802.88982077327
 73794.84537819817
 73786.05261538352
 73776.51153232933
 73766.22212903558
 73755.18440550231
 73743.39836172949
 73730.86399771711
 73717.5813134652
 73703.55030897373
 73688.77098424273
 73673.24333927219
 73656.96737406209
 73639.94308861246
 73622.17048292328
 73603.64955699455
 73584.38031082628
 73564.36274441847
 73543.5968577711
 73522.0826508842
 73499.82012375776
 73476.80927639177
 73453.05010878624
 73428.54262094115
 73403.28681285652
 73377.28268453236
 73350.53023596863
 73323.02946716538
 73294.78037812258
 73265.78296884023
 73236.03723931834
 73205.54318955689
 73174.30081955591
 73142.31012931539
 73109.57111883532
 73076.08378811571
 73041.84813715654
 73006.86416595784
 72971.13187451959
 72934.6512628418
 72897.42233092447
 72859.44507876757
 72820.71950637116


# name: QUERY
# type: sq_string
# elements: 1
# length: 2
R2


# name: DATASIZE
# type: sq_string
# elements: 1
# length: 3
500


