# Created by Octave 4.0.0, Mon May 23 13:47:25 2016 CEST <peter@Independence>
# name: x
# type: matrix
# rows: 1
# columns: 100
 60 60.60606060606061 61.21212121212122 61.81818181818181 62.42424242424242 63.03030303030303 63.63636363636364 64.24242424242425 64.84848484848484 65.45454545454545 66.06060606060606 66.66666666666667 67.27272727272728 67.87878787878788 68.48484848484848 69.09090909090909 69.69696969696969 70.30303030303031 70.90909090909091 71.51515151515152 72.12121212121212 72.72727272727273 73.33333333333333 73.93939393939394 74.54545454545455 75.15151515151516 75.75757575757576 76.36363636363636 76.96969696969697 77.57575757575758 78.18181818181819 78.78787878787878 79.39393939393939 80 80.60606060606061 81.21212121212122 81.81818181818181 82.42424242424242 83.03030303030303 83.63636363636364 84.24242424242424 84.84848484848484 85.45454545454545 86.06060606060606 86.66666666666667 87.27272727272727 87.87878787878788 88.48484848484848 89.09090909090909 89.69696969696969 90.3030303030303 90.90909090909091 91.51515151515152 92.12121212121212 92.72727272727272 93.33333333333333 93.93939393939394 94.54545454545455 95.15151515151516 95.75757575757575 96.36363636363636 96.96969696969697 97.57575757575758 98.18181818181819 98.78787878787878 99.39393939393939 100 100.6060606060606 101.2121212121212 101.8181818181818 102.4242424242424 103.030303030303 103.6363636363636 104.2424242424242 104.8484848484848 105.4545454545455 106.0606060606061 106.6666666666667 107.2727272727273 107.8787878787879 108.4848484848485 109.0909090909091 109.6969696969697 110.3030303030303 110.9090909090909 111.5151515151515 112.1212121212121 112.7272727272727 113.3333333333333 113.9393939393939 114.5454545454545 115.1515151515152 115.7575757575758 116.3636363636364 116.969696969697 117.5757575757576 118.1818181818182 118.7878787878788 119.3939393939394 120


# name: y
# type: matrix
# rows: 100
# columns: 1
 73025.0184924417
 73036.91702663251
 73048.0603894314
 73058.48123039819
 73068.21147755554
 73077.28233738881
 73085.72429484616
 73093.56711333853
 73100.83983473959
 73107.57077938577
 73113.7875460763
 73119.51701207318
 73124.78533310114
 73129.61794334768
 73134.03955546311
 73138.07416056044
 73141.74502821549
 73145.07470646685
 73148.08502181584
 73150.7970792266
 73153.23126212595
 73155.40723240357
 73157.34393041184
 73159.05957496593
 73160.57166334378
 73161.8969712861
 73163.05155299634
 73164.05074114073
 73164.90914684828
 73165.64065971074
 73166.25844778265
 73166.77495758128
 73167.20191408671
 73167.55032074176
 73167.83045945202
 73168.05189058583
 73168.22345297434
 73168.35326391141
 73168.44871915372
 73168.51649292067
 73168.56253789444
 73168.59208521999
 73168.60964450504
 73168.61900382004
 73168.62322969828
 73168.62466713574
 73168.6249395912
 73168.62494898621
 73168.62487570509
 73168.6241785949
 73168.62159496547
 73168.61514058943
 73168.60210970214
 73168.57907500173
 73168.54188764912
 73168.48567726795
 73168.40485194468
 73168.29309822849
 73168.14338113136
 73167.947944128
 73167.69830915594
 73167.3852766154
 73166.99892536944
 73166.52861274383
 73165.96297452715
 73165.28992497071
 73164.4966567886
 73163.56964115768
 73162.49462771756
 73161.25664457065
 73159.83999828207
 73158.22827387975
 73156.40433485439
 73154.35032315942
 73152.04765921106
 73149.4770418883
 73146.61844853286
 73143.45113494928
 73139.95363540482
 73136.10376262951
 73131.87860781619
 73127.25454062042
 73122.20720916052
 73116.71154001763
 73110.74173823559
 73104.27128732105
 73097.27294924342
 73089.71876443485
 73081.58005179027
 73072.82740866739
 73063.43071088668
 73053.35911273136
 73042.58104694742
 73031.06422474363
 73018.77563579154
 73005.68154822539
 72991.74750864226
 72976.93834210199
 72961.21815212716
 72944.55032070311


# name: QUERY
# type: sq_string
# elements: 1
# length: 2
R2


# name: DATASIZE
# type: sq_string
# elements: 1
# length: 3
500


