# Created by Octave 4.0.0, Mon May 23 13:47:25 2016 CEST <peter@Independence>
# name: x
# type: matrix
# rows: 1
# columns: 100
 60 60.60606060606061 61.21212121212122 61.81818181818181 62.42424242424242 63.03030303030303 63.63636363636364 64.24242424242425 64.84848484848484 65.45454545454545 66.06060606060606 66.66666666666667 67.27272727272728 67.87878787878788 68.48484848484848 69.09090909090909 69.69696969696969 70.30303030303031 70.90909090909091 71.51515151515152 72.12121212121212 72.72727272727273 73.33333333333333 73.93939393939394 74.54545454545455 75.15151515151516 75.75757575757576 76.36363636363636 76.96969696969697 77.57575757575758 78.18181818181819 78.78787878787878 79.39393939393939 80 80.60606060606061 81.21212121212122 81.81818181818181 82.42424242424242 83.03030303030303 83.63636363636364 84.24242424242424 84.84848484848484 85.45454545454545 86.06060606060606 86.66666666666667 87.27272727272727 87.87878787878788 88.48484848484848 89.09090909090909 89.69696969696969 90.3030303030303 90.90909090909091 91.51515151515152 92.12121212121212 92.72727272727272 93.33333333333333 93.93939393939394 94.54545454545455 95.15151515151516 95.75757575757575 96.36363636363636 96.96969696969697 97.57575757575758 98.18181818181819 98.78787878787878 99.39393939393939 100 100.6060606060606 101.2121212121212 101.8181818181818 102.4242424242424 103.030303030303 103.6363636363636 104.2424242424242 104.8484848484848 105.4545454545455 106.0606060606061 106.6666666666667 107.2727272727273 107.8787878787879 108.4848484848485 109.0909090909091 109.6969696969697 110.3030303030303 110.9090909090909 111.5151515151515 112.1212121212121 112.7272727272727 113.3333333333333 113.9393939393939 114.5454545454545 115.1515151515152 115.7575757575758 116.3636363636364 116.969696969697 117.5757575757576 118.1818181818182 118.7878787878788 119.3939393939394 120


# name: y
# type: matrix
# rows: 100
# columns: 1
 73012.01686835744
 73023.47493313889
 73034.6852559791
 73045.6478368781
 73056.36267583587
 73066.82977285243
 73077.04912792778
 73087.02074106189
 73096.74461225478
 73106.22074150646
 73115.44912881691
 73124.42977418615
 73133.16267761416
 73141.64783910096
 73149.88525864654
 73157.87493625088
 73165.61687191403
 73173.11106563594
 73180.35751741663
 73187.3562272561
 73194.10719515436
 73200.61042111139
 73206.8659051272
 73212.87364720179
 73218.63364733515
 73224.14590552732
 73229.41042177824
 73234.42719608796
 73239.19622845644
 73243.71751888371
 73247.99106736976
 73252.01687391459
 73255.7949385182
 73259.32526118059
 73262.60784190176
 73265.6426806817
 73268.42977752043
 73270.96913241794
 73273.26074537422
 73275.3046163893
 73277.10074546315
 73278.64913259578
 73279.94977778717
 73281.00268103737
 73281.80784234633
 73282.36526171408
 73282.6749391406
 73282.7368746259
 73282.55106817
 73282.11751977286
 73281.4362294345
 73280.50719715492
 73279.33042293413
 73277.90590677211
 73276.23364866887
 73274.31364862442
 73272.14590663873
 73269.73042271184
 73267.06719684372
 73264.15622903439
 73260.99751928383
 73257.59106759205
 73253.93687395904
 73250.03493838482
 73245.88526086939
 73241.48784141273
 73236.84268001484
 73231.94977667574
 73226.80913139542
 73221.42074417388
 73215.78461501113
 73209.90074390714
 73203.76913086194
 73197.38977587552
 73190.76267894788
 73183.88784007901
 73176.76525926893
 73169.39493651762
 73161.7768718251
 73153.91106519137
 73145.7975166164
 73137.43622610021
 73128.82719364281
 73119.97041924419
 73110.86590290433
 73101.51364462328
 73091.91364440099
 73082.06590223747
 73071.97041813275
 73061.6271920868
 73051.03622409965
 73040.19751417126
 73029.11106230164
 73017.77686849082
 73006.19493273877
 72994.3652550455
 72982.28783541101
 72969.96267383531
 72957.38977031838
 72944.56912486022


# name: QUERY
# type: sq_string
# elements: 1
# length: 2
R2


# name: DATASIZE
# type: sq_string
# elements: 1
# length: 3
500


