# Created by Octave 4.0.0, Mon May 23 13:47:25 2016 CEST <peter@Independence>
# name: x
# type: matrix
# rows: 1
# columns: 100
 60 60.60606060606061 61.21212121212122 61.81818181818181 62.42424242424242 63.03030303030303 63.63636363636364 64.24242424242425 64.84848484848484 65.45454545454545 66.06060606060606 66.66666666666667 67.27272727272728 67.87878787878788 68.48484848484848 69.09090909090909 69.69696969696969 70.30303030303031 70.90909090909091 71.51515151515152 72.12121212121212 72.72727272727273 73.33333333333333 73.93939393939394 74.54545454545455 75.15151515151516 75.75757575757576 76.36363636363636 76.96969696969697 77.57575757575758 78.18181818181819 78.78787878787878 79.39393939393939 80 80.60606060606061 81.21212121212122 81.81818181818181 82.42424242424242 83.03030303030303 83.63636363636364 84.24242424242424 84.84848484848484 85.45454545454545 86.06060606060606 86.66666666666667 87.27272727272727 87.87878787878788 88.48484848484848 89.09090909090909 89.69696969696969 90.3030303030303 90.90909090909091 91.51515151515152 92.12121212121212 92.72727272727272 93.33333333333333 93.93939393939394 94.54545454545455 95.15151515151516 95.75757575757575 96.36363636363636 96.96969696969697 97.57575757575758 98.18181818181819 98.78787878787878 99.39393939393939 100 100.6060606060606 101.2121212121212 101.8181818181818 102.4242424242424 103.030303030303 103.6363636363636 104.2424242424242 104.8484848484848 105.4545454545455 106.0606060606061 106.6666666666667 107.2727272727273 107.8787878787879 108.4848484848485 109.0909090909091 109.6969696969697 110.3030303030303 110.9090909090909 111.5151515151515 112.1212121212121 112.7272727272727 113.3333333333333 113.9393939393939 114.5454545454545 115.1515151515152 115.7575757575758 116.3636363636364 116.969696969697 117.5757575757576 118.1818181818182 118.7878787878788 119.3939393939394 120


# name: y
# type: matrix
# rows: 100
# columns: 1
 73053.17302573488
 73067.09851484407
 73079.58247139727
 73090.74683011923
 73100.70562091039
 73109.56531812965
 73117.42518198369
 73124.37759202297
 73130.5083727442
 73135.89711129959
 73140.61746731258
 73144.73747480017
 73148.319836202
 73151.42220851584
 73154.09748153978
 73156.39404822106
 73158.35606711147
 73160.02371692927
 73161.43344322788
 73162.61819717109
 73163.60766641478
 73164.42849809544
 73165.10451392514
 73165.65691739313
 73166.10449307419
 73166.4637980433
 73166.74934539723
 73166.97377988249
 73167.14804563002
 73167.28154599643
 73167.38229551191
 73167.45706393459
 73167.5115124117
 73167.55032174726
 73167.57731277622
 73167.59555884554
 73167.6074904015
 73167.61499168391
 73167.61948952674
 73167.62203426547
 73167.62337275095
 73167.62401346998
 73167.62428377233
 73167.62437920453
 73167.6244049502
 73167.62440937693
 73167.62440968989
 73167.62440969182
 73167.62440965002
 73167.62440826942
 73167.62439677275
 73167.62434508701
 73167.62418013661
 73167.62375624319
 73167.62281763196
 73167.62095304469
 73167.61754245929
 73167.611695916
 73167.60218445017
 73167.58736313164
 73167.5650862108
 73167.53261437114
 73167.48651408848
 73167.42254909675
 73167.33556396049
 73167.21935975378
 73167.06656184596
 73166.86847979376
 73166.61495934024
 73166.29422652013
 73165.89272387201
 73165.3949387568
 73164.78322378318
 73164.0376093393
 73163.13560823136
 73162.05201242864
 73160.75868191516
 73159.22432564799
 73157.41427462208
 73155.29024704182
 73152.8101055991
 73149.92760685799
 73146.5921427461
 73142.74847415242
 73138.33645663186
 73133.2907582164
 73127.54056933276
 73121.00930482676
 73113.61429809424
 73105.26648731859
 73095.87009381491
 73085.32229248075
 73073.51287435343
 73060.32390127404
 73045.62935265797
 73029.29476437208
 73011.17685971849
 72991.12317252491
 72968.97166234165
 72944.55032174519


# name: QUERY
# type: sq_string
# elements: 1
# length: 2
R2


# name: DATASIZE
# type: sq_string
# elements: 1
# length: 3
500


