# Created by Octave 4.0.0, Wed May 18 23:47:34 2016 CEST <peter@Independence>
# name: x
# type: matrix
# rows: 1
# columns: 100
 60 60.60606060606061 61.21212121212122 61.81818181818181 62.42424242424242 63.03030303030303 63.63636363636364 64.24242424242425 64.84848484848484 65.45454545454545 66.06060606060606 66.66666666666667 67.27272727272728 67.87878787878788 68.48484848484848 69.09090909090909 69.69696969696969 70.30303030303031 70.90909090909091 71.51515151515152 72.12121212121212 72.72727272727273 73.33333333333333 73.93939393939394 74.54545454545455 75.15151515151516 75.75757575757576 76.36363636363636 76.96969696969697 77.57575757575758 78.18181818181819 78.78787878787878 79.39393939393939 80 80.60606060606061 81.21212121212122 81.81818181818181 82.42424242424242 83.03030303030303 83.63636363636364 84.24242424242424 84.84848484848484 85.45454545454545 86.06060606060606 86.66666666666667 87.27272727272727 87.87878787878788 88.48484848484848 89.09090909090909 89.69696969696969 90.3030303030303 90.90909090909091 91.51515151515152 92.12121212121212 92.72727272727272 93.33333333333333 93.93939393939394 94.54545454545455 95.15151515151516 95.75757575757575 96.36363636363636 96.96969696969697 97.57575757575758 98.18181818181819 98.78787878787878 99.39393939393939 100 100.6060606060606 101.2121212121212 101.8181818181818 102.4242424242424 103.030303030303 103.6363636363636 104.2424242424242 104.8484848484848 105.4545454545455 106.0606060606061 106.6666666666667 107.2727272727273 107.8787878787879 108.4848484848485 109.0909090909091 109.6969696969697 110.3030303030303 110.9090909090909 111.5151515151515 112.1212121212121 112.7272727272727 113.3333333333333 113.9393939393939 114.5454545454545 115.1515151515152 115.7575757575758 116.3636363636364 116.969696969697 117.5757575757576 118.1818181818182 118.7878787878788 119.3939393939394 120


# name: y
# type: matrix
# rows: 100
# columns: 1
 73024.44970539886
 73082.38208393301
 73136.63763352051
 73187.37532052057
 73234.75059822372
 73278.91540685177
 73320.01817355782
 73358.20381242628
 73393.61372447279
 73426.38579764434
 73456.65440681916
 73484.55041380679
 73510.20116734806
 73533.73050311509
 73555.25874371128
 73574.9026986713
 73592.77566446115
 73608.98742447807
 73623.64424905063
 73636.84889543866
 73648.70060783328
 73659.2951173569
 73668.72464206324
 73677.07788693727
 73684.44004389529
 73690.89279178483
 73696.51429638478
 73701.37921040524
 73705.55867348767
 73709.12031220476
 73712.12824006051
 73714.64305749025
 73716.72185186049
 73718.41819746916
 73719.78215554537
 73720.86027424959
 73721.69558867351
 73722.32762084017
 73722.79237970387
 73723.12236115019
 73723.34654799601
 73723.49040998951
 73723.57590381012
 73723.6214730686
 73723.64204830698
 73723.64904699856
 73723.65037354793
 73723.65041929102
 73723.65006249498
 73723.64666835828
 73723.63408901068
 73723.60266351321
 73723.53921785821
 73723.42706496929
 73723.24600470136
 73722.97232384059
 73722.57879610448
 73722.03468214181
 73721.30572953259
 73720.3541727882
 73719.13873335125
 73717.61461959565
 73715.73352682663
 73713.44363728068
 73710.68962012554
 73707.41263146033
 73703.55031431536
 73699.03679865231
 73693.80270136408
 73687.77512627489
 73680.87766414027
 73673.03039264698
 73664.14987641312
 73654.14916698805
 73642.93780285244
 73630.42180941821
 73616.5036990286
 73601.08247095814
 73584.05361141262
 73565.30909352914
 73544.73737737608
 73522.22340995311
 73497.64862519117
 73470.89094395252
 73441.82477403068
 73410.3210101505
 73376.24703396804
 73339.46671407073
 73299.84040597723
 73257.22495213752
 73211.47368193285
 73162.43641167576
 73109.9594446101
 73053.88557091098
 72994.05406768479
 72930.30069896924
 72862.45771573331
 72790.35385587729
 72713.8143442327
 72632.66089256242


# name: QUERY
# type: sq_string
# elements: 1
# length: 2
R2


# name: DATASIZE
# type: sq_string
# elements: 1
# length: 3
500


