# Created by Octave 4.0.0, Thu May 19 01:18:42 2016 CEST <peter@Independence>
# name: x
# type: matrix
# rows: 1
# columns: 100
 60 60.60606060606061 61.21212121212122 61.81818181818181 62.42424242424242 63.03030303030303 63.63636363636364 64.24242424242424 64.84848484848484 65.45454545454545 66.06060606060606 66.66666666666666 67.27272727272727 67.87878787878788 68.48484848484848 69.09090909090909 69.69696969696969 70.3030303030303 70.90909090909091 71.51515151515152 72.12121212121212 72.72727272727272 73.33333333333333 73.93939393939394 74.54545454545455 75.15151515151516 75.75757575757575 76.36363636363636 76.96969696969697 77.57575757575758 78.18181818181819 78.78787878787878 79.39393939393939 80 80.60606060606061 81.21212121212122 81.81818181818181 82.42424242424242 83.03030303030303 83.63636363636364 84.24242424242425 84.84848484848484 85.45454545454545 86.06060606060606 86.66666666666667 87.27272727272727 87.87878787878788 88.48484848484848 89.09090909090909 89.6969696969697 90.3030303030303 90.90909090909091 91.51515151515152 92.12121212121212 92.72727272727272 93.33333333333333 93.93939393939394 94.54545454545455 95.15151515151516 95.75757575757575 96.36363636363636 96.96969696969697 97.57575757575758 98.18181818181819 98.78787878787878 99.39393939393939 100 100.6060606060606 101.2121212121212 101.8181818181818 102.4242424242424 103.030303030303 103.6363636363636 104.2424242424242 104.8484848484848 105.4545454545455 106.0606060606061 106.6666666666667 107.2727272727273 107.8787878787879 108.4848484848485 109.0909090909091 109.6969696969697 110.3030303030303 110.9090909090909 111.5151515151515 112.1212121212121 112.7272727272727 113.3333333333333 113.9393939393939 114.5454545454545 115.1515151515152 115.7575757575758 116.3636363636364 116.969696969697 117.5757575757576 118.1818181818182 118.7878787878788 119.3939393939394 120


# name: y
# type: matrix
# rows: 100
# columns: 1
 476656.5837791
 475256.897355664
 473870.1869404659
 472496.0173046159
 471133.9519463697
 469783.554243534
 468444.3886144818
 467116.0216856714
 465798.0234635287
 464489.9685085258
 463191.4371092635
 461902.0164543538
 460621.301799878
 459348.8976301877
 458084.4188098134
 456827.491724242
 455577.7554073315
 454334.8626531325
 453098.4811099132
 451868.2943541848
 450644.0029425621
 449425.3254393114
 448211.9994174725
 447003.7824314807
 445800.4529592469
 444601.8113117108
 443407.6805079204
 442217.9071137491
 441032.3620424244
 439850.9413150947
 438673.5667797324
 437500.1867867422
 436330.7768197117
 435165.3400798236
 434003.9080225268
 432846.5408451481
 431693.3279242105
 430544.3882013197
 429399.8705165655
 428259.9538884878
 427124.847739746
 425994.7920677363
 424870.0575595039
 423750.9456503899
 422637.7885259761
 421530.9490669768
 420430.8207368474
 419337.8274119858
 418252.423154505
 417175.091927672
 416106.3472542141
 415046.7318177993
 413996.8170081179
 412957.2024100847
 411928.5152378019
 410911.4097140257
 409906.5663959804
 408914.6914484751
 407936.5158653726
 406972.7946405695
 406024.3058897342
 405091.8499241561
 404176.2482781395
 403278.3426914846
 402398.9940486636
 401539.081276404
 400699.500201458
 399881.1623704247
 399084.9938335576
 398311.9338945666
 397562.9338284835
 396838.9555697308
 396140.9703725796
 395469.9574462461
 394826.9025669217
 394212.7966690736
 393628.6344183934
 393075.4127688124
 392554.129506023
 392065.7817799731
 391611.3646288334
 391191.869496927
 390808.2827491523
 390461.5841844079
 390152.7455505481
 389882.7290633844
 389652.4859322377
 389462.9548945387
 389315.0607619491
 389209.7129804508
 389147.804206831
 389130.208903945
 389157.7819571104
 389231.3573139399
 389351.7466498723
 389519.738061615
 389736.094790646
 390001.5539788799
 390316.8254585225
 390682.5905780839


# name: TRAIN_QUERIES
# type: cell
# rows: 1
# columns: 2
# name: <cell-element>
# type: sq_string
# elements: 1
# length: 2
R3



# name: <cell-element>
# type: sq_string
# elements: 1
# length: 2
R4





# name: TEST_QUERIES
# type: cell
# rows: 1
# columns: 1
# name: <cell-element>
# type: sq_string
# elements: 1
# length: 2
R2





