# Created by Octave 4.0.0, Thu May 19 01:18:42 2016 CEST <peter@Independence>
# name: x
# type: matrix
# rows: 1
# columns: 100
 60 60.60606060606061 61.21212121212122 61.81818181818181 62.42424242424242 63.03030303030303 63.63636363636364 64.24242424242424 64.84848484848484 65.45454545454545 66.06060606060606 66.66666666666666 67.27272727272727 67.87878787878788 68.48484848484848 69.09090909090909 69.69696969696969 70.3030303030303 70.90909090909091 71.51515151515152 72.12121212121212 72.72727272727272 73.33333333333333 73.93939393939394 74.54545454545455 75.15151515151516 75.75757575757575 76.36363636363636 76.96969696969697 77.57575757575758 78.18181818181819 78.78787878787878 79.39393939393939 80 80.60606060606061 81.21212121212122 81.81818181818181 82.42424242424242 83.03030303030303 83.63636363636364 84.24242424242425 84.84848484848484 85.45454545454545 86.06060606060606 86.66666666666667 87.27272727272727 87.87878787878788 88.48484848484848 89.09090909090909 89.6969696969697 90.3030303030303 90.90909090909091 91.51515151515152 92.12121212121212 92.72727272727272 93.33333333333333 93.93939393939394 94.54545454545455 95.15151515151516 95.75757575757575 96.36363636363636 96.96969696969697 97.57575757575758 98.18181818181819 98.78787878787878 99.39393939393939 100 100.6060606060606 101.2121212121212 101.8181818181818 102.4242424242424 103.030303030303 103.6363636363636 104.2424242424242 104.8484848484848 105.4545454545455 106.0606060606061 106.6666666666667 107.2727272727273 107.8787878787879 108.4848484848485 109.0909090909091 109.6969696969697 110.3030303030303 110.9090909090909 111.5151515151515 112.1212121212121 112.7272727272727 113.3333333333333 113.9393939393939 114.5454545454545 115.1515151515152 115.7575757575758 116.3636363636364 116.969696969697 117.5757575757576 118.1818181818182 118.7878787878788 119.3939393939394 120


# name: y
# type: matrix
# rows: 1
# columns: 100
 434730.2219133676 434364.639585449 433999.0572575303 433633.4749296117 433267.892601693 432902.3102737744 432536.7279458558 432171.1456179371 431805.5632900185 431439.9809620999 431074.3986341812 430708.8163062626 430343.233978344 429977.6516504253 429612.0693225067 429246.4869945881 428880.9046666694 428515.3223387508 428149.7400108322 427784.1576829136 427418.5753549949 427052.9930270763 426687.4106991577 426321.828371239 425956.2460433204 425590.6637154018 425225.0813874831 424859.4990595645 424493.9167316459 424128.3344037272 423762.7520758086 423397.16974789 423031.5874199713 422666.0050920527 422300.4227641341 421934.8404362154 421569.2581082968 421203.6757803782 420838.0934524595 420472.5111245409 420106.9287966223 419741.3464687036 419375.764140785 419010.1818128664 418644.5994849477 418279.0171570291 417913.4348291105 417547.8525011918 417182.2701732732 416816.6878453546 416451.1055174359 416085.5231895173 415719.9408615986 415354.35853368 414988.7762057614 414623.1938778427 414257.6115499241 413892.0292220055 413526.4468940868 413160.8645661682 412795.2822382496 412429.6999103309 412064.1175824123 411698.5352544936 411332.952926575 410967.3705986564 410601.7882707377 410236.2059428191 409870.6236149005 409505.0412869818 409139.4589590632 408773.8766311446 408408.2943032259 408042.7119753073 407677.1296473887 407311.54731947 406945.9649915514 406580.3826636328 406214.8003357141 405849.2180077955 405483.6356798769 405118.0533519582 404752.4710240396 404386.888696121 404021.3063682024 403655.7240402837 403290.1417123651 402924.5593844465 402558.9770565278 402193.3947286092 401827.8124006906 401462.2300727719 401096.6477448533 400731.0654169347 400365.483089016 399999.9007610974 399634.3184331788 399268.7361052601 398903.1537773415 398537.5714494229


# name: TRAIN_QUERIES
# type: cell
# rows: 1
# columns: 2
# name: <cell-element>
# type: sq_string
# elements: 1
# length: 2
R3



# name: <cell-element>
# type: sq_string
# elements: 1
# length: 2
R4





# name: TEST_QUERIES
# type: cell
# rows: 1
# columns: 1
# name: <cell-element>
# type: sq_string
# elements: 1
# length: 2
R2





