# Created by Octave 4.0.0, Thu May 19 01:18:42 2016 CEST <peter@Independence>
# name: x
# type: matrix
# rows: 1
# columns: 100
 60 60.60606060606061 61.21212121212122 61.81818181818181 62.42424242424242 63.03030303030303 63.63636363636364 64.24242424242424 64.84848484848484 65.45454545454545 66.06060606060606 66.66666666666666 67.27272727272727 67.87878787878788 68.48484848484848 69.09090909090909 69.69696969696969 70.3030303030303 70.90909090909091 71.51515151515152 72.12121212121212 72.72727272727272 73.33333333333333 73.93939393939394 74.54545454545455 75.15151515151516 75.75757575757575 76.36363636363636 76.96969696969697 77.57575757575758 78.18181818181819 78.78787878787878 79.39393939393939 80 80.60606060606061 81.21212121212122 81.81818181818181 82.42424242424242 83.03030303030303 83.63636363636364 84.24242424242425 84.84848484848484 85.45454545454545 86.06060606060606 86.66666666666667 87.27272727272727 87.87878787878788 88.48484848484848 89.09090909090909 89.6969696969697 90.3030303030303 90.90909090909091 91.51515151515152 92.12121212121212 92.72727272727272 93.33333333333333 93.93939393939394 94.54545454545455 95.15151515151516 95.75757575757575 96.36363636363636 96.96969696969697 97.57575757575758 98.18181818181819 98.78787878787878 99.39393939393939 100 100.6060606060606 101.2121212121212 101.8181818181818 102.4242424242424 103.030303030303 103.6363636363636 104.2424242424242 104.8484848484848 105.4545454545455 106.0606060606061 106.6666666666667 107.2727272727273 107.8787878787879 108.4848484848485 109.0909090909091 109.6969696969697 110.3030303030303 110.9090909090909 111.5151515151515 112.1212121212121 112.7272727272727 113.3333333333333 113.9393939393939 114.5454545454545 115.1515151515152 115.7575757575758 116.3636363636364 116.969696969697 117.5757575757576 118.1818181818182 118.7878787878788 119.3939393939394 120


# name: y
# type: matrix
# rows: 100
# columns: 1
 498290.7882005467
 497822.4172114917
 497354.0462224365
 496885.6752333816
 496417.3042443264
 495948.9332552713
 495480.5622662164
 495012.1912771612
 494543.8202881062
 494075.4492990511
 493607.078309996
 493138.707320941
 492670.3363318859
 492201.9653428309
 491733.5943537757
 491265.2233647207
 490796.8523756656
 490328.4813866105
 489860.1103975555
 489391.7394085004
 488923.3684194454
 488454.9974303903
 487986.6264413352
 487518.2554522802
 487049.8844632251
 486581.51347417
 486113.1424851149
 485644.7714960598
 485176.4005070048
 484708.0295179497
 484239.6585288947
 483771.2875398396
 483302.9165507845
 482834.5455617295
 482366.1745726744
 481897.8035836193
 481429.4325945642
 480961.0616055091
 480492.6906164541
 480024.319627399
 479555.948638344
 479087.5776492889
 478619.2066602338
 478150.8356711788
 477682.4646821236
 477214.0936930686
 476745.7227040135
 476277.3517149584
 475808.9807259034
 475340.6097368483
 474872.2387477932
 474403.8677587382
 473935.4967696831
 473467.1257806281
 472998.754791573
 472530.3838025179
 472062.0128134628
 471593.6418244077
 471125.2708353527
 470656.8998462976
 470188.5288572425
 469720.1578681875
 469251.7868791324
 468783.4158900774
 468315.0449010223
 467846.6739119672
 467378.3029229121
 466909.9319338571
 466441.560944802
 465973.1899557469
 465504.8189666918
 465036.4479776368
 464568.0769885817
 464099.7059995266
 463631.3350104716
 463162.9640214165
 462694.5930323614
 462226.2220433064
 461757.8510542512
 461289.4800651962
 460821.1090761411
 460352.7380870861
 459884.3670980309
 459415.996108976
 458947.6251199209
 458479.2541308658
 458010.8831418107
 457542.5121527557
 457074.1411637006
 456605.7701746455
 456137.3991855904
 455669.0281965354
 455200.6572074803
 454732.2862184251
 454263.9152293702
 453795.5442403152
 453327.17325126
 452858.802262205
 452390.4312731498
 451922.0602840948


# name: TRAIN_QUERIES
# type: cell
# rows: 1
# columns: 2
# name: <cell-element>
# type: sq_string
# elements: 1
# length: 2
R3



# name: <cell-element>
# type: sq_string
# elements: 1
# length: 2
R4





# name: TEST_QUERIES
# type: cell
# rows: 1
# columns: 1
# name: <cell-element>
# type: sq_string
# elements: 1
# length: 2
R2





