# Created by Octave 4.0.0, Thu May 19 01:17:30 2016 CEST <peter@Independence>
# name: mu
# type: matrix
# rows: 1
# columns: 9
 417086.4736842105 41934.23292273236 79028.71892497201 4431.633818589025 6844.348264277715 39947.07166853303 292015.4860022396 565.7894736842105 89.24972004479284


# name: sigma
# type: matrix
# rows: 1
# columns: 9
 348790.9311068768 19897.76863843621 54909.97729791015 2316.971356799048 3387.470741635566 55313.45552074182 266031.6522722917 249.0393390616898 21.55390864925771


