# Created by Octave 4.0.0, Thu May 19 01:18:42 2016 CEST <peter@Independence>
# name: x
# type: matrix
# rows: 1
# columns: 100
 60 60.60606060606061 61.21212121212122 61.81818181818181 62.42424242424242 63.03030303030303 63.63636363636364 64.24242424242424 64.84848484848484 65.45454545454545 66.06060606060606 66.66666666666666 67.27272727272727 67.87878787878788 68.48484848484848 69.09090909090909 69.69696969696969 70.3030303030303 70.90909090909091 71.51515151515152 72.12121212121212 72.72727272727272 73.33333333333333 73.93939393939394 74.54545454545455 75.15151515151516 75.75757575757575 76.36363636363636 76.96969696969697 77.57575757575758 78.18181818181819 78.78787878787878 79.39393939393939 80 80.60606060606061 81.21212121212122 81.81818181818181 82.42424242424242 83.03030303030303 83.63636363636364 84.24242424242425 84.84848484848484 85.45454545454545 86.06060606060606 86.66666666666667 87.27272727272727 87.87878787878788 88.48484848484848 89.09090909090909 89.6969696969697 90.3030303030303 90.90909090909091 91.51515151515152 92.12121212121212 92.72727272727272 93.33333333333333 93.93939393939394 94.54545454545455 95.15151515151516 95.75757575757575 96.36363636363636 96.96969696969697 97.57575757575758 98.18181818181819 98.78787878787878 99.39393939393939 100 100.6060606060606 101.2121212121212 101.8181818181818 102.4242424242424 103.030303030303 103.6363636363636 104.2424242424242 104.8484848484848 105.4545454545455 106.0606060606061 106.6666666666667 107.2727272727273 107.8787878787879 108.4848484848485 109.0909090909091 109.6969696969697 110.3030303030303 110.9090909090909 111.5151515151515 112.1212121212121 112.7272727272727 113.3333333333333 113.9393939393939 114.5454545454545 115.1515151515152 115.7575757575758 116.3636363636364 116.969696969697 117.5757575757576 118.1818181818182 118.7878787878788 119.3939393939394 120


# name: y
# type: matrix
# rows: 100
# columns: 1
 472197.6763874521
 471313.6733585656
 470466.2984497236
 469654.7766600681
 468878.3329887415
 468136.192434886
 467427.5799976441
 466751.7206761579
 466107.8394695697
 465495.1613770218
 464912.9113976567
 464360.3145306164
 463836.5957750433
 463340.9801300798
 462872.6925948681
 462430.9581685504
 462015.0018502692
 461624.0486391666
 461257.323534385
 460914.0515350666
 460593.4576403539
 460294.766849389
 460017.2041613141
 459759.9945752718
 459522.3630904042
 459303.5347058536
 459102.7344207623
 458919.1872342726
 458752.1181455267
 458600.7521536672
 458464.314257836
 458342.0294571756
 458233.1227508283
 458136.8191379364
 458052.3436176421
 457978.9211890877
 457915.7768514156
 457862.135603768
 457817.2224452872
 457780.2623751155
 457750.4803923953
 457727.1014962686
 457709.3506858781
 457696.4529603657
 457687.633318874
 457682.1167605451
 457679.1282845214
 457677.8928899451
 457677.6355759585
 457677.581341704
 457676.9551863238
 457674.9821089603
 457670.8871087556
 457663.8951848521
 457653.2313363921
 457638.1205625179
 457617.7878623718
 457591.4582350961
 457558.356679833
 457517.7081957248
 457468.737781914
 457410.6704375426
 457342.7311617531
 457264.1449536877
 457174.1368124887
 457071.9317372984
 456956.7547272591
 456827.8307815131
 456684.3848992027
 456525.6420794702
 456350.8273214578
 456159.1656243079
 455949.8819871627
 455722.2014091646
 455475.3488894558
 455208.5494271787
 454921.0280214755
 454612.0096714885
 454280.7193763599
 453926.3821352322
 453548.2229472476
 453145.4668115483
 452717.3387272768
 452263.0636935752
 451781.8667095859
 451272.9727744511
 450735.6068873131
 450168.9940473143
 449572.3592535969
 448944.9275053033
 448285.9238015757
 447594.5731415563
 446870.1005243874
 446111.7309492116
 445318.689415171
 444490.2009214077
 443625.4904670644
 442723.7830512829
 441784.3036732058
 440806.2773319754


# name: TRAIN_QUERIES
# type: cell
# rows: 1
# columns: 2
# name: <cell-element>
# type: sq_string
# elements: 1
# length: 2
R3



# name: <cell-element>
# type: sq_string
# elements: 1
# length: 2
R4





# name: TEST_QUERIES
# type: cell
# rows: 1
# columns: 1
# name: <cell-element>
# type: sq_string
# elements: 1
# length: 2
R2





