# Created by Octave 4.0.0, Thu May 19 01:18:42 2016 CEST <peter@Independence>
# name: x
# type: matrix
# rows: 1
# columns: 100
 60 60.60606060606061 61.21212121212122 61.81818181818181 62.42424242424242 63.03030303030303 63.63636363636364 64.24242424242424 64.84848484848484 65.45454545454545 66.06060606060606 66.66666666666666 67.27272727272727 67.87878787878788 68.48484848484848 69.09090909090909 69.69696969696969 70.3030303030303 70.90909090909091 71.51515151515152 72.12121212121212 72.72727272727272 73.33333333333333 73.93939393939394 74.54545454545455 75.15151515151516 75.75757575757575 76.36363636363636 76.96969696969697 77.57575757575758 78.18181818181819 78.78787878787878 79.39393939393939 80 80.60606060606061 81.21212121212122 81.81818181818181 82.42424242424242 83.03030303030303 83.63636363636364 84.24242424242425 84.84848484848484 85.45454545454545 86.06060606060606 86.66666666666667 87.27272727272727 87.87878787878788 88.48484848484848 89.09090909090909 89.6969696969697 90.3030303030303 90.90909090909091 91.51515151515152 92.12121212121212 92.72727272727272 93.33333333333333 93.93939393939394 94.54545454545455 95.15151515151516 95.75757575757575 96.36363636363636 96.96969696969697 97.57575757575758 98.18181818181819 98.78787878787878 99.39393939393939 100 100.6060606060606 101.2121212121212 101.8181818181818 102.4242424242424 103.030303030303 103.6363636363636 104.2424242424242 104.8484848484848 105.4545454545455 106.0606060606061 106.6666666666667 107.2727272727273 107.8787878787879 108.4848484848485 109.0909090909091 109.6969696969697 110.3030303030303 110.9090909090909 111.5151515151515 112.1212121212121 112.7272727272727 113.3333333333333 113.9393939393939 114.5454545454545 115.1515151515152 115.7575757575758 116.3636363636364 116.969696969697 117.5757575757576 118.1818181818182 118.7878787878788 119.3939393939394 120


# name: y
# type: matrix
# rows: 100
# columns: 1
 499351.3301584043
 499092.8537110257
 498860.3227774808
 498651.6106524462
 498464.7241414327
 498297.7978521178
 498149.0886104259
 498016.9700013549
 497899.9270345496
 497796.5509346222
 497705.5340562187
 497625.6649238332
 497555.8233963686
 497494.9759564432
 497442.1711244456
 497396.5349973353
 497357.2669121901
 497323.6352345012
 497294.9732712138
 497270.6753085156
 497250.1927743712
 497233.0305258041
 497218.7432609249
 497206.9320557062
 497197.2410255048
 497189.3541113304
 497182.9919908608
 497177.9091142048
 497173.8908644105
 497170.7508427214
 497168.3282785794
 497166.4855643734
 497165.1059149362
 497164.0911517871
 497163.3596121215
 497162.8441825479
 497162.4904575704
 497162.2550228197
 497162.1038630293
 497162.010894759
 497161.9566238659
 497161.9269277212
 497161.9119621744
 497161.9051932635
 497161.9025536734
 497161.9017239392
 497161.9015383981
 497161.9015158871
 497161.9015151871
 497161.901515215
 497161.9015199616
 497161.9015881766
 497161.9019878005
 497161.9034751427
 497161.9076988074
 497161.9177283655
 497161.9387077732
 497161.9786335382
 497162.0492576317
 497162.1671151476
 497162.354676709
 497162.6416256204
 497163.0662597676
 497163.677018264
 497164.5341328438
 497165.7114040015
 497167.2981018791
 497169.4009918993
 497172.1464851458
 497175.6829134902
 497180.1829294661
 497185.8460308893
 497192.9012102255
 497201.6097287043
 497212.2680151801
 497225.2106897398
 497240.8137120573
 497259.4976544949
 497281.7310999512
 497308.0341644558
 497338.9821445112
 497375.2092891811
 497417.4126969253
 497466.356337182
 497522.8751966963
 497587.8795505959
 497662.359358213
 497747.3887836538
 497844.1308411143
 497953.8421649426
 498077.8779044484
 498217.6967434596
 498374.8660446247
 498551.0671184628
 498748.1006171602
 498967.8920531136
 499212.4974422201
 499484.1090719143
 499785.0613939518
 500117.8370419395


# name: TRAIN_QUERIES
# type: cell
# rows: 1
# columns: 2
# name: <cell-element>
# type: sq_string
# elements: 1
# length: 2
R3



# name: <cell-element>
# type: sq_string
# elements: 1
# length: 2
R4





# name: TEST_QUERIES
# type: cell
# rows: 1
# columns: 1
# name: <cell-element>
# type: sq_string
# elements: 1
# length: 2
R2





