# Created by Octave 4.0.0, Thu May 19 01:18:42 2016 CEST <peter@Independence>
# name: x
# type: matrix
# rows: 1
# columns: 100
 60 60.60606060606061 61.21212121212122 61.81818181818181 62.42424242424242 63.03030303030303 63.63636363636364 64.24242424242424 64.84848484848484 65.45454545454545 66.06060606060606 66.66666666666666 67.27272727272727 67.87878787878788 68.48484848484848 69.09090909090909 69.69696969696969 70.3030303030303 70.90909090909091 71.51515151515152 72.12121212121212 72.72727272727272 73.33333333333333 73.93939393939394 74.54545454545455 75.15151515151516 75.75757575757575 76.36363636363636 76.96969696969697 77.57575757575758 78.18181818181819 78.78787878787878 79.39393939393939 80 80.60606060606061 81.21212121212122 81.81818181818181 82.42424242424242 83.03030303030303 83.63636363636364 84.24242424242425 84.84848484848484 85.45454545454545 86.06060606060606 86.66666666666667 87.27272727272727 87.87878787878788 88.48484848484848 89.09090909090909 89.6969696969697 90.3030303030303 90.90909090909091 91.51515151515152 92.12121212121212 92.72727272727272 93.33333333333333 93.93939393939394 94.54545454545455 95.15151515151516 95.75757575757575 96.36363636363636 96.96969696969697 97.57575757575758 98.18181818181819 98.78787878787878 99.39393939393939 100 100.6060606060606 101.2121212121212 101.8181818181818 102.4242424242424 103.030303030303 103.6363636363636 104.2424242424242 104.8484848484848 105.4545454545455 106.0606060606061 106.6666666666667 107.2727272727273 107.8787878787879 108.4848484848485 109.0909090909091 109.6969696969697 110.3030303030303 110.9090909090909 111.5151515151515 112.1212121212121 112.7272727272727 113.3333333333333 113.9393939393939 114.5454545454545 115.1515151515152 115.7575757575758 116.3636363636364 116.969696969697 117.5757575757576 118.1818181818182 118.7878787878788 119.3939393939394 120


# name: y
# type: matrix
# rows: 100
# columns: 1
 354404.3032127804
 354842.2583141041
 355271.0438925387
 355690.6599480849
 356101.1064807424
 356502.3834905111
 356894.4909773914
 357277.4289413838
 357651.1973824868
 358015.7963007018
 358371.2256960279
 358717.4855684655
 359054.5759180145
 359382.4967446751
 359701.248048447
 360010.8298293303
 360311.242087325
 360602.4848224313
 360884.5580346488
 361157.4617239779
 361421.1958904184
 361675.7605339707
 361921.155654634
 362157.3812524087
 362384.4373272948
 362602.3238792926
 362811.0409084017
 363010.5884146222
 363200.9663979542
 363382.1748583975
 363554.2137959525
 363717.0832106186
 363870.7831023966
 364015.3134712857
 364150.6743172862
 364276.8656403982
 364393.8874406217
 364501.7397179566
 364600.4224724029
 364689.9357039607
 364770.2794126299
 364841.4535984105
 364903.4582613026
 364956.293401306
 364999.959018421
 365034.4551126473
 365059.7816839851
 365075.9387324344
 365082.926257995
 365080.7442606671
 365069.3927404506
 365048.8716973456
 365019.181131352
 364980.3210424698
 364932.2914306991
 364875.0922960398
 364808.7236384919
 364733.1854580555
 364648.4777547304
 364554.6005285169
 364451.5537794147
 364339.3375074241
 364217.9517125448
 364087.3963947769
 363947.6715541205
 363798.7771905755
 363640.713304142
 363473.4798948199
 363297.0769626093
 363111.5045075099
 362916.7625295224
 362712.8510286459
 362499.7700048811
 362277.5194582274
 362046.0993886854
 361805.5097962547
 361555.7506809354
 361296.8220427277
 361028.7238816316
 360751.4561976465
 360465.0189907732
 360169.4122610111
 359864.6360083602
 359550.6902328214
 359227.5749343934
 358895.2901130771
 358553.8357688726
 358203.2119017793
 357843.4185117972
 357474.4555989265
 357096.3231631672
 356709.0212045194
 356312.5497229834
 355906.9087185588
 355492.0981912448
 355068.1181410427
 354634.9685679527
 354192.6494719734
 353741.1608531067
 353280.5027113492


# name: TRAIN_QUERIES
# type: cell
# rows: 1
# columns: 2
# name: <cell-element>
# type: sq_string
# elements: 1
# length: 2
R3



# name: <cell-element>
# type: sq_string
# elements: 1
# length: 2
R4





# name: TEST_QUERIES
# type: cell
# rows: 1
# columns: 1
# name: <cell-element>
# type: sq_string
# elements: 1
# length: 2
R2





