# Created by Octave 4.0.0, Thu May 19 01:18:42 2016 CEST <peter@Independence>
# name: x
# type: matrix
# rows: 1
# columns: 100
 60 60.60606060606061 61.21212121212122 61.81818181818181 62.42424242424242 63.03030303030303 63.63636363636364 64.24242424242424 64.84848484848484 65.45454545454545 66.06060606060606 66.66666666666666 67.27272727272727 67.87878787878788 68.48484848484848 69.09090909090909 69.69696969696969 70.3030303030303 70.90909090909091 71.51515151515152 72.12121212121212 72.72727272727272 73.33333333333333 73.93939393939394 74.54545454545455 75.15151515151516 75.75757575757575 76.36363636363636 76.96969696969697 77.57575757575758 78.18181818181819 78.78787878787878 79.39393939393939 80 80.60606060606061 81.21212121212122 81.81818181818181 82.42424242424242 83.03030303030303 83.63636363636364 84.24242424242425 84.84848484848484 85.45454545454545 86.06060606060606 86.66666666666667 87.27272727272727 87.87878787878788 88.48484848484848 89.09090909090909 89.6969696969697 90.3030303030303 90.90909090909091 91.51515151515152 92.12121212121212 92.72727272727272 93.33333333333333 93.93939393939394 94.54545454545455 95.15151515151516 95.75757575757575 96.36363636363636 96.96969696969697 97.57575757575758 98.18181818181819 98.78787878787878 99.39393939393939 100 100.6060606060606 101.2121212121212 101.8181818181818 102.4242424242424 103.030303030303 103.6363636363636 104.2424242424242 104.8484848484848 105.4545454545455 106.0606060606061 106.6666666666667 107.2727272727273 107.8787878787879 108.4848484848485 109.0909090909091 109.6969696969697 110.3030303030303 110.9090909090909 111.5151515151515 112.1212121212121 112.7272727272727 113.3333333333333 113.9393939393939 114.5454545454545 115.1515151515152 115.7575757575758 116.3636363636364 116.969696969697 117.5757575757576 118.1818181818182 118.7878787878788 119.3939393939394 120


# name: y
# type: matrix
# rows: 100
# columns: 1
 483359.1186540554
 482917.1110045047
 482502.2872817248
 482113.5093912183
 481749.6635764887
 481409.6604190389
 481092.4348383729
 480796.9460919948
 480522.1777754087
 480267.1378221194
 480030.8585036318
 479812.3964294512
 479610.8325470831
 479425.2721420336
 479254.8448378087
 479098.704595915
 478956.0297158594
 478826.0228351489
 478707.910929291
 478600.9453117935
 478504.4016341644
 478417.5798859122
 478339.8043945456
 478270.4238255736
 478208.8111825054
 478154.3638068507
 478106.5033781196
 478064.6759138221
 478028.3517694689
 477997.025638571
 477970.2165526394
 477947.4678811857
 477928.3473317217
 477912.4469497596
 477899.3831188118
 477888.796560391
 477880.3523340102
 477873.739837183
 477868.6728054229
 477864.8893122441
 477862.1517691606
 477860.2469256874
 477858.9858693391
 477858.2040256312
 477857.7611580791
 477857.5413681987
 477857.4530955063
 477857.4291175182
 477857.4265497514
 477857.4268457229
 477857.4357969502
 477857.483532951
 477857.6245212434
 477857.9375673457
 477858.5258147766
 477859.5167450552
 477861.0621777006
 477863.3382702325
 477866.5455181709
 477870.908755036
 477876.6771523483
 477884.1242196286
 477893.5478043983
 477905.2700921787
 477919.6376064917
 477937.0212088593
 477957.816098804
 477982.4418138485
 478011.3422295159
 478044.9855593294
 478083.8643548129
 478128.4955054902
 478179.4202388856
 478237.2041205238
 478302.4370539297
 478375.7332806285
 478457.7313801456
 478549.0942700071
 478650.509205739
 478762.6877808678
 478886.3659269203
 479022.3039134236
 479171.2863479052
 479334.1221758926
 479511.644680914
 479704.7114844978
 479914.2045461724
 480141.030163467
 480386.1189719109
 480650.4259450334
 480934.9303943648
 481240.635969435
 481568.5706577747
 481919.7867849147
 482295.3610143861
 482696.3943477204
 483124.0121244494
 483579.3640221052
 484063.6240562202
 484577.9905803269


# name: TRAIN_QUERIES
# type: cell
# rows: 1
# columns: 2
# name: <cell-element>
# type: sq_string
# elements: 1
# length: 2
R3



# name: <cell-element>
# type: sq_string
# elements: 1
# length: 2
R4





# name: TEST_QUERIES
# type: cell
# rows: 1
# columns: 1
# name: <cell-element>
# type: sq_string
# elements: 1
# length: 2
R2





