# Created by Octave 3.8.2, Mon May 23 11:22:01 2016 CEST <Andrea@Andreas-MacBook-Pro.local>
# name: x
# type: matrix
# rows: 1
# columns: 100
 60 60.60606060606061 61.21212121212121 61.81818181818181 62.42424242424242 63.03030303030303 63.63636363636363 64.24242424242425 64.84848484848484 65.45454545454545 66.06060606060606 66.66666666666666 67.27272727272727 67.87878787878788 68.48484848484848 69.09090909090909 69.69696969696969 70.3030303030303 70.90909090909091 71.51515151515152 72.12121212121212 72.72727272727272 73.33333333333333 73.93939393939394 74.54545454545455 75.15151515151516 75.75757575757575 76.36363636363636 76.96969696969697 77.57575757575758 78.18181818181819 78.78787878787878 79.39393939393939 80 80.60606060606059 81.2121212121212 81.81818181818181 82.42424242424242 83.03030303030303 83.63636363636364 84.24242424242424 84.84848484848484 85.45454545454545 86.06060606060606 86.66666666666666 87.27272727272727 87.87878787878788 88.48484848484848 89.09090909090908 89.69696969696969 90.3030303030303 90.90909090909091 91.51515151515152 92.12121212121211 92.72727272727272 93.33333333333333 93.93939393939394 94.54545454545453 95.15151515151514 95.75757575757575 96.36363636363636 96.96969696969697 97.57575757575758 98.18181818181817 98.78787878787878 99.39393939393939 100 100.6060606060606 101.2121212121212 101.8181818181818 102.4242424242424 103.030303030303 103.6363636363636 104.2424242424242 104.8484848484848 105.4545454545455 106.0606060606061 106.6666666666667 107.2727272727273 107.8787878787879 108.4848484848485 109.0909090909091 109.6969696969697 110.3030303030303 110.9090909090909 111.5151515151515 112.1212121212121 112.7272727272727 113.3333333333333 113.9393939393939 114.5454545454545 115.1515151515151 115.7575757575758 116.3636363636363 116.969696969697 117.5757575757576 118.1818181818182 118.7878787878788 119.3939393939394 120


# name: y
# type: matrix
# rows: 100
# columns: 1
 770312.8152436485
 769214.1149625204
 768087.0756192885
 766932.0921055796
 765749.5895089877
 764540.0229801775
 763303.8775577452
 762041.6679506513
 760753.9382781177
 759441.2617669569
 758104.2404063741
 756743.5045603664
 755359.7125379147
 753953.5501212468
 752525.7300525248
 751076.9914793912
 749608.0993598835
 748119.8438273066
 746613.0395157295
 745088.5248468467
 743547.161279025
 741989.8325194254
 740417.4437001682
 738830.9205195764
 737231.2083496079
 735619.2713106507
 733996.0913149248
 732362.6670797982
 730720.013112387
 729069.158666868
 727411.1466759915
 725747.0326583356
 724077.8836028947
 722404.7768326442
 720728.798848769
 719051.0441572872
 717372.6140798356
 715694.6155504247
 714018.1599000003
 712344.3616306758
 710674.3371815279
 709009.2036878675
 707350.0777359166
 705698.0741148314
 704054.3045680281
 702419.8765457675
 700795.8919609608
 699183.4459501527
 697583.6256416361
 695997.5089326386
 694426.1632775116
 692870.6444888274
 691331.9955532777
 689811.2454642326
 688309.4080727948
 686827.4809591476
 685366.4443259623
 683927.2599155854
 682510.8699526857
 681118.1961139938
 679750.1385267144
 678407.5747971408
 677091.3590709405
 675802.321126528
 674541.2655028703
 673308.9706630136
 672106.1881945474
 670933.6420481545
 669792.0278153246
 668682.012046235
 667604.2316087252
 666559.2930892165
 665547.7722363519
 664570.2134480458
 663627.1293025584
 662719.0001341249
 661846.2736535878
 661009.3646143992
 660208.6545242749
 659444.4914027008
 658717.1895844076
 658027.0295688477
 657374.2579156262
 656759.0871857529
 656181.6959285089
 655642.2287136295
 655140.7962084382
 654677.4752994814
 654252.3092581389
 653865.3079496133
 653516.448084626
 653205.6735130757
 652932.8955588528
 652697.9933949276
 652500.8144577746
 652341.1749001279
 652218.8600810053
 652133.625091885
 652085.1953178595
 652073.2670325475


# name: TRAIN_QUERIES
# type: cell
# rows: 1
# columns: 1
# name: <cell-element>
# type: sq_string
# elements: 1
# length: 2
R3





# name: TEST_QUERIES
# type: cell
# rows: 1
# columns: 1
# name: <cell-element>
# type: sq_string
# elements: 1
# length: 2
R4





# name: DATASIZE
# type: sq_string
# elements: 1
# length: 3
750


