# Created by Octave 3.8.2, Mon May 23 11:22:01 2016 CEST <Andrea@Andreas-MacBook-Pro.local>
# name: x
# type: matrix
# rows: 1
# columns: 100
 60 60.60606060606061 61.21212121212121 61.81818181818181 62.42424242424242 63.03030303030303 63.63636363636363 64.24242424242425 64.84848484848484 65.45454545454545 66.06060606060606 66.66666666666666 67.27272727272727 67.87878787878788 68.48484848484848 69.09090909090909 69.69696969696969 70.3030303030303 70.90909090909091 71.51515151515152 72.12121212121212 72.72727272727272 73.33333333333333 73.93939393939394 74.54545454545455 75.15151515151516 75.75757575757575 76.36363636363636 76.96969696969697 77.57575757575758 78.18181818181819 78.78787878787878 79.39393939393939 80 80.60606060606059 81.2121212121212 81.81818181818181 82.42424242424242 83.03030303030303 83.63636363636364 84.24242424242424 84.84848484848484 85.45454545454545 86.06060606060606 86.66666666666666 87.27272727272727 87.87878787878788 88.48484848484848 89.09090909090908 89.69696969696969 90.3030303030303 90.90909090909091 91.51515151515152 92.12121212121211 92.72727272727272 93.33333333333333 93.93939393939394 94.54545454545453 95.15151515151514 95.75757575757575 96.36363636363636 96.96969696969697 97.57575757575758 98.18181818181817 98.78787878787878 99.39393939393939 100 100.6060606060606 101.2121212121212 101.8181818181818 102.4242424242424 103.030303030303 103.6363636363636 104.2424242424242 104.8484848484848 105.4545454545455 106.0606060606061 106.6666666666667 107.2727272727273 107.8787878787879 108.4848484848485 109.0909090909091 109.6969696969697 110.3030303030303 110.9090909090909 111.5151515151515 112.1212121212121 112.7272727272727 113.3333333333333 113.9393939393939 114.5454545454545 115.1515151515151 115.7575757575758 116.3636363636363 116.969696969697 117.5757575757576 118.1818181818182 118.7878787878788 119.3939393939394 120


# name: y
# type: matrix
# rows: 1
# columns: 100
 669882.6267866149 669836.6357966552 669790.6448066954 669744.6538167357 669698.6628267759 669652.6718368162 669606.6808468564 669560.6898568968 669514.6988669371 669468.7078769773 669422.7168870176 669376.7258970578 669330.7349070981 669284.7439171383 669238.7529271786 669192.7619372188 669146.7709472592 669100.7799572995 669054.7889673397 669008.79797738 668962.8069874202 668916.8159974605 668870.8250075007 668824.834017541 668778.8430275813 668732.8520376215 668686.8610476619 668640.8700577021 668594.8790677424 668548.8880777826 668502.8970878229 668456.9060978632 668410.9151079034 668364.9241179437 668318.9331279839 668272.9421380243 668226.9511480645 668180.9601581048 668134.9691681451 668088.9781781853 668042.9871882256 667996.9961982658 667951.0052083061 667905.0142183463 667859.0232283866 667813.032238427 667767.0412484672 667721.0502585075 667675.0592685477 667629.068278588 667583.0772886282 667537.0862986685 667491.0953087087 667445.104318749 667399.1133287894 667353.1223388296 667307.1313488699 667261.1403589101 667215.1493689504 667169.1583789906 667123.1673890309 667077.1763990712 667031.1854091114 666985.1944191518 666939.203429192 666893.2124392323 666847.2214492725 666801.2304593128 666755.2394693531 666709.2484793933 666663.2574894336 666617.2664994738 666571.2755095141 666525.2845195543 666479.2935295947 666433.302539635 666387.3115496752 666341.3205597155 666295.3295697557 666249.338579796 666203.3475898362 666157.3565998765 666111.3656099167 666065.3746199571 666019.3836299974 665973.3926400376 665927.4016500779 665881.4106601181 665835.4196701584 665789.4286801986 665743.4376902389 665697.4467002793 665651.4557103195 665605.4647203598 665559.4737304 665513.4827404403 665467.4917504805 665421.5007605208 665375.5097705611 665329.5187806013


# name: TRAIN_QUERIES
# type: cell
# rows: 1
# columns: 1
# name: <cell-element>
# type: sq_string
# elements: 1
# length: 2
R3





# name: TEST_QUERIES
# type: cell
# rows: 1
# columns: 1
# name: <cell-element>
# type: sq_string
# elements: 1
# length: 2
R4





# name: DATASIZE
# type: sq_string
# elements: 1
# length: 3
750


