# Created by Octave 3.8.2, Mon May 23 11:22:01 2016 CEST <Andrea@Andreas-MacBook-Pro.local>
# name: x
# type: matrix
# rows: 1
# columns: 100
 60 60.60606060606061 61.21212121212121 61.81818181818181 62.42424242424242 63.03030303030303 63.63636363636363 64.24242424242425 64.84848484848484 65.45454545454545 66.06060606060606 66.66666666666666 67.27272727272727 67.87878787878788 68.48484848484848 69.09090909090909 69.69696969696969 70.3030303030303 70.90909090909091 71.51515151515152 72.12121212121212 72.72727272727272 73.33333333333333 73.93939393939394 74.54545454545455 75.15151515151516 75.75757575757575 76.36363636363636 76.96969696969697 77.57575757575758 78.18181818181819 78.78787878787878 79.39393939393939 80 80.60606060606059 81.2121212121212 81.81818181818181 82.42424242424242 83.03030303030303 83.63636363636364 84.24242424242424 84.84848484848484 85.45454545454545 86.06060606060606 86.66666666666666 87.27272727272727 87.87878787878788 88.48484848484848 89.09090909090908 89.69696969696969 90.3030303030303 90.90909090909091 91.51515151515152 92.12121212121211 92.72727272727272 93.33333333333333 93.93939393939394 94.54545454545453 95.15151515151514 95.75757575757575 96.36363636363636 96.96969696969697 97.57575757575758 98.18181818181817 98.78787878787878 99.39393939393939 100 100.6060606060606 101.2121212121212 101.8181818181818 102.4242424242424 103.030303030303 103.6363636363636 104.2424242424242 104.8484848484848 105.4545454545455 106.0606060606061 106.6666666666667 107.2727272727273 107.8787878787879 108.4848484848485 109.0909090909091 109.6969696969697 110.3030303030303 110.9090909090909 111.5151515151515 112.1212121212121 112.7272727272727 113.3333333333333 113.9393939393939 114.5454545454545 115.1515151515151 115.7575757575758 116.3636363636363 116.969696969697 117.5757575757576 118.1818181818182 118.7878787878788 119.3939393939394 120


# name: y
# type: matrix
# rows: 100
# columns: 1
 726775.566554559
 725975.4743175925
 725175.3820806259
 724375.2898436593
 723575.1976066927
 722775.1053697261
 721975.0131327595
 721174.920895793
 720374.8286588264
 719574.7364218598
 718774.6441848932
 717974.5519479266
 717174.4597109602
 716374.3674739936
 715574.275237027
 714774.1830000604
 713974.0907630938
 713173.9985261272
 712373.9062891607
 711573.8140521941
 710773.7218152275
 709973.6295782609
 709173.5373412943
 708373.4451043278
 707573.3528673613
 706773.2606303947
 705973.1683934281
 705173.0761564615
 704372.9839194949
 703572.8916825283
 702772.7994455618
 701972.7072085952
 701172.6149716286
 700372.5227346621
 699572.4304976955
 698772.338260729
 697972.2460237624
 697172.1537867958
 696372.0615498292
 695571.9693128626
 694771.877075896
 693971.7848389295
 693171.6926019629
 692371.6003649964
 691571.5081280298
 690771.4158910632
 689971.3236540966
 689171.2314171301
 688371.1391801635
 687571.0469431969
 686770.9547062303
 685970.8624692637
 685170.7702322971
 684370.6779953307
 683570.5857583641
 682770.4935213975
 681970.4012844309
 681170.3090474643
 680370.2168104977
 679570.1245735312
 678770.0323365646
 677969.940099598
 677169.8478626314
 676369.7556256648
 675569.6633886984
 674769.5711517318
 673969.4789147652
 673169.3866777986
 672369.294440832
 671569.2022038654
 670769.1099668988
 669969.0177299323
 669168.9254929657
 668368.8332559991
 667568.7410190325
 666768.648782066
 665968.5565450995
 665168.4643081329
 664368.3720711663
 663568.2798341997
 662768.1875972331
 661968.0953602665
 661168.0031233
 660367.9108863334
 659567.8186493668
 658767.7264124003
 657967.6341754337
 657167.5419384671
 656367.4497015006
 655567.357464534
 654767.2652275674
 653967.1729906008
 653167.0807536342
 652366.9885166676
 651566.8962797011
 650766.8040427346
 649966.711805768
 649166.6195688014
 648366.5273318348
 647566.4350948682


# name: TRAIN_QUERIES
# type: cell
# rows: 1
# columns: 1
# name: <cell-element>
# type: sq_string
# elements: 1
# length: 2
R3





# name: TEST_QUERIES
# type: cell
# rows: 1
# columns: 1
# name: <cell-element>
# type: sq_string
# elements: 1
# length: 2
R4





# name: DATASIZE
# type: sq_string
# elements: 1
# length: 3
750


