# Created by Octave 3.8.2, Mon May 23 11:22:01 2016 CEST <Andrea@Andreas-MacBook-Pro.local>
# name: SVs
# type: cell
# rows: 1
# columns: 7
# name: <cell-element>
# type: sparse matrix
# nnz: 49
# rows: 7
# columns: 7
1 1 -2.110044495349932
2 1 -2.891705368489374
3 1 -0.1595793920916074
4 1 -2.864052271562271
5 1 0.5566358183203578
6 1 -0.2499128420534769
7 1 -0.7163284102239458
1 2 -0.7440873604564169
2 2 -1.846630024189524
3 2 -1.415024291209102
4 2 -0.6803331724663427
5 2 0.5699572920056668
6 2 -1.920503924558975
7 2 0.2582701507208599
1 3 -0.4190517644826584
2 3 -1.481381578046176
3 3 -0.9996273602673714
4 3 -1.147859427276234
5 3 -1.452558676127786
6 3 -1.028450262185761
7 3 -0.9666869009320685
1 4 -0.0669515405441278
2 4 -0.3917872221724468
3 4 -0.6685565260896541
4 4 0.8587138624730867
5 4 -0.7298023944634899
6 4 2.015407984166289
7 4 0.5912477284354493
1 5 0.6213454904443998
2 5 1.620249031031378
3 5 0.9469162147222366
4 5 1.407095103925708
5 5 3.016261257733026
6 5 1.161822091913706
7 5 0.08962863940409387
1 6 2.574284182461566
2 6 -0.09009960889044481
3 6 -0.1492416706354744
4 6 -0.187333610139293
5 6 0.3555091333078444
6 6 -0.1070805625199718
7 6 -0.36029066574531
1 7 -1.44412762700943
2 7 1.461117363797776
3 7 0.4927023668620411
4 7 0.4927023668620411
5 7 1.461117363797776
6 7 1.461117363797776
7 7 1.461117363797776



# name: <cell-element>
# type: sparse matrix
# nnz: 175
# rows: 25
# columns: 7
1 1 1.233214923136809
2 1 0.2100503368340014
3 1 -0.06555886253945752
4 1 -0.3411680619129164
5 1 -0.1651100114770279
6 1 -0.5190696521439451
7 1 0.4192921035824134
8 1 0.5059384739540025
9 1 0.8995342202164337
10 1 -1.016825396831797
11 1 0.5529487387300774
12 1 0.6368297994089562
13 1 0.4626152887682079
14 1 0.1529006031846554
15 1 -2.891705368489374
16 1 -0.1595793920916074
17 1 0.2893225480250297
18 1 -2.157976530023577
19 1 0.1160298072818515
20 1 -2.864052271562271
21 1 0.5566358183203578
22 1 -1.525642380290491
23 1 -1.116376545769368
24 1 0.10128148892073
25 1 -0.7163284102239458
1 2 0.4394130023117055
2 2 1.257085762565355
3 2 -0.1146412504591769
4 2 -1.344692290172433
5 2 0.527454500012284
6 2 1.023826392220718
7 2 0.5750171481953552
8 2 -0.3139995843329008
9 2 0.2491624095794207
10 2 -0.4207625499353266
11 2 -0.5082980620169363
12 2 -0.6686955032300593
13 2 1.48224936300649
14 2 -0.3828136285126634
15 2 -1.846630024189524
16 2 -1.415024291209102
17 2 -0.7617968571203263
18 2 -1.182270906483434
19 2 -0.003830399905000457
20 2 -0.6803331724663427
21 2 0.5699572920056668
22 2 -2.044470401206342
23 2 -0.7633148139772329
24 2 -0.2436675832962318
25 2 0.2582701507208599
1 3 -1.197270116279189
2 3 -0.81021971908938
3 3 -1.065508278937977
4 3 -0.8225723913401185
5 3 -1.349619740704964
6 3 -1.320796838786575
7 3 -0.6208120779113884
8 3 -0.8266899487570314
9 3 -0.9625693435151557
10 3 -0.6949281114158199
11 3 -1.263151034949794
12 3 -1.926077779072765
13 3 -1.3290319536204
14 3 -0.7319861281680357
15 3 -1.481381578046176
16 3 -0.9996273602673714
17 3 -0.9502166712644171
18 3 -0.4149342070657455
19 3 -0.8678655229261599
20 3 -1.147859427276234
21 3 -1.452558676127786
22 3 -0.81021971908938
23 3 -1.427853331626309
24 3 -0.7525739152525999
25 3 -0.9666869009320685
1 4 -0.5832774688602624
2 4 -0.6259169974749583
3 4 -0.5034252607272867
4 4 -0.2258806926534485
5 4 0.8579385983164558
6 4 -0.270070749581406
7 4 0.6819536347612567
8 4 -0.1708369375326594
9 4 -0.4553588830161751
10 4 0.6928073329540884
11 4 -0.02741306855595533
12 4 -0.6383212239810516
13 4 -0.8321372631387598
14 4 -0.2196785794004019
15 4 -0.3917872221724468
16 4 -0.6685565260896541
17 4 3.679124864296057
18 4 -0.2506891456656352
19 4 -0.307283429099686
20 4 0.8587138624730867
21 4 -0.7298023944634899
22 4 0.1059323663845479
23 4 -0.7166229038007658
24 4 0.7579295221110783
25 4 0.5912477284354493
1 5 0.5655750793797658
2 5 0.3299377928396632
3 5 0.281467173799196
4 5 0.6578444505652334
5 5 0.402643721400364
6 5 0.4473184485882645
7 5 1.217008519616406
8 5 0.9112932296443029
9 5 0.8911458036576028
10 5 0.583970555280666
11 5 0.4753496499610648
12 5 0.6099578148866996
13 5 0.6812037850425671
14 5 0.6920074772383339
15 5 1.620249031031378
16 5 0.9469162147222366
17 5 0.7182867285253342
18 5 0.2525599973834957
19 5 0.6934674356431673
20 5 1.407095103925708
21 5 3.016261257733026
22 5 0.758289588817768
23 5 0.3962199044190973
24 5 0.7273384706353009
25 5 0.08962863940409387
1 6 -0.143598742368417
2 6 0.8480437366113858
3 6 -0.3072262725036288
4 6 0.9025166882186498
5 6 -0.2267993287897913
6 6 -0.2664563331442575
7 6 1.090767905337385
8 6 -0.150806735486122
9 6 -0.1085934585422646
10 6 0.8248720820170747
11 6 -0.197880408271713
12 6 -0.1528934886203189
13 6 -0.1266786523719707
14 6 0.9388174979489495
15 6 -0.09009960889044481
16 6 -0.1492416706354744
17 6 0.9710839182864686
18 6 2.446244488069137
19 6 0.9580069319788349
20 6 -0.187333610139293
21 6 0.3555091333078444
22 6 -0.2399806527541348
23 6 -0.2913234746601036
24 6 0.9228712260817952
25 6 -0.36029066574531
1 7 0.4927023668620411
2 7 -0.4757126300736943
3 7 0.4927023668620411
4 7 -0.4757126300736943
5 7 0.4927023668620411
6 7 0.4927023668620411
7 7 -0.4757126300736943
8 7 0.4927023668620411
9 7 1.461117363797776
10 7 -0.4757126300736943
11 7 0.4927023668620411
12 7 0.4927023668620411
13 7 0.4927023668620411
14 7 -0.4757126300736943
15 7 1.461117363797776
16 7 0.4927023668620411
17 7 -0.4757126300736943
18 7 -1.44412762700943
19 7 -0.4757126300736943
20 7 0.4927023668620411
21 7 1.461117363797776
22 7 1.461117363797776
23 7 0.4927023668620411
24 7 -0.4757126300736943
25 7 1.461117363797776



