# Created by Octave 3.8.2, Mon May 23 11:22:01 2016 CEST <Andrea@Andreas-MacBook-Pro.local>
# name: x
# type: matrix
# rows: 1
# columns: 100
 60 60.60606060606061 61.21212121212121 61.81818181818181 62.42424242424242 63.03030303030303 63.63636363636363 64.24242424242425 64.84848484848484 65.45454545454545 66.06060606060606 66.66666666666666 67.27272727272727 67.87878787878788 68.48484848484848 69.09090909090909 69.69696969696969 70.3030303030303 70.90909090909091 71.51515151515152 72.12121212121212 72.72727272727272 73.33333333333333 73.93939393939394 74.54545454545455 75.15151515151516 75.75757575757575 76.36363636363636 76.96969696969697 77.57575757575758 78.18181818181819 78.78787878787878 79.39393939393939 80 80.60606060606059 81.2121212121212 81.81818181818181 82.42424242424242 83.03030303030303 83.63636363636364 84.24242424242424 84.84848484848484 85.45454545454545 86.06060606060606 86.66666666666666 87.27272727272727 87.87878787878788 88.48484848484848 89.09090909090908 89.69696969696969 90.3030303030303 90.90909090909091 91.51515151515152 92.12121212121211 92.72727272727272 93.33333333333333 93.93939393939394 94.54545454545453 95.15151515151514 95.75757575757575 96.36363636363636 96.96969696969697 97.57575757575758 98.18181818181817 98.78787878787878 99.39393939393939 100 100.6060606060606 101.2121212121212 101.8181818181818 102.4242424242424 103.030303030303 103.6363636363636 104.2424242424242 104.8484848484848 105.4545454545455 106.0606060606061 106.6666666666667 107.2727272727273 107.8787878787879 108.4848484848485 109.0909090909091 109.6969696969697 110.3030303030303 110.9090909090909 111.5151515151515 112.1212121212121 112.7272727272727 113.3333333333333 113.9393939393939 114.5454545454545 115.1515151515151 115.7575757575758 116.3636363636363 116.969696969697 117.5757575757576 118.1818181818182 118.7878787878788 119.3939393939394 120


# name: y
# type: matrix
# rows: 100
# columns: 1
 696859.5191855228
 696998.6243783014
 697129.3375752291
 697252.0032805506
 697366.9587777925
 697474.534129764
 697575.0521785562
 697668.8285455428
 697756.1716313793
 697837.3826160039
 697912.7554586367
 697982.5768977803
 698047.1264512193
 698106.6764160208
 698161.491868534
 698211.8306643902
 698257.9434385034
 698300.0736050692
 698338.4573575661
 698373.3236687543
 698404.8942906766
 698433.3837546577
 698458.9993713051
 698481.941230508
 698502.4022014381
 698520.5679325494
 698536.6168515778
 698550.7201655417
 698563.041860742
 698573.7387027615
 698582.960236465
 698590.8487860002
 698597.5394547965
 698603.1601255657
 698607.8314603022
 698611.666900282
 698614.7726660639
 698617.2477574885
 698619.1839536791
 698620.6658130408
 698621.7706732613
 698622.5686513102
 698623.1226434397
 698623.4883251841
 698623.7141513597
 698623.8413560656
 698623.9039526826
 698623.928733874
 698623.9352715852
 698623.9359170442
 698623.9358007606
 698623.932832527
 698623.9177014177
 698623.8738757893
 698623.7776032811
 698623.597910814
 698623.2966045915
 698622.8282700994
 698622.1402721055
 698621.17275466
 698619.8586410955
 698618.1236340264
 698615.8862153498
 698613.0576462448
 698609.5419671726
 698605.2359978773
 698600.0293373844
 698593.8043640021
 698586.4362353208
 698577.7928882132
 698567.7350388339
 698556.1161826204
 698542.7825942917
 698527.5733278495
 698510.3202165777
 698490.8478730422
 698468.9736890916
 698444.5078358562
 698417.2532637489
 698387.0057024648
 698353.5536609812
 698316.6784275576
 698276.1540697357
 698231.7474343396
 698183.2181474755
 698130.3186145321
 698072.79402018
 698010.3823283722
 697942.8142823441
 697869.8134046129
 697791.0959969786
 697706.371140523
 697615.3406956104
 697517.6993018873
 697413.1343782824
 697301.3261230064
 697181.9475135528
 697054.6643066971
 696919.1350384966
 696775.0110242915


# name: TRAIN_QUERIES
# type: cell
# rows: 1
# columns: 1
# name: <cell-element>
# type: sq_string
# elements: 1
# length: 2
R3





# name: TEST_QUERIES
# type: cell
# rows: 1
# columns: 1
# name: <cell-element>
# type: sq_string
# elements: 1
# length: 2
R4





# name: DATASIZE
# type: sq_string
# elements: 1
# length: 3
750


