# Created by Octave 3.8.2, Mon May 23 11:22:01 2016 CEST <Andrea@Andreas-MacBook-Pro.local>
# name: x
# type: matrix
# rows: 1
# columns: 100
 60 60.60606060606061 61.21212121212121 61.81818181818181 62.42424242424242 63.03030303030303 63.63636363636363 64.24242424242425 64.84848484848484 65.45454545454545 66.06060606060606 66.66666666666666 67.27272727272727 67.87878787878788 68.48484848484848 69.09090909090909 69.69696969696969 70.3030303030303 70.90909090909091 71.51515151515152 72.12121212121212 72.72727272727272 73.33333333333333 73.93939393939394 74.54545454545455 75.15151515151516 75.75757575757575 76.36363636363636 76.96969696969697 77.57575757575758 78.18181818181819 78.78787878787878 79.39393939393939 80 80.60606060606059 81.2121212121212 81.81818181818181 82.42424242424242 83.03030303030303 83.63636363636364 84.24242424242424 84.84848484848484 85.45454545454545 86.06060606060606 86.66666666666666 87.27272727272727 87.87878787878788 88.48484848484848 89.09090909090908 89.69696969696969 90.3030303030303 90.90909090909091 91.51515151515152 92.12121212121211 92.72727272727272 93.33333333333333 93.93939393939394 94.54545454545453 95.15151515151514 95.75757575757575 96.36363636363636 96.96969696969697 97.57575757575758 98.18181818181817 98.78787878787878 99.39393939393939 100 100.6060606060606 101.2121212121212 101.8181818181818 102.4242424242424 103.030303030303 103.6363636363636 104.2424242424242 104.8484848484848 105.4545454545455 106.0606060606061 106.6666666666667 107.2727272727273 107.8787878787879 108.4848484848485 109.0909090909091 109.6969696969697 110.3030303030303 110.9090909090909 111.5151515151515 112.1212121212121 112.7272727272727 113.3333333333333 113.9393939393939 114.5454545454545 115.1515151515151 115.7575757575758 116.3636363636363 116.969696969697 117.5757575757576 118.1818181818182 118.7878787878788 119.3939393939394 120


# name: y
# type: matrix
# rows: 100
# columns: 1
 703270.5052748526
 702947.6515596806
 702637.9173286718
 702341.0304527879
 702056.7188029906
 701784.7102502417
 701524.7326655027
 701276.5139197352
 701039.7818839012
 700814.2644289621
 700599.6894258797
 700395.7847456157
 700202.2782591316
 700018.8978373893
 699845.3713513503
 699681.4266719766
 699526.7916702294
 699381.1942170708
 699244.3621834622
 699116.0234403654
 698995.9058587422
 698883.737309554
 698779.2456637627
 698682.15879233
 698592.2045662173
 698509.1108563866
 698432.6055337994
 698362.4164694174
 698298.2715342023
 698239.8985991158
 698187.0255351196
 698139.3802131753
 698096.6905042446
 698058.6842792893
 698025.089409271
 697995.6337651513
 697970.0452178919
 697948.0516384545
 697929.380897801
 697913.7608668928
 697900.9194166915
 697890.5844181591
 697882.4837422571
 697876.3452599471
 697871.896842191
 697868.8663599503
 697866.9816841867
 697865.970685862
 697865.5612359378
 697865.4812053757
 697865.4584651375
 697865.2208861848
 697864.4963394795
 697863.0126959829
 697860.4978266569
 697856.6796024631
 697851.2858943634
 697844.0445733193
 697834.6835102923
 697822.9305762445
 697808.5136421372
 697791.1605789323
 697770.5992575914
 697746.5575490762
 697718.7633243484
 697686.9444543695
 697650.8288101015
 697610.1442625058
 697564.6186825442
 697513.9799411785
 697457.9559093701
 697396.2744580809
 697328.6634582725
 697254.8507809065
 697174.5642969448
 697087.5318773489
 696993.4813930804
 696892.1407151013
 696783.237714373
 696666.5002618573
 696541.6562285158
 696408.4334853102
 696266.5599032022
 696115.7633531536
 695955.7717061258
 695786.3128330808
 695607.11460498
 695417.9048927852
 695218.4115674582
 695008.3624999605
 694787.4855612539
 694555.5086222999
 694312.1595540603
 694057.1662274968
 693790.2565135711
 693511.1582832448
 693219.5994074796
 692915.3077572373
 692598.0112034794
 692267.4376171677


# name: TRAIN_QUERIES
# type: cell
# rows: 1
# columns: 1
# name: <cell-element>
# type: sq_string
# elements: 1
# length: 2
R3





# name: TEST_QUERIES
# type: cell
# rows: 1
# columns: 1
# name: <cell-element>
# type: sq_string
# elements: 1
# length: 2
R4





# name: DATASIZE
# type: sq_string
# elements: 1
# length: 3
750


