# Created by Octave 3.8.2, Mon May 23 11:22:01 2016 CEST <Andrea@Andreas-MacBook-Pro.local>
# name: x
# type: matrix
# rows: 1
# columns: 100
 60 60.60606060606061 61.21212121212121 61.81818181818181 62.42424242424242 63.03030303030303 63.63636363636363 64.24242424242425 64.84848484848484 65.45454545454545 66.06060606060606 66.66666666666666 67.27272727272727 67.87878787878788 68.48484848484848 69.09090909090909 69.69696969696969 70.3030303030303 70.90909090909091 71.51515151515152 72.12121212121212 72.72727272727272 73.33333333333333 73.93939393939394 74.54545454545455 75.15151515151516 75.75757575757575 76.36363636363636 76.96969696969697 77.57575757575758 78.18181818181819 78.78787878787878 79.39393939393939 80 80.60606060606059 81.2121212121212 81.81818181818181 82.42424242424242 83.03030303030303 83.63636363636364 84.24242424242424 84.84848484848484 85.45454545454545 86.06060606060606 86.66666666666666 87.27272727272727 87.87878787878788 88.48484848484848 89.09090909090908 89.69696969696969 90.3030303030303 90.90909090909091 91.51515151515152 92.12121212121211 92.72727272727272 93.33333333333333 93.93939393939394 94.54545454545453 95.15151515151514 95.75757575757575 96.36363636363636 96.96969696969697 97.57575757575758 98.18181818181817 98.78787878787878 99.39393939393939 100 100.6060606060606 101.2121212121212 101.8181818181818 102.4242424242424 103.030303030303 103.6363636363636 104.2424242424242 104.8484848484848 105.4545454545455 106.0606060606061 106.6666666666667 107.2727272727273 107.8787878787879 108.4848484848485 109.0909090909091 109.6969696969697 110.3030303030303 110.9090909090909 111.5151515151515 112.1212121212121 112.7272727272727 113.3333333333333 113.9393939393939 114.5454545454545 115.1515151515151 115.7575757575758 116.3636363636363 116.969696969697 117.5757575757576 118.1818181818182 118.7878787878788 119.3939393939394 120


# name: y
# type: matrix
# rows: 100
# columns: 1
 704239.9387722968
 704249.9713623768
 704259.0156934935
 704267.1512281309
 704274.452537292
 704280.989505494
 704286.8275313745
 704292.0277239083
 704296.6470942363
 704300.7387431061
 704304.3520439231
 704307.5328214134
 704310.3235258984
 704312.7634031801
 704314.8886600386
 704316.7326253401
 704318.325906757
 704319.6965430992
 704320.8701522565
 704321.8700747523
 704322.7175129094
 704323.4316656271
 704324.0298587682
 704324.5276711595
 704324.9390562021
 704325.2764590941
 704325.5509296643
 704325.7722308164
 704325.9489425865
 704326.0885618103
 704326.1975974025
 704326.2816612471
 704326.3455546998
 704326.3933507008
 704326.4284715001
 704326.4537619931
 704326.4715586683
 704326.4837541664
 704326.4918574499
 704326.4970495855
 704326.5002351366
 704326.5020891678
 704326.503099861
 704326.5036067419
 704326.5038345193
 704326.5039225346
 704326.5039498232
 704326.503955787
 704326.503956479
 704326.5039564982
 704326.5039564968
 704326.5039562981
 704326.5039536266
 704326.5039384486
 704326.5038829247
 704326.5037269734
 704326.5033594467
 704326.502594916
 704326.5011460705
 704326.4985917264
 704326.4943404472
 704326.4875897764
 704326.4772810802
 704326.4620500031
 704326.4401725334
 704326.4095066813
 704326.3674297675
 704326.310771324
 704326.2357416053
 704326.1378557119
 704326.0118533245
 704325.8516140503
 704325.6500683802
 704325.3991042566
 704325.0894692551
 704324.7106683741
 704324.2508574388
 704323.696732115
 704323.0334125346
 704322.2443235328
 704321.3110704962
 704320.2133108225
 704318.9286209916
 704317.4323592485
 704315.6975238965
 704313.6946072028
 704311.3914449152
 704308.75306139
 704305.7415103314
 704302.3157111421
 704298.4312808859
 704294.0403618609
 704289.0914447843
 704283.5291875892
 704277.2942298317
 704270.3230027105
 704262.5475346971
 704253.8952527777
 704244.2887793063
 704233.6457244696


# name: TRAIN_QUERIES
# type: cell
# rows: 1
# columns: 1
# name: <cell-element>
# type: sq_string
# elements: 1
# length: 2
R3





# name: TEST_QUERIES
# type: cell
# rows: 1
# columns: 1
# name: <cell-element>
# type: sq_string
# elements: 1
# length: 2
R4





# name: DATASIZE
# type: sq_string
# elements: 1
# length: 3
750


