# Created by Octave 3.8.2, Mon May 23 11:22:01 2016 CEST <Andrea@Andreas-MacBook-Pro.local>
# name: x
# type: matrix
# rows: 1
# columns: 100
 60 60.60606060606061 61.21212121212121 61.81818181818181 62.42424242424242 63.03030303030303 63.63636363636363 64.24242424242425 64.84848484848484 65.45454545454545 66.06060606060606 66.66666666666666 67.27272727272727 67.87878787878788 68.48484848484848 69.09090909090909 69.69696969696969 70.3030303030303 70.90909090909091 71.51515151515152 72.12121212121212 72.72727272727272 73.33333333333333 73.93939393939394 74.54545454545455 75.15151515151516 75.75757575757575 76.36363636363636 76.96969696969697 77.57575757575758 78.18181818181819 78.78787878787878 79.39393939393939 80 80.60606060606059 81.2121212121212 81.81818181818181 82.42424242424242 83.03030303030303 83.63636363636364 84.24242424242424 84.84848484848484 85.45454545454545 86.06060606060606 86.66666666666666 87.27272727272727 87.87878787878788 88.48484848484848 89.09090909090908 89.69696969696969 90.3030303030303 90.90909090909091 91.51515151515152 92.12121212121211 92.72727272727272 93.33333333333333 93.93939393939394 94.54545454545453 95.15151515151514 95.75757575757575 96.36363636363636 96.96969696969697 97.57575757575758 98.18181818181817 98.78787878787878 99.39393939393939 100 100.6060606060606 101.2121212121212 101.8181818181818 102.4242424242424 103.030303030303 103.6363636363636 104.2424242424242 104.8484848484848 105.4545454545455 106.0606060606061 106.6666666666667 107.2727272727273 107.8787878787879 108.4848484848485 109.0909090909091 109.6969696969697 110.3030303030303 110.9090909090909 111.5151515151515 112.1212121212121 112.7272727272727 113.3333333333333 113.9393939393939 114.5454545454545 115.1515151515151 115.7575757575758 116.3636363636363 116.969696969697 117.5757575757576 118.1818181818182 118.7878787878788 119.3939393939394 120


# name: y
# type: matrix
# rows: 100
# columns: 1
 681663.1870602773
 681485.44072021
 681311.3434135962
 681140.8951404359
 680974.0959007292
 680810.945694476
 680651.4445216765
 680495.5923823304
 680343.389276438
 680194.8352039993
 680049.930165014
 679908.6741594824
 679771.0671874041
 679637.1092487796
 679506.8003436087
 679380.1404718913
 679257.1296336275
 679137.7678288171
 679022.0550574604
 678909.9913195574
 678801.5766151078
 678696.8109441119
 678595.6943065694
 678498.2267024806
 678404.4081318454
 678314.2385946637
 678227.7180909356
 678144.846620661
 678065.62418384
 677990.0507804727
 677918.1264105588
 677849.8510740986
 677785.2247710919
 677724.2475015388
 677666.9192654393
 677613.2400627933
 677563.2098936009
 677516.8287578621
 677474.0966555768
 677435.0135867451
 677399.5795513671
 677367.7945494425
 677339.6585809715
 677315.1716459541
 677294.3337443903
 677277.1448762801
 677263.6050416233
 677253.7142404203
 677247.4724726707
 677244.8797383748
 677245.9360375324
 677250.6413701436
 677258.9957362084
 677270.9991357267
 677286.6515686986
 677305.9530351241
 677328.9035350031
 677355.5030683357
 677385.7516351219
 677419.6492353617
 677457.195869055
 677498.3915362019
 677543.2362368024
 677591.7299708565
 677643.872738364
 677699.6645393253
 677759.10537374
 677822.1952416083
 677888.9341429302
 677959.3220777058
 678033.3590459347
 678111.0450476174
 678192.3800827536
 678277.3641513434
 678365.9972533867
 678458.2793888836
 678554.2105578341
 678653.7907602382
 678757.0199960958
 678863.898265407
 678974.4255681718
 679088.6019043901
 679206.4272740621
 679327.9016771875
 679453.0251137665
 679581.7975837992
 679714.2190872853
 679850.2896242251
 679990.0091946186
 680133.3777984654
 680280.3954357659
 680431.0621065199
 680585.3778107276
 680743.3425483888
 680904.9563195036
 681070.2191240719
 681239.1309620938
 681411.6918335693
 681587.9017384984
 681767.7606768811


# name: TRAIN_QUERIES
# type: cell
# rows: 1
# columns: 1
# name: <cell-element>
# type: sq_string
# elements: 1
# length: 2
R3





# name: TEST_QUERIES
# type: cell
# rows: 1
# columns: 1
# name: <cell-element>
# type: sq_string
# elements: 1
# length: 2
R4





# name: DATASIZE
# type: sq_string
# elements: 1
# length: 3
750


