# Created by Octave 4.0.0, Mon May 09 11:28:55 2016 CEST <peter@Independence>
# name: y
# type: matrix
# rows: 100
# columns: 1
 460973.4168336453
 460264.4433510488
 459555.4698684523
 458846.4963858557
 458137.5229032592
 457428.5494206627
 456719.5759380662
 456010.6024554697
 455301.6289728731
 454592.6554902766
 453883.6820076801
 453174.7085250836
 452465.735042487
 451756.7615598905
 451047.788077294
 450338.8145946975
 449629.8411121009
 448920.8676295044
 448211.8941469079
 447502.9206643114
 446793.9471817149
 446084.9736991183
 445376.0002165218
 444667.0267339253
 443958.0532513288
 443249.0797687322
 442540.1062861357
 441831.1328035392
 441122.1593209427
 440413.1858383461
 439704.2123557496
 438995.2388731531
 438286.2653905566
 437577.2919079601
 436868.3184253635
 436159.344942767
 435450.3714601705
 434741.397977574
 434032.4244949775
 433323.4510123809
 432614.4775297844
 431905.5040471879
 431196.5305645913
 430487.5570819948
 429778.5835993983
 429069.6101168018
 428360.6366342053
 427651.6631516088
 426942.6896690122
 426233.7161864157
 425524.7427038192
 424815.7692212227
 424106.7957386262
 423397.8222560296
 422688.8487734331
 421979.8752908366
 421270.90180824
 420561.9283256435
 419852.954843047
 419143.9813604505
 418435.0078778539
 417726.0343952574
 417017.0609126609
 416308.0874300644
 415599.1139474679
 414890.1404648714
 414181.1669822749
 413472.1934996783
 412763.2200170818
 412054.2465344853
 411345.2730518887
 410636.2995692922
 409927.3260866957
 409218.3526040992
 408509.3791215026
 407800.4056389061
 407091.4321563096
 406382.4586737131
 405673.4851911166
 404964.51170852
 404255.5382259235
 403546.564743327
 402837.5912607305
 402128.617778134
 401419.6442955374
 400710.6708129409
 400001.6973303444
 399292.7238477478
 398583.7503651513
 397874.7768825548
 397165.8033999583
 396456.8299173617
 395747.8564347652
 395038.8829521687
 394329.9094695722
 393620.9359869757
 392911.9625043791
 392202.9890217826
 391494.0155391861
 390785.0420565896


