# Created by Octave 4.0.0, Mon May 09 11:28:55 2016 CEST <peter@Independence>
# name: y
# type: matrix
# rows: 100
# columns: 1
 424132.101836408
 423978.9859043462
 423832.0282532637
 423691.1024816625
 423556.0821880448
 423426.8409709126
 423303.252428768
 423185.190160113
 423072.5277634497
 422965.1388372802
 422862.8969801065
 422765.6757904307
 422673.3488667549
 422585.7898075812
 422502.8722114115
 422424.469676748
 422350.4558020928
 422280.7041859478
 422215.0884268153
 422153.4821231972
 422095.7588735956
 422041.7922765125
 421991.4559304501
 421944.6234339104
 421901.1683853955
 421860.9643834074
 421823.8850264482
 421789.8039130201
 421758.5946416249
 421730.1308107649
 421704.286018942
 421680.9338646583
 421659.947946416
 421641.2018627171
 421624.5692120636
 421609.9235929576
 421597.1386039012
 421586.0878433964
 421576.6449099454
 421568.6834020501
 421562.0769182126
 421556.6990569351
 421552.4234167195
 421549.123596068
 421546.6731934826
 421544.9458074654
 421543.8150365184
 421543.1544791438
 421542.8377338435
 421542.7383991196
 421542.7300734743
 421542.6863554096
 421542.4808434275
 421541.98713603
 421541.0788317194
 421539.6295289976
 421537.5128263668
 421534.602322329
 421530.7716153861
 421525.8943040404
 421519.8439867938
 421512.4942621486
 421503.7187286066
 421493.39098467
 421481.3846288408
 421467.5732596212
 421451.8304755132
 421434.0298750188
 421414.0450566401
 421391.7496188792
 421367.0171602381
 421339.721279219
 421309.7355743238
 421276.9336440547
 421241.1890869137
 421202.3755014029
 421160.3664860243
 421115.03563928
 421066.2565596722
 421013.9028457028
 420957.8480958739
 420897.9659086876
 420834.1298826459
 420766.213616251
 420694.0907080048
 420617.6347564095
 420536.7193599671
 420451.2181171797
 420361.0046265493
 420265.9524865781
 420165.935295768
 420060.8266526213
 419950.5001556398
 419834.8294033257
 419713.687994181
 419586.9495267079
 419454.4875994084
 419316.1758107845
 419171.8877593383
 419021.4970435719


