# Created by Octave 4.0.0, Wed May 11 13:52:03 2016 CEST <peter@Independence>
# name: y
# type: matrix
# rows: 1
# columns: 100
 617085.2830879338 617094.9327891932 617104.5824904527 617114.232191712 617123.8818929715 617133.5315942309 617143.1812954904 617152.8309967498 617162.4806980093 617172.1303992687 617181.7801005282 617191.4298017876 617201.079503047 617210.7292043065 617220.3789055659 617230.0286068254 617239.6783080848 617249.3280093443 617258.9777106037 617268.6274118631 617278.2771131225 617287.926814382 617297.5765156414 617307.2262169009 617316.8759181603 617326.5256194198 617336.1753206792 617345.8250219387 617355.4747231981 617365.1244244576 617374.774125717 617384.4238269764 617394.0735282359 617403.7232294953 617413.3729307547 617423.0226320141 617432.6723332736 617442.322034533 617451.9717357925 617461.6214370519 617471.2711383114 617480.9208395708 617490.5705408303 617500.2202420897 617509.8699433492 617519.5196446086 617529.1693458681 617538.8190471275 617548.4687483869 617558.1184496464 617567.7681509057 617577.4178521652 617587.0675534246 617596.7172546841 617606.3669559435 617616.016657203 617625.6663584624 617635.3160597219 617644.9657609813 617654.6154622408 617664.2651635002 617673.9148647597 617683.5645660191 617693.2142672786 617702.863968538 617712.5136697975 617722.1633710568 617731.8130723162 617741.4627735757 617751.1124748351 617760.7621760946 617770.411877354 617780.0615786135 617789.7112798729 617799.3609811324 617809.0106823918 617818.6603836513 617828.3100849107 617837.9597861702 617847.6094874296 617857.2591886891 617866.9088899484 617876.5585912078 617886.2082924673 617895.8579937267 617905.5076949862 617915.1573962456 617924.8070975051 617934.4567987645 617944.106500024 617953.7562012834 617963.4059025429 617973.0556038023 617982.7053050618 617992.3550063212 618002.0047075807 618011.6544088401 618021.3041100994 618030.9538113589 618040.6035126183


