# Created by Octave 4.0.0, Wed May 11 13:52:03 2016 CEST <peter@Independence>
# name: y
# type: matrix
# rows: 100
# columns: 1
 685321.7529685807
 683607.9546490484
 681864.451737982
 680092.0079947938
 678291.4131848203
 676463.4824968859
 674609.0559299124
 672728.9976492206
 670824.1953132213
 668895.5593712332
 666944.0223332192
 664970.5380122658
 662976.0807406844
 660961.6445606448
 658928.2423902968
 656876.9051663752
 654808.680964314
 652724.6340969398
 650625.8441928406
 648513.4052555425
 646388.4247046552
 644252.0224001764
 642105.3296511695
 639949.4882100577
 637785.6492537934
 635614.9723531894
 633438.6244317106
 631257.778715044
 629073.6136727798
 626887.3119535422
 624700.059314928
 622513.0435496077
 620327.4534089561
 618144.4775255797
 615965.30333611
 613791.1160056262
 611623.0973550739
 609462.4247930344
 607310.2702531917
 605167.799138838
 603036.1692757407
 600916.5298746828
 598810.0205049686
 596717.7700801715
 594640.8958573774
 592580.502451152
 590537.680863442
 588513.5075305882
 586509.0433885989
 584525.3329578086
 582563.4034480072
 580624.2638850966
 578708.9042602939
 576818.2947028646
 574953.384677331
 573115.1022060615
 571304.3531181058
 569522.0203250996
 567768.9631250181
 566046.0165345153
 564353.9906505406
 562693.6700418767
 561065.8131711994
 559471.1518482105
 557910.3907143467
 556384.2067595222
 554893.2488713096
 553438.1374169184
 552019.4638582799
 550637.7904004968
 549293.6496738681
 547987.5444496494
 546719.9473896602
 545491.3008297998
 544302.0165974863
 543152.4758629823
 542043.0290245265
 540973.9956271381
 539945.6643149215
 538958.2928166441
 538012.1079643224
 537107.3057445025
 536244.0513818786
 535422.4794548539
 534642.6940426015
 533904.7689031457
 533208.7476819471
 532554.644150431
 531942.4424738691
 531372.097507982
 530843.5351236054
 530356.6525587173
 529911.3187971083
 529507.3749729336
 529144.6348003662
 528822.885027541
 528541.8859139541
 528301.3717304626
 528101.051281002
 527940.6084451254


