# Created by Octave 4.0.0, Wed May 11 13:52:03 2016 CEST <peter@Independence>
# name: y
# type: matrix
# rows: 100
# columns: 1
 615742.4770349126
 615045.6471711416
 614378.7441025922
 613741.110987397
 613132.0909836887
 612551.0272495996
 611997.2629432622
 611470.1412228093
 610969.0052463734
 610493.1981720867
 610042.0631580821
 609614.9433624919
 609211.1819434488
 608830.1220590853
 608471.1068675339
 608133.4795269271
 607816.5831953976
 607519.7610310777
 607242.3561921002
 606983.7118365974
 606743.171122702
 606520.0772085465
 606313.7732522632
 606123.602411985
 605948.9078458443
 605789.0327119736
 605643.3201685054
 605511.1133735725
 605391.7554853071
 605284.5896618417
 605188.9590613092
 605104.2068418419
 605029.6761615725
 604964.7101786332
 604908.6520511569
 604860.844937276
 604820.6319951229
 604787.3563828304
 604760.3612585308
 604738.9897803568
 604722.5851064408
 604710.4903949156
 604702.0488039134
 604696.6034915668
 604693.4976160086
 604692.0743353711
 604691.6768077869
 604691.6481913886
 604691.3316443085
 604690.0703246795
 604687.2073906339
 604682.0860003042
 604674.0493118231
 604662.4404833229
 604646.6026729365
 604625.8790387962
 604599.6127390345
 604567.146931784
 604527.8247751773
 604480.9894273467
 604425.9840464251
 604362.1517905449
 604288.8358178384
 604205.3792864385
 604111.1253544774
 604005.417180088
 603887.5979214025
 603757.0107365536
 603612.9987836739
 603454.9052208957
 603282.0732063517
 603093.8458981746
 602889.5664544966
 602668.5780334504
 602430.2237931686
 602173.8468917836
 601898.7904874281
 601604.3977382345
 601290.0118023354
 600954.9758378633
 600598.6330029507
 600220.3264557302
 599819.3993543345
 599395.1948568957
 598947.0561215468
 598474.3263064201
 597976.3485696481
 597452.4660693635
 596902.0219636988
 596324.3594107864
 595718.8215687589
 595084.7515957489
 594421.492649889
 593728.3878893115
 593004.7804721491
 592250.0135565343
 591463.4303005998
 590644.3738624778
 589792.1874003011
 588906.2140722021


