# Created by Octave 4.0.0, Wed May 11 13:52:03 2016 CEST <peter@Independence>
# name: y
# type: matrix
# rows: 100
# columns: 1
 648668.7119709005
 648013.1265363112
 647357.5411017219
 646701.9556671326
 646046.3702325433
 645390.7847979541
 644735.1993633648
 644079.6139287755
 643424.0284941862
 642768.443059597
 642112.8576250077
 641457.2721904184
 640801.6867558293
 640146.10132124
 639490.5158866507
 638834.9304520614
 638179.3450174722
 637523.7595828829
 636868.1741482936
 636212.5887137043
 635557.0032791151
 634901.4178445258
 634245.8324099365
 633590.2469753472
 632934.661540758
 632279.0761061687
 631623.4906715794
 630967.9052369902
 630312.3198024009
 629656.7343678116
 629001.1489332223
 628345.5634986331
 627689.9780640438
 627034.3926294545
 626378.8071948652
 625723.221760276
 625067.6363256867
 624412.0508910974
 623756.4654565081
 623100.8800219189
 622445.2945873296
 621789.7091527403
 621134.1237181511
 620478.5382835618
 619822.9528489725
 619167.3674143832
 618511.781979794
 617856.1965452047
 617200.6111106154
 616545.0256760261
 615889.4402414369
 615233.8548068476
 614578.2693722583
 613922.683937669
 613267.0985030798
 612611.5130684905
 611955.9276339012
 611300.3421993121
 610644.7567647228
 609989.1713301335
 609333.5858955442
 608678.0004609548
 608022.4150263657
 607366.8295917764
 606711.2441571871
 606055.6587225979
 605400.0732880086
 604744.4878534193
 604088.90241883
 603433.3169842408
 602777.7315496515
 602122.1461150622
 601466.560680473
 600810.9752458837
 600155.3898112944
 599499.8043767051
 598844.2189421158
 598188.6335075266
 597533.0480729373
 596877.462638348
 596221.8772037588
 595566.2917691695
 594910.7063345802
 594255.120899991
 593599.5354654017
 592943.9500308124
 592288.3645962231
 591632.7791616338
 590977.1937270446
 590321.6082924553
 589666.022857866
 589010.4374232767
 588354.8519886875
 587699.2665540982
 587043.6811195089
 586388.0956849197
 585732.5102503304
 585076.9248157411
 584421.3393811518
 583765.7539465626


