# Created by Octave 4.0.0, Mon May 23 13:49:33 2016 CEST <peter@Independence>
# name: x
# type: matrix
# rows: 1
# columns: 100
 60 60.60606060606061 61.21212121212122 61.81818181818181 62.42424242424242 63.03030303030303 63.63636363636364 64.24242424242425 64.84848484848484 65.45454545454545 66.06060606060606 66.66666666666667 67.27272727272728 67.87878787878788 68.48484848484848 69.09090909090909 69.6969696969697 70.30303030303031 70.90909090909091 71.51515151515152 72.12121212121212 72.72727272727273 73.33333333333334 73.93939393939394 74.54545454545455 75.15151515151516 75.75757575757575 76.36363636363636 76.96969696969697 77.57575757575758 78.18181818181819 78.78787878787878 79.39393939393939 80 80.60606060606061 81.21212121212122 81.81818181818181 82.42424242424242 83.03030303030303 83.63636363636364 84.24242424242424 84.84848484848484 85.45454545454545 86.06060606060606 86.66666666666667 87.27272727272728 87.87878787878788 88.48484848484848 89.09090909090909 89.6969696969697 90.30303030303031 90.90909090909091 91.51515151515152 92.12121212121212 92.72727272727273 93.33333333333333 93.93939393939394 94.54545454545455 95.15151515151516 95.75757575757575 96.36363636363636 96.96969696969697 97.57575757575758 98.18181818181819 98.78787878787878 99.39393939393939 100 100.6060606060606 101.2121212121212 101.8181818181818 102.4242424242424 103.030303030303 103.6363636363636 104.2424242424242 104.8484848484848 105.4545454545455 106.0606060606061 106.6666666666667 107.2727272727273 107.8787878787879 108.4848484848485 109.0909090909091 109.6969696969697 110.3030303030303 110.9090909090909 111.5151515151515 112.1212121212121 112.7272727272727 113.3333333333333 113.9393939393939 114.5454545454545 115.1515151515152 115.7575757575758 116.3636363636364 116.969696969697 117.5757575757576 118.1818181818182 118.7878787878788 119.3939393939394 120


# name: y
# type: matrix
# rows: 100
# columns: 1
 23596.21069182121
 23599.47419509988
 23603.06222957322
 23606.96575625693
 23611.17366863231
 23615.67283405018
 23620.448153695
 23625.48264082064
 23630.75751675478
 23636.2523239587
 23641.94505522455
 23647.81229789709
 23653.82939182369
 23659.9705995678
 23666.20928726954
 23672.51811440512
 23678.86923058573
 23685.2344774486
 23691.58559362921
 23697.89442076479
 23704.13310846654
 23710.27431621064
 23716.29141013724
 23722.15865280978
 23727.85138407563
 23733.34619127955
 23738.62106721369
 23743.65555433933
 23748.43087398415
 23752.93003940202
 23757.1379517774
 23761.04147846111
 23764.62951293445
 23767.89301621313
 23770.82503961628
 23773.42072903788
 23775.67731106363
 23777.59406147442
 23779.1722568646
 23780.41511027687
 23781.32769191426
 23781.9168361309
 23782.19103602589
 23782.16032706712
 23781.83616125367
 23781.23127338553
 23780.35954104814
 23779.2358399361
 23777.87589613616
 23776.2961369654
 23774.51354191598
 23772.5454951964
 23770.40964128016
 23768.12374477955
 23765.70555585572
 23763.17268225901
 23760.54246896732
 23757.83188625758
 23755.05742690787
 23752.23501308863
 23749.37991336097
 23746.50667006239
 23743.62903722572
 23740.75992904771
 23737.91137880193
 23735.09450797636
 23732.31950531175
 23729.59561532293
 23726.93113580193
 23724.33342373098
 23721.80890897386
 23719.3631150669
 23717.00068639571
 23714.72542102023
 23712.54030839798
 23710.44757125412
 23708.44871085469
 23706.54455495704
 23704.7353077365
 23703.02060102121
 23701.3995462057
 23699.87078625755
 23698.43254727959
 23697.08268914085
 23695.81875474273
 23694.63801754071
 23693.5375269966
 23692.51415168969
 23691.56461986796
 23690.6855572708
 23689.87352210267
 23689.12503708208
 23688.43661853199
 23687.80480251549
 23687.22616805495
 23686.69735750281
 23686.21509415852
 23685.77619724823
 23685.37759440195
 23685.01633177797


# name: QUERY
# type: sq_string
# elements: 1
# length: 2
R5


# name: DATASIZE
# type: sq_string
# elements: 1
# length: 3
500


