# Created by Octave 4.0.0, Wed May 18 23:53:07 2016 CEST <peter@Independence>
# name: x
# type: matrix
# rows: 1
# columns: 100
 60 60.60606060606061 61.21212121212122 61.81818181818181 62.42424242424242 63.03030303030303 63.63636363636364 64.24242424242425 64.84848484848484 65.45454545454545 66.06060606060606 66.66666666666667 67.27272727272728 67.87878787878788 68.48484848484848 69.09090909090909 69.6969696969697 70.30303030303031 70.90909090909091 71.51515151515152 72.12121212121212 72.72727272727273 73.33333333333334 73.93939393939394 74.54545454545455 75.15151515151516 75.75757575757575 76.36363636363636 76.96969696969697 77.57575757575758 78.18181818181819 78.78787878787878 79.39393939393939 80 80.60606060606061 81.21212121212122 81.81818181818181 82.42424242424242 83.03030303030303 83.63636363636364 84.24242424242424 84.84848484848484 85.45454545454545 86.06060606060606 86.66666666666667 87.27272727272728 87.87878787878788 88.48484848484848 89.09090909090909 89.6969696969697 90.30303030303031 90.90909090909091 91.51515151515152 92.12121212121212 92.72727272727273 93.33333333333333 93.93939393939394 94.54545454545455 95.15151515151516 95.75757575757575 96.36363636363636 96.96969696969697 97.57575757575758 98.18181818181819 98.78787878787878 99.39393939393939 100 100.6060606060606 101.2121212121212 101.8181818181818 102.4242424242424 103.030303030303 103.6363636363636 104.2424242424242 104.8484848484848 105.4545454545455 106.0606060606061 106.6666666666667 107.2727272727273 107.8787878787879 108.4848484848485 109.0909090909091 109.6969696969697 110.3030303030303 110.9090909090909 111.5151515151515 112.1212121212121 112.7272727272727 113.3333333333333 113.9393939393939 114.5454545454545 115.1515151515152 115.7575757575758 116.3636363636364 116.969696969697 117.5757575757576 118.1818181818182 118.7878787878788 119.3939393939394 120


# name: y
# type: matrix
# rows: 100
# columns: 1
 23350.19541457159
 23344.41138460848
 23338.75160091254
 23333.23168303834
 23327.86774419114
 23322.67638999469
 23317.67471082269
 23312.88026673235
 23308.3110641086
 23303.98552322223
 23299.92243602256
 23296.14091362572
 23292.66032311873
 23289.50021347752
 23286.68023058922
 23284.22002157205
 23282.13912879766
 23280.4568742348
 23279.1922349472
 23278.3637107867
 23277.98918552127
 23278.08578282265
 23278.66971870374
 23279.75615214062
 23281.35903573132
 23283.49096833248
 23286.16305167205
 23289.38475295889
 23293.16377549815
 23297.50593927261
 23302.41507336613
 23307.8929219852
 23313.93906568136
 23320.55085919183
 23327.72338710178
 23335.44943829226
 23343.7194998776
 23352.52177105853
 23361.84219702895
 23371.66452277853
 23381.9703663375
 23392.73931071809
 23403.94901352543
 23415.57533294472
 23427.59246856551
 23439.97311528374
 23452.68862833102
 23465.70919732297
 23479.00402709731
 23492.54152302921
 23506.28947846958
 23520.21526195031
 23534.28600184095
 23548.46876622146
 23562.73073585519
 23577.039368302
 23591.36255140102
 23605.66874457128
 23619.92710662332
 23634.10760903978
 23648.18113396382
 23662.11955642424
 23675.89581062151
 23689.48394039124
 23702.8591342481
 23715.99774568577
 23728.87729966347
 23741.47648644144
 23753.77514413195
 23765.75423150567
 23777.3957927317
 23788.68291583099
 23799.59968668625
 23810.13114047422
 23820.26321237017
 23829.98268931912
 23839.27716457509
 23848.13499658215
 23856.54527361039
 23864.49778537116
 23871.98300262299
 23878.99206554621
 23885.51678141719
 23891.54963185594
 23897.08378966028
 23902.11314498072
 23906.63234033826
 23910.63681374807
 23914.12284898941
 23917.08763186227
 23919.52931109659
 23921.44706243472
 23922.84115429521
 23923.71301334699
 23924.06528828036
 23923.90191005392
 23923.22814692639
 23922.05065264619
 23920.37750626987
 23918.21824220941


# name: QUERY
# type: sq_string
# elements: 1
# length: 2
R5


# name: DATASIZE
# type: sq_string
# elements: 1
# length: 3
500


