# Created by Octave 4.0.0, Wed May 18 23:53:07 2016 CEST <peter@Independence>
# name: x
# type: matrix
# rows: 1
# columns: 100
 60 60.60606060606061 61.21212121212122 61.81818181818181 62.42424242424242 63.03030303030303 63.63636363636364 64.24242424242425 64.84848484848484 65.45454545454545 66.06060606060606 66.66666666666667 67.27272727272728 67.87878787878788 68.48484848484848 69.09090909090909 69.6969696969697 70.30303030303031 70.90909090909091 71.51515151515152 72.12121212121212 72.72727272727273 73.33333333333334 73.93939393939394 74.54545454545455 75.15151515151516 75.75757575757575 76.36363636363636 76.96969696969697 77.57575757575758 78.18181818181819 78.78787878787878 79.39393939393939 80 80.60606060606061 81.21212121212122 81.81818181818181 82.42424242424242 83.03030303030303 83.63636363636364 84.24242424242424 84.84848484848484 85.45454545454545 86.06060606060606 86.66666666666667 87.27272727272728 87.87878787878788 88.48484848484848 89.09090909090909 89.6969696969697 90.30303030303031 90.90909090909091 91.51515151515152 92.12121212121212 92.72727272727273 93.33333333333333 93.93939393939394 94.54545454545455 95.15151515151516 95.75757575757575 96.36363636363636 96.96969696969697 97.57575757575758 98.18181818181819 98.78787878787878 99.39393939393939 100 100.6060606060606 101.2121212121212 101.8181818181818 102.4242424242424 103.030303030303 103.6363636363636 104.2424242424242 104.8484848484848 105.4545454545455 106.0606060606061 106.6666666666667 107.2727272727273 107.8787878787879 108.4848484848485 109.0909090909091 109.6969696969697 110.3030303030303 110.9090909090909 111.5151515151515 112.1212121212121 112.7272727272727 113.3333333333333 113.9393939393939 114.5454545454545 115.1515151515152 115.7575757575758 116.3636363636364 116.969696969697 117.5757575757576 118.1818181818182 118.7878787878788 119.3939393939394 120


# name: y
# type: matrix
# rows: 100
# columns: 1
 23385.04146310307
 23389.26052287268
 23393.47958264228
 23397.69864241186
 23401.91770218145
 23406.13676195104
 23410.35582172063
 23414.57488149022
 23418.79394125981
 23423.0130010294
 23427.232060799
 23431.45112056858
 23435.67018033817
 23439.88924010776
 23444.10829987736
 23448.32735964695
 23452.54641941655
 23456.76547918613
 23460.98453895572
 23465.20359872532
 23469.4226584949
 23473.6417182645
 23477.86077803408
 23482.07983780368
 23486.29889757327
 23490.51795734285
 23494.73701711246
 23498.95607688204
 23503.17513665164
 23507.39419642122
 23511.61325619082
 23515.8323159604
 23520.05137573
 23524.27043549958
 23528.48949526918
 23532.70855503877
 23536.92761480836
 23541.14667457795
 23545.36573434754
 23549.58479411713
 23553.80385388672
 23558.02291365631
 23562.24197342591
 23566.4610331955
 23570.68009296509
 23574.89915273468
 23579.11821250427
 23583.33727227386
 23587.55633204345
 23591.77539181304
 23595.99445158263
 23600.21351135222
 23604.43257112181
 23608.6516308914
 23612.87069066099
 23617.08975043059
 23621.30881020018
 23625.52786996976
 23629.74692973936
 23633.96598950895
 23638.18504927854
 23642.40410904813
 23646.62316881772
 23650.84222858732
 23655.06128835691
 23659.28034812649
 23663.49940789608
 23667.71846766568
 23671.93752743528
 23676.15658720486
 23680.37564697444
 23684.59470674405
 23688.81376651363
 23693.03282628322
 23697.25188605281
 23701.47094582241
 23705.690005592
 23709.90906536159
 23714.12812513117
 23718.34718490077
 23722.56624467035
 23726.78530443995
 23731.00436420954
 23735.22342397913
 23739.44248374872
 23743.6615435183
 23747.8806032879
 23752.09966305749
 23756.31872282709
 23760.53778259668
 23764.75684236627
 23768.97590213587
 23773.19496190546
 23777.41402167504
 23781.63308144464
 23785.85214121422
 23790.07120098382
 23794.29026075341
 23798.50932052299
 23802.7283802926


# name: QUERY
# type: sq_string
# elements: 1
# length: 2
R5


# name: DATASIZE
# type: sq_string
# elements: 1
# length: 3
500


