# Created by Octave 4.0.0, Wed May 18 23:53:07 2016 CEST <peter@Independence>
# name: x
# type: matrix
# rows: 1
# columns: 100
 60 60.60606060606061 61.21212121212122 61.81818181818181 62.42424242424242 63.03030303030303 63.63636363636364 64.24242424242425 64.84848484848484 65.45454545454545 66.06060606060606 66.66666666666667 67.27272727272728 67.87878787878788 68.48484848484848 69.09090909090909 69.6969696969697 70.30303030303031 70.90909090909091 71.51515151515152 72.12121212121212 72.72727272727273 73.33333333333334 73.93939393939394 74.54545454545455 75.15151515151516 75.75757575757575 76.36363636363636 76.96969696969697 77.57575757575758 78.18181818181819 78.78787878787878 79.39393939393939 80 80.60606060606061 81.21212121212122 81.81818181818181 82.42424242424242 83.03030303030303 83.63636363636364 84.24242424242424 84.84848484848484 85.45454545454545 86.06060606060606 86.66666666666667 87.27272727272728 87.87878787878788 88.48484848484848 89.09090909090909 89.6969696969697 90.30303030303031 90.90909090909091 91.51515151515152 92.12121212121212 92.72727272727273 93.33333333333333 93.93939393939394 94.54545454545455 95.15151515151516 95.75757575757575 96.36363636363636 96.96969696969697 97.57575757575758 98.18181818181819 98.78787878787878 99.39393939393939 100 100.6060606060606 101.2121212121212 101.8181818181818 102.4242424242424 103.030303030303 103.6363636363636 104.2424242424242 104.8484848484848 105.4545454545455 106.0606060606061 106.6666666666667 107.2727272727273 107.8787878787879 108.4848484848485 109.0909090909091 109.6969696969697 110.3030303030303 110.9090909090909 111.5151515151515 112.1212121212121 112.7272727272727 113.3333333333333 113.9393939393939 114.5454545454545 115.1515151515152 115.7575757575758 116.3636363636364 116.969696969697 117.5757575757576 118.1818181818182 118.7878787878788 119.3939393939394 120


# name: y
# type: matrix
# rows: 1
# columns: 100
 23192.43227746057 23202.22886794262 23212.02545842466 23221.82204890671 23231.61863938876 23241.41522987081 23251.21182035286 23261.0084108349 23270.80500131695 23280.60159179899 23290.39818228104 23300.19477276309 23309.99136324514 23319.78795372718 23329.58454420923 23339.38113469128 23349.17772517333 23358.97431565537 23368.77090613742 23378.56749661946 23388.36408710151 23398.16067758356 23407.95726806561 23417.75385854765 23427.5504490297 23437.34703951175 23447.1436299938 23456.94022047584 23466.73681095789 23476.53340143994 23486.32999192198 23496.12658240403 23505.92317288608 23515.71976336812 23525.51635385017 23535.31294433222 23545.10953481427 23554.90612529631 23564.70271577836 23574.49930626041 23584.29589674245 23594.0924872245 23603.88907770655 23613.68566818859 23623.48225867064 23633.27884915269 23643.07543963474 23652.87203011679 23662.66862059883 23672.46521108088 23682.26180156292 23692.05839204497 23701.85498252702 23711.65157300907 23721.44816349111 23731.24475397316 23741.04134445521 23750.83793493726 23760.6345254193 23770.43111590135 23780.2277063834 23790.02429686544 23799.82088734749 23809.61747782954 23819.41406831158 23829.21065879363 23839.00724927568 23848.80383975773 23858.60043023977 23868.39702072182 23878.19361120387 23887.99020168591 23897.78679216796 23907.58338265001 23917.37997313205 23927.1765636141 23936.97315409615 23946.7697445782 23956.56633506024 23966.36292554229 23976.15951602434 23985.95610650638 23995.75269698843 24005.54928747048 24015.34587795252 24025.14246843457 24034.93905891662 24044.73564939867 24054.53223988071 24064.32883036276 24074.12542084481 24083.92201132686 24093.7186018089 24103.51519229095 24113.31178277299 24123.10837325504 24132.90496373709 24142.70155421914 24152.49814470119 24162.29473518323


# name: QUERY
# type: sq_string
# elements: 1
# length: 2
R5


# name: DATASIZE
# type: sq_string
# elements: 1
# length: 3
500


