# Created by Octave 4.0.0, Mon May 23 13:49:33 2016 CEST <peter@Independence>
# name: x
# type: matrix
# rows: 1
# columns: 100
 60 60.60606060606061 61.21212121212122 61.81818181818181 62.42424242424242 63.03030303030303 63.63636363636364 64.24242424242425 64.84848484848484 65.45454545454545 66.06060606060606 66.66666666666667 67.27272727272728 67.87878787878788 68.48484848484848 69.09090909090909 69.6969696969697 70.30303030303031 70.90909090909091 71.51515151515152 72.12121212121212 72.72727272727273 73.33333333333334 73.93939393939394 74.54545454545455 75.15151515151516 75.75757575757575 76.36363636363636 76.96969696969697 77.57575757575758 78.18181818181819 78.78787878787878 79.39393939393939 80 80.60606060606061 81.21212121212122 81.81818181818181 82.42424242424242 83.03030303030303 83.63636363636364 84.24242424242424 84.84848484848484 85.45454545454545 86.06060606060606 86.66666666666667 87.27272727272728 87.87878787878788 88.48484848484848 89.09090909090909 89.6969696969697 90.30303030303031 90.90909090909091 91.51515151515152 92.12121212121212 92.72727272727273 93.33333333333333 93.93939393939394 94.54545454545455 95.15151515151516 95.75757575757575 96.36363636363636 96.96969696969697 97.57575757575758 98.18181818181819 98.78787878787878 99.39393939393939 100 100.6060606060606 101.2121212121212 101.8181818181818 102.4242424242424 103.030303030303 103.6363636363636 104.2424242424242 104.8484848484848 105.4545454545455 106.0606060606061 106.6666666666667 107.2727272727273 107.8787878787879 108.4848484848485 109.0909090909091 109.6969696969697 110.3030303030303 110.9090909090909 111.5151515151515 112.1212121212121 112.7272727272727 113.3333333333333 113.9393939393939 114.5454545454545 115.1515151515152 115.7575757575758 116.3636363636364 116.969696969697 117.5757575757576 118.1818181818182 118.7878787878788 119.3939393939394 120


# name: y
# type: matrix
# rows: 100
# columns: 1
 23535.76509841943
 23539.65903774691
 23543.55297707439
 23547.44691640187
 23551.34085572934
 23555.23479505682
 23559.1287343843
 23563.02267371178
 23566.91661303926
 23570.81055236673
 23574.70449169421
 23578.59843102169
 23582.49237034917
 23586.38630967664
 23590.28024900412
 23594.1741883316
 23598.06812765908
 23601.96206698655
 23605.85600631403
 23609.74994564151
 23613.64388496899
 23617.53782429647
 23621.43176362395
 23625.32570295142
 23629.2196422789
 23633.11358160638
 23637.00752093386
 23640.90146026134
 23644.79539958881
 23648.68933891629
 23652.58327824377
 23656.47721757125
 23660.37115689872
 23664.2650962262
 23668.15903555368
 23672.05297488116
 23675.94691420863
 23679.84085353611
 23683.73479286359
 23687.62873219107
 23691.52267151855
 23695.41661084602
 23699.3105501735
 23703.20448950098
 23707.09842882846
 23710.99236815593
 23714.88630748341
 23718.78024681089
 23722.67418613837
 23726.56812546584
 23730.46206479332
 23734.3560041208
 23738.24994344828
 23742.14388277576
 23746.03782210323
 23749.93176143071
 23753.82570075819
 23757.71964008567
 23761.61357941314
 23765.50751874062
 23769.4014580681
 23773.29539739558
 23777.18933672306
 23781.08327605053
 23784.97721537801
 23788.87115470549
 23792.76509403297
 23796.65903336044
 23800.55297268792
 23804.4469120154
 23808.34085134288
 23812.23479067036
 23816.12872999784
 23820.02266932531
 23823.91660865279
 23827.81054798027
 23831.70448730775
 23835.59842663522
 23839.4923659627
 23843.38630529018
 23847.28024461766
 23851.17418394514
 23855.06812327261
 23858.96206260009
 23862.85600192757
 23866.74994125505
 23870.64388058252
 23874.53781991
 23878.43175923748
 23882.32569856496
 23886.21963789243
 23890.11357721991
 23894.00751654739
 23897.90145587487
 23901.79539520235
 23905.68933452982
 23909.5832738573
 23913.47721318478
 23917.37115251226
 23921.26509183973


# name: QUERY
# type: sq_string
# elements: 1
# length: 2
R5


# name: DATASIZE
# type: sq_string
# elements: 1
# length: 3
500


