# Created by Octave 4.0.0, Mon May 23 13:49:33 2016 CEST <peter@Independence>
# name: x
# type: matrix
# rows: 1
# columns: 100
 60 60.60606060606061 61.21212121212122 61.81818181818181 62.42424242424242 63.03030303030303 63.63636363636364 64.24242424242425 64.84848484848484 65.45454545454545 66.06060606060606 66.66666666666667 67.27272727272728 67.87878787878788 68.48484848484848 69.09090909090909 69.6969696969697 70.30303030303031 70.90909090909091 71.51515151515152 72.12121212121212 72.72727272727273 73.33333333333334 73.93939393939394 74.54545454545455 75.15151515151516 75.75757575757575 76.36363636363636 76.96969696969697 77.57575757575758 78.18181818181819 78.78787878787878 79.39393939393939 80 80.60606060606061 81.21212121212122 81.81818181818181 82.42424242424242 83.03030303030303 83.63636363636364 84.24242424242424 84.84848484848484 85.45454545454545 86.06060606060606 86.66666666666667 87.27272727272728 87.87878787878788 88.48484848484848 89.09090909090909 89.6969696969697 90.30303030303031 90.90909090909091 91.51515151515152 92.12121212121212 92.72727272727273 93.33333333333333 93.93939393939394 94.54545454545455 95.15151515151516 95.75757575757575 96.36363636363636 96.96969696969697 97.57575757575758 98.18181818181819 98.78787878787878 99.39393939393939 100 100.6060606060606 101.2121212121212 101.8181818181818 102.4242424242424 103.030303030303 103.6363636363636 104.2424242424242 104.8484848484848 105.4545454545455 106.0606060606061 106.6666666666667 107.2727272727273 107.8787878787879 108.4848484848485 109.0909090909091 109.6969696969697 110.3030303030303 110.9090909090909 111.5151515151515 112.1212121212121 112.7272727272727 113.3333333333333 113.9393939393939 114.5454545454545 115.1515151515152 115.7575757575758 116.3636363636364 116.969696969697 117.5757575757576 118.1818181818182 118.7878787878788 119.3939393939394 120


# name: y
# type: matrix
# rows: 1
# columns: 100
 23318.31169602216 23325.33679362395 23332.36189122573 23339.38698882752 23346.4120864293 23353.43718403109 23360.46228163287 23367.48737923466 23374.51247683644 23381.53757443823 23388.56267204001 23395.5877696418 23402.61286724358 23409.63796484537 23416.66306244715 23423.68816004894 23430.71325765072 23437.73835525251 23444.76345285429 23451.78855045607 23458.81364805786 23465.83874565964 23472.86384326143 23479.88894086321 23486.914038465 23493.93913606678 23500.96423366857 23507.98933127035 23515.01442887214 23522.03952647392 23529.06462407571 23536.08972167749 23543.11481927928 23550.13991688106 23557.16501448285 23564.19011208463 23571.21520968642 23578.2403072882 23585.26540488998 23592.29050249177 23599.31560009355 23606.34069769534 23613.36579529712 23620.39089289891 23627.41599050069 23634.44108810248 23641.46618570426 23648.49128330605 23655.51638090783 23662.54147850961 23669.5665761114 23676.59167371318 23683.61677131497 23690.64186891675 23697.66696651854 23704.69206412033 23711.71716172211 23718.7422593239 23725.76735692568 23732.79245452746 23739.81755212925 23746.84264973103 23753.86774733282 23760.8928449346 23767.91794253639 23774.94304013817 23781.96813773996 23788.99323534174 23796.01833294352 23803.04343054531 23810.06852814709 23817.09362574888 23824.11872335066 23831.14382095245 23838.16891855423 23845.19401615602 23852.2191137578 23859.24421135959 23866.26930896137 23873.29440656316 23880.31950416494 23887.34460176673 23894.36969936851 23901.3947969703 23908.41989457208 23915.44499217387 23922.47008977565 23929.49518737743 23936.52028497922 23943.545382581 23950.57048018279 23957.59557778457 23964.62067538636 23971.64577298814 23978.67087058993 23985.69596819171 23992.7210657935 23999.74616339528 24006.77126099707 24013.79635859885


# name: QUERY
# type: sq_string
# elements: 1
# length: 2
R5


# name: DATASIZE
# type: sq_string
# elements: 1
# length: 3
500


