# Created by Octave 4.0.0, Wed May 18 23:52:56 2016 CEST <peter@Independence>
# name: SVs
# type: cell
# rows: 1
# columns: 7
# name: <cell-element>
# type: sparse matrix
# nnz: 24
# rows: 24
# columns: 1
1 1 -1.348574117196531
2 1 -0.3687507351709266
3 1 -0.3687507351709266
4 1 -0.3687507351709266
5 1 -0.3687507351709266
6 1 -1.348574117196531
7 1 1.590896028880282
8 1 0.6110726468546778
9 1 -0.3687507351709266
10 1 -0.3687507351709266
11 1 -0.3687507351709266
12 1 1.590896028880282
13 1 -0.3687507351709266
14 1 1.590896028880282
15 1 -0.3687507351709266
16 1 -0.3687507351709266
17 1 1.590896028880282
18 1 -0.3687507351709266
19 1 1.590896028880282
20 1 -1.348574117196531
21 1 1.590896028880282
22 1 1.590896028880282
23 1 0.6110726468546778
24 1 1.590896028880282



# name: <cell-element>
# type: sparse matrix
# nnz: 47
# rows: 47
# columns: 1
1 1 1.590896028880282
2 1 1.590896028880282
3 1 -0.3687507351709266
4 1 -1.348574117196531
5 1 -1.348574117196531
6 1 -0.3687507351709266
7 1 -0.3687507351709266
8 1 -1.348574117196531
9 1 -0.3687507351709266
10 1 -0.3687507351709266
11 1 -0.3687507351709266
12 1 -1.348574117196531
13 1 1.590896028880282
14 1 0.6110726468546778
15 1 -0.3687507351709266
16 1 -0.3687507351709266
17 1 -0.3687507351709266
18 1 0.6110726468546778
19 1 -1.348574117196531
20 1 1.590896028880282
21 1 -0.3687507351709266
22 1 -0.3687507351709266
23 1 -0.3687507351709266
24 1 1.590896028880282
25 1 0.6110726468546778
26 1 1.590896028880282
27 1 -0.3687507351709266
28 1 -0.3687507351709266
29 1 -0.3687507351709266
30 1 -1.348574117196531
31 1 0.6110726468546778
32 1 -0.3687507351709266
33 1 0.6110726468546778
34 1 1.590896028880282
35 1 -0.3687507351709266
36 1 -0.3687507351709266
37 1 1.590896028880282
38 1 -1.348574117196531
39 1 1.590896028880282
40 1 -1.348574117196531
41 1 1.590896028880282
42 1 1.590896028880282
43 1 -1.348574117196531
44 1 0.6110726468546778
45 1 1.590896028880282
46 1 -0.3687507351709266
47 1 -0.3687507351709266



# name: <cell-element>
# type: sparse matrix
# nnz: 23
# rows: 23
# columns: 1
1 1 -1.348574117196531
2 1 -0.3687507351709266
3 1 -0.3687507351709266
4 1 -0.3687507351709266
5 1 -0.3687507351709266
6 1 -1.348574117196531
7 1 1.590896028880282
8 1 0.6110726468546778
9 1 -0.3687507351709266
10 1 -0.3687507351709266
11 1 -0.3687507351709266
12 1 1.590896028880282
13 1 -0.3687507351709266
14 1 1.590896028880282
15 1 0.6110726468546778
16 1 -0.3687507351709266
17 1 1.590896028880282
18 1 -0.3687507351709266
19 1 1.590896028880282
20 1 -1.348574117196531
21 1 1.590896028880282
22 1 1.590896028880282
23 1 1.590896028880282



# name: <cell-element>
# type: sparse matrix
# nnz: 46
# rows: 46
# columns: 1
1 1 1.590896028880282
2 1 1.590896028880282
3 1 -0.3687507351709266
4 1 -1.348574117196531
5 1 -1.348574117196531
6 1 -0.3687507351709266
7 1 -0.3687507351709266
8 1 -1.348574117196531
9 1 -0.3687507351709266
10 1 -0.3687507351709266
11 1 -0.3687507351709266
12 1 -1.348574117196531
13 1 1.590896028880282
14 1 0.6110726468546778
15 1 -0.3687507351709266
16 1 -0.3687507351709266
17 1 -0.3687507351709266
18 1 0.6110726468546778
19 1 -1.348574117196531
20 1 1.590896028880282
21 1 -0.3687507351709266
22 1 -0.3687507351709266
23 1 -0.3687507351709266
24 1 1.590896028880282
25 1 0.6110726468546778
26 1 -0.3687507351709266
27 1 -0.3687507351709266
28 1 -0.3687507351709266
29 1 -1.348574117196531
30 1 0.6110726468546778
31 1 -0.3687507351709266
32 1 0.6110726468546778
33 1 1.590896028880282
34 1 -0.3687507351709266
35 1 -0.3687507351709266
36 1 1.590896028880282
37 1 -1.348574117196531
38 1 1.590896028880282
39 1 -1.348574117196531
40 1 1.590896028880282
41 1 1.590896028880282
42 1 -1.348574117196531
43 1 0.6110726468546778
44 1 1.590896028880282
45 1 -0.3687507351709266
46 1 -0.3687507351709266



# name: <cell-element>
# type: sparse matrix
# nnz: 38
# rows: 38
# columns: 1
1 1 1.590896028880282
2 1 1.590896028880282
3 1 -0.3687507351709266
4 1 -1.348574117196531
5 1 -0.3687507351709266
6 1 -0.3687507351709266
7 1 -0.3687507351709266
8 1 -0.3687507351709266
9 1 -0.3687507351709266
10 1 -1.348574117196531
11 1 1.590896028880282
12 1 0.6110726468546778
13 1 -0.3687507351709266
14 1 -0.3687507351709266
15 1 -0.3687507351709266
16 1 0.6110726468546778
17 1 1.590896028880282
18 1 -0.3687507351709266
19 1 -0.3687507351709266
20 1 1.590896028880282
21 1 0.6110726468546778
22 1 -0.3687507351709266
23 1 -0.3687507351709266
24 1 -0.3687507351709266
25 1 -1.348574117196531
26 1 0.6110726468546778
27 1 1.590896028880282
28 1 -0.3687507351709266
29 1 -0.3687507351709266
30 1 -1.348574117196531
31 1 1.590896028880282
32 1 -1.348574117196531
33 1 1.590896028880282
34 1 1.590896028880282
35 1 -1.348574117196531
36 1 0.6110726468546778
37 1 1.590896028880282
38 1 -0.3687507351709266



# name: <cell-element>
# type: sparse matrix
# nnz: 38
# rows: 38
# columns: 1
1 1 1.590896028880282
2 1 1.590896028880282
3 1 -0.3687507351709266
4 1 -1.348574117196531
5 1 -0.3687507351709266
6 1 -0.3687507351709266
7 1 -1.348574117196531
8 1 -0.3687507351709266
9 1 -0.3687507351709266
10 1 -0.3687507351709266
11 1 -1.348574117196531
12 1 1.590896028880282
13 1 0.6110726468546778
14 1 -0.3687507351709266
15 1 0.6110726468546778
16 1 -0.3687507351709266
17 1 -0.3687507351709266
18 1 0.6110726468546778
19 1 1.590896028880282
20 1 -0.3687507351709266
21 1 -0.3687507351709266
22 1 1.590896028880282
23 1 0.6110726468546778
24 1 -0.3687507351709266
25 1 -0.3687507351709266
26 1 -0.3687507351709266
27 1 1.590896028880282
28 1 -0.3687507351709266
29 1 -0.3687507351709266
30 1 -1.348574117196531
31 1 1.590896028880282
32 1 -1.348574117196531
33 1 1.590896028880282
34 1 1.590896028880282
35 1 0.6110726468546778
36 1 1.590896028880282
37 1 -0.3687507351709266
38 1 -0.3687507351709266



# name: <cell-element>
# type: scalar
0





# name: coefficients
# type: cell
# rows: 1
# columns: 7
# name: <cell-element>
# type: matrix
# rows: 24
# columns: 1
 -5
 -5
 5
 5
 -5
 -5
 2.552129492971427
 5
 -5
 -5
 -2.552129492971425
 5
 5
 -5
 5
 5
 5
 5
 -5
 5
 5
 -5
 -5
 -5



# name: <cell-element>
# type: matrix
# rows: 47
# columns: 1
 0.35789
 0.35789
 -0.35789
 -0.35789
 -0.35789
 -0.35789
 0.35789
 0.09034377661951368
 0.35789
 -0.35789
 -0.35789
 -0.35789
 0.35789
 0.35789
 -0.35789
 -0.35789
 -0.35789
 0.35789
 -0.35789
 0.35789
 -0.35789
 0.2675462233804863
 0.35789
 -0.35789
 0.35789
 0.35789
 0.35789
 0.35789
 -0.35789
 -0.35789
 0.35789
 -0.35789
 0.35789
 0.35789
 0.35789
 0.35789
 0.35789
 -0.35789
 -0.35789
 0.35789
 0.35789
 -0.35789
 -0.35789
 -0.35789
 -0.35789
 0.35789
 -0.35789



# name: <cell-element>
# type: matrix
# rows: 23
# columns: 1
 -0.1
 -0.1
 0.1
 0.1
 -0.1
 -0.1
 0.0413813611709259
 0.1
 -0.1
 -0.1
 -0.1
 0.1
 0.1
 -0.1
 0.0586186388290741
 0.1
 0.1
 0.1
 -0.1
 0.1
 0.1
 -0.1
 -0.1



# name: <cell-element>
# type: matrix
# rows: 46
# columns: 1
 5
 5
 -5
 -5
 -5
 -5
 5
 5
 5
 -5
 -5
 -5
 5
 5
 -5
 -5
 -5
 5
 -5
 5
 -5
 5
 5
 -5
 5
 5
 5
 -5
 -5
 5
 -5
 5
 5
 5
 5
 2.516236227080028
 -5
 -5
 5
 5
 -5
 -5
 -5
 -5
 5
 -2.516236227080026



# name: <cell-element>
# type: matrix
# rows: 38
# columns: 1
 0.04914064421517715
 0.1
 -0.1
 -0.1
 -0.1
 0.1
 0.1
 -0.1
 -0.1
 -0.1
 0.1
 0.1
 -0.1
 -0.1
 -0.1
 0.1
 0.1
 -0.1
 0.1
 -0.1
 0.1
 0.1
 0.1
 -0.1
 -0.1
 0.1
 0.1
 0.1
 0.1
 -0.1
 -0.1
 0.1
 0.1
 -0.1
 -0.1
 -0.04914064421517715
 -0.1
 0.1



# name: <cell-element>
# type: matrix
# rows: 38
# columns: 1
 0.1
 0.1
 -0.1
 -0.1
 -0.1
 0.1
 0.1
 0.1
 -0.1
 -0.1
 -0.1
 0.1
 0.1
 -0.1
 -0.1
 -0.1
 -0.1
 0.1
 0.1
 -0.1
 0.1
 -0.1
 0.1
 0.1
 0.1
 -0.1
 0.1
 0.1
 0.1
 -0.1
 -0.1
 0.1
 0.1
 -0.1
 -0.1
 -0.1
 0.1
 -0.1



# name: <cell-element>
# type: scalar
0





# name: b
# type: cell
# rows: 1
# columns: 7
# name: <cell-element>
# type: scalar
-0.04365175026294649



# name: <cell-element>
# type: scalar
-0.4603283215899597



# name: <cell-element>
# type: scalar
-0.06403788812012773



# name: <cell-element>
# type: scalar
-0.4882253265004402



