# Created by Octave 4.0.0, Mon May 23 13:49:33 2016 CEST <peter@Independence>
# name: SVs
# type: cell
# rows: 1
# columns: 7
# name: <cell-element>
# type: sparse matrix
# nnz: 5
# rows: 5
# columns: 1
1 1 -0.3687507351709266
2 1 -1.348574117196531
3 1 -1.348574117196531
4 1 0.6110726468546778
5 1 -1.348574117196531



# name: <cell-element>
# type: sparse matrix
# nnz: 23
# rows: 23
# columns: 1
1 1 1.590896028880282
2 1 -0.3687507351709266
3 1 -0.3687507351709266
4 1 -1.348574117196531
5 1 -0.3687507351709266
6 1 1.590896028880282
7 1 -1.348574117196531
8 1 -1.348574117196531
9 1 1.590896028880282
10 1 1.590896028880282
11 1 -0.3687507351709266
12 1 -0.3687507351709266
13 1 1.590896028880282
14 1 -0.3687507351709266
15 1 0.6110726468546778
16 1 -0.3687507351709266
17 1 1.590896028880282
18 1 1.590896028880282
19 1 -0.3687507351709266
20 1 -0.3687507351709266
21 1 -1.348574117196531
22 1 0.6110726468546778
23 1 0.6110726468546778



# name: <cell-element>
# type: sparse matrix
# nnz: 5
# rows: 5
# columns: 1
1 1 -0.3687507351709266
2 1 -1.348574117196531
3 1 1.590896028880282
4 1 -1.348574117196531
5 1 -1.348574117196531



# name: <cell-element>
# type: sparse matrix
# nnz: 23
# rows: 23
# columns: 1
1 1 1.590896028880282
2 1 -0.3687507351709266
3 1 -0.3687507351709266
4 1 -1.348574117196531
5 1 -0.3687507351709266
6 1 1.590896028880282
7 1 -1.348574117196531
8 1 -1.348574117196531
9 1 1.590896028880282
10 1 1.590896028880282
11 1 -0.3687507351709266
12 1 -0.3687507351709266
13 1 1.590896028880282
14 1 -0.3687507351709266
15 1 0.6110726468546778
16 1 -0.3687507351709266
17 1 1.590896028880282
18 1 1.590896028880282
19 1 -0.3687507351709266
20 1 -0.3687507351709266
21 1 -1.348574117196531
22 1 0.6110726468546778
23 1 0.6110726468546778



# name: <cell-element>
# type: sparse matrix
# nnz: 23
# rows: 23
# columns: 1
1 1 1.590896028880282
2 1 -0.3687507351709266
3 1 -0.3687507351709266
4 1 -0.3687507351709266
5 1 -1.348574117196531
6 1 -0.3687507351709266
7 1 1.590896028880282
8 1 -1.348574117196531
9 1 -1.348574117196531
10 1 1.590896028880282
11 1 1.590896028880282
12 1 -0.3687507351709266
13 1 -0.3687507351709266
14 1 1.590896028880282
15 1 -0.3687507351709266
16 1 0.6110726468546778
17 1 -0.3687507351709266
18 1 1.590896028880282
19 1 1.590896028880282
20 1 -0.3687507351709266
21 1 -1.348574117196531
22 1 0.6110726468546778
23 1 0.6110726468546778



# name: <cell-element>
# type: sparse matrix
# nnz: 4
# rows: 4
# columns: 1
1 1 -0.3687507351709266
2 1 -1.348574117196531
3 1 -1.348574117196531
4 1 -1.348574117196531



# name: <cell-element>
# type: scalar
0





# name: coefficients
# type: cell
# rows: 1
# columns: 7
# name: <cell-element>
# type: matrix
# rows: 5
# columns: 1
 0.1
 -0.1
 -0.09811239799586809
 -0.00188760200413192
 0.1



# name: <cell-element>
# type: matrix
# rows: 23
# columns: 1
 -5
 5
 -5
 -5
 5
 -5
 -5
 -5
 5
 5
 -5
 -5
 5
 5
 -5
 -5
 5
 -3.470789660897486
 -1.529210339102512
 5
 5
 5
 5



# name: <cell-element>
# type: matrix
# rows: 5
# columns: 1
 5
 -5
 -1.844158696381916
 -3.155841303618086
 5



# name: <cell-element>
# type: matrix
# rows: 23
# columns: 1
 -4.4842
 4.4842
 -4.4842
 -4.4842
 4.4842
 -4.4842
 -4.4842
 -4.4842
 4.4842
 4.4842
 -4.4842
 -4.4842
 4.4842
 4.4842
 -4.4842
 -4.4842
 4.4842
 -4.435301009413203
 -0.04889899058680225
 4.4842
 4.4842
 4.4842
 4.4842



# name: <cell-element>
# type: matrix
# rows: 23
# columns: 1
 -3.4526
 3.4526
 -3.4526
 0.9016994001839644
 -3.4526
 3.4526
 -3.4526
 -3.4526
 -3.4526
 3.4526
 3.4526
 -3.4526
 -3.4526
 2.550900599816043
 3.4526
 -3.4526
 -3.4526
 3.4526
 -3.4526
 3.4526
 3.4526
 3.4526
 3.4526



# name: <cell-element>
# type: matrix
# rows: 4
# columns: 1
 0.1
 -0.1
 -0.1
 0.1



# name: <cell-element>
# type: scalar
0





# name: b
# type: cell
# rows: 1
# columns: 7
# name: <cell-element>
# type: scalar
0.05409012097047738



# name: <cell-element>
# type: scalar
-0.05847806637581072



# name: <cell-element>
# type: scalar
0.08342225985857535



# name: <cell-element>
# type: scalar
-0.05871732907627629



# name: <cell-element>
# type: scalar
-0.06885079624569654



# name: <cell-element>
# type: scalar
0.03211030677380357



# name: <cell-element>
# type: scalar
0





# name: models
# type: cell
# rows: 1
# columns: 7
# name: <cell-element>
# type: scalar struct
# ndims: 2
 1 1
# length: 11
# name: Parameters
# type: matrix
# rows: 5
# columns: 1
 3
 0
 3
 1
 0


# name: nr_class
# type: scalar
2


# name: totalSV
# type: scalar
5


# name: rho
# type: scalar
-0.05409012097047738


# name: Label
# type: matrix
# rows: 0
# columns: 0


# name: sv_indices
# type: matrix
# rows: 5
# columns: 1
 3
 9
 20
 33
 51


# name: ProbA
# type: matrix
# rows: 0
# columns: 0


# name: ProbB
# type: matrix
# rows: 0
# columns: 0


# name: nSV
# type: matrix
# rows: 0
# columns: 0


# name: sv_coef
# type: matrix
# rows: 5
# columns: 1
 0.1
 -0.1
 -0.09811239799586809
 -0.00188760200413192
 0.1


# name: SVs
# type: sparse matrix
# nnz: 5
# rows: 5
# columns: 1
1 1 -0.3687507351709266
2 1 -1.348574117196531
3 1 -1.348574117196531
4 1 0.6110726468546778
5 1 -1.348574117196531





# name: <cell-element>
# type: scalar struct
# ndims: 2
 1 1
# length: 11
# name: Parameters
# type: matrix
# rows: 5
# columns: 1
 3
 1
 2
 1
 0


# name: nr_class
# type: scalar
2


# name: totalSV
# type: scalar
23


# name: rho
# type: scalar
0.05847806637581072


# name: Label
# type: matrix
# rows: 0
# columns: 0


# name: sv_indices
# type: matrix
# rows: 23
# columns: 1
 2
 3
 5
 9
 11
 13
 17
 20
 22
 26
 28
 29
 31
 32
 33
 35
 40
 42
 47
 48
 51
 54
 55


# name: ProbA
# type: matrix
# rows: 0
# columns: 0


# name: ProbB
# type: matrix
# rows: 0
# columns: 0


# name: nSV
# type: matrix
# rows: 0
# columns: 0


# name: sv_coef
# type: matrix
# rows: 23
# columns: 1
 -5
 5
 -5
 -5
 5
 -5
 -5
 -5
 5
 5
 -5
 -5
 5
 5
 -5
 -5
 5
 -3.470789660897486
 -1.529210339102512
 5
 5
 5
 5


# name: SVs
# type: sparse matrix
# nnz: 23
# rows: 23
# columns: 1
1 1 1.590896028880282
2 1 -0.3687507351709266
3 1 -0.3687507351709266
4 1 -1.348574117196531
5 1 -0.3687507351709266
6 1 1.590896028880282
7 1 -1.348574117196531
8 1 -1.348574117196531
9 1 1.590896028880282
10 1 1.590896028880282
11 1 -0.3687507351709266
12 1 -0.3687507351709266
13 1 1.590896028880282
14 1 -0.3687507351709266
15 1 0.6110726468546778
16 1 -0.3687507351709266
17 1 1.590896028880282
18 1 1.590896028880282
19 1 -0.3687507351709266
20 1 -0.3687507351709266
21 1 -1.348574117196531
22 1 0.6110726468546778
23 1 0.6110726468546778





# name: <cell-element>
# type: scalar struct
# ndims: 2
 1 1
# length: 11
# name: Parameters
# type: matrix
# rows: 5
# columns: 1
 3
 1
 3
 1
 0


# name: nr_class
# type: scalar
2


# name: totalSV
# type: scalar
5


# name: rho
# type: scalar
-0.08342225985857535


# name: Label
# type: matrix
# rows: 0
# columns: 0


# name: sv_indices
# type: matrix
# rows: 5
# columns: 1
 3
 9
 13
 20
 51


# name: ProbA
# type: matrix
# rows: 0
# columns: 0


# name: ProbB
# type: matrix
# rows: 0
# columns: 0


# name: nSV
# type: matrix
# rows: 0
# columns: 0


# name: sv_coef
# type: matrix
# rows: 5
# columns: 1
 5
 -5
 -1.844158696381916
 -3.155841303618086
 5


# name: SVs
# type: sparse matrix
# nnz: 5
# rows: 5
# columns: 1
1 1 -0.3687507351709266
2 1 -1.348574117196531
3 1 1.590896028880282
4 1 -1.348574117196531
5 1 -1.348574117196531





# name: <cell-element>
# type: scalar struct
# ndims: 2
 1 1
# length: 11
# name: Parameters
# type: matrix
# rows: 5
# columns: 1
 3
 1
 4
 1
 0


# name: nr_class
# type: scalar
2


# name: totalSV
# type: scalar
23


# name: rho
# type: scalar
0.05871732907627629


# name: Label
# type: matrix
# rows: 0
# columns: 0


# name: sv_indices
# type: matrix
# rows: 23
# columns: 1
 2
 3
 5
 9
 11
 13
 17
 20
 22
 26
 28
 29
 31
 32
 33
 35
 40
 42
 47
 48
 51
 54
 55


# name: ProbA
# type: matrix
# rows: 0
# columns: 0


