# Created by Octave 4.0.0, Mon May 23 13:49:26 2016 CEST <peter@Independence>
# name: mu
# type: matrix
# rows: 1
# columns: 2
 23637.38709677419 87.52688172043011


# name: sigma
# type: matrix
# rows: 1
# columns: 2
 1390.978839212173 20.41184193691488


