# Created by Octave 4.0.0, Wed May 18 23:53:07 2016 CEST <peter@Independence>
# name: x
# type: matrix
# rows: 1
# columns: 100
 60 60.60606060606061 61.21212121212122 61.81818181818181 62.42424242424242 63.03030303030303 63.63636363636364 64.24242424242425 64.84848484848484 65.45454545454545 66.06060606060606 66.66666666666667 67.27272727272728 67.87878787878788 68.48484848484848 69.09090909090909 69.6969696969697 70.30303030303031 70.90909090909091 71.51515151515152 72.12121212121212 72.72727272727273 73.33333333333334 73.93939393939394 74.54545454545455 75.15151515151516 75.75757575757575 76.36363636363636 76.96969696969697 77.57575757575758 78.18181818181819 78.78787878787878 79.39393939393939 80 80.60606060606061 81.21212121212122 81.81818181818181 82.42424242424242 83.03030303030303 83.63636363636364 84.24242424242424 84.84848484848484 85.45454545454545 86.06060606060606 86.66666666666667 87.27272727272728 87.87878787878788 88.48484848484848 89.09090909090909 89.6969696969697 90.30303030303031 90.90909090909091 91.51515151515152 92.12121212121212 92.72727272727273 93.33333333333333 93.93939393939394 94.54545454545455 95.15151515151516 95.75757575757575 96.36363636363636 96.96969696969697 97.57575757575758 98.18181818181819 98.78787878787878 99.39393939393939 100 100.6060606060606 101.2121212121212 101.8181818181818 102.4242424242424 103.030303030303 103.6363636363636 104.2424242424242 104.8484848484848 105.4545454545455 106.0606060606061 106.6666666666667 107.2727272727273 107.8787878787879 108.4848484848485 109.0909090909091 109.6969696969697 110.3030303030303 110.9090909090909 111.5151515151515 112.1212121212121 112.7272727272727 113.3333333333333 113.9393939393939 114.5454545454545 115.1515151515152 115.7575757575758 116.3636363636364 116.969696969697 117.5757575757576 118.1818181818182 118.7878787878788 119.3939393939394 120


# name: y
# type: matrix
# rows: 100
# columns: 1
 23533.47604815708
 23502.20456027922
 23474.26181882548
 23449.3581105564
 23427.22305955884
 23407.60474693504
 23390.26885100244
 23374.99780800448
 23361.58999333205
 23349.85892325585
 23339.63247716954
 23330.75214034368
 23323.07226719052
 23316.4593650396
 23310.79139842411
 23305.95711387817
 23301.85538524482
 23298.39457949488
 23295.49194305664
 23293.07300865627
 23291.07102266917
 23289.42639298207
 23288.08615736592
 23287.00347235967
 23286.13712266475
 23285.45105105052
 23284.9139087704
 23284.49862648883
 23284.18200571917
 23283.94433077223
 23283.76900121577
 23283.64218484471
 23283.55249116221
 23283.49066537158
 23283.44930287891
 23283.42258430666
 23283.40603101788
 23283.39628115147
 23283.39088616803
 23283.38812790669
 23283.38685615267
 23283.38634671565
 23283.38618001904
 23283.38614019996
 23283.38613472009
 23283.38613448733
 23283.38613448827
 23283.38613493145
 23283.38614290152
 23283.38619452406
 23283.38639764138
 23283.38699499905
 23283.38844794322
 23283.39154062883
 23283.39750473859
 23283.40816471273
 23283.4261034897
 23283.45484875753
 23283.49907971609
 23283.56485435016
 23283.65985721329
 23283.79366772252
 23283.9780489638
 23284.22725700841
 23284.55837074
 23284.9916421926
 23285.55086739935
 23286.26377775205
 23287.16245187162
 23288.28374798921
 23289.6697568383
 23291.36827505747
 23293.4332991041
 23295.92553967879
 23298.91295666065
 23302.47131455338
 23306.68475844221
 23311.64641046156
 23317.45898677364
 23324.23543505773
 23332.0995925104
 23341.18686435645
 23351.64492287074
 23363.63442691073
 23377.32976195997
 23392.91980068232
 23410.60868398694
 23430.61662260424
 23453.18071917252
 23478.55581083542
 23507.01533235034
 23538.8521997074
 23574.37971425959
 23613.93248736325
 23657.86738552992
 23706.56449608853
 23760.42811335861
 23819.88774533445
 23885.39914087963
 23957.44533743309


# name: QUERY
# type: sq_string
# elements: 1
# length: 2
R5


# name: DATASIZE
# type: sq_string
# elements: 1
# length: 3
500


