# Created by Octave 4.0.0, Mon May 23 13:49:33 2016 CEST <peter@Independence>
# name: x
# type: matrix
# rows: 1
# columns: 100
 60 60.60606060606061 61.21212121212122 61.81818181818181 62.42424242424242 63.03030303030303 63.63636363636364 64.24242424242425 64.84848484848484 65.45454545454545 66.06060606060606 66.66666666666667 67.27272727272728 67.87878787878788 68.48484848484848 69.09090909090909 69.6969696969697 70.30303030303031 70.90909090909091 71.51515151515152 72.12121212121212 72.72727272727273 73.33333333333334 73.93939393939394 74.54545454545455 75.15151515151516 75.75757575757575 76.36363636363636 76.96969696969697 77.57575757575758 78.18181818181819 78.78787878787878 79.39393939393939 80 80.60606060606061 81.21212121212122 81.81818181818181 82.42424242424242 83.03030303030303 83.63636363636364 84.24242424242424 84.84848484848484 85.45454545454545 86.06060606060606 86.66666666666667 87.27272727272728 87.87878787878788 88.48484848484848 89.09090909090909 89.6969696969697 90.30303030303031 90.90909090909091 91.51515151515152 92.12121212121212 92.72727272727273 93.33333333333333 93.93939393939394 94.54545454545455 95.15151515151516 95.75757575757575 96.36363636363636 96.96969696969697 97.57575757575758 98.18181818181819 98.78787878787878 99.39393939393939 100 100.6060606060606 101.2121212121212 101.8181818181818 102.4242424242424 103.030303030303 103.6363636363636 104.2424242424242 104.8484848484848 105.4545454545455 106.0606060606061 106.6666666666667 107.2727272727273 107.8787878787879 108.4848484848485 109.0909090909091 109.6969696969697 110.3030303030303 110.9090909090909 111.5151515151515 112.1212121212121 112.7272727272727 113.3333333333333 113.9393939393939 114.5454545454545 115.1515151515152 115.7575757575758 116.3636363636364 116.969696969697 117.5757575757576 118.1818181818182 118.7878787878788 119.3939393939394 120


# name: y
# type: matrix
# rows: 100
# columns: 1
 23551.65388945564
 23551.9996946863
 23552.32291702
 23552.62456173062
 23552.90561120303
 23553.1670249331
 23553.40973952733
 23553.63466870357
 23553.84270329013
 23554.03471122644
 23554.21153756285
 23554.37400446061
 23554.52291119192
 23554.65903413981
 23554.78312679822
 23554.89591977212
 23554.99812077725
 23555.09041464039
 23555.17346329912
 23555.24790580201
 23555.31435830854
 23555.37341408904
 23555.42564352483
 23555.47159410808
 23555.51179044191
 23555.54673424034
 23555.57690432832
 23555.60275664169
 23555.6247242272
 23555.64321724253
 23555.65862295628
 23555.67130574794
 23555.68160710793
 23555.68984563756
 23555.69631704909
 23555.70129416565
 23555.70502692132
 23555.70774236107
 23555.70964464079
 23555.71091502729
 23555.71171189828
 23555.71217074239
 23555.71240415916
 23555.71250185904
 23555.71253066341
 23555.71253450454
 23555.71253442563
 23555.71252858078
 23555.712492235
 23555.71237776425
 23555.71211465535
 23555.71160950606
 23555.71074602506
 23555.70938503192
 23555.70736445715
 23555.70449934214
 23555.70058183924
 23555.69538121166
 23555.68864383355
 23555.68009318999
 23555.66942987693
 23555.65633160126
 23555.64045318079
 23555.62142654422
 23555.59886073119
 23555.57234189222
 23555.54143328877
 23555.5056752932
 23555.46458538879
 23555.41765816972
 23555.36436534109
 23555.30415571894
 23555.23645523017
 23555.16066691263
 23555.07617091506
 23554.98232449717
 23554.87846202948
 23554.7638949935
 23554.63791198167
 23554.49977869731
 23554.34873795457
 23554.18400967865
 23554.00479090563
 23553.81025578246
 23553.59955556689
 23553.37181862802
 23553.1261504452
 23552.86163360935
 23552.57732782179
 23552.2722698951
 23551.94547375268
 23551.59593042852
 23551.22260806809
 23550.8244519275
 23550.4003843734
 23549.94930488427
 23549.47009004853
 23548.9615935661
 23548.42264624736
 23547.85205601416


# name: QUERY
# type: sq_string
# elements: 1
# length: 2
R5


# name: DATASIZE
# type: sq_string
# elements: 1
# length: 3
500


