# Created by Octave 4.0.0, Mon May 23 13:49:33 2016 CEST <peter@Independence>
# name: x
# type: matrix
# rows: 1
# columns: 100
 60 60.60606060606061 61.21212121212122 61.81818181818181 62.42424242424242 63.03030303030303 63.63636363636364 64.24242424242425 64.84848484848484 65.45454545454545 66.06060606060606 66.66666666666667 67.27272727272728 67.87878787878788 68.48484848484848 69.09090909090909 69.6969696969697 70.30303030303031 70.90909090909091 71.51515151515152 72.12121212121212 72.72727272727273 73.33333333333334 73.93939393939394 74.54545454545455 75.15151515151516 75.75757575757575 76.36363636363636 76.96969696969697 77.57575757575758 78.18181818181819 78.78787878787878 79.39393939393939 80 80.60606060606061 81.21212121212122 81.81818181818181 82.42424242424242 83.03030303030303 83.63636363636364 84.24242424242424 84.84848484848484 85.45454545454545 86.06060606060606 86.66666666666667 87.27272727272728 87.87878787878788 88.48484848484848 89.09090909090909 89.6969696969697 90.30303030303031 90.90909090909091 91.51515151515152 92.12121212121212 92.72727272727273 93.33333333333333 93.93939393939394 94.54545454545455 95.15151515151516 95.75757575757575 96.36363636363636 96.96969696969697 97.57575757575758 98.18181818181819 98.78787878787878 99.39393939393939 100 100.6060606060606 101.2121212121212 101.8181818181818 102.4242424242424 103.030303030303 103.6363636363636 104.2424242424242 104.8484848484848 105.4545454545455 106.0606060606061 106.6666666666667 107.2727272727273 107.8787878787879 108.4848484848485 109.0909090909091 109.6969696969697 110.3030303030303 110.9090909090909 111.5151515151515 112.1212121212121 112.7272727272727 113.3333333333333 113.9393939393939 114.5454545454545 115.1515151515152 115.7575757575758 116.3636363636364 116.969696969697 117.5757575757576 118.1818181818182 118.7878787878788 119.3939393939394 120


# name: y
# type: matrix
# rows: 100
# columns: 1
 23550.21653806651
 23550.47037871658
 23550.71856833606
 23550.96110692489
 23551.19799448309
 23551.42923101065
 23551.65481650758
 23551.87475097392
 23552.0890344096
 23552.29766681463
 23552.50064818906
 23552.69797853286
 23552.889657846
 23553.07568612856
 23553.25606338044
 23553.43078960171
 23553.59986479235
 23553.76328895235
 23553.92106208173
 23554.07318418047
 23554.21965524858
 23554.36047528607
 23554.49564429293
 23554.62516226915
 23554.74902921473
 23554.8672451297
 23554.97981001403
 23555.08672386774
 23555.18798669081
 23555.28359848325
 23555.37355924506
 23555.45786897624
 23555.5365276768
 23555.60953534671
 23555.676891986
 23555.73859759466
 23555.79465217268
 23555.84505572008
 23555.88980823685
 23555.92890972298
 23555.96236017849
 23555.99015960337
 23556.01230799761
 23556.02880536123
 23556.03965169421
 23556.04484699656
 23556.04439126829
 23556.03828450938
 23556.02652671984
 23556.00911789968
 23555.98605804888
 23555.95734716745
 23555.92298525539
 23555.8829723127
 23555.83730833938
 23555.78599333543
 23555.72902730085
 23555.66641023564
 23555.5981421398
 23555.52422301332
 23555.44465285622
 23555.35943166849
 23555.26855945012
 23555.17203620113
 23555.06986192151
 23554.96203661124
 23554.84856027036
 23554.72943289884
 23554.6046544967
 23554.47422506392
 23554.33814460052
 23554.19641310648
 23554.04903058181
 23553.8959970265
 23553.73731244057
 23553.57297682401
 23553.40299017682
 23553.22735249901
 23553.04606379055
 23552.85912405148
 23552.66653328177
 23552.46829148143
 23552.26439865044
 23552.05485478884
 23551.8396598966
 23551.61881397376
 23551.39231702025
 23551.16016903611
 23550.92237002137
 23550.67891997597
 23550.42981889998
 23550.17506679329
 23549.91466365605
 23549.64860948813
 23549.3769042896
 23549.09954806046
 23548.81654080062
 23548.5278825102
 23548.23357318916
 23547.93361283743


# name: QUERY
# type: sq_string
# elements: 1
# length: 2
R5


# name: DATASIZE
# type: sq_string
# elements: 1
# length: 3
500


