# Created by Octave 4.0.0, Wed May 18 23:53:07 2016 CEST <peter@Independence>
# name: x
# type: matrix
# rows: 1
# columns: 100
 60 60.60606060606061 61.21212121212122 61.81818181818181 62.42424242424242 63.03030303030303 63.63636363636364 64.24242424242425 64.84848484848484 65.45454545454545 66.06060606060606 66.66666666666667 67.27272727272728 67.87878787878788 68.48484848484848 69.09090909090909 69.6969696969697 70.30303030303031 70.90909090909091 71.51515151515152 72.12121212121212 72.72727272727273 73.33333333333334 73.93939393939394 74.54545454545455 75.15151515151516 75.75757575757575 76.36363636363636 76.96969696969697 77.57575757575758 78.18181818181819 78.78787878787878 79.39393939393939 80 80.60606060606061 81.21212121212122 81.81818181818181 82.42424242424242 83.03030303030303 83.63636363636364 84.24242424242424 84.84848484848484 85.45454545454545 86.06060606060606 86.66666666666667 87.27272727272728 87.87878787878788 88.48484848484848 89.09090909090909 89.6969696969697 90.30303030303031 90.90909090909091 91.51515151515152 92.12121212121212 92.72727272727273 93.33333333333333 93.93939393939394 94.54545454545455 95.15151515151516 95.75757575757575 96.36363636363636 96.96969696969697 97.57575757575758 98.18181818181819 98.78787878787878 99.39393939393939 100 100.6060606060606 101.2121212121212 101.8181818181818 102.4242424242424 103.030303030303 103.6363636363636 104.2424242424242 104.8484848484848 105.4545454545455 106.0606060606061 106.6666666666667 107.2727272727273 107.8787878787879 108.4848484848485 109.0909090909091 109.6969696969697 110.3030303030303 110.9090909090909 111.5151515151515 112.1212121212121 112.7272727272727 113.3333333333333 113.9393939393939 114.5454545454545 115.1515151515152 115.7575757575758 116.3636363636364 116.969696969697 117.5757575757576 118.1818181818182 118.7878787878788 119.3939393939394 120


# name: y
# type: matrix
# rows: 100
# columns: 1
 23591.77314111869
 23537.79783133999
 23487.34739264969
 23440.26491599124
 23396.39706497204
 23355.59407586198
 23317.70975759392
 23282.60149176434
 23250.13023263208
 23220.16050711963
 23192.56041481192
 23167.20162795769
 23143.95939146802
 23122.71252291749
 23103.34341254324
 23085.73802324606
 23069.78589058934
 23055.38012279976
 23042.41740076687
 23030.79797804343
 23020.42568084513
 23011.20790805078
 23003.05563120214
 22995.88339450415
 22989.60931482466
 22984.15508169468
 22979.44595730819
 22975.41077652227
 22971.98194685701
 22969.09544849555
 22966.6908342841
 22964.71122973189
 22963.10333301123
 22961.81741495743
 22960.80731906888
 22960.03046150701
 22959.4478310963
 22959.02398932427
 22958.72707034148
 22958.52878096155
 22958.40440066114
 22958.33278157996
 22958.29634852077
 22958.28109894936
 22958.27660299458
 22958.27600344833
 22958.27601576555
 22958.27692806422
 22958.28260112539
 22958.30046839312
 22958.34153597456
 22958.42038263987
 22958.55515982227
 22958.76759161803
 22959.08297478646
 22959.53017874993
 22960.14164559385
 22960.95339006665
 22962.00499957985
 22963.339634208
 22965.00402668868
 22967.04848242254
 22969.52687947326
 22972.49666856758
 22976.01887309528
 22980.15808910917
 22984.98248532514
 22990.5638031221
 22996.97735654205
 23004.30203228993
 23012.62028973387
 23022.01816090494
 23032.58525049732
 23044.41473586821
 23057.60336703779
 23072.25146668944
 23088.46293016942
 23106.34522548719
 23126.00939331511
 23147.57004698868
 23171.14537250657
 23196.85712853021
 23224.83064638412
 23255.19483005614
 23288.08215619677
 23323.62867412013
 23361.97400580277
 23403.26134588446
 23447.63746166846
 23495.25269312017
 23546.26095286907
 23600.81972620686
 23659.09007108941
 23721.23661813362
 23787.42757062121
 23857.83470449686
 23932.6333683671
 24012.00248350331
 24096.12454383651
 24185.18561596615


# name: QUERY
# type: sq_string
# elements: 1
# length: 2
R5


# name: DATASIZE
# type: sq_string
# elements: 1
# length: 3
500


