# Created by Octave 4.0.0, Mon May 23 13:49:33 2016 CEST <peter@Independence>
# name: x
# type: matrix
# rows: 1
# columns: 100
 60 60.60606060606061 61.21212121212122 61.81818181818181 62.42424242424242 63.03030303030303 63.63636363636364 64.24242424242425 64.84848484848484 65.45454545454545 66.06060606060606 66.66666666666667 67.27272727272728 67.87878787878788 68.48484848484848 69.09090909090909 69.6969696969697 70.30303030303031 70.90909090909091 71.51515151515152 72.12121212121212 72.72727272727273 73.33333333333334 73.93939393939394 74.54545454545455 75.15151515151516 75.75757575757575 76.36363636363636 76.96969696969697 77.57575757575758 78.18181818181819 78.78787878787878 79.39393939393939 80 80.60606060606061 81.21212121212122 81.81818181818181 82.42424242424242 83.03030303030303 83.63636363636364 84.24242424242424 84.84848484848484 85.45454545454545 86.06060606060606 86.66666666666667 87.27272727272728 87.87878787878788 88.48484848484848 89.09090909090909 89.6969696969697 90.30303030303031 90.90909090909091 91.51515151515152 92.12121212121212 92.72727272727273 93.33333333333333 93.93939393939394 94.54545454545455 95.15151515151516 95.75757575757575 96.36363636363636 96.96969696969697 97.57575757575758 98.18181818181819 98.78787878787878 99.39393939393939 100 100.6060606060606 101.2121212121212 101.8181818181818 102.4242424242424 103.030303030303 103.6363636363636 104.2424242424242 104.8484848484848 105.4545454545455 106.0606060606061 106.6666666666667 107.2727272727273 107.8787878787879 108.4848484848485 109.0909090909091 109.6969696969697 110.3030303030303 110.9090909090909 111.5151515151515 112.1212121212121 112.7272727272727 113.3333333333333 113.9393939393939 114.5454545454545 115.1515151515152 115.7575757575758 116.3636363636364 116.969696969697 117.5757575757576 118.1818181818182 118.7878787878788 119.3939393939394 120


# name: y
# type: matrix
# rows: 100
# columns: 1
 23562.8212383256
 23560.16985160726
 23557.80069623297
 23555.68920855418
 23553.81246445893
 23552.14910473233
 23550.67926215843
 23549.38449036083
 23548.24769437945
 23547.25306299149
 23546.386002766
 23545.63307386137
 23544.98192755969
 23544.42124554165
 23543.94068089871
 23543.53080088635
 23543.18303141454
 23542.88960327847
 23542.64350012754
 23542.43840817391
 23542.26866763975
 23542.12922594365
 23542.0155926261
 23541.9237960139
 23541.85034162363
 23541.79217230425
 23541.74663011857
 23541.71141996388
 23541.68457493154
 23541.66442340564
 23541.64955790071
 23541.63880563835
 23541.63120086306
 23541.62595889693
 23541.62245193352
 23541.62018657065
 23541.61878308227
 23541.61795642936
 23541.61749900989
 23541.61726514774
 23541.61715732071
 23541.61711412754
 23541.61709999399
 23541.61709661788
 23541.61709615327
 23541.61709613353
 23541.61709613361
 23541.61709617119
 23541.61709684694
 23541.61710122381
 23541.61711844533
 23541.61716909294
 23541.61729228238
 23541.61755449905
 23541.61806017251
 23541.61896398988
 23541.62048494837
 23541.62292214681
 23541.62667231618
 23541.63224908924
 23541.64030400912
 23541.651649277
 23541.66728223877
 23541.68841161074
 23541.71648544444
 23541.75322083034
 23541.8006353407
 23541.86108021137
 23541.93727526273
 23542.03234555951
 23542.14985980983
 23542.29387050305
 23542.46895578687
 23542.6802630833
 23542.93355444372
 23543.23525364315
 23543.59249501299
 23544.01317401351
 23544.50599954496
 23545.08054799785
 23545.74731904192
 23546.5177931548
 23547.40449088889
 23548.42103387842
 23549.5822075838
 23550.90402577713
 23552.40379676471
 23554.10019134991
 23556.01331253541
 23558.16476696171
 23560.57773808917
 23563.27706111429
 23566.28929963051
 23569.64282401945
 23573.36789159238
 23577.49672846397
 23582.06361316066
 23587.10496198038
 23592.65941608019
 23598.76793030822


# name: QUERY
# type: sq_string
# elements: 1
# length: 2
R5


# name: DATASIZE
# type: sq_string
# elements: 1
# length: 3
500


