# Created by Octave 4.0.0, Wed May 18 23:53:07 2016 CEST <peter@Independence>
# name: x
# type: matrix
# rows: 1
# columns: 100
 60 60.60606060606061 61.21212121212122 61.81818181818181 62.42424242424242 63.03030303030303 63.63636363636364 64.24242424242425 64.84848484848484 65.45454545454545 66.06060606060606 66.66666666666667 67.27272727272728 67.87878787878788 68.48484848484848 69.09090909090909 69.6969696969697 70.30303030303031 70.90909090909091 71.51515151515152 72.12121212121212 72.72727272727273 73.33333333333334 73.93939393939394 74.54545454545455 75.15151515151516 75.75757575757575 76.36363636363636 76.96969696969697 77.57575757575758 78.18181818181819 78.78787878787878 79.39393939393939 80 80.60606060606061 81.21212121212122 81.81818181818181 82.42424242424242 83.03030303030303 83.63636363636364 84.24242424242424 84.84848484848484 85.45454545454545 86.06060606060606 86.66666666666667 87.27272727272728 87.87878787878788 88.48484848484848 89.09090909090909 89.6969696969697 90.30303030303031 90.90909090909091 91.51515151515152 92.12121212121212 92.72727272727273 93.33333333333333 93.93939393939394 94.54545454545455 95.15151515151516 95.75757575757575 96.36363636363636 96.96969696969697 97.57575757575758 98.18181818181819 98.78787878787878 99.39393939393939 100 100.6060606060606 101.2121212121212 101.8181818181818 102.4242424242424 103.030303030303 103.6363636363636 104.2424242424242 104.8484848484848 105.4545454545455 106.0606060606061 106.6666666666667 107.2727272727273 107.8787878787879 108.4848484848485 109.0909090909091 109.6969696969697 110.3030303030303 110.9090909090909 111.5151515151515 112.1212121212121 112.7272727272727 113.3333333333333 113.9393939393939 114.5454545454545 115.1515151515152 115.7575757575758 116.3636363636364 116.969696969697 117.5757575757576 118.1818181818182 118.7878787878788 119.3939393939394 120


# name: y
# type: matrix
# rows: 100
# columns: 1
 23774.18213625708
 23740.33985682918
 23707.25097823594
 23674.91550047736
 23643.33342355345
 23612.50474746419
 23582.42947220959
 23553.10759778966
 23524.53912420438
 23496.72405145377
 23469.66237953781
 23443.35410845652
 23417.79923820989
 23392.99776879792
 23368.9497002206
 23345.65503247795
 23323.11376556996
 23301.32589949663
 23280.29143425796
 23260.01036985395
 23240.4827062846
 23221.70844354991
 23203.68758164989
 23186.42012058452
 23169.90606035382
 23154.14540095777
 23139.13814239639
 23124.88428466966
 23111.3838277776
 23098.63677172019
 23086.64311649745
 23075.40286210937
 23064.91600855595
 23055.18255583719
 23046.20250395309
 23037.97585290365
 23030.50260268887
 23023.78275330875
 23017.8163047633
 23012.6032570525
 23008.14361017636
 23004.43736413489
 23001.48451892807
 22999.28507455592
 22997.83903101843
 22997.14638831559
 22997.20714644742
 22998.02130541391
 22999.58886521506
 23001.90982585087
 23004.98418732134
 23008.81194962647
 23013.39311276626
 23018.72767674071
 23024.81564154982
 23031.65700719359
 23039.25177367203
 23047.59994098512
 23056.70150913288
 23066.55647811529
 23077.16484793237
 23088.5266185841
 23100.6417900705
 23113.51036239156
 23127.13233554728
 23141.50770953766
 23156.6364843627
 23172.5186600224
 23189.15423651676
 23206.54321384578
 23224.68559200946
 23243.5813710078
 23263.23055084081
 23283.63313150847
 23304.78911301079
 23326.69849534778
 23349.36127851942
 23372.77746252573
 23396.9470473667
 23421.87003304233
 23447.54641955261
 23473.97620689757
 23501.15939507717
 23529.09598409144
 23557.78597394037
 23587.22936462396
 23617.42615614221
 23648.37634849513
 23680.0799416827
 23712.53693570493
 23745.74733056183
 23779.71112625338
 23814.4283227796
 23849.89892014047
 23886.12291833601
 23923.1003173662
 23960.83111723106
 23999.31531793058
 24038.55291946476
 24078.5439218336


# name: QUERY
# type: sq_string
# elements: 1
# length: 2
R5


# name: DATASIZE
# type: sq_string
# elements: 1
# length: 3
500


