# Created by Octave 4.0.0, Wed May 18 23:53:07 2016 CEST <peter@Independence>
# name: x
# type: matrix
# rows: 1
# columns: 100
 60 60.60606060606061 61.21212121212122 61.81818181818181 62.42424242424242 63.03030303030303 63.63636363636364 64.24242424242425 64.84848484848484 65.45454545454545 66.06060606060606 66.66666666666667 67.27272727272728 67.87878787878788 68.48484848484848 69.09090909090909 69.6969696969697 70.30303030303031 70.90909090909091 71.51515151515152 72.12121212121212 72.72727272727273 73.33333333333334 73.93939393939394 74.54545454545455 75.15151515151516 75.75757575757575 76.36363636363636 76.96969696969697 77.57575757575758 78.18181818181819 78.78787878787878 79.39393939393939 80 80.60606060606061 81.21212121212122 81.81818181818181 82.42424242424242 83.03030303030303 83.63636363636364 84.24242424242424 84.84848484848484 85.45454545454545 86.06060606060606 86.66666666666667 87.27272727272728 87.87878787878788 88.48484848484848 89.09090909090909 89.6969696969697 90.30303030303031 90.90909090909091 91.51515151515152 92.12121212121212 92.72727272727273 93.33333333333333 93.93939393939394 94.54545454545455 95.15151515151516 95.75757575757575 96.36363636363636 96.96969696969697 97.57575757575758 98.18181818181819 98.78787878787878 99.39393939393939 100 100.6060606060606 101.2121212121212 101.8181818181818 102.4242424242424 103.030303030303 103.6363636363636 104.2424242424242 104.8484848484848 105.4545454545455 106.0606060606061 106.6666666666667 107.2727272727273 107.8787878787879 108.4848484848485 109.0909090909091 109.6969696969697 110.3030303030303 110.9090909090909 111.5151515151515 112.1212121212121 112.7272727272727 113.3333333333333 113.9393939393939 114.5454545454545 115.1515151515152 115.7575757575758 116.3636363636364 116.969696969697 117.5757575757576 118.1818181818182 118.7878787878788 119.3939393939394 120


# name: y
# type: matrix
# rows: 100
# columns: 1
 23393.34208431975
 23403.35429599103
 23412.9257018538
 23422.06622564087
 23430.78579108502
 23439.09432191906
 23447.00174187579
 23454.51797468799
 23461.65294408849
 23468.41657381006
 23474.81878758551
 23480.86950914765
 23486.57866222926
 23491.95617056315
 23497.01195788211
 23501.75594791895
 23506.19806440646
 23510.34823107744
 23514.21637166469
 23517.81240990101
 23521.1462695192
 23524.22787425205
 23527.06714783237
 23529.67401399295
 23532.05839646659
 23534.23021898609
 23536.19940528425
 23537.97587909387
 23539.56956414775
 23540.99038417868
 23542.24826291947
 23543.3531241029
 23544.3148914618
 23545.14348872894
 23545.84883963712
 23546.44086791916
 23546.92949730784
 23547.32465153597
 23547.63625433634
 23547.87422944175
 23548.048500585
 23548.1689914989
 23548.24562591622
 23548.28832756979
 23548.30702019239
 23548.31162751683
 23548.3120732759
 23548.3182812024
 23548.34017502913
 23548.38767848889
 23548.47071531448
 23548.5992092387
 23548.78308399433
 23549.0322633142
 23549.35667093108
 23549.76623057778
 23550.27086598711
 23550.88050089185
 23551.60505902481
 23552.45446411879
 23553.43863990658
 23554.56751012098
 23555.8509984948
 23557.29902876082
 23558.92152465185
 23560.7284099007
 23562.72960824014
 23564.935043403
 23567.35463912206
 23569.99831913011
 23572.87600715998
 23575.99762694443
 23579.37310221629
 23583.01235670835
 23586.9253141534
 23591.12189828424
 23595.61203283368
 23600.40564153451
 23605.51264811954
 23610.94297632154
 23616.70654987334
 23622.81329250773
 23629.2731279575
 23636.09597995545
 23643.29177223439
 23650.87042852711
 23658.8418725664
 23667.21602808508
 23676.00281881593
 23685.21216849176
 23694.85400084536
 23704.93823960954
 23715.47480851709
 23726.47363130081
 23737.9446316935
 23749.89773342796
 23762.34286023698
 23775.28993585337
 23788.74888400992
 23802.72962843944


# name: QUERY
# type: sq_string
# elements: 1
# length: 2
R5


# name: DATASIZE
# type: sq_string
# elements: 1
# length: 3
500


