# Created by Octave 4.0.0, Mon May 23 13:49:33 2016 CEST <peter@Independence>
# name: x
# type: matrix
# rows: 1
# columns: 100
 60 60.60606060606061 61.21212121212122 61.81818181818181 62.42424242424242 63.03030303030303 63.63636363636364 64.24242424242425 64.84848484848484 65.45454545454545 66.06060606060606 66.66666666666667 67.27272727272728 67.87878787878788 68.48484848484848 69.09090909090909 69.6969696969697 70.30303030303031 70.90909090909091 71.51515151515152 72.12121212121212 72.72727272727273 73.33333333333334 73.93939393939394 74.54545454545455 75.15151515151516 75.75757575757575 76.36363636363636 76.96969696969697 77.57575757575758 78.18181818181819 78.78787878787878 79.39393939393939 80 80.60606060606061 81.21212121212122 81.81818181818181 82.42424242424242 83.03030303030303 83.63636363636364 84.24242424242424 84.84848484848484 85.45454545454545 86.06060606060606 86.66666666666667 87.27272727272728 87.87878787878788 88.48484848484848 89.09090909090909 89.6969696969697 90.30303030303031 90.90909090909091 91.51515151515152 92.12121212121212 92.72727272727273 93.33333333333333 93.93939393939394 94.54545454545455 95.15151515151516 95.75757575757575 96.36363636363636 96.96969696969697 97.57575757575758 98.18181818181819 98.78787878787878 99.39393939393939 100 100.6060606060606 101.2121212121212 101.8181818181818 102.4242424242424 103.030303030303 103.6363636363636 104.2424242424242 104.8484848484848 105.4545454545455 106.0606060606061 106.6666666666667 107.2727272727273 107.8787878787879 108.4848484848485 109.0909090909091 109.6969696969697 110.3030303030303 110.9090909090909 111.5151515151515 112.1212121212121 112.7272727272727 113.3333333333333 113.9393939393939 114.5454545454545 115.1515151515152 115.7575757575758 116.3636363636364 116.969696969697 117.5757575757576 118.1818181818182 118.7878787878788 119.3939393939394 120


# name: y
# type: matrix
# rows: 100
# columns: 1
 23535.76447936482
 23549.82703903238
 23563.27046896242
 23576.10870744243
 23588.35569275989
 23600.02536320228
 23611.13165705709
 23621.6885126118
 23631.70986815389
 23641.20966197084
 23650.20183235014
 23658.70031757926
 23666.71905594569
 23674.27198573692
 23681.37304524041
 23688.03617274366
 23694.27530653415
 23700.10438489936
 23705.53734612677
 23710.58812850386
 23715.27067031812
 23719.59890985702
 23723.58678540806
 23727.24823525871
 23730.59719769645
 23733.64761100877
 23736.41341348315
 23738.90854340707
 23741.14693906801
 23743.14253875345
 23744.90928075089
 23746.46110334779
 23747.81194483164
 23748.97574348993
 23749.96643761013
 23750.79796547973
 23751.48426538621
 23752.03927561705
 23752.47693445974
 23752.81118020175
 23753.05595113057
 23753.22518553368
 23753.33282169856
 23753.3927979127
 23753.41905246358
 23753.42552363867
 23753.42614972547
 23753.43486901145
 23753.46561978409
 23753.53234033088
 23753.6489689393
 23753.82944389683
 23754.08770349096
 23754.43768600916
 23754.89332973892
 23755.46857296771
 23756.17735398304
 23757.03361107237
 23758.05128252318
 23759.24430662296
 23760.62662165919
 23762.21216591936
 23764.01487769094
 23766.04869526142
 23768.32755691827
 23770.86540094899
 23773.67616564105
 23776.77378928194
 23780.17221015914
 23783.88536656012
 23787.92719677238
 23792.31163908339
 23797.05263178064
 23802.1641131516
 23807.66002148377
 23813.55429506462
 23819.86087218164
 23826.5936911223
 23833.76669017409
 23841.39380762449
 23849.48898176098
 23858.06615087105
 23867.13925324219
 23876.72222716184
 23886.82901091755
 23897.47354279673
 23908.66976108692
 23920.43160407557
 23932.77301005016
 23945.7079172982
 23959.25026410713
 23973.41398876449
 23988.21302955769
 24003.66132477429
 24019.77281270172
 24036.56143162746
 24054.04111983902
 24072.22581562385
 24091.12945726949
 24110.76598306335


# name: QUERY
# type: sq_string
# elements: 1
# length: 2
R5


# name: DATASIZE
# type: sq_string
# elements: 1
# length: 3
500


