# Created by Octave 4.0.0, Sun May 22 18:35:30 2016 CEST <peter@Independence>
# name: x
# type: matrix
# rows: 1
# columns: 100
 60 60.60606060606061 61.21212121212122 61.81818181818181 62.42424242424242 63.03030303030303 63.63636363636364 64.24242424242425 64.84848484848484 65.45454545454545 66.06060606060606 66.66666666666667 67.27272727272728 67.87878787878788 68.48484848484848 69.09090909090909 69.6969696969697 70.30303030303031 70.90909090909091 71.51515151515152 72.12121212121212 72.72727272727273 73.33333333333334 73.93939393939394 74.54545454545455 75.15151515151516 75.75757575757576 76.36363636363637 76.96969696969697 77.57575757575758 78.18181818181819 78.78787878787878 79.39393939393939 80 80.60606060606061 81.21212121212122 81.81818181818181 82.42424242424242 83.03030303030303 83.63636363636364 84.24242424242425 84.84848484848484 85.45454545454545 86.06060606060606 86.66666666666667 87.27272727272728 87.87878787878788 88.48484848484848 89.09090909090909 89.6969696969697 90.30303030303031 90.90909090909091 91.51515151515152 92.12121212121212 92.72727272727273 93.33333333333334 93.93939393939395 94.54545454545455 95.15151515151516 95.75757575757576 96.36363636363637 96.96969696969697 97.57575757575758 98.18181818181819 98.7878787878788 99.39393939393941 100 100.6060606060606 101.2121212121212 101.8181818181818 102.4242424242424 103.030303030303 103.6363636363636 104.2424242424242 104.8484848484849 105.4545454545455 106.0606060606061 106.6666666666667 107.2727272727273 107.8787878787879 108.4848484848485 109.0909090909091 109.6969696969697 110.3030303030303 110.9090909090909 111.5151515151515 112.1212121212121 112.7272727272727 113.3333333333333 113.9393939393939 114.5454545454546 115.1515151515152 115.7575757575758 116.3636363636364 116.969696969697 117.5757575757576 118.1818181818182 118.7878787878788 119.3939393939394 120


# name: y
# type: matrix
# rows: 100
# columns: 1
 25719.85414498037
 25717.06105024185
 25714.08200330552
 25710.91843464001
 25707.57192350933
 25704.04419695399
 25700.33712858666
 25696.45273720309
 25692.3931852093
 25688.16077686645
 25683.75795635494
 25679.18730565977
 25674.45154227936
 25669.55351676042
 25664.49621006168
 25659.28273074969
 25653.91631203002
 25648.40030861769
 25642.73819345076
 25636.93355425136
 25630.99008993866
 25624.91160689871
 25618.70201511597
 25612.36532417203
 25605.90563911693
 25599.32715621881
 25592.63415859792
 25585.83101175108
 25578.92215897298
 25571.91211668089
 25564.80546964934
 25557.60686616188
 25550.32101308661
 25542.95267088291
 25535.50664854651
 25527.98779850014
 25520.40101143746
 25512.75121112764
 25505.04334918821
 25497.28239983389
 25489.47335460898
 25481.62121711121
 25473.73099771449
 25465.80770829855
 25457.85635699296
 25449.8819429433
 25441.88945110699
 25433.88384708642
 25425.87007200679
 25417.85303744596
 25409.83762042378
 25401.82865845779
 25393.83094469257
 25385.84922310933
 25377.88818382271
 25369.95245847124
 25362.04661570773
 25354.17515679594
 25346.34251131937
 25338.55303300797
 25330.81099568835
 25323.12058936269
 25315.4859164215
 25307.91098799506
 25300.39972044791
 25292.95593202093
 25285.58333962487
 25278.28555578907
 25271.06608576883
 25263.92832481471
 25256.87555560643
 25249.91094585405
 25243.03754606877
 25236.2582875052
 25229.57598027676
 25222.99331164576
 25216.51284448893
 25210.1370159394
 25203.86813620545
 25197.70838756621
 25191.65982354408
 25185.72436825357
 25179.90381592564
 25174.19983060661
 25168.61394603023
 25163.1475656614
 25157.80196290948
 25152.57828150929
 25147.47753606706
 25142.50061276902
 25137.64827024927
 25132.92114061421
 25128.31973061975
 25123.84442299801
 25119.49547792927
 25115.27303465563
 25111.17711323165
 25107.20761640787
 25103.36433164254
 25099.64693323668


# name: QUERY
# type: sq_string
# elements: 1
# length: 2
R5


# name: DATASIZE
# type: sq_string
# elements: 1
# length: 3
250


