# Created by Octave 4.0.0, Wed May 18 23:38:51 2016 CEST <peter@Independence>
# name: x
# type: matrix
# rows: 1
# columns: 100
 60 60.60606060606061 61.21212121212122 61.81818181818181 62.42424242424242 63.03030303030303 63.63636363636364 64.24242424242425 64.84848484848484 65.45454545454545 66.06060606060606 66.66666666666667 67.27272727272728 67.87878787878788 68.48484848484848 69.09090909090909 69.6969696969697 70.30303030303031 70.90909090909091 71.51515151515152 72.12121212121212 72.72727272727273 73.33333333333334 73.93939393939394 74.54545454545455 75.15151515151516 75.75757575757576 76.36363636363637 76.96969696969697 77.57575757575758 78.18181818181819 78.78787878787878 79.39393939393939 80 80.60606060606061 81.21212121212122 81.81818181818181 82.42424242424242 83.03030303030303 83.63636363636364 84.24242424242425 84.84848484848484 85.45454545454545 86.06060606060606 86.66666666666667 87.27272727272728 87.87878787878788 88.48484848484848 89.09090909090909 89.6969696969697 90.30303030303031 90.90909090909091 91.51515151515152 92.12121212121212 92.72727272727273 93.33333333333334 93.93939393939395 94.54545454545455 95.15151515151516 95.75757575757576 96.36363636363637 96.96969696969697 97.57575757575758 98.18181818181819 98.7878787878788 99.39393939393941 100 100.6060606060606 101.2121212121212 101.8181818181818 102.4242424242424 103.030303030303 103.6363636363636 104.2424242424242 104.8484848484849 105.4545454545455 106.0606060606061 106.6666666666667 107.2727272727273 107.8787878787879 108.4848484848485 109.0909090909091 109.6969696969697 110.3030303030303 110.9090909090909 111.5151515151515 112.1212121212121 112.7272727272727 113.3333333333333 113.9393939393939 114.5454545454546 115.1515151515152 115.7575757575758 116.3636363636364 116.969696969697 117.5757575757576 118.1818181818182 118.7878787878788 119.3939393939394 120


# name: y
# type: matrix
# rows: 100
# columns: 1
 25713.83245265719
 25703.31939811607
 25692.59784706591
 25681.67310293196
 25670.55066160913
 25659.23620708021
 25647.73560678452
 25636.05490674206
 25624.20032643838
 25612.17825347626
 25599.9952380001
 25587.65798689988
 25575.17335780145
 25562.54835285072
 25549.79011229921
 25536.90590789928
 25523.90313611722
 25510.78931117303
 25497.5720579159
 25484.25910454464
 25470.85827518274
 25457.37748231786
 25443.82471911586
 25430.20805161969
 25416.5356108437
 25402.81558477407
 25389.05621028623
 25375.26576499048
 25361.45255901674
 25347.62492674998
 25333.7912185276
 25319.95979231031
 25306.1390053379
 25292.3372057817
 25278.56272440513
 25264.82386624391
 25251.12890231767
 25237.48606138424
 25223.90352174815
 25210.38940313476
 25196.95175864116
 25183.59856677495
 25170.33772359196
 25157.17703494362
 25144.12420884466
 25131.18684797147
 25118.37244230145
 25105.68836190309
 25093.14184988669
 25080.74001552501
 25068.48982755299
 25056.39810765538
 25044.47152415079
 25032.71658588035
 25021.13963630872
 25009.74684784496
 24998.54421639034
 24987.53755611985
 24976.73249450357
 24966.13446757393
 24955.74871544426
 24945.58027808385
 24935.63399135389
 24925.91448330875
 24916.42617076624
 24907.17325615014
 24898.15972460797
 24889.3893414063
 24880.86564960568
 24872.59196801655
 24864.57138943738
 24856.80677917544
 24849.3007738505
 24842.05578048106
 24835.07397585247
 24828.35730616563
 24821.90748696473
 24815.726003342
 24809.81411041688
 24804.1728340869
 24798.80297204675
 24793.70509507201
 24788.87954856347
 24784.32645434741
 24780.04571272722
 24776.03700478096
 24772.29979489955
 24768.83333355959
 24765.63666032467
 24762.70860706874
 24760.04780141468
 24757.65267038119
 24755.52144423055
 24753.65216050977
 24752.04266827745
 24750.6906325082
 24749.59353866671
 24748.74869744281
 24748.15324963932
 24747.80417120384


# name: QUERY
# type: sq_string
# elements: 1
# length: 2
R5


# name: DATASIZE
# type: sq_string
# elements: 1
# length: 3
250


