# Created by Octave 4.0.0, Sun May 22 18:35:30 2016 CEST <peter@Independence>
# name: x
# type: matrix
# rows: 1
# columns: 100
 60 60.60606060606061 61.21212121212122 61.81818181818181 62.42424242424242 63.03030303030303 63.63636363636364 64.24242424242425 64.84848484848484 65.45454545454545 66.06060606060606 66.66666666666667 67.27272727272728 67.87878787878788 68.48484848484848 69.09090909090909 69.6969696969697 70.30303030303031 70.90909090909091 71.51515151515152 72.12121212121212 72.72727272727273 73.33333333333334 73.93939393939394 74.54545454545455 75.15151515151516 75.75757575757576 76.36363636363637 76.96969696969697 77.57575757575758 78.18181818181819 78.78787878787878 79.39393939393939 80 80.60606060606061 81.21212121212122 81.81818181818181 82.42424242424242 83.03030303030303 83.63636363636364 84.24242424242425 84.84848484848484 85.45454545454545 86.06060606060606 86.66666666666667 87.27272727272728 87.87878787878788 88.48484848484848 89.09090909090909 89.6969696969697 90.30303030303031 90.90909090909091 91.51515151515152 92.12121212121212 92.72727272727273 93.33333333333334 93.93939393939395 94.54545454545455 95.15151515151516 95.75757575757576 96.36363636363637 96.96969696969697 97.57575757575758 98.18181818181819 98.7878787878788 99.39393939393941 100 100.6060606060606 101.2121212121212 101.8181818181818 102.4242424242424 103.030303030303 103.6363636363636 104.2424242424242 104.8484848484849 105.4545454545455 106.0606060606061 106.6666666666667 107.2727272727273 107.8787878787879 108.4848484848485 109.0909090909091 109.6969696969697 110.3030303030303 110.9090909090909 111.5151515151515 112.1212121212121 112.7272727272727 113.3333333333333 113.9393939393939 114.5454545454546 115.1515151515152 115.7575757575758 116.3636363636364 116.969696969697 117.5757575757576 118.1818181818182 118.7878787878788 119.3939393939394 120


# name: y
# type: matrix
# rows: 1
# columns: 100
 25433.57653068674 25430.6062588575 25427.63598702827 25424.66571519903 25421.69544336979 25418.72517154055 25415.75489971132 25412.78462788208 25409.81435605284 25406.84408422361 25403.87381239437 25400.90354056513 25397.93326873589 25394.96299690666 25391.99272507742 25389.02245324818 25386.05218141894 25383.08190958971 25380.11163776047 25377.14136593123 25374.17109410199 25371.20082227276 25368.23055044352 25365.26027861428 25362.29000678504 25359.31973495581 25356.34946312657 25353.37919129733 25350.40891946809 25347.43864763886 25344.46837580962 25341.49810398038 25338.52783215114 25335.5575603219 25332.58728849267 25329.61701666343 25326.64674483419 25323.67647300495 25320.70620117572 25317.73592934648 25314.76565751724 25311.795385688 25308.82511385877 25305.85484202953 25302.88457020029 25299.91429837106 25296.94402654182 25293.97375471258 25291.00348288334 25288.03321105411 25285.06293922487 25282.09266739563 25279.12239556639 25276.15212373716 25273.18185190792 25270.21158007868 25267.24130824944 25264.27103642021 25261.30076459097 25258.33049276173 25255.36022093249 25252.38994910326 25249.41967727402 25246.44940544478 25243.47913361554 25240.50886178631 25237.53858995707 25234.56831812783 25231.59804629859 25228.62777446935 25225.65750264012 25222.68723081088 25219.71695898164 25216.7466871524 25213.77641532317 25210.80614349393 25207.83587166469 25204.86559983546 25201.89532800622 25198.92505617698 25195.95478434774 25192.98451251851 25190.01424068927 25187.04396886003 25184.07369703079 25181.10342520156 25178.13315337232 25175.16288154308 25172.19260971384 25169.22233788461 25166.25206605537 25163.28179422613 25160.31152239689 25157.34125056766 25154.37097873842 25151.40070690918 25148.43043507994 25145.46016325071 25142.48989142147 25139.51961959223


# name: QUERY
# type: sq_string
# elements: 1
# length: 2
R5


# name: DATASIZE
# type: sq_string
# elements: 1
# length: 3
250


