# Created by Octave 4.0.0, Sun May 22 18:35:30 2016 CEST <peter@Independence>
# name: x
# type: matrix
# rows: 1
# columns: 100
 60 60.60606060606061 61.21212121212122 61.81818181818181 62.42424242424242 63.03030303030303 63.63636363636364 64.24242424242425 64.84848484848484 65.45454545454545 66.06060606060606 66.66666666666667 67.27272727272728 67.87878787878788 68.48484848484848 69.09090909090909 69.6969696969697 70.30303030303031 70.90909090909091 71.51515151515152 72.12121212121212 72.72727272727273 73.33333333333334 73.93939393939394 74.54545454545455 75.15151515151516 75.75757575757576 76.36363636363637 76.96969696969697 77.57575757575758 78.18181818181819 78.78787878787878 79.39393939393939 80 80.60606060606061 81.21212121212122 81.81818181818181 82.42424242424242 83.03030303030303 83.63636363636364 84.24242424242425 84.84848484848484 85.45454545454545 86.06060606060606 86.66666666666667 87.27272727272728 87.87878787878788 88.48484848484848 89.09090909090909 89.6969696969697 90.30303030303031 90.90909090909091 91.51515151515152 92.12121212121212 92.72727272727273 93.33333333333334 93.93939393939395 94.54545454545455 95.15151515151516 95.75757575757576 96.36363636363637 96.96969696969697 97.57575757575758 98.18181818181819 98.7878787878788 99.39393939393941 100 100.6060606060606 101.2121212121212 101.8181818181818 102.4242424242424 103.030303030303 103.6363636363636 104.2424242424242 104.8484848484849 105.4545454545455 106.0606060606061 106.6666666666667 107.2727272727273 107.8787878787879 108.4848484848485 109.0909090909091 109.6969696969697 110.3030303030303 110.9090909090909 111.5151515151515 112.1212121212121 112.7272727272727 113.3333333333333 113.9393939393939 114.5454545454546 115.1515151515152 115.7575757575758 116.3636363636364 116.969696969697 117.5757575757576 118.1818181818182 118.7878787878788 119.3939393939394 120


# name: y
# type: matrix
# rows: 100
# columns: 1
 25386.62872703125
 25382.91245564012
 25379.19618424898
 25375.47991285785
 25371.76364146671
 25368.04737007558
 25364.33109868445
 25360.61482729331
 25356.89855590218
 25353.18228451104
 25349.46601311991
 25345.74974172878
 25342.03347033764
 25338.31719894651
 25334.60092755537
 25330.88465616424
 25327.16838477311
 25323.45211338197
 25319.73584199084
 25316.0195705997
 25312.30329920857
 25308.58702781744
 25304.8707564263
 25301.15448503517
 25297.43821364404
 25293.7219422529
 25290.00567086177
 25286.28939947063
 25282.5731280795
 25278.85685668837
 25275.14058529723
 25271.4243139061
 25267.70804251496
 25263.99177112383
 25260.2754997327
 25256.55922834156
 25252.84295695043
 25249.12668555929
 25245.41041416816
 25241.69414277703
 25237.97787138589
 25234.26159999476
 25230.54532860362
 25226.82905721249
 25223.11278582135
 25219.39651443022
 25215.68024303909
 25211.96397164795
 25208.24770025682
 25204.53142886568
 25200.81515747455
 25197.09888608341
 25193.38261469228
 25189.66634330115
 25185.95007191001
 25182.23380051888
 25178.51752912774
 25174.80125773661
 25171.08498634548
 25167.36871495434
 25163.65244356321
 25159.93617217207
 25156.21990078094
 25152.50362938981
 25148.78735799867
 25145.07108660754
 25141.3548152164
 25137.63854382527
 25133.92227243414
 25130.206001043
 25126.48972965187
 25122.77345826073
 25119.0571868696
 25115.34091547847
 25111.62464408733
 25107.9083726962
 25104.19210130506
 25100.47582991393
 25096.7595585228
 25093.04328713166
 25089.32701574053
 25085.61074434939
 25081.89447295826
 25078.17820156713
 25074.46193017599
 25070.74565878486
 25067.02938739372
 25063.31311600259
 25059.59684461146
 25055.88057322032
 25052.16430182919
 25048.44803043806
 25044.73175904692
 25041.01548765579
 25037.29921626465
 25033.58294487352
 25029.86667348239
 25026.15040209125
 25022.43413070012
 25018.71785930898


# name: QUERY
# type: sq_string
# elements: 1
# length: 2
R5


# name: DATASIZE
# type: sq_string
# elements: 1
# length: 3
250


