# Created by Octave 4.0.0, Wed May 18 23:38:51 2016 CEST <peter@Independence>
# name: x
# type: matrix
# rows: 1
# columns: 100
 60 60.60606060606061 61.21212121212122 61.81818181818181 62.42424242424242 63.03030303030303 63.63636363636364 64.24242424242425 64.84848484848484 65.45454545454545 66.06060606060606 66.66666666666667 67.27272727272728 67.87878787878788 68.48484848484848 69.09090909090909 69.6969696969697 70.30303030303031 70.90909090909091 71.51515151515152 72.12121212121212 72.72727272727273 73.33333333333334 73.93939393939394 74.54545454545455 75.15151515151516 75.75757575757576 76.36363636363637 76.96969696969697 77.57575757575758 78.18181818181819 78.78787878787878 79.39393939393939 80 80.60606060606061 81.21212121212122 81.81818181818181 82.42424242424242 83.03030303030303 83.63636363636364 84.24242424242425 84.84848484848484 85.45454545454545 86.06060606060606 86.66666666666667 87.27272727272728 87.87878787878788 88.48484848484848 89.09090909090909 89.6969696969697 90.30303030303031 90.90909090909091 91.51515151515152 92.12121212121212 92.72727272727273 93.33333333333334 93.93939393939395 94.54545454545455 95.15151515151516 95.75757575757576 96.36363636363637 96.96969696969697 97.57575757575758 98.18181818181819 98.7878787878788 99.39393939393941 100 100.6060606060606 101.2121212121212 101.8181818181818 102.4242424242424 103.030303030303 103.6363636363636 104.2424242424242 104.8484848484849 105.4545454545455 106.0606060606061 106.6666666666667 107.2727272727273 107.8787878787879 108.4848484848485 109.0909090909091 109.6969696969697 110.3030303030303 110.9090909090909 111.5151515151515 112.1212121212121 112.7272727272727 113.3333333333333 113.9393939393939 114.5454545454546 115.1515151515152 115.7575757575758 116.3636363636364 116.969696969697 117.5757575757576 118.1818181818182 118.7878787878788 119.3939393939394 120


# name: y
# type: matrix
# rows: 100
# columns: 1
 25448.46354313148
 25444.80439550471
 25441.14524787794
 25437.48610025119
 25433.82695262442
 25430.16780499765
 25426.50865737089
 25422.84950974413
 25419.19036211736
 25415.5312144906
 25411.87206686383
 25408.21291923707
 25404.55377161031
 25400.89462398354
 25397.23547635677
 25393.57632873001
 25389.91718110324
 25386.25803347648
 25382.59888584971
 25378.93973822295
 25375.28059059618
 25371.62144296942
 25367.96229534266
 25364.30314771589
 25360.64400008913
 25356.98485246236
 25353.3257048356
 25349.66655720884
 25346.00740958207
 25342.34826195531
 25338.68911432854
 25335.02996670178
 25331.37081907501
 25327.71167144825
 25324.05252382148
 25320.39337619472
 25316.73422856795
 25313.07508094119
 25309.41593331442
 25305.75678568766
 25302.0976380609
 25298.43849043413
 25294.77934280736
 25291.1201951806
 25287.46104755384
 25283.80189992707
 25280.14275230031
 25276.48360467354
 25272.82445704678
 25269.16530942001
 25265.50616179325
 25261.84701416648
 25258.18786653972
 25254.52871891296
 25250.86957128619
 25247.21042365943
 25243.55127603266
 25239.8921284059
 25236.23298077913
 25232.57383315237
 25228.9146855256
 25225.25553789884
 25221.59639027208
 25217.93724264531
 25214.27809501854
 25210.61894739178
 25206.95979976502
 25203.30065213825
 25199.64150451149
 25195.98235688472
 25192.32320925796
 25188.6640616312
 25185.00491400443
 25181.34576637766
 25177.6866187509
 25174.02747112413
 25170.36832349737
 25166.7091758706
 25163.05002824384
 25159.39088061708
 25155.73173299031
 25152.07258536354
 25148.41343773678
 25144.75429011002
 25141.09514248325
 25137.43599485648
 25133.77684722972
 25130.11769960295
 25126.4585519762
 25122.79940434943
 25119.14025672267
 25115.4811090959
 25111.82196146913
 25108.16281384237
 25104.50366621561
 25100.84451858884
 25097.18537096208
 25093.52622333531
 25089.86707570855
 25086.20792808179


# name: QUERY
# type: sq_string
# elements: 1
# length: 2
R5


# name: DATASIZE
# type: sq_string
# elements: 1
# length: 3
250


