# Created by Octave 4.0.0, Wed May 18 23:38:51 2016 CEST <peter@Independence>
# name: x
# type: matrix
# rows: 1
# columns: 100
 60 60.60606060606061 61.21212121212122 61.81818181818181 62.42424242424242 63.03030303030303 63.63636363636364 64.24242424242425 64.84848484848484 65.45454545454545 66.06060606060606 66.66666666666667 67.27272727272728 67.87878787878788 68.48484848484848 69.09090909090909 69.6969696969697 70.30303030303031 70.90909090909091 71.51515151515152 72.12121212121212 72.72727272727273 73.33333333333334 73.93939393939394 74.54545454545455 75.15151515151516 75.75757575757576 76.36363636363637 76.96969696969697 77.57575757575758 78.18181818181819 78.78787878787878 79.39393939393939 80 80.60606060606061 81.21212121212122 81.81818181818181 82.42424242424242 83.03030303030303 83.63636363636364 84.24242424242425 84.84848484848484 85.45454545454545 86.06060606060606 86.66666666666667 87.27272727272728 87.87878787878788 88.48484848484848 89.09090909090909 89.6969696969697 90.30303030303031 90.90909090909091 91.51515151515152 92.12121212121212 92.72727272727273 93.33333333333334 93.93939393939395 94.54545454545455 95.15151515151516 95.75757575757576 96.36363636363637 96.96969696969697 97.57575757575758 98.18181818181819 98.7878787878788 99.39393939393941 100 100.6060606060606 101.2121212121212 101.8181818181818 102.4242424242424 103.030303030303 103.6363636363636 104.2424242424242 104.8484848484849 105.4545454545455 106.0606060606061 106.6666666666667 107.2727272727273 107.8787878787879 108.4848484848485 109.0909090909091 109.6969696969697 110.3030303030303 110.9090909090909 111.5151515151515 112.1212121212121 112.7272727272727 113.3333333333333 113.9393939393939 114.5454545454546 115.1515151515152 115.7575757575758 116.3636363636364 116.969696969697 117.5757575757576 118.1818181818182 118.7878787878788 119.3939393939394 120


# name: y
# type: matrix
# rows: 1
# columns: 100
 25461.77077778466 25458.23351420937 25454.69625063409 25451.15898705881 25447.62172348352 25444.08445990824 25440.54719633295 25437.00993275767 25433.47266918239 25429.9354056071 25426.39814203182 25422.86087845654 25419.32361488125 25415.78635130597 25412.24908773068 25408.7118241554 25405.17456058012 25401.63729700483 25398.10003342955 25394.56276985427 25391.02550627898 25387.4882427037 25383.95097912841 25380.41371555313 25376.87645197785 25373.33918840257 25369.80192482728 25366.264661252 25362.72739767671 25359.19013410143 25355.65287052614 25352.11560695086 25348.57834337558 25345.0410798003 25341.50381622501 25337.96655264973 25334.42928907444 25330.89202549916 25327.35476192388 25323.81749834859 25320.28023477331 25316.74297119803 25313.20570762274 25309.66844404746 25306.13118047217 25302.59391689689 25299.05665332161 25295.51938974632 25291.98212617104 25288.44486259576 25284.90759902047 25281.37033544519 25277.8330718699 25274.29580829462 25270.75854471934 25267.22128114405 25263.68401756877 25260.14675399349 25256.6094904182 25253.07222684292 25249.53496326763 25245.99769969235 25242.46043611707 25238.92317254178 25235.3859089665 25231.84864539122 25228.31138181593 25224.77411824065 25221.23685466537 25217.69959109008 25214.1623275148 25210.62506393951 25207.08780036423 25203.55053678895 25200.01327321366 25196.47600963838 25192.9387460631 25189.40148248781 25185.86421891253 25182.32695533724 25178.78969176196 25175.25242818668 25171.71516461139 25168.17790103611 25164.64063746083 25161.10337388554 25157.56611031026 25154.02884673497 25150.49158315969 25146.95431958441 25143.41705600912 25139.87979243384 25136.34252885856 25132.80526528327 25129.26800170799 25125.7307381327 25122.19347455742 25118.65621098214 25115.11894740686 25111.58168383157


# name: QUERY
# type: sq_string
# elements: 1
# length: 2
R5


# name: DATASIZE
# type: sq_string
# elements: 1
# length: 3
250


