# Created by Octave 4.0.0, Wed May 18 23:38:51 2016 CEST <peter@Independence>
# name: x
# type: matrix
# rows: 1
# columns: 100
 60 60.60606060606061 61.21212121212122 61.81818181818181 62.42424242424242 63.03030303030303 63.63636363636364 64.24242424242425 64.84848484848484 65.45454545454545 66.06060606060606 66.66666666666667 67.27272727272728 67.87878787878788 68.48484848484848 69.09090909090909 69.6969696969697 70.30303030303031 70.90909090909091 71.51515151515152 72.12121212121212 72.72727272727273 73.33333333333334 73.93939393939394 74.54545454545455 75.15151515151516 75.75757575757576 76.36363636363637 76.96969696969697 77.57575757575758 78.18181818181819 78.78787878787878 79.39393939393939 80 80.60606060606061 81.21212121212122 81.81818181818181 82.42424242424242 83.03030303030303 83.63636363636364 84.24242424242425 84.84848484848484 85.45454545454545 86.06060606060606 86.66666666666667 87.27272727272728 87.87878787878788 88.48484848484848 89.09090909090909 89.6969696969697 90.30303030303031 90.90909090909091 91.51515151515152 92.12121212121212 92.72727272727273 93.33333333333334 93.93939393939395 94.54545454545455 95.15151515151516 95.75757575757576 96.36363636363637 96.96969696969697 97.57575757575758 98.18181818181819 98.7878787878788 99.39393939393941 100 100.6060606060606 101.2121212121212 101.8181818181818 102.4242424242424 103.030303030303 103.6363636363636 104.2424242424242 104.8484848484849 105.4545454545455 106.0606060606061 106.6666666666667 107.2727272727273 107.8787878787879 108.4848484848485 109.0909090909091 109.6969696969697 110.3030303030303 110.9090909090909 111.5151515151515 112.1212121212121 112.7272727272727 113.3333333333333 113.9393939393939 114.5454545454546 115.1515151515152 115.7575757575758 116.3636363636364 116.969696969697 117.5757575757576 118.1818181818182 118.7878787878788 119.3939393939394 120


# name: y
# type: matrix
# rows: 100
# columns: 1
 25195.45083375972
 25195.41400744925
 25195.37938002517
 25195.34686216478
 25195.31636639757
 25195.28780710519
 25195.26110052144
 25195.23616473233
 25195.21291967599
 25195.19128714274
 25195.17119077508
 25195.15255606766
 25195.13531036729
 25195.11938287297
 25195.10470463586
 25195.09120855928
 25195.07882939871
 25195.06750376183
 25195.05717010846
 25195.0477687506
 25195.0392418524
 25195.0315334302
 25195.02458935249
 25195.01835733995
 25195.0127869654
 25195.00782965385
 25195.00343868246
 25194.99956918057
 25194.9961781297
 25194.99322436349
 25194.9906685678
 25194.98847328063
 25194.98660289216
 25194.98502364473
 25194.98370363285
 25194.98261280319
 25194.98172295461
 25194.9810077381
 25194.98044265686
 25194.98000506623
 25194.97967417373
 25194.97943103904
 25194.97925857401
 25194.97914154266
 25194.97906656117
 25194.97902209789
 25194.97899847337
 25194.97898786026
 25194.97898428344
 25194.97898361993
 25194.97898359893
 25194.97898380178
 25194.97898566202
 25194.97899246534
 25194.9790093496
 25194.97904330484
 25194.97910317325
 25194.9791996492
 25194.97934527921
 25194.979554462
 25194.97984344843
 25194.98023034152
 25194.98073509649
 25194.98137952072
 25194.98218727372
 25194.98318386722
 25194.98439666509
 25194.98585488336
 25194.98758959026
 25194.98963370614
 25194.99202200356
 25194.99479110723
 25194.99797949403
 25195.00162749301
 25195.00577728538
 25195.01047290452
 25195.01576023599
 25195.0216870175
 25195.02830283893
 25195.03565914235
 25195.04380922197
 25195.05280822417
 25195.06271314752
 25195.07358284274
 25195.08547801272
 25195.09846121252
 25195.11259684937
 25195.12795118265
 25195.14459232393
 25195.16259023694
 25195.18201673758
 25195.20294549391
 25195.22545202617
 25195.24961370674
 25195.27550976021
 25195.30322126331
 25195.33283114493
 25195.36442418615
 25195.39808702021
 25195.43390813252


# name: QUERY
# type: sq_string
# elements: 1
# length: 2
R5


# name: DATASIZE
# type: sq_string
# elements: 1
# length: 3
250


