# Created by Octave 4.0.0, Sun May 22 18:35:30 2016 CEST <peter@Independence>
# name: x
# type: matrix
# rows: 1
# columns: 100
 60 60.60606060606061 61.21212121212122 61.81818181818181 62.42424242424242 63.03030303030303 63.63636363636364 64.24242424242425 64.84848484848484 65.45454545454545 66.06060606060606 66.66666666666667 67.27272727272728 67.87878787878788 68.48484848484848 69.09090909090909 69.6969696969697 70.30303030303031 70.90909090909091 71.51515151515152 72.12121212121212 72.72727272727273 73.33333333333334 73.93939393939394 74.54545454545455 75.15151515151516 75.75757575757576 76.36363636363637 76.96969696969697 77.57575757575758 78.18181818181819 78.78787878787878 79.39393939393939 80 80.60606060606061 81.21212121212122 81.81818181818181 82.42424242424242 83.03030303030303 83.63636363636364 84.24242424242425 84.84848484848484 85.45454545454545 86.06060606060606 86.66666666666667 87.27272727272728 87.87878787878788 88.48484848484848 89.09090909090909 89.6969696969697 90.30303030303031 90.90909090909091 91.51515151515152 92.12121212121212 92.72727272727273 93.33333333333334 93.93939393939395 94.54545454545455 95.15151515151516 95.75757575757576 96.36363636363637 96.96969696969697 97.57575757575758 98.18181818181819 98.7878787878788 99.39393939393941 100 100.6060606060606 101.2121212121212 101.8181818181818 102.4242424242424 103.030303030303 103.6363636363636 104.2424242424242 104.8484848484849 105.4545454545455 106.0606060606061 106.6666666666667 107.2727272727273 107.8787878787879 108.4848484848485 109.0909090909091 109.6969696969697 110.3030303030303 110.9090909090909 111.5151515151515 112.1212121212121 112.7272727272727 113.3333333333333 113.9393939393939 114.5454545454546 115.1515151515152 115.7575757575758 116.3636363636364 116.969696969697 117.5757575757576 118.1818181818182 118.7878787878788 119.3939393939394 120


# name: y
# type: matrix
# rows: 100
# columns: 1
 25355.54046606254
 25354.68216567297
 25353.85838170755
 25353.06840578873
 25352.31152953896
 25351.58704458068
 25350.89424253634
 25350.23241502838
 25349.60085367925
 25348.99885011139
 25348.42569594724
 25347.88068280926
 25347.36310231989
 25346.87224610156
 25346.40740577673
 25345.96787296784
 25345.55293929734
 25345.16189638767
 25344.79403586127
 25344.4486493406
 25344.12502844809
 25343.82246480619
 25343.54025003735
 25343.277675764
 25343.0340336086
 25342.8086151936
 25342.60071214142
 25342.40961607453
 25342.23461861536
 25342.07501138636
 25341.93008600998
 25341.79913410865
 25341.68144730483
 25341.57631722096
 25341.48303547948
 25341.40089370284
 25341.32918351349
 25341.26719653386
 25341.21422438641
 25341.16955869358
 25341.13249107781
 25341.10231316155
 25341.07831656724
 25341.05979291733
 25341.04603383427
 25341.03633094049
 25341.02997585844
 25341.02626021058
 25341.02447561933
 25341.02391370715
 25341.02386609649
 25341.02362440979
 25341.02248026948
 25341.01972529803
 25341.01465111786
 25341.00654935143
 25340.99471162119
 25340.97842954957
 25340.95699475902
 25340.92969887199
 25340.89583351093
 25340.85469029826
 25340.80556085645
 25340.74773680794
 25340.68050977517
 25340.60317138058
 25340.51501324663
 25340.41532699575
 25340.30340425039
 25340.17853663299
 25340.04001576601
 25339.88713327188
 25339.71918077306
 25339.53544989198
 25339.33523225109
 25339.11781947283
 25338.88250317966
 25338.62857499401
 25338.35532653833
 25338.06204943506
 25337.74803530665
 25337.41257577555
 25337.0549624642
 25336.67448699504
 25336.27044099052
 25335.84211607309
 25335.38880386519
 25334.90979598925
 25334.40438406774
 25333.87185972309
 25333.31151457775
 25332.72264025417
 25332.10452837478
 25331.45647056203
 25330.77775843838
 25330.06768362625
 25329.32553774811
 25328.55061242639
 25327.74219928353
 25326.89958994199


# name: QUERY
# type: sq_string
# elements: 1
# length: 2
R5


# name: DATASIZE
# type: sq_string
# elements: 1
# length: 3
250


