# Created by Octave 4.0.0, Wed May 18 23:38:51 2016 CEST <peter@Independence>
# name: x
# type: matrix
# rows: 1
# columns: 100
 60 60.60606060606061 61.21212121212122 61.81818181818181 62.42424242424242 63.03030303030303 63.63636363636364 64.24242424242425 64.84848484848484 65.45454545454545 66.06060606060606 66.66666666666667 67.27272727272728 67.87878787878788 68.48484848484848 69.09090909090909 69.6969696969697 70.30303030303031 70.90909090909091 71.51515151515152 72.12121212121212 72.72727272727273 73.33333333333334 73.93939393939394 74.54545454545455 75.15151515151516 75.75757575757576 76.36363636363637 76.96969696969697 77.57575757575758 78.18181818181819 78.78787878787878 79.39393939393939 80 80.60606060606061 81.21212121212122 81.81818181818181 82.42424242424242 83.03030303030303 83.63636363636364 84.24242424242425 84.84848484848484 85.45454545454545 86.06060606060606 86.66666666666667 87.27272727272728 87.87878787878788 88.48484848484848 89.09090909090909 89.6969696969697 90.30303030303031 90.90909090909091 91.51515151515152 92.12121212121212 92.72727272727273 93.33333333333334 93.93939393939395 94.54545454545455 95.15151515151516 95.75757575757576 96.36363636363637 96.96969696969697 97.57575757575758 98.18181818181819 98.7878787878788 99.39393939393941 100 100.6060606060606 101.2121212121212 101.8181818181818 102.4242424242424 103.030303030303 103.6363636363636 104.2424242424242 104.8484848484849 105.4545454545455 106.0606060606061 106.6666666666667 107.2727272727273 107.8787878787879 108.4848484848485 109.0909090909091 109.6969696969697 110.3030303030303 110.9090909090909 111.5151515151515 112.1212121212121 112.7272727272727 113.3333333333333 113.9393939393939 114.5454545454546 115.1515151515152 115.7575757575758 116.3636363636364 116.969696969697 117.5757575757576 118.1818181818182 118.7878787878788 119.3939393939394 120


# name: y
# type: matrix
# rows: 100
# columns: 1
 25499.76718477485
 25499.76728603416
 25499.76738322134
 25499.76747641997
 25499.76756571361
 25499.76765118584
 25499.76773292022
 25499.76781100034
 25499.76788550977
 25499.76795653206
 25499.76802415081
 25499.76808844957
 25499.76814951193
 25499.76820742145
 25499.7682622617
 25499.76831411626
 25499.7683630687
 25499.76840920259
 25499.7684526015
 25499.76849334901
 25499.76853152868
 25499.76856722409
 25499.76860051881
 25499.76863149642
 25499.76866024048
 25499.76868683456
 25499.76871136224
 25499.76873390709
 25499.76875455269
 25499.7687733826
 25499.76879048039
 25499.76880592965
 25499.76881981393
 25499.76883221681
 25499.76884322187
 25499.76885291267
 25499.76886137279
 25499.7688686858
 25499.76887493527
 25499.76888020477
 25499.76888457788
 25499.76888813817
 25499.7688909692
 25499.76889315456
 25499.76889477781
 25499.76889592252
 25499.76889667227
 25499.76889711063
 25499.76889732117
 25499.76889738746
 25499.76889739308
 25499.7688974216
 25499.76889755658
 25499.7688978816
 25499.76889848023
 25499.76889943605
 25499.76890083263
 25499.76890275353
 25499.76890528233
 25499.76890850261
 25499.76891249792
 25499.76891735186
 25499.76892314798
 25499.76892996986
 25499.76893790107
 25499.76894702519
 25499.76895742578
 25499.76896918642
 25499.76898239068
 25499.76899712213
 25499.76901346434
 25499.76903150089
 25499.76905131534
 25499.76907299128
 25499.76909661226
 25499.76912226187
 25499.76915002367
 25499.76917998124
 25499.76921221815
 25499.76924681796
 25499.76928386427
 25499.76932344062
 25499.7693656306
 25499.76941051778
 25499.76945818573
 25499.76950871802
 25499.76956219822
 25499.76961870992
 25499.76967833667
 25499.76974116205
 25499.76980726963
 25499.76987674298
 25499.76994966568
 25499.7700261213
 25499.77010619341
 25499.77018996558
 25499.77027752138
 25499.77036894439
 25499.77046431818
 25499.77056372631


# name: QUERY
# type: sq_string
# elements: 1
# length: 2
R5


# name: DATASIZE
# type: sq_string
# elements: 1
# length: 3
250


