# Created by Octave 4.0.0, Sun May 22 18:35:30 2016 CEST <peter@Independence>
# name: x
# type: matrix
# rows: 1
# columns: 100
 60 60.60606060606061 61.21212121212122 61.81818181818181 62.42424242424242 63.03030303030303 63.63636363636364 64.24242424242425 64.84848484848484 65.45454545454545 66.06060606060606 66.66666666666667 67.27272727272728 67.87878787878788 68.48484848484848 69.09090909090909 69.6969696969697 70.30303030303031 70.90909090909091 71.51515151515152 72.12121212121212 72.72727272727273 73.33333333333334 73.93939393939394 74.54545454545455 75.15151515151516 75.75757575757576 76.36363636363637 76.96969696969697 77.57575757575758 78.18181818181819 78.78787878787878 79.39393939393939 80 80.60606060606061 81.21212121212122 81.81818181818181 82.42424242424242 83.03030303030303 83.63636363636364 84.24242424242425 84.84848484848484 85.45454545454545 86.06060606060606 86.66666666666667 87.27272727272728 87.87878787878788 88.48484848484848 89.09090909090909 89.6969696969697 90.30303030303031 90.90909090909091 91.51515151515152 92.12121212121212 92.72727272727273 93.33333333333334 93.93939393939395 94.54545454545455 95.15151515151516 95.75757575757576 96.36363636363637 96.96969696969697 97.57575757575758 98.18181818181819 98.7878787878788 99.39393939393941 100 100.6060606060606 101.2121212121212 101.8181818181818 102.4242424242424 103.030303030303 103.6363636363636 104.2424242424242 104.8484848484849 105.4545454545455 106.0606060606061 106.6666666666667 107.2727272727273 107.8787878787879 108.4848484848485 109.0909090909091 109.6969696969697 110.3030303030303 110.9090909090909 111.5151515151515 112.1212121212121 112.7272727272727 113.3333333333333 113.9393939393939 114.5454545454546 115.1515151515152 115.7575757575758 116.3636363636364 116.969696969697 117.5757575757576 118.1818181818182 118.7878787878788 119.3939393939394 120


# name: y
# type: matrix
# rows: 100
# columns: 1
 25334.05782863802
 25334.04102408689
 25334.0258582399
 25334.01220068488
 25333.99992895347
 25333.98892819177
 25333.97909083794
 25333.97031630683
 25333.96251068151
 25333.9555864118
 25333.94946201985
 25333.94406181253
 25333.93931560098
 25333.93515842701
 25333.93153029648
 25333.92837591975
 25333.92564445897
 25333.92328928246
 25333.92126772601
 25333.91954086112
 25333.91807327032
 25333.91683282932
 25333.9157904963
 25333.91492010801
 25333.91419818295
 25333.91360373152
 25333.91311807307
 25333.91272466
 25333.91240890882
 25333.91215803814
 25333.91196091368
 25333.91180790022
 25333.9116907206
 25333.91160232156
 25333.91153674668
 25333.91148901624
 25333.91145501403
 25333.91143138121
 25333.91141541705
 25333.91140498671
 25333.91139843601
 25333.91139451306
 25333.91139229703
 25333.91139113374
 25333.91139057833
 25333.91139034485
 25333.91139026284
 25333.9113902409
 25333.91139023718
 25333.91139023692
 25333.91139023692
 25333.91139023696
 25333.91139023826
 25333.91139024885
 25333.91139029596
 25333.91139044536
 25333.91139082768
 25333.91139167169
 25333.91139334461
 25333.91139639929
 25333.91140162847
 25333.91141012598
 25333.91142335486
 25333.91144322253
 25333.91147216288
 25333.9115132254
 25333.91157017119
 25333.91164757601
 25333.9117509403
 25333.91188680616
 25333.91206288131
 25333.91228816998
 25333.91257311089
 25333.91292972206
 25333.9133717527
 25333.913914842
 25333.91457668499
 25333.91537720527
 25333.91633873477
 25333.91748620047
 25333.91884731809
 25333.92045279279
 25333.9223365268
 25333.92453583401
 25333.9270916616
 25333.93004881862
 25333.93345621146
 25333.93736708646
 25333.94183927931
 25333.94693547159
 25333.95272345416
 25333.95927639757
 25333.96667312948
 25333.97499841899
 25333.98434326799
 25333.99480520944
 25334.00648861271
 25334.01950499575
 25334.03397334442
 25334.0500204386


# name: QUERY
# type: sq_string
# elements: 1
# length: 2
R5


# name: DATASIZE
# type: sq_string
# elements: 1
# length: 3
250


