# Created by Octave 4.0.0, Wed May 18 23:38:51 2016 CEST <peter@Independence>
# name: x
# type: matrix
# rows: 1
# columns: 100
 60 60.60606060606061 61.21212121212122 61.81818181818181 62.42424242424242 63.03030303030303 63.63636363636364 64.24242424242425 64.84848484848484 65.45454545454545 66.06060606060606 66.66666666666667 67.27272727272728 67.87878787878788 68.48484848484848 69.09090909090909 69.6969696969697 70.30303030303031 70.90909090909091 71.51515151515152 72.12121212121212 72.72727272727273 73.33333333333334 73.93939393939394 74.54545454545455 75.15151515151516 75.75757575757576 76.36363636363637 76.96969696969697 77.57575757575758 78.18181818181819 78.78787878787878 79.39393939393939 80 80.60606060606061 81.21212121212122 81.81818181818181 82.42424242424242 83.03030303030303 83.63636363636364 84.24242424242425 84.84848484848484 85.45454545454545 86.06060606060606 86.66666666666667 87.27272727272728 87.87878787878788 88.48484848484848 89.09090909090909 89.6969696969697 90.30303030303031 90.90909090909091 91.51515151515152 92.12121212121212 92.72727272727273 93.33333333333334 93.93939393939395 94.54545454545455 95.15151515151516 95.75757575757576 96.36363636363637 96.96969696969697 97.57575757575758 98.18181818181819 98.7878787878788 99.39393939393941 100 100.6060606060606 101.2121212121212 101.8181818181818 102.4242424242424 103.030303030303 103.6363636363636 104.2424242424242 104.8484848484849 105.4545454545455 106.0606060606061 106.6666666666667 107.2727272727273 107.8787878787879 108.4848484848485 109.0909090909091 109.6969696969697 110.3030303030303 110.9090909090909 111.5151515151515 112.1212121212121 112.7272727272727 113.3333333333333 113.9393939393939 114.5454545454546 115.1515151515152 115.7575757575758 116.3636363636364 116.969696969697 117.5757575757576 118.1818181818182 118.7878787878788 119.3939393939394 120


# name: y
# type: matrix
# rows: 100
# columns: 1
 25329.22747989165
 25329.54125874699
 25329.84866335537
 25330.14969371679
 25330.44434983126
 25330.73263169877
 25331.01453931933
 25331.29007269293
 25331.55923181957
 25331.82201669925
 25332.07842733198
 25332.32846371775
 25332.57212585656
 25332.80941374842
 25333.04032739332
 25333.26486679126
 25333.48303194225
 25333.69482284628
 25333.90023950335
 25334.09928191346
 25334.29195007662
 25334.47824399282
 25334.65816366206
 25334.83170908435
 25334.99888025968
 25335.15967718805
 25335.31409986947
 25335.46214830393
 25335.60382249143
 25335.73912243198
 25335.86804812557
 25335.9905995722
 25336.10677677187
 25336.21657972459
 25336.32000843035
 25336.41706288915
 25336.507743101
 25336.59204906589
 25336.66998078382
 25336.7415382548
 25336.80672147881
 25336.86553045587
 25336.91796518598
 25336.96402566913
 25337.00371190532
 25337.03702389455
 25337.06396163683
 25337.08452513215
 25337.09871438051
 25337.10652938192
 25337.10797013637
 25337.10303664386
 25337.09172890439
 25337.07404691797
 25337.04999068459
 25337.01956020426
 25336.98275547697
 25336.93957650272
 25336.89002328151
 25336.83409581335
 25336.77179409823
 25336.70311813615
 25336.62806792711
 25336.54664347112
 25336.45884476817
 25336.36467181827
 25336.26412462141
 25336.15720317759
 25336.04390748682
 25335.92423754908
 25335.79819336439
 25335.66577493275
 25335.52698225414
 25335.38181532858
 25335.23027415606
 25335.07235873659
 25334.90806907016
 25334.73740515677
 25334.56036699642
 25334.37695458912
 25334.18716793486
 25333.99100703364
 25333.78847188547
 25333.57956249034
 25333.36427884825
 25333.14262095921
 25332.91458882321
 25332.68018244025
 25332.43940181034
 25332.19224693346
 25331.93871780964
 25331.67881443885
 25331.41253682111
 25331.13988495641
 25330.86085884475
 25330.57545848614
 25330.28368388057
 25329.98553502804
 25329.68101192855
 25329.37011458211


# name: QUERY
# type: sq_string
# elements: 1
# length: 2
R5


# name: DATASIZE
# type: sq_string
# elements: 1
# length: 3
250


