# Created by Octave 4.0.0, Sun May 22 18:35:30 2016 CEST <peter@Independence>
# name: x
# type: matrix
# rows: 1
# columns: 100
 60 60.60606060606061 61.21212121212122 61.81818181818181 62.42424242424242 63.03030303030303 63.63636363636364 64.24242424242425 64.84848484848484 65.45454545454545 66.06060606060606 66.66666666666667 67.27272727272728 67.87878787878788 68.48484848484848 69.09090909090909 69.6969696969697 70.30303030303031 70.90909090909091 71.51515151515152 72.12121212121212 72.72727272727273 73.33333333333334 73.93939393939394 74.54545454545455 75.15151515151516 75.75757575757576 76.36363636363637 76.96969696969697 77.57575757575758 78.18181818181819 78.78787878787878 79.39393939393939 80 80.60606060606061 81.21212121212122 81.81818181818181 82.42424242424242 83.03030303030303 83.63636363636364 84.24242424242425 84.84848484848484 85.45454545454545 86.06060606060606 86.66666666666667 87.27272727272728 87.87878787878788 88.48484848484848 89.09090909090909 89.6969696969697 90.30303030303031 90.90909090909091 91.51515151515152 92.12121212121212 92.72727272727273 93.33333333333334 93.93939393939395 94.54545454545455 95.15151515151516 95.75757575757576 96.36363636363637 96.96969696969697 97.57575757575758 98.18181818181819 98.7878787878788 99.39393939393941 100 100.6060606060606 101.2121212121212 101.8181818181818 102.4242424242424 103.030303030303 103.6363636363636 104.2424242424242 104.8484848484849 105.4545454545455 106.0606060606061 106.6666666666667 107.2727272727273 107.8787878787879 108.4848484848485 109.0909090909091 109.6969696969697 110.3030303030303 110.9090909090909 111.5151515151515 112.1212121212121 112.7272727272727 113.3333333333333 113.9393939393939 114.5454545454546 115.1515151515152 115.7575757575758 116.3636363636364 116.969696969697 117.5757575757576 118.1818181818182 118.7878787878788 119.3939393939394 120


# name: y
# type: matrix
# rows: 100
# columns: 1
 25293.97726457702
 25293.31912845073
 25292.67436200225
 25292.04296523158
 25291.42493813873
 25290.82028072368
 25290.22899298646
 25289.65107492704
 25289.08652654543
 25288.53534784164
 25287.99753881566
 25287.4730994675
 25286.96202979715
 25286.4643298046
 25285.97999948987
 25285.50903885296
 25285.05144789385
 25284.60722661256
 25284.17637500908
 25283.75889308342
 25283.35478083556
 25282.96403826552
 25282.58666537329
 25282.22266215888
 25281.87202862227
 25281.53476476348
 25281.2108705825
 25280.90034607934
 25280.60319125398
 25280.31940610644
 25280.04899063671
 25279.7919448448
 25279.54826873069
 25279.3179622944
 25279.10102553593
 25278.89745845526
 25278.7072610524
 25278.53043332736
 25278.36697528014
 25278.21688691072
 25278.08016821912
 25277.95681920533
 25277.84683986935
 25277.75023021118
 25277.66699023083
 25277.59711992829
 25277.54061930356
 25277.49748835664
 25277.46772708754
 25277.45133549625
 25277.44831358277
 25277.45866134711
 25277.48237878925
 25277.51946590921
 25277.56992270699
 25277.63374918257
 25277.71094533597
 25277.80151116717
 25277.9054466762
 25278.02275186303
 25278.15342672768
 25278.29747127014
 25278.45488549041
 25278.62566938849
 25278.80982296439
 25279.0073462181
 25279.21823914962
 25279.44250175896
 25279.68013404611
 25279.93113601107
 25280.19550765384
 25280.47324897442
 25280.76435997282
 25281.06884064903
 25281.38669100305
 25281.71791103489
 25282.06250074453
 25282.42046013199
 25282.79178919726
 25283.17648794035
 25283.57455636125
 25283.98599445996
 25284.41080223648
 25284.84897969081
 25285.30052682296
 25285.76544363292
 25286.2437301207
 25286.73538628628
 25287.24041212968
 25287.75880765089
 25288.29057284991
 25288.83570772675
 25289.39421228139
 25289.96608651385
 25290.55133042413
 25291.14994401221
 25291.76192727811
 25292.38728022182
 25293.02600284334
 25293.67809514268


# name: QUERY
# type: sq_string
# elements: 1
# length: 2
R5


# name: DATASIZE
# type: sq_string
# elements: 1
# length: 3
250


