# Created by Octave 4.0.0, Sun May 22 18:35:30 2016 CEST <peter@Independence>
# name: x
# type: matrix
# rows: 1
# columns: 100
 60 60.60606060606061 61.21212121212122 61.81818181818181 62.42424242424242 63.03030303030303 63.63636363636364 64.24242424242425 64.84848484848484 65.45454545454545 66.06060606060606 66.66666666666667 67.27272727272728 67.87878787878788 68.48484848484848 69.09090909090909 69.6969696969697 70.30303030303031 70.90909090909091 71.51515151515152 72.12121212121212 72.72727272727273 73.33333333333334 73.93939393939394 74.54545454545455 75.15151515151516 75.75757575757576 76.36363636363637 76.96969696969697 77.57575757575758 78.18181818181819 78.78787878787878 79.39393939393939 80 80.60606060606061 81.21212121212122 81.81818181818181 82.42424242424242 83.03030303030303 83.63636363636364 84.24242424242425 84.84848484848484 85.45454545454545 86.06060606060606 86.66666666666667 87.27272727272728 87.87878787878788 88.48484848484848 89.09090909090909 89.6969696969697 90.30303030303031 90.90909090909091 91.51515151515152 92.12121212121212 92.72727272727273 93.33333333333334 93.93939393939395 94.54545454545455 95.15151515151516 95.75757575757576 96.36363636363637 96.96969696969697 97.57575757575758 98.18181818181819 98.7878787878788 99.39393939393941 100 100.6060606060606 101.2121212121212 101.8181818181818 102.4242424242424 103.030303030303 103.6363636363636 104.2424242424242 104.8484848484849 105.4545454545455 106.0606060606061 106.6666666666667 107.2727272727273 107.8787878787879 108.4848484848485 109.0909090909091 109.6969696969697 110.3030303030303 110.9090909090909 111.5151515151515 112.1212121212121 112.7272727272727 113.3333333333333 113.9393939393939 114.5454545454546 115.1515151515152 115.7575757575758 116.3636363636364 116.969696969697 117.5757575757576 118.1818181818182 118.7878787878788 119.3939393939394 120


# name: y
# type: matrix
# rows: 100
# columns: 1
 25285.66226697496
 25284.38657272995
 25283.18704975133
 25282.06060382641
 25281.00420490312
 25280.01488709004
 25279.08974865638
 25278.225952032
 25277.42072380739
 25276.67135473367
 25275.97519972261
 25275.32967784662
 25274.73227233874
 25274.18053059265
 25273.67206416267
 25273.20454876377
 25272.77572427153
 25272.3833947222
 25272.02542831265
 25271.69975740038
 25271.40437850356
 25271.13735230096
 25270.89680363203
 25270.68092149681
 25270.48795905601
 25270.31623363098
 25270.1641267037
 25270.03008391678
 25269.91261507348
 25269.8102941377
 25269.72175923397
 25269.64571264746
 25269.58092082398
 25269.52621436998
 25269.48048805254
 25269.4427007994
 25269.41187569892
 25269.38710000008
 25269.36752511255
 25269.35236660658
 25269.34090421311
 25269.33248182368
 25269.32650749049
 25269.32245342637
 25269.31985600479
 25269.31831575986
 25269.31749738632
 25269.31712973956
 25269.3170058356
 25269.31698285111
 25269.31698212337
 25269.31698915034
 25269.31705359058
 25269.31728926332
 25269.31787414839
 25269.31905038631
 25269.32112427818
 25269.32446628579
 25269.32951103154
 25269.33675729848
 25269.34676803027
 25269.36017033126
 25269.37765546638
 25269.39997886126
 25269.42796010211
 25269.46248293581
 25269.50449526989
 25269.55500917248
 25269.61510087238
 25269.68591075901
 25269.76864338243
 25269.86456745337
 25269.97501584315
 25270.10138558376
 25270.24513786782
 25270.40779804857
 25270.59095563993
 25270.79626431643
 25271.02544191323
 25271.28027042614
 25271.56259601162
 25271.87432898675
 25272.21744382926
 25272.59397917752
 25273.00603783052
 25273.4557867479
 25273.94545704995
 25274.47734401757
 25275.05380709234
 25275.67726987643
 25276.35022013269
 25277.07520978458
 25277.85485491621
 25278.69183577233
 25279.58889675833
 25280.54884644022
 25281.57455754467
 25282.66896695898
 25283.83507573108
 25285.07594906957


# name: QUERY
# type: sq_string
# elements: 1
# length: 2
R5


# name: DATASIZE
# type: sq_string
# elements: 1
# length: 3
250


