# Created by Octave 3.8.2, Wed May 18 21:27:37 2016 CEST <Andrea@Andreas-MacBook-Pro.local>
# name: SVs
# type: cell
# rows: 1
# columns: 7
# name: <cell-element>
# type: sparse matrix
# nnz: 119
# rows: 7
# columns: 30
1 2 -1.337193150921092
2 2 -1.210655691626769
3 2 1.885359287323527
4 2 0.8325089986004898
5 2 0.6883833210258745
6 2 0.9903144015042211
7 2 -0.3004653956216556
1 3 -0.2929206298187589
2 3 -1.488742090341712
3 3 1.345133463999058
4 3 0.3111905148439615
5 3 0.8529159515310908
6 3 0.3608892210447001
7 3 -1.421014486881973
1 4 -0.3338489304447953
2 4 -0.3338489304447953
3 4 -0.3338489304447953
4 4 -0.3338489304447953
5 4 -0.3338489304447953
6 4 -0.3338489304447953
7 4 -0.3338489304447953
1 5 0.9441984996650539
2 5 -1.985011588982114
3 5 0.076662410692896
4 5 1.550744740022058
5 5 0.2326731023231832
6 5 -0.02540065859794611
7 5 -1.29973098088646
1 6 1.001225186276171
2 6 -2.114276461050963
3 6 -0.03074185827729636
4 6 2.088073669096489
5 6 0.01629937452286168
6 6 -0.4492128250620356
7 6 -1.302815195248237
1 7 0.07381399028193208
2 7 -0.7762388193719924
3 7 0.7174600663262642
4 7 0.6229917807243819
5 7 -0.8103703403685628
6 7 0.06297601915979832
7 7 2.301906740077014
1 8 0.1946028099458408
2 8 -0.6445534679307158
3 8 0.8369546211808897
4 8 0.4569619741063098
5 8 -1.162674214274371
6 8 0.770698053238813
7 8 1.696605515412411
1 12 0.1721361419157522
2 12 0.1683064151049802
3 12 0.3176657607250885
4 12 -0.2108365391614485
5 12 -1.064865617963606
6 12 0.4325575650482487
7 12 -1.256351958502206
1 13 0.1721361419157522
2 13 0.1683064151049802
3 13 0.3176657607250885
4 13 -0.2108365391614485
5 13 -1.064865617963606
6 13 0.4325575650482487
7 13 -1.256351958502206
1 14 -0.3745851483413544
2 14 -0.6272376892969906
3 14 1.321286118649728
4 14 2.601401847640891
5 14 -0.7742017733237569
6 14 1.89271789726109
7 14 0.3635201832916178
1 15 -0.3745851483413544
2 15 -0.6272376892969906
3 15 1.321286118649728
4 15 2.601401847640891
5 15 -0.7742017733237569
6 15 1.89271789726109
7 15 0.3635201832916178
1 19 -0.1850537285590771
2 19 -0.5654100977754196
3 19 -0.5066182541225208
4 19 0.9558661612126589
5 19 -1.425651160361616
6 19 1.319808563926923
7 19 0.7970983397743739
1 20 -0.1850537285590771
2 20 -0.5654100977754196
3 20 -0.5066182541225208
4 20 0.9558661612126589
5 20 -1.425651160361616
6 20 1.319808563926923
7 20 0.7970983397743739
1 22 0.1224975745977853
2 22 -0.5104802657426366
3 22 -0.07425770541953608
4 22 -1.071337843300909
5 22 -2.142638834142552
6 22 1.24631331989245
7 22 0.1351011156665105
1 23 0.1224975745977853
2 23 -0.5104802657426366
3 23 -0.07425770541953608
4 23 -1.071337843300909
5 23 -2.142638834142552
6 23 1.24631331989245
7 23 0.1351011156665105
1 24 0.6672200215559422
2 24 -0.7535389312204342
3 24 0.9658780596771024
4 24 -0.2146744995818266
5 24 -2.61247189135457
6 24 -0.3635768643022336
7 24 0.4065342197101866
1 25 0.6672200215559422
2 25 -0.7535389312204342
3 25 0.9658780596771024
4 25 -0.2146744995818266
5 25 -2.61247189135457
6 25 -0.3635768643022336
7 25 0.4065342197101866



# name: <cell-element>
# type: sparse matrix
# nnz: 170
# rows: 10
# columns: 30
1 2 -1.337193150921092
2 2 -0.5247151786953791
3 2 -1.210655691626769
4 2 1.885359287323527
5 2 0.8325089986004898
6 2 0.4025747739711288
7 2 0.6883833210258745
8 2 -0.07670417416682916
9 2 0.9903144015042211
10 2 -0.3004653956216556
1 3 -0.2929206298187589
2 3 -0.6674256596538829
3 3 -1.488742090341712
4 3 1.345133463999058
5 3 0.3111905148439615
6 3 0.5105576855916459
7 3 0.8529159515310908
8 3 0.6147246475325414
9 3 0.3608892210447001
10 3 -1.421014486881973
1 4 -0.3338489304447953
2 4 -0.3338489304447953
3 4 -0.3338489304447953
4 4 -0.3338489304447953
5 4 -0.3338489304447953
6 4 -0.3338489304447953
7 4 -0.3338489304447953
8 4 -0.3338489304447953
9 4 -0.3338489304447953
10 4 -0.3338489304447953
1 5 0.9441984996650539
2 5 -0.8360730375366349
3 5 -1.985011588982114
4 5 0.076662410692896
5 5 1.550744740022058
6 5 -0.0589356670792228
7 5 0.2326731023231832
8 5 0.5301140471136374
9 5 -0.02540065859794611
10 5 -1.29973098088646
1 6 1.001225186276171
2 6 -0.5942566261958563
3 6 -2.114276461050963
4 6 -0.03074185827729636
5 6 2.088073669096489
6 6 -0.3071091009782249
7 6 0.01629937452286168
8 6 -0.1130640156775729
9 6 -0.4492128250620356
10 6 -1.302815195248237
1 7 0.07381399028193208
2 7 -1.007718471249208
3 7 -0.7762388193719924
4 7 0.7174600663262642
5 7 0.6229917807243819
6 7 -0.3136030371435958
7 7 -0.8103703403685628
8 7 -1.238874601600389
9 7 0.06297601915979832
10 7 2.301906740077014
1 8 0.1946028099458408
2 8 -1.315822340598112
3 8 -0.6445534679307158
4 8 0.8369546211808897
5 8 0.4569619741063098
6 8 -0.5444667455944855
7 8 -1.162674214274371
8 8 -1.346845013299804
9 8 0.770698053238813
10 8 1.696605515412411
1 12 0.1721361419157522
2 12 0.7504248903423253
3 12 0.1683064151049802
4 12 0.3176657607250885
5 12 -0.2108365391614485
6 12 -0.1687095442429564
7 12 -1.064865617963606
8 12 0.3712819360758965
9 12 0.4325575650482487
10 12 -1.256351958502206
1 13 0.1721361419157522
2 13 0.7504248903423253
3 13 0.1683064151049802
4 13 0.3176657607250885
5 13 -0.2108365391614485
6 13 -0.1687095442429564
7 13 -1.064865617963606
8 13 0.3712819360758965
9 13 0.4325575650482487
10 13 -1.256351958502206
1 14 -0.3745851483413544
2 14 -0.8474695819785005
3 14 -0.6272376892969906
4 14 1.321286118649728
5 14 2.601401847640891
6 14 -0.8233326235717722
7 14 -0.7742017733237569
8 14 -0.8947437431183058
9 14 1.89271789726109
10 14 0.3635201832916178
1 15 -0.3745851483413544
2 15 -0.8474695819785005
3 15 -0.6272376892969906
4 15 1.321286118649728
5 15 2.601401847640891
6 15 -0.8233326235717722
7 15 -0.7742017733237569
8 15 -0.8947437431183058
9 15 1.89271789726109
10 15 0.3635201832916178
1 19 -0.1850537285590771
2 19 0.4768767751065547
3 19 -0.5654100977754196
4 19 -0.5066182541225208
5 19 0.9558661612126589
6 19 0.6013244847677669
7 19 -1.425651160361616
8 19 -1.416399651969536
9 19 1.319808563926923
10 19 0.7970983397743739
1 20 -0.1850537285590771
2 20 0.4768767751065547
3 20 -0.5654100977754196
4 20 -0.5066182541225208
5 20 0.9558661612126589
6 20 0.6013244847677669
7 20 -1.425651160361616
8 20 -1.416399651969536
9 20 1.319808563926923
10 20 0.7970983397743739
1 22 0.1224975745977853
2 22 -0.5741981678123029
3 22 -0.5104802657426366
4 22 -0.07425770541953608
5 22 -1.071337843300909
6 22 1.569104010597024
7 22 -2.142638834142552
8 22 -0.07775868904973754
9 22 1.24631331989245
10 22 0.1351011156665105
1 23 0.1224975745977853
2 23 -0.5741981678123029
3 23 -0.5104802657426366
4 23 -0.07425770541953608
5 23 -1.071337843300909
6 23 1.569104010597024
7 23 -2.142638834142552
8 23 -0.07775868904973754
9 23 1.24631331989245
10 23 0.1351011156665105
1 24 0.6672200215559422
2 24 0.03705156112029413
3 24 -0.7535389312204342
4 24 0.9658780596771024
5 24 -0.2146744995818266
6 24 1.718922970082599
7 24 -2.61247189135457
8 24 -0.06747875222211194
9 24 -0.3635768643022336
10 24 0.4065342197101866
1 25 0.6672200215559422
2 25 0.03705156112029413
3 25 -0.7535389312204342
4 25 0.9658780596771024
5 25 -0.2146744995818266
6 25 1.718922970082599
7 25 -2.61247189135457
8 25 -0.06747875222211194
9 25 -0.3635768643022336
10 25 0.4065342197101866



