# Created by Octave 3.8.2, Wed May 18 21:27:23 2016 CEST <Andrea@Andreas-MacBook-Pro.local>
# name: mu
# type: matrix
# rows: 1
# columns: 31
 222475.8947368421 89 47893 103544.7368421053 6.105263157894737 2807.421052631579 4288.368421052632 22966.68421052632 27156.68421052632 132693 132693 1 665.0526315789474 665.0526315789474 8759.736842105263 8759.736842105263 5311 5311 1 59932.15789473684 59932.15789473684 1 3716.052631578948 3716.052631578948 7210.157894736843 7210.157894736843 148443 148443 1 30 20


# name: sigma
# type: matrix
# rows: 1
# columns: 31
 20819.40385232204 0 2046.824722452913 10483.1702840638 0.3153017676423058 685.8504303895253 1020.381421633124 6181.968861604526 7123.82205508494 0 0 0 261.1152307750164 261.1152307750164 7001.710702409371 7001.710702409371 0 0 0 6701.609875106776 6701.609875106776 0 1428.170059656148 1428.170059656148 2343.817713407809 2343.817713407809 0 0 0 0 0


