# Created by Octave 4.0.0, Wed May 18 23:27:03 2016 CEST <peter@Independence>
# name: x
# type: matrix
# rows: 1
# columns: 100
 60 60.6060606060606 61.21212121212121 61.81818181818181 62.42424242424242 63.03030303030303 63.63636363636364 64.24242424242425 64.84848484848484 65.45454545454545 66.06060606060606 66.66666666666666 67.27272727272727 67.87878787878788 68.48484848484848 69.09090909090909 69.69696969696969 70.30303030303031 70.90909090909091 71.51515151515152 72.12121212121212 72.72727272727272 73.33333333333333 73.93939393939394 74.54545454545455 75.15151515151516 75.75757575757575 76.36363636363636 76.96969696969697 77.57575757575758 78.18181818181819 78.78787878787878 79.39393939393939 80 80.60606060606061 81.21212121212122 81.81818181818181 82.42424242424242 83.03030303030303 83.63636363636364 84.24242424242424 84.84848484848484 85.45454545454545 86.06060606060606 86.66666666666666 87.27272727272728 87.87878787878788 88.48484848484848 89.09090909090909 89.6969696969697 90.3030303030303 90.90909090909091 91.51515151515152 92.12121212121212 92.72727272727272 93.33333333333333 93.93939393939394 94.54545454545455 95.15151515151516 95.75757575757576 96.36363636363636 96.96969696969697 97.57575757575758 98.18181818181819 98.78787878787878 99.39393939393939 100 100.6060606060606 101.2121212121212 101.8181818181818 102.4242424242424 103.030303030303 103.6363636363636 104.2424242424242 104.8484848484848 105.4545454545455 106.0606060606061 106.6666666666667 107.2727272727273 107.8787878787879 108.4848484848485 109.0909090909091 109.6969696969697 110.3030303030303 110.9090909090909 111.5151515151515 112.1212121212121 112.7272727272727 113.3333333333333 113.9393939393939 114.5454545454545 115.1515151515152 115.7575757575758 116.3636363636364 116.969696969697 117.5757575757576 118.1818181818182 118.7878787878788 119.3939393939394 120


# name: y
# type: matrix
# rows: 100
# columns: 1
 63644.85773421184
 63482.23475388493
 63315.88042919877
 63145.86787582848
 62972.27334195855
 62795.17615189141
 62614.65864593295
 62430.80611661889
 62243.70674135166
 62053.451511523
 61860.13415820307
 61663.85107448211
 61464.70123455652
 61262.78610965528
 61058.20958090919
 60851.07784926834
 60641.49934257987
 60429.58461994074
 60215.4462734459
 59999.1988274555
 59780.95863550899
 59560.84377501779
 59338.97393987106
 59115.4703310932
 58890.45554569399
 58664.0534638553
 58436.38913460087
 58207.58866009806
 57977.77907874185
 57747.08824717432
 57515.6447213928
 57283.57763710278
 57051.01658947129
 56818.09151243801
 56584.93255774151
 56351.66997381821
 56118.43398473202
 55885.35466929122
 55652.56184051007
 55420.18492557041
 55188.35284643819
 54957.19390128826
 54726.83564688919
 54497.40478209794
 54269.02703261211
 54041.82703712532
 53815.92823502855
 53591.45275579725
 53368.52131020155
 53147.25308347325
 52927.76563055954
 52710.17477359078
 52494.59450168464
 52281.1368732054
 52069.91192059356
 51861.02755787512
 51654.58949095703
 51450.70113080918
 51249.4635096297
 51050.97520008421
 50855.33223770586
 50662.62804653648
 50472.95336808519
 50286.39619367434
 50103.04170023814
 49922.97218963291
 49746.26703151323
 49573.00260982205
 49403.25227293718
 49237.08628751138
 49074.57179603697
 48915.77277816072
 48760.75001576863
 48609.56106185492
 48462.26021318375
 48318.89848674645
 48179.52360001161
 48044.17995496024
 47912.90862589167
 47785.74735098206
 47662.73052757067
 47543.88921114479
 47429.25111798854
 47318.84063145649
 47212.67881182721
 47110.78340968812
 47013.16888279767
 46919.8464163669
 46830.82394669767
 46746.10618811125
 46665.69466309623
 46589.58773560169
 46517.78064739701
 46450.26555741701
 46387.03158400716
 46328.06484998076
 46273.34853039698
 46222.86290296583
 46176.58540098339
 46134.49066869856


# name: QUERY
# type: sq_string
# elements: 1
# length: 2
R1


# name: DATASIZE
# type: sq_string
# elements: 1
# length: 3
250


