# Created by Octave 4.0.0, Wed May 18 23:27:03 2016 CEST <peter@Independence>
# name: x
# type: matrix
# rows: 1
# columns: 100
 60 60.6060606060606 61.21212121212121 61.81818181818181 62.42424242424242 63.03030303030303 63.63636363636364 64.24242424242425 64.84848484848484 65.45454545454545 66.06060606060606 66.66666666666666 67.27272727272727 67.87878787878788 68.48484848484848 69.09090909090909 69.69696969696969 70.30303030303031 70.90909090909091 71.51515151515152 72.12121212121212 72.72727272727272 73.33333333333333 73.93939393939394 74.54545454545455 75.15151515151516 75.75757575757575 76.36363636363636 76.96969696969697 77.57575757575758 78.18181818181819 78.78787878787878 79.39393939393939 80 80.60606060606061 81.21212121212122 81.81818181818181 82.42424242424242 83.03030303030303 83.63636363636364 84.24242424242424 84.84848484848484 85.45454545454545 86.06060606060606 86.66666666666666 87.27272727272728 87.87878787878788 88.48484848484848 89.09090909090909 89.6969696969697 90.3030303030303 90.90909090909091 91.51515151515152 92.12121212121212 92.72727272727272 93.33333333333333 93.93939393939394 94.54545454545455 95.15151515151516 95.75757575757576 96.36363636363636 96.96969696969697 97.57575757575758 98.18181818181819 98.78787878787878 99.39393939393939 100 100.6060606060606 101.2121212121212 101.8181818181818 102.4242424242424 103.030303030303 103.6363636363636 104.2424242424242 104.8484848484848 105.4545454545455 106.0606060606061 106.6666666666667 107.2727272727273 107.8787878787879 108.4848484848485 109.0909090909091 109.6969696969697 110.3030303030303 110.9090909090909 111.5151515151515 112.1212121212121 112.7272727272727 113.3333333333333 113.9393939393939 114.5454545454545 115.1515151515152 115.7575757575758 116.3636363636364 116.969696969697 117.5757575757576 118.1818181818182 118.7878787878788 119.3939393939394 120


# name: y
# type: matrix
# rows: 1
# columns: 100
 59090.10747738082 59014.15802076706 58938.20856415331 58862.25910753955 58786.3096509258 58710.36019431205 58634.41073769829 58558.46128108454 58482.51182447078 58406.56236785703 58330.61291124328 58254.66345462952 58178.71399801577 58102.76454140202 58026.81508478826 57950.86562817451 57874.91617156076 57798.966714947 57723.01725833325 57647.0678017195 57571.11834510574 57495.16888849199 57419.21943187823 57343.26997526448 57267.32051865073 57191.37106203697 57115.42160542322 57039.47214880947 56963.52269219571 56887.57323558196 56811.6237789682 56735.67432235445 56659.7248657407 56583.77540912694 56507.82595251319 56431.87649589943 56355.92703928568 56279.97758267193 56204.02812605817 56128.07866944442 56052.12921283066 55976.17975621691 55900.23029960316 55824.2808429894 55748.33138637565 55672.38192976189 55596.43247314814 55520.48301653439 55444.53355992063 55368.58410330688 55292.63464669312 55216.68519007937 55140.73573346561 55064.78627685186 54988.83682023811 54912.88736362435 54836.9379070106 54760.98845039684 54685.03899378309 54609.08953716934 54533.14008055558 54457.19062394183 54381.24116732807 54305.29171071432 54229.34225410057 54153.39279748681 54077.44334087306 54001.4938842593 53925.54442764555 53849.5949710318 53773.64551441804 53697.69605780429 53621.74660119053 53545.79714457678 53469.84768796303 53393.89823134927 53317.94877473552 53241.99931812177 53166.04986150801 53090.10040489426 53014.1509482805 52938.20149166675 52862.252035053 52786.30257843924 52710.35312182549 52634.40366521174 52558.45420859798 52482.50475198423 52406.55529537048 52330.60583875672 52254.65638214297 52178.70692552922 52102.75746891546 52026.80801230171 51950.85855568795 51874.9090990742 51798.95964246044 51723.01018584669 51647.06072923294 51571.11127261918


# name: QUERY
# type: sq_string
# elements: 1
# length: 2
R1


# name: DATASIZE
# type: sq_string
# elements: 1
# length: 3
250


