# Created by Octave 4.0.0, Sun May 22 18:31:52 2016 CEST <peter@Independence>
# name: x
# type: matrix
# rows: 1
# columns: 100
 60 60.6060606060606 61.21212121212121 61.81818181818181 62.42424242424242 63.03030303030303 63.63636363636364 64.24242424242425 64.84848484848484 65.45454545454545 66.06060606060606 66.66666666666666 67.27272727272727 67.87878787878788 68.48484848484848 69.09090909090909 69.69696969696969 70.30303030303031 70.90909090909091 71.51515151515152 72.12121212121212 72.72727272727272 73.33333333333333 73.93939393939394 74.54545454545455 75.15151515151516 75.75757575757575 76.36363636363636 76.96969696969697 77.57575757575758 78.18181818181819 78.78787878787878 79.39393939393939 80 80.60606060606061 81.21212121212122 81.81818181818181 82.42424242424242 83.03030303030303 83.63636363636364 84.24242424242424 84.84848484848484 85.45454545454545 86.06060606060606 86.66666666666666 87.27272727272728 87.87878787878788 88.48484848484848 89.09090909090909 89.6969696969697 90.3030303030303 90.90909090909091 91.51515151515152 92.12121212121212 92.72727272727272 93.33333333333333 93.93939393939394 94.54545454545455 95.15151515151516 95.75757575757576 96.36363636363636 96.96969696969697 97.57575757575758 98.18181818181819 98.78787878787878 99.39393939393939 100 100.6060606060606 101.2121212121212 101.8181818181818 102.4242424242424 103.030303030303 103.6363636363636 104.2424242424242 104.8484848484848 105.4545454545455 106.0606060606061 106.6666666666667 107.2727272727273 107.8787878787879 108.4848484848485 109.0909090909091 109.6969696969697 110.3030303030303 110.9090909090909 111.5151515151515 112.1212121212121 112.7272727272727 113.3333333333333 113.9393939393939 114.5454545454545 115.1515151515152 115.7575757575758 116.3636363636364 116.969696969697 117.5757575757576 118.1818181818182 118.7878787878788 119.3939393939394 120


# name: y
# type: matrix
# rows: 100
# columns: 1
 60030.11270118979
 59931.48488561311
 59832.8570700366
 59734.22925446009
 59635.60143888346
 59536.97362330687
 59438.34580773031
 59339.71799215369
 59241.09017657715
 59142.46236100055
 59043.83454542401
 58945.20672984736
 58846.57891427082
 58747.95109869423
 58649.32328311769
 58550.6954675411
 58452.06765196456
 58353.43983638797
 58254.81202081133
 58156.18420523484
 58057.55638965827
 57958.92857408166
 57860.30075850509
 57761.67294292855
 57663.04512735196
 57564.41731177536
 57465.78949619883
 57367.16168062227
 57268.53386504567
 57169.9060494691
 57071.2782338925
 56972.65041831592
 56874.02260273934
 56775.39478716278
 56676.76697158621
 56578.13915600962
 56479.51134043306
 56380.88352485649
 56282.25570927992
 56183.62789370335
 56085.00007812678
 55986.37226255021
 55887.74444697363
 55789.11663139704
 55690.48881582048
 55591.86100024391
 55493.23318466733
 55394.60536909076
 55295.97755351418
 55197.34973793761
 55098.72192236104
 55000.09410678446
 54901.46629120789
 54802.83847563132
 54704.21066005473
 54605.58284447817
 54506.9550289016
 54408.32721332501
 54309.69939774844
 54211.07158217186
 54112.44376659529
 54013.81595101873
 53915.18813544215
 53816.56031986559
 53717.93250428902
 53619.30468871241
 53520.67687313587
 53422.0490575593
 53323.42124198273
 53224.79342640613
 53126.16561082954
 53027.53779525297
 52928.9099796764
 52830.28216409982
 52731.65434852328
 52633.02653294666
 52534.39871737012
 52435.77090179356
 52337.14308621699
 52238.51527064038
 52139.88745506384
 52041.25963948724
 51942.63182391067
 51844.00400833409
 51745.37619275755
 51646.74837718095
 51548.12056160441
 51449.49274602783
 51350.86493045123
 51252.23711487462
 51153.60929929811
 51054.98148372149
 50956.35366814496
 50857.72585256834
 50759.0980369918
 50660.47022141518
 50561.84240583867
 50463.21459026213
 50364.58677468554
 50265.95895910885


# name: QUERY
# type: sq_string
# elements: 1
# length: 2
R1


# name: DATASIZE
# type: sq_string
# elements: 1
# length: 3
250


