# Created by Octave 4.0.0, Sun May 22 18:31:38 2016 CEST <peter@Independence>
# name: mu
# type: matrix
# rows: 1
# columns: 8
 55330.609375 21113.546875 30182 2192.078125 3378.546875 10379.640625 24369.078125 90


# name: sigma
# type: matrix
# rows: 1
# columns: 8
 15843.56666256124 1963.188885701643 3445.526084649483 173.3479210608282 238.130078477696 5508.847557201247 12955.00024725967 22.25394561056747


