# Created by Octave 4.0.0, Wed May 18 23:27:03 2016 CEST <peter@Independence>
# name: x
# type: matrix
# rows: 1
# columns: 100
 60 60.6060606060606 61.21212121212121 61.81818181818181 62.42424242424242 63.03030303030303 63.63636363636364 64.24242424242425 64.84848484848484 65.45454545454545 66.06060606060606 66.66666666666666 67.27272727272727 67.87878787878788 68.48484848484848 69.09090909090909 69.69696969696969 70.30303030303031 70.90909090909091 71.51515151515152 72.12121212121212 72.72727272727272 73.33333333333333 73.93939393939394 74.54545454545455 75.15151515151516 75.75757575757575 76.36363636363636 76.96969696969697 77.57575757575758 78.18181818181819 78.78787878787878 79.39393939393939 80 80.60606060606061 81.21212121212122 81.81818181818181 82.42424242424242 83.03030303030303 83.63636363636364 84.24242424242424 84.84848484848484 85.45454545454545 86.06060606060606 86.66666666666666 87.27272727272728 87.87878787878788 88.48484848484848 89.09090909090909 89.6969696969697 90.3030303030303 90.90909090909091 91.51515151515152 92.12121212121212 92.72727272727272 93.33333333333333 93.93939393939394 94.54545454545455 95.15151515151516 95.75757575757576 96.36363636363636 96.96969696969697 97.57575757575758 98.18181818181819 98.78787878787878 99.39393939393939 100 100.6060606060606 101.2121212121212 101.8181818181818 102.4242424242424 103.030303030303 103.6363636363636 104.2424242424242 104.8484848484848 105.4545454545455 106.0606060606061 106.6666666666667 107.2727272727273 107.8787878787879 108.4848484848485 109.0909090909091 109.6969696969697 110.3030303030303 110.9090909090909 111.5151515151515 112.1212121212121 112.7272727272727 113.3333333333333 113.9393939393939 114.5454545454545 115.1515151515152 115.7575757575758 116.3636363636364 116.969696969697 117.5757575757576 118.1818181818182 118.7878787878788 119.3939393939394 120


# name: y
# type: matrix
# rows: 100
# columns: 1
 56696.2369419121
 56589.18224776531
 56488.54862886861
 56394.07404693907
 56305.50192282468
 56222.58113650434
 56145.06602708782
 56072.71639281579
 56005.29749105981
 55942.58003832235
 55884.34021023677
 55830.3596415673
 55780.42542620909
 55734.33011718817
 55691.87172666147
 55652.85372591682
 55617.08504537293
 55584.3800745794
 55554.55866221675
 55527.44611609638
 55502.87320316056
 55480.6761494825
 55460.69664026626
 55442.78181984682
 55426.78429169005
 55412.56211839271
 55399.97882168245
 55388.90338241782
 55379.21024058827
 55370.77929531412
 55363.49590484661
 55357.25088656787
 55351.9405169909
 55347.46653175963
 55343.73612564885
 55340.66195256427
 55338.16212554248
 55336.16021675095
 55334.58525748808
 55333.37173818314
 55332.4596083963
 55331.79427681862
 55331.32661127204
 55331.01293870944
 55330.81504521453
 55330.70017600198
 55330.6410354173
 55330.61578693691
 55330.60805316814
 55330.60691584921
 55330.60691584921
 55330.60805316814
 55330.61578693691
 55330.6410354173
 55330.70017600198
 55330.81504521453
 55331.01293870944
 55331.32661127204
 55331.79427681862
 55332.4596083963
 55333.37173818314
 55334.58525748808
 55336.16021675095
 55338.16212554248
 55340.66195256427
 55343.73612564885
 55347.46653175963
 55351.9405169909
 55357.25088656787
 55363.49590484661
 55370.77929531412
 55379.21024058827
 55388.90338241782
 55399.97882168245
 55412.56211839271
 55426.78429169005
 55442.78181984682
 55460.69664026626
 55480.6761494825
 55502.87320316056
 55527.44611609638
 55554.55866221675
 55584.3800745794
 55617.08504537293
 55652.85372591682
 55691.87172666147
 55734.33011718817
 55780.42542620909
 55830.3596415673
 55884.34021023677
 55942.58003832236
 56005.29749105981
 56072.71639281579
 56145.06602708782
 56222.58113650434
 56305.50192282468
 56394.07404693907
 56488.54862886861
 56589.18224776531
 56696.2369419121


# name: QUERY
# type: sq_string
# elements: 1
# length: 2
R1


# name: DATASIZE
# type: sq_string
# elements: 1
# length: 3
250


