# Created by Octave 4.0.0, Wed May 18 23:27:03 2016 CEST <peter@Independence>
# name: x
# type: matrix
# rows: 1
# columns: 100
 60 60.6060606060606 61.21212121212121 61.81818181818181 62.42424242424242 63.03030303030303 63.63636363636364 64.24242424242425 64.84848484848484 65.45454545454545 66.06060606060606 66.66666666666666 67.27272727272727 67.87878787878788 68.48484848484848 69.09090909090909 69.69696969696969 70.30303030303031 70.90909090909091 71.51515151515152 72.12121212121212 72.72727272727272 73.33333333333333 73.93939393939394 74.54545454545455 75.15151515151516 75.75757575757575 76.36363636363636 76.96969696969697 77.57575757575758 78.18181818181819 78.78787878787878 79.39393939393939 80 80.60606060606061 81.21212121212122 81.81818181818181 82.42424242424242 83.03030303030303 83.63636363636364 84.24242424242424 84.84848484848484 85.45454545454545 86.06060606060606 86.66666666666666 87.27272727272728 87.87878787878788 88.48484848484848 89.09090909090909 89.6969696969697 90.3030303030303 90.90909090909091 91.51515151515152 92.12121212121212 92.72727272727272 93.33333333333333 93.93939393939394 94.54545454545455 95.15151515151516 95.75757575757576 96.36363636363636 96.96969696969697 97.57575757575758 98.18181818181819 98.78787878787878 99.39393939393939 100 100.6060606060606 101.2121212121212 101.8181818181818 102.4242424242424 103.030303030303 103.6363636363636 104.2424242424242 104.8484848484848 105.4545454545455 106.0606060606061 106.6666666666667 107.2727272727273 107.8787878787879 108.4848484848485 109.0909090909091 109.6969696969697 110.3030303030303 110.9090909090909 111.5151515151515 112.1212121212121 112.7272727272727 113.3333333333333 113.9393939393939 114.5454545454545 115.1515151515152 115.7575757575758 116.3636363636364 116.969696969697 117.5757575757576 118.1818181818182 118.7878787878788 119.3939393939394 120


# name: y
# type: matrix
# rows: 100
# columns: 1
 57072.61268082274
 57054.14932679223
 57037.49439999633
 57022.5033316466
 57009.04039967115
 56996.9783601967
 56986.1980868715
 56976.58821802905
 56968.04481169258
 56960.47100842043
 56953.77670199214
 56947.87821793539
 56942.69799989378
 56938.16430383534
 56934.21090010189
 56930.77678329925
 56927.80589002812
 56925.24682445599
 56923.05259172955
 56921.18033922823
 56919.59110565834
 56918.24957798803
 56917.12385622318
 56916.18522602393
 56915.40793916217
 56914.76900181972
 56914.2479707274
 56913.82675714485
 56913.48943868116
 56913.22207895634
 56913.01255510363
 56912.85039311244
 56912.72661101236
 56912.63356989776
 56912.56483279326
 56912.5150313601
 56912.47974044316
 56912.45536045889
 56912.43900762406
 56912.4284120252
 56912.42182352898
 56912.41792553334
 56912.41575655938
 56912.41463968415
 56912.41411981418
 56912.41390879984
 56912.41383839049
 56912.41382103045
 56912.4138184958
 56912.41381837193
 56912.41381837193
 56912.4138184958
 56912.41382103045
 56912.41383839049
 56912.41390879984
 56912.41411981418
 56912.41463968415
 56912.41575655938
 56912.41792553334
 56912.42182352898
 56912.4284120252
 56912.43900762406
 56912.45536045889
 56912.47974044316
 56912.5150313601
 56912.56483279326
 56912.63356989776
 56912.72661101236
 56912.85039311244
 56913.01255510363
 56913.22207895634
 56913.48943868116
 56913.82675714485
 56914.2479707274
 56914.76900181972
 56915.40793916217
 56916.18522602393
 56917.12385622318
 56918.24957798803
 56919.59110565834
 56921.18033922823
 56923.05259172955
 56925.24682445599
 56927.80589002812
 56930.77678329925
 56934.21090010189
 56938.16430383534
 56942.69799989378
 56947.87821793539
 56953.77670199214
 56960.47100842043
 56968.04481169258
 56976.58821802905
 56986.1980868715
 56996.9783601967
 57009.04039967115
 57022.5033316466
 57037.49439999633
 57054.14932679223
 57072.61268082274


# name: QUERY
# type: sq_string
# elements: 1
# length: 2
R1


# name: DATASIZE
# type: sq_string
# elements: 1
# length: 3
250


