# Created by Octave 4.0.0, Sun May 22 18:31:52 2016 CEST <peter@Independence>
# name: x
# type: matrix
# rows: 1
# columns: 100
 60 60.6060606060606 61.21212121212121 61.81818181818181 62.42424242424242 63.03030303030303 63.63636363636364 64.24242424242425 64.84848484848484 65.45454545454545 66.06060606060606 66.66666666666666 67.27272727272727 67.87878787878788 68.48484848484848 69.09090909090909 69.69696969696969 70.30303030303031 70.90909090909091 71.51515151515152 72.12121212121212 72.72727272727272 73.33333333333333 73.93939393939394 74.54545454545455 75.15151515151516 75.75757575757575 76.36363636363636 76.96969696969697 77.57575757575758 78.18181818181819 78.78787878787878 79.39393939393939 80 80.60606060606061 81.21212121212122 81.81818181818181 82.42424242424242 83.03030303030303 83.63636363636364 84.24242424242424 84.84848484848484 85.45454545454545 86.06060606060606 86.66666666666666 87.27272727272728 87.87878787878788 88.48484848484848 89.09090909090909 89.6969696969697 90.3030303030303 90.90909090909091 91.51515151515152 92.12121212121212 92.72727272727272 93.33333333333333 93.93939393939394 94.54545454545455 95.15151515151516 95.75757575757576 96.36363636363636 96.96969696969697 97.57575757575758 98.18181818181819 98.78787878787878 99.39393939393939 100 100.6060606060606 101.2121212121212 101.8181818181818 102.4242424242424 103.030303030303 103.6363636363636 104.2424242424242 104.8484848484848 105.4545454545455 106.0606060606061 106.6666666666667 107.2727272727273 107.8787878787879 108.4848484848485 109.0909090909091 109.6969696969697 110.3030303030303 110.9090909090909 111.5151515151515 112.1212121212121 112.7272727272727 113.3333333333333 113.9393939393939 114.5454545454545 115.1515151515152 115.7575757575758 116.3636363636364 116.969696969697 117.5757575757576 118.1818181818182 118.7878787878788 119.3939393939394 120


# name: y
# type: matrix
# rows: 100
# columns: 1
 57691.93511765079
 57542.33614647452
 57398.78073905242
 57261.14428582257
 57129.30217722301
 57003.12980369181
 56882.50255566702
 56767.2958235867
 56657.3849978889
 56552.6454690117
 56452.95262739313
 56358.18186347128
 56268.20856768418
 56182.90813046991
 56102.1559422665
 56025.82739351204
 55953.79787464457
 55885.94277610215
 55822.13748832284
 55762.2574017447
 55706.17790680579
 55653.77439394416
 55604.92225359788
 55559.49687620499
 55517.37365220356
 55478.42797203166
 55442.53522612732
 55409.57080492862
 55379.41009887361
 55351.92849840035
 55327.0013939469
 55304.50417595132
 55284.31223485166
 55266.30096108597
 55250.34574509234
 55236.3219773088
 55224.10504817342
 55213.57034812425
 55204.59326759935
 55197.04919703679
 55190.81352687462
 55185.76164755089
 55181.76894950368
 55178.71082317102
 55176.46265899098
 55174.89984740163
 55173.89777884101
 55173.3318437472
 55173.07743255823
 55173.00993571218
 55173.0047436471
 55172.93724680105
 55172.68283561208
 55172.11690051826
 55171.11483195765
 55169.55202036829
 55167.30385618826
 55164.2457298556
 55160.25303180838
 55155.20115248465
 55148.96548232248
 55141.42141175992
 55132.44433123503
 55121.90963118586
 55109.69270205047
 55095.66893426693
 55079.7137182733
 55061.70244450762
 55041.51050340796
 55019.01328541237
 54994.08618095893
 54966.60458048566
 54936.44387443065
 54903.47945323196
 54867.58670732762
 54828.64102715571
 54786.51780315429
 54741.0924257614
 54692.24028541512
 54639.83677255348
 54583.75727761458
 54523.87719103643
 54460.07190325712
 54392.21680471471
 54320.18728584723
 54243.85873709277
 54163.10654888937
 54077.8061116751
 53987.832815888
 53893.06205196614
 53793.36921034758
 53688.62968147037
 53578.71885577258
 53463.51212369226
 53342.88487566746
 53216.71250213626
 53084.8703935367
 52947.23394030685
 52803.67853288475
 52654.07956170849


# name: QUERY
# type: sq_string
# elements: 1
# length: 2
R1


# name: DATASIZE
# type: sq_string
# elements: 1
# length: 3
250


