# Created by Octave 4.0.0, Wed May 18 23:27:03 2016 CEST <peter@Independence>
# name: x
# type: matrix
# rows: 1
# columns: 100
 60 60.6060606060606 61.21212121212121 61.81818181818181 62.42424242424242 63.03030303030303 63.63636363636364 64.24242424242425 64.84848484848484 65.45454545454545 66.06060606060606 66.66666666666666 67.27272727272727 67.87878787878788 68.48484848484848 69.09090909090909 69.69696969696969 70.30303030303031 70.90909090909091 71.51515151515152 72.12121212121212 72.72727272727272 73.33333333333333 73.93939393939394 74.54545454545455 75.15151515151516 75.75757575757575 76.36363636363636 76.96969696969697 77.57575757575758 78.18181818181819 78.78787878787878 79.39393939393939 80 80.60606060606061 81.21212121212122 81.81818181818181 82.42424242424242 83.03030303030303 83.63636363636364 84.24242424242424 84.84848484848484 85.45454545454545 86.06060606060606 86.66666666666666 87.27272727272728 87.87878787878788 88.48484848484848 89.09090909090909 89.6969696969697 90.3030303030303 90.90909090909091 91.51515151515152 92.12121212121212 92.72727272727272 93.33333333333333 93.93939393939394 94.54545454545455 95.15151515151516 95.75757575757576 96.36363636363636 96.96969696969697 97.57575757575758 98.18181818181819 98.78787878787878 99.39393939393939 100 100.6060606060606 101.2121212121212 101.8181818181818 102.4242424242424 103.030303030303 103.6363636363636 104.2424242424242 104.8484848484848 105.4545454545455 106.0606060606061 106.6666666666667 107.2727272727273 107.8787878787879 108.4848484848485 109.0909090909091 109.6969696969697 110.3030303030303 110.9090909090909 111.5151515151515 112.1212121212121 112.7272727272727 113.3333333333333 113.9393939393939 114.5454545454545 115.1515151515152 115.7575757575758 116.3636363636364 116.969696969697 117.5757575757576 118.1818181818182 118.7878787878788 119.3939393939394 120


# name: y
# type: matrix
# rows: 100
# columns: 1
 54991.72115123611
 54834.05540868755
 54679.60733435427
 54528.37692823626
 54380.36419033353
 54235.56912064608
 54093.99171917391
 53955.631985917
 53820.48992087538
 53688.56552404904
 53559.85879543797
 53434.36973504218
 53312.09834286166
 53193.04461889643
 53077.20856314646
 52964.59017561177
 52855.18945629237
 52749.00640518824
 52646.04102229938
 52546.29330762581
 52449.7632611675
 52356.45088292447
 52266.35617289673
 52179.47913108426
 52095.81975748706
 52015.37805210514
 51938.1540149385
 51864.14764598714
 51793.35894525105
 51725.78791273024
 51661.4345484247
 51600.29885233445
 51542.38082445947
 51487.68046479976
 51436.19777335534
 51387.93275012619
 51342.88539511231
 51301.05570831371
 51262.44368973039
 51227.04933936235
 51194.87265720958
 51165.91364327209
 51140.17229754988
 51117.64862004294
 51098.34261075128
 51082.25426967489
 51069.38359681379
 51059.73059216796
 51053.29525573741
 51050.07758752213
 51050.07758752213
 51053.29525573741
 51059.73059216796
 51069.38359681379
 51082.25426967489
 51098.34261075128
 51117.64862004294
 51140.17229754988
 51165.91364327209
 51194.87265720958
 51227.04933936235
 51262.44368973039
 51301.05570831371
 51342.88539511231
 51387.93275012619
 51436.19777335534
 51487.68046479976
 51542.38082445947
 51600.29885233445
 51661.4345484247
 51725.78791273024
 51793.35894525105
 51864.14764598714
 51938.1540149385
 52015.37805210514
 52095.81975748706
 52179.47913108426
 52266.35617289673
 52356.45088292447
 52449.7632611675
 52546.29330762581
 52646.04102229938
 52749.00640518824
 52855.18945629237
 52964.59017561177
 53077.20856314646
 53193.04461889643
 53312.09834286166
 53434.36973504218
 53559.85879543797
 53688.56552404904
 53820.48992087538
 53955.631985917
 54093.99171917391
 54235.56912064608
 54380.36419033353
 54528.37692823626
 54679.60733435427
 54834.05540868755
 54991.72115123611


# name: QUERY
# type: sq_string
# elements: 1
# length: 2
R1


# name: DATASIZE
# type: sq_string
# elements: 1
# length: 3
250


