# Created by Octave 4.0.0, Wed May 11 16:45:27 2016 CEST <peter@Independence>
# name: y
# type: matrix
# rows: 1
# columns: 100
 -42885.68643443871 -36318.79415296775 -29751.90187149675 -23185.00959002582 -16618.11730855485 -10051.22502708386 -3484.33274561289 3082.559535858076 9649.451817329042 16216.34409879998 22783.23638027097 29350.12866174194 35917.02094321293 42483.9132246839 49050.80550615484 55617.6977876258 62184.5900690968 68751.48235056776 75318.37463203873 81885.26691350969 88452.15919498066 95019.05147645166 101585.9437579226 108152.8360393936 114719.7283208646 121286.6206023355 127853.5128838065 134420.4051652775 140987.2974467484 147554.1897282194 154121.0820096904 160687.9742911613 167254.8665726323 173821.7588541033 180388.6511355743 186955.5434170452 193522.4356985162 200089.3279799872 206656.2202614581 213223.1125429291 219790.0048244001 226356.8971058711 232923.789387342 239490.681668813 246057.573950284 252624.4662317549 259191.3585132259 265758.2507946969 272325.1430761678 278892.0353576388 285458.9276391098 292025.8199205808 298592.7122020518 305159.6044835227 311726.4967649936 318293.3890464646 324860.2813279356 331427.1736094066 337994.0658908775 344560.9581723485 351127.8504538195 357694.7427352904 364261.6350167614 370828.5272982324 377395.4195797034 383962.3118611743 390529.2041426454 397096.0964241163 403662.9887055872 410229.8809870583 416796.7732685292 423363.6655500002 429930.5578314711 436497.450112942 443064.342394413 449631.234675884 456198.126957355 462765.019238826 469331.9115202969 475898.8038017679 482465.6960832389 489032.5883647099 495599.4806461808 502166.3729276517 508733.2652091228 515300.1574905937 521867.0497720647 528433.9420535357 535000.8343350067 541567.7266164776 548134.6188979486 554701.5111794196 561268.4034608905 567835.2957423616 574402.1880238325 580969.0803053034 587535.9725867745 594102.8648682454 600669.7571497164 607236.6494311873


