# Created by Octave 4.0.0, Wed May 11 16:46:33 2016 CEST <peter@Independence>
# name: y
# type: matrix
# rows: 1
# columns: 100
 23323.31780380935 23425.81414159479 23528.31047938023 23630.80681716567 23733.3031549511 23835.79949273654 23938.29583052198 24040.79216830742 24143.28850609285 24245.78484387829 24348.28118166373 24450.77751944916 24553.2738572346 24655.77019502004 24758.26653280548 24860.76287059091 24963.25920837635 25065.75554616179 25168.25188394722 25270.74822173266 25373.2445595181 25475.74089730353 25578.23723508897 25680.73357287441 25783.22991065985 25885.72624844528 25988.22258623072 26090.71892401616 26193.2152618016 26295.71159958703 26398.20793737247 26500.70427515791 26603.20061294335 26705.69695072878 26808.19328851422 26910.68962629966 27013.1859640851 27115.68230187053 27218.17863965597 27320.67497744141 27423.17131522684 27525.66765301228 27628.16399079772 27730.66032858316 27833.15666636859 27935.65300415403 28038.14934193947 28140.6456797249 28243.14201751034 28345.63835529578 28448.13469308121 28550.63103086665 28653.12736865209 28755.62370643753 28858.12004422296 28960.6163820084 29063.11271979384 29165.60905757928 29268.10539536471 29370.60173315015 29473.09807093559 29575.59440872103 29678.09074650646 29780.5870842919 29883.08342207734 29985.57975986278 30088.07609764821 30190.57243543365 30293.06877321909 30395.56511100452 30498.06144878996 30600.5577865754 30703.05412436083 30805.55046214627 30908.04679993171 31010.54313771715 31113.03947550258 31215.53581328802 31318.03215107346 31420.5284888589 31523.02482664433 31625.52116442977 31728.01750221521 31830.51384000064 31933.01017778608 32035.50651557152 32138.00285335696 32240.49919114239 32342.99552892783 32445.49186671327 32547.98820449871 32650.48454228414 32752.98088006958 32855.47721785502 32957.97355564046 33060.46989342589 33162.96623121133 33265.46256899677 33367.9589067822 33470.45524456764


