# Created by Octave 4.0.0, Wed May 18 23:33:32 2016 CEST <peter@Independence>
# name: x
# type: matrix
# rows: 1
# columns: 100
 60 60.60606060606061 61.21212121212121 61.81818181818181 62.42424242424242 63.03030303030303 63.63636363636364 64.24242424242425 64.84848484848484 65.45454545454545 66.06060606060606 66.66666666666667 67.27272727272728 67.87878787878788 68.48484848484848 69.09090909090909 69.6969696969697 70.30303030303031 70.90909090909091 71.51515151515152 72.12121212121212 72.72727272727273 73.33333333333333 73.93939393939394 74.54545454545455 75.15151515151516 75.75757575757576 76.36363636363636 76.96969696969697 77.57575757575758 78.18181818181819 78.78787878787878 79.39393939393939 80 80.60606060606061 81.21212121212122 81.81818181818181 82.42424242424242 83.03030303030303 83.63636363636364 84.24242424242424 84.84848484848484 85.45454545454545 86.06060606060606 86.66666666666667 87.27272727272728 87.87878787878788 88.48484848484848 89.09090909090909 89.6969696969697 90.3030303030303 90.90909090909091 91.51515151515152 92.12121212121212 92.72727272727273 93.33333333333333 93.93939393939394 94.54545454545455 95.15151515151516 95.75757575757575 96.36363636363637 96.96969696969697 97.57575757575758 98.18181818181819 98.78787878787878 99.39393939393939 100 100.6060606060606 101.2121212121212 101.8181818181818 102.4242424242424 103.030303030303 103.6363636363636 104.2424242424242 104.8484848484848 105.4545454545455 106.0606060606061 106.6666666666667 107.2727272727273 107.8787878787879 108.4848484848485 109.0909090909091 109.6969696969697 110.3030303030303 110.9090909090909 111.5151515151515 112.1212121212121 112.7272727272727 113.3333333333333 113.9393939393939 114.5454545454545 115.1515151515152 115.7575757575758 116.3636363636364 116.969696969697 117.5757575757576 118.1818181818182 118.7878787878788 119.3939393939394 120


# name: y
# type: matrix
# rows: 100
# columns: 1
 668392.3712111111
 666138.3152012215
 663817.3012661191
 661430.3312514465
 658978.4643059397
 656462.8160611859
 653884.5577417823
 651244.9152070269
 648545.1679253746
 645786.6478830054
 642970.7384279532
 640098.8730513463
 637172.5341074129
 634193.251473996
 631162.6011554195
 628082.2038296334
 624953.7233416516
 621778.8651453773
 618559.3746959908
 615297.0357951416
 611993.668891262
 608651.1293373796
 605271.305608866
 601856.117483618
 598407.5141872111
 594927.4725056177
 591417.9948681196
 587881.1074030789
 584318.8579692667
 580733.3141654701
 577126.5613211236
 573500.7004707236
 569857.8463147962
 566200.1251701983
 562529.6729125263
 558848.6329134129
 555159.1539754721
 551463.3882676526
 547763.4892637287
 544061.6096866487
 540359.8994614212
 536660.5036791996
 532965.5605751823
 529277.1995229094
 525597.5390474919
 521928.6848602656
 518272.7279173033
 514631.742504171
 511007.784349253
 507402.8887679073
 503819.0688396507
 500258.3136205031
 496722.5863925522
 493213.822952724
 489733.9299426699
 486284.783221605
 482868.2262838481
 479486.0687227362
 476140.0847425001
 472832.0117196018
 469563.5488149506
 466336.3556383238
 463152.0509662299
 460012.2115143649
 456918.3707657166
 453872.0178552869
 450874.5965123065
 447927.504060725
 445032.0904786732
 442189.6575174951
 439401.457880863
 436668.6944643955
 433992.5196561085
 431374.034697941
 428814.2891085102
 426314.2801671599
 423874.9524592857
 421497.1974828313
 419181.8533157682
 416929.7043442935
 414741.4810513919
 412617.8598653412
 410559.4630676538
 408566.8587598784
 406640.5608886129
 404781.0293280082
 402988.6700189738
 401263.8351642329
 399606.8234783107
 398017.8804914739
 396497.1989065888
 395044.9190078024
 393661.1291198994
 392345.8661171394
 391099.1159803238
 389920.814400804
 388810.8474300915
 387769.0521736949
 386795.2175277688
 385889.084957122


# name: QUERY
# type: sq_string
# elements: 1
# length: 2
R3


# name: DATASIZE
# type: sq_string
# elements: 1
# length: 3
500


