# Created by Octave 4.0.0, Sun May 22 18:33:57 2016 CEST <peter@Independence>
# name: x
# type: matrix
# rows: 1
# columns: 100
 60 60.60606060606061 61.21212121212121 61.81818181818181 62.42424242424242 63.03030303030303 63.63636363636364 64.24242424242425 64.84848484848484 65.45454545454545 66.06060606060606 66.66666666666667 67.27272727272728 67.87878787878788 68.48484848484848 69.09090909090909 69.6969696969697 70.30303030303031 70.90909090909091 71.51515151515152 72.12121212121212 72.72727272727273 73.33333333333333 73.93939393939394 74.54545454545455 75.15151515151516 75.75757575757576 76.36363636363636 76.96969696969697 77.57575757575758 78.18181818181819 78.78787878787878 79.39393939393939 80 80.60606060606061 81.21212121212122 81.81818181818181 82.42424242424242 83.03030303030303 83.63636363636364 84.24242424242424 84.84848484848484 85.45454545454545 86.06060606060606 86.66666666666667 87.27272727272728 87.87878787878788 88.48484848484848 89.09090909090909 89.6969696969697 90.3030303030303 90.90909090909091 91.51515151515152 92.12121212121212 92.72727272727273 93.33333333333333 93.93939393939394 94.54545454545455 95.15151515151516 95.75757575757575 96.36363636363637 96.96969696969697 97.57575757575758 98.18181818181819 98.78787878787878 99.39393939393939 100 100.6060606060606 101.2121212121212 101.8181818181818 102.4242424242424 103.030303030303 103.6363636363636 104.2424242424242 104.8484848484848 105.4545454545455 106.0606060606061 106.6666666666667 107.2727272727273 107.8787878787879 108.4848484848485 109.0909090909091 109.6969696969697 110.3030303030303 110.9090909090909 111.5151515151515 112.1212121212121 112.7272727272727 113.3333333333333 113.9393939393939 114.5454545454545 115.1515151515152 115.7575757575758 116.3636363636364 116.969696969697 117.5757575757576 118.1818181818182 118.7878787878788 119.3939393939394 120


# name: y
# type: matrix
# rows: 100
# columns: 1
 673342.6514546417
 670923.3216418928
 668434.4764519888
 665877.2226701308
 663252.7289888483
 660562.2251077427
 657807.0007549187
 654988.4046312686
 652107.8432788992
 649166.7798751181
 646166.7329535268
 643109.2750538791
 639996.0313024913
 636828.6779251006
 633608.9406941819
 630338.5933128423
 627019.4557375122
 623653.3924417563
 620242.3106236233
 616788.1583590404
 613292.9227038473
 609758.6277471468
 606187.3326187221
 602581.1294533469
 598942.1413148738
 595272.5200830522
 591574.4443060792
 587850.1170219376
 584101.7635516158
 580331.6292673444
 576541.9773390178
 572735.0864619892
 568913.248569454
 565078.7665326468
 561233.9518520886
 557381.1223431175
 553522.5998189416
 549660.7077744365
 545797.7690738965
 541936.1036459305
 538078.0261886659
 534225.8438883899
 530381.854154726
 526548.3423753952
 522727.5796935677
 518921.8208107584
 515133.3018181596
 511364.2380592449
 507616.8220264097
 503893.221294345
 500195.5764927634
 496525.9993210183
 492886.570607076
 489279.3384132084
 485706.3161906906
 482169.4809856918
 478670.7716984461
 475212.0873977026
 471795.285692341
 468422.1811619416
 465094.5438479905
 461814.0978072938
 458582.5197290633
 455401.4376170279
 452272.429537811
 449197.0224367006
 446176.6910218272
 443212.8567176495
 440306.8866885309
 437460.0929330799
 434673.731449809
 431949.0014745544
 429287.0447899853
 426688.9451074197
 424155.7275210492
 421688.3580345685
 419287.743160094
 416954.7295891484
 414690.103935384
 412494.5925486118
 410368.8613996035
 408313.5160350318
 406329.1016018204
 404416.1029400774
 402574.9447436963
 400805.9917876179
 399109.549220663
 397485.8629227579
 395935.1199253009
 394457.4488933359
 393052.9206681288
 391721.5488686705
 390463.2905505667
 389278.0469207076
 388165.6641060541
 387125.9339748203
 386158.5950082806
 385263.333221379
 384439.7831302773
 383687.5287649335


# name: QUERY
# type: sq_string
# elements: 1
# length: 2
R3


# name: DATASIZE
# type: sq_string
# elements: 1
# length: 3
500


