# Created by Octave 4.0.0, Sun May 22 18:33:57 2016 CEST <peter@Independence>
# name: x
# type: matrix
# rows: 1
# columns: 100
 60 60.60606060606061 61.21212121212121 61.81818181818181 62.42424242424242 63.03030303030303 63.63636363636364 64.24242424242425 64.84848484848484 65.45454545454545 66.06060606060606 66.66666666666667 67.27272727272728 67.87878787878788 68.48484848484848 69.09090909090909 69.6969696969697 70.30303030303031 70.90909090909091 71.51515151515152 72.12121212121212 72.72727272727273 73.33333333333333 73.93939393939394 74.54545454545455 75.15151515151516 75.75757575757576 76.36363636363636 76.96969696969697 77.57575757575758 78.18181818181819 78.78787878787878 79.39393939393939 80 80.60606060606061 81.21212121212122 81.81818181818181 82.42424242424242 83.03030303030303 83.63636363636364 84.24242424242424 84.84848484848484 85.45454545454545 86.06060606060606 86.66666666666667 87.27272727272728 87.87878787878788 88.48484848484848 89.09090909090909 89.6969696969697 90.3030303030303 90.90909090909091 91.51515151515152 92.12121212121212 92.72727272727273 93.33333333333333 93.93939393939394 94.54545454545455 95.15151515151516 95.75757575757575 96.36363636363637 96.96969696969697 97.57575757575758 98.18181818181819 98.78787878787878 99.39393939393939 100 100.6060606060606 101.2121212121212 101.8181818181818 102.4242424242424 103.030303030303 103.6363636363636 104.2424242424242 104.8484848484848 105.4545454545455 106.0606060606061 106.6666666666667 107.2727272727273 107.8787878787879 108.4848484848485 109.0909090909091 109.6969696969697 110.3030303030303 110.9090909090909 111.5151515151515 112.1212121212121 112.7272727272727 113.3333333333333 113.9393939393939 114.5454545454545 115.1515151515152 115.7575757575758 116.3636363636364 116.969696969697 117.5757575757576 118.1818181818182 118.7878787878788 119.3939393939394 120


# name: y
# type: matrix
# rows: 1
# columns: 100
 579115.4278651101 579065.0779465464 579014.7280279825 578964.3781094188 578914.0281908551 578863.6782722912 578813.3283537275 578762.9784351636 578712.6285165999 578662.2785980362 578611.9286794723 578561.5787609086 578511.2288423447 578460.878923781 578410.5290052172 578360.1790866534 578309.8291680897 578259.4792495258 578209.1293309621 578158.7794123983 578108.4294938345 578058.0795752708 578007.7296567069 577957.3797381432 577907.0298195794 577856.6799010156 577806.3299824519 577755.980063888 577705.6301453243 577655.2802267605 577604.9303081967 577554.580389633 577504.2304710691 577453.8805525054 577403.5306339416 577353.1807153778 577302.8307968141 577252.4808782502 577202.1309596865 577151.7810411227 577101.4311225589 577051.0812039952 577000.7312854313 576950.3813668676 576900.0314483038 576849.68152974 576799.3316111763 576748.9816926124 576698.6317740487 576648.2818554849 576597.9319369211 576547.5820183574 576497.2320997935 576446.8821812298 576396.532262666 576346.1823441022 576295.8324255385 576245.4825069746 576195.1325884109 576144.7826698471 576094.4327512833 576044.0828327195 575993.7329141557 575943.382995592 575893.0330770282 575842.6831584644 575792.3332399006 575741.9833213368 575691.6334027731 575641.2834842093 575590.9335656455 575540.5836470817 575490.2337285179 575439.8838099542 575389.5338913904 575339.1839728266 575288.8340542628 575238.484135699 575188.1342171353 575137.7842985715 575087.4343800077 575037.0844614439 574986.7345428801 574936.3846243164 574886.0347057525 574835.6847871888 574785.334868625 574734.9849500612 574684.6350314975 574634.2851129336 574583.9351943699 574533.5852758061 574483.2353572423 574432.8854386786 574382.5355201147 574332.185601551 574281.8356829872 574231.4857644234 574181.1358458597 574130.7859272958


# name: QUERY
# type: sq_string
# elements: 1
# length: 2
R3


# name: DATASIZE
# type: sq_string
# elements: 1
# length: 3
500


