# Created by Octave 4.0.0, Wed May 18 23:33:32 2016 CEST <peter@Independence>
# name: x
# type: matrix
# rows: 1
# columns: 100
 60 60.60606060606061 61.21212121212121 61.81818181818181 62.42424242424242 63.03030303030303 63.63636363636364 64.24242424242425 64.84848484848484 65.45454545454545 66.06060606060606 66.66666666666667 67.27272727272728 67.87878787878788 68.48484848484848 69.09090909090909 69.6969696969697 70.30303030303031 70.90909090909091 71.51515151515152 72.12121212121212 72.72727272727273 73.33333333333333 73.93939393939394 74.54545454545455 75.15151515151516 75.75757575757576 76.36363636363636 76.96969696969697 77.57575757575758 78.18181818181819 78.78787878787878 79.39393939393939 80 80.60606060606061 81.21212121212122 81.81818181818181 82.42424242424242 83.03030303030303 83.63636363636364 84.24242424242424 84.84848484848484 85.45454545454545 86.06060606060606 86.66666666666667 87.27272727272728 87.87878787878788 88.48484848484848 89.09090909090909 89.6969696969697 90.3030303030303 90.90909090909091 91.51515151515152 92.12121212121212 92.72727272727273 93.33333333333333 93.93939393939394 94.54545454545455 95.15151515151516 95.75757575757575 96.36363636363637 96.96969696969697 97.57575757575758 98.18181818181819 98.78787878787878 99.39393939393939 100 100.6060606060606 101.2121212121212 101.8181818181818 102.4242424242424 103.030303030303 103.6363636363636 104.2424242424242 104.8484848484848 105.4545454545455 106.0606060606061 106.6666666666667 107.2727272727273 107.8787878787879 108.4848484848485 109.0909090909091 109.6969696969697 110.3030303030303 110.9090909090909 111.5151515151515 112.1212121212121 112.7272727272727 113.3333333333333 113.9393939393939 114.5454545454545 115.1515151515152 115.7575757575758 116.3636363636364 116.969696969697 117.5757575757576 118.1818181818182 118.7878787878788 119.3939393939394 120


# name: y
# type: matrix
# rows: 100
# columns: 1
 575980.1371243894
 575878.7092478779
 575777.2813713666
 575675.853494855
 575574.4256183436
 575472.9977418322
 575371.5698653207
 575270.1419888093
 575168.7141122977
 575067.2862357865
 574965.858359275
 574864.4304827636
 574763.0026062522
 574661.5747297407
 574560.1468532293
 574458.7189767179
 574357.2911002064
 574255.8632236948
 574154.4353471835
 574053.0074706721
 573951.5795941607
 573850.1517176492
 573748.7238411377
 573647.2959646264
 573545.8680881148
 573444.4402116034
 573343.0123350919
 573241.5844585806
 573140.1565820691
 573038.7287055576
 572937.3008290463
 572835.8729525348
 572734.4450760233
 572633.017199512
 572531.5893230005
 572430.161446489
 572328.7335699776
 572227.3056934662
 572125.8778169547
 572024.4499404433
 571923.0220639319
 571821.5941874204
 571720.166310909
 571618.7384343976
 571517.3105578861
 571415.8826813747
 571314.4548048633
 571213.0269283518
 571111.5990518404
 571010.1711753289
 570908.7432988175
 570807.3154223061
 570705.8875457946
 570604.4596692832
 570503.0317927718
 570401.6039162603
 570300.1760397489
 570198.7481632375
 570097.320286726
 569995.8924102146
 569894.4645337032
 569793.0366571917
 569691.6087806802
 569590.1809041689
 569488.7530276574
 569387.3251511459
 569285.8972746345
 569184.4693981231
 569083.0415216116
 568981.6136451002
 568880.1857685888
 568778.7578920773
 568677.3300155659
 568575.9021390545
 568474.474262543
 568373.0463860317
 568271.6185095202
 568170.1906330087
 568068.7627564972
 567967.3348799858
 567865.9070034744
 567764.4791269629
 567663.0512504516
 567561.6233739401
 567460.1954974286
 567358.7676209172
 567257.3397444058
 567155.9118678943
 567054.4839913829
 566953.0561148714
 566851.62823836
 566750.2003618486
 566648.7724853371
 566547.3446088257
 566445.9167323143
 566344.4888558029
 566243.0609792914
 566141.63310278
 566040.2052262686
 565938.7773497571


# name: QUERY
# type: sq_string
# elements: 1
# length: 2
R3


# name: DATASIZE
# type: sq_string
# elements: 1
# length: 3
500


