# Created by Octave 4.0.0, Wed May 18 23:33:32 2016 CEST <peter@Independence>
# name: x
# type: matrix
# rows: 1
# columns: 100
 60 60.60606060606061 61.21212121212121 61.81818181818181 62.42424242424242 63.03030303030303 63.63636363636364 64.24242424242425 64.84848484848484 65.45454545454545 66.06060606060606 66.66666666666667 67.27272727272728 67.87878787878788 68.48484848484848 69.09090909090909 69.6969696969697 70.30303030303031 70.90909090909091 71.51515151515152 72.12121212121212 72.72727272727273 73.33333333333333 73.93939393939394 74.54545454545455 75.15151515151516 75.75757575757576 76.36363636363636 76.96969696969697 77.57575757575758 78.18181818181819 78.78787878787878 79.39393939393939 80 80.60606060606061 81.21212121212122 81.81818181818181 82.42424242424242 83.03030303030303 83.63636363636364 84.24242424242424 84.84848484848484 85.45454545454545 86.06060606060606 86.66666666666667 87.27272727272728 87.87878787878788 88.48484848484848 89.09090909090909 89.6969696969697 90.3030303030303 90.90909090909091 91.51515151515152 92.12121212121212 92.72727272727273 93.33333333333333 93.93939393939394 94.54545454545455 95.15151515151516 95.75757575757575 96.36363636363637 96.96969696969697 97.57575757575758 98.18181818181819 98.78787878787878 99.39393939393939 100 100.6060606060606 101.2121212121212 101.8181818181818 102.4242424242424 103.030303030303 103.6363636363636 104.2424242424242 104.8484848484848 105.4545454545455 106.0606060606061 106.6666666666667 107.2727272727273 107.8787878787879 108.4848484848485 109.0909090909091 109.6969696969697 110.3030303030303 110.9090909090909 111.5151515151515 112.1212121212121 112.7272727272727 113.3333333333333 113.9393939393939 114.5454545454545 115.1515151515152 115.7575757575758 116.3636363636364 116.969696969697 117.5757575757576 118.1818181818182 118.7878787878788 119.3939393939394 120


# name: y
# type: matrix
# rows: 1
# columns: 100
 572118.9123795797 572226.1153535175 572333.3183274552 572440.5213013929 572547.7242753307 572654.9272492684 572762.1302232061 572869.3331971439 572976.5361710816 573083.7391450193 573190.9421189571 573298.1450928948 573405.3480668325 573512.5510407703 573619.754014708 573726.9569886457 573834.1599625836 573941.3629365213 574048.565910459 574155.7688843968 574262.9718583345 574370.1748322722 574477.37780621 574584.5807801477 574691.7837540854 574798.9867280232 574906.1897019609 575013.3926758986 575120.5956498364 575227.7986237741 575335.0015977118 575442.2045716495 575549.4075455873 575656.6105195251 575763.8134934629 575871.0164674006 575978.2194413383 576085.4224152761 576192.6253892138 576299.8283631515 576407.0313370893 576514.234311027 576621.4372849647 576728.6402589025 576835.8432328402 576943.0462067779 577050.2491807156 577157.4521546534 577264.6551285911 577371.8581025288 577479.0610764667 577586.2640504044 577693.4670243422 577800.6699982799 577907.8729722176 578015.0759461554 578122.2789200931 578229.4818940308 578336.6848679685 578443.8878419063 578551.090815844 578658.2937897817 578765.4967637195 578872.6997376572 578979.9027115949 579087.1056855327 579194.3086594704 579301.5116334083 579408.714607346 579515.9175812837 579623.1205552215 579730.3235291592 579837.5265030969 579944.7294770346 580051.9324509724 580159.1354249101 580266.3383988478 580373.5413727856 580480.7443467233 580587.947320661 580695.1502945988 580802.3532685365 580909.5562424742 581016.759216412 581123.9621903498 581231.1651642876 581338.3681382253 581445.571112163 581552.7740861007 581659.9770600385 581767.1800339762 581874.3830079139 581981.5859818517 582088.7889557894 582195.9919297271 582303.1949036649 582410.3978776026 582517.6008515403 582624.8038254781 582732.0067994158


# name: QUERY
# type: sq_string
# elements: 1
# length: 2
R3


# name: DATASIZE
# type: sq_string
# elements: 1
# length: 3
500


