# Created by Octave 4.0.0, Sun May 22 18:33:57 2016 CEST <peter@Independence>
# name: x
# type: matrix
# rows: 1
# columns: 100
 60 60.60606060606061 61.21212121212121 61.81818181818181 62.42424242424242 63.03030303030303 63.63636363636364 64.24242424242425 64.84848484848484 65.45454545454545 66.06060606060606 66.66666666666667 67.27272727272728 67.87878787878788 68.48484848484848 69.09090909090909 69.6969696969697 70.30303030303031 70.90909090909091 71.51515151515152 72.12121212121212 72.72727272727273 73.33333333333333 73.93939393939394 74.54545454545455 75.15151515151516 75.75757575757576 76.36363636363636 76.96969696969697 77.57575757575758 78.18181818181819 78.78787878787878 79.39393939393939 80 80.60606060606061 81.21212121212122 81.81818181818181 82.42424242424242 83.03030303030303 83.63636363636364 84.24242424242424 84.84848484848484 85.45454545454545 86.06060606060606 86.66666666666667 87.27272727272728 87.87878787878788 88.48484848484848 89.09090909090909 89.6969696969697 90.3030303030303 90.90909090909091 91.51515151515152 92.12121212121212 92.72727272727273 93.33333333333333 93.93939393939394 94.54545454545455 95.15151515151516 95.75757575757575 96.36363636363637 96.96969696969697 97.57575757575758 98.18181818181819 98.78787878787878 99.39393939393939 100 100.6060606060606 101.2121212121212 101.8181818181818 102.4242424242424 103.030303030303 103.6363636363636 104.2424242424242 104.8484848484848 105.4545454545455 106.0606060606061 106.6666666666667 107.2727272727273 107.8787878787879 108.4848484848485 109.0909090909091 109.6969696969697 110.3030303030303 110.9090909090909 111.5151515151515 112.1212121212121 112.7272727272727 113.3333333333333 113.9393939393939 114.5454545454545 115.1515151515152 115.7575757575758 116.3636363636364 116.969696969697 117.5757575757576 118.1818181818182 118.7878787878788 119.3939393939394 120


# name: y
# type: matrix
# rows: 100
# columns: 1
 592309.8524366148
 591844.2833030043
 591378.7141693939
 590913.1450357834
 590447.5759021729
 589982.0067685625
 589516.437634952
 589050.8685013416
 588585.2993677311
 588119.7302341207
 587654.1611005103
 587188.5919668998
 586723.0228332893
 586257.4536996789
 585791.8845660684
 585326.315432458
 584860.7462988476
 584395.177165237
 583929.6080316267
 583464.0388980162
 582998.4697644057
 582532.9006307953
 582067.3314971848
 581601.7623635745
 581136.193229964
 580670.6240963535
 580205.0549627431
 579739.4858291326
 579273.9166955221
 578808.3475619117
 578342.7784283012
 577877.2092946909
 577411.6401610804
 576946.0710274699
 576480.5018938595
 576014.932760249
 575549.3636266385
 575083.7944930282
 574618.2253594177
 574152.6562258073
 573687.0870921968
 573221.5179585863
 572755.9488249759
 572290.3796913654
 571824.8105577549
 571359.2414241446
 570893.6722905341
 570428.1031569237
 569962.5340233132
 569496.9648897027
 569031.3957560923
 568565.8266224818
 568100.2574888715
 567634.688355261
 567169.1192216505
 566703.5500880401
 566237.9809544296
 565772.4118208191
 565306.8426872087
 564841.2735535982
 564375.7044199879
 563910.1352863774
 563444.5661527669
 562978.9970191565
 562513.427885546
 562047.8587519355
 561582.2896183252
 561116.7204847147
 560651.1513511043
 560185.5822174938
 559720.0130838833
 559254.4439502729
 558788.8748166624
 558323.3056830519
 557857.7365494416
 557392.1674158311
 556926.5982822207
 556461.0291486102
 555995.4600149997
 555529.8908813893
 555064.3217477789
 554598.7526141683
 554133.183480558
 553667.6143469475
 553202.0452133371
 552736.4760797266
 552270.9069461161
 551805.3378125057
 551339.7686788952
 550874.1995452848
 550408.6304116744
 549943.0612780639
 549477.4921444535
 549011.923010843
 548546.3538772326
 548080.7847436222
 547615.2156100117
 547149.6464764012
 546684.0773427908
 546218.5082091803


# name: QUERY
# type: sq_string
# elements: 1
# length: 2
R3


# name: DATASIZE
# type: sq_string
# elements: 1
# length: 3
500


