# Created by Octave 4.0.0, Sun May 22 18:33:57 2016 CEST <peter@Independence>
# name: SVs
# type: cell
# rows: 1
# columns: 7
# name: <cell-element>
# type: sparse matrix
# nnz: 63
# rows: 9
# columns: 7
1 1 -1.697137071641241
2 1 0.4545782058469803
3 1 0.575028206974125
4 1 -0.09896040227408916
5 1 0.6730045406115543
6 1 0.6217468654995433
7 1 -1.733006373447486
8 1 1.147387127771311
9 1 -0.1608460186620247
1 2 -1.379683813535495
2 2 0.09846684222039394
3 2 -0.5715118844492151
4 2 0.2166414031654912
5 2 0.3806651107067738
6 2 0.4523447624275705
7 2 0.3580634187227388
8 2 1.819747127461688
9 2 0.8701531828181605
1 3 -1.91499414775976
2 3 -0.8958027596834163
3 3 -1.653526200033368
4 3 -0.3675307836647878
5 3 0.5769554764897297
6 3 0.5075864291337482
7 3 -2.261839384539667
8 3 -0.7143760204446954
9 3 0.6569966849774006
1 4 -0.7385762013080165
2 4 -0.5740225759200124
3 4 -0.431655956202301
4 4 -0.5030241577750758
5 4 -0.1628234041639214
6 4 -0.4826860692439742
7 4 -0.7419042521585604
8 4 -0.5211435457391482
9 4 -0.3166533101446173
1 5 2.463598112098209
2 5 0.1803366747855215
3 5 -0.3819506228766215
4 5 -0.4047674236254669
5 5 -0.5685513893968827
6 5 -0.7781948655842946
7 5 -1.206066356854724
8 5 -0.7425012564920414
9 5 -0.500552804986957
1 6 -0.8472415925481481
2 6 -0.04462154369149727
3 6 -0.4885207667006792
4 6 -0.4825151254610974
5 6 1.729750003801993
6 6 1.669790456587459
7 6 -1.213474313204158
8 6 -0.6346079898535051
9 6 -0.29830661021412
1 7 1.592599491073189
2 7 -0.3327819832093232
3 7 0.6299087539319328
4 7 -0.3327819832093232
5 7 -1.295472720350579
6 7 -1.295472720350579
7 7 1.592599491073189
8 7 0.6299087539319328
9 7 -0.3327819832093232



# name: <cell-element>
# type: sparse matrix
# nnz: 280
# rows: 40
# columns: 7
1 1 0.07606850561379301
2 1 -1.636358532469548
3 1 0.9367103335204319
4 1 -1.327816112302863
5 1 0.6693511857979553
6 1 -1.612556372320342
7 1 0.575028206974125
8 1 1.111074995078569
9 1 0.9527629531559428
10 1 -1.635694286139802
11 1 -1.221647407265242
12 1 0.6385744391864239
13 1 1.02361589499544
14 1 1.050296455906875
15 1 -1.430774293413382
16 1 -1.252977692484895
17 1 -0.09896040227408916
18 1 0.6730045406115543
19 1 1.070998799850603
20 1 0.6217468654995433
21 1 -1.770425583356471
22 1 -1.655621676032161
23 1 0.2803242520104676
24 1 0.6299392368997351
25 1 0.1244477799635745
26 1 -1.423135460621312
27 1 1.017859093470981
28 1 -1.889768507267373
29 1 -1.733006373447486
30 1 0.6720081711169364
31 1 0.9527629531559428
32 1 0.8371840917802635
33 1 -1.436198971772969
34 1 1.147387127771311
35 1 -1.297039365691332
36 1 0.7388756349779616
37 1 0.7578066553757021
38 1 -0.04925263526481712
39 1 -0.1608460186620247
40 1 1.125466998889717
1 2 0.6670608362759031
2 2 -2.486520958125095
3 2 0.4368464593528037
4 2 -2.698976862775024
5 2 0.3480540979869519
6 2 0.1711151378833636
7 2 -0.5715118844492151
8 2 0.3851854491035808
9 2 0.4626769644774151
10 2 -0.5069356216376865
11 2 -1.020639792303396
12 2 -0.6829059377991019
13 2 -0.5508474803495259
14 2 1.57435732877788
15 2 -0.5288915509936062
16 2 -0.06555686532088865
17 2 0.2166414031654912
18 2 0.3806651107067738
19 2 0.2595846179351577
20 2 0.4523447624275705
21 2 0.09556091039387515
22 2 -1.671245640129547
23 2 2.58659024834859
24 2 -0.7946228724630463
25 2 0.545011699562114
26 2 -1.012567759451955
27 2 0.2369829259511227
28 2 -0.2069788808781363
29 2 0.3580634187227388
30 2 0.6108794876298732
31 2 0.4626769644774151
32 2 -0.8843838777710711
33 2 -3.071904780511602
34 2 1.819747127461688
35 2 -2.651513309608551
36 2 0.5944125406129335
37 2 0.002571091945273997
38 2 -0.7807389759585677
39 2 0.8701531828181605
40 2 1.322187022498861
1 3 0.5556111542263508
2 3 2.215132210204062
3 3 -0.7037038593130059
4 3 -0.06871027197748285
5 3 1.131907855337582
6 3 -0.9438274847760189
7 3 -1.653526200033368
8 3 -0.1274071582017749
9 3 -0.1914401249919117
10 3 -0.4849245561133719
11 3 -0.6396708925228691
12 3 1.2653098694837
13 3 0.6890131683724691
14 3 0.1073803866953933
15 3 -0.4155555087573904
16 3 -0.6289987313911797
17 3 -0.3675307836647878
18 3 0.5769554764897297
19 3 -1.039876934961224
20 3 0.5075864291337482
21 3 -0.2394648500845143
22 3 -0.3621947030989431
23 3 2.711387702827622
24 3 0.8757759881770346
25 3 0.03267525877356705
26 3 -1.397394332872821
27 3 -0.5329492812059745
28 3 -0.1434153998993091
29 3 -2.261839384539667
30 3 1.462744850419955
31 3 -0.1914401249919117
32 3 -0.3942111864940115
33 3 -0.7037038593130059
34 3 -0.7143760204446954
35 3 -1.146598546278119
36 3 0.6143080404506428
37 3 0.3101514481974931
38 3 0.07002782273448017
39 3 0.6569966849774006
40 3 -0.6983677787471612
1 4 1.599564412912994
2 4 1.952337803070648
3 4 -0.5914023970284084
4 4 -0.5318672651464563
5 4 2.414197304440573
6 4 1.768555439435056
7 4 -0.431655956202301
8 4 -0.4283279053517571
9 4 -0.5244715965896921
10 4 -0.08258040032302953
11 4 -0.6775619357147116
12 4 1.639501023119521
13 4 -0.1239961442409092
14 4 -0.5954700147346287
15 4 -0.5056126417699434
16 4 -0.4819465023882978
17 4 -0.5030241577750758
18 4 -0.1628234041639214
19 4 -0.4309163893466246
20 4 -0.4826860692439742
21 4 -0.5045032914864287
22 4 -0.398375447696862
23 4 1.924234262554943
24 4 2.367234809105121
25 4 -0.5740225759200124
26 4 -0.5026543743472376
27 4 -0.604714600430584
28 4 -0.5603405890899986
29 4 -0.7419042521585604
30 4 2.379437662223781
31 4 -0.5244715965896921
32 4 -0.6106311352759953
33 4 -0.4664155984190929
34 4 -0.5211435457391482
35 4 -0.51041982633184
36 4 -0.3887610785730685
37 4 0.3918517375933956
38 4 -0.5263205137288831
39 4 -0.3166533101446173
40 4 -0.3225698449900287
1 5 0.4541382837716674
2 5 0.9411979116381118
3 5 -0.9035743152437922
4 5 -0.05280132890565227
5 5 -0.8525188997067716
6 5 1.514102928460609
7 5 -0.3819506228766215
8 5 -0.5439273173015939
9 5 -0.908544311446511
10 5 0.5632522913131761
11 5 1.029528298695524
12 5 -0.7912975828460079
13 5 -0.320277488179247
14 5 -0.7210399092530282
15 5 -1.012462413866996
16 5 2.437844495411393
17 5 -0.4047674236254669
18 5 -0.5685513893968827
19 5 -0.3286361181565468
20 5 -0.7781948655842946
21 5 -0.813888474676548
22 5 0.889464769346175
23 5 -0.3966347025664725
24 5 -0.9666029034509991
25 5 0.007516352281889778
26 5 0.504064154717161
27 5 -0.06590404616736553
28 5 2.541988506750183
29 5 -1.206066356854724
30 5 -0.8592961672559336
31 5 -0.908544311446511
32 5 -0.6819576663861939
33 5 1.095267793922395
34 5 -0.7425012564920414
35 5 1.062285091849807
36 5 -0.7269135411289687
37 5 -0.5841391047599552
38 5 2.388596351220816
39 5 -0.500552804986957
40 5 2.584007565554987
1 6 -0.5250728428580368
2 6 -0.9910960732723876
3 6 -0.2635610696877011
4 6 -0.8103020556656562
5 6 1.66255947080464
6 6 -0.9106011076257355
7 6 -0.4885207667006792
8 6 -0.9086444309638072
9 6 -0.2662345486911278
10 6 -0.996307420025444
11 6 -0.8925793406479261
12 6 1.66123726108012
13 6 -0.618111849480912
14 6 -0.2498498032770108
15 6 -1.174791203058562
16 6 -0.5281628421409829
17 6 -0.4825151254610974
18 6 1.729750003801993
19 6 -0.5933192063313806
20 6 1.669790456587459
21 6 -1.183789978399806
22 6 -0.9896043494806205
23 6 -0.3613270971572148
24 6 1.647390383415632
25 6 -0.3285915091424302
26 6 -1.011670237777019
27 6 -0.1366918985015367
28 6 -0.6440765613239747
29 6 -1.213474313204158
30 6 1.737005205880133
31 6 -0.2662345486911278
32 6 -0.2410544448164621
33 6 -0.9378783426751907
34 6 -0.6346079898535051
35 6 -0.9081213589848759
36 6 1.726480803933673
37 6 1.77884127767651
38 6 -0.2952311407083664
39 6 -0.29830661021412
40 6 0.2845118125329032
1 7 0.6299087539319328
2 7 1.592599491073189
3 7 -0.3327819832093232
4 7 0.6299087539319328
5 7 -1.295472720350579
6 7 1.592599491073189
7 7 0.6299087539319328
8 7 1.592599491073189
9 7 -0.3327819832093232
10 7 1.592599491073189
11 7 1.592599491073189
12 7 -1.295472720350579
13 7 0.6299087539319328
14 7 -0.3327819832093232
15 7 1.592599491073189
16 7 0.6299087539319328
17 7 -0.3327819832093232
18 7 -1.295472720350579
19 7 0.6299087539319328
20 7 -1.295472720350579
