# Created by Octave 4.0.0, Wed May 18 23:33:24 2016 CEST <peter@Independence>
# name: SVs
# type: cell
# rows: 1
# columns: 7
# name: <cell-element>
# type: sparse matrix
# nnz: 63
# rows: 9
# columns: 7
1 1 -1.697137071641241
2 1 0.6730045406115543
3 1 -1.294271672650727
4 1 0.4545782058469803
5 1 -0.1608460186620247
6 1 0.575028206974125
7 1 0.4545782058469803
8 1 -0.04925263526481712
9 1 0.3931354203455416
1 2 -1.379683813535495
2 2 0.3806651107067738
3 2 -0.2001983732829258
4 2 0.09846684222039394
5 2 0.8701531828181605
6 2 -0.5715118844492151
7 2 0.09846684222039394
8 2 -0.7807389759585677
9 2 0.1785414081066894
1 3 -1.91499414775976
2 3 0.5769554764897297
3 3 2.791428911315293
4 3 -0.8958027596834163
5 3 0.6569966849774006
6 3 -1.653526200033368
7 3 -0.8958027596834163
8 3 0.07002782273448017
9 3 -1.103909901751361
1 4 -0.7385762013080165
2 4 -0.1628234041639214
3 4 2.239659526500938
4 4 -0.5740225759200124
5 4 -0.3166533101446173
6 4 -0.431655956202301
7 4 -0.5740225759200124
8 4 -0.5263205137288831
9 4 -0.4653062481355782
1 5 2.463598112098209
2 5 -0.5685513893968827
3 5 0.6746253880377387
4 5 0.1803366747855215
5 5 -0.500552804986957
6 5 -0.3819506228766215
7 5 0.1803366747855215
8 5 2.388596351220816
9 5 0.4794400826218723
1 6 -0.8472415925481481
2 6 1.729750003801993
3 6 -0.7441964126986794
4 6 -0.04462154369149727
5 6 -0.29830661021412
6 6 -0.4885207667006792
7 6 -0.04462154369149727
8 6 -0.2952311407083664
9 6 -0.6352424567909125
1 7 1.592599491073189
2 7 -1.295472720350579
3 7 0.6299087539319328
4 7 -0.3327819832093232
5 7 -0.3327819832093232
6 7 0.6299087539319328
7 7 -0.3327819832093232
8 7 0.6299087539319328
9 7 0.6299087539319328



# name: <cell-element>
# type: sparse matrix
# nnz: 154
# rows: 22
# columns: 7
1 1 -1.297039365691332
2 1 0.6730045406115543
3 1 0.6499773345137179
4 1 -1.81061248630606
5 1 1.050296455906875
6 1 0.7726414900733468
7 1 -1.628608991955853
8 1 0.7491714530890135
9 1 -1.770425583356471
10 1 0.7388756349779616
11 1 0.6500880422353421
12 1 0.7788411224843028
13 1 -0.04925263526481712
14 1 -0.3190473528630264
15 1 0.07606850561379301
16 1 -1.612556372320342
17 1 0.6217468654995433
18 1 0.3931354203455416
19 1 -1.636358532469548
20 1 1.111074995078569
21 1 -1.423135460621312
22 1 1.050296455906875
1 2 -2.651513309608551
2 2 0.3806651107067738
3 2 -0.7109966121221168
4 2 -0.06943144108958037
5 2 1.57435732877788
6 2 0.8210752230813988
7 2 -0.1175407568841692
8 2 0.9289175819766515
9 2 0.09556091039387515
10 2 0.5944125406129335
11 2 -0.6777398367741796
12 2 0.4187651057655757
13 2 -0.7807389759585677
14 2 0.1866134409581305
15 2 0.6670608362759031
16 2 0.1711151378833636
17 2 0.4523447624275705
18 2 0.1785414081066894
19 2 -2.486520958125095
20 2 0.3851854491035808
21 2 -1.012567759451955
22 2 1.57435732877788
1 3 -1.146598546278119
2 3 0.5769554764897297
3 3 0.3048153676316483
4 3 -0.6396708925228691
5 3 0.1073803866953933
6 3 1.740221039843881
7 3 -1.11458206288305
8 3 0.4168730595143877
9 3 -0.2394648500845143
10 3 0.6143080404506428
11 3 0.8544316659136557
12 3 1.55879430060516
13 3 0.07002782273448017
14 3 -0.6396708925228691
15 3 0.5556111542263508
16 3 -0.9438274847760189
17 3 0.5075864291337482
18 3 -1.103909901751361
19 3 2.215132210204062
20 3 -0.1274071582017749
21 3 -1.397394332872821
22 3 0.1073803866953933
1 4 -0.51041982633184
2 4 -0.1628234041639214
3 4 -0.5200341954556336
4 4 -0.5152270108937368
5 4 -0.5954700147346287
6 4 2.333584517171843
7 4 -0.1435946659163344
8 4 -0.4279581219239189
9 4 -0.5045032914864287
10 4 -0.3887610785730685
11 4 -0.3625064551965555
12 4 2.304371626372625
13 4 -0.5263205137288831
14 4 -0.6213548546833034
15 4 1.599564412912994
16 4 1.768555439435056
17 4 -0.4826860692439742
18 4 -0.4653062481355782
19 4 1.952337803070648
20 4 -0.4283279053517571
21 4 -0.5026543743472376
22 4 -0.5954700147346287
1 5 1.062285091849807
2 5 -0.5685513893968827
3 5 -0.6336131578688381
4 5 -0.4036378790339399
5 5 -0.7210399092530282
6 5 -0.7867794044798999
7 5 1.127572769240068
8 5 -0.7897162204178702
9 5 -0.813888474676548
10 5 -0.7269135411289687
11 5 -0.5134296133303647
12 5 -0.7675771464239408
13 5 2.388596351220816
14 5 0.5438241243389116
15 5 0.4541382837716674
16 5 1.514102928460609
17 5 -0.7781948655842946
18 5 0.4794400826218723
19 5 0.9411979116381118
20 5 -0.5439273173015939
21 5 0.504064154717161
22 5 -0.7210399092530282
1 6 -0.9081213589848759
2 6 1.729750003801993
3 6 1.704308363937862
4 6 -1.143779815270625
5 6 -0.2498498032770108
6 6 1.740472979370085
7 6 -0.9646034461913294
8 6 1.745509968796831
9 6 -1.183789978399806
10 6 1.726480803933673
11 6 1.763158804826699
12 6 1.75327371307671
13 6 -0.2952311407083664
14 6 -0.5472840289263609
15 6 -0.5250728428580368
16 6 -0.9106011076257355
17 6 1.669790456587459
18 6 -0.6352424567909125
19 6 -0.9910960732723876
20 6 -0.9086444309638072
21 6 -1.011670237777019
22 6 -0.2498498032770108
1 7 1.592599491073189
2 7 -1.295472720350579
3 7 -1.295472720350579
4 7 1.592599491073189
5 7 -0.3327819832093232
6 7 -1.295472720350579
7 7 1.592599491073189
8 7 -1.295472720350579
9 7 1.592599491073189
10 7 -1.295472720350579
11 7 -1.295472720350579
12 7 -1.295472720350579
13 7 0.6299087539319328
14 7 0.6299087539319328
15 7 0.6299087539319328
16 7 1.592599491073189
17 7 -1.295472720350579
18 7 0.6299087539319328
19 7 1.592599491073189
20 7 1.592599491073189
21 7 1.592599491073189
22 7 -0.3327819832093232



# name: <cell-element>
# type: sparse matrix
# nnz: 70
# rows: 10
# columns: 7
1 1 -1.697137071641241
2 1 0.6730045406115543
3 1 0.6499773345137179
4 1 -1.294271672650727
5 1 -1.628608991955853
6 1 -1.327816112302863
7 1 -1.889768507267373
8 1 -0.3190473528630264
9 1 -1.612556372320342
10 1 1.111074995078569
1 2 -1.379683813535495
2 2 0.3806651107067738
3 2 -0.7109966121221168
4 2 -0.2001983732829258
5 2 -0.1175407568841692
6 2 -2.698976862775024
7 2 -0.2069788808781363
8 2 0.1866134409581305
9 2 0.1711151378833636
10 2 0.3851854491035808
1 3 -1.91499414775976
2 3 0.5769554764897297
3 3 0.3048153676316483
4 3 2.791428911315293
5 3 -1.11458206288305
6 3 -0.06871027197748285
7 3 -0.1434153998993091
8 3 -0.6396708925228691
9 3 -0.9438274847760189
10 3 -0.1274071582017749
1 4 -0.7385762013080165
2 4 -0.1628234041639214
3 4 -0.5200341954556336
4 4 2.239659526500938
5 4 -0.1435946659163344
6 4 -0.5318672651464563
7 4 -0.5603405890899986
8 4 -0.6213548546833034
9 4 1.768555439435056
10 4 -0.4283279053517571
1 5 2.463598112098209
2 5 -0.5685513893968827
3 5 -0.6336131578688381
4 5 0.6746253880377387
5 5 1.127572769240068
6 5 -0.05280132890565227
7 5 2.541988506750183
8 5 0.5438241243389116
9 5 1.514102928460609
10 5 -0.5439273173015939
1 6 -0.8472415925481481
2 6 1.729750003801993
3 6 1.704308363937862
4 6 -0.7441964126986794
5 6 -0.9646034461913294
6 6 -0.8103020556656562
7 6 -0.6440765613239747
8 6 -0.5472840289263609
9 6 -0.9106011076257355
10 6 -0.9086444309638072
1 7 1.592599491073189
2 7 -1.295472720350579
3 7 -1.295472720350579
4 7 0.6299087539319328
5 7 1.592599491073189
6 7 0.6299087539319328
7 7 0.6299087539319328
8 7 0.6299087539319328
9 7 1.592599491073189
10 7 1.592599491073189



