# Created by Octave 4.0.0, Sun May 22 18:33:57 2016 CEST <peter@Independence>
# name: x
# type: matrix
# rows: 1
# columns: 100
 60 60.60606060606061 61.21212121212121 61.81818181818181 62.42424242424242 63.03030303030303 63.63636363636364 64.24242424242425 64.84848484848484 65.45454545454545 66.06060606060606 66.66666666666667 67.27272727272728 67.87878787878788 68.48484848484848 69.09090909090909 69.6969696969697 70.30303030303031 70.90909090909091 71.51515151515152 72.12121212121212 72.72727272727273 73.33333333333333 73.93939393939394 74.54545454545455 75.15151515151516 75.75757575757576 76.36363636363636 76.96969696969697 77.57575757575758 78.18181818181819 78.78787878787878 79.39393939393939 80 80.60606060606061 81.21212121212122 81.81818181818181 82.42424242424242 83.03030303030303 83.63636363636364 84.24242424242424 84.84848484848484 85.45454545454545 86.06060606060606 86.66666666666667 87.27272727272728 87.87878787878788 88.48484848484848 89.09090909090909 89.6969696969697 90.3030303030303 90.90909090909091 91.51515151515152 92.12121212121212 92.72727272727273 93.33333333333333 93.93939393939394 94.54545454545455 95.15151515151516 95.75757575757575 96.36363636363637 96.96969696969697 97.57575757575758 98.18181818181819 98.78787878787878 99.39393939393939 100 100.6060606060606 101.2121212121212 101.8181818181818 102.4242424242424 103.030303030303 103.6363636363636 104.2424242424242 104.8484848484848 105.4545454545455 106.0606060606061 106.6666666666667 107.2727272727273 107.8787878787879 108.4848484848485 109.0909090909091 109.6969696969697 110.3030303030303 110.9090909090909 111.5151515151515 112.1212121212121 112.7272727272727 113.3333333333333 113.9393939393939 114.5454545454545 115.1515151515152 115.7575757575758 116.3636363636364 116.969696969697 117.5757575757576 118.1818181818182 118.7878787878788 119.3939393939394 120


# name: y
# type: matrix
# rows: 100
# columns: 1
 504489.2535467695
 504525.3751261749
 504557.5671277001
 504586.1792498454
 504611.5373127097
 504633.9443706491
 504653.6817983859
 504671.0103505669
 504686.171194771
 504699.3869179664
 504710.8625064183
 504720.7862990447
 504729.3309142229
 504736.6541500451
 504742.8998580242
 504748.1987902479
 504752.6694199838
 504756.4187357331
 504759.5430087348
 504762.1285339183
 504764.2523443066
 504765.9828988686
 504767.3807438214
 504768.4991473812
 504769.3847079652
 504770.0779358421
 504770.6138082322
 504771.0222978576
 504771.3288749417
 504771.5549826582
 504771.7184860298
 504771.8340942764
 504771.9137566133
 504771.9670314981
 504772.0014293282
 504772.0227285871
 504772.0352654406
 504772.0421967829
 504772.0457367316
 504772.0473665728
 504772.0480181556
 504772.0482307364
 504772.0482812721
 504772.0482881641
 504772.0482884505
 504772.0482884491
 504772.0482878489
 504772.0482772525
 504772.0482091664
 504772.0479424425
 504772.0471601679
 504772.0452610058
 504772.0412239837
 504772.0334467338
 504772.0195571812
 504771.9961986818
 504771.9587886111
 504771.901250401
 504771.8157190269
 504771.6922199447
 504771.5183214769
 504771.278760648
 504770.9550424707
 504770.5250126802
 504769.962403919
 504769.2363553713
 504768.3109058463
 504767.1444603119
 504765.6892298773
 504763.8906452258
 504761.6867434969
 504759.0075286176
 504755.774305084
 504751.898985192
 504747.2833697176
 504741.8184020473
 504735.3833957574
 504727.845235643
 504719.0575521972
 504708.8598695394
 504697.0767267928
 504683.5167729124
 504667.9718349617
 504650.2159598398
 504630.0044294572
 504607.0727493626
 504581.1356108168
 504551.8858263192
 504518.9932385816
 504482.1036029528
 504440.8374432921
 504394.7888812928
 504343.5244392552
 504286.5818163089
 504223.4686380854
 504153.6611798393
 504076.6030630199
 503991.7039252921
 503898.3380640066
 503795.8430531202


# name: QUERY
# type: sq_string
# elements: 1
# length: 2
R3


# name: DATASIZE
# type: sq_string
# elements: 1
# length: 3
500


