# Created by Octave 4.0.0, Sun May 22 18:33:57 2016 CEST <peter@Independence>
# name: x
# type: matrix
# rows: 1
# columns: 100
 60 60.60606060606061 61.21212121212121 61.81818181818181 62.42424242424242 63.03030303030303 63.63636363636364 64.24242424242425 64.84848484848484 65.45454545454545 66.06060606060606 66.66666666666667 67.27272727272728 67.87878787878788 68.48484848484848 69.09090909090909 69.6969696969697 70.30303030303031 70.90909090909091 71.51515151515152 72.12121212121212 72.72727272727273 73.33333333333333 73.93939393939394 74.54545454545455 75.15151515151516 75.75757575757576 76.36363636363636 76.96969696969697 77.57575757575758 78.18181818181819 78.78787878787878 79.39393939393939 80 80.60606060606061 81.21212121212122 81.81818181818181 82.42424242424242 83.03030303030303 83.63636363636364 84.24242424242424 84.84848484848484 85.45454545454545 86.06060606060606 86.66666666666667 87.27272727272728 87.87878787878788 88.48484848484848 89.09090909090909 89.6969696969697 90.3030303030303 90.90909090909091 91.51515151515152 92.12121212121212 92.72727272727273 93.33333333333333 93.93939393939394 94.54545454545455 95.15151515151516 95.75757575757575 96.36363636363637 96.96969696969697 97.57575757575758 98.18181818181819 98.78787878787878 99.39393939393939 100 100.6060606060606 101.2121212121212 101.8181818181818 102.4242424242424 103.030303030303 103.6363636363636 104.2424242424242 104.8484848484848 105.4545454545455 106.0606060606061 106.6666666666667 107.2727272727273 107.8787878787879 108.4848484848485 109.0909090909091 109.6969696969697 110.3030303030303 110.9090909090909 111.5151515151515 112.1212121212121 112.7272727272727 113.3333333333333 113.9393939393939 114.5454545454545 115.1515151515152 115.7575757575758 116.3636363636364 116.969696969697 117.5757575757576 118.1818181818182 118.7878787878788 119.3939393939394 120


# name: y
# type: matrix
# rows: 100
# columns: 1
 516910.2624671315
 516325.7975479803
 515767.6509347943
 515235.216318477
 514727.8873899321
 514245.0578400629
 513786.1213597731
 513350.4716399662
 512937.5023715456
 512546.607245415
 512177.179952478
 511828.6141836378
 511500.3036297983
 511191.6419818628
 510902.0229307349
 510630.8401673181
 510377.487382516
 510141.3582672321
 509921.8465123699
 509718.345808833
 509530.2498475248
 509356.952319349
 509197.846915209
 509052.3273260084
 508919.7872426508
 508799.6203560395
 508691.2203570782
 508593.9809366705
 508507.2957857198
 508430.5585951297
 508363.1630558037
 508304.5028586453
 508253.971694558
 508210.9632544456
 508174.8712292113
 508145.0893097587
 508121.0111869915
 508102.0305518131
 508087.5410951271
 508076.9365078369
 508069.6104808462
 508064.9567050585
 508062.3688713771
 508061.2406707059
 508060.9657939482
 508060.9379320075
 508060.5507757874
 508059.1980161916
 508056.2733441234
 508051.1704504864
 508043.2830261841
 508032.0047621201
 508016.7293491979
 507996.850478321
 507971.761840393
 507940.8571263174
 507903.5300269977
 507859.1742333375
 507807.1834362402
 507746.9513266095
 507677.8715953489
 507599.3379333618
 507510.7440315519
 507411.4835808226
 507300.9502720775
 507178.53779622
 507043.6398441539
 506895.6501067824
 506733.9622750094
 506557.9700397382
 506367.0670918723
 506160.6471223153
 505938.1038219708
 505698.8308817422
 505442.2219925331
 505167.6708452471
 504874.5711307876
 504562.3165400582
 504230.3007639624
 503877.9174934038
 503504.560419286
 503109.6232325123
 502692.4996239863
 502252.5832846116
 501789.2679052918
 501301.9471769303
 500790.0147904306
 500252.8644366964
 499689.8898066311
 499100.4845911383
 498484.0424811215
 497839.9571674842
 497167.62234113
 496466.4316929624
 495735.7789138849
 494975.0576948011
 494183.6617266145
 493360.9847002286
 492506.420306547
 491619.3622364731


# name: QUERY
# type: sq_string
# elements: 1
# length: 2
R3


# name: DATASIZE
# type: sq_string
# elements: 1
# length: 3
500


