# Created by Octave 4.0.0, Sun May 22 18:33:57 2016 CEST <peter@Independence>
# name: x
# type: matrix
# rows: 1
# columns: 100
 60 60.60606060606061 61.21212121212121 61.81818181818181 62.42424242424242 63.03030303030303 63.63636363636364 64.24242424242425 64.84848484848484 65.45454545454545 66.06060606060606 66.66666666666667 67.27272727272728 67.87878787878788 68.48484848484848 69.09090909090909 69.6969696969697 70.30303030303031 70.90909090909091 71.51515151515152 72.12121212121212 72.72727272727273 73.33333333333333 73.93939393939394 74.54545454545455 75.15151515151516 75.75757575757576 76.36363636363636 76.96969696969697 77.57575757575758 78.18181818181819 78.78787878787878 79.39393939393939 80 80.60606060606061 81.21212121212122 81.81818181818181 82.42424242424242 83.03030303030303 83.63636363636364 84.24242424242424 84.84848484848484 85.45454545454545 86.06060606060606 86.66666666666667 87.27272727272728 87.87878787878788 88.48484848484848 89.09090909090909 89.6969696969697 90.3030303030303 90.90909090909091 91.51515151515152 92.12121212121212 92.72727272727273 93.33333333333333 93.93939393939394 94.54545454545455 95.15151515151516 95.75757575757575 96.36363636363637 96.96969696969697 97.57575757575758 98.18181818181819 98.78787878787878 99.39393939393939 100 100.6060606060606 101.2121212121212 101.8181818181818 102.4242424242424 103.030303030303 103.6363636363636 104.2424242424242 104.8484848484848 105.4545454545455 106.0606060606061 106.6666666666667 107.2727272727273 107.8787878787879 108.4848484848485 109.0909090909091 109.6969696969697 110.3030303030303 110.9090909090909 111.5151515151515 112.1212121212121 112.7272727272727 113.3333333333333 113.9393939393939 114.5454545454545 115.1515151515152 115.7575757575758 116.3636363636364 116.969696969697 117.5757575757576 118.1818181818182 118.7878787878788 119.3939393939394 120


# name: y
# type: matrix
# rows: 100
# columns: 1
 490536.1279053097
 491273.9780717264
 491962.5578656057
 492604.1110759078
 493200.8291978496
 493754.8514329039
 494268.2646888006
 494743.1035795253
 495181.3504253208
 495584.9352526857
 495955.7357943755
 496295.5774894016
 496606.2334830324
 496889.4246267924
 497146.8194784625
 497380.0343020802
 497590.6330679393
 497780.12745259
 497949.9768388392
 498101.58831575
 498236.3166786418
 498355.4644290908
 498460.2817749292
 498551.966630246
 498631.6646153864
 498700.4690569522
 498759.4209878014
 498809.5091470487
 498851.669980065
 498886.7876384777
 498915.6939801708
 498939.1685692844
 498957.9386762152
 498972.6792776165
 498984.0130563978
 498992.510401725
 498998.6894090206
 499003.0158799634
 499005.9033224888
 499007.7129507884
 499008.7536853103
 499009.2821527591
 499009.5026860959
 499009.567324538
 499009.5758135592
 499009.5756048899
 499009.5618565168
 499009.4774326829
 499009.212903888
 499008.6065468878
 499007.444344695
 499005.4599865782
 499002.3348680629
 498997.6980909306
 498991.1264632196
 498982.1444992245
 498970.2244194961
 498954.7861508419
 498935.1973263258
 498910.773285268
 498880.7770732454
 498844.4194420908
 498800.8588498941
 498749.2014610011
 498688.5011460143
 498617.7594817925
 498535.9257514509
 498441.8969443614
 498334.5177561521
 498212.5805887074
 498074.8255501685
 497919.9404549326
 497746.5608236538
 497553.2698832421
 497338.5985668645
 497101.0255139439
 496838.97707016
 496550.8272874488
 496234.8979240027
 495889.4584442704
 495512.7260189574
 495102.8655250253
 494657.9895456922
 494176.1583704328
 493655.379994978
 493093.6101213152
 492488.7521576883
 491838.6572185975
 491141.1241247997
 490393.8994033078
 489594.6772873915
 488741.0997165769
 487830.7563366462
 486861.1844996383
 485829.8692638485
 484734.2433938286
 483571.6873603867
 482339.5293405873
 481035.0452177515
 479655.4585814566


# name: QUERY
# type: sq_string
# elements: 1
# length: 2
R3


# name: DATASIZE
# type: sq_string
# elements: 1
# length: 3
500


