# Created by Octave 4.0.0, Sun May 22 18:33:57 2016 CEST <peter@Independence>
# name: x
# type: matrix
# rows: 1
# columns: 100
 60 60.60606060606061 61.21212121212121 61.81818181818181 62.42424242424242 63.03030303030303 63.63636363636364 64.24242424242425 64.84848484848484 65.45454545454545 66.06060606060606 66.66666666666667 67.27272727272728 67.87878787878788 68.48484848484848 69.09090909090909 69.6969696969697 70.30303030303031 70.90909090909091 71.51515151515152 72.12121212121212 72.72727272727273 73.33333333333333 73.93939393939394 74.54545454545455 75.15151515151516 75.75757575757576 76.36363636363636 76.96969696969697 77.57575757575758 78.18181818181819 78.78787878787878 79.39393939393939 80 80.60606060606061 81.21212121212122 81.81818181818181 82.42424242424242 83.03030303030303 83.63636363636364 84.24242424242424 84.84848484848484 85.45454545454545 86.06060606060606 86.66666666666667 87.27272727272728 87.87878787878788 88.48484848484848 89.09090909090909 89.6969696969697 90.3030303030303 90.90909090909091 91.51515151515152 92.12121212121212 92.72727272727273 93.33333333333333 93.93939393939394 94.54545454545455 95.15151515151516 95.75757575757575 96.36363636363637 96.96969696969697 97.57575757575758 98.18181818181819 98.78787878787878 99.39393939393939 100 100.6060606060606 101.2121212121212 101.8181818181818 102.4242424242424 103.030303030303 103.6363636363636 104.2424242424242 104.8484848484848 105.4545454545455 106.0606060606061 106.6666666666667 107.2727272727273 107.8787878787879 108.4848484848485 109.0909090909091 109.6969696969697 110.3030303030303 110.9090909090909 111.5151515151515 112.1212121212121 112.7272727272727 113.3333333333333 113.9393939393939 114.5454545454545 115.1515151515152 115.7575757575758 116.3636363636364 116.969696969697 117.5757575757576 118.1818181818182 118.7878787878788 119.3939393939394 120


# name: y
# type: matrix
# rows: 100
# columns: 1
 347325.6486035905
 355466.2485735072
 363421.4447482427
 371191.2371277963
 378775.6257121684
 386174.610501359
 393388.1914953681
 400416.3686941955
 407259.1420978412
 413916.5117063056
 420388.4775195882
 426675.0395376893
 432776.197760609
 438691.9521883469
 444422.3028209032
 449967.249658278
 455326.7927004714
 460500.9319474831
 465489.6673993131
 470292.9990559616
 474910.9269174286
 479343.450983714
 483590.5712548178
 487652.28773074
 491528.6004114807
 495219.5092970398
 498725.0143874174
 502045.1156826132
 505179.8131826276
 508129.1068874605
 510892.9967971116
 513471.4829115813
 515864.5652308694
 518072.2437549759
 520094.5184839009
 521931.3894176442
 523582.856556206
 525048.9198995862
 526329.5794477849
 527424.835200802
 528334.6871586374
 529059.1353212914
 529598.1796887637
 529951.8202610544
 530120.0570381638
 530102.8900200913
 529900.3192068374
 529512.3445984019
 528938.9661947849
 528180.1839959861
 527235.9980020059
 526106.408212844
 524791.4146285007
 523291.0172489758
 521605.2160742693
 519734.0111043812
 517677.4023393114
 515435.3897790602
 513007.9734236274
 510395.153273013
 507596.929327217
 504613.3015862395
 501444.2700500804
 498089.8347187397
 494549.9955922175
 490824.7526705136
 486914.1059536283
 482818.0554415612
 478536.6011343127
 474069.7430318826
 469417.4811342709
 464579.8154414777
 459556.7459535028
 454348.2726703464
 448954.3955920084
 443375.1147184888
 437610.4300497877
 431660.3415859049
 425524.8493268408
 419203.9532725948
 412697.6534231675
 406005.9497785583
 399128.8423387678
 392066.3311037957
 384818.4160736421
 377385.0972483067
 369766.3746277899
 361962.2482120915
 353972.7180012115
 345797.7839951498
 337437.4461939067
 328891.7045974821
 320160.5592058757
 311244.0100190877
 302142.0570371183
 292854.7002599671
 283381.9396876351
 273723.7753201207
 263880.2071574249
 253851.2351995474


# name: QUERY
# type: sq_string
# elements: 1
# length: 2
R3


# name: DATASIZE
# type: sq_string
# elements: 1
# length: 3
500


