# Created by Octave 4.0.0, Wed May 18 23:33:32 2016 CEST <peter@Independence>
# name: x
# type: matrix
# rows: 1
# columns: 100
 60 60.60606060606061 61.21212121212121 61.81818181818181 62.42424242424242 63.03030303030303 63.63636363636364 64.24242424242425 64.84848484848484 65.45454545454545 66.06060606060606 66.66666666666667 67.27272727272728 67.87878787878788 68.48484848484848 69.09090909090909 69.6969696969697 70.30303030303031 70.90909090909091 71.51515151515152 72.12121212121212 72.72727272727273 73.33333333333333 73.93939393939394 74.54545454545455 75.15151515151516 75.75757575757576 76.36363636363636 76.96969696969697 77.57575757575758 78.18181818181819 78.78787878787878 79.39393939393939 80 80.60606060606061 81.21212121212122 81.81818181818181 82.42424242424242 83.03030303030303 83.63636363636364 84.24242424242424 84.84848484848484 85.45454545454545 86.06060606060606 86.66666666666667 87.27272727272728 87.87878787878788 88.48484848484848 89.09090909090909 89.6969696969697 90.3030303030303 90.90909090909091 91.51515151515152 92.12121212121212 92.72727272727273 93.33333333333333 93.93939393939394 94.54545454545455 95.15151515151516 95.75757575757575 96.36363636363637 96.96969696969697 97.57575757575758 98.18181818181819 98.78787878787878 99.39393939393939 100 100.6060606060606 101.2121212121212 101.8181818181818 102.4242424242424 103.030303030303 103.6363636363636 104.2424242424242 104.8484848484848 105.4545454545455 106.0606060606061 106.6666666666667 107.2727272727273 107.8787878787879 108.4848484848485 109.0909090909091 109.6969696969697 110.3030303030303 110.9090909090909 111.5151515151515 112.1212121212121 112.7272727272727 113.3333333333333 113.9393939393939 114.5454545454545 115.1515151515152 115.7575757575758 116.3636363636364 116.969696969697 117.5757575757576 118.1818181818182 118.7878787878788 119.3939393939394 120


# name: y
# type: matrix
# rows: 100
# columns: 1
 521263.2420805758
 521418.4713931329
 521563.3351783695
 521698.3054858069
 521823.8433633806
 521940.3988574405
 522048.4110127505
 522148.307872489
 522240.5064782487
 522325.4128700363
 522403.422086273
 522474.9181637942
 522540.2741378496
 522599.852042103
 522654.0029086326
 522703.0667679309
 522747.3726489046
 522787.2385788746
 522822.9715835763
 522854.8676871591
 522883.2119121868
 522908.2782796375
 522930.3298089033
 522949.618517791
 522966.3854225213
 522980.8605377293
 522993.2628764643
 523003.8004501901
 523012.6702687845
 523020.0583405397
 523026.139672162
 523031.0782687721
 523035.0271339051
 523038.1282695101
 523040.5126759505
 523042.3003520042
 523043.6002948631
 523044.5105001335
 523045.117961836
 523045.4986724053
 523045.7176226905
 523045.828801955
 523045.8751978763
 523045.8887965463
 523045.8905824712
 523045.8905385712
 523045.8876461811
 523045.8698850498
 523045.8142333404
 523045.6866676305
 523045.4421629118
 523045.0246925901
 523044.3672284857
 523043.3917408332
 523042.0091982814
 523040.1195678932
 523037.611815146
 523034.3639039313
 523030.242796555
 523025.1044537371
 523018.7938346121
 523011.1448967285
 523001.9805960493
 522991.1128869515
 522978.3427222266
 522963.4600530803
 522946.2438291326
 522926.4619984177
 522903.8715073839
 522878.2183008941
 522849.2373222254
 522816.6525130689
 522780.1768135301
 522739.512162129
 522694.3494957995
 522644.36874989
 522589.2388581631
 522528.6177527956
 522462.1523643787
 522389.4786219178
 522310.2214528325
 522223.9947829568
 522130.4015365387
 522029.0336362408
 521919.4720031398
 521801.2865567267
 521674.0362149067
 521537.2688939992
 521390.5215087382
 521233.3199722716
 521065.1791961617
 520885.6030903851
 520694.0845633326
 520490.1055218094
 520273.1368710347
 520042.6385146423
 519798.0593546798
 519538.8372916097
 519264.3992243083
 518974.1610500662


# name: QUERY
# type: sq_string
# elements: 1
# length: 2
R3


# name: DATASIZE
# type: sq_string
# elements: 1
# length: 3
500


