# Created by Octave 4.0.0, Wed May 18 23:33:32 2016 CEST <peter@Independence>
# name: x
# type: matrix
# rows: 1
# columns: 100
 60 60.60606060606061 61.21212121212121 61.81818181818181 62.42424242424242 63.03030303030303 63.63636363636364 64.24242424242425 64.84848484848484 65.45454545454545 66.06060606060606 66.66666666666667 67.27272727272728 67.87878787878788 68.48484848484848 69.09090909090909 69.6969696969697 70.30303030303031 70.90909090909091 71.51515151515152 72.12121212121212 72.72727272727273 73.33333333333333 73.93939393939394 74.54545454545455 75.15151515151516 75.75757575757576 76.36363636363636 76.96969696969697 77.57575757575758 78.18181818181819 78.78787878787878 79.39393939393939 80 80.60606060606061 81.21212121212122 81.81818181818181 82.42424242424242 83.03030303030303 83.63636363636364 84.24242424242424 84.84848484848484 85.45454545454545 86.06060606060606 86.66666666666667 87.27272727272728 87.87878787878788 88.48484848484848 89.09090909090909 89.6969696969697 90.3030303030303 90.90909090909091 91.51515151515152 92.12121212121212 92.72727272727273 93.33333333333333 93.93939393939394 94.54545454545455 95.15151515151516 95.75757575757575 96.36363636363637 96.96969696969697 97.57575757575758 98.18181818181819 98.78787878787878 99.39393939393939 100 100.6060606060606 101.2121212121212 101.8181818181818 102.4242424242424 103.030303030303 103.6363636363636 104.2424242424242 104.8484848484848 105.4545454545455 106.0606060606061 106.6666666666667 107.2727272727273 107.8787878787879 108.4848484848485 109.0909090909091 109.6969696969697 110.3030303030303 110.9090909090909 111.5151515151515 112.1212121212121 112.7272727272727 113.3333333333333 113.9393939393939 114.5454545454545 115.1515151515152 115.7575757575758 116.3636363636364 116.969696969697 117.5757575757576 118.1818181818182 118.7878787878788 119.3939393939394 120


# name: y
# type: matrix
# rows: 100
# columns: 1
 524409.4477770977
 524434.2553673171
 524456.3642007438
 524476.0144434292
 524493.429862208
 524508.818588851
 524522.373865983
 524534.2747747661
 524544.6869443496
 524553.7632430852
 524561.6444515077
 524568.4599170813
 524574.3281907119
 524579.3576450257
 524583.6470744119
 524587.2862768325
 524590.3566173972
 524592.9315737042
 524595.077262947
 524596.8529507854
 524598.3115419844
 524599.5000528174
 524600.4600652352
 524601.2281628009
 524601.8363483909
 524602.3124436609
 524602.6804702777
 524602.9610129175
 524603.1715640284
 524603.3268503605
 524603.4391412599
 524603.5185387298
 524603.5732492558
 524603.6098373987
 524603.6334611519
 524603.6480890638
 524603.6566991282
 524603.6614594378
 524603.6638906049
 524603.6650099477
 524603.6654574421
 524603.6656034383
 524603.6656381453
 524603.6656428785
 524603.6656430752
 524603.6656430742
 524603.6656426621
 524603.6656353847
 524603.6655886245
 524603.6654054438
 524603.664868193
 524603.6635638857
 524603.6607913384
 524603.6554500762
 524603.6459110046
 524603.6298688467
 524603.604176346
 524603.5646602351
 524603.5059189697
 524603.4211022294
 524603.3016721823
 524603.1371465172
 524602.9148232406
 524602.6194872393
 524602.2330986087
 524601.7344627476
 524601.0988822174
 524600.2977903686
 524599.2983667307
 524598.0631341705
 524596.5495378141
 524594.7095057354
 524592.4889914105
 524589.8274979367
 524586.6575840187
 524582.9043517193
 524578.4849159768
 524573.3078558868
 524567.2726477511
 524560.2690798915
 524552.176649229
 524542.86393963
 524532.1879820164
 524519.993596243
 524506.1127147396
 524490.3636879197
 524472.5505713533
 524452.4623947074
 524429.8724124506
 524404.5373363247
 524376.1965495804
 524344.5713029804
 524309.3638925671
 524270.2568191963
 524226.9119298367
 524178.969540635
 524126.0475417466
 524067.740483932
 524003.6186469196
 523933.2270895329


# name: QUERY
# type: sq_string
# elements: 1
# length: 2
R3


# name: DATASIZE
# type: sq_string
# elements: 1
# length: 3
500


