# Created by Octave 4.0.0, Wed May 18 23:33:32 2016 CEST <peter@Independence>
# name: x
# type: matrix
# rows: 1
# columns: 100
 60 60.60606060606061 61.21212121212121 61.81818181818181 62.42424242424242 63.03030303030303 63.63636363636364 64.24242424242425 64.84848484848484 65.45454545454545 66.06060606060606 66.66666666666667 67.27272727272728 67.87878787878788 68.48484848484848 69.09090909090909 69.6969696969697 70.30303030303031 70.90909090909091 71.51515151515152 72.12121212121212 72.72727272727273 73.33333333333333 73.93939393939394 74.54545454545455 75.15151515151516 75.75757575757576 76.36363636363636 76.96969696969697 77.57575757575758 78.18181818181819 78.78787878787878 79.39393939393939 80 80.60606060606061 81.21212121212122 81.81818181818181 82.42424242424242 83.03030303030303 83.63636363636364 84.24242424242424 84.84848484848484 85.45454545454545 86.06060606060606 86.66666666666667 87.27272727272728 87.87878787878788 88.48484848484848 89.09090909090909 89.6969696969697 90.3030303030303 90.90909090909091 91.51515151515152 92.12121212121212 92.72727272727273 93.33333333333333 93.93939393939394 94.54545454545455 95.15151515151516 95.75757575757575 96.36363636363637 96.96969696969697 97.57575757575758 98.18181818181819 98.78787878787878 99.39393939393939 100 100.6060606060606 101.2121212121212 101.8181818181818 102.4242424242424 103.030303030303 103.6363636363636 104.2424242424242 104.8484848484848 105.4545454545455 106.0606060606061 106.6666666666667 107.2727272727273 107.8787878787879 108.4848484848485 109.0909090909091 109.6969696969697 110.3030303030303 110.9090909090909 111.5151515151515 112.1212121212121 112.7272727272727 113.3333333333333 113.9393939393939 114.5454545454545 115.1515151515152 115.7575757575758 116.3636363636364 116.969696969697 117.5757575757576 118.1818181818182 118.7878787878788 119.3939393939394 120


# name: y
# type: matrix
# rows: 100
# columns: 1
 548996.2537257045
 548240.6825241259
 547519.1345006885
 546830.8258449746
 546174.9727465662
 545550.7913950454
 544957.4979799942
 544394.3086909946
 543860.4397176289
 543355.1072494789
 542877.5274761269
 542426.9165871548
 542002.4907721448
 541603.4662206789
 541229.0591223391
 540878.4856667076
 540550.9620433664
 540245.7044418976
 539961.9290518831
 539698.8520629052
 539455.6896645459
 539231.6580463873
 539025.9733980113
 538837.8519090001
 538666.5097689357
 538511.1631674003
 538371.0282939759
 538245.3213382445
 538133.2584897883
 538034.0559381892
 537946.9298730294
 537871.0964838908
 537805.7719603557
 537750.172492006
 537703.5142684239
 537665.0134791913
 537633.8863138905
 537609.3489621032
 537590.6176134119
 537576.9084573984
 537567.4376836448
 537561.4214817332
 537558.0760412457
 537556.6175517644
 537556.2622028711
 537556.2261841482
 537555.7256851777
 537553.9768955415
 537550.1960048218
 537543.5992026007
 537533.4026784601
 537518.8226219822
 537499.0752227491
 537473.3766703428
 537440.9431543454
 537400.9908643388
 537352.7359899053
 537295.394720627
 537228.1832460857
 537150.3177558637
 537061.0144395429
 536959.4894867055
 536844.9590869335
 536716.6394298091
 536573.7467049141
 536415.4971018308
 536241.1068101411
 536049.7920194273
 535840.7689192712
 535613.2536992551
 535366.4625489609
 535099.6116579707
 534811.9172158666
 534502.5954122308
 534170.8624366451
 533815.9344786918
 533437.0277279527
 533033.3583740102
 532604.1426064461
 532148.5966148427
 531665.9365887818
 531155.3787178457
 530616.1391916162
 530047.4341996757
 529448.4799316061
 528818.4925769895
 528156.6883254078
 527462.2833664434
 526734.493889678
 525972.536084694
 525175.6261410732
 524342.9802483979
 523473.81459625
 522567.3453742116
 521622.7887718647
 520639.3609787915
 519616.2781845741
 518552.7565787944
 517448.0123510347
 516301.2616908768


# name: QUERY
# type: sq_string
# elements: 1
# length: 2
R3


# name: DATASIZE
# type: sq_string
# elements: 1
# length: 3
500


