# Created by Octave 4.0.0, Wed May 18 23:33:32 2016 CEST <peter@Independence>
# name: x
# type: matrix
# rows: 1
# columns: 100
 60 60.60606060606061 61.21212121212121 61.81818181818181 62.42424242424242 63.03030303030303 63.63636363636364 64.24242424242425 64.84848484848484 65.45454545454545 66.06060606060606 66.66666666666667 67.27272727272728 67.87878787878788 68.48484848484848 69.09090909090909 69.6969696969697 70.30303030303031 70.90909090909091 71.51515151515152 72.12121212121212 72.72727272727273 73.33333333333333 73.93939393939394 74.54545454545455 75.15151515151516 75.75757575757576 76.36363636363636 76.96969696969697 77.57575757575758 78.18181818181819 78.78787878787878 79.39393939393939 80 80.60606060606061 81.21212121212122 81.81818181818181 82.42424242424242 83.03030303030303 83.63636363636364 84.24242424242424 84.84848484848484 85.45454545454545 86.06060606060606 86.66666666666667 87.27272727272728 87.87878787878788 88.48484848484848 89.09090909090909 89.6969696969697 90.3030303030303 90.90909090909091 91.51515151515152 92.12121212121212 92.72727272727273 93.33333333333333 93.93939393939394 94.54545454545455 95.15151515151516 95.75757575757575 96.36363636363637 96.96969696969697 97.57575757575758 98.18181818181819 98.78787878787878 99.39393939393939 100 100.6060606060606 101.2121212121212 101.8181818181818 102.4242424242424 103.030303030303 103.6363636363636 104.2424242424242 104.8484848484848 105.4545454545455 106.0606060606061 106.6666666666667 107.2727272727273 107.8787878787879 108.4848484848485 109.0909090909091 109.6969696969697 110.3030303030303 110.9090909090909 111.5151515151515 112.1212121212121 112.7272727272727 113.3333333333333 113.9393939393939 114.5454545454545 115.1515151515152 115.7575757575758 116.3636363636364 116.969696969697 117.5757575757576 118.1818181818182 118.7878787878788 119.3939393939394 120


# name: y
# type: matrix
# rows: 100
# columns: 1
 473382.8481188878
 474982.3550629708
 476545.4329159613
 478072.0816778591
 479562.3013486643
 481016.091928377
 482433.4534169972
 483814.3858145247
 485158.8891209597
 486466.9633363022
 487738.6084605521
 488973.8244937093
 490172.6114357741
 491334.9692867462
 492460.8980466258
 493550.3977154128
 494603.4682931072
 495620.1097797091
 496600.3221752184
 497544.1054796352
 498451.4596929593
 499322.3848151909
 500156.88084633
 500954.9477863765
 501716.5856353304
 502441.7943931916
 503130.5740599604
 503782.9246356366
 504398.8461202203
 504978.3385137112
 505521.4018161098
 506028.0360274157
 506498.241147629
 506932.0171767498
 507329.364114778
 507690.2819617136
 508014.7707175567
 508302.8303823072
 508554.4609559651
 508769.6624385305
 508948.4348300033
 509090.7781303835
 509196.6923396711
 509266.1774578663
 509299.2334849688
 509295.8604209787
 509256.0582658961
 509179.8270197209
 509067.1666824531
 508918.0772540928
 508732.5587346399
 508510.6111240945
 508252.2344224564
 507957.4286297258
 507626.1937459026
 507258.5297709869
 506854.4367049786
 506413.9145478777
 505936.9632996842
 505423.5829603982
 504873.7735300196
 504287.5350085485
 503664.8673959848
 503005.7706923285
 502310.2448975796
 501578.2900117382
 500809.9060348042
 500005.0929667776
 499163.8508076585
 498286.1795574467
 497372.0792161425
 496421.5497837457
 495434.5912602562
 494411.2036456743
 493351.3869399997
 492255.1411432326
 491122.4662553729
 489953.3622764206
 488747.8292063758
 487505.8670452384
 486227.4757930085
 484912.6554496859
 483561.4060152708
 482173.7274897631
 480749.6198731629
 479289.0831654701
 477792.1173666847
 476258.7224768068
 474688.8984958363
 473082.6454237732
 471439.9632606175
 469760.8520063693
 468045.3116610285
 466293.3422245951
 464504.9436970692
 462680.1160784507
 460818.8593687396
 458921.173567936
 456987.0586760398
 455016.514693051


# name: QUERY
# type: sq_string
# elements: 1
# length: 2
R3


# name: DATASIZE
# type: sq_string
# elements: 1
# length: 3
500


