# Created by Octave 3.8.2, Wed May 18 09:07:51 2016 CEST <Andrea@Andreas-MacBook-Pro.local>
# name: x
# type: matrix
# rows: 1
# columns: 100
 0.008333333333333333 0.008417508417508417 0.008501683501683501 0.008585858585858586 0.00867003367003367 0.008754208754208754 0.008838383838383838 0.008922558922558922 0.009006734006734006 0.00909090909090909 0.009175084175084175 0.009259259259259259 0.009343434343434345 0.009427609427609427 0.009511784511784513 0.009595959595959595 0.009680134680134681 0.009764309764309764 0.009848484848484849 0.009932659932659932 0.01001683501683502 0.0101010101010101 0.01018518518518519 0.01026936026936027 0.01035353535353535 0.01043771043771044 0.01052188552188552 0.01060606060606061 0.01069023569023569 0.01077441077441077 0.01085858585858586 0.01094276094276094 0.01102693602693603 0.01111111111111111 0.0111952861952862 0.01127946127946128 0.01136363636363636 0.01144781144781145 0.01153198653198653 0.01161616161616162 0.0117003367003367 0.01178451178451178 0.01186868686868687 0.01195286195286195 0.01203703703703704 0.01212121212121212 0.01220538720538721 0.01228956228956229 0.01237373737373737 0.01245791245791246 0.01254208754208754 0.01262626262626263 0.01271043771043771 0.01279461279461279 0.01287878787878788 0.01296296296296296 0.01304713804713805 0.01313131313131313 0.01321548821548822 0.0132996632996633 0.01338383838383838 0.01346801346801347 0.01355218855218855 0.01363636363636364 0.01372053872053872 0.01380471380471381 0.01388888888888889 0.01397306397306397 0.01405723905723906 0.01414141414141414 0.01422558922558923 0.01430976430976431 0.01439393939393939 0.01447811447811448 0.01456228956228956 0.01464646464646465 0.01473063973063973 0.01481481481481482 0.0148989898989899 0.01498316498316498 0.01506734006734007 0.01515151515151515 0.01523569023569024 0.01531986531986532 0.0154040404040404 0.01548821548821549 0.01557239057239057 0.01565656565656566 0.01574074074074074 0.01582491582491583 0.01590909090909091 0.01599326599326599 0.01607744107744108 0.01616161616161616 0.01624579124579125 0.01632996632996633 0.01641414141414142 0.0164983164983165 0.01658249158249158 0.01666666666666667


# name: y
# type: matrix
# rows: 100
# columns: 1
 58971.77683786813
 59059.25258092006
 59153.21339361008
 59253.58740782438
 59360.2962951093
 59473.25535481299
 59592.37361249323
 59717.55392844947
 59848.69311621547
 59985.68207082703
 60128.40590665863
 60276.74410460144
 60430.57066833533
 60589.75428942747
 60754.1585209707
 60923.64195945651
 61098.05843455919
 61277.25720649071
 61461.08317056902
 61649.37706862715
 61841.97570687516
 62038.71217981364
 62239.41609978353
 62443.91383172586
 62652.02873271319
 62863.58139580489
 63078.38989776907
 63296.27005020632
 63517.03565360324
 63740.49875383824
 63966.46990065739
 64194.75840763467
 64425.17261312838
 64657.52014174499
 64891.60816582074
 65127.24366643331
 65364.23369345768
 65602.38562418397
 65841.50742001939
 66081.40788080246
 66321.89689626431
 66562.78569417937
 66803.88708475753
 67045.01570083892
 67285.98823346413
 67526.62366240402
 67766.74348124668
 68006.17191665259
 68244.73614140354
 68482.26648088662
 68718.59661267053
 68953.56375884848
 69187.00887083971
 69418.77680635948
 69648.71649828686
 69876.681115178
 70102.5282131937
 70326.11987922876
 70547.32286505264
 70766.0087122907
 70982.05386809709
 71195.33979139134
 71405.75304955234
 71613.18540548475
 71817.53389499443
 72018.70089443104
 72216.59417857746
 72411.1269687865
 72602.2179713868
 72789.79140640062
 72973.77702663619
 73154.11012723809
 73330.73154579804
 73503.58765314842
 73672.63033497914
 73837.81696443658
 73999.11036588132
 74156.47876999782
 74309.89576046581
 74459.34021241861
 74604.79622292853
 74746.25303377328
 74883.7049467508
 75017.15123182266
 75146.59602837688
 75272.048239913
 75393.52142246086
 75511.03366705436
 75624.60747658923
 75734.26963740097
 75840.05108590532
 75941.98677064896
 76040.11551012273
 76134.47984669254
 76225.12589700628
 76312.10319923644
 76395.46455751859
 76475.26588394619
 76551.56603848096
 76624.42666713565


# name: QUERY
# type: sq_string
# elements: 1
# length: 2
R1


# name: DATASIZE
# type: sq_string
# elements: 1
# length: 3
250


