# Created by Octave 3.8.2, Wed May 18 09:07:51 2016 CEST <Andrea@Andreas-MacBook-Pro.local>
# name: x
# type: matrix
# rows: 1
# columns: 100
 0.008333333333333333 0.008417508417508417 0.008501683501683501 0.008585858585858586 0.00867003367003367 0.008754208754208754 0.008838383838383838 0.008922558922558922 0.009006734006734006 0.00909090909090909 0.009175084175084175 0.009259259259259259 0.009343434343434345 0.009427609427609427 0.009511784511784513 0.009595959595959595 0.009680134680134681 0.009764309764309764 0.009848484848484849 0.009932659932659932 0.01001683501683502 0.0101010101010101 0.01018518518518519 0.01026936026936027 0.01035353535353535 0.01043771043771044 0.01052188552188552 0.01060606060606061 0.01069023569023569 0.01077441077441077 0.01085858585858586 0.01094276094276094 0.01102693602693603 0.01111111111111111 0.0111952861952862 0.01127946127946128 0.01136363636363636 0.01144781144781145 0.01153198653198653 0.01161616161616162 0.0117003367003367 0.01178451178451178 0.01186868686868687 0.01195286195286195 0.01203703703703704 0.01212121212121212 0.01220538720538721 0.01228956228956229 0.01237373737373737 0.01245791245791246 0.01254208754208754 0.01262626262626263 0.01271043771043771 0.01279461279461279 0.01287878787878788 0.01296296296296296 0.01304713804713805 0.01313131313131313 0.01321548821548822 0.0132996632996633 0.01338383838383838 0.01346801346801347 0.01355218855218855 0.01363636363636364 0.01372053872053872 0.01380471380471381 0.01388888888888889 0.01397306397306397 0.01405723905723906 0.01414141414141414 0.01422558922558923 0.01430976430976431 0.01439393939393939 0.01447811447811448 0.01456228956228956 0.01464646464646465 0.01473063973063973 0.01481481481481482 0.0148989898989899 0.01498316498316498 0.01506734006734007 0.01515151515151515 0.01523569023569024 0.01531986531986532 0.0154040404040404 0.01548821548821549 0.01557239057239057 0.01565656565656566 0.01574074074074074 0.01582491582491583 0.01590909090909091 0.01599326599326599 0.01607744107744108 0.01616161616161616 0.01624579124579125 0.01632996632996633 0.01641414141414142 0.0164983164983165 0.01658249158249158 0.01666666666666667


# name: y
# type: matrix
# rows: 100
# columns: 1
 69009.50876365759
 69068.23565953631
 69126.96255541498
 69185.68945129367
 69244.41634717237
 69303.1432430511
 69361.87013892981
 69420.59703480848
 69479.32393068723
 69538.05082656592
 69596.77772244463
 69655.50461832334
 69714.23151420204
 69772.95841008073
 69831.68530595943
 69890.41220183815
 69949.13909771686
 70007.86599359557
 70066.59288947424
 70125.31978535296
 70184.04668123167
 70242.77357711036
 70301.50047298906
 70360.22736886777
 70418.95426474648
 70477.68116062519
 70536.4080565039
 70595.13495238259
 70653.86184826129
 70712.58874414
 70771.3156400187
 70830.0425358974
 70888.76943177612
 70947.49632765482
 71006.22322353353
 71064.95011941223
 71123.67701529093
 71182.40391116963
 71241.13080704834
 71299.85770292704
 71358.58459880574
 71417.31149468446
 71476.03839056316
 71534.76528644186
 71593.49218232057
 71652.21907819927
 71710.94597407797
 71769.67286995667
 71828.39976583538
 71887.12666171408
 71945.85355759278
 72004.5804534715
 72063.30734935019
 72122.0342452289
 72180.76114110761
 72239.48803698631
 72298.21493286501
 72356.94182874371
 72415.66872462242
 72474.39562050113
 72533.12251637982
 72591.84941225853
 72650.57630813724
 72709.30320401595
 72768.03009989465
 72826.75699577335
 72885.48389165205
 72944.21078753076
 73002.93768340946
 73061.66457928818
 73120.39147516688
 73179.11837104558
 73237.84526692427
 73296.57216280299
 73355.29905868169
 73414.02595456038
 73472.75285043909
 73531.4797463178
 73590.2066421965
 73648.9335380752
 73707.6604339539
 73766.38732983262
 73825.11422571132
 73883.84112159003
 73942.5680174687
 74001.29491334743
 74060.02180922613
 74118.74870510485
 74177.47560098355
 74236.20249686226
 74294.92939274095
 74353.65628861965
 74412.38318449837
 74471.11008037705
 74529.83697625577
 74588.56387213446
 74647.29076801318
 74706.01766389189
 74764.74455977061
 74823.4714556493


# name: QUERY
# type: sq_string
# elements: 1
# length: 2
R1


# name: DATASIZE
# type: sq_string
# elements: 1
# length: 3
250


