# Created by Octave 4.0.0, Mon May 23 11:54:32 2016 CEST <peter@Independence>
# name: x
# type: matrix
# rows: 1
# columns: 100
 0.008333333333333333 0.008417508417508417 0.008501683501683501 0.008585858585858586 0.00867003367003367 0.008754208754208754 0.008838383838383838 0.008922558922558922 0.009006734006734006 0.00909090909090909 0.009175084175084175 0.009259259259259259 0.009343434343434343 0.009427609427609427 0.009511784511784511 0.009595959595959595 0.009680134680134681 0.009764309764309764 0.009848484848484848 0.009932659932659932 0.01001683501683502 0.0101010101010101 0.01018518518518518 0.01026936026936027 0.01035353535353535 0.01043771043771044 0.01052188552188552 0.0106060606060606 0.01069023569023569 0.01077441077441077 0.01085858585858586 0.01094276094276094 0.01102693602693603 0.01111111111111111 0.0111952861952862 0.01127946127946128 0.01136363636363636 0.01144781144781145 0.01153198653198653 0.01161616161616162 0.0117003367003367 0.01178451178451178 0.01186868686868687 0.01195286195286195 0.01203703703703704 0.01212121212121212 0.01220538720538721 0.01228956228956229 0.01237373737373737 0.01245791245791246 0.01254208754208754 0.01262626262626263 0.01271043771043771 0.01279461279461279 0.01287878787878788 0.01296296296296296 0.01304713804713805 0.01313131313131313 0.01321548821548822 0.0132996632996633 0.01338383838383838 0.01346801346801347 0.01355218855218855 0.01363636363636364 0.01372053872053872 0.0138047138047138 0.01388888888888889 0.01397306397306397 0.01405723905723906 0.01414141414141414 0.01422558922558922 0.01430976430976431 0.01439393939393939 0.01447811447811448 0.01456228956228956 0.01464646464646465 0.01473063973063973 0.01481481481481482 0.0148989898989899 0.01498316498316498 0.01506734006734007 0.01515151515151515 0.01523569023569023 0.01531986531986532 0.0154040404040404 0.01548821548821549 0.01557239057239057 0.01565656565656566 0.01574074074074074 0.01582491582491583 0.01590909090909091 0.01599326599326599 0.01607744107744108 0.01616161616161616 0.01624579124579124 0.01632996632996633 0.01641414141414141 0.0164983164983165 0.01658249158249158 0.01666666666666667


# name: y
# type: matrix
# rows: 1
# columns: 100
 47396.40141994881 47585.67023694656 47774.93905394432 47964.20787094207 48153.47668793982 48342.74550493759 48532.01432193533 48721.28313893309 48910.55195593084 49099.8207729286 49289.08958992636 49478.35840692411 49667.62722392187 49856.89604091962 50046.16485791738 50235.43367491513 50424.70249191289 50613.97130891064 50803.24012590839 50992.50894290615 51181.7777599039 51371.04657690166 51560.31539389941 51749.58421089717 51938.85302789493 52128.12184489268 52317.39066189044 52506.65947888819 52695.92829588595 52885.1971128837 53074.46592988145 53263.73474687921 53453.00356387696 53642.27238087472 53831.54119787247 54020.81001487023 54210.07883186798 54399.34764886574 54588.6164658635 54777.88528286125 54967.154099859 55156.42291685675 55345.69173385451 55534.96055085227 55724.22936785002 55913.49818484778 56102.76700184553 56292.03581884329 56481.30463584104 56670.5734528388 56859.84226983655 57049.11108683431 57238.37990383206 57427.64872082981 57616.91753782757 57806.18635482532 57995.45517182308 58184.72398882084 58373.99280581859 58563.26162281635 58752.5304398141 58941.79925681186 59131.06807380961 59320.33689080737 59509.60570780512 59698.87452480287 59888.14334180063 60077.41215879838 60266.68097579614 60455.94979279389 60645.21860979165 60834.4874267894 61023.75624378716 61213.02506078492 61402.29387778266 61591.56269478043 61780.83151177817 61970.10032877593 62159.36914577369 62348.63796277144 62537.9067797692 62727.17559676695 62916.44441376471 63105.71323076246 63294.98204776022 63484.25086475797 63673.51968175573 63862.78849875348 64052.05731575123 64241.32613274899 64430.59494974674 64619.8637667445 64809.13258374226 64998.40140074001 65187.67021773777 65376.93903473552 65566.20785173327 65755.47666873103 65944.74548572878 66134.01430272654


# name: QUERY
# type: sq_string
# elements: 1
# length: 2
R1


# name: DATASIZE
# type: sq_string
# elements: 1
# length: 3
250


