# Created by Octave 4.0.0, Mon May 23 11:54:31 2016 CEST <peter@Independence>
# name: SVs
# type: cell
# rows: 1
# columns: 7
# name: <cell-element>
# type: sparse matrix
# nnz: 105
# rows: 15
# columns: 7
1 1 -1.383232604248095
2 1 -0.2997912627187951
3 1 2.020413396738638
4 1 0.9777220821591946
5 1 -1.628242141284105
6 1 0.4617248659066414
7 1 -0.9971260988982082
8 1 -1.800411005147247
9 1 1.078578398860089
10 1 0.6104624642736163
11 1 0.6833031374464841
12 1 -0.01505044940667538
13 1 -1.047044881911782
14 1 0.4831186300553159
15 1 -0.150544289014947
1 2 -1.550996819849544
2 2 2.89389769661673
3 2 0.618773431871113
4 2 0.8431223356405175
5 2 -1.294722457587728
6 2 0.3912319822524674
7 2 0.04643703053441749
8 2 -2.314015277818191
9 2 0.9484763486654773
10 2 -0.2281219125003259
11 2 0.3688841613077789
12 2 -0.001741388645040656
13 2 -1.601497090555723
14 2 1.106072021041657
15 2 0.8082945627397045
1 3 -0.2196630035536354
2 3 -0.923449926716042
3 3 0.5418113723270014
4 3 0.218761637104913
5 3 -0.859993728725989
6 3 0.4898926648805943
7 3 -0.5715564651348387
8 3 -3.144416856367899
9 3 0.5418113723270014
10 3 0.6975674946662225
11 3 0.3168303067259041
12 3 0.161074184386683
13 3 -0.5369439935039007
14 3 -1.033056086880679
15 3 -0.6580876442121838
1 4 1.421295147440606
2 4 -0.3634436924275664
3 4 0.7997860926159247
4 4 -0.5776123532117471
5 4 -0.2668578257994065
6 4 0.02709915959064541
7 4 -0.6364037502897575
8 4 -1.816431077355537
9 4 -0.01909408097064846
10 4 0.9383658142998064
11 4 -0.3592443069219943
12 4 0.6654057564376152
13 4 -0.5776123532117471
14 4 -0.9051644226463764
15 4 -1.367096828259315
1 5 -0.7342081230243495
2 5 0.06977128537484392
3 5 -0.5623028397202094
4 5 -0.1344456562483425
5 5 -0.7024410432162983
6 5 0.1365729160569173
7 5 -0.2587910829255715
8 5 -1.019385736615483
9 5 2.940244616830352
10 5 -0.5225486084175625
11 5 -0.04005204767584743
12 5 0.07104196856716596
13 5 -0.8088153790306869
14 5 0.1200540345567307
15 5 0.5537200554792128
1 6 -1.035667917323126
2 6 0.7833208553698454
3 6 -0.6349732125045724
4 6 0.06645479417741489
5 6 -1.046165794390227
6 6 0.3146987107053417
7 6 0.4801174647847407
8 6 -1.304907587985256
9 6 1.995516895529846
10 6 -0.6090372809270278
11 6 0.2278596540840986
12 6 0.1735177022073386
13 6 -1.112395048240029
14 6 0.8754860407971914
15 6 1.165567085048419
1 7 -1.120631380968357
2 7 1.52587815342186
3 7 -0.5913294740903136
4 7 0.2026233862267519
5 7 -1.120631380968357
6 7 0.2026233862267519
7 7 1.52587815342186
8 7 -1.120631380968357
9 7 0.2026233862267519
10 7 -0.5913294740903136
11 7 0.2026233862267519
12 7 0.2026233862267519
13 7 -1.120631380968357
14 7 1.52587815342186
15 7 1.52587815342186



# name: <cell-element>
# type: sparse matrix
# nnz: 84
# rows: 12
# columns: 7
1 1 -1.383232604248095
2 1 -0.6553352478562899
3 1 0.9598939453686326
4 1 0.9777220821591946
5 1 -0.8509353772155993
6 1 -1.800411005147247
7 1 1.078578398860089
8 1 0.6104624642736163
9 1 -0.4256069709264759
10 1 -1.047044881911782
11 1 0.4831186300553159
12 1 -0.150544289014947
1 2 -1.550996819849544
2 2 0.2940044495710307
3 2 -0.172687707299865
4 2 0.7133888815849887
5 2 -0.1198655850669651
6 2 -2.314015277818191
7 2 0.9484763486654773
8 2 -0.2281219125003259
9 2 -0.4617582223766139
10 2 -1.601497090555723
11 2 1.106072021041657
12 2 0.8082945627397045
1 3 -0.2196630035536354
2 3 -0.5715564651348387
3 3 0.5937300797734084
4 3 0.6341112966761694
5 3 -0.0292944095834762
6 3 -3.144416856367899
7 3 0.5418113723270014
8 3 0.6975674946662225
9 3 1.551341794896027
10 3 -0.5369439935039007
11 3 -1.033056086880679
12 3 -0.6580876442121838
1 4 1.421295147440606
2 4 0.6066143593596049
3 4 2.718905268662406
4 4 1.589270567663493
5 4 0.06489362914079494
6 4 -1.816431077355537
7 4 -0.01909408097064846
8 4 0.9383658142998064
9 4 0.8837738027273682
10 4 -0.5776123532117471
11 4 -0.9051644226463764
12 4 -1.367096828259315
1 5 -0.7342081230243495
2 5 0.1333054449909463
3 5 -0.4878771098842037
4 5 -0.07544965089053307
5 5 0.064507026435224
6 5 -1.019385736615483
7 5 2.940244616830352
8 5 -0.5225486084175625
9 5 -0.4631895507190897
10 5 -0.8088153790306869
11 5 0.1200540345567307
12 5 0.5537200554792128
1 6 -1.035667917323126
2 6 0.8900750023095602
3 6 -0.5975359303167476
4 6 0.1157021880657287
5 6 0.7387048778346645
6 6 -1.304907587985256
7 6 1.995516895529846
8 6 -0.6090372809270278
9 6 -0.6646914674371756
10 6 -1.112395048240029
11 6 0.8754860407971914
12 6 1.165567085048419
1 7 -1.120631380968357
2 7 1.52587815342186
3 7 -0.5913294740903136
4 7 0.2026233862267519
5 7 1.52587815342186
6 7 -1.120631380968357
7 7 0.2026233862267519
8 7 -0.5913294740903136
9 7 -0.5913294740903136
10 7 -1.120631380968357
11 7 1.52587815342186
12 7 1.52587815342186



