# Created by Octave 3.8.2, Wed May 18 09:07:46 2016 CEST <Andrea@Andreas-MacBook-Pro.local>
# name: SVs
# type: cell
# rows: 1
# columns: 7
# name: <cell-element>
# type: sparse matrix
# nnz: 105
# rows: 15
# columns: 7
1 1 0.5015360228089442
2 1 -1.195720128139849
3 1 0.1181204899833062
4 1 1.27981612560498
5 1 0.524688520146126
6 1 0.1282974118897598
7 1 -1.222180125096628
8 1 1.190004789780528
9 1 0.3893354587902937
10 1 1.660433004906344
11 1 1.500655330975023
12 1 -1.358042032547783
13 1 -0.1744660148272337
14 1 1.059740189377922
15 1 -1.418085871795859
1 2 3.391409831841236
2 2 0.5131902721930871
3 2 -0.02716644695870667
4 2 1.388809850320211
5 2 0.5732682716387179
6 2 -1.956567946396549
7 2 -0.4532368568202489
8 2 1.077025749748921
9 2 0.9371890269013317
10 2 0.6847923740579059
11 2 1.090146232386472
12 2 0.1768915856411081
13 2 -2.341550529051022
14 2 0.8187594073044849
15 2 0.06502220736303706
1 3 0.2914729775325034
2 3 -1.434335830411628
3 3 0.3270811372562475
4 3 1.369213278504492
5 3 0.4339056164274798
6 3 0.4505227576318937
7 3 -1.007037913726698
8 3 0.8944378155212369
9 3 0.1799007437314385
10 3 0.8944378155212369
11 3 0.4932525493003866
12 3 -1.166087693826089
13 3 -0.2925008419369
14 3 0.8540819011676603
15 3 -1.4011015480028
1 4 0.5106272377969469
2 4 -1.661397622689018
3 4 0.8062282543127883
4 4 0.4656444744141015
5 4 0.3804985294394297
6 4 0.4286943473496213
7 4 -0.7199726461766103
8 4 0.6423624734181371
9 4 0.07043876755053088
10 4 0.9556352898343821
11 4 0.05758654944114648
12 4 -1.322420370054004
13 4 0.07204529481420394
14 4 0.5443643103340809
15 4 -1.95699863920486
1 5 0.06455991874032775
2 5 0.4228525179995273
3 5 0.02462568756511187
4 5 -0.08625315541858809
5 5 -0.3075646488588907
6 5 -1.015225996835342
7 5 -0.0918305620073054
8 5 3.592381134235796
9 5 5.848553647503718
10 5 -0.7122612709362182
11 5 4.088324128104538
12 5 0.07772259828970059
13 5 -1.114726930378059
14 5 0.8349113167739616
15 5 0.05942870467870784
1 6 -0.1119009587097803
2 6 1.701543067472334
3 6 -0.125941598493806
4 6 -0.8171128837506558
5 6 -0.4473108066515245
6 6 -1.313378563085698
7 6 0.9469198316932491
8 6 0.6563715401346116
9 6 2.052656906252657
10 6 -1.010795437426468
11 6 0.7398326254013291
12 6 1.093637179122842
13 6 -1.375265006733059
14 6 -0.232591754344594
15 6 1.152539375289975
1 7 1.669422156392791
2 7 0.6425740322957703
3 7 1.669422156392791
4 7 -0.7950133414400582
5 7 1.669422156392791
6 7 -1.411122215898271
7 7 0.6425740322957703
8 7 0.1291499702472605
9 7 1.669422156392791
10 7 -0.7950133414400582
11 7 0.1291499702472605
12 7 -0.3842740918012499
13 7 -1.411122215898271
14 7 0.1291499702472605
15 7 0.6425740322957703



# name: <cell-element>
# type: sparse matrix
# nnz: 168
# rows: 24
# columns: 7
1 1 0.240243552860749
2 1 0.5015360228089442
3 1 -1.265177620151394
4 1 0.1181204899833062
5 1 -1.192921474615574
6 1 -1.333617419972294
7 1 1.373952653239676
8 1 -1.328274535971406
9 1 -1.222180125096628
10 1 1.190004789780528
11 1 0.3893354587902937
12 1 0.8035361803829536
13 1 1.660433004906344
14 1 1.187714982351576
15 1 -1.364911454834639
16 1 0.956190008979757
17 1 0.896146169731681
18 1 1.171686330348911
19 1 -1.31377242225471
20 1 0.4386935300365934
21 1 -1.255509544340263
22 1 -1.420375679224811
23 1 0.8925842470644223
24 1 0.7289902274181813
1 2 -1.749747706925671
2 2 3.391409831841236
3 2 0.1679144133101518
4 2 -0.02716644695870667
5 2 0.3174188602064628
6 2 -0.3914324780802034
7 2 1.092908439257535
8 2 -0.1984232729646426
9 2 -0.4532368568202489
10 2 1.077025749748921
11 2 0.9371890269013317
12 2 1.153676990420932
13 2 0.6847923740579059
14 2 0.1620447237091419
15 2 -0.03786999858407767
16 2 -0.3227225821624993
17 2 -0.3279017200457434
18 2 0.6975675808365746
19 2 -0.340676926824412
20 2 -0.6006696485632622
21 2 0.03947179380569985
22 2 -0.703561854510377
23 2 1.264510541122355
24 2 -0.8579001634310491
1 3 0.1015627923392015
2 3 0.2914729775325034
3 3 -0.9476909808537914
4 3 0.3270811372562475
5 3 -1.282407682256986
6 3 -1.355997879019391
7 3 1.362091646559743
8 3 -1.289529314201735
9 3 -1.007037913726698
10 3 0.8944378155212369
11 3 0.1799007437314385
12 3 1.119956160438283
13 3 0.8944378155212369
14 3 1.124703915068116
15 3 -1.15896606188134
16 3 0.9585325030239763
17 3 0.8968116928361531
18 3 1.233902271554264
19 3 -1.498430517914367
20 3 1.309866345631585
21 3 -1.284781559571902
22 3 -1.348876247074642
23 3 0.2463693085490942
24 3 0.5003741812451354
1 4 0.3017786935194502
2 4 0.5106272377969469
3 4 -0.8549209363251465
4 4 0.8062282543127883
5 4 -0.7713815186141479
6 4 -1.298322461098909
7 4 1.031142071227015
8 4 -0.2428340488657141
9 4 -0.7199726461766103
10 4 0.6423624734181371
11 4 0.07043876755053088
12 4 0.2230588575994708
13 4 0.9556352898343821
14 4 1.058453034709457
15 4 -0.3809953935415965
16 4 1.008650689535593
17 4 0.3965638020761603
18 4 1.018289853117631
19 4 -2.098373038408088
20 4 0.9877658351078431
21 4 -1.42523811492908
22 4 -1.065376007866316
23 4 0.3033852207831233
24 4 1.024715962172323
1 5 -0.9719453217068957
2 5 0.06455991874032775
3 5 0.04961246908256538
4 5 0.02462568756511187
5 5 0.08218452356067443
6 5 0.0003081948383044332
7 5 -0.2633915886762496
8 5 -0.04453415413498268
9 5 -0.0918305620073054
10 5 3.592381134235796
11 5 5.848553647503718
12 5 0.2124727414731106
13 5 -0.7122612709362182
14 5 -0.6286001721054586
15 5 0.01347087438767727
16 5 -0.6634031892190545
17 5 -0.6047288719057485
18 5 1.25990969883422
19 5 -0.07599072729534827
20 5 -0.5904507110386322
21 5 0.3898342709943208
22 5 -0.108785878037006
23 5 0.1263575837433155
24 5 -0.661618419110665
1 6 -1.28456345217005
2 6 -0.1119009587097803
3 6 1.170885158979904
4 6 -0.125941598493806
5 6 1.213838753859258
6 6 1.127393421112312
7 6 -0.7855092137141378
8 6 1.092609815236206
9 6 0.9469198316932491
10 6 0.6563715401346116
11 6 2.052656906252657
12 6 -0.9803658975461051
13 6 -1.010795437426468
14 6 -0.9670101670198367
15 6 1.116434872988194
16 6 -0.994357615240291
17 6 -1.037409054299325
18 6 -0.1113138936317026
19 6 1.108803026973184
20 6 -1.029630442014795
21 6 1.392159771325369
22 6 0.9813120608506363
23 6 -0.05348798344104597
24 6 -1.068132126718726
1 7 -1.411122215898271
2 7 1.669422156392791
3 7 0.6425740322957703
4 7 1.669422156392791
5 7 0.6425740322957703
6 7 0.6425740322957703
7 7 -0.7950133414400582
8 7 0.6425740322957703
9 7 0.6425740322957703
10 7 0.1291499702472605
11 7 1.669422156392791
12 7 -1.411122215898271
13 7 -0.7950133414400582
14 7 -0.7950133414400582
15 7 0.6425740322957703
16 7 -0.7950133414400582
17 7 -0.7950133414400582
18 7 0.1291499702472605
19 7 -0.3842740918012499
20 7 -0.7950133414400582
21 7 0.6425740322957703
22 7 0.6425740322957703
23 7 1.669422156392791
24 7 -0.7950133414400582



