# Created by Octave 3.8.2, Wed May 18 09:07:36 2016 CEST <Andrea@Andreas-MacBook-Pro.local>
# name: mu
# type: matrix
# rows: 1
# columns: 8
 71425.39175257731 18553.73195876289 30330.68041237113 1909.216494845361 2974.154639175258 10474.61855670103 36804.32989690721 0.01215063001145474


# name: sigma
# type: matrix
# rows: 1
# columns: 8
 26002.2094412013 3930.461525368935 2896.234921361956 421.2517612921668 622.4606470192546 4482.370005187218 20440.66398787071 0.002705149585992059


