# Created by Octave 4.0.0, Mon May 23 11:54:32 2016 CEST <peter@Independence>
# name: x
# type: matrix
# rows: 1
# columns: 100
 0.008333333333333333 0.008417508417508417 0.008501683501683501 0.008585858585858586 0.00867003367003367 0.008754208754208754 0.008838383838383838 0.008922558922558922 0.009006734006734006 0.00909090909090909 0.009175084175084175 0.009259259259259259 0.009343434343434343 0.009427609427609427 0.009511784511784511 0.009595959595959595 0.009680134680134681 0.009764309764309764 0.009848484848484848 0.009932659932659932 0.01001683501683502 0.0101010101010101 0.01018518518518518 0.01026936026936027 0.01035353535353535 0.01043771043771044 0.01052188552188552 0.0106060606060606 0.01069023569023569 0.01077441077441077 0.01085858585858586 0.01094276094276094 0.01102693602693603 0.01111111111111111 0.0111952861952862 0.01127946127946128 0.01136363636363636 0.01144781144781145 0.01153198653198653 0.01161616161616162 0.0117003367003367 0.01178451178451178 0.01186868686868687 0.01195286195286195 0.01203703703703704 0.01212121212121212 0.01220538720538721 0.01228956228956229 0.01237373737373737 0.01245791245791246 0.01254208754208754 0.01262626262626263 0.01271043771043771 0.01279461279461279 0.01287878787878788 0.01296296296296296 0.01304713804713805 0.01313131313131313 0.01321548821548822 0.0132996632996633 0.01338383838383838 0.01346801346801347 0.01355218855218855 0.01363636363636364 0.01372053872053872 0.0138047138047138 0.01388888888888889 0.01397306397306397 0.01405723905723906 0.01414141414141414 0.01422558922558922 0.01430976430976431 0.01439393939393939 0.01447811447811448 0.01456228956228956 0.01464646464646465 0.01473063973063973 0.01481481481481482 0.0148989898989899 0.01498316498316498 0.01506734006734007 0.01515151515151515 0.01523569023569023 0.01531986531986532 0.0154040404040404 0.01548821548821549 0.01557239057239057 0.01565656565656566 0.01574074074074074 0.01582491582491583 0.01590909090909091 0.01599326599326599 0.01607744107744108 0.01616161616161616 0.01624579124579124 0.01632996632996633 0.01641414141414141 0.0164983164983165 0.01658249158249158 0.01666666666666667


# name: y
# type: matrix
# rows: 100
# columns: 1
 53041.7273513106
 52910.74836667622
 52782.9315741338
 52658.27697368336
 52536.78456532487
 52418.45434905837
 52303.28632488383
 52191.28049280126
 52082.43685281065
 51976.75540491202
 51874.23614910535
 51774.87908539065
 51678.68421376793
 51585.65153423717
 51495.78104679838
 51409.07275145156
 51325.52664819671
 51245.14273703383
 51167.92101796292
 51093.86149098397
 51022.964156097
 50955.22901330199
 50890.65606259895
 50829.24530398789
 50770.99673746879
 50715.91036304166
 50663.9861807065
 50615.22419046331
 50569.62439231209
 50527.18678625283
 50487.91137228555
 50451.79815041024
 50418.84712062689
 50389.05828293551
 50362.4316373361
 50338.96718382866
 50318.6649224132
 50301.52485308969
 50287.54697585816
 50276.7312907186
 50269.07779767101
 50264.58649671538
 50263.25738785172
 50265.09047108004
 50270.08574640032
 50278.24321381257
 50289.56287331679
 50304.04472491298
 50321.68876860114
 50342.49500438127
 50366.46343225337
 50393.59405221743
 50423.88686427347
 50457.34186842147
 50493.95906466144
 50533.73845299338
 50576.68003341729
 50622.78380593318
 50672.04977054102
 50724.47792724084
 50780.06827603263
 50838.82081691638
 50900.73554989211
 50965.81247495981
 51034.05159211947
 51105.4529013711
 51180.0164027147
 51257.74209615027
 51338.62998167781
 51422.68005929732
 51509.8923290088
 51600.26679081224
 51693.80344470766
 51790.50229069504
 51890.36332877439
 51993.38655894572
 52099.57198120901
 52208.91959556427
 52321.4294020115
 52437.1014005507
 52555.93559118186
 52677.931973905
 52803.09054872011
 52931.41131562719
 53062.89427462623
 53197.53942571724
 53335.34676890023
 53476.31630417518
 53620.4480315421
 53767.74195100099
 53918.19806255184
 54071.81636619467
 54228.59686192947
 54388.53954975623
 54551.64442967497
 54717.91150168567
 54887.34076578834
 55059.93222198298
 55235.6858702696
 55414.60171064817


# name: QUERY
# type: sq_string
# elements: 1
# length: 2
R1


# name: DATASIZE
# type: sq_string
# elements: 1
# length: 3
250


