# Created by Octave 3.8.2, Wed May 18 09:07:51 2016 CEST <Andrea@Andreas-MacBook-Pro.local>
# name: x
# type: matrix
# rows: 1
# columns: 100
 0.008333333333333333 0.008417508417508417 0.008501683501683501 0.008585858585858586 0.00867003367003367 0.008754208754208754 0.008838383838383838 0.008922558922558922 0.009006734006734006 0.00909090909090909 0.009175084175084175 0.009259259259259259 0.009343434343434345 0.009427609427609427 0.009511784511784513 0.009595959595959595 0.009680134680134681 0.009764309764309764 0.009848484848484849 0.009932659932659932 0.01001683501683502 0.0101010101010101 0.01018518518518519 0.01026936026936027 0.01035353535353535 0.01043771043771044 0.01052188552188552 0.01060606060606061 0.01069023569023569 0.01077441077441077 0.01085858585858586 0.01094276094276094 0.01102693602693603 0.01111111111111111 0.0111952861952862 0.01127946127946128 0.01136363636363636 0.01144781144781145 0.01153198653198653 0.01161616161616162 0.0117003367003367 0.01178451178451178 0.01186868686868687 0.01195286195286195 0.01203703703703704 0.01212121212121212 0.01220538720538721 0.01228956228956229 0.01237373737373737 0.01245791245791246 0.01254208754208754 0.01262626262626263 0.01271043771043771 0.01279461279461279 0.01287878787878788 0.01296296296296296 0.01304713804713805 0.01313131313131313 0.01321548821548822 0.0132996632996633 0.01338383838383838 0.01346801346801347 0.01355218855218855 0.01363636363636364 0.01372053872053872 0.01380471380471381 0.01388888888888889 0.01397306397306397 0.01405723905723906 0.01414141414141414 0.01422558922558923 0.01430976430976431 0.01439393939393939 0.01447811447811448 0.01456228956228956 0.01464646464646465 0.01473063973063973 0.01481481481481482 0.0148989898989899 0.01498316498316498 0.01506734006734007 0.01515151515151515 0.01523569023569024 0.01531986531986532 0.0154040404040404 0.01548821548821549 0.01557239057239057 0.01565656565656566 0.01574074074074074 0.01582491582491583 0.01590909090909091 0.01599326599326599 0.01607744107744108 0.01616161616161616 0.01624579124579125 0.01632996632996633 0.01641414141414142 0.0164983164983165 0.01658249158249158 0.01666666666666667


# name: y
# type: matrix
# rows: 100
# columns: 1
 45606.6687104564
 45301.24601967995
 45002.63327764509
 44710.83048435177
 44425.83763980001
 44147.65474398986
 43876.28179692125
 43611.71879859421
 43353.96574900874
 43103.02264816484
 42858.8894960625
 42621.56629270174
 42391.05303808254
 42167.34973220491
 41950.45637506884
 41740.37296667434
 41537.0995070214
 41340.63599611004
 41150.98243394024
 40968.13882051202
 40792.10515582535
 40622.88143988026
 40460.46767267674
 40304.86385421477
 40156.06998449439
 40014.08606351556
 39878.9120912783
 39750.54806778261
 39628.99399302849
 39514.24986701594
 39406.31568974495
 39305.19146121554
 39210.87718142768
 39123.37285038141
 39042.67846807669
 38968.79403451353
 38901.71954969195
 38841.45501361194
 38788.00042627349
 38741.35578767661
 38701.5210978213
 38668.49635670755
 38642.28156433538
 38622.87672070476
 38610.28182581573
 38604.49687966825
 38605.52188226234
 38613.35683359801
 38628.00173367524
 38649.45658249403
 38677.72138005439
 38712.79612635632
 38754.68082139982
 38803.37546518489
 38858.88005771152
 38921.19459897972
 38990.31908898949
 39066.25352774082
 39148.99791523372
 39238.55225146819
 39334.91653644423
 39438.09077016183
 39548.07495262101
 39664.86908382174
 39788.47316376405
 39918.88719244793
 40056.11116987337
 40200.14509604038
 40350.98897094896
 40508.6427945991
 40673.10656699081
 40844.38028812409
 41022.46395799895
 41207.35757661535
 41399.06114397334
 41597.57466007289
 41802.89812491401
 42015.03153849669
 42233.97490082095
 42459.72821188676
 42692.29147169415
 42931.66468024311
 43177.84783753363
 43430.8409435657
 43690.64399833936
 43957.2570018546
 44230.67995411139
 44510.91285510975
 44797.95570484968
 45091.80850333118
 45392.47125055423
 45699.94394651886
 46014.22659122506
 46335.3191846728
 46663.22172686215
 46997.93421779305
 47339.45665746551
 47687.78904587955
 48042.93138303515
 48404.88366893231


# name: QUERY
# type: sq_string
# elements: 1
# length: 2
R1


# name: DATASIZE
# type: sq_string
# elements: 1
# length: 3
250


