# Created by Octave 3.8.2, Wed May 18 09:07:51 2016 CEST <Andrea@Andreas-MacBook-Pro.local>
# name: x
# type: matrix
# rows: 1
# columns: 100
 0.008333333333333333 0.008417508417508417 0.008501683501683501 0.008585858585858586 0.00867003367003367 0.008754208754208754 0.008838383838383838 0.008922558922558922 0.009006734006734006 0.00909090909090909 0.009175084175084175 0.009259259259259259 0.009343434343434345 0.009427609427609427 0.009511784511784513 0.009595959595959595 0.009680134680134681 0.009764309764309764 0.009848484848484849 0.009932659932659932 0.01001683501683502 0.0101010101010101 0.01018518518518519 0.01026936026936027 0.01035353535353535 0.01043771043771044 0.01052188552188552 0.01060606060606061 0.01069023569023569 0.01077441077441077 0.01085858585858586 0.01094276094276094 0.01102693602693603 0.01111111111111111 0.0111952861952862 0.01127946127946128 0.01136363636363636 0.01144781144781145 0.01153198653198653 0.01161616161616162 0.0117003367003367 0.01178451178451178 0.01186868686868687 0.01195286195286195 0.01203703703703704 0.01212121212121212 0.01220538720538721 0.01228956228956229 0.01237373737373737 0.01245791245791246 0.01254208754208754 0.01262626262626263 0.01271043771043771 0.01279461279461279 0.01287878787878788 0.01296296296296296 0.01304713804713805 0.01313131313131313 0.01321548821548822 0.0132996632996633 0.01338383838383838 0.01346801346801347 0.01355218855218855 0.01363636363636364 0.01372053872053872 0.01380471380471381 0.01388888888888889 0.01397306397306397 0.01405723905723906 0.01414141414141414 0.01422558922558923 0.01430976430976431 0.01439393939393939 0.01447811447811448 0.01456228956228956 0.01464646464646465 0.01473063973063973 0.01481481481481482 0.0148989898989899 0.01498316498316498 0.01506734006734007 0.01515151515151515 0.01523569023569024 0.01531986531986532 0.0154040404040404 0.01548821548821549 0.01557239057239057 0.01565656565656566 0.01574074074074074 0.01582491582491583 0.01590909090909091 0.01599326599326599 0.01607744107744108 0.01616161616161616 0.01624579124579125 0.01632996632996633 0.01641414141414142 0.0164983164983165 0.01658249158249158 0.01666666666666667


# name: y
# type: matrix
# rows: 100
# columns: 1
 63173.15749583479
 63174.70462220282
 63176.08681704349
 63177.31845680011
 63178.41295684656
 63179.38281530857
 63180.23965586242
 63180.99426951083
 63181.65665533631
 63182.23606023169
 63182.74101760812
 63183.17938508024
 63183.55838112874
 63183.8846207403
 63184.16415002475
 63184.40247980958
 63184.60461821177
 63184.77510218701
 63184.9180280561
 63185.03708100879
 63185.13556358489
 63185.21642313271
 63185.28227824481
 63185.33544417108
 63185.37795720914
 63185.41159807205
 63185.43791423333
 63185.45824124936
 63185.47372305902
 63185.48533126069
 63185.49388336657
 63185.50006003432
 63185.504421276
 63185.50742164438
 63185.50942439644
 63185.51071463444
 63185.511511424
 63185.51197888974
 63185.51223628812
 63185.51236705766
 63185.51242684643
 63185.51245051689
 63185.51245812802
 63185.51245989485
 63185.51246012519
 63185.51246013376
 63185.51246013366
 63185.51246010505
 63185.51245964128
 63185.51245677227
 63185.51244576518
 63185.5124139025
 63185.51233723735
 63185.51217532618
 63185.51186493874
 63185.51131274542
 63185.51038698184
 63185.50890809081
 63185.50663834162
 63185.50327042661
 63185.49841503506
 63185.49158740447
 63185.48219284906
 63185.46951126566
 63185.45268061689
 63185.43067939165
 63185.40230804301
 63185.36616940323
 63185.32064807641
 63185.26388880808
 63185.19377383246
 63185.1078991968
 63185.00355006314
 63184.87767498741
 63184.72685917577
 63184.54729671833
 63184.3347618002
 63184.08457888979
 63183.79159190452
 63183.45013235374
 63183.05398645911
 63182.59636125219
 63182.06984964933
 63181.46639450404
 63180.77725163648
 63179.9929518404
 63179.10326186738
 63178.09714438832
 63176.96271693235
 63175.68720980299
 63174.25692297165
 63172.65718194848
 63170.87229263043
 63168.88549512684
 63166.67891656207
 63164.23352285574
 63161.52906948005
 63158.54405119456
 63155.25565075826
 63151.63968661893


# name: QUERY
# type: sq_string
# elements: 1
# length: 2
R1


# name: DATASIZE
# type: sq_string
# elements: 1
# length: 3
250


