# Created by Octave 3.8.2, Wed May 18 09:07:51 2016 CEST <Andrea@Andreas-MacBook-Pro.local>
# name: x
# type: matrix
# rows: 1
# columns: 100
 0.008333333333333333 0.008417508417508417 0.008501683501683501 0.008585858585858586 0.00867003367003367 0.008754208754208754 0.008838383838383838 0.008922558922558922 0.009006734006734006 0.00909090909090909 0.009175084175084175 0.009259259259259259 0.009343434343434345 0.009427609427609427 0.009511784511784513 0.009595959595959595 0.009680134680134681 0.009764309764309764 0.009848484848484849 0.009932659932659932 0.01001683501683502 0.0101010101010101 0.01018518518518519 0.01026936026936027 0.01035353535353535 0.01043771043771044 0.01052188552188552 0.01060606060606061 0.01069023569023569 0.01077441077441077 0.01085858585858586 0.01094276094276094 0.01102693602693603 0.01111111111111111 0.0111952861952862 0.01127946127946128 0.01136363636363636 0.01144781144781145 0.01153198653198653 0.01161616161616162 0.0117003367003367 0.01178451178451178 0.01186868686868687 0.01195286195286195 0.01203703703703704 0.01212121212121212 0.01220538720538721 0.01228956228956229 0.01237373737373737 0.01245791245791246 0.01254208754208754 0.01262626262626263 0.01271043771043771 0.01279461279461279 0.01287878787878788 0.01296296296296296 0.01304713804713805 0.01313131313131313 0.01321548821548822 0.0132996632996633 0.01338383838383838 0.01346801346801347 0.01355218855218855 0.01363636363636364 0.01372053872053872 0.01380471380471381 0.01388888888888889 0.01397306397306397 0.01405723905723906 0.01414141414141414 0.01422558922558923 0.01430976430976431 0.01439393939393939 0.01447811447811448 0.01456228956228956 0.01464646464646465 0.01473063973063973 0.01481481481481482 0.0148989898989899 0.01498316498316498 0.01506734006734007 0.01515151515151515 0.01523569023569024 0.01531986531986532 0.0154040404040404 0.01548821548821549 0.01557239057239057 0.01565656565656566 0.01574074074074074 0.01582491582491583 0.01590909090909091 0.01599326599326599 0.01607744107744108 0.01616161616161616 0.01624579124579125 0.01632996632996633 0.01641414141414142 0.0164983164983165 0.01658249158249158 0.01666666666666667


# name: y
# type: matrix
# rows: 100
# columns: 1
 56110.84282612321
 55958.29498915299
 55815.72449556353
 55682.686513935
 55558.74635735502
 55443.47948341854
 55336.47149422795
 55237.31813639298
 55145.62530103077
 55061.00902376584
 54983.09548473012
 54911.52100856289
 54845.93206441084
 54785.98526592804
 54731.34737127597
 54681.69528312346
 54636.71604864674
 54596.10685952945
 54559.57505196257
 54526.83810664453
 54497.62364878108
 54471.66944808542
 54448.72341877809
 54428.54361958704
 54410.89825374759
 54395.56566900247
 54382.33435760178
 54371.00295630303
 54361.38024637107
 54353.2851535782
 54346.54674820404
 54341.00424503566
 54336.50700336746
 54332.91452700129
 54330.09646424634
 54327.93260791918
 54326.31289534381
 54325.13740835158
 54324.31637328125
 54323.77016097897
 54323.42928679824
 54323.23441059999
 54323.13633675252
 54323.0960141315
 54323.08453612003
 54323.08314060855
 54323.08320999492
 54323.08627118437
 54323.10399558952
 54323.15819913038
 54323.28084223437
 54323.51402983624
 54323.91001137818
 54324.53118080975
 54325.45007658788
 54326.74938167693
 54328.52192354859
 54330.87067418198
 54333.90875006359
 54337.75941218733
 54342.55606605442
 54348.44226167355
 54355.57169356075
 54364.10820073944
 54374.22576674046
 54386.10851960201
 54399.95073186966
 54415.95682059642
 54434.34134734262
 54455.32901817604
 54479.1546836718
 54506.06333891244
 54536.31012348788
 54570.16032149541
 54607.88936153972
 54649.78281673288
 54696.13640469436
 54747.25598755101
 54803.45757193707
 54865.06730899416
 54932.42149437127
 55005.86656822484
 55085.75911521863
 55172.46586452381
 55266.36368981895
 55367.83960928999
 55477.29078563027
 55595.12452604051
 55721.75828222881
 55857.61965041068
 56003.14637130898
 56158.78633015401
 56324.9975566834
 56502.2482251422
 56691.01665428285
 56891.79130736517
 57105.07079215634
 57331.36386093099
 57571.18941047107
 57825.07648206597


# name: QUERY
# type: sq_string
# elements: 1
# length: 2
R1


# name: DATASIZE
# type: sq_string
# elements: 1
# length: 3
250


