# Created by Octave 3.8.2, Wed May 18 09:07:51 2016 CEST <Andrea@Andreas-MacBook-Pro.local>
# name: x
# type: matrix
# rows: 1
# columns: 100
 0.008333333333333333 0.008417508417508417 0.008501683501683501 0.008585858585858586 0.00867003367003367 0.008754208754208754 0.008838383838383838 0.008922558922558922 0.009006734006734006 0.00909090909090909 0.009175084175084175 0.009259259259259259 0.009343434343434345 0.009427609427609427 0.009511784511784513 0.009595959595959595 0.009680134680134681 0.009764309764309764 0.009848484848484849 0.009932659932659932 0.01001683501683502 0.0101010101010101 0.01018518518518519 0.01026936026936027 0.01035353535353535 0.01043771043771044 0.01052188552188552 0.01060606060606061 0.01069023569023569 0.01077441077441077 0.01085858585858586 0.01094276094276094 0.01102693602693603 0.01111111111111111 0.0111952861952862 0.01127946127946128 0.01136363636363636 0.01144781144781145 0.01153198653198653 0.01161616161616162 0.0117003367003367 0.01178451178451178 0.01186868686868687 0.01195286195286195 0.01203703703703704 0.01212121212121212 0.01220538720538721 0.01228956228956229 0.01237373737373737 0.01245791245791246 0.01254208754208754 0.01262626262626263 0.01271043771043771 0.01279461279461279 0.01287878787878788 0.01296296296296296 0.01304713804713805 0.01313131313131313 0.01321548821548822 0.0132996632996633 0.01338383838383838 0.01346801346801347 0.01355218855218855 0.01363636363636364 0.01372053872053872 0.01380471380471381 0.01388888888888889 0.01397306397306397 0.01405723905723906 0.01414141414141414 0.01422558922558923 0.01430976430976431 0.01439393939393939 0.01447811447811448 0.01456228956228956 0.01464646464646465 0.01473063973063973 0.01481481481481482 0.0148989898989899 0.01498316498316498 0.01506734006734007 0.01515151515151515 0.01523569023569024 0.01531986531986532 0.0154040404040404 0.01548821548821549 0.01557239057239057 0.01565656565656566 0.01574074074074074 0.01582491582491583 0.01590909090909091 0.01599326599326599 0.01607744107744108 0.01616161616161616 0.01624579124579125 0.01632996632996633 0.01641414141414142 0.0164983164983165 0.01658249158249158 0.01666666666666667


# name: y
# type: matrix
# rows: 100
# columns: 1
 62713.70781852125
 62902.44087644207
 63082.8518206673
 63255.12829968445
 63419.45796198106
 63576.02845604464
 63725.02743036272
 63866.64253342282
 64001.06141371246
 64128.47171971916
 64249.06109993045
 64363.01720283385
 64470.52767691688
 64571.78017066706
 64666.96233257192
 64756.26181111898
 64839.86625479576
 64917.96331208978
 64990.74063148856
 65058.38586147963
 65121.08665055052
 65179.03064718874
 65232.40549988181
 65281.39885711725
 65326.1983673826
 65366.99167916537
 65403.96644095309
 65437.31030123327
 65467.21090849343
 65493.85591122112
 65517.43295790383
 65538.1296970291
 65556.13377708445
 65571.6328465574
 65584.81455393547
 65595.8665477062
 65604.97647635709
 65612.33198837566
 65618.12073224946
 65622.53035646598
 65625.74850951276
 65627.96283987732
 65629.36099604719
 65630.13062650988
 65630.45937975292
 65630.53490426383
 65630.54484853012
 65630.67686103933
 65631.11859027899
 65632.05768473659
 65633.68179289968
 65636.17856325577
 65639.73564429239
 65644.54068449706
 65650.78133235729
 65658.64523636062
 65668.32004499456
 65679.99340674665
 65693.85297010439
 65710.08638355532
 65728.88129558695
 65750.4253546868
 65774.90620934241
 65802.51150804129
 65833.42889927096
 65867.84603151896
 65905.95055327279
 65947.93011301997
 65993.97235924806
 66044.26494044454
 66098.99550509694
 66158.35170169281
 66222.52117871965
 66291.69158466496
 66366.05056801632
 66445.7857772612
 66531.08486088716
 66622.1354673817
 66719.12524523234
 66822.24184292661
 66931.67290895204
 67047.60609179614
 67170.22903994644
 67299.72940189045
 67436.29482611571
 67580.11296110973
 67731.37145536004
 67890.25795735416
 68056.96011557961
 68231.66557852391
 68414.5619946746
 68605.83701251917
 68805.67828054517
 69014.27344724012
 69231.81016109152
 69458.47607058691
 69694.45882421383
 69939.94607045976
 70195.12545781226
 70460.18463475881


# name: QUERY
# type: sq_string
# elements: 1
# length: 2
R1


# name: DATASIZE
# type: sq_string
# elements: 1
# length: 3
250


