# Created by Octave 3.8.2, Wed May 18 09:07:51 2016 CEST <Andrea@Andreas-MacBook-Pro.local>
# name: x
# type: matrix
# rows: 1
# columns: 100
 0.008333333333333333 0.008417508417508417 0.008501683501683501 0.008585858585858586 0.00867003367003367 0.008754208754208754 0.008838383838383838 0.008922558922558922 0.009006734006734006 0.00909090909090909 0.009175084175084175 0.009259259259259259 0.009343434343434345 0.009427609427609427 0.009511784511784513 0.009595959595959595 0.009680134680134681 0.009764309764309764 0.009848484848484849 0.009932659932659932 0.01001683501683502 0.0101010101010101 0.01018518518518519 0.01026936026936027 0.01035353535353535 0.01043771043771044 0.01052188552188552 0.01060606060606061 0.01069023569023569 0.01077441077441077 0.01085858585858586 0.01094276094276094 0.01102693602693603 0.01111111111111111 0.0111952861952862 0.01127946127946128 0.01136363636363636 0.01144781144781145 0.01153198653198653 0.01161616161616162 0.0117003367003367 0.01178451178451178 0.01186868686868687 0.01195286195286195 0.01203703703703704 0.01212121212121212 0.01220538720538721 0.01228956228956229 0.01237373737373737 0.01245791245791246 0.01254208754208754 0.01262626262626263 0.01271043771043771 0.01279461279461279 0.01287878787878788 0.01296296296296296 0.01304713804713805 0.01313131313131313 0.01321548821548822 0.0132996632996633 0.01338383838383838 0.01346801346801347 0.01355218855218855 0.01363636363636364 0.01372053872053872 0.01380471380471381 0.01388888888888889 0.01397306397306397 0.01405723905723906 0.01414141414141414 0.01422558922558923 0.01430976430976431 0.01439393939393939 0.01447811447811448 0.01456228956228956 0.01464646464646465 0.01473063973063973 0.01481481481481482 0.0148989898989899 0.01498316498316498 0.01506734006734007 0.01515151515151515 0.01523569023569024 0.01531986531986532 0.0154040404040404 0.01548821548821549 0.01557239057239057 0.01565656565656566 0.01574074074074074 0.01582491582491583 0.01590909090909091 0.01599326599326599 0.01607744107744108 0.01616161616161616 0.01624579124579125 0.01632996632996633 0.01641414141414142 0.0164983164983165 0.01658249158249158 0.01666666666666667


# name: y
# type: matrix
# rows: 1
# columns: 100
 69216.72536076418 69265.42859111856 69314.13182147294 69362.83505182732 69411.53828218169 69460.24151253607 69508.94474289045 69557.64797324484 69606.3512035992 69655.05443395358 69703.75766430797 69752.46089466235 69801.16412501672 69849.8673553711 69898.57058572548 69947.27381607986 69995.97704643423 70044.68027678861 70093.38350714299 70142.08673749737 70190.78996785174 70239.49319820612 70288.19642856051 70336.89965891489 70385.60288926926 70434.30611962364 70483.00934997802 70531.7125803324 70580.41581068677 70629.11904104115 70677.82227139553 70726.52550174991 70775.22873210428 70823.93196245866 70872.63519281305 70921.33842316743 70970.0416535218 71018.74488387618 71067.44811423056 71116.15134458494 71164.85457493931 71213.55780529369 71262.26103564807 71310.96426600245 71359.66749635682 71408.3707267112 71457.07395706559 71505.77718741997 71554.48041777434 71603.18364812872 71651.8868784831 71700.59010883748 71749.29333919185 71797.99656954623 71846.69979990061 71895.40303025499 71944.10626060936 71992.80949096374 72041.51272131813 72090.21595167251 72138.91918202688 72187.62241238126 72236.32564273564 72285.02887309002 72333.73210344439 72382.43533379877 72431.13856415315 72479.84179450753 72528.5450248619 72577.24825521628 72625.95148557067 72674.65471592505 72723.35794627942 72772.0611766338 72820.76440698818 72869.46763734256 72918.17086769693 72966.87409805131 73015.57732840569 73064.28055876007 73112.98378911444 73161.68701946882 73210.39024982321 73259.09348017759 73307.79671053195 73356.49994088634 73405.20317124072 73453.9064015951 73502.60963194947 73551.31286230385 73600.01609265823 73648.71932301261 73697.42255336698 73746.12578372136 73794.82901407575 73843.53224443013 73892.23547478449 73940.93870513888 73989.64193549326 74038.34516584764


# name: QUERY
# type: sq_string
# elements: 1
# length: 2
R1


# name: DATASIZE
# type: sq_string
# elements: 1
# length: 3
250


