# Created by Octave 3.8.2, Wed May 18 17:55:17 2016 CEST <Andrea@Andreas-MacBook-Pro.local>
# name: x
# type: matrix
# rows: 1
# columns: 100
 0.008333333333333333 0.008417508417508417 0.008501683501683501 0.008585858585858586 0.00867003367003367 0.008754208754208754 0.008838383838383838 0.008922558922558922 0.009006734006734006 0.00909090909090909 0.009175084175084175 0.009259259259259259 0.009343434343434343 0.009427609427609427 0.009511784511784511 0.009595959595959595 0.009680134680134679 0.009764309764309764 0.009848484848484848 0.009932659932659932 0.01001683501683502 0.0101010101010101 0.01018518518518519 0.01026936026936027 0.01035353535353535 0.01043771043771044 0.01052188552188552 0.0106060606060606 0.01069023569023569 0.01077441077441077 0.01085858585858586 0.01094276094276094 0.01102693602693603 0.01111111111111111 0.0111952861952862 0.01127946127946128 0.01136363636363636 0.01144781144781145 0.01153198653198653 0.01161616161616162 0.0117003367003367 0.01178451178451178 0.01186868686868687 0.01195286195286195 0.01203703703703704 0.01212121212121212 0.01220538720538721 0.01228956228956229 0.01237373737373737 0.01245791245791246 0.01254208754208754 0.01262626262626263 0.01271043771043771 0.01279461279461279 0.01287878787878788 0.01296296296296296 0.01304713804713805 0.01313131313131313 0.01321548821548822 0.0132996632996633 0.01338383838383838 0.01346801346801347 0.01355218855218855 0.01363636363636364 0.01372053872053872 0.0138047138047138 0.01388888888888889 0.01397306397306397 0.01405723905723906 0.01414141414141414 0.01422558922558922 0.01430976430976431 0.01439393939393939 0.01447811447811448 0.01456228956228956 0.01464646464646465 0.01473063973063973 0.01481481481481482 0.0148989898989899 0.01498316498316498 0.01506734006734007 0.01515151515151515 0.01523569023569023 0.01531986531986532 0.0154040404040404 0.01548821548821549 0.01557239057239057 0.01565656565656566 0.01574074074074074 0.01582491582491583 0.01590909090909091 0.01599326599326599 0.01607744107744108 0.01616161616161616 0.01624579124579124 0.01632996632996633 0.01641414141414142 0.0164983164983165 0.01658249158249158 0.01666666666666667


# name: y
# type: matrix
# rows: 100
# columns: 1
 128234.2423713126
 129730.7165241195
 131334.6051338876
 133037.2577699177
 134829.4092189441
 136701.2509905125
 138642.5087945266
 140642.5252712487
 142690.3471841934
 144774.8162256231
 146884.6625336572
 149008.5999801322
 151135.4222599377
 153254.0987960406
 155353.869470113
 157424.3371966589
 159455.5573787576
 161438.1233156814
 163363.2466763248
 165222.8322069188
 167009.5459061885
 168716.875974967
 170339.1859292873
 171871.7593549723
 173310.8358764418
 174653.638011586
 175898.3886866785
 177044.319289069
 178091.6682393823
 179041.6701677701
 179896.5358790935
 180659.4233884633
 181334.4004001555
 181926.3986884512
 182441.1609174326
 182885.1805073915
 183265.6352175089
 183590.3151673253
 183867.5460628088
 184106.1084262734
 184315.1536529084
 184504.1177302847
 184682.6334610708
 184860.4420236616
 185047.3046908906
 185252.9155040518
 185486.8156686888
 185758.3104007948
 186076.3889079305
 186449.6481401933
 186886.2208918018
 187393.7087761646
 187979.1205365956
 188648.8160921507
 189408.4566542489
 190262.9611856011
 191216.469409231
 192272.3115127389
 193432.9846320275
 194700.1361400301
 196074.5537100149
 197556.1620701834
 199144.0263168167
 200836.3616074107
 202630.5490132231
 204523.1572725162
 206509.9701515564
 208586.0190901009
 210745.6207815611
 212982.4193152053
 215289.4324884648
 217659.1018814959
 220083.3462734263
 222553.6179699891
 225060.9616053374
 227596.074976537
 230149.3714674008
 232711.0436187781
 235271.1274050216
 237819.5667809994
 240346.2780706132
 242841.2137762339
 245294.425398748
 247696.1248699633
 250036.7442129435
 252306.9930614209
 254497.9136867711
 256600.9332001241
 258607.9126180376
 260511.1925027559
 262303.6349124055
 263978.6614224945
 265530.2870077306
 266953.1496023639
 268242.5351878937
 269394.3982888918
 270405.3777907429
 271272.8080270579
 271994.725119159
 272569.8685851048


# name: QUERY
# type: sq_string
# elements: 1
# length: 2
R3


# name: DATASIZE
# type: sq_string
# elements: 1
# length: 3
250


