# Created by Octave 4.0.0, Mon May 23 13:36:58 2016 CEST <peter@Independence>
# name: x
# type: matrix
# rows: 1
# columns: 100
 0.008333333333333333 0.008417508417508417 0.008501683501683501 0.008585858585858586 0.00867003367003367 0.008754208754208754 0.008838383838383838 0.008922558922558922 0.009006734006734006 0.00909090909090909 0.009175084175084175 0.009259259259259259 0.009343434343434343 0.009427609427609427 0.009511784511784511 0.009595959595959595 0.009680134680134679 0.009764309764309764 0.009848484848484849 0.009932659932659932 0.01001683501683502 0.0101010101010101 0.01018518518518519 0.01026936026936027 0.01035353535353535 0.01043771043771044 0.01052188552188552 0.0106060606060606 0.01069023569023569 0.01077441077441077 0.01085858585858586 0.01094276094276094 0.01102693602693603 0.01111111111111111 0.0111952861952862 0.01127946127946128 0.01136363636363636 0.01144781144781145 0.01153198653198653 0.01161616161616162 0.0117003367003367 0.01178451178451178 0.01186868686868687 0.01195286195286195 0.01203703703703704 0.01212121212121212 0.01220538720538721 0.01228956228956229 0.01237373737373737 0.01245791245791246 0.01254208754208754 0.01262626262626263 0.01271043771043771 0.01279461279461279 0.01287878787878788 0.01296296296296296 0.01304713804713805 0.01313131313131313 0.01321548821548822 0.0132996632996633 0.01338383838383838 0.01346801346801347 0.01355218855218855 0.01363636363636364 0.01372053872053872 0.0138047138047138 0.01388888888888889 0.01397306397306397 0.01405723905723906 0.01414141414141414 0.01422558922558922 0.01430976430976431 0.01439393939393939 0.01447811447811448 0.01456228956228956 0.01464646464646465 0.01473063973063973 0.01481481481481481 0.0148989898989899 0.01498316498316498 0.01506734006734007 0.01515151515151515 0.01523569023569023 0.01531986531986532 0.0154040404040404 0.01548821548821549 0.01557239057239057 0.01565656565656566 0.01574074074074074 0.01582491582491583 0.01590909090909091 0.01599326599326599 0.01607744107744108 0.01616161616161616 0.01624579124579124 0.01632996632996633 0.01641414141414141 0.0164983164983165 0.01658249158249158 0.01666666666666667


# name: y
# type: matrix
# rows: 100
# columns: 1
 138410.829054211
 138356.9793309123
 138375.5894688481
 138466.2517264798
 138628.2658211419
 138860.6477103676
 139162.1406786644
 139531.2286276809
 139966.1514444114
 140464.9223002029
 141025.3467131019
 141645.0431877794
 142321.4652310988
 143051.9245275341
 143833.6150472571
 144663.6378509093
 145539.0263489309
 146456.7717698793
 147413.8485914422
 148407.2396897965
 149433.9609675187
 150491.0852273252
 151575.7650683664
 152685.2545934719
 153816.9297294542
 154968.3069781398
 156137.0604329604
 157321.0369145063
 158518.2690981544
 159726.9865274981
 160945.6244285763
 162172.8302615964
 163407.4679687
 164648.6198981504
 165895.5864068701
 167147.8831643463
 168405.2362013743
 169667.5747667326
 170935.0220735598
 172207.8840347858
 173486.6361033592
 174771.9083481194
 176064.4689099079
 177365.2059948611
 178675.1085727176
 179995.24595741
 181326.7464551538
 182670.7752717262
 184028.5118756255
 185401.127017362
 186789.7596072428
 188195.4936547382
 189619.3354718473
 191062.1913408739
 192524.8458436823
 194007.9410448805
 195511.956715478
 197037.1917764315
 198583.7471331392
 200151.5100624015
 201740.1403026692
 203349.0579865594
 204977.4335416859
 206624.1796718581
 208287.9455156848
 209967.1130636493
 211659.7958978396
 213363.8403008218
 215076.8287617002
 216796.0858883254
 218518.6867150157
 220241.4673751496
 221961.0380877456
 223673.7983868053
 225375.9545019379
 227063.5387787896
 228732.4310082811
 230378.3815147824
 231997.0358353743
 233583.9608054463
 235134.6718502832
 236644.6612682179
 238109.4272785522
 239524.5035969971
 240885.4892930032
 242188.0786772309
 243428.0909636459
 244601.4994494881
 245704.4599576636
 246733.3382900696
 247684.7364469555
 248555.5173766476
 249342.8280317869
 250044.1205225268
 250657.171173816
 251180.0973127875
 251611.3716331786
 251949.8340064169
 252194.7006332625
 252345.570455411


# name: QUERY
# type: sq_string
# elements: 1
# length: 2
R3


# name: DATASIZE
# type: sq_string
# elements: 1
# length: 3
250


