# Created by Octave 4.0.0, Mon May 23 13:36:58 2016 CEST <peter@Independence>
# name: x
# type: matrix
# rows: 1
# columns: 100
 0.008333333333333333 0.008417508417508417 0.008501683501683501 0.008585858585858586 0.00867003367003367 0.008754208754208754 0.008838383838383838 0.008922558922558922 0.009006734006734006 0.00909090909090909 0.009175084175084175 0.009259259259259259 0.009343434343434343 0.009427609427609427 0.009511784511784511 0.009595959595959595 0.009680134680134679 0.009764309764309764 0.009848484848484849 0.009932659932659932 0.01001683501683502 0.0101010101010101 0.01018518518518519 0.01026936026936027 0.01035353535353535 0.01043771043771044 0.01052188552188552 0.0106060606060606 0.01069023569023569 0.01077441077441077 0.01085858585858586 0.01094276094276094 0.01102693602693603 0.01111111111111111 0.0111952861952862 0.01127946127946128 0.01136363636363636 0.01144781144781145 0.01153198653198653 0.01161616161616162 0.0117003367003367 0.01178451178451178 0.01186868686868687 0.01195286195286195 0.01203703703703704 0.01212121212121212 0.01220538720538721 0.01228956228956229 0.01237373737373737 0.01245791245791246 0.01254208754208754 0.01262626262626263 0.01271043771043771 0.01279461279461279 0.01287878787878788 0.01296296296296296 0.01304713804713805 0.01313131313131313 0.01321548821548822 0.0132996632996633 0.01338383838383838 0.01346801346801347 0.01355218855218855 0.01363636363636364 0.01372053872053872 0.0138047138047138 0.01388888888888889 0.01397306397306397 0.01405723905723906 0.01414141414141414 0.01422558922558922 0.01430976430976431 0.01439393939393939 0.01447811447811448 0.01456228956228956 0.01464646464646465 0.01473063973063973 0.01481481481481481 0.0148989898989899 0.01498316498316498 0.01506734006734007 0.01515151515151515 0.01523569023569023 0.01531986531986532 0.0154040404040404 0.01548821548821549 0.01557239057239057 0.01565656565656566 0.01574074074074074 0.01582491582491583 0.01590909090909091 0.01599326599326599 0.01607744107744108 0.01616161616161616 0.01624579124579124 0.01632996632996633 0.01641414141414141 0.0164983164983165 0.01658249158249158 0.01666666666666667


# name: y
# type: matrix
# rows: 1
# columns: 100
 142840.4936921892 143938.3498812639 145036.2060703386 146134.0622594133 147231.918448488 148329.7746375627 149427.6308266374 150525.4870157122 151623.3432047869 152721.1993938616 153819.0555829363 154916.911772011 156014.7679610857 157112.6241501604 158210.4803392352 159308.3365283099 160406.1927173846 161504.0489064593 162601.905095534 163699.7612846087 164797.6174736834 165895.4736627582 166993.3298518329 168091.1860409076 169189.0422299823 170286.898419057 171384.7546081317 172482.6107972065 173580.4669862812 174678.3231753559 175776.1793644306 176874.0355535053 177971.89174258 179069.7479316547 180167.6041207295 181265.4603098042 182363.3164988789 183461.1726879536 184559.0288770283 185656.885066103 186754.7412551777 187852.5974442524 188950.4536333272 190048.3098224019 191146.1660114766 192244.0222005513 193341.878389626 194439.7345787007 195537.5907677754 196635.4469568502 197733.3031459249 198831.1593349996 199929.0155240743 201026.871713149 202124.7279022237 203222.5840912985 204320.4402803732 205418.2964694479 206516.1526585226 207614.0088475973 208711.865036672 209809.7212257467 210907.5774148215 212005.4336038961 213103.2897929709 214201.1459820456 215299.0021711203 216396.858360195 217494.7145492697 218592.5707383445 219690.4269274191 220788.2831164939 221886.1393055686 222983.9954946433 224081.851683718 225179.7078727927 226277.5640618675 227375.4202509422 228473.2764400169 229571.1326290916 230668.9888181663 231766.845007241 232864.7011963157 233962.5573853904 235060.4135744651 236158.2697635399 237256.1259526146 238353.9821416893 239451.838330764 240549.6945198387 241647.5507089134 242745.4068979882 243843.2630870629 244941.1192761376 246038.9754652123 247136.831654287 248234.6878433617 249332.5440324364 250430.4002215112 251528.2564105859


# name: QUERY
# type: sq_string
# elements: 1
# length: 2
R3


# name: DATASIZE
# type: sq_string
# elements: 1
# length: 3
250


