# Created by Octave 4.0.0, Mon May 23 13:36:58 2016 CEST <peter@Independence>
# name: x
# type: matrix
# rows: 1
# columns: 100
 0.008333333333333333 0.008417508417508417 0.008501683501683501 0.008585858585858586 0.00867003367003367 0.008754208754208754 0.008838383838383838 0.008922558922558922 0.009006734006734006 0.00909090909090909 0.009175084175084175 0.009259259259259259 0.009343434343434343 0.009427609427609427 0.009511784511784511 0.009595959595959595 0.009680134680134679 0.009764309764309764 0.009848484848484849 0.009932659932659932 0.01001683501683502 0.0101010101010101 0.01018518518518519 0.01026936026936027 0.01035353535353535 0.01043771043771044 0.01052188552188552 0.0106060606060606 0.01069023569023569 0.01077441077441077 0.01085858585858586 0.01094276094276094 0.01102693602693603 0.01111111111111111 0.0111952861952862 0.01127946127946128 0.01136363636363636 0.01144781144781145 0.01153198653198653 0.01161616161616162 0.0117003367003367 0.01178451178451178 0.01186868686868687 0.01195286195286195 0.01203703703703704 0.01212121212121212 0.01220538720538721 0.01228956228956229 0.01237373737373737 0.01245791245791246 0.01254208754208754 0.01262626262626263 0.01271043771043771 0.01279461279461279 0.01287878787878788 0.01296296296296296 0.01304713804713805 0.01313131313131313 0.01321548821548822 0.0132996632996633 0.01338383838383838 0.01346801346801347 0.01355218855218855 0.01363636363636364 0.01372053872053872 0.0138047138047138 0.01388888888888889 0.01397306397306397 0.01405723905723906 0.01414141414141414 0.01422558922558922 0.01430976430976431 0.01439393939393939 0.01447811447811448 0.01456228956228956 0.01464646464646465 0.01473063973063973 0.01481481481481481 0.0148989898989899 0.01498316498316498 0.01506734006734007 0.01515151515151515 0.01523569023569023 0.01531986531986532 0.0154040404040404 0.01548821548821549 0.01557239057239057 0.01565656565656566 0.01574074074074074 0.01582491582491583 0.01590909090909091 0.01599326599326599 0.01607744107744108 0.01616161616161616 0.01624579124579124 0.01632996632996633 0.01641414141414141 0.0164983164983165 0.01658249158249158 0.01666666666666667


# name: y
# type: matrix
# rows: 100
# columns: 1
 126005.2378217088
 127261.8033137861
 128518.3688058634
 129774.9342979408
 131031.499790018
 132288.0652820953
 133544.6307741726
 134801.19626625
 136057.7617583273
 137314.3272504046
 138570.8927424819
 139827.4582345591
 141084.0237266365
 142340.5892187137
 143597.154710791
 144853.7202028683
 146110.2856949455
 147366.8511870229
 148623.4166791002
 149879.9821711775
 151136.5476632548
 152393.1131553321
 153649.6786474094
 154906.2441394867
 156162.809631564
 157419.3751236413
 158675.9406157185
 159932.5061077959
 161189.0715998732
 162445.6370919505
 163702.2025840278
 164958.7680761051
 166215.3335681824
 167471.8990602597
 168728.464552337
 169985.0300444142
 171241.5955364915
 172498.1610285688
 173754.7265206461
 175011.2920127235
 176267.8575048007
 177524.422996878
 178780.9884889553
 180037.5539810326
 181294.1194731099
 182550.6849651872
 183807.2504572645
 185063.8159493418
 186320.3814414191
 187576.9469334964
 188833.5124255737
 190090.077917651
 191346.6434097283
 192603.2089018056
 193859.7743938829
 195116.3398859602
 196372.9053780375
 197629.4708701148
 198886.036362192
 200142.6018542694
 201399.1673463467
 202655.732838424
 203912.2983305013
 205168.8638225786
 206425.4293146559
 207681.9948067332
 208938.5602988105
 210195.1257908878
 211451.691282965
 212708.2567750423
 213964.8222671196
 215221.3877591969
 216477.9532512742
 217734.5187433515
 218991.0842354289
 220247.6497275061
 221504.2152195834
 222760.7807116607
 224017.3462037381
 225273.9116958153
 226530.4771878926
 227787.0426799699
 229043.6081720471
 230300.1736641246
 231556.7391562018
 232813.3046482791
 234069.8701403565
 235326.4356324337
 236583.0011245109
 237839.5666165882
 239096.1321086656
 240352.6976007428
 241609.2630928202
 242865.8285848974
 244122.3940769748
 245378.9595690521
 246635.5250611294
 247892.0905532067
 249148.6560452839
 250405.2215373613


# name: QUERY
# type: sq_string
# elements: 1
# length: 2
R3


# name: DATASIZE
# type: sq_string
# elements: 1
# length: 3
250


