# Created by Octave 3.8.2, Wed May 18 17:55:17 2016 CEST <Andrea@Andreas-MacBook-Pro.local>
# name: x
# type: matrix
# rows: 1
# columns: 100
 0.008333333333333333 0.008417508417508417 0.008501683501683501 0.008585858585858586 0.00867003367003367 0.008754208754208754 0.008838383838383838 0.008922558922558922 0.009006734006734006 0.00909090909090909 0.009175084175084175 0.009259259259259259 0.009343434343434343 0.009427609427609427 0.009511784511784511 0.009595959595959595 0.009680134680134679 0.009764309764309764 0.009848484848484848 0.009932659932659932 0.01001683501683502 0.0101010101010101 0.01018518518518519 0.01026936026936027 0.01035353535353535 0.01043771043771044 0.01052188552188552 0.0106060606060606 0.01069023569023569 0.01077441077441077 0.01085858585858586 0.01094276094276094 0.01102693602693603 0.01111111111111111 0.0111952861952862 0.01127946127946128 0.01136363636363636 0.01144781144781145 0.01153198653198653 0.01161616161616162 0.0117003367003367 0.01178451178451178 0.01186868686868687 0.01195286195286195 0.01203703703703704 0.01212121212121212 0.01220538720538721 0.01228956228956229 0.01237373737373737 0.01245791245791246 0.01254208754208754 0.01262626262626263 0.01271043771043771 0.01279461279461279 0.01287878787878788 0.01296296296296296 0.01304713804713805 0.01313131313131313 0.01321548821548822 0.0132996632996633 0.01338383838383838 0.01346801346801347 0.01355218855218855 0.01363636363636364 0.01372053872053872 0.0138047138047138 0.01388888888888889 0.01397306397306397 0.01405723905723906 0.01414141414141414 0.01422558922558922 0.01430976430976431 0.01439393939393939 0.01447811447811448 0.01456228956228956 0.01464646464646465 0.01473063973063973 0.01481481481481482 0.0148989898989899 0.01498316498316498 0.01506734006734007 0.01515151515151515 0.01523569023569023 0.01531986531986532 0.0154040404040404 0.01548821548821549 0.01557239057239057 0.01565656565656566 0.01574074074074074 0.01582491582491583 0.01590909090909091 0.01599326599326599 0.01607744107744108 0.01616161616161616 0.01624579124579124 0.01632996632996633 0.01641414141414142 0.0164983164983165 0.01658249158249158 0.01666666666666667


# name: y
# type: matrix
# rows: 100
# columns: 1
 128238.9455711273
 129641.6829853215
 131044.4203995158
 132447.15781371
 133849.8952279042
 135252.6326420984
 136655.3700562927
 138058.1074704868
 139460.844884681
 140863.5822988753
 142266.3197130694
 143669.0571272637
 145071.7945414579
 146474.5319556521
 147877.2693698463
 149280.0067840405
 150682.7441982347
 152085.4816124289
 153488.2190266231
 154890.9564408174
 156293.6938550116
 157696.4312692058
 159099.1686834
 160501.9060975942
 161904.6435117884
 163307.3809259826
 164710.1183401768
 166112.855754371
 167515.5931685652
 168918.3305827595
 170321.0679969537
 171723.8054111479
 173126.5428253421
 174529.2802395363
 175932.0176537305
 177334.7550679247
 178737.4924821189
 180140.2298963132
 181542.9673105074
 182945.7047247016
 184348.4421388958
 185751.17955309
 187153.9169672842
 188556.6543814784
 189959.3917956726
 191362.1292098668
 192764.866624061
 194167.6040382553
 195570.3414524495
 196973.0788666437
 198375.8162808379
 199778.5536950321
 201181.2911092263
 202584.0285234205
 203986.7659376147
 205389.5033518089
 206792.2407660031
 208194.9781801974
 209597.7155943916
 211000.4530085858
 212403.1904227801
 213805.9278369742
 215208.6652511684
 216611.4026653626
 218014.1400795568
 219416.877493751
 220819.6149079453
 222222.3523221395
 223625.0897363337
 225027.8271505279
 226430.5645647221
 227833.3019789164
 229236.0393931105
 230638.7768073048
 232041.514221499
 233444.2516356931
 234846.9890498874
 236249.7264640816
 237652.4638782758
 239055.20129247
 240457.9387066642
 241860.6761208585
 243263.4135350527
 244666.1509492469
 246068.8883634411
 247471.6257776353
 248874.3631918295
 250277.1006060236
 251679.838020218
 253082.5754344121
 254485.3128486063
 255888.0502628005
 257290.7876769948
 258693.525091189
 260096.2625053832
 261498.9999195774
 262901.7373337716
 264304.4747479657
 265707.2121621601
 267109.9495763541


# name: QUERY
# type: sq_string
# elements: 1
# length: 2
R3


# name: DATASIZE
# type: sq_string
# elements: 1
# length: 3
250


