# Created by Octave 3.8.2, Wed May 18 17:55:17 2016 CEST <Andrea@Andreas-MacBook-Pro.local>
# name: x
# type: matrix
# rows: 1
# columns: 100
 0.008333333333333333 0.008417508417508417 0.008501683501683501 0.008585858585858586 0.00867003367003367 0.008754208754208754 0.008838383838383838 0.008922558922558922 0.009006734006734006 0.00909090909090909 0.009175084175084175 0.009259259259259259 0.009343434343434343 0.009427609427609427 0.009511784511784511 0.009595959595959595 0.009680134680134679 0.009764309764309764 0.009848484848484848 0.009932659932659932 0.01001683501683502 0.0101010101010101 0.01018518518518519 0.01026936026936027 0.01035353535353535 0.01043771043771044 0.01052188552188552 0.0106060606060606 0.01069023569023569 0.01077441077441077 0.01085858585858586 0.01094276094276094 0.01102693602693603 0.01111111111111111 0.0111952861952862 0.01127946127946128 0.01136363636363636 0.01144781144781145 0.01153198653198653 0.01161616161616162 0.0117003367003367 0.01178451178451178 0.01186868686868687 0.01195286195286195 0.01203703703703704 0.01212121212121212 0.01220538720538721 0.01228956228956229 0.01237373737373737 0.01245791245791246 0.01254208754208754 0.01262626262626263 0.01271043771043771 0.01279461279461279 0.01287878787878788 0.01296296296296296 0.01304713804713805 0.01313131313131313 0.01321548821548822 0.0132996632996633 0.01338383838383838 0.01346801346801347 0.01355218855218855 0.01363636363636364 0.01372053872053872 0.0138047138047138 0.01388888888888889 0.01397306397306397 0.01405723905723906 0.01414141414141414 0.01422558922558922 0.01430976430976431 0.01439393939393939 0.01447811447811448 0.01456228956228956 0.01464646464646465 0.01473063973063973 0.01481481481481482 0.0148989898989899 0.01498316498316498 0.01506734006734007 0.01515151515151515 0.01523569023569023 0.01531986531986532 0.0154040404040404 0.01548821548821549 0.01557239057239057 0.01565656565656566 0.01574074074074074 0.01582491582491583 0.01590909090909091 0.01599326599326599 0.01607744107744108 0.01616161616161616 0.01624579124579124 0.01632996632996633 0.01641414141414142 0.0164983164983165 0.01658249158249158 0.01666666666666667


# name: y
# type: matrix
# rows: 1
# columns: 100
 134461.6865799299 135792.5253948398 137123.3642097496 138454.2030246595 139785.0418395694 141115.8806544793 142446.7194693892 143777.5582842991 145108.397099209 146439.2359141189 147770.0747290288 149100.9135439387 150431.7523588485 151762.5911737584 153093.4299886683 154424.2688035782 155755.1076184881 157085.946433398 158416.7852483079 159747.6240632178 161078.4628781276 162409.3016930375 163740.1405079474 165070.9793228573 166401.8181377672 167732.6569526771 169063.495767587 170394.3345824969 171725.1733974068 173056.0122123167 174386.8510272265 175717.6898421364 177048.5286570463 178379.3674719562 179710.2062868661 181041.045101776 182371.8839166859 183702.7227315958 185033.5615465057 186364.4003614155 187695.2391763254 189026.0779912353 190356.9168061452 191687.7556210551 193018.594435965 194349.4332508749 195680.2720657848 197011.1108806946 198341.9496956045 199672.7885105144 201003.6273254243 202334.4661403342 203665.3049552441 204996.143770154 206326.9825850639 207657.8213999738 208988.6602148836 210319.4990297935 211650.3378447034 212981.1766596133 214312.0154745232 215642.8542894331 216973.693104343 218304.5319192529 219635.3707341627 220966.2095490726 222297.0483639825 223627.8871788924 224958.7259938023 226289.5648087122 227620.4036236221 228951.242438532 230282.0812534419 231612.9200683517 232943.7588832616 234274.5976981715 235605.4365130814 236936.2753279913 238267.1141429012 239597.9529578111 240928.791772721 242259.6305876308 243590.4694025407 244921.3082174506 246252.1470323605 247582.9858472704 248913.8246621803 250244.6634770902 251575.5022920001 252906.34110691 254237.1799218199 255568.0187367297 256898.8575516396 258229.6963665495 259560.5351814594 260891.3739963693 262222.2128112792 263553.051626189 264883.8904410989 266214.7292560089


# name: QUERY
# type: sq_string
# elements: 1
# length: 2
R3


# name: DATASIZE
# type: sq_string
# elements: 1
# length: 3
250


