# Created by Octave 4.0.0, Mon May 23 13:36:58 2016 CEST <peter@Independence>
# name: SVs
# type: cell
# rows: 1
# columns: 7
# name: <cell-element>
# type: sparse matrix
# nnz: 39
# rows: 39
# columns: 1
1 1 1.550709817342058
2 1 -1.110691471002432
3 1 1.550709817342058
4 1 -1.110691471002432
5 1 -0.5784112133335341
6 1 -1.110691471002432
7 1 -0.5784112133335341
8 1 1.550709817342058
9 1 1.550709817342058
10 1 0.2200091731698132
11 1 -1.110691471002432
12 1 -0.5784112133335341
13 1 -0.5784112133335341
14 1 1.550709817342058
15 1 0.2200091731698132
16 1 -1.110691471002432
17 1 -0.5784112133335341
18 1 -1.110691471002432
19 1 1.550709817342058
20 1 -0.5784112133335341
21 1 -1.110691471002432
22 1 -1.110691471002432
23 1 -1.110691471002432
24 1 0.2200091731698132
25 1 0.2200091731698132
26 1 1.550709817342058
27 1 -0.5784112133335341
28 1 1.550709817342058
29 1 -0.5784112133335341
30 1 -0.5784112133335341
31 1 0.2200091731698132
32 1 1.550709817342058
33 1 1.550709817342058
34 1 -1.110691471002432
35 1 0.2200091731698132
36 1 1.550709817342058
37 1 -0.5784112133335341
38 1 0.2200091731698132
39 1 -1.110691471002432



# name: <cell-element>
# type: sparse matrix
# nnz: 42
# rows: 42
# columns: 1
1 1 -1.110691471002432
2 1 1.550709817342058
3 1 -1.110691471002432
4 1 1.550709817342058
5 1 -1.110691471002432
6 1 -0.5784112133335341
7 1 0.2200091731698132
8 1 -1.110691471002432
9 1 -0.5784112133335341
10 1 1.550709817342058
11 1 1.550709817342058
12 1 0.2200091731698132
13 1 -0.5784112133335341
14 1 -0.5784112133335341
15 1 1.550709817342058
16 1 -1.110691471002432
17 1 0.2200091731698132
18 1 -1.110691471002432
19 1 -0.5784112133335341
20 1 -1.110691471002432
21 1 -0.5784112133335341
22 1 -1.110691471002432
23 1 -1.110691471002432
24 1 -1.110691471002432
25 1 0.2200091731698132
26 1 0.2200091731698132
27 1 1.550709817342058
28 1 -0.5784112133335341
29 1 1.550709817342058
30 1 0.2200091731698132
31 1 -0.5784112133335341
32 1 -0.5784112133335341
33 1 0.2200091731698132
34 1 1.550709817342058
35 1 1.550709817342058
36 1 1.550709817342058
37 1 0.2200091731698132
38 1 1.550709817342058
39 1 -0.5784112133335341
40 1 0.2200091731698132
41 1 -1.110691471002432
42 1 -0.5784112133335341



# name: <cell-element>
# type: sparse matrix
# nnz: 19
# rows: 19
# columns: 1
1 1 -1.110691471002432
2 1 1.550709817342058
3 1 -0.5784112133335341
4 1 -1.110691471002432
5 1 -0.5784112133335341
6 1 -0.5784112133335341
7 1 0.2200091731698132
8 1 -0.5784112133335341
9 1 -1.110691471002432
10 1 -1.110691471002432
11 1 -1.110691471002432
12 1 0.2200091731698132
13 1 1.550709817342058
14 1 1.550709817342058
15 1 -0.5784112133335341
16 1 1.550709817342058
17 1 -1.110691471002432
18 1 -0.5784112133335341
19 1 0.2200091731698132



# name: <cell-element>
# type: sparse matrix
# nnz: 43
# rows: 43
# columns: 1
1 1 -1.110691471002432
2 1 1.550709817342058
3 1 -1.110691471002432
4 1 1.550709817342058
5 1 -1.110691471002432
6 1 -0.5784112133335341
7 1 0.2200091731698132
8 1 -1.110691471002432
9 1 -0.5784112133335341
10 1 1.550709817342058
11 1 1.550709817342058
12 1 0.2200091731698132
13 1 -1.110691471002432
14 1 -0.5784112133335341
15 1 -0.5784112133335341
16 1 1.550709817342058
17 1 -1.110691471002432
18 1 0.2200091731698132
19 1 -1.110691471002432
20 1 -0.5784112133335341
21 1 -1.110691471002432
22 1 1.550709817342058
23 1 -0.5784112133335341
24 1 -1.110691471002432
25 1 -1.110691471002432
26 1 -1.110691471002432
27 1 0.2200091731698132
28 1 0.2200091731698132
29 1 1.550709817342058
30 1 -0.5784112133335341
31 1 1.550709817342058
32 1 0.2200091731698132
33 1 -0.5784112133335341
34 1 -0.5784112133335341
35 1 0.2200091731698132
36 1 1.550709817342058
37 1 1.550709817342058
38 1 -1.110691471002432
39 1 0.2200091731698132
40 1 -0.5784112133335341
41 1 0.2200091731698132
42 1 -1.110691471002432
43 1 -0.5784112133335341



# name: <cell-element>
# type: sparse matrix
# nnz: 42
# rows: 42
# columns: 1
1 1 -1.110691471002432
2 1 1.550709817342058
3 1 -1.110691471002432
4 1 1.550709817342058
5 1 -1.110691471002432
6 1 -0.5784112133335341
7 1 0.2200091731698132
8 1 -1.110691471002432
9 1 -0.5784112133335341
10 1 1.550709817342058
11 1 1.550709817342058
12 1 0.2200091731698132
13 1 -1.110691471002432
14 1 -0.5784112133335341
15 1 -0.5784112133335341
16 1 1.550709817342058
17 1 -1.110691471002432
18 1 0.2200091731698132
19 1 -1.110691471002432
20 1 -0.5784112133335341
21 1 -1.110691471002432
22 1 1.550709817342058
23 1 -0.5784112133335341
24 1 -1.110691471002432
25 1 -1.110691471002432
26 1 -1.110691471002432
27 1 0.2200091731698132
28 1 0.2200091731698132
29 1 1.550709817342058
30 1 -0.5784112133335341
31 1 1.550709817342058
32 1 0.2200091731698132
33 1 -0.5784112133335341
34 1 -0.5784112133335341
35 1 0.2200091731698132
36 1 1.550709817342058
37 1 1.550709817342058
38 1 -1.110691471002432
39 1 0.2200091731698132
40 1 1.550709817342058
41 1 -0.5784112133335341
42 1 0.2200091731698132



# name: <cell-element>
# type: sparse matrix
# nnz: 42
# rows: 42
# columns: 1
1 1 -1.110691471002432
2 1 1.550709817342058
3 1 -1.110691471002432
4 1 1.550709817342058
5 1 -1.110691471002432
6 1 -0.5784112133335341
7 1 0.2200091731698132
8 1 -1.110691471002432
9 1 -0.5784112133335341
10 1 1.550709817342058
11 1 1.550709817342058
12 1 0.2200091731698132
13 1 -1.110691471002432
14 1 -0.5784112133335341
15 1 -0.5784112133335341
16 1 1.550709817342058
17 1 -1.110691471002432
18 1 0.2200091731698132
19 1 -1.110691471002432
20 1 -0.5784112133335341
21 1 -1.110691471002432
22 1 1.550709817342058
23 1 -0.5784112133335341
24 1 -1.110691471002432
25 1 -1.110691471002432
26 1 -1.110691471002432
27 1 0.2200091731698132
28 1 0.2200091731698132
29 1 1.550709817342058
30 1 -0.5784112133335341
31 1 1.550709817342058
32 1 0.2200091731698132
33 1 -0.5784112133335341
34 1 -0.5784112133335341
35 1 1.550709817342058
36 1 1.550709817342058
37 1 -1.110691471002432
38 1 0.2200091731698132
39 1 1.550709817342058
40 1 -0.5784112133335341
41 1 0.2200091731698132
42 1 -1.110691471002432



# name: <cell-element>
# type: scalar
0





# name: coefficients
# type: cell
# rows: 1
# columns: 7
# name: <cell-element>
# type: matrix
# rows: 39
# columns: 1
 0.6157899999999999
 -0.6157899999999999
 0.6157899999999999
 -0.6157899999999999
 0.6157899999999999
 -0.6157899999999999
 -0.6157899999999999
 -0.6157899999999999
 0.6157899999999999
 -0.6157899999999999
 0.6157899999999999
 -0.6157899999999999
 0.6157899999999999
 0.6157899999999999
 0.6157899999999999
 0.6157899999999999
 0.6157899999999999
 0.6157899999999999
 -0.6157899999999999
 0.6157899999999999
 -0.6157899999999999
 0.6157899999999999
 -0.6157899999999999
 -0.6157899999999999
 -0.6157899999999999
 0.6157899999999999
 -0.6157899999999999
 -0.6157899999999999
 -0.6157899999999999
 -0.6157899999999999
 -0.5471156011387637
 0.6157899999999999
 -0.6157899999999999
 0.6157899999999999
 -0.6157899999999999
 -0.06867439886123623
 0.6157899999999999
 0.6157899999999999
 0.6157899999999999



# name: <cell-element>
# type: matrix
# rows: 42
# columns: 1
 -0.87368
 0.87368
 -0.87368
 0.87368
 -0.87368
 0.87368
 0.87368
 -0.87368
 -0.87368
 -0.87368
 0.87368
 0.87368
 -0.87368
 0.87368
 0.87368
 -0.87368
 0.87368
 -0.87368
 0.87368
 -0.87368
 0.87368
 -0.87368
 0.87368
 -0.87368
 -0.87368
 -0.87368
 0.87368
 -0.87368
 -0.87368
 0.87368
 -0.87368
 -0.87368
 0.87368
 0.87368
 0.87368
 -0.87368
 0.87368
 0.8154605723496702
 0.87368
 0.87368
 -0.87368
 -0.8154605723496702



# name: <cell-element>
# type: matrix
# rows: 19
# columns: 1
 -5
 5
 -5
 5
 -5
 5
 5
 5
 -5
 5
 -5
 -5
 4.831675871889231
 -5
 -5
 -5
 5
 0.1683241281107661
 5



# name: <cell-element>
# type: matrix
# rows: 43
# columns: 1
 -0.1
 0.1
 -0.1
 0.1
 -0.1
 0.1
 0.1
 -0.1
 -0.1
 -0.1
 0.1
 0.1
 0.1
 -0.1
 0.1
 0.1
 -0.1
 0.1
 -0.1
 0.1
 -0.1
 -0.07132639620819493
 0.1
 -0.1
 0.1
 -0.1
 -0.1
 -0.1
 0.1
 -0.1
 -0.1
 0.1
 -0.1
 -0.1
 0.1
 0.1
 -0.1
 0.1
 0.1
 0.1
 0.1
 -0.1
 -0.02867360379180508



