# Created by Octave 3.8.2, Wed May 18 17:55:17 2016 CEST <Andrea@Andreas-MacBook-Pro.local>
# name: SVs
# type: cell
# rows: 1
# columns: 7
# name: <cell-element>
# type: sparse matrix
# nnz: 31
# rows: 31
# columns: 1
1 1 -1.100624129630686
2 1 -1.100624129630686
3 1 0.2433723322945759
4 1 1.587368794219838
5 1 1.587368794219838
6 1 0.2433723322945759
7 1 -0.5630255448605814
8 1 -1.100624129630686
9 1 -0.5630255448605814
10 1 0.2433723322945759
11 1 -0.5630255448605814
12 1 -1.100624129630686
13 1 -0.5630255448605814
14 1 0.2433723322945759
15 1 -0.5630255448605814
16 1 0.2433723322945759
17 1 -0.5630255448605814
18 1 0.2433723322945759
19 1 1.587368794219838
20 1 -0.5630255448605814
21 1 1.587368794219838
22 1 0.2433723322945759
23 1 0.2433723322945759
24 1 -1.100624129630686
25 1 1.587368794219838
26 1 -0.5630255448605814
27 1 1.587368794219838
28 1 0.2433723322945759
29 1 0.2433723322945759
30 1 1.587368794219838
31 1 -0.5630255448605814



# name: <cell-element>
# type: sparse matrix
# nnz: 5
# rows: 5
# columns: 1
1 1 -1.100624129630686
2 1 1.587368794219838
3 1 -1.100624129630686
4 1 0.2433723322945759
5 1 0.2433723322945759



# name: <cell-element>
# type: sparse matrix
# nnz: 18
# rows: 18
# columns: 1
1 1 -1.100624129630686
2 1 -1.100624129630686
3 1 1.587368794219838
4 1 0.2433723322945759
5 1 -1.100624129630686
6 1 -0.5630255448605814
7 1 -1.100624129630686
8 1 -0.5630255448605814
9 1 0.2433723322945759
10 1 -0.5630255448605814
11 1 -0.5630255448605814
12 1 0.2433723322945759
13 1 0.2433723322945759
14 1 1.587368794219838
15 1 0.2433723322945759
16 1 0.2433723322945759
17 1 1.587368794219838
18 1 -0.5630255448605814



# name: <cell-element>
# type: sparse matrix
# nnz: 21
# rows: 21
# columns: 1
1 1 -1.100624129630686
2 1 1.587368794219838
3 1 -0.5630255448605814
4 1 -0.5630255448605814
5 1 -1.100624129630686
6 1 -0.5630255448605814
7 1 0.2433723322945759
8 1 -0.5630255448605814
9 1 -1.100624129630686
10 1 -1.100624129630686
11 1 -0.5630255448605814
12 1 -0.5630255448605814
13 1 1.587368794219838
14 1 0.2433723322945759
15 1 0.2433723322945759
16 1 0.2433723322945759
17 1 -1.100624129630686
18 1 1.587368794219838
19 1 0.2433723322945759
20 1 1.587368794219838
21 1 -0.5630255448605814



# name: <cell-element>
# type: sparse matrix
# nnz: 20
# rows: 20
# columns: 1
1 1 -1.100624129630686
2 1 1.587368794219838
3 1 -1.100624129630686
4 1 -0.5630255448605814
5 1 -1.100624129630686
6 1 -0.5630255448605814
7 1 0.2433723322945759
8 1 -0.5630255448605814
9 1 -1.100624129630686
10 1 -1.100624129630686
11 1 -0.5630255448605814
12 1 -0.5630255448605814
13 1 0.2433723322945759
14 1 0.2433723322945759
15 1 0.2433723322945759
16 1 -1.100624129630686
17 1 1.587368794219838
18 1 0.2433723322945759
19 1 1.587368794219838
20 1 -0.5630255448605814



# name: <cell-element>
# type: sparse matrix
# nnz: 30
# rows: 30
# columns: 1
1 1 -1.100624129630686
2 1 -1.100624129630686
3 1 0.2433723322945759
4 1 1.587368794219838
5 1 1.587368794219838
6 1 0.2433723322945759
7 1 -0.5630255448605814
8 1 -1.100624129630686
9 1 -0.5630255448605814
10 1 0.2433723322945759
11 1 -0.5630255448605814
12 1 -1.100624129630686
13 1 -0.5630255448605814
14 1 0.2433723322945759
15 1 -0.5630255448605814
16 1 -0.5630255448605814
17 1 0.2433723322945759
18 1 1.587368794219838
19 1 -0.5630255448605814
20 1 1.587368794219838
21 1 0.2433723322945759
22 1 0.2433723322945759
23 1 -1.100624129630686
24 1 1.587368794219838
25 1 -0.5630255448605814
26 1 1.587368794219838
27 1 0.2433723322945759
28 1 0.2433723322945759
29 1 1.587368794219838
30 1 -0.5630255448605814



# name: <cell-element>
# type: scalar
0





# name: coefficients
# type: cell
# rows: 1
# columns: 7
# name: <cell-element>
# type: matrix
# rows: 31
# columns: 1
 -1.3895
 1.3895
 -1.3895
 1.3895
 -1.36994298418749
 -1.3895
 1.3895
 1.3895
 -1.3895
 -1.3895
 1.3895
 -1.3895
 -1.3895
 1.3895
 -1.3895
 -1.3895
 1.3895
 -1.3895
 -1.3895
 -1.3895
 1.3895
 1.3895
 1.3895
 -0.01955701581251014
 -1.3895
 1.3895
 1.3895
 -1.3895
 1.3895
 1.3895
 1.3895



# name: <cell-element>
# type: matrix
# rows: 5
# columns: 1
 -5
 4.879853218029265
 -5
 0.1201467819707349
 5



# name: <cell-element>
# type: matrix
# rows: 18
# columns: 1
 -4.7421
 4.7421
 4.7421
 -4.7421
 4.7421
 -4.7421
 -0.7580843647096337
 -4.7421
 4.7421
 -4.7421
 -4.7421
 4.7421
 4.7421
 -4.7421
 -4.7421
 4.7421
 0.7580843647096331
 4.7421



# name: <cell-element>
# type: matrix
# rows: 21
# columns: 1
 -0.1
 0.1
 -0.1
 0.04243395688673918
 -0.1
 -0.1
 0.1
 -0.1
 -0.1
 -0.1
 0.1
 -0.1
 0.05756604311326084
 0.1
 0.1
 0.1
 -0.1
 -0.1
 0.1
 0.1
 0.1



# name: <cell-element>
# type: matrix
# rows: 20
# columns: 1
 -5
 5
 5
 -5
 -5
 -5
 5
 -5
 -5
 -1.90491913684221
 5
 -5
 5
 5
 5
 -5
 -5
 5
 1.904919136842208
 5



# name: <cell-element>
# type: matrix
# rows: 30
# columns: 1
 -2.6789
 2.6789
 -2.6789
 2.6789
 -2.6789
 -2.6789
 2.6789
 2.6789
 -2.6789
 -2.6789
 2.6789
 -2.6789
 -2.6789
 2.6789
 -2.6789
 2.6789
 -0.7668771241926401
 -2.6789
 -2.6789
 2.6789
 2.6789
 2.6789
 -1.981052289103063
 -2.6789
 1.433305225509229
 1.314624187786474
 -2.6789
 2.6789
 2.6789
 2.6789



# name: <cell-element>
# type: scalar
0





# name: b
# type: cell
# rows: 1
# columns: 7
# name: <cell-element>
# type: scalar
-0.05119927901916256



# name: <cell-element>
# type: scalar
-0.5746580521031774



# name: <cell-element>
# type: scalar
-0.2568753255837093



# name: <cell-element>
# type: scalar
-0.478071991068335



# name: <cell-element>
# type: scalar
-0.4551588154359905



# name: <cell-element>
# type: scalar
0.1012201753496515



# name: <cell-element>
# type: scalar
0





# name: models
# type: cell
# rows: 1
# columns: 7
# name: <cell-element>
# type: scalar struct
# ndims: 2
 1 1
# length: 11
# name: Parameters
# type: matrix
# rows: 5
# columns: 1
 3
 0
 3
 1
 0


# name: nr_class
# type: scalar
2


# name: totalSV
# type: scalar
31


# name: rho
# type: scalar
0.05119927901916256


# name: Label
# type: matrix
# rows: 0
# columns: 0


# name: sv_indices
# type: matrix
# rows: 31
# columns: 1
 1
 2
 3
 4
 5
 6
 7
 8
 9
 10
 11
 13
 16
 17
 18
 19
 23
 24
 27
 28
 29
 32
 33
 34
 36
 37
 38
 40
 41
 42
 44


# name: ProbA
# type: matrix
# rows: 0
# columns: 0


# name: ProbB
# type: matrix
# rows: 0
# columns: 0


# name: nSV
# type: matrix
# rows: 0
# columns: 0


# name: sv_coef
# type: matrix
# rows: 31
# columns: 1
 -1.3895
 1.3895
 -1.3895
 1.3895
 -1.36994298418749
 -1.3895
 1.3895
 1.3895
 -1.3895
 -1.3895
 1.3895
 -1.3895
 -1.3895
 1.3895
 -1.3895
 -1.3895
 1.3895
 -1.3895
 -1.3895
 -1.3895
 1.3895
 1.3895
 1.3895
 -0.01955701581251014
 -1.3895
 1.3895
 1.3895
 -1.3895
 1.3895
 1.3895
 1.3895


# name: SVs
# type: sparse matrix
# nnz: 31
# rows: 31
# columns: 1
1 1 -1.100624129630686
2 1 -1.100624129630686
3 1 0.2433723322945759
4 1 1.587368794219838
5 1 1.587368794219838
6 1 0.2433723322945759
7 1 -0.5630255448605814
8 1 -1.100624129630686
9 1 -0.5630255448605814
10 1 0.2433723322945759
11 1 -0.5630255448605814
12 1 -1.100624129630686
13 1 -0.5630255448605814
14 1 0.2433723322945759
15 1 -0.5630255448605814
16 1 0.2433723322945759
17 1 -0.5630255448605814
18 1 0.2433723322945759
19 1 1.587368794219838
20 1 -0.5630255448605814
21 1 1.587368794219838
22 1 0.2433723322945759
23 1 0.2433723322945759
24 1 -1.100624129630686
25 1 1.587368794219838
26 1 -0.5630255448605814
27 1 1.587368794219838
28 1 0.2433723322945759
29 1 0.2433723322945759
30 1 1.587368794219838
31 1 -0.5630255448605814





# name: <cell-element>
# type: scalar struct
# ndims: 2
 1 1
# length: 11
# name: Parameters
# type: matrix
# rows: 5
# columns: 1
 3
 1
 2
 1
 0


# name: nr_class
# type: scalar
2


# name: totalSV
# type: scalar
5


# name: rho
# type: scalar
0.5746580521031774


# name: Label
# type: matrix
# rows: 0
# columns: 0


# name: sv_indices
# type: matrix
# rows: 5
# columns: 1
 1
 4
 13
 17
 41


# name: ProbA
# type: matrix
# rows: 0
# columns: 0


