# Created by Octave 4.0.0, Mon May 23 13:36:52 2016 CEST <peter@Independence>
# name: mu
# type: matrix
# rows: 1
# columns: 2
 188199.52 0.01181111111111111


# name: sigma
# type: matrix
# rows: 1
# columns: 2
 64202.28640143505 0.00313118257281563


