# Created by Octave 3.8.2, Wed May 18 17:55:06 2016 CEST <Andrea@Andreas-MacBook-Pro.local>
# name: mu
# type: matrix
# rows: 1
# columns: 2
 188409.2162162162 0.01174549549549549


# name: sigma
# type: matrix
# rows: 1
# columns: 2
 64614.6678994857 0.003100206573980081


