# Created by Octave 4.0.0, Mon May 23 13:36:58 2016 CEST <peter@Independence>
# name: x
# type: matrix
# rows: 1
# columns: 100
 0.008333333333333333 0.008417508417508417 0.008501683501683501 0.008585858585858586 0.00867003367003367 0.008754208754208754 0.008838383838383838 0.008922558922558922 0.009006734006734006 0.00909090909090909 0.009175084175084175 0.009259259259259259 0.009343434343434343 0.009427609427609427 0.009511784511784511 0.009595959595959595 0.009680134680134679 0.009764309764309764 0.009848484848484849 0.009932659932659932 0.01001683501683502 0.0101010101010101 0.01018518518518519 0.01026936026936027 0.01035353535353535 0.01043771043771044 0.01052188552188552 0.0106060606060606 0.01069023569023569 0.01077441077441077 0.01085858585858586 0.01094276094276094 0.01102693602693603 0.01111111111111111 0.0111952861952862 0.01127946127946128 0.01136363636363636 0.01144781144781145 0.01153198653198653 0.01161616161616162 0.0117003367003367 0.01178451178451178 0.01186868686868687 0.01195286195286195 0.01203703703703704 0.01212121212121212 0.01220538720538721 0.01228956228956229 0.01237373737373737 0.01245791245791246 0.01254208754208754 0.01262626262626263 0.01271043771043771 0.01279461279461279 0.01287878787878788 0.01296296296296296 0.01304713804713805 0.01313131313131313 0.01321548821548822 0.0132996632996633 0.01338383838383838 0.01346801346801347 0.01355218855218855 0.01363636363636364 0.01372053872053872 0.0138047138047138 0.01388888888888889 0.01397306397306397 0.01405723905723906 0.01414141414141414 0.01422558922558922 0.01430976430976431 0.01439393939393939 0.01447811447811448 0.01456228956228956 0.01464646464646465 0.01473063973063973 0.01481481481481481 0.0148989898989899 0.01498316498316498 0.01506734006734007 0.01515151515151515 0.01523569023569023 0.01531986531986532 0.0154040404040404 0.01548821548821549 0.01557239057239057 0.01565656565656566 0.01574074074074074 0.01582491582491583 0.01590909090909091 0.01599326599326599 0.01607744107744108 0.01616161616161616 0.01624579124579124 0.01632996632996633 0.01641414141414141 0.0164983164983165 0.01658249158249158 0.01666666666666667


# name: y
# type: matrix
# rows: 100
# columns: 1
 138124.3418567487
 140372.1350422025
 142511.1401816308
 144544.0556589514
 146473.5798580814
 148302.4111629392
 150033.247957442
 151668.788625506
 153211.7315510518
 154664.775117995
 156030.6177102542
 157311.9577117469
 158511.4935063903
 159631.9234781029
 160675.9460108021
 161646.2594884051
 162545.5622948304
 163376.5528139951
 164141.9294298172
 164844.3905262143
 165486.634487104
 166071.3596964043
 166601.2645380325
 167079.0473959066
 167507.406653944
 167889.0406960628
 168226.6479061803
 168522.9266682145
 168780.5753660829
 169002.2923837032
 169190.7761049933
 169348.7249138707
 169478.8371942531
 169583.8113300583
 169666.3457052039
 169729.1387036076
 169774.8887091872
 169806.2941058603
 169826.0532775446
 169836.8646081579
 169841.4264816178
 169842.437281842
 169842.5953927482
 169844.5991982541
 169851.1470822774
 169864.9374287358
 169888.668621547
 169925.0390446286
 169976.7470818985
 170046.4911172742
 170136.9695346736
 170250.8807180141
 170390.9230512137
 170559.7949181899
 170760.1947028605
 170994.8207891431
 171266.3715609555
 171577.5454022154
 171931.0406968403
 172329.5558287482
 172775.7891818565
 173272.439140083
 173822.2040873455
 174427.7824075617
 175091.8724846491
 175817.1727025256
 176606.3814451088
 177462.1970963165
 178387.3180400658
 179384.4426602754
 180456.2693408624
 181605.4964657447
 182834.8224188397
 184146.945584065
 185544.5643453389
 187030.3770865791
 188607.082191703
 190277.3780446275
 192043.9630292719
 193909.5355295525
 195876.7939293875
 197948.4366126948
 200127.161963392
 202415.6683653964
 204816.6542026263
 207332.8178589997
 209966.8577184331
 212721.4721648455
 215599.3595821539
 218603.2183542748
 221735.7468651267
 224999.6434986298
 228397.6066386974
 231932.3346692519
 235606.5259742074
 239422.8789374826
 243384.0919429967
 247492.8633746665
 251751.8916164068
 256163.8750521389


# name: QUERY
# type: sq_string
# elements: 1
# length: 2
R3


# name: DATASIZE
# type: sq_string
# elements: 1
# length: 3
250


