# Created by Octave 4.0.0, Mon May 23 13:36:58 2016 CEST <peter@Independence>
# name: x
# type: matrix
# rows: 1
# columns: 100
 0.008333333333333333 0.008417508417508417 0.008501683501683501 0.008585858585858586 0.00867003367003367 0.008754208754208754 0.008838383838383838 0.008922558922558922 0.009006734006734006 0.00909090909090909 0.009175084175084175 0.009259259259259259 0.009343434343434343 0.009427609427609427 0.009511784511784511 0.009595959595959595 0.009680134680134679 0.009764309764309764 0.009848484848484849 0.009932659932659932 0.01001683501683502 0.0101010101010101 0.01018518518518519 0.01026936026936027 0.01035353535353535 0.01043771043771044 0.01052188552188552 0.0106060606060606 0.01069023569023569 0.01077441077441077 0.01085858585858586 0.01094276094276094 0.01102693602693603 0.01111111111111111 0.0111952861952862 0.01127946127946128 0.01136363636363636 0.01144781144781145 0.01153198653198653 0.01161616161616162 0.0117003367003367 0.01178451178451178 0.01186868686868687 0.01195286195286195 0.01203703703703704 0.01212121212121212 0.01220538720538721 0.01228956228956229 0.01237373737373737 0.01245791245791246 0.01254208754208754 0.01262626262626263 0.01271043771043771 0.01279461279461279 0.01287878787878788 0.01296296296296296 0.01304713804713805 0.01313131313131313 0.01321548821548822 0.0132996632996633 0.01338383838383838 0.01346801346801347 0.01355218855218855 0.01363636363636364 0.01372053872053872 0.0138047138047138 0.01388888888888889 0.01397306397306397 0.01405723905723906 0.01414141414141414 0.01422558922558922 0.01430976430976431 0.01439393939393939 0.01447811447811448 0.01456228956228956 0.01464646464646465 0.01473063973063973 0.01481481481481481 0.0148989898989899 0.01498316498316498 0.01506734006734007 0.01515151515151515 0.01523569023569023 0.01531986531986532 0.0154040404040404 0.01548821548821549 0.01557239057239057 0.01565656565656566 0.01574074074074074 0.01582491582491583 0.01590909090909091 0.01599326599326599 0.01607744107744108 0.01616161616161616 0.01624579124579124 0.01632996632996633 0.01641414141414141 0.0164983164983165 0.01658249158249158 0.01666666666666667


# name: y
# type: matrix
# rows: 100
# columns: 1
 192220.7570955464
 189936.4741409536
 187708.1565664713
 185535.8043720999
 183419.417557839
 181358.9961236887
 179354.5400696485
 177406.0493957194
 175513.5241019007
 173676.9641881925
 171896.3696545949
 170171.7405011078
 168503.0767277314
 166890.3783344655
 165333.6453213101
 163832.8776882652
 162388.0754353311
 160999.2385625074
 159666.3670697942
 158389.4609571917
 157168.5202246997
 156003.5448723182
 154894.5349000475
 153841.4903078871
 152844.4110958374
 151903.2972638982
 151018.1488120696
 150188.9657403515
 149415.7480487439
 148698.4957372471
 148037.2088058606
 147431.8872545848
 146882.5310834195
 146389.1402923648
 145951.7148814207
 145570.2548505871
 145244.7601998641
 144975.2309292516
 144761.6670387497
 144604.0685283584
 144502.4353980776
 144456.7676479074
 144467.0652778478
 144533.3282878987
 144655.5566780602
 144833.7504483322
 145067.9095987148
 145358.0341292079
 145704.1240398116
 146106.1793305259
 146564.2000013507
 147078.1860522861
 147648.1374833321
 148274.0542944886
 148955.9364857557
 149693.7840571334
 150487.5970086215
 151337.3753402203
 152243.1190519296
 153204.8281437495
 154222.50261568
 155296.1424677209
 156425.7476998725
 157611.3183121346
 158852.8543045073
 160150.3556769906
 161503.8224295845
 162913.2545622888
 164378.6520751036
 165900.0149680291
 167477.3432410653
 169110.6368942119
 170799.8959274691
 172545.1203408368
 174346.3101343151
 176203.4653079039
 178116.5858616031
 180085.6717954132
 182110.7231093338
 184191.7398033651
 186328.7218775067
 188521.669331759
 190770.5821661217
 193075.4603805949
 195436.303975179
 197853.1129498735
 200325.8873046785
 202854.6270395939
 205439.3321546202
 208080.0026497569
 210776.6385250039
 213529.2397803621
 216337.8064158305
 219202.3384314099
 222122.8358270991
 225099.2986028993
 228131.7267588093
 231220.1202948309
 234364.4792109626
 237564.8035072051


# name: QUERY
# type: sq_string
# elements: 1
# length: 2
R3


# name: DATASIZE
# type: sq_string
# elements: 1
# length: 3
250


