# Created by Octave 3.8.2, Wed May 18 17:55:17 2016 CEST <Andrea@Andreas-MacBook-Pro.local>
# name: x
# type: matrix
# rows: 1
# columns: 100
 0.008333333333333333 0.008417508417508417 0.008501683501683501 0.008585858585858586 0.00867003367003367 0.008754208754208754 0.008838383838383838 0.008922558922558922 0.009006734006734006 0.00909090909090909 0.009175084175084175 0.009259259259259259 0.009343434343434343 0.009427609427609427 0.009511784511784511 0.009595959595959595 0.009680134680134679 0.009764309764309764 0.009848484848484848 0.009932659932659932 0.01001683501683502 0.0101010101010101 0.01018518518518519 0.01026936026936027 0.01035353535353535 0.01043771043771044 0.01052188552188552 0.0106060606060606 0.01069023569023569 0.01077441077441077 0.01085858585858586 0.01094276094276094 0.01102693602693603 0.01111111111111111 0.0111952861952862 0.01127946127946128 0.01136363636363636 0.01144781144781145 0.01153198653198653 0.01161616161616162 0.0117003367003367 0.01178451178451178 0.01186868686868687 0.01195286195286195 0.01203703703703704 0.01212121212121212 0.01220538720538721 0.01228956228956229 0.01237373737373737 0.01245791245791246 0.01254208754208754 0.01262626262626263 0.01271043771043771 0.01279461279461279 0.01287878787878788 0.01296296296296296 0.01304713804713805 0.01313131313131313 0.01321548821548822 0.0132996632996633 0.01338383838383838 0.01346801346801347 0.01355218855218855 0.01363636363636364 0.01372053872053872 0.0138047138047138 0.01388888888888889 0.01397306397306397 0.01405723905723906 0.01414141414141414 0.01422558922558922 0.01430976430976431 0.01439393939393939 0.01447811447811448 0.01456228956228956 0.01464646464646465 0.01473063973063973 0.01481481481481482 0.0148989898989899 0.01498316498316498 0.01506734006734007 0.01515151515151515 0.01523569023569023 0.01531986531986532 0.0154040404040404 0.01548821548821549 0.01557239057239057 0.01565656565656566 0.01574074074074074 0.01582491582491583 0.01590909090909091 0.01599326599326599 0.01607744107744108 0.01616161616161616 0.01624579124579124 0.01632996632996633 0.01641414141414142 0.0164983164983165 0.01658249158249158 0.01666666666666667


# name: y
# type: matrix
# rows: 100
# columns: 1
 189278.5351297263
 187426.7744221001
 185621.2655429968
 183862.0084924157
 182149.0032703576
 180482.2498768222
 178861.74831181
 177287.4985753202
 175759.5006673531
 174277.7545879087
 172842.2603369871
 171453.0179145882
 170110.0273207122
 168813.2885553587
 167562.8016185281
 166358.5665102203
 165200.5832304353
 164088.851779173
 163023.3721564333
 162004.1443622165
 161031.1683965223
 160104.444259351
 159223.9719507024
 158389.7514705766
 157601.7828189734
 156860.0659958931
 156164.6010013355
 155515.3878353006
 154912.4264977885
 154355.7169887992
 153845.2593083325
 153381.0534563887
 152963.0994329676
 152591.3972380692
 152265.9468716936
 151986.7483338407
 151753.8016245106
 151567.1067437033
 151426.6636914187
 151332.4724676568
 151284.5330724177
 151282.8455057013
 151327.4097675077
 151418.2258578368
 151555.2937766887
 151738.6135240633
 151968.1850999607
 152244.0085043808
 152566.0837373237
 152934.4107987893
 153348.9896887777
 153809.8204072888
 154316.9029543227
 154870.2373298793
 155469.8235339587
 156115.6615665608
 156807.7514276857
 157546.0931173333
 158330.6866355037
 159161.5319821968
 160038.6291574126
 160961.9781611512
 161931.5789934125
 162947.4316541967
 164009.5361435035
 165117.892461333
 166272.5006076856
 167473.3605825606
 168720.4723859584
 170013.8360178791
 171353.4514783224
 172739.3187672887
 174171.4378847773
 175649.808830789
 177174.4316053232
 178745.3062083803
 180362.4326399603
 182025.810900063
 183735.4409886883
 185491.3229058362
 187293.4566515071
 189141.8422257007
 191036.4796284169
 192977.3688596564
 194964.5099194181
 196997.9028077027
 199077.5475245099
 201203.4440698397
 203375.5924436928
 205593.9926460682
 207858.6446769664
 210169.5485363877
 212526.7042243313
 214930.1117407987
 217379.7710857878
 219875.6822592997
 222417.8452613344
 225006.2600918917
 227640.9267509727
 230321.8452385751


# name: QUERY
# type: sq_string
# elements: 1
# length: 2
R3


# name: DATASIZE
# type: sq_string
# elements: 1
# length: 3
250


