# Created by Octave 4.0.0, Mon May 23 13:36:58 2016 CEST <peter@Independence>
# name: x
# type: matrix
# rows: 1
# columns: 100
 0.008333333333333333 0.008417508417508417 0.008501683501683501 0.008585858585858586 0.00867003367003367 0.008754208754208754 0.008838383838383838 0.008922558922558922 0.009006734006734006 0.00909090909090909 0.009175084175084175 0.009259259259259259 0.009343434343434343 0.009427609427609427 0.009511784511784511 0.009595959595959595 0.009680134680134679 0.009764309764309764 0.009848484848484849 0.009932659932659932 0.01001683501683502 0.0101010101010101 0.01018518518518519 0.01026936026936027 0.01035353535353535 0.01043771043771044 0.01052188552188552 0.0106060606060606 0.01069023569023569 0.01077441077441077 0.01085858585858586 0.01094276094276094 0.01102693602693603 0.01111111111111111 0.0111952861952862 0.01127946127946128 0.01136363636363636 0.01144781144781145 0.01153198653198653 0.01161616161616162 0.0117003367003367 0.01178451178451178 0.01186868686868687 0.01195286195286195 0.01203703703703704 0.01212121212121212 0.01220538720538721 0.01228956228956229 0.01237373737373737 0.01245791245791246 0.01254208754208754 0.01262626262626263 0.01271043771043771 0.01279461279461279 0.01287878787878788 0.01296296296296296 0.01304713804713805 0.01313131313131313 0.01321548821548822 0.0132996632996633 0.01338383838383838 0.01346801346801347 0.01355218855218855 0.01363636363636364 0.01372053872053872 0.0138047138047138 0.01388888888888889 0.01397306397306397 0.01405723905723906 0.01414141414141414 0.01422558922558922 0.01430976430976431 0.01439393939393939 0.01447811447811448 0.01456228956228956 0.01464646464646465 0.01473063973063973 0.01481481481481481 0.0148989898989899 0.01498316498316498 0.01506734006734007 0.01515151515151515 0.01523569023569023 0.01531986531986532 0.0154040404040404 0.01548821548821549 0.01557239057239057 0.01565656565656566 0.01574074074074074 0.01582491582491583 0.01590909090909091 0.01599326599326599 0.01607744107744108 0.01616161616161616 0.01624579124579124 0.01632996632996633 0.01641414141414141 0.0164983164983165 0.01658249158249158 0.01666666666666667


# name: y
# type: matrix
# rows: 100
# columns: 1
 180489.8083883914
 178163.934345268
 176004.8427558189
 174004.3633092188
 172154.530896341
 170447.5856097571
 168875.9727437372
 167432.34279425
 166109.5514589626
 164900.6596372403
 163798.9334301471
 162797.8441404453
 161891.0682725959
 161072.4875327579
 160336.188828789
 159676.4642702455
 159087.8111683818
 158564.932036151
 158102.7345882046
 157696.3317408923
 157341.0416122627
 157032.3875220623
 156766.0979917366
 156538.1067444291
 156344.5527049819
 156181.7799999357
 156046.3379575293
 155934.9811077002
 155844.6691820844
 155772.567114016
 155716.045038528
 155672.6782923514
 155640.247413916
 155616.7381433497
 155600.3414224793
 155589.4533948296
 155582.675405624
 155578.8140017844
 155576.8809319311
 155576.0931463829
 155575.8727971569
 155575.8472379688
 155575.8490242327
 155575.9159130609
 155576.2908632646
 155577.4220353531
 155579.9627915342
 155584.7716957143
 155592.912513498
 155605.6542121885
 155624.4709607874
 155651.0421299949
 155687.2522922093
 155735.1912215276
 155797.1538937453
 155875.640486356
 155973.3563785522
 156093.2121512244
 156238.3235869618
 156412.0116700521
 156617.8025864813
 156859.4277239338
 157140.8236717925
 157466.1322211389
 157839.7003647527
 158266.0802971122
 158750.029414394
 159296.5103144733
 159910.6907969237
 160597.9438630172
 161363.8477157241
 162214.1857597136
 163154.9466013528
 164192.3240487076
 165332.7171115422
 166582.7300013192
 167949.1721311997
 169439.0581160435
 171059.6077724083
 172818.2461185508
 174722.6033744257
 176780.5149616864
 179000.0215036845
 181389.3688254705
 183957.0079537928
 186711.5951170986
 189661.9917455335
 192817.2644709414
 196186.6851268646
 199779.7307485442
 203606.0835729192
 207675.6310386279
 211998.465786006
 216584.8856570885
 221445.3936956078
 226590.6981469964
 232031.7124583828
 237779.5552785971
 243845.5504581651
 250241.2270493126


# name: QUERY
# type: sq_string
# elements: 1
# length: 2
R3


# name: DATASIZE
# type: sq_string
# elements: 1
# length: 3
250


