# Created by Octave 3.8.2, Wed May 18 17:55:17 2016 CEST <Andrea@Andreas-MacBook-Pro.local>
# name: x
# type: matrix
# rows: 1
# columns: 100
 0.008333333333333333 0.008417508417508417 0.008501683501683501 0.008585858585858586 0.00867003367003367 0.008754208754208754 0.008838383838383838 0.008922558922558922 0.009006734006734006 0.00909090909090909 0.009175084175084175 0.009259259259259259 0.009343434343434343 0.009427609427609427 0.009511784511784511 0.009595959595959595 0.009680134680134679 0.009764309764309764 0.009848484848484848 0.009932659932659932 0.01001683501683502 0.0101010101010101 0.01018518518518519 0.01026936026936027 0.01035353535353535 0.01043771043771044 0.01052188552188552 0.0106060606060606 0.01069023569023569 0.01077441077441077 0.01085858585858586 0.01094276094276094 0.01102693602693603 0.01111111111111111 0.0111952861952862 0.01127946127946128 0.01136363636363636 0.01144781144781145 0.01153198653198653 0.01161616161616162 0.0117003367003367 0.01178451178451178 0.01186868686868687 0.01195286195286195 0.01203703703703704 0.01212121212121212 0.01220538720538721 0.01228956228956229 0.01237373737373737 0.01245791245791246 0.01254208754208754 0.01262626262626263 0.01271043771043771 0.01279461279461279 0.01287878787878788 0.01296296296296296 0.01304713804713805 0.01313131313131313 0.01321548821548822 0.0132996632996633 0.01338383838383838 0.01346801346801347 0.01355218855218855 0.01363636363636364 0.01372053872053872 0.0138047138047138 0.01388888888888889 0.01397306397306397 0.01405723905723906 0.01414141414141414 0.01422558922558922 0.01430976430976431 0.01439393939393939 0.01447811447811448 0.01456228956228956 0.01464646464646465 0.01473063973063973 0.01481481481481482 0.0148989898989899 0.01498316498316498 0.01506734006734007 0.01515151515151515 0.01523569023569023 0.01531986531986532 0.0154040404040404 0.01548821548821549 0.01557239057239057 0.01565656565656566 0.01574074074074074 0.01582491582491583 0.01590909090909091 0.01599326599326599 0.01607744107744108 0.01616161616161616 0.01624579124579124 0.01632996632996633 0.01641414141414142 0.0164983164983165 0.01658249158249158 0.01666666666666667


# name: y
# type: matrix
# rows: 100
# columns: 1
 181470.3912110987
 179192.9540715962
 177081.9250458801
 175128.9935265215
 173326.0617994171
 171665.2450437894
 170138.8713321863
 168739.4816304815
 167459.8297978743
 166292.8825868895
 165231.8196433776
 164270.0335065149
 163401.129608803
 162618.9262760693
 161917.4547274669
 161290.9590754744
 160733.8963258961
 160240.9363778619
 159806.9620238274
 159427.0689495735
 159096.5657342072
 158810.9738501609
 158566.0276631925
 158357.6744323857
 158182.0743101498
 158035.6003422198
 157914.838467656
 157816.5875188448
 157737.8592214978
 157675.8781946526
 157628.0819506721
 157592.120895245
 157565.8583273855
 157547.3704394337
 157534.946317055
 157527.0879392407
 157522.5101783074
 157520.1407998977
 157519.1204629795
 157518.8027198466
 157518.7540161183
 157518.7536907394
 157518.7939759806
 157519.0799974379
 157520.0297740333
 157522.2742180141
 157526.6571349534
 157534.2352237498
 157546.2780766278
 157564.2681791371
 157589.9009101535
 157625.084541878
 157671.9402398375
 157732.8020628844
 157810.2169631968
 157906.9447862784
 158025.9582709584
 158170.4430493919
 158343.7976470594
 158549.6334827671
 158791.7748686469
 159074.2590101561
 159401.3360060778
 159777.4688485208
 160207.3334229194
 160695.8185080335
 161248.0257759487
 161869.2697920762
 162565.0780151529
 163341.1907972412
 164203.5613837291
 165158.3559133305
 166211.9534180846
 167370.9458233563
 168642.1379478364
 170032.5475035409
 171549.4050958118
 173200.1542233166
 174992.4512780482
 176934.1655453254
 179033.3792037925
 181298.3873254196
 183737.6978755023
 186360.0317126617
 189174.3225888447
 192189.7171493238
 195415.574932697
 198861.4683708881
 202537.1827891467
 206452.7164060473
 210618.2803334908
 215044.2985767035
 219741.408034237
 224720.4584979692
 229992.5126531027
 235568.8460781665
 241460.9472450149
 247680.5175188279
 254239.4711581115
 261149.9353146962


# name: QUERY
# type: sq_string
# elements: 1
# length: 2
R3


# name: DATASIZE
# type: sq_string
# elements: 1
# length: 3
250


