# Created by Octave 4.0.0, Mon May 23 13:36:58 2016 CEST <peter@Independence>
# name: x
# type: matrix
# rows: 1
# columns: 100
 0.008333333333333333 0.008417508417508417 0.008501683501683501 0.008585858585858586 0.00867003367003367 0.008754208754208754 0.008838383838383838 0.008922558922558922 0.009006734006734006 0.00909090909090909 0.009175084175084175 0.009259259259259259 0.009343434343434343 0.009427609427609427 0.009511784511784511 0.009595959595959595 0.009680134680134679 0.009764309764309764 0.009848484848484849 0.009932659932659932 0.01001683501683502 0.0101010101010101 0.01018518518518519 0.01026936026936027 0.01035353535353535 0.01043771043771044 0.01052188552188552 0.0106060606060606 0.01069023569023569 0.01077441077441077 0.01085858585858586 0.01094276094276094 0.01102693602693603 0.01111111111111111 0.0111952861952862 0.01127946127946128 0.01136363636363636 0.01144781144781145 0.01153198653198653 0.01161616161616162 0.0117003367003367 0.01178451178451178 0.01186868686868687 0.01195286195286195 0.01203703703703704 0.01212121212121212 0.01220538720538721 0.01228956228956229 0.01237373737373737 0.01245791245791246 0.01254208754208754 0.01262626262626263 0.01271043771043771 0.01279461279461279 0.01287878787878788 0.01296296296296296 0.01304713804713805 0.01313131313131313 0.01321548821548822 0.0132996632996633 0.01338383838383838 0.01346801346801347 0.01355218855218855 0.01363636363636364 0.01372053872053872 0.0138047138047138 0.01388888888888889 0.01397306397306397 0.01405723905723906 0.01414141414141414 0.01422558922558922 0.01430976430976431 0.01439393939393939 0.01447811447811448 0.01456228956228956 0.01464646464646465 0.01473063973063973 0.01481481481481481 0.0148989898989899 0.01498316498316498 0.01506734006734007 0.01515151515151515 0.01523569023569023 0.01531986531986532 0.0154040404040404 0.01548821548821549 0.01557239057239057 0.01565656565656566 0.01574074074074074 0.01582491582491583 0.01590909090909091 0.01599326599326599 0.01607744107744108 0.01616161616161616 0.01624579124579124 0.01632996632996633 0.01641414141414141 0.0164983164983165 0.01658249158249158 0.01666666666666667


# name: y
# type: matrix
# rows: 100
# columns: 1
 159661.1739018542
 157684.2233663451
 155937.8271566249
 154399.9542482595
 153050.1917339319
 151869.6635743335
 150840.9514423053
 149948.0176601071
 149176.1302299029
 148511.7899574371
 147942.6596688814
 147457.4955208598
 147046.0804036855
 146699.1594377568
 146408.3775631519
 146166.2192224055
 145965.9501364702
 145801.561173861
 145667.7143129928
 145559.6906976926
 145473.3407859038
 145405.0365915737
 145351.6260197255
 145310.3892947168
 145278.997481682
 145255.4731011611
 145238.1528369119
 145225.6523369096
 145216.8331075293
 145210.7715009156
 145206.7297955361
 145204.1293699203
 145202.525969584
 145201.5870671388
 145201.0713155862
 145200.8100947977
 145200.6911511793
 145200.6443305217
 145200.6294040352
 145200.6259875702
 145200.6255540226
 145200.6255389243
 145200.6255392191
 145200.6256052236
 145200.6266257729
 145200.6328065526
 145200.6562416143
 145200.7235780777
 145200.8847740173
 145201.2239495339
 145201.8723310118
 145203.023288561
 145204.9494666446
 145208.0220078908
 145212.7318700912
 145219.7132363831
 145229.7690186175
 145243.8984539126
 145263.3267943914
 145289.5370901056
 145324.3040651439
 145369.7300869258
 145428.2832286808
 145502.8374251118
 145596.7147212444
 145713.7296144624
 145858.235489725
 146035.1731479735
 146250.1214277206
 146509.3499198252
 146819.8737754528
 147189.5106072179
 147626.9394835204
 148141.762016054
 148744.5655405196
 149446.9883904876
 150261.7872644942
 151202.9066862901
 152285.5505582663
 153526.255808108
 154942.9681285809
 156555.1198105349
 158383.7096691048
 160451.3850630396
 162782.5260073168
 165403.3313788104
 168341.9072152243
 171628.3571072648
 175294.8746838612
 179375.8381907001
 183907.9071617936
 188930.1211844828
 194484.0007573273
 200613.6502413505
 207365.8629045098
 214790.228059355
 222939.2402933881
 231868.4107937659
 241636.3807636123
 252305.0369329022


# name: QUERY
# type: sq_string
# elements: 1
# length: 2
R3


# name: DATASIZE
# type: sq_string
# elements: 1
# length: 3
250


