# Created by Octave 3.8.2, Wed May 18 17:55:17 2016 CEST <Andrea@Andreas-MacBook-Pro.local>
# name: x
# type: matrix
# rows: 1
# columns: 100
 0.008333333333333333 0.008417508417508417 0.008501683501683501 0.008585858585858586 0.00867003367003367 0.008754208754208754 0.008838383838383838 0.008922558922558922 0.009006734006734006 0.00909090909090909 0.009175084175084175 0.009259259259259259 0.009343434343434343 0.009427609427609427 0.009511784511784511 0.009595959595959595 0.009680134680134679 0.009764309764309764 0.009848484848484848 0.009932659932659932 0.01001683501683502 0.0101010101010101 0.01018518518518519 0.01026936026936027 0.01035353535353535 0.01043771043771044 0.01052188552188552 0.0106060606060606 0.01069023569023569 0.01077441077441077 0.01085858585858586 0.01094276094276094 0.01102693602693603 0.01111111111111111 0.0111952861952862 0.01127946127946128 0.01136363636363636 0.01144781144781145 0.01153198653198653 0.01161616161616162 0.0117003367003367 0.01178451178451178 0.01186868686868687 0.01195286195286195 0.01203703703703704 0.01212121212121212 0.01220538720538721 0.01228956228956229 0.01237373737373737 0.01245791245791246 0.01254208754208754 0.01262626262626263 0.01271043771043771 0.01279461279461279 0.01287878787878788 0.01296296296296296 0.01304713804713805 0.01313131313131313 0.01321548821548822 0.0132996632996633 0.01338383838383838 0.01346801346801347 0.01355218855218855 0.01363636363636364 0.01372053872053872 0.0138047138047138 0.01388888888888889 0.01397306397306397 0.01405723905723906 0.01414141414141414 0.01422558922558922 0.01430976430976431 0.01439393939393939 0.01447811447811448 0.01456228956228956 0.01464646464646465 0.01473063973063973 0.01481481481481482 0.0148989898989899 0.01498316498316498 0.01506734006734007 0.01515151515151515 0.01523569023569023 0.01531986531986532 0.0154040404040404 0.01548821548821549 0.01557239057239057 0.01565656565656566 0.01574074074074074 0.01582491582491583 0.01590909090909091 0.01599326599326599 0.01607744107744108 0.01616161616161616 0.01624579124579124 0.01632996632996633 0.01641414141414142 0.0164983164983165 0.01658249158249158 0.01666666666666667


# name: y
# type: matrix
# rows: 100
# columns: 1
 137680.0712607746
 140144.2340280935
 142486.8445556642
 144710.9772754991
 146819.706619613
 148816.1070200177
 150703.2529087277
 152484.2187177556
 154162.0788791152
 155739.9078248192
 157220.7799868814
 158607.7697973154
 159903.9516881338
 161112.4000913507
 162236.1894389786
 163278.3941630313
 164242.0886955223
 165130.3474684646
 165946.2449138715
 166692.8554637567
 167373.253550133
 167990.5136050141
 168547.7100604134
 169047.9173483439
 169494.2099008191
 169889.6621498524
 170237.3485274569
 170540.3434656461
 170801.7213964334
 171024.5567518319
 171211.9239638551
 171366.8974645162
 171492.5516858287
 171591.9610598057
 171668.2000184607
 171724.342993807
 171763.4644178578
 171788.6387226266
 171802.9403401267
 171809.4437023713
 171811.2232413738
 171811.3533891476
 171812.9085777058
 171818.9632390621
 171832.5918052294
 171856.8687082214
 171894.8683800512
 171949.6652527321
 172024.3337582776
 172121.948328701
 172245.5833960155
 172398.3133922344
 172583.2127493712
 172803.3558994392
 173061.8172744516
 173361.6713064218
 173705.9924273631
 174097.8550692889
 174540.3336642125
 175036.5026441471
 175589.4364411062
 176202.209487103
 176877.8962141509
 177619.5710542632
 178430.3084394533
 179313.1828017344
 180271.2685731199
 181307.640185623
 182425.3720712574
 183627.5386620359
 184917.2143899722
 186297.4736870796
 187771.3909853714
 189342.0407168608
 191012.4973135609
 192785.8352074855
 194665.1288306476
 196653.4526150613
 198753.8809927384
 200969.4883956937
 203303.3492559398
 205758.5380054901
 208338.129076358
 211045.196900557
 213882.8159101007
 216854.060537001
 219962.0052132725
 223209.7243709289
 226600.2924419827
 230136.7838584465
 233822.2730523355
 237659.8344556614
 241652.5425004376
 245803.4716186789
 250115.6962423989
 254592.290803608
 259236.3297343202
 264050.8874665532
 269039.0384323147
 274203.8570636198


# name: QUERY
# type: sq_string
# elements: 1
# length: 2
R3


# name: DATASIZE
# type: sq_string
# elements: 1
# length: 3
250


