# Created by Octave 3.8.2, Wed May 18 17:55:17 2016 CEST <Andrea@Andreas-MacBook-Pro.local>
# name: x
# type: matrix
# rows: 1
# columns: 100
 0.008333333333333333 0.008417508417508417 0.008501683501683501 0.008585858585858586 0.00867003367003367 0.008754208754208754 0.008838383838383838 0.008922558922558922 0.009006734006734006 0.00909090909090909 0.009175084175084175 0.009259259259259259 0.009343434343434343 0.009427609427609427 0.009511784511784511 0.009595959595959595 0.009680134680134679 0.009764309764309764 0.009848484848484848 0.009932659932659932 0.01001683501683502 0.0101010101010101 0.01018518518518519 0.01026936026936027 0.01035353535353535 0.01043771043771044 0.01052188552188552 0.0106060606060606 0.01069023569023569 0.01077441077441077 0.01085858585858586 0.01094276094276094 0.01102693602693603 0.01111111111111111 0.0111952861952862 0.01127946127946128 0.01136363636363636 0.01144781144781145 0.01153198653198653 0.01161616161616162 0.0117003367003367 0.01178451178451178 0.01186868686868687 0.01195286195286195 0.01203703703703704 0.01212121212121212 0.01220538720538721 0.01228956228956229 0.01237373737373737 0.01245791245791246 0.01254208754208754 0.01262626262626263 0.01271043771043771 0.01279461279461279 0.01287878787878788 0.01296296296296296 0.01304713804713805 0.01313131313131313 0.01321548821548822 0.0132996632996633 0.01338383838383838 0.01346801346801347 0.01355218855218855 0.01363636363636364 0.01372053872053872 0.0138047138047138 0.01388888888888889 0.01397306397306397 0.01405723905723906 0.01414141414141414 0.01422558922558922 0.01430976430976431 0.01439393939393939 0.01447811447811448 0.01456228956228956 0.01464646464646465 0.01473063973063973 0.01481481481481482 0.0148989898989899 0.01498316498316498 0.01506734006734007 0.01515151515151515 0.01523569023569023 0.01531986531986532 0.0154040404040404 0.01548821548821549 0.01557239057239057 0.01565656565656566 0.01574074074074074 0.01582491582491583 0.01590909090909091 0.01599326599326599 0.01607744107744108 0.01616161616161616 0.01624579124579124 0.01632996632996633 0.01641414141414142 0.0164983164983165 0.01658249158249158 0.01666666666666667


# name: y
# type: matrix
# rows: 100
# columns: 1
 171800.0736398025
 170018.4456262802
 168448.4351033529
 167069.4373202235
 165862.3903077425
 164809.6958663664
 163895.1426314353
 163103.8312156759
 162422.1014289953
 161837.4615755557
 161338.5198280799
 160914.9176794632
 160557.265471638
 160257.0800017026
 160006.7242053342
 159799.3489174595
 159628.8367101949
 159489.7478080625
 159377.2680804676
 159287.1591114515
 159215.7103467087
 159159.6933178758
 159116.3179440887
 159083.1909108086
 159058.2761259178
 159039.8572530837
 159026.5023223927
 159017.0304182525
 159010.4804445641
 159006.081967162
 159003.2281335245
 159001.4506697526
 159000.3969548173
 158999.8091720775
 158999.5055380655
 158999.3636085422
 158999.3056618219
 158999.2861593649
 158999.2812836402
 158999.2805532569
 158999.2805153652
 158999.280515325
 158999.2805436456
 158999.2811601928
 158999.285495666
 158999.3033303441
 158999.3572501004
 158999.4908796865
 158999.7791932856
 159000.3409023349
 159001.3529206161
 159003.0669066168
 159005.8278831588
 159010.0949342976
 159016.4639794891
 159025.6926250266
 159038.7270927467
 159056.7312260037
 159081.1175729136
 159113.5805468669
 159156.1316643106
 159211.1368597997
 159281.3558783166
 159369.9837448609
 159480.694311307
 159617.6858805325
 159785.7289078139
 159990.2157794913
 160237.2126689043
 160533.5134695963
 160886.6958057846
 161305.1791201056
 161798.28483862
 162376.2986131005
 163050.534640573
 163833.4020601448
 164738.4734270773
 165780.5552641565
 166975.7606903081
 168341.5841264964
 169896.9780788924
 171662.431999289
 173660.0532228357
 175913.6499829604
 178448.8165036686
 181293.0201689817
 184475.6907697858
 188028.3118278284
 191984.5139970816
 196380.1705422736
 201253.4948947489
 206645.1402856542
 212598.3014562661
 219158.8184456619
 226375.2824556352
 234299.1437930168
 242984.8218889301
 252489.8173957696
 262874.8263609897
 274203.8564784891


# name: QUERY
# type: sq_string
# elements: 1
# length: 2
R3


# name: DATASIZE
# type: sq_string
# elements: 1
# length: 3
250


