# Created by Octave 3.8.2, Wed May 18 17:59:38 2016 CEST <Andrea@Andreas-MacBook-Pro.local>
# name: x
# type: matrix
# rows: 1
# columns: 100
 0.008333333333333333 0.008417508417508417 0.008501683501683501 0.008585858585858586 0.00867003367003367 0.008754208754208754 0.008838383838383838 0.008922558922558922 0.009006734006734006 0.00909090909090909 0.009175084175084175 0.009259259259259259 0.009343434343434343 0.009427609427609427 0.009511784511784511 0.009595959595959595 0.009680134680134679 0.009764309764309764 0.009848484848484848 0.009932659932659932 0.01001683501683502 0.0101010101010101 0.01018518518518519 0.01026936026936027 0.01035353535353535 0.01043771043771044 0.01052188552188552 0.0106060606060606 0.01069023569023569 0.01077441077441077 0.01085858585858586 0.01094276094276094 0.01102693602693603 0.01111111111111111 0.0111952861952862 0.01127946127946128 0.01136363636363636 0.01144781144781145 0.01153198653198653 0.01161616161616162 0.0117003367003367 0.01178451178451178 0.01186868686868687 0.01195286195286195 0.01203703703703704 0.01212121212121212 0.01220538720538721 0.01228956228956229 0.01237373737373737 0.01245791245791246 0.01254208754208754 0.01262626262626263 0.01271043771043771 0.01279461279461279 0.01287878787878788 0.01296296296296296 0.01304713804713805 0.01313131313131313 0.01321548821548822 0.0132996632996633 0.01338383838383838 0.01346801346801347 0.01355218855218855 0.01363636363636364 0.01372053872053872 0.0138047138047138 0.01388888888888889 0.01397306397306397 0.01405723905723906 0.01414141414141414 0.01422558922558922 0.01430976430976431 0.01439393939393939 0.01447811447811448 0.01456228956228956 0.01464646464646465 0.01473063973063973 0.01481481481481481 0.0148989898989899 0.01498316498316498 0.01506734006734007 0.01515151515151515 0.01523569023569023 0.01531986531986532 0.0154040404040404 0.01548821548821549 0.01557239057239057 0.01565656565656566 0.01574074074074074 0.01582491582491583 0.01590909090909091 0.01599326599326599 0.01607744107744108 0.01616161616161616 0.01624579124579124 0.01632996632996633 0.01641414141414141 0.0164983164983165 0.01658249158249158 0.01666666666666667


# name: y
# type: matrix
# rows: 100
# columns: 1
 24049.28474668594
 24049.12767354601
 24048.70859112863
 24048.02867351699
 24047.09012300022
 24045.89614715722
 24044.45092842994
 24042.75958645532
 24040.82813349602
 24038.66342337783
 24036.27309440478
 24033.66550678047
 24030.84967511621
 24027.83519665179
 24024.6321758533
 24021.25114608365
 24017.7029890649
 24013.99885286776
 24010.1500691718
 24006.16807054019
 24002.06430844623
 23997.85017277406
 23993.53691349497
 23989.13556519239
 23984.65687507468
 23980.11123507483
 23975.50861859134
 23970.85852237492
 23966.16991401271
 23961.45118540465
 23956.71011256807
 23951.95382204527
 23947.18876412655
 23942.42069303841
 23937.65465418345
 23932.89497845619
 23928.14528359737
 23923.40848248947
 23918.68679823821
 23913.98178582904
 23909.29436009479
 23904.62482968068
 23899.97293664623
 23895.33790130062
 23890.71847182817
 23886.11297822575
 23881.51939004141
 23876.93537737668
 23872.35837459116
 23867.7856461289
 23863.2143538711
 23858.64162540884
 23854.06462262332
 23849.48060995859
 23844.88702177425
 23840.28152817183
 23835.66209869938
 23831.02706335377
 23826.37517031932
 23821.70563990521
 23817.01821417096
 23812.31320176179
 23807.59151751053
 23802.85471640263
 23798.10502154381
 23793.34534581655
 23788.57930696159
 23783.81123587345
 23779.04617795473
 23774.28988743193
 23769.54881459535
 23764.83008598729
 23760.14147762508
 23755.49138140866
 23750.88876492517
 23746.34312492533
 23741.86443480761
 23737.46308650503
 23733.14982722594
 23728.93569155377
 23724.83192945981
 23720.8499308282
 23717.00114713224
 23713.2970109351
 23709.74885391635
 23706.3678241467
 23703.16480334821
 23700.15032488379
 23697.33449321953
 23694.72690559522
 23692.33657662217
 23690.17186650398
 23688.24041354468
 23686.54907157006
 23685.10385284278
 23683.90987699978
 23682.97132648301
 23682.29140887137
 23681.87232645399
 23681.71525331406


# name: QUERY
# type: sq_string
# elements: 1
# length: 2
R5


# name: DATASIZE
# type: sq_string
# elements: 1
# length: 3
750


