# Created by Octave 3.8.2, Wed May 18 17:59:38 2016 CEST <Andrea@Andreas-MacBook-Pro.local>
# name: x
# type: matrix
# rows: 1
# columns: 100
 0.008333333333333333 0.008417508417508417 0.008501683501683501 0.008585858585858586 0.00867003367003367 0.008754208754208754 0.008838383838383838 0.008922558922558922 0.009006734006734006 0.00909090909090909 0.009175084175084175 0.009259259259259259 0.009343434343434343 0.009427609427609427 0.009511784511784511 0.009595959595959595 0.009680134680134679 0.009764309764309764 0.009848484848484848 0.009932659932659932 0.01001683501683502 0.0101010101010101 0.01018518518518519 0.01026936026936027 0.01035353535353535 0.01043771043771044 0.01052188552188552 0.0106060606060606 0.01069023569023569 0.01077441077441077 0.01085858585858586 0.01094276094276094 0.01102693602693603 0.01111111111111111 0.0111952861952862 0.01127946127946128 0.01136363636363636 0.01144781144781145 0.01153198653198653 0.01161616161616162 0.0117003367003367 0.01178451178451178 0.01186868686868687 0.01195286195286195 0.01203703703703704 0.01212121212121212 0.01220538720538721 0.01228956228956229 0.01237373737373737 0.01245791245791246 0.01254208754208754 0.01262626262626263 0.01271043771043771 0.01279461279461279 0.01287878787878788 0.01296296296296296 0.01304713804713805 0.01313131313131313 0.01321548821548822 0.0132996632996633 0.01338383838383838 0.01346801346801347 0.01355218855218855 0.01363636363636364 0.01372053872053872 0.0138047138047138 0.01388888888888889 0.01397306397306397 0.01405723905723906 0.01414141414141414 0.01422558922558922 0.01430976430976431 0.01439393939393939 0.01447811447811448 0.01456228956228956 0.01464646464646465 0.01473063973063973 0.01481481481481481 0.0148989898989899 0.01498316498316498 0.01506734006734007 0.01515151515151515 0.01523569023569023 0.01531986531986532 0.0154040404040404 0.01548821548821549 0.01557239057239057 0.01565656565656566 0.01574074074074074 0.01582491582491583 0.01590909090909091 0.01599326599326599 0.01607744107744108 0.01616161616161616 0.01624579124579124 0.01632996632996633 0.01641414141414141 0.0164983164983165 0.01658249158249158 0.01666666666666667


# name: y
# type: matrix
# rows: 1
# columns: 100
 24078.00320640788 24075.86461158722 24073.72601676656 24071.58742194589 24069.44882712523 24067.31023230456 24065.17163748389 24063.03304266323 24060.89444784257 24058.7558530219 24056.61725820123 24054.47866338057 24052.3400685599 24050.20147373924 24048.06287891858 24045.92428409791 24043.78568927724 24041.64709445658 24039.50849963591 24037.36990481525 24035.23130999458 24033.09271517392 24030.95412035325 24028.81552553259 24026.67693071192 24024.53833589126 24022.39974107059 24020.26114624993 24018.12255142926 24015.9839566086 24013.84536178793 24011.70676696727 24009.5681721466 24007.42957732594 24005.29098250527 24003.15238768461 24001.01379286394 23998.87519804328 23996.73660322261 23994.59800840195 23992.45941358128 23990.32081876062 23988.18222393995 23986.04362911929 23983.90503429862 23981.76643947796 23979.62784465729 23977.48924983663 23975.35065501596 23973.2120601953 23971.07346537463 23968.93487055397 23966.7962757333 23964.65768091264 23962.51908609197 23960.38049127131 23958.24189645064 23956.10330162998 23953.96470680931 23951.82611198865 23949.68751716798 23947.54892234732 23945.41032752665 23943.27173270599 23941.13313788532 23938.99454306465 23936.85594824399 23934.71735342333 23932.57875860266 23930.440163782 23928.30156896133 23926.16297414067 23924.02437932 23921.88578449934 23919.74718967867 23917.608594858 23915.47000003734 23913.33140521668 23911.19281039601 23909.05421557535 23906.91562075468 23904.77702593401 23902.63843111335 23900.49983629269 23898.36124147202 23896.22264665136 23894.08405183069 23891.94545701002 23889.80686218936 23887.6682673687 23885.52967254803 23883.39107772736 23881.2524829067 23879.11388808603 23876.97529326537 23874.83669844471 23872.69810362404 23870.55950880337 23868.42091398271 23866.28231916204


# name: QUERY
# type: sq_string
# elements: 1
# length: 2
R5


# name: DATASIZE
# type: sq_string
# elements: 1
# length: 3
750


