# Created by Octave 4.0.0, Mon May 23 13:38:41 2016 CEST <peter@Independence>
# name: x
# type: matrix
# rows: 1
# columns: 100
 0.008333333333333333 0.008417508417508417 0.008501683501683501 0.008585858585858586 0.00867003367003367 0.008754208754208754 0.008838383838383838 0.008922558922558922 0.009006734006734006 0.00909090909090909 0.009175084175084175 0.009259259259259259 0.009343434343434343 0.009427609427609427 0.009511784511784511 0.009595959595959595 0.009680134680134679 0.009764309764309764 0.009848484848484848 0.009932659932659932 0.01001683501683502 0.0101010101010101 0.01018518518518519 0.01026936026936027 0.01035353535353535 0.01043771043771044 0.01052188552188552 0.0106060606060606 0.01069023569023569 0.01077441077441077 0.01085858585858586 0.01094276094276094 0.01102693602693603 0.01111111111111111 0.0111952861952862 0.01127946127946128 0.01136363636363636 0.01144781144781145 0.01153198653198653 0.01161616161616162 0.0117003367003367 0.01178451178451178 0.01186868686868687 0.01195286195286195 0.01203703703703704 0.01212121212121212 0.01220538720538721 0.01228956228956229 0.01237373737373737 0.01245791245791246 0.01254208754208754 0.01262626262626263 0.01271043771043771 0.01279461279461279 0.01287878787878788 0.01296296296296296 0.01304713804713805 0.01313131313131313 0.01321548821548822 0.0132996632996633 0.01338383838383838 0.01346801346801347 0.01355218855218855 0.01363636363636364 0.01372053872053872 0.0138047138047138 0.01388888888888889 0.01397306397306397 0.01405723905723906 0.01414141414141414 0.01422558922558922 0.01430976430976431 0.01439393939393939 0.01447811447811448 0.01456228956228956 0.01464646464646465 0.01473063973063973 0.01481481481481481 0.0148989898989899 0.01498316498316498 0.01506734006734007 0.01515151515151515 0.01523569023569023 0.01531986531986532 0.0154040404040404 0.01548821548821549 0.01557239057239057 0.01565656565656566 0.01574074074074074 0.01582491582491583 0.01590909090909091 0.01599326599326599 0.01607744107744108 0.01616161616161616 0.01624579124579124 0.01632996632996633 0.01641414141414141 0.0164983164983165 0.01658249158249158 0.01666666666666667


# name: y
# type: matrix
# rows: 1
# columns: 100
 24072.08291666667 24070.0840435901 24068.08517051355 24066.08629743698 24064.08742436043 24062.08855128386 24060.08967820731 24058.09080513075 24056.09193205419 24054.09305897763 24052.09418590106 24050.09531282451 24048.09643974794 24046.09756667139 24044.09869359482 24042.09982051827 24040.1009474417 24038.10207436515 24036.10320128858 24034.10432821203 24032.10545513546 24030.10658205891 24028.10770898234 24026.10883590579 24024.10996282922 24022.11108975267 24020.11221667611 24018.11334359955 24016.11447052299 24014.11559744643 24012.11672436987 24010.1178512933 24008.11897821675 24006.12010514018 24004.12123206363 24002.12235898706 24000.12348591051 23998.12461283394 23996.12573975739 23994.12686668082 23992.12799360427 23990.1291205277 23988.13024745115 23986.13137437458 23984.13250129803 23982.13362822147 23980.13475514491 23978.13588206835 23976.13700899179 23974.13813591523 23972.13926283866 23970.14038976211 23968.14151668554 23966.14264360899 23964.14377053242 23962.14489745587 23960.1460243793 23958.14715130275 23956.14827822618 23954.14940514963 23952.15053207306 23950.15165899651 23948.15278591995 23946.15391284339 23944.15503976683 23942.15616669027 23940.15729361371 23938.15842053715 23936.15954746059 23934.16067438403 23932.16180130747 23930.1629282309 23928.16405515435 23926.16518207778 23924.16630900123 23922.16743592466 23920.16856284811 23918.16968977154 23916.17081669499 23914.17194361842 23912.17307054187 23910.17419746531 23908.17532438875 23906.17645131219 23904.17757823563 23902.17870515907 23900.17983208251 23898.18095900595 23896.18208592939 23894.18321285283 23892.18433977626 23890.18546669971 23888.18659362314 23886.18772054659 23884.18884747002 23882.18997439347 23880.1911013169 23878.19222824035 23876.19335516378 23874.19448208723


# name: QUERY
# type: sq_string
# elements: 1
# length: 2
R5


# name: DATASIZE
# type: sq_string
# elements: 1
# length: 3
750


