# Created by Octave 3.8.2, Wed May 18 17:59:38 2016 CEST <Andrea@Andreas-MacBook-Pro.local>
# name: x
# type: matrix
# rows: 1
# columns: 100
 0.008333333333333333 0.008417508417508417 0.008501683501683501 0.008585858585858586 0.00867003367003367 0.008754208754208754 0.008838383838383838 0.008922558922558922 0.009006734006734006 0.00909090909090909 0.009175084175084175 0.009259259259259259 0.009343434343434343 0.009427609427609427 0.009511784511784511 0.009595959595959595 0.009680134680134679 0.009764309764309764 0.009848484848484848 0.009932659932659932 0.01001683501683502 0.0101010101010101 0.01018518518518519 0.01026936026936027 0.01035353535353535 0.01043771043771044 0.01052188552188552 0.0106060606060606 0.01069023569023569 0.01077441077441077 0.01085858585858586 0.01094276094276094 0.01102693602693603 0.01111111111111111 0.0111952861952862 0.01127946127946128 0.01136363636363636 0.01144781144781145 0.01153198653198653 0.01161616161616162 0.0117003367003367 0.01178451178451178 0.01186868686868687 0.01195286195286195 0.01203703703703704 0.01212121212121212 0.01220538720538721 0.01228956228956229 0.01237373737373737 0.01245791245791246 0.01254208754208754 0.01262626262626263 0.01271043771043771 0.01279461279461279 0.01287878787878788 0.01296296296296296 0.01304713804713805 0.01313131313131313 0.01321548821548822 0.0132996632996633 0.01338383838383838 0.01346801346801347 0.01355218855218855 0.01363636363636364 0.01372053872053872 0.0138047138047138 0.01388888888888889 0.01397306397306397 0.01405723905723906 0.01414141414141414 0.01422558922558922 0.01430976430976431 0.01439393939393939 0.01447811447811448 0.01456228956228956 0.01464646464646465 0.01473063973063973 0.01481481481481481 0.0148989898989899 0.01498316498316498 0.01506734006734007 0.01515151515151515 0.01523569023569023 0.01531986531986532 0.0154040404040404 0.01548821548821549 0.01557239057239057 0.01565656565656566 0.01574074074074074 0.01582491582491583 0.01590909090909091 0.01599326599326599 0.01607744107744108 0.01616161616161616 0.01624579124579124 0.01632996632996633 0.01641414141414141 0.0164983164983165 0.01658249158249158 0.01666666666666667


# name: y
# type: matrix
# rows: 100
# columns: 1
 24049.28474706316
 24045.57192389292
 24041.85910072269
 24038.14627755245
 24034.43345438222
 24030.72063121197
 24027.00780804174
 24023.2949848715
 24019.58216170126
 24015.86933853103
 24012.15651536079
 24008.44369219055
 24004.73086902031
 24001.01804585008
 23997.30522267984
 23993.59239950961
 23989.87957633937
 23986.16675316913
 23982.45392999889
 23978.74110682866
 23975.02828365842
 23971.31546048818
 23967.60263731794
 23963.88981414771
 23960.17699097747
 23956.46416780723
 23952.751344637
 23949.03852146676
 23945.32569829652
 23941.61287512629
 23937.90005195605
 23934.18722878581
 23930.47440561558
 23926.76158244534
 23923.0487592751
 23919.33593610486
 23915.62311293463
 23911.91028976439
 23908.19746659415
 23904.48464342392
 23900.77182025368
 23897.05899708344
 23893.3461739132
 23889.63335074297
 23885.92052757273
 23882.20770440249
 23878.49488123225
 23874.78205806202
 23871.06923489178
 23867.35641172155
 23863.64358855131
 23859.93076538107
 23856.21794221083
 23852.5051190406
 23848.79229587036
 23845.07947270012
 23841.36664952989
 23837.65382635965
 23833.94100318941
 23830.22818001917
 23826.51535684894
 23822.8025336787
 23819.08971050846
 23815.37688733823
 23811.66406416799
 23807.95124099775
 23804.23841782751
 23800.52559465728
 23796.81277148704
 23793.09994831681
 23789.38712514657
 23785.67430197633
 23781.96147880609
 23778.24865563586
 23774.53583246562
 23770.82300929538
 23767.11018612514
 23763.39736295491
 23759.68453978467
 23755.97171661443
 23752.2588934442
 23748.54607027396
 23744.83324710372
 23741.12042393348
 23737.40760076325
 23733.69477759301
 23729.98195442278
 23726.26913125254
 23722.5563080823
 23718.84348491206
 23715.13066174183
 23711.41783857159
 23707.70501540135
 23703.99219223112
 23700.27936906088
 23696.56654589064
 23692.8537227204
 23689.14089955017
 23685.42807637993
 23681.71525320969


# name: QUERY
# type: sq_string
# elements: 1
# length: 2
R5


# name: DATASIZE
# type: sq_string
# elements: 1
# length: 3
750


