# Created by Octave 3.8.2, Wed May 18 17:59:38 2016 CEST <Andrea@Andreas-MacBook-Pro.local>
# name: SVs
# type: cell
# rows: 1
# columns: 7
# name: <cell-element>
# type: sparse matrix
# nnz: 16
# rows: 16
# columns: 1
1 1 -1.123920219680094
2 1 0.1890706911611398
3 1 1.502061602002373
4 1 0.1890706911611398
5 1 -1.123920219680094
6 1 0.1890706911611398
7 1 -1.123920219680094
8 1 1.502061602002373
9 1 -1.123920219680094
10 1 0.1890706911611398
11 1 1.502061602002373
12 1 -0.5987238553436007
13 1 1.502061602002373
14 1 -1.123920219680094
15 1 1.502061602002373
16 1 -0.5987238553436007



# name: <cell-element>
# type: sparse matrix
# nnz: 16
# rows: 16
# columns: 1
1 1 -1.123920219680094
2 1 0.1890706911611398
3 1 1.502061602002373
4 1 0.1890706911611398
5 1 -1.123920219680094
6 1 0.1890706911611398
7 1 -1.123920219680094
8 1 1.502061602002373
9 1 -1.123920219680094
10 1 0.1890706911611398
11 1 1.502061602002373
12 1 -0.5987238553436007
13 1 1.502061602002373
14 1 -1.123920219680094
15 1 1.502061602002373
16 1 -0.5987238553436007



# name: <cell-element>
# type: sparse matrix
# nnz: 16
# rows: 16
# columns: 1
1 1 -1.123920219680094
2 1 0.1890706911611398
3 1 1.502061602002373
4 1 0.1890706911611398
5 1 -1.123920219680094
6 1 0.1890706911611398
7 1 -1.123920219680094
8 1 1.502061602002373
9 1 -1.123920219680094
10 1 0.1890706911611398
11 1 1.502061602002373
12 1 -0.5987238553436007
13 1 1.502061602002373
14 1 -1.123920219680094
15 1 1.502061602002373
16 1 -0.5987238553436007



# name: <cell-element>
# type: sparse matrix
# nnz: 16
# rows: 16
# columns: 1
1 1 -1.123920219680094
2 1 0.1890706911611398
3 1 1.502061602002373
4 1 0.1890706911611398
5 1 -1.123920219680094
6 1 0.1890706911611398
7 1 -1.123920219680094
8 1 1.502061602002373
9 1 -1.123920219680094
10 1 0.1890706911611398
11 1 1.502061602002373
12 1 -0.5987238553436007
13 1 1.502061602002373
14 1 -1.123920219680094
15 1 1.502061602002373
16 1 -0.5987238553436007



# name: <cell-element>
# type: sparse matrix
# nnz: 16
# rows: 16
# columns: 1
1 1 -1.123920219680094
2 1 0.1890706911611398
3 1 1.502061602002373
4 1 0.1890706911611398
5 1 -1.123920219680094
6 1 0.1890706911611398
7 1 -1.123920219680094
8 1 1.502061602002373
9 1 -1.123920219680094
10 1 0.1890706911611398
11 1 1.502061602002373
12 1 -0.5987238553436007
13 1 1.502061602002373
14 1 -1.123920219680094
15 1 1.502061602002373
16 1 -0.5987238553436007



# name: <cell-element>
# type: sparse matrix
# nnz: 16
# rows: 16
# columns: 1
1 1 -1.123920219680094
2 1 0.1890706911611398
3 1 1.502061602002373
4 1 0.1890706911611398
5 1 -1.123920219680094
6 1 0.1890706911611398
7 1 -1.123920219680094
8 1 1.502061602002373
9 1 -1.123920219680094
10 1 0.1890706911611398
11 1 1.502061602002373
12 1 -0.5987238553436007
13 1 1.502061602002373
14 1 -1.123920219680094
15 1 1.502061602002373
16 1 -0.5987238553436007



# name: <cell-element>
# type: scalar
0





# name: coefficients
# type: cell
# rows: 1
# columns: 7
# name: <cell-element>
# type: matrix
# rows: 16
# columns: 1
 2.4211
 -2.4211
 -0.04107754062649088
 2.4211
 -2.4211
 2.4211
 0.04107754062649034
 -2.4211
 2.4211
 -2.4211
 2.4211
 -2.4211
 -2.4211
 -2.4211
 2.4211
 2.4211



# name: <cell-element>
# type: matrix
# rows: 16
# columns: 1
 0.1
 -0.1
 -0.09975882151079384
 0.09975882151079384
 -0.1
 0.1
 0.1
 -0.1
 0.1
 -0.1
 0.1
 -0.1
 -0.1
 -0.1
 0.1
 0.1



# name: <cell-element>
# type: matrix
# rows: 16
# columns: 1
 3.9684
 -3.9684
 -0.01225006544590239
 3.9684
 -3.9684
 3.9684
 0.01225006544590164
 -3.9684
 3.9684
 -3.9684
 3.9684
 -3.9684
 -3.9684
 -3.9684
 3.9684
 3.9684



# name: <cell-element>
# type: matrix
# rows: 16
# columns: 1
 0.1
 -0.1
 -0.03979685200934903
 0.03979685200934903
 -0.1
 0.1
 0.1
 -0.1
 0.1
 -0.1
 0.1
 -0.1
 -0.1
 -0.1
 0.1
 0.1



# name: <cell-element>
# type: matrix
# rows: 16
# columns: 1
 5
 -5
 -0.8791650393842475
 0.8791650393842499
 -5
 5
 5
 -5
 5
 -5
 5
 -5
 -5
 -5
 5
 5



# name: <cell-element>
# type: matrix
# rows: 16
# columns: 1
 1.3895
 -1.3895
 -0.1417743344579816
 1.3895
 -1.3895
 1.3895
 0.1417743344579815
 -1.3895
 1.3895
 -1.3895
 1.3895
 -1.3895
 -1.3895
 -1.3895
 1.3895
 1.3895



# name: <cell-element>
# type: scalar
0





# name: b
# type: cell
# rows: 1
# columns: 7
# name: <cell-element>
# type: scalar
-0.0735352181800317



# name: <cell-element>
# type: scalar
-0.01273127773695662



# name: <cell-element>
# type: scalar
-0.03593065209220271



# name: <cell-element>
# type: scalar
-0.01620678027059915



# name: <cell-element>
# type: scalar
-0.0162609969612575



# name: <cell-element>
# type: scalar
-0.09393006102949585



# name: <cell-element>
# type: scalar
0





# name: models
# type: cell
# rows: 1
# columns: 7
# name: <cell-element>
# type: scalar struct
# ndims: 2
 1 1
# length: 11
# name: Parameters
# type: matrix
# rows: 5
# columns: 1
 3
 0
 3
 1
 0


# name: nr_class
# type: scalar
2


# name: totalSV
# type: scalar
16


# name: rho
# type: scalar
0.0735352181800317


# name: Label
# type: matrix
# rows: 0
# columns: 0


# name: sv_indices
# type: matrix
# rows: 16
# columns: 1
 1
 3
 4
 10
 14
 17
 20
 21
 22
 24
 25
 28
 32
 34
 35
 36


# name: ProbA
# type: matrix
# rows: 0
# columns: 0


# name: ProbB
# type: matrix
# rows: 0
# columns: 0


# name: nSV
# type: matrix
# rows: 0
# columns: 0


# name: sv_coef
# type: matrix
# rows: 16
# columns: 1
 2.4211
 -2.4211
 -0.04107754062649088
 2.4211
 -2.4211
 2.4211
 0.04107754062649034
 -2.4211
 2.4211
 -2.4211
 2.4211
 -2.4211
 -2.4211
 -2.4211
 2.4211
 2.4211


# name: SVs
# type: sparse matrix
# nnz: 16
# rows: 16
# columns: 1
1 1 -1.123920219680094
2 1 0.1890706911611398
3 1 1.502061602002373
4 1 0.1890706911611398
5 1 -1.123920219680094
6 1 0.1890706911611398
7 1 -1.123920219680094
8 1 1.502061602002373
9 1 -1.123920219680094
10 1 0.1890706911611398
11 1 1.502061602002373
12 1 -0.5987238553436007
13 1 1.502061602002373
14 1 -1.123920219680094
15 1 1.502061602002373
16 1 -0.5987238553436007





# name: <cell-element>
# type: scalar struct
# ndims: 2
 1 1
# length: 11
# name: Parameters
# type: matrix
# rows: 5
# columns: 1
 3
 1
 2
 1
 0


# name: nr_class
# type: scalar
2


# name: totalSV
# type: scalar
16


# name: rho
# type: scalar
0.01273127773695662


# name: Label
# type: matrix
# rows: 0
# columns: 0


# name: sv_indices
# type: matrix
# rows: 16
# columns: 1
 1
 3
 4
 10
 14
 17
 20
 21
 22
 24
 25
 28
 32
 34
 35
 36


# name: ProbA
# type: matrix
# rows: 0
# columns: 0


# name: ProbB
# type: matrix
# rows: 0
# columns: 0


# name: nSV
# type: matrix
# rows: 0
# columns: 0


# name: sv_coef
# type: matrix
# rows: 16
# columns: 1
 0.1
 -0.1
 -0.09975882151079384
 0.09975882151079384
 -0.1
 0.1
 0.1
 -0.1
 0.1
 -0.1
 0.1
 -0.1
 -0.1
 -0.1
 0.1
 0.1


# name: SVs
# type: sparse matrix
# nnz: 16
# rows: 16
# columns: 1
1 1 -1.123920219680094
2 1 0.1890706911611398
3 1 1.502061602002373
4 1 0.1890706911611398
5 1 -1.123920219680094
6 1 0.1890706911611398
7 1 -1.123920219680094
8 1 1.502061602002373
9 1 -1.123920219680094
10 1 0.1890706911611398
11 1 1.502061602002373
12 1 -0.5987238553436007
13 1 1.502061602002373
14 1 -1.123920219680094
15 1 1.502061602002373
16 1 -0.5987238553436007





# name: <cell-element>
# type: scalar struct
# ndims: 2
 1 1
# length: 11
# name: Parameters
# type: matrix
# rows: 5
# columns: 1
 3
 1
 3
 1
 0


# name: nr_class
# type: scalar
2


# name: totalSV
# type: scalar
16


# name: rho
# type: scalar
0.03593065209220271


# name: Label
# type: matrix
# rows: 0
# columns: 0


# name: sv_indices
# type: matrix
# rows: 16
# columns: 1
 1
 3
 4
 10
 14
 17
 20
 21
 22
 24
 25
 28
 32
 34
 35
 36


# name: ProbA
# type: matrix
# rows: 0
# columns: 0


# name: ProbB
# type: matrix
# rows: 0
# columns: 0


# name: nSV
# type: matrix
# rows: 0
# columns: 0


