# Created by Octave 3.8.2, Wed May 18 17:59:28 2016 CEST <Andrea@Andreas-MacBook-Pro.local>
# name: mu
# type: matrix
# rows: 1
# columns: 2
 23987.38666666667 0.01189999999999999


# name: sigma
# type: matrix
# rows: 1
# columns: 2
 1297.632145989882 0.003173416230274649


