# Created by Octave 4.0.0, Mon May 23 13:38:34 2016 CEST <peter@Independence>
# name: mu
# type: matrix
# rows: 1
# columns: 2
 23987.38666666667 0.01189999999999999


# name: sigma
# type: matrix
# rows: 1
# columns: 2
 1297.632145989882 0.003173416230274649


