# Created by Octave 3.8.2, Wed May 18 17:59:38 2016 CEST <Andrea@Andreas-MacBook-Pro.local>
# name: x
# type: matrix
# rows: 1
# columns: 100
 0.008333333333333333 0.008417508417508417 0.008501683501683501 0.008585858585858586 0.00867003367003367 0.008754208754208754 0.008838383838383838 0.008922558922558922 0.009006734006734006 0.00909090909090909 0.009175084175084175 0.009259259259259259 0.009343434343434343 0.009427609427609427 0.009511784511784511 0.009595959595959595 0.009680134680134679 0.009764309764309764 0.009848484848484848 0.009932659932659932 0.01001683501683502 0.0101010101010101 0.01018518518518519 0.01026936026936027 0.01035353535353535 0.01043771043771044 0.01052188552188552 0.0106060606060606 0.01069023569023569 0.01077441077441077 0.01085858585858586 0.01094276094276094 0.01102693602693603 0.01111111111111111 0.0111952861952862 0.01127946127946128 0.01136363636363636 0.01144781144781145 0.01153198653198653 0.01161616161616162 0.0117003367003367 0.01178451178451178 0.01186868686868687 0.01195286195286195 0.01203703703703704 0.01212121212121212 0.01220538720538721 0.01228956228956229 0.01237373737373737 0.01245791245791246 0.01254208754208754 0.01262626262626263 0.01271043771043771 0.01279461279461279 0.01287878787878788 0.01296296296296296 0.01304713804713805 0.01313131313131313 0.01321548821548822 0.0132996632996633 0.01338383838383838 0.01346801346801347 0.01355218855218855 0.01363636363636364 0.01372053872053872 0.0138047138047138 0.01388888888888889 0.01397306397306397 0.01405723905723906 0.01414141414141414 0.01422558922558922 0.01430976430976431 0.01439393939393939 0.01447811447811448 0.01456228956228956 0.01464646464646465 0.01473063973063973 0.01481481481481481 0.0148989898989899 0.01498316498316498 0.01506734006734007 0.01515151515151515 0.01523569023569023 0.01531986531986532 0.0154040404040404 0.01548821548821549 0.01557239057239057 0.01565656565656566 0.01574074074074074 0.01582491582491583 0.01590909090909091 0.01599326599326599 0.01607744107744108 0.01616161616161616 0.01624579124579124 0.01632996632996633 0.01641414141414141 0.0164983164983165 0.01658249158249158 0.01666666666666667


# name: y
# type: matrix
# rows: 100
# columns: 1
 23877.13086876165
 23885.26039951259
 23892.82132743849
 23899.8408050242
 23906.34532042485
 23912.36069746583
 23917.9120956428
 23923.02401012168
 23927.72027173868
 23932.02404700025
 23935.95783808311
 23939.54348283426
 23942.80215477096
 23945.75436308074
 23948.41995262139
 23950.81810392096
 23952.96733317779
 23954.88549226047
 23956.58976870786
 23958.09668572908
 23959.42210220354
 23960.58121268088
 23961.58854738104
 23962.45797219421
 23963.20268868084
 23963.83523407168
 23964.3674812677
 23964.81063884018
 23965.17525103063
 23965.47119775085
 23965.70769458291
 23965.89329277912
 23966.03587926209
 23966.14267662467
 23966.22024312999
 23966.27447271144
 23966.31059497269
 23966.33317518766
 23966.34611430054
 23966.35264892581
 23966.35535134817
 23966.35612952264
 23966.35622707446
 23966.35622329916
 23966.35603316256
 23966.35490730068
 23966.35143201988
 23966.34352929674
 23966.32845677813
 23966.30280778116
 23966.26251129324
 23966.20283197203
 23966.11837014545
 23966.0030618117
 23965.85017863924
 23965.6523279668
 23965.40145280337
 23965.08883182821
 23964.70507939086
 23964.2401455111
 23963.68331587899
 23963.02321185487
 23962.24779046934
 23961.34434442324
 23960.29950208771
 23959.09922750415
 23957.72882038421
 23956.17291610982
 23954.41548573319
 23952.43983597676
 23950.22860923327
 23947.76378356572
 23945.02667270736
 23941.99792606172
 23938.6575287026
 23934.98480137406
 23930.95840049043
 23926.5563181363
 23921.75588206654
 23916.53375570627
 23910.86593815089
 23904.72776416606
 23898.09390418771
 23890.93836432204
 23883.2344863455
 23874.95494770483
 23866.07176151702
 23856.55627656933
 23846.37917731929
 23835.5104838947
 23823.91955209363
 23811.57507338439
 23798.44507490558
 23784.49691946607
 23769.69730554498
 23754.01226729171
 23737.40717452593
 23719.84673273756
 23701.2949830868
 23681.71530240411


# name: QUERY
# type: sq_string
# elements: 1
# length: 2
R5


# name: DATASIZE
# type: sq_string
# elements: 1
# length: 3
750


