# Created by Octave 3.8.2, Wed May 18 17:59:38 2016 CEST <Andrea@Andreas-MacBook-Pro.local>
# name: x
# type: matrix
# rows: 1
# columns: 100
 0.008333333333333333 0.008417508417508417 0.008501683501683501 0.008585858585858586 0.00867003367003367 0.008754208754208754 0.008838383838383838 0.008922558922558922 0.009006734006734006 0.00909090909090909 0.009175084175084175 0.009259259259259259 0.009343434343434343 0.009427609427609427 0.009511784511784511 0.009595959595959595 0.009680134680134679 0.009764309764309764 0.009848484848484848 0.009932659932659932 0.01001683501683502 0.0101010101010101 0.01018518518518519 0.01026936026936027 0.01035353535353535 0.01043771043771044 0.01052188552188552 0.0106060606060606 0.01069023569023569 0.01077441077441077 0.01085858585858586 0.01094276094276094 0.01102693602693603 0.01111111111111111 0.0111952861952862 0.01127946127946128 0.01136363636363636 0.01144781144781145 0.01153198653198653 0.01161616161616162 0.0117003367003367 0.01178451178451178 0.01186868686868687 0.01195286195286195 0.01203703703703704 0.01212121212121212 0.01220538720538721 0.01228956228956229 0.01237373737373737 0.01245791245791246 0.01254208754208754 0.01262626262626263 0.01271043771043771 0.01279461279461279 0.01287878787878788 0.01296296296296296 0.01304713804713805 0.01313131313131313 0.01321548821548822 0.0132996632996633 0.01338383838383838 0.01346801346801347 0.01355218855218855 0.01363636363636364 0.01372053872053872 0.0138047138047138 0.01388888888888889 0.01397306397306397 0.01405723905723906 0.01414141414141414 0.01422558922558922 0.01430976430976431 0.01439393939393939 0.01447811447811448 0.01456228956228956 0.01464646464646465 0.01473063973063973 0.01481481481481481 0.0148989898989899 0.01498316498316498 0.01506734006734007 0.01515151515151515 0.01523569023569023 0.01531986531986532 0.0154040404040404 0.01548821548821549 0.01557239057239057 0.01565656565656566 0.01574074074074074 0.01582491582491583 0.01590909090909091 0.01599326599326599 0.01607744107744108 0.01616161616161616 0.01624579124579124 0.01632996632996633 0.01641414141414141 0.0164983164983165 0.01658249158249158 0.01666666666666667


# name: y
# type: matrix
# rows: 100
# columns: 1
 24049.28474497021
 24041.78107720769
 24034.63152259637
 24027.82752188965
 24021.36051584087
 24015.22194520344
 24009.40325073072
 24003.89587317612
 23998.69125329298
 23993.78083183471
 23989.15604955467
 23984.80834720625
 23980.72916554282
 23976.90994531776
 23973.34212728446
 23970.01715219629
 23966.92646080663
 23964.06149386886
 23961.41369213635
 23958.97449636249
 23956.73534730067
 23954.68768570424
 23952.8229523266
 23951.13258792113
 23949.60803324119
 23948.24072904018
 23947.02211607146
 23945.94363508843
 23944.99672684445
 23944.17283209291
 23943.46339158719
 23942.85984608066
 23942.35363632671
 23941.93620307871
 23941.59898709004
 23941.33342911409
 23941.13096990422
 23940.98305021382
 23940.88111079628
 23940.81659240495
 23940.78093579323
 23940.76558171451
 23940.76197092214
 23940.76154416951
 23940.75574221001
 23940.73600579701
 23940.69377568389
 23940.62049262402
 23940.5075973708
 23940.34653067759
 23940.12873329778
 23939.84564598475
 23939.48870949186
 23939.04936457251
 23938.51905198008
 23937.88921246793
 23937.15128678945
 23936.29671569802
 23935.31693994702
 23934.20340028983
 23932.94753747982
 23931.54079227038
 23929.97460541488
 23928.2404176667
 23926.32966977923
 23924.23380250583
 23921.9442565999
 23919.4524728148
 23916.74989190392
 23913.82795462064
 23910.67810171834
 23907.29177395039
 23903.66041207017
 23899.77545683107
 23895.62834898645
 23891.21052928971
 23886.51343849422
 23881.52851735336
 23876.2472066205
 23870.66094704902
 23864.76117939232
 23858.53934440377
 23851.98688283673
 23845.09523544459
 23837.85584298074
 23830.26014619855
 23822.2995858514
 23813.96560269266
 23805.24963747571
 23796.14313095397
 23786.63752388076
 23776.72425700949
 23766.39477109353
 23755.64050688627
 23744.45290514107
 23732.82340661135
 23720.74345205041
 23708.20448221171
 23695.1979378486
 23681.71525971445


# name: QUERY
# type: sq_string
# elements: 1
# length: 2
R5


# name: DATASIZE
# type: sq_string
# elements: 1
# length: 3
750


