# Created by Octave 3.8.2, Wed May 18 17:59:38 2016 CEST <Andrea@Andreas-MacBook-Pro.local>
# name: x
# type: matrix
# rows: 1
# columns: 100
 0.008333333333333333 0.008417508417508417 0.008501683501683501 0.008585858585858586 0.00867003367003367 0.008754208754208754 0.008838383838383838 0.008922558922558922 0.009006734006734006 0.00909090909090909 0.009175084175084175 0.009259259259259259 0.009343434343434343 0.009427609427609427 0.009511784511784511 0.009595959595959595 0.009680134680134679 0.009764309764309764 0.009848484848484848 0.009932659932659932 0.01001683501683502 0.0101010101010101 0.01018518518518519 0.01026936026936027 0.01035353535353535 0.01043771043771044 0.01052188552188552 0.0106060606060606 0.01069023569023569 0.01077441077441077 0.01085858585858586 0.01094276094276094 0.01102693602693603 0.01111111111111111 0.0111952861952862 0.01127946127946128 0.01136363636363636 0.01144781144781145 0.01153198653198653 0.01161616161616162 0.0117003367003367 0.01178451178451178 0.01186868686868687 0.01195286195286195 0.01203703703703704 0.01212121212121212 0.01220538720538721 0.01228956228956229 0.01237373737373737 0.01245791245791246 0.01254208754208754 0.01262626262626263 0.01271043771043771 0.01279461279461279 0.01287878787878788 0.01296296296296296 0.01304713804713805 0.01313131313131313 0.01321548821548822 0.0132996632996633 0.01338383838383838 0.01346801346801347 0.01355218855218855 0.01363636363636364 0.01372053872053872 0.0138047138047138 0.01388888888888889 0.01397306397306397 0.01405723905723906 0.01414141414141414 0.01422558922558922 0.01430976430976431 0.01439393939393939 0.01447811447811448 0.01456228956228956 0.01464646464646465 0.01473063973063973 0.01481481481481481 0.0148989898989899 0.01498316498316498 0.01506734006734007 0.01515151515151515 0.01523569023569023 0.01531986531986532 0.0154040404040404 0.01548821548821549 0.01557239057239057 0.01565656565656566 0.01574074074074074 0.01582491582491583 0.01590909090909091 0.01599326599326599 0.01607744107744108 0.01616161616161616 0.01624579124579124 0.01632996632996633 0.01641414141414141 0.0164983164983165 0.01658249158249158 0.01666666666666667


# name: y
# type: matrix
# rows: 100
# columns: 1
 23916.34246548965
 23923.01023467717
 23928.91906746353
 23934.13970274062
 23938.73781467101
 23942.77426043291
 23946.3053217519
 23949.38294021858
 23952.0549463934
 23954.36528269734
 23956.3542200896
 23958.05856853141
 23959.51188123658
 23960.74465270838
 23961.78451056302
 23962.65640113952
 23963.38276889619
 23963.98372959349
 23964.47723726345
 23964.87924496558
 23965.20385932921
 23965.46348888238
 23965.66898616724
 23965.82978364186
 23965.95402336862
 23966.04868048901
 23966.11968048499
 23966.17201022681
 23966.20982280732
 23966.23653616277
 23966.25492548013
 23966.26720939086
 23966.27512995119
 23966.28002640892
 23966.28290275664
 23966.28448907153
 23966.28529664158
 23966.28566687832
 23966.2858140161
 23966.28586159775
 23966.28587274683
 23966.28587422633
 23966.28587428387
 23966.28587428336
 23966.28587412323
 23966.28587144102
 23966.28585460467
 23966.28578949002
 23966.28560004507
 23966.2851426406
 23966.28417420723
 23966.28231415913
 23966.27900010407
 23966.27343734004
 23966.26454213836
 23966.25087881325
 23966.2305905779
 23966.20132418706
 23966.1601483661
 23966.10346602653
 23966.02692026809
 23965.92529416725
 23965.79240435224
 23965.62098836459
 23965.40258580712
 23965.12741327846
 23964.784233094
 23964.36021579345
 23963.84079643472
 23963.20952467448
 23962.44790863505
 23961.53525255787
 23960.4484882435
 23959.16200027793
 23957.64744504562
 23955.87356352886
 23953.80598789371
 23951.40704186236
 23948.63553487202
 23945.44655002038
 23941.7912257974
 23937.61653160365
 23932.86503705533
 23927.47467507542
 23921.37849877163
 23914.50443210073
 23906.77501431934
 23898.10713822124
 23888.41178216116
 23877.59373586524
 23865.5513200276
 23852.1760996937
 23837.35259143007
 23820.9579642808
 23802.86173451006
 23782.92545413125
 23761.00239322311
 23736.93721603138
 23710.56565085855
 23681.71415373787


# name: QUERY
# type: sq_string
# elements: 1
# length: 2
R5


# name: DATASIZE
# type: sq_string
# elements: 1
# length: 3
750


