# Created by Octave 3.8.2, Wed May 18 17:59:38 2016 CEST <Andrea@Andreas-MacBook-Pro.local>
# name: x
# type: matrix
# rows: 1
# columns: 100
 0.008333333333333333 0.008417508417508417 0.008501683501683501 0.008585858585858586 0.00867003367003367 0.008754208754208754 0.008838383838383838 0.008922558922558922 0.009006734006734006 0.00909090909090909 0.009175084175084175 0.009259259259259259 0.009343434343434343 0.009427609427609427 0.009511784511784511 0.009595959595959595 0.009680134680134679 0.009764309764309764 0.009848484848484848 0.009932659932659932 0.01001683501683502 0.0101010101010101 0.01018518518518519 0.01026936026936027 0.01035353535353535 0.01043771043771044 0.01052188552188552 0.0106060606060606 0.01069023569023569 0.01077441077441077 0.01085858585858586 0.01094276094276094 0.01102693602693603 0.01111111111111111 0.0111952861952862 0.01127946127946128 0.01136363636363636 0.01144781144781145 0.01153198653198653 0.01161616161616162 0.0117003367003367 0.01178451178451178 0.01186868686868687 0.01195286195286195 0.01203703703703704 0.01212121212121212 0.01220538720538721 0.01228956228956229 0.01237373737373737 0.01245791245791246 0.01254208754208754 0.01262626262626263 0.01271043771043771 0.01279461279461279 0.01287878787878788 0.01296296296296296 0.01304713804713805 0.01313131313131313 0.01321548821548822 0.0132996632996633 0.01338383838383838 0.01346801346801347 0.01355218855218855 0.01363636363636364 0.01372053872053872 0.0138047138047138 0.01388888888888889 0.01397306397306397 0.01405723905723906 0.01414141414141414 0.01422558922558922 0.01430976430976431 0.01439393939393939 0.01447811447811448 0.01456228956228956 0.01464646464646465 0.01473063973063973 0.01481481481481481 0.0148989898989899 0.01498316498316498 0.01506734006734007 0.01515151515151515 0.01523569023569023 0.01531986531986532 0.0154040404040404 0.01548821548821549 0.01557239057239057 0.01565656565656566 0.01574074074074074 0.01582491582491583 0.01590909090909091 0.01599326599326599 0.01607744107744108 0.01616161616161616 0.01624579124579124 0.01632996632996633 0.01641414141414141 0.0164983164983165 0.01658249158249158 0.01666666666666667


# name: y
# type: matrix
# rows: 100
# columns: 1
 23808.97616357636
 23816.52735994414
 23823.89821631459
 23831.08873268773
 23838.09890906354
 23844.92874544204
 23851.57824182322
 23858.04739820707
 23864.33621459361
 23870.44469098283
 23876.37282737473
 23882.1206237693
 23887.68808016656
 23893.0751965665
 23898.28197296911
 23903.30840937441
 23908.15450578239
 23912.82026219305
 23917.30567860639
 23921.61075502241
 23925.73549144111
 23929.67988786249
 23933.44394428655
 23937.02766071329
 23940.43103714271
 23943.65407357481
 23946.69677000958
 23949.55912644705
 23952.24114288719
 23954.74281933001
 23957.06415577551
 23959.20515222369
 23961.16580867455
 23962.94612512809
 23964.54610158431
 23965.96573804321
 23967.2050345048
 23968.26399096906
 23969.142607436
 23969.84088390562
 23970.35882037793
 23970.69641685291
 23970.85367333057
 23970.83058981091
 23970.62716629394
 23970.24340277964
 23969.67929926802
 23968.93485575909
 23968.01007225283
 23966.90494874926
 23965.61948524836
 23964.15368175014
 23962.50753825461
 23960.68105476175
 23958.67423127158
 23956.48706778408
 23954.11956429927
 23951.57172081713
 23948.84353733768
 23945.9350138609
 23942.84615038681
 23939.5769469154
 23936.12740344667
 23932.49751998061
 23928.68729651724
 23924.69673305655
 23920.52582959853
 23916.1745861432
 23911.64300269055
 23906.93107924057
 23902.03881579328
 23896.96621234867
 23891.71326890674
 23886.27998546748
 23880.66636203092
 23874.87239859702
 23868.89809516581
 23862.74345173728
 23856.40846831143
 23849.89314488826
 23843.19748146777
 23836.32147804996
 23829.26513463483
 23822.02845122238
 23814.61142781261
 23807.01406440552
 23799.23636100111
 23791.27831759938
 23783.13993420033
 23774.82121080396
 23766.32214741027
 23757.64274401926
 23748.78300063093
 23739.74291724529
 23730.52249386232
 23721.12173048203
 23711.54062710442
 23701.7791837295
 23691.83740035725
 23681.71527698768


# name: QUERY
# type: sq_string
# elements: 1
# length: 2
R5


# name: DATASIZE
# type: sq_string
# elements: 1
# length: 3
750


