# Created by Octave 4.0.0, Mon May 23 13:36:39 2016 CEST <peter@Independence>
# name: x
# type: matrix
# rows: 1
# columns: 100
 0.008333333333333333 0.008417508417508417 0.008501683501683501 0.008585858585858586 0.00867003367003367 0.008754208754208754 0.008838383838383838 0.008922558922558922 0.009006734006734006 0.00909090909090909 0.009175084175084176 0.009259259259259259 0.009343434343434345 0.009427609427609427 0.009511784511784513 0.009595959595959595 0.009680134680134681 0.009764309764309764 0.009848484848484849 0.009932659932659932 0.01001683501683502 0.0101010101010101 0.01018518518518519 0.01026936026936027 0.01035353535353535 0.01043771043771044 0.01052188552188552 0.0106060606060606 0.01069023569023569 0.01077441077441077 0.01085858585858586 0.01094276094276094 0.01102693602693603 0.01111111111111111 0.0111952861952862 0.01127946127946128 0.01136363636363636 0.01144781144781145 0.01153198653198653 0.01161616161616162 0.0117003367003367 0.01178451178451178 0.01186868686868687 0.01195286195286195 0.01203703703703704 0.01212121212121212 0.01220538720538721 0.01228956228956229 0.01237373737373737 0.01245791245791246 0.01254208754208754 0.01262626262626263 0.01271043771043771 0.01279461279461279 0.01287878787878788 0.01296296296296296 0.01304713804713805 0.01313131313131313 0.01321548821548822 0.0132996632996633 0.01338383838383838 0.01346801346801347 0.01355218855218855 0.01363636363636364 0.01372053872053872 0.0138047138047138 0.01388888888888889 0.01397306397306397 0.01405723905723906 0.01414141414141414 0.01422558922558922 0.01430976430976431 0.01439393939393939 0.01447811447811448 0.01456228956228956 0.01464646464646465 0.01473063973063973 0.01481481481481481 0.0148989898989899 0.01498316498316498 0.01506734006734007 0.01515151515151515 0.01523569023569023 0.01531986531986532 0.0154040404040404 0.01548821548821549 0.01557239057239057 0.01565656565656566 0.01574074074074074 0.01582491582491583 0.01590909090909091 0.01599326599326599 0.01607744107744108 0.01616161616161616 0.01624579124579124 0.01632996632996633 0.01641414141414141 0.0164983164983165 0.01658249158249158 0.01666666666666667


# name: y
# type: matrix
# rows: 100
# columns: 1
 78699.64446164371
 78653.9632495246
 78607.02658795734
 78559.01334559383
 78510.1115743485
 78460.51731554723
 78410.43332360966
 78360.06771907615
 78309.63258372276
 78259.34251128248
 78209.41312790125
 78160.05959688885
 78111.49512257196
 78063.92946811521
 78017.56750204445
 77972.60778788313
 77929.2412308082
 77887.64979454546
 77848.00530087345
 77810.46832309595
 77775.18718369589
 77742.2970651113
 77711.91924119751
 77684.1604354794
 77659.11231077416
 77636.85109320024
 77617.43733200671
 77600.91579507916
 77587.31549842771
 77576.64986646021
 77568.9170184097
 77564.10017493986
 77562.16817771035
 77563.07611356459
 77566.7660340147
 77573.16775985675
 77582.19976006016
 77593.77009354404
 77607.77740208582
 77624.11194240137
 77642.65664539204
 77663.28819066616
 77685.87808470656
 77710.29373146014
 77736.39948466345
 77764.05767187361
 77793.12958093837
 77823.47640049196
 77854.96010699503
 77887.44429182785
 77920.79492297991
 77954.88103694205
 77989.57535748057
 78024.75483904214
 78060.30113358879
 78096.10098067885
 78132.04652158119
 78168.03553912256
 78203.97162581322
 78239.76428356356
 78275.32895898826
 78310.5870188877
 78345.46567099605
 78379.89783548757
 78413.82197303734
 78447.18187544035
 78479.9264249046
 78512.00932815275
 78543.38883139972
 78574.02742212127
 78603.89152330247
 78632.95118555819
 78661.1797821605
 78688.55371159762
 78715.05211183413
 78740.65658995246
 78765.35097033886
 78789.12106404305
 78811.95446139791
 78833.84034944174
 78854.76935514987
 78874.73341496121
 78893.72567058659
 78911.74039061398
 78928.77291698959
 78944.8196350543
 78959.87796545921
 78973.94637597371
 78987.02441093762
 78999.11273589644
 79010.21319479727
 79020.32887701219
 79029.46419139481
 79037.62494456331
 79044.8184206375
 79051.05345973575
 79056.34053265613
 79060.69180932245
 79064.1212187646
 79066.64449862103


# name: QUERY
# type: sq_string
# elements: 1
# length: 2
R2


# name: DATASIZE
# type: sq_string
# elements: 1
# length: 3
750


