# Created by Octave 4.0.0, Mon May 23 13:36:39 2016 CEST <peter@Independence>
# name: x
# type: matrix
# rows: 1
# columns: 100
 0.008333333333333333 0.008417508417508417 0.008501683501683501 0.008585858585858586 0.00867003367003367 0.008754208754208754 0.008838383838383838 0.008922558922558922 0.009006734006734006 0.00909090909090909 0.009175084175084176 0.009259259259259259 0.009343434343434345 0.009427609427609427 0.009511784511784513 0.009595959595959595 0.009680134680134681 0.009764309764309764 0.009848484848484849 0.009932659932659932 0.01001683501683502 0.0101010101010101 0.01018518518518519 0.01026936026936027 0.01035353535353535 0.01043771043771044 0.01052188552188552 0.0106060606060606 0.01069023569023569 0.01077441077441077 0.01085858585858586 0.01094276094276094 0.01102693602693603 0.01111111111111111 0.0111952861952862 0.01127946127946128 0.01136363636363636 0.01144781144781145 0.01153198653198653 0.01161616161616162 0.0117003367003367 0.01178451178451178 0.01186868686868687 0.01195286195286195 0.01203703703703704 0.01212121212121212 0.01220538720538721 0.01228956228956229 0.01237373737373737 0.01245791245791246 0.01254208754208754 0.01262626262626263 0.01271043771043771 0.01279461279461279 0.01287878787878788 0.01296296296296296 0.01304713804713805 0.01313131313131313 0.01321548821548822 0.0132996632996633 0.01338383838383838 0.01346801346801347 0.01355218855218855 0.01363636363636364 0.01372053872053872 0.0138047138047138 0.01388888888888889 0.01397306397306397 0.01405723905723906 0.01414141414141414 0.01422558922558922 0.01430976430976431 0.01439393939393939 0.01447811447811448 0.01456228956228956 0.01464646464646465 0.01473063973063973 0.01481481481481481 0.0148989898989899 0.01498316498316498 0.01506734006734007 0.01515151515151515 0.01523569023569023 0.01531986531986532 0.0154040404040404 0.01548821548821549 0.01557239057239057 0.01565656565656566 0.01574074074074074 0.01582491582491583 0.01590909090909091 0.01599326599326599 0.01607744107744108 0.01616161616161616 0.01624579124579124 0.01632996632996633 0.01641414141414141 0.0164983164983165 0.01658249158249158 0.01666666666666667


# name: y
# type: matrix
# rows: 100
# columns: 1
 77695.58931009119
 77704.850132145
 77714.1109541988
 77723.37177625261
 77732.6325983064
 77741.89342036021
 77751.15424241402
 77760.41506446782
 77769.67588652163
 77778.93670857543
 77788.19753062923
 77797.45835268304
 77806.71917473685
 77815.97999679064
 77825.24081884445
 77834.50164089826
 77843.76246295206
 77853.02328500587
 77862.28410705968
 77871.54492911347
 77880.80575116728
 77890.06657322108
 77899.32739527489
 77908.5882173287
 77917.84903938249
 77927.1098614363
 77936.37068349011
 77945.6315055439
 77954.89232759771
 77964.15314965152
 77973.41397170532
 77982.67479375913
 77991.93561581294
 78001.19643786673
 78010.45725992054
 78019.71808197434
 78028.97890402815
 78038.23972608196
 78047.50054813575
 78056.76137018956
 78066.02219224337
 78075.28301429717
 78084.54383635097
 78093.80465840478
 78103.06548045858
 78112.32630251239
 78121.5871245662
 78130.84794661999
 78140.1087686738
 78149.36959072761
 78158.63041278141
 78167.89123483522
 78177.15205688901
 78186.41287894282
 78195.67370099663
 78204.93452305043
 78214.19534510424
 78223.45616715804
 78232.71698921184
 78241.97781126565
 78251.23863331946
 78260.49945537325
 78269.76027742706
 78279.02109948087
 78288.28192153467
 78297.54274358848
 78306.80356564229
 78316.06438769608
 78325.32520974989
 78334.58603180369
 78343.8468538575
 78353.10767591131
 78362.3684979651
 78371.62932001891
 78380.89014207272
 78390.15096412651
 78399.41178618032
 78408.67260823413
 78417.93343028793
 78427.19425234174
 78436.45507439555
 78445.71589644934
 78454.97671850315
 78464.23754055696
 78473.49836261076
 78482.75918466457
 78492.02000671836
 78501.28082877217
 78510.54165082598
 78519.80247287978
 78529.06329493358
 78538.32411698739
 78547.58493904119
 78556.845761095
 78566.10658314881
 78575.3674052026
 78584.62822725641
 78593.88904931022
 78603.14987136402
 78612.41069341783


# name: QUERY
# type: sq_string
# elements: 1
# length: 2
R2


# name: DATASIZE
# type: sq_string
# elements: 1
# length: 3
750


