# Created by Octave 3.8.2, Wed May 18 17:58:46 2016 CEST <Andrea@Andreas-MacBook-Pro.local>
# name: x
# type: matrix
# rows: 1
# columns: 100
 0.008333333333333333 0.008417508417508417 0.008501683501683501 0.008585858585858586 0.00867003367003367 0.008754208754208754 0.008838383838383838 0.008922558922558922 0.009006734006734006 0.00909090909090909 0.009175084175084176 0.009259259259259259 0.009343434343434345 0.009427609427609427 0.009511784511784513 0.009595959595959595 0.009680134680134681 0.009764309764309764 0.009848484848484849 0.009932659932659932 0.01001683501683502 0.0101010101010101 0.01018518518518519 0.01026936026936027 0.01035353535353535 0.01043771043771044 0.01052188552188552 0.0106060606060606 0.01069023569023569 0.01077441077441077 0.01085858585858586 0.01094276094276094 0.01102693602693603 0.01111111111111111 0.0111952861952862 0.01127946127946128 0.01136363636363636 0.01144781144781145 0.01153198653198653 0.01161616161616162 0.0117003367003367 0.01178451178451178 0.01186868686868687 0.01195286195286195 0.01203703703703704 0.01212121212121212 0.01220538720538721 0.01228956228956229 0.01237373737373737 0.01245791245791246 0.01254208754208754 0.01262626262626263 0.01271043771043771 0.01279461279461279 0.01287878787878788 0.01296296296296296 0.01304713804713805 0.01313131313131313 0.01321548821548822 0.0132996632996633 0.01338383838383838 0.01346801346801347 0.01355218855218855 0.01363636363636364 0.01372053872053872 0.0138047138047138 0.01388888888888889 0.01397306397306397 0.01405723905723906 0.01414141414141414 0.01422558922558922 0.01430976430976431 0.01439393939393939 0.01447811447811448 0.01456228956228956 0.01464646464646465 0.01473063973063973 0.01481481481481481 0.0148989898989899 0.01498316498316498 0.01506734006734007 0.01515151515151515 0.01523569023569023 0.01531986531986532 0.0154040404040404 0.01548821548821549 0.01557239057239057 0.01565656565656566 0.01574074074074074 0.01582491582491583 0.01590909090909091 0.01599326599326599 0.01607744107744108 0.01616161616161616 0.01624579124579124 0.01632996632996633 0.01641414141414141 0.0164983164983165 0.01658249158249158 0.01666666666666667


# name: y
# type: matrix
# rows: 100
# columns: 1
 77253.41317532444
 77263.89802257316
 77274.38286982189
 77284.86771707062
 77295.35256431934
 77305.83741156806
 77316.32225881678
 77326.80710606551
 77337.29195331424
 77347.77680056296
 77358.26164781168
 77368.7464950604
 77379.23134230913
 77389.71618955786
 77400.20103680658
 77410.6858840553
 77421.17073130402
 77431.65557855275
 77442.14042580147
 77452.6252730502
 77463.11012029892
 77473.59496754764
 77484.07981479637
 77494.56466204509
 77505.04950929382
 77515.53435654254
 77526.01920379126
 77536.50405103998
 77546.98889828871
 77557.47374553744
 77567.95859278616
 77578.44344003488
 77588.9282872836
 77599.41313453233
 77609.89798178106
 77620.38282902978
 77630.8676762785
 77641.35252352722
 77651.83737077595
 77662.32221802468
 77672.8070652734
 77683.29191252212
 77693.77675977084
 77704.26160701957
 77714.74645426829
 77725.23130151702
 77735.71614876574
 77746.20099601446
 77756.68584326319
 77767.17069051191
 77777.65553776064
 77788.14038500936
 77798.62523225808
 77809.11007950681
 77819.59492675553
 77830.07977400426
 77840.56462125298
 77851.0494685017
 77861.53431575042
 77872.01916299915
 77882.50401024788
 77892.9888574966
 77903.47370474532
 77913.95855199404
 77924.44339924277
 77934.92824649149
 77945.41309374022
 77955.89794098894
 77966.38278823766
 77976.86763548639
 77987.35248273511
 77997.83732998384
 78008.32217723256
 78018.80702448128
 78029.29187173001
 78039.77671897873
 78050.26156622746
 78060.74641347618
 78071.2312607249
 78081.71610797363
 78092.20095522235
 78102.68580247108
 78113.1706497198
 78123.65549696852
 78134.14034421725
 78144.62519146597
 78155.1100387147
 78165.59488596342
 78176.07973321214
 78186.56458046086
 78197.04942770959
 78207.53427495831
 78218.01912220704
 78228.50396945576
 78238.98881670448
 78249.47366395321
 78259.95851120193
 78270.44335845066
 78280.92820569938
 78291.4130529481


# name: QUERY
# type: sq_string
# elements: 1
# length: 2
R2


# name: DATASIZE
# type: sq_string
# elements: 1
# length: 3
750


