# Created by Octave 4.0.0, Mon May 23 13:36:39 2016 CEST <peter@Independence>
# name: x
# type: matrix
# rows: 1
# columns: 100
 0.008333333333333333 0.008417508417508417 0.008501683501683501 0.008585858585858586 0.00867003367003367 0.008754208754208754 0.008838383838383838 0.008922558922558922 0.009006734006734006 0.00909090909090909 0.009175084175084176 0.009259259259259259 0.009343434343434345 0.009427609427609427 0.009511784511784513 0.009595959595959595 0.009680134680134681 0.009764309764309764 0.009848484848484849 0.009932659932659932 0.01001683501683502 0.0101010101010101 0.01018518518518519 0.01026936026936027 0.01035353535353535 0.01043771043771044 0.01052188552188552 0.0106060606060606 0.01069023569023569 0.01077441077441077 0.01085858585858586 0.01094276094276094 0.01102693602693603 0.01111111111111111 0.0111952861952862 0.01127946127946128 0.01136363636363636 0.01144781144781145 0.01153198653198653 0.01161616161616162 0.0117003367003367 0.01178451178451178 0.01186868686868687 0.01195286195286195 0.01203703703703704 0.01212121212121212 0.01220538720538721 0.01228956228956229 0.01237373737373737 0.01245791245791246 0.01254208754208754 0.01262626262626263 0.01271043771043771 0.01279461279461279 0.01287878787878788 0.01296296296296296 0.01304713804713805 0.01313131313131313 0.01321548821548822 0.0132996632996633 0.01338383838383838 0.01346801346801347 0.01355218855218855 0.01363636363636364 0.01372053872053872 0.0138047138047138 0.01388888888888889 0.01397306397306397 0.01405723905723906 0.01414141414141414 0.01422558922558922 0.01430976430976431 0.01439393939393939 0.01447811447811448 0.01456228956228956 0.01464646464646465 0.01473063973063973 0.01481481481481481 0.0148989898989899 0.01498316498316498 0.01506734006734007 0.01515151515151515 0.01523569023569023 0.01531986531986532 0.0154040404040404 0.01548821548821549 0.01557239057239057 0.01565656565656566 0.01574074074074074 0.01582491582491583 0.01590909090909091 0.01599326599326599 0.01607744107744108 0.01616161616161616 0.01624579124579124 0.01632996632996633 0.01641414141414141 0.0164983164983165 0.01658249158249158 0.01666666666666667


# name: y
# type: matrix
# rows: 1
# columns: 100
 77922.80698029755 77932.65299777023 77942.49901524291 77952.34503271559 77962.19105018825 77972.03706766093 77981.88308513361 77991.72910260629 78001.57512007897 78011.42113755165 78021.26715502431 78031.11317249699 78040.95918996967 78050.80520744235 78060.65122491503 78070.49724238769 78080.34325986037 78090.18927733305 78100.03529480573 78109.8813122784 78119.72732975108 78129.57334722375 78139.41936469643 78149.26538216911 78159.11139964178 78168.95741711446 78178.80343458713 78188.64945205981 78198.49546953249 78208.34148700516 78218.18750447784 78228.03352195051 78237.87953942319 78247.72555689586 78257.57157436854 78267.41759184122 78277.2636093139 78287.10962678657 78296.95564425924 78306.80166173192 78316.6476792046 78326.49369667728 78336.33971414994 78346.18573162262 78356.0317490953 78365.87776656798 78375.72378404066 78385.56980151334 78395.415818986 78405.26183645868 78415.10785393136 78424.95387140404 78434.79988887672 78444.64590634938 78454.49192382206 78464.33794129474 78474.18395876742 78484.0299762401 78493.87599371276 78503.72201118544 78513.56802865812 78523.4140461308 78533.26006360348 78543.10608107616 78552.95209854882 78562.7981160215 78572.64413349418 78582.49015096686 78592.33616843953 78602.1821859122 78612.02820338488 78621.87422085756 78631.72023833024 78641.56625580291 78651.41227327559 78661.25829074826 78671.10430822094 78680.95032569362 78690.79634316629 78700.64236063897 78710.48837811164 78720.33439558432 78730.18041305699 78740.02643052967 78749.87244800235 78759.71846547502 78769.5644829477 78779.41050042037 78789.25651789305 78799.10253536573 78808.94855283841 78818.79457031107 78828.64058778375 78838.48660525643 78848.33262272911 78858.17864020179 78868.02465767445 78877.87067514713 78887.71669261981 78897.56271009249


# name: QUERY
# type: sq_string
# elements: 1
# length: 2
R2


# name: DATASIZE
# type: sq_string
# elements: 1
# length: 3
750


