# Created by Octave 3.8.2, Wed May 18 17:58:46 2016 CEST <Andrea@Andreas-MacBook-Pro.local>
# name: x
# type: matrix
# rows: 1
# columns: 100
 0.008333333333333333 0.008417508417508417 0.008501683501683501 0.008585858585858586 0.00867003367003367 0.008754208754208754 0.008838383838383838 0.008922558922558922 0.009006734006734006 0.00909090909090909 0.009175084175084176 0.009259259259259259 0.009343434343434345 0.009427609427609427 0.009511784511784513 0.009595959595959595 0.009680134680134681 0.009764309764309764 0.009848484848484849 0.009932659932659932 0.01001683501683502 0.0101010101010101 0.01018518518518519 0.01026936026936027 0.01035353535353535 0.01043771043771044 0.01052188552188552 0.0106060606060606 0.01069023569023569 0.01077441077441077 0.01085858585858586 0.01094276094276094 0.01102693602693603 0.01111111111111111 0.0111952861952862 0.01127946127946128 0.01136363636363636 0.01144781144781145 0.01153198653198653 0.01161616161616162 0.0117003367003367 0.01178451178451178 0.01186868686868687 0.01195286195286195 0.01203703703703704 0.01212121212121212 0.01220538720538721 0.01228956228956229 0.01237373737373737 0.01245791245791246 0.01254208754208754 0.01262626262626263 0.01271043771043771 0.01279461279461279 0.01287878787878788 0.01296296296296296 0.01304713804713805 0.01313131313131313 0.01321548821548822 0.0132996632996633 0.01338383838383838 0.01346801346801347 0.01355218855218855 0.01363636363636364 0.01372053872053872 0.0138047138047138 0.01388888888888889 0.01397306397306397 0.01405723905723906 0.01414141414141414 0.01422558922558922 0.01430976430976431 0.01439393939393939 0.01447811447811448 0.01456228956228956 0.01464646464646465 0.01473063973063973 0.01481481481481481 0.0148989898989899 0.01498316498316498 0.01506734006734007 0.01515151515151515 0.01523569023569023 0.01531986531986532 0.0154040404040404 0.01548821548821549 0.01557239057239057 0.01565656565656566 0.01574074074074074 0.01582491582491583 0.01590909090909091 0.01599326599326599 0.01607744107744108 0.01616161616161616 0.01624579124579124 0.01632996632996633 0.01641414141414141 0.0164983164983165 0.01658249158249158 0.01666666666666667


# name: y
# type: matrix
# rows: 1
# columns: 100
 78761.94271576588 78751.14883419615 78740.35495262641 78729.56107105667 78718.76718948694 78707.9733079172 78697.17942634746 78686.38554477773 78675.59166320799 78664.79778163825 78654.00390006852 78643.21001849878 78632.41613692904 78621.62225535931 78610.82837378957 78600.03449221984 78589.2406106501 78578.44672908036 78567.65284751063 78556.85896594089 78546.06508437115 78535.27120280142 78524.47732123168 78513.68343966194 78502.88955809221 78492.09567652247 78481.30179495273 78470.507913383 78459.71403181326 78448.92015024352 78438.12626867379 78427.33238710405 78416.53850553431 78405.74462396458 78394.95074239484 78384.1568608251 78373.36297925537 78362.56909768563 78351.7752161159 78340.98133454616 78330.18745297642 78319.39357140669 78308.59968983695 78297.80580826721 78287.01192669748 78276.21804512774 78265.424163558 78254.63028198827 78243.83640041853 78233.04251884879 78222.24863727906 78211.45475570932 78200.66087413958 78189.86699256985 78179.07311100011 78168.27922943037 78157.48534786064 78146.6914662909 78135.89758472117 78125.10370315143 78114.30982158169 78103.51594001196 78092.72205844222 78081.92817687248 78071.13429530275 78060.34041373301 78049.54653216327 78038.75265059354 78027.9587690238 78017.16488745406 78006.37100588433 77995.57712431459 77984.78324274484 77973.98936117512 77963.19547960538 77952.40159803563 77941.60771646591 77930.81383489617 77920.01995332642 77909.2260717567 77898.43219018696 77887.63830861723 77876.84442704749 77866.05054547774 77855.25666390802 77844.46278233828 77833.66890076853 77822.87501919881 77812.08113762907 77801.28725605932 77790.4933744896 77779.69949291986 77768.90561135011 77758.11172978039 77747.31784821065 77736.5239666409 77725.73008507118 77714.93620350143 77704.14232193169 77693.34844036197


# name: QUERY
# type: sq_string
# elements: 1
# length: 2
R2


# name: DATASIZE
# type: sq_string
# elements: 1
# length: 3
750


