# Created by Octave 4.0.0, Mon May 23 13:36:39 2016 CEST <peter@Independence>
# name: SVs
# type: cell
# rows: 1
# columns: 7
# name: <cell-element>
# type: sparse matrix
# nnz: 6
# rows: 6
# columns: 1
1 1 0.241669766196758
2 1 -1.110959522217925
3 1 1.59429905461144
4 1 0.241669766196758
5 1 -1.110959522217925
6 1 0.241669766196758



# name: <cell-element>
# type: sparse matrix
# nnz: 15
# rows: 15
# columns: 1
1 1 0.241669766196758
2 1 -1.110959522217925
3 1 0.241669766196758
4 1 -1.110959522217925
5 1 0.241669766196758
6 1 1.59429905461144
7 1 1.59429905461144
8 1 -0.5699078068520518
9 1 0.241669766196758
10 1 0.241669766196758
11 1 -1.110959522217925
12 1 -0.5699078068520518
13 1 0.241669766196758
14 1 1.59429905461144
15 1 0.241669766196758



# name: <cell-element>
# type: sparse matrix
# nnz: 16
# rows: 16
# columns: 1
1 1 0.241669766196758
2 1 -1.110959522217925
3 1 0.241669766196758
4 1 -1.110959522217925
5 1 0.241669766196758
6 1 1.59429905461144
7 1 1.59429905461144
8 1 -0.5699078068520518
9 1 -1.110959522217925
10 1 0.241669766196758
11 1 0.241669766196758
12 1 0.241669766196758
13 1 -1.110959522217925
14 1 -0.5699078068520518
15 1 1.59429905461144
16 1 0.241669766196758



# name: <cell-element>
# type: sparse matrix
# nnz: 15
# rows: 15
# columns: 1
1 1 0.241669766196758
2 1 -1.110959522217925
3 1 0.241669766196758
4 1 -1.110959522217925
5 1 0.241669766196758
6 1 1.59429905461144
7 1 1.59429905461144
8 1 -0.5699078068520518
9 1 -1.110959522217925
10 1 0.241669766196758
11 1 0.241669766196758
12 1 -1.110959522217925
13 1 -0.5699078068520518
14 1 1.59429905461144
15 1 0.241669766196758



# name: <cell-element>
# type: sparse matrix
# nnz: 15
# rows: 15
# columns: 1
1 1 0.241669766196758
2 1 -1.110959522217925
3 1 0.241669766196758
4 1 -1.110959522217925
5 1 0.241669766196758
6 1 1.59429905461144
7 1 1.59429905461144
8 1 -0.5699078068520518
9 1 -1.110959522217925
10 1 0.241669766196758
11 1 0.241669766196758
12 1 -1.110959522217925
13 1 -0.5699078068520518
14 1 1.59429905461144
15 1 0.241669766196758



# name: <cell-element>
# type: sparse matrix
# nnz: 42
# rows: 42
# columns: 1
1 1 1.59429905461144
2 1 0.241669766196758
3 1 -1.110959522217925
4 1 0.241669766196758
5 1 -1.110959522217925
6 1 1.59429905461144
7 1 -1.110959522217925
8 1 -0.5699078068520518
9 1 0.241669766196758
10 1 0.241669766196758
11 1 -0.5699078068520518
12 1 0.241669766196758
13 1 0.241669766196758
14 1 -1.110959522217925
15 1 1.59429905461144
16 1 0.241669766196758
17 1 1.59429905461144
18 1 -1.110959522217925
19 1 -0.5699078068520518
20 1 -1.110959522217925
21 1 0.241669766196758
22 1 0.241669766196758
23 1 -1.110959522217925
24 1 -1.110959522217925
25 1 -0.5699078068520518
26 1 -1.110959522217925
27 1 -1.110959522217925
28 1 1.59429905461144
29 1 -1.110959522217925
30 1 1.59429905461144
31 1 0.241669766196758
32 1 1.59429905461144
33 1 -1.110959522217925
34 1 -0.5699078068520518
35 1 -0.5699078068520518
36 1 -0.5699078068520518
37 1 0.241669766196758
38 1 -1.110959522217925
39 1 -0.5699078068520518
40 1 1.59429905461144
41 1 1.59429905461144
42 1 0.241669766196758



# name: <cell-element>
# type: scalar
0





# name: coefficients
# type: cell
# rows: 1
# columns: 7
# name: <cell-element>
# type: matrix
# rows: 6
# columns: 1
 -0.1
 -0.1
 0.1
 -0.1
 0.1
 0.1



# name: <cell-element>
# type: matrix
# rows: 15
# columns: 1
 -0.35789
 -0.35789
 -0.35789
 -0.35789
 0.35789
 0.35789
 0.2478244426776955
 0.35789
 0.35789
 -0.35789
 0.35789
 -0.35789
 0.1100655573223045
 -0.35789
 0.35789



# name: <cell-element>
# type: matrix
# rows: 16
# columns: 1
 -0.1
 -0.04137624576046663
 -0.1
 -0.1
 0.1
 0.1
 0.04137624576046663
 0.1
 0.1
 -0.1
 0.1
 -0.1
 0.1
 -0.1
 -0.1
 0.1



# name: <cell-element>
# type: matrix
# rows: 15
# columns: 1
 -4.7421
 -4.7421
 -4.7421
 -4.7421
 4.7421
 4.7421
 0.01352359017776872
 4.7421
 4.728576409822232
 4.7421
 -4.7421
 4.7421
 -4.7421
 -4.7421
 4.7421



# name: <cell-element>
# type: matrix
# rows: 15
# columns: 1
 -2.4211
 -2.4211
 -2.4211
 -2.4211
 2.4211
 2.4211
 0.001559047161768363
 2.4211
 2.419540952838232
 2.4211
 -2.4211
 2.4211
 -2.4211
 -2.4211
 2.4211



# name: <cell-element>
# type: matrix
# rows: 42
# columns: 1
 -2.1632
 -2.1632
 -2.1632
 -2.1632
 -2.1632
 2.1632
 -2.1632
 2.1632
 2.1632
 2.1632
 -2.1632
 -2.1632
 2.1632
 -2.1632
 2.1632
 -2.1632
 2.1632
 2.1632
 2.1632
 2.1632
 -2.1632
 2.1632
 2.1632
 -2.1632
 -2.1632
 2.1632
 0.6344713273191255
 -2.1632
 2.1632
 -2.1632
 -2.1632
 0.1802316134277712
 2.1632
 -2.1632
 2.1632
 1.348497059253104
 2.1632
 -2.1632
 -2.1632
 -2.1632
 2.1632
 2.1632



# name: <cell-element>
# type: scalar
0





# name: b
# type: cell
# rows: 1
# columns: 7
# name: <cell-element>
# type: scalar
-0.1001827106467432



# name: <cell-element>
# type: scalar
-0.242906506772444



# name: <cell-element>
# type: scalar
-0.09621039304304917



# name: <cell-element>
# type: scalar
-0.1795924112272131



# name: <cell-element>
# type: scalar
-0.1205030995213286



# name: <cell-element>
# type: scalar
0.1236390056995091



# name: <cell-element>
# type: scalar
0





# name: models
# type: cell
# rows: 1
# columns: 7
# name: <cell-element>
# type: scalar struct
# ndims: 2
 1 1
# length: 11
# name: Parameters
# type: matrix
# rows: 5
# columns: 1
 3
 0
 3
 1
 0


# name: nr_class
# type: scalar
2


# name: totalSV
# type: scalar
6


# name: rho
# type: scalar
0.1001827106467432


# name: Label
# type: matrix
# rows: 0
# columns: 0


# name: sv_indices
# type: matrix
# rows: 6
# columns: 1
 4
 5
 16
 33
 35
 45


# name: ProbA
# type: matrix
# rows: 0
# columns: 0


# name: ProbB
# type: matrix
# rows: 0
# columns: 0


# name: nSV
# type: matrix
# rows: 0
# columns: 0


# name: sv_coef
# type: matrix
# rows: 6
# columns: 1
 -0.1
 -0.1
 0.1
 -0.1
 0.1
 0.1


# name: SVs
# type: sparse matrix
# nnz: 6
# rows: 6
# columns: 1
1 1 0.241669766196758
2 1 -1.110959522217925
3 1 1.59429905461144
4 1 0.241669766196758
5 1 -1.110959522217925
6 1 0.241669766196758





# name: <cell-element>
# type: scalar struct
# ndims: 2
 1 1
# length: 11
# name: Parameters
# type: matrix
# rows: 5
# columns: 1
 3
 1
 2
 1
 0


# name: nr_class
# type: scalar
2


# name: totalSV
# type: scalar
15


# name: rho
# type: scalar
0.242906506772444


# name: Label
# type: matrix
# rows: 0
# columns: 0


# name: sv_indices
# type: matrix
# rows: 15
# columns: 1
 2
 3
 4
 5
 11
 16
 18
 21
 24
 33
 35
 36
 40
 43
 45


# name: ProbA
# type: matrix
# rows: 0
# columns: 0


# name: ProbB
# type: matrix
# rows: 0
# columns: 0


# name: nSV
# type: matrix
# rows: 0
# columns: 0


# name: sv_coef
# type: matrix
# rows: 15
# columns: 1
 -0.35789
 -0.35789
 -0.35789
 -0.35789
 0.35789
 0.35789
 0.2478244426776955
 0.35789
 0.35789
 -0.35789
 0.35789
 -0.35789
 0.1100655573223045
 -0.35789
 0.35789


# name: SVs
# type: sparse matrix
# nnz: 15
# rows: 15
# columns: 1
1 1 0.241669766196758
2 1 -1.110959522217925
3 1 0.241669766196758
4 1 -1.110959522217925
5 1 0.241669766196758
6 1 1.59429905461144
7 1 1.59429905461144
8 1 -0.5699078068520518
9 1 0.241669766196758
10 1 0.241669766196758
11 1 -1.110959522217925
12 1 -0.5699078068520518
13 1 0.241669766196758
14 1 1.59429905461144
15 1 0.241669766196758





# name: <cell-element>
# type: scalar struct
# ndims: 2
 1 1
# length: 11
# name: Parameters
# type: matrix
# rows: 5
# columns: 1
 3
 1
 3
 1
 0


# name: nr_class
# type: scalar
2


# name: totalSV
# type: scalar
16


# name: rho
# type: scalar
0.09621039304304917


# name: Label
# type: matrix
# rows: 0
# columns: 0


# name: sv_indices
# type: matrix
# rows: 16
# columns: 1
 2
 3
 4
 5
 11
 16
 18
 21
 22
 23
 24
 33
 35
 36
 43
 45


# name: ProbA
# type: matrix
# rows: 0
# columns: 0


# name: ProbB
# type: matrix
# rows: 0
# columns: 0


# name: nSV
# type: matrix
# rows: 0
# columns: 0


