# Created by Octave 3.8.2, Wed May 18 17:58:36 2016 CEST <Andrea@Andreas-MacBook-Pro.local>
# name: mu
# type: matrix
# rows: 1
# columns: 2
 78323.10666666667 0.01175555555555555


# name: sigma
# type: matrix
# rows: 1
# columns: 2
 2505.515907241749 0.003080420261748221


