# Created by Octave 4.0.0, Mon May 23 13:36:33 2016 CEST <peter@Independence>
# name: mu
# type: matrix
# rows: 1
# columns: 2
 78323.10666666667 0.01175555555555555


# name: sigma
# type: matrix
# rows: 1
# columns: 2
 2505.515907241749 0.003080420261748221


