# Created by Octave 4.0.0, Mon May 23 13:36:39 2016 CEST <peter@Independence>
# name: x
# type: matrix
# rows: 1
# columns: 100
 0.008333333333333333 0.008417508417508417 0.008501683501683501 0.008585858585858586 0.00867003367003367 0.008754208754208754 0.008838383838383838 0.008922558922558922 0.009006734006734006 0.00909090909090909 0.009175084175084176 0.009259259259259259 0.009343434343434345 0.009427609427609427 0.009511784511784513 0.009595959595959595 0.009680134680134681 0.009764309764309764 0.009848484848484849 0.009932659932659932 0.01001683501683502 0.0101010101010101 0.01018518518518519 0.01026936026936027 0.01035353535353535 0.01043771043771044 0.01052188552188552 0.0106060606060606 0.01069023569023569 0.01077441077441077 0.01085858585858586 0.01094276094276094 0.01102693602693603 0.01111111111111111 0.0111952861952862 0.01127946127946128 0.01136363636363636 0.01144781144781145 0.01153198653198653 0.01161616161616162 0.0117003367003367 0.01178451178451178 0.01186868686868687 0.01195286195286195 0.01203703703703704 0.01212121212121212 0.01220538720538721 0.01228956228956229 0.01237373737373737 0.01245791245791246 0.01254208754208754 0.01262626262626263 0.01271043771043771 0.01279461279461279 0.01287878787878788 0.01296296296296296 0.01304713804713805 0.01313131313131313 0.01321548821548822 0.0132996632996633 0.01338383838383838 0.01346801346801347 0.01355218855218855 0.01363636363636364 0.01372053872053872 0.0138047138047138 0.01388888888888889 0.01397306397306397 0.01405723905723906 0.01414141414141414 0.01422558922558922 0.01430976430976431 0.01439393939393939 0.01447811447811448 0.01456228956228956 0.01464646464646465 0.01473063973063973 0.01481481481481481 0.0148989898989899 0.01498316498316498 0.01506734006734007 0.01515151515151515 0.01523569023569023 0.01531986531986532 0.0154040404040404 0.01548821548821549 0.01557239057239057 0.01565656565656566 0.01574074074074074 0.01582491582491583 0.01590909090909091 0.01599326599326599 0.01607744107744108 0.01616161616161616 0.01624579124579124 0.01632996632996633 0.01641414141414141 0.0164983164983165 0.01658249158249158 0.01666666666666667


# name: y
# type: matrix
# rows: 100
# columns: 1
 77787.01913606223
 77808.25833300792
 77828.45292120447
 77847.62924240972
 77865.8136383815
 77883.03245087767
 77899.31202165608
 77914.67869247457
 77929.15880509099
 77942.77870126317
 77955.564722749
 77967.54321130627
 77978.74050869286
 77989.1829566666
 77998.89689698536
 78007.90867140696
 78016.24462168926
 78023.9310895901
 78030.99441686734
 78037.4609452788
 78043.35701658236
 78048.70897253584
 78053.5431548971
 78057.88590542396
 78061.76356587431
 78065.20247800596
 78068.22898357677
 78070.86942434459
 78073.15014206727
 78075.09747850263
 78076.73777540855
 78078.09737454285
 78079.2026176634
 78080.07984652802
 78080.75540289457
 78081.2556285209
 78081.60686516485
 78081.83545458427
 78081.967738537
 78082.0300587809
 78082.0487570738
 78082.05017517356
 78082.060654838
 78082.10653782501
 78082.21416589239
 78082.40988079802
 78082.72002429974
 78083.17093815537
 78083.7889641228
 78084.60044395983
 78085.63171942433
 78086.90913227416
 78088.45902426715
 78090.30773716114
 78092.48161271399
 78095.00699268354
 78097.91021882763
 78101.21763290411
 78104.95557667084
 78109.15039188565
 78113.8284203064
 78119.01600369091
 78124.73948379705
 78131.02520238266
 78137.8995012056
 78145.38872202369
 78153.51920659479
 78162.31729667675
 78171.80933402739
 78182.0216604046
 78192.98061756619
 78204.71254727003
 78217.24379127396
 78230.60069133581
 78244.80958921344
 78259.8968266647
 78275.88874544743
 78292.81168731947
 78310.69199403869
 78329.5560073629
 78349.43006904998
 78370.34052085775
 78392.31370454408
 78415.3759618668
 78439.55363458376
 78464.8730644528
 78491.36059323179
 78519.04256267854
 78547.94531455093
 78578.09519060679
 78609.51853260396
 78642.2416823003
 78676.29098145365
 78711.69277182186
 78748.47339516277
 78786.65919323423
 78826.27650779409
 78867.35168060019
 78909.91105341037
 78953.98096798248


# name: QUERY
# type: sq_string
# elements: 1
# length: 2
R2


# name: DATASIZE
# type: sq_string
# elements: 1
# length: 3
750


