# Created by Octave 4.0.0, Mon May 23 13:36:39 2016 CEST <peter@Independence>
# name: x
# type: matrix
# rows: 1
# columns: 100
 0.008333333333333333 0.008417508417508417 0.008501683501683501 0.008585858585858586 0.00867003367003367 0.008754208754208754 0.008838383838383838 0.008922558922558922 0.009006734006734006 0.00909090909090909 0.009175084175084176 0.009259259259259259 0.009343434343434345 0.009427609427609427 0.009511784511784513 0.009595959595959595 0.009680134680134681 0.009764309764309764 0.009848484848484849 0.009932659932659932 0.01001683501683502 0.0101010101010101 0.01018518518518519 0.01026936026936027 0.01035353535353535 0.01043771043771044 0.01052188552188552 0.0106060606060606 0.01069023569023569 0.01077441077441077 0.01085858585858586 0.01094276094276094 0.01102693602693603 0.01111111111111111 0.0111952861952862 0.01127946127946128 0.01136363636363636 0.01144781144781145 0.01153198653198653 0.01161616161616162 0.0117003367003367 0.01178451178451178 0.01186868686868687 0.01195286195286195 0.01203703703703704 0.01212121212121212 0.01220538720538721 0.01228956228956229 0.01237373737373737 0.01245791245791246 0.01254208754208754 0.01262626262626263 0.01271043771043771 0.01279461279461279 0.01287878787878788 0.01296296296296296 0.01304713804713805 0.01313131313131313 0.01321548821548822 0.0132996632996633 0.01338383838383838 0.01346801346801347 0.01355218855218855 0.01363636363636364 0.01372053872053872 0.0138047138047138 0.01388888888888889 0.01397306397306397 0.01405723905723906 0.01414141414141414 0.01422558922558922 0.01430976430976431 0.01439393939393939 0.01447811447811448 0.01456228956228956 0.01464646464646465 0.01473063973063973 0.01481481481481481 0.0148989898989899 0.01498316498316498 0.01506734006734007 0.01515151515151515 0.01523569023569023 0.01531986531986532 0.0154040404040404 0.01548821548821549 0.01557239057239057 0.01565656565656566 0.01574074074074074 0.01582491582491583 0.01590909090909091 0.01599326599326599 0.01607744107744108 0.01616161616161616 0.01624579124579124 0.01632996632996633 0.01641414141414141 0.0164983164983165 0.01658249158249158 0.01666666666666667


# name: y
# type: matrix
# rows: 100
# columns: 1
 78316.36198032237
 78287.11859419233
 78258.60345256198
 78230.81655543133
 78203.7579028004
 78177.42749466916
 78151.82533103762
 78126.95141190579
 78102.80573727367
 78079.38830714123
 78056.6991215085
 78034.73818037548
 78013.50548374216
 77993.00103160854
 77973.22482397463
 77954.17686084041
 77935.85714220589
 77918.26566807108
 77901.40243843598
 77885.26745330058
 77869.86071266487
 77855.18221652886
 77841.23196489256
 77828.00995775597
 77815.51619511908
 77803.75067698189
 77792.7134033444
 77782.40437420661
 77772.82358956852
 77763.97104943014
 77755.84675379147
 77748.4507026525
 77741.78289601322
 77735.84333387364
 77730.63201623378
 77726.14894309361
 77722.39411445314
 77719.36753031237
 77717.06919067132
 77715.49909552996
 77714.65724488831
 77714.54363874634
 77715.1582771041
 77716.50115996155
 77718.5722873187
 77721.37165917555
 77724.89927553211
 77729.15513638838
 77734.13924174434
 77739.8515916
 77746.29218595538
 77753.46102481044
 77761.35810816521
 77769.98343601968
 77779.33700837387
 77789.41882522775
 77800.22888658133
 77811.76719243461
 77824.03374278759
 77837.02853764029
 77850.75157699268
 77865.20286084477
 77880.38238919657
 77896.29016204807
 77912.92617939926
 77930.29044125017
 77948.38294760078
 77967.20369845108
 77986.7526938011
 78007.0299336508
 78028.03541800022
 78049.76914684934
 78072.23112019815
 78095.42133804668
 78119.3398003949
 78143.98650724284
 78169.36145859046
 78195.46465443779
 78222.29609478482
 78249.85577963156
 78278.14370897799
 78307.15988282414
 78336.90430116998
 78367.37696401552
 78398.57787136077
 78430.50702320572
 78463.16441955038
 78496.55006039473
 78530.66394573879
 78565.50607558255
 78601.07644992601
 78637.37506876918
 78674.40193211204
 78712.1570399546
 78750.64039229687
 78789.85198913886
 78829.79183048054
 78870.45991632191
 78911.856246663
 78953.98082150378


# name: QUERY
# type: sq_string
# elements: 1
# length: 2
R2


# name: DATASIZE
# type: sq_string
# elements: 1
# length: 3
750


