# Created by Octave 4.0.0, Mon May 23 13:36:39 2016 CEST <peter@Independence>
# name: x
# type: matrix
# rows: 1
# columns: 100
 0.008333333333333333 0.008417508417508417 0.008501683501683501 0.008585858585858586 0.00867003367003367 0.008754208754208754 0.008838383838383838 0.008922558922558922 0.009006734006734006 0.00909090909090909 0.009175084175084176 0.009259259259259259 0.009343434343434345 0.009427609427609427 0.009511784511784513 0.009595959595959595 0.009680134680134681 0.009764309764309764 0.009848484848484849 0.009932659932659932 0.01001683501683502 0.0101010101010101 0.01018518518518519 0.01026936026936027 0.01035353535353535 0.01043771043771044 0.01052188552188552 0.0106060606060606 0.01069023569023569 0.01077441077441077 0.01085858585858586 0.01094276094276094 0.01102693602693603 0.01111111111111111 0.0111952861952862 0.01127946127946128 0.01136363636363636 0.01144781144781145 0.01153198653198653 0.01161616161616162 0.0117003367003367 0.01178451178451178 0.01186868686868687 0.01195286195286195 0.01203703703703704 0.01212121212121212 0.01220538720538721 0.01228956228956229 0.01237373737373737 0.01245791245791246 0.01254208754208754 0.01262626262626263 0.01271043771043771 0.01279461279461279 0.01287878787878788 0.01296296296296296 0.01304713804713805 0.01313131313131313 0.01321548821548822 0.0132996632996633 0.01338383838383838 0.01346801346801347 0.01355218855218855 0.01363636363636364 0.01372053872053872 0.0138047138047138 0.01388888888888889 0.01397306397306397 0.01405723905723906 0.01414141414141414 0.01422558922558922 0.01430976430976431 0.01439393939393939 0.01447811447811448 0.01456228956228956 0.01464646464646465 0.01473063973063973 0.01481481481481481 0.0148989898989899 0.01498316498316498 0.01506734006734007 0.01515151515151515 0.01523569023569023 0.01531986531986532 0.0154040404040404 0.01548821548821549 0.01557239057239057 0.01565656565656566 0.01574074074074074 0.01582491582491583 0.01590909090909091 0.01599326599326599 0.01607744107744108 0.01616161616161616 0.01624579124579124 0.01632996632996633 0.01641414141414141 0.0164983164983165 0.01658249158249158 0.01666666666666667


# name: y
# type: matrix
# rows: 100
# columns: 1
 78127.98086794565
 78103.81749146427
 78081.41456641507
 78060.68443540976
 78041.54167973065
 78023.90311933076
 78007.68781283377
 77992.817057534
 77979.21438939644
 77966.80558305672
 77955.51865182114
 77945.28384766668
 77936.03366124096
 77927.70282186223
 77920.22829751944
 77913.54929487221
 77907.60725925076
 77902.34587465601
 77897.71106375953
 77893.65098790356
 77890.11604710098
 77887.05888003534
 77884.43436406084
 77882.19961520235
 77880.31398815539
 77878.73907628613
 77877.43871163145
 77876.37896489879
 77875.52814546633
 77874.85680138292
 77874.33771936798
 77873.94592481168
 77873.65868177479
 77873.45549298877
 77873.31809985574
 77873.23048244843
 77873.1788595103
 77873.15168845543
 77873.13966536855
 77873.13572500506
 77873.13504079105
 77873.1350248232
 77873.13532786891
 77873.1378393662
 77873.14668742378
 77873.168238821
 77873.21109900787
 77873.28611210505
 77873.40636090389
 77873.58716686636
 77873.84609012511
 77874.20292948345
 77874.67972241533
 77875.30074506538
 77876.0925122489
 77877.0837774518
 77878.30553283069
 77879.79100921283
 77881.57567609612
 77883.69724164915
 77886.19565271115
 77889.11309479199
 77892.49399207225
 77896.38500740312
 77900.83504230647
 77905.89523697483
 77911.61897027137
 77918.06185972995
 77925.28176155506
 77933.33877062185
 77942.29522047617
 77952.21568333446
 77963.1669700839
 77975.21813028221
 77988.44045215793
 78002.90746261012
 78018.69492720856
 78035.88085019366
 78054.54547447654
 78074.77128163892
 78096.64299193324
 78120.24756428252
 78145.67419628052
 78173.01432419158
 78202.36162295076
 78233.81200616376
 78267.4636261069
 78303.41687372726
 78341.77437864244
 78382.64100914088
 78426.12387218147
 78472.33231339391
 78521.37791707841
 78573.374506206
 78628.43814241845
 78686.68712602784
 78748.24199601724
 78813.22553004001
 78881.7627444208
 78953.98089415424


# name: QUERY
# type: sq_string
# elements: 1
# length: 2
R2


# name: DATASIZE
# type: sq_string
# elements: 1
# length: 3
750


