# Created by Octave 3.8.2, Wed May 18 17:58:46 2016 CEST <Andrea@Andreas-MacBook-Pro.local>
# name: x
# type: matrix
# rows: 1
# columns: 100
 0.008333333333333333 0.008417508417508417 0.008501683501683501 0.008585858585858586 0.00867003367003367 0.008754208754208754 0.008838383838383838 0.008922558922558922 0.009006734006734006 0.00909090909090909 0.009175084175084176 0.009259259259259259 0.009343434343434345 0.009427609427609427 0.009511784511784513 0.009595959595959595 0.009680134680134681 0.009764309764309764 0.009848484848484849 0.009932659932659932 0.01001683501683502 0.0101010101010101 0.01018518518518519 0.01026936026936027 0.01035353535353535 0.01043771043771044 0.01052188552188552 0.0106060606060606 0.01069023569023569 0.01077441077441077 0.01085858585858586 0.01094276094276094 0.01102693602693603 0.01111111111111111 0.0111952861952862 0.01127946127946128 0.01136363636363636 0.01144781144781145 0.01153198653198653 0.01161616161616162 0.0117003367003367 0.01178451178451178 0.01186868686868687 0.01195286195286195 0.01203703703703704 0.01212121212121212 0.01220538720538721 0.01228956228956229 0.01237373737373737 0.01245791245791246 0.01254208754208754 0.01262626262626263 0.01271043771043771 0.01279461279461279 0.01287878787878788 0.01296296296296296 0.01304713804713805 0.01313131313131313 0.01321548821548822 0.0132996632996633 0.01338383838383838 0.01346801346801347 0.01355218855218855 0.01363636363636364 0.01372053872053872 0.0138047138047138 0.01388888888888889 0.01397306397306397 0.01405723905723906 0.01414141414141414 0.01422558922558922 0.01430976430976431 0.01439393939393939 0.01447811447811448 0.01456228956228956 0.01464646464646465 0.01473063973063973 0.01481481481481481 0.0148989898989899 0.01498316498316498 0.01506734006734007 0.01515151515151515 0.01523569023569023 0.01531986531986532 0.0154040404040404 0.01548821548821549 0.01557239057239057 0.01565656565656566 0.01574074074074074 0.01582491582491583 0.01590909090909091 0.01599326599326599 0.01607744107744108 0.01616161616161616 0.01624579124579124 0.01632996632996633 0.01641414141414141 0.0164983164983165 0.01658249158249158 0.01666666666666667


# name: y
# type: matrix
# rows: 100
# columns: 1
 77534.77132098807
 77509.59685725925
 77487.40410298329
 77467.9035765656
 77450.8274069483
 77435.9282302236
 77422.97811516483
 77411.76751767541
 77402.10426415596
 77393.81256378835
 77386.73204973838
 77380.71684927557
 77375.63468281123
 77371.36599185396
 77367.80309588303
 77364.84937813967
 77362.41850033581
 77360.43364628105
 77358.8267944269
 77357.53801932921
 77356.51482202813
 77355.71148934594
 77355.08848210263
 77354.61185224926
 77354.25268891908
 77353.98659339646
 77353.79318300349
 77353.65562390457
 77353.56019282849
 77353.49586770848
 77353.45394724002
 77353.42769935634
 77353.41203862177
 77353.40323254278
 77353.3986367969
 77353.39645937934
 77353.39555366737
 77353.39524040258
 77353.39515859075
 77353.39514531965
 77353.39514449454
 77353.3951444914
 77353.39514472806
 77353.39515115293
 77353.39520065171
 77353.39541437168
 77353.3960799639
 77353.39776274309
 77353.40144576535
 77353.40869882364
 77353.421876361
 77353.44434430155
 77353.48073579934
 77353.53723590485
 77353.62189514935
 77353.74497204703
 77353.91930451486
 77354.16071021021
 77354.4884157864
 77354.92551506577
 77355.49945613074
 77356.24255733252
 77357.19255221766
 77358.39316337234
 77359.89470518444
 77361.75471552342
 77364.03861633784
 77366.82040317089
 77370.18336359342
 77374.220824555
 77379.0369286526
 77384.74743931695
 77391.48057491703
 77399.37787178191
 77408.59507614064
 77419.30306497985
 77431.68879581901
 77445.95628540372
 77462.32761731645
 77481.04397850527
 77502.36672473044
 77526.57847492828
 77553.98423449358
 77584.91254747905
 77619.71667771314
 77658.77581883498
 77702.49633324807
 77751.31301999024
 77805.69041152361
 77866.12409943911
 77933.14208908325
 78007.30618309653
 78089.21339387746
 78179.49738495678
 78278.8299412933
 78387.9224684881
 78507.52752091549
 78638.4403587688
 78781.5005340302
 78937.5935053541


# name: QUERY
# type: sq_string
# elements: 1
# length: 2
R2


# name: DATASIZE
# type: sq_string
# elements: 1
# length: 3
750


