# Created by Octave 4.0.0, Mon May 23 13:36:39 2016 CEST <peter@Independence>
# name: x
# type: matrix
# rows: 1
# columns: 100
 0.008333333333333333 0.008417508417508417 0.008501683501683501 0.008585858585858586 0.00867003367003367 0.008754208754208754 0.008838383838383838 0.008922558922558922 0.009006734006734006 0.00909090909090909 0.009175084175084176 0.009259259259259259 0.009343434343434345 0.009427609427609427 0.009511784511784513 0.009595959595959595 0.009680134680134681 0.009764309764309764 0.009848484848484849 0.009932659932659932 0.01001683501683502 0.0101010101010101 0.01018518518518519 0.01026936026936027 0.01035353535353535 0.01043771043771044 0.01052188552188552 0.0106060606060606 0.01069023569023569 0.01077441077441077 0.01085858585858586 0.01094276094276094 0.01102693602693603 0.01111111111111111 0.0111952861952862 0.01127946127946128 0.01136363636363636 0.01144781144781145 0.01153198653198653 0.01161616161616162 0.0117003367003367 0.01178451178451178 0.01186868686868687 0.01195286195286195 0.01203703703703704 0.01212121212121212 0.01220538720538721 0.01228956228956229 0.01237373737373737 0.01245791245791246 0.01254208754208754 0.01262626262626263 0.01271043771043771 0.01279461279461279 0.01287878787878788 0.01296296296296296 0.01304713804713805 0.01313131313131313 0.01321548821548822 0.0132996632996633 0.01338383838383838 0.01346801346801347 0.01355218855218855 0.01363636363636364 0.01372053872053872 0.0138047138047138 0.01388888888888889 0.01397306397306397 0.01405723905723906 0.01414141414141414 0.01422558922558922 0.01430976430976431 0.01439393939393939 0.01447811447811448 0.01456228956228956 0.01464646464646465 0.01473063973063973 0.01481481481481481 0.0148989898989899 0.01498316498316498 0.01506734006734007 0.01515151515151515 0.01523569023569023 0.01531986531986532 0.0154040404040404 0.01548821548821549 0.01557239057239057 0.01565656565656566 0.01574074074074074 0.01582491582491583 0.01590909090909091 0.01599326599326599 0.01607744107744108 0.01616161616161616 0.01624579124579124 0.01632996632996633 0.01641414141414141 0.0164983164983165 0.01658249158249158 0.01666666666666667


# name: y
# type: matrix
# rows: 100
# columns: 1
 78127.9808836414
 78113.15783225674
 78100.0904501451
 78088.6082867818
 78078.55361620703
 78069.78078733732
 78062.15559130447
 78055.55464582147
 78049.86479657561
 78044.98253564886
 78040.81343696524
 78037.27160876546
 78034.2791631087
 78031.76570240159
 78029.66782295423
 78027.92863556348
 78026.49730312343
 78025.32859526288
 78024.38246001018
 78023.62361248508
 78023.02114061778
 78022.54812789524
 78022.18129313443
 78021.90064728298
 78021.68916724686
 78021.53248674524
 78021.4186041925
 78021.33760760748
 78021.28141654975
 78021.2435410832
 78021.21885776661
 78021.20340267161
 78021.19418142759
 78021.18899629384
 78021.18629025895
 78021.18500816719
 78021.18447487222
 78021.18429041783
 78021.18424224596
 78021.18423443177
 78021.18423394594
 78021.18423394409
 78021.18423408343
 78021.18423786649
 78021.18426701201
 78021.1843928531
 78021.18478476244
 78021.1857756047
 78021.18794421607
 78021.19221491105
 78021.19997401629
 78021.21320343166
 78021.23463121845
 78021.2678992148
 78021.3177476781
 78021.39021695484
 78021.49286617733
 78021.63500898783
 78021.82796628961
 78022.08533602538
 78022.42327998277
 78022.86082762695
 78023.42019696046
 78024.12713241024
 78025.01125974167
 78026.10645800002
 78027.45124847876
 78029.08920071526
 78031.06935551358
 78033.44666499441
 78036.28244967214
 78039.64487255918
 78043.60943029732
 78048.2594613164
 78053.68667102003
 78059.99167399845
 78067.2845532686
 78075.68543654153
 78085.32508951655
 78096.34552620289
 78108.90063626849
 78123.15682941568
 78139.29369678443
 78157.50468938246
 78177.99781354256
 78200.99634340708
 78226.73955043977
 78255.48344996455
 78287.50156473134
 78323.08570550947
 78362.54676870767
 78406.21555102231
 78454.443581111
 78507.60396829505
 78566.0922682887
 78630.32736595409
 78700.75237508571
 78777.83555522123
 78862.07124547601
 78953.98081541309


# name: QUERY
# type: sq_string
# elements: 1
# length: 2
R2


# name: DATASIZE
# type: sq_string
# elements: 1
# length: 3
750


