# Created by Octave 3.8.2, Wed May 18 17:58:46 2016 CEST <Andrea@Andreas-MacBook-Pro.local>
# name: x
# type: matrix
# rows: 1
# columns: 100
 0.008333333333333333 0.008417508417508417 0.008501683501683501 0.008585858585858586 0.00867003367003367 0.008754208754208754 0.008838383838383838 0.008922558922558922 0.009006734006734006 0.00909090909090909 0.009175084175084176 0.009259259259259259 0.009343434343434345 0.009427609427609427 0.009511784511784513 0.009595959595959595 0.009680134680134681 0.009764309764309764 0.009848484848484849 0.009932659932659932 0.01001683501683502 0.0101010101010101 0.01018518518518519 0.01026936026936027 0.01035353535353535 0.01043771043771044 0.01052188552188552 0.0106060606060606 0.01069023569023569 0.01077441077441077 0.01085858585858586 0.01094276094276094 0.01102693602693603 0.01111111111111111 0.0111952861952862 0.01127946127946128 0.01136363636363636 0.01144781144781145 0.01153198653198653 0.01161616161616162 0.0117003367003367 0.01178451178451178 0.01186868686868687 0.01195286195286195 0.01203703703703704 0.01212121212121212 0.01220538720538721 0.01228956228956229 0.01237373737373737 0.01245791245791246 0.01254208754208754 0.01262626262626263 0.01271043771043771 0.01279461279461279 0.01287878787878788 0.01296296296296296 0.01304713804713805 0.01313131313131313 0.01321548821548822 0.0132996632996633 0.01338383838383838 0.01346801346801347 0.01355218855218855 0.01363636363636364 0.01372053872053872 0.0138047138047138 0.01388888888888889 0.01397306397306397 0.01405723905723906 0.01414141414141414 0.01422558922558922 0.01430976430976431 0.01439393939393939 0.01447811447811448 0.01456228956228956 0.01464646464646465 0.01473063973063973 0.01481481481481481 0.0148989898989899 0.01498316498316498 0.01506734006734007 0.01515151515151515 0.01523569023569023 0.01531986531986532 0.0154040404040404 0.01548821548821549 0.01557239057239057 0.01565656565656566 0.01574074074074074 0.01582491582491583 0.01590909090909091 0.01599326599326599 0.01607744107744108 0.01616161616161616 0.01624579124579124 0.01632996632996633 0.01641414141414141 0.0164983164983165 0.01658249158249158 0.01666666666666667


# name: y
# type: matrix
# rows: 100
# columns: 1
 78057.10767936218
 78023.06295107414
 77989.86603452753
 77957.51692972232
 77926.01563665851
 77895.36215533613
 77865.55648575515
 77836.59862791558
 77808.48858181742
 77781.22634746066
 77754.81192484531
 77729.24531397139
 77704.52651483886
 77680.65552744774
 77657.63235179803
 77635.45698788973
 77614.12943572285
 77593.64969529737
 77574.01776661329
 77555.23364967064
 77537.29734446938
 77520.20885100953
 77503.96816929111
 77488.57529931408
 77474.03024107846
 77460.33299458426
 77447.48355983147
 77435.48193682007
 77424.32812555009
 77414.02212602153
 77404.56393823437
 77395.95356218862
 77388.19099788427
 77381.27624532134
 77375.20930449982
 77369.99017541971
 77365.618858081
 77362.0953524837
 77359.41965862781
 77357.59177651333
 77356.61170614026
 77356.47944750861
 77357.19500061835
 77358.7583654695
 77361.16954206208
 77364.42853039605
 77368.53533047144
 77373.48994228823
 77379.29236584644
 77385.94260114606
 77393.44064818708
 77401.78650696951
 77410.98017749334
 77421.0216597586
 77431.91095376525
 77443.64805951333
 77456.2329770028
 77469.66570623369
 77483.94624720598
 77499.0745999197
 77515.05076437481
 77531.87474057134
 77549.54652850927
 77568.06612818861
 77587.43353960935
 77607.64876277153
 77628.71179767509
 77650.62264432007
 77673.38130270646
 77696.98777283425
 77721.44205470345
 77746.74414831407
 77772.8940536661
 77799.89177075952
 77827.73729959437
 77856.43064017063
 77885.97179248829
 77916.36075654735
 77947.59753234783
 77979.68211988972
 78012.61451917302
 78046.39473019773
 78081.02275296385
 78116.49858747137
 78152.8222337203
 78189.99369171065
 78228.01296144241
 78266.88004291557
 78306.59493613013
 78347.15764108612
 78388.56815778351
 78430.8264862223
 78473.93262640251
 78517.88657832413
 78562.68834198716
 78608.33791739159
 78654.83530453744
 78702.18050342469
 78750.37351405335
 78799.41433642342


# name: QUERY
# type: sq_string
# elements: 1
# length: 2
R2


# name: DATASIZE
# type: sq_string
# elements: 1
# length: 3
750


