# Created by Octave 3.8.2, Wed May 18 17:58:46 2016 CEST <Andrea@Andreas-MacBook-Pro.local>
# name: x
# type: matrix
# rows: 1
# columns: 100
 0.008333333333333333 0.008417508417508417 0.008501683501683501 0.008585858585858586 0.00867003367003367 0.008754208754208754 0.008838383838383838 0.008922558922558922 0.009006734006734006 0.00909090909090909 0.009175084175084176 0.009259259259259259 0.009343434343434345 0.009427609427609427 0.009511784511784513 0.009595959595959595 0.009680134680134681 0.009764309764309764 0.009848484848484849 0.009932659932659932 0.01001683501683502 0.0101010101010101 0.01018518518518519 0.01026936026936027 0.01035353535353535 0.01043771043771044 0.01052188552188552 0.0106060606060606 0.01069023569023569 0.01077441077441077 0.01085858585858586 0.01094276094276094 0.01102693602693603 0.01111111111111111 0.0111952861952862 0.01127946127946128 0.01136363636363636 0.01144781144781145 0.01153198653198653 0.01161616161616162 0.0117003367003367 0.01178451178451178 0.01186868686868687 0.01195286195286195 0.01203703703703704 0.01212121212121212 0.01220538720538721 0.01228956228956229 0.01237373737373737 0.01245791245791246 0.01254208754208754 0.01262626262626263 0.01271043771043771 0.01279461279461279 0.01287878787878788 0.01296296296296296 0.01304713804713805 0.01313131313131313 0.01321548821548822 0.0132996632996633 0.01338383838383838 0.01346801346801347 0.01355218855218855 0.01363636363636364 0.01372053872053872 0.0138047138047138 0.01388888888888889 0.01397306397306397 0.01405723905723906 0.01414141414141414 0.01422558922558922 0.01430976430976431 0.01439393939393939 0.01447811447811448 0.01456228956228956 0.01464646464646465 0.01473063973063973 0.01481481481481481 0.0148989898989899 0.01498316498316498 0.01506734006734007 0.01515151515151515 0.01523569023569023 0.01531986531986532 0.0154040404040404 0.01548821548821549 0.01557239057239057 0.01565656565656566 0.01574074074074074 0.01582491582491583 0.01590909090909091 0.01599326599326599 0.01607744107744108 0.01616161616161616 0.01624579124579124 0.01632996632996633 0.01641414141414141 0.0164983164983165 0.01658249158249158 0.01666666666666667


# name: y
# type: matrix
# rows: 100
# columns: 1
 77464.44338324732
 77488.7430290276
 77511.84754381265
 77533.7870650595
 77554.59173022515
 77574.29167676662
 77592.91704214092
 77610.49796380506
 77627.06457921604
 77642.64702583087
 77657.27544110657
 77670.97996250016
 77683.79072746864
 77695.73787346901
 77706.8515379583
 77717.16185839352
 77726.69897223165
 77735.49301692974
 77743.57412994478
 77750.9724487338
 77757.71811075378
 77763.84125346175
 77769.37201431471
 77774.34053076968
 77778.77694028369
 77782.7113803137
 77786.17398831676
 77789.19490174988
 77791.80425807006
 77794.0321947343
 77795.90884919964
 77797.46435892305
 77798.7288613616
 77799.73249397223
 77800.50539421201
 77801.07769953791
 77801.47954740697
 77801.74107527618
 77801.89242060257
 77801.96372084312
 77801.98511345488
 77801.98673589482
 77801.99872562
 77802.05122008738
 77802.174356754
 77802.39827307686
 77802.75310651297
 77803.26899451936
 77803.97607455302
 77804.90448407097
 77806.08436053021
 77807.54584138776
 77809.31906410064
 77811.43416612584
 77813.92128492038
 77816.81055794127
 77820.13212264552
 77823.91611649015
 77828.19267693216
 77832.99194142855
 77838.34404743636
 77844.27913241259
 77850.82733381423
 77858.01878909832
 77865.88363572185
 77874.45201114184
 77883.7540528153
 77893.81989819925
 77904.67968475068
 77916.36354992661
 77928.90163118405
 77942.32406598001
 77956.66099177151
 77971.94254601556
 77988.19886616916
 78005.46008968931
 78023.75635403306
 78043.11779665737
 78063.57455501931
 78085.15676657583
 78107.89456878399
 78131.81809910077
 78156.95749498319
 78183.34289388826
 78211.00443327299
 78239.97225059439
 78270.2764833095
 78301.94726887527
 78335.01474474875
 78369.50904838697
 78405.46031724689
 78442.89868878557
 78481.85430045998
 78522.35728972715
 78564.43779404409
 78608.12595086782
 78653.45189765532
 78700.44577186364
 78749.13771094977
 78799.55785237071


# name: QUERY
# type: sq_string
# elements: 1
# length: 2
R2


# name: DATASIZE
# type: sq_string
# elements: 1
# length: 3
750


