# Created by Octave 3.8.2, Wed May 18 17:58:46 2016 CEST <Andrea@Andreas-MacBook-Pro.local>
# name: x
# type: matrix
# rows: 1
# columns: 100
 0.008333333333333333 0.008417508417508417 0.008501683501683501 0.008585858585858586 0.00867003367003367 0.008754208754208754 0.008838383838383838 0.008922558922558922 0.009006734006734006 0.00909090909090909 0.009175084175084176 0.009259259259259259 0.009343434343434345 0.009427609427609427 0.009511784511784513 0.009595959595959595 0.009680134680134681 0.009764309764309764 0.009848484848484849 0.009932659932659932 0.01001683501683502 0.0101010101010101 0.01018518518518519 0.01026936026936027 0.01035353535353535 0.01043771043771044 0.01052188552188552 0.0106060606060606 0.01069023569023569 0.01077441077441077 0.01085858585858586 0.01094276094276094 0.01102693602693603 0.01111111111111111 0.0111952861952862 0.01127946127946128 0.01136363636363636 0.01144781144781145 0.01153198653198653 0.01161616161616162 0.0117003367003367 0.01178451178451178 0.01186868686868687 0.01195286195286195 0.01203703703703704 0.01212121212121212 0.01220538720538721 0.01228956228956229 0.01237373737373737 0.01245791245791246 0.01254208754208754 0.01262626262626263 0.01271043771043771 0.01279461279461279 0.01287878787878788 0.01296296296296296 0.01304713804713805 0.01313131313131313 0.01321548821548822 0.0132996632996633 0.01338383838383838 0.01346801346801347 0.01355218855218855 0.01363636363636364 0.01372053872053872 0.0138047138047138 0.01388888888888889 0.01397306397306397 0.01405723905723906 0.01414141414141414 0.01422558922558922 0.01430976430976431 0.01439393939393939 0.01447811447811448 0.01456228956228956 0.01464646464646465 0.01473063973063973 0.01481481481481481 0.0148989898989899 0.01498316498316498 0.01506734006734007 0.01515151515151515 0.01523569023569023 0.01531986531986532 0.0154040404040404 0.01548821548821549 0.01557239057239057 0.01565656565656566 0.01574074074074074 0.01582491582491583 0.01590909090909091 0.01599326599326599 0.01607744107744108 0.01616161616161616 0.01624579124579124 0.01632996632996633 0.01641414141414141 0.0164983164983165 0.01658249158249158 0.01666666666666667


# name: y
# type: matrix
# rows: 100
# columns: 1
 77726.29666850167
 77690.86223411985
 77658.00941745212
 77627.60967313654
 77599.53773871456
 77573.67163463093
 77549.89266423366
 77528.0854137741
 77508.13775240691
 77489.94083219006
 77473.38908808479
 77458.38023795569
 77444.81528257063
 77432.59850560081
 77421.63747362069
 77411.84303610811
 77403.12932544417
 77395.41375691326
 77388.61702870311
 77382.66312190476
 77377.47930051254
 77372.99611142407
 77369.14738444032
 77365.87023226554
 77363.10505050728
 77360.79551767642
 77358.88859518713
 77357.33452735691
 77356.08684140652
 77355.10234746007
 77354.34113854494
 77353.76659059188
 77353.34536243488
 77353.04739581127
 77352.84591536167
 77352.71742863003
 77352.64172606358
 77352.60188101287
 77352.58424973176
 77352.57847137743
 77352.57746801033
 77352.57744459425
 77352.57788899627
 77352.58157198678
 77352.59454723947
 77352.62615133135
 77352.68900374274
 77352.79900685725
 77352.97534596181
 77353.24048924664
 77353.6201878053
 77354.1434756346
 77354.84266963473
 77355.75336960914
 77356.91445826458
 77358.36810121115
 77360.15974696219
 77362.33812693442
 77364.95525544783
 77368.0664297257
 77371.73022989466
 77376.00851898461
 77380.96644292878
 77386.67243056369
 77393.19819362917
 77400.61872676839
 77409.01230752775
 77418.46049635705
 77429.04813660932
 77440.86335454094
 77453.99755931158
 77468.54544298425
 77484.6049805252
 77502.27742980405
 77521.66733159369
 77542.88250957034
 77566.0340703135
 77591.23640330604
 77618.60718093401
 77648.2673584869
 77680.34117415747
 77714.95614904173
 77752.24308713905
 77792.3360753521
 77835.37248348683
 77881.49296425257
 77930.84145326182
 77983.56516903057
 78039.81461297795
 78099.74356942646
 78163.50910560199
 78231.27157163357
 78303.19460055364
 78379.44510829801
 78460.19329370563
 78545.61263851888
 78635.87990738341
 78731.17514784816
 78831.6816903654
 78937.58614829081


# name: QUERY
# type: sq_string
# elements: 1
# length: 2
R2


# name: DATASIZE
# type: sq_string
# elements: 1
# length: 3
750


