# Created by Octave 4.0.0, Sun May 22 18:33:46 2016 CEST <peter@Independence>
# name: x
# type: matrix
# rows: 1
# columns: 100
 60 60.60606060606061 61.21212121212122 61.81818181818182 62.42424242424242 63.03030303030303 63.63636363636364 64.24242424242425 64.84848484848484 65.45454545454545 66.06060606060606 66.66666666666667 67.27272727272728 67.87878787878788 68.48484848484848 69.09090909090909 69.69696969696969 70.3030303030303 70.90909090909091 71.51515151515152 72.12121212121212 72.72727272727273 73.33333333333334 73.93939393939394 74.54545454545455 75.15151515151516 75.75757575757575 76.36363636363636 76.96969696969697 77.57575757575758 78.18181818181819 78.78787878787878 79.39393939393939 80 80.60606060606061 81.21212121212122 81.81818181818181 82.42424242424242 83.03030303030303 83.63636363636364 84.24242424242425 84.84848484848484 85.45454545454545 86.06060606060606 86.66666666666667 87.27272727272728 87.87878787878788 88.48484848484848 89.09090909090909 89.6969696969697 90.3030303030303 90.90909090909091 91.51515151515152 92.12121212121212 92.72727272727273 93.33333333333333 93.93939393939394 94.54545454545455 95.15151515151516 95.75757575757575 96.36363636363636 96.96969696969697 97.57575757575758 98.18181818181819 98.78787878787878 99.39393939393939 100 100.6060606060606 101.2121212121212 101.8181818181818 102.4242424242424 103.030303030303 103.6363636363636 104.2424242424242 104.8484848484848 105.4545454545455 106.0606060606061 106.6666666666667 107.2727272727273 107.8787878787879 108.4848484848485 109.0909090909091 109.6969696969697 110.3030303030303 110.9090909090909 111.5151515151515 112.1212121212121 112.7272727272727 113.3333333333333 113.9393939393939 114.5454545454545 115.1515151515152 115.7575757575758 116.3636363636364 116.969696969697 117.5757575757576 118.1818181818182 118.7878787878788 119.3939393939394 120


# name: y
# type: matrix
# rows: 100
# columns: 1
 215751.9229607504
 214935.2855528838
 214106.1129592318
 213264.6939625649
 212411.3290421843
 211546.3302168937
 210670.020874617
 209782.7355887705
 208884.8199215193
 207976.6302140615
 207058.5333641086
 206130.9065907438
 205194.1371868607
 204248.6222594014
 203294.7684576317
 202332.9916897084
 201363.7168278099
 200387.3774021188
 199404.4152839622
 198415.2803584293
 197420.4301868037
 196420.329659162
 195415.4506375037
 194406.2715897949
 193393.2772153173
 192376.9580617316
 191357.810134273
 190336.3344975113
 189313.0368701186
 188288.4272130961
 187263.0193119259
 186237.3303531177
 185211.8804956345
 184187.1924376848
 183163.790979378
 182142.2025817479
 181122.9549226506
 180106.5764500535
 179093.5959332325
 178084.5420123986
 177079.9427472813
 176080.3251651934
 175086.2148091063
 174098.1352862645
 173116.6078178685
 172142.150790352
 171175.2793087812
 170216.504752898
 169266.3343363277
 168325.2706694668
 167393.8113265631
 166472.4484174919
 165561.6681647298
 164661.9504860172
 163773.768583195
 162897.5885376917
 162033.8689131287
 161183.0603655018
 160345.6052613855
 159521.9373045975
 158712.4811717489
 157917.6521570918
 157137.8558270649
 156373.487684925
 155624.9328458361
 154892.5657227763
 154176.7497236058
 153477.836959625
 152796.1679659369
 152132.07143391
 151485.8639560224
 150857.849783353
 150248.3205959637
 149657.5552864053
 149085.8197565568
 148533.366727993
 148000.4355660554
 147487.252117786
 146994.0285638595
 146520.9632846383
 146068.2407404486
 145636.0313661638
 145224.4914801556
 144833.7632076619
 144463.9744185959
 144115.2386798042
 143787.6552217638
 143481.3089196883
 143196.2702889951
 142932.595495067
 142690.3263772252
 142469.4904868101
 142270.1011392504
 142092.1574799839
 141935.6445640744
 141800.5334493548
 141686.7813029074
 141594.3315206791
 141523.113860011
 141473.0445848482


# name: QUERY
# type: sq_string
# elements: 1
# length: 2
R3


# name: DATASIZE
# type: sq_string
# elements: 1
# length: 3
250


