# Created by Octave 4.0.0, Wed May 18 23:33:04 2016 CEST <peter@Independence>
# name: x
# type: matrix
# rows: 1
# columns: 100
 60 60.60606060606061 61.21212121212122 61.81818181818182 62.42424242424242 63.03030303030303 63.63636363636364 64.24242424242425 64.84848484848484 65.45454545454545 66.06060606060606 66.66666666666667 67.27272727272728 67.87878787878788 68.48484848484848 69.09090909090909 69.69696969696969 70.3030303030303 70.90909090909091 71.51515151515152 72.12121212121212 72.72727272727273 73.33333333333334 73.93939393939394 74.54545454545455 75.15151515151516 75.75757575757575 76.36363636363636 76.96969696969697 77.57575757575758 78.18181818181819 78.78787878787878 79.39393939393939 80 80.60606060606061 81.21212121212122 81.81818181818181 82.42424242424242 83.03030303030303 83.63636363636364 84.24242424242425 84.84848484848484 85.45454545454545 86.06060606060606 86.66666666666667 87.27272727272728 87.87878787878788 88.48484848484848 89.09090909090909 89.6969696969697 90.3030303030303 90.90909090909091 91.51515151515152 92.12121212121212 92.72727272727273 93.33333333333333 93.93939393939394 94.54545454545455 95.15151515151516 95.75757575757575 96.36363636363636 96.96969696969697 97.57575757575758 98.18181818181819 98.78787878787878 99.39393939393939 100 100.6060606060606 101.2121212121212 101.8181818181818 102.4242424242424 103.030303030303 103.6363636363636 104.2424242424242 104.8484848484848 105.4545454545455 106.0606060606061 106.6666666666667 107.2727272727273 107.8787878787879 108.4848484848485 109.0909090909091 109.6969696969697 110.3030303030303 110.9090909090909 111.5151515151515 112.1212121212121 112.7272727272727 113.3333333333333 113.9393939393939 114.5454545454545 115.1515151515152 115.7575757575758 116.3636363636364 116.969696969697 117.5757575757576 118.1818181818182 118.7878787878788 119.3939393939394 120


# name: y
# type: matrix
# rows: 100
# columns: 1
 206911.8275788947
 206244.288892254
 205565.706487066
 204876.3115425162
 204176.3455060184
 203466.0599754553
 202745.7165695816
 202015.5867866552
 201275.9518513809
 200527.1025502634
 199769.3390554877
 199002.9707374596
 198228.3159661554
 197445.7019014474
 196655.4642725865
 195857.9471470421
 195053.5026889125
 194242.4909071357
 193425.2793937467
 192602.2430524416
 191773.7638177234
 190940.2303649192
 190102.0378113725
 189259.5874091275
 188413.2862294368
 187563.5468394331
 186710.7869713235
 185855.4291844704
 184997.9005207392
 184138.6321535004
 183278.0590306861
 182416.6195123089
 181554.7550028605
 180692.9095790166
 179831.5296130806
 178971.0633926072
 178111.9607366539
 177254.6726091104
 176399.6507295672
 175547.3471821828
 174698.2140230173
 173852.7028862999
 173011.2645901034
 172174.3487418959
 171342.4033444462
 170515.8744025552
 169695.2055310868
 168880.8375647708
 168073.2081702477
 167272.7514608234
 166479.8976143967
 165695.0724950209
 164918.6972785543
 164151.1880828491
 163392.9556029231
 162644.4047515503
 161905.9343057006
 161177.9365592499
 160460.796982373
 159754.8938880233
 159060.5981058922
 158378.272664232
 157708.272479914
 157050.9440570821
 156406.6251947512
 155775.6447036849
 155158.3221328764
 154554.9675059419
 153965.8810677209
 153391.3530413649
 152831.663396182
 152287.0816264855
 151757.866541686
 151244.2660678439
 150746.5170608881
 150264.845131688
 149799.4644831503
 149350.5777594946
 148918.3759078458
 148503.0380522653
 148104.7313803213
 147723.6110422884
 147359.8200630427
 147013.4892667058
 146684.7372140712
 146373.6701528315
 146080.3819806052
 145804.9542207464
 145547.4560109035
 145307.9441042759
 145086.4628835002
 144883.0443870825
 144697.7083482755
 144530.4622462835
 144381.3013696638
 144250.2088917753
 144137.1559581111
 144042.1017853379
 143964.9937718477
 143905.7676196168


# name: QUERY
# type: sq_string
# elements: 1
# length: 2
R3


# name: DATASIZE
# type: sq_string
# elements: 1
# length: 3
250


