# Created by Octave 4.0.0, Sun May 22 18:33:46 2016 CEST <peter@Independence>
# name: x
# type: matrix
# rows: 1
# columns: 100
 60 60.60606060606061 61.21212121212122 61.81818181818182 62.42424242424242 63.03030303030303 63.63636363636364 64.24242424242425 64.84848484848484 65.45454545454545 66.06060606060606 66.66666666666667 67.27272727272728 67.87878787878788 68.48484848484848 69.09090909090909 69.69696969696969 70.3030303030303 70.90909090909091 71.51515151515152 72.12121212121212 72.72727272727273 73.33333333333334 73.93939393939394 74.54545454545455 75.15151515151516 75.75757575757575 76.36363636363636 76.96969696969697 77.57575757575758 78.18181818181819 78.78787878787878 79.39393939393939 80 80.60606060606061 81.21212121212122 81.81818181818181 82.42424242424242 83.03030303030303 83.63636363636364 84.24242424242425 84.84848484848484 85.45454545454545 86.06060606060606 86.66666666666667 87.27272727272728 87.87878787878788 88.48484848484848 89.09090909090909 89.6969696969697 90.3030303030303 90.90909090909091 91.51515151515152 92.12121212121212 92.72727272727273 93.33333333333333 93.93939393939394 94.54545454545455 95.15151515151516 95.75757575757575 96.36363636363636 96.96969696969697 97.57575757575758 98.18181818181819 98.78787878787878 99.39393939393939 100 100.6060606060606 101.2121212121212 101.8181818181818 102.4242424242424 103.030303030303 103.6363636363636 104.2424242424242 104.8484848484848 105.4545454545455 106.0606060606061 106.6666666666667 107.2727272727273 107.8787878787879 108.4848484848485 109.0909090909091 109.6969696969697 110.3030303030303 110.9090909090909 111.5151515151515 112.1212121212121 112.7272727272727 113.3333333333333 113.9393939393939 114.5454545454545 115.1515151515152 115.7575757575758 116.3636363636364 116.969696969697 117.5757575757576 118.1818181818182 118.7878787878788 119.3939393939394 120


# name: y
# type: matrix
# rows: 100
# columns: 1
 218960.8797910273
 218257.2521866075
 217553.6245821876
 216849.9969777678
 216146.3693733479
 215442.7417689281
 214739.1141645082
 214035.4865600884
 213331.8589556685
 212628.2313512487
 211924.6037468288
 211220.976142409
 210517.3485379891
 209813.7209335692
 209110.0933291494
 208406.4657247296
 207702.8381203097
 206999.2105158899
 206295.58291147
 205591.9553070502
 204888.3277026303
 204184.7000982105
 203481.0724937906
 202777.4448893708
 202073.8172849509
 201370.189680531
 200666.5620761112
 199962.9344716913
 199259.3068672715
 198555.6792628517
 197852.0516584318
 197148.4240540119
 196444.7964495921
 195741.1688451722
 195037.5412407524
 194333.9136363326
 193630.2860319127
 192926.6584274928
 192223.030823073
 191519.4032186531
 190815.7756142333
 190112.1480098134
 189408.5204053936
 188704.8928009737
 188001.2651965539
 187297.637592134
 186594.0099877142
 185890.3823832943
 185186.7547788745
 184483.1271744546
 183779.4995700348
 183075.8719656149
 182372.2443611951
 181668.6167567752
 180964.9891523554
 180261.3615479355
 179557.7339435157
 178854.1063390958
 178150.478734676
 177446.8511302561
 176743.2235258362
 176039.5959214164
 175335.9683169966
 174632.3407125767
 173928.7131081569
 173225.085503737
 172521.4578993171
 171817.8302948973
 171114.2026904775
 170410.5750860576
 169706.9474816378
 169003.3198772179
 168299.692272798
 167596.0646683782
 166892.4370639584
 166188.8094595385
 165485.1818551186
 164781.5542506988
 164077.9266462789
 163374.2990418591
 162670.6714374392
 161967.0438330194
 161263.4162285996
 160559.7886241797
 159856.1610197598
 159152.53341534
 158448.9058109201
 157745.2782065003
 157041.6506020805
 156338.0229976606
 155634.3953932407
 154930.7677888209
 154227.140184401
 153523.5125799812
 152819.8849755613
 152116.2573711415
 151412.6297667216
 150709.0021623018
 150005.3745578819
 149301.7469534621


# name: QUERY
# type: sq_string
# elements: 1
# length: 2
R3


# name: DATASIZE
# type: sq_string
# elements: 1
# length: 3
250


