# Created by Octave 4.0.0, Sun May 22 18:33:46 2016 CEST <peter@Independence>
# name: x
# type: matrix
# rows: 1
# columns: 100
 60 60.60606060606061 61.21212121212122 61.81818181818182 62.42424242424242 63.03030303030303 63.63636363636364 64.24242424242425 64.84848484848484 65.45454545454545 66.06060606060606 66.66666666666667 67.27272727272728 67.87878787878788 68.48484848484848 69.09090909090909 69.69696969696969 70.3030303030303 70.90909090909091 71.51515151515152 72.12121212121212 72.72727272727273 73.33333333333334 73.93939393939394 74.54545454545455 75.15151515151516 75.75757575757575 76.36363636363636 76.96969696969697 77.57575757575758 78.18181818181819 78.78787878787878 79.39393939393939 80 80.60606060606061 81.21212121212122 81.81818181818181 82.42424242424242 83.03030303030303 83.63636363636364 84.24242424242425 84.84848484848484 85.45454545454545 86.06060606060606 86.66666666666667 87.27272727272728 87.87878787878788 88.48484848484848 89.09090909090909 89.6969696969697 90.3030303030303 90.90909090909091 91.51515151515152 92.12121212121212 92.72727272727273 93.33333333333333 93.93939393939394 94.54545454545455 95.15151515151516 95.75757575757575 96.36363636363636 96.96969696969697 97.57575757575758 98.18181818181819 98.78787878787878 99.39393939393939 100 100.6060606060606 101.2121212121212 101.8181818181818 102.4242424242424 103.030303030303 103.6363636363636 104.2424242424242 104.8484848484848 105.4545454545455 106.0606060606061 106.6666666666667 107.2727272727273 107.8787878787879 108.4848484848485 109.0909090909091 109.6969696969697 110.3030303030303 110.9090909090909 111.5151515151515 112.1212121212121 112.7272727272727 113.3333333333333 113.9393939393939 114.5454545454545 115.1515151515152 115.7575757575758 116.3636363636364 116.969696969697 117.5757575757576 118.1818181818182 118.7878787878788 119.3939393939394 120


# name: y
# type: matrix
# rows: 1
# columns: 100
 214277.3525148719 213657.4714802456 213037.5904456192 212417.7094109929 211797.8283763666 211177.9473417402 210558.0663071139 209938.1852724876 209318.3042378613 208698.4232032349 208078.5421686086 207458.6611339823 206838.780099356 206218.8990647296 205599.0180301033 204979.136995477 204359.2559608506 203739.3749262243 203119.493891598 202499.6128569717 201879.7318223453 201259.850787719 200639.9697530927 200020.0887184663 199400.20768384 198780.3266492137 198160.4456145874 197540.564579961 196920.6835453347 196300.8025107084 195680.9214760821 195061.0404414557 194441.1594068294 193821.2783722031 193201.3973375768 192581.5163029504 191961.6352683241 191341.7542336977 190721.8731990714 190101.9921644451 189482.1111298188 188862.2300951924 188242.3490605661 187622.4680259398 187002.5869913135 186382.7059566871 185762.8249220608 185142.9438874345 184523.0628528082 183903.1818181818 183283.3007835555 182663.4197489292 182043.5387143028 181423.6576796765 180803.7766450502 180183.8956104239 179564.0145757975 178944.1335411712 178324.2525065449 177704.3714719186 177084.4904372922 176464.6094026659 175844.7283680396 175224.8473334133 174604.9662987869 173985.0852641606 173365.2042295343 172745.3231949079 172125.4421602816 171505.5611256553 170885.6800910289 170265.7990564026 169645.9180217763 169026.03698715 168406.1559525236 167786.2749178973 167166.393883271 166546.5128486447 165926.6318140183 165306.750779392 164686.8697447657 164066.9887101394 163447.107675513 162827.2266408867 162207.3456062604 161587.464571634 160967.5835370077 160347.7025023814 159727.821467755 159107.9404331287 158488.0593985024 157868.1783638761 157248.2973292497 156628.4162946234 156008.5352599971 155388.6542253708 154768.7731907444 154148.8921561181 153529.0111214918 152909.1300868655


# name: QUERY
# type: sq_string
# elements: 1
# length: 2
R3


# name: DATASIZE
# type: sq_string
# elements: 1
# length: 3
250


