# Created by Octave 4.0.0, Wed May 18 23:33:03 2016 CEST <peter@Independence>
# name: x
# type: matrix
# rows: 1
# columns: 100
 60 60.60606060606061 61.21212121212122 61.81818181818182 62.42424242424242 63.03030303030303 63.63636363636364 64.24242424242425 64.84848484848484 65.45454545454545 66.06060606060606 66.66666666666667 67.27272727272728 67.87878787878788 68.48484848484848 69.09090909090909 69.69696969696969 70.3030303030303 70.90909090909091 71.51515151515152 72.12121212121212 72.72727272727273 73.33333333333334 73.93939393939394 74.54545454545455 75.15151515151516 75.75757575757575 76.36363636363636 76.96969696969697 77.57575757575758 78.18181818181819 78.78787878787878 79.39393939393939 80 80.60606060606061 81.21212121212122 81.81818181818181 82.42424242424242 83.03030303030303 83.63636363636364 84.24242424242425 84.84848484848484 85.45454545454545 86.06060606060606 86.66666666666667 87.27272727272728 87.87878787878788 88.48484848484848 89.09090909090909 89.6969696969697 90.3030303030303 90.90909090909091 91.51515151515152 92.12121212121212 92.72727272727273 93.33333333333333 93.93939393939394 94.54545454545455 95.15151515151516 95.75757575757575 96.36363636363636 96.96969696969697 97.57575757575758 98.18181818181819 98.78787878787878 99.39393939393939 100 100.6060606060606 101.2121212121212 101.8181818181818 102.4242424242424 103.030303030303 103.6363636363636 104.2424242424242 104.8484848484848 105.4545454545455 106.0606060606061 106.6666666666667 107.2727272727273 107.8787878787879 108.4848484848485 109.0909090909091 109.6969696969697 110.3030303030303 110.9090909090909 111.5151515151515 112.1212121212121 112.7272727272727 113.3333333333333 113.9393939393939 114.5454545454545 115.1515151515152 115.7575757575758 116.3636363636364 116.969696969697 117.5757575757576 118.1818181818182 118.7878787878788 119.3939393939394 120


# name: y
# type: matrix
# rows: 1
# columns: 100
 196490.0956018449 196233.2198103416 195976.3440188383 195719.4682273349 195462.5924358316 195205.7166443283 194948.8408528249 194691.9650613216 194435.0892698183 194178.213478315 193921.3376868116 193664.4618953083 193407.586103805 193150.7103123016 192893.8345207983 192636.958729295 192380.0829377917 192123.2071462883 191866.331354785 191609.4555632817 191352.5797717783 191095.703980275 190838.8281887717 190581.9523972684 190325.076605765 190068.2008142617 189811.3250227584 189554.449231255 189297.5734397517 189040.6976482484 188783.8218567451 188526.9460652417 188270.0702737384 188013.1944822351 187756.3186907317 187499.4428992284 187242.5671077251 186985.6913162218 186728.8155247184 186471.9397332151 186215.0639417118 185958.1881502084 185701.3123587051 185444.4365672018 185187.5607756985 184930.6849841951 184673.8091926918 184416.9334011885 184160.0576096851 183903.1818181818 183646.3060266785 183389.4302351752 183132.5544436718 182875.6786521685 182618.8028606652 182361.9270691618 182105.0512776585 181848.1754861552 181591.2996946519 181334.4239031485 181077.5481116452 180820.6723201419 180563.7965286385 180306.9207371352 180050.0449456319 179793.1691541286 179536.2933626252 179279.4175711219 179022.5417796186 178765.6659881153 178508.7901966119 178251.9144051086 177995.0386136053 177738.1628221019 177481.2870305986 177224.4112390953 176967.535447592 176710.6596560886 176453.7838645853 176196.908073082 175940.0322815786 175683.1564900753 175426.280698572 175169.4049070687 174912.5291155653 174655.653324062 174398.7775325587 174141.9017410554 173885.025949552 173628.1501580487 173371.2743665454 173114.398575042 172857.5227835387 172600.6469920354 172343.7712005321 172086.8954090287 171830.0196175254 171573.1438260221 171316.2680345187 171059.3922430154


# name: QUERY
# type: sq_string
# elements: 1
# length: 2
R3


# name: DATASIZE
# type: sq_string
# elements: 1
# length: 3
250


