# Created by Octave 4.0.0, Wed May 18 23:33:04 2016 CEST <peter@Independence>
# name: x
# type: matrix
# rows: 1
# columns: 100
 60 60.60606060606061 61.21212121212122 61.81818181818182 62.42424242424242 63.03030303030303 63.63636363636364 64.24242424242425 64.84848484848484 65.45454545454545 66.06060606060606 66.66666666666667 67.27272727272728 67.87878787878788 68.48484848484848 69.09090909090909 69.69696969696969 70.3030303030303 70.90909090909091 71.51515151515152 72.12121212121212 72.72727272727273 73.33333333333334 73.93939393939394 74.54545454545455 75.15151515151516 75.75757575757575 76.36363636363636 76.96969696969697 77.57575757575758 78.18181818181819 78.78787878787878 79.39393939393939 80 80.60606060606061 81.21212121212122 81.81818181818181 82.42424242424242 83.03030303030303 83.63636363636364 84.24242424242425 84.84848484848484 85.45454545454545 86.06060606060606 86.66666666666667 87.27272727272728 87.87878787878788 88.48484848484848 89.09090909090909 89.6969696969697 90.3030303030303 90.90909090909091 91.51515151515152 92.12121212121212 92.72727272727273 93.33333333333333 93.93939393939394 94.54545454545455 95.15151515151516 95.75757575757575 96.36363636363636 96.96969696969697 97.57575757575758 98.18181818181819 98.78787878787878 99.39393939393939 100 100.6060606060606 101.2121212121212 101.8181818181818 102.4242424242424 103.030303030303 103.6363636363636 104.2424242424242 104.8484848484848 105.4545454545455 106.0606060606061 106.6666666666667 107.2727272727273 107.8787878787879 108.4848484848485 109.0909090909091 109.6969696969697 110.3030303030303 110.9090909090909 111.5151515151515 112.1212121212121 112.7272727272727 113.3333333333333 113.9393939393939 114.5454545454545 115.1515151515152 115.7575757575758 116.3636363636364 116.969696969697 117.5757575757576 118.1818181818182 118.7878787878788 119.3939393939394 120


# name: y
# type: matrix
# rows: 100
# columns: 1
 211915.4669803936
 211333.4475796917
 210751.4281789899
 210169.4087782881
 209587.3893775862
 209005.3699768844
 208423.3505761825
 207841.3311754807
 207259.3117747788
 206677.292374077
 206095.2729733752
 205513.2535726733
 204931.2341719715
 204349.2147712696
 203767.1953705678
 203185.175969866
 202603.1565691641
 202021.1371684623
 201439.1177677604
 200857.0983670586
 200275.0789663567
 199693.0595656549
 199111.040164953
 198529.0207642512
 197947.0013635494
 197364.9819628475
 196782.9625621457
 196200.9431614439
 195618.923760742
 195036.9043600402
 194454.8849593383
 193872.8655586365
 193290.8461579346
 192708.8267572328
 192126.807356531
 191544.7879558291
 190962.7685551273
 190380.7491544254
 189798.7297537236
 189216.7103530217
 188634.6909523199
 188052.6715516181
 187470.6521509162
 186888.6327502144
 186306.6133495125
 185724.5939488107
 185142.5745481089
 184560.555147407
 183978.5357467052
 183396.5163460033
 182814.4969453015
 182232.4775445996
 181650.4581438978
 181068.438743196
 180486.4193424941
 179904.3999417923
 179322.3805410904
 178740.3611403886
 178158.3417396868
 177576.3223389849
 176994.3029382831
 176412.2835375812
 175830.2641368794
 175248.2447361776
 174666.2253354757
 174084.2059347739
 173502.186534072
 172920.1671333702
 172338.1477326684
 171756.1283319665
 171174.1089312647
 170592.0895305628
 170010.070129861
 169428.0507291591
 168846.0313284573
 168264.0119277555
 167681.9925270536
 167099.9731263518
 166517.9537256499
 165935.9343249481
 165353.9149242463
 164771.8955235444
 164189.8761228426
 163607.8567221407
 163025.8373214389
 162443.8179207371
 161861.7985200352
 161279.7791193334
 160697.7597186315
 160115.7403179297
 159533.7209172279
 158951.701516526
 158369.6821158242
 157787.6627151223
 157205.6433144205
 156623.6239137186
 156041.6045130168
 155459.585112315
 154877.5657116131
 154295.5463109113


# name: QUERY
# type: sq_string
# elements: 1
# length: 2
R3


# name: DATASIZE
# type: sq_string
# elements: 1
# length: 3
250


