# Created by Octave 4.0.0, Wed May 18 23:32:56 2016 CEST <peter@Independence>
# name: SVs
# type: cell
# rows: 1
# columns: 7
# name: <cell-element>
# type: sparse matrix
# nnz: 84
# rows: 12
# columns: 7
1 1 -0.03936855620629563
2 1 0.611474877580065
3 1 -0.8746216367285774
4 1 -0.519506841123681
5 1 0.399656235110252
6 1 -0.0754330242772059
7 1 -0.5447519687733182
8 1 2.574584089573281
9 1 -0.8306229856820669
10 1 -0.7738815559171681
11 1 0.3094950649329763
12 1 1.736686281392465
1 2 0.6227197748110267
2 2 1.338889941052918
3 2 -0.981651233761196
4 2 -0.9103853957082272
5 2 1.453093212413753
6 2 1.189053750665598
7 2 -0.8635615862121899
8 2 1.526419298084547
9 2 -0.8216074529037405
10 2 -0.8826657004865731
11 2 0.6251077890953246
12 2 1.564299759966841
1 3 1.420712958919791
2 3 0.01757686587564162
3 3 -0.1591961852165347
4 3 -0.1039546067502296
5 3 1.045070225348916
6 3 2.194095057448063
7 3 -1.252979438849376
8 3 0.8130555957904351
9 3 -1.705960382273078
10 3 0.2716881268206451
11 3 0.3379780209802112
12 3 -0.5348389187874094
1 4 0.309879045000604
2 4 -0.7261274147265017
3 4 2.545882936723177
4 4 -0.1013999013232219
5 4 -0.2731999675091238
6 4 0.7940428678881459
7 4 -1.004651764452131
8 4 0.622242801702244
9 4 -1.12699423582694
10 4 3.967138029715638
11 4 0.7159519287127359
12 4 0.1771244484024071
1 5 -0.4837614467245008
2 5 -0.395973088365463
3 5 -0.9717234307731665
4 5 -1.425397125688469
5 5 -0.2713980479462591
6 5 1.337825451355476
7 5 0.5811570004551525
8 5 0.2657564313163522
9 5 0.6433583691845198
10 5 2.826178423888094
11 5 -0.2809608622522976
12 5 0.1854632517377229
1 6 -0.2776050414616661
2 6 0.7935463252355677
3 6 -0.8359234425725723
4 6 -1.562860168335654
5 6 -0.5327860441504031
6 6 2.306821660182572
7 6 -0.5103694931356826
8 6 2.154116319275415
9 6 0.4039253195035198
10 6 1.297602440160047
11 6 0.7724739765744636
12 6 0.7733635222496509
1 7 -0.4412348520778874
2 7 -1.35128173448853
3 7 -0.4412348520778874
4 7 1.378858912743397
5 7 0.4688120303327548
6 7 -1.35128173448853
7 7 1.378858912743397
8 7 -1.35128173448853
9 7 -0.4412348520778874
10 7 0.4688120303327548
11 7 -1.35128173448853
12 7 -0.4412348520778874



# name: <cell-element>
# type: sparse matrix
# nnz: 161
# rows: 23
# columns: 7
1 1 -0.3879917475584282
2 1 -0.3216331263079533
3 1 0.611474877580065
4 1 -0.8746216367285774
5 1 -0.519506841123681
6 1 -0.4418480198776542
7 1 -0.7440682623118823
8 1 -0.4526673602989273
9 1 -0.4572355262545759
10 1 -0.1095740540510009
11 1 0.8615218562050428
12 1 1.054586975277982
13 1 -0.0754330242772059
14 1 -0.5447519687733182
15 1 0.7393835243382267
16 1 -0.2593618114388482
17 1 -0.673862764467177
18 1 0.1202768224542672
19 1 0.3431552351324926
20 1 -0.8306229856820669
21 1 -0.01388299876951904
22 1 -0.7738815559171681
23 1 0.3094950649329763
1 2 -0.7346556386695992
2 2 -0.8710065719220599
3 2 1.338889941052918
4 2 -0.981651233761196
5 2 -0.9103853957082272
6 2 -0.6360915196804406
7 2 -1.010494700410755
8 2 -0.8798094481073149
9 2 -0.6485466530063866
10 2 0.00403677993988559
11 2 1.566266359965675
12 2 0.6779718700163507
13 2 1.189053750665598
14 2 -0.8635615862121899
15 2 0.7910045461397848
16 2 -0.8729731719208934
17 2 -0.8776087290610011
18 2 1.439982545754862
19 2 1.357010755327884
20 2 -0.8216074529037405
21 2 0.9841995841204348
22 2 -0.8826657004865731
23 2 0.6251077890953246
1 3 -0.1812928166030567
2 3 0.0617701286486857
3 3 0.01757686587564162
4 3 -0.1591961852165347
5 3 -0.1039546067502296
6 3 0.2716881268206451
7 3 -0.3801624990817551
8 3 -0.5790321815604534
9 3 -1.496042384101118
10 3 -2.313617745402433
11 3 0.6031375976184756
12 3 1.277084854907398
13 3 2.194095057448063
14 3 -1.252979438849376
15 3 0.5147510720723875
16 3 -0.2254860793761008
17 3 -1.18668954468981
18 3 0.6583791760847808
19 3 0.227494864047601
20 3 -1.705960382273078
21 3 -1.783298592125905
22 3 0.2716881268206451
23 3 0.3379780209802112
1 4 -0.2940242179558998
2 4 -0.3903363762722388
3 4 -0.7261274147265017
4 4 2.545882936723177
5 4 -0.1013999013232219
6 4 -0.3018333118734408
7 4 0.549357925138528
8 4 -0.4163666893307088
9 4 -1.046300265345683
10 4 -1.389900397717486
11 4 -0.4840455032827308
12 4 1.738943231910607
13 4 0.7940428678881459
14 4 -1.004651764452131
15 4 1.080376311531316
16 4 0.221375980601806
17 4 -0.7209213521148077
18 4 -0.06756049434721086
19 4 0.387969984176014
20 4 -1.12699423582694
21 4 0.1198577596737731
22 4 3.967138029715638
23 4 0.7159519287127359
1 5 -1.145490966406316
2 5 -0.8276781558209474
3 5 -0.395973088365463
4 5 -0.9717234307731665
5 5 -1.425397125688469
6 5 2.322709173397203
7 5 -1.186326768037507
8 5 2.55773041147714
9 5 -1.005494811025122
10 5 -0.3302395089464778
11 5 0.9665125715444325
12 5 0.08156456657481845
13 5 1.337825451355476
14 5 0.5811570004551525
15 5 -0.09392599866302266
16 5 0.1845155854551425
17 5 -1.012645383884592
18 5 1.0655867738142
19 5 0.9398056126717125
20 5 0.6433583691845198
21 5 1.031987696522714
22 5 2.826178423888094
23 5 -0.2809608622522976
1 6 -1.387540599597067
2 6 -1.257034365206251
3 6 0.7935463252355677
4 6 -0.8359234425725723
5 6 -1.562860168335654
6 6 0.9802916139798933
7 6 -1.228667742008611
8 6 0.4895589165015529
9 6 -1.194805703306481
10 6 0.001692532865482752
11 6 1.112537404357742
12 6 1.466576583082297
13 6 2.306821660182572
14 6 -0.5103694931356826
15 6 1.191627898722731
16 6 -0.6972729233333748
17 6 -1.123226927976407
18 6 1.034771344664699
19 6 0.8393282759852086
20 6 0.4039253195035198
21 6 0.3291046443794304
22 6 1.297602440160047
23 6 0.7724739765744636
1 7 1.378858912743397
2 7 1.378858912743397
3 7 -1.35128173448853
4 7 -0.4412348520778874
5 7 1.378858912743397
6 7 0.4688120303327548
7 7 0.4688120303327548
8 7 1.378858912743397
9 7 0.4688120303327548
10 7 -0.4412348520778874
11 7 -0.4412348520778874
12 7 -1.35128173448853
13 7 -1.35128173448853
14 7 1.378858912743397
15 7 -1.35128173448853
16 7 1.378858912743397
17 7 0.4688120303327548
18 7 -0.4412348520778874
19 7 -0.4412348520778874
20 7 -0.4412348520778874
21 7 0.4688120303327548
22 7 0.4688120303327548
23 7 -1.35128173448853



# name: <cell-element>
# type: sparse matrix
# nnz: 35
# rows: 5
# columns: 7
1 1 -0.3216331263079533
2 1 0.611474877580065
3 1 -0.7440682623118823
4 1 -0.7738815559171681
5 1 0.3094950649329763
1 2 -0.8710065719220599
2 2 1.338889941052918
3 2 -1.010494700410755
4 2 -0.8826657004865731
5 2 0.6251077890953246
1 3 0.0617701286486857
2 3 0.01757686587564162
3 3 -0.3801624990817551
4 3 0.2716881268206451
5 3 0.3379780209802112
1 4 -0.3903363762722388
2 4 -0.7261274147265017
3 4 0.549357925138528
4 4 3.967138029715638
5 4 0.7159519287127359
1 5 -0.8276781558209474
2 5 -0.395973088365463
3 5 -1.186326768037507
4 5 2.826178423888094
5 5 -0.2809608622522976
1 6 -1.257034365206251
2 6 0.7935463252355677
3 6 -1.228667742008611
4 6 1.297602440160047
5 6 0.7724739765744636
1 7 1.378858912743397
2 7 -1.35128173448853
3 7 0.4688120303327548
4 7 0.4688120303327548
5 7 -1.35128173448853



