# Created by Octave 4.0.0, Sun May 22 18:33:46 2016 CEST <peter@Independence>
# name: SVs
# type: cell
# rows: 1
# columns: 7
# name: <cell-element>
# type: sparse matrix
# nnz: 77
# rows: 11
# columns: 7
1 1 -0.7387788069948155
2 1 2.574584089573281
3 1 4.115979454923985
4 1 -0.0754330242772059
5 1 1.906429711112883
6 1 2.364208025826304
7 1 -0.8746216367285774
8 1 0.399656235110252
9 1 2.169940757817667
10 1 -0.4916169858155104
11 1 -0.5447519687733182
1 2 -0.9034086480933177
2 2 1.526419298084547
3 2 1.56987179329687
4 2 1.189053750665598
5 2 1.364596212466242
6 2 1.352515669616264
7 2 -0.981651233761196
8 2 1.453093212413753
9 2 1.303584788692905
10 2 -0.8548055338364309
11 2 -0.8635615862121899
1 3 0.006528550182380598
2 3 0.8130555957904351
3 3 0.1280600228082518
4 3 2.194095057448063
5 3 2.956428840283073
6 3 -0.6674187071065416
7 3 -0.1591961852165347
8 3 1.045070225348916
9 3 -0.6011288129469755
10 3 0.1612049698880349
11 3 -1.252979438849376
1 4 -0.4033515328014738
2 4 0.622242801702244
3 4 0.9528277775448128
4 4 0.7940428678881459
5 4 2.561501124558259
6 4 -0.6402273816335508
7 4 2.545882936723177
8 4 -0.2731999675091238
9 4 -1.002048733146284
10 4 -0.3096424057909818
11 4 -1.004651764452131
1 5 -0.4569683363715462
2 5 0.2657564313163522
3 5 0.07846311328637354
4 5 1.337825451355476
5 5 0.2054503951521456
6 5 0.3960174694310384
7 5 -0.9717234307731665
8 5 -0.2713980479462591
9 5 -0.3133538188205
10 5 -1.234399294008403
11 5 0.5811570004551525
1 6 -0.4074589423573446
2 6 2.154116319275415
3 6 1.571088316075972
4 6 2.306821660182572
5 6 1.791695643522428
6 6 0.9986557902520938
7 6 -0.8359234425725723
8 6 -0.5327860441504031
9 6 0.6473050162347717
10 6 -1.451133231532125
11 6 -0.5103694931356826
1 7 -0.4412348520778874
2 7 -1.35128173448853
3 7 -1.35128173448853
4 7 -1.35128173448853
5 7 -1.35128173448853
6 7 -0.4412348520778874
7 7 -0.4412348520778874
8 7 0.4688120303327548
9 7 -1.35128173448853
10 7 1.378858912743397
11 7 1.378858912743397



# name: <cell-element>
# type: sparse matrix
# nnz: 161
# rows: 23
# columns: 7
1 1 0.9329295029854452
2 1 0.1253258479841946
3 1 0.3094950649329763
4 1 -0.2826835007913702
5 1 1.054586975277982
6 1 -0.01388299876951904
7 1 -0.7265168878507059
8 1 -0.5589373262145428
9 1 -0.0754330242772059
10 1 1.906429711112883
11 1 -0.7825370282541866
12 1 0.611474877580065
13 1 -0.5154195347423112
14 1 -0.8746216367285774
15 1 0.3431552351324926
16 1 -0.8190823558993756
17 1 -0.1675176327515968
18 1 2.169940757817667
19 1 -0.5447519687733182
20 1 -0.3216331263079533
21 1 -0.3514464199132392
22 1 -0.9207841558593426
23 1 0.1298940139398432
1 2 1.36473668389473
2 2 0.6243586081433879
3 2 0.6251077890953246
4 2 -0.6890024244109628
5 2 0.6779718700163507
6 2 0.9841995841204348
7 2 -0.9447540718783186
8 2 -1.004079838509798
9 2 1.189053750665598
10 2 1.364596212466242
11 2 -1.017190505168688
12 2 1.338889941052918
13 2 -0.6897984291723954
14 2 -0.981651233761196
15 2 1.357010755327884
16 2 -0.7845229957828789
17 2 0.8290254794505671
18 2 1.303584788692905
19 2 -0.8635615862121899
20 2 -0.8710065719220599
21 2 0.2887723654852885
22 2 -0.6222316720696136
23 2 -0.09265438666943147
1 3 1.155553382281527
2 3 -0.9767715465178501
3 3 0.3379780209802112
4 3 -0.05976134397718552
5 3 1.277084854907398
6 3 -1.783298592125905
7 3 -1.098303019143721
8 3 -1.054109756370677
9 3 2.194095057448063
10 3 2.956428840283073
11 3 0.6473308603915198
12 3 0.01757686587564162
13 3 -0.32492092061545
14 3 -0.1591961852165347
15 3 0.227494864047601
16 3 1.29918148629392
17 3 -0.6121771286402365
18 3 -0.6011288129469755
19 3 -1.252979438849376
20 3 0.0617701286486857
21 3 -0.7668535483458908
22 3 -0.6232254443334975
23 3 0.1612049698880349
1 4 -0.1430484022167738
2 4 -0.07536958826475186
3 4 0.7159519287127359
4 4 -0.5699455363756817
5 4 1.738943231910607
6 4 0.1198577596737731
7 4 -1.322221583765465
8 4 -0.8016153225960646
9 4 0.7940428678881459
10 4 2.561501124558259
11 4 -0.5413121920113647
12 4 -0.7261274147265017
13 4 -0.8823092930773216
14 4 2.545882936723177
15 4 0.387969984176014
16 4 -0.1066059639349159
17 4 -1.189466987167268
18 4 -1.002048733146284
19 4 -1.004651764452131
20 4 -0.3903363762722388
21 4 -1.059315421874918
22 4 0.656082208678255
23 4 0.8929580575103319
1 5 -0.09263372645950395
2 5 -0.1844712043895671
3 5 -0.2809608622522976
4 5 -0.6563228616343662
5 5 0.08156456657481845
6 5 1.031987696522714
7 5 1.548293517568557
8 5 1.088675370517068
9 5 1.337825451355476
10 5 0.2054503951521456
11 5 -1.444867360221484
12 5 -0.395973088365463
13 5 -0.3093046992494747
14 5 -0.9717234307731665
15 5 0.9398056126717125
16 5 -0.3077539726052522
17 5 -0.6379725963444004
18 5 -0.3133538188205
19 5 0.5811570004551525
20 5 -0.8276781558209474
21 5 -0.6010136113237653
22 5 -1.087424868728208
23 5 -0.1671547568624163
1 6 1.237192404973992
2 6 -0.8299536027079818
3 6 0.7724739765744636
4 6 -1.139930618988258
5 6 1.466576583082297
6 6 0.3291046443794304
7 6 0.4848344405822246
8 6 -0.2420034467725024
9 6 2.306821660182572
10 6 1.791695643522428
11 6 -1.451904171117288
12 6 0.7935463252355677
13 6 -0.6607817829690237
14 6 -0.8359234425725723
15 6 0.8393282759852086
16 6 0.4424722987616372
17 6 -0.7796646205373918
18 6 0.6473050162347717
19 6 -0.5103694931356826
20 6 -1.257034365206251
21 6 -0.7891926431027315
22 6 -0.9032719340250882
23 6 0.9316433493879821
1 7 -1.35128173448853
2 7 1.378858912743397
3 7 -1.35128173448853
4 7 1.378858912743397
5 7 -1.35128173448853
6 7 0.4688120303327548
7 7 0.4688120303327548
8 7 1.378858912743397
9 7 -1.35128173448853
10 7 -1.35128173448853
11 7 0.4688120303327548
12 7 -1.35128173448853
13 7 0.4688120303327548
14 7 -0.4412348520778874
15 7 -0.4412348520778874
16 7 -1.35128173448853
17 7 0.4688120303327548
18 7 -1.35128173448853
19 7 1.378858912743397
20 7 1.378858912743397
21 7 0.4688120303327548
22 7 -0.4412348520778874
23 7 -1.35128173448853



