# Created by Octave 4.0.0, Wed May 18 23:33:04 2016 CEST <peter@Independence>
# name: x
# type: matrix
# rows: 1
# columns: 100
 60 60.60606060606061 61.21212121212122 61.81818181818182 62.42424242424242 63.03030303030303 63.63636363636364 64.24242424242425 64.84848484848484 65.45454545454545 66.06060606060606 66.66666666666667 67.27272727272728 67.87878787878788 68.48484848484848 69.09090909090909 69.69696969696969 70.3030303030303 70.90909090909091 71.51515151515152 72.12121212121212 72.72727272727273 73.33333333333334 73.93939393939394 74.54545454545455 75.15151515151516 75.75757575757575 76.36363636363636 76.96969696969697 77.57575757575758 78.18181818181819 78.78787878787878 79.39393939393939 80 80.60606060606061 81.21212121212122 81.81818181818181 82.42424242424242 83.03030303030303 83.63636363636364 84.24242424242425 84.84848484848484 85.45454545454545 86.06060606060606 86.66666666666667 87.27272727272728 87.87878787878788 88.48484848484848 89.09090909090909 89.6969696969697 90.3030303030303 90.90909090909091 91.51515151515152 92.12121212121212 92.72727272727273 93.33333333333333 93.93939393939394 94.54545454545455 95.15151515151516 95.75757575757575 96.36363636363636 96.96969696969697 97.57575757575758 98.18181818181819 98.78787878787878 99.39393939393939 100 100.6060606060606 101.2121212121212 101.8181818181818 102.4242424242424 103.030303030303 103.6363636363636 104.2424242424242 104.8484848484848 105.4545454545455 106.0606060606061 106.6666666666667 107.2727272727273 107.8787878787879 108.4848484848485 109.0909090909091 109.6969696969697 110.3030303030303 110.9090909090909 111.5151515151515 112.1212121212121 112.7272727272727 113.3333333333333 113.9393939393939 114.5454545454545 115.1515151515152 115.7575757575758 116.3636363636364 116.969696969697 117.5757575757576 118.1818181818182 118.7878787878788 119.3939393939394 120


# name: y
# type: matrix
# rows: 100
# columns: 1
 136272.1136130431
 136571.2705875511
 136864.2593770176
 137151.0799814428
 137431.7324008265
 137706.2166351689
 137974.5326844699
 138236.6805487294
 138492.6602279475
 138742.4717221243
 138986.1150312597
 139223.5901553536
 139454.8970944062
 139680.0358484173
 139899.006417387
 140111.8088013153
 140318.4430002023
 140518.9090140479
 140713.206842852
 140901.3364866147
 141083.2979453361
 141259.091219016
 141428.7163076545
 141592.1732112516
 141749.4619298074
 141900.5824633217
 142045.5348117946
 142184.3189752262
 142316.9349536163
 142443.382746965
 142563.6623552723
 142677.7737785383
 142785.7170167628
 142887.4920699459
 142983.0989380876
 143072.5376211879
 143155.8081192469
 143232.9104322644
 143303.8445602405
 143368.6105031752
 143427.2082610685
 143479.6378339204
 143525.8992217309
 143565.9924245
 143599.9174422277
 143627.6742749141
 143649.2629225589
 143664.6833851624
 143673.9356627245
 143677.0197552452
 143673.9356627245
 143664.6833851624
 143649.262922559
 143627.6742749141
 143599.9174422277
 143565.9924245
 143525.8992217309
 143479.6378339204
 143427.2082610685
 143368.6105031752
 143303.8445602405
 143232.9104322644
 143155.8081192469
 143072.5376211879
 142983.0989380876
 142887.4920699459
 142785.7170167628
 142677.7737785383
 142563.6623552723
 142443.382746965
 142316.9349536163
 142184.3189752262
 142045.5348117946
 141900.5824633217
 141749.4619298074
 141592.1732112516
 141428.7163076545
 141259.091219016
 141083.2979453361
 140901.3364866147
 140713.206842852
 140518.9090140478
 140318.4430002023
 140111.8088013154
 139899.006417387
 139680.0358484173
 139454.8970944061
 139223.5901553536
 138986.1150312596
 138742.4717221243
 138492.6602279475
 138236.6805487294
 137974.5326844698
 137706.2166351689
 137431.7324008266
 137151.0799814428
 136864.2593770176
 136571.2705875511
 136272.1136130431
 135966.7884534938


# name: QUERY
# type: sq_string
# elements: 1
# length: 2
R3


# name: DATASIZE
# type: sq_string
# elements: 1
# length: 3
250


