# Created by Octave 4.0.0, Wed May 18 23:33:04 2016 CEST <peter@Independence>
# name: x
# type: matrix
# rows: 1
# columns: 100
 60 60.60606060606061 61.21212121212122 61.81818181818182 62.42424242424242 63.03030303030303 63.63636363636364 64.24242424242425 64.84848484848484 65.45454545454545 66.06060606060606 66.66666666666667 67.27272727272728 67.87878787878788 68.48484848484848 69.09090909090909 69.69696969696969 70.3030303030303 70.90909090909091 71.51515151515152 72.12121212121212 72.72727272727273 73.33333333333334 73.93939393939394 74.54545454545455 75.15151515151516 75.75757575757575 76.36363636363636 76.96969696969697 77.57575757575758 78.18181818181819 78.78787878787878 79.39393939393939 80 80.60606060606061 81.21212121212122 81.81818181818181 82.42424242424242 83.03030303030303 83.63636363636364 84.24242424242425 84.84848484848484 85.45454545454545 86.06060606060606 86.66666666666667 87.27272727272728 87.87878787878788 88.48484848484848 89.09090909090909 89.6969696969697 90.3030303030303 90.90909090909091 91.51515151515152 92.12121212121212 92.72727272727273 93.33333333333333 93.93939393939394 94.54545454545455 95.15151515151516 95.75757575757575 96.36363636363636 96.96969696969697 97.57575757575758 98.18181818181819 98.78787878787878 99.39393939393939 100 100.6060606060606 101.2121212121212 101.8181818181818 102.4242424242424 103.030303030303 103.6363636363636 104.2424242424242 104.8484848484848 105.4545454545455 106.0606060606061 106.6666666666667 107.2727272727273 107.8787878787879 108.4848484848485 109.0909090909091 109.6969696969697 110.3030303030303 110.9090909090909 111.5151515151515 112.1212121212121 112.7272727272727 113.3333333333333 113.9393939393939 114.5454545454545 115.1515151515152 115.7575757575758 116.3636363636364 116.969696969697 117.5757575757576 118.1818181818182 118.7878787878788 119.3939393939394 120


# name: y
# type: matrix
# rows: 100
# columns: 1
 161146.6224192372
 161220.3991019385
 161289.7060380952
 161354.7275138219
 161415.6439355249
 161472.6318299035
 161525.8638439489
 161575.5087449447
 161621.7314204668
 161664.6928783836
 161704.5502468557
 161741.456774336
 161775.5618295698
 161807.0109015948
 161835.9455997408
 161862.5036536301
 161886.8189131775
 161909.0213485897
 161929.237050366
 161947.5882292981
 161964.1932164699
 161979.1664632576
 161992.6185413297
 162004.6561426474
 162015.3820794637
 162024.8952843242
 162033.2908100669
 162040.659829822
 162047.0896370121
 162052.6636453521
 162057.4613888491
 162061.5585218028
 162065.026818805
 162067.9341747399
 162070.3446047842
 162072.3182444067
 162073.9113493685
 162075.1762957234
 162076.161579817
 162076.9118182876
 162077.4677480658
 162077.8662263743
 162078.1402307285
 162078.3188589358
 162078.4273290961
 162078.4869796015
 162078.5152691366
 162078.5257766782
 162078.5282014955
 162078.52836315
 162078.5282014955
 162078.5257766782
 162078.5152691366
 162078.4869796015
 162078.4273290961
 162078.3188589358
 162078.1402307285
 162077.8662263743
 162077.4677480658
 162076.9118182876
 162076.161579817
 162075.1762957234
 162073.9113493685
 162072.3182444067
 162070.3446047842
 162067.9341747399
 162065.026818805
 162061.5585218028
 162057.4613888491
 162052.6636453521
 162047.0896370121
 162040.659829822
 162033.2908100669
 162024.8952843242
 162015.3820794637
 162004.6561426474
 161992.6185413297
 161979.1664632576
 161964.1932164699
 161947.5882292981
 161929.237050366
 161909.0213485897
 161886.8189131775
 161862.5036536301
 161835.9455997408
 161807.0109015948
 161775.5618295698
 161741.456774336
 161704.5502468557
 161664.6928783836
 161621.7314204668
 161575.5087449447
 161525.8638439489
 161472.6318299035
 161415.643935525
 161354.7275138219
 161289.7060380952
 161220.3991019385
 161146.6224192372
 161068.1878241696


# name: QUERY
# type: sq_string
# elements: 1
# length: 2
R3


# name: DATASIZE
# type: sq_string
# elements: 1
# length: 3
250


