# Created by Octave 4.0.0, Sun May 22 18:33:46 2016 CEST <peter@Independence>
# name: x
# type: matrix
# rows: 1
# columns: 100
 60 60.60606060606061 61.21212121212122 61.81818181818182 62.42424242424242 63.03030303030303 63.63636363636364 64.24242424242425 64.84848484848484 65.45454545454545 66.06060606060606 66.66666666666667 67.27272727272728 67.87878787878788 68.48484848484848 69.09090909090909 69.69696969696969 70.3030303030303 70.90909090909091 71.51515151515152 72.12121212121212 72.72727272727273 73.33333333333334 73.93939393939394 74.54545454545455 75.15151515151516 75.75757575757575 76.36363636363636 76.96969696969697 77.57575757575758 78.18181818181819 78.78787878787878 79.39393939393939 80 80.60606060606061 81.21212121212122 81.81818181818181 82.42424242424242 83.03030303030303 83.63636363636364 84.24242424242425 84.84848484848484 85.45454545454545 86.06060606060606 86.66666666666667 87.27272727272728 87.87878787878788 88.48484848484848 89.09090909090909 89.6969696969697 90.3030303030303 90.90909090909091 91.51515151515152 92.12121212121212 92.72727272727273 93.33333333333333 93.93939393939394 94.54545454545455 95.15151515151516 95.75757575757575 96.36363636363636 96.96969696969697 97.57575757575758 98.18181818181819 98.78787878787878 99.39393939393939 100 100.6060606060606 101.2121212121212 101.8181818181818 102.4242424242424 103.030303030303 103.6363636363636 104.2424242424242 104.8484848484848 105.4545454545455 106.0606060606061 106.6666666666667 107.2727272727273 107.8787878787879 108.4848484848485 109.0909090909091 109.6969696969697 110.3030303030303 110.9090909090909 111.5151515151515 112.1212121212121 112.7272727272727 113.3333333333333 113.9393939393939 114.5454545454545 115.1515151515152 115.7575757575758 116.3636363636364 116.969696969697 117.5757575757576 118.1818181818182 118.7878787878788 119.3939393939394 120


# name: y
# type: matrix
# rows: 100
# columns: 1
 153637.4732666378
 154068.7301587745
 154491.0951562279
 154904.5682589982
 155309.1494670851
 155704.8387804889
 156091.6361992095
 156469.5417232467
 156838.5553526008
 157198.6770872716
 157549.9069272592
 157892.2448725636
 158225.6909231848
 158550.2450791226
 158865.9073403773
 159172.6777069488
 159470.556178837
 159759.542756042
 160039.6374385638
 160310.8402264023
 160573.1511195576
 160826.5701180297
 161071.0972218185
 161306.7324309241
 161533.4757453465
 161751.3271650856
 161960.2866901415
 162160.3543205142
 162351.5300562037
 162533.8138972099
 162707.2058435329
 162871.7058951727
 163027.3140521292
 163174.0303144025
 163311.8546819926
 163440.7871548994
 163560.827733123
 163671.9764166634
 163774.2332055205
 163867.5980996945
 163952.0710991852
 164027.6522039926
 164094.3414141168
 164152.1387295579
 164201.0441503156
 164241.0576763902
 164272.1793077815
 164294.4090444896
 164307.7468865144
 164312.192833856
 164307.7468865144
 164294.4090444896
 164272.1793077815
 164241.0576763902
 164201.0441503156
 164152.1387295579
 164094.3414141168
 164027.6522039926
 163952.0710991852
 163867.5980996945
 163774.2332055205
 163671.9764166634
 163560.827733123
 163440.7871548994
 163311.8546819926
 163174.0303144025
 163027.3140521292
 162871.7058951727
 162707.2058435329
 162533.8138972099
 162351.5300562037
 162160.3543205142
 161960.2866901415
 161751.3271650856
 161533.4757453465
 161306.7324309241
 161071.0972218185
 160826.5701180297
 160573.1511195576
 160310.8402264023
 160039.6374385638
 159759.542756042
 159470.556178837
 159172.6777069488
 158865.9073403773
 158550.2450791227
 158225.6909231847
 157892.2448725636
 157549.9069272592
 157198.6770872716
 156838.5553526008
 156469.5417232468
 156091.6361992094
 155704.8387804889
 155309.1494670852
 154904.5682589982
 154491.0951562279
 154068.7301587745
 153637.4732666378
 153197.3244798179


# name: QUERY
# type: sq_string
# elements: 1
# length: 2
R3


# name: DATASIZE
# type: sq_string
# elements: 1
# length: 3
250


