# Created by Octave 4.0.0, Wed May 18 23:33:04 2016 CEST <peter@Independence>
# name: x
# type: matrix
# rows: 1
# columns: 100
 60 60.60606060606061 61.21212121212122 61.81818181818182 62.42424242424242 63.03030303030303 63.63636363636364 64.24242424242425 64.84848484848484 65.45454545454545 66.06060606060606 66.66666666666667 67.27272727272728 67.87878787878788 68.48484848484848 69.09090909090909 69.69696969696969 70.3030303030303 70.90909090909091 71.51515151515152 72.12121212121212 72.72727272727273 73.33333333333334 73.93939393939394 74.54545454545455 75.15151515151516 75.75757575757575 76.36363636363636 76.96969696969697 77.57575757575758 78.18181818181819 78.78787878787878 79.39393939393939 80 80.60606060606061 81.21212121212122 81.81818181818181 82.42424242424242 83.03030303030303 83.63636363636364 84.24242424242425 84.84848484848484 85.45454545454545 86.06060606060606 86.66666666666667 87.27272727272728 87.87878787878788 88.48484848484848 89.09090909090909 89.6969696969697 90.3030303030303 90.90909090909091 91.51515151515152 92.12121212121212 92.72727272727273 93.33333333333333 93.93939393939394 94.54545454545455 95.15151515151516 95.75757575757575 96.36363636363636 96.96969696969697 97.57575757575758 98.18181818181819 98.78787878787878 99.39393939393939 100 100.6060606060606 101.2121212121212 101.8181818181818 102.4242424242424 103.030303030303 103.6363636363636 104.2424242424242 104.8484848484848 105.4545454545455 106.0606060606061 106.6666666666667 107.2727272727273 107.8787878787879 108.4848484848485 109.0909090909091 109.6969696969697 110.3030303030303 110.9090909090909 111.5151515151515 112.1212121212121 112.7272727272727 113.3333333333333 113.9393939393939 114.5454545454545 115.1515151515152 115.7575757575758 116.3636363636364 116.969696969697 117.5757575757576 118.1818181818182 118.7878787878788 119.3939393939394 120


# name: y
# type: matrix
# rows: 100
# columns: 1
 181792.5982660901
 181786.3873181055
 181780.7907242448
 181775.758876644
 181771.2452343974
 181767.2061944563
 181763.6009653047
 181760.3914434111
 181757.5420924562
 181755.0198253378
 181752.7938889515
 181750.8357517477
 181749.1189940654
 181747.6192012423
 181746.3138595007
 181745.1822546102
 181744.2053733272
 181743.3658076098
 181742.6476616098
 181742.0364614407
 181741.5190677222
 181741.0835909014
 181740.7193093495
 181740.4165902355
 181740.1668131768
 181739.9622966644
 181739.7962272665
 181739.6625916074
 181739.5561111223
 181739.4721795899
 181739.40680344
 181739.3565448384
 181739.3184675473
 181739.2900855629
 181739.269314529
 181739.2544259268
 181739.2440040414
 181739.2369057044
 181739.2322228128
 181739.2292476251
 181739.2274408321
 181739.2264024059
 181739.2258452241
 181739.2255714706
 181739.2254518131
 181739.2254073566
 181739.2253943732
 181739.2253918089
 181739.225391566
 181739.2253915621
 181739.225391566
 181739.2253918089
 181739.2253943732
 181739.2254073566
 181739.2254518131
 181739.2255714706
 181739.2258452241
 181739.2264024059
 181739.2274408321
 181739.2292476251
 181739.2322228128
 181739.2369057044
 181739.2440040414
 181739.2544259268
 181739.269314529
 181739.2900855629
 181739.3184675473
 181739.3565448384
 181739.40680344
 181739.4721795899
 181739.5561111223
 181739.6625916074
 181739.7962272665
 181739.9622966644
 181740.1668131768
 181740.4165902355
 181740.7193093495
 181741.0835909014
 181741.5190677222
 181742.0364614407
 181742.6476616098
 181743.3658076098
 181744.2053733272
 181745.1822546102
 181746.3138595007
 181747.6192012423
 181749.1189940654
 181750.8357517477
 181752.7938889515
 181755.0198253378
 181757.5420924562
 181760.3914434111
 181763.6009653047
 181767.2061944563
 181771.2452343974
 181775.758876644
 181780.7907242448
 181786.3873181054
 181792.5982660901
 181799.4763748984


# name: QUERY
# type: sq_string
# elements: 1
# length: 2
R3


# name: DATASIZE
# type: sq_string
# elements: 1
# length: 3
250


