# Created by Octave 4.0.0, Sun May 22 18:33:46 2016 CEST <peter@Independence>
# name: x
# type: matrix
# rows: 1
# columns: 100
 60 60.60606060606061 61.21212121212122 61.81818181818182 62.42424242424242 63.03030303030303 63.63636363636364 64.24242424242425 64.84848484848484 65.45454545454545 66.06060606060606 66.66666666666667 67.27272727272728 67.87878787878788 68.48484848484848 69.09090909090909 69.69696969696969 70.3030303030303 70.90909090909091 71.51515151515152 72.12121212121212 72.72727272727273 73.33333333333334 73.93939393939394 74.54545454545455 75.15151515151516 75.75757575757575 76.36363636363636 76.96969696969697 77.57575757575758 78.18181818181819 78.78787878787878 79.39393939393939 80 80.60606060606061 81.21212121212122 81.81818181818181 82.42424242424242 83.03030303030303 83.63636363636364 84.24242424242425 84.84848484848484 85.45454545454545 86.06060606060606 86.66666666666667 87.27272727272728 87.87878787878788 88.48484848484848 89.09090909090909 89.6969696969697 90.3030303030303 90.90909090909091 91.51515151515152 92.12121212121212 92.72727272727273 93.33333333333333 93.93939393939394 94.54545454545455 95.15151515151516 95.75757575757575 96.36363636363636 96.96969696969697 97.57575757575758 98.18181818181819 98.78787878787878 99.39393939393939 100 100.6060606060606 101.2121212121212 101.8181818181818 102.4242424242424 103.030303030303 103.6363636363636 104.2424242424242 104.8484848484848 105.4545454545455 106.0606060606061 106.6666666666667 107.2727272727273 107.8787878787879 108.4848484848485 109.0909090909091 109.6969696969697 110.3030303030303 110.9090909090909 111.5151515151515 112.1212121212121 112.7272727272727 113.3333333333333 113.9393939393939 114.5454545454545 115.1515151515152 115.7575757575758 116.3636363636364 116.969696969697 117.5757575757576 118.1818181818182 118.7878787878788 119.3939393939394 120


# name: y
# type: matrix
# rows: 100
# columns: 1
 184275.1111366147
 183696.6119043594
 183141.7215397376
 182609.9481913403
 182100.8000077583
 181613.7851375828
 181148.4117294046
 180704.1879318148
 180280.6218934043
 179877.221762764
 179493.495688485
 179128.9518191582
 178783.0983033745
 178455.4432897251
 178145.4949268007
 177852.7613631924
 177576.7507474911
 177316.9712282879
 177072.9309541737
 176844.1380737395
 176630.1007355762
 176430.3270882747
 176244.3252804262
 176071.6034606214
 175911.6697774515
 175764.0323795074
 175628.19941538
 175503.6790336603
 175389.9793829393
 175286.608611808
 175193.0748688572
 175108.8863026781
 175033.5510618615
 174966.5772949985
 174907.4731506799
 174855.7467774968
 174810.9063240401
 174772.4599389009
 174739.91577067
 174712.7819679384
 174690.5666792972
 174672.7780533372
 174658.9242386495
 174648.513383825
 174641.0536374548
 174636.0531481296
 174633.0200644406
 174631.4625349786
 174630.8887083348
 174630.8067330999
 174630.7247578651
 174630.1509312212
 174628.5934017593
 174625.5603180703
 174620.5598287451
 174613.1000823748
 174602.6892275503
 174588.8354128626
 174571.0467869027
 174548.8314982615
 174521.6976955299
 174489.153527299
 174450.7071421598
 174405.8666887031
 174354.14031552
 174295.0361712014
 174228.0624043384
 174152.7271635218
 174068.5385973427
 173975.0048543919
 173871.6340832606
 173757.9344325396
 173633.4140508199
 173497.5810866925
 173349.9436887484
 173190.0100055785
 173017.2881857737
 172831.2863779252
 172631.5127306237
 172417.4753924604
 172188.6825120262
 171944.642237912
 171684.8627187087
 171408.8521030075
 171116.1185393992
 170806.1701764748
 170478.5151628254
 170132.6616470417
 169768.1177777149
 169384.3917034359
 168980.9915727956
 168557.4255343851
 168113.2017367953
 167647.8283286171
 167160.8134584416
 166651.6652748596
 166119.8919264623
 165565.0015618405
 164986.5023295852
 164383.9023782873


# name: QUERY
# type: sq_string
# elements: 1
# length: 2
R3


# name: DATASIZE
# type: sq_string
# elements: 1
# length: 3
250


