# Created by Octave 4.0.0, Sun May 22 18:33:46 2016 CEST <peter@Independence>
# name: x
# type: matrix
# rows: 1
# columns: 100
 60 60.60606060606061 61.21212121212122 61.81818181818182 62.42424242424242 63.03030303030303 63.63636363636364 64.24242424242425 64.84848484848484 65.45454545454545 66.06060606060606 66.66666666666667 67.27272727272728 67.87878787878788 68.48484848484848 69.09090909090909 69.69696969696969 70.3030303030303 70.90909090909091 71.51515151515152 72.12121212121212 72.72727272727273 73.33333333333334 73.93939393939394 74.54545454545455 75.15151515151516 75.75757575757575 76.36363636363636 76.96969696969697 77.57575757575758 78.18181818181819 78.78787878787878 79.39393939393939 80 80.60606060606061 81.21212121212122 81.81818181818181 82.42424242424242 83.03030303030303 83.63636363636364 84.24242424242425 84.84848484848484 85.45454545454545 86.06060606060606 86.66666666666667 87.27272727272728 87.87878787878788 88.48484848484848 89.09090909090909 89.6969696969697 90.3030303030303 90.90909090909091 91.51515151515152 92.12121212121212 92.72727272727273 93.33333333333333 93.93939393939394 94.54545454545455 95.15151515151516 95.75757575757575 96.36363636363636 96.96969696969697 97.57575757575758 98.18181818181819 98.78787878787878 99.39393939393939 100 100.6060606060606 101.2121212121212 101.8181818181818 102.4242424242424 103.030303030303 103.6363636363636 104.2424242424242 104.8484848484848 105.4545454545455 106.0606060606061 106.6666666666667 107.2727272727273 107.8787878787879 108.4848484848485 109.0909090909091 109.6969696969697 110.3030303030303 110.9090909090909 111.5151515151515 112.1212121212121 112.7272727272727 113.3333333333333 113.9393939393939 114.5454545454545 115.1515151515152 115.7575757575758 116.3636363636364 116.969696969697 117.5757575757576 118.1818181818182 118.7878787878788 119.3939393939394 120


# name: y
# type: matrix
# rows: 100
# columns: 1
 174713.8426026966
 174718.5601131844
 174722.9918141804
 174727.1494895115
 174731.0446749244
 174734.688658085
 174738.0924785789
 174741.2669279109
 174744.2225495053
 174746.9696387058
 174749.5182427755
 174751.8781608972
 174754.0589441727
 174756.0698956234
 174757.9200701904
 174759.6182747338
 174761.1730680334
 174762.5927607883
 174763.8854156172
 174765.0588470579
 174766.1206215681
 174767.0780575244
 174767.9382252233
 174768.7079468804
 174769.3937966309
 174770.0021005294
 174770.5389365498
 174771.0101345856
 174771.4212764497
 174771.7776958745
 174772.0844785114
 174772.3464619318
 174772.5682356262
 174772.7541410046
 174772.9082713964
 174773.0344720506
 174773.1363401354
 174773.2172247384
 174773.2802268669
 174773.3281994475
 174773.3637473261
 174773.3892272681
 174773.4067479585
 174773.4181700015
 174773.4251059208
 174773.4289201596
 174773.4307290804
 174773.4314009653
 174773.4315560157
 174773.4315663523
 174773.4315560157
 174773.4314009653
 174773.4307290804
 174773.4289201596
 174773.4251059208
 174773.4181700015
 174773.4067479585
 174773.3892272681
 174773.3637473261
 174773.3281994475
 174773.2802268669
 174773.2172247384
 174773.1363401354
 174773.0344720506
 174772.9082713964
 174772.7541410046
 174772.5682356262
 174772.3464619318
 174772.0844785114
 174771.7776958745
 174771.4212764497
 174771.0101345856
 174770.5389365498
 174770.0021005294
 174769.3937966309
 174768.7079468804
 174767.9382252233
 174767.0780575244
 174766.1206215681
 174765.0588470579
 174763.8854156172
 174762.5927607883
 174761.1730680334
 174759.6182747338
 174757.9200701904
 174756.0698956234
 174754.0589441727
 174751.8781608972
 174749.5182427755
 174746.9696387058
 174744.2225495053
 174741.2669279109
 174738.0924785789
 174734.688658085
 174731.0446749244
 174727.1494895115
 174722.9918141804
 174718.5601131844
 174713.8426026966
 174708.827250809


# name: QUERY
# type: sq_string
# elements: 1
# length: 2
R3


# name: DATASIZE
# type: sq_string
# elements: 1
# length: 3
250


