# Created by Octave 4.0.0, Wed May 18 23:33:04 2016 CEST <peter@Independence>
# name: x
# type: matrix
# rows: 1
# columns: 100
 60 60.60606060606061 61.21212121212122 61.81818181818182 62.42424242424242 63.03030303030303 63.63636363636364 64.24242424242425 64.84848484848484 65.45454545454545 66.06060606060606 66.66666666666667 67.27272727272728 67.87878787878788 68.48484848484848 69.09090909090909 69.69696969696969 70.3030303030303 70.90909090909091 71.51515151515152 72.12121212121212 72.72727272727273 73.33333333333334 73.93939393939394 74.54545454545455 75.15151515151516 75.75757575757575 76.36363636363636 76.96969696969697 77.57575757575758 78.18181818181819 78.78787878787878 79.39393939393939 80 80.60606060606061 81.21212121212122 81.81818181818181 82.42424242424242 83.03030303030303 83.63636363636364 84.24242424242425 84.84848484848484 85.45454545454545 86.06060606060606 86.66666666666667 87.27272727272728 87.87878787878788 88.48484848484848 89.09090909090909 89.6969696969697 90.3030303030303 90.90909090909091 91.51515151515152 92.12121212121212 92.72727272727273 93.33333333333333 93.93939393939394 94.54545454545455 95.15151515151516 95.75757575757575 96.36363636363636 96.96969696969697 97.57575757575758 98.18181818181819 98.78787878787878 99.39393939393939 100 100.6060606060606 101.2121212121212 101.8181818181818 102.4242424242424 103.030303030303 103.6363636363636 104.2424242424242 104.8484848484848 105.4545454545455 106.0606060606061 106.6666666666667 107.2727272727273 107.8787878787879 108.4848484848485 109.0909090909091 109.6969696969697 110.3030303030303 110.9090909090909 111.5151515151515 112.1212121212121 112.7272727272727 113.3333333333333 113.9393939393939 114.5454545454545 115.1515151515152 115.7575757575758 116.3636363636364 116.969696969697 117.5757575757576 118.1818181818182 118.7878787878788 119.3939393939394 120


# name: y
# type: matrix
# rows: 100
# columns: 1
 184877.9506225446
 184732.5752666121
 184593.1327578539
 184459.4994952871
 184331.5518779289
 184209.1663047966
 184092.2191749073
 183980.5868872782
 183874.1458409266
 183772.7724348697
 183676.3430681246
 183584.7341397086
 183497.8220486389
 183415.4831939326
 183337.593974607
 183264.0307896793
 183194.6700381667
 183129.3881190863
 183068.0614314555
 183010.5663742913
 182956.779346611
 182906.5767474318
 182859.8349757709
 182816.4304306456
 182776.2395110729
 182739.1386160702
 182705.0041446545
 182673.7124958432
 182645.1400686534
 182619.1632621023
 182595.6584752072
 182574.5021069852
 182555.5705564535
 182538.7402226294
 182523.8875045301
 182510.8888011726
 182499.6205115743
 182489.9590347524
 182481.780769724
 182474.9621155064
 182469.3794711168
 182464.9092355723
 182461.4278078902
 182458.8115870877
 182456.936972182
 182455.6803621902
 182454.9181561296
 182454.5267530174
 182454.3825518708
 182454.361951707
 182454.3413515432
 182454.1971503966
 182453.8057472844
 182453.0435412239
 182451.7869312321
 182449.9123163263
 182447.2960955238
 182443.8146678417
 182439.3444322973
 182433.7617879076
 182426.94313369
 182418.7648686616
 182409.1033918397
 182397.8351022414
 182384.836398884
 182369.9836807846
 182353.1533469605
 182334.2217964288
 182313.0654282068
 182289.5606413117
 182263.5838347606
 182235.0114075708
 182203.7197587595
 182169.5852873439
 182132.4843923411
 182092.2934727684
 182048.8889276431
 182002.1471559822
 181951.944556803
 181898.1575291227
 181840.6624719586
 181779.3357843277
 181714.0538652474
 181644.6931137347
 181571.129928807
 181493.2407094814
 181410.9018547751
 181323.9897637054
 181232.3808352894
 181135.9514685443
 181034.5780624874
 180928.1370161358
 180816.5047285068
 180699.5575986175
 180577.1720254851
 180449.224408127
 180315.5911455601
 180176.1486368019
 180030.7732808694
 179879.3414767799


# name: QUERY
# type: sq_string
# elements: 1
# length: 2
R3


# name: DATASIZE
# type: sq_string
# elements: 1
# length: 3
250


