# Created by Octave 4.0.0, Mon May 23 13:47:56 2016 CEST <peter@Independence>
# name: x
# type: matrix
# rows: 1
# columns: 100
 60 60.60606060606061 61.21212121212122 61.81818181818181 62.42424242424242 63.03030303030303 63.63636363636364 64.24242424242425 64.84848484848484 65.45454545454545 66.06060606060606 66.66666666666667 67.27272727272728 67.87878787878788 68.48484848484848 69.09090909090909 69.6969696969697 70.30303030303031 70.90909090909091 71.51515151515152 72.12121212121212 72.72727272727272 73.33333333333333 73.93939393939394 74.54545454545455 75.15151515151516 75.75757575757576 76.36363636363636 76.96969696969697 77.57575757575758 78.18181818181819 78.78787878787878 79.39393939393939 80 80.60606060606061 81.21212121212122 81.81818181818181 82.42424242424242 83.03030303030303 83.63636363636364 84.24242424242425 84.84848484848484 85.45454545454545 86.06060606060606 86.66666666666667 87.27272727272727 87.87878787878788 88.48484848484848 89.09090909090909 89.6969696969697 90.3030303030303 90.90909090909091 91.51515151515152 92.12121212121212 92.72727272727273 93.33333333333334 93.93939393939394 94.54545454545455 95.15151515151516 95.75757575757575 96.36363636363637 96.96969696969697 97.57575757575758 98.18181818181819 98.7878787878788 99.39393939393939 100 100.6060606060606 101.2121212121212 101.8181818181818 102.4242424242424 103.030303030303 103.6363636363636 104.2424242424242 104.8484848484849 105.4545454545455 106.0606060606061 106.6666666666667 107.2727272727273 107.8787878787879 108.4848484848485 109.0909090909091 109.6969696969697 110.3030303030303 110.9090909090909 111.5151515151515 112.1212121212121 112.7272727272727 113.3333333333333 113.9393939393939 114.5454545454545 115.1515151515152 115.7575757575758 116.3636363636364 116.969696969697 117.5757575757576 118.1818181818182 118.7878787878788 119.3939393939394 120


# name: y
# type: matrix
# rows: 100
# columns: 1
 252321.5353742582
 251483.5091127515
 250512.9328420861
 249412.2712336131
 248184.6259761527
 246833.7197332932
 245363.8751940634
 243779.9893613342
 242087.5032710893
 240292.3673826535
 238401.0029245099
 236420.2595219045
 234357.3694705559
 232219.8990549645
 230015.697339661
 227752.8428869047
 225439.5888745333
 223084.3071026826
 220695.4313877745
 218281.4008464437
 215850.6035709337
 213411.3211909924
 210971.6748055884
 208539.5727510309
 206122.6606505714
 203728.2741646133
 201363.3948306101
 199034.6093480105
 196748.0726266482
 194509.4748772602
 192324.0129808319
 190196.3663297475
 188130.6772887644
 186130.5363781832
 184198.9722357303
 182338.4463681473
 180550.8526587435
 178837.5215536896
 177199.2288080278
 175636.2086326548
 174148.1710462326
 172734.3232014295
 171393.3944233544
 170123.6646697433
 168922.9960975764
 167788.86739948
 166718.4105555954
 165708.4496326206
 164755.5412514684
 163856.0163384041
 163006.0227715575
 162201.5685352625
 161438.5649986306
 160712.8699419582
 160020.329964838
 159356.8219229927
 158718.2930566659
 158100.7994916831
 157500.5428147861
 156913.904447335
 156337.4775657021
 155768.0963424314
 155202.8623092448
 154639.1676710201
 154074.7154286986
 153507.5361984767
 152936.0016443597
 152358.8344710007
 151775.1149534763
 151184.2840100707
 150586.1428530371
 149980.8492804846
 149368.9106998068
 148751.1739992419
 148128.8124090576
 147503.3095173067
 146876.4406269514
 146250.2516612416
 145627.0358424163
 145009.3083849351
 144399.779458431
 143801.3256872763
 143216.9604629934
 142649.8033526338
 142103.048890626
 141579.9350434266
 141083.7116355617
 140617.609022324
 140184.8072885266
 139788.4062443255
 139431.3964783216
 139116.6317149975
 138846.8027081738
 138624.4128847414
 138451.7559335723
 138330.8955134779
 138263.6472315303
 138251.5630192643
 138295.9180094615
 138397.6999906538


# name: QUERY
# type: sq_string
# elements: 1
# length: 2
R3


# name: DATASIZE
# type: sq_string
# elements: 1
# length: 3
250


