# Created by Octave 4.0.0, Wed May 18 23:48:44 2016 CEST <peter@Independence>
# name: x
# type: matrix
# rows: 1
# columns: 100
 60 60.60606060606061 61.21212121212122 61.81818181818181 62.42424242424242 63.03030303030303 63.63636363636364 64.24242424242425 64.84848484848484 65.45454545454545 66.06060606060606 66.66666666666667 67.27272727272728 67.87878787878788 68.48484848484848 69.09090909090909 69.6969696969697 70.30303030303031 70.90909090909091 71.51515151515152 72.12121212121212 72.72727272727272 73.33333333333333 73.93939393939394 74.54545454545455 75.15151515151516 75.75757575757576 76.36363636363636 76.96969696969697 77.57575757575758 78.18181818181819 78.78787878787878 79.39393939393939 80 80.60606060606061 81.21212121212122 81.81818181818181 82.42424242424242 83.03030303030303 83.63636363636364 84.24242424242425 84.84848484848484 85.45454545454545 86.06060606060606 86.66666666666667 87.27272727272727 87.87878787878788 88.48484848484848 89.09090909090909 89.6969696969697 90.3030303030303 90.90909090909091 91.51515151515152 92.12121212121212 92.72727272727273 93.33333333333334 93.93939393939394 94.54545454545455 95.15151515151516 95.75757575757575 96.36363636363637 96.96969696969697 97.57575757575758 98.18181818181819 98.7878787878788 99.39393939393939 100 100.6060606060606 101.2121212121212 101.8181818181818 102.4242424242424 103.030303030303 103.6363636363636 104.2424242424242 104.8484848484849 105.4545454545455 106.0606060606061 106.6666666666667 107.2727272727273 107.8787878787879 108.4848484848485 109.0909090909091 109.6969696969697 110.3030303030303 110.9090909090909 111.5151515151515 112.1212121212121 112.7272727272727 113.3333333333333 113.9393939393939 114.5454545454545 115.1515151515152 115.7575757575758 116.3636363636364 116.969696969697 117.5757575757576 118.1818181818182 118.7878787878788 119.3939393939394 120


# name: y
# type: matrix
# rows: 100
# columns: 1
 241339.1017150977
 241197.4425164564
 240983.8068580858
 240698.569386264
 240342.398931572
 239916.2526045194
 239421.3677488259
 238859.2518309752
 238231.670365577
 237540.6329957638
 236788.3778660557
 235977.3544416385
 235110.2049426106
 234189.7445743066
 233218.9407451597
 232200.8914716229
 231138.803175366
 230035.9680812648
 228895.7414256104
 227721.5186825244
 226516.7130128393
 225284.7331337921
 224028.9617999178
 222752.7350756589
 221459.3225686188
 220151.9087792566
 218833.5757083757
 217507.2868481988
 216175.8726663886
 214842.0176752833
 213508.2491611048
 212176.9276301783
 210850.2390115007
 209530.1886375001
 208218.5970077431
 206917.0973238331
 205627.134767957
 204349.9674826216
 203086.6691951775
 201838.1334178598
 200605.0791423518
 199388.0579373433
 198187.4623482612
 197003.5354902815
 195836.3817189165
 194685.9782568646
 193552.1876513981
 192434.7709332953
 191333.4013461483
 190247.6785137446
 189177.142913054
 188121.2905211081
 187079.5875056496
 186051.4848318154
 185036.432660221
 184033.8944155898
 183043.3604094664
 182064.3609055248
 181096.4785214912
 180139.3598677128
 179192.7263288985
 178256.3839025077
 177330.2320146486
 176414.2712421694
 175508.6098778457
 174613.4692842002
 173729.1879905002
 172856.2244968641
 171995.1587591344
 171146.6923382275
 170311.6472080091
 169490.9632263235
 168685.6942845824
 167897.0031622281
 167126.1551233511
 166374.5103037001
 165643.5149471589
 164934.6915614035
 164249.6280727743
 163589.9660702926
 162957.3882381031
 162353.6050843134
 161780.3410821045
 161239.3203459897
 160732.2519720816
 160260.8151760881
 159826.6443663908
 159431.3142918862
 159076.3254052075
 158763.0895814463
 158492.916330509
 158266.9996377646
 158086.4055626587
 157952.0607185128
 157864.7417488391
 157825.0659062517
 157833.4828295244
 157890.2676026497
 157995.5151670217
 158149.136144239


# name: QUERY
# type: sq_string
# elements: 1
# length: 2
R3


# name: DATASIZE
# type: sq_string
# elements: 1
# length: 3
250


