# Created by Octave 4.0.0, Wed May 18 23:48:44 2016 CEST <peter@Independence>
# name: x
# type: matrix
# rows: 1
# columns: 100
 60 60.60606060606061 61.21212121212122 61.81818181818181 62.42424242424242 63.03030303030303 63.63636363636364 64.24242424242425 64.84848484848484 65.45454545454545 66.06060606060606 66.66666666666667 67.27272727272728 67.87878787878788 68.48484848484848 69.09090909090909 69.6969696969697 70.30303030303031 70.90909090909091 71.51515151515152 72.12121212121212 72.72727272727272 73.33333333333333 73.93939393939394 74.54545454545455 75.15151515151516 75.75757575757576 76.36363636363636 76.96969696969697 77.57575757575758 78.18181818181819 78.78787878787878 79.39393939393939 80 80.60606060606061 81.21212121212122 81.81818181818181 82.42424242424242 83.03030303030303 83.63636363636364 84.24242424242425 84.84848484848484 85.45454545454545 86.06060606060606 86.66666666666667 87.27272727272727 87.87878787878788 88.48484848484848 89.09090909090909 89.6969696969697 90.3030303030303 90.90909090909091 91.51515151515152 92.12121212121212 92.72727272727273 93.33333333333334 93.93939393939394 94.54545454545455 95.15151515151516 95.75757575757575 96.36363636363637 96.96969696969697 97.57575757575758 98.18181818181819 98.7878787878788 99.39393939393939 100 100.6060606060606 101.2121212121212 101.8181818181818 102.4242424242424 103.030303030303 103.6363636363636 104.2424242424242 104.8484848484849 105.4545454545455 106.0606060606061 106.6666666666667 107.2727272727273 107.8787878787879 108.4848484848485 109.0909090909091 109.6969696969697 110.3030303030303 110.9090909090909 111.5151515151515 112.1212121212121 112.7272727272727 113.3333333333333 113.9393939393939 114.5454545454545 115.1515151515152 115.7575757575758 116.3636363636364 116.969696969697 117.5757575757576 118.1818181818182 118.7878787878788 119.3939393939394 120


# name: y
# type: matrix
# rows: 100
# columns: 1
 228287.6931252171
 227579.3760927104
 226871.0590602037
 226162.7420276969
 225454.4249951902
 224746.1079626835
 224037.7909301768
 223329.4738976701
 222621.1568651634
 221912.8398326566
 221204.5228001499
 220496.2057676432
 219787.8887351365
 219079.5717026298
 218371.2546701231
 217662.9376376164
 216954.6206051096
 216246.3035726029
 215537.9865400962
 214829.6695075895
 214121.3524750828
 213413.0354425761
 212704.7184100694
 211996.4013775626
 211288.0843450559
 210579.7673125492
 209871.4502800425
 209163.1332475358
 208454.8162150291
 207746.4991825224
 207038.1821500156
 206329.8651175089
 205621.5480850022
 204913.2310524955
 204204.9140199888
 203496.596987482
 202788.2799549754
 202079.9629224686
 201371.6458899619
 200663.3288574552
 199955.0118249485
 199246.6947924418
 198538.377759935
 197830.0607274283
 197121.7436949216
 196413.4266624149
 195705.1096299082
 194996.7925974015
 194288.4755648948
 193580.158532388
 192871.8414998813
 192163.5244673746
 191455.2074348679
 190746.8904023612
 190038.5733698545
 189330.2563373478
 188621.939304841
 187913.6222723343
 187205.3052398276
 186496.9882073209
 185788.6711748142
 185080.3541423075
 184372.0371098008
 183663.720077294
 182955.4030447873
 182247.0860122806
 181538.7689797739
 180830.4519472672
 180122.1349147605
 179413.8178822538
 178705.500849747
 177997.1838172403
 177288.8667847336
 176580.5497522269
 175872.2327197202
 175163.9156872134
 174455.5986547067
 173747.2816222
 173038.9645896933
 172330.6475571866
 171622.3305246799
 170914.0134921732
 170205.6964596664
 169497.3794271597
 168789.062394653
 168080.7453621463
 167372.4283296396
 166664.1112971329
 165955.7942646262
 165247.4772321194
 164539.1601996127
 163830.843167106
 163122.5261345993
 162414.2091020926
 161705.8920695859
 160997.5750370792
 160289.2580045724
 159580.9409720657
 158872.623939559
 158164.3069070523


# name: QUERY
# type: sq_string
# elements: 1
# length: 2
R3


# name: DATASIZE
# type: sq_string
# elements: 1
# length: 3
250


