# Created by Octave 4.0.0, Mon May 23 13:47:56 2016 CEST <peter@Independence>
# name: x
# type: matrix
# rows: 1
# columns: 100
 60 60.60606060606061 61.21212121212122 61.81818181818181 62.42424242424242 63.03030303030303 63.63636363636364 64.24242424242425 64.84848484848484 65.45454545454545 66.06060606060606 66.66666666666667 67.27272727272728 67.87878787878788 68.48484848484848 69.09090909090909 69.6969696969697 70.30303030303031 70.90909090909091 71.51515151515152 72.12121212121212 72.72727272727272 73.33333333333333 73.93939393939394 74.54545454545455 75.15151515151516 75.75757575757576 76.36363636363636 76.96969696969697 77.57575757575758 78.18181818181819 78.78787878787878 79.39393939393939 80 80.60606060606061 81.21212121212122 81.81818181818181 82.42424242424242 83.03030303030303 83.63636363636364 84.24242424242425 84.84848484848484 85.45454545454545 86.06060606060606 86.66666666666667 87.27272727272727 87.87878787878788 88.48484848484848 89.09090909090909 89.6969696969697 90.3030303030303 90.90909090909091 91.51515151515152 92.12121212121212 92.72727272727273 93.33333333333334 93.93939393939394 94.54545454545455 95.15151515151516 95.75757575757575 96.36363636363637 96.96969696969697 97.57575757575758 98.18181818181819 98.7878787878788 99.39393939393939 100 100.6060606060606 101.2121212121212 101.8181818181818 102.4242424242424 103.030303030303 103.6363636363636 104.2424242424242 104.8484848484849 105.4545454545455 106.0606060606061 106.6666666666667 107.2727272727273 107.8787878787879 108.4848484848485 109.0909090909091 109.6969696969697 110.3030303030303 110.9090909090909 111.5151515151515 112.1212121212121 112.7272727272727 113.3333333333333 113.9393939393939 114.5454545454545 115.1515151515152 115.7575757575758 116.3636363636364 116.969696969697 117.5757575757576 118.1818181818182 118.7878787878788 119.3939393939394 120


# name: y
# type: matrix
# rows: 100
# columns: 1
 240355.7721409703
 239151.3075493156
 237946.8429576608
 236742.3783660062
 235537.9137743514
 234333.4491826969
 233128.9845910422
 231924.5199993873
 230720.0554077326
 229515.5908160779
 228311.1262244233
 227106.6616327685
 225902.1970411138
 224697.7324494592
 223493.2678578044
 222288.8032661497
 221084.3386744949
 219879.8740828403
 218675.4094911855
 217470.9448995308
 216266.4803078761
 215062.0157162214
 213857.5511245666
 212653.086532912
 211448.6219412572
 210244.1573496025
 209039.6927579478
 207835.2281662931
 206630.7635746384
 205426.2989829837
 204221.834391329
 203017.3697996742
 201812.9052080196
 200608.4406163649
 199403.9760247101
 198199.5114330554
 196995.0468414007
 195790.582249746
 194586.1176580913
 193381.6530664366
 192177.1884747818
 190972.7238831272
 189768.2592914724
 188563.7946998177
 187359.330108163
 186154.8655165083
 184950.4009248536
 183745.9363331989
 182541.4717415442
 181337.0071498895
 180132.5425582347
 178928.07796658
 177723.6133749253
 176519.1487832706
 175314.6841916159
 174110.2195999612
 172905.7550083065
 171701.2904166518
 170496.825824997
 169292.3612333424
 168087.8966416876
 166883.4320500329
 165678.9674583782
 164474.5028667235
 163270.0382750688
 162065.5736834141
 160861.1090917594
 159656.6445001047
 158452.17990845
 157247.7153167952
 156043.2507251405
 154838.7861334858
 153634.3215418311
 152429.8569501764
 151225.3923585217
 150020.927766867
 148816.4631752122
 147611.9985835575
 146407.5339919029
 145203.0694002481
 143998.6048085933
 142794.1402169387
 141589.675625284
 140385.2110336293
 139180.7464419746
 137976.2818503199
 136771.8172586652
 135567.3526670104
 134362.8880753558
 133158.4234837011
 131953.9588920464
 130749.4943003914
 129545.0297087369
 128340.5651170822
 127136.1005254274
 125931.6359337726
 124727.1713421179
 123522.7067504633
 122318.2421588086
 121113.7775671539


# name: QUERY
# type: sq_string
# elements: 1
# length: 2
R3


# name: DATASIZE
# type: sq_string
# elements: 1
# length: 3
250


