# Created by Octave 4.0.0, Wed May 18 23:48:44 2016 CEST <peter@Independence>
# name: x
# type: matrix
# rows: 1
# columns: 100
 60 60.60606060606061 61.21212121212122 61.81818181818181 62.42424242424242 63.03030303030303 63.63636363636364 64.24242424242425 64.84848484848484 65.45454545454545 66.06060606060606 66.66666666666667 67.27272727272728 67.87878787878788 68.48484848484848 69.09090909090909 69.6969696969697 70.30303030303031 70.90909090909091 71.51515151515152 72.12121212121212 72.72727272727272 73.33333333333333 73.93939393939394 74.54545454545455 75.15151515151516 75.75757575757576 76.36363636363636 76.96969696969697 77.57575757575758 78.18181818181819 78.78787878787878 79.39393939393939 80 80.60606060606061 81.21212121212122 81.81818181818181 82.42424242424242 83.03030303030303 83.63636363636364 84.24242424242425 84.84848484848484 85.45454545454545 86.06060606060606 86.66666666666667 87.27272727272727 87.87878787878788 88.48484848484848 89.09090909090909 89.6969696969697 90.3030303030303 90.90909090909091 91.51515151515152 92.12121212121212 92.72727272727273 93.33333333333334 93.93939393939394 94.54545454545455 95.15151515151516 95.75757575757575 96.36363636363637 96.96969696969697 97.57575757575758 98.18181818181819 98.7878787878788 99.39393939393939 100 100.6060606060606 101.2121212121212 101.8181818181818 102.4242424242424 103.030303030303 103.6363636363636 104.2424242424242 104.8484848484849 105.4545454545455 106.0606060606061 106.6666666666667 107.2727272727273 107.8787878787879 108.4848484848485 109.0909090909091 109.6969696969697 110.3030303030303 110.9090909090909 111.5151515151515 112.1212121212121 112.7272727272727 113.3333333333333 113.9393939393939 114.5454545454545 115.1515151515152 115.7575757575758 116.3636363636364 116.969696969697 117.5757575757576 118.1818181818182 118.7878787878788 119.3939393939394 120


# name: y
# type: matrix
# rows: 1
# columns: 100
 252792.32375 251504.5884280303 250216.8531060606 248929.1177840909 247641.3824621212 246353.6471401515 245065.9118181818 243778.1764962121 242490.4411742424 241202.7058522727 239914.970530303 238627.2352083333 237339.4998863636 236051.7645643939 234764.0292424242 233476.2939204545 232188.5585984848 230900.8232765151 229613.0879545455 228325.3526325758 227037.6173106061 225749.8819886364 224462.1466666667 223174.411344697 221886.6760227273 220598.9407007576 219311.2053787879 218023.4700568182 216735.7347348485 215447.9994128788 214160.2640909091 212872.5287689394 211584.7934469697 210297.058125 209009.3228030303 207721.5874810606 206433.8521590909 205146.1168371212 203858.3815151515 202570.6461931818 201282.9108712121 199995.1755492424 198707.4402272727 197419.704905303 196131.9695833333 194844.2342613636 193556.4989393939 192268.7636174242 190981.0282954545 189693.2929734848 188405.5576515151 187117.8223295455 185830.0870075758 184542.3516856061 183254.6163636364 181966.8810416667 180679.145719697 179391.4103977273 178103.6750757576 176815.9397537879 175528.2044318182 174240.4691098485 172952.7337878788 171664.9984659091 170377.2631439394 169089.5278219697 167801.7925 166514.0571780303 165226.3218560606 163938.5865340909 162650.8512121212 161363.1158901515 160075.3805681818 158787.6452462121 157499.9099242424 156212.1746022727 154924.439280303 153636.7039583334 152348.9686363636 151061.2333143939 149773.4979924242 148485.7626704545 147198.0273484848 145910.2920265152 144622.5567045455 143334.8213825758 142047.0860606061 140759.3507386364 139471.6154166667 138183.880094697 136896.1447727273 135608.4094507576 134320.6741287879 133032.9388068182 131745.2034848485 130457.4681628788 129169.7328409091 127881.9975189394 126594.2621969697 125306.526875


# name: QUERY
# type: sq_string
# elements: 1
# length: 2
R3


# name: DATASIZE
# type: sq_string
# elements: 1
# length: 3
250


