# Created by Octave 4.0.0, Mon May 23 13:47:56 2016 CEST <peter@Independence>
# name: x
# type: matrix
# rows: 1
# columns: 100
 60 60.60606060606061 61.21212121212122 61.81818181818181 62.42424242424242 63.03030303030303 63.63636363636364 64.24242424242425 64.84848484848484 65.45454545454545 66.06060606060606 66.66666666666667 67.27272727272728 67.87878787878788 68.48484848484848 69.09090909090909 69.6969696969697 70.30303030303031 70.90909090909091 71.51515151515152 72.12121212121212 72.72727272727272 73.33333333333333 73.93939393939394 74.54545454545455 75.15151515151516 75.75757575757576 76.36363636363636 76.96969696969697 77.57575757575758 78.18181818181819 78.78787878787878 79.39393939393939 80 80.60606060606061 81.21212121212122 81.81818181818181 82.42424242424242 83.03030303030303 83.63636363636364 84.24242424242425 84.84848484848484 85.45454545454545 86.06060606060606 86.66666666666667 87.27272727272727 87.87878787878788 88.48484848484848 89.09090909090909 89.6969696969697 90.3030303030303 90.90909090909091 91.51515151515152 92.12121212121212 92.72727272727273 93.33333333333334 93.93939393939394 94.54545454545455 95.15151515151516 95.75757575757575 96.36363636363637 96.96969696969697 97.57575757575758 98.18181818181819 98.7878787878788 99.39393939393939 100 100.6060606060606 101.2121212121212 101.8181818181818 102.4242424242424 103.030303030303 103.6363636363636 104.2424242424242 104.8484848484849 105.4545454545455 106.0606060606061 106.6666666666667 107.2727272727273 107.8787878787879 108.4848484848485 109.0909090909091 109.6969696969697 110.3030303030303 110.9090909090909 111.5151515151515 112.1212121212121 112.7272727272727 113.3333333333333 113.9393939393939 114.5454545454545 115.1515151515152 115.7575757575758 116.3636363636364 116.969696969697 117.5757575757576 118.1818181818182 118.7878787878788 119.3939393939394 120


# name: y
# type: matrix
# rows: 1
# columns: 100
 241696.2875636363 240629.7650842975 239563.2426049587 238496.7201256198 237430.197646281 236363.6751669421 235297.1526876033 234230.6302082645 233164.1077289256 232097.5852495868 231031.0627702479 229964.5402909091 228898.0178115702 227831.4953322314 226764.9728528926 225698.4503735537 224631.9278942149 223565.405414876 222498.8829355372 221432.3604561983 220365.8379768595 219299.3154975207 218232.7930181818 217166.270538843 216099.7480595041 215033.2255801653 213966.7031008264 212900.1806214876 211833.6581421487 210767.1356628099 209700.6131834711 208634.0907041322 207567.5682247934 206501.0457454546 205434.5232661157 204368.0007867769 203301.478307438 202234.9558280992 201168.4333487603 200101.9108694215 199035.3883900826 197968.8659107438 196902.343431405 195835.8209520661 194769.2984727273 193702.7759933884 192636.2535140496 191569.7310347107 190503.2085553719 189436.686076033 188370.1635966942 187303.6411173554 186237.1186380165 185170.5961586777 184104.0736793388 183037.5512 181971.0287206612 180904.5062413223 179837.9837619835 178771.4612826446 177704.9388033058 176638.4163239669 175571.8938446281 174505.3713652893 173438.8488859504 172372.3264066116 171305.8039272727 170239.2814479339 169172.758968595 168106.2364892562 167039.7140099173 165973.1915305785 164906.6690512397 163840.1465719008 162773.624092562 161707.1016132231 160640.5791338843 159574.0566545454 158507.5341752066 157441.0116958678 156374.4892165289 155307.9667371901 154241.4442578513 153174.9217785124 152108.3992991736 151041.8768198347 149975.3543404959 148908.831861157 147842.3093818182 146775.7869024794 145709.2644231405 144642.7419438016 143576.2194644628 142509.696985124 141443.1745057851 140376.6520264463 139310.1295471074 138243.6070677686 137177.0845884297 136110.5621090909


# name: QUERY
# type: sq_string
# elements: 1
# length: 2
R3


# name: DATASIZE
# type: sq_string
# elements: 1
# length: 3
250


