# Created by Octave 4.0.0, Mon May 23 13:47:56 2016 CEST <peter@Independence>
# name: SVs
# type: cell
# rows: 1
# columns: 7
# name: <cell-element>
# type: sparse matrix
# nnz: 43
# rows: 43
# columns: 1
1 1 1.322180853287738
2 1 -1.357915470944164
3 1 1.322180853287738
4 1 -1.357915470944164
5 1 1.322180853287738
6 1 0.428815411877104
7 1 -0.4645500295335298
8 1 1.322180853287738
9 1 0.428815411877104
10 1 -1.357915470944164
11 1 -1.357915470944164
12 1 -0.4645500295335298
13 1 1.322180853287738
14 1 0.428815411877104
15 1 0.428815411877104
16 1 -1.357915470944164
17 1 1.322180853287738
18 1 -0.4645500295335298
19 1 1.322180853287738
20 1 0.428815411877104
21 1 1.322180853287738
22 1 0.428815411877104
23 1 1.322180853287738
24 1 1.322180853287738
25 1 1.322180853287738
26 1 -0.4645500295335298
27 1 -0.4645500295335298
28 1 -1.357915470944164
29 1 0.428815411877104
30 1 -1.357915470944164
31 1 -0.4645500295335298
32 1 0.428815411877104
33 1 0.428815411877104
34 1 -0.4645500295335298
35 1 -1.357915470944164
36 1 -1.357915470944164
37 1 -1.357915470944164
38 1 1.322180853287738
39 1 -0.4645500295335298
40 1 0.428815411877104
41 1 -0.4645500295335298
42 1 1.322180853287738
43 1 0.428815411877104



# name: <cell-element>
# type: sparse matrix
# nnz: 4
# rows: 4
# columns: 1
1 1 1.322180853287738
2 1 -1.357915470944164
3 1 1.322180853287738
4 1 -1.357915470944164



# name: <cell-element>
# type: sparse matrix
# nnz: 6
# rows: 6
# columns: 1
1 1 -1.357915470944164
2 1 0.428815411877104
3 1 1.322180853287738
4 1 1.322180853287738
5 1 0.428815411877104
6 1 -1.357915470944164



# name: <cell-element>
# type: sparse matrix
# nnz: 11
# rows: 11
# columns: 1
1 1 -1.357915470944164
2 1 1.322180853287738
3 1 -1.357915470944164
4 1 1.322180853287738
5 1 1.322180853287738
6 1 -1.357915470944164
7 1 0.428815411877104
8 1 1.322180853287738
9 1 1.322180853287738
10 1 -1.357915470944164
11 1 -1.357915470944164



# name: <cell-element>
# type: sparse matrix
# nnz: 2
# rows: 2
# columns: 1
1 1 1.322180853287738
2 1 -1.357915470944164



# name: <cell-element>
# type: sparse matrix
# nnz: 42
# rows: 42
# columns: 1
1 1 1.322180853287738
2 1 -1.357915470944164
3 1 1.322180853287738
4 1 -1.357915470944164
5 1 1.322180853287738
6 1 0.428815411877104
7 1 -0.4645500295335298
8 1 1.322180853287738
9 1 0.428815411877104
10 1 -1.357915470944164
11 1 -1.357915470944164
12 1 -0.4645500295335298
13 1 1.322180853287738
14 1 0.428815411877104
15 1 0.428815411877104
16 1 -1.357915470944164
17 1 1.322180853287738
18 1 -0.4645500295335298
19 1 1.322180853287738
20 1 0.428815411877104
21 1 1.322180853287738
22 1 -1.357915470944164
23 1 0.428815411877104
24 1 1.322180853287738
25 1 1.322180853287738
26 1 1.322180853287738
27 1 -0.4645500295335298
28 1 -0.4645500295335298
29 1 -1.357915470944164
30 1 0.428815411877104
31 1 -1.357915470944164
32 1 -0.4645500295335298
33 1 0.428815411877104
34 1 0.428815411877104
35 1 -1.357915470944164
36 1 -1.357915470944164
37 1 1.322180853287738
38 1 -0.4645500295335298
39 1 -1.357915470944164
40 1 0.428815411877104
41 1 -0.4645500295335298
42 1 1.322180853287738



# name: <cell-element>
# type: scalar
0





# name: coefficients
# type: cell
# rows: 1
# columns: 7
# name: <cell-element>
# type: matrix
# rows: 43
# columns: 1
 0.87368
 0.87368
 -0.87368
 0.87368
 -0.87368
 0.87368
 -0.87368
 -0.87368
 -0.87368
 -0.87368
 0.87368
 -0.87368
 0.87368
 -0.87368
 0.87368
 0.87368
 0.03265678834628924
 0.87368
 0.87368
 0.87368
 0.87368
 0.87368
 -0.87368
 0.87368
 -0.87368
 -0.87368
 -0.87368
 0.87368
 -0.87368
 -0.87368
 -0.87368
 -0.87368
 -0.87368
 -0.87368
 0.8410232116537107
 0.87368
 -0.87368
 0.87368
 -0.87368
 0.87368
 0.87368
 0.87368
 -0.87368



# name: <cell-element>
# type: matrix
# rows: 4
# columns: 1
 -1.1316
 1.1316
 -1.1316
 1.1316



# name: <cell-element>
# type: matrix
# rows: 6
# columns: 1
 1.3895
 -1.3895
 0.01830729153727862
 1.3895
 -1.3895
 -0.01830729153727904



# name: <cell-element>
# type: matrix
# rows: 11
# columns: 1
 0.1
 -0.1
 0.1
 -0.1
 -0.1
 0.08219504516451075
 0.01780495483548927
 -0.1
 -0.1
 0.1
 0.1



# name: <cell-element>
# type: matrix
# rows: 2
# columns: 1
 -0.1
 0.1



# name: <cell-element>
# type: matrix
# rows: 42
# columns: 1
 -0.726115410163192
 1.3895
 -1.3895
 1.3895
 -1.3895
 1.3895
 0.841615562226722
 -1.3895
 -1.3895
 -1.3895
 1.3895
 -1.3895
 1.3895
 -1.3895
 1.3895
 1.27399984793647
 -1.3895
 1.3895
 1.3895
 1.3895
 1.3895
 -1.3895
 1.3895
 -1.3895
 1.3895
 -1.3895
 -1.3895
 -1.3895
 1.3895
 -1.3895
 -1.3895
 1.3895
 -1.3895
 -1.3895
 1.3895
 -1.3895
 1.3895
 -1.3895
 -1.3895
 1.3895
 1.3895
 1.3895



# name: <cell-element>
# type: scalar
0





# name: b
# type: cell
# rows: 1
# columns: 7
# name: <cell-element>
# type: scalar
-0.1286510534030667



# name: <cell-element>
# type: scalar
-0.4219365394590041



# name: <cell-element>
# type: scalar
-0.1078569122972391



# name: <cell-element>
# type: scalar
-0.3454102303457055



# name: <cell-element>
# type: scalar
-0.3767910322956386



# name: <cell-element>
# type: scalar
-0.02805059544438108



# name: <cell-element>
# type: scalar
0





# name: models
# type: cell
# rows: 1
# columns: 7
# name: <cell-element>
# type: scalar struct
# ndims: 2
 1 1
# length: 11
# name: Parameters
# type: matrix
# rows: 5
# columns: 1
 3
 0
 3
 1
 0


# name: nr_class
# type: scalar
2


# name: totalSV
# type: scalar
43


# name: rho
# type: scalar
0.1286510534030667


# name: Label
# type: matrix
# rows: 0
# columns: 0


# name: sv_indices
# type: matrix
# rows: 43
# columns: 1
 1
 2
 3
 4
 5
 6
 7
 8
 9
 10
 11
 12
 13
 14
 15
 16
 17
 18
 19
 20
 21
 23
 24
 25
 26
 27
 28
 29
 30
 31
 32
 33
 34
 35
 36
 37
 38
 39
 40
 42
 43
 44
 45


# name: ProbA
# type: matrix
# rows: 0
# columns: 0


# name: ProbB
# type: matrix
# rows: 0
# columns: 0


# name: nSV
# type: matrix
# rows: 0
# columns: 0


# name: sv_coef
# type: matrix
# rows: 43
# columns: 1
 0.87368
 0.87368
 -0.87368
 0.87368
 -0.87368
 0.87368
 -0.87368
 -0.87368
 -0.87368
 -0.87368
 0.87368
 -0.87368
 0.87368
 -0.87368
 0.87368
 0.87368
 0.03265678834628924
 0.87368
 0.87368
 0.87368
 0.87368
 0.87368
 -0.87368
 0.87368
 -0.87368
 -0.87368
 -0.87368
 0.87368
 -0.87368
 -0.87368
 -0.87368
 -0.87368
 -0.87368
 -0.87368
 0.8410232116537107
 0.87368
 -0.87368
 0.87368
 -0.87368
 0.87368
 0.87368
 0.87368
 -0.87368


# name: SVs
# type: sparse matrix
# nnz: 43
# rows: 43
# columns: 1
1 1 1.322180853287738
2 1 -1.357915470944164
3 1 1.322180853287738
4 1 -1.357915470944164
5 1 1.322180853287738
6 1 0.428815411877104
7 1 -0.4645500295335298
8 1 1.322180853287738
9 1 0.428815411877104
10 1 -1.357915470944164
11 1 -1.357915470944164
12 1 -0.4645500295335298
13 1 1.322180853287738
14 1 0.428815411877104
15 1 0.428815411877104
16 1 -1.357915470944164
17 1 1.322180853287738
18 1 -0.4645500295335298
19 1 1.322180853287738
20 1 0.428815411877104
21 1 1.322180853287738
22 1 0.428815411877104
23 1 1.322180853287738
24 1 1.322180853287738
25 1 1.322180853287738
26 1 -0.4645500295335298
27 1 -0.4645500295335298
28 1 -1.357915470944164
29 1 0.428815411877104
30 1 -1.357915470944164
31 1 -0.4645500295335298
32 1 0.428815411877104
33 1 0.428815411877104
34 1 -0.4645500295335298
35 1 -1.357915470944164
36 1 -1.357915470944164
37 1 -1.357915470944164
38 1 1.322180853287738
39 1 -0.4645500295335298
40 1 0.428815411877104
41 1 -0.4645500295335298
42 1 1.322180853287738
43 1 0.428815411877104





# name: <cell-element>
# type: scalar struct
# ndims: 2
 1 1
# length: 11
# name: Parameters
# type: matrix
# rows: 5
# columns: 1
 3
 1
 2
 1
 0


# name: nr_class
# type: scalar
2


# name: totalSV
# type: scalar
4


# name: rho
# type: scalar
0.4219365394590041


# name: Label
# type: matrix
# rows: 0
# columns: 0


# name: sv_indices
# type: matrix
# rows: 4
# columns: 1
 3
 4
 26
 29


# name: ProbA
# type: matrix
# rows: 0
# columns: 0


# name: ProbB
# type: matrix
# rows: 0
# columns: 0


