# Created by Octave 4.0.0, Wed May 18 23:48:44 2016 CEST <peter@Independence>
# name: SVs
# type: cell
# rows: 1
# columns: 7
# name: <cell-element>
# type: sparse matrix
# nnz: 8
# rows: 8
# columns: 1
1 1 -1.357915470944164
2 1 1.322180853287738
3 1 0.428815411877104
4 1 -0.4645500295335298
5 1 -1.357915470944164
6 1 -0.4645500295335298
7 1 0.428815411877104
8 1 -1.357915470944164



# name: <cell-element>
# type: sparse matrix
# nnz: 20
# rows: 20
# columns: 1
1 1 1.322180853287738
2 1 -1.357915470944164
3 1 0.428815411877104
4 1 1.322180853287738
5 1 1.322180853287738
6 1 0.428815411877104
7 1 1.322180853287738
8 1 -1.357915470944164
9 1 1.322180853287738
10 1 -1.357915470944164
11 1 -1.357915470944164
12 1 0.428815411877104
13 1 -1.357915470944164
14 1 -0.4645500295335298
15 1 1.322180853287738
16 1 0.428815411877104
17 1 -1.357915470944164
18 1 -0.4645500295335298
19 1 -1.357915470944164
20 1 -0.4645500295335298



# name: <cell-element>
# type: sparse matrix
# nnz: 8
# rows: 8
# columns: 1
1 1 -1.357915470944164
2 1 1.322180853287738
3 1 0.428815411877104
4 1 0.428815411877104
5 1 0.428815411877104
6 1 -0.4645500295335298
7 1 0.428815411877104
8 1 -1.357915470944164



# name: <cell-element>
# type: sparse matrix
# nnz: 9
# rows: 9
# columns: 1
1 1 1.322180853287738
2 1 -1.357915470944164
3 1 1.322180853287738
4 1 1.322180853287738
5 1 0.428815411877104
6 1 -1.357915470944164
7 1 -0.4645500295335298
8 1 1.322180853287738
9 1 -1.357915470944164



# name: <cell-element>
# type: sparse matrix
# nnz: 9
# rows: 9
# columns: 1
1 1 1.322180853287738
2 1 -1.357915470944164
3 1 1.322180853287738
4 1 1.322180853287738
5 1 0.428815411877104
6 1 -1.357915470944164
7 1 -0.4645500295335298
8 1 1.322180853287738
9 1 -1.357915470944164



# name: <cell-element>
# type: sparse matrix
# nnz: 7
# rows: 7
# columns: 1
1 1 -1.357915470944164
2 1 -0.4645500295335298
3 1 1.322180853287738
4 1 0.428815411877104
5 1 -0.4645500295335298
6 1 -0.4645500295335298
7 1 -1.357915470944164



# name: <cell-element>
# type: scalar
0





# name: coefficients
# type: cell
# rows: 1
# columns: 7
# name: <cell-element>
# type: matrix
# rows: 8
# columns: 1
 0.1
 -0.01872547368887954
 -0.1
 -0.1
 0.01872547368887954
 0.1
 -0.1
 0.1



# name: <cell-element>
# type: matrix
# rows: 20
# columns: 1
 -0.1
 0.1
 -0.1
 -0.1
 -0.1
 -0.1
 -0.1
 0.1
 -0.1
 0.0625137615391306
 0.1
 -0.0625137615391306
 0.1
 0.1
 -0.1
 -0.1
 0.1
 0.1
 0.1
 0.1



# name: <cell-element>
# type: matrix
# rows: 8
# columns: 1
 0.1
 0.1
 -0.1
 -0.1
 -0.1
 0.1
 -0.1
 0.09999999999999999



# name: <cell-element>
# type: matrix
# rows: 9
# columns: 1
 -0.01396835889939672
 0.1
 -0.1
 -0.1
 -0.08603164110060328
 0.1
 0.1
 -0.1
 0.1



# name: <cell-element>
# type: matrix
# rows: 9
# columns: 1
 -0.04558047487924783
 0.1
 -0.1
 -0.1
 -0.05441952512075218
 0.1
 0.1
 -0.1
 0.1



# name: <cell-element>
# type: matrix
# rows: 7
# columns: 1
 0.6157899999999999
 -0.05059990128784177
 -0.5477734459319336
 -0.1215409736115977
 -0.6157899999999999
 0.6157899999999999
 0.1041243208313731



# name: <cell-element>
# type: scalar
0





# name: b
# type: cell
# rows: 1
# columns: 7
# name: <cell-element>
# type: scalar
0.07100978843922237



# name: <cell-element>
# type: scalar
-0.2762810306280481



# name: <cell-element>
# type: scalar
0.04849243798830571



# name: <cell-element>
# type: scalar
0.0302697070371712



# name: <cell-element>
# type: scalar
0.03215585961633909



# name: <cell-element>
# type: scalar
0.1359627870033689



# name: <cell-element>
# type: scalar
0





# name: models
# type: cell
# rows: 1
# columns: 7
# name: <cell-element>
# type: scalar struct
# ndims: 2
 1 1
# length: 11
# name: Parameters
# type: matrix
# rows: 5
# columns: 1
 3
 0
 3
 1
 0


# name: nr_class
# type: scalar
2


# name: totalSV
# type: scalar
8


# name: rho
# type: scalar
-0.07100978843922237


# name: Label
# type: matrix
# rows: 0
# columns: 0


# name: sv_indices
# type: matrix
# rows: 8
# columns: 1
 4
 12
 16
 24
 29
 33
 37
 42


# name: ProbA
# type: matrix
# rows: 0
# columns: 0


# name: ProbB
# type: matrix
# rows: 0
# columns: 0


# name: nSV
# type: matrix
# rows: 0
# columns: 0


# name: sv_coef
# type: matrix
# rows: 8
# columns: 1
 0.1
 -0.01872547368887954
 -0.1
 -0.1
 0.01872547368887954
 0.1
 -0.1
 0.1


# name: SVs
# type: sparse matrix
# nnz: 8
# rows: 8
# columns: 1
1 1 -1.357915470944164
2 1 1.322180853287738
3 1 0.428815411877104
4 1 -0.4645500295335298
5 1 -1.357915470944164
6 1 -0.4645500295335298
7 1 0.428815411877104
8 1 -1.357915470944164





# name: <cell-element>
# type: scalar struct
# ndims: 2
 1 1
# length: 11
# name: Parameters
# type: matrix
# rows: 5
# columns: 1
 3
 1
 2
 1
 0


# name: nr_class
# type: scalar
2


# name: totalSV
# type: scalar
20


# name: rho
# type: scalar
0.2762810306280481


# name: Label
# type: matrix
# rows: 0
# columns: 0


# name: sv_indices
# type: matrix
# rows: 20
# columns: 1
 1
 4
 11
 12
 13
 16
 20
 21
 22
 25
 27
 28
 29
 33
 34
 37
 38
 39
 42
 44


# name: ProbA
# type: matrix
# rows: 0
# columns: 0


# name: ProbB
# type: matrix
# rows: 0
# columns: 0


# name: nSV
# type: matrix
# rows: 0
# columns: 0


# name: sv_coef
# type: matrix
# rows: 20
# columns: 1
 -0.1
 0.1
 -0.1
 -0.1
 -0.1
 -0.1
 -0.1
 0.1
 -0.1
 0.0625137615391306
 0.1
 -0.0625137615391306
 0.1
 0.1
 -0.1
 -0.1
 0.1
 0.1
 0.1
 0.1


# name: SVs
# type: sparse matrix
# nnz: 20
# rows: 20
# columns: 1
1 1 1.322180853287738
2 1 -1.357915470944164
3 1 0.428815411877104
4 1 1.322180853287738
5 1 1.322180853287738
6 1 0.428815411877104
7 1 1.322180853287738
8 1 -1.357915470944164
9 1 1.322180853287738
10 1 -1.357915470944164
11 1 -1.357915470944164
12 1 0.428815411877104
13 1 -1.357915470944164
14 1 -0.4645500295335298
15 1 1.322180853287738
16 1 0.428815411877104
17 1 -1.357915470944164
18 1 -0.4645500295335298
19 1 -1.357915470944164
20 1 -0.4645500295335298





# name: <cell-element>
# type: scalar struct
# ndims: 2
 1 1
# length: 11
# name: Parameters
# type: matrix
# rows: 5
# columns: 1
 3
 1
 3
 1
 0


# name: nr_class
# type: scalar
2


# name: totalSV
# type: scalar
8


# name: rho
# type: scalar
-0.04849243798830571


# name: Label
# type: matrix
# rows: 0
# columns: 0


# name: sv_indices
# type: matrix
# rows: 8
# columns: 1
 4
 8
 11
 16
 28
 33
 37
 42


# name: ProbA
# type: matrix
# rows: 0
# columns: 0


# name: ProbB
# type: matrix
# rows: 0
# columns: 0


# name: nSV
# type: matrix
# rows: 0
# columns: 0


# name: sv_coef
# type: matrix
# rows: 8
# columns: 1
 0.1
 0.1
 -0.1
 -0.1
 -0.1
 0.1
 -0.1
 0.09999999999999999


# name: SVs
# type: sparse matrix
# nnz: 8
# rows: 8
# columns: 1
1 1 -1.357915470944164
2 1 1.322180853287738
3 1 0.428815411877104
4 1 0.428815411877104
5 1 0.428815411877104
6 1 -0.4645500295335298
7 1 0.428815411877104
8 1 -1.357915470944164





# name: <cell-element>
# type: scalar struct
# ndims: 2
 1 1
# length: 11
# name: Parameters
# type: matrix
# rows: 5
# columns: 1
 3
 1
 4
 1
 0


# name: nr_class
# type: scalar
2


# name: totalSV
# type: scalar
9


# name: rho
# type: scalar
-0.0302697070371712


# name: Label
# type: matrix
# rows: 0
# columns: 0


# name: sv_indices
# type: matrix
# rows: 9
# columns: 1
 1
 4
 12
 13
 16
 29
 33
 34
 42


# name: ProbA
# type: matrix
# rows: 0
# columns: 0


# name: ProbB
# type: matrix
# rows: 0
# columns: 0


# name: nSV
# type: matrix
# rows: 0
# columns: 0


# name: sv_coef
# type: matrix
# rows: 9
# columns: 1
 -0.01396835889939672
 0.1
 -0.1
 -0.1
 -0.08603164110060328
 0.1
 0.1
 -0.1
 0.1


# name: SVs
# type: sparse matrix
# nnz: 9
# rows: 9
# columns: 1
1 1 1.322180853287738
2 1 -1.357915470944164
3 1 1.322180853287738
4 1 1.322180853287738
5 1 0.428815411877104
6 1 -1.357915470944164
7 1 -0.4645500295335298
8 1 1.322180853287738
9 1 -1.357915470944164





# name: <cell-element>
# type: scalar struct
# ndims: 2
 1 1
# length: 11
