# Created by Octave 4.0.0, Mon May 23 13:47:50 2016 CEST <peter@Independence>
# name: mu
# type: matrix
# rows: 1
# columns: 2
 188199.52 90.40000000000001


# name: sigma
# type: matrix
# rows: 1
# columns: 2
 64202.28640143505 22.38725506151187


