# Created by Octave 4.0.0, Wed May 18 23:48:44 2016 CEST <peter@Independence>
# name: x
# type: matrix
# rows: 1
# columns: 100
 60 60.60606060606061 61.21212121212122 61.81818181818181 62.42424242424242 63.03030303030303 63.63636363636364 64.24242424242425 64.84848484848484 65.45454545454545 66.06060606060606 66.66666666666667 67.27272727272728 67.87878787878788 68.48484848484848 69.09090909090909 69.6969696969697 70.30303030303031 70.90909090909091 71.51515151515152 72.12121212121212 72.72727272727272 73.33333333333333 73.93939393939394 74.54545454545455 75.15151515151516 75.75757575757576 76.36363636363636 76.96969696969697 77.57575757575758 78.18181818181819 78.78787878787878 79.39393939393939 80 80.60606060606061 81.21212121212122 81.81818181818181 82.42424242424242 83.03030303030303 83.63636363636364 84.24242424242425 84.84848484848484 85.45454545454545 86.06060606060606 86.66666666666667 87.27272727272727 87.87878787878788 88.48484848484848 89.09090909090909 89.6969696969697 90.3030303030303 90.90909090909091 91.51515151515152 92.12121212121212 92.72727272727273 93.33333333333334 93.93939393939394 94.54545454545455 95.15151515151516 95.75757575757575 96.36363636363637 96.96969696969697 97.57575757575758 98.18181818181819 98.7878787878788 99.39393939393939 100 100.6060606060606 101.2121212121212 101.8181818181818 102.4242424242424 103.030303030303 103.6363636363636 104.2424242424242 104.8484848484849 105.4545454545455 106.0606060606061 106.6666666666667 107.2727272727273 107.8787878787879 108.4848484848485 109.0909090909091 109.6969696969697 110.3030303030303 110.9090909090909 111.5151515151515 112.1212121212121 112.7272727272727 113.3333333333333 113.9393939393939 114.5454545454545 115.1515151515152 115.7575757575758 116.3636363636364 116.969696969697 117.5757575757576 118.1818181818182 118.7878787878788 119.3939393939394 120


# name: y
# type: matrix
# rows: 100
# columns: 1
 204459.0334101892
 202843.4744174625
 201384.1365226033
 200068.693606449
 198885.5638174611
 197823.8789888918
 196873.4546976286
 196024.7609647335
 195268.8935976657
 194597.5461741957
 194002.9826680039
 193478.0107159691
 193015.9555271436
 192610.634433417
 192256.332081867
 191947.7762687981
 191680.1144154687
 191448.890685505
 191250.0237440033
 191079.7851583198
 190934.7784405484
 190811.9187316861
 190708.4131274861
 190621.7416459987
 190549.6388368002
 190490.0760319092
 190441.244238391
 190401.5376726494
 190369.5379364064
 190343.9988343703
 190323.8318335901
 190308.0921644994
 190295.9655636466
 190286.7556581138
 190279.871991623
 190274.8186923302
 190271.1837823076
 190268.6291287126
 190266.8810366457
 190265.7214836955
 190264.9799961716
 190264.5261670252
 190264.2628154579
 190264.1197882174
 190264.0484025818
 190264.0165310312
 190264.0043276075
 190264.0005959609
 190263.9997990861
 190263.9997107439
 190263.9997085725
 190263.9997088856
 190263.9997431583
 190264.0001762014
 190264.0025660223
 190264.0111653752
 190264.0350649974
 190264.0909785349
 190264.2066691546
 190264.4250178449
 190264.8087334039
 190265.4457041152
 190266.4549911117
 190267.9934634272
 190270.2630747354
 190273.5187817769
 190278.0771044743
 190284.3253277342
 190292.7313449382
 190303.85414312
 190318.3549298321
 190337.0089016988
 190360.717654658
 190390.5222358898
 190427.6168374337
 190473.3631314932
 190529.305247428
 190597.1853904344
 190678.9601019132
 190776.817161525
 190893.1931309343
 191030.7915392399
 191192.6017100948
 191381.918230512
 191602.3610613597
 191857.8962895433
 192152.8575218753
 192491.9679206334
 192880.3628808053
 193323.6133490235
 193827.7497841848
 194399.2867597599
 195045.2482077896
 195773.1933045701
 196591.2429980241
 197508.1071767612
 198533.1124808248
 199676.2307541289
 200948.1081385809
 202360.0948098908


# name: QUERY
# type: sq_string
# elements: 1
# length: 2
R3


# name: DATASIZE
# type: sq_string
# elements: 1
# length: 3
250


