# Created by Octave 4.0.0, Mon May 23 13:47:56 2016 CEST <peter@Independence>
# name: x
# type: matrix
# rows: 1
# columns: 100
 60 60.60606060606061 61.21212121212122 61.81818181818181 62.42424242424242 63.03030303030303 63.63636363636364 64.24242424242425 64.84848484848484 65.45454545454545 66.06060606060606 66.66666666666667 67.27272727272728 67.87878787878788 68.48484848484848 69.09090909090909 69.6969696969697 70.30303030303031 70.90909090909091 71.51515151515152 72.12121212121212 72.72727272727272 73.33333333333333 73.93939393939394 74.54545454545455 75.15151515151516 75.75757575757576 76.36363636363636 76.96969696969697 77.57575757575758 78.18181818181819 78.78787878787878 79.39393939393939 80 80.60606060606061 81.21212121212122 81.81818181818181 82.42424242424242 83.03030303030303 83.63636363636364 84.24242424242425 84.84848484848484 85.45454545454545 86.06060606060606 86.66666666666667 87.27272727272727 87.87878787878788 88.48484848484848 89.09090909090909 89.6969696969697 90.3030303030303 90.90909090909091 91.51515151515152 92.12121212121212 92.72727272727273 93.33333333333334 93.93939393939394 94.54545454545455 95.15151515151516 95.75757575757575 96.36363636363637 96.96969696969697 97.57575757575758 98.18181818181819 98.7878787878788 99.39393939393939 100 100.6060606060606 101.2121212121212 101.8181818181818 102.4242424242424 103.030303030303 103.6363636363636 104.2424242424242 104.8484848484849 105.4545454545455 106.0606060606061 106.6666666666667 107.2727272727273 107.8787878787879 108.4848484848485 109.0909090909091 109.6969696969697 110.3030303030303 110.9090909090909 111.5151515151515 112.1212121212121 112.7272727272727 113.3333333333333 113.9393939393939 114.5454545454545 115.1515151515152 115.7575757575758 116.3636363636364 116.969696969697 117.5757575757576 118.1818181818182 118.7878787878788 119.3939393939394 120


# name: y
# type: matrix
# rows: 100
# columns: 1
 245333.3184237662
 241577.9438417431
 237972.2848499402
 234513.2959725599
 231197.931733804
 228023.1466578749
 224985.8952689748
 222083.132091306
 219311.8116490705
 216668.8884664705
 214151.3170677084
 211756.0519769863
 209480.0477185063
 207320.2588164707
 205273.6397950816
 203337.1451785412
 201507.7294910518
 199782.3472568154
 198157.9530000344
 196631.5012449109
 195199.946515647
 193860.2433364452
 192609.3462315073
 191444.2097250357
 190361.7883412325
 189359.0366043001
 188432.9090384404
 187580.3601678559
 186798.3445167485
 186083.8166093206
 185433.7309697743
 184845.0421223118
 184314.7045911353
 183839.672900447
 183416.901574449
 183043.3451373437
 182715.9581133331
 182431.6950266194
 182187.510401405
 181980.3587618918
 181807.1946322822
 181664.9725367784
 181550.6469995824
 181461.1725448966
 181393.503696923
 181344.594979864
 181311.4009179217
 181290.8760352982
 181279.9748561958
 181275.6519048167
 181274.861705363
 181274.558782037
 181271.6976590408
 181263.2328605767
 181246.1189108467
 181217.3103340532
 181173.7616543983
 181112.4273960842
 181030.2620833131
 180924.2202402872
 180791.2563912087
 180628.3250602797
 180432.3807717025
 180200.3780496793
 179929.2714184122
 179616.0154021034
 179257.5645249552
 178850.8733111697
 178392.8962849491
 177880.5879704956
 177310.9028920114
 176680.7955736987
 175987.2205397597
 175227.1323143966
 174397.4854218115
 173495.2343862067
 172517.3337317843
 171460.7379827467
 170322.4016632958
 169099.2792976339
 167788.3254099633
 166386.494524486
 164890.7411654044
 163298.0198569206
 161605.2851232368
 159809.4914885552
 157907.5934770779
 155896.5456130072
 153773.3024205453
 151534.8184238944
 149178.0481472564
 146699.9461148338
 144097.4668508289
 141367.5648794436
 138507.1947248802
 135513.310911341
 132382.8679630279
 129112.8204041436
 125700.1227588897
 122141.7295514689


# name: QUERY
# type: sq_string
# elements: 1
# length: 2
R3


# name: DATASIZE
# type: sq_string
# elements: 1
# length: 3
250


