# Created by Octave 4.0.0, Wed May 18 23:48:44 2016 CEST <peter@Independence>
# name: x
# type: matrix
# rows: 1
# columns: 100
 60 60.60606060606061 61.21212121212122 61.81818181818181 62.42424242424242 63.03030303030303 63.63636363636364 64.24242424242425 64.84848484848484 65.45454545454545 66.06060606060606 66.66666666666667 67.27272727272728 67.87878787878788 68.48484848484848 69.09090909090909 69.6969696969697 70.30303030303031 70.90909090909091 71.51515151515152 72.12121212121212 72.72727272727272 73.33333333333333 73.93939393939394 74.54545454545455 75.15151515151516 75.75757575757576 76.36363636363636 76.96969696969697 77.57575757575758 78.18181818181819 78.78787878787878 79.39393939393939 80 80.60606060606061 81.21212121212122 81.81818181818181 82.42424242424242 83.03030303030303 83.63636363636364 84.24242424242425 84.84848484848484 85.45454545454545 86.06060606060606 86.66666666666667 87.27272727272727 87.87878787878788 88.48484848484848 89.09090909090909 89.6969696969697 90.3030303030303 90.90909090909091 91.51515151515152 92.12121212121212 92.72727272727273 93.33333333333334 93.93939393939394 94.54545454545455 95.15151515151516 95.75757575757575 96.36363636363637 96.96969696969697 97.57575757575758 98.18181818181819 98.7878787878788 99.39393939393939 100 100.6060606060606 101.2121212121212 101.8181818181818 102.4242424242424 103.030303030303 103.6363636363636 104.2424242424242 104.8484848484849 105.4545454545455 106.0606060606061 106.6666666666667 107.2727272727273 107.8787878787879 108.4848484848485 109.0909090909091 109.6969696969697 110.3030303030303 110.9090909090909 111.5151515151515 112.1212121212121 112.7272727272727 113.3333333333333 113.9393939393939 114.5454545454545 115.1515151515152 115.7575757575758 116.3636363636364 116.969696969697 117.5757575757576 118.1818181818182 118.7878787878788 119.3939393939394 120


# name: y
# type: matrix
# rows: 100
# columns: 1
 241341.6927949871
 238408.7926685721
 235592.8185275396
 232891.3918937491
 230302.1342890602
 227822.6672353325
 225450.6122544257
 223183.5908681992
 221019.2245985128
 218955.1349672259
 216988.9434961982
 215118.2717072893
 213340.7411223587
 211653.9732632661
 210055.589651871
 208543.2118100331
 207114.4612596119
 205766.9595224671
 204498.3281204581
 203306.1885754447
 202188.1624092864
 201141.8711438427
 200164.9363009734
 199254.9794025379
 198409.6219703959
 197626.4855264069
 196903.1915924307
 196237.3616903266
 195626.6173419544
 195068.5800691737
 194560.8713938439
 194101.1128378248
 193686.9259229759
 193315.9321711568
 192985.7531042271
 192694.0102440464
 192438.3251124742
 192216.3192313702
 192025.614122594
 191863.8313080052
 191728.5923094633
 191617.5186488279
 191528.2318479587
 191458.3534287152
 191405.504912957
 191367.3078225437
 191341.3836793349
 191325.3540051903
 191316.8403219693
 191313.4641515316
 191312.8470157368
 191312.6104364444
 191310.3759355141
 191303.7650348054
 191290.399256178
 191267.9001214914
 191233.8891526053
 191185.9878713792
 191121.8177996726
 191039.0004593453
 190935.1573722568
 190807.9100602666
 190654.8800452345
 190473.6888490199
 190261.9579934825
 190017.3090004819
 189737.3633918776
 189419.7426895292
 189062.0684152964
 188661.9620910387
 188217.0452386157
 187724.939379887
 187183.2660367123
 186589.646730951
 185941.7029844628
 185237.0563191074
 184473.3282567441
 183648.1403192328
 182759.1140284329
 181803.8709062041
 180780.0324744059
 179685.2202548979
 178517.0557695398
 177273.1605401911
 175951.1560887114
 174548.6639369603
 173063.3056067974
 171492.7026200823
 169834.4764986746
 168086.2487644339
 166245.6409392197
 164310.2745448917
 162277.7711033094
 160145.7521363325
 157911.8391658206
 155573.6537136331
 153128.8173016298
 150574.9514516702
 147909.6776856139
 145130.6175253205


# name: QUERY
# type: sq_string
# elements: 1
# length: 2
R3


# name: DATASIZE
# type: sq_string
# elements: 1
# length: 3
250


