# Created by Octave 4.0.0, Wed May 18 23:48:44 2016 CEST <peter@Independence>
# name: x
# type: matrix
# rows: 1
# columns: 100
 60 60.60606060606061 61.21212121212122 61.81818181818181 62.42424242424242 63.03030303030303 63.63636363636364 64.24242424242425 64.84848484848484 65.45454545454545 66.06060606060606 66.66666666666667 67.27272727272728 67.87878787878788 68.48484848484848 69.09090909090909 69.6969696969697 70.30303030303031 70.90909090909091 71.51515151515152 72.12121212121212 72.72727272727272 73.33333333333333 73.93939393939394 74.54545454545455 75.15151515151516 75.75757575757576 76.36363636363636 76.96969696969697 77.57575757575758 78.18181818181819 78.78787878787878 79.39393939393939 80 80.60606060606061 81.21212121212122 81.81818181818181 82.42424242424242 83.03030303030303 83.63636363636364 84.24242424242425 84.84848484848484 85.45454545454545 86.06060606060606 86.66666666666667 87.27272727272727 87.87878787878788 88.48484848484848 89.09090909090909 89.6969696969697 90.3030303030303 90.90909090909091 91.51515151515152 92.12121212121212 92.72727272727273 93.33333333333334 93.93939393939394 94.54545454545455 95.15151515151516 95.75757575757575 96.36363636363637 96.96969696969697 97.57575757575758 98.18181818181819 98.7878787878788 99.39393939393939 100 100.6060606060606 101.2121212121212 101.8181818181818 102.4242424242424 103.030303030303 103.6363636363636 104.2424242424242 104.8484848484849 105.4545454545455 106.0606060606061 106.6666666666667 107.2727272727273 107.8787878787879 108.4848484848485 109.0909090909091 109.6969696969697 110.3030303030303 110.9090909090909 111.5151515151515 112.1212121212121 112.7272727272727 113.3333333333333 113.9393939393939 114.5454545454545 115.1515151515152 115.7575757575758 116.3636363636364 116.969696969697 117.5757575757576 118.1818181818182 118.7878787878788 119.3939393939394 120


# name: y
# type: matrix
# rows: 100
# columns: 1
 203735.3840510721
 202683.4397597959
 201693.7690042446
 200763.8642209945
 199891.269378956
 199073.5799793753
 198308.4430558333
 197593.5571742464
 196926.6724328654
 196305.5904622767
 195728.1644254016
 195192.2990174963
 194695.9504661523
 194237.1265312961
 193813.8865051892
 193424.3412124281
 193066.6530099446
 192739.0357870054
 192439.7549652121
 192167.1274985018
 191919.5218731462
 191695.3581077525
 191493.1077532625
 191311.2938929534
 191148.4911424373
 191003.3256496616
 190874.4750949084
 190760.668690795
 190660.687182274
 190573.3628466328
 190497.579493494
 190432.272464815
 190376.4286348887
 190329.0864103427
 190289.3357301397
 190256.3180655778
 190229.2264202897
 190207.3053302435
 190189.8508637421
 190176.2106214238
 190165.7837362616
 190158.0208735638
 190152.4242309737
 190148.5475384696
 190145.996058365
 190144.4265853083
 190143.5474462831
 190143.118500608
 190142.9511399366
 190142.9082882577
 190142.9044018952
 190142.9054695077
 190142.9290120894
 190143.044082969
 190143.3712678108
 190144.0826846138
 190145.4019837122
 190147.6043477751
 190151.016491807
 190156.0166631472
 190163.0346414701
 190172.5517387851
 190185.1007994369
 190201.2662001051
 190221.6838498043
 190247.0411898842
 190278.0771940298
 190315.5823682607
 190360.398750932
 190413.4199127337
 190475.5909566908
 190547.9085181635
 190631.4207648468
 190727.227396771
 190836.4796463016
 190960.3802781388
 191100.183589318
 191257.1954092097
 191432.7730995196
 191628.3255542882
 191845.3131998912
 192085.2479950394
 192349.6934307785
 192640.2645304895
 192958.6278498882
 193306.5014770257
 193685.6550322881
 194097.9096683964
 194545.1380704068
 195029.2644557106
 195552.2645740342
 196116.1657074389
 196723.0466703209
 197375.0378094121
 198074.3210037788
 198823.1296648228
 199623.7487362806
 200478.514694224
 201389.81554706
 202360.0908355304


# name: QUERY
# type: sq_string
# elements: 1
# length: 2
R3


# name: DATASIZE
# type: sq_string
# elements: 1
# length: 3
250


