# Created by Octave 4.0.0, Mon May 23 13:47:56 2016 CEST <peter@Independence>
# name: x
# type: matrix
# rows: 1
# columns: 100
 60 60.60606060606061 61.21212121212122 61.81818181818181 62.42424242424242 63.03030303030303 63.63636363636364 64.24242424242425 64.84848484848484 65.45454545454545 66.06060606060606 66.66666666666667 67.27272727272728 67.87878787878788 68.48484848484848 69.09090909090909 69.6969696969697 70.30303030303031 70.90909090909091 71.51515151515152 72.12121212121212 72.72727272727272 73.33333333333333 73.93939393939394 74.54545454545455 75.15151515151516 75.75757575757576 76.36363636363636 76.96969696969697 77.57575757575758 78.18181818181819 78.78787878787878 79.39393939393939 80 80.60606060606061 81.21212121212122 81.81818181818181 82.42424242424242 83.03030303030303 83.63636363636364 84.24242424242425 84.84848484848484 85.45454545454545 86.06060606060606 86.66666666666667 87.27272727272727 87.87878787878788 88.48484848484848 89.09090909090909 89.6969696969697 90.3030303030303 90.90909090909091 91.51515151515152 92.12121212121212 92.72727272727273 93.33333333333334 93.93939393939394 94.54545454545455 95.15151515151516 95.75757575757575 96.36363636363637 96.96969696969697 97.57575757575758 98.18181818181819 98.7878787878788 99.39393939393939 100 100.6060606060606 101.2121212121212 101.8181818181818 102.4242424242424 103.030303030303 103.6363636363636 104.2424242424242 104.8484848484849 105.4545454545455 106.0606060606061 106.6666666666667 107.2727272727273 107.8787878787879 108.4848484848485 109.0909090909091 109.6969696969697 110.3030303030303 110.9090909090909 111.5151515151515 112.1212121212121 112.7272727272727 113.3333333333333 113.9393939393939 114.5454545454545 115.1515151515152 115.7575757575758 116.3636363636364 116.969696969697 117.5757575757576 118.1818181818182 118.7878787878788 119.3939393939394 120


# name: y
# type: matrix
# rows: 100
# columns: 1
 190488.6826416673
 188595.273790227
 186813.9519235537
 185140.2036441021
 183569.6083080767
 182097.8380254349
 180720.6576598847
 179433.9248288863
 178233.5899036505
 177115.6960091401
 176076.3790240695
 175111.867580904
 174218.4830658608
 173392.6396189084
 172630.8441337668
 171929.6962579074
 171285.8883925532
 170696.2056926785
 170157.5260670093
 169666.8201780226
 169221.1514419474
 168817.6760287638
 168453.6428622035
 168126.3936197497
 167833.3627326369
 167572.0773858512
 167340.1575181301
 167135.3158219625
 166955.3577435891
 166798.1814830016
 166661.7779939433
 166544.2309839092
 166443.7169141455
 166358.5049996499
 166286.9572091717
 166227.5282652115
 166178.7656440215
 166139.3095756051
 166107.8930437176
 166083.3417858653
 166064.5742933063
 166050.6018110499
 166040.5283378571
 166033.5506262403
 166028.9581824631
 166026.133266541
 166024.5508922406
 166023.7788270802
 166023.4775923293
 166023.4004630091
 166023.3934678921
 166023.3953895025
 166023.4377641157
 166023.6448817587
 166024.2337862098
 166025.514274999
 166027.8888994076
 166031.8529644684
 166037.9945289656
 166046.994405435
 166059.6261601638
 166076.7561131906
 166099.3433383055
 166128.4396630501
 166165.1896687173
 166210.8306903518
 166266.6928167493
 166334.1988904575
 166414.864507775
 166510.2980187522
 166622.200527191
 166752.3658906445
 166902.6807204176
 167075.1243815662
 167271.7689928982
 167494.7794269725
 167746.4133100998
 168029.021022342
 168345.0456975126
 168697.0232231766
 169087.5822406504
 169519.4441450017
 169995.42308505
 170518.4259633659
 171091.4524362718
 171717.5949138414
 172400.0385598997
 173142.0612920235
 173947.0337815407
 174818.419453531
 175759.7744868254
 176774.7478140064
 177867.0811214076
 179040.6088491148
 180299.2581909646
 181647.0490945454
 183088.0942611969
 184626.5991460102
 186266.8619578284
 188013.2736592453


# name: QUERY
# type: sq_string
# elements: 1
# length: 2
R3


# name: DATASIZE
# type: sq_string
# elements: 1
# length: 3
250


