# Created by Octave 4.0.0, Mon May 23 13:47:56 2016 CEST <peter@Independence>
# name: x
# type: matrix
# rows: 1
# columns: 100
 60 60.60606060606061 61.21212121212122 61.81818181818181 62.42424242424242 63.03030303030303 63.63636363636364 64.24242424242425 64.84848484848484 65.45454545454545 66.06060606060606 66.66666666666667 67.27272727272728 67.87878787878788 68.48484848484848 69.09090909090909 69.6969696969697 70.30303030303031 70.90909090909091 71.51515151515152 72.12121212121212 72.72727272727272 73.33333333333333 73.93939393939394 74.54545454545455 75.15151515151516 75.75757575757576 76.36363636363636 76.96969696969697 77.57575757575758 78.18181818181819 78.78787878787878 79.39393939393939 80 80.60606060606061 81.21212121212122 81.81818181818181 82.42424242424242 83.03030303030303 83.63636363636364 84.24242424242425 84.84848484848484 85.45454545454545 86.06060606060606 86.66666666666667 87.27272727272727 87.87878787878788 88.48484848484848 89.09090909090909 89.6969696969697 90.3030303030303 90.90909090909091 91.51515151515152 92.12121212121212 92.72727272727273 93.33333333333334 93.93939393939394 94.54545454545455 95.15151515151516 95.75757575757575 96.36363636363637 96.96969696969697 97.57575757575758 98.18181818181819 98.7878787878788 99.39393939393939 100 100.6060606060606 101.2121212121212 101.8181818181818 102.4242424242424 103.030303030303 103.6363636363636 104.2424242424242 104.8484848484849 105.4545454545455 106.0606060606061 106.6666666666667 107.2727272727273 107.8787878787879 108.4848484848485 109.0909090909091 109.6969696969697 110.3030303030303 110.9090909090909 111.5151515151515 112.1212121212121 112.7272727272727 113.3333333333333 113.9393939393939 114.5454545454545 115.1515151515152 115.7575757575758 116.3636363636364 116.969696969697 117.5757575757576 118.1818181818182 118.7878787878788 119.3939393939394 120


# name: y
# type: matrix
# rows: 100
# columns: 1
 201323.9484213801
 197077.0386886216
 193240.796040125
 189782.8181212393
 186672.6590749963
 183881.7491473043
 181383.3159789787
 179152.3075846147
 177165.3170182993
 175400.5087261647
 173837.5465857807
 172457.5236323885
 171242.8934719741
 170177.4033811823
 169246.029094071
 168434.9112757055
 167731.2936825936
 167123.4630099605
 166600.6904258643
 166153.1747921517
 165771.9875722537
 165449.0194258225
 165176.9284902076
 164949.0903487726
 164759.5496860529
 164602.9736297525
 164474.6067795822
 164370.2279229377
 164286.1084374175
 164218.9723801818
 164165.9582641518
 164124.5825210482
 164092.7046512713
 164068.4940606205
 164050.3985838546
 164037.114695092
 164027.5594050516
 164020.8438451337
 164016.2485383414
 164013.2003570419
 164011.2511675686
 164010.0581616634
 164009.3658747587
 164008.9898911007
 164008.8022357121
 164008.7184531954
 164008.6863733769
 164008.6765637903
 164008.6744690011
 164008.6742367711
 164008.6742310631
 164008.6742318861
 164008.6743219807
 164008.675460345
 164008.6817426001
 164008.7043481969
 164008.7671744625
 164008.9141574867
 164009.21827985
 164009.7922651902
 164010.8009596108
 164012.4753999287
 164015.1285687625
 164019.1728364615
 164025.1390898745
 164033.6975479586
 164045.6802642293
 164062.1053160502
 164084.2026807629
 164113.4417986574
 164151.5608227831
 164200.5975555995
 164262.9220724678
 164341.2710319821
 164438.7836731415
 164559.0394993623
 164706.0976493303
 164884.537954694
 165099.5036845968
 165356.7459770514
 165662.6699571526
 166024.3825421316
 166449.7419332505
 166947.4087945359
 167526.899118355
 168198.6387778298
 168974.0197660925
 169865.4581223819
 170886.4535449787
 172051.6506909822
 173376.9021629268
 174879.3331822386
 176577.4079495327
 178490.9976917514
 180641.4503961407
 183051.6622310694
 185746.1506536866
 188751.1292044212
 192094.5839883206
 195806.3518432289


# name: QUERY
# type: sq_string
# elements: 1
# length: 2
R3


# name: DATASIZE
# type: sq_string
# elements: 1
# length: 3
250


