# Created by Octave 4.0.0, Mon May 23 13:47:56 2016 CEST <peter@Independence>
# name: x
# type: matrix
# rows: 1
# columns: 100
 60 60.60606060606061 61.21212121212122 61.81818181818181 62.42424242424242 63.03030303030303 63.63636363636364 64.24242424242425 64.84848484848484 65.45454545454545 66.06060606060606 66.66666666666667 67.27272727272728 67.87878787878788 68.48484848484848 69.09090909090909 69.6969696969697 70.30303030303031 70.90909090909091 71.51515151515152 72.12121212121212 72.72727272727272 73.33333333333333 73.93939393939394 74.54545454545455 75.15151515151516 75.75757575757576 76.36363636363636 76.96969696969697 77.57575757575758 78.18181818181819 78.78787878787878 79.39393939393939 80 80.60606060606061 81.21212121212122 81.81818181818181 82.42424242424242 83.03030303030303 83.63636363636364 84.24242424242425 84.84848484848484 85.45454545454545 86.06060606060606 86.66666666666667 87.27272727272727 87.87878787878788 88.48484848484848 89.09090909090909 89.6969696969697 90.3030303030303 90.90909090909091 91.51515151515152 92.12121212121212 92.72727272727273 93.33333333333334 93.93939393939394 94.54545454545455 95.15151515151516 95.75757575757575 96.36363636363637 96.96969696969697 97.57575757575758 98.18181818181819 98.7878787878788 99.39393939393939 100 100.6060606060606 101.2121212121212 101.8181818181818 102.4242424242424 103.030303030303 103.6363636363636 104.2424242424242 104.8484848484849 105.4545454545455 106.0606060606061 106.6666666666667 107.2727272727273 107.8787878787879 108.4848484848485 109.0909090909091 109.6969696969697 110.3030303030303 110.9090909090909 111.5151515151515 112.1212121212121 112.7272727272727 113.3333333333333 113.9393939393939 114.5454545454545 115.1515151515152 115.7575757575758 116.3636363636364 116.969696969697 117.5757575757576 118.1818181818182 118.7878787878788 119.3939393939394 120


# name: y
# type: matrix
# rows: 100
# columns: 1
 186770.335361538
 185757.4038082614
 184764.8695879141
 183792.7327004964
 182840.9931460081
 181909.6509244492
 180998.7060358196
 180108.1584801197
 179238.0082573491
 178388.255367508
 177558.8998105963
 176749.9415866142
 175961.3806955615
 175193.2171374383
 174445.4509122445
 173718.0820199801
 173011.1104606452
 172324.5362342397
 171658.3593407637
 171012.5797802172
 170387.1975526001
 169782.2126579125
 169197.6250961543
 168633.4348673256
 168089.6419714263
 167566.2464084565
 167063.2481784162
 166580.6472813053
 166118.4437171238
 165676.6374858718
 165255.2285875493
 164854.2170221562
 164473.6027896926
 164113.3858901584
 163773.5663235537
 163454.1440898784
 163155.1191891326
 162876.4916213163
 162618.2613864294
 162380.428484472
 162162.992915444
 161965.9546793455
 161789.3137761764
 161633.0702059367
 161497.2239686266
 161381.7750642459
 161286.7234927946
 161212.0692542728
 161157.8123486805
 161123.9527760175
 161110.4905362841
 161117.4256294801
 161144.7580556056
 161192.4878146605
 161260.6149066449
 161349.1393315587
 161458.061089402
 161587.3801801747
 161737.096603877
 161907.2103605086
 162097.7214500697
 162308.6298725603
 162539.9356279803
 162791.6387163298
 163063.7391376087
 163356.2368918171
 163669.1319789549
 164002.4243990222
 164356.1141520189
 164730.2012379451
 165124.6856568008
 165539.5674085859
 165974.8464933005
 166430.5229109445
 166906.5966615179
 167403.0677450208
 167919.9361614533
 168457.2019108151
 169014.8649931064
 169592.9254083271
 170191.3831564774
 170810.238237557
 171449.4906515661
 172109.1403985047
 172789.1874783727
 173489.6318911702
 174210.4736368971
 174951.7127155535
 175713.3491271393
 176495.3828716545
 177297.8139490994
 178120.6423594737
 178963.8681027772
 179827.4911790104
 180711.511588173
 181615.929330265
 182540.7444052864
 183485.9568132373
 184451.5665541177
 185437.5736279275


# name: QUERY
# type: sq_string
# elements: 1
# length: 2
R3


# name: DATASIZE
# type: sq_string
# elements: 1
# length: 3
250


