# Created by Octave 4.0.0, Wed May 18 23:48:44 2016 CEST <peter@Independence>
# name: x
# type: matrix
# rows: 1
# columns: 100
 60 60.60606060606061 61.21212121212122 61.81818181818181 62.42424242424242 63.03030303030303 63.63636363636364 64.24242424242425 64.84848484848484 65.45454545454545 66.06060606060606 66.66666666666667 67.27272727272728 67.87878787878788 68.48484848484848 69.09090909090909 69.6969696969697 70.30303030303031 70.90909090909091 71.51515151515152 72.12121212121212 72.72727272727272 73.33333333333333 73.93939393939394 74.54545454545455 75.15151515151516 75.75757575757576 76.36363636363636 76.96969696969697 77.57575757575758 78.18181818181819 78.78787878787878 79.39393939393939 80 80.60606060606061 81.21212121212122 81.81818181818181 82.42424242424242 83.03030303030303 83.63636363636364 84.24242424242425 84.84848484848484 85.45454545454545 86.06060606060606 86.66666666666667 87.27272727272727 87.87878787878788 88.48484848484848 89.09090909090909 89.6969696969697 90.3030303030303 90.90909090909091 91.51515151515152 92.12121212121212 92.72727272727273 93.33333333333334 93.93939393939394 94.54545454545455 95.15151515151516 95.75757575757575 96.36363636363637 96.96969696969697 97.57575757575758 98.18181818181819 98.7878787878788 99.39393939393939 100 100.6060606060606 101.2121212121212 101.8181818181818 102.4242424242424 103.030303030303 103.6363636363636 104.2424242424242 104.8484848484849 105.4545454545455 106.0606060606061 106.6666666666667 107.2727272727273 107.8787878787879 108.4848484848485 109.0909090909091 109.6969696969697 110.3030303030303 110.9090909090909 111.5151515151515 112.1212121212121 112.7272727272727 113.3333333333333 113.9393939393939 114.5454545454545 115.1515151515152 115.7575757575758 116.3636363636364 116.969696969697 117.5757575757576 118.1818181818182 118.7878787878788 119.3939393939394 120


# name: y
# type: matrix
# rows: 100
# columns: 1
 190683.7400817017
 189885.4738121299
 189103.2821754531
 188337.1651716716
 187587.1228007851
 186853.1550627937
 186135.2619576974
 185433.4434854963
 184747.6996461903
 184078.0304397794
 183424.4358662637
 182786.915925643
 182165.4706179175
 181560.0999430871
 180970.8039011519
 180397.5824921118
 179840.4357159667
 179299.3635727169
 178774.3660623621
 178265.4431849025
 177772.5949403379
 177295.8213286686
 176835.1223498943
 176390.4980040152
 175961.9482910312
 175549.4732109423
 175153.0727637485
 174772.7469494499
 174408.4957680464
 174060.319219538
 173728.2173039247
 173412.1900212066
 173112.2373713836
 172828.3593544557
 172560.5559704229
 172308.8272192852
 172073.1731010427
 171853.5936156953
 171650.0887632431
 171462.6585436859
 171291.3029570239
 171136.022003257
 170996.8156823852
 170873.6839944086
 170766.626939327
 170675.6445171406
 170600.7367278493
 170541.9035714532
 170499.1450479521
 170472.4611573462
 170461.8518996355
 170467.3172748198
 170488.8572828993
 170526.4719238738
 170580.1611977436
 170649.9251045084
 170735.7636441684
 170837.6768167235
 170955.6646221737
 171089.727060519
 171239.8641317595
 171406.0758358951
 171588.3621729258
 171786.7231428516
 172001.1587456726
 172231.6689813886
 172478.2538499998
 172740.9133515062
 173019.6474859076
 173314.4562532042
 173625.3396533959
 173952.2976864827
 174295.3303524647
 174654.4376513418
 175029.619583114
 175420.8761477813
 175828.2073453437
 176251.6131758013
 176691.093639154
 177146.6487354018
 177618.2784645448
 178105.9828265829
 178609.761821516
 179129.6154493444
 179665.5437100678
 180217.5466036864
 180785.6241302
 181369.7762896089
 181970.0030819128
 182586.3045071118
 183218.680565206
 183867.1312561954
 184531.6565800798
 185212.2565368593
 185908.9311265341
 186621.6803491039
 187350.5042045688
 188095.4026929289
 188856.3758141841
 189633.4235683343


# name: QUERY
# type: sq_string
# elements: 1
# length: 2
R3


# name: DATASIZE
# type: sq_string
# elements: 1
# length: 3
250


