# Created by Octave 3.8.2, Mon May 23 09:55:47 2016 CEST <Andrea@Andreas-MacBook-Pro.local>
# name: x
# type: matrix
# rows: 1
# columns: 100
 0.05 0.05075757575757577 0.05151515151515151 0.05227272727272728 0.05303030303030304 0.05378787878787879 0.05454545454545455 0.05530303030303031 0.05606060606060607 0.05681818181818182 0.05757575757575759 0.05833333333333334 0.0590909090909091 0.05984848484848486 0.06060606060606061 0.06136363636363637 0.06212121212121213 0.0628787878787879 0.06363636363636364 0.06439393939393939 0.06515151515151515 0.06590909090909092 0.06666666666666668 0.06742424242424243 0.06818181818181819 0.06893939393939394 0.0696969696969697 0.07045454545454546 0.07121212121212121 0.07196969696969698 0.07272727272727274 0.0734848484848485 0.07424242424242425 0.07500000000000001 0.07575757575757576 0.07651515151515152 0.07727272727272728 0.07803030303030303 0.0787878787878788 0.07954545454545456 0.08030303030303031 0.08106060606060607 0.08181818181818183 0.08257575757575758 0.08333333333333334 0.08409090909090911 0.08484848484848485 0.08560606060606062 0.08636363636363636 0.08712121212121213 0.08787878787878789 0.08863636363636364 0.0893939393939394 0.09015151515151516 0.09090909090909091 0.09166666666666667 0.09242424242424244 0.09318181818181819 0.09393939393939395 0.09469696969696971 0.09545454545454546 0.09621212121212122 0.09696969696969698 0.09772727272727275 0.09848484848484849 0.09924242424242424 0.1 0.1007575757575758 0.1015151515151515 0.1022727272727273 0.103030303030303 0.1037878787878788 0.1045454545454546 0.1053030303030303 0.1060606060606061 0.1068181818181818 0.1075757575757576 0.1083333333333333 0.1090909090909091 0.1098484848484849 0.1106060606060606 0.1113636363636364 0.1121212121212121 0.1128787878787879 0.1136363636363636 0.1143939393939394 0.1151515151515152 0.1159090909090909 0.1166666666666667 0.1174242424242424 0.1181818181818182 0.1189393939393939 0.1196969696969697 0.1204545454545455 0.1212121212121212 0.121969696969697 0.1227272727272727 0.1234848484848485 0.1242424242424243 0.125


# name: y
# type: matrix
# rows: 100
# columns: 1
 244015.4071639799
 243393.0726288304
 242853.9602953547
 242401.9706945291
 242040.7126746506
 241773.4752817944
 241603.201295828
 241532.4626966779
 241563.4383236788
 241697.8939756747
 241937.1651811515
 242282.1428462287
 242733.2619639834
 243290.4935415751
 243953.3398722488
 244720.8332478127
 245591.5381740004
 246563.5571165599
 247634.5397704193
 248801.6958082482
 250061.8110286178
 251411.2667882169
 252846.0625676362
 254361.8414865566
 255953.9185521887
 257617.3113949387
 259346.7732179095
 261136.8276623556
 262981.8052699252
 264875.8812047357
 266813.1138842846
 268787.4841580989
 270792.9346670153
 272823.4090141632
 274872.8903811176
 276935.4392293008
 279005.2297374473
 281076.5846406966
 283144.0081554489
 285202.2166962827
 287246.1671167163
 289271.0822340722
 291272.4734298072
 293246.1601500268
 295188.28616607
 297095.3324915964
 298964.1268900732
 300791.8499444783
 302576.0376989261
 304314.5809193454
 306005.7210567988
 307648.0430321328
 309240.4649939326
 310782.2252328653
 312272.8664640449
 313712.217714751
 315100.3740773633
 316437.6746065408
 317724.6786552484
 318962.1409561016
 320150.9857625538
 321292.2803686507
 322387.2083264342
 323437.0426766395
 324443.1195012094
 325406.8120954863
 326329.5060439258
 327212.5754660465
 328057.3606793417
 328865.1475033268
 329637.148404117
 330374.4856522577
 331078.1766383271
 331749.1214614856
 332388.0928760362
 332995.7286505545
 333572.5263636683
 334118.8406304487
 334634.8827240058
 335120.722528609
 335576.2927337871
 336001.3951537251
 336395.7090331282
 336758.8011798084
 337090.1377457967
 337389.0974629265
 337654.9861257687
 337887.0521045629
 338084.5026634881
 338246.5208552565
 338372.2827615739
 338460.9748504463
 338511.8112255369
 338524.0505496592
 338497.0124338806
 338430.0930954386
 338322.7801015017
 338174.6660315366
 337985.460908409
 337755.003267083


# name: QUERY
# type: sq_string
# elements: 1
# length: 2
Q2


# name: DATASIZE
# type: sq_string
# elements: 1
# length: 2
50


