# Created by Octave 3.8.2, Mon May 23 09:55:47 2016 CEST <Andrea@Andreas-MacBook-Pro.local>
# name: x
# type: matrix
# rows: 1
# columns: 100
 0.05 0.05075757575757577 0.05151515151515151 0.05227272727272728 0.05303030303030304 0.05378787878787879 0.05454545454545455 0.05530303030303031 0.05606060606060607 0.05681818181818182 0.05757575757575759 0.05833333333333334 0.0590909090909091 0.05984848484848486 0.06060606060606061 0.06136363636363637 0.06212121212121213 0.0628787878787879 0.06363636363636364 0.06439393939393939 0.06515151515151515 0.06590909090909092 0.06666666666666668 0.06742424242424243 0.06818181818181819 0.06893939393939394 0.0696969696969697 0.07045454545454546 0.07121212121212121 0.07196969696969698 0.07272727272727274 0.0734848484848485 0.07424242424242425 0.07500000000000001 0.07575757575757576 0.07651515151515152 0.07727272727272728 0.07803030303030303 0.0787878787878788 0.07954545454545456 0.08030303030303031 0.08106060606060607 0.08181818181818183 0.08257575757575758 0.08333333333333334 0.08409090909090911 0.08484848484848485 0.08560606060606062 0.08636363636363636 0.08712121212121213 0.08787878787878789 0.08863636363636364 0.0893939393939394 0.09015151515151516 0.09090909090909091 0.09166666666666667 0.09242424242424244 0.09318181818181819 0.09393939393939395 0.09469696969696971 0.09545454545454546 0.09621212121212122 0.09696969696969698 0.09772727272727275 0.09848484848484849 0.09924242424242424 0.1 0.1007575757575758 0.1015151515151515 0.1022727272727273 0.103030303030303 0.1037878787878788 0.1045454545454546 0.1053030303030303 0.1060606060606061 0.1068181818181818 0.1075757575757576 0.1083333333333333 0.1090909090909091 0.1098484848484849 0.1106060606060606 0.1113636363636364 0.1121212121212121 0.1128787878787879 0.1136363636363636 0.1143939393939394 0.1151515151515152 0.1159090909090909 0.1166666666666667 0.1174242424242424 0.1181818181818182 0.1189393939393939 0.1196969696969697 0.1204545454545455 0.1212121212121212 0.121969696969697 0.1227272727272727 0.1234848484848485 0.1242424242424243 0.125


# name: y
# type: matrix
# rows: 1
# columns: 100
 239611.743759802 240654.4257344778 241697.1077091536 242739.7896838294 243782.4716585052 244825.1536331811 245867.8356078569 246910.5175825327 247953.1995572085 248995.8815318843 250038.5635065601 251081.2454812359 252123.9274559117 253166.6094305876 254209.2914052634 255251.9733799392 256294.655354615 257337.3373292908 258380.0193039666 259422.7012786424 260465.3832533183 261508.0652279941 262550.7472026699 263593.4291773457 264636.1111520215 265678.7931266973 266721.4751013732 267764.157076049 268806.8390507248 269849.5210254006 270892.2030000764 271934.8849747522 272977.566949428 274020.2489241038 275062.9308987797 276105.6128734555 277148.2948481312 278190.9768228071 279233.6587974829 280276.3407721587 281319.0227468345 282361.7047215104 283404.3866961861 284447.0686708619 285489.7506455377 286532.4326202136 287575.1145948894 288617.7965695652 289660.478544241 290703.1605189168 291745.8424935926 292788.5244682684 293831.2064429443 294873.8884176201 295916.5703922959 296959.2523669717 298001.9343416475 299044.6163163233 300087.2982909991 301129.980265675 302172.6622403508 303215.3442150266 304258.0261897024 305300.7081643782 306343.390139054 307386.0721137298 308428.7540884056 309471.4360630815 310514.1180377573 311556.8000124331 312599.4819871089 313642.1639617847 314684.8459364605 315727.5279111363 316770.2098858122 317812.891860488 318855.5738351638 319898.2558098396 320940.9377845154 321983.6197591912 323026.301733867 324068.9837085429 325111.6656832187 326154.3476578945 327197.0296325703 328239.7116072461 329282.3935819219 330325.0755565977 331367.7575312735 332410.4395059494 333453.1214806252 334495.803455301 335538.4854299768 336581.1674046526 337623.8493793284 338666.5313540042 339709.21332868 340751.8953033559 341794.5772780317 342837.2592527075


# name: QUERY
# type: sq_string
# elements: 1
# length: 2
Q2


# name: DATASIZE
# type: sq_string
# elements: 1
# length: 2
50


