# Created by Octave 3.8.2, Mon May 23 09:55:47 2016 CEST <Andrea@Andreas-MacBook-Pro.local>
# name: x
# type: matrix
# rows: 1
# columns: 100
 0.05 0.05075757575757577 0.05151515151515151 0.05227272727272728 0.05303030303030304 0.05378787878787879 0.05454545454545455 0.05530303030303031 0.05606060606060607 0.05681818181818182 0.05757575757575759 0.05833333333333334 0.0590909090909091 0.05984848484848486 0.06060606060606061 0.06136363636363637 0.06212121212121213 0.0628787878787879 0.06363636363636364 0.06439393939393939 0.06515151515151515 0.06590909090909092 0.06666666666666668 0.06742424242424243 0.06818181818181819 0.06893939393939394 0.0696969696969697 0.07045454545454546 0.07121212121212121 0.07196969696969698 0.07272727272727274 0.0734848484848485 0.07424242424242425 0.07500000000000001 0.07575757575757576 0.07651515151515152 0.07727272727272728 0.07803030303030303 0.0787878787878788 0.07954545454545456 0.08030303030303031 0.08106060606060607 0.08181818181818183 0.08257575757575758 0.08333333333333334 0.08409090909090911 0.08484848484848485 0.08560606060606062 0.08636363636363636 0.08712121212121213 0.08787878787878789 0.08863636363636364 0.0893939393939394 0.09015151515151516 0.09090909090909091 0.09166666666666667 0.09242424242424244 0.09318181818181819 0.09393939393939395 0.09469696969696971 0.09545454545454546 0.09621212121212122 0.09696969696969698 0.09772727272727275 0.09848484848484849 0.09924242424242424 0.1 0.1007575757575758 0.1015151515151515 0.1022727272727273 0.103030303030303 0.1037878787878788 0.1045454545454546 0.1053030303030303 0.1060606060606061 0.1068181818181818 0.1075757575757576 0.1083333333333333 0.1090909090909091 0.1098484848484849 0.1106060606060606 0.1113636363636364 0.1121212121212121 0.1128787878787879 0.1136363636363636 0.1143939393939394 0.1151515151515152 0.1159090909090909 0.1166666666666667 0.1174242424242424 0.1181818181818182 0.1189393939393939 0.1196969696969697 0.1204545454545455 0.1212121212121212 0.121969696969697 0.1227272727272727 0.1234848484848485 0.1242424242424243 0.125


# name: y
# type: matrix
# rows: 100
# columns: 1
 237560.6442185145
 238625.2877850067
 239689.9313514991
 240754.5749179915
 241819.2184844839
 242883.8620509762
 243948.5056174685
 245013.1491839609
 246077.7927504533
 247142.4363169456
 248207.079883438
 249271.7234499303
 250336.3670164226
 251401.010582915
 252465.6541494074
 253530.2977158997
 254594.9412823921
 255659.5848488844
 256724.2284153768
 257788.8719818692
 258853.5155483615
 259918.1591148539
 260982.8026813462
 262047.4462478386
 263112.0898143309
 264176.7333808233
 265241.3769473156
 266306.020513808
 267370.6640803003
 268435.3076467927
 269499.951213285
 270564.5947797774
 271629.2383462698
 272693.8819127621
 273758.5254792545
 274823.1690457468
 275887.8126122392
 276952.4561787315
 278017.0997452239
 279081.7433117162
 280146.3868782086
 281211.0304447009
 282275.6740111933
 283340.3175776856
 284404.961144178
 285469.6047106704
 286534.2482771627
 287598.891843655
 288663.5354101474
 289728.1789766398
 290792.8225431321
 291857.4661096245
 292922.1096761168
 293986.7532426092
 295051.3968091015
 296116.0403755939
 297180.6839420862
 298245.3275085786
 299309.971075071
 300374.6146415633
 301439.2582080556
 302503.901774548
 303568.5453410404
 304633.1889075327
 305697.8324740251
 306762.4760405174
 307827.1196070098
 308891.7631735021
 309956.4067399945
 311021.0503064868
 312085.6938729792
 313150.3374394716
 314214.9810059639
 315279.6245724562
 316344.2681389486
 317408.911705441
 318473.5552719333
 319538.1988384257
 320602.842404918
 321667.4859714104
 322732.1295379028
 323796.7731043951
 324861.4166708874
 325926.0602373798
 326990.7038038721
 328055.3473703645
 329119.9909368568
 330184.6345033492
 331249.2780698416
 332313.921636334
 333378.5652028263
 334443.2087693186
 335507.852335811
 336572.4959023034
 337637.1394687957
 338701.7830352881
 339766.4266017804
 340831.0701682728
 341895.7137347651
 342960.3573012574


# name: QUERY
# type: sq_string
# elements: 1
# length: 2
Q2


# name: DATASIZE
# type: sq_string
# elements: 1
# length: 2
50


