# Created by Octave 3.8.2, Mon May 23 09:55:47 2016 CEST <Andrea@Andreas-MacBook-Pro.local>
# name: SVs
# type: cell
# rows: 1
# columns: 7
# name: <cell-element>
# type: sparse matrix
# nnz: 42
# rows: 42
# columns: 1
1 1 -0.618097764152945
2 1 1.563423756386864
3 1 1.563423756386864
4 1 -0.618097764152945
5 1 0.109076076026991
6 1 -0.618097764152945
7 1 0.109076076026991
8 1 -0.618097764152945
9 1 -1.054402068260907
10 1 0.109076076026991
11 1 -1.054402068260907
12 1 -1.054402068260907
13 1 -0.618097764152945
14 1 0.109076076026991
15 1 -1.054402068260907
16 1 1.563423756386864
17 1 -1.054402068260907
18 1 1.563423756386864
19 1 -1.054402068260907
20 1 -0.618097764152945
21 1 -1.054402068260907
22 1 -0.618097764152945
23 1 0.109076076026991
24 1 1.563423756386864
25 1 0.109076076026991
26 1 0.109076076026991
27 1 -0.618097764152945
28 1 0.109076076026991
29 1 1.563423756386864
30 1 -1.054402068260907
31 1 0.109076076026991
32 1 1.563423756386864
33 1 -1.054402068260907
34 1 0.109076076026991
35 1 0.109076076026991
36 1 -0.618097764152945
37 1 -0.618097764152945
38 1 -0.618097764152945
39 1 1.563423756386864
40 1 -0.618097764152945
41 1 1.563423756386864
42 1 -0.618097764152945



# name: <cell-element>
# type: sparse matrix
# nnz: 3
# rows: 3
# columns: 1
1 1 -1.054402068260907
2 1 0.109076076026991
3 1 1.563423756386864



# name: <cell-element>
# type: sparse matrix
# nnz: 11
# rows: 11
# columns: 1
1 1 -0.618097764152945
2 1 -0.618097764152945
3 1 -0.618097764152945
4 1 0.109076076026991
5 1 0.109076076026991
6 1 -0.618097764152945
7 1 0.109076076026991
8 1 1.563423756386864
9 1 0.109076076026991
10 1 0.109076076026991
11 1 -0.618097764152945



# name: <cell-element>
# type: sparse matrix
# nnz: 30
# rows: 30
# columns: 1
1 1 -0.618097764152945
2 1 1.563423756386864
3 1 -0.618097764152945
4 1 0.109076076026991
5 1 -0.618097764152945
6 1 0.109076076026991
7 1 -1.054402068260907
8 1 0.109076076026991
9 1 -1.054402068260907
10 1 0.109076076026991
11 1 -1.054402068260907
12 1 1.563423756386864
13 1 -1.054402068260907
14 1 -1.054402068260907
15 1 -1.054402068260907
16 1 -0.618097764152945
17 1 0.109076076026991
18 1 0.109076076026991
19 1 0.109076076026991
20 1 -0.618097764152945
21 1 0.109076076026991
22 1 1.563423756386864
23 1 -1.054402068260907
24 1 0.109076076026991
25 1 -1.054402068260907
26 1 0.109076076026991
27 1 0.109076076026991
28 1 -0.618097764152945
29 1 -0.618097764152945
30 1 -0.618097764152945



# name: <cell-element>
# type: sparse matrix
# nnz: 27
# rows: 27
# columns: 1
1 1 -0.618097764152945
2 1 -0.618097764152945
3 1 0.109076076026991
4 1 -0.618097764152945
5 1 0.109076076026991
6 1 -1.054402068260907
7 1 0.109076076026991
8 1 0.109076076026991
9 1 -1.054402068260907
10 1 -1.054402068260907
11 1 -1.054402068260907
12 1 -1.054402068260907
13 1 -0.618097764152945
14 1 0.109076076026991
15 1 1.563423756386864
16 1 0.109076076026991
17 1 0.109076076026991
18 1 -0.618097764152945
19 1 0.109076076026991
20 1 1.563423756386864
21 1 0.109076076026991
22 1 -1.054402068260907
23 1 0.109076076026991
24 1 0.109076076026991
25 1 -0.618097764152945
26 1 -0.618097764152945
27 1 -0.618097764152945



# name: <cell-element>
# type: sparse matrix
# nnz: 33
# rows: 33
# columns: 1
1 1 -0.618097764152945
2 1 1.563423756386864
3 1 1.563423756386864
4 1 -0.618097764152945
5 1 -0.618097764152945
6 1 -1.054402068260907
7 1 0.109076076026991
8 1 -1.054402068260907
9 1 -1.054402068260907
10 1 -0.618097764152945
11 1 0.109076076026991
12 1 -1.054402068260907
13 1 1.563423756386864
14 1 1.563423756386864
15 1 -1.054402068260907
16 1 -1.054402068260907
17 1 -0.618097764152945
18 1 0.109076076026991
19 1 1.563423756386864
20 1 1.563423756386864
21 1 0.109076076026991
22 1 0.109076076026991
23 1 1.563423756386864
24 1 -1.054402068260907
25 1 0.109076076026991
26 1 -1.054402068260907
27 1 -0.618097764152945
28 1 -0.618097764152945
29 1 -0.618097764152945
30 1 1.563423756386864
31 1 1.563423756386864
32 1 -0.618097764152945
33 1 -0.618097764152945



# name: <cell-element>
# type: scalar
0





# name: coefficients
# type: cell
# rows: 1
# columns: 7
# name: <cell-element>
# type: matrix
# rows: 42
# columns: 1
 -0.6157899999999999
 0.6157899999999999
 -0.6157899999999999
 -0.6157899999999999
 0.6157899999999999
 -0.6157899999999999
 0.6157899999999999
 -0.6157899999999999
 0.6157899999999999
 0.6157899999999999
 0.6157899999999999
 0.6157899999999999
 -0.6157899999999999
 0.6157899999999999
 -0.6157899999999999
 0.6157899999999999
 0.6157899999999999
 0.05754492844128997
 -0.6157899999999999
 -0.6157899999999999
 -0.6157899999999999
 -0.6157899999999999
 0.6157899999999999
 -0.6157899999999999
 0.6157899999999999
 0.6157899999999999
 -0.6157899999999999
 -0.6157899999999999
 0.6157899999999999
 0.6157899999999999
 0.6157899999999999
 -0.6157899999999999
 -0.05754492844129013
 0.6157899999999999
 0.6157899999999999
 -0.6157899999999999
 0.6157899999999999
 0.6157899999999999
 -0.6157899999999999
 -0.6157899999999999
 -0.6157899999999999
 -0.6157899999999999



# name: <cell-element>
# type: matrix
# rows: 3
# columns: 1
 -0.35789
 0.02182902122459693
 0.336060978775403



# name: <cell-element>
# type: matrix
# rows: 11
# columns: 1
 -0.6157899999999999
 -0.6157899999999999
 -0.5518883545681298
 0.6157899999999999
 0.6157899999999999
 -0.6157899999999999
 0.6157899999999999
 -0.06390164543187013
 0.6157899999999999
 0.6157899999999999
 -0.6157899999999999



# name: <cell-element>
# type: matrix
# rows: 30
# columns: 1
 -0.1
 0.02943228794324285
 -0.1
 0.1
 -0.1
 0.1
 -0.1
 0.1
 -0.1
 0.1
 -0.1
 0.1
 -0.1
 -0.1
 -0.1
 -0.1
 0.1
 0.1
 0.1
 -0.02943228794324284
 0.1
 0.1
 -0.1
 0.1
 -0.1
 0.1
 0.1
 0.1
 -0.1
 -0.1



# name: <cell-element>
# type: matrix
# rows: 27
# columns: 1
 -5
 -5
 5
 -5
 5
 -5
 5
 5
 -5
 -5
 -5
 -5
 -5
 5
 -2.061633253860721
 5
 5
 -2.938366746139277
 5
 5
 5
 -5
 5
 5
 5
 -5
 -5



# name: <cell-element>
# type: matrix
# rows: 33
# columns: 1
 -4.7421
 4.7421
 -4.7421
 -4.7421
 -4.7421
 4.53657739631186
 -3.935320656155361
 4.7421
 4.7421
 3.237613327695601
 4.7421
 -4.7421
 4.7421
 4.7421
 -4.7421
 -4.7421
 -4.7421
 4.7421
 -4.7421
 0.9032299321478988
 4.7421
 -4.7421
 4.7421
 4.7421
 -4.7421
 -4.7421
 4.7421
 4.7421
 4.7421
 -4.7421
 -4.7421
 4.7421
 -4.7421



# name: <cell-element>
# type: scalar
0





# name: b
# type: cell
# rows: 1
# columns: 7
# name: <cell-element>
# type: scalar
-0.0279278018807363



# name: <cell-element>
# type: scalar
-0.504364276289



# name: <cell-element>
# type: scalar
-0.2421837015241398



# name: <cell-element>
# type: scalar
-0.6055845301629197



# name: <cell-element>
# type: scalar
-0.5682372053504253



# name: <cell-element>
# type: scalar
0.3566260046843053



# name: <cell-element>
# type: scalar
0





# name: models
# type: cell
# rows: 1
# columns: 7
# name: <cell-element>
# type: scalar struct
# ndims: 2
 1 1
# length: 11
# name: Parameters
# type: matrix
# rows: 5
# columns: 1
 3
 0
 3
 1
 0


# name: nr_class
# type: scalar
2


# name: totalSV
# type: scalar
42


# name: rho
# type: scalar
0.0279278018807363


# name: Label
# type: matrix
# rows: 0
# columns: 0


# name: sv_indices
# type: matrix
# rows: 42
# columns: 1
 2
 3
 4
 5
 6
 8
 9
 10
 11
 12
 13
 14
 15
 16
 17
 18
 19
 20
 21
 22
 23
 24
 25
 26
 27
 30
 31
 32
 33
 34
 35
 36
 37
 38
 40
 41
 42
 43
 44
 45
 46
 48


# name: ProbA
# type: matrix
# rows: 0
# columns: 0


# name: ProbB
# type: matrix
# rows: 0
# columns: 0


# name: nSV
# type: matrix
# rows: 0
# columns: 0


