# Created by Octave 3.8.2, Mon May 23 09:55:40 2016 CEST <Andrea@Andreas-MacBook-Pro.local>
# name: mu
# type: matrix
# rows: 1
# columns: 2
 281188.6875 0.08020833333333331


# name: sigma
# type: matrix
# rows: 1
# columns: 2
 42086.41527257987 0.02864972882987404


