# Created by Octave 3.8.2, Mon May 23 09:55:47 2016 CEST <Andrea@Andreas-MacBook-Pro.local>
# name: x
# type: matrix
# rows: 1
# columns: 100
 0.05 0.05075757575757577 0.05151515151515151 0.05227272727272728 0.05303030303030304 0.05378787878787879 0.05454545454545455 0.05530303030303031 0.05606060606060607 0.05681818181818182 0.05757575757575759 0.05833333333333334 0.0590909090909091 0.05984848484848486 0.06060606060606061 0.06136363636363637 0.06212121212121213 0.0628787878787879 0.06363636363636364 0.06439393939393939 0.06515151515151515 0.06590909090909092 0.06666666666666668 0.06742424242424243 0.06818181818181819 0.06893939393939394 0.0696969696969697 0.07045454545454546 0.07121212121212121 0.07196969696969698 0.07272727272727274 0.0734848484848485 0.07424242424242425 0.07500000000000001 0.07575757575757576 0.07651515151515152 0.07727272727272728 0.07803030303030303 0.0787878787878788 0.07954545454545456 0.08030303030303031 0.08106060606060607 0.08181818181818183 0.08257575757575758 0.08333333333333334 0.08409090909090911 0.08484848484848485 0.08560606060606062 0.08636363636363636 0.08712121212121213 0.08787878787878789 0.08863636363636364 0.0893939393939394 0.09015151515151516 0.09090909090909091 0.09166666666666667 0.09242424242424244 0.09318181818181819 0.09393939393939395 0.09469696969696971 0.09545454545454546 0.09621212121212122 0.09696969696969698 0.09772727272727275 0.09848484848484849 0.09924242424242424 0.1 0.1007575757575758 0.1015151515151515 0.1022727272727273 0.103030303030303 0.1037878787878788 0.1045454545454546 0.1053030303030303 0.1060606060606061 0.1068181818181818 0.1075757575757576 0.1083333333333333 0.1090909090909091 0.1098484848484849 0.1106060606060606 0.1113636363636364 0.1121212121212121 0.1128787878787879 0.1136363636363636 0.1143939393939394 0.1151515151515152 0.1159090909090909 0.1166666666666667 0.1174242424242424 0.1181818181818182 0.1189393939393939 0.1196969696969697 0.1204545454545455 0.1212121212121212 0.121969696969697 0.1227272727272727 0.1234848484848485 0.1242424242424243 0.125


# name: y
# type: matrix
# rows: 100
# columns: 1
 279791.5796957219
 278809.4541864951
 277852.2715473439
 276920.0317782683
 276012.7348792684
 275130.380850344
 274272.9696914952
 273440.501402722
 272632.9759840245
 271850.3934354025
 271092.7537568561
 270360.0569483854
 269652.3030099902
 268969.4919416707
 268311.6237434267
 267678.6984152583
 267070.7159571656
 266487.6763691484
 265929.5796512068
 265396.4258033409
 264888.2148255505
 264404.9467178357
 263946.6214801966
 263513.239112633
 263104.7996151451
 262721.3029877327
 262362.7492303959
 262029.1383431348
 261720.4703259492
 261436.7451788393
 261177.9629018049
 260944.1234948462
 260735.226957963
 260551.2732911555
 260392.2624944235
 260258.1945677671
 260149.0695111864
 260064.8873246812
 260005.6480082517
 259971.3515618978
 259961.9979856194
 259977.5872794166
 260018.1194432895
 260083.594477238
 260174.012381262
 260289.3731553617
 260429.6767995369
 260594.9233137878
 260785.1126981142
 261000.2449525163
 261240.320076994
 261505.3380715472
 261795.2989361761
 262110.2026708805
 262450.0492756606
 262814.8387505162
 263204.5710954475
 263619.2463104543
 264058.8643955368
 264523.4253506949
 265012.9291759285
 265527.3758712378
 266066.7654366227
 266631.0978720831
 267220.3731776192
 267834.5913532309
 268473.7523989181
 269137.856314681
 269826.9031005195
 270540.8927564335
 271279.8252824232
 272043.7006784885
 272832.5189446294
 273646.2800808458
 274484.9840871379
 275348.6309635056
 276237.2207099489
 277150.7533264677
 278089.2288130622
 279052.6471697323
 280041.008396478
 281054.3124932992
 282092.5594601961
 283155.7492971686
 284243.8820042167
 285356.9575813403
 286494.9760285396
 287657.9373458145
 288845.841533165
 290058.6885905911
 291296.4785180928
 292559.21131567
 293846.8869833229
 295159.5055210514
 296497.0669288555
 297859.5712067352
 299247.0183546905
 300659.4083727213
 302096.7412608278
 303559.0170190099


# name: QUERY
# type: sq_string
# elements: 1
# length: 2
Q2


# name: DATASIZE
# type: sq_string
# elements: 1
# length: 2
50


