# Created by Octave 3.8.2, Mon May 23 09:55:47 2016 CEST <Andrea@Andreas-MacBook-Pro.local>
# name: x
# type: matrix
# rows: 1
# columns: 100
 0.05 0.05075757575757577 0.05151515151515151 0.05227272727272728 0.05303030303030304 0.05378787878787879 0.05454545454545455 0.05530303030303031 0.05606060606060607 0.05681818181818182 0.05757575757575759 0.05833333333333334 0.0590909090909091 0.05984848484848486 0.06060606060606061 0.06136363636363637 0.06212121212121213 0.0628787878787879 0.06363636363636364 0.06439393939393939 0.06515151515151515 0.06590909090909092 0.06666666666666668 0.06742424242424243 0.06818181818181819 0.06893939393939394 0.0696969696969697 0.07045454545454546 0.07121212121212121 0.07196969696969698 0.07272727272727274 0.0734848484848485 0.07424242424242425 0.07500000000000001 0.07575757575757576 0.07651515151515152 0.07727272727272728 0.07803030303030303 0.0787878787878788 0.07954545454545456 0.08030303030303031 0.08106060606060607 0.08181818181818183 0.08257575757575758 0.08333333333333334 0.08409090909090911 0.08484848484848485 0.08560606060606062 0.08636363636363636 0.08712121212121213 0.08787878787878789 0.08863636363636364 0.0893939393939394 0.09015151515151516 0.09090909090909091 0.09166666666666667 0.09242424242424244 0.09318181818181819 0.09393939393939395 0.09469696969696971 0.09545454545454546 0.09621212121212122 0.09696969696969698 0.09772727272727275 0.09848484848484849 0.09924242424242424 0.1 0.1007575757575758 0.1015151515151515 0.1022727272727273 0.103030303030303 0.1037878787878788 0.1045454545454546 0.1053030303030303 0.1060606060606061 0.1068181818181818 0.1075757575757576 0.1083333333333333 0.1090909090909091 0.1098484848484849 0.1106060606060606 0.1113636363636364 0.1121212121212121 0.1128787878787879 0.1136363636363636 0.1143939393939394 0.1151515151515152 0.1159090909090909 0.1166666666666667 0.1174242424242424 0.1181818181818182 0.1189393939393939 0.1196969696969697 0.1204545454545455 0.1212121212121212 0.121969696969697 0.1227272727272727 0.1234848484848485 0.1242424242424243 0.125


# name: y
# type: matrix
# rows: 100
# columns: 1
 271558.7107897829
 270026.8920987177
 268608.8323619387
 267298.7549397714
 266091.0337238681
 264980.1931372083
 263960.9081340986
 263028.0042001725
 262176.4573523905
 261401.3941390403
 260698.0916397364
 260061.9774654205
 259488.6297583611
 258973.7771921541
 258513.298971722
 258103.2248333147
 257739.7350445089
 257419.1604042082
 257137.9822426437
 256892.832421373
 256680.493333281
 256497.8979025796
 256342.1295848077
 256210.4223668312
 256100.1607668432
 256008.8798343634
 255934.265150239
 255874.1528266439
 255826.5295070793
 255789.5323663731
 255761.4491106805
 255740.7179774836
 255725.9277355915
 255715.8176851404
 255709.2776575935
 255705.3480157411
 255703.2196537003
 255702.2339969155
 255701.8830021578
 255701.8091575257
 255701.8054824445
 255701.8155276665
 255701.9333752712
 255702.4036386648
 255703.621462581
 255706.1325230802
 255710.6330275498
 255717.9697147043
 255729.1398545853
 255745.2912485614
 255767.7222293282
 255797.8816609082
 255837.368938651
 255887.9339892335
 255951.4772706591
 256030.0497722587
 256125.85301469
 256241.2390499378
 256378.7104613137
 256540.9203634567
 256730.6724023325
 256950.9207552341
 257204.7701307812
 257495.4757689209
 257826.443440927
 258201.2294494005
 258623.5406282694
 259097.2343427886
 259626.3184895403
 260214.9514964334
 260867.4423227041
 261588.2504589154
 262381.9859269575
 263253.4092800475
 264207.4316027295
 265249.114510875
 266383.6701516819
 267616.4612036756
 268953.0008767083
 270398.9529119594
 271960.1315819352
 273642.501690469
 275452.1785727212
 277395.4280951791
 279478.6666556574
 281708.4611832972
 284091.5291385672
 286634.7385132629
 289345.1078305066
 292229.8061447481
 295296.1530417639
 298551.6186386574
 302003.8235838595
 305660.5390571276
 309529.6867695468
 313619.338963528
 317937.7184128109
 322493.1984224603
 327294.3028288697
 332349.7059997583


# name: QUERY
# type: sq_string
# elements: 1
# length: 2
Q2


# name: DATASIZE
# type: sq_string
# elements: 1
# length: 2
50


