# Created by Octave 3.8.2, Mon May 23 09:55:47 2016 CEST <Andrea@Andreas-MacBook-Pro.local>
# name: x
# type: matrix
# rows: 1
# columns: 100
 0.05 0.05075757575757577 0.05151515151515151 0.05227272727272728 0.05303030303030304 0.05378787878787879 0.05454545454545455 0.05530303030303031 0.05606060606060607 0.05681818181818182 0.05757575757575759 0.05833333333333334 0.0590909090909091 0.05984848484848486 0.06060606060606061 0.06136363636363637 0.06212121212121213 0.0628787878787879 0.06363636363636364 0.06439393939393939 0.06515151515151515 0.06590909090909092 0.06666666666666668 0.06742424242424243 0.06818181818181819 0.06893939393939394 0.0696969696969697 0.07045454545454546 0.07121212121212121 0.07196969696969698 0.07272727272727274 0.0734848484848485 0.07424242424242425 0.07500000000000001 0.07575757575757576 0.07651515151515152 0.07727272727272728 0.07803030303030303 0.0787878787878788 0.07954545454545456 0.08030303030303031 0.08106060606060607 0.08181818181818183 0.08257575757575758 0.08333333333333334 0.08409090909090911 0.08484848484848485 0.08560606060606062 0.08636363636363636 0.08712121212121213 0.08787878787878789 0.08863636363636364 0.0893939393939394 0.09015151515151516 0.09090909090909091 0.09166666666666667 0.09242424242424244 0.09318181818181819 0.09393939393939395 0.09469696969696971 0.09545454545454546 0.09621212121212122 0.09696969696969698 0.09772727272727275 0.09848484848484849 0.09924242424242424 0.1 0.1007575757575758 0.1015151515151515 0.1022727272727273 0.103030303030303 0.1037878787878788 0.1045454545454546 0.1053030303030303 0.1060606060606061 0.1068181818181818 0.1075757575757576 0.1083333333333333 0.1090909090909091 0.1098484848484849 0.1106060606060606 0.1113636363636364 0.1121212121212121 0.1128787878787879 0.1136363636363636 0.1143939393939394 0.1151515151515152 0.1159090909090909 0.1166666666666667 0.1174242424242424 0.1181818181818182 0.1189393939393939 0.1196969696969697 0.1204545454545455 0.1212121212121212 0.121969696969697 0.1227272727272727 0.1234848484848485 0.1242424242424243 0.125


# name: y
# type: matrix
# rows: 100
# columns: 1
 247720.7570844144
 249428.3277277875
 251050.2706075927
 252588.788367266
 254046.0836502431
 255424.3590999598
 256725.817359852
 257952.6610733554
 259107.0928839061
 260191.3154349396
 261207.531369892
 262157.943332199
 263044.7539652964
 263870.1659126201
 264636.381817606
 265345.6043236897
 266000.0360743073
 266601.8797128944
 267153.3378828869
 267656.6132277207
 268113.9083908315
 268527.4260156553
 268899.3687456278
 269231.9392241848
 269527.3400947623
 269787.774000796
 270015.4435857217
 270212.5514929753
 270381.3003659925
 270523.8928482094
 270642.5315830616
 270739.419213985
 270816.7583844154
 270876.7517377886
 270921.6019175406
 270953.511567107
 270974.6833299238
 270987.3198494267
 270993.6237690517
 270995.7977322345
 270996.0443824108
 270996.5663630167
 270999.5663174879
 271007.2468892602
 271021.8107217695
 271045.4604584516
 271080.3987427424
 271128.8282180775
 271192.951527893
 271274.9713156245
 271377.090224708
 271501.5108985792
 271650.4359806741
 271826.0681144283
 272030.6099432778
 272266.2641106584
 272535.2332600059
 272839.7200347562
 273181.927078345
 273564.0570342082
 273988.3125457817
 274456.8962565011
 274972.0108098025
 275535.8588491215
 276150.6430178941
 276818.5659595561
 277541.8303175433
 278322.6387352915
 279163.1938562365
 280065.6983238143
 281032.3547814605
 282065.3658726111
 283166.9342407018
 284339.2625291685
 285584.5533814471
 286905.0094409733
 288302.833351183
 289780.227755512
 291339.3952973962
 292982.5386202713
 294711.8603675732
 296529.5631827377
 298437.8497092007
 300438.9225903979
 302534.9844697653
 304728.2379907386
 307020.8857967537
 309415.1305312464
 311913.1748376525
 314517.2213594079
 317229.4727399483
 320052.1316227097
 322987.4006511278
 326037.4824686385
 329204.5797186775
 332490.8950446809
 335898.6310900841
 339429.9904983233
 343087.1759128344
 346872.3899770527


# name: QUERY
# type: sq_string
# elements: 1
# length: 2
Q2


# name: DATASIZE
# type: sq_string
# elements: 1
# length: 2
50


