# Created by Octave 3.8.2, Mon May 23 09:55:47 2016 CEST <Andrea@Andreas-MacBook-Pro.local>
# name: x
# type: matrix
# rows: 1
# columns: 100
 0.05 0.05075757575757577 0.05151515151515151 0.05227272727272728 0.05303030303030304 0.05378787878787879 0.05454545454545455 0.05530303030303031 0.05606060606060607 0.05681818181818182 0.05757575757575759 0.05833333333333334 0.0590909090909091 0.05984848484848486 0.06060606060606061 0.06136363636363637 0.06212121212121213 0.0628787878787879 0.06363636363636364 0.06439393939393939 0.06515151515151515 0.06590909090909092 0.06666666666666668 0.06742424242424243 0.06818181818181819 0.06893939393939394 0.0696969696969697 0.07045454545454546 0.07121212121212121 0.07196969696969698 0.07272727272727274 0.0734848484848485 0.07424242424242425 0.07500000000000001 0.07575757575757576 0.07651515151515152 0.07727272727272728 0.07803030303030303 0.0787878787878788 0.07954545454545456 0.08030303030303031 0.08106060606060607 0.08181818181818183 0.08257575757575758 0.08333333333333334 0.08409090909090911 0.08484848484848485 0.08560606060606062 0.08636363636363636 0.08712121212121213 0.08787878787878789 0.08863636363636364 0.0893939393939394 0.09015151515151516 0.09090909090909091 0.09166666666666667 0.09242424242424244 0.09318181818181819 0.09393939393939395 0.09469696969696971 0.09545454545454546 0.09621212121212122 0.09696969696969698 0.09772727272727275 0.09848484848484849 0.09924242424242424 0.1 0.1007575757575758 0.1015151515151515 0.1022727272727273 0.103030303030303 0.1037878787878788 0.1045454545454546 0.1053030303030303 0.1060606060606061 0.1068181818181818 0.1075757575757576 0.1083333333333333 0.1090909090909091 0.1098484848484849 0.1106060606060606 0.1113636363636364 0.1121212121212121 0.1128787878787879 0.1136363636363636 0.1143939393939394 0.1151515151515152 0.1159090909090909 0.1166666666666667 0.1174242424242424 0.1181818181818182 0.1189393939393939 0.1196969696969697 0.1204545454545455 0.1212121212121212 0.121969696969697 0.1227272727272727 0.1234848484848485 0.1242424242424243 0.125


# name: y
# type: matrix
# rows: 100
# columns: 1
 264683.3509388926
 263636.0157433797
 262715.0634675791
 261907.9873240441
 261203.2326787182
 260590.1474474894
 260058.9338199089
 259600.6013101065
 259206.921134877
 258870.3819189655
 258584.146727518
 258342.0114257253
 258138.3643656465
 257968.1474002172
 257826.818224437
 257710.3140437422
 257615.0165695613
 257537.7183420519
 257475.590380022
 257426.1511580321
 257387.2369106823
 257356.9732640802
 257333.7481944926
 257316.1863141795
 257303.1244844115
 257293.5887556688
 257286.7726350244
 257282.0166807087
 257278.7894238578
 257276.669617444
 257275.3298123893
 257274.5212608617
 257274.060146754
 257273.8151433456
 257273.6962981471
 257273.645244927
 257273.6267429223
 257273.6215432309
 257273.6205823869
 257273.620503119
 257273.6205022918
 257273.6205060287
 257273.6206720191
 257273.6222190074
 257273.6295834648
 257273.6539034441
 257273.7178296175
 257273.8616634964
 257274.1508228343
 257274.6846342131
 257275.6064528112
 257277.1151093546
 257279.4776842511
 257283.0436089071
 257288.260094227
 257295.6888862951
 257306.0243492414
 257320.1128752884
 257338.9736219822
 257363.8205766056
 257396.0859477742
 257437.444884215
 257489.8415207274
 257555.5163513288
 257637.0349295801
 257737.3178960964
 257859.6723332394
 258007.8244469923
 258185.9535760178
 258398.7275278996
 258651.3392425649
 258949.5447828903
 259299.7026524949
 259708.8144407033
 260184.5667947122
 260735.3747189152
 261370.4262014329
 262099.7281678086
 262934.1537618978
 263885.4909539345
 264966.4924757903
 266190.9270833874
 267573.6321463427
 269130.5675647329
 270878.8710131287
 272836.9145116971
 275024.3623245935
 277462.2301854833
 280172.9458502274
 283180.4109768331
 286510.064332474
 290188.9463277716
 294245.7648782746
 298710.9625930256
 303616.785290453
 308997.3518411905
 314888.725338568
 321328.985595524
 328358.3029696567
 336019.0135145001


# name: QUERY
# type: sq_string
# elements: 1
# length: 2
Q2


# name: DATASIZE
# type: sq_string
# elements: 1
# length: 2
50


