# Created by Octave 3.8.2, Mon May 23 11:35:13 2016 CEST <Andrea@Andreas-MacBook-Pro.local>
# name: x
# type: matrix
# rows: 1
# columns: 100
 60 60.6060606060606 61.2121212121212 61.81818181818182 62.42424242424242 63.03030303030303 63.63636363636364 64.24242424242424 64.84848484848484 65.45454545454545 66.06060606060606 66.66666666666667 67.27272727272727 67.87878787878788 68.48484848484848 69.09090909090909 69.6969696969697 70.30303030303031 70.90909090909091 71.51515151515152 72.12121212121212 72.72727272727272 73.33333333333333 73.93939393939394 74.54545454545455 75.15151515151516 75.75757575757575 76.36363636363636 76.96969696969697 77.57575757575758 78.18181818181819 78.78787878787878 79.39393939393939 80 80.60606060606061 81.21212121212122 81.81818181818181 82.42424242424242 83.03030303030303 83.63636363636364 84.24242424242425 84.84848484848484 85.45454545454545 86.06060606060606 86.66666666666667 87.27272727272728 87.87878787878788 88.48484848484848 89.09090909090909 89.6969696969697 90.30303030303031 90.90909090909091 91.51515151515152 92.12121212121212 92.72727272727273 93.33333333333333 93.93939393939394 94.54545454545455 95.15151515151516 95.75757575757576 96.36363636363636 96.96969696969697 97.57575757575758 98.18181818181819 98.7878787878788 99.39393939393939 100 100.6060606060606 101.2121212121212 101.8181818181818 102.4242424242424 103.030303030303 103.6363636363636 104.2424242424242 104.8484848484848 105.4545454545455 106.0606060606061 106.6666666666667 107.2727272727273 107.8787878787879 108.4848484848485 109.0909090909091 109.6969696969697 110.3030303030303 110.9090909090909 111.5151515151515 112.1212121212121 112.7272727272727 113.3333333333333 113.9393939393939 114.5454545454545 115.1515151515152 115.7575757575758 116.3636363636364 116.969696969697 117.5757575757576 118.1818181818182 118.7878787878788 119.3939393939394 120


# name: y
# type: matrix
# rows: 100
# columns: 1
 52211.2188660632
 52205.53870520942
 52200.02359905567
 52194.66482447286
 52189.45360788414
 52184.38114658536
 52179.43863021232
 52174.61726230622
 52169.90828192776
 52165.30298527059
 52160.79274722356
 52156.36904283219
 52152.02346860885
 52147.74776364157
 52143.53383045195
 52139.37375555234
 52135.25982965354
 52131.18456747472
 52127.14072710779
 52123.12132888979
 52119.11967373728
 52115.12936089859
 52111.14430508026
 52107.15875290597
 52103.1672986675
 52099.16489932869
 52095.14688874549
 52091.10899106658
 52087.0473332812
 52082.9584568826
 52078.83932861784
 52074.68735029668
 52070.50036763435
 52066.27667810582
 52062.01503779083
 52057.71466719208
 52053.37525601071
 52048.99696686649
 52044.58043795189
 52040.12678461247
 52035.63759984804
 52031.11495373202
 52026.56139174898
 52021.97993205266
 52017.37406164991
 52012.74773151797
 52008.10535066552
 52003.45177915026
 51998.7923200684
 51994.13271053374
 51989.47911166652
 51984.83809761464
 51980.216643632
 51975.62211324104
 51971.06224450863
 51966.54513546655
 51962.07922870996
 51957.67329520868
 51953.33641736858
 51949.07797138137
 51944.90760890331
 51940.83523810432
 51936.87100413068
 51933.02526902576
 51929.30859115408
 51925.73170417534
 51922.30549561591
 51919.04098508583
 51915.94930219025
 51913.04166418476
 51910.3293534243
 51907.8236946557
 51905.53603220418
 51903.47770710396
 51901.66003422298
 51900.09427943189
 51898.79163686658
 51897.76320633342
 51897.01997090576
 51896.57277475922
 51896.43230129287
 51896.60905158218
 51897.1133232088
 51897.95518951079
 51899.14447929596
 51900.69075705946
 51902.60330374535
 51904.89109809055
 51907.56279858742
 51910.62672610045
 51914.09084716961
 51917.96275803239
 51922.24966939347
 51926.95839196985
 51932.09532283698
 51937.66643259929
 51943.67725340677
 51950.13286783678
 51957.03789865843
 51964.39649949464


# name: TRAIN_QUERIES
# type: cell
# rows: 1
# columns: 2
# name: <cell-element>
# type: sq_string
# elements: 1
# length: 2
R2



# name: <cell-element>
# type: sq_string
# elements: 1
# length: 2
R5





# name: TEST_QUERIES
# type: cell
# rows: 1
# columns: 1
# name: <cell-element>
# type: sq_string
# elements: 1
# length: 2
R3





# name: DATASIZE
# type: sq_string
# elements: 1
# length: 3
250


