# Created by Octave 3.8.2, Mon May 23 11:35:13 2016 CEST <Andrea@Andreas-MacBook-Pro.local>
# name: x
# type: matrix
# rows: 1
# columns: 100
 60 60.6060606060606 61.2121212121212 61.81818181818182 62.42424242424242 63.03030303030303 63.63636363636364 64.24242424242424 64.84848484848484 65.45454545454545 66.06060606060606 66.66666666666667 67.27272727272727 67.87878787878788 68.48484848484848 69.09090909090909 69.6969696969697 70.30303030303031 70.90909090909091 71.51515151515152 72.12121212121212 72.72727272727272 73.33333333333333 73.93939393939394 74.54545454545455 75.15151515151516 75.75757575757575 76.36363636363636 76.96969696969697 77.57575757575758 78.18181818181819 78.78787878787878 79.39393939393939 80 80.60606060606061 81.21212121212122 81.81818181818181 82.42424242424242 83.03030303030303 83.63636363636364 84.24242424242425 84.84848484848484 85.45454545454545 86.06060606060606 86.66666666666667 87.27272727272728 87.87878787878788 88.48484848484848 89.09090909090909 89.6969696969697 90.30303030303031 90.90909090909091 91.51515151515152 92.12121212121212 92.72727272727273 93.33333333333333 93.93939393939394 94.54545454545455 95.15151515151516 95.75757575757576 96.36363636363636 96.96969696969697 97.57575757575758 98.18181818181819 98.7878787878788 99.39393939393939 100 100.6060606060606 101.2121212121212 101.8181818181818 102.4242424242424 103.030303030303 103.6363636363636 104.2424242424242 104.8484848484848 105.4545454545455 106.0606060606061 106.6666666666667 107.2727272727273 107.8787878787879 108.4848484848485 109.0909090909091 109.6969696969697 110.3030303030303 110.9090909090909 111.5151515151515 112.1212121212121 112.7272727272727 113.3333333333333 113.9393939393939 114.5454545454545 115.1515151515152 115.7575757575758 116.3636363636364 116.969696969697 117.5757575757576 118.1818181818182 118.7878787878788 119.3939393939394 120


# name: y
# type: matrix
# rows: 1
# columns: 100
 96772.6570920464 96768.86600822469 96765.074924403 96761.28384058129 96757.49275675959 96753.7016729379 96749.91058911619 96746.11950529448 96742.32842147279 96738.53733765108 96734.74625382938 96730.95517000768 96727.16408618598 96723.37300236427 96719.58191854256 96715.79083472087 96711.99975089917 96708.20866707746 96704.41758325577 96700.62649943406 96696.83541561235 96693.04433179066 96689.25324796895 96685.46216414725 96681.67108032556 96677.87999650385 96674.08891268214 96670.29782886045 96666.50674503874 96662.71566121704 96658.92457739533 96655.13349357364 96651.34240975193 96647.55132593022 96643.76024210853 96639.96915828683 96636.17807446512 96632.38699064343 96628.59590682172 96624.80482300001 96621.01373917832 96617.22265535661 96613.43157153491 96609.6404877132 96605.84940389151 96602.0583200698 96598.2672362481 96594.4761524264 96590.6850686047 96586.89398478299 96583.1029009613 96579.31181713959 96575.52073331788 96571.72964949619 96567.93856567449 96564.14748185278 96560.35639803109 96556.56531420938 96552.77423038767 96548.98314656597 96545.19206274427 96541.40097892257 96537.60989510086 96533.81881127917 96530.02772745746 96526.23664363576 96522.44555981406 96518.65447599236 96514.86339217065 96511.07230834896 96507.28122452725 96503.49014070554 96499.69905688385 96495.90797306215 96492.11688924044 96488.32580541873 96484.53472159704 96480.74363777533 96476.95255395363 96473.16147013193 96469.37038631023 96465.57930248852 96461.78821866683 96457.99713484512 96454.20605102342 96450.41496720172 96446.62388338002 96442.83279955831 96439.0417157366 96435.25063191491 96431.4595480932 96427.6684642715 96423.87738044981 96420.0862966281 96416.29521280639 96412.5041289847 96408.71304516299 96404.92196134129 96401.13087751959 96397.33979369789


# name: TRAIN_QUERIES
# type: cell
# rows: 1
# columns: 2
# name: <cell-element>
# type: sq_string
# elements: 1
# length: 2
R2



# name: <cell-element>
# type: sq_string
# elements: 1
# length: 2
R5





# name: TEST_QUERIES
# type: cell
# rows: 1
# columns: 1
# name: <cell-element>
# type: sq_string
# elements: 1
# length: 2
R3





# name: DATASIZE
# type: sq_string
# elements: 1
# length: 3
250


