# Created by Octave 3.8.2, Mon May 23 11:35:13 2016 CEST <Andrea@Andreas-MacBook-Pro.local>
# name: x
# type: matrix
# rows: 1
# columns: 100
 60 60.6060606060606 61.2121212121212 61.81818181818182 62.42424242424242 63.03030303030303 63.63636363636364 64.24242424242424 64.84848484848484 65.45454545454545 66.06060606060606 66.66666666666667 67.27272727272727 67.87878787878788 68.48484848484848 69.09090909090909 69.6969696969697 70.30303030303031 70.90909090909091 71.51515151515152 72.12121212121212 72.72727272727272 73.33333333333333 73.93939393939394 74.54545454545455 75.15151515151516 75.75757575757575 76.36363636363636 76.96969696969697 77.57575757575758 78.18181818181819 78.78787878787878 79.39393939393939 80 80.60606060606061 81.21212121212122 81.81818181818181 82.42424242424242 83.03030303030303 83.63636363636364 84.24242424242425 84.84848484848484 85.45454545454545 86.06060606060606 86.66666666666667 87.27272727272728 87.87878787878788 88.48484848484848 89.09090909090909 89.6969696969697 90.30303030303031 90.90909090909091 91.51515151515152 92.12121212121212 92.72727272727273 93.33333333333333 93.93939393939394 94.54545454545455 95.15151515151516 95.75757575757576 96.36363636363636 96.96969696969697 97.57575757575758 98.18181818181819 98.7878787878788 99.39393939393939 100 100.6060606060606 101.2121212121212 101.8181818181818 102.4242424242424 103.030303030303 103.6363636363636 104.2424242424242 104.8484848484848 105.4545454545455 106.0606060606061 106.6666666666667 107.2727272727273 107.8787878787879 108.4848484848485 109.0909090909091 109.6969696969697 110.3030303030303 110.9090909090909 111.5151515151515 112.1212121212121 112.7272727272727 113.3333333333333 113.9393939393939 114.5454545454545 115.1515151515152 115.7575757575758 116.3636363636364 116.969696969697 117.5757575757576 118.1818181818182 118.7878787878788 119.3939393939394 120


# name: y
# type: matrix
# rows: 100
# columns: 1
 57266.74751109233
 57273.9729100781
 57281.19830906388
 57288.42370804967
 57295.64910703544
 57302.87450602122
 57310.099905007
 57317.32530399278
 57324.55070297856
 57331.77610196434
 57339.00150095011
 57346.22689993589
 57353.45229892167
 57360.67769790746
 57367.90309689323
 57375.12849587901
 57382.35389486479
 57389.57929385057
 57396.80469283635
 57404.03009182213
 57411.25549080791
 57418.48088979369
 57425.70628877947
 57432.93168776525
 57440.15708675102
 57447.3824857368
 57454.60788472258
 57461.83328370837
 57469.05868269414
 57476.28408167992
 57483.5094806657
 57490.73487965148
 57497.96027863726
 57505.18567762303
 57512.41107660882
 57519.6364755946
 57526.86187458038
 57534.08727356615
 57541.31267255193
 57548.53807153771
 57555.76347052349
 57562.98886950927
 57570.21426849505
 57577.43966748083
 57584.66506646661
 57591.89046545239
 57599.11586443816
 57606.34126342394
 57613.56666240972
 57620.79206139551
 57628.01746038128
 57635.24285936706
 57642.46825835284
 57649.69365733862
 57656.9190563244
 57664.14445531018
 57671.36985429596
 57678.59525328174
 57685.82065226752
 57693.0460512533
 57700.27145023907
 57707.49684922485
 57714.72224821063
 57721.94764719642
 57729.17304618219
 57736.39844516796
 57743.62384415375
 57750.84924313953
 57758.07464212531
 57765.30004111108
 57772.52544009687
 57779.75083908265
 57786.97623806842
 57794.2016370542
 57801.42703603998
 57808.65243502576
 57815.87783401154
 57823.10323299732
 57830.3286319831
 57837.55403096887
 57844.77942995466
 57852.00482894044
 57859.23022792621
 57866.45562691199
 57873.68102589777
 57880.90642488356
 57888.13182386933
 57895.35722285511
 57902.58262184089
 57909.80802082667
 57917.03341981245
 57924.25881879823
 57931.48421778401
 57938.70961676978
 57945.93501575557
 57953.16041474135
 57960.38581372712
 57967.6112127129
 57974.83661169868
 57982.06201068447


# name: TRAIN_QUERIES
# type: cell
# rows: 1
# columns: 2
# name: <cell-element>
# type: sq_string
# elements: 1
# length: 2
R2



# name: <cell-element>
# type: sq_string
# elements: 1
# length: 2
R5





# name: TEST_QUERIES
# type: cell
# rows: 1
# columns: 1
# name: <cell-element>
# type: sq_string
# elements: 1
# length: 2
R3





# name: DATASIZE
# type: sq_string
# elements: 1
# length: 3
250


