# Created by Octave 3.8.2, Mon May 23 11:35:12 2016 CEST <Andrea@Andreas-MacBook-Pro.local>
# name: SVs
# type: cell
# rows: 1
# columns: 7
# name: <cell-element>
# type: sparse matrix
# nnz: 35
# rows: 5
# columns: 7
1 1 -0.8260679838207171
2 1 -0.8455093975632759
3 1 1.390851380176918
4 1 -0.859716584528992
5 1 -0.839527424104027
1 2 -1.090859854294017
2 2 -1.094133724664434
3 2 0.9735609545317564
4 2 -1.136366652442815
5 2 -1.102359323970107
1 3 0.4837562633845189
2 3 -0.7493726060028547
3 3 1.324133587872014
4 3 -0.8791594195058757
5 3 -0.8292177002956871
1 4 1.448324526643473
2 4 -0.881189621333948
3 4 1.141953749534864
4 4 -1.028028345955683
5 4 -1.013027140296881
1 5 -1.060214969199077
2 5 -1.119363513070799
3 5 0.5034419837292393
4 5 -1.130323946120511
5 5 -1.063710969395968
1 6 -0.6461924271115936
2 6 -0.6514627605250958
3 6 -0.3980722360714334
4 6 -0.659309043415984
5 6 -0.6461776228042523
1 7 0.1643008541776733
2 7 1.685663571226707
3 7 0.1643008541776733
4 7 0.1643008541776733
5 7 -1.35706186287136



# name: <cell-element>
# type: sparse matrix
# nnz: 49
# rows: 7
# columns: 7
1 1 1.280234720959641
2 1 1.231032989257319
3 1 1.390851380176918
4 1 -0.8604643312113982
5 1 -0.8947609790444251
6 1 -0.9084198184430433
7 1 1.4342705375353
1 2 1.065843175597889
2 2 0.9956186561524417
3 2 0.9735609545317564
4 2 -1.118401288785151
5 2 -1.201844059851157
6 2 -1.210356122814242
7 2 1.263175712174781
1 3 1.298546163832226
2 3 1.219317633974087
3 3 1.324133587872014
4 3 -0.8665198485946551
5 3 -0.9106042056752538
6 3 -0.8581962287262904
7 3 1.309336041439366
1 4 1.065793782344023
2 4 0.9829986664964042
3 4 1.141953749534864
4 4 -1.019085319505243
5 4 -1.091783470005591
6 4 -1.022547136195736
7 4 1.185803427614438
1 5 1.311395975178272
2 5 1.067053907363139
3 5 0.5034419837292393
4 5 -1.113316377595096
5 5 -1.128717675759778
6 5 -1.129001135235201
7 5 1.647011994079799
1 6 -0.2746191171523465
2 6 -0.3131103162397222
3 6 -0.3980722360714334
4 6 -0.6505004805479114
5 6 -0.6512110873002938
6 6 -0.6582431332874105
7 6 -0.2208646771960923
1 7 -1.35706186287136
2 7 0.6714217598606843
3 7 0.1643008541776733
4 7 -0.7485167760517466
5 7 0.6714217598606843
6 7 -1.35706186287136
7 7 0.1643008541776733



# name: <cell-element>
# type: sparse matrix
# nnz: 56
# rows: 8
# columns: 7
1 1 1.583869723795349
2 1 1.413582879322064
3 1 -0.8260679838207171
4 1 -0.7661983994494012
5 1 -0.8455093975632759
6 1 1.390851380176918
7 1 -0.7968061636492246
8 1 1.4342705375353
1 2 1.072268146199832
2 2 1.185666831155155
3 2 -1.090859854294017
4 2 -1.07219879318264
5 2 -1.094133724664434
6 2 0.9735609545317564
7 2 -0.90588617836545
8 2 1.263175712174781
1 3 1.438506290507693
2 3 1.383632055819955
3 3 0.4837562633845189
4 3 -0.8292177002956871
5 3 -0.7493726060028547
6 3 1.324133587872014
7 3 -0.3634032698846067
8 3 1.309336041439366
1 4 1.48813541858414
2 4 1.15637798574525
3 4 1.448324526643473
4 4 -1.01821986533262
5 4 -0.881189621333948
6 4 1.141953749534864
7 4 -0.03621786412950639
8 4 1.185803427614438
1 5 0.5846058801921932
2 5 1.795733732185375
3 5 -1.060214969199077
4 5 -1.11359983707052
5 5 -1.119363513070799
6 5 0.5034419837292393
7 5 -1.12021389149707
8 5 1.647011994079799
1 6 -0.3882865889188352
2 6 -0.1986730204914861
3 6 -0.6461924271115936
4 6 -0.6584948065122125
5 6 -0.6514627605250958
6 6 -0.3980722360714334
7 6 -0.6578138083745128
8 6 -0.2208646771960923
1 7 0.1643008541776733
2 7 -0.7485167760517466
3 7 0.1643008541776733
4 7 0.1643008541776733
5 7 1.685663571226707
6 7 0.1643008541776733
7 7 -1.35706186287136
8 7 0.1643008541776733



# name: <cell-element>
# type: sparse matrix
# nnz: 70
# rows: 10
# columns: 7
1 1 1.583869723795349
2 1 1.280234720959641
3 1 1.231032989257319
4 1 -0.7840944700483208
5 1 -0.8260679838207171
6 1 -0.8455093975632759
7 1 1.390851380176918
8 1 -0.7968061636492246
9 1 -0.8498961781000585
10 1 1.178092524142967
1 2 1.072268146199832
2 2 1.065843175597889
3 2 0.9956186561524417
4 2 -0.9828221320702524
5 2 -1.090859854294017
6 2 -1.094133724664434
7 2 0.9735609545317564
8 2 -0.90588617836545
9 2 -1.098471602905237
10 2 0.7879325045291058
1 3 1.438506290507693
2 3 1.298546163832226
3 3 1.219317633974087
4 3 -0.8427821178589482
5 3 0.4837562633845189
6 3 -0.7493726060028547
7 3 1.324133587872014
8 3 -0.3634032698846067
9 3 -0.8526471488140472
10 3 1.243671929144488
1 4 1.48813541858414
2 4 1.065793782344023
3 4 0.9829986664964042
4 4 -1.013892594469504
5 4 1.448324526643473
6 4 -0.881189621333948
7 4 1.141953749534864
8 4 -0.03621786412950639
9 4 -1.019950773677866
10 4 1.072717415725008
1 5 0.5846058801921932
2 5 1.311395975178272
3 5 1.067053907363139
4 5 -0.8544233900415528
5 5 -1.060214969199077
6 5 -1.119363513070799
7 5 0.5034419837292393
8 5 -1.12021389149707
9 5 -1.110576269332668
10 5 0.6606675060975226
1 6 -0.3882865889188352
2 6 -0.2746191171523465
3 6 -0.3131103162397222
4 6 -0.6152366204609387
5 6 -0.6461924271115936
6 6 -0.6514627605250958
7 6 -0.3980722360714334
8 6 -0.6578138083745128
9 6 -0.6517736509792631
10 6 -0.3799369595783429
1 7 0.1643008541776733
2 7 -1.35706186287136
3 7 0.6714217598606843
4 7 -0.3428200515053378
5 7 0.1643008541776733
6 7 1.685663571226707
7 7 0.1643008541776733
8 7 -1.35706186287136
9 7 0.6714217598606843
10 7 -0.3428200515053378



# name: <cell-element>
# type: sparse matrix
# nnz: 98
# rows: 14
# columns: 7
1 1 1.583869723795349
2 1 1.350423209548161
3 1 -0.7840944700483208
4 1 -0.8260679838207171
5 1 -0.8455093975632759
6 1 1.177793425470004
7 1 1.205260653603722
8 1 1.390851380176918
9 1 1.164084736292559
10 1 1.421857942607358
11 1 -0.9084198184430433
12 1 -0.7968061636492246
13 1 1.4342705375353
14 1 1.178092524142967
1 2 1.072268146199832
2 2 0.9717194024483967
3 2 -0.9828221320702524
4 2 -1.090859854294017
5 2 -1.094133724664434
6 2 0.6344698309158034
7 2 0.822962917492569
8 2 0.9735609545317564
9 2 0.7173396746669868
10 2 1.003189481384031
11 2 -1.210356122814242
12 2 -0.90588617836545
13 2 1.263175712174781
14 2 0.7879325045291058
1 3 1.438506290507693
2 3 1.256311500055709
3 3 -0.8427821178589482
4 3 0.4837562633845189
5 3 -0.7493726060028547
6 3 1.324750152306708
7 3 1.200204136498583
8 3 1.324133587872014
9 3 1.250145855708772
10 3 1.475191874371967
11 3 -0.8581962287262904
12 3 -0.3634032698846067
13 3 1.309336041439366
14 3 1.243671929144488
1 4 1.48813541858414
2 4 1.036079855750627
3 4 -1.013892594469504
4 4 1.448324526643473
5 4 -0.881189621333948
6 4 1.179745248406076
7 4 0.9238592980338195
8 4 1.141953749534864
9 4 1.000307749948868
10 4 1.527369341076391
11 4 -1.022547136195736
12 4 -0.03621786412950639
13 4 1.185803427614438
14 4 1.072717415725008
1 5 0.5846058801921932
2 5 0.9103953039457031
3 5 -0.8544233900415528
4 5 -1.060214969199077
5 5 -1.119363513070799
6 5 -0.0430678848874374
7 5 0.7262411314121792
8 5 0.5034419837292393
9 5 0.2987842424734091
10 5 0.7497682678723369
11 5 -1.129001135235201
12 5 -1.12021389149707
13 5 1.647011994079799
14 5 0.6606675060975226
1 6 -0.3882865889188352
2 6 -0.3378927267290557
3 6 -0.6152366204609387
4 6 -0.6461924271115936
5 6 -0.6514627605250958
6 6 -0.4899477674315309
7 6 -0.3671460380354612
8 6 -0.3980722360714334
9 6 -0.4345500493603925
10 6 -0.3582190407086583
11 6 -0.6582431332874105
12 6 -0.6578138083745128
13 6 -0.2208646771960923
14 6 -0.3799369595783429
1 7 0.1643008541776733
2 7 1.685663571226707
3 7 -0.3428200515053378
4 7 0.1643008541776733
5 7 1.685663571226707
6 7 0.6714217598606843
7 7 0.6714217598606843
8 7 0.1643008541776733
9 7 -0.3428200515053378
10 7 -1.35706186287136
11 7 -1.35706186287136
12 7 -1.35706186287136
13 7 0.1643008541776733
14 7 -0.3428200515053378



