# Created by Octave 3.8.2, Mon May 23 11:35:06 2016 CEST <Andrea@Andreas-MacBook-Pro.local>
# name: mu
# type: matrix
# rows: 1
# columns: 8
 96605.26479750779 30567.14641744548 42822.15264797508 4110.800623052959 4957.545171339564 14639.80996884735 47353.94704049845 86.7601246105919


# name: sigma
# type: matrix
# rows: 1
# columns: 8
 85326.82916814051 20060.26954440344 24435.90947365682 3243.781002375872 3466.388047915933 10583.52343140744 67547.90865563723 19.7191633946378


