# Created by Octave 3.8.2, Mon May 23 11:35:13 2016 CEST <Andrea@Andreas-MacBook-Pro.local>
# name: x
# type: matrix
# rows: 1
# columns: 100
 60 60.6060606060606 61.2121212121212 61.81818181818182 62.42424242424242 63.03030303030303 63.63636363636364 64.24242424242424 64.84848484848484 65.45454545454545 66.06060606060606 66.66666666666667 67.27272727272727 67.87878787878788 68.48484848484848 69.09090909090909 69.6969696969697 70.30303030303031 70.90909090909091 71.51515151515152 72.12121212121212 72.72727272727272 73.33333333333333 73.93939393939394 74.54545454545455 75.15151515151516 75.75757575757575 76.36363636363636 76.96969696969697 77.57575757575758 78.18181818181819 78.78787878787878 79.39393939393939 80 80.60606060606061 81.21212121212122 81.81818181818181 82.42424242424242 83.03030303030303 83.63636363636364 84.24242424242425 84.84848484848484 85.45454545454545 86.06060606060606 86.66666666666667 87.27272727272728 87.87878787878788 88.48484848484848 89.09090909090909 89.6969696969697 90.30303030303031 90.90909090909091 91.51515151515152 92.12121212121212 92.72727272727273 93.33333333333333 93.93939393939394 94.54545454545455 95.15151515151516 95.75757575757576 96.36363636363636 96.96969696969697 97.57575757575758 98.18181818181819 98.7878787878788 99.39393939393939 100 100.6060606060606 101.2121212121212 101.8181818181818 102.4242424242424 103.030303030303 103.6363636363636 104.2424242424242 104.8484848484848 105.4545454545455 106.0606060606061 106.6666666666667 107.2727272727273 107.8787878787879 108.4848484848485 109.0909090909091 109.6969696969697 110.3030303030303 110.9090909090909 111.5151515151515 112.1212121212121 112.7272727272727 113.3333333333333 113.9393939393939 114.5454545454545 115.1515151515152 115.7575757575758 116.3636363636364 116.969696969697 117.5757575757576 118.1818181818182 118.7878787878788 119.3939393939394 120


# name: y
# type: matrix
# rows: 100
# columns: 1
 50231.78687586045
 50242.61297018809
 50252.71205023521
 50262.11741641919
 50270.86158845084
 50278.97630533446
 50286.49252536778
 50293.44042614201
 50299.8494045418
 50305.74807674527
 50311.164278224
 50316.12506374301
 50320.65670736079
 50324.78470242929
 50328.53376159392
 50331.92781679354
 50334.99001926048
 50337.7427395205
 50340.20756739284
 50342.40531199022
 50344.35600171876
 50346.07888427807
 50347.59242666125
 50348.9143151548
 50350.0614553387
 50351.0499720864
 50351.89520956481
 50352.61173123426
 50353.21331984859
 50353.71297745506
 50354.12292539441
 50354.45460430082
 50354.71867410193
 50354.92501401886
 50355.08272256616
 50355.20011755185
 50355.28473607741
 50355.34333453776
 50355.38188862133
 50355.40559330994
 50355.41886287891
 50355.42533089699
 50355.42785022644
 50355.4284930229
 50355.42855073552
 50355.42853410693
 50355.42817317315
 50355.42641726371
 50355.42143500158
 50355.41061430318
 50355.39056237841
 50355.3571057306
 50355.30529015656
 50355.22938074656
 50355.12286188429
 50354.97843724696
 50354.78802980518
 50354.54278182305
 50354.23305485812
 50353.8484297614
 50353.37770667735
 50352.80890504389
 50352.1292635924
 50351.32524034773
 50350.38251262817
 50349.28597704547
 50348.01974950485
 50346.56716520497
 50344.91077863797
 50343.03236358943
 50340.91291313839
 50338.53263965734
 50335.87097481226
 50332.90656956256
 50329.61729416112
 50325.98023815426
 50321.97171038177
 50317.56723897692
 50312.74157136639
 50307.46867427035
 50301.72173370243
 50295.4731549697
 50288.6945626727
 50281.35680070543
 50273.42993225534
 50264.88323980335
 50255.68522512381
 50245.80360928456
 50235.20533264687
 50223.8565548655
 50211.72265488863
 50198.76823095794
 50184.95710060852
 50170.25230066897
 50154.61608726131
 50138.00993580102
 50120.39454099705
 50101.72981685182
 50081.97489666117
 50061.08813301443


# name: TRAIN_QUERIES
# type: cell
# rows: 1
# columns: 2
# name: <cell-element>
# type: sq_string
# elements: 1
# length: 2
R2



# name: <cell-element>
# type: sq_string
# elements: 1
# length: 2
R5





# name: TEST_QUERIES
# type: cell
# rows: 1
# columns: 1
# name: <cell-element>
# type: sq_string
# elements: 1
# length: 2
R3





# name: DATASIZE
# type: sq_string
# elements: 1
# length: 3
250


