# Created by Octave 3.8.2, Mon May 23 11:35:13 2016 CEST <Andrea@Andreas-MacBook-Pro.local>
# name: x
# type: matrix
# rows: 1
# columns: 100
 60 60.6060606060606 61.2121212121212 61.81818181818182 62.42424242424242 63.03030303030303 63.63636363636364 64.24242424242424 64.84848484848484 65.45454545454545 66.06060606060606 66.66666666666667 67.27272727272727 67.87878787878788 68.48484848484848 69.09090909090909 69.6969696969697 70.30303030303031 70.90909090909091 71.51515151515152 72.12121212121212 72.72727272727272 73.33333333333333 73.93939393939394 74.54545454545455 75.15151515151516 75.75757575757575 76.36363636363636 76.96969696969697 77.57575757575758 78.18181818181819 78.78787878787878 79.39393939393939 80 80.60606060606061 81.21212121212122 81.81818181818181 82.42424242424242 83.03030303030303 83.63636363636364 84.24242424242425 84.84848484848484 85.45454545454545 86.06060606060606 86.66666666666667 87.27272727272728 87.87878787878788 88.48484848484848 89.09090909090909 89.6969696969697 90.30303030303031 90.90909090909091 91.51515151515152 92.12121212121212 92.72727272727273 93.33333333333333 93.93939393939394 94.54545454545455 95.15151515151516 95.75757575757576 96.36363636363636 96.96969696969697 97.57575757575758 98.18181818181819 98.7878787878788 99.39393939393939 100 100.6060606060606 101.2121212121212 101.8181818181818 102.4242424242424 103.030303030303 103.6363636363636 104.2424242424242 104.8484848484848 105.4545454545455 106.0606060606061 106.6666666666667 107.2727272727273 107.8787878787879 108.4848484848485 109.0909090909091 109.6969696969697 110.3030303030303 110.9090909090909 111.5151515151515 112.1212121212121 112.7272727272727 113.3333333333333 113.9393939393939 114.5454545454545 115.1515151515152 115.7575757575758 116.3636363636364 116.969696969697 117.5757575757576 118.1818181818182 118.7878787878788 119.3939393939394 120


# name: y
# type: matrix
# rows: 100
# columns: 1
 36316.92669745916
 36352.40541226686
 36387.07140549793
 36420.92467715238
 36453.96522723019
 36486.19305573139
 36517.60816265595
 36548.21054800389
 36578.0002117752
 36606.97715396988
 36635.14137458794
 36662.49287362937
 36689.03165109417
 36714.75770698235
 36739.67104129391
 36763.77165402883
 36787.05954518712
 36809.5347147688
 36831.19716277383
 36852.04688920225
 36872.08389405405
 36891.30817732921
 36909.71973902774
 36927.31857914965
 36944.10469769493
 36960.07809466359
 36975.23877005561
 36989.58672387102
 37003.1219561098
 37015.84446677195
 37027.75425585746
 37038.85132336636
 37049.13566929863
 37058.60729365426
 37067.26619643328
 37075.11237763567
 37082.14583726143
 37088.36657531057
 37093.77459178307
 37098.36988667895
 37102.15245999821
 37105.12231174084
 37107.27944190684
 37108.62385049621
 37109.15553750896
 37108.87450294507
 37107.78074680456
 37105.87426908744
 37103.15506979368
 37099.62314892329
 37095.27850647627
 37090.12114245263
 37084.15105685236
 37077.36824967546
 37069.77272092194
 37061.36447059179
 37052.14349868502
 37042.10980520162
 37031.26339014159
 37019.60425350493
 37007.13239529165
 36993.84781550174
 36979.75051413521
 36964.84049119204
 36949.11774667225
 36932.58228057584
 36915.2340929028
 36897.07318365313
 36878.09955282683
 36858.3132004239
 36837.71412644436
 36816.30233088818
 36794.07781375538
 36771.04057504595
 36747.19061475989
 36722.52793289721
 36697.05252945789
 36670.76440444196
 36643.6635578494
 36615.7499896802
 36587.02369993439
 36557.48468861194
 36527.13295571287
 36495.96850123717
 36463.99132518484
 36431.20142755589
 36397.59880835031
 36363.18346756811
 36327.95540520927
 36291.91462127381
 36255.06111576173
 36217.39488867302
 36178.91594000768
 36139.62426976571
 36099.51987794712
 36058.6027645519
 36016.87292958005
 35974.33037303158
 35930.97509490648
 35886.80709520476


# name: TRAIN_QUERIES
# type: cell
# rows: 1
# columns: 2
# name: <cell-element>
# type: sq_string
# elements: 1
# length: 2
R2



# name: <cell-element>
# type: sq_string
# elements: 1
# length: 2
R5





# name: TEST_QUERIES
# type: cell
# rows: 1
# columns: 1
# name: <cell-element>
# type: sq_string
# elements: 1
# length: 2
R3





# name: DATASIZE
# type: sq_string
# elements: 1
# length: 3
250


