# Created by Octave 3.8.2, Mon May 23 11:35:13 2016 CEST <Andrea@Andreas-MacBook-Pro.local>
# name: x
# type: matrix
# rows: 1
# columns: 100
 60 60.6060606060606 61.2121212121212 61.81818181818182 62.42424242424242 63.03030303030303 63.63636363636364 64.24242424242424 64.84848484848484 65.45454545454545 66.06060606060606 66.66666666666667 67.27272727272727 67.87878787878788 68.48484848484848 69.09090909090909 69.6969696969697 70.30303030303031 70.90909090909091 71.51515151515152 72.12121212121212 72.72727272727272 73.33333333333333 73.93939393939394 74.54545454545455 75.15151515151516 75.75757575757575 76.36363636363636 76.96969696969697 77.57575757575758 78.18181818181819 78.78787878787878 79.39393939393939 80 80.60606060606061 81.21212121212122 81.81818181818181 82.42424242424242 83.03030303030303 83.63636363636364 84.24242424242425 84.84848484848484 85.45454545454545 86.06060606060606 86.66666666666667 87.27272727272728 87.87878787878788 88.48484848484848 89.09090909090909 89.6969696969697 90.30303030303031 90.90909090909091 91.51515151515152 92.12121212121212 92.72727272727273 93.33333333333333 93.93939393939394 94.54545454545455 95.15151515151516 95.75757575757576 96.36363636363636 96.96969696969697 97.57575757575758 98.18181818181819 98.7878787878788 99.39393939393939 100 100.6060606060606 101.2121212121212 101.8181818181818 102.4242424242424 103.030303030303 103.6363636363636 104.2424242424242 104.8484848484848 105.4545454545455 106.0606060606061 106.6666666666667 107.2727272727273 107.8787878787879 108.4848484848485 109.0909090909091 109.6969696969697 110.3030303030303 110.9090909090909 111.5151515151515 112.1212121212121 112.7272727272727 113.3333333333333 113.9393939393939 114.5454545454545 115.1515151515152 115.7575757575758 116.3636363636364 116.969696969697 117.5757575757576 118.1818181818182 118.7878787878788 119.3939393939394 120


# name: y
# type: matrix
# rows: 100
# columns: 1
 54824.25664804602
 54829.45951480092
 54834.09324295825
 54838.20876759182
 54841.85352563768
 54845.07161986343
 54847.903978901
 54850.38851334312
 54852.56026790321
 54854.45156963894
 54856.09217223927
 54857.50939637514
 54858.72826611363
 54859.7716413957
 54860.66034657757
 54861.41329503553
 54862.04760983443
 54862.57874045964
 54863.02057561263
 54863.38555207009
 54863.68475960658
 54863.92804198082
 54864.12409398543
 54864.28055456033
 54864.40409596964
 54864.50050904218
 54864.57478447545
 54864.63119020333
 54864.67334482713
 54864.7042871104
 54864.72654153714
 54864.74217993368
 54864.75287915407
 54864.75997482904
 54864.76451117851
 54864.76728688768
 54864.76889704669
 54864.76977115376
 54864.77020718202
 54864.77040170977
 54864.77047611442
 54864.77049882987
 54864.77050366757
 54864.77050420102
 54864.77050421395
 54864.77050421194
 54864.77050399774
 54864.77050130998
 54864.77048652559
 54864.77043342572
 54864.7702860252
 54864.76994146559
 54864.76922897177
 54864.76788487216
 54864.76552368233
 54864.76160525239
 54864.75539797778
 54864.74593807369
 54864.731984913
 54864.71197242783
 54864.6839565746
 54864.64555886268
 54864.59390594662
 54864.52556528185
 54864.43647684406
 54864.32188091208
 54864.17624191428
 54863.99316833861
 54863.76532870615
 54863.48436360824
 54863.14079380718
 54862.72392440042
 54862.22174504842
 54861.62082626598
 54860.90621177719
 54860.06130693389
 54859.06776319774
 54857.90535868578
 54856.55187477965
 54854.98296879827
 54853.17204273416
 54851.09010805325
 54848.70564655832
 54845.98446731592
 54842.88955964696
 54839.38094218072
 54835.41550797256
 54830.94686568508
 54825.92517683291
 54820.29698909105
 54814.00506566669
 54806.98821073474
 54799.18109093679
 54790.51405294365
 54780.91293708156
 54770.2988870218
 54758.58815553394
 54745.6919063027
 54731.51601180828
 54715.96084727028


# name: TRAIN_QUERIES
# type: cell
# rows: 1
# columns: 2
# name: <cell-element>
# type: sq_string
# elements: 1
# length: 2
R2



# name: <cell-element>
# type: sq_string
# elements: 1
# length: 2
R5





# name: TEST_QUERIES
# type: cell
# rows: 1
# columns: 1
# name: <cell-element>
# type: sq_string
# elements: 1
# length: 2
R3





# name: DATASIZE
# type: sq_string
# elements: 1
# length: 3
250


