# Created by Octave 3.8.2, Mon May 23 11:35:13 2016 CEST <Andrea@Andreas-MacBook-Pro.local>
# name: x
# type: matrix
# rows: 1
# columns: 100
 60 60.6060606060606 61.2121212121212 61.81818181818182 62.42424242424242 63.03030303030303 63.63636363636364 64.24242424242424 64.84848484848484 65.45454545454545 66.06060606060606 66.66666666666667 67.27272727272727 67.87878787878788 68.48484848484848 69.09090909090909 69.6969696969697 70.30303030303031 70.90909090909091 71.51515151515152 72.12121212121212 72.72727272727272 73.33333333333333 73.93939393939394 74.54545454545455 75.15151515151516 75.75757575757575 76.36363636363636 76.96969696969697 77.57575757575758 78.18181818181819 78.78787878787878 79.39393939393939 80 80.60606060606061 81.21212121212122 81.81818181818181 82.42424242424242 83.03030303030303 83.63636363636364 84.24242424242425 84.84848484848484 85.45454545454545 86.06060606060606 86.66666666666667 87.27272727272728 87.87878787878788 88.48484848484848 89.09090909090909 89.6969696969697 90.30303030303031 90.90909090909091 91.51515151515152 92.12121212121212 92.72727272727273 93.33333333333333 93.93939393939394 94.54545454545455 95.15151515151516 95.75757575757576 96.36363636363636 96.96969696969697 97.57575757575758 98.18181818181819 98.7878787878788 99.39393939393939 100 100.6060606060606 101.2121212121212 101.8181818181818 102.4242424242424 103.030303030303 103.6363636363636 104.2424242424242 104.8484848484848 105.4545454545455 106.0606060606061 106.6666666666667 107.2727272727273 107.8787878787879 108.4848484848485 109.0909090909091 109.6969696969697 110.3030303030303 110.9090909090909 111.5151515151515 112.1212121212121 112.7272727272727 113.3333333333333 113.9393939393939 114.5454545454545 115.1515151515152 115.7575757575758 116.3636363636364 116.969696969697 117.5757575757576 118.1818181818182 118.7878787878788 119.3939393939394 120


# name: y
# type: matrix
# rows: 100
# columns: 1
 52342.71358426686
 52351.8665144261
 52360.60492781982
 52368.93842992585
 52376.87662622205
 52384.42912218622
 52391.60552329623
 52398.41543502989
 52404.86846286506
 52410.97421227957
 52416.74228875124
 52422.18229775793
 52427.30384477747
 52432.11653528768
 52436.62997476642
 52440.85376869149
 52444.79752254079
 52448.47084179209
 52451.88333192327
 52455.04459841215
 52457.96424673656
 52460.65188237435
 52463.11711080337
 52465.36953750142
 52467.41876794636
 52469.27440761602
 52470.94606198825
 52472.44333654087
 52473.77583675172
 52474.95316809863
 52475.98493605946
 52476.88074611202
 52477.65020373416
 52478.30291440372
 52478.84848359854
 52479.29651679644
 52479.65661947527
 52479.93839711286
 52480.15145518704
 52480.30539917566
 52480.40983455656
 52480.47436680756
 52480.50860140651
 52480.52214383124
 52480.52459955958
 52480.52557406938
 52480.53467283848
 52480.56150134471
 52480.6156650659
 52480.70676947989
 52480.84442006452
 52481.03822229761
 52481.29778165703
 52481.63270362059
 52482.05259366614
 52482.56705727151
 52483.18569991454
 52483.91812707306
 52484.77394422491
 52485.76275684794
 52486.89417041997
 52488.17779041883
 52489.62322232238
 52491.24007160844
 52493.03794375485
 52495.02644423945
 52497.21517854007
 52499.61375213456
 52502.23177050074
 52505.07883911646
 52508.16456345955
 52511.49854900785
 52515.09040123919
 52518.94972563141
 52523.08612766235
 52527.50921280984
 52532.22858655173
 52537.25385436584
 52542.59462173002
 52548.2604941221
 52554.26107701992
 52560.6059759013
 52567.30479624411
 52574.36714352615
 52581.80262322529
 52589.62084081933
 52597.83140178615
 52606.44391160355
 52615.46797574939
 52624.91319970148
 52634.78918893769
 52645.10554893585
 52655.87188517376
 52667.09780312931
 52678.79290828029
 52690.96680610457
 52703.62910207997
 52716.78940168433
 52730.45731039548
 52744.64243369128


# name: TRAIN_QUERIES
# type: cell
# rows: 1
# columns: 2
# name: <cell-element>
# type: sq_string
# elements: 1
# length: 2
R2



# name: <cell-element>
# type: sq_string
# elements: 1
# length: 2
R5





# name: TEST_QUERIES
# type: cell
# rows: 1
# columns: 1
# name: <cell-element>
# type: sq_string
# elements: 1
# length: 2
R3





# name: DATASIZE
# type: sq_string
# elements: 1
# length: 3
250


