# Created by Octave 4.0.0, Wed May 11 16:22:22 2016 CEST <peter@Independence>
# name: y
# type: matrix
# rows: 1
# columns: 100
 934162.051730404 934357.3467494377 934552.6417684716 934747.9367875053 934943.231806539 935138.5268255728 935333.8218446065 935529.1168636403 935724.411882674 935919.7069017078 936115.0019207415 936310.2969397752 936505.5919588091 936700.8869778428 936896.1819968765 937091.4770159102 937286.772034944 937482.0670539777 937677.3620730115 937872.6570920453 938067.952111079 938263.2471301127 938458.5421491464 938653.8371681803 938849.132187214 939044.4272062477 939239.7222252814 939435.0172443152 939630.312263349 939825.6072823827 940020.9023014165 940216.1973204502 940411.4923394839 940606.7873585176 940802.0823775515 940997.3773965852 941192.6724156189 941387.9674346526 941583.2624536864 941778.5574727202 941973.8524917539 942169.1475107877 942364.4425298214 942559.7375488551 942755.0325678888 942950.3275869227 943145.6226059564 943340.9176249901 943536.2126440239 943731.5076630577 943926.8026820914 944122.0977011251 944317.3927201589 944512.6877391926 944707.9827582263 944903.2777772601 945098.5727962939 945293.8678153276 945489.1628343613 945684.4578533951 945879.7528724289 946075.0478914626 946270.3429104963 946465.6379295301 946660.9329485638 946856.2279675975 947051.5229866314 947246.8180056651 947442.1130246988 947637.4080437325 947832.7030627663 948027.9980818001 948223.2931008338 948418.5881198675 948613.8831389013 948809.178157935 949004.4731769687 949199.7681960026 949395.0632150363 949590.35823407 949785.6532531037 949980.9482721376 950176.2432911713 950371.538310205 950566.8333292388 950762.1283482725 950957.4233673062 951152.71838634 951348.0134053738 951543.3084244075 951738.6034434412 951933.8984624749 952129.1934815088 952324.4885005425 952519.7835195762 952715.07853861 952910.3735576437 953105.6685766774 953300.9635957112 953496.258614745


