# Created by Octave 4.0.0, Wed May 11 16:22:22 2016 CEST <peter@Independence>
# name: y
# type: matrix
# rows: 100
# columns: 1
 853962.725475213
 855848.6332009515
 857734.5409266899
 859620.4486524283
 861506.3563781668
 863392.2641039052
 865278.1718296437
 867164.079555382
 869049.9872811204
 870935.8950068589
 872821.8027325972
 874707.7104583357
 876593.6181840741
 878479.5259098125
 880365.4336355509
 882251.3413612894
 884137.2490870279
 886023.1568127662
 887909.0645385047
 889794.9722642431
 891680.8799899814
 893566.7877157199
 895452.6954414583
 897338.6031671967
 899224.5108929352
 901110.4186186736
 902996.3263444119
 904882.2340701504
 906768.1417958889
 908654.0495216273
 910539.9572473656
 912425.8649731041
 914311.7726988425
 916197.6804245809
 918083.5881503194
 919969.4958760578
 921855.4036017961
 923741.3113275346
 925627.2190532731
 927513.1267790115
 929399.0345047498
 931284.9422304883
 933170.8499562267
 935056.7576819651
 936942.6654077035
 938828.573133442
 940714.4808591803
 942600.3885849188
 944486.2963106572
 946372.2040363956
 948258.111762134
 950144.0194878725
 952029.9272136108
 953915.8349393493
 955801.7426650877
 957687.6503908262
 959573.5581165645
 961459.465842303
 963345.3735680414
 965231.2812937798
 967117.1890195182
 969003.0967452567
 970889.004470995
 972774.9121967335
 974660.8199224719
 976546.7276482104
 978432.6353739487
 980318.5430996872
 982204.4508254256
 984090.358551164
 985976.2662769024
 987862.1740026409
 989748.0817283792
 991633.9894541177
 993519.8971798561
 995405.8049055946
 997291.7126313329
 999177.6203570714
 1001063.52808281
 1002949.435808548
 1004835.343534287
 1006721.251260025
 1008607.158985763
 1010493.066711502
 1012378.97443724
 1014264.882162979
 1016150.789888717
 1018036.697614456
 1019922.605340194
 1021808.513065932
 1023694.420791671
 1025580.328517409
 1027466.236243148
 1029352.143968886
 1031238.051694625
 1033123.959420363
 1035009.867146101
 1036895.77487184
 1038781.682597578
 1040667.590323317


