# Created by Octave 4.0.0, Wed May 11 16:22:22 2016 CEST <peter@Independence>
# name: y
# type: matrix
# rows: 100
# columns: 1
 895229.5298762023
 897982.6482670727
 900737.5277544046
 903492.919678585
 906247.5722632599
 909000.231732433
 911749.6434253455
 914494.5529074824
 917233.707076055
 919965.8552583372
 922689.7503012555
 925404.1496506522
 928107.8164186812
 930799.5204378227
 933478.0393000386
 936142.1593796361
 938790.6768384413
 941422.3986119349
 944036.1433750521
 946630.742486387
 949205.0409096143
 951757.8981109755
 954288.1889317514
 956794.8044346883
 959276.6527234159
 961732.6597339535
 964161.7699974617
 966562.947373473
 968935.1757528875
 971277.4597300976
 973588.8252436704
 975868.3201850808
 978115.014975069
 980328.0031072514
 982506.4016586913
 984649.3517672081
 986756.0190752586
 988825.5941403133
 990857.2928116964
 992850.3565739378
 994804.0528567517
 996717.6753118137
 998590.5440565728
 1000422.005885404
 1002211.434448455
 1003958.23039861
 1005661.821507041
 1007321.662747875
 1008937.236352553
 1010508.051834524
 1012033.645984922
 1013513.582839981
 1014947.45362092
 1016334.876647117
 1017675.497223399
 1018968.987502331
 1020215.046322396
 1021413.399022989
 1022563.797237209
 1023666.018663381
 1024719.866816341
 1025725.170759475
 1026681.784818537
 1027589.588278283
 1028448.485062962
 1029258.403401695
 1030019.295479804
 1030731.137077117
 1031393.927194301
 1032007.687668237
 1032572.462777473
 1033088.318838744
 1033555.343795573
 1033973.646799901
 1034343.357787723
 1034664.627049644
 1034937.624797274
 1035162.540726334
 1035339.583577334
 1035468.98069464
 1035550.977584721
 1035585.837474336
 1035573.840869388
 1035515.285115125
 1035410.483958351
 1035259.767112245
 1035063.479824384
 1034821.982448491
 1034535.650020409
 1034204.871838766
 1033830.051050738
 1033411.604243295
 1032949.961040262
 1032445.5637055
 1031898.866752459
 1031310.336560313
 1030680.450996886
 1030009.699048477
 1029298.580456712
 1028547.605362484


