# Created by Octave 4.0.0, Wed May 11 16:22:22 2016 CEST <peter@Independence>
# name: y
# type: matrix
# rows: 100
# columns: 1
 983465.7374570461
 985064.6022209653
 986600.5311055185
 988074.7878166055
 989488.6360601265
 990843.3395419815
 992140.1619680707
 993380.367044294
 994565.2184765518
 995695.9799707439
 996773.9152327705
 997800.2879685317
 998776.3618839276
 999703.4006848582
 1000582.668077224
 1001415.427766924
 1002202.943459859
 1002946.47886193
 1003647.297679036
 1004306.663617077
 1004925.840381953
 1005506.091679565
 1006048.681215812
 1006554.872696595
 1007025.929827814
 1007463.116315368
 1007867.695865159
 1008240.932183085
 1008584.088975047
 1008898.429946946
 1009185.218804681
 1009445.719254152
 1009681.19500126
 1009892.909751904
 1010082.127211985
 1010250.111087402
 1010398.125084056
 1010527.432907847
 1010639.298264675
 1010734.98486044
 1010815.756401042
 1010882.876592382
 1010937.609140358
 1010981.217750872
 1011014.966129824
 1011040.117983113
 1011057.93701664
 1011069.686936304
 1011076.631448006
 1011080.034257647
 1011081.159071125
 1011081.269594341
 1011081.629533195
 1011083.502593588
 1011088.152481419
 1011096.842902589
 1011110.837562997
 1011131.400168543
 1011159.794425129
 1011197.284038653
 1011245.132715016
 1011304.604160118
 1011376.962079859
 1011463.470180139
 1011565.392166858
 1011683.991745917
 1011820.532623215
 1011976.278504653
 1012152.49309613
 1012350.440103547
 1012571.383232803
 1012816.5861898
 1013087.312680436
 1013384.826410613
 1013710.391086229
 1014065.270413186
 1014450.728097383
 1014868.02784472
 1015318.433361098
 1015803.208352416
 1016323.616524575
 1016880.921583475
 1017476.387235015
 1018111.277185097
 1018786.855139619
 1019504.384804483
 1020265.129885587
 1021070.354088833
 1021921.32112012
 1022819.294685349
 1023765.538490419
 1024761.316241231
 1025807.891643684
 1026906.528403679
 1028058.490227116
 1029265.040819895
 1030527.443887916
 1031846.963137079
 1033224.862273284
 1034662.405002432


