# Created by Octave 4.0.0, Wed May 11 16:22:22 2016 CEST <peter@Independence>
# name: x
# type: matrix
# rows: 1
# columns: 100
 250 257.5757575757576 265.1515151515151 272.7272727272727 280.3030303030303 287.8787878787879 295.4545454545455 303.030303030303 310.6060606060606 318.1818181818182 325.7575757575758 333.3333333333333 340.9090909090909 348.4848484848485 356.0606060606061 363.6363636363636 371.2121212121212 378.7878787878788 386.3636363636364 393.9393939393939 401.5151515151515 409.0909090909091 416.6666666666666 424.2424242424242 431.8181818181818 439.3939393939394 446.969696969697 454.5454545454546 462.1212121212121 469.6969696969697 477.2727272727273 484.8484848484849 492.4242424242424 500 507.5757575757576 515.1515151515151 522.7272727272727 530.3030303030303 537.8787878787879 545.4545454545455 553.030303030303 560.6060606060606 568.1818181818181 575.7575757575758 583.3333333333334 590.9090909090909 598.4848484848485 606.0606060606061 613.6363636363636 621.2121212121211 628.7878787878788 636.3636363636364 643.939393939394 651.5151515151515 659.0909090909091 666.6666666666666 674.2424242424242 681.8181818181819 689.3939393939394 696.969696969697 704.5454545454545 712.1212121212121 719.6969696969697 727.2727272727273 734.8484848484849 742.4242424242424 750 757.5757575757575 765.1515151515152 772.7272727272727 780.3030303030304 787.8787878787879 795.4545454545455 803.030303030303 810.6060606060606 818.1818181818182 825.7575757575758 833.3333333333333 840.9090909090909 848.4848484848485 856.0606060606061 863.6363636363636 871.2121212121212 878.7878787878789 886.3636363636363 893.939393939394 901.5151515151515 909.0909090909092 916.6666666666666 924.2424242424242 931.8181818181819 939.3939393939394 946.969696969697 954.5454545454545 962.1212121212122 969.6969696969697 977.2727272727273 984.8484848484849 992.4242424242424 1000


