# Created by Octave 3.8.2, Mon May 23 11:27:43 2016 CEST <Andrea@Andreas-MacBook-Pro.local>
# name: x
# type: matrix
# rows: 1
# columns: 100
 60 60.60606060606061 61.21212121212121 61.81818181818182 62.42424242424243 63.03030303030303 63.63636363636364 64.24242424242425 64.84848484848484 65.45454545454545 66.06060606060606 66.66666666666667 67.27272727272728 67.87878787878788 68.48484848484848 69.09090909090909 69.6969696969697 70.30303030303031 70.90909090909091 71.51515151515152 72.12121212121212 72.72727272727273 73.33333333333334 73.93939393939394 74.54545454545455 75.15151515151516 75.75757575757576 76.36363636363636 76.96969696969697 77.57575757575758 78.18181818181819 78.7878787878788 79.39393939393939 80 80.60606060606061 81.21212121212122 81.81818181818183 82.42424242424242 83.03030303030303 83.63636363636364 84.24242424242425 84.84848484848484 85.45454545454545 86.06060606060606 86.66666666666667 87.27272727272728 87.87878787878788 88.48484848484848 89.09090909090909 89.6969696969697 90.30303030303031 90.90909090909091 91.51515151515152 92.12121212121212 92.72727272727273 93.33333333333334 93.93939393939394 94.54545454545455 95.15151515151516 95.75757575757576 96.36363636363636 96.96969696969697 97.57575757575758 98.18181818181819 98.7878787878788 99.39393939393941 100 100.6060606060606 101.2121212121212 101.8181818181818 102.4242424242424 103.030303030303 103.6363636363636 104.2424242424242 104.8484848484848 105.4545454545455 106.0606060606061 106.6666666666667 107.2727272727273 107.8787878787879 108.4848484848485 109.0909090909091 109.6969696969697 110.3030303030303 110.9090909090909 111.5151515151515 112.1212121212121 112.7272727272727 113.3333333333333 113.9393939393939 114.5454545454546 115.1515151515152 115.7575757575758 116.3636363636364 116.969696969697 117.5757575757576 118.1818181818182 118.7878787878788 119.3939393939394 120


# name: y
# type: matrix
# rows: 100
# columns: 1
 262347.7767880514
 262498.1035044365
 262644.9636575601
 262788.2414061288
 262927.8158699368
 263063.5611342235
 263195.3462708853
 263323.0353769194
 263446.4876304394
 263565.5573645442
 263680.0941592837
 263789.9429519033
 263894.9441655048
 263994.9338562029
 264089.7438788021
 264179.2020709649
 264263.1324557838
 264341.3554626082
 264413.688165932
 264479.9445420715
 264539.9357433215
 264593.4703892082
 264640.3548744049
 264680.3936928199
 264713.3897773031
 264739.1448543714
 264757.4598132886
 264768.1350887918
 264770.971056694
 264765.7684415522
 264752.328735536
 264730.4546275857
 264699.9504419084
 264660.622584813
 264612.2799988534
 264554.7346232041
 264487.8018591657
 264411.3010396623
 264325.0559015708
 264228.895059688
 264122.6524811329
 264006.1679589535
 263879.2875836965
 263741.8642116942
 263593.7579288033
 263434.8365083389
 263264.9758619418
 263084.0604821235
 262891.9838752394
 262688.6489836562
 262473.9685958921
 262247.8657435315
 262010.2740837332
 261761.1382661867
 261500.4142833927
 261228.0698031883
 260944.0844824623
 260648.450261061
 260341.1716349164
 260022.2659074875
 259691.7634186443
 259349.7077501896
 258996.1559072572
 258631.1784748944
 258254.8597491891
 257867.297842372
 257468.6047613802
 257058.9064594464
 256638.3428603386
 256207.067854942
 255765.2492699588
 255313.0688085567
 254850.7219628826
 254378.4178984223
 253896.3793102668
 253404.8422514135
 252904.055933307
 252394.2824988938
 251875.796768544
 251348.8859592533
 250813.8493776187
 250270.9980871454
 249720.6545505082
 249163.1522474616
 248598.835269149
 248028.0578896296
 247451.1841154988
 246868.5872145284
 246280.6492243201
 245687.7604420022
 245090.3188960582
 244488.7298014194
 243883.4049989871
 243274.7623808043
 242663.2253021153
 242049.2219815964
 241433.1848910599
 240815.5501359631
 240196.7568280739
 239577.2464516573


# name: TRAIN_QUERIES
# type: cell
# rows: 1
# columns: 3
# name: <cell-element>
# type: sq_string
# elements: 1
# length: 2
R1



# name: <cell-element>
# type: sq_string
# elements: 1
# length: 2
R2



# name: <cell-element>
# type: sq_string
# elements: 1
# length: 2
R4





# name: TEST_QUERIES
# type: cell
# rows: 1
# columns: 1
# name: <cell-element>
# type: sq_string
# elements: 1
# length: 2
R3





# name: DATASIZE
# type: sq_string
# elements: 1
# length: 3
500


