# Created by Octave 3.8.2, Mon May 23 11:27:42 2016 CEST <Andrea@Andreas-MacBook-Pro.local>
# name: x
# type: matrix
# rows: 1
# columns: 100
 60 60.60606060606061 61.21212121212121 61.81818181818182 62.42424242424243 63.03030303030303 63.63636363636364 64.24242424242425 64.84848484848484 65.45454545454545 66.06060606060606 66.66666666666667 67.27272727272728 67.87878787878788 68.48484848484848 69.09090909090909 69.6969696969697 70.30303030303031 70.90909090909091 71.51515151515152 72.12121212121212 72.72727272727273 73.33333333333334 73.93939393939394 74.54545454545455 75.15151515151516 75.75757575757576 76.36363636363636 76.96969696969697 77.57575757575758 78.18181818181819 78.7878787878788 79.39393939393939 80 80.60606060606061 81.21212121212122 81.81818181818183 82.42424242424242 83.03030303030303 83.63636363636364 84.24242424242425 84.84848484848484 85.45454545454545 86.06060606060606 86.66666666666667 87.27272727272728 87.87878787878788 88.48484848484848 89.09090909090909 89.6969696969697 90.30303030303031 90.90909090909091 91.51515151515152 92.12121212121212 92.72727272727273 93.33333333333334 93.93939393939394 94.54545454545455 95.15151515151516 95.75757575757576 96.36363636363636 96.96969696969697 97.57575757575758 98.18181818181819 98.7878787878788 99.39393939393941 100 100.6060606060606 101.2121212121212 101.8181818181818 102.4242424242424 103.030303030303 103.6363636363636 104.2424242424242 104.8484848484848 105.4545454545455 106.0606060606061 106.6666666666667 107.2727272727273 107.8787878787879 108.4848484848485 109.0909090909091 109.6969696969697 110.3030303030303 110.9090909090909 111.5151515151515 112.1212121212121 112.7272727272727 113.3333333333333 113.9393939393939 114.5454545454546 115.1515151515152 115.7575757575758 116.3636363636364 116.969696969697 117.5757575757576 118.1818181818182 118.7878787878788 119.3939393939394 120


# name: y
# type: matrix
# rows: 100
# columns: 1
 268010.5848874546
 268009.8300622262
 268009.0752369977
 268008.320411769
 268007.56558654
 268006.8107613115
 268006.055936083
 268005.3011108538
 268004.5462856257
 268003.791460397
 268003.0366351681
 268002.2818099397
 268001.5269847105
 268000.7721594821
 268000.0173342535
 267999.2625090246
 267998.507683796
 267997.7528585672
 267996.9980333385
 267996.24320811
 267995.488382881
 267994.7335576526
 267993.9787324239
 267993.2239071953
 267992.4690819665
 267991.7142567377
 267990.959431509
 267990.2046062804
 267989.4497810516
 267988.694955823
 267987.9401305941
 267987.1853053658
 267986.4304801371
 267985.6756549083
 267984.9208296796
 267984.1660044509
 267983.4111792225
 267982.6563539936
 267981.901528765
 267981.1467035363
 267980.3918783076
 267979.6370530789
 267978.8822278502
 267978.1274026216
 267977.3725773928
 267976.6177521642
 267975.8629269355
 267975.1081017068
 267974.3532764781
 267973.5984512495
 267972.8436260208
 267972.0888007921
 267971.3339755634
 267970.5791503348
 267969.824325106
 267969.0694998773
 267968.3146746486
 267967.5598494201
 267966.8050241913
 267966.0501989626
 267965.295373734
 267964.5405485053
 267963.7857232766
 267963.0308980479
 267962.2760728192
 267961.5212475905
 267960.766422362
 267960.0115971331
 267959.2567719045
 267958.501946676
 267957.7471214471
 267956.9922962185
 267956.2374709898
 267955.4826457612
 267954.7278205323
 267953.9729953036
 267953.2181700752
 267952.4633448464
 267951.7085196178
 267950.9536943889
 267950.19886916
 267949.444043932
 267948.689218703
 267947.9343934743
 267947.1795682455
 267946.4247430174
 267945.6699177882
 267944.9150925595
 267944.1602673311
 267943.4054421023
 267942.6506168739
 267941.8957916451
 267941.140966416
 267940.3861411875
 267939.6313159587
 267938.8764907303
 267938.121665501
 267937.3668402731
 267936.612015044
 267935.857189815


# name: TRAIN_QUERIES
# type: cell
# rows: 1
# columns: 3
# name: <cell-element>
# type: sq_string
# elements: 1
# length: 2
R1



# name: <cell-element>
# type: sq_string
# elements: 1
# length: 2
R2



# name: <cell-element>
# type: sq_string
# elements: 1
# length: 2
R4





# name: TEST_QUERIES
# type: cell
# rows: 1
# columns: 1
# name: <cell-element>
# type: sq_string
# elements: 1
# length: 2
R3





# name: DATASIZE
# type: sq_string
# elements: 1
# length: 3
500


