# Created by Octave 3.8.2, Mon May 23 11:27:42 2016 CEST <Andrea@Andreas-MacBook-Pro.local>
# name: x
# type: matrix
# rows: 1
# columns: 100
 60 60.60606060606061 61.21212121212121 61.81818181818182 62.42424242424243 63.03030303030303 63.63636363636364 64.24242424242425 64.84848484848484 65.45454545454545 66.06060606060606 66.66666666666667 67.27272727272728 67.87878787878788 68.48484848484848 69.09090909090909 69.6969696969697 70.30303030303031 70.90909090909091 71.51515151515152 72.12121212121212 72.72727272727273 73.33333333333334 73.93939393939394 74.54545454545455 75.15151515151516 75.75757575757576 76.36363636363636 76.96969696969697 77.57575757575758 78.18181818181819 78.7878787878788 79.39393939393939 80 80.60606060606061 81.21212121212122 81.81818181818183 82.42424242424242 83.03030303030303 83.63636363636364 84.24242424242425 84.84848484848484 85.45454545454545 86.06060606060606 86.66666666666667 87.27272727272728 87.87878787878788 88.48484848484848 89.09090909090909 89.6969696969697 90.30303030303031 90.90909090909091 91.51515151515152 92.12121212121212 92.72727272727273 93.33333333333334 93.93939393939394 94.54545454545455 95.15151515151516 95.75757575757576 96.36363636363636 96.96969696969697 97.57575757575758 98.18181818181819 98.7878787878788 99.39393939393941 100 100.6060606060606 101.2121212121212 101.8181818181818 102.4242424242424 103.030303030303 103.6363636363636 104.2424242424242 104.8484848484848 105.4545454545455 106.0606060606061 106.6666666666667 107.2727272727273 107.8787878787879 108.4848484848485 109.0909090909091 109.6969696969697 110.3030303030303 110.9090909090909 111.5151515151515 112.1212121212121 112.7272727272727 113.3333333333333 113.9393939393939 114.5454545454546 115.1515151515152 115.7575757575758 116.3636363636364 116.969696969697 117.5757575757576 118.1818181818182 118.7878787878788 119.3939393939394 120


# name: y
# type: matrix
# rows: 1
# columns: 100
 264742.993005376 264788.6857734084 264834.3785414409 264880.0713094734 264925.7640775058 264971.4568455383 265017.1496135708 265062.8423816032 265108.5351496357 265154.2279176681 265199.9206857006 265245.6134537331 265291.3062217655 265336.998989798 265382.6917578304 265428.3845258629 265474.0772938954 265519.7700619278 265565.4628299603 265611.1555979928 265656.8483660253 265702.5411340577 265748.2339020902 265793.9266701227 265839.6194381551 265885.3122061876 265931.0049742201 265976.6977422525 266022.390510285 266068.0832783175 266113.7760463499 266159.4688143824 266205.1615824148 266250.8543504473 266296.5471184798 266342.2398865122 266387.9326545447 266433.6254225771 266479.3181906096 266525.0109586421 266570.7037266745 266616.396494707 266662.0892627395 266707.782030772 266753.4747988044 266799.1675668369 266844.8603348694 266890.5531029018 266936.2458709343 266981.9386389668 267027.6314069992 267073.3241750317 267119.0169430641 267164.7097110966 267210.4024791291 267256.0952471615 267301.788015194 267347.4807832264 267393.1735512589 267438.8663192914 267484.5590873238 267530.2518553563 267575.9446233888 267621.6373914212 267667.3301594537 267713.0229274862 267758.7156955187 267804.4084635511 267850.1012315836 267895.7939996161 267941.4867676485 267987.179535681 268032.8723037135 268078.5650717459 268124.2578397784 268169.9506078108 268215.6433758433 268261.3361438758 268307.0289119082 268352.7216799407 268398.4144479731 268444.1072160056 268489.7999840381 268535.4927520705 268581.185520103 268626.8782881355 268672.5710561679 268718.2638242004 268763.9565922329 268809.6493602653 268855.3421282978 268901.0348963303 268946.7276643628 268992.4204323952 269038.1132004277 269083.8059684601 269129.4987364926 269175.1915045251 269220.8842725575 269266.57704059


# name: TRAIN_QUERIES
# type: cell
# rows: 1
# columns: 3
# name: <cell-element>
# type: sq_string
# elements: 1
# length: 2
R1



# name: <cell-element>
# type: sq_string
# elements: 1
# length: 2
R2



# name: <cell-element>
# type: sq_string
# elements: 1
# length: 2
R4





# name: TEST_QUERIES
# type: cell
# rows: 1
# columns: 1
# name: <cell-element>
# type: sq_string
# elements: 1
# length: 2
R3





# name: DATASIZE
# type: sq_string
# elements: 1
# length: 3
500


