# Created by Octave 3.8.2, Mon May 23 11:27:34 2016 CEST <Andrea@Andreas-MacBook-Pro.local>
# name: mu
# type: matrix
# rows: 1
# columns: 8
 266925.2971246006 36441.93290734824 70026.90734824281 3568.472843450479 4921.03194888179 30861.59744408946 178574.0990415335 88.94568690095846


# name: sigma
# type: matrix
# rows: 1
# columns: 8
 198490.6412055174 10462.97153481901 18375.52733957352 1775.26477080792 1522.956655107089 5794.596896799958 148811.5351605282 19.91585477456726


