# Created by Octave 3.8.2, Mon May 23 11:27:42 2016 CEST <Andrea@Andreas-MacBook-Pro.local>
# name: x
# type: matrix
# rows: 1
# columns: 100
 60 60.60606060606061 61.21212121212121 61.81818181818182 62.42424242424243 63.03030303030303 63.63636363636364 64.24242424242425 64.84848484848484 65.45454545454545 66.06060606060606 66.66666666666667 67.27272727272728 67.87878787878788 68.48484848484848 69.09090909090909 69.6969696969697 70.30303030303031 70.90909090909091 71.51515151515152 72.12121212121212 72.72727272727273 73.33333333333334 73.93939393939394 74.54545454545455 75.15151515151516 75.75757575757576 76.36363636363636 76.96969696969697 77.57575757575758 78.18181818181819 78.7878787878788 79.39393939393939 80 80.60606060606061 81.21212121212122 81.81818181818183 82.42424242424242 83.03030303030303 83.63636363636364 84.24242424242425 84.84848484848484 85.45454545454545 86.06060606060606 86.66666666666667 87.27272727272728 87.87878787878788 88.48484848484848 89.09090909090909 89.6969696969697 90.30303030303031 90.90909090909091 91.51515151515152 92.12121212121212 92.72727272727273 93.33333333333334 93.93939393939394 94.54545454545455 95.15151515151516 95.75757575757576 96.36363636363636 96.96969696969697 97.57575757575758 98.18181818181819 98.7878787878788 99.39393939393941 100 100.6060606060606 101.2121212121212 101.8181818181818 102.4242424242424 103.030303030303 103.6363636363636 104.2424242424242 104.8484848484848 105.4545454545455 106.0606060606061 106.6666666666667 107.2727272727273 107.8787878787879 108.4848484848485 109.0909090909091 109.6969696969697 110.3030303030303 110.9090909090909 111.5151515151515 112.1212121212121 112.7272727272727 113.3333333333333 113.9393939393939 114.5454545454546 115.1515151515152 115.7575757575758 116.3636363636364 116.969696969697 117.5757575757576 118.1818181818182 118.7878787878788 119.3939393939394 120


# name: y
# type: matrix
# rows: 100
# columns: 1
 337321.6133755961
 337998.8952428022
 338634.0909208113
 339228.9811048628
 339785.3079973188
 340304.7753076649
 340789.0482525097
 341239.7535555852
 341658.4794477461
 342046.775666971
 342406.153458361
 342738.0855741409
 343044.0062736584
 343325.3113233845
 343583.3579969132
 343819.465074962
 344034.9128453713
 344230.9431031049
 344408.7591502497
 344569.5257960156
 344714.369356736
 344844.3776558673
 344960.6000239892
 345064.0472988043
 345155.6918251389
 345236.4674549419
 345307.2695472859
 345368.9549683663
 345422.3420915019
 345468.2107971346
 345507.3024728295
 345540.3200132749
 345567.9278202823
 345590.7518027863
 345609.3793768449
 345624.3594656389
 345636.2024994727
 345645.3804157736
 345652.3266590923
 345657.4361811024
 345661.0654406011
 345663.5324035083
 345665.1165428675
 345666.0588388452
 345666.5617787309
 345666.7893569377
 345666.8670750017
 345666.881941582
 345666.8824724611
 345666.8786905446
 345666.8421258613
 345666.7058155633
 345666.3643039256
 345665.6736423468
 345664.4513893482
 345662.4766105747
 345659.4898787942
 345655.1932738977
 345649.2503828997
 345641.2862999374
 345630.8876262717
 345617.6024702863
 345600.9404474883
 345580.3726805079
 345555.3317990985
 345525.2119401367
 345489.3687476222
 345447.1193726781
 345397.7424735504
 345340.4782156085
 345274.5282713448
 345199.0558203752
 345113.1855494385
 345016.0036523966
 344906.557830235
 344783.8572910619
 344646.8727501092
 344494.5364297314
 344325.7420594068
 344139.3448757363
 343934.1616224444
 343708.9705503787
 343462.5114175098
 343193.4854889318
 342900.5555368615
 342582.3458406395
 342237.4421867292
 341864.391868717
 341461.7036873131
 341027.8479503504
 340561.256472785
 340060.3225766965
 339523.4010912873
 338948.8083528833
 338334.8222049333
 337679.6819980096
 336981.5885898074
 336238.7043451454
 335449.1531359651
 334611.0203413314


# name: TRAIN_QUERIES
# type: cell
# rows: 1
# columns: 3
# name: <cell-element>
# type: sq_string
# elements: 1
# length: 2
R1



# name: <cell-element>
# type: sq_string
# elements: 1
# length: 2
R2



# name: <cell-element>
# type: sq_string
# elements: 1
# length: 2
R4





# name: TEST_QUERIES
# type: cell
# rows: 1
# columns: 1
# name: <cell-element>
# type: sq_string
# elements: 1
# length: 2
R3





# name: DATASIZE
# type: sq_string
# elements: 1
# length: 3
500


