# Created by Octave 3.8.2, Mon May 23 11:27:42 2016 CEST <Andrea@Andreas-MacBook-Pro.local>
# name: x
# type: matrix
# rows: 1
# columns: 100
 60 60.60606060606061 61.21212121212121 61.81818181818182 62.42424242424243 63.03030303030303 63.63636363636364 64.24242424242425 64.84848484848484 65.45454545454545 66.06060606060606 66.66666666666667 67.27272727272728 67.87878787878788 68.48484848484848 69.09090909090909 69.6969696969697 70.30303030303031 70.90909090909091 71.51515151515152 72.12121212121212 72.72727272727273 73.33333333333334 73.93939393939394 74.54545454545455 75.15151515151516 75.75757575757576 76.36363636363636 76.96969696969697 77.57575757575758 78.18181818181819 78.7878787878788 79.39393939393939 80 80.60606060606061 81.21212121212122 81.81818181818183 82.42424242424242 83.03030303030303 83.63636363636364 84.24242424242425 84.84848484848484 85.45454545454545 86.06060606060606 86.66666666666667 87.27272727272728 87.87878787878788 88.48484848484848 89.09090909090909 89.6969696969697 90.30303030303031 90.90909090909091 91.51515151515152 92.12121212121212 92.72727272727273 93.33333333333334 93.93939393939394 94.54545454545455 95.15151515151516 95.75757575757576 96.36363636363636 96.96969696969697 97.57575757575758 98.18181818181819 98.7878787878788 99.39393939393941 100 100.6060606060606 101.2121212121212 101.8181818181818 102.4242424242424 103.030303030303 103.6363636363636 104.2424242424242 104.8484848484848 105.4545454545455 106.0606060606061 106.6666666666667 107.2727272727273 107.8787878787879 108.4848484848485 109.0909090909091 109.6969696969697 110.3030303030303 110.9090909090909 111.5151515151515 112.1212121212121 112.7272727272727 113.3333333333333 113.9393939393939 114.5454545454546 115.1515151515152 115.7575757575758 116.3636363636364 116.969696969697 117.5757575757576 118.1818181818182 118.7878787878788 119.3939393939394 120


# name: y
# type: matrix
# rows: 100
# columns: 1
 313449.5865096405
 312966.0336064844
 312502.7268029738
 312059.2331236243
 311635.1195929516
 311229.9532354713
 310843.301075699
 310474.7301381505
 310123.8074473413
 309790.100027787
 309473.1749040034
 309172.599100506
 308887.9396418105
 308618.7635524326
 308364.6378568879
 308125.1295796921
 307899.8057453608
 307688.2333784095
 307489.9795033541
 307304.6111447101
 307131.6953269931
 306970.7990747189
 306821.489412403
 306683.3333645611
 306555.8979557088
 306438.7502103619
 306331.4571530359
 306233.5858082464
 306144.7032005092
 306064.3763543398
 305992.1722942539
 305927.6580447672
 305870.4006303953
 305819.9670756538
 305775.9244050584
 305737.8396431248
 305705.2798143685
 305677.8119433052
 305655.0030544506
 305636.4201723203
 305621.6303214299
 305610.2005262951
 305601.6978114316
 305595.6892013549
 305591.7417205808
 305589.4223936248
 305588.2982450027
 305587.93629923
 305587.9035808224
 305587.7671142956
 305587.0939241651
 305585.4510349467
 305582.4054711559
 305577.5242573085
 305570.3744179201
 305560.5229775062
 305547.5369605826
 305530.9833916649
 305510.4292952688
 305485.4416959098
 305455.5876181037
 305420.434086366
 305379.5481252124
 305332.4967591587
 305278.8470127203
 305218.165910413
 305150.0204767524
 305073.9777362541
 304989.6047134338
 304896.4684328071
 304794.1359188897
 304682.1741961972
 304560.1502892453
 304427.6312225495
 304284.1840206257
 304129.3757079893
 303962.7733091561
 303783.9438486416
 303592.4543509615
 303387.8718406316
 303169.7633421673
 302937.6958800844
 302691.2364788985
 302429.9521631253
 302153.4099572803
 301861.1768858792
 301552.8199734378
 301227.9062444716
 300886.0027234962
 300526.6764350273
 300149.4944035806
 299754.0236536717
 299339.8312098162
 298906.4840965298
 298453.5493383282
 297980.5939597269
 297487.1849852416
 296972.8894393881
 296437.2743466818
 295879.9067316384


# name: TRAIN_QUERIES
# type: cell
# rows: 1
# columns: 3
# name: <cell-element>
# type: sq_string
# elements: 1
# length: 2
R1



# name: <cell-element>
# type: sq_string
# elements: 1
# length: 2
R2



# name: <cell-element>
# type: sq_string
# elements: 1
# length: 2
R4





# name: TEST_QUERIES
# type: cell
# rows: 1
# columns: 1
# name: <cell-element>
# type: sq_string
# elements: 1
# length: 2
R3





# name: DATASIZE
# type: sq_string
# elements: 1
# length: 3
500


