# Created by Octave 3.8.2, Mon May 23 11:27:42 2016 CEST <Andrea@Andreas-MacBook-Pro.local>
# name: x
# type: matrix
# rows: 1
# columns: 100
 60 60.60606060606061 61.21212121212121 61.81818181818182 62.42424242424243 63.03030303030303 63.63636363636364 64.24242424242425 64.84848484848484 65.45454545454545 66.06060606060606 66.66666666666667 67.27272727272728 67.87878787878788 68.48484848484848 69.09090909090909 69.6969696969697 70.30303030303031 70.90909090909091 71.51515151515152 72.12121212121212 72.72727272727273 73.33333333333334 73.93939393939394 74.54545454545455 75.15151515151516 75.75757575757576 76.36363636363636 76.96969696969697 77.57575757575758 78.18181818181819 78.7878787878788 79.39393939393939 80 80.60606060606061 81.21212121212122 81.81818181818183 82.42424242424242 83.03030303030303 83.63636363636364 84.24242424242425 84.84848484848484 85.45454545454545 86.06060606060606 86.66666666666667 87.27272727272728 87.87878787878788 88.48484848484848 89.09090909090909 89.6969696969697 90.30303030303031 90.90909090909091 91.51515151515152 92.12121212121212 92.72727272727273 93.33333333333334 93.93939393939394 94.54545454545455 95.15151515151516 95.75757575757576 96.36363636363636 96.96969696969697 97.57575757575758 98.18181818181819 98.7878787878788 99.39393939393941 100 100.6060606060606 101.2121212121212 101.8181818181818 102.4242424242424 103.030303030303 103.6363636363636 104.2424242424242 104.8484848484848 105.4545454545455 106.0606060606061 106.6666666666667 107.2727272727273 107.8787878787879 108.4848484848485 109.0909090909091 109.6969696969697 110.3030303030303 110.9090909090909 111.5151515151515 112.1212121212121 112.7272727272727 113.3333333333333 113.9393939393939 114.5454545454546 115.1515151515152 115.7575757575758 116.3636363636364 116.969696969697 117.5757575757576 118.1818181818182 118.7878787878788 119.3939393939394 120


# name: y
# type: matrix
# rows: 100
# columns: 1
 355993.959927871
 356040.8717048965
 356086.7908582133
 356131.7173878216
 356175.6512937213
 356218.5925759125
 356260.541234395
 356301.4972691691
 356341.4606802346
 356380.4314675914
 356418.4096312397
 356455.3951711795
 356491.3880874107
 356526.3883799333
 356560.3960487474
 356593.4110938529
 356625.4335152498
 356656.4633129382
 356686.500486918
 356715.5450371892
 356743.5969637518
 356770.6562666059
 356796.7229457516
 356821.7970011885
 356845.8784329169
 356868.9672409368
 356891.063425248
 356912.1669858508
 356932.2779227449
 356951.3962359305
 356969.5219254075
 356986.654991176
 357002.7954332358
 357017.9432515872
 357032.0984462299
 357045.2610171641
 357057.4309643897
 357068.6082879067
 357078.7929877152
 357087.9850638152
 357096.1845162066
 357103.3913448894
 357109.6055498636
 357114.8271311292
 357119.0560886863
 357122.2924225349
 357124.5361326748
 357125.7872191062
 357126.0456818291
 357125.3115208434
 357123.5847361491
 357120.8653277462
 357117.1532956348
 357112.4486398148
 357106.7513602863
 357100.0614570491
 357092.3789301034
 357083.7037794492
 357074.0360050864
 357063.375607015
 357051.722585235
 357039.0769397465
 357025.4386705494
 357010.8077776438
 356995.1842610296
 356978.5681207068
 356960.9593566754
 356942.3579689356
 356922.7639574871
 356902.1773223301
 356880.5980634644
 356858.0261808903
 356834.4616746075
 356809.9045446162
 356784.3547909163
 356757.812413508
 356730.2774123909
 356701.7497875654
 356672.2295390313
 356641.7166667886
 356610.2111708373
 356577.7130511774
 356544.222307809
 356509.7389407321
 356474.2629499466
 356437.7943354525
 356400.3330972499
 356361.8792353387
 356322.4327497189
 356281.9936403906
 356240.5619073537
 356198.1375506081
 356154.720570154
 356110.3109659915
 356064.9087381203
 356018.5138865407
 355971.1264112522
 355922.7463122554
 355873.37358955
 355823.0082431359


# name: TRAIN_QUERIES
# type: cell
# rows: 1
# columns: 3
# name: <cell-element>
# type: sq_string
# elements: 1
# length: 2
R1



# name: <cell-element>
# type: sq_string
# elements: 1
# length: 2
R2



# name: <cell-element>
# type: sq_string
# elements: 1
# length: 2
R4





# name: TEST_QUERIES
# type: cell
# rows: 1
# columns: 1
# name: <cell-element>
# type: sq_string
# elements: 1
# length: 2
R3





# name: DATASIZE
# type: sq_string
# elements: 1
# length: 3
500


