# Created by Octave 3.8.2, Mon May 23 11:27:43 2016 CEST <Andrea@Andreas-MacBook-Pro.local>
# name: x
# type: matrix
# rows: 1
# columns: 100
 60 60.60606060606061 61.21212121212121 61.81818181818182 62.42424242424243 63.03030303030303 63.63636363636364 64.24242424242425 64.84848484848484 65.45454545454545 66.06060606060606 66.66666666666667 67.27272727272728 67.87878787878788 68.48484848484848 69.09090909090909 69.6969696969697 70.30303030303031 70.90909090909091 71.51515151515152 72.12121212121212 72.72727272727273 73.33333333333334 73.93939393939394 74.54545454545455 75.15151515151516 75.75757575757576 76.36363636363636 76.96969696969697 77.57575757575758 78.18181818181819 78.7878787878788 79.39393939393939 80 80.60606060606061 81.21212121212122 81.81818181818183 82.42424242424242 83.03030303030303 83.63636363636364 84.24242424242425 84.84848484848484 85.45454545454545 86.06060606060606 86.66666666666667 87.27272727272728 87.87878787878788 88.48484848484848 89.09090909090909 89.6969696969697 90.30303030303031 90.90909090909091 91.51515151515152 92.12121212121212 92.72727272727273 93.33333333333334 93.93939393939394 94.54545454545455 95.15151515151516 95.75757575757576 96.36363636363636 96.96969696969697 97.57575757575758 98.18181818181819 98.7878787878788 99.39393939393941 100 100.6060606060606 101.2121212121212 101.8181818181818 102.4242424242424 103.030303030303 103.6363636363636 104.2424242424242 104.8484848484848 105.4545454545455 106.0606060606061 106.6666666666667 107.2727272727273 107.8787878787879 108.4848484848485 109.0909090909091 109.6969696969697 110.3030303030303 110.9090909090909 111.5151515151515 112.1212121212121 112.7272727272727 113.3333333333333 113.9393939393939 114.5454545454546 115.1515151515152 115.7575757575758 116.3636363636364 116.969696969697 117.5757575757576 118.1818181818182 118.7878787878788 119.3939393939394 120


# name: y
# type: matrix
# rows: 100
# columns: 1
 317335.7449987312
 317467.3711494327
 317585.6505721541
 317691.6886271005
 317786.5205461219
 317871.1144637645
 317946.3743813551
 318013.1430641143
 318072.2048713012
 318124.2885193895
 318170.0697782733
 318210.1741005044
 318245.17918356
 318275.6174651419
 318301.9785515051
 318324.7115788187
 318344.2275075568
 318360.9013499199
 318375.0743302882
 318387.0559787041
 318397.1261573872
 318405.5370202786
 318412.5149056169
 318418.2621615448
 318422.9589047461
 318426.764712114
 318429.8202454498
 318432.2488091926
 318434.15784118
 318435.6403364387
 318436.7762040071
 318437.6335567876
 318438.2699344307
 318438.7334592486
 318439.0639251609
 318439.2938196707
 318439.4492788704
 318439.5509754802
 318439.6149399155
 318439.6533143867
 318439.6750400284
 318439.6864770605
 318439.6919579792
 318439.6942737795
 318439.6950932081
 318439.6953150468
 318439.6953534277
 318439.6953561778
 318439.6953561958
 318439.6953558583
 318439.695344458
 318439.695248672
 318439.6948160609
 318439.6934315989
 318439.6898672347
 318439.681964483
 318439.6662500469
 318439.6374844712
 318439.5881438259
 318439.5078344214
 318439.3826405539
 318439.1944052816
 318438.9199442316
 318438.5301924385
 318437.9892842119
 318437.2535660368
 318436.2705425034
 318434.9777552683
 318433.3015950458
 318431.1560466313
 318428.4413669539
 318425.0426961606
 318420.8286017319
 318415.6495556267
 318409.3363444591
 318401.6984127059
 318392.5221389442
 318381.5690451208
 318368.5739388511
 318353.2429887503
 318335.2517327939
 318314.2430197101
 318289.8248834023
 318261.5683504032
 318229.0051803582
 318191.6255395412
 318148.8756074004
 318100.1551161348
 318044.8148233019
 317982.1539174555
 317911.4173568151
 317831.7931409661
 317742.4095155892
 317642.3321102232
 317530.5610090561
 317406.0277547485
 317267.5922852875
 317114.0398038705
 316944.0775818216
 316756.3316945367


# name: TRAIN_QUERIES
# type: cell
# rows: 1
# columns: 3
# name: <cell-element>
# type: sq_string
# elements: 1
# length: 2
R1



# name: <cell-element>
# type: sq_string
# elements: 1
# length: 2
R2



# name: <cell-element>
# type: sq_string
# elements: 1
# length: 2
R4





# name: TEST_QUERIES
# type: cell
# rows: 1
# columns: 1
# name: <cell-element>
# type: sq_string
# elements: 1
# length: 2
R3





# name: DATASIZE
# type: sq_string
# elements: 1
# length: 3
500


