# Created by Octave 4.0.0, Mon May 09 12:04:47 2016 CEST <peter@Independence>
# name: y
# type: matrix
# rows: 1
# columns: 100
 582053.0133978574 581927.3579723167 581801.7025467759 581676.0471212351 581550.3916956943 581424.7362701535 581299.0808446127 581173.4254190719 581047.7699935312 580922.1145679903 580796.4591424495 580670.8037169088 580545.1482913679 580419.4928658272 580293.8374402864 580168.1820147457 580042.5265892048 579916.871163664 579791.2157381233 579665.5603125824 579539.9048870417 579414.2494615009 579288.59403596 579162.9386104193 579037.2831848785 578911.6277593377 578785.9723337969 578660.3169082562 578534.6614827153 578409.0060571745 578283.3506316338 578157.695206093 578032.0397805521 577906.3843550114 577780.7289294706 577655.0735039298 577529.418078389 577403.7626528483 577278.1072273074 577152.4518017666 577026.7963762259 576901.140950685 576775.4855251443 576649.8300996035 576524.1746740628 576398.5192485219 576272.8638229811 576147.2083974404 576021.5529718995 575895.8975463588 575770.242120818 575644.5866952771 575518.9312697364 575393.2758441956 575267.6204186548 575141.964993114 575016.3095675732 574890.6541420324 574764.9987164916 574639.3432909509 574513.6878654101 574388.0324398692 574262.3770143285 574136.7215887877 574011.0661632469 573885.4107377061 573759.7553121654 573634.0998866245 573508.4444610837 573382.789035543 573257.1336100021 573131.4781844614 573005.8227589206 572880.1673333797 572754.511907839 572628.8564822982 572503.2010567575 572377.5456312166 572251.8902056759 572126.2347801351 572000.5793545942 571874.9239290535 571749.2685035127 571623.6130779719 571497.9576524311 571372.3022268903 571246.6468013495 571120.9913758087 570995.335950268 570869.6805247271 570744.0250991863 570618.3696736456 570492.7142481048 570367.058822564 570241.4033970232 570115.7479714825 569990.0925459416 569864.4371204008 569738.7816948601 569613.1262693192


