# Created by Octave 4.0.0, Mon May 09 12:04:47 2016 CEST <peter@Independence>
# name: y
# type: matrix
# rows: 100
# columns: 1
 612236.5063435752
 611312.3146772685
 610388.1230109618
 609463.9313446552
 608539.7396783485
 607615.5480120418
 606691.3563457353
 605767.1646794286
 604842.9730131219
 603918.7813468152
 602994.5896805085
 602070.3980142019
 601146.2063478952
 600222.0146815886
 599297.8230152819
 598373.6313489752
 597449.4396826687
 596525.2480163618
 595601.0563500553
 594676.8646837486
 593752.673017442
 592828.4813511353
 591904.2896848286
 590980.0980185219
 590055.9063522153
 589131.7146859086
 588207.5230196019
 587283.3313532954
 586359.1396869887
 585434.948020682
 584510.7563543753
 583586.5646880687
 582662.373021762
 581738.1813554553
 580813.9896891487
 579889.798022842
 578965.6063565353
 578041.4146902286
 577117.2230239221
 576193.0313576154
 575268.8396913087
 574344.6480250021
 573420.4563586954
 572496.2646923887
 571572.073026082
 570647.8813597754
 569723.6896934687
 568799.498027162
 567875.3063608555
 566951.1146945488
 566026.9230282421
 565102.7313619355
 564178.5396956288
 563254.3480293221
 562330.1563630154
 561405.9646967088
 560481.7730304021
 559557.5813640954
 558633.3896977889
 557709.1980314822
 556785.0063651755
 555860.8146988689
 554936.6230325622
 554012.4313662555
 553088.2396999488
 552164.0480336422
 551239.8563673355
 550315.6647010288
 549391.4730347223
 548467.2813684156
 547543.0897021089
 546618.8980358022
 545694.7063694956
 544770.5147031889
 543846.3230368822
 542922.1313705755
 541997.9397042689
 541073.7480379622
 540149.5563716555
 539225.364705349
 538301.1730390423
 537376.9813727356
 536452.789706429
 535528.5980401223
 534604.4063738156
 533680.2147075089
 532756.0230412023
 531831.8313748956
 530907.6397085889
 529983.4480422823
 529059.2563759757
 528135.064709669
 527210.8730433624
 526286.6813770557
 525362.489710749
 524438.2980444423
 523514.1063781357
 522589.914711829
 521665.7230455224
 520741.5313792158


