# Created by Octave 4.0.0, Mon May 09 12:04:47 2016 CEST <peter@Independence>
# name: y
# type: matrix
# rows: 100
# columns: 1
 507521.6201446842
 506964.9128852296
 506433.3722264479
 505926.4160668469
 505443.4623049349
 504983.9288392197
 504547.2335682097
 504132.7943904126
 503740.0292043368
 503368.3559084901
 503017.1924013806
 502685.9565815165
 502374.0663474058
 502080.9395975565
 501805.9942304767
 501548.6481446745
 501308.3192386578
 501084.4254109349
 500876.3845600137
 500683.6145844024
 500505.5333826088
 500341.5588531413
 500191.1088945076
 500053.6014052161
 499928.4542837747
 499815.0854286914
 499712.9127384744
 499621.3541116316
 499539.8274466712
 499467.7506421013
 499404.5415964298
 499349.6182081648
 499302.3983758144
 499262.2999978868
 499228.7409728898
 499201.1391993316
 499178.9125757202
 499161.4790005637
 499148.2563723702
 499138.6625896478
 499132.1155509044
 499128.0331546481
 499125.8332993871
 499124.9338836293
 499124.7528058829
 499124.7079646559
 499124.2172584563
 499122.6985857922
 499119.5698451716
 499114.2489351028
 499106.1537540936
 499094.7022006522
 499079.3121732866
 499059.4015705049
 499034.3882908151
 499003.6902327252
 498966.7252947435
 498922.9113753779
 498871.6663731365
 498812.4081865273
 498744.5547140584
 498667.5238542379
 498580.7335055738
 498483.6015665742
 498375.5459357472
 498255.9845116007
 498124.3351926429
 497980.0158773819
 497822.4444643256
 497651.0388519822
 497465.2169388597
 497264.3966234662
 497047.9958043097
 496815.4323798984
 496566.1242487401
 496299.4893093432
 496014.9454602154
 495711.910599865
 495389.8026268
 495048.0394395285
 494686.0389365585
 494303.2190163981
 493898.9975775553
 493472.7925185382
 493024.0217378549
 492552.1031340135
 492056.4546055219
 491536.4940508883
 490991.6393686207
 490421.3084572271
 489824.9192152157
 489201.8895410945
 488551.6373333715
 487873.5804905549
 487167.1369111526
 486431.7244936727
 485666.7611366234
 484871.6647385126
 484045.8531978484
 483188.744413139


