# Created by Octave 4.0.0, Mon May 09 12:04:47 2016 CEST <peter@Independence>
# name: y
# type: matrix
# rows: 100
# columns: 1
 676331.132025538
 674034.0490138353
 671666.637320405
 669230.0322947581
 666725.4317441894
 664154.0948631114
 661517.3410826212
 658816.5488419944
 656053.1542839325
 653228.649875526
 650344.5829570106
 647402.5542205271
 644404.2161212033
 641351.2712229899
 638245.4704817929
 635088.6114685381
 631882.5365349019
 628629.1309245365
 625330.3208326887
 621988.071417201
 618604.3847639455
 615181.2978098096
 611720.880226407
 608225.2322677415
 604696.4825850931
 601136.7860124335
 597548.3213257109
 593933.2889793648
 590293.9088234522
 586632.4178047744
 582951.0676553997
 579252.1225719723
 575537.8568891917
 571810.5527508272
 568072.4977816138
 564325.9827633465
 560573.2993184522
 556816.7376042866
 553058.5840213464
 549301.1189385469
 545546.6144386489
 541797.332086863
 538055.520725587
 534323.414298168
 530603.2297044935
 526897.1646911458
 523207.3957787622
 519536.0762291568
 515885.3340546693
 512257.2700721083
 508653.9560035584
 505077.4326262198
 501529.7079733461
 498012.7555882361
 494528.5128331319
 491078.8792547636
 487665.7150081657
 484290.8393402877
 480956.0291347962
 477663.0175193595
 474413.4925365873
 471209.0958796874
 468051.4216937789
 464942.0154436965
 461882.3728489977
 458873.9388867784
 455918.1068627854
 453016.2175512062
 450169.5584034043
 447379.3628257629
 444646.8095266907
 441973.021932741
 439359.0676736918
 436805.9581363361
 434314.6480866299
 431886.0353597562
 429520.960617565
 427220.2071727632
 424984.500879139
 422814.5100870243
 420710.8456631132
 418674.0610736825
 416704.6525301806
 414803.0591960826
 412969.6634538411
 411204.7912306962
 409508.7123820492
 407881.6411310437
 406323.7365629459
 404835.1031728637
 403415.7914652965
 402065.7986039626
 400785.0691103138
 399573.4956091029
 398430.9196193423
 397357.1323889574
 396351.8757714104
 395414.8431425486
 394545.680355907
 393743.9867346787


