# Created by Octave 4.0.0, Mon May 23 13:36:09 2016 CEST <peter@Independence>
# name: x
# type: matrix
# rows: 1
# columns: 100
 0.008333333333333333 0.008417508417508417 0.008501683501683501 0.008585858585858586 0.00867003367003367 0.008754208754208754 0.008838383838383838 0.008922558922558922 0.009006734006734006 0.00909090909090909 0.009175084175084175 0.009259259259259259 0.009343434343434343 0.009427609427609427 0.009511784511784511 0.009595959595959595 0.009680134680134679 0.009764309764309764 0.009848484848484848 0.009932659932659932 0.01001683501683502 0.0101010101010101 0.01018518518518518 0.01026936026936027 0.01035353535353535 0.01043771043771044 0.01052188552188552 0.0106060606060606 0.01069023569023569 0.01077441077441077 0.01085858585858586 0.01094276094276094 0.01102693602693603 0.01111111111111111 0.0111952861952862 0.01127946127946128 0.01136363636363636 0.01144781144781145 0.01153198653198653 0.01161616161616161 0.0117003367003367 0.01178451178451178 0.01186868686868687 0.01195286195286195 0.01203703703703704 0.01212121212121212 0.01220538720538721 0.01228956228956229 0.01237373737373737 0.01245791245791246 0.01254208754208754 0.01262626262626263 0.01271043771043771 0.01279461279461279 0.01287878787878788 0.01296296296296296 0.01304713804713805 0.01313131313131313 0.01321548821548822 0.0132996632996633 0.01338383838383838 0.01346801346801347 0.01355218855218855 0.01363636363636364 0.01372053872053872 0.0138047138047138 0.01388888888888889 0.01397306397306397 0.01405723905723906 0.01414141414141414 0.01422558922558922 0.01430976430976431 0.01439393939393939 0.01447811447811448 0.01456228956228956 0.01464646464646465 0.01473063973063973 0.01481481481481481 0.0148989898989899 0.01498316498316498 0.01506734006734007 0.01515151515151515 0.01523569023569023 0.01531986531986532 0.0154040404040404 0.01548821548821549 0.01557239057239057 0.01565656565656566 0.01574074074074074 0.01582491582491583 0.01590909090909091 0.01599326599326599 0.01607744107744108 0.01616161616161616 0.01624579124579124 0.01632996632996633 0.01641414141414141 0.0164983164983165 0.01658249158249158 0.01666666666666667


# name: y
# type: matrix
# rows: 100
# columns: 1
 364559.3546265792
 363693.3011208533
 362913.4859620783
 362222.6702236417
 361623.3566457658
 361117.7798870946
 360707.8985035136
 360395.3887201475
 360181.6400471807
 360067.7527741731
 360054.537361051
 360142.5157270805
 360331.9244220635
 360622.719646864
 361014.584073372
 361506.9353972881
 362098.936540834
 362789.5074068317
 363577.338070697
 364460.9032829165
 365438.4781416695
 366508.1547835506
 367667.8599299807
 368915.3731179701
 370248.3454365329
 371664.3185843368
 373160.7440601776
 374735.0022956742
 376384.4215392153
 378106.2963017019
 379897.9051780313
 381756.527863548
 383679.4611918414
 385664.0340292525
 387707.6208722022
 389807.654005923
 391961.6340972389
 394167.1391096282
 396421.8314457595
 398723.4632409025
 401069.8797499092
 403459.0207906711
 405888.9202279153
 408357.7035026829
 410863.5832346678
 413404.8529465339
 415979.8789811761
 418587.0907044067
 421224.9691065005
 423892.0339362011
 426586.8295199241
 429307.9094367895
 432053.820236527
 434823.0844020362
 437614.1827712264
 440425.5366435406
 443255.4898050925
 446102.2907124896
 448964.0750790202
 451838.8491078708
 454724.4736153116
 457618.6492823066
 460518.9032657396
 463422.5773904183
 466326.8181302642
 469228.5685716926
 472124.562534252
 475011.3210032605
 477885.1510066349
 480742.1470435592
 483578.195146323
 486388.9796288498
 489169.9925464161
 491916.5458611569
 494623.7862774939
 497286.7126809589
 499900.1960833847
 502459.001947457
 504957.8147345435
 507391.2644919039
 509753.9552691901
 512040.4951299256
 514245.5275017206
 516363.7635896507
 518390.0155607621
 520319.2301943223
 522146.5226824047
 523867.2102588476
 525476.8453316892
 526971.2477949146
 528346.5361997939
 529599.1574742256
 530725.9148902374
 531723.9939950468
 532590.9862396531
 533324.9100606255
 533924.2291953136
 534387.8680378293
 534715.2238725242
 534906.1758529365


# name: QUERY
# type: sq_string
# elements: 1
# length: 2
R1


# name: DATASIZE
# type: sq_string
# elements: 1
# length: 4
1000


