# Created by Octave 3.8.2, Wed May 18 18:00:00 2016 CEST <Andrea@Andreas-MacBook-Pro.local>
# name: x
# type: matrix
# rows: 1
# columns: 100
 0.008333333333333333 0.008417508417508417 0.008501683501683501 0.008585858585858586 0.00867003367003367 0.008754208754208754 0.008838383838383838 0.008922558922558922 0.009006734006734006 0.00909090909090909 0.009175084175084175 0.009259259259259259 0.009343434343434343 0.009427609427609427 0.009511784511784511 0.009595959595959595 0.009680134680134679 0.009764309764309764 0.009848484848484849 0.009932659932659932 0.01001683501683502 0.0101010101010101 0.01018518518518518 0.01026936026936027 0.01035353535353535 0.01043771043771044 0.01052188552188552 0.0106060606060606 0.01069023569023569 0.01077441077441077 0.01085858585858586 0.01094276094276094 0.01102693602693603 0.01111111111111111 0.0111952861952862 0.01127946127946128 0.01136363636363636 0.01144781144781145 0.01153198653198653 0.01161616161616162 0.0117003367003367 0.01178451178451178 0.01186868686868687 0.01195286195286195 0.01203703703703704 0.01212121212121212 0.01220538720538721 0.01228956228956229 0.01237373737373737 0.01245791245791246 0.01254208754208754 0.01262626262626263 0.01271043771043771 0.01279461279461279 0.01287878787878788 0.01296296296296296 0.01304713804713805 0.01313131313131313 0.01321548821548822 0.0132996632996633 0.01338383838383838 0.01346801346801347 0.01355218855218855 0.01363636363636364 0.01372053872053872 0.0138047138047138 0.01388888888888889 0.01397306397306397 0.01405723905723906 0.01414141414141414 0.01422558922558922 0.01430976430976431 0.01439393939393939 0.01447811447811448 0.01456228956228956 0.01464646464646465 0.01473063973063973 0.01481481481481482 0.0148989898989899 0.01498316498316498 0.01506734006734007 0.01515151515151515 0.01523569023569023 0.01531986531986532 0.0154040404040404 0.01548821548821549 0.01557239057239057 0.01565656565656566 0.01574074074074074 0.01582491582491583 0.01590909090909091 0.01599326599326599 0.01607744107744108 0.01616161616161616 0.01624579124579124 0.01632996632996633 0.01641414141414142 0.0164983164983165 0.01658249158249158 0.01666666666666667


# name: y
# type: matrix
# rows: 100
# columns: 1
 355638.6500423182
 354336.2294997511
 353130.675566213
 352026.6054702711
 351028.3693797681
 350140.0290151234
 349365.3378914263
 348707.7233604927
 348170.2706111044
 347755.7087707936
 347466.3992359093
 347304.3263384061
 347271.090438
 347367.9035071954
 347595.5872544033
 347954.5738071515
 348444.9089534522
 349066.2579150017
 349817.9136012712
 350698.8072689968
 351707.5214873396
 352842.305285357
 354101.091335669
 355481.515006597
 356980.9350948631
 358596.4560324255
 360324.9513444359
 362163.0881208624
 364107.3522522493
 366154.0741705511
 368299.4548291716
 370539.5916523624
 372870.5041831296
 375288.1591608003
 377788.4947644745
 380367.4437667267
 383020.9553530919
 385745.0153769972
 388535.6648367943
 391389.0163812398
 394301.2686720031
 397268.7184563329
 400287.7702296309
 403354.9433961053
 406466.8768655894
 409620.3310556866
 412812.1873002984
 416039.4446979371
 419299.2144656333
 422588.7118963434
 425905.2460491394
 429246.2073317369
 432609.0531636961
 435991.2919355401
 439390.4655037083
 442804.1304833656
 446229.8386202968
 449665.1165391424
 453107.445177831
 456554.2392270055
 460002.8268983634
 463450.4303469943
 466894.1470699267
 470330.9325961501
 473757.5847723778
 477170.729933832
 480566.8112304833
 483942.0793566369
 487292.5859057489
 490614.1795431598
 493902.505157349
 497153.0061157294
 500360.9297142883
 503521.3358720061
 506629.1090813741
 509678.9735860132
 512665.5117158354
 515583.1852699322
 518426.3597979142
 521189.3315922965
 523866.3571682163
 526451.6849727707
 528939.5890350441
 531324.4042398625
 533600.5628838872
 535762.6321521541
 537805.3521369024
 539723.6740087414
 541512.7979430604
 543168.2104022257
 544685.7203765678
 546061.4941944496
 547292.088523739
 548374.4812036403
 549306.0995668808
 550084.8459374206
 550709.120017841
 551177.8379130007
 551490.4475719958
 551646.9404684694


# name: QUERY
# type: sq_string
# elements: 1
# length: 2
R1


# name: DATASIZE
# type: sq_string
# elements: 1
# length: 4
1000


