# Created by Octave 4.0.0, Mon May 23 13:36:09 2016 CEST <peter@Independence>
# name: x
# type: matrix
# rows: 1
# columns: 100
 0.008333333333333333 0.008417508417508417 0.008501683501683501 0.008585858585858586 0.00867003367003367 0.008754208754208754 0.008838383838383838 0.008922558922558922 0.009006734006734006 0.00909090909090909 0.009175084175084175 0.009259259259259259 0.009343434343434343 0.009427609427609427 0.009511784511784511 0.009595959595959595 0.009680134680134679 0.009764309764309764 0.009848484848484848 0.009932659932659932 0.01001683501683502 0.0101010101010101 0.01018518518518518 0.01026936026936027 0.01035353535353535 0.01043771043771044 0.01052188552188552 0.0106060606060606 0.01069023569023569 0.01077441077441077 0.01085858585858586 0.01094276094276094 0.01102693602693603 0.01111111111111111 0.0111952861952862 0.01127946127946128 0.01136363636363636 0.01144781144781145 0.01153198653198653 0.01161616161616161 0.0117003367003367 0.01178451178451178 0.01186868686868687 0.01195286195286195 0.01203703703703704 0.01212121212121212 0.01220538720538721 0.01228956228956229 0.01237373737373737 0.01245791245791246 0.01254208754208754 0.01262626262626263 0.01271043771043771 0.01279461279461279 0.01287878787878788 0.01296296296296296 0.01304713804713805 0.01313131313131313 0.01321548821548822 0.0132996632996633 0.01338383838383838 0.01346801346801347 0.01355218855218855 0.01363636363636364 0.01372053872053872 0.0138047138047138 0.01388888888888889 0.01397306397306397 0.01405723905723906 0.01414141414141414 0.01422558922558922 0.01430976430976431 0.01439393939393939 0.01447811447811448 0.01456228956228956 0.01464646464646465 0.01473063973063973 0.01481481481481481 0.0148989898989899 0.01498316498316498 0.01506734006734007 0.01515151515151515 0.01523569023569023 0.01531986531986532 0.0154040404040404 0.01548821548821549 0.01557239057239057 0.01565656565656566 0.01574074074074074 0.01582491582491583 0.01590909090909091 0.01599326599326599 0.01607744107744108 0.01616161616161616 0.01624579124579124 0.01632996632996633 0.01641414141414141 0.0164983164983165 0.01658249158249158 0.01666666666666667


# name: y
# type: matrix
# rows: 100
# columns: 1
 334506.5170379597
 336699.1646215572
 338891.8122051553
 341084.4597887527
 343277.1073723502
 345469.7549559477
 347662.4025395451
 349855.0501231428
 352047.6977067404
 354240.345290338
 356432.9928739359
 358625.6404575333
 360818.288041131
 363010.9356247285
 365203.5832083263
 367396.2307919236
 369588.8783755213
 371781.5259591188
 373974.1735427166
 376166.8211263142
 378359.4687099118
 380552.1162935094
 382744.763877107
 384937.4114607044
 387130.059044302
 389322.7066278996
 391515.3542114972
 393708.0017950949
 395900.6493786923
 398093.2969622901
 400285.9445458876
 402478.5921294852
 404671.2397130827
 406863.8872966804
 409056.5348802779
 411249.1824638756
 413441.8300474731
 415634.4776310707
 417827.1252146683
 420019.7727982659
 422212.4203818635
 424405.0679654611
 426597.7155490587
 428790.3631326563
 430983.0107162539
 433175.6582998515
 435368.3058834491
 437560.9534670467
 439753.6010506442
 441946.2486342418
 444138.8962178394
 446331.543801437
 448524.1913850346
 450716.8389686322
 452909.4865522297
 455102.1341358274
 457294.781719425
 459487.4293030226
 461680.0768866201
 463872.7244702178
 466065.3720538153
 468258.0196374129
 470450.6672210105
 472643.3148046081
 474835.9623882056
 477028.6099718034
 479221.2575554008
 481413.9051389986
 483606.5527225959
 485799.2003061937
 487991.8478897912
 490184.4954733889
 492377.1430569864
 494569.7906405841
 496762.4382241815
 498955.0858077793
 501147.7333913769
 503340.3809749743
 505533.0285585718
 507725.6761421695
 509918.3237257673
 512110.9713093647
 514303.6188929626
 516496.26647656
 518688.9140601573
 520881.5616437551
 523074.2092273528
 525266.8568109503
 527459.504394548
 529652.1519781457
 531844.7995617432
 534037.4471453405
 536230.0947289383
 538422.742312536
 540615.3898961332
 542808.0374797313
 545000.6850633285
 547193.3326469262
 549385.9802305234
 551578.6278141213


# name: QUERY
# type: sq_string
# elements: 1
# length: 2
R1


# name: DATASIZE
# type: sq_string
# elements: 1
# length: 4
1000


