# Created by Octave 3.8.2, Wed May 18 18:00:00 2016 CEST <Andrea@Andreas-MacBook-Pro.local>
# name: x
# type: matrix
# rows: 1
# columns: 100
 0.008333333333333333 0.008417508417508417 0.008501683501683501 0.008585858585858586 0.00867003367003367 0.008754208754208754 0.008838383838383838 0.008922558922558922 0.009006734006734006 0.00909090909090909 0.009175084175084175 0.009259259259259259 0.009343434343434343 0.009427609427609427 0.009511784511784511 0.009595959595959595 0.009680134680134679 0.009764309764309764 0.009848484848484849 0.009932659932659932 0.01001683501683502 0.0101010101010101 0.01018518518518518 0.01026936026936027 0.01035353535353535 0.01043771043771044 0.01052188552188552 0.0106060606060606 0.01069023569023569 0.01077441077441077 0.01085858585858586 0.01094276094276094 0.01102693602693603 0.01111111111111111 0.0111952861952862 0.01127946127946128 0.01136363636363636 0.01144781144781145 0.01153198653198653 0.01161616161616162 0.0117003367003367 0.01178451178451178 0.01186868686868687 0.01195286195286195 0.01203703703703704 0.01212121212121212 0.01220538720538721 0.01228956228956229 0.01237373737373737 0.01245791245791246 0.01254208754208754 0.01262626262626263 0.01271043771043771 0.01279461279461279 0.01287878787878788 0.01296296296296296 0.01304713804713805 0.01313131313131313 0.01321548821548822 0.0132996632996633 0.01338383838383838 0.01346801346801347 0.01355218855218855 0.01363636363636364 0.01372053872053872 0.0138047138047138 0.01388888888888889 0.01397306397306397 0.01405723905723906 0.01414141414141414 0.01422558922558922 0.01430976430976431 0.01439393939393939 0.01447811447811448 0.01456228956228956 0.01464646464646465 0.01473063973063973 0.01481481481481482 0.0148989898989899 0.01498316498316498 0.01506734006734007 0.01515151515151515 0.01523569023569023 0.01531986531986532 0.0154040404040404 0.01548821548821549 0.01557239057239057 0.01565656565656566 0.01574074074074074 0.01582491582491583 0.01590909090909091 0.01599326599326599 0.01607744107744108 0.01616161616161616 0.01624579124579124 0.01632996632996633 0.01641414141414142 0.0164983164983165 0.01658249158249158 0.01666666666666667


# name: y
# type: matrix
# rows: 100
# columns: 1
 330251.1536239826
 332421.3020146582
 334591.4504053338
 336761.5987960093
 338931.7471866849
 341101.8955773605
 343272.0439680361
 345442.1923587116
 347612.3407493872
 349782.4891400628
 351952.6375307384
 354122.785921414
 356292.9343120896
 358463.0827027651
 360633.2310934407
 362803.3794841163
 364973.5278747919
 367143.6762654674
 369313.824656143
 371483.9730468186
 373654.1214374942
 375824.2698281698
 377994.4182188453
 380164.5666095209
 382334.7150001965
 384504.8633908721
 386675.0117815476
 388845.1601722232
 391015.3085628988
 393185.4569535744
 395355.6053442499
 397525.7537349255
 399695.9021256011
 401866.0505162767
 404036.1989069523
 406206.3472976278
 408376.4956883034
 410546.644078979
 412716.7924696546
 414886.9408603301
 417057.0892510057
 419227.2376416813
 421397.3860323569
 423567.5344230325
 425737.682813708
 427907.8312043836
 430077.9795950592
 432248.1279857348
 434418.2763764103
 436588.4247670859
 438758.5731577615
 440928.7215484371
 443098.8699391127
 445269.0183297882
 447439.1667204638
 449609.3151111394
 451779.463501815
 453949.6118924905
 456119.7602831661
 458289.9086738417
 460460.0570645173
 462630.2054551929
 464800.3538458684
 466970.502236544
 469140.6506272196
 471310.7990178952
 473480.9474085707
 475651.0957992463
 477821.2441899219
 479991.3925805975
 482161.540971273
 484331.6893619486
 486501.8377526242
 488671.9861432998
 490842.1345339754
 493012.2829246509
 495182.4313153265
 497352.5797060021
 499522.7280966777
 501692.8764873532
 503863.0248780288
 506033.1732687044
 508203.32165938
 510373.4700500556
 512543.6184407311
 514713.7668314067
 516883.9152220823
 519054.0636127579
 521224.2120034334
 523394.360394109
 525564.5087847846
 527734.6571754602
 529904.8055661358
 532074.9539568113
 534245.1023474869
 536415.2507381625
 538585.3991288381
 540755.5475195136
 542925.6959101893
 545095.8443008648


# name: QUERY
# type: sq_string
# elements: 1
# length: 2
R1


# name: DATASIZE
# type: sq_string
# elements: 1
# length: 4
1000


