# Created by Octave 3.8.2, Wed May 18 18:00:00 2016 CEST <Andrea@Andreas-MacBook-Pro.local>
# name: x
# type: matrix
# rows: 1
# columns: 100
 0.008333333333333333 0.008417508417508417 0.008501683501683501 0.008585858585858586 0.00867003367003367 0.008754208754208754 0.008838383838383838 0.008922558922558922 0.009006734006734006 0.00909090909090909 0.009175084175084175 0.009259259259259259 0.009343434343434343 0.009427609427609427 0.009511784511784511 0.009595959595959595 0.009680134680134679 0.009764309764309764 0.009848484848484849 0.009932659932659932 0.01001683501683502 0.0101010101010101 0.01018518518518518 0.01026936026936027 0.01035353535353535 0.01043771043771044 0.01052188552188552 0.0106060606060606 0.01069023569023569 0.01077441077441077 0.01085858585858586 0.01094276094276094 0.01102693602693603 0.01111111111111111 0.0111952861952862 0.01127946127946128 0.01136363636363636 0.01144781144781145 0.01153198653198653 0.01161616161616162 0.0117003367003367 0.01178451178451178 0.01186868686868687 0.01195286195286195 0.01203703703703704 0.01212121212121212 0.01220538720538721 0.01228956228956229 0.01237373737373737 0.01245791245791246 0.01254208754208754 0.01262626262626263 0.01271043771043771 0.01279461279461279 0.01287878787878788 0.01296296296296296 0.01304713804713805 0.01313131313131313 0.01321548821548822 0.0132996632996633 0.01338383838383838 0.01346801346801347 0.01355218855218855 0.01363636363636364 0.01372053872053872 0.0138047138047138 0.01388888888888889 0.01397306397306397 0.01405723905723906 0.01414141414141414 0.01422558922558922 0.01430976430976431 0.01439393939393939 0.01447811447811448 0.01456228956228956 0.01464646464646465 0.01473063973063973 0.01481481481481482 0.0148989898989899 0.01498316498316498 0.01506734006734007 0.01515151515151515 0.01523569023569023 0.01531986531986532 0.0154040404040404 0.01548821548821549 0.01557239057239057 0.01565656565656566 0.01574074074074074 0.01582491582491583 0.01590909090909091 0.01599326599326599 0.01607744107744108 0.01616161616161616 0.01624579124579124 0.01632996632996633 0.01641414141414142 0.0164983164983165 0.01658249158249158 0.01666666666666667


# name: y
# type: matrix
# rows: 1
# columns: 100
 330416.9924528304 332610.1182455658 334803.2440383012 336996.3698310367 339189.495623772 341382.6214165075 343575.7472092429 345768.8730019783 347961.9987947138 350155.1245874492 352348.2503801846 354541.37617292 356734.5019656554 358927.6277583909 361120.7535511263 363313.8793438617 365507.0051365971 367700.1309293326 369893.256722068 372086.3825148034 374279.5083075388 376472.6341002742 378665.7598930097 380858.8856857451 383052.0114784805 385245.1372712159 387438.2630639513 389631.3888566868 391824.5146494222 394017.6404421576 396210.7662348931 398403.8920276285 400597.0178203639 402790.1436130994 404983.2694058347 407176.3951985702 409369.5209913056 411562.646784041 413755.7725767764 415948.8983695119 418142.0241622473 420335.1499549827 422528.2757477181 424721.4015404535 426914.527333189 429107.6531259244 431300.7789186598 433493.9047113953 435687.0305041306 437880.1562968661 440073.2820896015 442266.4078823369 444459.5336750724 446652.6594678078 448845.7852605432 451038.9110532787 453232.036846014 455425.1626387495 457618.2884314849 459811.4142242203 462004.5400169558 464197.6658096912 466390.7916024266 468583.917395162 470777.0431878974 472970.1689806329 475163.2947733683 477356.4205661037 479549.5463588391 481742.6721515746 483935.7979443099 486128.9237370454 488322.0495297808 490515.1753225162 492708.3011152517 494901.4269079871 497094.5527007225 499287.678493458 501480.8042861934 503673.9300789288 505867.0558716642 508060.1816643996 510253.3074571351 512446.4332498705 514639.5590426059 516832.6848353413 519025.8106280767 521218.9364208122 523412.0622135475 525605.188006283 527798.3137990185 529991.4395917539 532184.5653844893 534377.6911772247 536570.8169699601 538763.9427626955 540957.068555431 543150.1943481665 545343.3201409018 547536.4459336372


# name: QUERY
# type: sq_string
# elements: 1
# length: 2
R1


# name: DATASIZE
# type: sq_string
# elements: 1
# length: 4
1000


