# Created by Octave 4.0.0, Mon May 23 13:36:09 2016 CEST <peter@Independence>
# name: x
# type: matrix
# rows: 1
# columns: 100
 0.008333333333333333 0.008417508417508417 0.008501683501683501 0.008585858585858586 0.00867003367003367 0.008754208754208754 0.008838383838383838 0.008922558922558922 0.009006734006734006 0.00909090909090909 0.009175084175084175 0.009259259259259259 0.009343434343434343 0.009427609427609427 0.009511784511784511 0.009595959595959595 0.009680134680134679 0.009764309764309764 0.009848484848484848 0.009932659932659932 0.01001683501683502 0.0101010101010101 0.01018518518518518 0.01026936026936027 0.01035353535353535 0.01043771043771044 0.01052188552188552 0.0106060606060606 0.01069023569023569 0.01077441077441077 0.01085858585858586 0.01094276094276094 0.01102693602693603 0.01111111111111111 0.0111952861952862 0.01127946127946128 0.01136363636363636 0.01144781144781145 0.01153198653198653 0.01161616161616161 0.0117003367003367 0.01178451178451178 0.01186868686868687 0.01195286195286195 0.01203703703703704 0.01212121212121212 0.01220538720538721 0.01228956228956229 0.01237373737373737 0.01245791245791246 0.01254208754208754 0.01262626262626263 0.01271043771043771 0.01279461279461279 0.01287878787878788 0.01296296296296296 0.01304713804713805 0.01313131313131313 0.01321548821548822 0.0132996632996633 0.01338383838383838 0.01346801346801347 0.01355218855218855 0.01363636363636364 0.01372053872053872 0.0138047138047138 0.01388888888888889 0.01397306397306397 0.01405723905723906 0.01414141414141414 0.01422558922558922 0.01430976430976431 0.01439393939393939 0.01447811447811448 0.01456228956228956 0.01464646464646465 0.01473063973063973 0.01481481481481481 0.0148989898989899 0.01498316498316498 0.01506734006734007 0.01515151515151515 0.01523569023569023 0.01531986531986532 0.0154040404040404 0.01548821548821549 0.01557239057239057 0.01565656565656566 0.01574074074074074 0.01582491582491583 0.01590909090909091 0.01599326599326599 0.01607744107744108 0.01616161616161616 0.01624579124579124 0.01632996632996633 0.01641414141414141 0.0164983164983165 0.01658249158249158 0.01666666666666667


# name: y
# type: matrix
# rows: 1
# columns: 100
 327561.846358447 329819.3989901617 332076.9516218764 334334.5042535912 336592.0568853059 338849.6095170206 341107.1621487354 343364.7147804501 345622.2674121648 347879.8200438796 350137.3726755943 352394.925307309 354652.4779390238 356910.0305707385 359167.5832024532 361425.1358341679 363682.6884658826 365940.2410975973 368197.7937293121 370455.3463610268 372712.8989927415 374970.4516244563 377228.004256171 379485.5568878857 381743.1095196005 384000.6621513152 386258.2147830299 388515.7674147447 390773.3200464594 393030.8726781741 395288.4253098888 397545.9779416036 399803.5305733183 402061.083205033 404318.6358367478 406576.1884684625 408833.7411001772 411091.293731892 413348.8463636067 415606.3989953214 417863.9516270361 420121.5042587509 422379.0568904656 424636.6095221803 426894.1621538951 429151.7147856098 431409.2674173245 433666.8200490393 435924.3726807539 438181.9253124687 440439.4779441834 442697.0305758982 444954.5832076129 447212.1358393276 449469.6884710423 451727.2411027571 453984.7937344718 456242.3463661865 458499.8989979012 460757.451629616 463015.0042613307 465272.5568930454 467530.1095247602 469787.6621564749 472045.2147881896 474302.7674199044 476560.3200516191 478817.8726833338 481075.4253150485 483332.9779467633 485590.530578478 487848.0832101927 490105.6358419075 492363.1884736222 494620.7411053369 496878.2937370517 499135.8463687664 501393.3990004811 503650.9516321959 505908.5042639106 508166.0568956253 510423.60952734 512681.1621590548 514938.7147907695 517196.2674224842 519453.820054199 521711.3726859137 523968.9253176284 526226.4779493432 528484.0305810579 530741.5832127726 532999.1358444873 535256.6884762021 537514.2411079168 539771.7937396315 542029.3463713463 544286.899003061 546544.4516347757 548802.0042664905 551059.5568982052


# name: QUERY
# type: sq_string
# elements: 1
# length: 2
R1


# name: DATASIZE
# type: sq_string
# elements: 1
# length: 4
1000


