# Created by Octave 3.8.2, Wed May 18 18:00:00 2016 CEST <Andrea@Andreas-MacBook-Pro.local>
# name: SVs
# type: cell
# rows: 1
# columns: 7
# name: <cell-element>
# type: sparse matrix
# nnz: 38
# rows: 38
# columns: 1
1 1 -1.110179096706273
2 1 -1.110179096706273
3 1 0.1948903743434239
4 1 1.49995984539312
5 1 1.49995984539312
6 1 0.1948903743434239
7 1 0.1948903743434239
8 1 -1.110179096706273
9 1 -0.5881513082863939
10 1 0.1948903743434239
11 1 -0.5881513082863939
12 1 -1.110179096706273
13 1 -1.110179096706273
14 1 0.1948903743434239
15 1 -0.5881513082863939
16 1 1.49995984539312
17 1 0.1948903743434239
18 1 -1.110179096706273
19 1 1.49995984539312
20 1 -1.110179096706273
21 1 -0.5881513082863939
22 1 0.1948903743434239
23 1 1.49995984539312
24 1 -0.5881513082863939
25 1 1.49995984539312
26 1 -0.5881513082863939
27 1 -0.5881513082863939
28 1 0.1948903743434239
29 1 1.49995984539312
30 1 -1.110179096706273
31 1 -0.5881513082863939
32 1 1.49995984539312
33 1 0.1948903743434239
34 1 0.1948903743434239
35 1 -0.5881513082863939
36 1 1.49995984539312
37 1 0.1948903743434239
38 1 -1.110179096706273



# name: <cell-element>
# type: sparse matrix
# nnz: 11
# rows: 11
# columns: 1
1 1 -1.110179096706273
2 1 -1.110179096706273
3 1 -1.110179096706273
4 1 1.49995984539312
5 1 0.1948903743434239
6 1 1.49995984539312
7 1 -0.5881513082863939
8 1 -1.110179096706273
9 1 0.1948903743434239
10 1 1.49995984539312
11 1 0.1948903743434239



# name: <cell-element>
# type: sparse matrix
# nnz: 2
# rows: 2
# columns: 1
1 1 -0.5881513082863939
2 1 0.1948903743434239



# name: <cell-element>
# type: sparse matrix
# nnz: 15
# rows: 15
# columns: 1
1 1 -1.110179096706273
2 1 0.1948903743434239
3 1 -1.110179096706273
4 1 -1.110179096706273
5 1 -1.110179096706273
6 1 0.1948903743434239
7 1 1.49995984539312
8 1 0.1948903743434239
9 1 -1.110179096706273
10 1 1.49995984539312
11 1 -0.5881513082863939
12 1 0.1948903743434239
13 1 -1.110179096706273
14 1 0.1948903743434239
15 1 0.1948903743434239



# name: <cell-element>
# type: sparse matrix
# nnz: 33
# rows: 33
# columns: 1
1 1 -1.110179096706273
2 1 0.1948903743434239
3 1 0.1948903743434239
4 1 0.1948903743434239
5 1 -1.110179096706273
6 1 -0.5881513082863939
7 1 0.1948903743434239
8 1 -0.5881513082863939
9 1 -1.110179096706273
10 1 -1.110179096706273
11 1 -1.110179096706273
12 1 0.1948903743434239
13 1 -0.5881513082863939
14 1 0.1948903743434239
15 1 1.49995984539312
16 1 0.1948903743434239
17 1 -1.110179096706273
18 1 -0.5881513082863939
19 1 0.1948903743434239
20 1 -0.5881513082863939
21 1 1.49995984539312
22 1 -0.5881513082863939
23 1 -0.5881513082863939
24 1 0.1948903743434239
25 1 0.1948903743434239
26 1 -1.110179096706273
27 1 -1.110179096706273
28 1 -0.5881513082863939
29 1 0.1948903743434239
30 1 0.1948903743434239
31 1 -0.5881513082863939
32 1 0.1948903743434239
33 1 0.1948903743434239



# name: <cell-element>
# type: sparse matrix
# nnz: 28
# rows: 28
# columns: 1
1 1 -1.110179096706273
2 1 -1.110179096706273
3 1 1.49995984539312
4 1 0.1948903743434239
5 1 -1.110179096706273
6 1 -0.5881513082863939
7 1 -1.110179096706273
8 1 -1.110179096706273
9 1 -1.110179096706273
10 1 0.1948903743434239
11 1 1.49995984539312
12 1 0.1948903743434239
13 1 -1.110179096706273
14 1 -1.110179096706273
15 1 -0.5881513082863939
16 1 0.1948903743434239
17 1 -0.5881513082863939
18 1 1.49995984539312
19 1 -0.5881513082863939
20 1 -0.5881513082863939
21 1 0.1948903743434239
22 1 -1.110179096706273
23 1 0.1948903743434239
24 1 0.1948903743434239
25 1 -0.5881513082863939
26 1 1.49995984539312
27 1 0.1948903743434239
28 1 -1.110179096706273



# name: <cell-element>
# type: scalar
0





# name: coefficients
# type: cell
# rows: 1
# columns: 7
# name: <cell-element>
# type: matrix
# rows: 38
# columns: 1
 0.1
 0.1
 -0.1
 0.03138917977885353
 0.1
 -0.1
 -0.1
 -0.1
 -0.1
 -0.1
 0.1
 -0.03138917977885353
 0.1
 -0.1
 -0.1
 0.1
 0.1
 0.1
 0.1
 0.1
 -0.1
 -0.1
 0.1
 -0.1
 0.1
 -0.1
 -0.1
 -0.1
 0.1
 0.1
 -0.1
 0.1
 0.1
 -0.1
 -0.1
 0.1
 -0.1
 0.1



# name: <cell-element>
# type: matrix
# rows: 11
# columns: 1
 -1.1316
 -1.1316
 -1.1316
 1.1316
 1.1316
 1.1316
 -1.1316
 -1.1316
 1.1316
 0.622683373162098
 0.5089166268379021



# name: <cell-element>
# type: matrix
# rows: 2
# columns: 1
 -2.4211
 2.4211



# name: <cell-element>
# type: matrix
# rows: 15
# columns: 1
 -0.35789
 0.00467045443106765
 -0.35789
 -0.35789
 -0.35789
 0.35789
 0.3532195455689322
 0.35789
 -0.35789
 0.35789
 -0.35789
 0.35789
 -0.35789
 0.35789
 0.35789



# name: <cell-element>
# type: matrix
# rows: 33
# columns: 1
 -5
 5
 5
 5
 -5
 -5
 5
 5
 -5
 -5
 -5
 5
 -5
 5
 1.717744538267986
 5
 -5
 -5
 5
 -5
 5
 -5
 -5
 5
 5
 -5
 -5
 -5
 5
 3.282255461732013
 -5
 5
 5



# name: <cell-element>
# type: matrix
# rows: 28
# columns: 1
 -0.35789
 0.35789
 0.06917606343488245
 -0.35789
 -0.35789
 0.35789
 -0.35789
 -0.35789
 0.35789
 -0.3400426876862231
 0.35789
 0.35789
 -0.08702337574865925
 0.35789
 -0.35789
 -0.35789
 -0.35789
 0.35789
 -0.35789
 -0.35789
 0.35789
 -0.35789
 0.35789
 -0.35789
 0.35789
 0.35789
 0.35789
 0.35789



# name: <cell-element>
# type: scalar
0





# name: b
# type: cell
# rows: 1
# columns: 7
# name: <cell-element>
# type: scalar
-0.01226943544981026



# name: <cell-element>
# type: scalar
-0.7701153008018973



# name: <cell-element>
# type: scalar
-0.3380092642166971



# name: <cell-element>
# type: scalar
-0.5607176580296105



# name: <cell-element>
# type: scalar
-0.5088400901574306



# name: <cell-element>
# type: scalar
0.2587619779416705



# name: <cell-element>
# type: scalar
0





# name: models
# type: cell
# rows: 1
# columns: 7
# name: <cell-element>
# type: scalar struct
# ndims: 2
 1 1
# length: 11
# name: Parameters
# type: matrix
# rows: 5
# columns: 1
 3
 0
 3
 1
 0


# name: nr_class
# type: scalar
2


# name: totalSV
# type: scalar
38


# name: rho
# type: scalar
0.01226943544981026


# name: Label
# type: matrix
# rows: 0
# columns: 0


# name: sv_indices
# type: matrix
# rows: 38
# columns: 1
 1
 2
 3
 4
 5
 6
 7
 8
 9
 10
 11
 12
 14
 15
 16
 18
 19
 20
 21
 22
 23
 24
 25
 26
 27
 28
 30
 31
 32
 34
 37
 38
 39
 40
 41
 42
 44
 45


# name: ProbA
# type: matrix
# rows: 0
# columns: 0


# name: ProbB
# type: matrix
# rows: 0
# columns: 0


# name: nSV
# type: matrix
# rows: 0
# columns: 0


# name: sv_coef
# type: matrix
# rows: 38
# columns: 1
 0.1
 0.1
 -0.1
 0.03138917977885353
 0.1
 -0.1
 -0.1
 -0.1
 -0.1
 -0.1
 0.1
 -0.03138917977885353
 0.1
 -0.1
 -0.1
 0.1
 0.1
 0.1
 0.1
 0.1
 -0.1
 -0.1
 0.1
 -0.1
 0.1
 -0.1
 -0.1
 -0.1
 0.1
 0.1
 -0.1
 0.1
 0.1
 -0.1
 -0.1
 0.1
 -0.1
 0.1


# name: SVs
# type: sparse matrix
# nnz: 38
# rows: 38
# columns: 1
1 1 -1.110179096706273
2 1 -1.110179096706273
3 1 0.1948903743434239
4 1 1.49995984539312
5 1 1.49995984539312
6 1 0.1948903743434239
7 1 0.1948903743434239
8 1 -1.110179096706273
9 1 -0.5881513082863939
10 1 0.1948903743434239
11 1 -0.5881513082863939
12 1 -1.110179096706273
13 1 -1.110179096706273
14 1 0.1948903743434239
15 1 -0.5881513082863939
16 1 1.49995984539312
17 1 0.1948903743434239
18 1 -1.110179096706273
19 1 1.49995984539312
20 1 -1.110179096706273
21 1 -0.5881513082863939
22 1 0.1948903743434239
23 1 1.49995984539312
24 1 -0.5881513082863939
25 1 1.49995984539312
26 1 -0.5881513082863939
27 1 -0.5881513082863939
28 1 0.1948903743434239
29 1 1.49995984539312
30 1 -1.110179096706273
31 1 -0.5881513082863939
32 1 1.49995984539312
33 1 0.1948903743434239
34 1 0.1948903743434239
35 1 -0.5881513082863939
36 1 1.49995984539312
37 1 0.1948903743434239
38 1 -1.110179096706273





# name: <cell-element>
# type: scalar struct
# ndims: 2
 1 1
# length: 11
# name: Parameters
# type: matrix
# rows: 5
# columns: 1
 3
 1
 2
 1
 0


# name: nr_class
# type: scalar
2


# name: totalSV
# type: scalar
11


# name: rho
# type: scalar
0.7701153008018973


# name: Label
# type: matrix
# rows: 0
# columns: 0


