# Created by Octave 4.0.0, Mon May 23 13:36:09 2016 CEST <peter@Independence>
# name: SVs
# type: cell
# rows: 1
# columns: 7
# name: <cell-element>
# type: sparse matrix
# nnz: 14
# rows: 14
# columns: 1
1 1 -0.6030018906538084
2 1 -0.6030018906538084
3 1 0.1737463074765242
4 1 -1.120834022740697
5 1 -0.6030018906538084
6 1 -0.6030018906538084
7 1 -0.6030018906538084
8 1 0.1737463074765242
9 1 -0.6030018906538084
10 1 0.1737463074765242
11 1 -1.120834022740697
12 1 -1.120834022740697
13 1 -0.6030018906538084
14 1 -0.6030018906538084



# name: <cell-element>
# type: sparse matrix
# nnz: 17
# rows: 17
# columns: 1
1 1 0.1737463074765242
2 1 -1.120834022740697
3 1 -0.6030018906538084
4 1 -1.120834022740697
5 1 1.468326637693744
6 1 0.1737463074765242
7 1 1.468326637693744
8 1 1.468326637693744
9 1 -1.120834022740697
10 1 0.1737463074765242
11 1 0.1737463074765242
12 1 0.1737463074765242
13 1 -1.120834022740697
14 1 1.468326637693744
15 1 -1.120834022740697
16 1 -0.6030018906538084
17 1 -1.120834022740697



# name: <cell-element>
# type: sparse matrix
# nnz: 4
# rows: 4
# columns: 1
1 1 -0.6030018906538084
2 1 0.1737463074765242
3 1 0.1737463074765242
4 1 -0.6030018906538084



# name: <cell-element>
# type: sparse matrix
# nnz: 40
# rows: 40
# columns: 1
1 1 0.1737463074765242
2 1 -1.120834022740697
3 1 0.1737463074765242
4 1 -0.6030018906538084
5 1 -0.6030018906538084
6 1 -1.120834022740697
7 1 1.468326637693744
8 1 0.1737463074765242
9 1 1.468326637693744
10 1 0.1737463074765242
11 1 0.1737463074765242
12 1 1.468326637693744
13 1 0.1737463074765242
14 1 -1.120834022740697
15 1 0.1737463074765242
16 1 0.1737463074765242
17 1 -1.120834022740697
18 1 0.1737463074765242
19 1 -1.120834022740697
20 1 -1.120834022740697
21 1 -0.6030018906538084
22 1 -0.6030018906538084
23 1 1.468326637693744
24 1 -0.6030018906538084
25 1 -0.6030018906538084
26 1 0.1737463074765242
27 1 0.1737463074765242
28 1 -1.120834022740697
29 1 -1.120834022740697
30 1 -0.6030018906538084
31 1 1.468326637693744
32 1 -1.120834022740697
33 1 0.1737463074765242
34 1 -0.6030018906538084
35 1 0.1737463074765242
36 1 -1.120834022740697
37 1 -1.120834022740697
38 1 -0.6030018906538084
39 1 -0.6030018906538084
40 1 -1.120834022740697



# name: <cell-element>
# type: sparse matrix
# nnz: 38
# rows: 38
# columns: 1
1 1 0.1737463074765242
2 1 -1.120834022740697
3 1 0.1737463074765242
4 1 -0.6030018906538084
5 1 -0.6030018906538084
6 1 -1.120834022740697
7 1 1.468326637693744
8 1 0.1737463074765242
9 1 1.468326637693744
10 1 1.468326637693744
11 1 0.1737463074765242
12 1 0.1737463074765242
13 1 1.468326637693744
14 1 0.1737463074765242
15 1 -1.120834022740697
16 1 0.1737463074765242
17 1 0.1737463074765242
18 1 -1.120834022740697
19 1 0.1737463074765242
20 1 -1.120834022740697
21 1 -1.120834022740697
22 1 -0.6030018906538084
23 1 -0.6030018906538084
24 1 -0.6030018906538084
25 1 0.1737463074765242
26 1 0.1737463074765242
27 1 -1.120834022740697
28 1 -1.120834022740697
29 1 -0.6030018906538084
30 1 1.468326637693744
31 1 -1.120834022740697
32 1 0.1737463074765242
33 1 -0.6030018906538084
34 1 0.1737463074765242
35 1 -1.120834022740697
36 1 -0.6030018906538084
37 1 -0.6030018906538084
38 1 -1.120834022740697



# name: <cell-element>
# type: sparse matrix
# nnz: 34
# rows: 34
# columns: 1
1 1 -1.120834022740697
2 1 -0.6030018906538084
3 1 -0.6030018906538084
4 1 -1.120834022740697
5 1 1.468326637693744
6 1 0.1737463074765242
7 1 1.468326637693744
8 1 1.468326637693744
9 1 1.468326637693744
10 1 -1.120834022740697
11 1 0.1737463074765242
12 1 0.1737463074765242
13 1 -1.120834022740697
14 1 -0.6030018906538084
15 1 -0.6030018906538084
16 1 1.468326637693744
17 1 1.468326637693744
18 1 -0.6030018906538084
19 1 0.1737463074765242
20 1 1.468326637693744
21 1 1.468326637693744
22 1 -1.120834022740697
23 1 -0.6030018906538084
24 1 1.468326637693744
25 1 -1.120834022740697
26 1 0.1737463074765242
27 1 1.468326637693744
28 1 -0.6030018906538084
29 1 0.1737463074765242
30 1 -1.120834022740697
31 1 -1.120834022740697
32 1 -0.6030018906538084
33 1 -0.6030018906538084
34 1 -1.120834022740697



# name: <cell-element>
# type: scalar
0





# name: coefficients
# type: cell
# rows: 1
# columns: 7
# name: <cell-element>
# type: matrix
# rows: 14
# columns: 1
 -5
 -5
 5
 1.301706799846357
 -5
 5
 -5
 5
 5
 -1.301706799846356
 5
 5
 -5
 -5



# name: <cell-element>
# type: matrix
# rows: 17
# columns: 1
 0.8257968168780349
 -5
 -5
 -5
 4.174203183121975
 5
 5
 5
 -5
 5
 5
 5
 -5
 5
 -5
 -5
 -5



# name: <cell-element>
# type: matrix
# rows: 4
# columns: 1
 -1.1316
 1.1316
 1.1316
 -1.1316



# name: <cell-element>
# type: matrix
# rows: 40
# columns: 1
 0.35789
 -0.35789
 0.35789
 -0.35789
 -0.35789
 -0.35789
 0.35789
 0.35789
 0.35789
 0.35789
 0.35789
 0.35789
 0.35789
 -0.35789
 0.35789
 0.35789
 -0.35789
 0.35789
 -0.35789
 -0.35789
 -0.35789
 0.35789
 0.1713817904290893
 -0.1713817904290892
 -0.35789
 0.35789
 0.35789
 -0.35789
 -0.35789
 -0.35789
 0.35789
 -0.35789
 0.35789
 0.35789
 0.35789
 -0.35789
 -0.35789
 -0.35789
 -0.35789
 -0.35789



# name: <cell-element>
# type: matrix
# rows: 38
# columns: 1
 5
 -5
 5
 -5
 -5
 -5
 1.001735170857533
 5
 5
 -5
 5
 5
 5
 5
 -5
 5
 5
 -5
 5
 -5
 -5
 -5
 5
 -5
 5
 5
 -5
 -5
 -1.001735170857532
 5
 -5
 5
 5
 5
 -5
 -5
 -5
 -5



# name: <cell-element>
# type: matrix
# rows: 34
# columns: 1
 -0.1
 -0.1
 -0.1
 -0.1
 0.1
 0.1
 0.1
 0.1
 0.1
 -0.1
 -0.1
 0.05512654688015555
 -0.1
 -0.1
 0.1
 0.1
 0.1
 -0.1
 0.1
 0.1
 0.1
 -0.1
 -0.0532814096702619
 0.1
 -0.1
 -0.1
 0.09815486279010635
 0.1
 -0.1
 0.1
 0.1
 -0.1
 -0.1
 -0.1



# name: <cell-element>
# type: scalar
0





# name: b
# type: cell
# rows: 1
# columns: 7
# name: <cell-element>
# type: scalar
0.04488845977268842



# name: <cell-element>
# type: scalar
-0.7967374620747103



# name: <cell-element>
# type: scalar
-0.188804122276742



# name: <cell-element>
# type: scalar
-0.6136319172931433



# name: <cell-element>
# type: scalar
-0.646385946548518



# name: <cell-element>
# type: scalar
0.2095443972809708



# name: <cell-element>
# type: scalar
0





# name: models
# type: cell
# rows: 1
# columns: 7
# name: <cell-element>
# type: scalar struct
# ndims: 2
 1 1
# length: 11
# name: Parameters
# type: matrix
# rows: 5
# columns: 1
 3
 0
 3
 1
 0


# name: nr_class
# type: scalar
2


# name: totalSV
# type: scalar
14


# name: rho
# type: scalar
-0.04488845977268842


# name: Label
# type: matrix
# rows: 0
# columns: 0


# name: sv_indices
# type: matrix
# rows: 14
# columns: 1
 4
 5
 8
 19
 23
 24
 28
 29
 40
 41
 42
 43
 44
 45


# name: ProbA
# type: matrix
# rows: 0
# columns: 0


# name: ProbB
# type: matrix
# rows: 0
# columns: 0


# name: nSV
# type: matrix
# rows: 0
# columns: 0


# name: sv_coef
# type: matrix
# rows: 14
# columns: 1
 -5
 -5
 5
 1.301706799846357
 -5
 5
 -5
 5
 5
 -1.301706799846356
 5
 5
 -5
 -5


# name: SVs
# type: sparse matrix
# nnz: 14
# rows: 14
# columns: 1
1 1 -0.6030018906538084
2 1 -0.6030018906538084
3 1 0.1737463074765242
4 1 -1.120834022740697
5 1 -0.6030018906538084
6 1 -0.6030018906538084
7 1 -0.6030018906538084
8 1 0.1737463074765242
9 1 -0.6030018906538084
10 1 0.1737463074765242
11 1 -1.120834022740697
12 1 -1.120834022740697
13 1 -0.6030018906538084
14 1 -0.6030018906538084





# name: <cell-element>
# type: scalar struct
# ndims: 2
 1 1
# length: 11
# name: Parameters
# type: matrix
# rows: 5
# columns: 1
 3
 1
 2
 1
 0


# name: nr_class
# type: scalar
2


# name: totalSV
# type: scalar
17


# name: rho
# type: scalar
0.7967374620747103


# name: Label
# type: matrix
# rows: 0
# columns: 0


# name: sv_indices
# type: matrix
# rows: 17
# columns: 1
 1
 2
 4
 6
 7
 8
 9
 14
 16
 20
 29
 32
 34
 36
 37
 45
 46


# name: ProbA
# type: matrix
# rows: 0
# columns: 0


# name: ProbB
# type: matrix
# rows: 0
# columns: 0


# name: nSV
# type: matrix
# rows: 0
# columns: 0


