# Created by Octave 4.0.0, Mon May 23 13:36:03 2016 CEST <peter@Independence>
# name: mu
# type: matrix
# rows: 1
# columns: 2
 424312.8289473684 0.0119407894736842


# name: sigma
# type: matrix
# rows: 1
# columns: 2
 92742.37480812293 0.003218546249630977


