# Created by Octave 3.8.2, Wed May 18 17:59:50 2016 CEST <Andrea@Andreas-MacBook-Pro.local>
# name: mu
# type: matrix
# rows: 1
# columns: 2
 422765.1333333334 0.01187777777777777


# name: sigma
# type: matrix
# rows: 1
# columns: 2
 92373.54721167995 0.00319267805974752


