# Created by Octave 4.0.0, Mon May 23 13:36:09 2016 CEST <peter@Independence>
# name: x
# type: matrix
# rows: 1
# columns: 100
 0.008333333333333333 0.008417508417508417 0.008501683501683501 0.008585858585858586 0.00867003367003367 0.008754208754208754 0.008838383838383838 0.008922558922558922 0.009006734006734006 0.00909090909090909 0.009175084175084175 0.009259259259259259 0.009343434343434343 0.009427609427609427 0.009511784511784511 0.009595959595959595 0.009680134680134679 0.009764309764309764 0.009848484848484848 0.009932659932659932 0.01001683501683502 0.0101010101010101 0.01018518518518518 0.01026936026936027 0.01035353535353535 0.01043771043771044 0.01052188552188552 0.0106060606060606 0.01069023569023569 0.01077441077441077 0.01085858585858586 0.01094276094276094 0.01102693602693603 0.01111111111111111 0.0111952861952862 0.01127946127946128 0.01136363636363636 0.01144781144781145 0.01153198653198653 0.01161616161616161 0.0117003367003367 0.01178451178451178 0.01186868686868687 0.01195286195286195 0.01203703703703704 0.01212121212121212 0.01220538720538721 0.01228956228956229 0.01237373737373737 0.01245791245791246 0.01254208754208754 0.01262626262626263 0.01271043771043771 0.01279461279461279 0.01287878787878788 0.01296296296296296 0.01304713804713805 0.01313131313131313 0.01321548821548822 0.0132996632996633 0.01338383838383838 0.01346801346801347 0.01355218855218855 0.01363636363636364 0.01372053872053872 0.0138047138047138 0.01388888888888889 0.01397306397306397 0.01405723905723906 0.01414141414141414 0.01422558922558922 0.01430976430976431 0.01439393939393939 0.01447811447811448 0.01456228956228956 0.01464646464646465 0.01473063973063973 0.01481481481481481 0.0148989898989899 0.01498316498316498 0.01506734006734007 0.01515151515151515 0.01523569023569023 0.01531986531986532 0.0154040404040404 0.01548821548821549 0.01557239057239057 0.01565656565656566 0.01574074074074074 0.01582491582491583 0.01590909090909091 0.01599326599326599 0.01607744107744108 0.01616161616161616 0.01624579124579124 0.01632996632996633 0.01641414141414141 0.0164983164983165 0.01658249158249158 0.01666666666666667


# name: y
# type: matrix
# rows: 100
# columns: 1
 340451.6360863198
 344988.7374164562
 349314.1439028044
 353432.9131694967
 357350.1028406659
 361070.7705404443
 364599.9738929645
 367942.7705223589
 371104.2180527601
 374089.3741083005
 376903.2963131128
 379551.0422913294
 382037.6696670827
 384368.2360645053
 386547.7991077297
 388581.4164208884
 390474.1456281139
 392231.0443535388
 393857.1702212954
 395357.5808555163
 396737.333880334
 398001.4869198811
 399155.09759829
 400203.2235396932
 401150.9223682233
 402003.2517080126
 402765.2691831938
 403442.0324178993
 404038.5990362617
 404560.0266624135
 405011.3729204871
 405397.695434615
 405724.0518289297
 405995.4997275639
 406217.0967546499
 406393.9005343203
 406530.9686907076
 406633.3588479442
 406706.1286301627
 406754.3356614956
 406783.0375660753
 406797.2919680345
 406802.1564915056
 406802.688760621
 406803.9463995133
 406810.9870323151
 406828.8682831587
 406862.6477761767
 406917.3831355018
 406998.1319852661
 407109.9519496025
 407257.9006526432
 407447.0357185208
 407682.4147713679
 407969.095435317
 408312.1353345004
 408716.5920930508
 409187.5233351007
 409729.9866847825
 410349.0397662287
 411049.7402035719
 411837.1456209446
 412716.3136424792
 413692.3018923083
 414770.1679945644
 415954.9695733799
 417251.7642528875
 418665.6096572194
 420201.5634105084
 421864.6831368869
 423660.0264604873
 425592.6510054423
 427667.6143958842
 429889.9742559456
 432264.7882097591
 434797.1138814571
 437492.0088951721
 440354.5308750366
 443389.737445183
 446602.6862297441
 449998.4348528522
 453582.0409386398
 457358.5621112394
 461333.0559947835
 465510.5802134048
 469896.1923912354
 474494.9501524083
 479311.9111210555
 484352.13292131
 489620.673177304
 495122.58951317
 500862.9395530405
 506846.7809210483
 513079.1712413254
 519565.1681380047
 526309.8292352186
 533318.2121570995
 540595.3745277801
 548146.3739713927
 555976.26811207


# name: QUERY
# type: sq_string
# elements: 1
# length: 2
R1


# name: DATASIZE
# type: sq_string
# elements: 1
# length: 4
1000


