# Created by Octave 4.0.0, Mon May 23 13:36:09 2016 CEST <peter@Independence>
# name: x
# type: matrix
# rows: 1
# columns: 100
 0.008333333333333333 0.008417508417508417 0.008501683501683501 0.008585858585858586 0.00867003367003367 0.008754208754208754 0.008838383838383838 0.008922558922558922 0.009006734006734006 0.00909090909090909 0.009175084175084175 0.009259259259259259 0.009343434343434343 0.009427609427609427 0.009511784511784511 0.009595959595959595 0.009680134680134679 0.009764309764309764 0.009848484848484848 0.009932659932659932 0.01001683501683502 0.0101010101010101 0.01018518518518518 0.01026936026936027 0.01035353535353535 0.01043771043771044 0.01052188552188552 0.0106060606060606 0.01069023569023569 0.01077441077441077 0.01085858585858586 0.01094276094276094 0.01102693602693603 0.01111111111111111 0.0111952861952862 0.01127946127946128 0.01136363636363636 0.01144781144781145 0.01153198653198653 0.01161616161616161 0.0117003367003367 0.01178451178451178 0.01186868686868687 0.01195286195286195 0.01203703703703704 0.01212121212121212 0.01220538720538721 0.01228956228956229 0.01237373737373737 0.01245791245791246 0.01254208754208754 0.01262626262626263 0.01271043771043771 0.01279461279461279 0.01287878787878788 0.01296296296296296 0.01304713804713805 0.01313131313131313 0.01321548821548822 0.0132996632996633 0.01338383838383838 0.01346801346801347 0.01355218855218855 0.01363636363636364 0.01372053872053872 0.0138047138047138 0.01388888888888889 0.01397306397306397 0.01405723905723906 0.01414141414141414 0.01422558922558922 0.01430976430976431 0.01439393939393939 0.01447811447811448 0.01456228956228956 0.01464646464646465 0.01473063973063973 0.01481481481481481 0.0148989898989899 0.01498316498316498 0.01506734006734007 0.01515151515151515 0.01523569023569023 0.01531986531986532 0.0154040404040404 0.01548821548821549 0.01557239057239057 0.01565656565656566 0.01574074074074074 0.01582491582491583 0.01590909090909091 0.01599326599326599 0.01607744107744108 0.01616161616161616 0.01624579124579124 0.01632996632996633 0.01641414141414141 0.0164983164983165 0.01658249158249158 0.01666666666666667


# name: y
# type: matrix
# rows: 100
# columns: 1
 425425.9054718886
 421966.4908466722
 418588.7498294596
 415292.6824202444
 412078.2886190315
 408945.5684258199
 405894.5218406114
 402925.1488634023
 400037.4494941949
 397231.4237329859
 394507.07157978
 391864.3930345759
 389303.3880973728
 386824.0567681708
 384426.3990469682
 382110.4149337686
 379876.1044285697
 377723.4675313718
 375652.5042421748
 373663.2145609789
 371755.5984877845
 369929.6560225912
 368185.3871653988
 366522.7919162076
 364941.8702750176
 363442.6222418286
 362025.0478166409
 360689.1469994538
 359434.9197902684
 358262.366189084
 357171.4861959006
 356162.2798107185
 355234.7470335373
 354388.8878643572
 353624.7023031784
 352942.1903500006
 352341.3520048239
 351822.1872676484
 351384.6961384739
 351028.8786173007
 350754.7347041285
 350562.2643989575
 350451.4677017875
 350422.3446126187
 350474.895131451
 350609.1192582845
 350825.016993119
 351122.5883359547
 351501.8332867915
 351962.7518456294
 352505.3440124684
 353129.6097873086
 353835.5491701497
 354623.1621609922
 355492.4487598356
 356443.4089666802
 357476.0427815259
 358590.3502043728
 359786.3312352208
 361063.98587407
 362423.3141209201
 363864.3159757712
 365386.9914386236
 366991.3405094777
 368677.3631883321
 370445.0594751881
 372294.4293700455
 374225.4728729029
 376238.1899837623
 378332.5807026224
 380508.6450294841
 382766.3829643463
 385105.7945072104
 387526.8796580752
 390029.6384169406
 392614.0707838079
 395280.1767586758
 398027.9563415449
 400857.4095324156
 403768.5363312863
 406761.3367381589
 409835.810753033
 412991.9583759091
 416229.7796067849
 419549.2744456604
 422950.442892539
 426433.28494742
 429997.800610299
 433643.9898811827
 437371.852760064
 441181.389246947
 445072.5993418311
 449045.4830447186
 453100.0403556044
 457236.2712744942
 461454.1758013819
 465753.7539362715
 470135.005679164
 474597.9310300571
 479142.5299889507


# name: QUERY
# type: sq_string
# elements: 1
# length: 2
R1


# name: DATASIZE
# type: sq_string
# elements: 1
# length: 4
1000


