# Created by Octave 4.0.0, Mon May 23 13:36:09 2016 CEST <peter@Independence>
# name: x
# type: matrix
# rows: 1
# columns: 100
 0.008333333333333333 0.008417508417508417 0.008501683501683501 0.008585858585858586 0.00867003367003367 0.008754208754208754 0.008838383838383838 0.008922558922558922 0.009006734006734006 0.00909090909090909 0.009175084175084175 0.009259259259259259 0.009343434343434343 0.009427609427609427 0.009511784511784511 0.009595959595959595 0.009680134680134679 0.009764309764309764 0.009848484848484848 0.009932659932659932 0.01001683501683502 0.0101010101010101 0.01018518518518518 0.01026936026936027 0.01035353535353535 0.01043771043771044 0.01052188552188552 0.0106060606060606 0.01069023569023569 0.01077441077441077 0.01085858585858586 0.01094276094276094 0.01102693602693603 0.01111111111111111 0.0111952861952862 0.01127946127946128 0.01136363636363636 0.01144781144781145 0.01153198653198653 0.01161616161616161 0.0117003367003367 0.01178451178451178 0.01186868686868687 0.01195286195286195 0.01203703703703704 0.01212121212121212 0.01220538720538721 0.01228956228956229 0.01237373737373737 0.01245791245791246 0.01254208754208754 0.01262626262626263 0.01271043771043771 0.01279461279461279 0.01287878787878788 0.01296296296296296 0.01304713804713805 0.01313131313131313 0.01321548821548822 0.0132996632996633 0.01338383838383838 0.01346801346801347 0.01355218855218855 0.01363636363636364 0.01372053872053872 0.0138047138047138 0.01388888888888889 0.01397306397306397 0.01405723905723906 0.01414141414141414 0.01422558922558922 0.01430976430976431 0.01439393939393939 0.01447811447811448 0.01456228956228956 0.01464646464646465 0.01473063973063973 0.01481481481481481 0.0148989898989899 0.01498316498316498 0.01506734006734007 0.01515151515151515 0.01523569023569023 0.01531986531986532 0.0154040404040404 0.01548821548821549 0.01557239057239057 0.01565656565656566 0.01574074074074074 0.01582491582491583 0.01590909090909091 0.01599326599326599 0.01607744107744108 0.01616161616161616 0.01624579124579124 0.01632996632996633 0.01641414141414141 0.0164983164983165 0.01658249158249158 0.01666666666666667


# name: y
# type: matrix
# rows: 100
# columns: 1
 401266.8458381895
 396392.7397555716
 392067.3674075661
 388240.1529519636
 384864.1002816125
 381895.6199691724
 379294.3605001426
 377023.0437940126
 375047.3050136152
 373335.5366625768
 371858.7369709498
 370590.3625689605
 369506.1854489405
 368584.154215417
 367804.259623326
 367148.4044044086
 366600.2773817191
 366145.2318723245
 365770.168378134
 365463.4215648912
 365214.6515293058
 365014.7393543485
 364855.6869526925
 364730.5211983084
 364633.2023462103
 364558.5367403536
 364502.0938096853
 364460.1273523456
 364429.5011080223
 364407.6186184555
 364392.3573760954
 364382.0072609118
 364375.213265355
 364370.9225074688
 364368.3355321557
 364366.861900593
 364366.0800678021
 364365.7015483684
 364365.5393703142
 364365.4808171219
 364365.4644579111
 364365.4614657661
 364365.461224215
 364365.4612218625
 364365.4612351723
 364365.4617994032
 364365.4669676955
 364365.491358311
 364365.5714900229
 364365.7814056593
 364366.2525837977
 364367.198138611
 364368.9413078665
 364371.9482290755
 364376.8650037959
 364384.5590500857
 364396.1647431088
 364413.1333438932
 364437.2872162397
 364470.8783317836
 364516.6510632081
 364577.9092656089
 364658.5876460119
 364763.3274210415
 364897.5562627406
 365067.5725325446
 365280.6338034042
 365545.0496700619
 365870.2788474835
 366267.030557431
 366747.3702032025
 367324.8293325063
 368014.5198885103
 368833.2527490134
 369799.6605537941
 370934.3248201063
 372259.9073463052
 373801.2859036576
 375585.6942162951
 377642.8662292746
 380005.1846648806
 382707.8338669987
 385788.9569336781
 389289.8171377909
 393254.9636359535
 397732.4014655819
 402773.7658299081
 408434.500671338
 414774.0415330973
 421856.0027085164
 429748.3686791006
 438523.6898403686
 448259.2825157733
 459037.4332591211
 470945.60744485
 484076.6621465797
 498529.0633037504
 514407.1071766779
 531821.1460891189
 550887.8184597718


# name: QUERY
# type: sq_string
# elements: 1
# length: 2
R1


# name: DATASIZE
# type: sq_string
# elements: 1
# length: 4
1000


