# Created by Octave 3.8.2, Wed May 18 18:00:00 2016 CEST <Andrea@Andreas-MacBook-Pro.local>
# name: x
# type: matrix
# rows: 1
# columns: 100
 0.008333333333333333 0.008417508417508417 0.008501683501683501 0.008585858585858586 0.00867003367003367 0.008754208754208754 0.008838383838383838 0.008922558922558922 0.009006734006734006 0.00909090909090909 0.009175084175084175 0.009259259259259259 0.009343434343434343 0.009427609427609427 0.009511784511784511 0.009595959595959595 0.009680134680134679 0.009764309764309764 0.009848484848484849 0.009932659932659932 0.01001683501683502 0.0101010101010101 0.01018518518518518 0.01026936026936027 0.01035353535353535 0.01043771043771044 0.01052188552188552 0.0106060606060606 0.01069023569023569 0.01077441077441077 0.01085858585858586 0.01094276094276094 0.01102693602693603 0.01111111111111111 0.0111952861952862 0.01127946127946128 0.01136363636363636 0.01144781144781145 0.01153198653198653 0.01161616161616162 0.0117003367003367 0.01178451178451178 0.01186868686868687 0.01195286195286195 0.01203703703703704 0.01212121212121212 0.01220538720538721 0.01228956228956229 0.01237373737373737 0.01245791245791246 0.01254208754208754 0.01262626262626263 0.01271043771043771 0.01279461279461279 0.01287878787878788 0.01296296296296296 0.01304713804713805 0.01313131313131313 0.01321548821548822 0.0132996632996633 0.01338383838383838 0.01346801346801347 0.01355218855218855 0.01363636363636364 0.01372053872053872 0.0138047138047138 0.01388888888888889 0.01397306397306397 0.01405723905723906 0.01414141414141414 0.01422558922558922 0.01430976430976431 0.01439393939393939 0.01447811447811448 0.01456228956228956 0.01464646464646465 0.01473063973063973 0.01481481481481482 0.0148989898989899 0.01498316498316498 0.01506734006734007 0.01515151515151515 0.01523569023569023 0.01531986531986532 0.0154040404040404 0.01548821548821549 0.01557239057239057 0.01565656565656566 0.01574074074074074 0.01582491582491583 0.01590909090909091 0.01599326599326599 0.01607744107744108 0.01616161616161616 0.01624579124579124 0.01632996632996633 0.01641414141414142 0.0164983164983165 0.01658249158249158 0.01666666666666667


# name: y
# type: matrix
# rows: 100
# columns: 1
 423120.0550611017
 419764.6699936731
 416489.9277129066
 413295.8282188019
 410182.3715113593
 407149.5575905784
 404197.3864564594
 401325.8581090023
 398534.972548207
 395824.7297740738
 393195.1297866024
 390646.1725857929
 388177.8581716453
 385790.1865441597
 383483.1577033361
 381256.771649174
 379111.0283816741
 377045.927900836
 375061.47020666
 373157.6552991457
 371334.4831782934
 369591.953844103
 367930.0672965744
 366348.8235357079
 364848.2225615031
 363428.2643739603
 362088.9489730794
 360830.2763588604
 359652.2465313033
 358554.8594904082
 357538.1152361749
 356602.0137686035
 355746.555087694
 354971.7391934465
 354277.5660858608
 353664.0357649371
 353131.1482306751
 352678.9034830752
 352307.3015221371
 352016.342347861
 351806.0259602468
 351676.3523592944
 351627.321545004
 351658.9335173755
 351771.1882764089
 351964.0858221041
 352237.6261544613
 352591.8092734804
 353026.6351791614
 353542.1038715043
 354138.2153505092
 354814.9696161758
 355572.3666685044
 356410.406507495
 357329.0891331474
 358328.4145454617
 359408.382744438
 360568.9937300761
 361810.2475023761
 363132.144061338
 364534.6834069619
 366017.8655392477
 367581.6904581953
 369226.1581638049
 370951.2686560763
 372757.0219350096
 374643.418000605
 376610.4568528621
 378658.1384917813
 380786.4629173622
 382995.4301296051
 385285.0401285099
 387655.2929140767
 390106.1884863052
 392637.7268451957
 395249.9079907482
 397942.7319229625
 400716.1986418386
 403570.3081473768
 406505.0604395769
 409520.4555184388
 412616.4933839627
 415793.1740361485
 419050.497474996
 422388.4637005057
 425807.0727126771
 429306.3245115104
 432886.2190970057
 436546.7564691627
 440287.9366279819
 444109.7595734628
 448012.2253056059
 451995.3338244107
 456059.0851298772
 460203.4792220059
 464428.5161007962
 468734.1957662487
 473120.5182183633
 477587.4834571393
 482135.0914825777


# name: QUERY
# type: sq_string
# elements: 1
# length: 2
R1


# name: DATASIZE
# type: sq_string
# elements: 1
# length: 4
1000


