# Created by Octave 3.8.2, Wed May 18 18:00:00 2016 CEST <Andrea@Andreas-MacBook-Pro.local>
# name: x
# type: matrix
# rows: 1
# columns: 100
 0.008333333333333333 0.008417508417508417 0.008501683501683501 0.008585858585858586 0.00867003367003367 0.008754208754208754 0.008838383838383838 0.008922558922558922 0.009006734006734006 0.00909090909090909 0.009175084175084175 0.009259259259259259 0.009343434343434343 0.009427609427609427 0.009511784511784511 0.009595959595959595 0.009680134680134679 0.009764309764309764 0.009848484848484849 0.009932659932659932 0.01001683501683502 0.0101010101010101 0.01018518518518518 0.01026936026936027 0.01035353535353535 0.01043771043771044 0.01052188552188552 0.0106060606060606 0.01069023569023569 0.01077441077441077 0.01085858585858586 0.01094276094276094 0.01102693602693603 0.01111111111111111 0.0111952861952862 0.01127946127946128 0.01136363636363636 0.01144781144781145 0.01153198653198653 0.01161616161616162 0.0117003367003367 0.01178451178451178 0.01186868686868687 0.01195286195286195 0.01203703703703704 0.01212121212121212 0.01220538720538721 0.01228956228956229 0.01237373737373737 0.01245791245791246 0.01254208754208754 0.01262626262626263 0.01271043771043771 0.01279461279461279 0.01287878787878788 0.01296296296296296 0.01304713804713805 0.01313131313131313 0.01321548821548822 0.0132996632996633 0.01338383838383838 0.01346801346801347 0.01355218855218855 0.01363636363636364 0.01372053872053872 0.0138047138047138 0.01388888888888889 0.01397306397306397 0.01405723905723906 0.01414141414141414 0.01422558922558922 0.01430976430976431 0.01439393939393939 0.01447811447811448 0.01456228956228956 0.01464646464646465 0.01473063973063973 0.01481481481481482 0.0148989898989899 0.01498316498316498 0.01506734006734007 0.01515151515151515 0.01523569023569023 0.01531986531986532 0.0154040404040404 0.01548821548821549 0.01557239057239057 0.01565656565656566 0.01574074074074074 0.01582491582491583 0.01590909090909091 0.01599326599326599 0.01607744107744108 0.01616161616161616 0.01624579124579124 0.01632996632996633 0.01641414141414142 0.0164983164983165 0.01658249158249158 0.01666666666666667


# name: y
# type: matrix
# rows: 100
# columns: 1
 327017.14524105
 331505.9339038444
 335781.5600120234
 339849.2089931098
 343714.0662746268
 347381.3172840973
 350856.1474490443
 354143.7421969909
 357249.28695546
 360177.9671519747
 362934.9682140579
 365525.4755692327
 367954.6746450219
 370227.7508689488
 372349.8896685361
 374326.276471307
 376162.0967047844
 377862.5357964914
 379432.7791739508
 380878.0122646858
 382203.4204962194
 383414.1892960744
 384515.5040917741
 385512.5503108412
 386410.5133807988
 387214.57872917
 387929.9317834777
 388561.7579712449
 389115.2427199947
 389595.57145725
 390007.9296105338
 390357.5026073692
 390649.475875279
 390889.0348417864
 391081.3649344143
 391231.6515806857
 391345.0802081237
 391426.8362442511
 391482.1051165911
 391516.0722526666
 391533.9230800006
 391540.8430261161
 391542.0175185362
 391542.6319847838
 391547.8718523819
 391562.9225488534
 391592.9695017216
 391643.1981385092
 391718.7938867394
 391824.942173935
 391966.8284276192
 392149.6380753149
 392378.5565445451
 392658.7692628328
 392995.461657701
 393393.8191566727
 393859.0271872709
 394396.2711770187
 395010.7365534389
 395707.6087440547
 396492.073176389
 397369.3152779647
 398344.520476305
 399422.8741989328
 400609.561873371
 401909.7689271428
 403328.6807877711
 404871.4828827789
 406543.3606396892
 408349.499486025
 410295.0848493093
 412385.3021570651
 414625.3368368153
 417020.3743160831
 419575.6000223914
 422296.1993832632
 425187.3578262214
 428254.2607787892
 431502.0936684895
 434936.0419228452
 438561.2909693795
 442383.0262356153
 446406.4331490755
 450636.6971372833
 455079.0036277615
 459738.5380480332
 464620.4858256214
 469730.0323880491
 475072.3631628393
 480652.6635775149
 486476.1190595991
 492547.9150366149
 498873.2369360849
 505457.2701855326
 512305.2002124807
 519422.2124444522
 526813.4923089703
 534484.225233558
 542439.596645738
 550684.7919730335


# name: QUERY
# type: sq_string
# elements: 1
# length: 2
R1


# name: DATASIZE
# type: sq_string
# elements: 1
# length: 4
1000


