# Created by Octave 3.8.2, Wed May 18 18:00:00 2016 CEST <Andrea@Andreas-MacBook-Pro.local>
# name: x
# type: matrix
# rows: 1
# columns: 100
 0.008333333333333333 0.008417508417508417 0.008501683501683501 0.008585858585858586 0.00867003367003367 0.008754208754208754 0.008838383838383838 0.008922558922558922 0.009006734006734006 0.00909090909090909 0.009175084175084175 0.009259259259259259 0.009343434343434343 0.009427609427609427 0.009511784511784511 0.009595959595959595 0.009680134680134679 0.009764309764309764 0.009848484848484849 0.009932659932659932 0.01001683501683502 0.0101010101010101 0.01018518518518518 0.01026936026936027 0.01035353535353535 0.01043771043771044 0.01052188552188552 0.0106060606060606 0.01069023569023569 0.01077441077441077 0.01085858585858586 0.01094276094276094 0.01102693602693603 0.01111111111111111 0.0111952861952862 0.01127946127946128 0.01136363636363636 0.01144781144781145 0.01153198653198653 0.01161616161616162 0.0117003367003367 0.01178451178451178 0.01186868686868687 0.01195286195286195 0.01203703703703704 0.01212121212121212 0.01220538720538721 0.01228956228956229 0.01237373737373737 0.01245791245791246 0.01254208754208754 0.01262626262626263 0.01271043771043771 0.01279461279461279 0.01287878787878788 0.01296296296296296 0.01304713804713805 0.01313131313131313 0.01321548821548822 0.0132996632996633 0.01338383838383838 0.01346801346801347 0.01355218855218855 0.01363636363636364 0.01372053872053872 0.0138047138047138 0.01388888888888889 0.01397306397306397 0.01405723905723906 0.01414141414141414 0.01422558922558922 0.01430976430976431 0.01439393939393939 0.01447811447811448 0.01456228956228956 0.01464646464646465 0.01473063973063973 0.01481481481481482 0.0148989898989899 0.01498316498316498 0.01506734006734007 0.01515151515151515 0.01523569023569023 0.01531986531986532 0.0154040404040404 0.01548821548821549 0.01557239057239057 0.01565656565656566 0.01574074074074074 0.01582491582491583 0.01590909090909091 0.01599326599326599 0.01607744107744108 0.01616161616161616 0.01624579124579124 0.01632996632996633 0.01641414141414142 0.0164983164983165 0.01658249158249158 0.01666666666666667


# name: y
# type: matrix
# rows: 100
# columns: 1
 405670.7824605007
 401654.1798914645
 398097.5139309452
 394957.6497652321
 392194.5604939264
 389771.1741164012
 387653.2243814779
 385809.105500314
 384209.7307224582
 382828.3947751223
 381640.6401656491
 380624.1273471783
 379758.5087474982
 379025.3066611208
 378407.7950045132
 377890.8849345657
 377461.0143302463
 377106.041137432
 376815.1405769649
 376578.7062158913
 376388.2549019005
 376236.3355609622
 376116.4418581603
 376022.9287217247
 375950.9327302593
 375896.2963631694
 375855.4961142842
 375825.5744686781
 375804.075742689
 375788.9857871338
 375778.6755537216
 375771.8485246636
 375767.4920054812
 375764.8322810107
 375763.2936346063
 375762.4612305391
 375762.0478595949
 375761.8645478681
 375761.7950287542
 375761.7740781382
 375761.7697127822
 375761.7692519083
 375761.7692419805
 375761.7692446832
 375761.7694880972
 375761.7723810731
 375761.7878908018
 375761.842783583
 375761.9937287902
 375762.3442660339
 375763.0656355215
 375764.4214716147
 375766.796359585
 375770.7282555651
 375776.9447696991
 375786.4033124893
 375800.3351043405
 375820.2930483015
 375848.2034660046
 375886.4216968013
 375937.7915600968
 376005.7086808807
 376094.1876784553
 376207.9332183625
 376352.4149275046
 376533.9461724678
 376759.766701039
 377038.1291469191
 377378.3893976393
 377791.1008256668
 378288.1123827176
 378882.6705572554
 379589.5251951986
 380425.0391838138
 381407.3019988193
 382556.2471146788
 383893.7732780833
 385443.8696446499
 387232.7447788102
 389288.9595168877
 391643.5636933683
 394330.2367303997
 397385.4320904605
 400848.5255922226
 404761.9675896394
 409171.4390141961
 414126.0112803737
 419678.3100543309
 425884.6828857368
 432805.3707029027
 440504.6831708829
 449051.1779131248
 458517.8435959143
 468982.2868763837
 480526.9232134933
 493239.1715422448
 507211.6528112306
 522542.3923830509
 539335.026298426
 557699.0114029559


# name: QUERY
# type: sq_string
# elements: 1
# length: 2
R1


# name: DATASIZE
# type: sq_string
# elements: 1
# length: 4
1000


