# Created by Octave 4.0.0, Mon May 23 13:36:09 2016 CEST <peter@Independence>
# name: x
# type: matrix
# rows: 1
# columns: 100
 0.008333333333333333 0.008417508417508417 0.008501683501683501 0.008585858585858586 0.00867003367003367 0.008754208754208754 0.008838383838383838 0.008922558922558922 0.009006734006734006 0.00909090909090909 0.009175084175084175 0.009259259259259259 0.009343434343434343 0.009427609427609427 0.009511784511784511 0.009595959595959595 0.009680134680134679 0.009764309764309764 0.009848484848484848 0.009932659932659932 0.01001683501683502 0.0101010101010101 0.01018518518518518 0.01026936026936027 0.01035353535353535 0.01043771043771044 0.01052188552188552 0.0106060606060606 0.01069023569023569 0.01077441077441077 0.01085858585858586 0.01094276094276094 0.01102693602693603 0.01111111111111111 0.0111952861952862 0.01127946127946128 0.01136363636363636 0.01144781144781145 0.01153198653198653 0.01161616161616161 0.0117003367003367 0.01178451178451178 0.01186868686868687 0.01195286195286195 0.01203703703703704 0.01212121212121212 0.01220538720538721 0.01228956228956229 0.01237373737373737 0.01245791245791246 0.01254208754208754 0.01262626262626263 0.01271043771043771 0.01279461279461279 0.01287878787878788 0.01296296296296296 0.01304713804713805 0.01313131313131313 0.01321548821548822 0.0132996632996633 0.01338383838383838 0.01346801346801347 0.01355218855218855 0.01363636363636364 0.01372053872053872 0.0138047138047138 0.01388888888888889 0.01397306397306397 0.01405723905723906 0.01414141414141414 0.01422558922558922 0.01430976430976431 0.01439393939393939 0.01447811447811448 0.01456228956228956 0.01464646464646465 0.01473063973063973 0.01481481481481481 0.0148989898989899 0.01498316498316498 0.01506734006734007 0.01515151515151515 0.01523569023569023 0.01531986531986532 0.0154040404040404 0.01548821548821549 0.01557239057239057 0.01565656565656566 0.01574074074074074 0.01582491582491583 0.01590909090909091 0.01599326599326599 0.01607744107744108 0.01616161616161616 0.01624579124579124 0.01632996632996633 0.01641414141414141 0.0164983164983165 0.01658249158249158 0.01666666666666667


# name: y
# type: matrix
# rows: 100
# columns: 1
 428580.7559286958
 423067.5320905576
 417935.6132616939
 413166.9992002174
 408744.124909188
 404649.8606366081
 400867.5118754251
 397380.8193635278
 394173.9590837512
 391231.5422638733
 388538.6153766169
 386080.6601396481
 383843.5935155769
 381813.767711957
 379977.9701812866
 378323.4236210078
 376837.7859735063
 375509.1504261118
 374326.045411098
 373277.4346056827
 372352.7169320275
 371541.7265572379
 370834.7328933632
 370222.4405973969
 369695.9895712763
 369246.9549618828
 368867.3471610415
 368549.6118055214
 368286.6297770358
 368071.7172022416
 367898.6254527398
 367761.5411450752
 367655.0861407367
 367574.317546157
 367514.7277127128
 367472.2442367247
 367443.2299594572
 367424.482967119
 367413.2365908624
 367407.1594067837
 367404.3552359233
 367403.3631442654
 367403.1574427382
 367403.1476872138
 367403.1786785082
 367403.5304623814
 367404.9183295374
 367408.4928156239
 367415.8397012328
 367428.9800118998
 367450.3700181045
 367482.9012352706
 367529.9004237655
 367595.1295889008
 367682.7859809318
 367797.5020950579
 367944.3456714223
 368128.8196951123
 368356.862396159
 368634.8472495374
 368969.5829751666
 369368.3135379096
 369838.7181475732
 370388.9112589083
 371027.4425716095
 371763.2970303157
 372605.8948246095
 373565.0913890171
 374651.1774030096
 375874.8787910009
 377247.3567223498
 378780.2076113582
 380485.4631172727
 382375.5901442834
 384463.490841524
 386762.5026030734
 389286.3980679528
 392049.3851201282
 395066.1068885102
 398351.6417469514
 401921.5033142504
 405791.6404541489
 409978.4372753325
 414498.7131314305
 419369.7226210152
 424609.1555876062
 430235.1371196642
 436266.2275505924
 442721.4224587442
 449620.1526674082
 456982.2842448229
 464828.118504172
 473178.3920035772
 482054.2765461091
 491477.3791797794
 501469.7421975461
 512053.8431373076
 523252.5947819117
 535089.345159146
 547587.8775417435


# name: QUERY
# type: sq_string
# elements: 1
# length: 2
R1


# name: DATASIZE
# type: sq_string
# elements: 1
# length: 4
1000


