# Created by Octave 4.0.0, Wed May 11 16:46:33 2016 CEST <peter@Independence>
# name: y
# type: matrix
# rows: 100
# columns: 1
 22926.89619223375
 23034.59629193555
 23142.29639163727
 23249.99649133893
 23357.69659104056
 23465.39669074236
 23573.09679044409
 23680.79689014581
 23788.49698984756
 23896.19708954931
 24003.897189251
 24111.59728895278
 24219.29738865445
 24326.9974883563
 24434.69758805792
 24542.39768775966
 24650.0977874614
 24757.7978871631
 24865.49798686489
 24973.19808656654
 25080.89818626825
 25188.59828597
 25296.29838567175
 25403.9984853735
 25511.6985850752
 25619.39868477693
 25727.09878447866
 25834.79888418039
 25942.49898388212
 26050.19908358385
 26157.8991832856
 26265.59928298732
 26373.29938268902
 26480.99948239075
 26588.69958209247
 26696.39968179421
 26804.09978149593
 26911.79988119765
 27019.49998089939
 27127.20008060112
 27234.90018030284
 27342.60028000456
 27450.30037970629
 27558.00047940802
 27665.70057910975
 27773.40067881148
 27881.1007785132
 27988.80087821493
 28096.50097791664
 28204.20107761839
 28311.9011773201
 28419.60127702182
 28527.30137672358
 28635.00147642531
 28742.70157612699
 28850.40167582871
 28958.10177553047
 29065.80187523217
 29173.50197493392
 29281.20207463566
 29388.90217433739
 29496.60227403909
 29604.30237374085
 29712.00247344253
 29819.7025731443
 29927.40267284602
 30035.10277254769
 30142.80287224946
 30250.50297195116
 30358.2030716529
 30465.90317135466
 30573.60327105637
 30681.30337075809
 30789.00347045988
 30896.70357016156
 31004.4036698633
 31112.10376956492
 31219.80386926679
 31327.50396896855
 31435.20406867012
 31542.90416837193
 31650.6042680736
 31758.30436777546
 31866.0044674771
 31973.70456717877
 32081.4046668805
 32189.1047665823
 32296.80486628401
 32404.5049659858
 32512.20506568738
 32619.90516538921
 32727.60526509088
 32835.30536479263
 32943.00546449439
 33050.70556419605
 33158.40566389787
 33266.10576359955
 33373.80586330128
 33481.50596300296
 33589.20606270483


