# Created by Octave 4.0.0, Thu May 19 00:50:16 2016 CEST <peter@Independence>
# name: x
# type: matrix
# rows: 1
# columns: 100
 60 60.60606060606061 61.21212121212122 61.81818181818183 62.42424242424242 63.03030303030303 63.63636363636364 64.24242424242425 64.84848484848484 65.45454545454545 66.06060606060606 66.66666666666667 67.27272727272728 67.87878787878788 68.48484848484848 69.09090909090909 69.6969696969697 70.30303030303031 70.90909090909091 71.51515151515152 72.12121212121212 72.72727272727273 73.33333333333334 73.93939393939394 74.54545454545455 75.15151515151516 75.75757575757576 76.36363636363637 76.96969696969697 77.57575757575758 78.18181818181819 78.7878787878788 79.39393939393941 80 80.60606060606061 81.21212121212122 81.81818181818183 82.42424242424244 83.03030303030303 83.63636363636364 84.24242424242425 84.84848484848484 85.45454545454545 86.06060606060606 86.66666666666667 87.27272727272728 87.87878787878789 88.48484848484848 89.09090909090909 89.6969696969697 90.30303030303031 90.90909090909092 91.51515151515152 92.12121212121212 92.72727272727273 93.33333333333334 93.93939393939394 94.54545454545455 95.15151515151516 95.75757575757576 96.36363636363637 96.96969696969697 97.57575757575758 98.18181818181819 98.7878787878788 99.39393939393941 100 100.6060606060606 101.2121212121212 101.8181818181818 102.4242424242424 103.030303030303 103.6363636363636 104.2424242424242 104.8484848484849 105.4545454545455 106.0606060606061 106.6666666666667 107.2727272727273 107.8787878787879 108.4848484848485 109.0909090909091 109.6969696969697 110.3030303030303 110.9090909090909 111.5151515151515 112.1212121212121 112.7272727272727 113.3333333333333 113.939393939394 114.5454545454546 115.1515151515152 115.7575757575758 116.3636363636364 116.969696969697 117.5757575757576 118.1818181818182 118.7878787878788 119.3939393939394 120


# name: y
# type: matrix
# rows: 100
# columns: 1
 685017.6351365207
 683800.5558958248
 682539.1362804722
 681233.9900189801
 679885.758619621
 678495.1107829969
 677062.7417878602
 675589.3728510558
 674075.7504624769
 672522.6456959731
 670930.8534971776
 669301.1919492411
 667634.5015174974
 665931.64427411
 664193.5031037632
 662420.9808914956
 660614.9996937825
 658776.4998939976
 656906.4393433974
 655005.7924887842
 653075.5494880171
 651116.7153145452
 649130.3088521501
 647117.3619810831
 645078.9186567927
 643016.0339824271
 640929.7732763115
 638821.2111355797
 636691.4304971469
 634541.5216971936
 632372.5815303294
 630185.7123095895
 627982.0209284024
 625762.6179256574
 623528.6165549798
 621281.1318593044
 619021.2797518183
 616750.1761043238
 614468.9358440436
 612178.6720598745
 609880.495119062
 607575.5117952462
 605264.8244087959
 602949.5299803268
 600630.7193982556
 598309.4766012246
 595986.8777761884
 593663.9905729225
 591341.8733356869
 589021.5743527275
 586704.1311242828
 584390.5696497044
 582081.9037342848
 579779.1343163335
 577483.2488150084
 575195.2204993849
 572916.0078791805
 570646.5541175468
 568387.7864662765
 566140.6157237536
 563905.9357159245
 561684.6228005392
 559477.5353948756
 557285.5135271101
 555109.3784114827
 552949.9320473508
 550807.9568421975
 548684.2152586326
 546579.4494853775
 544494.381132204
 542429.7109487563
 540386.1185671623
 538364.2622682994
 536364.7787715629
 534388.2830479451
 532435.3681562104
 530506.6051019286
 528602.5427190938
 526723.7075740439
 524870.6038913559
 523043.7135013911
 521243.4958091195
 519470.3877838535
 517724.8039694863
 516007.1365148235
 514317.7552235721
 512657.0076235387
 511025.2190545768
 509422.6927748033
 507849.7100845991
 506306.5304678918
 504793.391750213
 503310.5102730118
 501858.0810836965
 500436.2781408767
 499045.2545342605
 497685.1427186717
 496356.0547616329
 495058.0826039705
 493791.29833289


# name: TRAIN_QUERIES
# type: cell
# rows: 1
# columns: 1
# name: <cell-element>
# type: sq_string
# elements: 1
# length: 2
R4





# name: TEST_QUERIES
# type: cell
# rows: 1
# columns: 1
# name: <cell-element>
# type: sq_string
# elements: 1
# length: 2
R3





