# Created by Octave 4.0.0, Thu May 19 00:50:16 2016 CEST <peter@Independence>
# name: x
# type: matrix
# rows: 1
# columns: 100
 60 60.60606060606061 61.21212121212122 61.81818181818183 62.42424242424242 63.03030303030303 63.63636363636364 64.24242424242425 64.84848484848484 65.45454545454545 66.06060606060606 66.66666666666667 67.27272727272728 67.87878787878788 68.48484848484848 69.09090909090909 69.6969696969697 70.30303030303031 70.90909090909091 71.51515151515152 72.12121212121212 72.72727272727273 73.33333333333334 73.93939393939394 74.54545454545455 75.15151515151516 75.75757575757576 76.36363636363637 76.96969696969697 77.57575757575758 78.18181818181819 78.7878787878788 79.39393939393941 80 80.60606060606061 81.21212121212122 81.81818181818183 82.42424242424244 83.03030303030303 83.63636363636364 84.24242424242425 84.84848484848484 85.45454545454545 86.06060606060606 86.66666666666667 87.27272727272728 87.87878787878789 88.48484848484848 89.09090909090909 89.6969696969697 90.30303030303031 90.90909090909092 91.51515151515152 92.12121212121212 92.72727272727273 93.33333333333334 93.93939393939394 94.54545454545455 95.15151515151516 95.75757575757576 96.36363636363637 96.96969696969697 97.57575757575758 98.18181818181819 98.7878787878788 99.39393939393941 100 100.6060606060606 101.2121212121212 101.8181818181818 102.4242424242424 103.030303030303 103.6363636363636 104.2424242424242 104.8484848484849 105.4545454545455 106.0606060606061 106.6666666666667 107.2727272727273 107.8787878787879 108.4848484848485 109.0909090909091 109.6969696969697 110.3030303030303 110.9090909090909 111.5151515151515 112.1212121212121 112.7272727272727 113.3333333333333 113.939393939394 114.5454545454546 115.1515151515152 115.7575757575758 116.3636363636364 116.969696969697 117.5757575757576 118.1818181818182 118.7878787878788 119.3939393939394 120


# name: y
# type: matrix
# rows: 1
# columns: 100
 613986.8737792294 613843.1840847821 613699.4943903348 613555.8046958876 613412.1150014404 613268.4253069932 613124.7356125459 612981.0459180987 612837.3562236514 612693.6665292041 612549.9768347569 612406.2871403097 612262.5974458625 612118.9077514152 611975.2180569679 611831.5283625207 611687.8386680734 611544.1489736262 611400.459279179 611256.7695847318 611113.0798902845 610969.3901958372 610825.70050139 610682.0108069427 610538.3211124955 610394.6314180483 610250.9417236011 610107.2520291538 609963.5623347065 609819.8726402593 609676.1829458121 609532.4932513648 609388.8035569176 609245.1138624704 609101.424168023 608957.7344735758 608814.0447791286 608670.3550846814 608526.6653902341 608382.9756957869 608239.2860013397 608095.5963068923 607951.9066124451 607808.2169179979 607664.5272235507 607520.8375291034 607377.1478346562 607233.458140209 607089.7684457618 606946.0787513144 606802.3890568672 606658.69936242 606515.0096679727 606371.3199735255 606227.6302790783 606083.9405846311 605940.2508901837 605796.5611957365 605652.8715012893 605509.181806842 605365.4921123948 605221.8024179476 605078.1127235004 604934.423029053 604790.7333346058 604647.0436401586 604503.3539457114 604359.6642512641 604215.9745568169 604072.2848623696 603928.5951679223 603784.9054734751 603641.2157790279 603497.5260845807 603353.8363901334 603210.1466956862 603066.4570012389 602922.7673067916 602779.0776123444 602635.3879178972 602491.69822345 602348.0085290027 602204.3188345555 602060.6291401082 601916.9394456609 601773.2497512137 601629.5600567665 601485.8703623193 601342.180667872 601198.4909734247 601054.8012789775 600911.1115845303 600767.421890083 600623.7321956358 600480.0425011886 600336.3528067413 600192.663112294 600048.9734178468 599905.2837233996 599761.5940289523


# name: TRAIN_QUERIES
# type: cell
# rows: 1
# columns: 1
# name: <cell-element>
# type: sq_string
# elements: 1
# length: 2
R4





# name: TEST_QUERIES
# type: cell
# rows: 1
# columns: 1
# name: <cell-element>
# type: sq_string
# elements: 1
# length: 2
R3





