# Created by Octave 4.0.0, Thu May 19 00:50:16 2016 CEST <peter@Independence>
# name: x
# type: matrix
# rows: 1
# columns: 100
 60 60.60606060606061 61.21212121212122 61.81818181818183 62.42424242424242 63.03030303030303 63.63636363636364 64.24242424242425 64.84848484848484 65.45454545454545 66.06060606060606 66.66666666666667 67.27272727272728 67.87878787878788 68.48484848484848 69.09090909090909 69.6969696969697 70.30303030303031 70.90909090909091 71.51515151515152 72.12121212121212 72.72727272727273 73.33333333333334 73.93939393939394 74.54545454545455 75.15151515151516 75.75757575757576 76.36363636363637 76.96969696969697 77.57575757575758 78.18181818181819 78.7878787878788 79.39393939393941 80 80.60606060606061 81.21212121212122 81.81818181818183 82.42424242424244 83.03030303030303 83.63636363636364 84.24242424242425 84.84848484848484 85.45454545454545 86.06060606060606 86.66666666666667 87.27272727272728 87.87878787878789 88.48484848484848 89.09090909090909 89.6969696969697 90.30303030303031 90.90909090909092 91.51515151515152 92.12121212121212 92.72727272727273 93.33333333333334 93.93939393939394 94.54545454545455 95.15151515151516 95.75757575757576 96.36363636363637 96.96969696969697 97.57575757575758 98.18181818181819 98.7878787878788 99.39393939393941 100 100.6060606060606 101.2121212121212 101.8181818181818 102.4242424242424 103.030303030303 103.6363636363636 104.2424242424242 104.8484848484849 105.4545454545455 106.0606060606061 106.6666666666667 107.2727272727273 107.8787878787879 108.4848484848485 109.0909090909091 109.6969696969697 110.3030303030303 110.9090909090909 111.5151515151515 112.1212121212121 112.7272727272727 113.3333333333333 113.939393939394 114.5454545454546 115.1515151515152 115.7575757575758 116.3636363636364 116.969696969697 117.5757575757576 118.1818181818182 118.7878787878788 119.3939393939394 120


# name: y
# type: matrix
# rows: 100
# columns: 1
 622477.8119764834
 622255.7981268412
 622033.7842771988
 621811.7704275566
 621589.7565779141
 621367.7427282716
 621145.7288786294
 620923.715028987
 620701.7011793446
 620479.6873297025
 620257.6734800597
 620035.6596304174
 619813.6457807752
 619591.6319311326
 619369.6180814904
 619147.6042318478
 618925.5903822056
 618703.5765325631
 618481.562682921
 618259.5488332782
 618037.5349836361
 617815.5211339938
 617593.5072843512
 617371.4934347089
 617149.4795850668
 616927.4657354242
 616705.4518857818
 616483.4380361394
 616261.4241864971
 616039.4103368546
 615817.3964872124
 615595.38263757
 615373.3687879276
 615151.3549382852
 614929.3410886428
 614707.3272390005
 614485.313389358
 614263.2995397158
 614041.2856900734
 613819.271840431
 613597.2579907887
 613375.2441411463
 613153.2302915038
 612931.2164418615
 612709.2025922191
 612487.1887425767
 612265.1748929344
 612043.161043292
 611821.1471936497
 611599.1333440073
 611377.1194943648
 611155.1056447225
 610933.0917950801
 610711.0779454377
 610489.0640957954
 610267.050246153
 610045.0363965107
 609823.0225468684
 609601.0086972259
 609378.9948475835
 609156.9809979411
 608934.9671482989
 608712.9532986565
 608490.9394490139
 608268.9255993717
 608046.9117497292
 607824.8979000869
 607602.8840504446
 607380.8702008021
 607158.8563511597
 606936.8425015174
 606714.8286518751
 606492.8148022329
 606270.8009525901
 606048.7871029479
 605826.7732533057
 605604.759403663
 605382.7455540209
 605160.7317043783
 604938.7178547359
 604716.7040050938
 604494.6901554513
 604272.6763058091
 604050.6624561665
 603828.6486065241
 603606.6347568821
 603384.6209072394
 603162.6070575971
 602940.5932079545
 602718.5793583123
 602496.5655086698
 602274.5516590271
 602052.537809385
 601830.5239597429
 601608.5101101003
 601386.4962604581
 601164.482410816
 600942.4685611733
 600720.4547115311
 600498.4408618887


# name: TRAIN_QUERIES
# type: cell
# rows: 1
# columns: 1
# name: <cell-element>
# type: sq_string
# elements: 1
# length: 2
R4





# name: TEST_QUERIES
# type: cell
# rows: 1
# columns: 1
# name: <cell-element>
# type: sq_string
# elements: 1
# length: 2
R3





