# Created by Octave 4.0.0, Thu May 19 00:50:16 2016 CEST <peter@Independence>
# name: x
# type: matrix
# rows: 1
# columns: 100
 60 60.60606060606061 61.21212121212122 61.81818181818183 62.42424242424242 63.03030303030303 63.63636363636364 64.24242424242425 64.84848484848484 65.45454545454545 66.06060606060606 66.66666666666667 67.27272727272728 67.87878787878788 68.48484848484848 69.09090909090909 69.6969696969697 70.30303030303031 70.90909090909091 71.51515151515152 72.12121212121212 72.72727272727273 73.33333333333334 73.93939393939394 74.54545454545455 75.15151515151516 75.75757575757576 76.36363636363637 76.96969696969697 77.57575757575758 78.18181818181819 78.7878787878788 79.39393939393941 80 80.60606060606061 81.21212121212122 81.81818181818183 82.42424242424244 83.03030303030303 83.63636363636364 84.24242424242425 84.84848484848484 85.45454545454545 86.06060606060606 86.66666666666667 87.27272727272728 87.87878787878789 88.48484848484848 89.09090909090909 89.6969696969697 90.30303030303031 90.90909090909092 91.51515151515152 92.12121212121212 92.72727272727273 93.33333333333334 93.93939393939394 94.54545454545455 95.15151515151516 95.75757575757576 96.36363636363637 96.96969696969697 97.57575757575758 98.18181818181819 98.7878787878788 99.39393939393941 100 100.6060606060606 101.2121212121212 101.8181818181818 102.4242424242424 103.030303030303 103.6363636363636 104.2424242424242 104.8484848484849 105.4545454545455 106.0606060606061 106.6666666666667 107.2727272727273 107.8787878787879 108.4848484848485 109.0909090909091 109.6969696969697 110.3030303030303 110.9090909090909 111.5151515151515 112.1212121212121 112.7272727272727 113.3333333333333 113.939393939394 114.5454545454546 115.1515151515152 115.7575757575758 116.3636363636364 116.969696969697 117.5757575757576 118.1818181818182 118.7878787878788 119.3939393939394 120


# name: y
# type: matrix
# rows: 100
# columns: 1
 526359.8616915689
 526143.7210371729
 525950.7181098657
 525778.8274888275
 525626.1597434699
 525490.9552051021
 525371.5778846153
 525266.5095361848
 525174.343866991
 525093.7808929564
 525023.6214405032
 524962.7617943259
 524910.1884911844
 524864.9732597133
 524826.2681062501
 524793.3005466807
 524765.3689843032
 524741.8382337098
 524722.1351906857
 524705.7446481277
 524692.2052579784
 524681.1056391803
 524672.0806316471
 524664.8076962528
 524659.0034608387
 524654.4204122385
 524650.8437343215
 524648.0882920537
 524645.9957615762
 524644.4319063025
 524643.2839990326
 524642.4583900865
 524641.8782214543
 524641.4812869646
 524641.2180384714
 524641.0497380581
 524640.9467562601
 524640.8870163049
 524640.8545843703
 524640.8384058606
 524640.8311877006
 524640.8284266475
 524640.8275836209
 524640.8274040507
 524640.8273842427
 524640.8273837622
 524640.8273838363
 524640.8273917724
 524640.8274913968
 524640.8280395091
 524640.8300083565
 524640.8354741242
 524640.8482514452
 524640.8746739274
 524640.9245206986
 524641.012088969
 524641.157412613
 524641.3876267679
 524641.7384784496
 524642.2559831893
 524642.9982276841
 524644.037318469
 524645.4614766049
 524647.3772783851
 524649.9120420596
 524653.2163605776
 524657.4667803477
 524662.8686260161
 524669.658971262
 524678.1097556131
 524688.5310472762
 524701.2744519878
 524716.7366678817
 524735.3631863748
 524757.6521390707
 524784.1582906817
 524815.4971779676
 524852.3493946941
 524895.4650226075
 524945.6682084282
 525003.8618868622
 525071.0326496303
 525148.2557605149
 525236.7003164251
 525337.6345544801
 525452.43130511
 525582.5735911741
 525729.6603730984
 525895.4124400301
 526081.6784470101
 526290.4410981635
 526523.8234759083
 526784.095516182
 527073.6806296858
 527395.1624691464
 527751.2918425973
 528144.9937726761
 528579.3747019407
 529057.7298442038
 529583.5506818843


# name: TRAIN_QUERIES
# type: cell
# rows: 1
# columns: 1
# name: <cell-element>
# type: sq_string
# elements: 1
# length: 2
R4





# name: TEST_QUERIES
# type: cell
# rows: 1
# columns: 1
# name: <cell-element>
# type: sq_string
# elements: 1
# length: 2
R3





