# Created by Octave 4.0.0, Thu May 19 00:50:16 2016 CEST <peter@Independence>
# name: x
# type: matrix
# rows: 1
# columns: 100
 60 60.60606060606061 61.21212121212122 61.81818181818183 62.42424242424242 63.03030303030303 63.63636363636364 64.24242424242425 64.84848484848484 65.45454545454545 66.06060606060606 66.66666666666667 67.27272727272728 67.87878787878788 68.48484848484848 69.09090909090909 69.6969696969697 70.30303030303031 70.90909090909091 71.51515151515152 72.12121212121212 72.72727272727273 73.33333333333334 73.93939393939394 74.54545454545455 75.15151515151516 75.75757575757576 76.36363636363637 76.96969696969697 77.57575757575758 78.18181818181819 78.7878787878788 79.39393939393941 80 80.60606060606061 81.21212121212122 81.81818181818183 82.42424242424244 83.03030303030303 83.63636363636364 84.24242424242425 84.84848484848484 85.45454545454545 86.06060606060606 86.66666666666667 87.27272727272728 87.87878787878789 88.48484848484848 89.09090909090909 89.6969696969697 90.30303030303031 90.90909090909092 91.51515151515152 92.12121212121212 92.72727272727273 93.33333333333334 93.93939393939394 94.54545454545455 95.15151515151516 95.75757575757576 96.36363636363637 96.96969696969697 97.57575757575758 98.18181818181819 98.7878787878788 99.39393939393941 100 100.6060606060606 101.2121212121212 101.8181818181818 102.4242424242424 103.030303030303 103.6363636363636 104.2424242424242 104.8484848484849 105.4545454545455 106.0606060606061 106.6666666666667 107.2727272727273 107.8787878787879 108.4848484848485 109.0909090909091 109.6969696969697 110.3030303030303 110.9090909090909 111.5151515151515 112.1212121212121 112.7272727272727 113.3333333333333 113.939393939394 114.5454545454546 115.1515151515152 115.7575757575758 116.3636363636364 116.969696969697 117.5757575757576 118.1818181818182 118.7878787878788 119.3939393939394 120


# name: y
# type: matrix
# rows: 100
# columns: 1
 522877.7404820832
 521870.0866042874
 520928.6191329397
 520050.3743289419
 519232.4563438752
 518472.0372199996
 517766.3568902547
 517112.7231782591
 516508.5117983109
 515951.1663553871
 515438.1983451443
 514967.187153918
 514535.7800587231
 514141.6922272538
 513782.7067178834
 513456.6744796644
 513161.5143523286
 512895.2130662872
 512655.8252426304
 512441.4733931277
 512250.3479202279
 512080.7071170589
 511930.877167428
 511799.2521458216
 511684.2940174053
 511584.5326380241
 511498.5657542022
 511425.0590031429
 511362.7459127289
 511310.427901522
 511266.9742787632
 511231.3222443729
 511202.4768889507
 511179.5111937753
 511161.5660308048
 511147.8501626764
 511137.6402427065
 511130.2808148909
 511125.1843139047
 511121.8310651018
 511119.7692845158
 511118.6150788594
 511118.0524455243
 511117.8332725818
 511117.7773387822
 511117.772313555
 511117.7737570091
 511117.8051199326
 511117.9577437927
 511118.390860736
 511119.3315935882
 511121.0749558543
 511123.9838517185
 511128.4890760444
 511135.0893143745
 511144.3511429309
 511156.9090286145
 511173.465329006
 511194.7902923648
 511221.72205763
 511255.1666544194
 511296.0980030305
 511345.5579144398
 511404.6560903031
 511474.5701229555
 511556.5454954113
 511651.8955813638
 511762.0016451859
 511888.3128419294
 512032.3462173257
 512195.6867077851
 512379.9871403973
 512586.9682329312
 512818.4185938349
 513076.1947222357
 513362.2210079404
 513678.4897314347
 514027.0610638837
 514410.0630671316
 514829.6916937021
 515288.2107867978
 515787.9520803008
 516331.3151987724
 516920.7676574529
 517558.8448622621
 518248.150109799
 518991.3545873416
 519791.1973728475
 520650.4854349531
 521572.0936329745
 522558.9647169067
 523614.109327424
 524740.60599588
 525941.6011443075
 527220.3090854186
 528580.0120226045
 530024.0600499357
 531555.8711521621
 533178.9312047124
 534896.793973695


# name: TRAIN_QUERIES
# type: cell
# rows: 1
# columns: 1
# name: <cell-element>
# type: sq_string
# elements: 1
# length: 2
R4





# name: TEST_QUERIES
# type: cell
# rows: 1
# columns: 1
# name: <cell-element>
# type: sq_string
# elements: 1
# length: 2
R3





