# Created by Octave 4.0.0, Thu May 19 00:50:16 2016 CEST <peter@Independence>
# name: x
# type: matrix
# rows: 1
# columns: 100
 60 60.60606060606061 61.21212121212122 61.81818181818183 62.42424242424242 63.03030303030303 63.63636363636364 64.24242424242425 64.84848484848484 65.45454545454545 66.06060606060606 66.66666666666667 67.27272727272728 67.87878787878788 68.48484848484848 69.09090909090909 69.6969696969697 70.30303030303031 70.90909090909091 71.51515151515152 72.12121212121212 72.72727272727273 73.33333333333334 73.93939393939394 74.54545454545455 75.15151515151516 75.75757575757576 76.36363636363637 76.96969696969697 77.57575757575758 78.18181818181819 78.7878787878788 79.39393939393941 80 80.60606060606061 81.21212121212122 81.81818181818183 82.42424242424244 83.03030303030303 83.63636363636364 84.24242424242425 84.84848484848484 85.45454545454545 86.06060606060606 86.66666666666667 87.27272727272728 87.87878787878789 88.48484848484848 89.09090909090909 89.6969696969697 90.30303030303031 90.90909090909092 91.51515151515152 92.12121212121212 92.72727272727273 93.33333333333334 93.93939393939394 94.54545454545455 95.15151515151516 95.75757575757576 96.36363636363637 96.96969696969697 97.57575757575758 98.18181818181819 98.7878787878788 99.39393939393941 100 100.6060606060606 101.2121212121212 101.8181818181818 102.4242424242424 103.030303030303 103.6363636363636 104.2424242424242 104.8484848484849 105.4545454545455 106.0606060606061 106.6666666666667 107.2727272727273 107.8787878787879 108.4848484848485 109.0909090909091 109.6969696969697 110.3030303030303 110.9090909090909 111.5151515151515 112.1212121212121 112.7272727272727 113.3333333333333 113.939393939394 114.5454545454546 115.1515151515152 115.7575757575758 116.3636363636364 116.969696969697 117.5757575757576 118.1818181818182 118.7878787878788 119.3939393939394 120


# name: y
# type: matrix
# rows: 100
# columns: 1
 596572.5608019087
 595096.6900994093
 593653.8702216508
 592244.1011686331
 590867.382940356
 589523.7155368204
 588213.098958025
 586935.5332039703
 585691.0182746567
 584479.5541700837
 583301.1408902513
 582155.7784351599
 581043.4668048093
 579964.2059991995
 578917.9960183303
 577904.8368622019
 576924.7285308146
 575977.6710241677
 575063.6643422619
 574182.7084850968
 573334.8034526723
 572519.9492449887
 571738.1458620459
 570989.393303844
 570273.6915703828
 569591.0406616624
 568941.4405776827
 568324.8913184438
 567741.3928839457
 567190.9452741884
 566673.5484891719
 566189.2025288963
 565737.9073933612
 565319.663082567
 564934.4695965137
 564582.3269352011
 564263.2350986293
 563977.1940867982
 563724.203899708
 563504.2645373585
 563317.3759997499
 563163.538286882
 563042.7513987549
 562955.0153353686
 562900.330096723
 562878.6956828183
 562890.1120936543
 562934.5793292312
 563012.0973895488
 563122.6662746072
 563266.2859844062
 563442.9565189462
 563652.677878227
 563895.4500622485
 564171.2730710108
 564480.1469045139
 564822.0715627578
 565197.0470457424
 565605.0733534679
 566046.1504859341
 566520.2784431411
 567027.457225089
 567567.6868317774
 568140.967263207
 568747.298519377
 569386.6806002881
 570059.1135059397
 570764.5972363324
 571503.1317914656
 572274.7171713397
 573079.3533759544
 573917.0404053101
 574787.7782594066
 575691.5669382438
 576628.4064418216
 577598.2967701405
 578601.2379232001
 579637.2299010005
 580706.2727035417
 581808.3663308235
 582943.5107828461
 584111.7060596097
 585312.9521611143
 586547.2490873593
 587814.5968383452
 589114.9954140713
 590448.4448145387
 591814.9450397472
 593214.4960896963
 594647.0979643855
 596112.7506638166
 597611.4541879881
 599143.2085368998
 600708.0137105532
 602305.869708947
 603936.7765320808
 605600.7341799556
 607297.7426525719
 609027.8019499291
 610790.9120720266


# name: TRAIN_QUERIES
# type: cell
# rows: 1
# columns: 1
# name: <cell-element>
# type: sq_string
# elements: 1
# length: 2
R4





# name: TEST_QUERIES
# type: cell
# rows: 1
# columns: 1
# name: <cell-element>
# type: sq_string
# elements: 1
# length: 2
R3





