# Created by Octave 4.0.0, Thu May 19 00:50:16 2016 CEST <peter@Independence>
# name: x
# type: matrix
# rows: 1
# columns: 100
 60 60.60606060606061 61.21212121212122 61.81818181818183 62.42424242424242 63.03030303030303 63.63636363636364 64.24242424242425 64.84848484848484 65.45454545454545 66.06060606060606 66.66666666666667 67.27272727272728 67.87878787878788 68.48484848484848 69.09090909090909 69.6969696969697 70.30303030303031 70.90909090909091 71.51515151515152 72.12121212121212 72.72727272727273 73.33333333333334 73.93939393939394 74.54545454545455 75.15151515151516 75.75757575757576 76.36363636363637 76.96969696969697 77.57575757575758 78.18181818181819 78.7878787878788 79.39393939393941 80 80.60606060606061 81.21212121212122 81.81818181818183 82.42424242424244 83.03030303030303 83.63636363636364 84.24242424242425 84.84848484848484 85.45454545454545 86.06060606060606 86.66666666666667 87.27272727272728 87.87878787878789 88.48484848484848 89.09090909090909 89.6969696969697 90.30303030303031 90.90909090909092 91.51515151515152 92.12121212121212 92.72727272727273 93.33333333333334 93.93939393939394 94.54545454545455 95.15151515151516 95.75757575757576 96.36363636363637 96.96969696969697 97.57575757575758 98.18181818181819 98.7878787878788 99.39393939393941 100 100.6060606060606 101.2121212121212 101.8181818181818 102.4242424242424 103.030303030303 103.6363636363636 104.2424242424242 104.8484848484849 105.4545454545455 106.0606060606061 106.6666666666667 107.2727272727273 107.8787878787879 108.4848484848485 109.0909090909091 109.6969696969697 110.3030303030303 110.9090909090909 111.5151515151515 112.1212121212121 112.7272727272727 113.3333333333333 113.939393939394 114.5454545454546 115.1515151515152 115.7575757575758 116.3636363636364 116.969696969697 117.5757575757576 118.1818181818182 118.7878787878788 119.3939393939394 120


# name: y
# type: matrix
# rows: 100
# columns: 1
 575036.5076822332
 573391.8497334579
 571820.0252835033
 570319.3848206187
 568888.2788330526
 567525.0578090545
 566228.0722368732
 564995.6726047578
 563826.2094009575
 562718.0331137211
 561669.4942312976
 560678.9432419363
 559744.7306338859
 558865.2068953958
 558038.7225147148
 557263.627980092
 556538.2737797764
 555861.0104020172
 555230.1883350632
 554644.1580671635
 554101.2700865672
 553599.8748815233
 553138.3229402809
 552714.9647510889
 552328.1508021965
 551976.2315818525
 551657.5575783062
 551370.4792798065
 551113.3471746024
 550884.5117509431
 550682.3234970776
 550505.1329012547
 550351.2904517236
 550219.1466367334
 550107.0519445331
 550013.3568633717
 549936.4118814982
 549874.5674871616
 549826.1741686111
 549789.5824140956
 549763.1427118643
 549745.2055501661
 549734.1214172499
 549728.240801365
 549725.9141907603
 549725.4920736849
 549725.3249383878
 549723.7632731181
 549719.1575661246
 549709.8583056566
 549694.215979963
 549670.5810772929
 549637.3040858953
 549592.7354940192
 549535.2257899138
 549463.125461828
 549374.7849980108
 549268.5548867113
 549142.7856161785
 548995.8276746615
 548826.0315504093
 548631.747731671
 548411.3267066955
 548163.1189637318
 547885.4749910291
 547576.7452768364
 547235.2803094027
 546859.4305769771
 546447.5465678086
 545997.9787701461
 545509.0776722388
 544979.1937623358
 544406.6775286859
 543789.8794595383
 543127.1500431419
 542416.8397677459
 541657.2991215993
 540846.8785929511
 539983.9286700503
 539066.799841146
 538093.8425944872
 537063.407418323
 535973.8448009023
 534823.5052304742
 533610.7391952877
 532333.897183592
 530991.3296836361
 529581.3871836688
 528102.4201719393
 526552.7791366967
 524930.8145661899
 523234.876948668
 521463.3167723801
 519614.4845255752
 517686.7306965022
 515678.4057734103
 513587.8602445486
 511413.4445981659
 509153.5093225114
 506806.4049058339


# name: TRAIN_QUERIES
# type: cell
# rows: 1
# columns: 1
# name: <cell-element>
# type: sq_string
# elements: 1
# length: 2
R4





# name: TEST_QUERIES
# type: cell
# rows: 1
# columns: 1
# name: <cell-element>
# type: sq_string
# elements: 1
# length: 2
R3





