# Created by Octave 3.8.2, Mon May 23 11:27:52 2016 CEST <Andrea@Andreas-MacBook-Pro.local>
# name: x
# type: matrix
# rows: 1
# columns: 100
 60 60.60606060606061 61.21212121212122 61.81818181818181 62.42424242424242 63.03030303030303 63.63636363636364 64.24242424242425 64.84848484848484 65.45454545454545 66.06060606060606 66.66666666666667 67.27272727272728 67.87878787878788 68.48484848484848 69.09090909090909 69.6969696969697 70.30303030303031 70.90909090909091 71.51515151515152 72.12121212121212 72.72727272727273 73.33333333333334 73.93939393939394 74.54545454545455 75.15151515151516 75.75757575757575 76.36363636363636 76.96969696969697 77.57575757575758 78.18181818181819 78.78787878787878 79.39393939393939 80 80.60606060606061 81.21212121212122 81.81818181818181 82.42424242424242 83.03030303030303 83.63636363636364 84.24242424242425 84.84848484848484 85.45454545454545 86.06060606060606 86.66666666666667 87.27272727272728 87.87878787878788 88.48484848484848 89.09090909090909 89.6969696969697 90.3030303030303 90.90909090909091 91.51515151515152 92.12121212121212 92.72727272727273 93.33333333333334 93.93939393939394 94.54545454545455 95.15151515151516 95.75757575757576 96.36363636363636 96.96969696969697 97.57575757575758 98.18181818181819 98.78787878787878 99.39393939393939 100 100.6060606060606 101.2121212121212 101.8181818181818 102.4242424242424 103.030303030303 103.6363636363636 104.2424242424242 104.8484848484848 105.4545454545455 106.0606060606061 106.6666666666667 107.2727272727273 107.8787878787879 108.4848484848485 109.0909090909091 109.6969696969697 110.3030303030303 110.9090909090909 111.5151515151515 112.1212121212121 112.7272727272727 113.3333333333333 113.9393939393939 114.5454545454545 115.1515151515152 115.7575757575758 116.3636363636364 116.969696969697 117.5757575757576 118.1818181818182 118.7878787878788 119.3939393939394 120


# name: y
# type: matrix
# rows: 100
# columns: 1
 462390.0631361431
 461714.9622291673
 461027.8884721334
 460329.8373020533
 459621.8138047007
 458904.8312642698
 458179.9096939631
 457448.0743500381
 456710.3542318855
 455967.7805707558
 455221.3853097881
 454472.1995780197
 453721.2521610884
 452969.5679713513
 452218.1665201607
 451468.0603950454
 450720.2537445445
 449975.7407734413
 449235.5042511314
 448500.5140358408
 447771.7256173943
 447050.0786812016
 446336.4956960948
 445631.8805286148
 444937.1170862952
 444253.0679924442
 443580.5732948663
 442920.4492109058
 442273.486911127
 441640.4513438708
 441022.0801028559
 440419.082339904
 439832.1377247884
 439261.8954541112
 438708.9733110171
 438173.9567774586
 437657.3982006183
 437159.8160149924
 436681.6940215252
 436223.4807250777
 435785.5887313922
 435368.3942045982
 434972.2363861889
 434597.4171762699
 434244.2007777608
 433912.8134041057
 433603.4430509206
 433316.23933188
 433051.3133790187
 432808.7378074946
 432588.5467447321
 432390.7359237408
 432215.2628402731
 432062.0469733648
 431930.9700686742
 431821.8764839146
 431734.5735955557
 431668.8322658491
 431624.3873691174
 431600.9383761358
 431598.14999532
 431615.6528693308
 431653.0443256036
 431709.8891792018
 431785.7205863111
 431880.040946585
 431992.3228524755
 432122.0100835909
 432268.5186440508
 432431.2378407277
 432609.5314002014
 432802.7386221837
 433010.1755671157
 433231.1362755828
 433464.8940171464
 433710.7025661495
 433967.7975020126
 434235.3975315081
 434512.7058304736
 434798.9114024026
 435093.1904513409
 435394.707766503
 435702.6181160191
 436016.0676472307
 436334.1952909546
 436656.1341671487
 436981.0129894361
 437307.9574659597
 437636.0916940767
 437964.5395464291
 438292.4260459706
 438618.8787275687
 438943.0289838554
 439264.0133930469
 439580.9750265118
 439893.0647339323
 440199.4424039605
 440499.2781983505
 440791.7537576103
 441076.0633763022


# name: TRAIN_QUERIES
# type: cell
# rows: 1
# columns: 3
# name: <cell-element>
# type: sq_string
# elements: 1
# length: 2
R1



# name: <cell-element>
# type: sq_string
# elements: 1
# length: 2
R2



# name: <cell-element>
# type: sq_string
# elements: 1
# length: 2
R4





# name: TEST_QUERIES
# type: cell
# rows: 1
# columns: 1
# name: <cell-element>
# type: sq_string
# elements: 1
# length: 2
R3





# name: DATASIZE
# type: sq_string
# elements: 1
# length: 3
750


