# Created by Octave 3.8.2, Mon May 23 11:27:52 2016 CEST <Andrea@Andreas-MacBook-Pro.local>
# name: x
# type: matrix
# rows: 1
# columns: 100
 60 60.60606060606061 61.21212121212122 61.81818181818181 62.42424242424242 63.03030303030303 63.63636363636364 64.24242424242425 64.84848484848484 65.45454545454545 66.06060606060606 66.66666666666667 67.27272727272728 67.87878787878788 68.48484848484848 69.09090909090909 69.6969696969697 70.30303030303031 70.90909090909091 71.51515151515152 72.12121212121212 72.72727272727273 73.33333333333334 73.93939393939394 74.54545454545455 75.15151515151516 75.75757575757575 76.36363636363636 76.96969696969697 77.57575757575758 78.18181818181819 78.78787878787878 79.39393939393939 80 80.60606060606061 81.21212121212122 81.81818181818181 82.42424242424242 83.03030303030303 83.63636363636364 84.24242424242425 84.84848484848484 85.45454545454545 86.06060606060606 86.66666666666667 87.27272727272728 87.87878787878788 88.48484848484848 89.09090909090909 89.6969696969697 90.3030303030303 90.90909090909091 91.51515151515152 92.12121212121212 92.72727272727273 93.33333333333334 93.93939393939394 94.54545454545455 95.15151515151516 95.75757575757576 96.36363636363636 96.96969696969697 97.57575757575758 98.18181818181819 98.78787878787878 99.39393939393939 100 100.6060606060606 101.2121212121212 101.8181818181818 102.4242424242424 103.030303030303 103.6363636363636 104.2424242424242 104.8484848484848 105.4545454545455 106.0606060606061 106.6666666666667 107.2727272727273 107.8787878787879 108.4848484848485 109.0909090909091 109.6969696969697 110.3030303030303 110.9090909090909 111.5151515151515 112.1212121212121 112.7272727272727 113.3333333333333 113.9393939393939 114.5454545454545 115.1515151515152 115.7575757575758 116.3636363636364 116.969696969697 117.5757575757576 118.1818181818182 118.7878787878788 119.3939393939394 120


# name: y
# type: matrix
# rows: 1
# columns: 100
 395467.2835593509 395537.7756313588 395608.2677033667 395678.7597753746 395749.2518473825 395819.7439193904 395890.2359913983 395960.7280634062 396031.2201354142 396101.7122074221 396172.20427943 396242.6963514379 396313.1884234458 396383.6804954537 396454.1725674616 396524.6646394695 396595.1567114774 396665.6487834853 396736.1408554933 396806.6329275012 396877.1249995091 396947.617071517 397018.1091435249 397088.6012155328 397159.0932875407 397229.5853595486 397300.0774315565 397370.5695035644 397441.0615755724 397511.5536475803 397582.0457195882 397652.5377915961 397723.0298636041 397793.521935612 397864.0140076199 397934.5060796278 398004.9981516357 398075.4902236436 398145.9822956515 398216.4743676594 398286.9664396673 398357.4585116752 398427.9505836832 398498.4426556911 398568.934727699 398639.4267997069 398709.9188717148 398780.4109437227 398850.9030157306 398921.3950877385 398991.8871597464 399062.3792317543 399132.8713037623 399203.3633757702 399273.8554477781 399344.347519786 399414.8395917939 399485.3316638018 399555.8237358097 399626.3158078176 399696.8078798255 399767.2999518334 399837.7920238413 399908.2840958493 399978.7761678572 400049.2682398651 400119.760311873 400190.252383881 400260.7444558889 400331.2365278968 400401.7285999047 400472.2206719126 400542.7127439205 400613.2048159284 400683.6968879363 400754.1889599442 400824.6810319521 400895.1731039601 400965.665175968 401036.1572479759 401106.6493199838 401177.1413919917 401247.6334639996 401318.1255360075 401388.6176080154 401459.1096800233 401529.6017520312 401600.0938240392 401670.5858960471 401741.077968055 401811.5700400629 401882.0621120708 401952.5541840787 402023.0462560866 402093.5383280945 402164.0304001024 402234.5224721103 402305.0145441183 402375.5066161262 402445.9986881341


# name: TRAIN_QUERIES
# type: cell
# rows: 1
# columns: 3
# name: <cell-element>
# type: sq_string
# elements: 1
# length: 2
R1



# name: <cell-element>
# type: sq_string
# elements: 1
# length: 2
R2



# name: <cell-element>
# type: sq_string
# elements: 1
# length: 2
R4





# name: TEST_QUERIES
# type: cell
# rows: 1
# columns: 1
# name: <cell-element>
# type: sq_string
# elements: 1
# length: 2
R3





# name: DATASIZE
# type: sq_string
# elements: 1
# length: 3
750


