# Created by Octave 3.8.2, Mon May 23 11:27:52 2016 CEST <Andrea@Andreas-MacBook-Pro.local>
# name: x
# type: matrix
# rows: 1
# columns: 100
 60 60.60606060606061 61.21212121212122 61.81818181818181 62.42424242424242 63.03030303030303 63.63636363636364 64.24242424242425 64.84848484848484 65.45454545454545 66.06060606060606 66.66666666666667 67.27272727272728 67.87878787878788 68.48484848484848 69.09090909090909 69.6969696969697 70.30303030303031 70.90909090909091 71.51515151515152 72.12121212121212 72.72727272727273 73.33333333333334 73.93939393939394 74.54545454545455 75.15151515151516 75.75757575757575 76.36363636363636 76.96969696969697 77.57575757575758 78.18181818181819 78.78787878787878 79.39393939393939 80 80.60606060606061 81.21212121212122 81.81818181818181 82.42424242424242 83.03030303030303 83.63636363636364 84.24242424242425 84.84848484848484 85.45454545454545 86.06060606060606 86.66666666666667 87.27272727272728 87.87878787878788 88.48484848484848 89.09090909090909 89.6969696969697 90.3030303030303 90.90909090909091 91.51515151515152 92.12121212121212 92.72727272727273 93.33333333333334 93.93939393939394 94.54545454545455 95.15151515151516 95.75757575757576 96.36363636363636 96.96969696969697 97.57575757575758 98.18181818181819 98.78787878787878 99.39393939393939 100 100.6060606060606 101.2121212121212 101.8181818181818 102.4242424242424 103.030303030303 103.6363636363636 104.2424242424242 104.8484848484848 105.4545454545455 106.0606060606061 106.6666666666667 107.2727272727273 107.8787878787879 108.4848484848485 109.0909090909091 109.6969696969697 110.3030303030303 110.9090909090909 111.5151515151515 112.1212121212121 112.7272727272727 113.3333333333333 113.9393939393939 114.5454545454545 115.1515151515152 115.7575757575758 116.3636363636364 116.969696969697 117.5757575757576 118.1818181818182 118.7878787878788 119.3939393939394 120


# name: y
# type: matrix
# rows: 100
# columns: 1
 399242.6757579618
 399269.2614650926
 399295.8471722237
 399322.4328793547
 399349.0185864856
 399375.6042936166
 399402.1900007476
 399428.7757078784
 399455.3614150095
 399481.9471221406
 399508.5328292713
 399535.1185364023
 399561.7042435334
 399588.2899506643
 399614.8756577953
 399641.4613649263
 399668.0470720572
 399694.6327791882
 399721.2184863192
 399747.8041934501
 399774.3899005811
 399800.9756077121
 399827.561314843
 399854.147021974
 399880.732729105
 399907.3184362359
 399933.9041433669
 399960.4898504979
 399987.0755576289
 400013.6612647598
 400040.2469718908
 400066.8326790218
 400093.4183861527
 400120.0040932837
 400146.5898004146
 400173.1755075456
 400199.7612146765
 400226.3469218076
 400252.9326289385
 400279.5183360695
 400306.1040432005
 400332.6897503314
 400359.2754574624
 400385.8611645934
 400412.4468717243
 400439.0325788553
 400465.6182859862
 400492.2039931172
 400518.7897002482
 400545.3754073792
 400571.9611145101
 400598.5468216411
 400625.1325287721
 400651.718235903
 400678.303943034
 400704.889650165
 400731.4753572959
 400758.0610644269
 400784.6467715579
 400811.2324786888
 400837.8181858198
 400864.4038929507
 400890.9896000818
 400917.5753072127
 400944.1610143437
 400970.7467214746
 400997.3324286056
 401023.9181357366
 401050.5038428676
 401077.0895499985
 401103.6752571295
 401130.2609642605
 401156.8466713915
 401183.4323785224
 401210.0180856534
 401236.6037927843
 401263.1894999153
 401289.7752070462
 401316.3609141773
 401342.9466213082
 401369.5323284392
 401396.1180355701
 401422.7037427012
 401449.289449832
 401475.875156963
 401502.460864094
 401529.046571225
 401555.6322783559
 401582.2179854869
 401608.8036926179
 401635.3893997488
 401661.9751068798
 401688.5608140108
 401715.1465211417
 401741.7322282727
 401768.3179354037
 401794.9036425347
 401821.4893496655
 401848.0750567965
 401874.6607639276


# name: TRAIN_QUERIES
# type: cell
# rows: 1
# columns: 3
# name: <cell-element>
# type: sq_string
# elements: 1
# length: 2
R1



# name: <cell-element>
# type: sq_string
# elements: 1
# length: 2
R2



# name: <cell-element>
# type: sq_string
# elements: 1
# length: 2
R4





# name: TEST_QUERIES
# type: cell
# rows: 1
# columns: 1
# name: <cell-element>
# type: sq_string
# elements: 1
# length: 2
R3





# name: DATASIZE
# type: sq_string
# elements: 1
# length: 3
750


