# Created by Octave 3.8.2, Mon May 23 11:27:44 2016 CEST <Andrea@Andreas-MacBook-Pro.local>
# name: mu
# type: matrix
# rows: 1
# columns: 8
 398942.5141700405 43812.21052631579 78508.00809716599 4158.862348178138 5634.17004048583 34305.34008097166 280587.2186234818 89.87854251012146


# name: sigma
# type: matrix
# rows: 1
# columns: 8
 270212.3818046379 5845.028230944581 11782.89245170257 2160.694618174321 1674.176973941044 4319.801675774147 206536.8230702112 21.55503037465859


