# Created by Octave 3.8.2, Mon May 23 11:27:52 2016 CEST <Andrea@Andreas-MacBook-Pro.local>
# name: x
# type: matrix
# rows: 1
# columns: 100
 60 60.60606060606061 61.21212121212122 61.81818181818181 62.42424242424242 63.03030303030303 63.63636363636364 64.24242424242425 64.84848484848484 65.45454545454545 66.06060606060606 66.66666666666667 67.27272727272728 67.87878787878788 68.48484848484848 69.09090909090909 69.6969696969697 70.30303030303031 70.90909090909091 71.51515151515152 72.12121212121212 72.72727272727273 73.33333333333334 73.93939393939394 74.54545454545455 75.15151515151516 75.75757575757575 76.36363636363636 76.96969696969697 77.57575757575758 78.18181818181819 78.78787878787878 79.39393939393939 80 80.60606060606061 81.21212121212122 81.81818181818181 82.42424242424242 83.03030303030303 83.63636363636364 84.24242424242425 84.84848484848484 85.45454545454545 86.06060606060606 86.66666666666667 87.27272727272728 87.87878787878788 88.48484848484848 89.09090909090909 89.6969696969697 90.3030303030303 90.90909090909091 91.51515151515152 92.12121212121212 92.72727272727273 93.33333333333334 93.93939393939394 94.54545454545455 95.15151515151516 95.75757575757576 96.36363636363636 96.96969696969697 97.57575757575758 98.18181818181819 98.78787878787878 99.39393939393939 100 100.6060606060606 101.2121212121212 101.8181818181818 102.4242424242424 103.030303030303 103.6363636363636 104.2424242424242 104.8484848484848 105.4545454545455 106.0606060606061 106.6666666666667 107.2727272727273 107.8787878787879 108.4848484848485 109.0909090909091 109.6969696969697 110.3030303030303 110.9090909090909 111.5151515151515 112.1212121212121 112.7272727272727 113.3333333333333 113.9393939393939 114.5454545454545 115.1515151515152 115.7575757575758 116.3636363636364 116.969696969697 117.5757575757576 118.1818181818182 118.7878787878788 119.3939393939394 120


# name: y
# type: matrix
# rows: 100
# columns: 1
 552688.2750370915
 552418.6024854607
 552165.1697743301
 551927.3114498127
 551704.3759797688
 551495.7257538061
 551300.7370832795
 551118.8002012915
 550949.3192626918
 550791.7123440774
 550645.411443793
 550509.8624819301
 550384.5253003278
 550268.8736625728
 550162.3952539988
 550064.591681687
 549974.9784744659
 549893.0850829115
 549818.454879347
 549750.6451578429
 549689.2271342172
 549633.7859460351
 549583.9206526093
 549539.2442349999
 549499.383596014
 549463.9795602064
 549432.6868738793
 549405.1742050818
 549381.1241436108
 549360.2332010104
 549342.2118105721
 549326.7843273345
 549313.6890280839
 549302.6781113538
 549293.5176974249
 549285.9878283255
 549279.8824678311
 549275.0095014647
 549271.1907364965
 549268.2619019439
 549266.0726485722
 549264.4865488934
 549263.3810971673
 549262.6477094009
 549262.1917233486
 549261.9323985118
 549261.8029161398
 549261.7503792292
 549261.7358125233
 549261.7341625135
 549261.7342974383
 549261.7390072832
 549261.7650037816
 549261.8429204139
 549262.0173124082
 549262.3466567395
 549262.9033521302
 549263.7737190505
 549265.0579997174
 549266.8703580957
 549269.3388798975
 549272.6055725818
 549276.8263653554
 549282.1711091723
 549288.8235767337
 549296.9814624886
 549306.8563826331
 549318.6738751102
 549332.6733996111
 549349.1083375737
 549368.2459921835
 549390.3675883733
 549415.7682728233
 549444.757113961
 549477.6571019613
 549514.8051487465
 549556.5520879859
 549603.2626750967
 549655.3155872431
 549713.1034233365
 549777.0327040362
 549847.5238717485
 549925.0112906268
 550009.9432465723
 550102.7819472335
 550204.0035220059
 550314.0980220326
 550433.5694202043
 550562.9356111584
 550702.7284112802
 550853.4935587023
 551015.7907133043
 551190.1934567136
 551377.2892923045
 551577.6796451992
 551791.9798622667
 552020.8192121235
 552264.8408851337
 552524.7019934086
 552801.0735708068


# name: TRAIN_QUERIES
# type: cell
# rows: 1
# columns: 3
# name: <cell-element>
# type: sq_string
# elements: 1
# length: 2
R1



# name: <cell-element>
# type: sq_string
# elements: 1
# length: 2
R2



# name: <cell-element>
# type: sq_string
# elements: 1
# length: 2
R4





# name: TEST_QUERIES
# type: cell
# rows: 1
# columns: 1
# name: <cell-element>
# type: sq_string
# elements: 1
# length: 2
R3





# name: DATASIZE
# type: sq_string
# elements: 1
# length: 3
750


