# Created by Octave 3.8.2, Mon May 23 11:27:52 2016 CEST <Andrea@Andreas-MacBook-Pro.local>
# name: x
# type: matrix
# rows: 1
# columns: 100
 60 60.60606060606061 61.21212121212122 61.81818181818181 62.42424242424242 63.03030303030303 63.63636363636364 64.24242424242425 64.84848484848484 65.45454545454545 66.06060606060606 66.66666666666667 67.27272727272728 67.87878787878788 68.48484848484848 69.09090909090909 69.6969696969697 70.30303030303031 70.90909090909091 71.51515151515152 72.12121212121212 72.72727272727273 73.33333333333334 73.93939393939394 74.54545454545455 75.15151515151516 75.75757575757575 76.36363636363636 76.96969696969697 77.57575757575758 78.18181818181819 78.78787878787878 79.39393939393939 80 80.60606060606061 81.21212121212122 81.81818181818181 82.42424242424242 83.03030303030303 83.63636363636364 84.24242424242425 84.84848484848484 85.45454545454545 86.06060606060606 86.66666666666667 87.27272727272728 87.87878787878788 88.48484848484848 89.09090909090909 89.6969696969697 90.3030303030303 90.90909090909091 91.51515151515152 92.12121212121212 92.72727272727273 93.33333333333334 93.93939393939394 94.54545454545455 95.15151515151516 95.75757575757576 96.36363636363636 96.96969696969697 97.57575757575758 98.18181818181819 98.78787878787878 99.39393939393939 100 100.6060606060606 101.2121212121212 101.8181818181818 102.4242424242424 103.030303030303 103.6363636363636 104.2424242424242 104.8484848484848 105.4545454545455 106.0606060606061 106.6666666666667 107.2727272727273 107.8787878787879 108.4848484848485 109.0909090909091 109.6969696969697 110.3030303030303 110.9090909090909 111.5151515151515 112.1212121212121 112.7272727272727 113.3333333333333 113.9393939393939 114.5454545454545 115.1515151515152 115.7575757575758 116.3636363636364 116.969696969697 117.5757575757576 118.1818181818182 118.7878787878788 119.3939393939394 120


# name: y
# type: matrix
# rows: 100
# columns: 1
 537134.2825382752
 537158.5941679303
 537180.5151744392
 537200.237436256
 537217.9410418886
 537233.7947830772
 537247.9566374355
 537260.5742405528
 537271.785347559
 537281.7182841504
 537290.492387078
 537298.2184340982
 537304.9990633844
 537310.9291824012
 537316.0963662398
 537320.581245417
 537324.4578831331
 537327.7941419948
 537330.6520401984
 537333.0880971749
 537335.1536686973
 537336.8952714503
 537338.3548970607
 537339.5703155906
 537340.5753684927
 537341.4002510265
 537342.0717841372
 537342.6136757963
 537343.0467718045
 537343.3892960551
 537343.6570802613
 537343.8637831437
 537344.021099081
 537344.1389562213
 537344.2257040566
 537344.2882904581
 537344.3324281744
 537344.3627507908
 537344.3829581506
 537344.3959512389
 537344.4039565278
 537344.4086397835
 537344.4112093354
 537344.412508807
 537344.4130993094
 537344.413331095
 537344.4134046754
 537344.4134213994
 537344.4134234933
 537344.4134235638
 537344.4134235621
 537344.41342321
 537344.4134178883
 537344.4133859866
 537344.4132657149
 537344.4129213785
 537344.4120991123
 537344.4103720796
 537344.4070751307
 537344.4012289251
 537344.3914535145
 537344.3758713875
 537344.3519999781
 537344.3166336329
 537344.2657150435
 537344.194196139
 537344.09588844
 537343.9633028761
 537343.7874790642
 537343.5578040485
 537343.2618205034
 537342.8850243974
 537342.4106521194
 537341.8194570666
 537341.0894756946
 537340.1957830291
 537339.1102376396
 537337.8012160754
 537336.2333367628
 537334.3671733642
 537332.1589576001
 537329.5602715326
 537326.5177293095
 537322.9726483719
 537318.8607101234
 537314.1116100606
 537308.648697366
 537302.3886039625
 537295.2408630301
 537287.1075169843
 537277.8827149167
 537267.4522994966
 537255.693383336
 537242.4739148149
 537227.6522333699
 537211.0766142434
 537192.5848026962
 537172.0035376805
 537149.1480649753
 537123.8216397846


# name: TRAIN_QUERIES
# type: cell
# rows: 1
# columns: 3
# name: <cell-element>
# type: sq_string
# elements: 1
# length: 2
R1



# name: <cell-element>
# type: sq_string
# elements: 1
# length: 2
R2



# name: <cell-element>
# type: sq_string
# elements: 1
# length: 2
R4





# name: TEST_QUERIES
# type: cell
# rows: 1
# columns: 1
# name: <cell-element>
# type: sq_string
# elements: 1
# length: 2
R3





# name: DATASIZE
# type: sq_string
# elements: 1
# length: 3
750


