# Created by Octave 3.8.2, Mon May 23 11:27:52 2016 CEST <Andrea@Andreas-MacBook-Pro.local>
# name: x
# type: matrix
# rows: 1
# columns: 100
 60 60.60606060606061 61.21212121212122 61.81818181818181 62.42424242424242 63.03030303030303 63.63636363636364 64.24242424242425 64.84848484848484 65.45454545454545 66.06060606060606 66.66666666666667 67.27272727272728 67.87878787878788 68.48484848484848 69.09090909090909 69.6969696969697 70.30303030303031 70.90909090909091 71.51515151515152 72.12121212121212 72.72727272727273 73.33333333333334 73.93939393939394 74.54545454545455 75.15151515151516 75.75757575757575 76.36363636363636 76.96969696969697 77.57575757575758 78.18181818181819 78.78787878787878 79.39393939393939 80 80.60606060606061 81.21212121212122 81.81818181818181 82.42424242424242 83.03030303030303 83.63636363636364 84.24242424242425 84.84848484848484 85.45454545454545 86.06060606060606 86.66666666666667 87.27272727272728 87.87878787878788 88.48484848484848 89.09090909090909 89.6969696969697 90.3030303030303 90.90909090909091 91.51515151515152 92.12121212121212 92.72727272727273 93.33333333333334 93.93939393939394 94.54545454545455 95.15151515151516 95.75757575757576 96.36363636363636 96.96969696969697 97.57575757575758 98.18181818181819 98.78787878787878 99.39393939393939 100 100.6060606060606 101.2121212121212 101.8181818181818 102.4242424242424 103.030303030303 103.6363636363636 104.2424242424242 104.8484848484848 105.4545454545455 106.0606060606061 106.6666666666667 107.2727272727273 107.8787878787879 108.4848484848485 109.0909090909091 109.6969696969697 110.3030303030303 110.9090909090909 111.5151515151515 112.1212121212121 112.7272727272727 113.3333333333333 113.9393939393939 114.5454545454545 115.1515151515152 115.7575757575758 116.3636363636364 116.969696969697 117.5757575757576 118.1818181818182 118.7878787878788 119.3939393939394 120


# name: y
# type: matrix
# rows: 100
# columns: 1
 614636.4498487231
 613561.3410141856
 612508.2632811653
 611477.2166496618
 610468.2011196743
 609481.2166912033
 608516.2633642488
 607573.3411388115
 606652.4500148909
 605753.5899924866
 604876.7610715989
 604021.9632522279
 603189.1965343738
 602378.4609180362
 601589.7564032148
 600823.0829899105
 600078.4406781227
 599355.8294678513
 598655.249359097
 597976.7003518589
 597320.1824461378
 596685.695641933
 596073.2399392449
 595482.8153380735
 594914.4218384188
 594368.0594402807
 593843.7281436592
 593341.4279485543
 592861.1588549661
 592402.9208628945
 591966.7139723395
 591552.5381833011
 591160.3934957795
 590790.2799097743
 590442.1974252858
 590116.146042314
 589812.1257608589
 589530.1365809202
 589270.1785024983
 589032.251525593
 588816.3556502044
 588622.4908763323
 588450.6572039769
 588300.854633138
 588173.0831638159
 588067.3427960104
 587983.6335297215
 587921.9553649492
 587882.3083016935
 587864.6923399545
 587869.1074797323
 587895.5537210264
 587944.0310638373
 588014.5395081649
 588107.0790540089
 588221.6497013697
 588358.2514502471
 588516.8843006412
 588697.5482525518
 588900.2433059792
 589124.9694609231
 589371.7267173836
 589640.5150753609
 589931.3345348547
 590244.185095865
 590579.0667583921
 590935.9795224359
 591314.9233879963
 591715.8983550732
 592138.9044236669
 592583.9415937772
 593051.0098654039
 593540.1092385474
 594051.2397132076
 594584.4012893843
 595139.5939670778
 595716.8177462877
 596316.0726270142
 596937.3586092575
 597580.6756930174
 598246.023878294
 598933.4031650872
 599642.8135533971
 600374.2550432234
 601127.7276345665
 601903.2313274262
 602700.7661218025
 603520.3320176955
 604361.9290151051
 605225.5571140313
 606111.2163144739
 607018.9066164335
 607948.6280199096
 608900.3805249028
 609874.1641314118
 610869.9788394376
 611887.8246489804
 612927.7015600398
 613989.6095726157
 615073.5486867084


# name: TRAIN_QUERIES
# type: cell
# rows: 1
# columns: 3
# name: <cell-element>
# type: sq_string
# elements: 1
# length: 2
R1



# name: <cell-element>
# type: sq_string
# elements: 1
# length: 2
R2



# name: <cell-element>
# type: sq_string
# elements: 1
# length: 2
R4





# name: TEST_QUERIES
# type: cell
# rows: 1
# columns: 1
# name: <cell-element>
# type: sq_string
# elements: 1
# length: 2
R3





# name: DATASIZE
# type: sq_string
# elements: 1
# length: 3
750


