# Created by Octave 3.8.2, Mon May 23 11:27:52 2016 CEST <Andrea@Andreas-MacBook-Pro.local>
# name: x
# type: matrix
# rows: 1
# columns: 100
 60 60.60606060606061 61.21212121212122 61.81818181818181 62.42424242424242 63.03030303030303 63.63636363636364 64.24242424242425 64.84848484848484 65.45454545454545 66.06060606060606 66.66666666666667 67.27272727272728 67.87878787878788 68.48484848484848 69.09090909090909 69.6969696969697 70.30303030303031 70.90909090909091 71.51515151515152 72.12121212121212 72.72727272727273 73.33333333333334 73.93939393939394 74.54545454545455 75.15151515151516 75.75757575757575 76.36363636363636 76.96969696969697 77.57575757575758 78.18181818181819 78.78787878787878 79.39393939393939 80 80.60606060606061 81.21212121212122 81.81818181818181 82.42424242424242 83.03030303030303 83.63636363636364 84.24242424242425 84.84848484848484 85.45454545454545 86.06060606060606 86.66666666666667 87.27272727272728 87.87878787878788 88.48484848484848 89.09090909090909 89.6969696969697 90.3030303030303 90.90909090909091 91.51515151515152 92.12121212121212 92.72727272727273 93.33333333333334 93.93939393939394 94.54545454545455 95.15151515151516 95.75757575757576 96.36363636363636 96.96969696969697 97.57575757575758 98.18181818181819 98.78787878787878 99.39393939393939 100 100.6060606060606 101.2121212121212 101.8181818181818 102.4242424242424 103.030303030303 103.6363636363636 104.2424242424242 104.8484848484848 105.4545454545455 106.0606060606061 106.6666666666667 107.2727272727273 107.8787878787879 108.4848484848485 109.0909090909091 109.6969696969697 110.3030303030303 110.9090909090909 111.5151515151515 112.1212121212121 112.7272727272727 113.3333333333333 113.9393939393939 114.5454545454545 115.1515151515152 115.7575757575758 116.3636363636364 116.969696969697 117.5757575757576 118.1818181818182 118.7878787878788 119.3939393939394 120


# name: y
# type: matrix
# rows: 100
# columns: 1
 526843.1989040757
 526237.6190682226
 525656.6031287607
 525099.6425121437
 524566.2286448251
 524055.8529532585
 523568.0068638975
 523102.1818031957
 522657.8691976068
 522234.5604735842
 521831.7470575816
 521448.9203760526
 521085.5718554507
 520741.1929222296
 520415.2750028429
 520107.309523744
 519816.7879113868
 519543.2015922247
 519286.0419927113
 519044.8005393002
 518818.9686584451
 518608.0377765993
 518411.4993202168
 518228.8447157509
 518059.5653896553
 517903.1527683836
 517759.0982783894
 517626.8933461262
 517506.0293980477
 517395.9978606073
 517296.2901602589
 517206.3977234559
 517125.811976652
 517054.0243463006
 516990.5262588555
 516934.8091407701
 516886.3644184982
 516844.6835184932
 516809.2578672089
 516779.5788910987
 516755.1380166162
 516735.4266702152
 516719.9362783491
 516708.1582674716
 516699.5840640362
 516693.7050944965
 516690.0127853062
 516687.9985629188
 516687.1538537879
 516686.9700843671
 516686.93868111
 516686.5510704702
 516685.2986789013
 516682.6729328569
 516678.1652587905
 516671.2670831559
 516661.4698324064
 516648.2649329958
 516631.1438113777
 516609.5978940056
 516583.1186073332
 516551.1973778139
 516513.3256319015
 516468.9947960495
 516417.6962967115
 516358.921560341
 516292.1620133918
 516216.9090823174
 516132.6541935713
 516038.8887736072
 515935.1042488787
 515820.7920458392
 515695.4435909427
 515558.5503106423
 515409.6036313919
 515248.0949796451
 515073.5157818553
 514885.3574644764
 514683.1114539616
 514466.2691767648
 514234.3220593395
 513986.7615281392
 513723.0790096177
 513442.7659302284
 513145.3137164249
 512830.213794661
 512496.95759139
 512145.0365330657
 511773.9420461417
 511383.1655570715
 510972.1984923086
 510540.5322783068
 510087.6583415197
 509613.0681084006
 509116.2530054034
 508596.7044589816
 508053.9138955888
 507487.3727416785
 506896.5724237044
 506281.00436812


# name: TRAIN_QUERIES
# type: cell
# rows: 1
# columns: 3
# name: <cell-element>
# type: sq_string
# elements: 1
# length: 2
R1



# name: <cell-element>
# type: sq_string
# elements: 1
# length: 2
R2



# name: <cell-element>
# type: sq_string
# elements: 1
# length: 2
R4





# name: TEST_QUERIES
# type: cell
# rows: 1
# columns: 1
# name: <cell-element>
# type: sq_string
# elements: 1
# length: 2
R3





# name: DATASIZE
# type: sq_string
# elements: 1
# length: 3
750


