# Created by Octave 4.0.0, Mon May 09 11:27:53 2016 CEST <peter@Independence>
# name: y
# type: matrix
# rows: 100
# columns: 1
 60781.30368122079
 60648.34805631868
 60515.39243141657
 60382.43680651445
 60249.48118161234
 60116.52555671022
 59983.56993180811
 59850.614306906
 59717.65868200388
 59584.70305710176
 59451.74743219965
 59318.79180729754
 59185.83618239542
 59052.88055749331
 58919.92493259119
 58786.96930768908
 58654.01368278696
 58521.05805788485
 58388.10243298273
 58255.14680808062
 58122.1911831785
 57989.23555827638
 57856.27993337427
 57723.32430847215
 57590.36868357004
 57457.41305866792
 57324.45743376581
 57191.50180886369
 57058.54618396158
 56925.59055905947
 56792.63493415735
 56659.67930925524
 56526.72368435312
 56393.76805945101
 56260.81243454889
 56127.85680964678
 55994.90118474467
 55861.94555984255
 55728.98993494044
 55596.03431003832
 55463.07868513621
 55330.12306023409
 55197.16743533198
 55064.21181042986
 54931.25618552775
 54798.30056062563
 54665.34493572351
 54532.3893108214
 54399.43368591928
 54266.47806101717
 54133.52243611505
 54000.56681121294
 53867.61118631083
 53734.65556140871
 53601.6999365066
 53468.74431160448
 53335.78868670237
 53202.83306180025
 53069.87743689814
 52936.92181199602
 52803.96618709391
 52671.0105621918
 52538.05493728968
 52405.09931238757
 52272.14368748545
 52139.18806258334
 52006.23243768122
 51873.27681277911
 51740.32118787699
 51607.36556297488
 51474.40993807276
 51341.45431317065
 51208.49868826853
 51075.54306336641
 50942.5874384643
 50809.63181356218
 50676.67618866007
 50543.72056375796
 50410.76493885584
 50277.80931395372
 50144.85368905161
 50011.8980641495
 49878.94243924739
 49745.98681434527
 49613.03118944315
 49480.07556454104
 49347.11993963893
 49214.16431473681
 49081.2086898347
 48948.25306493258
 48815.29744003047
 48682.34181512835
 48549.38619022624
 48416.43056532412
 48283.47494042201
 48150.51931551989
 48017.56369061778
 47884.60806571566
 47751.65244081354
 47618.69681591143


