# Created by Octave 4.0.0, Mon May 09 11:28:29 2016 CEST <peter@Independence>
# name: y
# type: matrix
# rows: 100
# columns: 1
 191695.8707919596
 191375.4232436913
 191054.9756954236
 190734.5281471559
 190414.0805988882
 190093.6330506202
 189773.1855023525
 189452.7379540845
 189132.2904058167
 188811.8428575492
 188491.395309281
 188170.9477610134
 187850.5002127454
 187530.0526644777
 187209.6051162098
 186889.1575679421
 186568.7100196743
 186248.2624714066
 185927.8149231386
 185607.3673748708
 185286.9198266028
 184966.472278335
 184646.0247300673
 184325.5771817995
 184005.1296335317
 183684.6820852638
 183364.234536996
 183043.7869887282
 182723.3394404602
 182402.8918921926
 182082.4443439248
 181761.9967956569
 181441.5492473891
 181121.1016991212
 180800.6541508533
 180480.2066025856
 180159.7590543178
 179839.3115060499
 179518.8639577821
 179198.4164095143
 178877.9688612465
 178557.5213129787
 178237.0737647108
 177916.626216443
 177596.1786681752
 177275.7311199074
 176955.2835716395
 176634.8360233717
 176314.3884751039
 175993.9409268361
 175673.4933785683
 175353.0458303004
 175032.5982820326
 174712.1507337648
 174391.703185497
 174071.2556372291
 173750.8080889613
 173430.3605406935
 173109.9129924257
 172789.4654441578
 172469.01789589
 172148.5703476221
 171828.1227993544
 171507.6752510865
 171187.2277028187
 170866.7801545509
 170546.332606283
 170225.8850580152
 169905.4375097475
 169584.9899614796
 169264.5424132118
 168944.0948649439
 168623.6473166761
 168303.1997684082
 167982.7522201403
 167662.3046718725
 167341.857123605
 167021.4095753372
 166700.9620270693
 166380.5144788014
 166060.0669305336
 165739.6193822657
 165419.1718339979
 165098.7242857302
 164778.2767374624
 164457.8291891944
 164137.3816409266
 163816.9340926589
 163496.4865443908
 163176.0389961233
 162855.591447855
 162535.1438995878
 162214.6963513195
 161894.2488030519
 161573.8012547842
 161253.3537065164
 160932.9061582482
 160612.4586099805
 160292.0110617127
 159971.5635134448


