# Created by Octave 4.0.0, Mon May 09 11:23:52 2016 CEST <peter@Independence>
# name: y
# type: matrix
# rows: 100
# columns: 1
 277034.8188744456
 276684.0036669205
 276333.1884593953
 275982.3732518704
 275631.5580443452
 275280.7428368199
 274929.9276292947
 274579.1124217696
 274228.2972142446
 273877.4820067193
 273526.6667991941
 273175.8515916691
 272825.0363841438
 272474.2211766188
 272123.4059690937
 271772.5907615685
 271421.7755540434
 271070.9603465182
 270720.145138993
 270369.3299314679
 270018.5147239426
 269667.6995164177
 269316.8843088924
 268966.0691013673
 268615.253893842
 268264.4386863169
 267913.6234787918
 267562.8082712666
 267211.9930637415
 266861.1778562164
 266510.3626486912
 266159.547441166
 265808.7322336409
 265457.9170261158
 265107.1018185905
 264756.2866110654
 264405.4714035402
 264054.6561960151
 263703.84098849
 263353.0257809648
 263002.2105734397
 262651.3953659146
 262300.5801583893
 261949.7649508642
 261598.9497433391
 261248.1345358139
 260897.3193282887
 260546.5041207636
 260195.6889132384
 259844.8737057133
 259494.0584981881
 259143.243290663
 258792.4280831378
 258441.6128756127
 258090.7976680875
 257739.9824605624
 257389.1672530372
 257038.3520455121
 256687.5368379869
 256336.7216304618
 255985.9064229366
 255635.0912154115
 255284.2760078863
 254933.4608003612
 254582.645592836
 254231.8303853108
 253881.0151777857
 253530.1999702605
 253179.3847627353
 252828.5695552102
 252477.7543476851
 252126.93914016
 251776.1239326347
 251425.3087251097
 251074.4935175845
 250723.6783100593
 250372.8631025341
 250022.047895009
 249671.2326874838
 249320.4174799587
 248969.6022724335
 248618.7870649084
 248267.9718573832
 247917.1566498581
 247566.341442333
 247215.5262348079
 246864.7110272826
 246513.8958197574
 246163.0806122324
 245812.2654047073
 245461.4501971821
 245110.6349896568
 244759.8197821317
 244409.0045746065
 244058.1893670814
 243707.3741595563
 243356.5589520311
 243005.743744506
 242654.9285369809
 242304.1133294557


