# Created by Octave 4.0.0, Wed May 18 23:46:41 2016 CEST <peter@Independence>
# name: x
# type: matrix
# rows: 1
# columns: 100
 60 60.60606060606061 61.21212121212121 61.81818181818181 62.42424242424242 63.03030303030303 63.63636363636364 64.24242424242425 64.84848484848484 65.45454545454545 66.06060606060606 66.66666666666667 67.27272727272728 67.87878787878788 68.48484848484848 69.09090909090909 69.69696969696969 70.30303030303031 70.90909090909091 71.51515151515152 72.12121212121212 72.72727272727272 73.33333333333333 73.93939393939394 74.54545454545455 75.15151515151516 75.75757575757575 76.36363636363636 76.96969696969697 77.57575757575758 78.18181818181819 78.78787878787878 79.39393939393939 80 80.60606060606061 81.21212121212122 81.81818181818181 82.42424242424242 83.03030303030303 83.63636363636364 84.24242424242424 84.84848484848484 85.45454545454545 86.06060606060606 86.66666666666667 87.27272727272727 87.87878787878788 88.48484848484848 89.09090909090909 89.6969696969697 90.3030303030303 90.90909090909091 91.51515151515152 92.12121212121212 92.72727272727272 93.33333333333333 93.93939393939394 94.54545454545455 95.15151515151516 95.75757575757575 96.36363636363636 96.96969696969697 97.57575757575758 98.18181818181819 98.78787878787878 99.39393939393939 100 100.6060606060606 101.2121212121212 101.8181818181818 102.4242424242424 103.030303030303 103.6363636363636 104.2424242424242 104.8484848484848 105.4545454545455 106.0606060606061 106.6666666666667 107.2727272727273 107.8787878787879 108.4848484848485 109.0909090909091 109.6969696969697 110.3030303030303 110.9090909090909 111.5151515151515 112.1212121212121 112.7272727272727 113.3333333333333 113.9393939393939 114.5454545454545 115.1515151515152 115.7575757575758 116.3636363636364 116.969696969697 117.5757575757576 118.1818181818182 118.7878787878788 119.3939393939394 120


# name: y
# type: matrix
# rows: 100
# columns: 1
 383206.5431750328
 382613.6311560447
 381830.0370649513
 380855.9134593276
 379692.1295362865
 378340.2622233004
 376802.582604173
 375082.0378721728
 373182.2290474132
 371107.3847370978
 368862.3312546572
 366452.4594466113
 363883.6886037484
 361162.4278555901
 358295.5354638593
 355290.2764416143
 352154.2789298086
 348895.4897622941
 345522.1296438506
 342042.6483538967
 338465.6803714352
 334800.0012948774
 331054.4854041542
 327238.0646824527
 323359.6895816181
 319428.2917793244
 315452.7491382073
 311441.8530379362
 307404.2782113405
 303348.5551758849
 299283.0453126382
 295215.9186070443
 291155.1340298358
 287108.4225028845
 283083.2723641141
 279086.9172182137
 275126.3260361298
 271208.1953464168
 267338.9433456802
 263524.7057436357
 259771.3331507532
 256084.3898129782
 252469.1534984941
 248930.6163456828
 245473.48648909
 242102.1902909606
 238820.8750194011
 235633.4118300256
 232543.39892559
 229554.1647871521
 226668.7713902185
 223890.0173396799
 221220.4408776183
 218662.3227378413
 216217.6888398388
 213888.3128323811
 211675.7185128466
 209581.1821622764
 207605.7348478947
 205750.1647541949
 204015.0196105827
 202400.6092879096
 200907.0086380471
 199534.0606499819
 198281.3799928868
 197148.3570114014
 196134.1622311519
 195237.7514235967
 194457.871268895
 193793.0656439601
 193241.6825504957
 192801.8816849681
 192471.6426394592
 192248.7737095132
 192130.9212727333
 192115.5796903083
 192200.1016731102
 192381.7090447336
 192657.5038260444
 193024.4795596284
 193479.5327880786
 194019.4745974201
 194641.0421361534
 195340.9100213833
 196115.7015462455
 196961.9996072192
 197876.357275812
 198855.3079463422
 199895.3749999303
 200993.080934139
 202144.9559177294
 203347.5457405013
 204597.4191389034
 205891.1744888047
 207225.4458672674
 208596.908495141
 210002.2835816009
 211438.3426002017
 212901.9110334458
 214389.8716291649


# name: QUERY
# type: sq_string
# elements: 1
# length: 2
R1


# name: DATASIZE
# type: sq_string
# elements: 1
# length: 3
750


