# Created by Octave 4.0.0, Mon May 23 13:46:54 2016 CEST <peter@Independence>
# name: x
# type: matrix
# rows: 1
# columns: 100
 60 60.60606060606061 61.21212121212121 61.81818181818181 62.42424242424242 63.03030303030303 63.63636363636364 64.24242424242425 64.84848484848484 65.45454545454545 66.06060606060606 66.66666666666667 67.27272727272728 67.87878787878788 68.48484848484848 69.09090909090909 69.69696969696969 70.30303030303031 70.90909090909091 71.51515151515152 72.12121212121212 72.72727272727272 73.33333333333333 73.93939393939394 74.54545454545455 75.15151515151516 75.75757575757575 76.36363636363636 76.96969696969697 77.57575757575758 78.18181818181819 78.78787878787878 79.39393939393939 80 80.60606060606061 81.21212121212122 81.81818181818181 82.42424242424242 83.03030303030303 83.63636363636364 84.24242424242424 84.84848484848484 85.45454545454545 86.06060606060606 86.66666666666667 87.27272727272727 87.87878787878788 88.48484848484848 89.09090909090909 89.6969696969697 90.3030303030303 90.90909090909091 91.51515151515152 92.12121212121212 92.72727272727272 93.33333333333333 93.93939393939394 94.54545454545455 95.15151515151516 95.75757575757575 96.36363636363636 96.96969696969697 97.57575757575758 98.18181818181819 98.78787878787878 99.39393939393939 100 100.6060606060606 101.2121212121212 101.8181818181818 102.4242424242424 103.030303030303 103.6363636363636 104.2424242424242 104.8484848484848 105.4545454545455 106.0606060606061 106.6666666666667 107.2727272727273 107.8787878787879 108.4848484848485 109.0909090909091 109.6969696969697 110.3030303030303 110.9090909090909 111.5151515151515 112.1212121212121 112.7272727272727 113.3333333333333 113.9393939393939 114.5454545454545 115.1515151515152 115.7575757575758 116.3636363636364 116.969696969697 117.5757575757576 118.1818181818182 118.7878787878788 119.3939393939394 120


# name: y
# type: matrix
# rows: 100
# columns: 1
 380644.2684073703
 379156.4581207995
 377460.4205721784
 375560.5053342473
 373462.0875381643
 371171.5414189271
 368696.2059149996
 366044.3425482344
 363225.0858893559
 360248.3869906817
 357124.9502404678
 353866.1641613654
 350484.0267381435
 346991.065916296
 343400.255962737
 339724.9304218957
 335978.6924346792
 332175.3232135759
 328328.6894843684
 324452.6507133449
 320560.9669384976
 316667.2080140541
 312784.6650599724
 308926.2648820341
 305104.488094292
 301331.2916343316
 297618.0363136768
 293975.419991346
 290413.4168987534
 286941.2235796228
 283567.2118401363
 280298.8890330227
 277142.8659255505
 274104.832326291
 271189.5405699147
 268400.7968840189
 265741.4605878641
 263213.4510007023
 260817.7618678322
 258554.4830462978
 256422.8291298634
 254421.1746351061
 252547.0953176369
 250797.4151400043
 249168.2583710744
 247655.1062608786
 246252.8577052467
 244955.8932911121
 243758.1420962143
 242653.1506060069
 241634.1531058018
 240694.1429073976
 239825.9437764328
 239022.2809392263
 238275.851065612
 237579.390646913
 236925.7422153661
 236307.9178826083
 235719.1597098688
 235152.9964608481
 234603.2963294795
 234064.3152784223
 233530.7406697951
 232997.7299168882
 232460.9439339669
 231916.575210385
 231361.3703846461
 230792.6472434054
 230208.3061192996
 229606.8357095724
 228987.3133843826
 228349.400099095
 227693.3300684674
 227019.8954021459
 226330.4259400022
 225626.7645623198
 224911.2382834346
 224186.6254679272
 223456.1195356636
 222723.2895457037
 221992.0380691948
 221266.5567777111
 220551.2801859858
 219850.8379965361
 219170.0064982599
 218513.6594716577
 217886.7190499355
 217294.1069779051
 216740.6966994079
 216231.266689057
 215770.4554255684
 215362.7183820189
 215012.2873832444
 214723.1326525213
 214498.9278389447
 214343.0182838289
 214258.3927493593
 214247.6587959608
 214313.0219568182
 214456.2688190668


# name: QUERY
# type: sq_string
# elements: 1
# length: 2
R1


# name: DATASIZE
# type: sq_string
# elements: 1
# length: 3
750


