# Created by Octave 4.0.0, Wed May 18 23:46:40 2016 CEST <peter@Independence>
# name: x
# type: matrix
# rows: 1
# columns: 100
 60 60.60606060606061 61.21212121212121 61.81818181818181 62.42424242424242 63.03030303030303 63.63636363636364 64.24242424242425 64.84848484848484 65.45454545454545 66.06060606060606 66.66666666666667 67.27272727272728 67.87878787878788 68.48484848484848 69.09090909090909 69.69696969696969 70.30303030303031 70.90909090909091 71.51515151515152 72.12121212121212 72.72727272727272 73.33333333333333 73.93939393939394 74.54545454545455 75.15151515151516 75.75757575757575 76.36363636363636 76.96969696969697 77.57575757575758 78.18181818181819 78.78787878787878 79.39393939393939 80 80.60606060606061 81.21212121212122 81.81818181818181 82.42424242424242 83.03030303030303 83.63636363636364 84.24242424242424 84.84848484848484 85.45454545454545 86.06060606060606 86.66666666666667 87.27272727272727 87.87878787878788 88.48484848484848 89.09090909090909 89.6969696969697 90.3030303030303 90.90909090909091 91.51515151515152 92.12121212121212 92.72727272727272 93.33333333333333 93.93939393939394 94.54545454545455 95.15151515151516 95.75757575757575 96.36363636363636 96.96969696969697 97.57575757575758 98.18181818181819 98.78787878787878 99.39393939393939 100 100.6060606060606 101.2121212121212 101.8181818181818 102.4242424242424 103.030303030303 103.6363636363636 104.2424242424242 104.8484848484848 105.4545454545455 106.0606060606061 106.6666666666667 107.2727272727273 107.8787878787879 108.4848484848485 109.0909090909091 109.6969696969697 110.3030303030303 110.9090909090909 111.5151515151515 112.1212121212121 112.7272727272727 113.3333333333333 113.9393939393939 114.5454545454545 115.1515151515152 115.7575757575758 116.3636363636364 116.969696969697 117.5757575757576 118.1818181818182 118.7878787878788 119.3939393939394 120


# name: y
# type: matrix
# rows: 100
# columns: 1
 372412.6565258239
 370439.6393573479
 368466.6221888746
 366493.6050204012
 364520.5878519276
 362547.5706834555
 360574.5535149818
 358601.5363465091
 356628.5191780349
 354655.5020095605
 352682.4848410876
 350709.4676726144
 348736.4505041406
 346763.4333356669
 344790.4161671937
 342817.39899872
 340844.3818302462
 338871.3646617736
 336898.3474932996
 334925.3303248271
 332952.3131563534
 330979.2959878802
 329006.2788194062
 327033.261650933
 325060.2444824594
 323087.227313986
 321114.2101455126
 319141.1929770391
 317168.1758085656
 315195.1586400922
 313222.1414716186
 311249.1243031455
 309276.107134672
 307303.0899661986
 305330.0727977252
 303357.0556292516
 301384.0384607782
 299411.0212923048
 297438.0041238314
 295464.9869553574
 293491.9697868843
 291518.952618411
 289545.9354499376
 287572.918281464
 285599.9011129904
 283626.8839445172
 281653.8667760435
 279680.8496075703
 277707.8324390968
 275734.8152706234
 273761.7981021499
 271788.7809336765
 269815.763765203
 267842.7465967297
 265869.7294282562
 263896.7122597828
 261923.6950913093
 259950.6779228359
 257977.6607543623
 256004.6435858888
 254031.6264174154
 252058.6092489422
 250085.5920804687
 248112.5749119954
 246139.5577435223
 244166.5405750481
 242193.5234065749
 240220.5062381014
 238247.4890696276
 236274.4719011548
 234301.4547326811
 232328.4375642079
 230355.4203957342
 228382.403227261
 226409.3860587872
 224436.368890314
 222463.3517218402
 220490.3345533668
 218517.3173848925
 216544.3002164196
 214571.2830479467
 212598.2658794732
 210625.2487109989
 208652.2315425267
 206679.2143740531
 204706.19720558
 202733.1800371061
 200760.1628686333
 198787.1457001586
 196814.1285316855
 194841.1113632128
 192868.0941947378
 190895.0770262655
 188922.0598577911
 186949.0426893191
 184976.0255208453
 183003.0083523707
 181029.9911838982
 179056.9740154251
 177083.956846952


# name: QUERY
# type: sq_string
# elements: 1
# length: 2
R1


# name: DATASIZE
# type: sq_string
# elements: 1
# length: 3
750


