# Created by Octave 4.0.0, Wed May 18 23:46:40 2016 CEST <peter@Independence>
# name: x
# type: matrix
# rows: 1
# columns: 100
 60 60.60606060606061 61.21212121212121 61.81818181818181 62.42424242424242 63.03030303030303 63.63636363636364 64.24242424242425 64.84848484848484 65.45454545454545 66.06060606060606 66.66666666666667 67.27272727272728 67.87878787878788 68.48484848484848 69.09090909090909 69.69696969696969 70.30303030303031 70.90909090909091 71.51515151515152 72.12121212121212 72.72727272727272 73.33333333333333 73.93939393939394 74.54545454545455 75.15151515151516 75.75757575757575 76.36363636363636 76.96969696969697 77.57575757575758 78.18181818181819 78.78787878787878 79.39393939393939 80 80.60606060606061 81.21212121212122 81.81818181818181 82.42424242424242 83.03030303030303 83.63636363636364 84.24242424242424 84.84848484848484 85.45454545454545 86.06060606060606 86.66666666666667 87.27272727272727 87.87878787878788 88.48484848484848 89.09090909090909 89.6969696969697 90.3030303030303 90.90909090909091 91.51515151515152 92.12121212121212 92.72727272727272 93.33333333333333 93.93939393939394 94.54545454545455 95.15151515151516 95.75757575757575 96.36363636363636 96.96969696969697 97.57575757575758 98.18181818181819 98.78787878787878 99.39393939393939 100 100.6060606060606 101.2121212121212 101.8181818181818 102.4242424242424 103.030303030303 103.6363636363636 104.2424242424242 104.8484848484848 105.4545454545455 106.0606060606061 106.6666666666667 107.2727272727273 107.8787878787879 108.4848484848485 109.0909090909091 109.6969696969697 110.3030303030303 110.9090909090909 111.5151515151515 112.1212121212121 112.7272727272727 113.3333333333333 113.9393939393939 114.5454545454545 115.1515151515152 115.7575757575758 116.3636363636364 116.969696969697 117.5757575757576 118.1818181818182 118.7878787878788 119.3939393939394 120


# name: y
# type: matrix
# rows: 1
# columns: 100
 350004.4399832971 348197.2963368202 346390.1526903432 344583.0090438662 342775.8653973893 340968.7217509123 339161.5781044353 337354.4344579583 335547.2908114813 333740.1471650043 331933.0035185274 330125.8598720504 328318.7162255734 326511.5725790964 324704.4289326195 322897.2852861425 321090.1416396655 319282.9979931885 317475.8543467115 315668.7107002345 313861.5670537575 312054.4234072806 310247.2797608036 308440.1361143266 306632.9924678496 304825.8488213727 303018.7051748957 301211.5615284187 299404.4178819417 297597.2742354647 295790.1305889877 293982.9869425108 292175.8432960338 290368.6996495568 288561.5560030798 286754.4123566028 284947.2687101259 283140.1250636489 281332.9814171719 279525.8377706949 277718.694124218 275911.550477741 274104.406831264 272297.263184787 270490.11953831 268682.975891833 266875.8322453561 265068.6885988791 263261.5449524021 261454.4013059251 259647.2576594481 257840.1140129711 256032.9703664942 254225.8267200172 252418.6830735402 250611.5394270632 248804.3957805863 246997.2521341093 245190.1084876323 243382.9648411553 241575.8211946783 239768.6775482013 237961.5339017244 236154.3902552474 234347.2466087704 232540.1029622934 230732.9593158165 228925.8156693395 227118.6720228625 225311.5283763855 223504.3847299085 221697.2410834316 219890.0974369546 218082.9537904776 216275.8101440006 214468.6664975236 212661.5228510466 210854.3792045696 209047.2355580927 207240.0919116157 205432.9482651387 203625.8046186617 201818.6609721848 200011.5173257078 198204.3736792308 196397.2300327538 194590.0863862768 192782.9427397999 190975.7990933229 189168.6554468459 187361.5118003689 185554.3681538919 183747.224507415 181940.0808609379 180132.937214461 178325.793567984 176518.649921507 174711.5062750301 172904.3626285531 171097.2189820761


# name: QUERY
# type: sq_string
# elements: 1
# length: 2
R1


# name: DATASIZE
# type: sq_string
# elements: 1
# length: 3
750


