# Created by Octave 4.0.0, Mon May 23 13:46:54 2016 CEST <peter@Independence>
# name: x
# type: matrix
# rows: 1
# columns: 100
 60 60.60606060606061 61.21212121212121 61.81818181818181 62.42424242424242 63.03030303030303 63.63636363636364 64.24242424242425 64.84848484848484 65.45454545454545 66.06060606060606 66.66666666666667 67.27272727272728 67.87878787878788 68.48484848484848 69.09090909090909 69.69696969696969 70.30303030303031 70.90909090909091 71.51515151515152 72.12121212121212 72.72727272727272 73.33333333333333 73.93939393939394 74.54545454545455 75.15151515151516 75.75757575757575 76.36363636363636 76.96969696969697 77.57575757575758 78.18181818181819 78.78787878787878 79.39393939393939 80 80.60606060606061 81.21212121212122 81.81818181818181 82.42424242424242 83.03030303030303 83.63636363636364 84.24242424242424 84.84848484848484 85.45454545454545 86.06060606060606 86.66666666666667 87.27272727272727 87.87878787878788 88.48484848484848 89.09090909090909 89.6969696969697 90.3030303030303 90.90909090909091 91.51515151515152 92.12121212121212 92.72727272727272 93.33333333333333 93.93939393939394 94.54545454545455 95.15151515151516 95.75757575757575 96.36363636363636 96.96969696969697 97.57575757575758 98.18181818181819 98.78787878787878 99.39393939393939 100 100.6060606060606 101.2121212121212 101.8181818181818 102.4242424242424 103.030303030303 103.6363636363636 104.2424242424242 104.8484848484848 105.4545454545455 106.0606060606061 106.6666666666667 107.2727272727273 107.8787878787879 108.4848484848485 109.0909090909091 109.6969696969697 110.3030303030303 110.9090909090909 111.5151515151515 112.1212121212121 112.7272727272727 113.3333333333333 113.9393939393939 114.5454545454545 115.1515151515152 115.7575757575758 116.3636363636364 116.969696969697 117.5757575757576 118.1818181818182 118.7878787878788 119.3939393939394 120


# name: y
# type: matrix
# rows: 100
# columns: 1
 362731.1150153387
 360886.4183843291
 359041.72175332
 357197.0251223104
 355352.328491301
 353507.6318602914
 351662.9352292822
 349818.2385982728
 347973.5419672634
 346128.8453362538
 344284.1487052446
 342439.452074235
 340594.7554432257
 338750.0588122162
 336905.3621812069
 335060.6655501974
 333215.968919188
 331371.2722881786
 329526.575657169
 327681.8790261597
 325837.1823951504
 323992.485764141
 322147.7891331316
 320303.092502122
 318458.3958711126
 316613.6992401032
 314769.0026090938
 312924.3059780845
 311079.609347075
 309234.9127160655
 307390.2160850562
 305545.5194540468
 303700.8228230374
 301856.1261920279
 300011.4295610185
 298166.7329300092
 296322.0362989997
 294477.3396679903
 292632.6430369808
 290787.9464059714
 288943.249774962
 287098.5531439526
 285253.8565129432
 283409.1598819338
 281564.4632509244
 279719.766619915
 277875.0699889056
 276030.3733578961
 274185.6767268867
 272340.9800958773
 270496.2834648679
 268651.5868338585
 266806.8902028491
 264962.1935718397
 263117.4969408303
 261272.8003098208
 259428.1036788114
 257583.407047802
 255738.7104167926
 253894.0137857831
 252049.3171547737
 250204.6205237643
 248359.9238927549
 246515.2272617455
 244670.5306307361
 242825.8339997267
 240981.1373687172
 239136.4407377079
 237291.7441066984
 235447.047475689
 233602.3508446796
 231757.6542136702
 229912.9575826608
 228068.2609516514
 226223.5643206419
 224378.8676896326
 222534.1710586231
 220689.4744276137
 218844.7777966042
 217000.0811655948
 215155.3845345856
 213310.687903576
 211465.9912725666
 209621.2946415572
 207776.5980105478
 205931.9013795384
 204087.2047485289
 202242.5081175196
 200397.8114865101
 198553.1148555008
 196708.4182244912
 194863.721593482
 193019.0249624724
 191174.3283314629
 189329.6317004537
 187484.9350694443
 185640.2384384347
 183795.5418074254
 181950.845176416
 180106.1485454066


# name: QUERY
# type: sq_string
# elements: 1
# length: 2
R1


# name: DATASIZE
# type: sq_string
# elements: 1
# length: 3
750


