# Created by Octave 4.0.0, Mon May 23 13:46:54 2016 CEST <peter@Independence>
# name: x
# type: matrix
# rows: 1
# columns: 100
 60 60.60606060606061 61.21212121212121 61.81818181818181 62.42424242424242 63.03030303030303 63.63636363636364 64.24242424242425 64.84848484848484 65.45454545454545 66.06060606060606 66.66666666666667 67.27272727272728 67.87878787878788 68.48484848484848 69.09090909090909 69.69696969696969 70.30303030303031 70.90909090909091 71.51515151515152 72.12121212121212 72.72727272727272 73.33333333333333 73.93939393939394 74.54545454545455 75.15151515151516 75.75757575757575 76.36363636363636 76.96969696969697 77.57575757575758 78.18181818181819 78.78787878787878 79.39393939393939 80 80.60606060606061 81.21212121212122 81.81818181818181 82.42424242424242 83.03030303030303 83.63636363636364 84.24242424242424 84.84848484848484 85.45454545454545 86.06060606060606 86.66666666666667 87.27272727272727 87.87878787878788 88.48484848484848 89.09090909090909 89.6969696969697 90.3030303030303 90.90909090909091 91.51515151515152 92.12121212121212 92.72727272727272 93.33333333333333 93.93939393939394 94.54545454545455 95.15151515151516 95.75757575757575 96.36363636363636 96.96969696969697 97.57575757575758 98.18181818181819 98.78787878787878 99.39393939393939 100 100.6060606060606 101.2121212121212 101.8181818181818 102.4242424242424 103.030303030303 103.6363636363636 104.2424242424242 104.8484848484848 105.4545454545455 106.0606060606061 106.6666666666667 107.2727272727273 107.8787878787879 108.4848484848485 109.0909090909091 109.6969696969697 110.3030303030303 110.9090909090909 111.5151515151515 112.1212121212121 112.7272727272727 113.3333333333333 113.9393939393939 114.5454545454545 115.1515151515152 115.7575757575758 116.3636363636364 116.969696969697 117.5757575757576 118.1818181818182 118.7878787878788 119.3939393939394 120


# name: y
# type: matrix
# rows: 1
# columns: 100
 343490.3406226126 341814.2277104023 340138.114798192 338462.0018859816 336785.8889737713 335109.776061561 333433.6631493506 331757.5502371403 330081.43732493 328405.3244127196 326729.2115005093 325053.0985882989 323376.9856760886 321700.8727638783 320024.7598516679 318348.6469394576 316672.5340272472 314996.4211150369 313320.3082028265 311644.1952906162 309968.0823784059 308291.9694661956 306615.8565539852 304939.7436417749 303263.6307295645 301587.5178173542 299911.4049051439 298235.2919929335 296559.1790807232 294883.0661685129 293206.9532563025 291530.8403440922 289854.7274318818 288178.6145196715 286502.5016074611 284826.3886952508 283150.2757830405 281474.1628708302 279798.0499586198 278121.9370464095 276445.8241341991 274769.7112219888 273093.5983097784 271417.4853975681 269741.3724853578 268065.2595731475 266389.1466609371 264713.0337487268 263036.9208365164 261360.8079243061 259684.6950120957 258008.5820998854 256332.4691876751 254656.3562754647 252980.2433632544 251304.1304510441 249628.0175388337 247951.9046266234 246275.791714413 244599.6788022027 242923.5658899924 241247.452977782 239571.3400655717 237895.2271533614 236219.114241151 234543.0013289407 232866.8884167303 231190.77550452 229514.6625923096 227838.5496800993 226162.436767889 224486.3238556787 222810.2109434683 221134.098031258 219457.9851190476 217781.8722068373 216105.7592946269 214429.6463824166 212753.5334702063 211077.4205579959 209401.3076457856 207725.1947335753 206049.0818213649 204372.9689091546 202696.8559969442 201020.7430847339 199344.6301725236 197668.5172603133 195992.4043481029 194316.2914358926 192640.1785236822 190964.0656114719 189287.9526992615 187611.8397870512 185935.7268748409 184259.6139626305 182583.5010504202 180907.3881382099 179231.2752259995 177555.1623137892


# name: QUERY
# type: sq_string
# elements: 1
# length: 2
R1


# name: DATASIZE
# type: sq_string
# elements: 1
# length: 3
750


