# Created by Octave 4.0.0, Mon May 23 13:46:54 2016 CEST <peter@Independence>
# name: SVs
# type: cell
# rows: 1
# columns: 7
# name: <cell-element>
# type: sparse matrix
# nnz: 37
# rows: 37
# columns: 1
1 1 0.4408334869835551
2 1 -1.345702223423484
3 1 -1.345702223423484
4 1 -0.4524343682199642
5 1 -1.345702223423484
6 1 -0.4524343682199642
7 1 1.334101342187074
8 1 -0.4524343682199642
9 1 -0.4524343682199642
10 1 0.4408334869835551
11 1 0.4408334869835551
12 1 -0.4524343682199642
13 1 1.334101342187074
14 1 -0.4524343682199642
15 1 0.4408334869835551
16 1 0.4408334869835551
17 1 -0.4524343682199642
18 1 1.334101342187074
19 1 1.334101342187074
20 1 -1.345702223423484
21 1 -1.345702223423484
22 1 -0.4524343682199642
23 1 1.334101342187074
24 1 0.4408334869835551
25 1 -0.4524343682199642
26 1 0.4408334869835551
27 1 0.4408334869835551
28 1 -1.345702223423484
29 1 -1.345702223423484
30 1 0.4408334869835551
31 1 -1.345702223423484
32 1 -0.4524343682199642
33 1 -1.345702223423484
34 1 -1.345702223423484
35 1 -0.4524343682199642
36 1 1.334101342187074
37 1 -0.4524343682199642



# name: <cell-element>
# type: sparse matrix
# nnz: 42
# rows: 42
# columns: 1
1 1 0.4408334869835551
2 1 -1.345702223423484
3 1 -1.345702223423484
4 1 -0.4524343682199642
5 1 -1.345702223423484
6 1 -0.4524343682199642
7 1 1.334101342187074
8 1 -0.4524343682199642
9 1 -0.4524343682199642
10 1 0.4408334869835551
11 1 0.4408334869835551
12 1 1.334101342187074
13 1 -0.4524343682199642
14 1 1.334101342187074
15 1 -0.4524343682199642
16 1 0.4408334869835551
17 1 0.4408334869835551
18 1 -0.4524343682199642
19 1 -0.4524343682199642
20 1 1.334101342187074
21 1 1.334101342187074
22 1 1.334101342187074
23 1 -1.345702223423484
24 1 -1.345702223423484
25 1 -0.4524343682199642
26 1 1.334101342187074
27 1 0.4408334869835551
28 1 -0.4524343682199642
29 1 0.4408334869835551
30 1 0.4408334869835551
31 1 0.4408334869835551
32 1 -1.345702223423484
33 1 -1.345702223423484
34 1 0.4408334869835551
35 1 -1.345702223423484
36 1 -0.4524343682199642
37 1 -0.4524343682199642
38 1 -1.345702223423484
39 1 -1.345702223423484
40 1 -0.4524343682199642
41 1 1.334101342187074
42 1 -0.4524343682199642



# name: <cell-element>
# type: sparse matrix
# nnz: 30
# rows: 30
# columns: 1
1 1 0.4408334869835551
2 1 -1.345702223423484
3 1 -0.4524343682199642
4 1 -1.345702223423484
5 1 -0.4524343682199642
6 1 1.334101342187074
7 1 -0.4524343682199642
8 1 -0.4524343682199642
9 1 0.4408334869835551
10 1 1.334101342187074
11 1 -0.4524343682199642
12 1 0.4408334869835551
13 1 0.4408334869835551
14 1 -0.4524343682199642
15 1 -0.4524343682199642
16 1 1.334101342187074
17 1 1.334101342187074
18 1 -1.345702223423484
19 1 -1.345702223423484
20 1 0.4408334869835551
21 1 0.4408334869835551
22 1 -1.345702223423484
23 1 -1.345702223423484
24 1 -0.4524343682199642
25 1 -0.4524343682199642
26 1 -1.345702223423484
27 1 -1.345702223423484
28 1 -0.4524343682199642
29 1 1.334101342187074
30 1 -0.4524343682199642



# name: <cell-element>
# type: sparse matrix
# nnz: 2
# rows: 2
# columns: 1
1 1 1.334101342187074
2 1 -1.345702223423484



# name: <cell-element>
# type: sparse matrix
# nnz: 8
# rows: 8
# columns: 1
1 1 -1.345702223423484
2 1 0.4408334869835551
3 1 1.334101342187074
4 1 1.334101342187074
5 1 1.334101342187074
6 1 -1.345702223423484
7 1 -1.345702223423484
8 1 -1.345702223423484



# name: <cell-element>
# type: sparse matrix
# nnz: 41
# rows: 41
# columns: 1
1 1 0.4408334869835551
2 1 -1.345702223423484
3 1 -0.4524343682199642
4 1 -1.345702223423484
5 1 -0.4524343682199642
6 1 1.334101342187074
7 1 -0.4524343682199642
8 1 -0.4524343682199642
9 1 0.4408334869835551
10 1 0.4408334869835551
11 1 0.4408334869835551
12 1 1.334101342187074
13 1 -0.4524343682199642
14 1 1.334101342187074
15 1 -0.4524343682199642
16 1 0.4408334869835551
17 1 -0.4524343682199642
18 1 -0.4524343682199642
19 1 1.334101342187074
20 1 1.334101342187074
21 1 1.334101342187074
22 1 -1.345702223423484
23 1 -1.345702223423484
24 1 -0.4524343682199642
25 1 1.334101342187074
26 1 0.4408334869835551
27 1 -0.4524343682199642
28 1 0.4408334869835551
29 1 0.4408334869835551
30 1 0.4408334869835551
31 1 -1.345702223423484
32 1 -1.345702223423484
33 1 0.4408334869835551
34 1 -1.345702223423484
35 1 -0.4524343682199642
36 1 -0.4524343682199642
37 1 -1.345702223423484
38 1 -1.345702223423484
39 1 -0.4524343682199642
40 1 -0.4524343682199642
41 1 0.4408334869835551



# name: <cell-element>
# type: scalar
0





# name: coefficients
# type: cell
# rows: 1
# columns: 7
# name: <cell-element>
# type: matrix
# rows: 37
# columns: 1
 -0.6157899999999999
 0.6157899999999999
 0.6157899999999999
 0.6157899999999999
 0.6157899999999999
 -0.6157899999999999
 0.6157899999999999
 -0.6157899999999999
 -0.6157899999999999
 -0.6157899999999999
 0.6157899999999999
 -0.6157899999999999
 -0.6157899999999999
 0.6157899999999999
 -0.6157899999999999
 -0.6157899999999999
 0.6157899999999999
 0.6157899999999999
 0.6157899999999999
 0.6157899999999999
 0.6157899999999999
 -0.6157899999999999
 0.6157899999999999
 0.1890027407353198
 -0.6157899999999999
 -0.6157899999999999
 -0.6157899999999999
 0.42678725926468
 -0.6157899999999999
 0.6157899999999999
 0.6157899999999999
 -0.6157899999999999
 0.6157899999999999
 -0.6157899999999999
 -0.6157899999999999
 0.6157899999999999
 -0.6157899999999999



# name: <cell-element>
# type: matrix
# rows: 42
# columns: 1
 -1.1316
 1.1316
 1.1316
 1.1316
 1.1316
 -1.1316
 -1.1316
 -1.1316
 -1.1316
 -1.1316
 1.1316
 -1.1316
 1.1316
 -1.1316
 1.1316
 -1.1316
 -1.1316
 1.1316
 1.1316
 -1.1316
 -1.1316
 -1.1316
 1.1316
 1.1316
 1.1316
 -1.1316
 1.1316
 1.1316
 -1.1316
 1.1316
 -1.1316
 1.1316
 1.1316
 1.1316
 1.1316
 1.1316
 -1.1316
 1.1316
 -1.1316
 -1.1316
 -1.1316
 -1.1316



# name: <cell-element>
# type: matrix
# rows: 30
# columns: 1
 -5
 1.924670706143971
 5
 5
 -5
 5
 -5
 -5
 -5
 -1.92467070614397
 5
 -5
 -5
 5
 5
 5
 5
 5
 5
 -5
 -5
 -5
 5
 5
 -5
 5
 -5
 -5
 5
 -5



# name: <cell-element>
# type: matrix
# rows: 2
# columns: 1
 -1.3895
 1.3895



# name: <cell-element>
# type: matrix
# rows: 8
# columns: 1
 0.1
 -0.002150145931895946
 -0.1
 -0.1
 -0.1
 0.002150145931895946
 0.1
 0.1



# name: <cell-element>
# type: matrix
# rows: 41
# columns: 1
 -0.35789
 0.35789
 0.35789
 0.35789
 -0.35789
 0.35789
 -0.35789
 -0.35789
 0.35789
 -0.35789
 0.35789
 -0.35789
 -0.3540089539562068
 -0.35789
 0.35789
 -0.35789
 0.35789
 0.35789
 -0.02477337455184973
 -0.35789
 0.35789
 0.35789
 0.35789
 0.35789
 -0.35789
 0.35789
 -0.35789
 -0.35789
 0.35789
 -0.35789
 -0.007997312466306994
 -0.35789
 0.35789
 0.35789
 0.35789
 -0.35789
 0.35789
 -0.35789
 -0.35789
 -0.35789
 0.02888964097436355



# name: <cell-element>
# type: scalar
0





# name: b
# type: cell
# rows: 1
# columns: 7
# name: <cell-element>
# type: scalar
0.1215027187431674



# name: <cell-element>
# type: scalar
-0.3026868989721824



# name: <cell-element>
# type: scalar
0.04440608767699313



# name: <cell-element>
# type: scalar
-0.2472856438766765



# name: <cell-element>
# type: scalar
-0.2662622359635691



# name: <cell-element>
# type: scalar
0.2443334624376058



# name: <cell-element>
# type: scalar
0





# name: models
# type: cell
# rows: 1
# columns: 7
# name: <cell-element>
# type: scalar struct
# ndims: 2
 1 1
# length: 11
# name: Parameters
# type: matrix
# rows: 5
# columns: 1
 3
 0
 3
 1
 0


# name: nr_class
# type: scalar
2


# name: totalSV
# type: scalar
37


# name: rho
# type: scalar
-0.1215027187431674


# name: Label
# type: matrix
# rows: 0
# columns: 0


# name: sv_indices
# type: matrix
# rows: 37
# columns: 1
 2
 3
 4
 6
 7
 8
 9
 10
 11
 13
 14
 16
 17
 18
 19
 20
 22
 23
 25
 26
 27
 28
 29
 30
 31
 32
 34
 35
 36
 37
 38
 40
 41
 42
 43
 44
 45


# name: ProbA
# type: matrix
# rows: 0
# columns: 0


# name: ProbB
# type: matrix
# rows: 0
# columns: 0


# name: nSV
# type: matrix
# rows: 0
# columns: 0


