# Created by Octave 4.0.0, Wed May 18 23:46:40 2016 CEST <peter@Independence>
# name: SVs
# type: cell
# rows: 1
# columns: 7
# name: <cell-element>
# type: sparse matrix
# nnz: 39
# rows: 39
# columns: 1
1 1 1.334101342187074
2 1 1.334101342187074
3 1 -0.4524343682199642
4 1 -1.345702223423484
5 1 -1.345702223423484
6 1 -0.4524343682199642
7 1 0.4408334869835551
8 1 -1.345702223423484
9 1 0.4408334869835551
10 1 0.4408334869835551
11 1 1.334101342187074
12 1 0.4408334869835551
13 1 -0.4524343682199642
14 1 0.4408334869835551
15 1 -0.4524343682199642
16 1 -1.345702223423484
17 1 -0.4524343682199642
18 1 1.334101342187074
19 1 -1.345702223423484
20 1 1.334101342187074
21 1 0.4408334869835551
22 1 -1.345702223423484
23 1 -1.345702223423484
24 1 1.334101342187074
25 1 -0.4524343682199642
26 1 -1.345702223423484
27 1 0.4408334869835551
28 1 -0.4524343682199642
29 1 1.334101342187074
30 1 -0.4524343682199642
31 1 0.4408334869835551
32 1 -1.345702223423484
33 1 0.4408334869835551
34 1 -0.4524343682199642
35 1 1.334101342187074
36 1 -0.4524343682199642
37 1 -0.4524343682199642
38 1 -1.345702223423484
39 1 1.334101342187074



# name: <cell-element>
# type: sparse matrix
# nnz: 10
# rows: 10
# columns: 1
1 1 1.334101342187074
2 1 -1.345702223423484
3 1 -1.345702223423484
4 1 0.4408334869835551
5 1 1.334101342187074
6 1 1.334101342187074
7 1 -1.345702223423484
8 1 -1.345702223423484
9 1 0.4408334869835551
10 1 -1.345702223423484



# name: <cell-element>
# type: sparse matrix
# nnz: 44
# rows: 44
# columns: 1
1 1 1.334101342187074
2 1 1.334101342187074
3 1 -0.4524343682199642
4 1 -1.345702223423484
5 1 -1.345702223423484
6 1 -0.4524343682199642
7 1 0.4408334869835551
8 1 -1.345702223423484
9 1 0.4408334869835551
10 1 -0.4524343682199642
11 1 0.4408334869835551
12 1 1.334101342187074
13 1 0.4408334869835551
14 1 -0.4524343682199642
15 1 0.4408334869835551
16 1 -0.4524343682199642
17 1 -1.345702223423484
18 1 -0.4524343682199642
19 1 1.334101342187074
20 1 -1.345702223423484
21 1 1.334101342187074
22 1 0.4408334869835551
23 1 -1.345702223423484
24 1 -1.345702223423484
25 1 0.4408334869835551
26 1 1.334101342187074
27 1 0.4408334869835551
28 1 -1.345702223423484
29 1 -0.4524343682199642
30 1 -1.345702223423484
31 1 0.4408334869835551
32 1 -0.4524343682199642
33 1 1.334101342187074
34 1 -0.4524343682199642
35 1 0.4408334869835551
36 1 -1.345702223423484
37 1 0.4408334869835551
38 1 1.334101342187074
39 1 0.4408334869835551
40 1 -0.4524343682199642
41 1 -0.4524343682199642
42 1 -1.345702223423484
43 1 -0.4524343682199642
44 1 1.334101342187074



# name: <cell-element>
# type: sparse matrix
# nnz: 33
# rows: 33
# columns: 1
1 1 1.334101342187074
2 1 1.334101342187074
3 1 -1.345702223423484
4 1 -1.345702223423484
5 1 -0.4524343682199642
6 1 0.4408334869835551
7 1 -1.345702223423484
8 1 0.4408334869835551
9 1 -0.4524343682199642
10 1 1.334101342187074
11 1 0.4408334869835551
12 1 -1.345702223423484
13 1 -0.4524343682199642
14 1 1.334101342187074
15 1 -1.345702223423484
16 1 1.334101342187074
17 1 0.4408334869835551
18 1 -1.345702223423484
19 1 1.334101342187074
20 1 -1.345702223423484
21 1 -0.4524343682199642
22 1 -1.345702223423484
23 1 0.4408334869835551
24 1 -0.4524343682199642
25 1 1.334101342187074
26 1 -0.4524343682199642
27 1 -1.345702223423484
28 1 -0.4524343682199642
29 1 1.334101342187074
30 1 -0.4524343682199642
31 1 -1.345702223423484
32 1 -0.4524343682199642
33 1 1.334101342187074



# name: <cell-element>
# type: sparse matrix
# nnz: 33
# rows: 33
# columns: 1
1 1 1.334101342187074
2 1 1.334101342187074
3 1 -1.345702223423484
4 1 -1.345702223423484
5 1 -0.4524343682199642
6 1 0.4408334869835551
7 1 -1.345702223423484
8 1 0.4408334869835551
9 1 -0.4524343682199642
10 1 1.334101342187074
11 1 0.4408334869835551
12 1 -1.345702223423484
13 1 -0.4524343682199642
14 1 1.334101342187074
15 1 -1.345702223423484
16 1 1.334101342187074
17 1 0.4408334869835551
18 1 -1.345702223423484
19 1 -1.345702223423484
20 1 1.334101342187074
21 1 -1.345702223423484
22 1 -0.4524343682199642
23 1 0.4408334869835551
24 1 -0.4524343682199642
25 1 1.334101342187074
26 1 -0.4524343682199642
27 1 -1.345702223423484
28 1 -0.4524343682199642
29 1 1.334101342187074
30 1 -0.4524343682199642
31 1 -1.345702223423484
32 1 -0.4524343682199642
33 1 1.334101342187074



# name: <cell-element>
# type: sparse matrix
# nnz: 40
# rows: 40
# columns: 1
1 1 1.334101342187074
2 1 1.334101342187074
3 1 -0.4524343682199642
4 1 -1.345702223423484
5 1 -1.345702223423484
6 1 -0.4524343682199642
7 1 0.4408334869835551
8 1 -1.345702223423484
9 1 0.4408334869835551
10 1 -0.4524343682199642
11 1 1.334101342187074
12 1 1.334101342187074
13 1 0.4408334869835551
14 1 -0.4524343682199642
15 1 0.4408334869835551
16 1 -0.4524343682199642
17 1 -0.4524343682199642
18 1 1.334101342187074
19 1 -1.345702223423484
20 1 1.334101342187074
21 1 0.4408334869835551
22 1 -1.345702223423484
23 1 -1.345702223423484
24 1 0.4408334869835551
25 1 1.334101342187074
26 1 0.4408334869835551
27 1 -1.345702223423484
28 1 -0.4524343682199642
29 1 -1.345702223423484
30 1 0.4408334869835551
31 1 -0.4524343682199642
32 1 1.334101342187074
33 1 -0.4524343682199642
34 1 0.4408334869835551
35 1 -1.345702223423484
36 1 1.334101342187074
37 1 0.4408334869835551
38 1 -0.4524343682199642
39 1 -0.4524343682199642
40 1 -0.4524343682199642



# name: <cell-element>
# type: scalar
0





# name: coefficients
# type: cell
# rows: 1
# columns: 7
# name: <cell-element>
# type: matrix
# rows: 39
# columns: 1
 2.04352462314946
 5
 -5
 5
 5
 -5
 -5
 5
 -5
 -5
 5
 -5
 -5
 -5
 -5
 5
 -5
 -5
 5
 5
 -5
 5
 -5
 5
 5
 -5
 -5
 -5
 5
 5
 5
 5
 -5
 -5
 5
 -5
 2.956475376850522
 5
 5



# name: <cell-element>
# type: matrix
# rows: 10
# columns: 1
 -0.1
 0.1
 0.1
 -0.1
 -0.1
 -0.1
 0.1
 0.1
 -0.1
 0.1



# name: <cell-element>
# type: matrix
# rows: 44
# columns: 1
 1.359548283340577
 5
 -5
 5
 5
 -5
 -5
 5
 -5
 5
 -5
 5
 -5
 -5
 -5
 -5
 5
 -5
 -5
 5
 5
 -5
 5
 -5
 -5
 5
 -5
 -1.359548283340579
 5
 -5
 -5
 5
 5
 5
 -5
 5
 -5
 5
 -5
 -5
 5
 5
 5
 5



# name: <cell-element>
# type: matrix
# rows: 33
# columns: 1
 -0.1
 -0.1
 0.1
 0.1
 -0.1
 -0.1
 0.1
 -0.1
 0.1
 -0.1
 -0.1
 0.1
 -0.1
 -0.1
 0.1
 -0.1
 -0.1
 0.1
 -0.1
 0.1
 0.1
 0.04373560884316628
 -0.1
 0.1
 -0.1
 0.1
 0.1
 0.05626439115683373
 -0.1
 0.1
 0.1
 0.1
 -0.1



# name: <cell-element>
# type: matrix
# rows: 33
# columns: 1
 -5
 -5
 5
 5
 -2.736922101322058
 -5
 5
 -5
 5
 -5
 -5
 5
 -5
 -5
 5
 -5
 -5
 5
 -2.263077898677943
 -5
 5
 5
 -5
 5
 -5
 5
 5
 5
 -5
 5
 5
 5
 -5



# name: <cell-element>
# type: matrix
# rows: 40
# columns: 1
 -0.6157899999999999
 -0.3784766496772088
 -0.6157899999999999
 0.0182673285051649
 0.6157899999999999
 -0.6157899999999999
 -0.6157899999999999
 0.6157899999999999
 -0.6157899999999999
 0.6157899999999999
 0.6157899999999999
 -0.6157899999999999
 -0.6157899999999999
 -0.6157899999999999
 -0.1396901120064939
 -0.6157899999999999
 -0.6157899999999999
 -0.6157899999999999
 0.6157899999999999
 0.6157899999999999
 -0.6157899999999999
 0.6157899999999999
 -0.6157899999999999
 0.6157899999999999
 0.6157899999999999
 0.6157899999999999
 -0.6157899999999999
 0.6157899999999999
 -0.6157899999999999
 -0.6157899999999999
 0.4998994331785379
 -0.6157899999999999
 0.6157899999999999
 0.6157899999999999
 0.6157899999999999
 0.6157899999999999
 0.6157899999999999
 -0.6157899999999999
 0.6157899999999999
 0.6157899999999999



# name: <cell-element>
# type: scalar
0





# name: b
# type: cell
# rows: 1
# columns: 7
# name: <cell-element>
# type: scalar
0.158448630830639



# name: <cell-element>
# type: scalar
-0.2185375807292168



# name: <cell-element>
# type: scalar
0.1942377989086006



# name: <cell-element>
# type: scalar
-0.2959582757742727



# name: <cell-element>
# type: scalar
-0.3139738705570903



# name: <cell-element>
# type: scalar
0.2103203909912912



# name: <cell-element>
# type: scalar
0





# name: models
# type: cell
# rows: 1
# columns: 7
