# Created by Octave 4.0.0, Mon May 23 13:46:48 2016 CEST <peter@Independence>
# name: mu
# type: matrix
# rows: 1
# columns: 2
 260163.5844155844 90.12987012987013


# name: sigma
# type: matrix
# rows: 1
# columns: 2
 89378.70149660799 22.38970078627005


