# Created by Octave 4.0.0, Wed May 18 23:46:40 2016 CEST <peter@Independence>
# name: x
# type: matrix
# rows: 1
# columns: 100
 60 60.60606060606061 61.21212121212121 61.81818181818181 62.42424242424242 63.03030303030303 63.63636363636364 64.24242424242425 64.84848484848484 65.45454545454545 66.06060606060606 66.66666666666667 67.27272727272728 67.87878787878788 68.48484848484848 69.09090909090909 69.69696969696969 70.30303030303031 70.90909090909091 71.51515151515152 72.12121212121212 72.72727272727272 73.33333333333333 73.93939393939394 74.54545454545455 75.15151515151516 75.75757575757575 76.36363636363636 76.96969696969697 77.57575757575758 78.18181818181819 78.78787878787878 79.39393939393939 80 80.60606060606061 81.21212121212122 81.81818181818181 82.42424242424242 83.03030303030303 83.63636363636364 84.24242424242424 84.84848484848484 85.45454545454545 86.06060606060606 86.66666666666667 87.27272727272727 87.87878787878788 88.48484848484848 89.09090909090909 89.6969696969697 90.3030303030303 90.90909090909091 91.51515151515152 92.12121212121212 92.72727272727272 93.33333333333333 93.93939393939394 94.54545454545455 95.15151515151516 95.75757575757575 96.36363636363636 96.96969696969697 97.57575757575758 98.18181818181819 98.78787878787878 99.39393939393939 100 100.6060606060606 101.2121212121212 101.8181818181818 102.4242424242424 103.030303030303 103.6363636363636 104.2424242424242 104.8484848484848 105.4545454545455 106.0606060606061 106.6666666666667 107.2727272727273 107.8787878787879 108.4848484848485 109.0909090909091 109.6969696969697 110.3030303030303 110.9090909090909 111.5151515151515 112.1212121212121 112.7272727272727 113.3333333333333 113.9393939393939 114.5454545454545 115.1515151515152 115.7575757575758 116.3636363636364 116.969696969697 117.5757575757576 118.1818181818182 118.7878787878788 119.3939393939394 120


# name: y
# type: matrix
# rows: 100
# columns: 1
 305267.5558780672
 299681.546440609
 294429.1536511867
 289496.8221743617
 284871.2778223948
 280539.5275552437
 276488.859480564
 272706.8428537099
 269181.328077733
 265900.4467033833
 262852.6114291089
 260026.5161010557
 257411.1357130671
 254995.7264066849
 252769.8254711488
 250723.2513433969
 248846.1036080644
 247128.7629974854
 245561.8913916912
 244136.4318184115
 242843.6084530738
 241674.9266188037
 240622.1727864246
 239677.4145744583
 238833.0007491239
 238081.5612243389
 237416.0070617189
 236829.5304705771
 236315.6048079249
 235867.9845784716
 235480.7054346246
 235148.084176489
 234864.7187518681
 234625.4882562632
 234425.5529328734
 234260.3541725958
 234125.6145140257
 234017.3376434561
 233931.808394878
 233865.5927499806
 233815.5378381508
 233778.7719364737
 233752.7044697322
 233735.0260104073
 233723.7082786777
 233717.0041424206
 233713.4476172106
 233711.8538663207
 233711.3192007216
 233711.2210790821
 233711.218107769
 233711.2500408469
 233711.5377800786
 233712.5833749248
 233715.170022544
 233720.3620677929
 233729.505003226
 233744.225469096
 233766.4312533533
 233798.3112916465
 233842.335667322
 233901.2556114243
 233978.1035026958
 234076.1928675769
 234199.1183802059
 234350.7558624192
 234535.2622837511
 234757.0757614339
 235020.9155603978
 235331.7820932711
 235694.9569203799
 236116.0027497485
 236600.763437099
 237155.3639858515
 237786.210547124
 238499.9904197328
 239303.6720501917
 240204.5050327128
 241210.0201092062
 242328.0291692797
 243566.6252502392
 244934.1825370888
 246439.3563625301
 248091.0832069632
 249898.5806984857
 251871.3476128936
 254019.1638736806
 256352.0905520383
 258880.4698668567
 261614.9251847228
 264566.3610199233
 267745.9630344412
 271165.1980379578
 274835.8139878535
 278769.8399892051
 282979.5862947884
 287477.6443050773
 292276.8865682426
 297390.4667801537
 302831.8197843783


# name: QUERY
# type: sq_string
# elements: 1
# length: 2
R1


# name: DATASIZE
# type: sq_string
# elements: 1
# length: 3
750


