# Created by Octave 4.0.0, Mon May 23 13:46:54 2016 CEST <peter@Independence>
# name: x
# type: matrix
# rows: 1
# columns: 100
 60 60.60606060606061 61.21212121212121 61.81818181818181 62.42424242424242 63.03030303030303 63.63636363636364 64.24242424242425 64.84848484848484 65.45454545454545 66.06060606060606 66.66666666666667 67.27272727272728 67.87878787878788 68.48484848484848 69.09090909090909 69.69696969696969 70.30303030303031 70.90909090909091 71.51515151515152 72.12121212121212 72.72727272727272 73.33333333333333 73.93939393939394 74.54545454545455 75.15151515151516 75.75757575757575 76.36363636363636 76.96969696969697 77.57575757575758 78.18181818181819 78.78787878787878 79.39393939393939 80 80.60606060606061 81.21212121212122 81.81818181818181 82.42424242424242 83.03030303030303 83.63636363636364 84.24242424242424 84.84848484848484 85.45454545454545 86.06060606060606 86.66666666666667 87.27272727272727 87.87878787878788 88.48484848484848 89.09090909090909 89.6969696969697 90.3030303030303 90.90909090909091 91.51515151515152 92.12121212121212 92.72727272727272 93.33333333333333 93.93939393939394 94.54545454545455 95.15151515151516 95.75757575757575 96.36363636363636 96.96969696969697 97.57575757575758 98.18181818181819 98.78787878787878 99.39393939393939 100 100.6060606060606 101.2121212121212 101.8181818181818 102.4242424242424 103.030303030303 103.6363636363636 104.2424242424242 104.8484848484848 105.4545454545455 106.0606060606061 106.6666666666667 107.2727272727273 107.8787878787879 108.4848484848485 109.0909090909091 109.6969696969697 110.3030303030303 110.9090909090909 111.5151515151515 112.1212121212121 112.7272727272727 113.3333333333333 113.9393939393939 114.5454545454545 115.1515151515152 115.7575757575758 116.3636363636364 116.969696969697 117.5757575757576 118.1818181818182 118.7878787878788 119.3939393939394 120


# name: y
# type: matrix
# rows: 100
# columns: 1
 282457.9812981003
 280492.6773424671
 278567.3069940605
 276681.8702528796
 274836.3671189259
 273030.7975921981
 271265.1616726967
 269539.4593604212
 267853.690655372
 266207.8555575482
 264601.9540669513
 263035.9861835809
 261509.9519074365
 260023.8512385182
 258577.6841768258
 257171.45072236
 255805.15087512
 254478.7846351069
 253192.3520023196
 251945.8529767589
 250739.2875584239
 249572.6557473152
 248445.9575434329
 247359.1929467767
 246312.3619573469
 245305.4645751431
 244338.5008001656
 243411.4706324142
 242524.3740718891
 241677.2111185902
 240869.9817725175
 240102.6860336709
 239375.3239020507
 238687.8953776566
 238040.4004604888
 237432.8391505471
 236865.2114478317
 236337.5173523425
 235849.7568640795
 235401.9299830427
 234994.0367092321
 234626.0770426478
 234298.0509832896
 234009.9585311576
 233761.7996862519
 233553.5744485724
 233385.282818119
 233256.9247948919
 233168.500378891
 233120.0095701164
 233111.4523685679
 233142.8287742456
 233214.1387871496
 233325.3824072797
 233476.5596346361
 233667.6704692187
 233898.7149110275
 234169.6929600625
 234480.6046163237
 234831.4498798111
 235222.2287505248
 235652.9412284646
 236123.5873136306
 236634.1670060229
 237184.6803056413
 237775.1272124861
 238405.5077265569
 239075.8218478541
 239786.0695763775
 240536.2509121269
 241326.3658551027
 242156.4144053048
 243026.3965627328
 243936.3123273872
 244886.1616992679
 245875.9446783746
 246905.6612647076
 247975.3114582668
 249084.8952590525
 250234.4126670639
 251423.8636823016
 252653.248304766
 253922.566534456
 255231.8183713729
 256581.0038155152
 257970.122866884
 259399.1755254793
 260868.1617913006
 262377.0816643485
 263925.9351446214
 265514.7222321216
 267143.4429268483
 268812.0972288005
 270520.6851379793
 272269.2066543842
 274057.6617780149
 275886.0505088721
 277754.3728469555
 279662.6287922651
 281610.8183448006


# name: QUERY
# type: sq_string
# elements: 1
# length: 2
R1


# name: DATASIZE
# type: sq_string
# elements: 1
# length: 3
750


