# Created by Octave 4.0.0, Mon May 23 13:46:54 2016 CEST <peter@Independence>
# name: x
# type: matrix
# rows: 1
# columns: 100
 60 60.60606060606061 61.21212121212121 61.81818181818181 62.42424242424242 63.03030303030303 63.63636363636364 64.24242424242425 64.84848484848484 65.45454545454545 66.06060606060606 66.66666666666667 67.27272727272728 67.87878787878788 68.48484848484848 69.09090909090909 69.69696969696969 70.30303030303031 70.90909090909091 71.51515151515152 72.12121212121212 72.72727272727272 73.33333333333333 73.93939393939394 74.54545454545455 75.15151515151516 75.75757575757575 76.36363636363636 76.96969696969697 77.57575757575758 78.18181818181819 78.78787878787878 79.39393939393939 80 80.60606060606061 81.21212121212122 81.81818181818181 82.42424242424242 83.03030303030303 83.63636363636364 84.24242424242424 84.84848484848484 85.45454545454545 86.06060606060606 86.66666666666667 87.27272727272727 87.87878787878788 88.48484848484848 89.09090909090909 89.6969696969697 90.3030303030303 90.90909090909091 91.51515151515152 92.12121212121212 92.72727272727272 93.33333333333333 93.93939393939394 94.54545454545455 95.15151515151516 95.75757575757575 96.36363636363636 96.96969696969697 97.57575757575758 98.18181818181819 98.78787878787878 99.39393939393939 100 100.6060606060606 101.2121212121212 101.8181818181818 102.4242424242424 103.030303030303 103.6363636363636 104.2424242424242 104.8484848484848 105.4545454545455 106.0606060606061 106.6666666666667 107.2727272727273 107.8787878787879 108.4848484848485 109.0909090909091 109.6969696969697 110.3030303030303 110.9090909090909 111.5151515151515 112.1212121212121 112.7272727272727 113.3333333333333 113.9393939393939 114.5454545454545 115.1515151515152 115.7575757575758 116.3636363636364 116.969696969697 117.5757575757576 118.1818181818182 118.7878787878788 119.3939393939394 120


# name: y
# type: matrix
# rows: 100
# columns: 1
 358294.5821613388
 352725.9207422546
 347381.255101452
 342255.9870851205
 337345.5185394611
 332645.2513106625
 328150.5872449182
 323856.928188424
 319759.6759873716
 315854.2324879508
 312135.9995363645
 308600.3789788028
 305242.7726614542
 302058.5824305183
 299043.2101321858
 296192.0576126516
 293500.526718109
 290964.019294754
 288577.9371887762
 286337.6822463722
 284238.6563137328
 282276.261237054
 280445.8988625287
 278742.9710363514
 277162.8796047145
 275701.026413812
 274352.8133098381
 273113.6421389858
 271978.9147474493
 270944.032981422
 270004.3986870975
 269155.4137106694
 268392.4798983318
 267710.9990962776
 267106.3731507012
 266574.0039077958
 266109.2932137551
 265707.6429147731
 265364.454857043
 265075.1308867587
 264835.0728501139
 264639.6825933021
 264484.361962517
 264364.5128039523
 264275.5369638017
 264212.8362882587
 264171.812623517
 264147.8678157704
 264136.4037112124
 264132.8221560367
 264132.524996437
 264130.9140786068
 264123.39124874
 264105.3583530301
 264072.2172376707
 264019.3697488556
 263942.2177327785
 263836.1630356328
 263696.6075036123
 263518.9529829107
 263298.6013197216
 263030.9543602387
 262711.4139506556
 262335.381937166
 261898.2601659635
 261395.4504832417
 260822.3547351944
 260174.3747680153
 259446.9124278977
 258635.3695610358
 257735.148013623
 256741.6496318526
 255650.2762619187
 254456.4297500148
 253155.5119423345
 251742.9246850719
 250214.0698244202
 248564.3492065725
 246789.1646777227
 244883.9180840665
 242844.011271796
 240664.8460871024
 238341.8243761841
 235870.3479852317
 233245.8187604387
 230463.6385480015
 227519.2091941106
 224407.9325449595
 221125.2104467444
 217666.4447456607
 214027.0372878948
 210202.3899196443
 206187.904487109
 201978.9828364706
 197571.0268139316
 192959.4382656842
 188139.6190379177
 183106.9709768325
 177856.8959286191
 172384.7957394689


# name: QUERY
# type: sq_string
# elements: 1
# length: 2
R1


# name: DATASIZE
# type: sq_string
# elements: 1
# length: 3
750


