# Created by Octave 4.0.0, Wed May 18 23:46:40 2016 CEST <peter@Independence>
# name: x
# type: matrix
# rows: 1
# columns: 100
 60 60.60606060606061 61.21212121212121 61.81818181818181 62.42424242424242 63.03030303030303 63.63636363636364 64.24242424242425 64.84848484848484 65.45454545454545 66.06060606060606 66.66666666666667 67.27272727272728 67.87878787878788 68.48484848484848 69.09090909090909 69.69696969696969 70.30303030303031 70.90909090909091 71.51515151515152 72.12121212121212 72.72727272727272 73.33333333333333 73.93939393939394 74.54545454545455 75.15151515151516 75.75757575757575 76.36363636363636 76.96969696969697 77.57575757575758 78.18181818181819 78.78787878787878 79.39393939393939 80 80.60606060606061 81.21212121212122 81.81818181818181 82.42424242424242 83.03030303030303 83.63636363636364 84.24242424242424 84.84848484848484 85.45454545454545 86.06060606060606 86.66666666666667 87.27272727272727 87.87878787878788 88.48484848484848 89.09090909090909 89.6969696969697 90.3030303030303 90.90909090909091 91.51515151515152 92.12121212121212 92.72727272727272 93.33333333333333 93.93939393939394 94.54545454545455 95.15151515151516 95.75757575757575 96.36363636363636 96.96969696969697 97.57575757575758 98.18181818181819 98.78787878787878 99.39393939393939 100 100.6060606060606 101.2121212121212 101.8181818181818 102.4242424242424 103.030303030303 103.6363636363636 104.2424242424242 104.8484848484848 105.4545454545455 106.0606060606061 106.6666666666667 107.2727272727273 107.8787878787879 108.4848484848485 109.0909090909091 109.6969696969697 110.3030303030303 110.9090909090909 111.5151515151515 112.1212121212121 112.7272727272727 113.3333333333333 113.9393939393939 114.5454545454545 115.1515151515152 115.7575757575758 116.3636363636364 116.969696969697 117.5757575757576 118.1818181818182 118.7878787878788 119.3939393939394 120


# name: y
# type: matrix
# rows: 100
# columns: 1
 294471.5555267285
 292327.3398152848
 290226.6930733043
 288169.6153007871
 286156.1064977333
 284186.1666641427
 282259.7958000154
 280376.9939053515
 278537.7609801508
 276742.0970244134
 274990.0020381394
 273281.4760213286
 271616.5189739811
 269995.1308960969
 268417.311787676
 266883.0616487184
 265392.3804792241
 263945.2682791932
 262541.7250486255
 261181.7507875211
 259865.34549588
 258592.5091737022
 257363.2418209877
 256177.5434377365
 255035.4140239486
 253936.853579624
 252881.8621047628
 251870.4395993647
 250902.58606343
 249978.3014969586
 249097.5858999505
 248260.4392724057
 247466.8616143242
 246716.852925706
 246010.4132065511
 245347.5424568595
 244728.2406766312
 244152.5078658662
 243620.3440245644
 243131.749152726
 242686.7232503509
 242285.2663174391
 241927.3783539906
 241613.0593600053
 241342.3093354834
 241115.1282804248
 240931.5161948294
 240791.4730786974
 240694.9989320287
 240642.0937548232
 240632.7575470811
 240666.9903088023
 240744.7920399867
 240866.1627406345
 241031.1024107455
 241239.6110503199
 241491.6886593576
 241787.3352378585
 242126.5507858228
 242509.3353032503
 242935.6887901412
 243405.6112464953
 243919.1026723128
 244476.1630675935
 245076.7924323376
 245720.9907665449
 246408.7580702155
 247140.0943433495
 247914.9995859467
 248733.4737980072
 249595.5169795311
 250501.1291305182
 251450.3102509686
 252443.0603408824
 253479.3794002594
 254559.2674290997
 255682.7244274034
 256849.7503951703
 258060.3453324005
 259314.509239094
 260612.2421152508
 261953.543960871
 263338.4147759544
 264766.8545605011
 266238.8633145111
 267754.4410379844
 269313.587730921
 270916.3033933209
 272562.5880251842
 274252.4416265106
 275985.8641973005
 277762.8557375536
 279583.41624727
 281447.5457264497
 283355.2441750927
 285306.511593199
 287301.3479807686
 289339.7533378015
 291421.7276642977
 293547.2709602571


# name: QUERY
# type: sq_string
# elements: 1
# length: 2
R1


# name: DATASIZE
# type: sq_string
# elements: 1
# length: 3
750


