# Created by Octave 4.0.0, Mon May 23 13:46:54 2016 CEST <peter@Independence>
# name: x
# type: matrix
# rows: 1
# columns: 100
 60 60.60606060606061 61.21212121212121 61.81818181818181 62.42424242424242 63.03030303030303 63.63636363636364 64.24242424242425 64.84848484848484 65.45454545454545 66.06060606060606 66.66666666666667 67.27272727272728 67.87878787878788 68.48484848484848 69.09090909090909 69.69696969696969 70.30303030303031 70.90909090909091 71.51515151515152 72.12121212121212 72.72727272727272 73.33333333333333 73.93939393939394 74.54545454545455 75.15151515151516 75.75757575757575 76.36363636363636 76.96969696969697 77.57575757575758 78.18181818181819 78.78787878787878 79.39393939393939 80 80.60606060606061 81.21212121212122 81.81818181818181 82.42424242424242 83.03030303030303 83.63636363636364 84.24242424242424 84.84848484848484 85.45454545454545 86.06060606060606 86.66666666666667 87.27272727272727 87.87878787878788 88.48484848484848 89.09090909090909 89.6969696969697 90.3030303030303 90.90909090909091 91.51515151515152 92.12121212121212 92.72727272727272 93.33333333333333 93.93939393939394 94.54545454545455 95.15151515151516 95.75757575757575 96.36363636363636 96.96969696969697 97.57575757575758 98.18181818181819 98.78787878787878 99.39393939393939 100 100.6060606060606 101.2121212121212 101.8181818181818 102.4242424242424 103.030303030303 103.6363636363636 104.2424242424242 104.8484848484848 105.4545454545455 106.0606060606061 106.6666666666667 107.2727272727273 107.8787878787879 108.4848484848485 109.0909090909091 109.6969696969697 110.3030303030303 110.9090909090909 111.5151515151515 112.1212121212121 112.7272727272727 113.3333333333333 113.9393939393939 114.5454545454545 115.1515151515152 115.7575757575758 116.3636363636364 116.969696969697 117.5757575757576 118.1818181818182 118.7878787878788 119.3939393939394 120


# name: y
# type: matrix
# rows: 100
# columns: 1
 291007.0394216101
 284735.228015687
 279075.1553605581
 273978.126390203
 269398.4129142398
 265293.1305790563
 261622.1184349083
 258347.8211089877
 255435.1735844541
 252851.4885854351
 250566.3465679932
 248551.4883170596
 246780.7101493344
 245229.7617221553
 243876.2464483316
 242699.5245169461
 241680.6185201234
 240802.1216857657
 240048.1087162545
 239404.0492331211
 238856.7238276818
 238394.142717642
 238005.4670096659
 237680.9325679139
 237411.7764885465
 237190.1661801955
 237009.131050402
 236862.4967980209
 236744.8223115935
 236651.3391736855
 236577.8937711935
 236520.892011617
 236477.2466452988
 236444.3271936307
 236419.9124832279
 236402.1457860688
 236389.4925656026
 236380.7008288241
 236374.7640843143
 236370.886906249
 236368.4531043741
 236366.9964999475
 236366.1743076483
 236365.7431234528
 236365.5375184773
 236365.4512387884
 236365.4210111795
 236365.4129549145
 236365.4115994391
 236365.4115080579
 236365.4115075791
 236365.4115239266
 236365.4120237178
 236365.4160618095
 236365.4339348101
 236365.4904405592
 236365.6347435734
 236365.9528464602
 236366.5826672976
 236367.7317229813
 236369.6974185392
 236372.889942412
 236377.857767701
 236385.3157593836
 236396.1758874945
 236411.5805462749
 236432.9384792881
 236461.9633105019
 236500.7146813389
 236551.6419936921
 236617.6307589092
 236702.0515527429
 236808.8115762677
 236942.408822765
 237107.988850574
 237311.4041619098
 237559.2761876489
 237859.059878081
 238219.1108996282
 238648.755437531
 239158.3626045011
 239759.4194553416
 240464.6086075333
 241287.8884677889
 242244.5760645736
 243351.4324865926
 244626.7509272461
 246090.4473350503
 247764.1536700263
 249671.3137660548
 251837.2817992005
 254289.4233619984
 257057.2191437121
 260172.3712165574
 263668.9119278901
 267583.3153983654
 271954.611626062
 276824.5031965699
 282237.4845990522
 288240.9641482681


# name: QUERY
# type: sq_string
# elements: 1
# length: 2
R1


# name: DATASIZE
# type: sq_string
# elements: 1
# length: 3
750


