# Created by Octave 4.0.0, Wed May 18 23:46:40 2016 CEST <peter@Independence>
# name: x
# type: matrix
# rows: 1
# columns: 100
 60 60.60606060606061 61.21212121212121 61.81818181818181 62.42424242424242 63.03030303030303 63.63636363636364 64.24242424242425 64.84848484848484 65.45454545454545 66.06060606060606 66.66666666666667 67.27272727272728 67.87878787878788 68.48484848484848 69.09090909090909 69.69696969696969 70.30303030303031 70.90909090909091 71.51515151515152 72.12121212121212 72.72727272727272 73.33333333333333 73.93939393939394 74.54545454545455 75.15151515151516 75.75757575757575 76.36363636363636 76.96969696969697 77.57575757575758 78.18181818181819 78.78787878787878 79.39393939393939 80 80.60606060606061 81.21212121212122 81.81818181818181 82.42424242424242 83.03030303030303 83.63636363636364 84.24242424242424 84.84848484848484 85.45454545454545 86.06060606060606 86.66666666666667 87.27272727272727 87.87878787878788 88.48484848484848 89.09090909090909 89.6969696969697 90.3030303030303 90.90909090909091 91.51515151515152 92.12121212121212 92.72727272727272 93.33333333333333 93.93939393939394 94.54545454545455 95.15151515151516 95.75757575757575 96.36363636363636 96.96969696969697 97.57575757575758 98.18181818181819 98.78787878787878 99.39393939393939 100 100.6060606060606 101.2121212121212 101.8181818181818 102.4242424242424 103.030303030303 103.6363636363636 104.2424242424242 104.8484848484848 105.4545454545455 106.0606060606061 106.6666666666667 107.2727272727273 107.8787878787879 108.4848484848485 109.0909090909091 109.6969696969697 110.3030303030303 110.9090909090909 111.5151515151515 112.1212121212121 112.7272727272727 113.3333333333333 113.9393939393939 114.5454545454545 115.1515151515152 115.7575757575758 116.3636363636364 116.969696969697 117.5757575757576 118.1818181818182 118.7878787878788 119.3939393939394 120


# name: y
# type: matrix
# rows: 100
# columns: 1
 380607.5005462146
 374511.249774095
 368660.2167183209
 363049.3675841241
 357673.6685767506
 352528.0859014384
 347607.5857634133
 342907.1343679195
 338421.6979201843
 334146.2426254452
 330075.7346889522
 326205.1403159306
 322529.4257116146
 319043.5570812469
 315742.5006300593
 312621.2225632902
 309674.6890861751
 306897.8664039568
 304285.7207218603
 301833.2182451296
 299535.3251789962
 297387.0077286997
 295383.2320994749
 293518.9644965604
 291789.17112519
 290188.8181906001
 288712.8718980281
 287356.2984527097
 286114.0640598815
 284981.1349247793
 283952.4772526401
 283023.0572486993
 282187.8411181941
 281441.7950663599
 280779.8852984339
 280197.0780196515
 279688.3394352497
 279248.6357504645
 278872.9331705321
 278556.1979006889
 278293.3961461712
 278079.4941122154
 277909.4580040575
 277778.254026934
 277680.8483860811
 277612.2072867351
 277567.2969341323
 277541.0835335091
 277528.5332901016
 277524.6124091462
 277524.2870958791
 277522.5235555367
 277514.2879933552
 277494.5466145711
 277458.2656244204
 277400.4112281395
 277315.9496309647
 277199.8470381323
 277047.0696548785
 276852.5836864398
 276611.3553380523
 276318.3508149523
 275968.5363223763
 275556.8780655603
 275078.3422497408
 274527.8950801539
 273900.502762036
 273191.1315006233
 272394.747501152
 271506.3169688589
 270520.8061089801
 269433.1811267512
 268238.4082274094
 266931.4536161904
 265507.2834983306
 263960.8640790674
 262287.1615636351
 260481.1421572703
 258537.7720652096
 256452.0174926923
 254218.8446449524
 251833.2197272207
 249290.108944744
 246584.4785027499
 243711.2946064805
 240665.5234611687
 237442.1312720516
 234036.0842443627
 230442.3485833426
 226655.8904942334
 222671.6761822536
 218484.6718526514
 214089.843710671
 209482.1579615284
 204656.5808104746
 199608.0784627461
 194331.617123571
 188822.1629981927
 183074.6822918437
 177084.1412097617


# name: QUERY
# type: sq_string
# elements: 1
# length: 2
R1


# name: DATASIZE
# type: sq_string
# elements: 1
# length: 3
750


