# Created by Octave 4.0.0, Mon May 23 13:46:54 2016 CEST <peter@Independence>
# name: x
# type: matrix
# rows: 1
# columns: 100
 60 60.60606060606061 61.21212121212121 61.81818181818181 62.42424242424242 63.03030303030303 63.63636363636364 64.24242424242425 64.84848484848484 65.45454545454545 66.06060606060606 66.66666666666667 67.27272727272728 67.87878787878788 68.48484848484848 69.09090909090909 69.69696969696969 70.30303030303031 70.90909090909091 71.51515151515152 72.12121212121212 72.72727272727272 73.33333333333333 73.93939393939394 74.54545454545455 75.15151515151516 75.75757575757575 76.36363636363636 76.96969696969697 77.57575757575758 78.18181818181819 78.78787878787878 79.39393939393939 80 80.60606060606061 81.21212121212122 81.81818181818181 82.42424242424242 83.03030303030303 83.63636363636364 84.24242424242424 84.84848484848484 85.45454545454545 86.06060606060606 86.66666666666667 87.27272727272727 87.87878787878788 88.48484848484848 89.09090909090909 89.6969696969697 90.3030303030303 90.90909090909091 91.51515151515152 92.12121212121212 92.72727272727272 93.33333333333333 93.93939393939394 94.54545454545455 95.15151515151516 95.75757575757575 96.36363636363636 96.96969696969697 97.57575757575758 98.18181818181819 98.78787878787878 99.39393939393939 100 100.6060606060606 101.2121212121212 101.8181818181818 102.4242424242424 103.030303030303 103.6363636363636 104.2424242424242 104.8484848484848 105.4545454545455 106.0606060606061 106.6666666666667 107.2727272727273 107.8787878787879 108.4848484848485 109.0909090909091 109.6969696969697 110.3030303030303 110.9090909090909 111.5151515151515 112.1212121212121 112.7272727272727 113.3333333333333 113.9393939393939 114.5454545454545 115.1515151515152 115.7575757575758 116.3636363636364 116.969696969697 117.5757575757576 118.1818181818182 118.7878787878788 119.3939393939394 120


# name: y
# type: matrix
# rows: 100
# columns: 1
 283525.3926622953
 279976.2779481995
 276639.1291764584
 273505.3338588546
 270566.4581365578
 267814.2467801216
 265240.6231894847
 262837.6893939718
 260597.7260522926
 258513.1924525416
 256576.7265121996
 254781.1447781319
 253119.4424265886
 251584.7932632056
 250170.549723004
 248870.2428703903
 247677.5823991556
 246586.4566324773
 245590.9325229167
 244685.2556524213
 243863.8502323233
 243121.3191033404
 242452.4437355757
 241852.1842285173
 241315.6793110384
 240838.2463413976
 240415.3813072388
 240042.7588255909
 239716.2321428683
 239431.8331348705
 239185.7723067823
 238974.4387931734
 238794.4003579993
 238642.4033946003
 238515.3729257021
 238410.4126034155
 238324.8047092368
 238256.0101540472
 238201.6684781133
 238159.597851087
 238127.7950720053
 238104.4355692905
 238087.8734007501
 238076.6412535768
 238069.4504443487
 238065.1909190289
 238062.9312529658
 238061.9186508932
 238061.5789469299
 238061.51660458
 238061.514716733
 238061.5350056635
 238061.7178230311
 238062.3821498811
 238064.0255966436
 238067.3244031343
 238073.1334385538
 238082.4862014881
 238096.5948199085
 238116.8500511714
 238144.8212820184
 238182.2565285765
 238231.0824363578
 238293.4042802597
 238371.5059645647
 238467.8500229408
 238585.0776184408
 238726.0085435033
 238893.6412199517
 239091.1526989947
 239321.8986612263
 239589.4134166257
 239897.4099045575
 240249.7796937712
 240650.5929824018
 241104.0985979693
 241614.7239973793
 242187.0752669223
 242825.9371222743
 243536.2729084959
 244323.2246000338
 245192.1128007196
 246148.4367437697
 247197.8742917864
 248346.2819367567
 249599.6948000532
 250964.3266324336
 252446.5698140408
 254052.995354403
 255790.3528924329
 257665.5706964305
 259685.7556640785
 261858.1933224461
 264190.3478279884
 266689.8619665438
 269364.5571533376
 272222.4334329804
 275271.6694794667
 278520.6225961765
 281977.828715876


# name: QUERY
# type: sq_string
# elements: 1
# length: 2
R1


# name: DATASIZE
# type: sq_string
# elements: 1
# length: 3
750


