# Created by Octave 4.0.0, Wed May 18 23:46:40 2016 CEST <peter@Independence>
# name: x
# type: matrix
# rows: 1
# columns: 100
 60 60.60606060606061 61.21212121212121 61.81818181818181 62.42424242424242 63.03030303030303 63.63636363636364 64.24242424242425 64.84848484848484 65.45454545454545 66.06060606060606 66.66666666666667 67.27272727272728 67.87878787878788 68.48484848484848 69.09090909090909 69.69696969696969 70.30303030303031 70.90909090909091 71.51515151515152 72.12121212121212 72.72727272727272 73.33333333333333 73.93939393939394 74.54545454545455 75.15151515151516 75.75757575757575 76.36363636363636 76.96969696969697 77.57575757575758 78.18181818181819 78.78787878787878 79.39393939393939 80 80.60606060606061 81.21212121212122 81.81818181818181 82.42424242424242 83.03030303030303 83.63636363636364 84.24242424242424 84.84848484848484 85.45454545454545 86.06060606060606 86.66666666666667 87.27272727272727 87.87878787878788 88.48484848484848 89.09090909090909 89.6969696969697 90.3030303030303 90.90909090909091 91.51515151515152 92.12121212121212 92.72727272727272 93.33333333333333 93.93939393939394 94.54545454545455 95.15151515151516 95.75757575757575 96.36363636363636 96.96969696969697 97.57575757575758 98.18181818181819 98.78787878787878 99.39393939393939 100 100.6060606060606 101.2121212121212 101.8181818181818 102.4242424242424 103.030303030303 103.6363636363636 104.2424242424242 104.8484848484848 105.4545454545455 106.0606060606061 106.6666666666667 107.2727272727273 107.8787878787879 108.4848484848485 109.0909090909091 109.6969696969697 110.3030303030303 110.9090909090909 111.5151515151515 112.1212121212121 112.7272727272727 113.3333333333333 113.9393939393939 114.5454545454545 115.1515151515152 115.7575757575758 116.3636363636364 116.969696969697 117.5757575757576 118.1818181818182 118.7878787878788 119.3939393939394 120


# name: y
# type: matrix
# rows: 100
# columns: 1
 305853.616941218
 297388.2312199756
 289748.5406849213
 282868.8191063256
 276687.3447989527
 271146.2345499292
 266191.2810642441
 261771.7939279654
 257840.4440883099
 254353.1118515267
 251268.7383980903
 248549.1808151992
 246159.0706466596
 244065.6759604965
 242238.7669336015
 240650.4849539576
 239275.2152402322
 238089.4629788383
 237071.7329782769
 236202.4128410475
 235463.659652824
 234839.2901891447
 234314.6746394205
 233876.6338484257
 233513.3400751326
 233214.2212690071
 232969.868863682
 232771.9490880374
 232613.1177947036
 232486.9388059558
 232387.8057770269
 232310.8675768211
 232251.9571860406
 232207.5241127123
 232174.5703251295
 232150.5897021947
 232133.5110011738
 232121.6443428558
 232113.6312141198
 232108.39798791
 232105.1129606178
 232103.1469068709
 232102.0371517302
 232101.4551602933
 232101.1776447064
 232101.0611885824
 232101.0203888274
 232101.0095148731
 232101.0076853184
 232101.0075619764
 232101.0075613303
 232101.0075833953
 232101.0082579891
 232101.0137084087
 232101.0378325149
 232101.1141012242
 232101.3088744081
 232101.7382341993
 232102.5883357056
 232104.139275131
 232106.7924753042
 232111.1015886141
 232117.8069173533
 232127.8733514682
 232142.5318237164
 232163.3242822327
 232192.1521805001
 232231.3284847311
 232283.633198653
 232352.3724057032
 232441.4408286312
 232555.3879065064
 232699.4873891351
 232879.8104488844
 233103.302309913
 233377.862394806
 233712.4279886297
 234117.061420372
 234603.0407618192
 235182.9540437915
 235870.7969898613
 236682.0742674223
 237633.9042561278
 238745.1273338789
 240036.4176800407
 241530.3985962216
 243251.7613443523
 245227.3875022251
 247486.4748364238
 250060.6666926119
 252984.1849035017
 256293.9662136464
 260029.8022222569
 264234.482843234
 268953.9432822336
 274237.4145317607
 280137.5773833307
 286710.7199567556
 294016.8987474398
 302120.1031908751


# name: QUERY
# type: sq_string
# elements: 1
# length: 2
R1


# name: DATASIZE
# type: sq_string
# elements: 1
# length: 3
750


