# Created by Octave 3.8.2, Wed May 18 17:32:27 2016 CEST <Andrea@Andreas-MacBook-Pro.local>
# name: x
# type: matrix
# rows: 1
# columns: 100
 0.008333333333333333 0.008417508417508417 0.008501683501683501 0.008585858585858586 0.00867003367003367 0.008754208754208754 0.008838383838383838 0.008922558922558922 0.009006734006734006 0.00909090909090909 0.009175084175084175 0.009259259259259259 0.009343434343434343 0.009427609427609427 0.009511784511784511 0.009595959595959595 0.009680134680134679 0.009764309764309764 0.009848484848484848 0.009932659932659932 0.01001683501683502 0.0101010101010101 0.01018518518518518 0.01026936026936027 0.01035353535353535 0.01043771043771044 0.01052188552188552 0.0106060606060606 0.01069023569023569 0.01077441077441077 0.01085858585858586 0.01094276094276094 0.01102693602693603 0.01111111111111111 0.0111952861952862 0.01127946127946128 0.01136363636363636 0.01144781144781145 0.01153198653198653 0.01161616161616162 0.0117003367003367 0.01178451178451178 0.01186868686868687 0.01195286195286195 0.01203703703703704 0.01212121212121212 0.01220538720538721 0.01228956228956229 0.01237373737373737 0.01245791245791246 0.01254208754208754 0.01262626262626263 0.01271043771043771 0.01279461279461279 0.01287878787878788 0.01296296296296296 0.01304713804713805 0.01313131313131313 0.01321548821548822 0.0132996632996633 0.01338383838383838 0.01346801346801347 0.01355218855218855 0.01363636363636364 0.01372053872053872 0.0138047138047138 0.01388888888888889 0.01397306397306397 0.01405723905723906 0.01414141414141414 0.01422558922558922 0.01430976430976431 0.01439393939393939 0.01447811447811448 0.01456228956228956 0.01464646464646465 0.01473063973063973 0.01481481481481482 0.0148989898989899 0.01498316498316498 0.01506734006734007 0.01515151515151515 0.01523569023569023 0.01531986531986532 0.0154040404040404 0.01548821548821549 0.01557239057239057 0.01565656565656566 0.01574074074074074 0.01582491582491583 0.01590909090909091 0.01599326599326599 0.01607744107744108 0.01616161616161616 0.01624579124579124 0.01632996632996633 0.01641414141414142 0.0164983164983165 0.01658249158249158 0.01666666666666667


# name: y
# type: matrix
# rows: 100
# columns: 1
 147562.7364273667
 147833.4549431762
 148121.9873089885
 148428.2428757901
 148752.1184302261
 149093.4982419522
 149452.2541244976
 149828.2455096035
 150221.3195349823
 150631.3111454238
 151058.0432071561
 151501.3266353479
 151960.9605346215
 152436.7323524262
 152928.4180451027
 153435.782256452
 153958.5785086032
 154496.549404957
 155049.4268449641
 155616.9322504811
 156198.7768034301
 156794.6616944706
 157404.2783823783
 158027.3088638084
 158663.4259531087
 159312.2935718308
 159973.5670475761
 160646.8934217998
 161331.9117661836
 162028.2535071758
 162735.5427582872
 163453.3966597206
 164181.4257249007
 164919.2341934646
 165666.420390263
 166422.5770899155
 167187.2918864559
 167960.1475675986
 168740.7224931508
 169528.5909770918
 170323.3236728359
 171124.4879611929
 171931.6483405392
 172744.3668187088
 173562.2033061164
 174384.7160096199
 175211.4618266375
 176041.9967390288
 176875.8762062591
 177712.6555573625
 178551.89038123
 179393.1369147479
 180235.9524283219
 181079.895608324
 181924.5269360116
 182769.4090624695
 183614.1071791398
 184458.1893835087
 185301.227039532
 186142.7951323894
 186982.4726171677
 187819.8427610884
 188654.4934788996
 189486.0176610726
 190314.013494449
 191138.0847750032
 191957.8412123938
 192772.8987259956
 193582.8797321152
 194387.4134221087
 195186.1360311374
 195978.691097308
 196764.7297109633
 197543.9107539046
 198315.9011283405
 199080.3759753763
 199837.018882871
 200585.5220825099
 201325.5866359512
 202056.9226099275
 202779.2492401956
 203492.2950842459
 204195.7981627001
 204889.5060893397
 205573.176189728
 206246.5756084004
 206909.4814046166
 207561.6806366842
 208202.970434876
 208833.1580629836
 209452.06096856
 210059.5068219229
 210655.3335440029
 211239.3893231355
 211811.5326209104
 212371.632167206
 212919.5669445464
 213455.2261619377
 213978.5092183466
 214489.3256559998


# name: QUERY
# type: sq_string
# elements: 1
# length: 2
R3


# name: DATASIZE
# type: sq_string
# elements: 1
# length: 3
250


