# Created by Octave 3.8.2, Wed May 18 17:32:27 2016 CEST <Andrea@Andreas-MacBook-Pro.local>
# name: x
# type: matrix
# rows: 1
# columns: 100
 0.008333333333333333 0.008417508417508417 0.008501683501683501 0.008585858585858586 0.00867003367003367 0.008754208754208754 0.008838383838383838 0.008922558922558922 0.009006734006734006 0.00909090909090909 0.009175084175084175 0.009259259259259259 0.009343434343434343 0.009427609427609427 0.009511784511784511 0.009595959595959595 0.009680134680134679 0.009764309764309764 0.009848484848484848 0.009932659932659932 0.01001683501683502 0.0101010101010101 0.01018518518518518 0.01026936026936027 0.01035353535353535 0.01043771043771044 0.01052188552188552 0.0106060606060606 0.01069023569023569 0.01077441077441077 0.01085858585858586 0.01094276094276094 0.01102693602693603 0.01111111111111111 0.0111952861952862 0.01127946127946128 0.01136363636363636 0.01144781144781145 0.01153198653198653 0.01161616161616162 0.0117003367003367 0.01178451178451178 0.01186868686868687 0.01195286195286195 0.01203703703703704 0.01212121212121212 0.01220538720538721 0.01228956228956229 0.01237373737373737 0.01245791245791246 0.01254208754208754 0.01262626262626263 0.01271043771043771 0.01279461279461279 0.01287878787878788 0.01296296296296296 0.01304713804713805 0.01313131313131313 0.01321548821548822 0.0132996632996633 0.01338383838383838 0.01346801346801347 0.01355218855218855 0.01363636363636364 0.01372053872053872 0.0138047138047138 0.01388888888888889 0.01397306397306397 0.01405723905723906 0.01414141414141414 0.01422558922558922 0.01430976430976431 0.01439393939393939 0.01447811447811448 0.01456228956228956 0.01464646464646465 0.01473063973063973 0.01481481481481482 0.0148989898989899 0.01498316498316498 0.01506734006734007 0.01515151515151515 0.01523569023569023 0.01531986531986532 0.0154040404040404 0.01548821548821549 0.01557239057239057 0.01565656565656566 0.01574074074074074 0.01582491582491583 0.01590909090909091 0.01599326599326599 0.01607744107744108 0.01616161616161616 0.01624579124579124 0.01632996632996633 0.01641414141414142 0.0164983164983165 0.01658249158249158 0.01666666666666667


# name: y
# type: matrix
# rows: 1
# columns: 100
 167499.904070372 167889.0684297506 168278.2327891293 168667.3971485079 169056.5615078865 169445.7258672652 169834.8902266438 170224.0545860225 170613.2189454011 171002.3833047798 171391.5476641584 171780.7120235371 172169.8763829157 172559.0407422943 172948.205101673 173337.3694610516 173726.5338204303 174115.6981798089 174504.8625391876 174894.0268985662 175283.1912579449 175672.3556173235 176061.5199767021 176450.6843360808 176839.8486954594 177229.0130548381 177618.1774142167 178007.3417735954 178396.506132974 178785.6704923527 179174.8348517313 179563.9992111099 179953.1635704886 180342.3279298672 180731.4922892459 181120.6566486245 181509.8210080032 181898.9853673818 182288.1497267605 182677.3140861391 183066.4784455177 183455.6428048964 183844.807164275 184233.9715236537 184623.1358830323 185012.300242411 185401.4646017896 185790.6289611683 186179.7933205469 186568.9576799255 186958.1220393042 187347.2863986828 187736.4507580615 188125.6151174401 188514.7794768188 188903.9438361974 189293.1081955761 189682.2725549547 190071.4369143333 190460.601273712 190849.7656330906 191238.9299924693 191628.0943518479 192017.2587112266 192406.4230706052 192795.5874299839 193184.7517893625 193573.9161487411 193963.0805081198 194352.2448674984 194741.4092268771 195130.5735862557 195519.7379456344 195908.902305013 196298.0666643917 196687.2310237703 197076.3953831489 197465.5597425276 197854.7241019062 198243.8884612849 198633.0528206635 199022.2171800422 199411.3815394208 199800.5458987995 200189.7102581781 200578.8746175568 200968.0389769354 201357.203336314 201746.3676956927 202135.5320550713 202524.69641445 202913.8607738286 203303.0251332073 203692.1894925859 204081.3538519646 204470.5182113432 204859.6825707218 205248.8469301005 205638.0112894791 206027.1756488578


# name: QUERY
# type: sq_string
# elements: 1
# length: 2
R3


# name: DATASIZE
# type: sq_string
# elements: 1
# length: 3
250


