# Created by Octave 3.8.2, Wed May 18 17:32:27 2016 CEST <Andrea@Andreas-MacBook-Pro.local>
# name: x
# type: matrix
# rows: 1
# columns: 100
 0.008333333333333333 0.008417508417508417 0.008501683501683501 0.008585858585858586 0.00867003367003367 0.008754208754208754 0.008838383838383838 0.008922558922558922 0.009006734006734006 0.00909090909090909 0.009175084175084175 0.009259259259259259 0.009343434343434343 0.009427609427609427 0.009511784511784511 0.009595959595959595 0.009680134680134679 0.009764309764309764 0.009848484848484848 0.009932659932659932 0.01001683501683502 0.0101010101010101 0.01018518518518518 0.01026936026936027 0.01035353535353535 0.01043771043771044 0.01052188552188552 0.0106060606060606 0.01069023569023569 0.01077441077441077 0.01085858585858586 0.01094276094276094 0.01102693602693603 0.01111111111111111 0.0111952861952862 0.01127946127946128 0.01136363636363636 0.01144781144781145 0.01153198653198653 0.01161616161616162 0.0117003367003367 0.01178451178451178 0.01186868686868687 0.01195286195286195 0.01203703703703704 0.01212121212121212 0.01220538720538721 0.01228956228956229 0.01237373737373737 0.01245791245791246 0.01254208754208754 0.01262626262626263 0.01271043771043771 0.01279461279461279 0.01287878787878788 0.01296296296296296 0.01304713804713805 0.01313131313131313 0.01321548821548822 0.0132996632996633 0.01338383838383838 0.01346801346801347 0.01355218855218855 0.01363636363636364 0.01372053872053872 0.0138047138047138 0.01388888888888889 0.01397306397306397 0.01405723905723906 0.01414141414141414 0.01422558922558922 0.01430976430976431 0.01439393939393939 0.01447811447811448 0.01456228956228956 0.01464646464646465 0.01473063973063973 0.01481481481481482 0.0148989898989899 0.01498316498316498 0.01506734006734007 0.01515151515151515 0.01523569023569023 0.01531986531986532 0.0154040404040404 0.01548821548821549 0.01557239057239057 0.01565656565656566 0.01574074074074074 0.01582491582491583 0.01590909090909091 0.01599326599326599 0.01607744107744108 0.01616161616161616 0.01624579124579124 0.01632996632996633 0.01641414141414142 0.0164983164983165 0.01658249158249158 0.01666666666666667


# name: y
# type: matrix
# rows: 100
# columns: 1
 159138.2835923521
 159743.7636484626
 160349.2437045731
 160954.7237606836
 161560.2038167942
 162165.6838729047
 162771.1639290152
 163376.6439851257
 163982.1240412362
 164587.6040973467
 165193.0841534572
 165798.5642095677
 166404.0442656782
 167009.5243217887
 167615.0043778993
 168220.4844340098
 168825.9644901203
 169431.4445462308
 170036.9246023413
 170642.4046584518
 171247.8847145623
 171853.3647706728
 172458.8448267834
 173064.3248828939
 173669.8049390044
 174275.2849951149
 174880.7650512254
 175486.2451073359
 176091.7251634464
 176697.205219557
 177302.6852756675
 177908.165331778
 178513.6453878885
 179119.125443999
 179724.6055001095
 180330.08555622
 180935.5656123305
 181541.045668441
 182146.5257245516
 182752.0057806621
 183357.4858367726
 183962.9658928831
 184568.4459489936
 185173.9260051041
 185779.4060612146
 186384.8861173251
 186990.3661734356
 187595.8462295462
 188201.3262856567
 188806.8063417672
 189412.2863978777
 190017.7664539882
 190623.2465100987
 191228.7265662092
 191834.2066223198
 192439.6866784303
 193045.1667345408
 193650.6467906513
 194256.1268467618
 194861.6069028723
 195467.0869589828
 196072.5670150933
 196678.0470712039
 197283.5271273144
 197889.0071834249
 198494.4872395354
 199099.9672956459
 199705.4473517564
 200310.9274078669
 200916.4074639774
 201521.8875200879
 202127.3675761984
 202732.847632309
 203338.3276884195
 203943.80774453
 204549.2878006405
 205154.767856751
 205760.2479128615
 206365.727968972
 206971.2080250826
 207576.6880811931
 208182.1681373036
 208787.6481934141
 209393.1282495246
 209998.6083056351
 210604.0883617456
 211209.5684178561
 211815.0484739667
 212420.5285300772
 213026.0085861877
 213631.4886422982
 214236.9686984087
 214842.4487545192
 215447.9288106297
 216053.4088667402
 216658.8889228507
 217264.3689789613
 217869.8490350718
 218475.3290911823
 219080.8091472928


# name: QUERY
# type: sq_string
# elements: 1
# length: 2
R3


# name: DATASIZE
# type: sq_string
# elements: 1
# length: 3
250


