# Created by Octave 3.8.2, Wed May 18 17:32:23 2016 CEST <Andrea@Andreas-MacBook-Pro.local>
# name: SVs
# type: cell
# rows: 1
# columns: 7
# name: <cell-element>
# type: sparse matrix
# nnz: 56
# rows: 8
# columns: 7
1 1 -0.03936855620629563
2 1 -0.4526673602989273
3 1 0.399656235110252
4 1 -0.0754330242772059
5 1 -0.9207841558593426
6 1 2.574584089573281
7 1 -0.8306229856820669
8 1 -0.01388299876951904
1 2 0.6227197748110267
2 2 -0.8798094481073149
3 2 1.453093212413753
4 2 1.189053750665598
5 2 -0.6222316720696136
6 2 1.526419298084547
7 2 -0.8216074529037405
8 2 0.9841995841204348
1 3 1.420712958919791
2 3 -0.5790321815604534
3 3 1.045070225348916
4 3 2.194095057448063
5 3 -0.6232254443334975
6 3 0.8130555957904351
7 3 -1.705960382273078
8 3 -1.783298592125905
1 4 0.309879045000604
2 4 -0.4163666893307088
3 4 -0.2731999675091238
4 4 0.7940428678881459
5 4 0.656082208678255
6 4 0.622242801702244
7 4 -1.12699423582694
8 4 0.1198577596737731
1 5 -0.4837614467245008
2 5 2.55773041147714
3 5 -0.2713980479462591
4 5 1.337825451355476
5 5 -1.087424868728208
6 5 0.2657564313163522
7 5 0.6433583691845198
8 5 1.031987696522714
1 6 -0.2776050414616661
2 6 0.4895589165015529
3 6 -0.5327860441504031
4 6 2.306821660182572
5 6 -0.9032719340250882
6 6 2.154116319275415
7 6 0.4039253195035198
8 6 0.3291046443794304
1 7 0.1994516975674642
2 7 -1.14379442890729
3 7 -0.6064959783173882
4 7 1.542697824042218
5 7 0.1994516975674642
6 7 1.542697824042218
7 7 0.1994516975674642
8 7 -0.6064959783173882



# name: <cell-element>
# type: sparse matrix
# nnz: 154
# rows: 22
# columns: 7
1 1 -0.3216331263079533
2 1 0.611474877580065
3 1 -0.8746216367285774
4 1 -0.519506841123681
5 1 -0.4418480198776542
6 1 -0.4526673602989273
7 1 -0.4572355262545759
8 1 -0.1095740540510009
9 1 0.399656235110252
10 1 0.8615218562050428
11 1 1.054586975277982
12 1 -0.0754330242772059
13 1 -0.5447519687733182
14 1 0.7393835243382267
15 1 -0.2593618114388482
16 1 -0.673862764467177
17 1 0.1202768224542672
18 1 0.3431552351324926
19 1 -0.8306229856820669
20 1 -0.01388299876951904
21 1 -0.7738815559171681
22 1 0.3094950649329763
1 2 -0.8710065719220599
2 2 1.338889941052918
3 2 -0.981651233761196
4 2 -0.9103853957082272
5 2 -0.6360915196804406
6 2 -0.8798094481073149
7 2 -0.6485466530063866
8 2 0.00403677993988559
9 2 1.453093212413753
10 2 1.566266359965675
11 2 0.6779718700163507
12 2 1.189053750665598
13 2 -0.8635615862121899
14 2 0.7910045461397848
15 2 -0.8729731719208934
16 2 -0.8776087290610011
17 2 1.439982545754862
18 2 1.357010755327884
19 2 -0.8216074529037405
20 2 0.9841995841204348
21 2 -0.8826657004865731
22 2 0.6251077890953246
1 3 0.0617701286486857
2 3 0.01757686587564162
3 3 -0.1591961852165347
4 3 -0.1039546067502296
5 3 0.2716881268206451
6 3 -0.5790321815604534
7 3 -1.496042384101118
8 3 -2.313617745402433
9 3 1.045070225348916
10 3 0.6031375976184756
11 3 1.277084854907398
12 3 2.194095057448063
13 3 -1.252979438849376
14 3 0.5147510720723875
15 3 -0.2254860793761008
16 3 -1.18668954468981
17 3 0.6583791760847808
18 3 0.227494864047601
19 3 -1.705960382273078
20 3 -1.783298592125905
21 3 0.2716881268206451
22 3 0.3379780209802112
1 4 -0.3903363762722388
2 4 -0.7261274147265017
3 4 2.545882936723177
4 4 -0.1013999013232219
5 4 -0.3018333118734408
6 4 -0.4163666893307088
7 4 -1.046300265345683
8 4 -1.389900397717486
9 4 -0.2731999675091238
10 4 -0.4840455032827308
11 4 1.738943231910607
12 4 0.7940428678881459
13 4 -1.004651764452131
14 4 1.080376311531316
15 4 0.221375980601806
16 4 -0.7209213521148077
17 4 -0.06756049434721086
18 4 0.387969984176014
19 4 -1.12699423582694
20 4 0.1198577596737731
21 4 3.967138029715638
22 4 0.7159519287127359
1 5 -0.8276781558209474
2 5 -0.395973088365463
3 5 -0.9717234307731665
4 5 -1.425397125688469
5 5 2.322709173397203
6 5 2.55773041147714
7 5 -1.005494811025122
8 5 -0.3302395089464778
9 5 -0.2713980479462591
10 5 0.9665125715444325
11 5 0.08156456657481845
12 5 1.337825451355476
13 5 0.5811570004551525
14 5 -0.09392599866302266
15 5 0.1845155854551425
16 5 -1.012645383884592
17 5 1.0655867738142
18 5 0.9398056126717125
19 5 0.6433583691845198
20 5 1.031987696522714
21 5 2.826178423888094
22 5 -0.2809608622522976
1 6 -1.257034365206251
2 6 0.7935463252355677
3 6 -0.8359234425725723
4 6 -1.562860168335654
5 6 0.9802916139798933
6 6 0.4895589165015529
7 6 -1.194805703306481
8 6 0.001692532865482752
9 6 -0.5327860441504031
10 6 1.112537404357742
11 6 1.466576583082297
12 6 2.306821660182572
13 6 -0.5103694931356826
14 6 1.191627898722731
15 6 -0.6972729233333748
16 6 -1.123226927976407
17 6 1.034771344664699
18 6 0.8393282759852086
19 6 0.4039253195035198
20 6 0.3291046443794304
21 6 1.297602440160047
22 6 0.7724739765744636
1 7 -1.14379442890729
2 7 1.542697824042218
3 7 0.1994516975674642
4 7 -1.14379442890729
5 7 -0.6064959783173882
6 7 -1.14379442890729
7 7 -0.6064959783173882
8 7 0.1994516975674642
9 7 -0.6064959783173882
10 7 0.1994516975674642
11 7 1.542697824042218
12 7 1.542697824042218
13 7 -1.14379442890729
14 7 1.542697824042218
15 7 -1.14379442890729
16 7 -0.6064959783173882
17 7 0.1994516975674642
18 7 0.1994516975674642
19 7 0.1994516975674642
20 7 -0.6064959783173882
21 7 -0.6064959783173882
22 7 1.542697824042218



# name: <cell-element>
# type: sparse matrix
# nnz: 112
# rows: 16
# columns: 7
1 1 -0.3879917475584282
2 1 0.611474877580065
3 1 -0.4418480198776542
4 1 -0.4572355262545759
5 1 0.399656235110252
6 1 -0.0754330242772059
7 1 0.7393835243382267
8 1 -0.2593618114388482
9 1 -0.9207841558593426
10 1 -0.5154195347423112
11 1 2.574584089573281
12 1 0.1202768224542672
13 1 0.3431552351324926
14 1 -0.8306229856820669
15 1 0.3094950649329763
16 1 1.736686281392465
1 2 -0.7346556386695992
2 2 1.338889941052918
3 2 -0.6360915196804406
4 2 -0.6485466530063866
5 2 1.453093212413753
6 2 1.189053750665598
7 2 0.7910045461397848
8 2 -0.8729731719208934
9 2 -0.6222316720696136
10 2 -0.6897984291723954
11 2 1.526419298084547
12 2 1.439982545754862
13 2 1.357010755327884
14 2 -0.8216074529037405
15 2 0.6251077890953246
16 2 1.564299759966841
1 3 -0.1812928166030567
2 3 0.01757686587564162
3 3 0.2716881268206451
4 3 -1.496042384101118
5 3 1.045070225348916
6 3 2.194095057448063
7 3 0.5147510720723875
8 3 -0.2254860793761008
9 3 -0.6232254443334975
10 3 -0.32492092061545
11 3 0.8130555957904351
12 3 0.6583791760847808
13 3 0.227494864047601
14 3 -1.705960382273078
15 3 0.3379780209802112
16 3 -0.5348389187874094
1 4 -0.2940242179558998
2 4 -0.7261274147265017
3 4 -0.3018333118734408
4 4 -1.046300265345683
5 4 -0.2731999675091238
6 4 0.7940428678881459
7 4 1.080376311531316
8 4 0.221375980601806
9 4 0.656082208678255
10 4 -0.8823092930773216
11 4 0.622242801702244
12 4 -0.06756049434721086
13 4 0.387969984176014
14 4 -1.12699423582694
15 4 0.7159519287127359
16 4 0.1771244484024071
1 5 -1.145490966406316
2 5 -0.395973088365463
3 5 2.322709173397203
4 5 -1.005494811025122
5 5 -0.2713980479462591
6 5 1.337825451355476
7 5 -0.09392599866302266
8 5 0.1845155854551425
9 5 -1.087424868728208
10 5 -0.3093046992494747
11 5 0.2657564313163522
12 5 1.0655867738142
13 5 0.9398056126717125
14 5 0.6433583691845198
15 5 -0.2809608622522976
16 5 0.1854632517377229
1 6 -1.387540599597067
2 6 0.7935463252355677
3 6 0.9802916139798933
4 6 -1.194805703306481
5 6 -0.5327860441504031
6 6 2.306821660182572
7 6 1.191627898722731
8 6 -0.6972729233333748
9 6 -0.9032719340250882
10 6 -0.6607817829690237
11 6 2.154116319275415
12 6 1.034771344664699
13 6 0.8393282759852086
14 6 0.4039253195035198
15 6 0.7724739765744636
16 6 0.7733635222496509
1 7 -1.14379442890729
2 7 1.542697824042218
3 7 -0.6064959783173882
4 7 -0.6064959783173882
5 7 -0.6064959783173882
6 7 1.542697824042218
7 7 1.542697824042218
8 7 -1.14379442890729
9 7 0.1994516975674642
10 7 -0.6064959783173882
11 7 1.542697824042218
12 7 0.1994516975674642
13 7 0.1994516975674642
14 7 0.1994516975674642
15 7 1.542697824042218
16 7 0.1994516975674642



