# Created by Octave 3.8.2, Wed May 18 17:32:13 2016 CEST <Andrea@Andreas-MacBook-Pro.local>
# name: mu
# type: matrix
# rows: 1
# columns: 8
 183903.1818181818 19674.74242424242 52233.78787878788 2245.409090909091 3769.954545454545 28537.24242424242 124504.3787878788 0.01188131313131313


# name: sigma
# type: matrix
# rows: 1
# columns: 8
 63091.37419913806 4159.218422550104 21356.65617050295 90.51153386302633 384.167488786544 11607.46161618016 50587.62158618075 0.003101938345135424


