# Created by Octave 3.8.2, Wed May 18 17:32:27 2016 CEST <Andrea@Andreas-MacBook-Pro.local>
# name: x
# type: matrix
# rows: 1
# columns: 100
 0.008333333333333333 0.008417508417508417 0.008501683501683501 0.008585858585858586 0.00867003367003367 0.008754208754208754 0.008838383838383838 0.008922558922558922 0.009006734006734006 0.00909090909090909 0.009175084175084175 0.009259259259259259 0.009343434343434343 0.009427609427609427 0.009511784511784511 0.009595959595959595 0.009680134680134679 0.009764309764309764 0.009848484848484848 0.009932659932659932 0.01001683501683502 0.0101010101010101 0.01018518518518518 0.01026936026936027 0.01035353535353535 0.01043771043771044 0.01052188552188552 0.0106060606060606 0.01069023569023569 0.01077441077441077 0.01085858585858586 0.01094276094276094 0.01102693602693603 0.01111111111111111 0.0111952861952862 0.01127946127946128 0.01136363636363636 0.01144781144781145 0.01153198653198653 0.01161616161616162 0.0117003367003367 0.01178451178451178 0.01186868686868687 0.01195286195286195 0.01203703703703704 0.01212121212121212 0.01220538720538721 0.01228956228956229 0.01237373737373737 0.01245791245791246 0.01254208754208754 0.01262626262626263 0.01271043771043771 0.01279461279461279 0.01287878787878788 0.01296296296296296 0.01304713804713805 0.01313131313131313 0.01321548821548822 0.0132996632996633 0.01338383838383838 0.01346801346801347 0.01355218855218855 0.01363636363636364 0.01372053872053872 0.0138047138047138 0.01388888888888889 0.01397306397306397 0.01405723905723906 0.01414141414141414 0.01422558922558922 0.01430976430976431 0.01439393939393939 0.01447811447811448 0.01456228956228956 0.01464646464646465 0.01473063973063973 0.01481481481481482 0.0148989898989899 0.01498316498316498 0.01506734006734007 0.01515151515151515 0.01523569023569023 0.01531986531986532 0.0154040404040404 0.01548821548821549 0.01557239057239057 0.01565656565656566 0.01574074074074074 0.01582491582491583 0.01590909090909091 0.01599326599326599 0.01607744107744108 0.01616161616161616 0.01624579124579124 0.01632996632996633 0.01641414141414142 0.0164983164983165 0.01658249158249158 0.01666666666666667


# name: y
# type: matrix
# rows: 100
# columns: 1
 142780.7801575991
 142286.6759224226
 141804.4349341892
 141334.0571928988
 140875.5426985513
 140428.8914511469
 139994.1034506855
 139571.1786971671
 139160.1171905918
 138760.9189309594
 138373.58391827
 137998.1121525237
 137634.5036337204
 137282.7583618601
 136942.8763369427
 136614.8575589685
 136298.7020279372
 135994.4097438489
 135701.9807067037
 135421.4149165014
 135152.7123732422
 134895.873076926
 134650.8970275528
 134417.7842251226
 134196.5346696354
 133987.1483610912
 133789.6252994901
 133603.9654848319
 133430.1689171168
 133268.2355963447
 133118.1655225156
 132979.9586956295
 132853.6151156864
 132739.1347826864
 132636.5176966293
 132545.7638575153
 132466.8732653442
 132399.8459201162
 132344.6818218312
 132301.3809704892
 132269.9433660902
 132250.3690086343
 132242.6578981213
 132246.8100345514
 132262.8254179244
 132290.7040482405
 132330.4459254996
 132382.0510497017
 132445.5194208468
 132520.851038935
 132608.0459039661
 132707.1040159402
 132818.0253748574
 132940.8099807176
 133075.4578335208
 133221.968933267
 133380.3432799562
 133550.5808735884
 133732.6817141636
 133926.6458016819
 134132.4731361432
 134350.1637175474
 134579.7175458947
 134821.134621185
 135074.4149434183
 135339.5585125947
 135616.565328714
 135905.4353917763
 136206.1687017817
 136518.7652587301
 136843.2250626215
 137179.5481134559
 137527.7344112333
 137887.7839559537
 138259.6967476171
 138643.4727862236
 139039.112071773
 139446.6146042655
 139865.980383701
 140297.2094100795
 140740.301683401
 141195.2572036655
 141662.075970873
 142140.7579850236
 142631.3032461172
 143133.7117541537
 143647.9835091333
 144174.1185110559
 144712.1167599215
 145261.9782557302
 145823.7029984817
 146397.2909881764
 146982.7422248141
 147580.0567083948
 148189.2344389184
 148810.2754163851
 149443.1796407948
 150087.9471121475
 150744.5778304432
 151413.071795682


# name: QUERY
# type: sq_string
# elements: 1
# length: 2
R3


# name: DATASIZE
# type: sq_string
# elements: 1
# length: 3
250


