# Created by Octave 3.8.2, Wed May 18 17:32:27 2016 CEST <Andrea@Andreas-MacBook-Pro.local>
# name: x
# type: matrix
# rows: 1
# columns: 100
 0.008333333333333333 0.008417508417508417 0.008501683501683501 0.008585858585858586 0.00867003367003367 0.008754208754208754 0.008838383838383838 0.008922558922558922 0.009006734006734006 0.00909090909090909 0.009175084175084175 0.009259259259259259 0.009343434343434343 0.009427609427609427 0.009511784511784511 0.009595959595959595 0.009680134680134679 0.009764309764309764 0.009848484848484848 0.009932659932659932 0.01001683501683502 0.0101010101010101 0.01018518518518518 0.01026936026936027 0.01035353535353535 0.01043771043771044 0.01052188552188552 0.0106060606060606 0.01069023569023569 0.01077441077441077 0.01085858585858586 0.01094276094276094 0.01102693602693603 0.01111111111111111 0.0111952861952862 0.01127946127946128 0.01136363636363636 0.01144781144781145 0.01153198653198653 0.01161616161616162 0.0117003367003367 0.01178451178451178 0.01186868686868687 0.01195286195286195 0.01203703703703704 0.01212121212121212 0.01220538720538721 0.01228956228956229 0.01237373737373737 0.01245791245791246 0.01254208754208754 0.01262626262626263 0.01271043771043771 0.01279461279461279 0.01287878787878788 0.01296296296296296 0.01304713804713805 0.01313131313131313 0.01321548821548822 0.0132996632996633 0.01338383838383838 0.01346801346801347 0.01355218855218855 0.01363636363636364 0.01372053872053872 0.0138047138047138 0.01388888888888889 0.01397306397306397 0.01405723905723906 0.01414141414141414 0.01422558922558922 0.01430976430976431 0.01439393939393939 0.01447811447811448 0.01456228956228956 0.01464646464646465 0.01473063973063973 0.01481481481481482 0.0148989898989899 0.01498316498316498 0.01506734006734007 0.01515151515151515 0.01523569023569023 0.01531986531986532 0.0154040404040404 0.01548821548821549 0.01557239057239057 0.01565656565656566 0.01574074074074074 0.01582491582491583 0.01590909090909091 0.01599326599326599 0.01607744107744108 0.01616161616161616 0.01624579124579124 0.01632996632996633 0.01641414141414142 0.0164983164983165 0.01658249158249158 0.01666666666666667


# name: y
# type: matrix
# rows: 100
# columns: 1
 165105.3521156375
 165052.7317419589
 165003.8109276756
 164958.4120665858
 164916.3619216437
 164877.4916249601
 164841.6366778018
 164808.6369505919
 164778.3366829098
 164750.5844834913
 164725.2333302281
 164702.1405701686
 164681.167919517
 164662.1814636342
 164645.0516570369
 164629.6533233986
 164615.8656555485
 164603.5722154724
 164592.6609343124
 164583.0241123666
 164574.5584190895
 164567.1648930919
 164560.7489421408
 164555.2203431595
 164550.4932422275
 164546.4861545806
 164543.1219646108
 164540.3279258664
 164538.035661052
 164536.1811620284
 164534.7047898127
 164533.5512745782
 164532.6697156545
 164532.0135815275
 164531.5407098392
 164531.2133073881
 164530.9979501287
 164530.865583172
 164530.791520785
 164530.7554463913
 164530.7414125703
 164530.7378410582
 164530.7375227469
 164530.7376176851
 164530.7396550772
 164530.7495332844
 164530.7775198238
 164530.8382513689
 164530.9507337493
 164531.1383419512
 164531.4288201166
 164531.8542815442
 164532.4512086886
 164533.2604531609
 164534.3272357284
 164535.7011463146
 164537.4361439992
 164539.5905570183
 164542.2270827643
 164545.4127877857
 164549.2191077872
 164553.7218476301
 164559.0011813316
 164565.1416520653
 164572.232172161
 164580.366023105
 164589.6408555395
 164600.1586892632
 164612.025913231
 164625.353285554
 164640.2559334995
 164656.8533534914
 164675.2694111095
 164695.6323410899
 164718.0747473252
 164742.7336028639
 164769.7502499111
 164799.2703998279
 164831.4441331319
 164866.4258994967
 164904.3745177524
 164945.4531758852
 164989.8294310375
 165037.6752095082
 165089.1668067522
 165144.4848873809
 165203.8144851617
 165267.3450030184
 165335.2702130312
 165407.7882564363
 165485.1016436262
 165567.4172541499
 165654.9463367123
 165747.9045091749
 165846.5117585552
 165950.992441027
 166061.5752819206
 166178.4933757222
 166301.9841860745
 166432.2895457764


# name: QUERY
# type: sq_string
# elements: 1
# length: 2
R3


# name: DATASIZE
# type: sq_string
# elements: 1
# length: 3
250


