# Created by Octave 3.8.2, Wed May 18 17:32:27 2016 CEST <Andrea@Andreas-MacBook-Pro.local>
# name: x
# type: matrix
# rows: 1
# columns: 100
 0.008333333333333333 0.008417508417508417 0.008501683501683501 0.008585858585858586 0.00867003367003367 0.008754208754208754 0.008838383838383838 0.008922558922558922 0.009006734006734006 0.00909090909090909 0.009175084175084175 0.009259259259259259 0.009343434343434343 0.009427609427609427 0.009511784511784511 0.009595959595959595 0.009680134680134679 0.009764309764309764 0.009848484848484848 0.009932659932659932 0.01001683501683502 0.0101010101010101 0.01018518518518518 0.01026936026936027 0.01035353535353535 0.01043771043771044 0.01052188552188552 0.0106060606060606 0.01069023569023569 0.01077441077441077 0.01085858585858586 0.01094276094276094 0.01102693602693603 0.01111111111111111 0.0111952861952862 0.01127946127946128 0.01136363636363636 0.01144781144781145 0.01153198653198653 0.01161616161616162 0.0117003367003367 0.01178451178451178 0.01186868686868687 0.01195286195286195 0.01203703703703704 0.01212121212121212 0.01220538720538721 0.01228956228956229 0.01237373737373737 0.01245791245791246 0.01254208754208754 0.01262626262626263 0.01271043771043771 0.01279461279461279 0.01287878787878788 0.01296296296296296 0.01304713804713805 0.01313131313131313 0.01321548821548822 0.0132996632996633 0.01338383838383838 0.01346801346801347 0.01355218855218855 0.01363636363636364 0.01372053872053872 0.0138047138047138 0.01388888888888889 0.01397306397306397 0.01405723905723906 0.01414141414141414 0.01422558922558922 0.01430976430976431 0.01439393939393939 0.01447811447811448 0.01456228956228956 0.01464646464646465 0.01473063973063973 0.01481481481481482 0.0148989898989899 0.01498316498316498 0.01506734006734007 0.01515151515151515 0.01523569023569023 0.01531986531986532 0.0154040404040404 0.01548821548821549 0.01557239057239057 0.01565656565656566 0.01574074074074074 0.01582491582491583 0.01590909090909091 0.01599326599326599 0.01607744107744108 0.01616161616161616 0.01624579124579124 0.01632996632996633 0.01641414141414142 0.0164983164983165 0.01658249158249158 0.01666666666666667


# name: y
# type: matrix
# rows: 100
# columns: 1
 174144.828709355
 174144.7976660151
 174144.7701740016
 174144.7459005834
 174144.7245369788
 174144.7057971776
 174144.6894167933
 174144.6751519442
 174144.6627781648
 174144.6520893466
 174144.642896709
 174144.6350277992
 174144.6283255229
 174144.6226472034
 174144.6178636714
 174144.6138583841
 174144.6105265741
 174144.6077744281
 174144.605518295
 174144.6036839238
 174144.6022057318
 174144.6010261016
 174144.6000947083
 174144.5993678762
 174144.5988079659
 174144.5983827898
 174144.5980650586
 174144.5978318566
 174144.5976641476
 174144.5975463091
 174144.5974656981
 174144.5974122449
 174144.5973780773
 174144.597357175
 174144.5973450528
 174144.5973384741
 174144.5973351938
 174144.5973337312
 174144.5973331721
 174144.5973330017
 174144.5973329654
 174144.5973329614
 174144.5973329614
 174144.5973329614
 174144.597332963
 174144.5973329835
 174144.5973330957
 174144.5973334984
 174144.5973346151
 174144.597337224
 174144.5973426164
 174144.5973527854
 174144.5973706448
 174144.5974002764
 174144.5974472081
 174144.5975187214
 174144.5976241888
 174144.59777544
 174144.5979871593
 174144.5982773114
 174144.5986675975
 174144.5991839413
 174144.5998570037
 174144.600722729
 174144.6018229188
 174144.6032058369
 174144.6049268439
 174144.6070490604
 174144.6096440613
 174144.6127925991
 174144.6165853567
 174144.6211237303
 174144.6265206421
 174144.6329013822
 174144.6404044809
 174144.64918261
 174144.659403514
 174144.6712509717
 174144.6849257865
 174144.7006468069
 174144.7186519767
 174144.7391994151
 174144.7625685258
 174144.7890611367
 174144.8190026687
 174144.8527433344
 174144.8906593667
 174144.9331542765
 174144.9806601411
 174145.033638921
 174145.0925838079
 174145.158020601
 174145.2305091142
 174145.3106446119
 174145.3990592755
 174145.4964236992
 174145.6034484149
 174145.7208854482
 174145.8495299025
 174145.9902215743


# name: QUERY
# type: sq_string
# elements: 1
# length: 2
R3


# name: DATASIZE
# type: sq_string
# elements: 1
# length: 3
250


