# Created by Octave 3.8.2, Wed May 18 17:32:27 2016 CEST <Andrea@Andreas-MacBook-Pro.local>
# name: x
# type: matrix
# rows: 1
# columns: 100
 0.008333333333333333 0.008417508417508417 0.008501683501683501 0.008585858585858586 0.00867003367003367 0.008754208754208754 0.008838383838383838 0.008922558922558922 0.009006734006734006 0.00909090909090909 0.009175084175084175 0.009259259259259259 0.009343434343434343 0.009427609427609427 0.009511784511784511 0.009595959595959595 0.009680134680134679 0.009764309764309764 0.009848484848484848 0.009932659932659932 0.01001683501683502 0.0101010101010101 0.01018518518518518 0.01026936026936027 0.01035353535353535 0.01043771043771044 0.01052188552188552 0.0106060606060606 0.01069023569023569 0.01077441077441077 0.01085858585858586 0.01094276094276094 0.01102693602693603 0.01111111111111111 0.0111952861952862 0.01127946127946128 0.01136363636363636 0.01144781144781145 0.01153198653198653 0.01161616161616162 0.0117003367003367 0.01178451178451178 0.01186868686868687 0.01195286195286195 0.01203703703703704 0.01212121212121212 0.01220538720538721 0.01228956228956229 0.01237373737373737 0.01245791245791246 0.01254208754208754 0.01262626262626263 0.01271043771043771 0.01279461279461279 0.01287878787878788 0.01296296296296296 0.01304713804713805 0.01313131313131313 0.01321548821548822 0.0132996632996633 0.01338383838383838 0.01346801346801347 0.01355218855218855 0.01363636363636364 0.01372053872053872 0.0138047138047138 0.01388888888888889 0.01397306397306397 0.01405723905723906 0.01414141414141414 0.01422558922558922 0.01430976430976431 0.01439393939393939 0.01447811447811448 0.01456228956228956 0.01464646464646465 0.01473063973063973 0.01481481481481482 0.0148989898989899 0.01498316498316498 0.01506734006734007 0.01515151515151515 0.01523569023569023 0.01531986531986532 0.0154040404040404 0.01548821548821549 0.01557239057239057 0.01565656565656566 0.01574074074074074 0.01582491582491583 0.01590909090909091 0.01599326599326599 0.01607744107744108 0.01616161616161616 0.01624579124579124 0.01632996632996633 0.01641414141414142 0.0164983164983165 0.01658249158249158 0.01666666666666667


# name: y
# type: matrix
# rows: 100
# columns: 1
 172497.3531547812
 172701.3435244892
 172895.656495664
 173080.5272420244
 173256.1909372894
 173422.8827551779
 173580.8378694089
 173730.2914537011
 173871.4786817735
 174004.6347273451
 174129.9947641348
 174247.7939658613
 174358.2675062438
 174461.6505590011
 174558.178297852
 174648.0858965156
 174731.6085287108
 174808.9813681563
 174880.4395885712
 174946.2183636744
 175006.5528671847
 175061.6782728211
 175111.8297543026
 175157.2424853479
 175198.1516396761
 175234.792391006
 175267.3999130565
 175296.2093795467
 175321.4559641953
 175343.3748407213
 175362.2011828436
 175378.1701642811
 175391.5169587527
 175402.4767399774
 175411.284681674
 175418.1759575615
 175423.3857413587
 175427.1492067847
 175429.7015275582
 175431.2778773983
 175432.1134300237
 175432.4433591536
 175432.5028385067
 175432.5270418019
 175432.7511427582
 175433.4103150945
 175434.7397325297
 175436.9745687827
 175440.3499975725
 175445.1011926178
 175451.4633276378
 175459.6715763512
 175469.9611124769
 175482.567109734
 175497.7247418413
 175515.6691825176
 175536.635605482
 175560.8591844533
 175588.5750931505
 175620.0185052924
 175655.4245945981
 175695.0285347863
 175739.065499576
 175787.7706626861
 175841.3791978355
 175900.1262787432
 175964.2470791281
 176033.976772709
 176109.5505332048
 176191.2035343346
 176279.1709498171
 176373.6879533714
 176474.9897187163
 176583.3114195707
 176698.8882296536
 176821.9553226838
 176952.7478723804
 177091.5010524621
 177238.4500366479
 177393.8299986567
 177557.8761122074
 177730.823551019
 177912.9074888103
 178104.3630993003
 178305.4255562079
 178516.3300332519
 178737.3117041514
 178968.6057426251
 179210.4473223921
 179463.0716171713
 179726.7138006814
 180001.6090466415
 180287.9925287706
 180586.0994207873
 180896.1648964108
 181218.4241293599
 181553.1122933536
 181900.4645621106
 182260.71610935
 182634.1021087907


# name: QUERY
# type: sq_string
# elements: 1
# length: 2
R3


# name: DATASIZE
# type: sq_string
# elements: 1
# length: 3
250


