# Created by Octave 4.0.0, Wed May 18 23:35:12 2016 CEST <peter@Independence>
# name: x
# type: matrix
# rows: 1
# columns: 100
 60 60.60606060606061 61.21212121212121 61.81818181818181 62.42424242424242 63.03030303030303 63.63636363636364 64.24242424242425 64.84848484848484 65.45454545454545 66.06060606060606 66.66666666666667 67.27272727272727 67.87878787878788 68.48484848484848 69.09090909090909 69.69696969696969 70.3030303030303 70.90909090909091 71.51515151515152 72.12121212121212 72.72727272727272 73.33333333333333 73.93939393939394 74.54545454545455 75.15151515151516 75.75757575757575 76.36363636363636 76.96969696969697 77.57575757575758 78.18181818181819 78.78787878787878 79.39393939393939 80 80.60606060606061 81.21212121212122 81.81818181818181 82.42424242424242 83.03030303030303 83.63636363636364 84.24242424242424 84.84848484848484 85.45454545454545 86.06060606060606 86.66666666666667 87.27272727272727 87.87878787878788 88.48484848484848 89.09090909090909 89.69696969696969 90.3030303030303 90.90909090909091 91.51515151515152 92.12121212121212 92.72727272727272 93.33333333333333 93.93939393939394 94.54545454545455 95.15151515151514 95.75757575757575 96.36363636363636 96.96969696969697 97.57575757575758 98.18181818181819 98.78787878787878 99.39393939393939 100 100.6060606060606 101.2121212121212 101.8181818181818 102.4242424242424 103.030303030303 103.6363636363636 104.2424242424242 104.8484848484848 105.4545454545455 106.0606060606061 106.6666666666667 107.2727272727273 107.8787878787879 108.4848484848485 109.0909090909091 109.6969696969697 110.3030303030303 110.9090909090909 111.5151515151515 112.1212121212121 112.7272727272727 113.3333333333333 113.9393939393939 114.5454545454545 115.1515151515151 115.7575757575758 116.3636363636364 116.969696969697 117.5757575757576 118.1818181818182 118.7878787878788 119.3939393939394 120


# name: y
# type: matrix
# rows: 100
# columns: 1
 161629.6609754695
 161108.9957757044
 160580.6757814743
 160044.896421131
 159501.8596825308
 158951.7739875941
 158394.8540598114
 157831.3207848206
 157261.4010641877
 156685.3276625339
 156103.3390481606
 155515.679227332
 154922.5975723841
 154324.3486438375
 153721.1920066979
 153113.3920411387
 152501.2177477639
 151884.942547661
 151264.8440774559
 150641.2039795928
 150014.3076880642
 149384.4442098261
 148751.9059021354
 148116.988246054
 147479.9896163684
 146841.2110481781
 146200.9560004098
 145559.5301165183
 144917.2409826403
 144274.3978834665
 143631.3115561033
 142988.2939421971
 142345.657938594
 141703.717146812
 141062.7856216025
 140423.1776188776
 139785.2073432821
 139149.1886956877
 138515.4350208873
 137884.2588557643
 137255.9716782142
 136630.8836570915
 136009.3034034527
 135391.5377233665
 134777.891372557
 134168.6668131444
 133564.1639727425
 132964.6800061708
 132370.5090600341
 131781.9420404171
 131199.2663839381
 130622.7658324012
 130052.7202112796
 129489.4052122587
 128933.0921800614
 128384.047903771
 127842.5344128624
 127308.8087781445
 126783.1229178106
 126265.7234087862
 125756.8513035565
 125256.7419526494
 124765.6248329401
 124283.7233819379
 123811.2548382072
 123348.4300880658
 122895.4535186959
 122452.5228777964
 122019.8291398939
 121597.5563794239
 121185.8816506833
 120784.9748747476
 120394.998733438
 120016.1085704128
 119648.4522994509
 119292.1703199864
 118947.395439941
 118614.2528058983
 118292.8598406484
 117983.3261881287
 117685.7536657725
 117400.2362242736
 117126.8599147616
 116865.702863378
 116616.8352532321
 116380.3193137092
 116156.209317093
 115944.5515824592
 115745.3844867861
 115558.7384832222
 115384.6361264414
 115223.0921050115
 115074.1132806896
 114937.6987345562
 114813.8398198889
 114702.52022167
 114603.7160226181
 114517.3957756234
 114443.5205824637
 114382.0441786696


# name: QUERY
# type: sq_string
# elements: 1
# length: 2
R4


# name: DATASIZE
# type: sq_string
# elements: 1
# length: 3
250


