# Created by Octave 4.0.0, Sun May 22 18:34:43 2016 CEST <peter@Independence>
# name: x
# type: matrix
# rows: 1
# columns: 100
 60 60.60606060606061 61.21212121212121 61.81818181818181 62.42424242424242 63.03030303030303 63.63636363636364 64.24242424242425 64.84848484848484 65.45454545454545 66.06060606060606 66.66666666666667 67.27272727272727 67.87878787878788 68.48484848484848 69.09090909090909 69.69696969696969 70.3030303030303 70.90909090909091 71.51515151515152 72.12121212121212 72.72727272727272 73.33333333333333 73.93939393939394 74.54545454545455 75.15151515151516 75.75757575757575 76.36363636363636 76.96969696969697 77.57575757575758 78.18181818181819 78.78787878787878 79.39393939393939 80 80.60606060606061 81.21212121212122 81.81818181818181 82.42424242424242 83.03030303030303 83.63636363636364 84.24242424242424 84.84848484848484 85.45454545454545 86.06060606060606 86.66666666666667 87.27272727272727 87.87878787878788 88.48484848484848 89.09090909090909 89.69696969696969 90.3030303030303 90.90909090909091 91.51515151515152 92.12121212121212 92.72727272727272 93.33333333333333 93.93939393939394 94.54545454545455 95.15151515151514 95.75757575757575 96.36363636363636 96.96969696969697 97.57575757575758 98.18181818181819 98.78787878787878 99.39393939393939 100 100.6060606060606 101.2121212121212 101.8181818181818 102.4242424242424 103.030303030303 103.6363636363636 104.2424242424242 104.8484848484848 105.4545454545455 106.0606060606061 106.6666666666667 107.2727272727273 107.8787878787879 108.4848484848485 109.0909090909091 109.6969696969697 110.3030303030303 110.9090909090909 111.5151515151515 112.1212121212121 112.7272727272727 113.3333333333333 113.9393939393939 114.5454545454545 115.1515151515151 115.7575757575758 116.3636363636364 116.969696969697 117.5757575757576 118.1818181818182 118.7878787878788 119.3939393939394 120


# name: y
# type: matrix
# rows: 100
# columns: 1
 166327.8964132765
 165784.9906375935
 165232.7352543649
 164671.3240674782
 164100.958763202
 163521.8487974413
 162934.2112744659
 162338.2708172101
 161734.259429246
 161122.4163485519
 160502.9878932005
 159876.2272991111
 159242.3945500122
 158601.7561997789
 157954.5851873169
 157301.160644173
 156641.767695067
 155976.6972515461
 155306.2457989724
 154630.7151770657
 153950.4123542304
 153265.6491959049
 152576.7422271798
 151884.0123899397
 151187.7847947898
 150488.3884680378
 149786.1560940046
 149081.4237529486
 148374.5306548906
 147665.8188696329
 146955.633053273
 146244.3201715141
 145532.2292200816
 144819.7109425574
 144107.1175459476
 143394.8024143013
 142683.1198207026
 141972.4246379577
 141263.0720483033
 140555.4172524605
 139849.815178362
 139146.6201898792
 138446.1857958749
 137748.86435991
 137055.0068109253
 136364.9623552262
 135679.078190088
 134997.6992193017
 134321.1677709782
 133649.8233179202
 132984.0022008737
 132324.0373549623
 131670.2580396049
 131022.9895722122
 130382.5530659516
 129749.2651718649
 129123.4378256168
 128505.377999146
 127895.3874574829
 127293.7625209921
 126700.7938332905
 126116.7661350813
 125541.9580441402
 124976.641841679
 124421.0832653026
 123875.5413087694
 123340.2680287535
 122815.5083587979
 122301.4999306395
 121798.4729030759
 121306.6497985344
 120826.2453474937
 120357.4663408967
 119900.5114906862
 119455.5712985799
 119022.8279331948
 118602.4551156167
 118194.6180135027
 117799.473143792
 117417.1682840887
 117047.8423927724
 116691.6255378773
 116348.6388347727
 116018.9943926661
 115702.7952699383
 115400.1354383092
 115111.0997558244
 114835.7639486382
 114574.1946015614
 114326.4491573306
 114092.5759245444
 113872.6140942027
 113666.5937647762
 113474.535975721
 113296.4527493447
 113132.3471409219
 112982.2132969457
 112846.0365213937
 112723.7933498794
 112615.4516315479


# name: QUERY
# type: sq_string
# elements: 1
# length: 2
R4


# name: DATASIZE
# type: sq_string
# elements: 1
# length: 3
250


