# Created by Octave 4.0.0, Sun May 22 18:34:43 2016 CEST <peter@Independence>
# name: x
# type: matrix
# rows: 1
# columns: 100
 60 60.60606060606061 61.21212121212121 61.81818181818181 62.42424242424242 63.03030303030303 63.63636363636364 64.24242424242425 64.84848484848484 65.45454545454545 66.06060606060606 66.66666666666667 67.27272727272727 67.87878787878788 68.48484848484848 69.09090909090909 69.69696969696969 70.3030303030303 70.90909090909091 71.51515151515152 72.12121212121212 72.72727272727272 73.33333333333333 73.93939393939394 74.54545454545455 75.15151515151516 75.75757575757575 76.36363636363636 76.96969696969697 77.57575757575758 78.18181818181819 78.78787878787878 79.39393939393939 80 80.60606060606061 81.21212121212122 81.81818181818181 82.42424242424242 83.03030303030303 83.63636363636364 84.24242424242424 84.84848484848484 85.45454545454545 86.06060606060606 86.66666666666667 87.27272727272727 87.87878787878788 88.48484848484848 89.09090909090909 89.69696969696969 90.3030303030303 90.90909090909091 91.51515151515152 92.12121212121212 92.72727272727272 93.33333333333333 93.93939393939394 94.54545454545455 95.15151515151514 95.75757575757575 96.36363636363636 96.96969696969697 97.57575757575758 98.18181818181819 98.78787878787878 99.39393939393939 100 100.6060606060606 101.2121212121212 101.8181818181818 102.4242424242424 103.030303030303 103.6363636363636 104.2424242424242 104.8484848484848 105.4545454545455 106.0606060606061 106.6666666666667 107.2727272727273 107.8787878787879 108.4848484848485 109.0909090909091 109.6969696969697 110.3030303030303 110.9090909090909 111.5151515151515 112.1212121212121 112.7272727272727 113.3333333333333 113.9393939393939 114.5454545454545 115.1515151515151 115.7575757575758 116.3636363636364 116.969696969697 117.5757575757576 118.1818181818182 118.7878787878788 119.3939393939394 120


# name: y
# type: matrix
# rows: 1
# columns: 100
 162417.2988924455 162004.706506982 161592.1141215186 161179.5217360551 160766.9293505917 160354.3369651283 159941.7445796648 159529.1521942014 159116.5598087379 158703.9674232745 158291.375037811 157878.7826523476 157466.1902668841 157053.5978814207 156641.0054959572 156228.4131104938 155815.8207250304 155403.2283395669 154990.6359541035 154578.04356864 154165.4511831765 153752.8587977131 153340.2664122496 152927.6740267862 152515.0816413228 152102.4892558593 151689.8968703959 151277.3044849324 150864.712099469 150452.1197140055 150039.5273285421 149626.9349430786 149214.3425576152 148801.7501721517 148389.1577866883 147976.5654012249 147563.9730157614 147151.380630298 146738.7882448345 146326.1958593711 145913.6034739076 145501.0110884442 145088.4187029807 144675.8263175173 144263.2339320538 143850.6415465904 143438.049161127 143025.4567756635 142612.8643902001 142200.2720047366 141787.6796192732 141375.0872338097 140962.4948483463 140549.9024628828 140137.3100774194 139724.7176919559 139312.1253064925 138899.532921029 138486.9405355656 138074.3481501021 137661.7557646387 137249.1633791752 136836.5709937118 136423.9786082483 136011.3862227849 135598.7938373215 135186.201451858 134773.6090663946 134361.0166809311 133948.4242954677 133535.8319100042 133123.2395245408 132710.6471390773 132298.0547536139 131885.4623681504 131472.869982687 131060.2775972236 130647.6852117601 130235.0928262966 129822.5004408332 129409.9080553698 128997.3156699063 128584.7232844429 128172.1308989794 127759.538513516 127346.9461280525 126934.3537425891 126521.7613571256 126109.1689716622 125696.5765861987 125283.9842007353 124871.3918152719 124458.7994298084 124046.207044345 123633.6146588815 123221.0222734181 122808.4298879546 122395.8375024912 121983.2451170277 121570.6527315643


# name: QUERY
# type: sq_string
# elements: 1
# length: 2
R4


# name: DATASIZE
# type: sq_string
# elements: 1
# length: 3
250


