# Created by Octave 4.0.0, Wed May 18 23:35:12 2016 CEST <peter@Independence>
# name: x
# type: matrix
# rows: 1
# columns: 100
 60 60.60606060606061 61.21212121212121 61.81818181818181 62.42424242424242 63.03030303030303 63.63636363636364 64.24242424242425 64.84848484848484 65.45454545454545 66.06060606060606 66.66666666666667 67.27272727272727 67.87878787878788 68.48484848484848 69.09090909090909 69.69696969696969 70.3030303030303 70.90909090909091 71.51515151515152 72.12121212121212 72.72727272727272 73.33333333333333 73.93939393939394 74.54545454545455 75.15151515151516 75.75757575757575 76.36363636363636 76.96969696969697 77.57575757575758 78.18181818181819 78.78787878787878 79.39393939393939 80 80.60606060606061 81.21212121212122 81.81818181818181 82.42424242424242 83.03030303030303 83.63636363636364 84.24242424242424 84.84848484848484 85.45454545454545 86.06060606060606 86.66666666666667 87.27272727272727 87.87878787878788 88.48484848484848 89.09090909090909 89.69696969696969 90.3030303030303 90.90909090909091 91.51515151515152 92.12121212121212 92.72727272727272 93.33333333333333 93.93939393939394 94.54545454545455 95.15151515151514 95.75757575757575 96.36363636363636 96.96969696969697 97.57575757575758 98.18181818181819 98.78787878787878 99.39393939393939 100 100.6060606060606 101.2121212121212 101.8181818181818 102.4242424242424 103.030303030303 103.6363636363636 104.2424242424242 104.8484848484848 105.4545454545455 106.0606060606061 106.6666666666667 107.2727272727273 107.8787878787879 108.4848484848485 109.0909090909091 109.6969696969697 110.3030303030303 110.9090909090909 111.5151515151515 112.1212121212121 112.7272727272727 113.3333333333333 113.9393939393939 114.5454545454545 115.1515151515151 115.7575757575758 116.3636363636364 116.969696969697 117.5757575757576 118.1818181818182 118.7878787878788 119.3939393939394 120


# name: y
# type: matrix
# rows: 1
# columns: 100
 160732.0629010151 160353.1415643315 159974.2202276479 159595.2988909642 159216.3775542806 158837.456217597 158458.5348809134 158079.6135442298 157700.6922075461 157321.7708708625 156942.8495341789 156563.9281974953 156185.0068608117 155806.0855241281 155427.1641874444 155048.2428507608 154669.3215140772 154290.4001773936 153911.47884071 153532.5575040263 153153.6361673427 152774.7148306591 152395.7934939755 152016.8721572919 151637.9508206082 151259.0294839246 150880.108147241 150501.1868105574 150122.2654738738 149743.3441371902 149364.4228005066 148985.5014638229 148606.5801271393 148227.6587904557 147848.7374537721 147469.8161170885 147090.8947804048 146711.9734437212 146333.0521070376 145954.130770354 145575.2094336704 145196.2880969867 144817.3667603031 144438.4454236195 144059.5240869359 143680.6027502523 143301.6814135686 142922.760076885 142543.8387402014 142164.9174035178 141785.9960668342 141407.0747301505 141028.1533934669 140649.2320567833 140270.3107200997 139891.3893834161 139512.4680467325 139133.5467100488 138754.6253733652 138375.7040366816 137996.782699998 137617.8613633144 137238.9400266307 136860.0186899471 136481.0973532635 136102.1760165799 135723.2546798963 135344.3333432126 134965.412006529 134586.4906698454 134207.5693331618 133828.6479964782 133449.7266597946 133070.805323111 132691.8839864273 132312.9626497437 131934.0413130601 131555.1199763765 131176.1986396929 130797.2773030092 130418.3559663256 130039.434629642 129660.5132929584 129281.5919562748 128902.6706195911 128523.7492829075 128144.8279462239 127765.9066095403 127386.9852728567 127008.063936173 126629.1425994894 126250.2212628058 125871.2999261222 125492.3785894386 125113.4572527549 124734.5359160713 124355.6145793877 123976.6932427041 123597.7719060205 123218.8505693368


# name: QUERY
# type: sq_string
# elements: 1
# length: 2
R4


# name: DATASIZE
# type: sq_string
# elements: 1
# length: 3
250


