# Created by Octave 4.0.0, Wed May 18 23:35:12 2016 CEST <peter@Independence>
# name: x
# type: matrix
# rows: 1
# columns: 100
 60 60.60606060606061 61.21212121212121 61.81818181818181 62.42424242424242 63.03030303030303 63.63636363636364 64.24242424242425 64.84848484848484 65.45454545454545 66.06060606060606 66.66666666666667 67.27272727272727 67.87878787878788 68.48484848484848 69.09090909090909 69.69696969696969 70.3030303030303 70.90909090909091 71.51515151515152 72.12121212121212 72.72727272727272 73.33333333333333 73.93939393939394 74.54545454545455 75.15151515151516 75.75757575757575 76.36363636363636 76.96969696969697 77.57575757575758 78.18181818181819 78.78787878787878 79.39393939393939 80 80.60606060606061 81.21212121212122 81.81818181818181 82.42424242424242 83.03030303030303 83.63636363636364 84.24242424242424 84.84848484848484 85.45454545454545 86.06060606060606 86.66666666666667 87.27272727272727 87.87878787878788 88.48484848484848 89.09090909090909 89.69696969696969 90.3030303030303 90.90909090909091 91.51515151515152 92.12121212121212 92.72727272727272 93.33333333333333 93.93939393939394 94.54545454545455 95.15151515151514 95.75757575757575 96.36363636363636 96.96969696969697 97.57575757575758 98.18181818181819 98.78787878787878 99.39393939393939 100 100.6060606060606 101.2121212121212 101.8181818181818 102.4242424242424 103.030303030303 103.6363636363636 104.2424242424242 104.8484848484848 105.4545454545455 106.0606060606061 106.6666666666667 107.2727272727273 107.8787878787879 108.4848484848485 109.0909090909091 109.6969696969697 110.3030303030303 110.9090909090909 111.5151515151515 112.1212121212121 112.7272727272727 113.3333333333333 113.9393939393939 114.5454545454545 115.1515151515151 115.7575757575758 116.3636363636364 116.969696969697 117.5757575757576 118.1818181818182 118.7878787878788 119.3939393939394 120


# name: y
# type: matrix
# rows: 100
# columns: 1
 162249.7534637271
 161821.1117274983
 161392.4699912696
 160963.8282550409
 160535.1865188121
 160106.5447825833
 159677.9030463546
 159249.2613101258
 158820.6195738971
 158391.9778376684
 157963.3361014396
 157534.6943652109
 157106.0526289821
 156677.4108927534
 156248.7691565246
 155820.1274202959
 155391.4856840671
 154962.8439478384
 154534.2022116096
 154105.5604753809
 153676.9187391521
 153248.2770029234
 152819.6352666946
 152390.9935304659
 151962.3517942372
 151533.7100580084
 151105.0683217797
 150676.4265855509
 150247.7848493222
 149819.1431130934
 149390.5013768647
 148961.8596406359
 148533.2179044072
 148104.5761681784
 147675.9344319497
 147247.2926957209
 146818.6509594922
 146390.0092232634
 145961.3674870347
 145532.725750806
 145104.0840145772
 144675.4422783485
 144246.8005421197
 143818.158805891
 143389.5170696622
 142960.8753334335
 142532.2335972047
 142103.591860976
 141674.9501247472
 141246.3083885185
 140817.6666522897
 140389.024916061
 139960.3831798322
 139531.7414436035
 139103.0997073748
 138674.457971146
 138245.8162349173
 137817.1744986885
 137388.5327624598
 136959.891026231
 136531.2492900023
 136102.6075537735
 135673.9658175448
 135245.324081316
 134816.6823450873
 134388.0406088585
 133959.3988726298
 133530.7571364011
 133102.1154001723
 132673.4736639436
 132244.8319277148
 131816.1901914861
 131387.5484552573
 130958.9067190286
 130530.2649827998
 130101.6232465711
 129672.9815103423
 129244.3397741136
 128815.6980378848
 128387.0563016561
 127958.4145654273
 127529.7728291986
 127101.1310929699
 126672.4893567411
 126243.8476205124
 125815.2058842836
 125386.5641480549
 124957.9224118261
 124529.2806755974
 124100.6389393686
 123671.9972031399
 123243.3554669111
 122814.7137306824
 122386.0719944537
 121957.4302582249
 121528.7885219961
 121100.1467857674
 120671.5050495387
 120242.8633133099
 119814.2215770812


# name: QUERY
# type: sq_string
# elements: 1
# length: 2
R4


# name: DATASIZE
# type: sq_string
# elements: 1
# length: 3
250


