# Created by Octave 4.0.0, Sun May 22 18:34:43 2016 CEST <peter@Independence>
# name: x
# type: matrix
# rows: 1
# columns: 100
 60 60.60606060606061 61.21212121212121 61.81818181818181 62.42424242424242 63.03030303030303 63.63636363636364 64.24242424242425 64.84848484848484 65.45454545454545 66.06060606060606 66.66666666666667 67.27272727272727 67.87878787878788 68.48484848484848 69.09090909090909 69.69696969696969 70.3030303030303 70.90909090909091 71.51515151515152 72.12121212121212 72.72727272727272 73.33333333333333 73.93939393939394 74.54545454545455 75.15151515151516 75.75757575757575 76.36363636363636 76.96969696969697 77.57575757575758 78.18181818181819 78.78787878787878 79.39393939393939 80 80.60606060606061 81.21212121212122 81.81818181818181 82.42424242424242 83.03030303030303 83.63636363636364 84.24242424242424 84.84848484848484 85.45454545454545 86.06060606060606 86.66666666666667 87.27272727272727 87.87878787878788 88.48484848484848 89.09090909090909 89.69696969696969 90.3030303030303 90.90909090909091 91.51515151515152 92.12121212121212 92.72727272727272 93.33333333333333 93.93939393939394 94.54545454545455 95.15151515151514 95.75757575757575 96.36363636363636 96.96969696969697 97.57575757575758 98.18181818181819 98.78787878787878 99.39393939393939 100 100.6060606060606 101.2121212121212 101.8181818181818 102.4242424242424 103.030303030303 103.6363636363636 104.2424242424242 104.8484848484848 105.4545454545455 106.0606060606061 106.6666666666667 107.2727272727273 107.8787878787879 108.4848484848485 109.0909090909091 109.6969696969697 110.3030303030303 110.9090909090909 111.5151515151515 112.1212121212121 112.7272727272727 113.3333333333333 113.9393939393939 114.5454545454545 115.1515151515151 115.7575757575758 116.3636363636364 116.969696969697 117.5757575757576 118.1818181818182 118.7878787878788 119.3939393939394 120


# name: y
# type: matrix
# rows: 100
# columns: 1
 158994.1626737503
 158626.3010062534
 158258.4393387566
 157890.5776712597
 157522.7160037628
 157154.8543362659
 156786.9926687691
 156419.1310012722
 156051.2693337753
 155683.4076662785
 155315.5459987816
 154947.6843312847
 154579.8226637878
 154211.9609962909
 153844.0993287941
 153476.2376612972
 153108.3759938003
 152740.5143263035
 152372.6526588066
 152004.7909913097
 151636.9293238128
 151269.0676563159
 150901.2059888191
 150533.3443213222
 150165.4826538253
 149797.6209863285
 149429.7593188316
 149061.8976513347
 148694.0359838378
 148326.174316341
 147958.3126488441
 147590.4509813472
 147222.5893138504
 146854.7276463535
 146486.8659788566
 146119.0043113597
 145751.1426438629
 145383.280976366
 145015.4193088691
 144647.5576413722
 144279.6959738754
 143911.8343063785
 143543.9726388816
 143176.1109713847
 142808.2493038879
 142440.387636391
 142072.5259688941
 141704.6643013972
 141336.8026339004
 140968.9409664035
 140601.0792989066
 140233.2176314098
 139865.3559639129
 139497.494296416
 139129.6326289191
 138761.7709614222
 138393.9092939254
 138026.0476264285
 137658.1859589316
 137290.3242914348
 136922.4626239379
 136554.600956441
 136186.7392889441
 135818.8776214472
 135451.0159539504
 135083.1542864535
 134715.2926189566
 134347.4309514597
 133979.5692839629
 133611.707616466
 133243.8459489691
 132875.9842814723
 132508.1226139754
 132140.2609464785
 131772.3992789816
 131404.5376114848
 131036.6759439879
 130668.814276491
 130300.9526089942
 129933.0909414973
 129565.2292740004
 129197.3676065036
 128829.5059390067
 128461.6442715098
 128093.7826040129
 127725.920936516
 127358.0592690192
 126990.1976015223
 126622.3359340254
 126254.4742665285
 125886.6125990316
 125518.7509315348
 125150.8892640379
 124783.0275965411
 124415.1659290441
 124047.3042615473
 123679.4425940504
 123311.5809265535
 122943.7192590566
 122575.8575915598


# name: QUERY
# type: sq_string
# elements: 1
# length: 2
R4


# name: DATASIZE
# type: sq_string
# elements: 1
# length: 3
250


