# Created by Octave 4.0.0, Sun May 22 18:34:43 2016 CEST <peter@Independence>
# name: SVs
# type: cell
# rows: 1
# columns: 7
# name: <cell-element>
# type: sparse matrix
# nnz: 77
# rows: 11
# columns: 7
1 1 -0.5042429953877409
2 1 -0.381325796639234
3 1 3.356120506177166
4 1 -0.7022847429365774
5 1 0.2944897582190161
6 1 -0.5711221668807173
7 1 1.122234024573868
8 1 -0.3741492645383895
9 1 2.60487501817387
10 1 0.6293436922009732
11 1 -0.4112534624214792
1 2 -0.7603357460829975
2 2 -0.7486698085188607
3 2 1.71520454333671
4 2 -0.7493782662656706
5 2 1.351671258190309
6 2 -0.02722366968408294
7 2 1.371838688716165
8 2 -0.6621435023751413
9 2 1.758751079507294
10 2 1.830919308648999
11 2 0.7272366001520375
1 3 0.3980216157449146
2 3 -0.1744487353750812
3 3 -1.102779034488588
4 3 -0.3833230526756202
5 3 -1.07957077701075
6 3 0.0963142685330249
7 3 -0.5689891124983215
8 3 0.6919928771308583
9 3 -0.7469190864950769
10 3 -0.5689891124983215
11 3 -0.2286013361567024
1 4 -0.2399851355341938
2 4 -1.655829716350202
3 4 -0.7931959320119719
4 4 0.5007547444953736
5 4 1.735321211211319
6 4 -0.4118867954566672
7 4 0.03505752034176371
8 4 1.822834783535487
9 4 -1.58394356765535
10 4 0.3601079318315317
11 4 -0.5431571539429196
1 5 -0.4800726634044933
2 5 1.844250295136865
3 5 -0.07785595415392452
4 5 -1.358342490765855
5 5 -0.4374028878447898
6 5 0.5656317901738614
7 5 0.394854370479841
8 5 0.4333948129208634
9 5 1.027822147100511
10 5 0.8593060288762444
11 5 -0.497278218065664
1 6 -1.058086908542263
2 6 0.0547592415639697
3 6 1.406085499836929
4 6 -1.060309828730241
5 6 0.7605233252458932
6 6 1.290702866079763
7 6 0.8502769968357832
8 6 -0.2056885484604226
9 6 1.724172302735481
10 6 -0.1442574952655941
11 6 -0.4164213822807413
1 7 1.315777303282078
2 7 1.315777303282078
3 7 -1.345345332569315
4 7 -0.4583044539521842
5 7 -1.345345332569315
6 7 -1.345345332569315
7 7 -0.4583044539521842
8 7 0.4287364246649469
9 7 -0.4583044539521842
10 7 1.315777303282078
11 7 -0.4583044539521842



# name: <cell-element>
# type: sparse matrix
# nnz: 21
# rows: 3
# columns: 7
1 1 3.356120506177166
2 1 0.5368122357517867
3 1 -0.5462333427862991
1 2 1.71520454333671
2 2 0.842148446684608
3 2 -0.9452432180003889
1 3 -1.102779034488588
2 3 1.187102369991395
3 3 0.4908546456562652
1 4 -0.7931959320119719
2 4 0.3851118096384369
3 4 0.7445425531126995
1 5 -0.07785595415392452
2 5 0.4263159561459817
3 5 -1.339367221910964
1 6 1.406085499836929
2 6 1.708245733388674
3 6 -1.450628461736974
1 7 -1.345345332569315
2 7 -1.345345332569315
3 7 1.315777303282078



# name: <cell-element>
# type: sparse matrix
# nnz: 196
# rows: 28
# columns: 7
1 1 2.646101904710636
2 1 0.4177123413122397
3 1 -0.381325796639234
4 1 -0.7218293409984518
5 1 3.356120506177166
6 1 0.5368122357517867
7 1 -0.7022847429365774
8 1 0.2944897582190161
9 1 0.7420305154014677
10 1 -0.5317275864122517
11 1 -0.5274522055862167
12 1 -0.5711221668807173
13 1 -0.5724963964319428
14 1 -0.2733724307818498
15 1 1.122234024573868
16 1 -0.855740376156763
17 1 -0.6154028968646514
18 1 -0.6775486110145177
19 1 -0.3402516022748261
20 1 -0.3741492645383895
21 1 2.60487501817387
22 1 -0.3805623357774421
23 1 0.06697842140500958
24 1 -0.3062012478389044
25 1 -0.5462333427862991
26 1 -0.9030749495878651
27 1 -1.047827128983622
28 1 0.6293436922009732
1 2 1.525762941839735
2 2 1.371035769936447
3 2 -0.7486698085188607
4 2 -0.745080289268357
5 2 1.71520454333671
6 2 0.842148446684608
7 2 -0.7493782662656706
8 2 1.351671258190309
9 2 1.830541464517367
10 2 -0.8017569090131513
11 2 0.2155884154059067
12 2 -0.02722366968408294
13 2 -0.8630148888539831
14 2 -0.7081460254013326
15 2 1.371838688716165
16 2 -0.8834184719621091
17 2 -0.8093137916457905
18 2 -0.5731139788593602
19 2 -0.7892880526692966
20 2 -0.6621435023751413
21 2 1.758751079507294
22 2 -0.7443718315215471
23 2 0.09156107919771515
24 2 -0.7996787662891756
25 2 -0.9452432180003889
26 2 -0.9108121715054264
27 2 -0.8463425165457229
28 2 1.830919308648999
1 3 -1.164667721096155
2 3 -0.2750178511123778
3 3 -0.1744487353750812
4 3 -0.9944738329253453
5 3 -1.102779034488588
6 3 1.187102369991395
7 3 -0.3833230526756202
8 3 -1.07957077701075
9 3 0.9859641385168021
10 3 -0.3755869668496743
11 3 -0.2518095936345401
12 3 0.0963142685330249
13 3 -0.02746310468210931
14 3 1.465601459725447
15 3 -0.5689891124983215
16 3 -1.327125523441019
17 3 0.8235063361719384
18 3 -1.071834691184804
19 3 1.66673969120004
20 3 0.6919928771308583
21 3 -0.7469190864950769
22 3 -0.4065313101534578
23 3 -0.8552242880583194
24 3 0.3980216157449146
25 3 0.4908546456562652
26 3 0.3593411866151851
27 3 0.2355638134000509
28 3 -0.5689891124983215
1 4 -0.09308735341862558
2 4 0.3194766303953107
3 4 -1.655829716350202
4 4 -0.00244829636859413
5 4 -0.7931959320119719
6 4 0.3851118096384369
7 4 0.5007547444953736
8 4 1.735321211211319
9 4 0.3413550234763527
10 4 -0.2993693453255937
11 4 0.2663433900556371
12 4 -0.4118867954566672
13 4 -0.07433444506344665
14 4 0.9289461519386255
15 4 0.03505752034176371
16 4 -0.9994779239189401
17 4 0.1850807871831951
18 4 -1.580818082929486
19 4 0.6695309196919839
20 4 1.822834783535487
21 4 -1.58394356765535
22 4 -0.7619410847533404
23 4 -0.1118402617738045
24 4 1.997861928183824
25 4 0.7445425531126995
26 4 -0.07745992978930981
27 4 -0.9182153210464981
28 4 0.3601079318315317
1 5 0.540069251820122
2 5 0.6705365148793997
3 5 1.844250295136865
4 5 1.363969526452184
5 5 -0.07785595415392452
6 5 0.4263159561459817
7 5 -1.358342490765855
8 5 -0.4374028878447898
9 5 0.9959672916135435
10 5 -0.8554487073836357
11 5 -0.2742942296568911
12 5 0.5656317901738614
13 5 -0.9188634659919507
14 5 -0.8624292467033107
15 5 0.394854370479841
16 5 -0.04432970192844324
17 5 -1.301908271477215
18 5 1.876793372810279
19 5 -1.183140785587533
20 5 0.4333948129208634
21 5 1.027822147100511
22 5 0.0937080051817495
23 5 0.3428444366755019
24 5 -0.3693672088417603
25 5 -1.339367221910964
26 5 0.3870872915185124
27 5 -1.318818873772766
28 5 0.8593060288762444
1 6 1.349701783068921
2 6 0.6734371578815769
3 6 0.0547592415639697
4 6 0.7256104022935321
5 6 1.406085499836929
6 6 1.708245733388674
7 6 -1.060309828730241
8 6 0.7605233252458932
9 6 0.3824176772719335
10 6 -0.9617952363994959
11 6 0.5886262147096616
12 6 1.290702866079763
13 6 -1.002461599838388
14 6 -1.201739856690067
15 6 0.8502769968357832
16 6 -0.1413023190156938
17 6 -1.233305323359355
18 6 0.5004939672568849
19 6 -1.333258275811733
20 6 -0.2056885484604226
21 6 1.724172302735481
22 6 -0.4568262256975187
23 6 -0.5597082023975849
24 6 -0.9731713573615013
25 6 -1.450628461736974
26 6 0.147781913430298
27 6 -0.6944956217956889
28 6 -0.1442574952655941
1 7 -0.4583044539521842
2 7 -0.4583044539521842
3 7 1.315777303282078
4 7 -0.4583044539521842
5 7 -1.345345332569315
6 7 -1.345345332569315
7 7 -0.4583044539521842
8 7 -1.345345332569315
9 7 0.4287364246649469
10 7 0.4287364246649469
11 7 -1.345345332569315
12 7 -1.345345332569315
13 7 0.4287364246649469
14 7 1.315777303282078
15 7 -0.4583044539521842
16 7 -0.4583044539521842
17 7 0.4287364246649469
18 7 0.4287364246649469
19 7 1.315777303282078
20 7 0.4287364246649469
21 7 -0.4583044539521842
22 7 0.4287364246649469
23 7 1.315777303282078
24 7 1.315777303282078
25 7 1.315777303282078
26 7 -0.4583044539521842
27 7 -1.345345332569315
28 7 1.315777303282078



