# Created by Octave 4.0.0, Wed May 18 23:35:04 2016 CEST <peter@Independence>
# name: SVs
# type: cell
# rows: 1
# columns: 7
# name: <cell-element>
# type: sparse matrix
# nnz: 84
# rows: 12
# columns: 7
1 1 1.122234024573868
2 1 1.156437071182148
3 1 -0.1292310200755262
4 1 0.2862443809116628
5 1 -0.7218293409984518
6 1 2.60487501817387
7 1 -1.047827128983622
8 1 1.337682679771561
9 1 0.2944897582190161
10 1 1.966316353371068
11 1 -0.03578341059218932
12 1 -0.7022847429365774
1 2 1.371838688716165
2 2 1.509704566245377
3 2 -0.6641271840662091
4 2 1.338352252550282
5 2 -0.745080289268357
6 2 1.758751079507294
7 2 -0.8463425165457229
8 2 1.70278291750931
9 2 1.351671258190309
10 2 1.702405073377678
11 2 0.7228913926382698
12 2 -0.7493782662656706
1 3 -0.5689891124983215
2 3 0.1195225260108626
3 3 0.003481238621674243
4 3 -0.3523787093718366
5 3 -0.9944738329253453
6 3 -0.7469190864950769
7 3 0.2355638134000509
8 3 1.094269340080045
9 3 -1.07957077701075
10 3 0.3825494440930228
11 3 -2.371497109943713
12 3 -0.3833230526756202
1 4 0.03505752034176371
2 4 1.025836178440383
3 4 -0.346251616213541
4 4 -0.0649579908858572
5 4 -0.00244829636859413
6 4 -1.58394356765535
7 4 -0.9182153210464981
8 4 0.6914093127730259
9 4 1.735321211211319
10 4 -0.752564630575751
11 4 -0.6650510582515826
12 4 0.5007547444953736
1 5 0.394854370479841
2 5 -0.3493104479795956
3 5 0.16587301730346
4 5 0.838855998193253
5 5 1.363969526452184
6 5 1.027822147100511
7 5 -1.318818873772766
8 5 -1.218830021827562
9 5 -0.4374028878447898
10 5 0.5242401415318449
11 5 0.05585578492717386
12 5 -1.358342490765855
1 6 0.8502769968357832
2 6 0.2015765819793667
3 6 -0.6917758135656923
4 6 0.180524220199104
5 6 0.7256104022935321
6 6 1.724172302735481
7 6 -0.6944956217956889
8 6 -0.131599926195225
9 6 0.7605233252458932
10 6 2.223309416944293
11 6 1.076125687934353
12 6 -1.060309828730241
1 7 -0.4583044539521842
2 7 -0.4583044539521842
3 7 1.315777303282078
4 7 0.4287364246649469
5 7 -0.4583044539521842
6 7 -0.4583044539521842
7 7 -1.345345332569315
8 7 -1.345345332569315
9 7 -1.345345332569315
10 7 -1.345345332569315
11 7 -1.345345332569315
12 7 -0.4583044539521842



# name: <cell-element>
# type: sparse matrix
# nnz: 182
# rows: 26
# columns: 7
1 1 1.122234024573868
2 1 -0.9966752512435603
3 1 -0.3138358564568241
4 1 1.156437071182148
5 1 -0.1292310200755262
6 1 0.2862443809116628
7 1 -0.7218293409984518
8 1 -0.3642242733350939
9 1 -0.3784246453644246
10 1 -0.2733724307818498
11 1 -0.6616686250892447
12 1 -0.6775486110145177
13 1 2.60487501817387
14 1 -0.5274522055862167
15 1 -0.3402516022748261
16 1 1.337682679771561
17 1 0.06697842140500958
18 1 -0.5724963964319428
19 1 0.08102610126198179
20 1 1.966316353371068
21 1 0.7711947203219209
22 1 -0.4152234589027974
23 1 -0.2800908863656191
24 1 -0.03578341059218932
25 1 -0.7022847429365774
26 1 -0.381325796639234
1 2 1.371838688716165
2 2 -0.7982146202791017
3 2 0.2748154830392168
4 2 1.509704566245377
5 2 -0.6641271840662091
6 2 1.338352252550282
7 2 -0.745080289268357
8 2 -0.6401340817075795
9 2 -0.7836203906948171
10 2 -0.7081460254013326
11 2 -0.5614008107787694
12 2 -0.5731139788593602
13 2 1.758751079507294
14 2 0.2155884154059067
15 2 -0.7892880526692966
16 2 1.70278291750931
17 2 0.09156107919771515
18 2 -0.8630148888539831
19 2 0.4116895197228951
20 2 1.702405073377678
21 2 1.451752722556325
22 2 -0.635505491095088
23 2 -0.4492755647169847
24 2 0.7228913926382698
25 2 -0.7493782662656706
26 2 -0.7486698085188607
1 3 -0.5689891124983215
2 3 1.225782799121125
3 3 -0.4761560825869708
4 3 0.1195225260108626
5 3 0.003481238621674243
6 3 -0.3523787093718366
7 3 -0.9944738329253453
8 3 1.365032343988151
9 3 2.239210042320036
10 3 1.465601459725447
11 3 -0.391059138501566
12 3 -1.071834691184804
13 3 -0.7469190864950769
14 3 -0.2518095936345401
15 3 1.66673969120004
16 3 1.094269340080045
17 3 -0.8552242880583194
18 3 -0.02746310468210931
19 3 -0.878432545536157
20 3 0.3825494440930228
21 3 -0.6618221424096722
22 3 0.4908546456562652
23 3 0.784825907042209
24 3 -2.371497109943713
25 3 -0.3833230526756202
26 3 -0.1744487353750812
1 4 0.03505752034176371
2 4 -0.4712710052480671
3 4 0.1757043330056056
4 4 1.025836178440383
5 4 -0.346251616213541
6 4 -0.0649579908858572
7 4 -0.00244829636859413
8 4 1.275874956509436
9 4 0.7726719156454679
10 4 0.9289461519386255
11 4 -1.765221681755412
12 4 -1.580818082929486
13 4 -1.58394356765535
14 4 0.2663433900556371
15 4 0.6695309196919839
16 4 0.6914093127730259
17 4 -0.1118402617738045
18 4 -0.07433444506344665
19 4 -1.424543846636329
20 4 -0.752564630575751
21 4 -0.1712244715652044
22 4 0.9570755144713939
23 4 -0.490023913603246
24 4 -0.6650510582515826
25 4 0.5007547444953736
26 4 -1.655829716350202
1 5 0.394854370479841
2 5 -1.187958340892661
3 5 -0.3393803850037199
4 5 -0.3493104479795956
5 5 0.16587301730346
6 5 0.838855998193253
7 5 1.363969526452184
8 5 -0.3514734319941428
9 5 -1.245277417278161
10 5 -0.8624292467033107
11 5 2.147854596815123
12 5 1.876793372810279
13 5 1.027822147100511
14 5 -0.2742942296568911
15 5 -1.183140785587533
16 5 -1.218830021827562
17 5 0.3428444366755019
18 5 -0.9188634659919507
19 5 1.715061158995274
20 5 0.5242401415318449
21 5 0.202643745550762
22 5 -0.7071859849319472
23 5 -0.3922751759049191
24 5 0.05585578492717386
25 5 -1.358342490765855
26 5 1.844250295136865
1 6 0.8502769968357832
2 6 -0.6219499676609701
3 6 0.5750271735596783
4 6 0.2015765819793667
5 6 -0.6917758135656923
6 6 0.180524220199104
7 6 0.7256104022935321
8 6 -0.9400890745639456
9 6 -1.372983167171011
10 6 -1.201739856690067
11 6 1.392957194726753
12 6 0.5004939672568849
13 6 1.724172302735481
14 6 0.5886262147096616
15 6 -1.333258275811733
16 6 -0.131599926195225
17 6 -0.5597082023975849
18 6 -1.002461599838388
19 6 1.50211565195758
20 6 2.223309416944293
21 6 1.579264058481524
22 6 -0.8481909387927121
23 6 0.5786884538692891
24 6 1.076125687934353
25 6 -1.060309828730241
26 6 0.0547592415639697
1 7 -0.4583044539521842
2 7 -1.345345332569315
3 7 -1.345345332569315
4 7 -0.4583044539521842
5 7 1.315777303282078
6 7 0.4287364246649469
7 7 -0.4583044539521842
8 7 1.315777303282078
9 7 1.315777303282078
10 7 1.315777303282078
11 7 -0.4583044539521842
12 7 0.4287364246649469
13 7 -0.4583044539521842
14 7 -1.345345332569315
15 7 1.315777303282078
16 7 -1.345345332569315
17 7 1.315777303282078
18 7 0.4287364246649469
19 7 -0.4583044539521842
20 7 -1.345345332569315
21 7 -1.345345332569315
22 7 0.4287364246649469
23 7 -1.345345332569315
24 7 -1.345345332569315
25 7 -0.4583044539521842
26 7 1.315777303282078



