# Created by Octave 4.0.0, Sun May 22 18:34:35 2016 CEST <peter@Independence>
# name: mu
# type: matrix
# rows: 1
# columns: 8
 141767.05 21949.35 49549.4 2906.55 4551.783333333334 26055.88333333334 91244.11666666667 90.33333333333333


# name: sigma
# type: matrix
# rows: 1
# columns: 8
 49213.63666585526 6549.124192514832 21172.75175201708 129.264336319295 319.9503717695609 10171.13388357874 38237.99003657234 22.54687521411569


