# Created by Octave 4.0.0, Sun May 22 18:34:43 2016 CEST <peter@Independence>
# name: x
# type: matrix
# rows: 1
# columns: 100
 60 60.60606060606061 61.21212121212121 61.81818181818181 62.42424242424242 63.03030303030303 63.63636363636364 64.24242424242425 64.84848484848484 65.45454545454545 66.06060606060606 66.66666666666667 67.27272727272727 67.87878787878788 68.48484848484848 69.09090909090909 69.69696969696969 70.3030303030303 70.90909090909091 71.51515151515152 72.12121212121212 72.72727272727272 73.33333333333333 73.93939393939394 74.54545454545455 75.15151515151516 75.75757575757575 76.36363636363636 76.96969696969697 77.57575757575758 78.18181818181819 78.78787878787878 79.39393939393939 80 80.60606060606061 81.21212121212122 81.81818181818181 82.42424242424242 83.03030303030303 83.63636363636364 84.24242424242424 84.84848484848484 85.45454545454545 86.06060606060606 86.66666666666667 87.27272727272727 87.87878787878788 88.48484848484848 89.09090909090909 89.69696969696969 90.3030303030303 90.90909090909091 91.51515151515152 92.12121212121212 92.72727272727272 93.33333333333333 93.93939393939394 94.54545454545455 95.15151515151514 95.75757575757575 96.36363636363636 96.96969696969697 97.57575757575758 98.18181818181819 98.78787878787878 99.39393939393939 100 100.6060606060606 101.2121212121212 101.8181818181818 102.4242424242424 103.030303030303 103.6363636363636 104.2424242424242 104.8484848484848 105.4545454545455 106.0606060606061 106.6666666666667 107.2727272727273 107.8787878787879 108.4848484848485 109.0909090909091 109.6969696969697 110.3030303030303 110.9090909090909 111.5151515151515 112.1212121212121 112.7272727272727 113.3333333333333 113.9393939393939 114.5454545454545 115.1515151515151 115.7575757575758 116.3636363636364 116.969696969697 117.5757575757576 118.1818181818182 118.7878787878788 119.3939393939394 120


# name: y
# type: matrix
# rows: 100
# columns: 1
 138891.5629259063
 138428.2633938168
 137983.4748161266
 137556.8198033474
 137147.9209659909
 136756.4009145689
 136381.8822595931
 136023.9876115752
 135682.339581027
 135356.5607784603
 135046.2738143867
 134751.101299318
 134470.6658437659
 134204.5900582422
 133952.4965532587
 133714.0079393269
 133488.7468269588
 133276.335826666
 133076.3975489603
 132888.5546043533
 132712.4296033569
 132547.6451564828
 132393.8238742427
 132250.5883671483
 132117.5612457115
 131994.3651204438
 131880.6226018571
 131775.9563004632
 131679.9888267737
 131592.3427913003
 131512.6408045549
 131440.5054770491
 131375.5594192948
 131317.4252418035
 131265.7255550871
 131220.0829696574
 131180.120096026
 131145.4595447046
 131115.7239262051
 131090.5358510392
 131069.5179297185
 131052.2927727549
 131038.48299066
 131027.7111939457
 131019.5999931236
 131013.7719987055
 131009.8498212031
 131007.4560711282
 131006.2133589924
 131005.7442953077
 131005.6714905855
 131005.6175553379
 131005.2051000763
 131004.0567353127
 131001.7950715586
 130998.042719326
 130992.4222891264
 130984.5563914717
 130974.0676368735
 130960.5786358437
 130943.7119988939
 130923.0903365359
 130898.3362592815
 130869.0723776423
 130834.9213021301
 130795.5056432567
 130750.4480115337
 130699.371017473
 130641.8972715862
 130577.6493843851
 130506.2499663814
 130427.321628087
 130340.4869800134
 130245.3686326724
 130141.5891965759
 130028.7712822355
 129906.5375001629
 129774.5104608699
 129632.3127748683
 129479.5670526697
 129315.895904786
 129140.9219417288
 128954.2677740099
 128755.556012141
 128544.4092666338
 128320.4501480002
 128083.3012667518
 127832.5852334004
 127567.9246584577
 127288.9421524355
 126995.2603258454
 126686.5017891993
 126362.2891530088
 126022.2450277857
 125665.9920240418
 125293.1527522888
 124903.3498230383
 124496.2058468023
 124071.3434340923
 123628.3851954201


# name: QUERY
# type: sq_string
# elements: 1
# length: 2
R4


# name: DATASIZE
# type: sq_string
# elements: 1
# length: 3
250


