# Created by Octave 4.0.0, Sun May 22 18:34:43 2016 CEST <peter@Independence>
# name: x
# type: matrix
# rows: 1
# columns: 100
 60 60.60606060606061 61.21212121212121 61.81818181818181 62.42424242424242 63.03030303030303 63.63636363636364 64.24242424242425 64.84848484848484 65.45454545454545 66.06060606060606 66.66666666666667 67.27272727272727 67.87878787878788 68.48484848484848 69.09090909090909 69.69696969696969 70.3030303030303 70.90909090909091 71.51515151515152 72.12121212121212 72.72727272727272 73.33333333333333 73.93939393939394 74.54545454545455 75.15151515151516 75.75757575757575 76.36363636363636 76.96969696969697 77.57575757575758 78.18181818181819 78.78787878787878 79.39393939393939 80 80.60606060606061 81.21212121212122 81.81818181818181 82.42424242424242 83.03030303030303 83.63636363636364 84.24242424242424 84.84848484848484 85.45454545454545 86.06060606060606 86.66666666666667 87.27272727272727 87.87878787878788 88.48484848484848 89.09090909090909 89.69696969696969 90.3030303030303 90.90909090909091 91.51515151515152 92.12121212121212 92.72727272727272 93.33333333333333 93.93939393939394 94.54545454545455 95.15151515151514 95.75757575757575 96.36363636363636 96.96969696969697 97.57575757575758 98.18181818181819 98.78787878787878 99.39393939393939 100 100.6060606060606 101.2121212121212 101.8181818181818 102.4242424242424 103.030303030303 103.6363636363636 104.2424242424242 104.8484848484848 105.4545454545455 106.0606060606061 106.6666666666667 107.2727272727273 107.8787878787879 108.4848484848485 109.0909090909091 109.6969696969697 110.3030303030303 110.9090909090909 111.5151515151515 112.1212121212121 112.7272727272727 113.3333333333333 113.9393939393939 114.5454545454545 115.1515151515151 115.7575757575758 116.3636363636364 116.969696969697 117.5757575757576 118.1818181818182 118.7878787878788 119.3939393939394 120


# name: y
# type: matrix
# rows: 100
# columns: 1
 145518.4807456459
 145516.4555860473
 145514.4712974799
 145512.5278799438
 145510.625333439
 145508.7636579653
 145506.942853523
 145505.1629201119
 145503.4238577321
 145501.7256663835
 145500.0683460661
 145498.4518967801
 145496.8763185252
 145495.3416113016
 145493.8477751093
 145492.3948099483
 145490.9827158184
 145489.6114927199
 145488.2811406525
 145486.9916596165
 145485.7430496117
 145484.5353106381
 145483.3684426958
 145482.2424457848
 145481.157319905
 145480.1130650565
 145479.1096812392
 145478.1471684532
 145477.2255266984
 145476.3447559749
 145475.5048562826
 145474.7058276216
 145473.9476699919
 145473.2303833934
 145472.5539678261
 145471.9184232901
 145471.3237497854
 145470.7699473119
 145470.2570158697
 145469.7849554587
 145469.3537660789
 145468.9634477305
 145468.6140004132
 145468.3054241273
 145468.0377188726
 145467.8108846491
 145467.6249214569
 145467.479829296
 145467.3756081663
 145467.3122580678
 145467.2897790007
 145467.3081709647
 145467.36743396
 145467.4675679866
 145467.6085730444
 145467.7904491335
 145468.0131962538
 145468.2768144054
 145468.5813035883
 145468.9266638024
 145469.3128950477
 145469.7399973243
 145470.2079706322
 145470.7168149713
 145471.2665303416
 145471.8571167433
 145472.4885741761
 145473.1609026402
 145473.8741021356
 145474.6281726623
 145475.4231142201
 145476.2589268093
 145477.1356104297
 145478.0531650813
 145479.0115907642
 145480.0108874784
 145481.0510552238
 145482.1320940004
 145483.2540038083
 145484.4167846475
 145485.6204365179
 145486.8649594196
 145488.1503533525
 145489.4766183167
 145490.8437543122
 145492.2517613388
 145493.7006393968
 145495.190388486
 145496.7210086065
 145498.2924997582
 145499.9048619411
 145501.5580951553
 145503.2521994008
 145504.9871746775
 145506.7630209855
 145508.5797383247
 145510.4373266952
 145512.3357860969
 145514.2751165299
 145516.2553179942


# name: QUERY
# type: sq_string
# elements: 1
# length: 2
R4


# name: DATASIZE
# type: sq_string
# elements: 1
# length: 3
250


