# Created by Octave 4.0.0, Wed May 18 23:35:12 2016 CEST <peter@Independence>
# name: x
# type: matrix
# rows: 1
# columns: 100
 60 60.60606060606061 61.21212121212121 61.81818181818181 62.42424242424242 63.03030303030303 63.63636363636364 64.24242424242425 64.84848484848484 65.45454545454545 66.06060606060606 66.66666666666667 67.27272727272727 67.87878787878788 68.48484848484848 69.09090909090909 69.69696969696969 70.3030303030303 70.90909090909091 71.51515151515152 72.12121212121212 72.72727272727272 73.33333333333333 73.93939393939394 74.54545454545455 75.15151515151516 75.75757575757575 76.36363636363636 76.96969696969697 77.57575757575758 78.18181818181819 78.78787878787878 79.39393939393939 80 80.60606060606061 81.21212121212122 81.81818181818181 82.42424242424242 83.03030303030303 83.63636363636364 84.24242424242424 84.84848484848484 85.45454545454545 86.06060606060606 86.66666666666667 87.27272727272727 87.87878787878788 88.48484848484848 89.09090909090909 89.69696969696969 90.3030303030303 90.90909090909091 91.51515151515152 92.12121212121212 92.72727272727272 93.33333333333333 93.93939393939394 94.54545454545455 95.15151515151514 95.75757575757575 96.36363636363636 96.96969696969697 97.57575757575758 98.18181818181819 98.78787878787878 99.39393939393939 100 100.6060606060606 101.2121212121212 101.8181818181818 102.4242424242424 103.030303030303 103.6363636363636 104.2424242424242 104.8484848484848 105.4545454545455 106.0606060606061 106.6666666666667 107.2727272727273 107.8787878787879 108.4848484848485 109.0909090909091 109.6969696969697 110.3030303030303 110.9090909090909 111.5151515151515 112.1212121212121 112.7272727272727 113.3333333333333 113.9393939393939 114.5454545454545 115.1515151515151 115.7575757575758 116.3636363636364 116.969696969697 117.5757575757576 118.1818181818182 118.7878787878788 119.3939393939394 120


# name: y
# type: matrix
# rows: 100
# columns: 1
 113738.1899100863
 113932.9673587011
 114123.8138799977
 114310.7294739762
 114493.7141406365
 114672.7678799787
 114847.8906920027
 115019.0825767086
 115186.3435340962
 115349.6735641658
 115509.0726669171
 115664.5408423503
 115816.0780904654
 115963.6844112623
 116107.359804741
 116247.1042709016
 116382.917809744
 116514.8004212682
 116642.7521054744
 116766.7728623623
 116886.862691932
 117003.0215941837
 117115.2495691171
 117223.5466167324
 117327.9127370295
 117428.3479300085
 117524.8521956693
 117617.425534012
 117706.0679450365
 117790.7794287428
 117871.559985131
 117948.409614201
 118021.3283159529
 118090.3160903866
 118155.3729375021
 118216.4988572995
 118273.6938497787
 118326.9579149398
 118376.2910527827
 118421.6932633074
 118463.164546514
 118500.7049024024
 118534.3143309727
 118563.9928322248
 118589.7404061587
 118611.5570527745
 118629.4427720722
 118643.3975640516
 118653.4214287129
 118659.5143660561
 118661.6763760811
 118659.9074587879
 118654.2076141766
 118644.5768422471
 118631.0151429994
 118613.5225164336
 118592.0989625496
 118566.7444813475
 118537.4590728272
 118504.2427369888
 118467.0954738322
 118426.0172833574
 118381.0081655645
 118332.0681204534
 118279.1971480241
 118222.3952482767
 118161.6624212112
 118096.9986668275
 118028.4039851256
 117955.8783761055
 117879.4218397673
 117799.034376111
 117714.7159851364
 117626.4666668438
 117534.2864212329
 117438.1752483039
 117338.1331480567
 117234.1601204914
 117126.2561656079
 117014.4212834063
 116898.6554738865
 116778.9587370485
 116655.3310728924
 116527.7724814182
 116396.2829626257
 116260.8625165151
 116121.5111430864
 115978.2288423395
 115831.0156142744
 115679.8714588912
 115524.7963761898
 115365.7903661702
 115202.8534288325
 115035.9855641766
 114865.1867722026
 114690.4570529104
 114511.7964063001
 114329.2048323716
 114142.6823311249
 113952.2289025601


# name: QUERY
# type: sq_string
# elements: 1
# length: 2
R4


# name: DATASIZE
# type: sq_string
# elements: 1
# length: 3
250


