# Created by Octave 4.0.0, Wed May 18 23:35:12 2016 CEST <peter@Independence>
# name: x
# type: matrix
# rows: 1
# columns: 100
 60 60.60606060606061 61.21212121212121 61.81818181818181 62.42424242424242 63.03030303030303 63.63636363636364 64.24242424242425 64.84848484848484 65.45454545454545 66.06060606060606 66.66666666666667 67.27272727272727 67.87878787878788 68.48484848484848 69.09090909090909 69.69696969696969 70.3030303030303 70.90909090909091 71.51515151515152 72.12121212121212 72.72727272727272 73.33333333333333 73.93939393939394 74.54545454545455 75.15151515151516 75.75757575757575 76.36363636363636 76.96969696969697 77.57575757575758 78.18181818181819 78.78787878787878 79.39393939393939 80 80.60606060606061 81.21212121212122 81.81818181818181 82.42424242424242 83.03030303030303 83.63636363636364 84.24242424242424 84.84848484848484 85.45454545454545 86.06060606060606 86.66666666666667 87.27272727272727 87.87878787878788 88.48484848484848 89.09090909090909 89.69696969696969 90.3030303030303 90.90909090909091 91.51515151515152 92.12121212121212 92.72727272727272 93.33333333333333 93.93939393939394 94.54545454545455 95.15151515151514 95.75757575757575 96.36363636363636 96.96969696969697 97.57575757575758 98.18181818181819 98.78787878787878 99.39393939393939 100 100.6060606060606 101.2121212121212 101.8181818181818 102.4242424242424 103.030303030303 103.6363636363636 104.2424242424242 104.8484848484848 105.4545454545455 106.0606060606061 106.6666666666667 107.2727272727273 107.8787878787879 108.4848484848485 109.0909090909091 109.6969696969697 110.3030303030303 110.9090909090909 111.5151515151515 112.1212121212121 112.7272727272727 113.3333333333333 113.9393939393939 114.5454545454545 115.1515151515151 115.7575757575758 116.3636363636364 116.969696969697 117.5757575757576 118.1818181818182 118.7878787878788 119.3939393939394 120


# name: y
# type: matrix
# rows: 100
# columns: 1
 139564.1047315797
 139103.0734006047
 138660.4623989269
 138235.8961846646
 137828.999215936
 137439.3959508595
 137066.7108475534
 136710.568364136
 136370.5929587255
 136046.4090894403
 135737.6412143988
 135443.9137917191
 135164.8512795196
 134900.0781359186
 134649.2188190345
 134411.8977869854
 134187.7394978898
 133976.3684098659
 133777.4089810321
 133590.4856695065
 133415.2229334077
 133251.2452308537
 133098.177019963
 132955.6427588539
 132823.2669056446
 132700.6739184535
 132587.4882553988
 132483.334374599
 132387.8367341722
 132300.6197922368
 132221.308006911
 132149.5258363133
 132084.8977385619
 132027.048171775
 131975.6015940711
 131930.1824635684
 131890.4152383852
 131855.9243766398
 131826.3343364505
 131801.2695759357
 131780.3545532136
 131763.2137264025
 131749.4715536208
 131738.7524929867
 131730.6810026186
 131724.8815406347
 131720.9785651534
 131718.596534293
 131717.3599061717
 131716.8931389079
 131716.8206906199
 131716.767019426
 131716.3565834445
 131715.2138407936
 131712.9632495918
 131709.2292679572
 131703.6363540083
 131695.8089658633
 131685.3715616405
 131671.9485994582
 131655.1645374348
 131634.6438336884
 131610.0109463376
 131580.8903335004
 131546.9064532953
 131507.6837638406
 131462.8467232545
 131412.0197896553
 131354.8274211615
 131290.8940758911
 131219.8442119627
 131141.3022874945
 131054.8927606047
 130960.2400894117
 130856.9687320338
 130744.7031465894
 130623.0677911966
 130491.6871239738
 130350.1856030393
 130198.1876865114
 130035.3178325085
 129861.2004991488
 129675.4601445506
 129477.7212268322
 129267.608204112
 129044.7455345083
 128808.7576761393
 128559.2690871233
 128295.9042255787
 128018.2875496237
 127726.0435173767
 127418.796586956
 127096.1712164799
 126757.7918640666
 126403.2829878346
 126032.269045902
 125644.3744963872
 125239.2237974085
 124816.4414070842
 124375.6517835327


# name: QUERY
# type: sq_string
# elements: 1
# length: 2
R4


# name: DATASIZE
# type: sq_string
# elements: 1
# length: 3
250


