# Created by Octave 4.0.0, Wed May 18 23:35:12 2016 CEST <peter@Independence>
# name: x
# type: matrix
# rows: 1
# columns: 100
 60 60.60606060606061 61.21212121212121 61.81818181818181 62.42424242424242 63.03030303030303 63.63636363636364 64.24242424242425 64.84848484848484 65.45454545454545 66.06060606060606 66.66666666666667 67.27272727272727 67.87878787878788 68.48484848484848 69.09090909090909 69.69696969696969 70.3030303030303 70.90909090909091 71.51515151515152 72.12121212121212 72.72727272727272 73.33333333333333 73.93939393939394 74.54545454545455 75.15151515151516 75.75757575757575 76.36363636363636 76.96969696969697 77.57575757575758 78.18181818181819 78.78787878787878 79.39393939393939 80 80.60606060606061 81.21212121212122 81.81818181818181 82.42424242424242 83.03030303030303 83.63636363636364 84.24242424242424 84.84848484848484 85.45454545454545 86.06060606060606 86.66666666666667 87.27272727272727 87.87878787878788 88.48484848484848 89.09090909090909 89.69696969696969 90.3030303030303 90.90909090909091 91.51515151515152 92.12121212121212 92.72727272727272 93.33333333333333 93.93939393939394 94.54545454545455 95.15151515151514 95.75757575757575 96.36363636363636 96.96969696969697 97.57575757575758 98.18181818181819 98.78787878787878 99.39393939393939 100 100.6060606060606 101.2121212121212 101.8181818181818 102.4242424242424 103.030303030303 103.6363636363636 104.2424242424242 104.8484848484848 105.4545454545455 106.0606060606061 106.6666666666667 107.2727272727273 107.8787878787879 108.4848484848485 109.0909090909091 109.6969696969697 110.3030303030303 110.9090909090909 111.5151515151515 112.1212121212121 112.7272727272727 113.3333333333333 113.9393939393939 114.5454545454545 115.1515151515151 115.7575757575758 116.3636363636364 116.969696969697 117.5757575757576 118.1818181818182 118.7878787878788 119.3939393939394 120


# name: y
# type: matrix
# rows: 100
# columns: 1
 135246.3666792576
 135245.1424956691
 135244.0369401341
 135243.0406323522
 135242.1447596746
 135241.3410537254
 135240.6217675149
 135239.9796530449
 135239.4079394053
 135238.9003113622
 135238.4508884383
 135238.0542044843
 135237.7051877422
 135237.3991414006
 135237.1317246407
 135236.8989341752
 135236.6970862779
 135236.5227993056
 135236.3729767108
 135236.2447905472
 135236.135665466
 135236.043263204
 135235.965467564
 135235.9003698856
 135235.8462550089
 135235.8015877293
 135235.7649997439
 135235.7352770896
 135235.7113480732
 135235.6922716925
 135235.6772265499
 135235.6655002567
 135235.6564793299
 135235.6496395803
 135235.6445369919
 135235.6407990938
 135235.6381168231
 135235.6362368793
 135235.6349545713
 135235.634107155
 135235.6335676632
 135235.6332392269
 135235.6330498883
 135235.6329479055
 135235.6328975488
 135235.632875389
 135235.6328670764
 135235.6328646126
 135235.6328641136
 135235.6328640639
 135235.6328640629
 135235.6328640635
 135235.6328641005
 135235.632864513
 135235.6328666566
 135235.6328741082
 135235.6328943622
 135235.6329410182
 135235.633036461
 135235.6332150312
 135235.6335266884
 135235.6340411656
 135235.6348526154
 135235.6360847478
 135235.6378964596
 135235.6404879557
 135235.6441073616
 135235.6490578282
 135235.6557051275
 135235.6644857407
 135235.6759154376
 135235.6905983473
 135235.7092365213
 135235.7326399878
 135235.7617372976
 135235.7975865621
 135235.841386982
 135235.8944908694
 135235.9584161592
 135236.0348594145
 135236.125709322
 135236.2330606796
 135236.3592288762
 135236.5067648619
 135236.6784706115
 135236.8774150779
 135237.1069506386
 135237.3707300331
 135237.6727237921
 135238.0172381584
 135238.4089334995
 135238.8528432118
 135239.3543931164
 135239.9194213467
 135240.5541987275
 135241.265449646
 135242.0603734141
 135242.9466661226
 135243.9325429869
 135245.0267611849


# name: QUERY
# type: sq_string
# elements: 1
# length: 2
R4


# name: DATASIZE
# type: sq_string
# elements: 1
# length: 3
250


