# Created by Octave 4.0.0, Sun May 22 18:34:43 2016 CEST <peter@Independence>
# name: x
# type: matrix
# rows: 1
# columns: 100
 60 60.60606060606061 61.21212121212121 61.81818181818181 62.42424242424242 63.03030303030303 63.63636363636364 64.24242424242425 64.84848484848484 65.45454545454545 66.06060606060606 66.66666666666667 67.27272727272727 67.87878787878788 68.48484848484848 69.09090909090909 69.69696969696969 70.3030303030303 70.90909090909091 71.51515151515152 72.12121212121212 72.72727272727272 73.33333333333333 73.93939393939394 74.54545454545455 75.15151515151516 75.75757575757575 76.36363636363636 76.96969696969697 77.57575757575758 78.18181818181819 78.78787878787878 79.39393939393939 80 80.60606060606061 81.21212121212122 81.81818181818181 82.42424242424242 83.03030303030303 83.63636363636364 84.24242424242424 84.84848484848484 85.45454545454545 86.06060606060606 86.66666666666667 87.27272727272727 87.87878787878788 88.48484848484848 89.09090909090909 89.69696969696969 90.3030303030303 90.90909090909091 91.51515151515152 92.12121212121212 92.72727272727272 93.33333333333333 93.93939393939394 94.54545454545455 95.15151515151514 95.75757575757575 96.36363636363636 96.96969696969697 97.57575757575758 98.18181818181819 98.78787878787878 99.39393939393939 100 100.6060606060606 101.2121212121212 101.8181818181818 102.4242424242424 103.030303030303 103.6363636363636 104.2424242424242 104.8484848484848 105.4545454545455 106.0606060606061 106.6666666666667 107.2727272727273 107.8787878787879 108.4848484848485 109.0909090909091 109.6969696969697 110.3030303030303 110.9090909090909 111.5151515151515 112.1212121212121 112.7272727272727 113.3333333333333 113.9393939393939 114.5454545454545 115.1515151515151 115.7575757575758 116.3636363636364 116.969696969697 117.5757575757576 118.1818181818182 118.7878787878788 119.3939393939394 120


# name: y
# type: matrix
# rows: 100
# columns: 1
 145077.7338883084
 145077.1364178812
 145076.5968446145
 145076.1105903944
 145075.6733541526
 145075.2811004568
 145074.9300483405
 145074.6166603729
 145074.3376319692
 145074.0898809402
 145073.8705372822
 145073.676933207
 145073.5065934116
 145073.3572255878
 145073.2267111721
 145073.1130963351
 145073.0145832113
 145072.9295213686
 145072.8563995178
 145072.793837462
 145072.7405782862
 145072.6954807866
 145072.6575121398
 145072.6257408123
 145072.5993297096
 145072.5775295655
 145072.5596725713
 145072.5451662446
 145072.5334875391
 145072.5241771927
 145072.5168343171
 145072.5111112266
 145072.5067085071
 145072.5033703247
 145072.5008799747
 145072.4990556702
 145072.4977465713
 145072.496829053
 145072.4962032146
 145072.4957896278
 145072.4955263254
 145072.4953660301
 145072.4952736222
 145072.4952238488
 145072.4951992719
 145072.4951884567
 145072.4951843997
 145072.4951831972
 145072.4951829537
 145072.4951829294
 145072.4951829289
 145072.4951829292
 145072.4951829473
 145072.4951831486
 145072.4951841948
 145072.4951878316
 145072.4951977167
 145072.4952204874
 145072.4952670689
 145072.4953542212
 145072.4955063274
 145072.4957574212
 145072.4961534544
 145072.4967548042
 145072.4976390215
 145072.4989038173
 145072.5006702909
 145072.5030863969
 145072.5063306528
 145072.5106160858
 145072.5161944205
 145072.5233605061
 145072.5324569831
 145072.5438791907
 145072.558080314
 145072.5755767709
 145072.5969538387
 145072.6228715218
 145072.6540706578
 145072.6913792648
 145072.7357191281
 145072.7881126271
 145072.8496898014
 145072.9216956584
 145073.0054977193
 145073.1025938056
 145073.214620066
 145073.3433592429
 145073.4907491785
 145073.6588915613
 145073.8500609129
 145074.0667138136
 145074.3114983693
 145074.5872639173
 145074.8970709729
 145075.2442014149
 145075.6321689124
 145076.0647295906
 145076.5458929364
 145077.0799329451


# name: QUERY
# type: sq_string
# elements: 1
# length: 2
R4


# name: DATASIZE
# type: sq_string
# elements: 1
# length: 3
250


