# Created by Octave 4.0.0, Wed May 18 23:35:12 2016 CEST <peter@Independence>
# name: x
# type: matrix
# rows: 1
# columns: 100
 60 60.60606060606061 61.21212121212121 61.81818181818181 62.42424242424242 63.03030303030303 63.63636363636364 64.24242424242425 64.84848484848484 65.45454545454545 66.06060606060606 66.66666666666667 67.27272727272727 67.87878787878788 68.48484848484848 69.09090909090909 69.69696969696969 70.3030303030303 70.90909090909091 71.51515151515152 72.12121212121212 72.72727272727272 73.33333333333333 73.93939393939394 74.54545454545455 75.15151515151516 75.75757575757575 76.36363636363636 76.96969696969697 77.57575757575758 78.18181818181819 78.78787878787878 79.39393939393939 80 80.60606060606061 81.21212121212122 81.81818181818181 82.42424242424242 83.03030303030303 83.63636363636364 84.24242424242424 84.84848484848484 85.45454545454545 86.06060606060606 86.66666666666667 87.27272727272727 87.87878787878788 88.48484848484848 89.09090909090909 89.69696969696969 90.3030303030303 90.90909090909091 91.51515151515152 92.12121212121212 92.72727272727272 93.33333333333333 93.93939393939394 94.54545454545455 95.15151515151514 95.75757575757575 96.36363636363636 96.96969696969697 97.57575757575758 98.18181818181819 98.78787878787878 99.39393939393939 100 100.6060606060606 101.2121212121212 101.8181818181818 102.4242424242424 103.030303030303 103.6363636363636 104.2424242424242 104.8484848484848 105.4545454545455 106.0606060606061 106.6666666666667 107.2727272727273 107.8787878787879 108.4848484848485 109.0909090909091 109.6969696969697 110.3030303030303 110.9090909090909 111.5151515151515 112.1212121212121 112.7272727272727 113.3333333333333 113.9393939393939 114.5454545454545 115.1515151515151 115.7575757575758 116.3636363636364 116.969696969697 117.5757575757576 118.1818181818182 118.7878787878788 119.3939393939394 120


# name: y
# type: matrix
# rows: 100
# columns: 1
 136506.9575606253
 136488.3191206806
 136470.7864479909
 136454.3149179037
 136438.8608249148
 136424.3813826685
 136410.8347239572
 136398.179900722
 136386.376884052
 136375.3865641849
 136365.1707505065
 136355.6921715514
 136346.9144750021
 136338.8022276896
 136331.3209155933
 136324.4369438409
 136318.1176367086
 136312.3312376207
 136307.04690915
 136302.2347330176
 136297.8657100931
 136293.9117603943
 136290.3457230874
 136287.1413564869
 136284.2733380556
 136281.7172644049
 136279.4496512944
 136277.447933632
 136275.690465474
 136274.1565200251
 136272.8262896382
 136271.6808858148
 136270.7023392045
 136269.8735996055
 136269.178535964
 136268.601936375
 136268.1295080815
 136267.747877475
 136267.4445900953
 136267.2081106307
 136267.0278229175
 136266.8940299408
 136266.7979538338
 136266.731735878
 136266.6884365033
 136266.6620352882
 136266.6474309592
 136266.6404413913
 136266.6378036079
 136266.6371737806
 136266.6371272296
 136266.6371584232
 136266.6376809781
 136266.6400276596
 136266.6464503811
 136266.6601202043
 136266.6851273395
 136266.7264811451
 136266.7901101281
 136266.8828619437
 136267.0125033954
 136267.1877204351
 136267.4181181632
 136267.7142208283
 136268.0874718273
 136268.5502337057
 136269.1157881571
 136269.7983360235
 136270.6129972953
 136271.5758111113
 136272.7037357586
 136274.0146486726
 136275.5273464372
 136277.2615447844
 136279.2378785949
 136281.4779018974
 136284.0040878692
 136286.8398288358
 136290.0094362712
 136293.5381407976
 136297.4520921857
 136301.7783593544
 136306.544930371
 136311.7807124513
 136317.5155319592
 136323.7801344071
 136330.6061844558
 136338.0262659144
 136346.0738817403
 136354.7834540393
 136364.1903240656
 136374.3307522215
 136385.2419180581
 136396.9619202745
 136409.5297767181
 136422.9854243851
 136437.3697194195
 136452.7244371141
 136469.0922719097
 136486.5168373958


# name: QUERY
# type: sq_string
# elements: 1
# length: 2
R4


# name: DATASIZE
# type: sq_string
# elements: 1
# length: 3
250


