# Created by Octave 4.0.0, Sun May 22 18:34:43 2016 CEST <peter@Independence>
# name: x
# type: matrix
# rows: 1
# columns: 100
 60 60.60606060606061 61.21212121212121 61.81818181818181 62.42424242424242 63.03030303030303 63.63636363636364 64.24242424242425 64.84848484848484 65.45454545454545 66.06060606060606 66.66666666666667 67.27272727272727 67.87878787878788 68.48484848484848 69.09090909090909 69.69696969696969 70.3030303030303 70.90909090909091 71.51515151515152 72.12121212121212 72.72727272727272 73.33333333333333 73.93939393939394 74.54545454545455 75.15151515151516 75.75757575757575 76.36363636363636 76.96969696969697 77.57575757575758 78.18181818181819 78.78787878787878 79.39393939393939 80 80.60606060606061 81.21212121212122 81.81818181818181 82.42424242424242 83.03030303030303 83.63636363636364 84.24242424242424 84.84848484848484 85.45454545454545 86.06060606060606 86.66666666666667 87.27272727272727 87.87878787878788 88.48484848484848 89.09090909090909 89.69696969696969 90.3030303030303 90.90909090909091 91.51515151515152 92.12121212121212 92.72727272727272 93.33333333333333 93.93939393939394 94.54545454545455 95.15151515151514 95.75757575757575 96.36363636363636 96.96969696969697 97.57575757575758 98.18181818181819 98.78787878787878 99.39393939393939 100 100.6060606060606 101.2121212121212 101.8181818181818 102.4242424242424 103.030303030303 103.6363636363636 104.2424242424242 104.8484848484848 105.4545454545455 106.0606060606061 106.6666666666667 107.2727272727273 107.8787878787879 108.4848484848485 109.0909090909091 109.6969696969697 110.3030303030303 110.9090909090909 111.5151515151515 112.1212121212121 112.7272727272727 113.3333333333333 113.9393939393939 114.5454545454545 115.1515151515151 115.7575757575758 116.3636363636364 116.969696969697 117.5757575757576 118.1818181818182 118.7878787878788 119.3939393939394 120


# name: y
# type: matrix
# rows: 100
# columns: 1
 143383.4083826664
 143382.1195740218
 143380.9072268408
 143379.7682554231
 143378.6996376259
 143377.6984148631
 143376.761692106
 143375.8866378831
 143375.07048428
 143374.3105269395
 143373.6041250615
 143372.9487014031
 143372.3417422785
 143371.7807975592
 143371.2634806737
 143370.7874686078
 143370.3505019044
 143369.9503846634
 143369.5849845423
 143369.2522327553
 143368.9501240739
 143368.676716827
 143368.4301329004
 143368.208557737
 143368.0102403372
 143367.8334932582
 143367.6766926146
 143367.538278078
 143367.4167528773
 143367.3106837985
 143367.2187011848
 143367.1394989365
 143367.071834511
 143367.0145289231
 143366.9664667445
 143366.9265961042
 143366.8939286883
 143366.8675397402
 143366.8465680603
 143366.8302160062
 143366.8177494926
 143366.8084979917
 143366.8018545324
 143366.797275701
 143366.794281641
 143366.7924560528
 143366.7914461944
 143366.7909628806
 143366.7907804835
 143366.7907369323
 143366.7907337134
 143366.7907358703
 143366.7907720039
 143366.790934272
 143366.7913783895
 143366.7923236289
 143366.7940528193
 143366.7969123474
 143366.8013121568
 143366.8077257484
 143366.8166901802
 143366.8288060673
 143366.8447375822
 143366.8652124543
 143366.8910219704
 143366.9230209741
 143366.9621278665
 143367.0093246058
 143367.0656567072
 143367.1322332433
 143367.2102268436
 143367.300873695
 143367.4054735414
 143367.525389684
 143367.662048981
 143367.8169418478
 143367.9916222571
 143368.1877077386
 143368.4068793793
 143368.6508818233
 143368.9215232717
 143369.2206754831
 143369.5502737729
 143369.912317014
 143370.3088676362
 143370.7420516266
 143371.2140585294
 143371.727141446
 143372.2836170349
 143372.8858655119
 143373.5363306497
 143374.2375197785
 143374.9920037855
 143375.8024171149
 143376.6714577684
 143377.6018873045
 143378.5965308391
 143379.6582770453
 143380.7900781531
 143381.99494995


# name: QUERY
# type: sq_string
# elements: 1
# length: 2
R4


# name: DATASIZE
# type: sq_string
# elements: 1
# length: 3
250


