# Created by Octave 3.8.2, Mon May 23 11:24:14 2016 CEST <Andrea@Andreas-MacBook-Pro.local>
# name: x
# type: matrix
# rows: 1
# columns: 100
 60 60.60606060606061 61.2121212121212 61.81818181818181 62.42424242424242 63.03030303030303 63.63636363636363 64.24242424242425 64.84848484848484 65.45454545454545 66.06060606060606 66.66666666666667 67.27272727272727 67.87878787878788 68.48484848484848 69.09090909090909 69.69696969696969 70.3030303030303 70.90909090909091 71.51515151515152 72.12121212121212 72.72727272727272 73.33333333333333 73.93939393939394 74.54545454545455 75.15151515151516 75.75757575757575 76.36363636363636 76.96969696969697 77.57575757575758 78.18181818181817 78.78787878787878 79.39393939393939 80 80.60606060606061 81.2121212121212 81.81818181818181 82.42424242424242 83.03030303030303 83.63636363636363 84.24242424242424 84.84848484848484 85.45454545454545 86.06060606060606 86.66666666666667 87.27272727272727 87.87878787878788 88.48484848484848 89.09090909090908 89.69696969696969 90.3030303030303 90.90909090909091 91.51515151515152 92.12121212121212 92.72727272727272 93.33333333333333 93.93939393939394 94.54545454545453 95.15151515151514 95.75757575757575 96.36363636363636 96.96969696969697 97.57575757575758 98.18181818181817 98.78787878787878 99.39393939393939 100 100.6060606060606 101.2121212121212 101.8181818181818 102.4242424242424 103.030303030303 103.6363636363636 104.2424242424242 104.8484848484848 105.4545454545455 106.0606060606061 106.6666666666667 107.2727272727273 107.8787878787879 108.4848484848485 109.0909090909091 109.6969696969697 110.3030303030303 110.9090909090909 111.5151515151515 112.1212121212121 112.7272727272727 113.3333333333333 113.9393939393939 114.5454545454545 115.1515151515151 115.7575757575758 116.3636363636364 116.969696969697 117.5757575757576 118.1818181818182 118.7878787878788 119.3939393939394 120


# name: y
# type: matrix
# rows: 100
# columns: 1
 1315328.411408853
 1312041.384158077
 1308875.621241411
 1305833.162722311
 1302915.972853723
 1300125.937880933
 1297464.863925161
 1294934.474951293
 1292536.41082303
 1290272.225448613
 1288143.385020132
 1286151.266349294
 1284297.155302386
 1282582.245336999
 1281007.636142938
 1279574.33238956
 1278283.242581629
 1277135.178025604
 1276130.85190808
 1275270.878487944
 1274555.772403608
 1273985.9480965
 1273561.719351794
 1273283.298957192
 1273150.798480329
 1273164.228165242
 1273323.496948078
 1273628.412592066
 1274078.681941566
 1274673.911294803
 1275413.606894695
 1276297.175537015
 1277323.925294891
 1278493.06635849
 1279803.711988525
 1281254.879582032
 1282845.4918487
 1284574.378095829
 1286440.275619837
 1288441.831202049
 1290577.602706341
 1292846.060776042
 1295245.590627351
 1297774.493936351
 1300430.990816587
 1303213.221884003
 1306119.250405926
 1309147.064530645
 1312294.579593997
 1315559.640499318
 1318940.024166923
 1322433.442049271
 1326037.542707823
 1329749.91444754
 1333568.088004895
 1337489.539285215
 1341511.692145093
 1345631.921215581
 1349847.554761825
 1354155.877574789
 1358554.133890655
 1363039.530333527
 1367609.238877012
 1372260.399820283
 1376990.124774234
 1381795.499653353
 1386673.587668976
 1391621.43231961
 1396636.060374073
 1401714.484843231
 1406853.7079362
 1412050.723996912
 1417302.522417056
 1422606.090521464
 1427958.4164221
 1433356.491836915
 1438797.314869934
 1444277.892749029
 1449795.244517971
 1455346.403679438
 1460928.420785832
 1466538.365974813
 1472173.331446666
 1477830.433880691
 1483506.816787988
 1489199.652798127
 1494906.145877349
 1500623.533476096
 1506349.088603809
 1512080.121829096
 1517813.983203516
 1523548.064107388
 1529279.799016198
 1535006.667186306
 1540726.194258844
 1546435.953780844
 1552133.568642762
 1557816.712431778
 1563483.110700339
 1569130.542149624


# name: TRAIN_QUERIES
# type: cell
# rows: 1
# columns: 1
# name: <cell-element>
# type: sq_string
# elements: 1
# length: 2
R4





# name: TEST_QUERIES
# type: cell
# rows: 1
# columns: 1
# name: <cell-element>
# type: sq_string
# elements: 1
# length: 2
R3





# name: DATASIZE
# type: sq_string
# elements: 1
# length: 4
1000


