# Created by Octave 3.8.2, Mon May 23 11:24:13 2016 CEST <Andrea@Andreas-MacBook-Pro.local>
# name: x
# type: matrix
# rows: 1
# columns: 100
 60 60.60606060606061 61.2121212121212 61.81818181818181 62.42424242424242 63.03030303030303 63.63636363636363 64.24242424242425 64.84848484848484 65.45454545454545 66.06060606060606 66.66666666666667 67.27272727272727 67.87878787878788 68.48484848484848 69.09090909090909 69.69696969696969 70.3030303030303 70.90909090909091 71.51515151515152 72.12121212121212 72.72727272727272 73.33333333333333 73.93939393939394 74.54545454545455 75.15151515151516 75.75757575757575 76.36363636363636 76.96969696969697 77.57575757575758 78.18181818181817 78.78787878787878 79.39393939393939 80 80.60606060606061 81.2121212121212 81.81818181818181 82.42424242424242 83.03030303030303 83.63636363636363 84.24242424242424 84.84848484848484 85.45454545454545 86.06060606060606 86.66666666666667 87.27272727272727 87.87878787878788 88.48484848484848 89.09090909090908 89.69696969696969 90.3030303030303 90.90909090909091 91.51515151515152 92.12121212121212 92.72727272727272 93.33333333333333 93.93939393939394 94.54545454545453 95.15151515151514 95.75757575757575 96.36363636363636 96.96969696969697 97.57575757575758 98.18181818181817 98.78787878787878 99.39393939393939 100 100.6060606060606 101.2121212121212 101.8181818181818 102.4242424242424 103.030303030303 103.6363636363636 104.2424242424242 104.8484848484848 105.4545454545455 106.0606060606061 106.6666666666667 107.2727272727273 107.8787878787879 108.4848484848485 109.0909090909091 109.6969696969697 110.3030303030303 110.9090909090909 111.5151515151515 112.1212121212121 112.7272727272727 113.3333333333333 113.9393939393939 114.5454545454545 115.1515151515151 115.7575757575758 116.3636363636364 116.969696969697 117.5757575757576 118.1818181818182 118.7878787878788 119.3939393939394 120


# name: y
# type: matrix
# rows: 1
# columns: 100
 1449613.136914095 1446333.819894397 1443054.5028747 1439775.185855003 1436495.868835305 1433216.551815608 1429937.23479591 1426657.917776213 1423378.600756516 1420099.283736818 1416819.966717121 1413540.649697423 1410261.332677726 1406982.015658028 1403702.698638331 1400423.381618634 1397144.064598936 1393864.747579239 1390585.430559542 1387306.113539844 1384026.796520147 1380747.479500449 1377468.162480752 1374188.845461054 1370909.528441357 1367630.21142166 1364350.894401962 1361071.577382265 1357792.260362568 1354512.94334287 1351233.626323173 1347954.309303475 1344674.992283778 1341395.675264081 1338116.358244383 1334837.041224686 1331557.724204988 1328278.407185291 1324999.090165594 1321719.773145896 1318440.456126199 1315161.139106501 1311881.822086804 1308602.505067107 1305323.188047409 1302043.871027712 1298764.554008015 1295485.236988317 1292205.91996862 1288926.602948922 1285647.285929225 1282367.968909527 1279088.65188983 1275809.334870133 1272530.017850435 1269250.700830738 1265971.383811041 1262692.066791343 1259412.749771646 1256133.432751948 1252854.115732251 1249574.798712553 1246295.481692856 1243016.164673159 1239736.847653461 1236457.530633764 1233178.213614067 1229898.896594369 1226619.579574672 1223340.262554974 1220060.945535277 1216781.62851558 1213502.311495882 1210222.994476185 1206943.677456487 1203664.36043679 1200385.043417092 1197105.726397395 1193826.409377698 1190547.092358 1187267.775338303 1183988.458318606 1180709.141298908 1177429.824279211 1174150.507259513 1170871.190239816 1167591.873220118 1164312.556200421 1161033.239180724 1157753.922161026 1154474.605141329 1151195.288121632 1147915.971101934 1144636.654082237 1141357.337062539 1138078.020042842 1134798.703023145 1131519.386003447 1128240.06898375 1124960.751964052


# name: TRAIN_QUERIES
# type: cell
# rows: 1
# columns: 1
# name: <cell-element>
# type: sq_string
# elements: 1
# length: 2
R4





# name: TEST_QUERIES
# type: cell
# rows: 1
# columns: 1
# name: <cell-element>
# type: sq_string
# elements: 1
# length: 2
R3





# name: DATASIZE
# type: sq_string
# elements: 1
# length: 4
1000


