# Created by Octave 3.8.2, Mon May 23 11:24:13 2016 CEST <Andrea@Andreas-MacBook-Pro.local>
# name: x
# type: matrix
# rows: 1
# columns: 100
 60 60.60606060606061 61.2121212121212 61.81818181818181 62.42424242424242 63.03030303030303 63.63636363636363 64.24242424242425 64.84848484848484 65.45454545454545 66.06060606060606 66.66666666666667 67.27272727272727 67.87878787878788 68.48484848484848 69.09090909090909 69.69696969696969 70.3030303030303 70.90909090909091 71.51515151515152 72.12121212121212 72.72727272727272 73.33333333333333 73.93939393939394 74.54545454545455 75.15151515151516 75.75757575757575 76.36363636363636 76.96969696969697 77.57575757575758 78.18181818181817 78.78787878787878 79.39393939393939 80 80.60606060606061 81.2121212121212 81.81818181818181 82.42424242424242 83.03030303030303 83.63636363636363 84.24242424242424 84.84848484848484 85.45454545454545 86.06060606060606 86.66666666666667 87.27272727272727 87.87878787878788 88.48484848484848 89.09090909090908 89.69696969696969 90.3030303030303 90.90909090909091 91.51515151515152 92.12121212121212 92.72727272727272 93.33333333333333 93.93939393939394 94.54545454545453 95.15151515151514 95.75757575757575 96.36363636363636 96.96969696969697 97.57575757575758 98.18181818181817 98.78787878787878 99.39393939393939 100 100.6060606060606 101.2121212121212 101.8181818181818 102.4242424242424 103.030303030303 103.6363636363636 104.2424242424242 104.8484848484848 105.4545454545455 106.0606060606061 106.6666666666667 107.2727272727273 107.8787878787879 108.4848484848485 109.0909090909091 109.6969696969697 110.3030303030303 110.9090909090909 111.5151515151515 112.1212121212121 112.7272727272727 113.3333333333333 113.9393939393939 114.5454545454545 115.1515151515151 115.7575757575758 116.3636363636364 116.969696969697 117.5757575757576 118.1818181818182 118.7878787878788 119.3939393939394 120


# name: y
# type: matrix
# rows: 100
# columns: 1
 1446750.909487211
 1444786.931583857
 1442822.953680502
 1440858.975777146
 1438894.997873792
 1436931.019970437
 1434967.042067082
 1433003.064163727
 1431039.086260373
 1429075.108357017
 1427111.130453663
 1425147.152550308
 1423183.174646953
 1421219.196743598
 1419255.218840243
 1417291.240936888
 1415327.263033533
 1413363.285130179
 1411399.307226824
 1409435.329323469
 1407471.351420114
 1405507.373516759
 1403543.395613404
 1401579.41771005
 1399615.439806694
 1397651.46190334
 1395687.483999985
 1393723.50609663
 1391759.528193275
 1389795.55028992
 1387831.572386565
 1385867.594483211
 1383903.616579856
 1381939.638676501
 1379975.660773146
 1378011.682869791
 1376047.704966436
 1374083.727063082
 1372119.749159727
 1370155.771256372
 1368191.793353017
 1366227.815449662
 1364263.837546307
 1362299.859642952
 1360335.881739598
 1358371.903836243
 1356407.925932888
 1354443.948029533
 1352479.970126178
 1350515.992222823
 1348552.014319469
 1346588.036416114
 1344624.058512759
 1342660.080609404
 1340696.102706049
 1338732.124802694
 1336768.14689934
 1334804.168995985
 1332840.19109263
 1330876.213189275
 1328912.23528592
 1326948.257382565
 1324984.27947921
 1323020.301575856
 1321056.3236725
 1319092.345769146
 1317128.367865791
 1315164.389962436
 1313200.412059081
 1311236.434155727
 1309272.456252371
 1307308.478349017
 1305344.500445662
 1303380.522542307
 1301416.544638952
 1299452.566735597
 1297488.588832242
 1295524.610928888
 1293560.633025533
 1291596.655122178
 1289632.677218823
 1287668.699315468
 1285704.721412113
 1283740.743508758
 1281776.765605404
 1279812.787702048
 1277848.809798694
 1275884.831895339
 1273920.853991984
 1271956.87608863
 1269992.898185274
 1268028.92028192
 1266064.942378565
 1264100.96447521
 1262136.986571855
 1260173.0086685
 1258209.030765145
 1256245.05286179
 1254281.074958436
 1252317.097055081


# name: TRAIN_QUERIES
# type: cell
# rows: 1
# columns: 1
# name: <cell-element>
# type: sq_string
# elements: 1
# length: 2
R4





# name: TEST_QUERIES
# type: cell
# rows: 1
# columns: 1
# name: <cell-element>
# type: sq_string
# elements: 1
# length: 2
R3





# name: DATASIZE
# type: sq_string
# elements: 1
# length: 4
1000


