# Created by Octave 3.8.2, Mon May 23 11:24:13 2016 CEST <Andrea@Andreas-MacBook-Pro.local>
# name: SVs
# type: cell
# rows: 1
# columns: 7
# name: <cell-element>
# type: sparse matrix
# nnz: 154
# rows: 22
# columns: 7
1 1 2.046675570465069
2 1 -0.8249643105939559
3 1 1.408955985399864
4 1 -1.707375505833286
5 1 -0.6449321414502996
6 1 -2.394540545804143
7 1 1.043820318404279
8 1 -0.3393845867769111
9 1 0.3122811522360421
10 1 -0.8870880872702881
11 1 -0.843981793249976
12 1 -0.85412445066652
13 1 -1.346043335368905
14 1 1.065373465414435
15 1 1.433044796764156
16 1 1.961730814601513
17 1 0.4301895447033663
18 1 -1.390417461566285
19 1 1.62068395897022
20 1 -1.602145435136641
21 1 -2.037011871870966
22 1 1.055230807997891
1 2 0.9361845543979045
2 2 0.8872653783790128
3 2 0.7227190590427405
4 2 0.5221908664363742
5 2 2.228297666434087
6 2 0.07504534018104958
7 2 1.031597162170288
8 2 0.3345999765788059
9 2 -0.1283128874016162
10 2 0.4283954215075901
11 2 0.3168111852992089
12 2 -0.0527105244633289
13 2 0.4247568051094907
14 2 -1.314097542471117
15 2 -0.04017751242543101
16 2 -0.007025674131636594
17 2 -0.4731728637992581
18 2 -1.304798856120418
19 2 2.071432870604913
20 2 2.801177603779291
21 2 0.2492946365789202
22 2 0.6091133692798596
1 3 0.3753503298171116
2 3 1.159273945762321
3 3 0.5158689573358074
4 3 1.114989287392792
5 3 1.020884388357544
6 3 1.448827481255391
7 3 1.015348806061353
8 3 1.030678110881575
9 3 1.102640680732058
10 3 1.202706976086281
11 3 1.16140301587624
12 3 1.071556257068832
13 3 1.309586295805047
14 3 1.446698411141471
15 3 0.4809522074675254
16 3 1.304902341554423
17 3 0.8526878493578934
18 3 1.353019326129007
19 3 1.673657285285304
20 3 1.092421144185244
21 3 1.291702106848122
22 3 0.8590750596996523
1 4 0.8269372804074889
2 4 0.2981399348681754
3 4 0.8250861811815636
4 4 0.3275812273186056
5 4 -0.08635981863115547
6 4 0.305896922100624
7 4 1.645652023759572
8 4 -0.2568372425806524
9 4 -0.1278773298411932
10 4 1.757863895883517
11 4 -0.1251447547933988
12 4 0.2115790091606231
13 4 0.1581615743553516
14 4 4.248473830574849
15 4 0.9196685368681253
16 4 1.668394099963796
17 4 0.1822258642923799
18 4 0.2663186576986984
19 4 1.660108227238226
20 4 -0.1866717671598667
21 4 -0.08750573719958538
22 4 0.8889931782670784
1 5 1.085207423065038
2 5 -0.486624819307266
3 5 1.113226813215107
4 5 -0.4750015040100641
5 5 -0.4527937715085963
6 5 -0.5088634101679299
7 5 2.650723987921872
8 5 -0.4290842655262511
9 5 -0.4525880491139556
10 5 2.699737348445028
11 5 -0.4511274201120063
12 5 -0.4347930619775316
13 5 -0.4936296668447832
14 5 1.967982790707917
15 5 1.29599058861394
16 5 2.539767614372389
17 5 -0.4602923527932513
18 5 -0.4791776686212711
19 5 2.20372008272674
20 5 -0.4531846440584137
21 5 -0.4921278933639057
22 5 2.298054086789251
1 6 -1.261016263158622
2 6 0.1425618540682412
3 6 -1.149699844120255
4 6 0.1126444030275681
5 6 -1.028267452427848
6 6 0.003387244667482316
7 6 0.8797946282544551
8 6 -1.009873717216763
9 6 -1.017930429192523
10 6 2.552077178394164
11 6 -1.053496304297068
12 6 -1.065020020126656
13 6 0.04763808076827949
14 6 0.8903061651065836
15 6 -1.492851785961457
16 6 2.229029205208721
17 6 -0.9896417719086823
18 6 0.1938048690822969
19 6 0.03855173845337937
20 6 -1.133499163360334
21 6 -0.006693825263197519
22 6 0.9728452887340596
1 7 1.437433169674887
2 7 -1.348023450986976
3 7 1.437433169674887
4 7 -1.348023450986976
5 7 -0.4195379107663547
6 7 -1.348023450986976
7 7 1.437433169674887
8 7 -0.4195379107663547
9 7 -0.4195379107663547
10 7 1.437433169674887
11 7 -0.4195379107663547
12 7 -0.4195379107663547
13 7 -1.348023450986976
14 7 0.5089476294542662
15 7 1.437433169674887
16 7 0.5089476294542662
17 7 -0.4195379107663547
18 7 -1.348023450986976
19 7 0.5089476294542662
20 7 -0.4195379107663547
21 7 -1.348023450986976
22 7 0.5089476294542662



# name: <cell-element>
# type: sparse matrix
# nnz: 147
# rows: 21
# columns: 7
1 1 0.5189377970981265
2 1 -0.6449321414502996
3 1 -0.3393845867769111
4 1 0.8105391978237669
5 1 0.3122811522360421
6 1 -0.8870880872702881
7 1 -0.85412445066652
8 1 1.621951791147288
9 1 -1.346043335368905
10 1 -0.1010321374881266
11 1 1.065373465414435
12 1 1.961730814601513
13 1 0.5582405945872345
14 1 -0.3444559154851831
15 1 0.0954818499574137
16 1 0.4301895447033663
17 1 -1.390417461566285
18 1 1.62068395897022
19 1 -0.4674356366607793
20 1 -1.602145435136641
21 1 1.055230807997891
1 2 1.146820014776769
2 2 2.228297666434087
3 2 0.3345999765788059
4 2 0.2424216944936214
5 2 -0.1283128874016162
6 2 0.4283954215075901
7 2 -0.0527105244633289
8 2 0.4021165252990945
9 2 0.4247568051094907
10 2 0.00227301221906184
11 2 -1.314097542471117
12 2 -0.007025674131636594
13 2 0.5836430544931639
14 2 0.7720425257725322
15 2 0.003081593640861704
16 2 -0.4731728637992581
17 2 -1.304798856120418
18 2 2.071432870604913
19 2 0.4631644226449842
20 2 2.801177603779291
21 2 0.6091133692798596
1 3 1.039194391337253
2 3 1.020884388357544
3 3 1.030678110881575
4 3 1.09412440027638
5 3 1.102640680732058
6 3 1.202706976086281
7 3 1.071556257068832
8 3 1.351741884060655
9 3 1.309586295805047
10 3 0.3932345187740365
11 3 1.446698411141471
12 3 1.304902341554423
13 3 1.284889082483579
14 3 0.9042113461147485
15 3 1.011516479856298
16 3 0.8526878493578934
17 3 1.353019326129007
18 3 1.673657285285304
19 3 1.7187935717004
20 3 1.092421144185244
21 3 0.8590750596996523
1 4 -0.04686970181141677
2 4 -0.08635981863115547
3 4 -0.2568372425806524
4 4 -0.1352817267448942
5 4 -0.1278773298411932
6 4 1.757863895883517
7 4 0.2115790091606231
8 4 1.345333211248746
9 4 0.1581615743553516
10 4 0.4746113944063827
11 4 4.248473830574849
12 4 1.668394099963796
13 4 2.51082054292416
14 4 0.9142915343547234
15 4 1.121262057329604
16 4 0.1822258642923799
17 4 0.2663186576986984
18 4 1.660108227238226
19 4 3.718706861631479
20 4 -0.1866717671598667
21 4 0.8889931782670784
1 5 -0.4324581127983592
2 5 -0.4527937715085963
3 5 -0.4290842655262511
4 5 -0.4502736721742472
5 5 -0.4525880491139556
6 5 2.699737348445028
7 5 -0.4347930619775316
8 5 2.233704121745628
9 5 -0.4936296668447832
10 5 1.294046511984585
11 5 1.967982790707917
12 5 2.539767614372389
13 5 2.720926755093024
14 5 2.048718544484675
15 5 1.942720080646034
16 5 -0.4602923527932513
17 5 -0.4791776686212711
18 5 2.20372008272674
19 5 1.862879219285963
20 5 -0.4531846440584137
21 5 2.298054086789251
1 6 -0.9189172201388003
2 6 -1.028267452427848
3 6 -1.009873717216763
4 6 -1.060709533791611
5 6 -1.017930429192523
6 6 2.552077178394164
7 6 -1.065020020126656
8 6 0.472177356366055
9 6 0.04763808076827949
10 6 -1.108828755064885
11 6 0.8903061651065836
12 6 2.229029205208721
13 6 1.62362401715584
14 6 -0.1156426762335972
15 6 -0.383858471019394
16 6 -0.9896417719086823
17 6 0.1938048690822969
18 6 0.03855173845337937
19 6 0.0781488781060843
20 6 -1.133499163360334
21 6 0.9728452887340596
1 7 -0.4195379107663547
2 7 -0.4195379107663547
3 7 -0.4195379107663547
4 7 -0.4195379107663547
5 7 -0.4195379107663547
6 7 1.437433169674887
7 7 -0.4195379107663547
8 7 0.5089476294542662
9 7 -1.348023450986976
10 7 1.437433169674887
11 7 0.5089476294542662
12 7 0.5089476294542662
13 7 1.437433169674887
14 7 0.5089476294542662
15 7 0.5089476294542662
16 7 -0.4195379107663547
17 7 -1.348023450986976
18 7 0.5089476294542662
19 7 0.5089476294542662
20 7 -0.4195379107663547
21 7 0.5089476294542662



