# Created by Octave 3.8.2, Mon May 23 11:24:06 2016 CEST <Andrea@Andreas-MacBook-Pro.local>
# name: mu
# type: matrix
# rows: 1
# columns: 8
 1292497.414814815 42651.68888888889 87876.37777777777 5196.511111111111 13881.71851851852 93960.88148148148 779083.7111111111 89.03703703703704


# name: sigma
# type: matrix
# rows: 1
# columns: 8
 584372.40412239 788.7479258592467 2473.467663340688 2348.44309133388 11344.6106539769 97218.39002956728 171906.356360642 21.54045392591437


