# Created by Octave 3.8.2, Mon May 23 11:24:13 2016 CEST <Andrea@Andreas-MacBook-Pro.local>
# name: x
# type: matrix
# rows: 1
# columns: 100
 60 60.60606060606061 61.2121212121212 61.81818181818181 62.42424242424242 63.03030303030303 63.63636363636363 64.24242424242425 64.84848484848484 65.45454545454545 66.06060606060606 66.66666666666667 67.27272727272727 67.87878787878788 68.48484848484848 69.09090909090909 69.69696969696969 70.3030303030303 70.90909090909091 71.51515151515152 72.12121212121212 72.72727272727272 73.33333333333333 73.93939393939394 74.54545454545455 75.15151515151516 75.75757575757575 76.36363636363636 76.96969696969697 77.57575757575758 78.18181818181817 78.78787878787878 79.39393939393939 80 80.60606060606061 81.2121212121212 81.81818181818181 82.42424242424242 83.03030303030303 83.63636363636363 84.24242424242424 84.84848484848484 85.45454545454545 86.06060606060606 86.66666666666667 87.27272727272727 87.87878787878788 88.48484848484848 89.09090909090908 89.69696969696969 90.3030303030303 90.90909090909091 91.51515151515152 92.12121212121212 92.72727272727272 93.33333333333333 93.93939393939394 94.54545454545453 95.15151515151514 95.75757575757575 96.36363636363636 96.96969696969697 97.57575757575758 98.18181818181817 98.78787878787878 99.39393939393939 100 100.6060606060606 101.2121212121212 101.8181818181818 102.4242424242424 103.030303030303 103.6363636363636 104.2424242424242 104.8484848484848 105.4545454545455 106.0606060606061 106.6666666666667 107.2727272727273 107.8787878787879 108.4848484848485 109.0909090909091 109.6969696969697 110.3030303030303 110.9090909090909 111.5151515151515 112.1212121212121 112.7272727272727 113.3333333333333 113.9393939393939 114.5454545454545 115.1515151515151 115.7575757575758 116.3636363636364 116.969696969697 117.5757575757576 118.1818181818182 118.7878787878788 119.3939393939394 120


# name: y
# type: matrix
# rows: 100
# columns: 1
 1265955.779543478
 1264696.892846822
 1263464.558717005
 1262258.777154026
 1261079.548157885
 1259926.871728583
 1258800.747866118
 1257701.176570492
 1256628.157841705
 1255581.691679755
 1254561.778084644
 1253568.417056372
 1252601.608594937
 1251661.352700341
 1250747.649372583
 1249860.498611664
 1248999.900417582
 1248165.854790339
 1247358.361729935
 1246577.421236369
 1245823.03330964
 1245095.197949751
 1244393.915156699
 1243719.184930486
 1243071.007271111
 1242449.382178575
 1241854.309652876
 1241285.789694016
 1240743.822301995
 1240228.407476811
 1239739.545218466
 1239277.235526959
 1238841.478402291
 1238432.273844461
 1238049.621853469
 1237693.522429315
 1237363.975572
 1237060.981281523
 1236784.539557884
 1236534.650401084
 1236311.313811122
 1236114.529787998
 1235944.298331712
 1235800.619442265
 1235683.493119656
 1235592.919363885
 1235528.898174953
 1235491.429552859
 1235480.513497603
 1235496.150009186
 1235538.339087607
 1235607.080732866
 1235702.374944963
 1235824.221723899
 1235972.621069673
 1236147.572982285
 1236349.077461736
 1236577.134508025
 1236831.744121152
 1237112.906301118
 1237420.621047921
 1237754.888361564
 1238115.708242044
 1238503.080689363
 1238917.00570352
 1239357.483284515
 1239824.513432349
 1240318.096147021
 1240838.231428531
 1241384.919276879
 1241958.159692066
 1242557.952674091
 1243184.298222955
 1243837.196338656
 1244516.647021196
 1245222.650270574
 1245955.206086791
 1246714.314469846
 1247499.975419739
 1248312.188936471
 1249150.95502004
 1250016.273670448
 1250908.144887695
 1251826.568671779
 1252771.545022702
 1253743.073940464
 1254741.155425063
 1255765.789476501
 1256816.976094777
 1257894.715279892
 1258999.007031844
 1260129.851350635
 1261287.248236265
 1262471.197688732
 1263681.699708038
 1264918.754294182
 1266182.361447165
 1267472.521166986
 1268789.233453645
 1270132.498307142


# name: TRAIN_QUERIES
# type: cell
# rows: 1
# columns: 1
# name: <cell-element>
# type: sq_string
# elements: 1
# length: 2
R4





# name: TEST_QUERIES
# type: cell
# rows: 1
# columns: 1
# name: <cell-element>
# type: sq_string
# elements: 1
# length: 2
R3





# name: DATASIZE
# type: sq_string
# elements: 1
# length: 4
1000


