# Created by Octave 3.8.2, Mon May 23 11:24:13 2016 CEST <Andrea@Andreas-MacBook-Pro.local>
# name: x
# type: matrix
# rows: 1
# columns: 100
 60 60.60606060606061 61.2121212121212 61.81818181818181 62.42424242424242 63.03030303030303 63.63636363636363 64.24242424242425 64.84848484848484 65.45454545454545 66.06060606060606 66.66666666666667 67.27272727272727 67.87878787878788 68.48484848484848 69.09090909090909 69.69696969696969 70.3030303030303 70.90909090909091 71.51515151515152 72.12121212121212 72.72727272727272 73.33333333333333 73.93939393939394 74.54545454545455 75.15151515151516 75.75757575757575 76.36363636363636 76.96969696969697 77.57575757575758 78.18181818181817 78.78787878787878 79.39393939393939 80 80.60606060606061 81.2121212121212 81.81818181818181 82.42424242424242 83.03030303030303 83.63636363636363 84.24242424242424 84.84848484848484 85.45454545454545 86.06060606060606 86.66666666666667 87.27272727272727 87.87878787878788 88.48484848484848 89.09090909090908 89.69696969696969 90.3030303030303 90.90909090909091 91.51515151515152 92.12121212121212 92.72727272727272 93.33333333333333 93.93939393939394 94.54545454545453 95.15151515151514 95.75757575757575 96.36363636363636 96.96969696969697 97.57575757575758 98.18181818181817 98.78787878787878 99.39393939393939 100 100.6060606060606 101.2121212121212 101.8181818181818 102.4242424242424 103.030303030303 103.6363636363636 104.2424242424242 104.8484848484848 105.4545454545455 106.0606060606061 106.6666666666667 107.2727272727273 107.8787878787879 108.4848484848485 109.0909090909091 109.6969696969697 110.3030303030303 110.9090909090909 111.5151515151515 112.1212121212121 112.7272727272727 113.3333333333333 113.9393939393939 114.5454545454545 115.1515151515151 115.7575757575758 116.3636363636364 116.969696969697 117.5757575757576 118.1818181818182 118.7878787878788 119.3939393939394 120


# name: y
# type: matrix
# rows: 100
# columns: 1
 1091058.313483397
 1090601.372511096
 1090172.737439958
 1089771.214434129
 1089395.635380814
 1089044.85789028
 1088717.765295856
 1088413.266653931
 1088130.296743958
 1087867.816068448
 1087624.810852975
 1087400.293046173
 1087193.30031974
 1087002.896068432
 1086828.169410069
 1086668.23518553
 1086522.233958757
 1086389.332016752
 1086268.721369579
 1086159.619750365
 1086061.270615294
 1085972.943143615
 1085893.932237637
 1085823.558522731
 1085761.168347327
 1085706.133782919
 1085657.852624062
 1085615.748388369
 1085579.270316519
 1085547.893372249
 1085521.118242358
 1085498.471336708
 1085479.50478822
 1085463.796452877
 1085450.949909724
 1085440.594460866
 1085432.38513147
 1085426.002669766
 1085421.153547041
 1085417.569957648
 1085415.009818998
 1085413.256771565
 1085412.120178884
 1085411.43512755
 1085411.06242722
 1085410.888610614
 1085410.825933512
 1085410.812374753
 1085410.811636241
 1085410.81314294
 1085410.832042874
 1085410.909207129
 1085411.111229854
 1085411.530428257
 1085412.284842608
 1085413.518236239
 1085415.400095541
 1085418.12562997
 1085421.915772041
 1085427.017177329
 1085433.702224473
 1085442.269015171
 1085453.041374185
 1085466.368849336
 1085482.626711506
 1085502.215954641
 1085525.563295745
 1085553.121174885
 1085585.36775519
 1085622.806922848
 1085665.968287111
 1085715.407180289
 1085771.704657758
 1085835.46749795
 1085907.328202362
 1085987.944995551
 1086078.001825135
 1086178.208361793
 1086289.299999267
 1086412.037854359
 1086547.208766932
 1086695.625299911
 1086858.125739282
 1087035.574094092
 1087228.860096451
 1087438.899201527
 1087666.632587552
 1087913.027155818
 1088179.07553068
 1088465.796059551
 1088774.232812909
 1089105.455584292
 1089460.559890297
 1089840.666970584
 1090246.923787876
 1090680.503027956
 1091142.603099667
 1091634.448134913
 1092157.287988663
 1092712.398238944


# name: TRAIN_QUERIES
# type: cell
# rows: 1
# columns: 1
# name: <cell-element>
# type: sq_string
# elements: 1
# length: 2
R4





# name: TEST_QUERIES
# type: cell
# rows: 1
# columns: 1
# name: <cell-element>
# type: sq_string
# elements: 1
# length: 2
R3





# name: DATASIZE
# type: sq_string
# elements: 1
# length: 4
1000


