# Created by Octave 3.8.2, Mon May 23 11:24:14 2016 CEST <Andrea@Andreas-MacBook-Pro.local>
# name: x
# type: matrix
# rows: 1
# columns: 100
 60 60.60606060606061 61.2121212121212 61.81818181818181 62.42424242424242 63.03030303030303 63.63636363636363 64.24242424242425 64.84848484848484 65.45454545454545 66.06060606060606 66.66666666666667 67.27272727272727 67.87878787878788 68.48484848484848 69.09090909090909 69.69696969696969 70.3030303030303 70.90909090909091 71.51515151515152 72.12121212121212 72.72727272727272 73.33333333333333 73.93939393939394 74.54545454545455 75.15151515151516 75.75757575757575 76.36363636363636 76.96969696969697 77.57575757575758 78.18181818181817 78.78787878787878 79.39393939393939 80 80.60606060606061 81.2121212121212 81.81818181818181 82.42424242424242 83.03030303030303 83.63636363636363 84.24242424242424 84.84848484848484 85.45454545454545 86.06060606060606 86.66666666666667 87.27272727272727 87.87878787878788 88.48484848484848 89.09090909090908 89.69696969696969 90.3030303030303 90.90909090909091 91.51515151515152 92.12121212121212 92.72727272727272 93.33333333333333 93.93939393939394 94.54545454545453 95.15151515151514 95.75757575757575 96.36363636363636 96.96969696969697 97.57575757575758 98.18181818181817 98.78787878787878 99.39393939393939 100 100.6060606060606 101.2121212121212 101.8181818181818 102.4242424242424 103.030303030303 103.6363636363636 104.2424242424242 104.8484848484848 105.4545454545455 106.0606060606061 106.6666666666667 107.2727272727273 107.8787878787879 108.4848484848485 109.0909090909091 109.6969696969697 110.3030303030303 110.9090909090909 111.5151515151515 112.1212121212121 112.7272727272727 113.3333333333333 113.9393939393939 114.5454545454545 115.1515151515151 115.7575757575758 116.3636363636364 116.969696969697 117.5757575757576 118.1818181818182 118.7878787878788 119.3939393939394 120


# name: y
# type: matrix
# rows: 100
# columns: 1
 1183941.774041871
 1183904.883808225
 1183871.722811273
 1183841.98316012
 1183815.376435641
 1183791.632851603
 1183770.500434278
 1183751.744220517
 1183735.145474303
 1183720.500921775
 1183707.622004725
 1183696.334152565
 1183686.476072772
 1183677.899059801
 1183670.466322472
 1183664.052329833
 1183658.542175489
 1183653.830960411
 1183649.823194212
 1183646.432214901
 1183643.579627105
 1183641.194758763
 1183639.214136301
 1183637.58097827
 1183636.244707462
 1183635.160481498
 1183634.288741885
 1183633.594781554
 1183633.048330863
 1183632.623162074
 1183632.296712308
 1183632.049724964
 1183631.86590962
 1183631.7316204
 1183631.635552815
 1183631.568459081
 1183631.522881905
 1183631.492906743
 1183631.473932537
 1183631.462460915
 1183631.455903878
 1183631.452409941
 1183631.450708766
 1183631.449974251
 1183631.449706105
 1183631.449629887
 1183631.449615522
 1183631.449614287
 1183631.449614272
 1183631.449614315
 1183631.449616404
 1183631.449636557
 1183631.449734175
 1183631.450059863
 1183631.450921727
 1183631.452870146
 1183631.456801009
 1183631.464077435
 1183631.476669958
 1183631.497315186
 1183631.529692937
 1183631.578621842
 1183631.650273424
 1183631.75240465
 1183631.894608954
 1183632.088585735
 1183632.348428324
 1183632.690930425
 1183633.135911037
 1183633.706557831
 1183634.429789019
 1183635.336633682
 1183636.462630577
 1183637.848245415
 1183639.539306615
 1183641.587459522
 1183644.050639109
 1183646.993561144
 1183650.488231831
 1183654.614475927
 1183659.460483328
 1183665.123374129
 1183671.709782159
 1183679.336456983
 1183688.130884384
 1183698.231925311
 1183709.790473307
 1183722.9701304
 1183737.947901477
 1183754.914907123
 1183774.077114938
 1183795.656089322
 1183819.889759737
 1183847.03320744
 1183877.359470687
 1183911.160368414
 1183948.747342385
 1183990.452317817
 1184036.628582478
 1184087.651684254


# name: TRAIN_QUERIES
# type: cell
# rows: 1
# columns: 1
# name: <cell-element>
# type: sq_string
# elements: 1
# length: 2
R4





# name: TEST_QUERIES
# type: cell
# rows: 1
# columns: 1
# name: <cell-element>
# type: sq_string
# elements: 1
# length: 2
R3





# name: DATASIZE
# type: sq_string
# elements: 1
# length: 4
1000


