# Created by Octave 3.8.2, Mon May 23 11:24:13 2016 CEST <Andrea@Andreas-MacBook-Pro.local>
# name: x
# type: matrix
# rows: 1
# columns: 100
 60 60.60606060606061 61.2121212121212 61.81818181818181 62.42424242424242 63.03030303030303 63.63636363636363 64.24242424242425 64.84848484848484 65.45454545454545 66.06060606060606 66.66666666666667 67.27272727272727 67.87878787878788 68.48484848484848 69.09090909090909 69.69696969696969 70.3030303030303 70.90909090909091 71.51515151515152 72.12121212121212 72.72727272727272 73.33333333333333 73.93939393939394 74.54545454545455 75.15151515151516 75.75757575757575 76.36363636363636 76.96969696969697 77.57575757575758 78.18181818181817 78.78787878787878 79.39393939393939 80 80.60606060606061 81.2121212121212 81.81818181818181 82.42424242424242 83.03030303030303 83.63636363636363 84.24242424242424 84.84848484848484 85.45454545454545 86.06060606060606 86.66666666666667 87.27272727272727 87.87878787878788 88.48484848484848 89.09090909090908 89.69696969696969 90.3030303030303 90.90909090909091 91.51515151515152 92.12121212121212 92.72727272727272 93.33333333333333 93.93939393939394 94.54545454545453 95.15151515151514 95.75757575757575 96.36363636363636 96.96969696969697 97.57575757575758 98.18181818181817 98.78787878787878 99.39393939393939 100 100.6060606060606 101.2121212121212 101.8181818181818 102.4242424242424 103.030303030303 103.6363636363636 104.2424242424242 104.8484848484848 105.4545454545455 106.0606060606061 106.6666666666667 107.2727272727273 107.8787878787879 108.4848484848485 109.0909090909091 109.6969696969697 110.3030303030303 110.9090909090909 111.5151515151515 112.1212121212121 112.7272727272727 113.3333333333333 113.9393939393939 114.5454545454545 115.1515151515151 115.7575757575758 116.3636363636364 116.969696969697 117.5757575757576 118.1818181818182 118.7878787878788 119.3939393939394 120


# name: y
# type: matrix
# rows: 100
# columns: 1
 1259084.407041993
 1259503.210866492
 1259904.534749002
 1260288.751307898
 1260656.233161554
 1261007.352928345
 1261342.483226646
 1261661.996674833
 1261966.26589128
 1262255.663494363
 1262530.562102455
 1262791.334333933
 1263038.35280717
 1263271.990140543
 1263492.618952426
 1263700.611861193
 1263896.34148522
 1264080.180442882
 1264252.501352554
 1264413.676832611
 1264564.079501427
 1264704.081977378
 1264834.056878839
 1264954.376824184
 1265065.414431789
 1265167.542320028
 1265261.133107276
 1265346.559411909
 1265424.193852301
 1265494.409046827
 1265557.577613863
 1265614.072171783
 1265664.265338961
 1265708.529733774
 1265747.237974596
 1265780.762679802
 1265809.476467767
 1265833.751956866
 1265853.961765473
 1265870.478511965
 1265883.674814715
 1265893.923292099
 1265901.596562491
 1265907.067244267
 1265910.707955802
 1265912.89131547
 1265913.989941647
 1265914.376452707
 1265914.423467025
 1265914.503602977
 1265914.989478937
 1265916.25371328
 1265918.668924381
 1265922.607730616
 1265928.442750359
 1265936.546601984
 1265947.291903868
 1265961.051274385
 1265978.19733191
 1265999.102694817
 1266024.139981482
 1266053.681810281
 1266088.100799586
 1266127.769567775
 1266173.060733221
 1266224.3469143
 1266282.000729386
 1266346.394796855
 1266417.901735081
 1266496.894162439
 1266583.744697305
 1266678.825958053
 1266782.510563059
 1266895.171130697
 1267017.180279342
 1267148.910627368
 1267290.734793152
 1267443.025395069
 1267606.155051492
 1267780.496380797
 1267966.422001359
 1268164.304531552
 1268374.516589753
 1268597.430794335
 1268833.419763674
 1269082.856116145
 1269346.112470122
 1269623.561443981
 1269915.575656096
 1270222.527724843
 1270544.790268596
 1270882.735905731
 1271236.737254622
 1271607.166933644
 1271994.397561172
 1272398.801755582
 1272820.752135248
 1273260.621318545
 1273718.781923848
 1274195.606569532


# name: TRAIN_QUERIES
# type: cell
# rows: 1
# columns: 1
# name: <cell-element>
# type: sq_string
# elements: 1
# length: 2
R4





# name: TEST_QUERIES
# type: cell
# rows: 1
# columns: 1
# name: <cell-element>
# type: sq_string
# elements: 1
# length: 2
R3





# name: DATASIZE
# type: sq_string
# elements: 1
# length: 4
1000


