# Created by Octave 3.8.2, Wed May 18 21:41:54 2016 CEST <Andrea@Andreas-MacBook-Pro.local>
# name: SVs
# type: cell
# rows: 1
# columns: 7
# name: <cell-element>
# type: sparse matrix
# nnz: 0
# rows: 0
# columns: 30



# name: <cell-element>
# type: sparse matrix
# nnz: 34
# rows: 2
# columns: 30
1 2 0.8409846741987427
2 2 -0.8841988841386159
1 3 -0.08885314975770874
2 3 -0.3284826576064721
1 4 -0.42146361521176
2 4 -0.42146361521176
1 5 -0.2050103181953928
2 5 -0.6763745089411428
1 6 -0.1881400092314287
2 6 -0.7300908725335935
1 7 2.49202431547412
2 7 -0.8357412613465306
1 8 2.771356377978538
2 8 -1.075305757939961
1 12 1.309375822921926
2 12 0.5189003634242514
1 13 1.309375822921926
2 13 0.5189003634242514
1 14 -0.5300435696337393
2 14 -1.389908111944371
1 15 -0.5300435696337393
2 15 -1.389908111944371
1 19 1.86212916190813
2 19 0.7632957588301027
1 20 1.86212916190813
2 20 0.7632957588301027
1 22 -0.4968307209054396
2 22 -1.128449646948284
1 23 -0.4968307209054396
2 23 -1.128449646948284
1 24 -1.23617762580395
2 24 0.109337139867273
1 25 -1.23617762580395
2 25 0.109337139867273



# name: <cell-element>
# type: sparse matrix
# nnz: 34
# rows: 2
# columns: 30
1 2 0.8409846741987427
2 2 -0.8841988841386159
1 3 -0.08885314975770874
2 3 -0.3284826576064721
1 4 -0.42146361521176
2 4 -0.42146361521176
1 5 -0.2050103181953928
2 5 -0.6763745089411428
1 6 -0.1881400092314287
2 6 -0.7300908725335935
1 7 2.49202431547412
2 7 -0.8357412613465306
1 8 2.771356377978538
2 8 -1.075305757939961
1 12 1.309375822921926
2 12 0.5189003634242514
1 13 1.309375822921926
2 13 0.5189003634242514
1 14 -0.5300435696337393
2 14 -1.389908111944371
1 15 -0.5300435696337393
2 15 -1.389908111944371
1 19 1.86212916190813
2 19 0.7632957588301027
1 20 1.86212916190813
2 20 0.7632957588301027
1 22 -0.4968307209054396
2 22 -1.128449646948284
1 23 -0.4968307209054396
2 23 -1.128449646948284
1 24 -1.23617762580395
2 24 0.109337139867273
1 25 -1.23617762580395
2 25 0.109337139867273



# name: <cell-element>
# type: sparse matrix
# nnz: 34
# rows: 2
# columns: 30
1 2 0.8409846741987427
2 2 -0.8841988841386159
1 3 -0.08885314975770874
2 3 -0.3284826576064721
1 4 -0.42146361521176
2 4 -0.42146361521176
1 5 -0.2050103181953928
2 5 -0.6763745089411428
1 6 -0.1881400092314287
2 6 -0.7300908725335935
1 7 2.49202431547412
2 7 -0.8357412613465306
1 8 2.771356377978538
2 8 -1.075305757939961
1 12 1.309375822921926
2 12 0.5189003634242514
1 13 1.309375822921926
2 13 0.5189003634242514
1 14 -0.5300435696337393
2 14 -1.389908111944371
1 15 -0.5300435696337393
2 15 -1.389908111944371
1 19 1.86212916190813
2 19 0.7632957588301027
1 20 1.86212916190813
2 20 0.7632957588301027
1 22 -0.4968307209054396
2 22 -1.128449646948284
1 23 -0.4968307209054396
2 23 -1.128449646948284
1 24 -1.23617762580395
2 24 0.109337139867273
1 25 -1.23617762580395
2 25 0.109337139867273



# name: <cell-element>
# type: sparse matrix
# nnz: 0
# rows: 0
# columns: 30



# name: <cell-element>
# type: sparse matrix
# nnz: 34
# rows: 2
# columns: 30
1 2 0.8409846741987427
2 2 -0.8841988841386159
1 3 -0.08885314975770874
2 3 -0.3284826576064721
1 4 -0.42146361521176
2 4 -0.42146361521176
1 5 -0.2050103181953928
2 5 -0.6763745089411428
1 6 -0.1881400092314287
2 6 -0.7300908725335935
1 7 2.49202431547412
2 7 -0.8357412613465306
1 8 2.771356377978538
2 8 -1.075305757939961
1 12 1.309375822921926
2 12 0.5189003634242514
1 13 1.309375822921926
2 13 0.5189003634242514
1 14 -0.5300435696337393
2 14 -1.389908111944371
1 15 -0.5300435696337393
2 15 -1.389908111944371
1 19 1.86212916190813
2 19 0.7632957588301027
1 20 1.86212916190813
2 20 0.7632957588301027
1 22 -0.4968307209054396
2 22 -1.128449646948284
1 23 -0.4968307209054396
2 23 -1.128449646948284
1 24 -1.23617762580395
2 24 0.109337139867273
1 25 -1.23617762580395
2 25 0.109337139867273



# name: <cell-element>
# type: scalar
0





# name: coefficients
# type: cell
# rows: 1
# columns: 7
# name: <cell-element>
# type: matrix
# rows: 0
# columns: 1



# name: <cell-element>
# type: matrix
# rows: 2
# columns: 1
 0.1
 -0.1



# name: <cell-element>
# type: matrix
# rows: 2
# columns: 1
 0.1
 -0.1



# name: <cell-element>
# type: matrix
# rows: 2
# columns: 1
 0.1
 -0.1



# name: <cell-element>
# type: matrix
# rows: 0
# columns: 1



# name: <cell-element>
# type: matrix
# rows: 2
# columns: 1
 0.2368656313281811
 -0.2368656313281811



# name: <cell-element>
# type: scalar
0





# name: b
# type: cell
# rows: 1
# columns: 7
# name: <cell-element>
# type: scalar
0.5867028997698889



# name: <cell-element>
# type: scalar
0.5469574884930716



# name: <cell-element>
# type: scalar
0.5431877044448719



# name: <cell-element>
# type: scalar
0.5422826038161382



# name: <cell-element>
# type: scalar
0.5867028997698889



# name: <cell-element>
# type: scalar
0.5867028997698889



# name: <cell-element>
# type: scalar
0





# name: models
# type: cell
# rows: 1
# columns: 7
# name: <cell-element>
# type: scalar struct
# ndims: 2
 1 1
# length: 11
# name: Parameters
# type: matrix
# rows: 5
# columns: 1
 3
 0
 3
 0.03333333333333333
 0


# name: nr_class
# type: scalar
2


# name: totalSV
# type: scalar
0


# name: rho
# type: scalar
-0.5867028997698889


# name: Label
# type: matrix
# rows: 0
# columns: 0


# name: sv_indices
# type: matrix
# rows: 0
# columns: 1


# name: ProbA
# type: matrix
# rows: 0
# columns: 0


# name: ProbB
# type: matrix
# rows: 0
# columns: 0


# name: nSV
# type: matrix
# rows: 0
# columns: 0


# name: sv_coef
# type: matrix
# rows: 0
# columns: 1


# name: SVs
# type: sparse matrix
# nnz: 0
# rows: 0
# columns: 30





# name: <cell-element>
# type: scalar struct
# ndims: 2
 1 1
# length: 11
# name: Parameters
# type: matrix
# rows: 5
# columns: 1
 3
 1
 2
 0.03333333333333333
 0


# name: nr_class
# type: scalar
2


# name: totalSV
# type: scalar
2


# name: rho
# type: scalar
-0.5469574884930716


# name: Label
# type: matrix
# rows: 0
# columns: 0


# name: sv_indices
# type: matrix
# rows: 2
# columns: 1
 1
 9


# name: ProbA
# type: matrix
# rows: 0
# columns: 0


# name: ProbB
# type: matrix
# rows: 0
# columns: 0


# name: nSV
# type: matrix
# rows: 0
# columns: 0


# name: sv_coef
# type: matrix
# rows: 2
# columns: 1
 0.1
 -0.1


# name: SVs
# type: sparse matrix
# nnz: 34
# rows: 2
# columns: 30
1 2 0.8409846741987427
2 2 -0.8841988841386159
1 3 -0.08885314975770874
2 3 -0.3284826576064721
1 4 -0.42146361521176
2 4 -0.42146361521176
1 5 -0.2050103181953928
2 5 -0.6763745089411428
1 6 -0.1881400092314287
2 6 -0.7300908725335935
1 7 2.49202431547412
2 7 -0.8357412613465306
1 8 2.771356377978538
2 8 -1.075305757939961
1 12 1.309375822921926
2 12 0.5189003634242514
1 13 1.309375822921926
2 13 0.5189003634242514
1 14 -0.5300435696337393
2 14 -1.389908111944371
1 15 -0.5300435696337393
2 15 -1.389908111944371
1 19 1.86212916190813
2 19 0.7632957588301027
1 20 1.86212916190813
2 20 0.7632957588301027
1 22 -0.4968307209054396
2 22 -1.128449646948284
1 23 -0.4968307209054396
2 23 -1.128449646948284
1 24 -1.23617762580395
2 24 0.109337139867273
1 25 -1.23617762580395
2 25 0.109337139867273





# name: <cell-element>
# type: scalar struct
# ndims: 2
 1 1
# length: 11
# name: Parameters
# type: matrix
# rows: 5
# columns: 1
 3
 1
 3
 0.03333333333333333
 0


# name: nr_class
# type: scalar
2


# name: totalSV
# type: scalar
2


# name: rho
# type: scalar
-0.5431877044448719


# name: Label
# type: matrix
# rows: 0
# columns: 0


# name: sv_indices
# type: matrix
# rows: 2
# columns: 1
 1
 9


# name: ProbA
# type: matrix
# rows: 0
# columns: 0


# name: ProbB
# type: matrix
# rows: 0
# columns: 0


# name: nSV
# type: matrix
# rows: 0
# columns: 0


# name: sv_coef
# type: matrix
# rows: 2
# columns: 1
 0.1
 -0.1


