# Created by Octave 3.8.2, Wed May 18 21:41:43 2016 CEST <Andrea@Andreas-MacBook-Pro.local>
# name: mu
# type: matrix
# rows: 1
# columns: 31
 230945.5263157895 80 47831.10526315789 108260 8.157894736842104 3738.263157894737 5241.789473684211 34233.26315789474 40166.21052631579 172348 172348 1 650.3684210526316 650.3684210526316 6614.736842105263 6614.736842105263 7102 7102 1 36252.36842105263 36252.36842105263 1 3443.631578947368 3443.631578947368 6064.631578947368 6064.631578947368 190065 190065 1 40 16


# name: sigma
# type: matrix
# rows: 1
# columns: 31
 10018.65456352089 0 1601.568706499171 12773.88593533264 0.3746343246326776 659.7870735746043 1173.538125070571 7108.974311406247 8222.973290178812 0 0 0 457.9522307119325 457.9522307119325 3053.969399579382 3053.969399579382 0 0 0 11102.68396084942 11102.68396084942 0 1130.428444368001 1130.428444368001 2198.415116258031 2198.415116258031 0 0 0 0 0


