# Created by Octave 3.8.2, Mon May 23 11:23:48 2016 CEST <Andrea@Andreas-MacBook-Pro.local>
# name: x
# type: matrix
# rows: 1
# columns: 100
 60 60.60606060606061 61.21212121212121 61.81818181818182 62.42424242424242 63.03030303030303 63.63636363636364 64.24242424242425 64.84848484848484 65.45454545454545 66.06060606060606 66.66666666666667 67.27272727272728 67.87878787878788 68.48484848484848 69.09090909090909 69.69696969696969 70.30303030303031 70.90909090909091 71.51515151515152 72.12121212121212 72.72727272727273 73.33333333333333 73.93939393939394 74.54545454545455 75.15151515151516 75.75757575757575 76.36363636363636 76.96969696969697 77.57575757575758 78.18181818181819 78.78787878787878 79.39393939393939 80 80.60606060606061 81.21212121212122 81.81818181818183 82.42424242424242 83.03030303030303 83.63636363636364 84.24242424242425 84.84848484848484 85.45454545454545 86.06060606060606 86.66666666666667 87.27272727272728 87.87878787878788 88.48484848484848 89.09090909090909 89.6969696969697 90.30303030303031 90.90909090909091 91.51515151515152 92.12121212121212 92.72727272727273 93.33333333333333 93.93939393939394 94.54545454545455 95.15151515151516 95.75757575757575 96.36363636363636 96.96969696969697 97.57575757575758 98.18181818181819 98.78787878787878 99.39393939393939 100 100.6060606060606 101.2121212121212 101.8181818181818 102.4242424242424 103.030303030303 103.6363636363636 104.2424242424242 104.8484848484848 105.4545454545455 106.0606060606061 106.6666666666667 107.2727272727273 107.8787878787879 108.4848484848485 109.0909090909091 109.6969696969697 110.3030303030303 110.9090909090909 111.5151515151515 112.1212121212121 112.7272727272727 113.3333333333333 113.9393939393939 114.5454545454545 115.1515151515152 115.7575757575758 116.3636363636364 116.969696969697 117.5757575757576 118.1818181818182 118.7878787878788 119.3939393939394 120


# name: y
# type: matrix
# rows: 100
# columns: 1
 229301.542369336
 229130.2761536092
 228948.7997663702
 228757.0307784008
 228554.8953280875
 228342.3283705899
 228119.2739187357
 227885.6852750934
 227641.5252546792
 227386.766397765
 227121.3911722633
 226845.3921651756
 226558.772262603
 226261.5448178323
 225953.7338070247
 225635.3739720505
 225306.5109500308
 224967.2013891649
 224617.513050443
 224257.5248948631
 223887.3271557943
 223507.0213961504
 223116.7205500627
 222716.5489487659
 222306.6423304366
 221887.1478337503
 221458.2239749522
 221020.0406082645
 220572.7788694816
 220116.6311026368
 219651.8007696529
 219178.5023429203
 218696.9611807796
 218207.4133859159
 217710.1056467068
 217205.295061595
 216693.2489465955
 216174.2446260734
 215648.5692069684
 215116.5193366704
 214578.4009447853
 214034.5289690648
 213485.2270658036
 212930.8273050424
 212371.6698509456
 211808.1026277552
 211240.4809717513
 210669.1672696828
 210094.5305841599
 209516.9462665275
 208936.7955577689
 208354.465178015
 207770.3469052596
 207184.8371439083
 206598.3364838081
 206011.2492504327
 205423.9830469154
 204836.9482886429
 204250.5577311422
 203665.2259920087
 203081.3690676407
 202499.403845557
 201919.7476130902
 201342.8175632543
 200769.0302986007
 200198.8013338764
 199632.5445983113
 199070.6719383607
 198513.5926217321
 197961.712843528
 197415.4352353329
 196875.1583780699
 196341.2763194484
 195814.178096817
 195294.2472662278
 194781.8614385066
 194277.391823115
 193781.2027805726
 193293.6513841958
 192815.0869918906
 192345.8508287192
 191886.2755809415
 191436.6850022064
 190997.3935325519
 190568.7059308416
 190150.9169212445
 189744.3108543346
 189349.1613833609
 188965.7311562071
 188594.2715235309
 188235.0222635416
 187888.2113238393
 187554.0545807113
 187232.7556162399
 186924.5055135481
 186629.4826704689
 186347.8526318903
 186079.7679409921
 185825.3680095528
 185584.7790074677


# name: TRAIN_QUERIES
# type: cell
# rows: 1
# columns: 1
# name: <cell-element>
# type: sq_string
# elements: 1
# length: 2
R4





# name: TEST_QUERIES
# type: cell
# rows: 1
# columns: 1
# name: <cell-element>
# type: sq_string
# elements: 1
# length: 2
R3





# name: DATASIZE
# type: sq_string
# elements: 1
# length: 3
250


