# Created by Octave 3.8.2, Mon May 23 11:23:48 2016 CEST <Andrea@Andreas-MacBook-Pro.local>
# name: x
# type: matrix
# rows: 1
# columns: 100
 60 60.60606060606061 61.21212121212121 61.81818181818182 62.42424242424242 63.03030303030303 63.63636363636364 64.24242424242425 64.84848484848484 65.45454545454545 66.06060606060606 66.66666666666667 67.27272727272728 67.87878787878788 68.48484848484848 69.09090909090909 69.69696969696969 70.30303030303031 70.90909090909091 71.51515151515152 72.12121212121212 72.72727272727273 73.33333333333333 73.93939393939394 74.54545454545455 75.15151515151516 75.75757575757575 76.36363636363636 76.96969696969697 77.57575757575758 78.18181818181819 78.78787878787878 79.39393939393939 80 80.60606060606061 81.21212121212122 81.81818181818183 82.42424242424242 83.03030303030303 83.63636363636364 84.24242424242425 84.84848484848484 85.45454545454545 86.06060606060606 86.66666666666667 87.27272727272728 87.87878787878788 88.48484848484848 89.09090909090909 89.6969696969697 90.30303030303031 90.90909090909091 91.51515151515152 92.12121212121212 92.72727272727273 93.33333333333333 93.93939393939394 94.54545454545455 95.15151515151516 95.75757575757575 96.36363636363636 96.96969696969697 97.57575757575758 98.18181818181819 98.78787878787878 99.39393939393939 100 100.6060606060606 101.2121212121212 101.8181818181818 102.4242424242424 103.030303030303 103.6363636363636 104.2424242424242 104.8484848484848 105.4545454545455 106.0606060606061 106.6666666666667 107.2727272727273 107.8787878787879 108.4848484848485 109.0909090909091 109.6969696969697 110.3030303030303 110.9090909090909 111.5151515151515 112.1212121212121 112.7272727272727 113.3333333333333 113.9393939393939 114.5454545454545 115.1515151515152 115.7575757575758 116.3636363636364 116.969696969697 117.5757575757576 118.1818181818182 118.7878787878788 119.3939393939394 120


# name: y
# type: matrix
# rows: 100
# columns: 1
 214851.9816256024
 214678.9335279212
 214505.8854302401
 214332.8373325589
 214159.7892348778
 213986.7411371967
 213813.6930395156
 213640.6449418344
 213467.5968441532
 213294.5487464721
 213121.500648791
 212948.4525511098
 212775.4044534286
 212602.3563557476
 212429.3082580664
 212256.2601603852
 212083.2120627041
 211910.1639650229
 211737.1158673418
 211564.0677696607
 211391.0196719796
 211217.9715742984
 211044.9234766172
 210871.8753789361
 210698.827281255
 210525.7791835738
 210352.7310858927
 210179.6829882116
 210006.6348905304
 209833.5867928493
 209660.5386951682
 209487.490597487
 209314.4424998059
 209141.3944021247
 208968.3463044435
 208795.2982067624
 208622.2501090813
 208449.2020114002
 208276.153913719
 208103.1058160379
 207930.0577183567
 207757.0096206756
 207583.9615229944
 207410.9134253133
 207237.8653276322
 207064.817229951
 206891.7691322699
 206718.7210345887
 206545.6729369076
 206372.6248392265
 206199.5767415453
 206026.5286438642
 205853.480546183
 205680.4324485019
 205507.3843508207
 205334.3362531396
 205161.2881554585
 204988.2400577773
 204815.1919600962
 204642.143862415
 204469.0957647339
 204296.0476670528
 204122.9995693716
 203949.9514716905
 203776.9033740094
 203603.8552763282
 203430.8071786471
 203257.7590809659
 203084.7109832848
 202911.6628856036
 202738.6147879225
 202565.5666902413
 202392.5185925602
 202219.4704948791
 202046.422397198
 201873.3742995167
 201700.3262018356
 201527.2781041545
 201354.2300064734
 201181.1819087922
 201008.1338111111
 200835.0857134299
 200662.0376157488
 200488.9895180676
 200315.9414203865
 200142.8933227054
 199969.8452250242
 199796.7971273431
 199623.749029662
 199450.7009319808
 199277.6528342996
 199104.6047366185
 198931.5566389374
 198758.5085412563
 198585.4604435751
 198412.412345894
 198239.3642482128
 198066.3161505318
 197893.2680528506
 197720.2199551695


# name: TRAIN_QUERIES
# type: cell
# rows: 1
# columns: 1
# name: <cell-element>
# type: sq_string
# elements: 1
# length: 2
R4





# name: TEST_QUERIES
# type: cell
# rows: 1
# columns: 1
# name: <cell-element>
# type: sq_string
# elements: 1
# length: 2
R3





# name: DATASIZE
# type: sq_string
# elements: 1
# length: 3
250


