# Created by Octave 3.8.2, Mon May 23 11:23:48 2016 CEST <Andrea@Andreas-MacBook-Pro.local>
# name: x
# type: matrix
# rows: 1
# columns: 100
 60 60.60606060606061 61.21212121212121 61.81818181818182 62.42424242424242 63.03030303030303 63.63636363636364 64.24242424242425 64.84848484848484 65.45454545454545 66.06060606060606 66.66666666666667 67.27272727272728 67.87878787878788 68.48484848484848 69.09090909090909 69.69696969696969 70.30303030303031 70.90909090909091 71.51515151515152 72.12121212121212 72.72727272727273 73.33333333333333 73.93939393939394 74.54545454545455 75.15151515151516 75.75757575757575 76.36363636363636 76.96969696969697 77.57575757575758 78.18181818181819 78.78787878787878 79.39393939393939 80 80.60606060606061 81.21212121212122 81.81818181818183 82.42424242424242 83.03030303030303 83.63636363636364 84.24242424242425 84.84848484848484 85.45454545454545 86.06060606060606 86.66666666666667 87.27272727272728 87.87878787878788 88.48484848484848 89.09090909090909 89.6969696969697 90.30303030303031 90.90909090909091 91.51515151515152 92.12121212121212 92.72727272727273 93.33333333333333 93.93939393939394 94.54545454545455 95.15151515151516 95.75757575757575 96.36363636363636 96.96969696969697 97.57575757575758 98.18181818181819 98.78787878787878 99.39393939393939 100 100.6060606060606 101.2121212121212 101.8181818181818 102.4242424242424 103.030303030303 103.6363636363636 104.2424242424242 104.8484848484848 105.4545454545455 106.0606060606061 106.6666666666667 107.2727272727273 107.8787878787879 108.4848484848485 109.0909090909091 109.6969696969697 110.3030303030303 110.9090909090909 111.5151515151515 112.1212121212121 112.7272727272727 113.3333333333333 113.9393939393939 114.5454545454545 115.1515151515152 115.7575757575758 116.3636363636364 116.969696969697 117.5757575757576 118.1818181818182 118.7878787878788 119.3939393939394 120


# name: y
# type: matrix
# rows: 1
# columns: 100
 219712.2469787733 219484.179664766 219256.1123507586 219028.0450367513 218799.9777227439 218571.9104087366 218343.8430947292 218115.7757807219 217887.7084667145 217659.6411527072 217431.5738386998 217203.5065246925 216975.4392106851 216747.3718966778 216519.3045826704 216291.2372686631 216063.1699546558 215835.1026406484 215607.0353266411 215378.9680126337 215150.9006986264 214922.833384619 214694.7660706117 214466.6987566043 214238.631442597 214010.5641285896 213782.4968145823 213554.4295005749 213326.3621865676 213098.2948725603 212870.2275585529 212642.1602445456 212414.0929305382 212186.0256165309 211957.9583025235 211729.8909885162 211501.8236745088 211273.7563605015 211045.6890464941 210817.6217324868 210589.5544184795 210361.4871044721 210133.4197904648 209905.3524764574 209677.2851624501 209449.2178484427 209221.1505344354 208993.083220428 208765.0159064207 208536.9485924133 208308.881278406 208080.8139643987 207852.7466503913 207624.679336384 207396.6120223766 207168.5447083693 206940.4773943619 206712.4100803546 206484.3427663472 206256.2754523399 206028.2081383325 205800.1408243252 205572.0735103179 205344.0061963105 205115.9388823032 204887.8715682958 204659.8042542885 204431.7369402811 204203.6696262738 203975.6023122664 203747.5349982591 203519.4676842517 203291.4003702444 203063.3330562371 202835.2657422297 202607.1984282224 202379.131114215 202151.0638002077 201922.9964862003 201694.929172193 201466.8618581856 201238.7945441783 201010.7272301709 200782.6599161636 200554.5926021562 200326.5252881489 200098.4579741416 199870.3906601342 199642.3233461269 199414.2560321195 199186.1887181122 198958.1214041048 198730.0540900975 198501.9867760901 198273.9194620828 198045.8521480754 197817.7848340681 197589.7175200607 197361.6502060534 197133.582892046


# name: TRAIN_QUERIES
# type: cell
# rows: 1
# columns: 1
# name: <cell-element>
# type: sq_string
# elements: 1
# length: 2
R4





# name: TEST_QUERIES
# type: cell
# rows: 1
# columns: 1
# name: <cell-element>
# type: sq_string
# elements: 1
# length: 2
R3





# name: DATASIZE
# type: sq_string
# elements: 1
# length: 3
250


