# Created by Octave 3.8.2, Mon May 23 11:23:48 2016 CEST <Andrea@Andreas-MacBook-Pro.local>
# name: SVs
# type: cell
# rows: 1
# columns: 7
# name: <cell-element>
# type: sparse matrix
# nnz: 84
# rows: 12
# columns: 7
1 1 -0.3394303485378549
2 1 1.616698614029362
3 1 -0.3702214331504257
4 1 1.68078703432762
5 1 -0.01791413944380147
6 1 -0.1460909800403172
7 1 1.869292918612719
8 1 3.403297593293646
9 1 -1.315436123582832
10 1 -0.2450878974284083
11 1 0.5739191496792166
12 1 3.059762178342928
1 2 -1.102363233368986
2 2 1.252525764460763
3 2 -1.018793210636733
4 2 1.336623799973058
5 2 0.5347163905732788
6 2 -0.9025823978654616
7 2 1.588869905348124
8 2 1.408961550838943
9 2 0.08792157633329634
10 2 -0.4146025867821287
11 2 1.605622310824032
12 2 1.416065722788612
1 3 1.359465732665865
2 3 1.080701116699784
3 3 1.22313559201092
4 3 -0.862512082187863
5 3 -0.8441990782192884
6 3 1.18447480585504
7 3 1.518178433726845
8 3 0.9240231938575335
9 3 -0.6976950464706909
10 3 -0.7404253890640319
11 3 -0.9662857713431195
12 3 -0.5898518008779734
1 4 1.391841498448911
2 4 1.077829883261331
3 4 1.029413995457079
4 4 -1.546311235729145
5 4 -0.4617953489138927
6 4 0.3294585889156025
7 4 1.368325210086845
8 4 1.02111412897635
9 4 -0.6070430123266496
10 4 -0.2404655760944534
11 4 -0.7080247211755187
12 4 0.4428900974855651
1 5 -1.129815586287397
2 5 0.6830468069650929
3 5 -0.690243475853648
4 5 -0.3557082363255084
5 5 -0.8225159346163871
6 5 2.198167698247377
7 5 -1.00381245152196
8 5 0.8348466683423778
9 5 -1.232180286308911
10 5 -0.7595143672336684
11 5 -0.5834594162930529
12 5 0.3082234525690483
1 6 -1.382506802820394
2 6 -0.2719533113670661
3 6 -1.166194884666275
4 6 1.841344831430216
5 6 0.5515643500795705
6 6 -0.6559173796596575
7 6 -0.7458653710680866
8 6 -0.03090127769785888
9 6 -0.2091815795014869
10 6 0.7306903599135612
11 6 1.224394512026652
12 6 2.506121833326978
1 7 1.676282730201609
2 7 -0.3676779919783492
3 7 0.6543023691116301
4 7 0.1433121885666404
5 7 -0.7764701364143409
6 7 1.676282730201609
7 7 -1.389658353068328
8 7 -0.3676779919783492
9 7 0.1433121885666404
10 7 -0.7764701364143409
11 7 -0.7764701364143409
12 7 -0.7764701364143409



# name: <cell-element>
# type: sparse matrix
# nnz: 217
# rows: 31
# columns: 7
1 1 -0.2611995114698697
2 1 1.616698614029362
3 1 -0.8675332532302031
4 1 -1.035631093062785
5 1 -0.6958550547217415
6 1 1.464712388238242
7 1 0.1494676286536038
8 1 -0.3702214331504257
9 1 0.4085065788535455
10 1 -0.6371371724373041
11 1 -0.5223866768753396
12 1 0.6365754265071224
13 1 -0.3686102717462795
14 1 -0.01791413944380147
15 1 -0.2902004167445004
16 1 -0.3610915185269308
17 1 2.606309752042685
18 1 0.1924319327641678
19 1 -0.3707584869518077
20 1 1.869292918612719
21 1 -0.8045189405347094
22 1 -0.2450878974284083
23 1 0.9627461018798202
24 1 0.3795056735789148
25 1 -0.702299700338326
26 1 2.362845362082822
27 1 -0.1376771371519984
28 1 -0.1451958903713471
29 1 0.5739191496792166
30 1 3.059762178342928
31 1 -1.110460589388683
1 2 -0.9710320546237572
2 2 1.252525764460763
3 2 -0.9529356166168305
4 2 -0.4298189550797302
5 2 -0.9089665523877991
6 2 1.424753933078409
7 2 -0.8166603182039265
8 2 -1.018793210636733
9 2 0.400745147927835
10 2 -1.018313199018513
11 2 -0.9033024152927929
12 2 1.218492940728903
13 2 -0.1693646510330881
14 2 0.5347163905732788
15 2 -0.914438684835517
16 2 -0.9114626128025476
17 2 1.588485896053547
18 2 0.7115046695640239
19 2 -0.9270629903947258
20 2 1.588869905348124
21 2 -1.015001118852789
22 2 -0.4146025867821287
23 2 1.577541631158111
24 2 -0.04864172905054016
25 2 -1.039529712543875
26 2 1.583397772900406
27 2 -0.8146442694073989
28 2 -0.8982142921396518
29 2 1.605622310824032
30 2 1.416065722788612
31 2 -0.506140802376848
1 3 1.709447586287514
2 3 1.080701116699784
3 3 1.552769663445264
4 3 -0.9662857713431195
5 3 -0.8299556306881747
6 3 -0.7546688365951455
7 3 1.231274704885842
8 3 1.22313559201092
9 3 -0.9072772029999345
10 3 1.290283273229027
11 3 1.129535793949316
12 3 1.137674906824238
13 3 1.255692043510608
14 3 -0.8441990782192884
15 3 1.335048394041099
16 3 0.9321623067324556
17 3 1.330978837603638
18 3 -0.7343210544078403
19 3 1.174300914761387
20 3 1.518178433726845
21 3 0.7673452710152835
22 3 -0.7404253890640319
23 3 -0.8706511950627851
24 3 1.005414322606754
25 3 0.8812928512641927
26 3 -0.8116426267196001
27 3 1.412369966352858
28 3 1.123431459293124
29 3 -0.9662857713431195
30 3 -0.5898518008779734
31 3 -0.8645468604065936
1 4 1.781935223043172
2 4 1.077829883261331
3 4 0.8537334882816492
4 4 -1.313914974268734
5 4 -0.8615722510690047
6 4 -0.3414472849433226
7 4 0.9090659314865089
8 4 1.029413995457079
9 4 -1.062152357686621
10 4 0.8357504442400697
11 4 1.283943234199434
12 4 1.033563928697444
13 4 0.8800163988039575
14 4 -0.4617953489138927
15 4 0.9560985082106398
16 4 0.5397218730940698
17 4 0.7292354910707146
18 4 -0.6803584995730889
19 4 0.892466198525051
20 4 1.368325210086845
21 4 0.4774728744886025
22 4 -0.2404655760944534
23 4 -1.212933265419865
24 4 1.012814262495621
25 4 0.6199539157411165
26 4 -1.045552624725164
27 4 1.869083821090826
28 4 0.7250855578303501
29 4 -0.7080247211755187
30 4 0.4428900974855651
31 4 -0.7177078987363692
1 5 -1.224985980082499
2 5 0.6830468069650929
3 5 -0.9715408493063418
4 5 -1.254688187217256
5 5 -0.8704094589236415
6 5 0.002259886340086187
7 5 0.4436819612320554
8 5 -0.690243475853648
9 5 -0.4829446807297593
10 5 -0.2227163469401282
11 5 -1.149651316311646
12 5 1.147182334371876
13 5 0.8615683771833352
14 5 -0.8225159346163871
15 5 -0.231555066018291
16 5 2.012040718589785
17 5 0.8182997640216311
18 5 -0.6266252536515226
19 5 -0.6607468203253605
20 5 -1.00381245152196
21 5 1.234952870334098
22 5 -0.7595143672336684
23 5 -0.1666007583741176
24 5 0.6286784070540681
25 5 0.2239472939167981
26 5 0.08807768204085319
27 5 0.7233349218329979
28 5 0.368244521657968
29 5 -0.5834594162930529
30 5 0.3082234525690483
31 5 -1.072363912279339
1 6 -1.396442051559505
2 6 -0.2719533113670661
3 6 -0.9825373944904899
4 6 -0.1391392830763713
5 6 0.4214262934670384
6 6 1.963682178150745
7 6 -1.01623949062584
8 6 -1.166194884666275
9 6 1.127453651232836
10 6 -0.9137068588252971
11 6 -1.19411587217616
12 6 -0.5952157390922794
13 6 -0.05937765555604245
14 6 0.5515643500795705
15 6 -1.193042959003312
16 6 -0.4883788320924276
17 6 0.3907535992314949
18 6 1.007161150794676
19 6 -1.167394022918282
20 6 -0.7458653710680866
21 6 -0.444048584291922
22 6 0.7306903599135612
23 6 1.682604171880341
24 6 -0.9524958256507395
25 6 -0.7505483215048712
26 6 2.3761857368411
27 6 -0.7816249359937222
28 6 -0.9028388795097403
29 6 1.224394512026652
30 6 2.506121833326978
31 6 0.05322773756135809
1 7 1.676282730201609
2 7 -0.3676779919783492
3 7 -1.389658353068328
4 7 -0.7764701364143409
5 7 0.1433121885666404
6 7 0.1433121885666404
7 7 1.676282730201609
8 7 0.6543023691116301
9 7 -0.7764701364143409
10 7 -0.3676779919783492
11 7 -0.3676779919783492
12 7 0.6543023691116301
13 7 -1.389658353068328
14 7 -0.7764701364143409
15 7 1.676282730201609
16 7 0.6543023691116301
17 7 -1.389658353068328
18 7 0.1433121885666404
19 7 0.6543023691116301
20 7 -1.389658353068328
21 7 -0.3676779919783492
22 7 -0.7764701364143409
23 7 -0.7764701364143409
24 7 1.676282730201609
25 7 -0.3676779919783492
26 7 0.1433121885666404
27 7 0.6543023691116301
28 7 0.6543023691116301
29 7 -0.7764701364143409
30 7 -0.7764701364143409
31 7 -0.7764701364143409



