# Created by Octave 3.8.2, Mon May 23 11:23:41 2016 CEST <Andrea@Andreas-MacBook-Pro.local>
# name: mu
# type: matrix
# rows: 1
# columns: 8
 209478.316091954 20268.06896551724 52501.34482758621 2301.885057471264 3783.833333333333 23426.01149425287 145302.1091954023 87.19540229885058


# name: sigma
# type: matrix
# rows: 1
# columns: 8
 96942.76565435162 5586.032520912856 20832.8290824801 491.4540517461854 722.9031953623698 9729.916658678954 79223.55895244832 19.56984768148507


