# Created by Octave 3.8.2, Mon May 23 11:23:48 2016 CEST <Andrea@Andreas-MacBook-Pro.local>
# name: x
# type: matrix
# rows: 1
# columns: 100
 60 60.60606060606061 61.21212121212121 61.81818181818182 62.42424242424242 63.03030303030303 63.63636363636364 64.24242424242425 64.84848484848484 65.45454545454545 66.06060606060606 66.66666666666667 67.27272727272728 67.87878787878788 68.48484848484848 69.09090909090909 69.69696969696969 70.30303030303031 70.90909090909091 71.51515151515152 72.12121212121212 72.72727272727273 73.33333333333333 73.93939393939394 74.54545454545455 75.15151515151516 75.75757575757575 76.36363636363636 76.96969696969697 77.57575757575758 78.18181818181819 78.78787878787878 79.39393939393939 80 80.60606060606061 81.21212121212122 81.81818181818183 82.42424242424242 83.03030303030303 83.63636363636364 84.24242424242425 84.84848484848484 85.45454545454545 86.06060606060606 86.66666666666667 87.27272727272728 87.87878787878788 88.48484848484848 89.09090909090909 89.6969696969697 90.30303030303031 90.90909090909091 91.51515151515152 92.12121212121212 92.72727272727273 93.33333333333333 93.93939393939394 94.54545454545455 95.15151515151516 95.75757575757575 96.36363636363636 96.96969696969697 97.57575757575758 98.18181818181819 98.78787878787878 99.39393939393939 100 100.6060606060606 101.2121212121212 101.8181818181818 102.4242424242424 103.030303030303 103.6363636363636 104.2424242424242 104.8484848484848 105.4545454545455 106.0606060606061 106.6666666666667 107.2727272727273 107.8787878787879 108.4848484848485 109.0909090909091 109.6969696969697 110.3030303030303 110.9090909090909 111.5151515151515 112.1212121212121 112.7272727272727 113.3333333333333 113.9393939393939 114.5454545454545 115.1515151515152 115.7575757575758 116.3636363636364 116.969696969697 117.5757575757576 118.1818181818182 118.7878787878788 119.3939393939394 120


# name: y
# type: matrix
# rows: 100
# columns: 1
 183769.5534509941
 183788.0284068597
 183804.5136239679
 183819.184360477
 183832.2040326769
 183843.7247608709
 183853.8879023753
 183862.824571635
 183870.6561474569
 183877.4947673602
 183883.4438090436
 183888.5983589692
 183893.0456680645
 183896.8655945403
 183900.1310338265
 183902.9083356239
 183905.2577080744
 183907.2336090473
 183908.8851245427
 183910.2563342124
 183911.3866639972
 183912.3112258822
 183913.0611447679
 183913.6638724594
 183914.1434887722
 183914.5209897548
 183914.814563029
 183915.0398502467
 183915.2101966636
 183915.3368878307
 183915.4293734023
 183915.4954780608
 183915.5415995592
 183915.5728938802
 183915.5934475125
 183915.6064368438
 183915.6142746717
 183915.6187438304
 183915.6211179359
 183915.6222692465
 183915.6227636423
 183915.6229427199
 183915.6229930055
 183915.6230022844
 183915.6230030476
 183915.6230030555
 183915.6230030187
 183915.6230013959
 183915.6229863084
 183915.6229145724
 183915.6226778477
 183915.6220559035
 183915.6206570016
 183915.6178453966
 183915.6126559526
 183915.6036958776
 183915.5890335745
 183915.5660746095
 183915.5314247972
 183915.4807404028
 183915.4085654618
 183915.3081562159
 183915.1712926669
 183914.9880772467
 183914.7467206051
 183914.4333145142
 183914.0315918902
 183913.5226739316
 183912.8848043754
 183912.0930708692
 183911.1191134617
 183909.9308202087
 183908.4920098975
 183906.7621018876
 183904.6957730684
 183902.2426019347
 183899.346699778
 183895.946328996
 183891.9735085188
 183887.3536063515
 183882.0049192348
 183875.8382394221
 183868.7564085737
 183860.6538587681
 183851.4161406303
 183840.9194385774
 183829.0300731806
 183815.6039906452
 183800.4862394065
 183783.5104338437
 183764.4982051105
 183743.2586390827
 183719.5877014227
 183693.2676497613
 183664.0664329965
 183631.7370777094
 183596.0170616966
 183556.6276746206
 183513.2733657764
 183465.6410789755


# name: TRAIN_QUERIES
# type: cell
# rows: 1
# columns: 1
# name: <cell-element>
# type: sq_string
# elements: 1
# length: 2
R4





# name: TEST_QUERIES
# type: cell
# rows: 1
# columns: 1
# name: <cell-element>
# type: sq_string
# elements: 1
# length: 2
R3





# name: DATASIZE
# type: sq_string
# elements: 1
# length: 3
250


