# Created by Octave 3.8.2, Mon May 23 11:23:48 2016 CEST <Andrea@Andreas-MacBook-Pro.local>
# name: x
# type: matrix
# rows: 1
# columns: 100
 60 60.60606060606061 61.21212121212121 61.81818181818182 62.42424242424242 63.03030303030303 63.63636363636364 64.24242424242425 64.84848484848484 65.45454545454545 66.06060606060606 66.66666666666667 67.27272727272728 67.87878787878788 68.48484848484848 69.09090909090909 69.69696969696969 70.30303030303031 70.90909090909091 71.51515151515152 72.12121212121212 72.72727272727273 73.33333333333333 73.93939393939394 74.54545454545455 75.15151515151516 75.75757575757575 76.36363636363636 76.96969696969697 77.57575757575758 78.18181818181819 78.78787878787878 79.39393939393939 80 80.60606060606061 81.21212121212122 81.81818181818183 82.42424242424242 83.03030303030303 83.63636363636364 84.24242424242425 84.84848484848484 85.45454545454545 86.06060606060606 86.66666666666667 87.27272727272728 87.87878787878788 88.48484848484848 89.09090909090909 89.6969696969697 90.30303030303031 90.90909090909091 91.51515151515152 92.12121212121212 92.72727272727273 93.33333333333333 93.93939393939394 94.54545454545455 95.15151515151516 95.75757575757575 96.36363636363636 96.96969696969697 97.57575757575758 98.18181818181819 98.78787878787878 99.39393939393939 100 100.6060606060606 101.2121212121212 101.8181818181818 102.4242424242424 103.030303030303 103.6363636363636 104.2424242424242 104.8484848484848 105.4545454545455 106.0606060606061 106.6666666666667 107.2727272727273 107.8787878787879 108.4848484848485 109.0909090909091 109.6969696969697 110.3030303030303 110.9090909090909 111.5151515151515 112.1212121212121 112.7272727272727 113.3333333333333 113.9393939393939 114.5454545454545 115.1515151515152 115.7575757575758 116.3636363636364 116.969696969697 117.5757575757576 118.1818181818182 118.7878787878788 119.3939393939394 120


# name: y
# type: matrix
# rows: 100
# columns: 1
 209167.2889781284
 208835.7673716565
 208519.0194515
 208216.7084756145
 207928.4977019555
 207654.0503884786
 207393.0297931395
 207145.0991738935
 206909.9217886962
 206687.1608955033
 206476.4797522703
 206277.5416169527
 206090.0097475061
 205913.547401886
 205747.817838048
 205592.4843139476
 205447.2100875405
 205311.6584167821
 205185.492559628
 205068.3757740338
 204959.971317955
 204859.9424493472
 204767.9524261659
 204683.6645063667
 204606.7419479052
 204536.8480087368
 204473.6459468172
 204416.7990201019
 204365.9704865465
 204320.8236041064
 204281.0216307373
 204246.2278243948
 204216.1054430344
 204190.3177446115
 204168.5279870819
 204150.399428401
 204135.5953265244
 204123.7789394077
 204114.6135250064
 204107.762341276
 204102.8886461721
 204099.6556976504
 204097.7267536662
 204096.7650721752
 204096.433911133
 204096.3965284951
 204096.316182217
 204095.8561302543
 204094.6796305626
 204092.4499410974
 204088.8303198142
 204083.4840246686
 204076.0743136163
 204066.2644446127
 204053.7176756133
 204038.0972645738
 204019.0664694497
 203996.2885481965
 203969.4267587699
 203938.1443591253
 203902.1046072183
 203860.9707610045
 203814.4060784394
 203762.0738174786
 203703.6372360776
 203638.759592192
 203567.1041437774
 203488.3341487892
 203402.1128651831
 203308.1035509146
 203205.9694639393
 203095.3738622127
 202975.9800036903
 202847.4511463278
 202709.4505480807
 202561.6414669045
 202403.6871607548
 202235.2508875872
 202055.9959053571
 201865.5854720202
 201663.682845532
 201449.9512838481
 201224.054044924
 200985.6543867153
 200734.4155671775
 200470.0008442661
 200192.0734759369
 199900.2967201452
 199594.3338348466
 199273.8480779968
 198938.5027075513
 198587.9609814655
 198221.8861576951
 197839.9414941956
 197441.7902489227
 197027.0956798317
 196595.5210448783
 196146.7296020181
 195680.3846092066
 195196.1493243993


# name: TRAIN_QUERIES
# type: cell
# rows: 1
# columns: 1
# name: <cell-element>
# type: sq_string
# elements: 1
# length: 2
R4





# name: TEST_QUERIES
# type: cell
# rows: 1
# columns: 1
# name: <cell-element>
# type: sq_string
# elements: 1
# length: 2
R3





# name: DATASIZE
# type: sq_string
# elements: 1
# length: 3
250


