# Created by Octave 3.8.2, Mon May 23 11:23:48 2016 CEST <Andrea@Andreas-MacBook-Pro.local>
# name: x
# type: matrix
# rows: 1
# columns: 100
 60 60.60606060606061 61.21212121212121 61.81818181818182 62.42424242424242 63.03030303030303 63.63636363636364 64.24242424242425 64.84848484848484 65.45454545454545 66.06060606060606 66.66666666666667 67.27272727272728 67.87878787878788 68.48484848484848 69.09090909090909 69.69696969696969 70.30303030303031 70.90909090909091 71.51515151515152 72.12121212121212 72.72727272727273 73.33333333333333 73.93939393939394 74.54545454545455 75.15151515151516 75.75757575757575 76.36363636363636 76.96969696969697 77.57575757575758 78.18181818181819 78.78787878787878 79.39393939393939 80 80.60606060606061 81.21212121212122 81.81818181818183 82.42424242424242 83.03030303030303 83.63636363636364 84.24242424242425 84.84848484848484 85.45454545454545 86.06060606060606 86.66666666666667 87.27272727272728 87.87878787878788 88.48484848484848 89.09090909090909 89.6969696969697 90.30303030303031 90.90909090909091 91.51515151515152 92.12121212121212 92.72727272727273 93.33333333333333 93.93939393939394 94.54545454545455 95.15151515151516 95.75757575757575 96.36363636363636 96.96969696969697 97.57575757575758 98.18181818181819 98.78787878787878 99.39393939393939 100 100.6060606060606 101.2121212121212 101.8181818181818 102.4242424242424 103.030303030303 103.6363636363636 104.2424242424242 104.8484848484848 105.4545454545455 106.0606060606061 106.6666666666667 107.2727272727273 107.8787878787879 108.4848484848485 109.0909090909091 109.6969696969697 110.3030303030303 110.9090909090909 111.5151515151515 112.1212121212121 112.7272727272727 113.3333333333333 113.9393939393939 114.5454545454545 115.1515151515152 115.7575757575758 116.3636363636364 116.969696969697 117.5757575757576 118.1818181818182 118.7878787878788 119.3939393939394 120


# name: y
# type: matrix
# rows: 100
# columns: 1
 179868.9939941516
 180049.5331737579
 180218.1401930909
 180375.3527545869
 180521.6961633447
 180657.683327126
 180783.8147563555
 180900.5785641207
 181008.450466172
 181107.8937809226
 181199.3594294486
 181283.285935489
 181360.0994254456
 181430.2136283831
 181494.0298760292
 181551.9371027742
 181604.3118456715
 181651.5182444372
 181693.9080414504
 181731.8205817531
 181765.5828130499
 181795.5092857086
 181821.9021527596
 181845.0511698964
 181865.2336954752
 181882.7146905151
 181897.7467186982
 181910.5699463692
 181921.4121425359
 181930.4886788689
 181938.0025297017
 181944.1442720306
 181949.0920855147
 181953.0117524762
 181956.0566579
 181958.3677894339
 181960.0737373885
 181961.2906947374
 181962.122457117
 181962.6604228265
 181962.9835928281
 181963.1585707469
 181963.2395628706
 181963.26837815
 181963.2744281988
 181963.2747272934
 181963.2738923732
 181963.2641430403
 181963.2253015598
 181963.1247928598
 181962.917644531
 181962.5464868271
 181961.9415526646
 181961.020677623
 181959.6892999446
 181957.8404605345
 181955.3548029608
 181952.1005734543
 181947.9336209087
 181942.6973968808
 181936.22295559
 181928.3289539187
 181918.8216514121
 181907.4949102783
 181894.1301953883
 181878.4965742758
 181860.3507171377
 181839.4368968334
 181815.4869888855
 181788.2204714792
 181757.3444254627
 181722.553534347
 181683.530084306
 181639.9439641766
 181591.4526654583
 181537.7012823137
 181478.3225115681
 181412.9366527098
 181341.15160789
 181262.5628819225
 181176.7535822843
 181083.294419115
 180981.7437052173
 180871.6473560566
 180752.5388897612
 180623.9394271223
 180485.357691594
 180336.2900092932
 180176.2203089997
 180004.6201221561
 179820.948582868
 179624.6524279038
 179415.1659966946
 179191.9112313348
 178954.2976765812
 178701.7224798538
 178433.5703912352
 178149.2137634711
 177848.01255197
 177529.3143148031


# name: TRAIN_QUERIES
# type: cell
# rows: 1
# columns: 1
# name: <cell-element>
# type: sq_string
# elements: 1
# length: 2
R4





# name: TEST_QUERIES
# type: cell
# rows: 1
# columns: 1
# name: <cell-element>
# type: sq_string
# elements: 1
# length: 2
R3





# name: DATASIZE
# type: sq_string
# elements: 1
# length: 3
250


