# Created by Octave 3.8.2, Mon May 23 11:23:48 2016 CEST <Andrea@Andreas-MacBook-Pro.local>
# name: x
# type: matrix
# rows: 1
# columns: 100
 60 60.60606060606061 61.21212121212121 61.81818181818182 62.42424242424242 63.03030303030303 63.63636363636364 64.24242424242425 64.84848484848484 65.45454545454545 66.06060606060606 66.66666666666667 67.27272727272728 67.87878787878788 68.48484848484848 69.09090909090909 69.69696969696969 70.30303030303031 70.90909090909091 71.51515151515152 72.12121212121212 72.72727272727273 73.33333333333333 73.93939393939394 74.54545454545455 75.15151515151516 75.75757575757575 76.36363636363636 76.96969696969697 77.57575757575758 78.18181818181819 78.78787878787878 79.39393939393939 80 80.60606060606061 81.21212121212122 81.81818181818183 82.42424242424242 83.03030303030303 83.63636363636364 84.24242424242425 84.84848484848484 85.45454545454545 86.06060606060606 86.66666666666667 87.27272727272728 87.87878787878788 88.48484848484848 89.09090909090909 89.6969696969697 90.30303030303031 90.90909090909091 91.51515151515152 92.12121212121212 92.72727272727273 93.33333333333333 93.93939393939394 94.54545454545455 95.15151515151516 95.75757575757575 96.36363636363636 96.96969696969697 97.57575757575758 98.18181818181819 98.78787878787878 99.39393939393939 100 100.6060606060606 101.2121212121212 101.8181818181818 102.4242424242424 103.030303030303 103.6363636363636 104.2424242424242 104.8484848484848 105.4545454545455 106.0606060606061 106.6666666666667 107.2727272727273 107.8787878787879 108.4848484848485 109.0909090909091 109.6969696969697 110.3030303030303 110.9090909090909 111.5151515151515 112.1212121212121 112.7272727272727 113.3333333333333 113.9393939393939 114.5454545454545 115.1515151515152 115.7575757575758 116.3636363636364 116.969696969697 117.5757575757576 118.1818181818182 118.7878787878788 119.3939393939394 120


# name: y
# type: matrix
# rows: 100
# columns: 1
 177129.7526837389
 177899.9160134656
 178652.7225382791
 179388.1722581797
 180106.2651731672
 180807.0012832417
 181490.3805884032
 182156.4030886517
 182805.0687839871
 183436.3776744096
 184050.329759919
 184646.9250405154
 185226.1635161988
 185788.0451869692
 186332.5700528266
 186859.7381137709
 187369.5493698022
 187862.0038209205
 188337.1014671258
 188794.8423084181
 189235.2263447974
 189658.2535762636
 190063.9240028168
 190452.237624457
 190823.1944411842
 191176.7944529984
 191513.0376598995
 191831.9240618876
 192133.4536589627
 192417.6264511248
 192684.4424383739
 192933.90162071
 193166.003998133
 193380.7495706431
 193578.1383382401
 193758.170300924
 193920.845458695
 194066.163811553
 194194.1253594979
 194304.7301025298
 194397.9780406487
 194473.8691738546
 194532.4035021475
 194573.5810255273
 194597.4017439942
 194603.865657548
 194592.9727661888
 194564.7230699166
 194519.1165687313
 194456.1532626331
 194375.8331516218
 194278.1562356975
 194163.1225148602
 194030.7319891099
 193880.9846584465
 193713.8805228701
 193529.4195823808
 193327.6018369784
 193108.4272866629
 192871.8959314345
 192618.0077712931
 192346.7628062386
 192058.1610362711
 191752.2024613906
 191428.8870815971
 191088.2148968906
 190730.185907271
 190354.8001127384
 189962.0575132928
 189551.9581089342
 189124.5018996626
 188679.688885478
 188217.5190663803
 187737.9924423696
 187241.1090134459
 186726.8687796092
 186195.2717408595
 185646.3178971967
 185080.007248621
 184496.3397951322
 183895.3155367303
 183276.9344734155
 182641.1966051877
 181988.1019320468
 181317.6504539929
 180629.8421710261
 179924.6770831462
 179202.1551903533
 178462.2764926473
 177705.0409900284
 176930.4486824964
 176138.4995700514
 175329.1936526934
 174502.5309304223
 173658.5114032383
 172797.1350711412
 171918.4019341311
 171022.311992208
 170108.8652453719
 169178.0616936228


# name: TRAIN_QUERIES
# type: cell
# rows: 1
# columns: 1
# name: <cell-element>
# type: sq_string
# elements: 1
# length: 2
R4





# name: TEST_QUERIES
# type: cell
# rows: 1
# columns: 1
# name: <cell-element>
# type: sq_string
# elements: 1
# length: 2
R3





# name: DATASIZE
# type: sq_string
# elements: 1
# length: 3
250


