# Created by Octave 3.8.2, Mon May 23 09:48:12 2016 CEST <Andrea@Andreas-MacBook-Pro.local>
# name: x
# type: matrix
# rows: 1
# columns: 100
 8 8.121212121212121 8.242424242424242 8.363636363636363 8.484848484848484 8.606060606060606 8.727272727272727 8.848484848484848 8.969696969696971 9.09090909090909 9.212121212121211 9.333333333333332 9.454545454545455 9.575757575757574 9.696969696969697 9.818181818181818 9.939393939393939 10.06060606060606 10.18181818181818 10.3030303030303 10.42424242424242 10.54545454545454 10.66666666666667 10.78787878787879 10.90909090909091 11.03030303030303 11.15151515151515 11.27272727272727 11.39393939393939 11.51515151515152 11.63636363636364 11.75757575757576 11.87878787878788 12 12.12121212121212 12.24242424242424 12.36363636363636 12.48484848484848 12.60606060606061 12.72727272727273 12.84848484848485 12.96969696969697 13.09090909090909 13.21212121212121 13.33333333333333 13.45454545454545 13.57575757575758 13.6969696969697 13.81818181818182 13.93939393939394 14.06060606060606 14.18181818181818 14.3030303030303 14.42424242424242 14.54545454545454 14.66666666666667 14.78787878787879 14.90909090909091 15.03030303030303 15.15151515151515 15.27272727272727 15.39393939393939 15.51515151515152 15.63636363636364 15.75757575757576 15.87878787878788 16 16.12121212121212 16.24242424242424 16.36363636363636 16.48484848484848 16.60606060606061 16.72727272727273 16.84848484848485 16.96969696969697 17.09090909090909 17.21212121212121 17.33333333333334 17.45454545454545 17.57575757575757 17.6969696969697 17.81818181818182 17.93939393939394 18.06060606060606 18.18181818181818 18.3030303030303 18.42424242424242 18.54545454545454 18.66666666666667 18.78787878787879 18.90909090909091 19.03030303030303 19.15151515151515 19.27272727272727 19.39393939393939 19.51515151515152 19.63636363636364 19.75757575757576 19.87878787878788 20


# name: y
# type: matrix
# rows: 100
# columns: 1
 337748.4350174848
 337589.1595898469
 337340.1476078597
 337001.293762044
 336572.8198892348
 336055.2708597781
 335449.5083321788
 334756.7024642815
 333978.3216903543
 333116.1206921193
 332172.1267085723
 331148.6243441408
 330048.1390471727
 328873.4194407751
 327627.4186955284
 326313.2751385401
 324934.2922956292
 323493.91856319
 321995.7267035233
 320443.3933522477
 318840.6787189636
 317191.4066527889
 315499.4452329412
 313768.6880314396
 312003.0361804558
 310206.3813611861
 308382.58981456
 306535.4874569847
 304668.8461668968
 302786.3712904645
 300891.6903976047
 298988.3433028222
 297079.7733494818
 295169.3199411966
 293260.2122902579
 291355.564340602
 289458.3708118384
 287571.5043014507
 285697.7133744966
 283839.6215639954
 281999.7272007236
 280180.4039882805
 278383.9022379985
 276612.3506784598
 274867.7587559184
 273152.019344706
 271466.9117905386
 269814.105214405
 268195.1620102086
 266611.5414753942
 265064.6035202238
 263555.6124080076
 262085.7404852752
 260656.0718674309
 259267.6060517212
 257921.2614352547
 256617.8787212061
 255358.2242011517
 254142.9929056444
 252972.8116185981
 251848.2417538006
 250769.7820939032
 249737.8713935799
 248752.8908492342
 247815.1664377385
 246924.9711262714
 246082.526954485
 245288.0069890633
 244541.537149335
 243843.1979011042
 243193.0258143329
 242591.0149788897
 242037.1182713498
 241531.2484648789
 241073.2791736533
 240663.0456231154
 240300.3452376737
 239984.9380383003
 239716.5468438339
 239494.8572716825
 239319.5175360132
 239190.1380443837
 239106.2907970505
 239067.5085968217
 239073.2840812336
 239123.0685929118
 239216.2709081505
 239352.2558478895
 239530.3427992857
 239749.8041798516
 240009.8638795746
 240309.6957194121
 240648.4219670252
 241025.1119524403
 241438.7808274869
 241888.3885132628
 242372.8388795053
 242890.97919857
 243441.5999147212
 244023.4347666551


# name: QUERY
# type: sq_string
# elements: 1
# length: 2
Q2


# name: DATASIZE
# type: sq_string
# elements: 1
# length: 2
50


