# Created by Octave 3.8.2, Mon May 23 09:48:12 2016 CEST <Andrea@Andreas-MacBook-Pro.local>
# name: x
# type: matrix
# rows: 1
# columns: 100
 8 8.121212121212121 8.242424242424242 8.363636363636363 8.484848484848484 8.606060606060606 8.727272727272727 8.848484848484848 8.969696969696971 9.09090909090909 9.212121212121211 9.333333333333332 9.454545454545455 9.575757575757574 9.696969696969697 9.818181818181818 9.939393939393939 10.06060606060606 10.18181818181818 10.3030303030303 10.42424242424242 10.54545454545454 10.66666666666667 10.78787878787879 10.90909090909091 11.03030303030303 11.15151515151515 11.27272727272727 11.39393939393939 11.51515151515152 11.63636363636364 11.75757575757576 11.87878787878788 12 12.12121212121212 12.24242424242424 12.36363636363636 12.48484848484848 12.60606060606061 12.72727272727273 12.84848484848485 12.96969696969697 13.09090909090909 13.21212121212121 13.33333333333333 13.45454545454545 13.57575757575758 13.6969696969697 13.81818181818182 13.93939393939394 14.06060606060606 14.18181818181818 14.3030303030303 14.42424242424242 14.54545454545454 14.66666666666667 14.78787878787879 14.90909090909091 15.03030303030303 15.15151515151515 15.27272727272727 15.39393939393939 15.51515151515152 15.63636363636364 15.75757575757576 15.87878787878788 16 16.12121212121212 16.24242424242424 16.36363636363636 16.48484848484848 16.60606060606061 16.72727272727273 16.84848484848485 16.96969696969697 17.09090909090909 17.21212121212121 17.33333333333334 17.45454545454545 17.57575757575757 17.6969696969697 17.81818181818182 17.93939393939394 18.06060606060606 18.18181818181818 18.3030303030303 18.42424242424242 18.54545454545454 18.66666666666667 18.78787878787879 18.90909090909091 19.03030303030303 19.15151515151515 19.27272727272727 19.39393939393939 19.51515151515152 19.63636363636364 19.75757575757576 19.87878787878788 20


# name: y
# type: matrix
# rows: 100
# columns: 1
 326292.6933088775
 325351.9963296698
 324411.2993504622
 323470.6023712545
 322529.9053920468
 321589.208412839
 320648.5114336314
 319707.8144544237
 318767.1174752159
 317826.4204960082
 316885.7235168006
 315945.0265375929
 315004.3295583851
 314063.6325791774
 313122.9355999698
 312182.2386207621
 311241.5416415543
 310300.8446623466
 309360.147683139
 308419.4507039313
 307478.7537247235
 306538.0567455158
 305597.3597663082
 304656.6627871004
 303715.9658078927
 302775.268828685
 301834.5718494774
 300893.8748702696
 299953.1778910619
 299012.4809118542
 298071.7839326466
 297131.0869534388
 296190.3899742311
 295249.6929950234
 294308.9960158158
 293368.299036608
 292427.6020574003
 291486.9050781926
 290546.208098985
 289605.5111197772
 288664.8141405695
 287724.1171613618
 286783.4201821542
 285842.7232029464
 284902.0262237387
 283961.3292445311
 283020.6322653234
 282079.9352861156
 281139.2383069079
 280198.5413277003
 279257.8443484926
 278317.1473692848
 277376.4503900771
 276435.7534108695
 275495.0564316618
 274554.359452454
 273613.6624732463
 272672.9654940387
 271732.2685148309
 270791.5715356232
 269850.8745564155
 268910.1775772079
 267969.4805980001
 267028.7836187924
 266088.0866395847
 265147.3896603771
 264206.6926811693
 263265.9957019616
 262325.2987227539
 261384.6017435462
 260443.9047643385
 259503.2077851308
 258562.5108059231
 257621.8138267154
 256681.1168475077
 255740.4198683
 254799.7228890923
 253859.0259098846
 252918.3289306769
 251977.6319514692
 251036.9349722615
 250096.2379930538
 249155.5410138461
 248214.8440346384
 247274.1470554307
 246333.450076223
 245392.7530970153
 244452.0561178076
 243511.3591385999
 242570.6621593922
 241629.9651801845
 240689.2682009768
 239748.5712217691
 238807.8742425614
 237867.1772633537
 236926.480284146
 235985.7833049383
 235045.0863257306
 234104.3893465229
 233163.6923673152


# name: QUERY
# type: sq_string
# elements: 1
# length: 2
Q2


# name: DATASIZE
# type: sq_string
# elements: 1
# length: 2
50


