# Created by Octave 3.8.2, Mon May 23 09:48:12 2016 CEST <Andrea@Andreas-MacBook-Pro.local>
# name: x
# type: matrix
# rows: 1
# columns: 100
 8 8.121212121212121 8.242424242424242 8.363636363636363 8.484848484848484 8.606060606060606 8.727272727272727 8.848484848484848 8.969696969696971 9.09090909090909 9.212121212121211 9.333333333333332 9.454545454545455 9.575757575757574 9.696969696969697 9.818181818181818 9.939393939393939 10.06060606060606 10.18181818181818 10.3030303030303 10.42424242424242 10.54545454545454 10.66666666666667 10.78787878787879 10.90909090909091 11.03030303030303 11.15151515151515 11.27272727272727 11.39393939393939 11.51515151515152 11.63636363636364 11.75757575757576 11.87878787878788 12 12.12121212121212 12.24242424242424 12.36363636363636 12.48484848484848 12.60606060606061 12.72727272727273 12.84848484848485 12.96969696969697 13.09090909090909 13.21212121212121 13.33333333333333 13.45454545454545 13.57575757575758 13.6969696969697 13.81818181818182 13.93939393939394 14.06060606060606 14.18181818181818 14.3030303030303 14.42424242424242 14.54545454545454 14.66666666666667 14.78787878787879 14.90909090909091 15.03030303030303 15.15151515151515 15.27272727272727 15.39393939393939 15.51515151515152 15.63636363636364 15.75757575757576 15.87878787878788 16 16.12121212121212 16.24242424242424 16.36363636363636 16.48484848484848 16.60606060606061 16.72727272727273 16.84848484848485 16.96969696969697 17.09090909090909 17.21212121212121 17.33333333333334 17.45454545454545 17.57575757575757 17.6969696969697 17.81818181818182 17.93939393939394 18.06060606060606 18.18181818181818 18.3030303030303 18.42424242424242 18.54545454545454 18.66666666666667 18.78787878787879 18.90909090909091 19.03030303030303 19.15151515151515 19.27272727272727 19.39393939393939 19.51515151515152 19.63636363636364 19.75757575757576 19.87878787878788 20


# name: y
# type: matrix
# rows: 1
# columns: 100
 334501.7997754492 333424.7672042279 332347.7346330067 331270.7020617856 330193.6694905644 329116.6369193431 328039.604348122 326962.5717769008 325885.5392056796 324808.5066344584 323731.4740632372 322654.441492016 321577.4089207948 320500.3763495736 319423.3437783524 318346.3112071312 317269.27863591 316192.2460646888 315115.2134934677 314038.1809222464 312961.1483510252 311884.1157798041 310807.0832085828 309730.0506373617 308653.0180661405 307575.9854949193 306498.9529236981 305421.9203524769 304344.8877812557 303267.8552100345 302190.8226388133 301113.7900675921 300036.7574963709 298959.7249251497 297882.6923539285 296805.6597827073 295728.6272114861 294651.5946402649 293574.5620690437 292497.5294978225 291420.4969266013 290343.4643553802 289266.431784159 288189.3992129377 287112.3666417166 286035.3340704954 284958.3014992742 283881.268928053 282804.2363568318 281727.2037856106 280650.1712143894 279573.1386431682 278496.106071947 277419.0735007258 276342.0409295046 275265.0083582834 274187.9757870623 273110.943215841 272033.9106446198 270956.8780733987 269879.8455021775 268802.8129309563 267725.7803597351 266648.7477885139 265571.7152172927 264494.6826460715 263417.6500748503 262340.6175036291 261263.5849324079 260186.5523611867 259109.5197899655 258032.4872187443 256955.4546475231 255878.4220763019 254801.3895050807 253724.3569338596 252647.3243626383 251570.2917914171 250493.259220196 249416.2266489748 248339.1940777536 247262.1615065324 246185.1289353112 245108.09636409 244031.0637928688 242954.0312216476 241876.9986504264 240799.9660792052 239722.933507984 238645.9009367628 237568.8683655416 236491.8357943204 235414.8032230992 234337.770651878 233260.7380806569 232183.7055094356 231106.6729382144 230029.6403669933 228952.6077957721 227875.5752245509


# name: QUERY
# type: sq_string
# elements: 1
# length: 2
Q2


# name: DATASIZE
# type: sq_string
# elements: 1
# length: 2
50


