# Created by Octave 3.8.2, Mon May 23 09:48:12 2016 CEST <Andrea@Andreas-MacBook-Pro.local>
# name: SVs
# type: cell
# rows: 1
# columns: 7
# name: <cell-element>
# type: sparse matrix
# nnz: 23
# rows: 23
# columns: 1
1 1 0.4444097208657794
2 1 -1.333229162597338
3 1 0.4444097208657794
4 1 -1.333229162597338
5 1 0.4444097208657794
6 1 0.4444097208657794
7 1 1.333229162597338
8 1 1.333229162597338
9 1 1.333229162597338
10 1 -1.333229162597338
11 1 -1.333229162597338
12 1 0.4444097208657794
13 1 0.4444097208657794
14 1 -1.333229162597338
15 1 -1.333229162597338
16 1 0.4444097208657794
17 1 -0.4444097208657794
18 1 -1.333229162597338
19 1 1.333229162597338
20 1 0.4444097208657794
21 1 0.4444097208657794
22 1 0.4444097208657794
23 1 0.4444097208657794



# name: <cell-element>
# type: sparse matrix
# nnz: 0
# rows: 0
# columns: 1



# name: <cell-element>
# type: sparse matrix
# nnz: 42
# rows: 42
# columns: 1
1 1 -1.333229162597338
2 1 0.4444097208657794
3 1 -1.333229162597338
4 1 -1.333229162597338
5 1 0.4444097208657794
6 1 -0.4444097208657794
7 1 -1.333229162597338
8 1 0.4444097208657794
9 1 -0.4444097208657794
10 1 0.4444097208657794
11 1 1.333229162597338
12 1 1.333229162597338
13 1 1.333229162597338
14 1 0.4444097208657794
15 1 -0.4444097208657794
16 1 1.333229162597338
17 1 -1.333229162597338
18 1 1.333229162597338
19 1 -1.333229162597338
20 1 1.333229162597338
21 1 0.4444097208657794
22 1 0.4444097208657794
23 1 -0.4444097208657794
24 1 -1.333229162597338
25 1 -0.4444097208657794
26 1 -1.333229162597338
27 1 -1.333229162597338
28 1 -0.4444097208657794
29 1 0.4444097208657794
30 1 -0.4444097208657794
31 1 -1.333229162597338
32 1 1.333229162597338
33 1 -0.4444097208657794
34 1 0.4444097208657794
35 1 -0.4444097208657794
36 1 0.4444097208657794
37 1 0.4444097208657794
38 1 -1.333229162597338
39 1 0.4444097208657794
40 1 -1.333229162597338
41 1 0.4444097208657794
42 1 0.4444097208657794



# name: <cell-element>
# type: sparse matrix
# nnz: 0
# rows: 0
# columns: 1



# name: <cell-element>
# type: sparse matrix
# nnz: 0
# rows: 0
# columns: 1



# name: <cell-element>
# type: sparse matrix
# nnz: 33
# rows: 33
# columns: 1
1 1 0.4444097208657794
2 1 -1.333229162597338
3 1 -1.333229162597338
4 1 0.4444097208657794
5 1 0.4444097208657794
6 1 1.333229162597338
7 1 -0.4444097208657794
8 1 1.333229162597338
9 1 1.333229162597338
10 1 0.4444097208657794
11 1 -0.4444097208657794
12 1 1.333229162597338
13 1 -1.333229162597338
14 1 -1.333229162597338
15 1 1.333229162597338
16 1 1.333229162597338
17 1 0.4444097208657794
18 1 -0.4444097208657794
19 1 -1.333229162597338
20 1 -1.333229162597338
21 1 -0.4444097208657794
22 1 -0.4444097208657794
23 1 -1.333229162597338
24 1 1.333229162597338
25 1 -0.4444097208657794
26 1 1.333229162597338
27 1 0.4444097208657794
28 1 0.4444097208657794
29 1 0.4444097208657794
30 1 -1.333229162597338
31 1 -1.333229162597338
32 1 0.4444097208657794
33 1 0.4444097208657794



# name: <cell-element>
# type: scalar
0





# name: coefficients
# type: cell
# rows: 1
# columns: 7
# name: <cell-element>
# type: matrix
# rows: 23
# columns: 1
 -0.1
 0.1
 -0.1
 0.07789090099219316
 -0.1
 -0.1
 0.02210909900780684
 0.1
 0.1
 0.1
 0.1
 -0.1
 -0.1
 0.1
 0.1
 -0.1
 -0.1
 0.1
 0.1
 -0.1
 0.1
 -0.1
 -0.1



# name: <cell-element>
# type: matrix
# rows: 0
# columns: 1



# name: <cell-element>
# type: matrix
# rows: 42
# columns: 1
 0.373636034780116
 -2.4211
 2.4211
 -2.4211
 -2.4211
 2.4211
 2.4211
 -2.4211
 2.4211
 -2.4211
 2.4211
 2.4211
 2.4211
 -2.4211
 2.4211
 -0.3736360347801206
 2.4211
 2.4211
 2.4211
 -2.4211
 -2.4211
 -2.4211
 2.4211
 -2.4211
 2.4211
 2.4211
 2.4211
 2.4211
 -2.4211
 -2.4211
 2.4211
 2.4211
 2.4211
 -2.4211
 2.4211
 -2.4211
 -2.4211
 -2.4211
 -2.4211
 -2.4211
 -2.4211
 -2.4211



# name: <cell-element>
# type: matrix
# rows: 0
# columns: 1



# name: <cell-element>
# type: matrix
# rows: 0
# columns: 1



# name: <cell-element>
# type: matrix
# rows: 33
# columns: 1
 -2.9368
 2.9368
 -2.9368
 -2.9368
 -2.9368
 2.287916957892691
 -2.935095910325152
 2.9368
 2.9368
 2.276612944595252
 2.9368
 -2.9368
 2.9368
 2.9368
 -2.9368
 -2.9368
 -2.9368
 2.9368
 -2.9368
 1.307366007837208
 2.9368
 -2.9368
 2.9368
 2.9368
 -2.9368
 -2.9368
 2.9368
 2.9368
 2.9368
 -2.9368
 -2.9368
 2.9368
 -2.9368



# name: <cell-element>
# type: scalar
0





# name: b
# type: cell
# rows: 1
# columns: 7
# name: <cell-element>
# type: scalar
-0.03470228225531849



# name: <cell-element>
# type: scalar
0.1309166500476403



# name: <cell-element>
# type: scalar
0.1133100186631236



# name: <cell-element>
# type: scalar
0.1309166500476403



# name: <cell-element>
# type: scalar
0.1309166500476403



# name: <cell-element>
# type: scalar
0.06429517561584389



# name: <cell-element>
# type: scalar
0





# name: models
# type: cell
# rows: 1
# columns: 7
# name: <cell-element>
# type: scalar struct
# ndims: 2
 1 1
# length: 11
# name: Parameters
# type: matrix
# rows: 5
# columns: 1
 3
 0
 3
 1
 0


# name: nr_class
# type: scalar
2


# name: totalSV
# type: scalar
23


# name: rho
# type: scalar
0.03470228225531849


# name: Label
# type: matrix
# rows: 0
# columns: 0


# name: sv_indices
# type: matrix
# rows: 23
# columns: 1
 2
 3
 5
 7
 8
 10
 11
 13
 14
 18
 20
 22
 24
 28
 29
 31
 32
 33
 34
 41
 42
 45
 48


# name: ProbA
# type: matrix
# rows: 0
# columns: 0


# name: ProbB
# type: matrix
# rows: 0
# columns: 0


# name: nSV
# type: matrix
# rows: 0
# columns: 0


# name: sv_coef
# type: matrix
# rows: 23
# columns: 1
 -0.1
 0.1
 -0.1
 0.07789090099219316
 -0.1
 -0.1
 0.02210909900780684
 0.1
 0.1
 0.1
 0.1
 -0.1
 -0.1
 0.1
 0.1
 -0.1
 -0.1
 0.1
 0.1
 -0.1
 0.1
 -0.1
 -0.1


# name: SVs
# type: sparse matrix
# nnz: 23
# rows: 23
# columns: 1
1 1 0.4444097208657794
2 1 -1.333229162597338
3 1 0.4444097208657794
4 1 -1.333229162597338
5 1 0.4444097208657794
6 1 0.4444097208657794
7 1 1.333229162597338
8 1 1.333229162597338
9 1 1.333229162597338
10 1 -1.333229162597338
11 1 -1.333229162597338
12 1 0.4444097208657794
13 1 0.4444097208657794
14 1 -1.333229162597338
15 1 -1.333229162597338
16 1 0.4444097208657794
17 1 -0.4444097208657794
18 1 -1.333229162597338
19 1 1.333229162597338
20 1 0.4444097208657794
21 1 0.4444097208657794
22 1 0.4444097208657794
23 1 0.4444097208657794





# name: <cell-element>
# type: scalar struct
# ndims: 2
 1 1
# length: 11
# name: Parameters
# type: matrix
# rows: 5
# columns: 1
 3
 1
 2
 1
 0


# name: nr_class
# type: scalar
2


# name: totalSV
# type: scalar
0


# name: rho
# type: scalar
-0.1309166500476403


# name: Label
# type: matrix
# rows: 0
# columns: 0


# name: sv_indices
# type: matrix
# rows: 0
# columns: 1


# name: ProbA
# type: matrix
# rows: 0
# columns: 0


# name: ProbB
# type: matrix
# rows: 0
# columns: 0


# name: nSV
# type: matrix
# rows: 0
# columns: 0


# name: sv_coef
# type: matrix
# rows: 0
# columns: 1


# name: SVs
# type: sparse matrix
# nnz: 0
# rows: 0
# columns: 1





# name: <cell-element>
# type: scalar struct
# ndims: 2
 1 1
# length: 11
# name: Parameters
# type: matrix
# rows: 5
# columns: 1
 3
 1
 3
 1
 0


# name: nr_class
# type: scalar
2


# name: totalSV
# type: scalar
42


# name: rho
# type: scalar
-0.1133100186631236


# name: Label
# type: matrix
# rows: 0
# columns: 0


# name: sv_indices
# type: matrix
# rows: 42
# columns: 1
 1
 2
 3
 4
 5
 6
 7
 8
 9
 10
 11
 13
 14
 15
 16
 17
 18
 19
 20
 21
 22
 24
 25
 26
 27
 28
 29
 30
 31
 32
 33
 34
 38
 39
 40
 41
 43
 44
 45
 46
 47
 48


# name: ProbA
# type: matrix
# rows: 0
# columns: 0


# name: ProbB
# type: matrix
# rows: 0
# columns: 0


# name: nSV
# type: matrix
# rows: 0
# columns: 0


