# Created by Octave 3.8.2, Mon May 23 09:48:12 2016 CEST <Andrea@Andreas-MacBook-Pro.local>
# name: x
# type: matrix
# rows: 1
# columns: 100
 8 8.121212121212121 8.242424242424242 8.363636363636363 8.484848484848484 8.606060606060606 8.727272727272727 8.848484848484848 8.969696969696971 9.09090909090909 9.212121212121211 9.333333333333332 9.454545454545455 9.575757575757574 9.696969696969697 9.818181818181818 9.939393939393939 10.06060606060606 10.18181818181818 10.3030303030303 10.42424242424242 10.54545454545454 10.66666666666667 10.78787878787879 10.90909090909091 11.03030303030303 11.15151515151515 11.27272727272727 11.39393939393939 11.51515151515152 11.63636363636364 11.75757575757576 11.87878787878788 12 12.12121212121212 12.24242424242424 12.36363636363636 12.48484848484848 12.60606060606061 12.72727272727273 12.84848484848485 12.96969696969697 13.09090909090909 13.21212121212121 13.33333333333333 13.45454545454545 13.57575757575758 13.6969696969697 13.81818181818182 13.93939393939394 14.06060606060606 14.18181818181818 14.3030303030303 14.42424242424242 14.54545454545454 14.66666666666667 14.78787878787879 14.90909090909091 15.03030303030303 15.15151515151515 15.27272727272727 15.39393939393939 15.51515151515152 15.63636363636364 15.75757575757576 15.87878787878788 16 16.12121212121212 16.24242424242424 16.36363636363636 16.48484848484848 16.60606060606061 16.72727272727273 16.84848484848485 16.96969696969697 17.09090909090909 17.21212121212121 17.33333333333334 17.45454545454545 17.57575757575757 17.6969696969697 17.81818181818182 17.93939393939394 18.06060606060606 18.18181818181818 18.3030303030303 18.42424242424242 18.54545454545454 18.66666666666667 18.78787878787879 18.90909090909091 19.03030303030303 19.15151515151515 19.27272727272727 19.39393939393939 19.51515151515152 19.63636363636364 19.75757575757576 19.87878787878788 20


# name: y
# type: matrix
# rows: 100
# columns: 1
 335415.4275615006
 332478.1241801102
 329659.4832474749
 326957.058115164
 324368.4021347512
 321891.0686578086
 319522.6110359076
 317260.5826206215
 315102.5367635209
 313046.0268161786
 311088.6061301664
 309227.8280570569
 307461.2459484221
 305786.4131558334
 304200.8830308638
 302702.208925085
 301287.9441900687
 299955.6421773875
 298702.8562386135
 297527.1397253184
 296426.0459890748
 295397.1283814545
 294437.9402540295
 293546.0349583721
 292718.9658460541
 291954.286268648
 291249.5495777257
 290602.3091248592
 290010.1182616206
 289470.5303395821
 288981.0987103157
 288539.3767253936
 288142.9177363878
 287789.2750948704
 287476.0021524135
 287200.6522605892
 286960.7787709696
 286753.9350351267
 286577.6744046328
 286429.5502310598
 286307.1158659798
 286207.924660965
 286129.5299675874
 286069.4851374191
 286025.3435220323
 285994.6584729989
 285974.9833418911
 285963.871480281
 285958.8762397407
 285957.5509718423
 285957.4490281577
 285956.1237602593
 285951.128519719
 285940.0166581089
 285920.3415270011
 285889.6564779677
 285845.5148625809
 285785.4700324126
 285707.075339035
 285607.8841340202
 285485.4497689402
 285337.3255953672
 285161.0649648733
 284954.2212290304
 284714.3477394108
 284438.9978475865
 284125.7249051296
 283772.0822636122
 283375.6232746064
 282933.9012896842
 282444.4696604179
 281904.8817383794
 281312.6908751408
 280665.4504222743
 279960.713731352
 279196.0341539458
 278368.9650416279
 277477.0597459706
 276517.8716185455
 275488.9540109252
 274387.8602746814
 273212.1437613865
 271959.3578226126
 270627.0558099314
 269212.7910749149
 267714.1169691362
 266128.5868441666
 264453.7540515778
 262687.1719429431
 260826.3938698337
 258868.9731838213
 256812.4632364793
 254654.4173793785
 252392.3889640921
 250023.9313421914
 247546.5978652488
 244957.941884836
 242255.5167525254
 239436.8758198902
 236499.5724384994


# name: QUERY
# type: sq_string
# elements: 1
# length: 2
Q2


# name: DATASIZE
# type: sq_string
# elements: 1
# length: 2
50


