# Created by Octave 3.8.2, Wed May 18 21:14:36 2016 CEST <Andrea@Andreas-MacBook-Pro.local>
# name: SVs
# type: cell
# rows: 1
# columns: 7
# name: <cell-element>
# type: sparse matrix
# nnz: 228
# rows: 12
# columns: 30
1 2 1.221629584986168
2 2 -0.1428176270675074
3 2 -0.7918859886723243
4 2 0.3092553406721638
5 2 0.516576455427866
6 2 -1.071809828439751
7 2 0.4213862159680494
8 2 -0.7000838763797216
9 2 -0.5482635114107599
10 2 0.1272645099761077
11 2 -1.072777864773241
12 2 0.186314726318977
1 3 1.847980263954195
2 3 -0.3690860429859857
3 3 -0.7157584971797315
4 3 -0.2292359859709322
5 3 -0.290571375659876
6 3 -0.7007266292472114
7 3 0.6364385512143796
8 3 -0.6924054166417092
9 3 0.4072025652434475
10 3 -0.4341793996580595
11 3 -0.6799235977334558
12 3 1.181477976874775
1 4 -0.6964519489674389
2 4 -0.6964519489674389
3 4 -0.6964519489674389
4 4 -0.6964519489674389
5 4 -0.6964519489674389
6 4 2.517941661651508
7 4 -0.6964519489674389
8 4 1.446477124778526
9 4 -0.6964519489674389
10 4 0.3750125879055435
11 4 -0.6964519489674389
12 4 1.446477124778526
1 5 0.497314765899203
2 5 2.891974481950741
3 5 -0.5790938630323116
4 5 1.355645802475761
5 5 0.4861312996245898
6 5 -0.6643677933762367
7 5 0.1100872461407231
8 5 0.4945188993305497
9 5 -0.2715485404804502
10 5 -0.2925175397453499
11 5 -0.8167425213678408
12 5 0.7796972893331847
1 6 0.7465204542396024
2 6 0.9553673741322626
3 6 -0.9192483006576758
4 6 0.89886426909281
5 6 1.933085660068106
6 6 -1.08661192824289
7 6 0.9067317900476705
8 6 1.15134016882606
9 6 -0.744732381295316
10 6 -0.1539530805030653
11 6 -1.040837260869156
12 6 1.556159883412517
1 7 0.01145803872320298
2 7 2.042315089055394
3 7 0.288592657561047
4 7 0.3326043763950323
5 7 -0.408848521917654
6 7 -0.244795107675159
7 7 -0.7145746953264811
8 7 -0.8922278377731516
9 7 1.323135761344823
10 7 -1.290260827811894
11 7 0.7986360074546526
12 7 -0.5744011187968298
1 8 -0.1848955049185026
2 8 1.932087997489671
3 8 0.3234376280913265
4 8 0.09627535993369764
5 8 -0.3713834480343939
6 8 0.7834220351081468
7 8 -1.064189993910406
8 8 -0.629051459973326
9 8 0.8896165582713627
10 8 -1.354953859951695
11 8 0.3188329875205638
12 8 -0.1762618038483225
1 9 -0.3248927920618458
2 9 -0.3248927920618458
3 9 -0.3248927920618458
4 9 -0.3248927920618458
5 9 -0.3248927920618458
6 9 2.92857715049093
7 9 -0.3248927920618458
8 9 2.919493106622294
9 9 -0.3248927920618458
10 9 -0.3248927920618458
11 9 -0.3248927920618458
12 9 -0.3248927920618458
1 10 -0.3248927923408542
2 10 -0.3248927923408542
3 10 -0.3248927923408542
4 10 -0.3248927923408542
5 10 -0.3248927923408542
6 10 2.928575356462455
7 10 -0.3248927923408542
8 10 2.91949490567292
9 10 -0.3248927923408542
10 10 -0.3248927923408542
11 10 -0.3248927923408542
12 10 -0.3248927923408542
1 12 -0.303148555059842
2 12 1.855317323568823
3 12 0.003913536460553929
4 12 -0.4867837274396866
5 12 1.629536373921473
6 12 -1.097897497818514
7 12 -1.332709685451757
8 12 0.813714542529049
9 12 0.3982775951779251
10 12 0.5698711169099111
11 12 -1.377865875381228
12 12 -1.486240731211955
1 13 -0.303148555059842
2 13 1.855317323568823
3 13 0.003913536460553929
4 13 -0.4867837274396866
5 13 1.629536373921473
6 13 -1.097897497818514
7 13 -1.332709685451757
8 13 0.813714542529049
9 13 0.3982775951779251
10 13 0.5698711169099111
11 13 -1.377865875381228
12 13 -1.486240731211955
1 14 -0.6770510041010503
2 14 -0.7820346846483542
3 14 0.8600225616263515
4 14 -0.8433376552536549
5 14 -0.2417436715459793
6 14 0.8917051366486628
7 14 -0.9155139356299263
8 14 1.569599759611254
9 14 -1.205906294858094
10 14 0.6157480334957496
11 14 -1.048430774037138
12 14 2.039964142634799
1 15 -0.6770510041010503
2 15 -0.7820346846483542
3 15 0.8600225616263515
4 15 -0.8433376552536549
5 15 -0.2417436715459793
6 15 0.8917051366486628
7 15 -0.9155139356299263
8 15 1.569599759611254
9 15 -1.205906294858094
10 15 0.6157480334957496
11 15 -1.048430774037138
12 15 2.039964142634799
1 19 1.382571830947266
2 19 0.616263783870599
3 19 -1.420471525237664
4 19 0.5572449489490464
5 19 0.4036086167723063
6 19 -1.41034230059339
7 19 -0.4292712708855172
8 19 0.2962271254567035
9 19 -1.007632432944145
10 19 -1.722181898601514
11 19 -1.224503231108263
12 19 -0.1551381507439405
1 20 1.382571830947266
2 20 0.616263783870599
3 20 -1.420471525237664
4 20 0.5572449489490464
5 20 0.4036086167723063
6 20 -1.41034230059339
7 20 -0.4292712708855172
8 20 0.2962271254567035
9 20 -1.007632432944145
10 20 -1.722181898601514
11 20 -1.224503231108263
12 20 -0.1551381507439405
1 22 -0.1528578546441315
2 22 -0.7751276052125403
3 22 -0.8657584847998311
4 22 1.896147495200494
5 22 0.2834784419256085
6 22 0.5525680637930285
7 22 2.074606237480623
8 22 -1.453457693669995
9 22 0.3899930839147956
10 22 -0.7760619441773577
11 22 -0.1173529739810692
12 22 -0.4256848323708213
1 23 -0.1528578546441315
2 23 -0.7751276052125403
3 23 -0.8657584847998311
4 23 1.896147495200494
5 23 0.2834784419256085
6 23 0.5525680637930285
7 23 2.074606237480623
8 23 -1.453457693669995
9 23 0.3899930839147956
10 23 -0.7760619441773577
11 23 -0.1173529739810692
12 23 -0.4256848323708213
1 24 -0.07229395263550306
2 24 -0.6691393755565167
3 24 -0.5657422107406228
4 24 1.577016920281439
5 24 0.1971271150351799
6 24 1.017579414712517
7 24 2.142338817343948
8 24 -1.137368812974833
9 24 -0.3034664755978675
10 24 -0.8313804553082852
11 24 -0.582134444187045
12 24 1.814073834737391
1 25 -0.07229395263550306
2 25 -0.6691393755565167
3 25 -0.5657422107406228
4 25 1.577016920281439
5 25 0.1971271150351799
6 25 1.017579414712517
7 25 2.142338817343948
8 25 -1.137368812974833
9 25 -0.3034664755978675
10 25 -0.8313804553082852
11 25 -0.582134444187045
12 25 1.814073834737391



# name: <cell-element>
# type: sparse matrix
# nnz: 38
# rows: 2
# columns: 30
1 2 -0.1428176270675074
2 2 -1.072777864773241
1 3 -0.3690860429859857
2 3 -0.6799235977334558
1 4 -0.6964519489674389
2 4 -0.6964519489674389
1 5 2.891974481950741
2 5 -0.8167425213678408
1 6 0.9553673741322626
2 6 -1.040837260869156
1 7 2.042315089055394
2 7 0.7986360074546526
1 8 1.932087997489671
2 8 0.3188329875205638
1 9 -0.3248927920618458
2 9 -0.3248927920618458
1 10 -0.3248927923408542
2 10 -0.3248927923408542
1 12 1.855317323568823
2 12 -1.377865875381228
1 13 1.855317323568823
2 13 -1.377865875381228
1 14 -0.7820346846483542
2 14 -1.048430774037138
1 15 -0.7820346846483542
2 15 -1.048430774037138
1 19 0.616263783870599
2 19 -1.224503231108263
1 20 0.616263783870599
2 20 -1.224503231108263
1 22 -0.7751276052125403
2 22 -0.1173529739810692
1 23 -0.7751276052125403
2 23 -0.1173529739810692
1 24 -0.6691393755565167
2 24 -0.582134444187045
1 25 -0.6691393755565167
2 25 -0.582134444187045



