# Created by Octave 3.8.2, Wed May 18 21:14:23 2016 CEST <Andrea@Andreas-MacBook-Pro.local>
# name: mu
# type: matrix
# rows: 1
# columns: 31
 180363.4 89 33643.2 85709 6.65 1940.25 3362.25 27220 33106.4 193100.45 495138 1 706.7 706.7 8330.5 8330.5 5311 5311 1 52258.65 52258.65 1 2109.6 2109.6 4138 4138 148443 148443 1 30 20


# name: sigma
# type: matrix
# rows: 1
# columns: 31
 14338.35650275163 0 6198.114463710973 7450.83714830262 0.9333020044867297 715.3417199603205 1398.153250955665 9338.421922359259 10424.2664030667 185930.4098950308 1115583.381793674 0 332.1803726892966 332.1803726892966 5334.16238676899 5334.16238676899 0 0 0 17079.29343810033 17079.29343810033 0 1070.275390040487 1070.275390040487 2379.175487432568 2379.175487432568 0 0 0 0 0


