# Created by Octave 3.8.2, Mon May 23 11:22:10 2016 CEST <Andrea@Andreas-MacBook-Pro.local>
# name: x
# type: matrix
# rows: 1
# columns: 100
 60 60.60606060606061 61.2121212121212 61.81818181818181 62.42424242424242 63.03030303030303 63.63636363636363 64.24242424242425 64.84848484848484 65.45454545454545 66.06060606060606 66.66666666666666 67.27272727272728 67.87878787878788 68.48484848484848 69.09090909090909 69.69696969696969 70.3030303030303 70.90909090909091 71.51515151515152 72.12121212121212 72.72727272727272 73.33333333333333 73.93939393939394 74.54545454545455 75.15151515151516 75.75757575757575 76.36363636363636 76.96969696969697 77.57575757575758 78.18181818181819 78.78787878787878 79.39393939393939 80 80.60606060606061 81.2121212121212 81.81818181818181 82.42424242424242 83.03030303030303 83.63636363636364 84.24242424242424 84.84848484848484 85.45454545454545 86.06060606060606 86.66666666666667 87.27272727272727 87.87878787878788 88.48484848484848 89.09090909090908 89.69696969696969 90.3030303030303 90.90909090909091 91.51515151515152 92.12121212121212 92.72727272727272 93.33333333333333 93.93939393939394 94.54545454545455 95.15151515151516 95.75757575757575 96.36363636363636 96.96969696969697 97.57575757575758 98.18181818181817 98.78787878787878 99.39393939393939 100 100.6060606060606 101.2121212121212 101.8181818181818 102.4242424242424 103.030303030303 103.6363636363636 104.2424242424242 104.8484848484848 105.4545454545454 106.0606060606061 106.6666666666667 107.2727272727273 107.8787878787879 108.4848484848485 109.0909090909091 109.6969696969697 110.3030303030303 110.9090909090909 111.5151515151515 112.1212121212121 112.7272727272727 113.3333333333333 113.9393939393939 114.5454545454545 115.1515151515151 115.7575757575758 116.3636363636364 116.969696969697 117.5757575757576 118.1818181818182 118.7878787878788 119.3939393939394 120


# name: y
# type: matrix
# rows: 100
# columns: 1
 1135090.020602925
 1133000.816399348
 1130867.903839183
 1128692.147827195
 1126474.45370514
 1124215.766663575
 1121917.071103488
 1119579.389948321
 1117203.783907016
 1114791.350688819
 1112343.224170641
 1109860.573517858
 1107344.60225949
 1104796.547318809
 1102217.678000455
 1099609.294935247
 1096972.728983927
 1094309.340101131
 1091620.516160989
 1088907.671745763
 1086172.24689903
 1083415.705844979
 1080639.53567541
 1077845.245006118
 1075034.362604366
 1072208.435989221
 1069369.030006548
 1066517.725380519
 1063656.117243518
 1060785.813646373
 1057908.434050862
 1055025.60780648
 1052138.97261347
 1049250.172974158
 1046360.858634631
 1043472.683018832
 1040587.301657133
 1037706.370611484
 1034831.544899221
 1031964.476917608
 1029106.814871226
 1026260.201204263
 1023426.271039784
 1020606.650628048
 1017802.955805887
 1015016.790469203
 1012249.745060534
 1009503.39507371
 1006779.29957749
 1004078.999760125
 1001404.017496698
 998755.8539410698
 996135.9881442392
 993545.8757008377
 990986.9474254728
 988460.6080605576
 985968.2350172215
 983511.1771508398
 981090.7535726608
 978708.252498952
 976364.9301390207
 974062.0096234051
 971800.6799734622
 969582.0951135136
 967407.3729266394
 965277.5943551429
 963193.8025466334
 961157.0020466035
 959168.1580383038
 957228.1956306403
 955337.9991947493
 953498.4117498228
 951710.2343986838
 949974.225813536
 948291.10177223
 946661.5347453172
 945086.1535340808
 943565.5429596605
 942100.2436033082
 940690.7515977391
 939337.5184694658
 938040.9510319293
 936801.4113291698
 935619.2166297014
 934494.639470197
 933427.9077485004
 932419.2048654375
 931468.6699148105
 930576.3979209084
 929742.4401227988
 928966.8043046009
 928249.4551708887
 927590.3147663048
 926989.2629384217
 926446.1378428235
 925960.7364893358
 925532.8153282828
 925162.0908756
 924848.2403755924
 924590.9025000819


# name: TRAIN_QUERIES
# type: cell
# rows: 1
# columns: 1
# name: <cell-element>
# type: sq_string
# elements: 1
# length: 2
R3





# name: TEST_QUERIES
# type: cell
# rows: 1
# columns: 1
# name: <cell-element>
# type: sq_string
# elements: 1
# length: 2
R4





# name: DATASIZE
# type: sq_string
# elements: 1
# length: 4
1000


