# Created by Octave 3.8.2, Mon May 23 11:22:09 2016 CEST <Andrea@Andreas-MacBook-Pro.local>
# name: x
# type: matrix
# rows: 1
# columns: 100
 60 60.60606060606061 61.2121212121212 61.81818181818181 62.42424242424242 63.03030303030303 63.63636363636363 64.24242424242425 64.84848484848484 65.45454545454545 66.06060606060606 66.66666666666666 67.27272727272728 67.87878787878788 68.48484848484848 69.09090909090909 69.69696969696969 70.3030303030303 70.90909090909091 71.51515151515152 72.12121212121212 72.72727272727272 73.33333333333333 73.93939393939394 74.54545454545455 75.15151515151516 75.75757575757575 76.36363636363636 76.96969696969697 77.57575757575758 78.18181818181819 78.78787878787878 79.39393939393939 80 80.60606060606061 81.2121212121212 81.81818181818181 82.42424242424242 83.03030303030303 83.63636363636364 84.24242424242424 84.84848484848484 85.45454545454545 86.06060606060606 86.66666666666667 87.27272727272727 87.87878787878788 88.48484848484848 89.09090909090908 89.69696969696969 90.3030303030303 90.90909090909091 91.51515151515152 92.12121212121212 92.72727272727272 93.33333333333333 93.93939393939394 94.54545454545455 95.15151515151516 95.75757575757575 96.36363636363636 96.96969696969697 97.57575757575758 98.18181818181817 98.78787878787878 99.39393939393939 100 100.6060606060606 101.2121212121212 101.8181818181818 102.4242424242424 103.030303030303 103.6363636363636 104.2424242424242 104.8484848484848 105.4545454545454 106.0606060606061 106.6666666666667 107.2727272727273 107.8787878787879 108.4848484848485 109.0909090909091 109.6969696969697 110.3030303030303 110.9090909090909 111.5151515151515 112.1212121212121 112.7272727272727 113.3333333333333 113.9393939393939 114.5454545454545 115.1515151515151 115.7575757575758 116.3636363636364 116.969696969697 117.5757575757576 118.1818181818182 118.7878787878788 119.3939393939394 120


# name: y
# type: matrix
# rows: 100
# columns: 1
 1123957.685998839
 1121670.963986906
 1119384.241974973
 1117097.51996304
 1114810.797951107
 1112524.075939174
 1110237.353927241
 1107950.631915308
 1105663.909903375
 1103377.187891442
 1101090.465879509
 1098803.743867576
 1096517.021855643
 1094230.29984371
 1091943.577831777
 1089656.855819844
 1087370.133807911
 1085083.411795978
 1082796.689784045
 1080509.967772112
 1078223.245760179
 1075936.523748246
 1073649.801736313
 1071363.07972438
 1069076.357712447
 1066789.635700514
 1064502.913688581
 1062216.191676648
 1059929.469664715
 1057642.747652782
 1055356.025640849
 1053069.303628916
 1050782.581616983
 1048495.85960505
 1046209.137593117
 1043922.415581184
 1041635.693569251
 1039348.971557318
 1037062.249545385
 1034775.527533452
 1032488.805521519
 1030202.083509586
 1027915.361497653
 1025628.63948572
 1023341.917473787
 1021055.195461854
 1018768.473449921
 1016481.751437988
 1014195.029426055
 1011908.307414122
 1009621.585402189
 1007334.863390256
 1005048.141378323
 1002761.41936639
 1000474.697354457
 998187.9753425238
 995901.2533305909
 993614.5313186578
 991327.8093067248
 989041.0872947918
 986754.3652828587
 984467.6432709259
 982180.9212589927
 979894.1992470599
 977607.4772351268
 975320.7552231937
 973034.0332112608
 970747.3111993277
 968460.5891873947
 966173.8671754617
 963887.1451635286
 961600.4231515958
 959313.7011396626
 957026.9791277295
 954740.2571157967
 952453.5351038636
 950166.8130919307
 947880.0910799976
 945593.3690680646
 943306.6470561316
 941019.9250441986
 938733.2030322657
 936446.4810203325
 934159.7590083997
 931873.0369964666
 929586.3149845335
 927299.5929726006
 925012.8709606675
 922726.1489487344
 920439.4269368015
 918152.7049248685
 915865.9829129354
 913579.2609010024
 911292.5388890695
 909005.8168771365
 906719.0948652034
 904432.3728532705
 902145.6508413374
 899858.9288294044
 897572.2068174714


# name: TRAIN_QUERIES
# type: cell
# rows: 1
# columns: 1
# name: <cell-element>
# type: sq_string
# elements: 1
# length: 2
R3





# name: TEST_QUERIES
# type: cell
# rows: 1
# columns: 1
# name: <cell-element>
# type: sq_string
# elements: 1
# length: 2
R4





# name: DATASIZE
# type: sq_string
# elements: 1
# length: 4
1000


