# Created by Octave 3.8.2, Mon May 23 11:22:09 2016 CEST <Andrea@Andreas-MacBook-Pro.local>
# name: x
# type: matrix
# rows: 1
# columns: 100
 60 60.60606060606061 61.2121212121212 61.81818181818181 62.42424242424242 63.03030303030303 63.63636363636363 64.24242424242425 64.84848484848484 65.45454545454545 66.06060606060606 66.66666666666666 67.27272727272728 67.87878787878788 68.48484848484848 69.09090909090909 69.69696969696969 70.3030303030303 70.90909090909091 71.51515151515152 72.12121212121212 72.72727272727272 73.33333333333333 73.93939393939394 74.54545454545455 75.15151515151516 75.75757575757575 76.36363636363636 76.96969696969697 77.57575757575758 78.18181818181819 78.78787878787878 79.39393939393939 80 80.60606060606061 81.2121212121212 81.81818181818181 82.42424242424242 83.03030303030303 83.63636363636364 84.24242424242424 84.84848484848484 85.45454545454545 86.06060606060606 86.66666666666667 87.27272727272727 87.87878787878788 88.48484848484848 89.09090909090908 89.69696969696969 90.3030303030303 90.90909090909091 91.51515151515152 92.12121212121212 92.72727272727272 93.33333333333333 93.93939393939394 94.54545454545455 95.15151515151516 95.75757575757575 96.36363636363636 96.96969696969697 97.57575757575758 98.18181818181817 98.78787878787878 99.39393939393939 100 100.6060606060606 101.2121212121212 101.8181818181818 102.4242424242424 103.030303030303 103.6363636363636 104.2424242424242 104.8484848484848 105.4545454545454 106.0606060606061 106.6666666666667 107.2727272727273 107.8787878787879 108.4848484848485 109.0909090909091 109.6969696969697 110.3030303030303 110.9090909090909 111.5151515151515 112.1212121212121 112.7272727272727 113.3333333333333 113.9393939393939 114.5454545454545 115.1515151515151 115.7575757575758 116.3636363636364 116.969696969697 117.5757575757576 118.1818181818182 118.7878787878788 119.3939393939394 120


# name: y
# type: matrix
# rows: 1
# columns: 100
 1295350.259783216 1295290.715245378 1295231.170707541 1295171.626169703 1295112.081631865 1295052.537094028 1294992.99255619 1294933.448018352 1294873.903480515 1294814.358942677 1294754.814404839 1294695.269867002 1294635.725329164 1294576.180791326 1294516.636253488 1294457.091715651 1294397.547177813 1294338.002639975 1294278.458102138 1294218.9135643 1294159.369026462 1294099.824488625 1294040.279950787 1293980.735412949 1293921.190875112 1293861.646337274 1293802.101799436 1293742.557261599 1293683.012723761 1293623.468185923 1293563.923648085 1293504.379110248 1293444.83457241 1293385.290034572 1293325.745496735 1293266.200958897 1293206.656421059 1293147.111883222 1293087.567345384 1293028.022807546 1292968.478269709 1292908.933731871 1292849.389194033 1292789.844656195 1292730.300118358 1292670.75558052 1292611.211042682 1292551.666504845 1292492.121967007 1292432.57742917 1292373.032891332 1292313.488353494 1292253.943815656 1292194.399277819 1292134.854739981 1292075.310202143 1292015.765664306 1291956.221126468 1291896.67658863 1291837.132050792 1291777.587512955 1291718.042975117 1291658.49843728 1291598.953899442 1291539.409361604 1291479.864823767 1291420.320285929 1291360.775748091 1291301.231210253 1291241.686672416 1291182.142134578 1291122.59759674 1291063.053058903 1291003.508521065 1290943.963983227 1290884.41944539 1290824.874907552 1290765.330369714 1290705.785831877 1290646.241294039 1290586.696756201 1290527.152218363 1290467.607680526 1290408.063142688 1290348.51860485 1290288.974067013 1290229.429529175 1290169.884991337 1290110.3404535 1290050.795915662 1289991.251377824 1289931.706839987 1289872.162302149 1289812.617764311 1289753.073226474 1289693.528688636 1289633.984150798 1289574.43961296 1289514.895075123 1289455.350537285


# name: TRAIN_QUERIES
# type: cell
# rows: 1
# columns: 1
# name: <cell-element>
# type: sq_string
# elements: 1
# length: 2
R3





# name: TEST_QUERIES
# type: cell
# rows: 1
# columns: 1
# name: <cell-element>
# type: sq_string
# elements: 1
# length: 2
R4





# name: DATASIZE
# type: sq_string
# elements: 1
# length: 4
1000


