# Created by Octave 3.8.2, Mon May 23 11:22:09 2016 CEST <Andrea@Andreas-MacBook-Pro.local>
# name: SVs
# type: cell
# rows: 1
# columns: 7
# name: <cell-element>
# type: sparse matrix
# nnz: 35
# rows: 5
# columns: 7
1 1 -0.7552335408552157
2 1 -0.9441405352383481
3 1 0.5696510841808464
4 1 0.8092713656466989
5 1 0.8143426943549709
1 2 0.8419848187582205
2 2 -1.041605603324562
3 2 -0.7052357318558191
4 2 -0.1408458994395141
5 2 -0.5301778540361486
1 3 -0.8880398757827987
2 3 -0.8931496440562059
3 3 -0.874839641076497
4 3 -0.846310101549974
5 3 -0.7918059066336314
1 4 -0.7896893769005641
2 4 -0.7186424256579091
3 4 -0.08186429193962269
4 4 -0.7291319879381523
5 4 -0.1447135180388943
1 5 -0.4884866069787645
2 5 -0.3399447519284184
3 5 -0.5082976735826678
4 5 -0.4993590355355276
5 5 -0.4862442328771804
1 6 1.586190846351498
2 6 -0.2438869161018993
3 6 -0.8072226882640261
4 6 -0.8020512680860836
5 6 1.760756817239998
1 7 -1.348023450986976
2 7 1.437433169674887
3 7 0.5089476294542663
4 7 0.5089476294542663
5 7 -1.348023450986976



# name: <cell-element>
# type: sparse matrix
# nnz: 42
# rows: 6
# columns: 7
1 1 -0.7552335408552157
2 1 -0.312760111058483
3 1 -1.736535645905849
4 1 0.5696510841808464
5 1 0.3338342992461981
6 1 0.8143426943549709
1 2 0.8419848187582205
2 2 0.6685441037821498
3 2 -0.2985192766904876
4 2 -0.7052357318558191
5 2 -0.6494436137516285
6 2 -0.5301778540361486
1 3 -0.8880398757827987
2 3 -0.7258047331021228
3 3 -0.8556780100512204
4 3 -0.874839641076497
5 3 -0.6453258827959606
6 3 -0.7918059066336314
1 4 -0.7896893769005641
2 4 -0.1258499354508942
3 4 -0.1015212027673051
4 4 -0.08186429193962269
5 4 0.372536494233933
6 4 -0.1447135180388943
1 5 -0.4884866069787645
2 5 -0.5126898467082476
3 5 -0.5068164723412544
4 5 -0.5082976735826678
5 5 -0.497816117575722
6 5 -0.4862442328771804
1 6 1.586190846351498
2 6 -0.8833513450342552
3 6 1.739914074273105
4 6 -0.8072226882640261
5 6 0.2316045184819262
6 6 1.760756817239998
1 7 -1.348023450986976
2 7 1.437433169674887
3 7 -1.348023450986976
4 7 0.5089476294542663
5 7 -0.4195379107663548
6 7 -1.348023450986976



# name: <cell-element>
# type: sparse matrix
# nnz: 119
# rows: 17
# columns: 7
1 1 -0.5675943786491514
2 1 -0.7552335408552157
3 1 0.1563377944566778
4 1 0.7674329038034547
5 1 -0.312760111058483
6 1 0.09674968213448169
7 1 -0.1809055646434108
8 1 -1.736535645905849
9 1 0.4048329011620062
10 1 0.5696510841808464
11 1 1.559828014470956
12 1 0.8092713656466989
13 1 0.1284454865611817
14 1 0.3338342992461981
15 1 0.6076860494928865
16 1 -0.1732985715810028
17 1 0.8143426943549709
1 2 -0.7687093734671084
2 2 0.8419848187582205
3 2 -0.9603431704336762
4 2 0.1656064594226344
5 2 0.6685441037821498
6 2 -0.4642784681594597
7 2 -1.090524779343454
8 2 -0.2985192766904876
9 2 -1.428511813655797
10 2 -0.7052357318558191
11 2 -1.912852085313916
12 2 -0.1408458994395141
13 2 0.7291877104171396
14 2 -0.6494436137516285
15 2 0.3681561055835003
16 2 -0.02562304683303347
17 2 -0.5301778540361486
1 3 -0.816928933977883
2 3 -0.8880398757827987
3 3 -0.8850591776233113
4 3 -0.8079868394994206
5 3 -0.7258047331021228
6 3 -0.8309807967297527
7 3 -0.9531894212687396
8 3 -0.8556780100512204
9 3 -0.852271497868949
10 3 -0.874839641076497
11 3 -0.9012401104891006
12 3 -0.846310101549974
13 3 -0.8803752233726881
14 3 -0.6453258827959606
15 3 -0.8488649856866776
16 3 -0.7049398459857104
17 3 -0.7918059066336314
1 4 -0.7740872548534797
2 4 -0.7896893769005641
3 4 -0.7721480080453677
4 4 -0.7347734331981149
5 4 -0.1258499354508942
6 4 -0.6974870059330491
7 4 -0.7732057790316106
8 4 -0.1015212027673051
9 4 -0.763156954662302
10 4 -0.08186429193962269
11 4 -0.7499348173342646
12 4 -0.7291319879381523
13 4 -0.7189068684044699
14 4 0.372536494233933
15 4 -0.7464970616289749
16 4 -0.211793828083138
17 4 -0.1447135180388943
1 5 -0.4970960891944795
2 5 -0.4884866069787645
3 5 -0.4990607380632985
4 5 -0.4879825871118947
5 5 -0.5126898467082476
6 5 -0.4938868198380839
7 5 -0.5055204212550177
8 5 -0.5068164723412544
9 5 -0.495285732121641
10 5 -0.5082976735826678
11 5 -0.3625022125007755
12 5 -0.4993590355355276
13 5 -0.4818006291529405
14 5 -0.497816117575722
15 5 -0.4956663185517263
16 5 -0.5000482055575741
17 5 -0.4862442328771804
1 6 1.836990182180309
2 6 1.586190846351498
3 6 -0.8247147697882928
4 6 0.2470547906895924
5 6 -0.8833513450342552
6 6 0.189773604534137
7 6 -0.8322595751547623
8 6 1.739914074273105
9 6 0.2246297909303479
10 6 -0.8072226882640261
11 6 -0.2170176362347267
12 6 -0.8020512680860836
13 6 -0.7677302567814033
14 6 0.2316045184819262
15 6 -0.8027027855888165
16 6 0.1535445776857388
17 6 1.760756817239998
1 7 -1.348023450986976
2 7 -1.348023450986976
3 7 0.5089476294542663
4 7 -0.4195379107663548
5 7 1.437433169674887
6 7 -0.4195379107663548
7 7 0.5089476294542663
8 7 -1.348023450986976
9 7 -0.4195379107663548
10 7 0.5089476294542663
11 7 0.5089476294542663
12 7 0.5089476294542663
13 7 0.5089476294542663
14 7 -0.4195379107663548
15 7 0.5089476294542663
16 7 -0.4195379107663548
17 7 -1.348023450986976



# name: <cell-element>
# type: sparse matrix
# nnz: 105
# rows: 15
# columns: 7
1 1 -0.7552335408552157
2 1 0.7674329038034547
3 1 -0.312760111058483
4 1 1.459669272482584
5 1 -0.1809055646434108
6 1 -1.736535645905849
7 1 0.5696510841808464
8 1 0.900555282395595
9 1 1.559828014470956
10 1 0.8092713656466989
11 1 0.1284454865611817
12 1 0.3338342992461981
13 1 -0.1732985715810028
14 1 0.8143426943549709
15 1 0.3959580759225302
1 2 0.8419848187582205
2 2 0.1656064594226344
3 2 0.6685441037821498
4 2 -0.2694103455056924
5 2 -1.090524779343454
6 2 -0.2985192766904876
7 2 -0.7052357318558191
8 2 -0.9599388797227763
9 2 -1.912852085313916
10 2 -0.1408458994395141
11 2 0.7291877104171396
12 2 -0.6494436137516285
13 2 -0.02562304683303347
14 2 -0.5301778540361486
15 2 1.37888288283333
1 3 -0.8880398757827987
2 3 -0.8079868394994206
3 3 -0.7258047331021228
4 3 -0.9229566256510808
5 3 -0.9531894212687396
6 3 -0.8556780100512204
7 3 -0.874839641076497
8 3 -0.869304058780306
9 3 -0.9012401104891006
10 3 -0.846310101549974
11 3 -0.8803752233726881
12 3 -0.6453258827959606
13 3 -0.7049398459857104
14 3 -0.7918059066336314
15 3 -0.927640579901704
1 4 -0.7896893769005641
2 4 -0.7347734331981149
3 4 -0.1258499354508942
4 4 -0.7572510666557787
5 4 -0.7732057790316106
6 4 -0.1015212027673051
7 4 -0.08186429193962269
8 4 -0.6672523852429367
9 4 -0.7499348173342646
10 4 -0.7291319879381523
11 4 -0.7189068684044699
12 4 0.372536494233933
13 4 -0.211793828083138
14 4 -0.1447135180388943
15 4 -0.7616584457651245
1 5 -0.4884866069787645
2 5 -0.4879825871118947
3 5 -0.5126898467082476
4 5 -0.4795685411710884
5 5 -0.5055204212550177
6 5 -0.5068164723412544
7 5 -0.5082976735826678
8 5 -0.5038026392597675
9 5 -0.3625022125007755
10 5 -0.4993590355355276
11 5 -0.4818006291529405
12 5 -0.497816117575722
13 5 -0.5000482055575741
14 5 -0.4862442328771804
15 5 -0.4817286263148162
1 6 1.586190846351498
2 6 0.2470547906895924
3 6 -0.8833513450342552
4 6 -0.6707414056826007
5 6 -0.8322595751547623
6 6 1.739914074273105
7 6 -0.8072226882640261
8 6 -0.8114691862729103
9 6 -0.2170176362347267
10 6 -0.8020512680860836
11 6 -0.7677302567814033
12 6 0.2316045184819262
13 6 0.1535445776857388
14 6 1.760756817239998
15 6 -0.7242356463534211
1 7 -1.348023450986976
2 7 -0.4195379107663548
3 7 1.437433169674887
4 7 1.437433169674887
5 7 0.5089476294542663
6 7 -1.348023450986976
7 7 0.5089476294542663
8 7 1.437433169674887
9 7 0.5089476294542663
10 7 0.5089476294542663
11 7 0.5089476294542663
12 7 -0.4195379107663548
13 7 -0.4195379107663548
14 7 -1.348023450986976
15 7 1.437433169674887



