# Created by Octave 3.8.2, Mon May 23 11:22:09 2016 CEST <Andrea@Andreas-MacBook-Pro.local>
# name: x
# type: matrix
# rows: 1
# columns: 100
 60 60.60606060606061 61.2121212121212 61.81818181818181 62.42424242424242 63.03030303030303 63.63636363636363 64.24242424242425 64.84848484848484 65.45454545454545 66.06060606060606 66.66666666666666 67.27272727272728 67.87878787878788 68.48484848484848 69.09090909090909 69.69696969696969 70.3030303030303 70.90909090909091 71.51515151515152 72.12121212121212 72.72727272727272 73.33333333333333 73.93939393939394 74.54545454545455 75.15151515151516 75.75757575757575 76.36363636363636 76.96969696969697 77.57575757575758 78.18181818181819 78.78787878787878 79.39393939393939 80 80.60606060606061 81.2121212121212 81.81818181818181 82.42424242424242 83.03030303030303 83.63636363636364 84.24242424242424 84.84848484848484 85.45454545454545 86.06060606060606 86.66666666666667 87.27272727272727 87.87878787878788 88.48484848484848 89.09090909090908 89.69696969696969 90.3030303030303 90.90909090909091 91.51515151515152 92.12121212121212 92.72727272727272 93.33333333333333 93.93939393939394 94.54545454545455 95.15151515151516 95.75757575757575 96.36363636363636 96.96969696969697 97.57575757575758 98.18181818181817 98.78787878787878 99.39393939393939 100 100.6060606060606 101.2121212121212 101.8181818181818 102.4242424242424 103.030303030303 103.6363636363636 104.2424242424242 104.8484848484848 105.4545454545454 106.0606060606061 106.6666666666667 107.2727272727273 107.8787878787879 108.4848484848485 109.0909090909091 109.6969696969697 110.3030303030303 110.9090909090909 111.5151515151515 112.1212121212121 112.7272727272727 113.3333333333333 113.9393939393939 114.5454545454545 115.1515151515151 115.7575757575758 116.3636363636364 116.969696969697 117.5757575757576 118.1818181818182 118.7878787878788 119.3939393939394 120


# name: y
# type: matrix
# rows: 100
# columns: 1
 943207.9336992071
 942858.990868866
 942517.4079763573
 942183.1850216808
 941856.3220048368
 941536.8189258251
 941224.6757846458
 940919.8925812987
 940622.4693157843
 940332.4059881021
 940049.7025982522
 939774.3591462347
 939506.3756320496
 939245.7520556969
 938992.4884171764
 938746.5847164884
 938508.0409536327
 938276.8571286094
 938053.0332414185
 937836.56929206
 937627.4652805338
 937425.7212068399
 937231.3370709785
 937044.3128729493
 936864.6486127527
 936692.3442903883
 936527.3999058562
 936369.8154591566
 936219.5909502893
 936076.7263792544
 935941.2217460519
 935813.0770506817
 935692.2922931439
 935578.8674734384
 935472.8025915653
 935374.0976475247
 935282.7526413163
 935198.7675729403
 935122.1424423966
 935052.8772496853
 934990.9719948065
 934936.42667776
 934889.2412985459
 934849.4158571641
 934816.9503536145
 934791.8447878975
 934774.0991600128
 934763.7134699605
 934760.6877177404
 934765.0219033529
 934776.7160267977
 934795.7700880747
 934822.1840871843
 934855.9580241261
 934897.0918989003
 934945.5857115069
 935001.4394619459
 935064.6531502171
 935135.2267763208
 935213.160340257
 935298.4538420253
 935391.1072816262
 935491.1206590593
 935598.4939743248
 935713.2272274226
 935835.3204183528
 935964.7735471155
 936101.5866137104
 936245.7596181377
 936397.2925603974
 936556.1854404896
 936722.4382584139
 936896.0510141707
 937077.0237077599
 937265.3563391814
 937461.0489084353
 937664.1014155216
 937874.5138604401
 938092.2862431911
 938317.4185637746
 938549.9108221901
 938789.7630184384
 939036.9751525187
 939291.5472244315
 939553.4792341767
 939822.7711817543
 940099.4230671641
 940383.4348904064
 940674.8066514811
 940973.5383503881
 941279.6299871274
 941593.0815616992
 941913.8930741032
 942242.0645243397
 942577.5959124085
 942920.4872383097
 943270.7385020433
 943628.3497036092
 943993.3208430075
 944365.6519202382


# name: TRAIN_QUERIES
# type: cell
# rows: 1
# columns: 1
# name: <cell-element>
# type: sq_string
# elements: 1
# length: 2
R3





# name: TEST_QUERIES
# type: cell
# rows: 1
# columns: 1
# name: <cell-element>
# type: sq_string
# elements: 1
# length: 2
R4





# name: DATASIZE
# type: sq_string
# elements: 1
# length: 4
1000


