# Created by Octave 3.8.2, Mon May 23 11:22:10 2016 CEST <Andrea@Andreas-MacBook-Pro.local>
# name: x
# type: matrix
# rows: 1
# columns: 100
 60 60.60606060606061 61.2121212121212 61.81818181818181 62.42424242424242 63.03030303030303 63.63636363636363 64.24242424242425 64.84848484848484 65.45454545454545 66.06060606060606 66.66666666666666 67.27272727272728 67.87878787878788 68.48484848484848 69.09090909090909 69.69696969696969 70.3030303030303 70.90909090909091 71.51515151515152 72.12121212121212 72.72727272727272 73.33333333333333 73.93939393939394 74.54545454545455 75.15151515151516 75.75757575757575 76.36363636363636 76.96969696969697 77.57575757575758 78.18181818181819 78.78787878787878 79.39393939393939 80 80.60606060606061 81.2121212121212 81.81818181818181 82.42424242424242 83.03030303030303 83.63636363636364 84.24242424242424 84.84848484848484 85.45454545454545 86.06060606060606 86.66666666666667 87.27272727272727 87.87878787878788 88.48484848484848 89.09090909090908 89.69696969696969 90.3030303030303 90.90909090909091 91.51515151515152 92.12121212121212 92.72727272727272 93.33333333333333 93.93939393939394 94.54545454545455 95.15151515151516 95.75757575757575 96.36363636363636 96.96969696969697 97.57575757575758 98.18181818181817 98.78787878787878 99.39393939393939 100 100.6060606060606 101.2121212121212 101.8181818181818 102.4242424242424 103.030303030303 103.6363636363636 104.2424242424242 104.8484848484848 105.4545454545454 106.0606060606061 106.6666666666667 107.2727272727273 107.8787878787879 108.4848484848485 109.0909090909091 109.6969696969697 110.3030303030303 110.9090909090909 111.5151515151515 112.1212121212121 112.7272727272727 113.3333333333333 113.9393939393939 114.5454545454545 115.1515151515151 115.7575757575758 116.3636363636364 116.969696969697 117.5757575757576 118.1818181818182 118.7878787878788 119.3939393939394 120


# name: y
# type: matrix
# rows: 100
# columns: 1
 960165.5261341112
 959496.0757946606
 958854.5668263577
 958240.403605469
 957652.9905082608
 957091.7319109996
 956556.0321899517
 956045.2957213833
 955558.9268815613
 955096.3300467515
 954656.9095932208
 954240.0698972353
 953845.2153350614
 953471.7502829656
 953119.0791172143
 952786.6062140737
 952473.7359498104
 952179.8727006908
 951904.4208429811
 951646.7847529477
 951406.3688068573
 951182.5773809759
 950974.8148515702
 950782.4855949064
 950604.993987251
 950441.7444048703
 950292.1412240306
 950155.5888209986
 950031.4915720406
 949919.2538534227
 949818.2800414115
 949727.9745122734
 949647.741642275
 949576.9858076823
 949515.1113847618
 949461.52274978
 949415.6242790034
 949376.8203486979
 949344.5153351305
 949318.1136145673
 949297.0195632747
 949280.6375575189
 949268.3719735667
 949259.6271876842
 949253.8075761378
 949250.3175151941
 949248.5613811192
 949247.9435501797
 949247.8683986419
 949247.7403027724
 949246.9636388372
 949244.9427831031
 949241.0821118362
 949234.786001303
 949225.4588277698
 949212.5049675031
 949195.3287967693
 949173.3346918348
 949145.9270289659
 949112.5101844289
 949072.4885344905
 949025.2664554168
 948970.2483234744
 948906.8385149295
 948834.4414060486
 948752.4613730982
 948660.3027923445
 948557.370040054
 948443.067492493
 948316.7995259279
 948177.9705166251
 948025.984840851
 947860.2468748722
 947680.1609949549
 947485.1315773653
 947274.5629983703
 947047.8596342357
 946804.4258612283
 946543.6660556142
 946264.9845936601
 945967.7858516321
 945651.474205797
 945315.4540324206
 944959.1297077698
 944581.9056081108
 944183.18610971
 943762.3755888338
 943318.8784217485
 942852.0989847207
 942361.4416540165
 941846.3108059025
 941306.1108166451
 940740.2460625105
 940148.1209197653
 939529.1397646759
 938882.7069735085
 938208.2269225296
 937505.1039880057
 936772.7425462028
 936010.5469733879


# name: TRAIN_QUERIES
# type: cell
# rows: 1
# columns: 1
# name: <cell-element>
# type: sq_string
# elements: 1
# length: 2
R3





# name: TEST_QUERIES
# type: cell
# rows: 1
# columns: 1
# name: <cell-element>
# type: sq_string
# elements: 1
# length: 2
R4





# name: DATASIZE
# type: sq_string
# elements: 1
# length: 4
1000


