# Created by Octave 3.8.2, Mon May 23 11:22:10 2016 CEST <Andrea@Andreas-MacBook-Pro.local>
# name: x
# type: matrix
# rows: 1
# columns: 100
 60 60.60606060606061 61.2121212121212 61.81818181818181 62.42424242424242 63.03030303030303 63.63636363636363 64.24242424242425 64.84848484848484 65.45454545454545 66.06060606060606 66.66666666666666 67.27272727272728 67.87878787878788 68.48484848484848 69.09090909090909 69.69696969696969 70.3030303030303 70.90909090909091 71.51515151515152 72.12121212121212 72.72727272727272 73.33333333333333 73.93939393939394 74.54545454545455 75.15151515151516 75.75757575757575 76.36363636363636 76.96969696969697 77.57575757575758 78.18181818181819 78.78787878787878 79.39393939393939 80 80.60606060606061 81.2121212121212 81.81818181818181 82.42424242424242 83.03030303030303 83.63636363636364 84.24242424242424 84.84848484848484 85.45454545454545 86.06060606060606 86.66666666666667 87.27272727272727 87.87878787878788 88.48484848484848 89.09090909090908 89.69696969696969 90.3030303030303 90.90909090909091 91.51515151515152 92.12121212121212 92.72727272727272 93.33333333333333 93.93939393939394 94.54545454545455 95.15151515151516 95.75757575757575 96.36363636363636 96.96969696969697 97.57575757575758 98.18181818181817 98.78787878787878 99.39393939393939 100 100.6060606060606 101.2121212121212 101.8181818181818 102.4242424242424 103.030303030303 103.6363636363636 104.2424242424242 104.8484848484848 105.4545454545454 106.0606060606061 106.6666666666667 107.2727272727273 107.8787878787879 108.4848484848485 109.0909090909091 109.6969696969697 110.3030303030303 110.9090909090909 111.5151515151515 112.1212121212121 112.7272727272727 113.3333333333333 113.9393939393939 114.5454545454545 115.1515151515151 115.7575757575758 116.3636363636364 116.969696969697 117.5757575757576 118.1818181818182 118.7878787878788 119.3939393939394 120


# name: y
# type: matrix
# rows: 100
# columns: 1
 958188.5955675241
 958089.8115474882
 957997.146853311
 957910.3433949717
 957829.1486434025
 957753.3156304894
 957682.6029490714
 957616.7747529407
 957555.6007568433
 957498.8562364776
 957446.3220284962
 957397.7845305044
 957353.0357010608
 957311.8730596777
 957274.0996868202
 957239.5242239072
 957207.9608733102
 957179.2293983547
 957153.1551233191
 957129.5689334353
 957108.3072748879
 957089.2121548157
 957072.13114131
 957056.9173634158
 957043.4295111313
 957031.5318354081
 957021.0941481506
 957011.9918222171
 957004.1057914189
 956997.3225505207
 956991.53415524
 956986.6382222485
 956982.5379291703
 956979.1420145833
 956976.3647780184
 956974.12607996
 956972.3513418459
 956970.9715460667
 956969.9232359668
 956969.1485158436
 956968.5950509475
 956968.216067483
 956967.9703526073
 956967.822254431
 956967.7416820178
 956967.7041053851
 956967.6905555032
 956967.6876242959
 956967.6874646405
 956967.6877903668
 956967.6918762589
 956967.7085580532
 956967.7522324404
 956967.8428570635
 956968.0059505196
 956968.2725923585
 956968.6794230836
 956969.2686441513
 956970.0880179717
 956971.1908679081
 956972.6360782767
 956974.4880943473
 956976.8169223429
 956979.69812944
 956983.2128437679
 956987.4477544097
 956992.4951114017
 956998.4527257329
 957005.4239693463
 957013.5177751381
 957022.8486369574
 957033.5366096067
 957045.7073088421
 957059.4919113726
 957075.0271548608
 957092.4553379223
 957111.9243201263
 957133.587521995
 957157.6039250038
 957184.1380715818
 957213.3600651112
 957245.4455699273
 957280.5758113189
 957318.9375755282
 957360.7232097501
 957406.1306221335
 957455.3632817802
 957508.6302187453
 957566.1460240374
 957628.130849618
 957694.8104084024
 957766.4159742587
 957843.1843820084
 957925.3580274268
 958013.1848672414
 958106.9184191343
 958206.8177617398
 958313.1475346461
 958426.1779383945
 958546.1847344795


# name: TRAIN_QUERIES
# type: cell
# rows: 1
# columns: 1
# name: <cell-element>
# type: sq_string
# elements: 1
# length: 2
R3





# name: TEST_QUERIES
# type: cell
# rows: 1
# columns: 1
# name: <cell-element>
# type: sq_string
# elements: 1
# length: 2
R4





# name: DATASIZE
# type: sq_string
# elements: 1
# length: 4
1000


