# Created by Octave 3.8.2, Mon May 23 11:22:10 2016 CEST <Andrea@Andreas-MacBook-Pro.local>
# name: x
# type: matrix
# rows: 1
# columns: 100
 60 60.60606060606061 61.2121212121212 61.81818181818181 62.42424242424242 63.03030303030303 63.63636363636363 64.24242424242425 64.84848484848484 65.45454545454545 66.06060606060606 66.66666666666666 67.27272727272728 67.87878787878788 68.48484848484848 69.09090909090909 69.69696969696969 70.3030303030303 70.90909090909091 71.51515151515152 72.12121212121212 72.72727272727272 73.33333333333333 73.93939393939394 74.54545454545455 75.15151515151516 75.75757575757575 76.36363636363636 76.96969696969697 77.57575757575758 78.18181818181819 78.78787878787878 79.39393939393939 80 80.60606060606061 81.2121212121212 81.81818181818181 82.42424242424242 83.03030303030303 83.63636363636364 84.24242424242424 84.84848484848484 85.45454545454545 86.06060606060606 86.66666666666667 87.27272727272727 87.87878787878788 88.48484848484848 89.09090909090908 89.69696969696969 90.3030303030303 90.90909090909091 91.51515151515152 92.12121212121212 92.72727272727272 93.33333333333333 93.93939393939394 94.54545454545455 95.15151515151516 95.75757575757575 96.36363636363636 96.96969696969697 97.57575757575758 98.18181818181817 98.78787878787878 99.39393939393939 100 100.6060606060606 101.2121212121212 101.8181818181818 102.4242424242424 103.030303030303 103.6363636363636 104.2424242424242 104.8484848484848 105.4545454545454 106.0606060606061 106.6666666666667 107.2727272727273 107.8787878787879 108.4848484848485 109.0909090909091 109.6969696969697 110.3030303030303 110.9090909090909 111.5151515151515 112.1212121212121 112.7272727272727 113.3333333333333 113.9393939393939 114.5454545454545 115.1515151515151 115.7575757575758 116.3636363636364 116.969696969697 117.5757575757576 118.1818181818182 118.7878787878788 119.3939393939394 120


# name: y
# type: matrix
# rows: 100
# columns: 1
 950171.9219320508
 950202.5011346823
 950229.9890832554
 950254.6409959411
 950276.6959502967
 950296.3775786235
 950313.8947480104
 950329.4422250672
 950343.2013253426
 950355.3405474334
 950366.0161917771
 950375.3729641356
 950383.5445637639
 950390.6542562679
 950396.8154311487
 950402.1321440348
 950406.6996436024
 950410.6048831815
 950413.9270170521
 950416.737881425
 950419.1024601127
 950421.0793348858
 950422.7211205189
 950424.0748845213
 950425.1825515586
 950426.0812925586
 950426.8038985068
 950427.379138929
 950427.8321050601
 950428.1845377029
 950428.455139772
 950428.6598735263
 950428.8122424895
 950428.9235580568
 950429.0031907901
 950429.0588064007
 950429.0965864193
 950429.1214335524
 950429.1371617292
 950429.1466708322
 950429.1521061184
 950429.1550023265
 950429.1564124718
 950429.1570213287
 950429.1572436012
 950429.1573067799
 950429.1573186878
 950429.1573197118
 950429.1573197239
 950429.1573196885
 950429.1573179569
 950429.1573012513
 950429.1572203333
 950429.1569503628
 950429.1562359428
 950429.154620852
 950429.151362465
 950429.1453308602
 950429.134892615
 950429.1177792884
 950429.0909405912
 950429.0503822444
 950428.9909885235
 950428.9063294916
 950428.7884529205
 950428.6276608978
 950428.4122711219
 950428.1283628854
 950427.7595077459
 950427.2864848824
 950426.6869811423
 950425.9352757732
 950425.0019098438
 950423.8533403517
 950422.4515790187
 950420.753815774
 950418.7120269244
 950416.2725680125
 950413.3757513617
 950409.9554083103
 950405.9384361303
 950401.2443296369
 950395.7846974838
 950389.4627631449
 950382.1728505868
 950373.7998546257
 950364.218695973
 950353.2937609686
 950340.8783260019
 950326.8139666191
 950310.9299513194
 950293.0426200379
 950272.9547473164
 950250.4548901614
 950225.31672059
 950197.2983428626
 950166.1415954045
 950131.571337413
 950093.2947201539
 950051.0004429446


# name: TRAIN_QUERIES
# type: cell
# rows: 1
# columns: 1
# name: <cell-element>
# type: sq_string
# elements: 1
# length: 2
R3





# name: TEST_QUERIES
# type: cell
# rows: 1
# columns: 1
# name: <cell-element>
# type: sq_string
# elements: 1
# length: 2
R4





# name: DATASIZE
# type: sq_string
# elements: 1
# length: 4
1000


