# Created by Octave 4.0.0, Wed May 11 16:27:02 2016 CEST <peter@Independence>
# name: y
# type: matrix
# rows: 1
# columns: 100
 25396.33756718043 25440.05221677304 25483.76686636565 25527.48151595826 25571.19616555087 25614.91081514348 25658.62546473609 25702.3401143287 25746.05476392131 25789.76941351392 25833.48406310653 25877.19871269914 25920.91336229175 25964.62801188436 26008.34266147697 26052.05731106958 26095.77196066219 26139.4866102548 26183.20125984741 26226.91590944002 26270.63055903263 26314.34520862524 26358.05985821785 26401.77450781046 26445.48915740307 26489.20380699568 26532.91845658829 26576.6331061809 26620.34775577351 26664.06240536612 26707.77705495874 26751.49170455135 26795.20635414396 26838.92100373657 26882.63565332918 26926.35030292179 26970.0649525144 27013.77960210701 27057.49425169962 27101.20890129223 27144.92355088484 27188.63820047745 27232.35285007006 27276.06749966267 27319.78214925528 27363.49679884789 27407.2114484405 27450.92609803311 27494.64074762572 27538.35539721833 27582.07004681094 27625.78469640355 27669.49934599616 27713.21399558877 27756.92864518138 27800.64329477399 27844.3579443666 27888.07259395921 27931.78724355182 27975.50189314443 28019.21654273704 28062.93119232965 28106.64584192226 28150.36049151488 28194.07514110749 28237.7897907001 28281.50444029271 28325.21908988532 28368.93373947792 28412.64838907053 28456.36303866314 28500.07768825575 28543.79233784836 28587.50698744097 28631.22163703359 28674.9362866262 28718.65093621881 28762.36558581142 28806.08023540403 28849.79488499664 28893.50953458925 28937.22418418186 28980.93883377447 29024.65348336708 29068.36813295969 29112.0827825523 29155.79743214491 29199.51208173752 29243.22673133013 29286.94138092274 29330.65603051535 29374.37068010796 29418.08532970057 29461.79997929318 29505.51462888579 29549.2292784784 29592.94392807101 29636.65857766362 29680.37322725623 29724.08787684884


