# Created by Octave 4.0.0, Wed May 11 16:27:02 2016 CEST <peter@Independence>
# name: y
# type: matrix
# rows: 100
# columns: 1
 25307.49971231856
 25322.29533833249
 25336.48257376864
 25350.07419146787
 25363.08296427103
 25375.52166501899
 25387.4030665526
 25398.73994171273
 25409.54506334024
 25419.83120427598
 25429.61113736081
 25438.8976354356
 25447.7034713412
 25456.04141791847
 25463.92424800828
 25471.36473445148
 25478.37565008893
 25484.96976776149
 25491.15986031001
 25496.95870057537
 25502.37906139842
 25507.43371562002
 25512.13543608103
 25516.4969956223
 25520.5311670847
 25524.25072330909
 25527.66843713632
 25530.79708140726
 25533.64942896276
 25536.23825264369
 25538.57632529091
 25540.67641974526
 25542.55130884763
 25544.21376543885
 25545.6765623598
 25546.95247245132
 25548.05426855429
 25548.99472350956
 25549.78661015799
 25550.44270134045
 25550.97576989777
 25551.39858867084
 25551.72393050051
 25551.96456822764
 25552.13327469308
 25552.2428227377
 25552.30598520236
 25552.33553492791
 25552.34424475522
 25552.34488752514
 25552.35023607854
 25552.37306325627
 25552.4261418992
 25552.52224484818
 25552.67414494407
 25552.89461502773
 25553.19642794002
 25553.59235652181
 25554.09517361395
 25554.71765205729
 25555.47256469271
 25556.37268436106
 25557.43078390319
 25558.65963615997
 25560.07201397226
 25561.68069018092
 25563.4984376268
 25565.53802915078
 25567.81223759369
 25570.33383579641
 25573.1155965998
 25576.17029284471
 25579.510697372
 25583.14958302254
 25587.09972263718
 25591.37388905678
 25595.98485512221
 25600.94539367432
 25606.26827755396
 25611.96627960201
 25618.05217265932
 25624.53872956674
 25631.43872316515
 25638.76492629539
 25646.53011179833
 25654.74705251483
 25663.42852128575
 25672.58729095194
 25682.23613435427
 25692.3878243336
 25703.05513373077
 25714.25083538667
 25725.98770214213
 25738.27850683804
 25751.13602231523
 25764.57302141458
 25778.60227697694
 25793.23656184317
 25808.48864885413
 25824.37131085068


