# Created by Octave 4.0.0, Wed May 11 16:27:02 2016 CEST <peter@Independence>
# name: y
# type: matrix
# rows: 100
# columns: 1
 25038.46064278
 25086.04299483609
 25133.62534689219
 25181.20769894828
 25228.79005100438
 25276.37240306048
 25323.95475511657
 25371.53710717267
 25419.11945922876
 25466.70181128486
 25514.28416334096
 25561.86651539705
 25609.44886745315
 25657.03121950924
 25704.61357156534
 25752.19592362143
 25799.77827567753
 25847.36062773363
 25894.94297978972
 25942.52533184582
 25990.10768390192
 26037.69003595801
 26085.2723880141
 26132.8547400702
 26180.4370921263
 26228.01944418239
 26275.60179623849
 26323.18414829458
 26370.76650035068
 26418.34885240678
 26465.93120446287
 26513.51355651897
 26561.09590857506
 26608.67826063116
 26656.26061268726
 26703.84296474335
 26751.42531679945
 26799.00766885554
 26846.59002091164
 26894.17237296773
 26941.75472502383
 26989.33707707993
 27036.91942913602
 27084.50178119212
 27132.08413324821
 27179.66648530431
 27227.2488373604
 27274.8311894165
 27322.4135414726
 27369.99589352869
 27417.57824558479
 27465.16059764088
 27512.74294969698
 27560.32530175307
 27607.90765380917
 27655.49000586527
 27703.07235792136
 27750.65470997746
 27798.23706203355
 27845.81941408965
 27893.40176614574
 27940.98411820184
 27988.56647025794
 28036.14882231403
 28083.73117437013
 28131.31352642622
 28178.89587848232
 28226.47823053841
 28274.06058259451
 28321.64293465061
 28369.2252867067
 28416.8076387628
 28464.38999081889
 28511.97234287499
 28559.55469493109
 28607.13704698718
 28654.71939904328
 28702.30175109937
 28749.88410315547
 28797.46645521156
 28845.04880726766
 28892.63115932376
 28940.21351137985
 28987.79586343595
 29035.37821549205
 29082.96056754814
 29130.54291960424
 29178.12527166033
 29225.70762371643
 29273.28997577252
 29320.87232782862
 29368.45467988472
 29416.03703194081
 29463.61938399691
 29511.201736053
 29558.7840881091
 29606.36644016519
 29653.94879222129
 29701.53114427739
 29749.11349633348


