# Created by Octave 4.0.0, Wed May 11 16:27:02 2016 CEST <peter@Independence>
# name: y
# type: matrix
# rows: 100
# columns: 1
 25470.20693415945
 25446.79749304659
 25424.19555607358
 25402.42210623335
 25381.49780138252
 25361.44295081419
 25342.2774918978
 25324.02096681808
 25306.69249944553
 25290.31077237105
 25274.89400413769
 25260.45992670245
 25247.02576316129
 25234.60820577062
 25223.22339429833
 25212.88689473746
 25203.61367841569
 25195.41810153308
 25188.31388516095
 25182.31409573394
 25177.43112606715
 25173.6766769298
 25171.06173920644
 25169.59657667596
 25169.29070943833
 25170.15289801818
 25172.1911281735
 25175.41259643732
 25179.82369641886
 25185.43000589034
 25192.23627468405
 25200.246413424
 25209.46348311463
 25219.88968560865
 25231.52635497446
 25244.37394978259
 25258.43204632934
 25273.69933281449
 25290.17360448856
 25307.85175978387
 25326.72979744202
 25346.80281464926
 25368.06500618945
 25390.50966462299
 25414.12918149857
 25438.91504960288
 25464.85786625205
 25491.94733762684
 25520.17228415208
 25549.52064691924
 25579.97949514931
 25611.53503469158
 25644.17261755239
 25677.87675244602
 25712.63111635856
 25748.41856711374
 25785.22115692828
 25823.0201469425
 25861.79602271065
 25901.52851063346
 25942.19659531443
 25983.77853781911
 26026.25189481599
 26069.5935385755
 26113.7796778025
 26158.78587927631
 26204.58709027077
 26251.15766172588
 26298.47137214088
 26346.50145215783
 26395.22060980352
 26444.60105635618
 26494.61453280282
 26545.23233685182
 26596.4253504646
 26648.16406786915
 26700.41862401776
 26753.15882345014
 26806.35416952302
 26859.97389396606
 26913.98698672401
 26968.3622260443
 27023.06820876887
 27078.07338078886
 27133.34606762059
 27188.8545050609
 27244.56686988005
 27300.45131051039
 27356.47597768885
 27412.60905501172
 27468.81878936033
 27525.07352115627
 27581.34171440576
 27637.59198649245
 27693.79313767909
 27749.91418027878
 27805.92436745707
 27861.79322162721
 27917.49056240125
 27972.98653406092


