# Created by Octave 3.8.2, Wed May 11 13:53:15 2016 CEST <Andrea@Andreas-MacBook-Pro.local>
# name: ylin
# type: matrix
# rows: 1
# columns: 100
 168958.4664519108 170100.9832358916 171243.5000198724 172386.0168038531 173528.5335878339 174671.0503718146 175813.5671557953 176956.0839397761 178098.6007237568 179241.1175077376 180383.6342917183 181526.1510756991 182668.6678596798 183811.1846436606 184953.7014276413 186096.2182116221 187238.7349956028 188381.2517795836 189523.7685635643 190666.2853475451 191808.8021315258 192951.3189155065 194093.8356994873 195236.352483468 196378.8692674488 197521.3860514295 198663.9028354103 199806.419619391 200948.9364033718 202091.4531873525 203233.9699713333 204376.486755314 205519.0035392948 206661.5203232755 207804.0371072562 208946.553891237 210089.0706752178 211231.5874591985 212374.1042431792 213516.62102716 214659.1378111407 215801.6545951215 216944.1713791022 218086.688163083 219229.2049470637 220371.7217310445 221514.2385150252 222656.7552990059 223799.2720829867 224941.7888669674 226084.3056509482 227226.8224349289 228369.3392189097 229511.8560028904 230654.3727868712 231796.8895708519 232939.4063548327 234081.9231388134 235224.4399227942 236366.9567067749 237509.4734907557 238651.9902747364 239794.5070587172 240937.0238426979 242079.5406266786 243222.0574106594 244364.5741946401 245507.0909786209 246649.6077626016 247792.1245465824 248934.6413305631 250077.1581145439 251219.6748985246 252362.1916825054 253504.7084664861 254647.2252504669 255789.7420344476 256932.2588184284 258074.7756024091 259217.2923863898 260359.8091703706 261502.3259543513 262644.8427383321 263787.3595223128 264929.8763062936 266072.3930902743 267214.9098742551 268357.4266582358 269499.9434422166 270642.4602261973 271784.9770101781 272927.4937941588 274070.0105781396 275212.5273621203 276355.044146101 277497.5609300818 278640.0777140625 279782.5944980433 280925.111282024 282067.6280660048


