# Created by Octave 3.8.2, Wed May 11 13:52:16 2016 CEST <Andrea@Andreas-MacBook-Pro.local>
# name: mu
# type: matrix
# rows: 1
# columns: 2
 225304.7430939226 89.88950276243094


