# Created by Octave 3.8.2, Wed May 11 13:52:16 2016 CEST <Andrea@Andreas-MacBook-Pro.local>
# name: sigma
# type: matrix
# rows: 1
# columns: 2
 341631.503624164 20.59203918674432


