# Created by Octave 3.8.2, Wed May 11 13:53:15 2016 CEST <Andrea@Andreas-MacBook-Pro.local>
# name: ysvr
# type: matrix
# rows: 100
# columns: 1
 192109.8167174604
 192334.3574341338
 192549.7935330106
 192756.3134465298
 192954.1056071266
 193143.3584472282
 193324.2603992625
 193496.9998956611
 193661.7653688517
 193818.7452512732
 193968.1279753448
 194110.1019735053
 194244.855678182
 194372.5775218044
 194493.4559368043
 194607.6793556101
 194715.4362106551
 194816.9149343665
 194912.3039591784
 195001.7917175175
 195085.5666418143
 195163.8171645016
 195236.7317180078
 195304.4987347645
 195367.3066472013
 195425.3438877483
 195478.7988888364
 195527.8600828954
 195572.7159023563
 195613.5547796489
 195650.5651472037
 195683.9354374511
 195713.8540828215
 195740.509515745
 195764.0901686517
 195784.7844739728
 195802.7808641377
 195818.2677715772
 195831.4336287216
 195842.4668680012
 195851.5559218461
 195858.889222687
 195864.6552029541
 195869.0422950776
 195872.238931488
 195874.4335446155
 195875.8145668906
 195876.5704307434
 195876.8895686044
 195876.9604129039
 195876.9713960722
 195877.1109505397
 195877.5675087366
 195878.5295030934
 195880.1853660403
 195882.7235300076
 195886.3324274258
 195891.2004907251
 195897.5161523359
 195905.4678446884
 195915.2440002132
 195927.0330513403
 195941.0234305003
 195957.4035701233
 195976.3619026398
 195998.0868604801
 196022.7668760747
 196050.5903818535
 196081.7458102472
 196116.4215936861
 196154.8061646003
 196197.0879554201
 196243.4553985759
 196294.0969264988
 196349.2009716185
 196408.9559663646
 196473.550343168
 196543.1725344598
 196618.0109726691
 196698.2540902275
 196784.0903195653
 196875.7080931088
 196973.2958432946
 197077.0420025499
 197187.1350033052
 197303.7632779905
 197427.1152590366
 197557.3793788746
 197694.7440699342
 197839.3977646452
 197991.5288954376
 198151.3258947423
 198318.9771949886
 198494.671228611
 198678.5964280346
 198870.9412256917
 199071.894054013
 199281.6433454283
 199500.3775323709
 199728.2850472644


