# Created by Octave 3.8.2, Wed May 11 13:53:15 2016 CEST <Andrea@Andreas-MacBook-Pro.local>
# name: ysvr
# type: matrix
# rows: 100
# columns: 1
 192250.1829058571
 192324.5507844176
 192398.9186629722
 192473.2865415277
 192547.6544200803
 192622.0222986338
 192696.3901771919
 192770.7580557515
 192845.1259343032
 192919.4938128603
 192993.8616914157
 193068.2295699684
 193142.597448525
 193216.9653270828
 193291.3332056392
 193365.7010841911
 193440.0689627481
 193514.4368413046
 193588.8047198576
 193663.1725984154
 193737.54047697
 193811.9083555264
 193886.2762340801
 193960.6441126379
 194035.0119911946
 194109.3798697485
 194183.7477483052
 194258.1156268597
 194332.4835054146
 194406.8513839697
 194481.2192625254
 194555.5871410815
 194629.955019636
 194704.3228981929
 194778.6907767465
 194853.0586553048
 194927.4265338587
 195001.7944124145
 195076.16229097
 195150.5301695254
 195224.8980480825
 195299.2659266361
 195373.6338051927
 195448.0016837482
 195522.3695623039
 195596.7374408593
 195671.1053194146
 195745.4731979703
 195819.8410765259
 195894.2089550815
 195968.5768336371
 196042.9447121925
 196117.3125907481
 196191.6804693037
 196266.0483478595
 196340.416226415
 196414.7841049703
 196489.1519835258
 196563.5198620812
 196637.8877406365
 196712.2556191929
 196786.6234977483
 196860.9913763035
 196935.3592548595
 197009.7271334137
 197084.0950119712
 197158.462890525
 197232.830769081
 197307.1986476367
 197381.566526194
 197455.9344047489
 197530.3022833029
 197604.6701618578
 197679.0380404159
 197753.4059189715
 197827.7737975254
 197902.141676084
 197976.5095546377
 198050.8774331922
 198125.2453117468
 198199.6131903084
 198273.9810688607
 198348.3489474141
 198422.7168259713
 198497.0847045258
 198571.4525830826
 198645.8204616349
 198720.1883401946
 198794.5562187481
 198868.924097308
 198943.2919758606
 199017.6598544143
 199092.02773297
 199166.3956115273
 199240.7634900835
 199315.1313686394
 199389.4992471926
 199463.8671257473
 199538.2350043033
 199612.6028828601


