# Created by Octave 3.8.2, Wed May 11 13:53:15 2016 CEST <Andrea@Andreas-MacBook-Pro.local>
# name: ysvr
# type: matrix
# rows: 100
# columns: 1
 189495.0258499419
 189538.9495894974
 189594.7769669137
 189662.3803718502
 189741.5710551551
 189832.100448219
 189933.6620026745
 190045.8935315628
 190168.3800270931
 190300.6569245753
 190442.2137769161
 190592.49829945
 190750.9207406971
 190916.8585313186
 191089.6611606076
 191268.6552278339
 191453.1496144256
 191642.440722266
 191835.8177236007
 192032.5677687658
 192231.9810996153
 192433.3560185484
 192636.003665981
 192839.2525623202
 193042.452874485
 193244.9803710683
 193446.2400350558
 193645.669307693
 193842.74094226
 194036.9654515726
 194227.8931382813
 194415.1157020738
 194598.2674229227
 194777.0259242968
 194951.1125247534
 195120.2921906096
 195284.3731061133
 195443.2058811432
 195596.6824193489
 195744.7344722478
 195887.3319069231
 196024.4807165672
 196156.2208042488
 196282.6235710924
 196403.7893402251
 196519.8446478432
 196630.9394322177
 196737.2441506383
 196838.9468532045
 196936.2502410376
 197029.368734918
 197118.5255786307
 197203.9499994768
 197285.8744465468
 197364.5319253588
 197440.1534456014
 197512.9655967421
 197583.1882644946
 197651.0324993869
 197716.6985469698
 197780.3740476806
 197842.232413032
 197902.431383319
 197961.1117710378
 198018.3963930271
 198074.3891932897
 198129.1745577171
 198182.8168209259
 198235.3599647018
 198286.8275067462
 198337.2225777076
 198386.5281835777
 198434.7076499053
 198481.7052432908
 198527.4469648824
 198571.8415094777
 198614.7813830515
 198656.1441703102
 198695.7939428344
 198733.5827972409
 198769.3525116618
 198802.936307498
 198834.1607024765
 198862.8474397476
 198888.8154767248
 198911.8830164284
 198931.8695632298
 198948.597984053
 198961.8965558051
 198971.6009791142
 198977.5563386014
 198979.6189898438
 198977.6583535436
 198971.5585980779
 198961.2201923776
 198946.5613122747
 198927.5190847521
 198904.0506562003
 198876.1340725974
 198843.7689615496


