# Created by Octave 4.0.0, Sun May 22 18:34:22 2016 CEST <peter@Independence>
# name: x
# type: matrix
# rows: 1
# columns: 100
 60 60.60606060606061 61.21212121212122 61.81818181818182 62.42424242424242 63.03030303030303 63.63636363636364 64.24242424242425 64.84848484848484 65.45454545454545 66.06060606060606 66.66666666666666 67.27272727272728 67.87878787878788 68.48484848484848 69.09090909090909 69.69696969696969 70.30303030303031 70.90909090909091 71.51515151515152 72.12121212121212 72.72727272727273 73.33333333333333 73.93939393939394 74.54545454545455 75.15151515151516 75.75757575757575 76.36363636363636 76.96969696969697 77.57575757575758 78.18181818181819 78.78787878787878 79.39393939393939 80 80.60606060606061 81.21212121212122 81.81818181818181 82.42424242424242 83.03030303030303 83.63636363636364 84.24242424242424 84.84848484848484 85.45454545454545 86.06060606060606 86.66666666666666 87.27272727272727 87.87878787878788 88.48484848484848 89.09090909090909 89.69696969696969 90.3030303030303 90.90909090909091 91.51515151515152 92.12121212121211 92.72727272727272 93.33333333333333 93.93939393939394 94.54545454545455 95.15151515151516 95.75757575757575 96.36363636363636 96.96969696969697 97.57575757575756 98.18181818181817 98.78787878787878 99.39393939393939 100 100.6060606060606 101.2121212121212 101.8181818181818 102.4242424242424 103.030303030303 103.6363636363636 104.2424242424242 104.8484848484848 105.4545454545454 106.0606060606061 106.6666666666667 107.2727272727273 107.8787878787879 108.4848484848485 109.0909090909091 109.6969696969697 110.3030303030303 110.9090909090909 111.5151515151515 112.1212121212121 112.7272727272727 113.3333333333333 113.9393939393939 114.5454545454545 115.1515151515151 115.7575757575758 116.3636363636364 116.969696969697 117.5757575757576 118.1818181818182 118.7878787878788 119.3939393939394 120


# name: y
# type: matrix
# rows: 100
# columns: 1
 859258.3902371112
 857575.1095061194
 855841.5081278598
 854058.3082898702
 852226.2802458879
 850346.2418321999
 848419.0579196848
 846445.6398019672
 844426.9445201957
 842363.9741250866
 840257.7748769706
 838109.4363846985
 835920.0906843652
 833690.9112589213
 831423.1119998439
 829117.9461121456
 826776.7049640997
 824400.7168831595
 821991.3458996466
 819549.9904398788
 817078.0819704961
 814577.0835958369
 812048.4886102952
 809493.8190076775
 806914.6239496507
 804312.4781954507
 801688.980495089
 799045.7519483597
 796384.4343320169
 793706.6883975408
 791014.1921419731
 788308.6390543421
 785591.7363402485
 782865.2031272162
 780130.7686534494
 777390.1704426639
 774645.1524676863
 771897.4633055306
 769148.8542866784
 766401.0776412942
 763655.8846451124
 760915.0237677291
 758180.2388260262
 755453.2671454422
 752735.837731785
 750029.6694562631
 747336.4692563802
 744657.9303553103
 741995.7305023271
 739351.530236826
 736726.9711784264
 734123.6743455906
 731543.2385051446
 728987.2385550179
 726457.2239424665
 723954.7171199638
 721481.2120408821
 719038.1726970044
 716627.0316998342
 714249.188907581
 711906.0100996224
 709598.8257001472
 707328.9295525999
 705097.5777464481
 702905.9874977029
 700755.33608452
 698646.7598391142
 696581.3531971143
 694560.1678053858
 692584.211689241
 690654.4484798571
 688771.7967026082
 686937.1291269207
 685151.2721781449
 683415.0054118377
 681729.0610507388
 680094.1235846172
 678510.8294330618
 676979.7666711824
 675501.4748180828
 674076.4446878678
 672705.1183028414
 671387.8888684546
 670125.1008094642
 668917.0498666666
 667763.9832534756
 666666.0998715258
 665623.5505843859
 664636.4385483906
 663704.8195995045
 662828.7026950594
 662008.0504091238
 661242.779480189
 660532.7614097879
 659877.8231105909
 659277.7476024597
 658732.2747548817
 658241.1020741466
 657803.8855335754
 657420.2404450621


# name: QUERY
# type: sq_string
# elements: 1
# length: 2
R3


# name: DATASIZE
# type: sq_string
# elements: 1
# length: 3
750


