# Created by Octave 4.0.0, Wed May 18 23:34:09 2016 CEST <peter@Independence>
# name: x
# type: matrix
# rows: 1
# columns: 100
 60 60.60606060606061 61.21212121212122 61.81818181818182 62.42424242424242 63.03030303030303 63.63636363636364 64.24242424242425 64.84848484848484 65.45454545454545 66.06060606060606 66.66666666666666 67.27272727272728 67.87878787878788 68.48484848484848 69.09090909090909 69.69696969696969 70.30303030303031 70.90909090909091 71.51515151515152 72.12121212121212 72.72727272727273 73.33333333333333 73.93939393939394 74.54545454545455 75.15151515151516 75.75757575757575 76.36363636363636 76.96969696969697 77.57575757575758 78.18181818181819 78.78787878787878 79.39393939393939 80 80.60606060606061 81.21212121212122 81.81818181818181 82.42424242424242 83.03030303030303 83.63636363636364 84.24242424242424 84.84848484848484 85.45454545454545 86.06060606060606 86.66666666666666 87.27272727272727 87.87878787878788 88.48484848484848 89.09090909090909 89.69696969696969 90.3030303030303 90.90909090909091 91.51515151515152 92.12121212121211 92.72727272727272 93.33333333333333 93.93939393939394 94.54545454545455 95.15151515151516 95.75757575757575 96.36363636363636 96.96969696969697 97.57575757575756 98.18181818181817 98.78787878787878 99.39393939393939 100 100.6060606060606 101.2121212121212 101.8181818181818 102.4242424242424 103.030303030303 103.6363636363636 104.2424242424242 104.8484848484848 105.4545454545454 106.0606060606061 106.6666666666667 107.2727272727273 107.8787878787879 108.4848484848485 109.0909090909091 109.6969696969697 110.3030303030303 110.9090909090909 111.5151515151515 112.1212121212121 112.7272727272727 113.3333333333333 113.9393939393939 114.5454545454545 115.1515151515151 115.7575757575758 116.3636363636364 116.969696969697 117.5757575757576 118.1818181818182 118.7878787878788 119.3939393939394 120


# name: y
# type: matrix
# rows: 100
# columns: 1
 873709.0701522217
 871663.1237488611
 869562.2278214922
 867407.3570726195
 865199.5386561799
 862939.8513868375
 860629.4248787961
 858269.438615079
 855861.1209483471
 853405.7480344467
 850904.6427000011
 848359.1732454721
 845770.7521852389
 843140.8349263474
 840470.9183876987
 837762.5395615456
 835017.2740192743
 832236.7343635444
 829422.5686289567
 826576.4586335093
 823700.118283192
 820795.2918321484
 817863.7521009153
 814907.2986553246
 811927.7559487162
 808926.9714301804
 805906.8136216012
 802869.1701663292
 799815.9458523584
 796749.0606129229
 793670.4475074704
 790582.0506859933
 787485.8233397312
 784383.7256412725
 781277.7226770999
 778169.7823756314
 775061.8734338104
 771955.9632452962
 768854.0158332954
 765757.9897910616
 762669.8362330679
 759591.4967598328
 756524.9014393458
 753471.9668080045
 750434.5938939315
 747414.6662654884
 744414.0481077583
 741434.5823297033
 738478.0887046458
 735546.3620466508
 732641.1704253211
 729764.2534214322
 726917.3204257628
 724102.0489833849
 721320.0831855958
 718573.0321115771
 715862.4683217767
 713189.9264049062
 710556.9015803516
 707964.8483576847
 705415.1792548641
 702909.2635766008
 700448.4262542564
 698033.9467485299
 695667.0580160765
 693348.9455410847
 691080.7464327277
 688863.5485892837
 686698.3899296081
 684586.2576925205
 682528.0878045543
 680524.7643164007
 678577.1189082619
 676685.930464213
 674851.9247155607
 673075.7739530699
 671358.0968078192
 669699.4581003388
 668100.3687575721
 666561.2857970982
 665082.6123779486
 663664.6979172493
 662307.8382718205
 661012.2759837694
 659778.2005890211
 658605.7489876348
 657495.005874677
 656446.0042303279
 655458.7258678238
 654533.1020377607
 653669.0140872088
 652866.2941720202
 652124.7260206465
 651444.045747722
 650823.9427156076
 650264.0604420423
 649763.997551996
 649323.3087717722
 648941.505963372
 648618.0591970887


# name: QUERY
# type: sq_string
# elements: 1
# length: 2
R3


# name: DATASIZE
# type: sq_string
# elements: 1
# length: 3
750


