# Created by Octave 4.0.0, Sun May 22 18:34:22 2016 CEST <peter@Independence>
# name: x
# type: matrix
# rows: 1
# columns: 100
 60 60.60606060606061 61.21212121212122 61.81818181818182 62.42424242424242 63.03030303030303 63.63636363636364 64.24242424242425 64.84848484848484 65.45454545454545 66.06060606060606 66.66666666666666 67.27272727272728 67.87878787878788 68.48484848484848 69.09090909090909 69.69696969696969 70.30303030303031 70.90909090909091 71.51515151515152 72.12121212121212 72.72727272727273 73.33333333333333 73.93939393939394 74.54545454545455 75.15151515151516 75.75757575757575 76.36363636363636 76.96969696969697 77.57575757575758 78.18181818181819 78.78787878787878 79.39393939393939 80 80.60606060606061 81.21212121212122 81.81818181818181 82.42424242424242 83.03030303030303 83.63636363636364 84.24242424242424 84.84848484848484 85.45454545454545 86.06060606060606 86.66666666666666 87.27272727272727 87.87878787878788 88.48484848484848 89.09090909090909 89.69696969696969 90.3030303030303 90.90909090909091 91.51515151515152 92.12121212121211 92.72727272727272 93.33333333333333 93.93939393939394 94.54545454545455 95.15151515151516 95.75757575757575 96.36363636363636 96.96969696969697 97.57575757575756 98.18181818181817 98.78787878787878 99.39393939393939 100 100.6060606060606 101.2121212121212 101.8181818181818 102.4242424242424 103.030303030303 103.6363636363636 104.2424242424242 104.8484848484848 105.4545454545454 106.0606060606061 106.6666666666667 107.2727272727273 107.8787878787879 108.4848484848485 109.0909090909091 109.6969696969697 110.3030303030303 110.9090909090909 111.5151515151515 112.1212121212121 112.7272727272727 113.3333333333333 113.9393939393939 114.5454545454545 115.1515151515151 115.7575757575758 116.3636363636364 116.969696969697 117.5757575757576 118.1818181818182 118.7878787878788 119.3939393939394 120


# name: y
# type: matrix
# rows: 1
# columns: 100
 778613.1034453687 778533.2508066569 778453.398167945 778373.5455292332 778293.6928905214 778213.8402518095 778133.9876130976 778054.1349743858 777974.2823356739 777894.4296969621 777814.5770582503 777734.7244195384 777654.8717808266 777575.0191421148 777495.1665034029 777415.3138646911 777335.4612259793 777255.6085872673 777175.7559485555 777095.9033098437 777016.0506711318 776936.19803242 776856.3453937082 776776.4927549963 776696.6401162845 776616.7874775727 776536.9348388608 776457.082200149 776377.2295614372 776297.3769227252 776217.5242840134 776137.6716453016 776057.8190065897 775977.9663678779 775898.1137291661 775818.2610904542 775738.4084517424 775658.5558130306 775578.7031743187 775498.8505356068 775418.997896895 775339.1452581831 775259.2926194713 775179.4399807595 775099.5873420476 775019.7347033358 774939.882064624 774860.0294259121 774780.1767872003 774700.3241484885 774620.4715097765 774540.6188710647 774460.7662323529 774380.913593641 774301.0609549292 774221.2083162174 774141.3556775055 774061.5030387937 773981.6504000819 773901.79776137 773821.9451226582 773742.0924839464 773662.2398452346 773582.3872065226 773502.5345678108 773422.681929099 773342.8292903871 773262.9766516753 773183.1240129635 773103.2713742516 773023.4187355398 772943.566096828 772863.713458116 772783.8608194042 772704.0081806924 772624.1555419805 772544.3029032687 772464.4502645569 772384.597625845 772304.7449871332 772224.8923484214 772145.0397097095 772065.1870709977 771985.3344322859 771905.4817935739 771825.6291548621 771745.7765161503 771665.9238774384 771586.0712387266 771506.2186000148 771426.3659613029 771346.5133225911 771266.6606838793 771186.8080451674 771106.9554064556 771027.1027677438 770947.2501290318 770867.39749032 770787.5448516082 770707.6922128963


# name: QUERY
# type: sq_string
# elements: 1
# length: 2
R3


# name: DATASIZE
# type: sq_string
# elements: 1
# length: 3
750


