# Created by Octave 4.0.0, Sun May 22 18:34:22 2016 CEST <peter@Independence>
# name: x
# type: matrix
# rows: 1
# columns: 100
 60 60.60606060606061 61.21212121212122 61.81818181818182 62.42424242424242 63.03030303030303 63.63636363636364 64.24242424242425 64.84848484848484 65.45454545454545 66.06060606060606 66.66666666666666 67.27272727272728 67.87878787878788 68.48484848484848 69.09090909090909 69.69696969696969 70.30303030303031 70.90909090909091 71.51515151515152 72.12121212121212 72.72727272727273 73.33333333333333 73.93939393939394 74.54545454545455 75.15151515151516 75.75757575757575 76.36363636363636 76.96969696969697 77.57575757575758 78.18181818181819 78.78787878787878 79.39393939393939 80 80.60606060606061 81.21212121212122 81.81818181818181 82.42424242424242 83.03030303030303 83.63636363636364 84.24242424242424 84.84848484848484 85.45454545454545 86.06060606060606 86.66666666666666 87.27272727272727 87.87878787878788 88.48484848484848 89.09090909090909 89.69696969696969 90.3030303030303 90.90909090909091 91.51515151515152 92.12121212121211 92.72727272727272 93.33333333333333 93.93939393939394 94.54545454545455 95.15151515151516 95.75757575757575 96.36363636363636 96.96969696969697 97.57575757575756 98.18181818181817 98.78787878787878 99.39393939393939 100 100.6060606060606 101.2121212121212 101.8181818181818 102.4242424242424 103.030303030303 103.6363636363636 104.2424242424242 104.8484848484848 105.4545454545454 106.0606060606061 106.6666666666667 107.2727272727273 107.8787878787879 108.4848484848485 109.0909090909091 109.6969696969697 110.3030303030303 110.9090909090909 111.5151515151515 112.1212121212121 112.7272727272727 113.3333333333333 113.9393939393939 114.5454545454545 115.1515151515151 115.7575757575758 116.3636363636364 116.969696969697 117.5757575757576 118.1818181818182 118.7878787878788 119.3939393939394 120


# name: y
# type: matrix
# rows: 100
# columns: 1
 816791.5919328667
 815906.7831065981
 815021.9742803294
 814137.1654540608
 813252.3566277921
 812367.5478015235
 811482.7389752548
 810597.9301489862
 809713.1213227175
 808828.3124964489
 807943.5036701802
 807058.6948439116
 806173.8860176429
 805289.0771913741
 804404.2683651055
 803519.4595388368
 802634.6507125682
 801749.8418862995
 800865.0330600309
 799980.2242337622
 799095.4154074936
 798210.6065812249
 797325.7977549563
 796440.9889286876
 795556.180102419
 794671.3712761503
 793786.5624498817
 792901.753623613
 792016.9447973444
 791132.1359710757
 790247.327144807
 789362.5183185383
 788477.7094922697
 787592.900666001
 786708.0918397324
 785823.2830134637
 784938.4741871951
 784053.6653609264
 783168.8565346578
 782284.0477083891
 781399.2388821205
 780514.4300558518
 779629.6212295832
 778744.8124033145
 777860.0035770459
 776975.1947507772
 776090.3859245086
 775205.5770982399
 774320.7682719711
 773435.9594457025
 772551.1506194338
 771666.3417931652
 770781.5329668965
 769896.7241406279
 769011.9153143592
 768127.1064880906
 767242.2976618219
 766357.4888355533
 765472.6800092846
 764587.871183016
 763703.0623567473
 762818.2535304787
 761933.44470421
 761048.6358779414
 760163.8270516727
 759279.018225404
 758394.2093991353
 757509.4005728667
 756624.591746598
 755739.7829203294
 754854.9740940607
 753970.1652677921
 753085.3564415234
 752200.5476152548
 751315.7387889861
 750430.9299627175
 749546.1211364488
 748661.3123101802
 747776.5034839115
 746891.6946576429
 746006.8858313742
 745122.0770051056
 744237.2681788369
 743352.4593525681
 742467.6505262995
 741582.8417000308
 740698.0328737622
 739813.2240474935
 738928.4152212249
 738043.6063949562
 737158.7975686876
 736273.9887424189
 735389.1799161503
 734504.3710898816
 733619.562263613
 732734.7534373443
 731849.9446110757
 730965.135784807
 730080.3269585384
 729195.5181322696


# name: QUERY
# type: sq_string
# elements: 1
# length: 2
R3


# name: DATASIZE
# type: sq_string
# elements: 1
# length: 3
750


