# Created by Octave 4.0.0, Wed May 18 23:34:09 2016 CEST <peter@Independence>
# name: x
# type: matrix
# rows: 1
# columns: 100
 60 60.60606060606061 61.21212121212122 61.81818181818182 62.42424242424242 63.03030303030303 63.63636363636364 64.24242424242425 64.84848484848484 65.45454545454545 66.06060606060606 66.66666666666666 67.27272727272728 67.87878787878788 68.48484848484848 69.09090909090909 69.69696969696969 70.30303030303031 70.90909090909091 71.51515151515152 72.12121212121212 72.72727272727273 73.33333333333333 73.93939393939394 74.54545454545455 75.15151515151516 75.75757575757575 76.36363636363636 76.96969696969697 77.57575757575758 78.18181818181819 78.78787878787878 79.39393939393939 80 80.60606060606061 81.21212121212122 81.81818181818181 82.42424242424242 83.03030303030303 83.63636363636364 84.24242424242424 84.84848484848484 85.45454545454545 86.06060606060606 86.66666666666666 87.27272727272727 87.87878787878788 88.48484848484848 89.09090909090909 89.69696969696969 90.3030303030303 90.90909090909091 91.51515151515152 92.12121212121211 92.72727272727272 93.33333333333333 93.93939393939394 94.54545454545455 95.15151515151516 95.75757575757575 96.36363636363636 96.96969696969697 97.57575757575756 98.18181818181817 98.78787878787878 99.39393939393939 100 100.6060606060606 101.2121212121212 101.8181818181818 102.4242424242424 103.030303030303 103.6363636363636 104.2424242424242 104.8484848484848 105.4545454545454 106.0606060606061 106.6666666666667 107.2727272727273 107.8787878787879 108.4848484848485 109.0909090909091 109.6969696969697 110.3030303030303 110.9090909090909 111.5151515151515 112.1212121212121 112.7272727272727 113.3333333333333 113.9393939393939 114.5454545454545 115.1515151515151 115.7575757575758 116.3636363636364 116.969696969697 117.5757575757576 118.1818181818182 118.7878787878788 119.3939393939394 120


# name: y
# type: matrix
# rows: 100
# columns: 1
 819454.4225730058
 818519.0395370625
 817583.6565011193
 816648.273465176
 815712.8904292327
 814777.5073932896
 813842.1243573462
 812906.7413214031
 811971.3582854598
 811035.9752495165
 810100.5922135733
 809165.20917763
 808229.8261416868
 807294.4431057435
 806359.0600698002
 805423.677033857
 804488.2939979137
 803552.9109619705
 802617.5279260273
 801682.1448900839
 800746.7618541408
 799811.3788181975
 798875.9957822543
 797940.612746311
 797005.2297103677
 796069.8466744245
 795134.4636384812
 794199.080602538
 793263.6975665947
 792328.3145306514
 791392.9314947082
 790457.5484587649
 789522.1654228217
 788586.7823868784
 787651.3993509351
 786716.016314992
 785780.6332790487
 784845.2502431055
 783909.8672071622
 782974.4841712189
 782039.1011352757
 781103.7180993324
 780168.3350633892
 779232.9520274459
 778297.5689915026
 777362.1859555594
 776426.8029196161
 775491.4198836728
 774556.0368477297
 773620.6538117864
 772685.2707758432
 771749.8877398999
 770814.5047039567
 769879.1216680134
 768943.7386320701
 768008.3555961269
 767072.9725601836
 766137.5895242403
 765202.2064882971
 764266.8234523538
 763331.4404164106
 762396.0573804674
 761460.6743445242
 760525.2913085809
 759589.9082726376
 758654.5252366944
 757719.1422007511
 756783.7591648079
 755848.3761288646
 754912.9930929213
 753977.6100569781
 753042.2270210348
 752106.8439850915
 751171.4609491483
 750236.077913205
 749300.6948772619
 748365.3118413185
 747429.9288053754
 746494.5457694321
 745559.1627334888
 744623.7796975456
 743688.3966616023
 742753.013625659
 741817.6305897158
 740882.2475537725
 739946.8645178293
 739011.481481886
 738076.0984459427
 737140.7154099996
 736205.3323740562
 735269.9493381131
 734334.5663021698
 733399.1832662266
 732463.8002302833
 731528.41719434
 730593.0341583968
 729657.6511224535
 728722.2680865102
 727786.885050567
 726851.5020146237


# name: QUERY
# type: sq_string
# elements: 1
# length: 2
R3


# name: DATASIZE
# type: sq_string
# elements: 1
# length: 3
750


