# Created by Octave 4.0.0, Wed May 18 23:34:09 2016 CEST <peter@Independence>
# name: x
# type: matrix
# rows: 1
# columns: 100
 60 60.60606060606061 61.21212121212122 61.81818181818182 62.42424242424242 63.03030303030303 63.63636363636364 64.24242424242425 64.84848484848484 65.45454545454545 66.06060606060606 66.66666666666666 67.27272727272728 67.87878787878788 68.48484848484848 69.09090909090909 69.69696969696969 70.30303030303031 70.90909090909091 71.51515151515152 72.12121212121212 72.72727272727273 73.33333333333333 73.93939393939394 74.54545454545455 75.15151515151516 75.75757575757575 76.36363636363636 76.96969696969697 77.57575757575758 78.18181818181819 78.78787878787878 79.39393939393939 80 80.60606060606061 81.21212121212122 81.81818181818181 82.42424242424242 83.03030303030303 83.63636363636364 84.24242424242424 84.84848484848484 85.45454545454545 86.06060606060606 86.66666666666666 87.27272727272727 87.87878787878788 88.48484848484848 89.09090909090909 89.69696969696969 90.3030303030303 90.90909090909091 91.51515151515152 92.12121212121211 92.72727272727272 93.33333333333333 93.93939393939394 94.54545454545455 95.15151515151516 95.75757575757575 96.36363636363636 96.96969696969697 97.57575757575756 98.18181818181817 98.78787878787878 99.39393939393939 100 100.6060606060606 101.2121212121212 101.8181818181818 102.4242424242424 103.030303030303 103.6363636363636 104.2424242424242 104.8484848484848 105.4545454545454 106.0606060606061 106.6666666666667 107.2727272727273 107.8787878787879 108.4848484848485 109.0909090909091 109.6969696969697 110.3030303030303 110.9090909090909 111.5151515151515 112.1212121212121 112.7272727272727 113.3333333333333 113.9393939393939 114.5454545454545 115.1515151515151 115.7575757575758 116.3636363636364 116.969696969697 117.5757575757576 118.1818181818182 118.7878787878788 119.3939393939394 120


# name: y
# type: matrix
# rows: 1
# columns: 100
 778549.463843532 778471.015894872 778392.5679462119 778314.1199975518 778235.6720488918 778157.2241002317 778078.7761515715 778000.3282029115 777921.8802542514 777843.4323055913 777764.9843569313 777686.5364082712 777608.0884596111 777529.6405109511 777451.1925622909 777372.7446136308 777294.2966649708 777215.8487163107 777137.4007676507 777058.9528189906 776980.5048703304 776902.0569216704 776823.6089730103 776745.1610243502 776666.7130756902 776588.2651270301 776509.81717837 776431.36922971 776352.9212810498 776274.4733323897 776196.0253837297 776117.5774350696 776039.1294864095 775960.6815377495 775882.2335890894 775803.7856404292 775725.3376917692 775646.8897431091 775568.441794449 775489.993845789 775411.5458971289 775333.0979484688 775254.6499998088 775176.2020511486 775097.7541024886 775019.3061538285 774940.8582051684 774862.4102565084 774783.9623078483 774705.5143591881 774627.0664105281 774548.618461868 774470.1705132079 774391.7225645479 774313.2746158878 774234.8266672277 774156.3787185677 774077.9307699075 773999.4828212474 773921.0348725874 773842.5869239273 773764.1389752672 773685.6910266072 773607.2430779471 773528.7951292869 773450.3471806269 773371.8992319668 773293.4512833067 773215.0033346467 773136.5553859866 773058.1074373266 772979.6594886665 772901.2115400063 772822.7635913463 772744.3156426862 772665.8676940261 772587.4197453661 772508.971796706 772430.5238480459 772352.0758993858 772273.6279507257 772195.1800020656 772116.7320534056 772038.2841047455 771959.8361560854 771881.3882074254 771802.9402587652 771724.4923101051 771646.0443614451 771567.596412785 771489.1484641249 771410.7005154649 771332.2525668048 771253.8046181446 771175.3566694846 771096.9087208245 771018.4607721644 770940.0128235044 770861.5648748443 770783.1169261843


# name: QUERY
# type: sq_string
# elements: 1
# length: 2
R3


# name: DATASIZE
# type: sq_string
# elements: 1
# length: 3
750


