# Created by Octave 4.0.0, Wed May 18 23:33:58 2016 CEST <peter@Independence>
# name: SVs
# type: cell
# rows: 1
# columns: 7
# name: <cell-element>
# type: sparse matrix
# nnz: 63
# rows: 9
# columns: 7
1 1 -0.18009485329737
2 1 0.7511813044708294
3 1 1.288948471651366
4 1 0.3354787482534938
5 1 -0.333742615348952
6 1 -0.2372859647276811
7 1 0.002575263808399618
8 1 1.335042800266841
9 1 -0.4583680223463462
1 2 0.4437786420666779
2 2 -0.6021692595300274
3 2 0.7898338257794767
4 2 -1.271970222308473
5 2 0.1786599031202908
6 2 0.6502703408938052
7 2 1.228758391628094
8 2 -1.317626678330551
9 2 -0.2524823122700178
1 3 -0.03185536074609119
2 3 0.01426651125438388
3 3 0.3832414872581844
4 3 -0.1240991047470413
5 3 -1.081127948756899
6 3 -0.9888842047559488
7 3 -1.023475608756305
8 3 -0.4008303367498917
9 3 0.7291555272617474
1 4 1.015511025501151
2 4 5.228749571072278
3 4 -0.2094275222697158
4 4 -0.7034226015520949
5 4 -0.2940519469861833
6 4 -0.268664619571243
7 4 -0.1597106727487911
8 4 -0.4611851858012066
9 4 1.154083520974367
1 5 -1.503908748548773
2 5 -0.1239125294254084
3 5 -0.4527272346786763
4 5 0.37796254701379
5 5 0.1613166008625141
6 5 1.5143923178014
7 5 -0.7187274348348287
8 5 -0.6462984646718282
9 5 -0.4187561247792159
1 6 -1.082595027273128
2 6 0.09217466620359706
3 6 -0.8937778219796337
4 6 -0.8963709801361166
5 6 1.662669500838276
6 6 -0.8389378974159063
7 6 -0.9997980958389159
8 6 -0.9070965277774277
9 6 -0.03683878811420368
1 7 1.576343614489118
2 7 -0.3612454116537562
3 7 1.576343614489118
4 7 0.6075491014176807
5 7 -1.330039924725193
6 7 1.576343614489118
7 7 0.6075491014176807
8 7 0.6075491014176807
9 7 -0.3612454116537562



# name: <cell-element>
# type: sparse matrix
# nnz: 210
# rows: 30
# columns: 7
1 1 -0.18009485329737
2 1 -2.194587733529222
3 1 0.1826845848799762
4 1 0.06659516466322543
5 1 -0.6743284878966253
6 1 0.7511813044708294
7 1 -0.007667920328372511
8 1 1.288948471651366
9 1 0.3354787482534938
10 1 0.2347541042419012
11 1 0.9987249211094893
12 1 0.2518260778031881
13 1 1.625266350808718
14 1 0.6777718181572958
15 1 1.055062433861736
16 1 -0.333742615348952
17 1 0.9492161977817573
18 1 0.3303571561851078
19 1 -1.515123185790004
20 1 -0.2372859647276811
21 1 -0.6248197645688933
22 1 0.002575263808399618
23 1 0.6248487001173065
24 1 -1.192462885481682
25 1 -0.5505566795772954
26 1 -0.1305861299696381
27 1 0.9517769938159504
28 1 1.335042800266841
29 1 -0.4583680223463462
30 1 -1.613287033767404
1 2 0.4437786420666779
2 2 -1.714526551704301
3 2 0.8432726322598639
4 2 0.3649174907558151
5 2 -0.1767341011424786
6 2 -0.6021692595300274
7 2 0.682437389454815
8 2 0.7898338257794767
9 2 -1.271970222308473
10 2 -0.334456403764204
11 2 0.7633738342212267
12 2 -1.790274762831841
13 2 0.629517406338315
14 2 1.467935962380118
15 2 -0.3111093523892776
16 2 0.1786599031202908
17 2 -0.1144752974760081
18 2 0.7197926716546973
19 2 -1.033311474920336
20 2 0.6502703408938052
21 2 -0.7873892004377773
22 2 1.228758391628094
23 2 -0.2135705599784737
24 2 2.142925158797437
25 2 -0.6037257296216891
26 2 -0.9726091413455272
27 2 -0.1430105824898071
28 2 -1.317626678330551
29 2 -0.2524823122700178
30 2 -1.174950253261557
1 3 -0.03185536074609119
2 3 -1.473163860760937
3 3 -0.8505185887545236
4 3 0.8329297392628163
5 3 1.836080455273149
6 3 0.01426651125438388
7 3 -0.1932819127477539
8 3 0.3832414872581844
9 3 -0.1240991047470413
10 3 -0.03185536074609119
11 3 -1.392450584760106
12 3 -0.2048123807478727
13 3 -0.6775615687527421
14 3 0.4063024232584219
15 3 -0.239403784748229
16 3 -1.081127948756899
17 3 -0.2278733167481102
18 3 -1.104188884757136
19 3 1.513227351269824
20 3 -0.9888842047559488
21 3 1.086600035265429
22 3 -1.023475608756305
23 3 0.6253813152606785
24 3 0.5792594432602034
25 3 -1.323267776759393
26 3 2.032098411275168
27 3 0.3601805512579469
28 3 -0.4008303367498917
29 3 0.7291555272617474
30 3 0.8675211432631726
1 4 1.015511025501151
2 4 -0.3257861062548586
3 4 -0.8070875218297676
4 4 0.9224241583130373
5 4 -0.4865725132161469
6 4 5.228749571072278
7 4 -0.4812834866713677
8 4 -0.2094275222697158
9 4 -0.7034226015520949
10 4 -0.4558961592564274
11 4 -0.7869892209596066
12 4 2.958699378053037
13 4 -0.587064017566952
14 4 -0.6452433095595235
15 4 -0.336364159344417
16 4 -0.2940519469861833
17 4 -0.7922782475043858
18 4 1.379396051781962
19 4 -0.133265540024895
20 4 -0.268664619571243
21 4 -0.1893292213995547
22 4 -0.1597106727487911
23 4 -0.09095332766666124
24 4 -0.2633755930264638
25 4 -0.7690065307073572
26 4 -0.06027697370694176
27 4 -0.02431159320244307
28 4 -0.4611851858012066
29 4 1.154083520974367
30 4 -0.5627344954609677
1 5 -1.503908748548773
2 5 1.856026309809181
3 5 -0.4078597310378795
4 5 -0.6354020709304918
5 5 -0.5572044217279603
6 5 -0.1239125294254084
7 5 0.9567533439800686
8 5 -0.4527272346786763
9 5 0.37796254701379
10 5 0.01389480318561032
11 5 4.920476808475603
12 5 0.849712299579882
13 5 -0.459136878055933
14 5 -0.9763950986005474
15 5 0.4971819138307643
16 5 0.1613166008625141
17 5 0.4676975542953836
18 5 -0.816794978506856
19 5 -1.14625064809785
20 5 1.5143923178014
21 5 -0.0893004551882223
22 5 -0.7187274348348287
23 5 -0.1815993198207186
24 5 0.1677262442397708
25 5 -0.8308961939368207
26 5 -0.4661874857709153
27 5 0.2997648978112584
28 5 -0.6462984646718282
29 5 -0.4187561247792159
30 5 -0.1425004952194528
1 6 -1.082595027273128
2 6 -0.844185590253286
3 6 0.02497504403604136
4 6 1.632648708334378
5 6 1.557846069205063
6 6 0.09217466620359706
7 6 0.136358091715979
8 6 -0.8937778219796337
9 6 -0.8963709801361166
10 6 0.09261197394004536
11 6 -0.4509922307274006
12 6 -0.8591691342758041
13 6 -0.8913918095930474
14 6 -0.01639273341885764
15 6 0.2010105881203621
16 6 1.662669500838276
17 6 0.1800274888363954
18 6 -0.9648058048575
19 6 1.393817307709191
20 6 -0.8389378974159063
21 6 1.647340713865931
22 6 -0.9997980958389159
23 6 0.0637036309411471
24 6 1.614120670026963
25 6 -1.021740203316848
26 6 1.623127674984688
27 6 -0.8977519519354271
28 6 -0.9070965277774277
29 6 -0.03683878811420368
30 6 1.53318805052182
1 7 1.576343614489118
2 7 1.576343614489118
3 7 -0.3612454116537562
4 7 -1.330039924725193
5 7 -1.330039924725193
6 7 -0.3612454116537562
7 7 -0.3612454116537562
8 7 1.576343614489118
9 7 0.6075491014176807
10 7 -0.3612454116537562
11 7 1.576343614489118
12 7 1.576343614489118
13 7 0.6075491014176807
14 7 -0.3612454116537562
15 7 -0.3612454116537562
16 7 -1.330039924725193
17 7 -0.3612454116537562
18 7 0.6075491014176807
19 7 -1.330039924725193
20 7 1.576343614489118
21 7 -1.330039924725193
22 7 0.6075491014176807
23 7 -0.3612454116537562
24 7 -1.330039924725193
25 7 0.6075491014176807
26 7 -1.330039924725193
27 7 0.6075491014176807
28 7 0.6075491014176807
29 7 -0.3612454116537562
30 7 -1.330039924725193



