# Created by Octave 4.0.0, Wed May 18 23:33:48 2016 CEST <peter@Independence>
# name: mu
# type: matrix
# rows: 1
# columns: 8
 774995.3728813559 43086.98305084746 86268.64406779662 2798.762711864407 5161.983050847458 35730.32203389831 582207.6779661017 87.45762711864407


# name: sigma
# type: matrix
# rows: 1
# columns: 8
 156532.254100189 1171.510717738741 1927.438256649733 86.72674864452161 945.3535461899852 1560.149201979468 130342.9947591117 20.64421270986827


