# Created by Octave 4.0.0, Sun May 22 18:34:22 2016 CEST <peter@Independence>
# name: x
# type: matrix
# rows: 1
# columns: 100
 60 60.60606060606061 61.21212121212122 61.81818181818182 62.42424242424242 63.03030303030303 63.63636363636364 64.24242424242425 64.84848484848484 65.45454545454545 66.06060606060606 66.66666666666666 67.27272727272728 67.87878787878788 68.48484848484848 69.09090909090909 69.69696969696969 70.30303030303031 70.90909090909091 71.51515151515152 72.12121212121212 72.72727272727273 73.33333333333333 73.93939393939394 74.54545454545455 75.15151515151516 75.75757575757575 76.36363636363636 76.96969696969697 77.57575757575758 78.18181818181819 78.78787878787878 79.39393939393939 80 80.60606060606061 81.21212121212122 81.81818181818181 82.42424242424242 83.03030303030303 83.63636363636364 84.24242424242424 84.84848484848484 85.45454545454545 86.06060606060606 86.66666666666666 87.27272727272727 87.87878787878788 88.48484848484848 89.09090909090909 89.69696969696969 90.3030303030303 90.90909090909091 91.51515151515152 92.12121212121211 92.72727272727272 93.33333333333333 93.93939393939394 94.54545454545455 95.15151515151516 95.75757575757575 96.36363636363636 96.96969696969697 97.57575757575756 98.18181818181817 98.78787878787878 99.39393939393939 100 100.6060606060606 101.2121212121212 101.8181818181818 102.4242424242424 103.030303030303 103.6363636363636 104.2424242424242 104.8484848484848 105.4545454545454 106.0606060606061 106.6666666666667 107.2727272727273 107.8787878787879 108.4848484848485 109.0909090909091 109.6969696969697 110.3030303030303 110.9090909090909 111.5151515151515 112.1212121212121 112.7272727272727 113.3333333333333 113.9393939393939 114.5454545454545 115.1515151515151 115.7575757575758 116.3636363636364 116.969696969697 117.5757575757576 118.1818181818182 118.7878787878788 119.3939393939394 120


# name: y
# type: matrix
# rows: 100
# columns: 1
 768906.6946682837
 768625.4147381298
 768356.5498924515
 768099.8199131984
 767854.9445823196
 767621.6436817648
 767399.6369934836
 767188.6442994253
 766988.3853815395
 766798.5800217756
 766618.948002083
 766449.2091044113
 766289.08311071
 766138.2898029286
 765996.5489630165
 765863.5803729232
 765739.1038145981
 765622.8390699908
 765514.5059210508
 765413.8241497275
 765320.5135379704
 765234.2938677289
 765154.8849209527
 765082.0064795911
 765015.3783255937
 764954.7202409097
 764899.752007489
 764850.1934072807
 764805.7642222346
 764766.1842342999
 764731.1732254263
 764700.4509775632
 764673.73727266
 764650.7518926663
 764631.2146195316
 764614.8452352053
 764601.3635216368
 764590.4892607757
 764581.9422345714
 764575.4422249736
 764570.7090139316
 764567.4623833947
 764565.4221153128
 764564.3079916351
 764563.839794311
 764563.7373052903
 764563.7203065222
 764563.5085799563
 764562.8219075421
 764561.380071229
 764558.9028529665
 764555.1100347041
 764549.7213983914
 764542.4567259776
 764533.0357994125
 764521.1784006454
 764506.6043116257
 764489.033314303
 764468.1851906269
 764443.7797225467
 764415.5366920119
 764383.1758809719
 764346.4170713765
 764304.9800451748
 764258.5845843166
 764206.9504707512
 764149.7974864279
 764086.8454132966
 764017.8140333066
 763942.4231284072
 763860.3924805481
 763771.4418716788
 763675.2910837487
 763571.6598987072
 763460.2680985038
 763340.8354650881
 763213.0817804096
 763076.7268264176
 762931.4903850617
 762777.0922382913
 762613.2521680561
 762439.6899563053
 762256.1253849885
 762062.2782360552
 761857.8682914549
 761642.615333137
 761416.239143051
 761178.4595031465
 760928.9961953728
 760667.5690016795
 760393.8977040161
 760107.7020843319
 759808.7019245765
 759496.6170066996
 759171.1671126503
 758832.0720243783
 758479.051523833
 758111.8253929639
 757730.1134137205
 757333.6353680523


# name: QUERY
# type: sq_string
# elements: 1
# length: 2
R3


# name: DATASIZE
# type: sq_string
# elements: 1
# length: 3
750


