# Created by Octave 4.0.0, Wed May 18 23:34:09 2016 CEST <peter@Independence>
# name: x
# type: matrix
# rows: 1
# columns: 100
 60 60.60606060606061 61.21212121212122 61.81818181818182 62.42424242424242 63.03030303030303 63.63636363636364 64.24242424242425 64.84848484848484 65.45454545454545 66.06060606060606 66.66666666666666 67.27272727272728 67.87878787878788 68.48484848484848 69.09090909090909 69.69696969696969 70.30303030303031 70.90909090909091 71.51515151515152 72.12121212121212 72.72727272727273 73.33333333333333 73.93939393939394 74.54545454545455 75.15151515151516 75.75757575757575 76.36363636363636 76.96969696969697 77.57575757575758 78.18181818181819 78.78787878787878 79.39393939393939 80 80.60606060606061 81.21212121212122 81.81818181818181 82.42424242424242 83.03030303030303 83.63636363636364 84.24242424242424 84.84848484848484 85.45454545454545 86.06060606060606 86.66666666666666 87.27272727272727 87.87878787878788 88.48484848484848 89.09090909090909 89.69696969696969 90.3030303030303 90.90909090909091 91.51515151515152 92.12121212121211 92.72727272727272 93.33333333333333 93.93939393939394 94.54545454545455 95.15151515151516 95.75757575757575 96.36363636363636 96.96969696969697 97.57575757575756 98.18181818181817 98.78787878787878 99.39393939393939 100 100.6060606060606 101.2121212121212 101.8181818181818 102.4242424242424 103.030303030303 103.6363636363636 104.2424242424242 104.8484848484848 105.4545454545454 106.0606060606061 106.6666666666667 107.2727272727273 107.8787878787879 108.4848484848485 109.0909090909091 109.6969696969697 110.3030303030303 110.9090909090909 111.5151515151515 112.1212121212121 112.7272727272727 113.3333333333333 113.9393939393939 114.5454545454545 115.1515151515151 115.7575757575758 116.3636363636364 116.969696969697 117.5757575757576 118.1818181818182 118.7878787878788 119.3939393939394 120


# name: y
# type: matrix
# rows: 100
# columns: 1
 753346.2556110137
 752717.6988768342
 752116.8852701088
 751543.1886070119
 750995.9827037181
 750474.6413764019
 749978.5384412379
 749507.0477144005
 749059.5430120642
 748635.3981504036
 748233.9869455934
 747854.6832138079
 747496.8607712217
 747159.8934340093
 746843.1550183452
 746546.0193404041
 746267.8602163602
 746008.0514623884
 745765.9668946629
 745540.9803293585
 745332.4655826496
 745139.7964707107
 744962.3468097163
 744799.490415841
 744650.6011052594
 744515.0526941458
 744392.218998675
 744281.4738350214
 744182.1910193594
 744093.7443678636
 744015.5076967088
 743946.8548220691
 743887.1595601193
 743835.7957270339
 743792.1371389872
 743755.5576121541
 743725.4309627088
 743701.1310068259
 743682.0315606801
 743667.5064404458
 743656.9294622976
 743649.6744424098
 743645.1151969573
 743642.6255421141
 743641.5792940554
 743641.3502689551
 743641.3122829881
 743640.8391523288
 743639.3046931518
 743636.0827216315
 743630.5470539426
 743622.0715062595
 743610.0298947566
 743593.7960356087
 743572.7437449903
 743546.2468390757
 743513.6791340397
 743474.4144460566
 743427.826591301
 743373.2893859474
 743310.1766461704
 743237.8621881446
 743155.7198280443
 743063.1233820441
 742959.4466663187
 742844.0634970425
 742716.34769039
 742575.6730625357
 742421.4134296542
 742252.94260792
 742069.6344135078
 741870.8626625917
 741656.0011713466
 741424.423755947
 741175.5042325673
 740908.6164173819
 740623.1341265657
 740318.4311762929
 739993.8813827382
 739648.8585620761
 739282.736530481
 738894.8891041277
 738484.6900991903
 738051.5133318438
 737594.7326182624
 737113.7217746208
 736607.8546170933
 736076.5049618548
 735519.0466250795
 734934.8534229421
 734323.299171617
 733683.7576872788
 733015.602786102
 732318.2082842612
 731590.9479979308
 730833.1957432855
 730044.3253364997
 729223.7105937479
 728370.7253312047
 727484.7433650446


# name: QUERY
# type: sq_string
# elements: 1
# length: 2
R3


# name: DATASIZE
# type: sq_string
# elements: 1
# length: 3
750


