# Created by Octave 4.0.0, Sun May 22 18:34:22 2016 CEST <peter@Independence>
# name: x
# type: matrix
# rows: 1
# columns: 100
 60 60.60606060606061 61.21212121212122 61.81818181818182 62.42424242424242 63.03030303030303 63.63636363636364 64.24242424242425 64.84848484848484 65.45454545454545 66.06060606060606 66.66666666666666 67.27272727272728 67.87878787878788 68.48484848484848 69.09090909090909 69.69696969696969 70.30303030303031 70.90909090909091 71.51515151515152 72.12121212121212 72.72727272727273 73.33333333333333 73.93939393939394 74.54545454545455 75.15151515151516 75.75757575757575 76.36363636363636 76.96969696969697 77.57575757575758 78.18181818181819 78.78787878787878 79.39393939393939 80 80.60606060606061 81.21212121212122 81.81818181818181 82.42424242424242 83.03030303030303 83.63636363636364 84.24242424242424 84.84848484848484 85.45454545454545 86.06060606060606 86.66666666666666 87.27272727272727 87.87878787878788 88.48484848484848 89.09090909090909 89.69696969696969 90.3030303030303 90.90909090909091 91.51515151515152 92.12121212121211 92.72727272727272 93.33333333333333 93.93939393939394 94.54545454545455 95.15151515151516 95.75757575757575 96.36363636363636 96.96969696969697 97.57575757575756 98.18181818181817 98.78787878787878 99.39393939393939 100 100.6060606060606 101.2121212121212 101.8181818181818 102.4242424242424 103.030303030303 103.6363636363636 104.2424242424242 104.8484848484848 105.4545454545454 106.0606060606061 106.6666666666667 107.2727272727273 107.8787878787879 108.4848484848485 109.0909090909091 109.6969696969697 110.3030303030303 110.9090909090909 111.5151515151515 112.1212121212121 112.7272727272727 113.3333333333333 113.9393939393939 114.5454545454545 115.1515151515151 115.7575757575758 116.3636363636364 116.969696969697 117.5757575757576 118.1818181818182 118.7878787878788 119.3939393939394 120


# name: y
# type: matrix
# rows: 100
# columns: 1
 755956.9272167836
 755968.0165248521
 755978.3798377538
 755988.0495554309
 755997.0573381865
 756005.4341066851
 756013.2100419522
 756020.4145853746
 756027.0764387001
 756033.2235640377
 756038.8831838578
 756044.0817809914
 756048.8450986313
 756053.1981403313
 756057.1651700059
 756060.7697119312
 756064.0345507445
 756066.981731444
 756069.6325593891
 756072.0076003006
 756074.1266802603
 756076.008885711
 756077.6725634568
 756079.1353206632
 756080.4140248565
 756081.5248039243
 756082.4830461153
 756083.3034000394
 756083.9997746679
 756084.5853393327
 756085.0725237274
 756085.4730179067
 756085.7977722859
 756086.0569976422
 756086.2601651135
 756086.416006199
 756086.5325127591
 756086.6169370152
 756086.6757915502
 756086.7148493077
 756086.7391435927
 756086.7529680715
 756086.7598767712
 756086.7626840805
 756086.763464749
 756086.7635538873
 756086.7635469675
 756086.7632998226
 756086.7619286471
 756086.757809996
 756086.7485807863
 756086.7311382956
 756086.7016401627
 756086.6555043879
 756086.5874093323
 756086.4912937181
 756086.3603566291
 756086.18705751
 756085.9631161665
 756085.6795127658
 756085.326487836
 756084.8935422663
 756084.3694373075
 756083.742194571
 756082.9990960297
 756082.1266840177
 756081.11076123
 756079.936390723
 756078.587895914
 756077.0488605818
 756075.3021288662
 756073.329805268
 756071.1132546493
 756068.6331022335
 756065.8692336049
 756062.8007947091
 756059.4061918529
 756055.663091704
 756051.5484212918
 756047.0383680062
 756042.1083795988
 756036.733164182
 756030.8866902295
 756024.5421865763
 756017.6721424183
 756010.2483073127
 756002.2416911777
 755993.6225642931
 755984.3604572993
 755974.4241611982
 755963.7817273528
 755952.4004674871
 755940.2469536866
 755927.2870183976
 755913.4857544277
 755898.8075149459
 755883.2159134819
 755866.6738239268
 755849.1433805331
 755830.5859779139


# name: QUERY
# type: sq_string
# elements: 1
# length: 2
R3


# name: DATASIZE
# type: sq_string
# elements: 1
# length: 3
750


