# Created by Octave 4.0.0, Wed May 18 23:34:09 2016 CEST <peter@Independence>
# name: x
# type: matrix
# rows: 1
# columns: 100
 60 60.60606060606061 61.21212121212122 61.81818181818182 62.42424242424242 63.03030303030303 63.63636363636364 64.24242424242425 64.84848484848484 65.45454545454545 66.06060606060606 66.66666666666666 67.27272727272728 67.87878787878788 68.48484848484848 69.09090909090909 69.69696969696969 70.30303030303031 70.90909090909091 71.51515151515152 72.12121212121212 72.72727272727273 73.33333333333333 73.93939393939394 74.54545454545455 75.15151515151516 75.75757575757575 76.36363636363636 76.96969696969697 77.57575757575758 78.18181818181819 78.78787878787878 79.39393939393939 80 80.60606060606061 81.21212121212122 81.81818181818181 82.42424242424242 83.03030303030303 83.63636363636364 84.24242424242424 84.84848484848484 85.45454545454545 86.06060606060606 86.66666666666666 87.27272727272727 87.87878787878788 88.48484848484848 89.09090909090909 89.69696969696969 90.3030303030303 90.90909090909091 91.51515151515152 92.12121212121211 92.72727272727272 93.33333333333333 93.93939393939394 94.54545454545455 95.15151515151516 95.75757575757575 96.36363636363636 96.96969696969697 97.57575757575756 98.18181818181817 98.78787878787878 99.39393939393939 100 100.6060606060606 101.2121212121212 101.8181818181818 102.4242424242424 103.030303030303 103.6363636363636 104.2424242424242 104.8484848484848 105.4545454545454 106.0606060606061 106.6666666666667 107.2727272727273 107.8787878787879 108.4848484848485 109.0909090909091 109.6969696969697 110.3030303030303 110.9090909090909 111.5151515151515 112.1212121212121 112.7272727272727 113.3333333333333 113.9393939393939 114.5454545454545 115.1515151515151 115.7575757575758 116.3636363636364 116.969696969697 117.5757575757576 118.1818181818182 118.7878787878788 119.3939393939394 120


# name: y
# type: matrix
# rows: 100
# columns: 1
 727278.084364219
 727297.0107444146
 727314.6980517608
 727331.2015839929
 727346.5753764873
 727360.8722022618
 727374.1435719752
 727386.4397339273
 727397.8096740594
 727408.3011159538
 727417.9605208342
 727426.833087565
 727434.9627526522
 727442.3921902429
 727449.1628121253
 727455.3147677288
 727460.8869441239
 727465.9169660223
 727470.4411957772
 727474.4947333822
 727478.1114164732
 727481.3238203261
 727484.1632578589
 727486.6597796301
 727488.84217384
 727490.7379663294
 727492.373420581
 727493.773537718
 727494.962056505
 727495.9614533483
 727496.7929422945
 727497.4764750319
 727498.0307408901
 727498.4731668393
 727498.8199174915
 727499.0858950996
 727499.2847395574
 727499.4288284006
 727499.5292768051
 727499.595937589
 727499.6374012107
 727499.6609957705
 727499.6727870092
 727499.6775783093
 727499.6789106942
 727499.6790628287
 727499.6790510184
 727499.6786292106
 727499.6762889932
 727499.6692595958
 727499.6535078888
 727499.6237383839
 727499.5733932339
 727499.4946522332
 727499.3784328167
 727499.2143900609
 727498.9909166835
 727498.6951430431
 727498.3129371396
 727497.8289046144
 727497.2263887497
 727496.4874704687
 727495.5929683363
 727494.5224385583
 727493.2541749815
 727491.7652090943
 727490.0313100258
 727488.0269845468
 727485.7254770688
 727483.0987696447
 727480.1175819687
 727476.7513713758
 727472.9683328423
 727468.7353989861
 727464.0182400658
 727458.7812639812
 727452.9876162736
 727446.5991801252
 727439.5765763593
 727431.8791634408
 727423.4650374752
 727414.2910322098
 727404.3127190324
 727393.4844069725
 727381.7591427006
 727369.0887105283
 727355.4236324087
 727340.7131679355
 727324.9053143441
 727307.9468065108
 727289.7831169531
 727270.3584558298
 727249.6157709409
 727227.4967477273
 727203.9418092713
 727178.8901162965
 727152.2795671673
 727124.0467978894
 727094.1271821101
 727062.4548311172


# name: QUERY
# type: sq_string
# elements: 1
# length: 2
R3


# name: DATASIZE
# type: sq_string
# elements: 1
# length: 3
750


