# Created by Octave 4.0.0, Sun May 22 18:34:22 2016 CEST <peter@Independence>
# name: x
# type: matrix
# rows: 1
# columns: 100
 60 60.60606060606061 61.21212121212122 61.81818181818182 62.42424242424242 63.03030303030303 63.63636363636364 64.24242424242425 64.84848484848484 65.45454545454545 66.06060606060606 66.66666666666666 67.27272727272728 67.87878787878788 68.48484848484848 69.09090909090909 69.69696969696969 70.30303030303031 70.90909090909091 71.51515151515152 72.12121212121212 72.72727272727273 73.33333333333333 73.93939393939394 74.54545454545455 75.15151515151516 75.75757575757575 76.36363636363636 76.96969696969697 77.57575757575758 78.18181818181819 78.78787878787878 79.39393939393939 80 80.60606060606061 81.21212121212122 81.81818181818181 82.42424242424242 83.03030303030303 83.63636363636364 84.24242424242424 84.84848484848484 85.45454545454545 86.06060606060606 86.66666666666666 87.27272727272727 87.87878787878788 88.48484848484848 89.09090909090909 89.69696969696969 90.3030303030303 90.90909090909091 91.51515151515152 92.12121212121211 92.72727272727272 93.33333333333333 93.93939393939394 94.54545454545455 95.15151515151516 95.75757575757575 96.36363636363636 96.96969696969697 97.57575757575756 98.18181818181817 98.78787878787878 99.39393939393939 100 100.6060606060606 101.2121212121212 101.8181818181818 102.4242424242424 103.030303030303 103.6363636363636 104.2424242424242 104.8484848484848 105.4545454545454 106.0606060606061 106.6666666666667 107.2727272727273 107.8787878787879 108.4848484848485 109.0909090909091 109.6969696969697 110.3030303030303 110.9090909090909 111.5151515151515 112.1212121212121 112.7272727272727 113.3333333333333 113.9393939393939 114.5454545454545 115.1515151515151 115.7575757575758 116.3636363636364 116.969696969697 117.5757575757576 118.1818181818182 118.7878787878788 119.3939393939394 120


# name: y
# type: matrix
# rows: 100
# columns: 1
 727364.8756820073
 727417.5712045272
 727469.0906211917
 727519.4339320008
 727568.6011369545
 727616.592236053
 727663.4072292959
 727709.0461166836
 727753.5088982158
 727796.7955738928
 727838.9061437143
 727879.8406076805
 727919.5989657913
 727958.1812180467
 727995.5873644467
 728031.8174049914
 728066.8713396806
 728100.7491685146
 728133.4508914932
 728164.9765086164
 728195.3260198842
 728224.4994252967
 728252.4967248538
 728279.3179185555
 728304.9630064018
 728329.4319883928
 728352.7248645284
 728374.8416348086
 728395.7822992335
 728415.546857803
 728434.1353105172
 728451.5476573758
 728467.7838983792
 728482.8440335272
 728496.7280628199
 728509.4359862572
 728520.967803839
 728531.3235155656
 728540.5031214367
 728548.5066214525
 728555.334015613
 728560.9853039179
 728565.4604863676
 728568.759562962
 728570.8825337009
 728571.8293985844
 728571.6001576126
 728570.1948107855
 728567.6133581029
 728563.855799565
 728558.9221351717
 728552.8123649231
 728545.5264888189
 728537.0645068595
 728527.4264190448
 728516.6122253747
 728504.6219258491
 728491.4555204683
 728477.113009232
 728461.5943921404
 728444.8996691934
 728427.028840391
 728407.9819057332
 728387.7588652201
 728366.3597188516
 728343.7844666279
 728320.0331085486
 728295.105644614
 728269.0020748241
 728241.7223991787
 728213.266617678
 728183.6347303219
 728152.8267371105
 728120.8426380437
 728087.6824331215
 728053.3461223439
 728017.8337057109
 727981.1451832227
 727943.280554879
 727904.23982068
 727864.0229806256
 727822.6300347158
 727780.0609829506
 727736.3158253301
 727691.3945618542
 727645.297192523
 727598.0237173364
 727549.5741362943
 727499.948449397
 727449.1466566442
 727397.1687580361
 727344.0147535726
 727289.6846432538
 727234.1784270796
 727177.49610505
 727119.637677165
 727060.6031434246
 727000.3925038289
 726939.0057583778
 726876.4429070713


# name: QUERY
# type: sq_string
# elements: 1
# length: 2
R3


# name: DATASIZE
# type: sq_string
# elements: 1
# length: 3
750


