# Created by Octave 4.0.0, Wed May 18 23:34:09 2016 CEST <peter@Independence>
# name: x
# type: matrix
# rows: 1
# columns: 100
 60 60.60606060606061 61.21212121212122 61.81818181818182 62.42424242424242 63.03030303030303 63.63636363636364 64.24242424242425 64.84848484848484 65.45454545454545 66.06060606060606 66.66666666666666 67.27272727272728 67.87878787878788 68.48484848484848 69.09090909090909 69.69696969696969 70.30303030303031 70.90909090909091 71.51515151515152 72.12121212121212 72.72727272727273 73.33333333333333 73.93939393939394 74.54545454545455 75.15151515151516 75.75757575757575 76.36363636363636 76.96969696969697 77.57575757575758 78.18181818181819 78.78787878787878 79.39393939393939 80 80.60606060606061 81.21212121212122 81.81818181818181 82.42424242424242 83.03030303030303 83.63636363636364 84.24242424242424 84.84848484848484 85.45454545454545 86.06060606060606 86.66666666666666 87.27272727272727 87.87878787878788 88.48484848484848 89.09090909090909 89.69696969696969 90.3030303030303 90.90909090909091 91.51515151515152 92.12121212121211 92.72727272727272 93.33333333333333 93.93939393939394 94.54545454545455 95.15151515151516 95.75757575757575 96.36363636363636 96.96969696969697 97.57575757575756 98.18181818181817 98.78787878787878 99.39393939393939 100 100.6060606060606 101.2121212121212 101.8181818181818 102.4242424242424 103.030303030303 103.6363636363636 104.2424242424242 104.8484848484848 105.4545454545454 106.0606060606061 106.6666666666667 107.2727272727273 107.8787878787879 108.4848484848485 109.0909090909091 109.6969696969697 110.3030303030303 110.9090909090909 111.5151515151515 112.1212121212121 112.7272727272727 113.3333333333333 113.9393939393939 114.5454545454545 115.1515151515151 115.7575757575758 116.3636363636364 116.969696969697 117.5757575757576 118.1818181818182 118.7878787878788 119.3939393939394 120


# name: y
# type: matrix
# rows: 100
# columns: 1
 726090.3345910937
 726096.5018379175
 726102.0110026783
 726106.9195033478
 726111.2809156906
 726115.1451486319
 726118.5586155297
 726121.5644013492
 726124.20242574
 726126.509602017
 726128.5199920445
 726130.2649570227
 726131.773304178
 726133.0714293559
 726134.1834555172
 726135.1313671375
 726135.9351405096
 726136.6128699484
 726137.1808899002
 726137.6538929541
 726138.0450437566
 726138.3660888297
 726138.6274622919
 726138.8383874819
 726139.0069744859
 726139.1403135685
 726139.2445645048
 726139.3250418181
 726139.3862959183
 726139.4321901454
 726139.4659737148
 726139.4903505666
 726139.5075441165
 726139.5193579119
 726139.5272321895
 726139.5322963367
 726139.5354172554
 726139.53724363
 726139.538246098
 726139.5387533226
 726139.5389839705
 726139.5390745912
 726139.5391033998
 726139.5391099631
 726139.5391107885
 726139.5391108167
 726139.539110816
 726139.5391106817
 726139.539108637
 726139.5390963373
 726139.5390498785
 726139.5389167072
 726139.5385984348
 726139.5379295544
 726139.5366520607
 726139.5343859732
 726139.5305957628
 726139.5245526801
 726139.5152929889
 726139.501572101
 726139.4818146154
 726139.4540602592
 726139.4159057331
 726139.3644424591
 726139.2961902312
 726139.2070267698
 726139.0921131787
 726138.9458153056
 726138.7616210051
 726138.5320533055
 726138.2485794781
 726137.9015160102
 726137.4799294802
 726136.9715333375
 726136.3625805832
 726135.6377523561
 726134.7800424204
 726133.7706375568
 726132.5887938575
 726131.2117089229
 726129.6143899621
 726127.7695177972
 726125.6473067693
 726123.2153605489
 726120.4385238483
 726117.2787300376
 726113.6948446644
 726109.6425048752
 726105.0739547412
 726099.9378764866
 726094.1792176197
 726087.7390139682
 726080.554208616
 726072.5574667448
 726063.6769863771
 726053.8363050241
 726042.9541022348
 726030.9439980497
 726017.7143473574
 726003.1680301527


# name: QUERY
# type: sq_string
# elements: 1
# length: 2
R3


# name: DATASIZE
# type: sq_string
# elements: 1
# length: 3
750


