# Created by Octave 4.0.0, Sun May 22 18:34:22 2016 CEST <peter@Independence>
# name: x
# type: matrix
# rows: 1
# columns: 100
 60 60.60606060606061 61.21212121212122 61.81818181818182 62.42424242424242 63.03030303030303 63.63636363636364 64.24242424242425 64.84848484848484 65.45454545454545 66.06060606060606 66.66666666666666 67.27272727272728 67.87878787878788 68.48484848484848 69.09090909090909 69.69696969696969 70.30303030303031 70.90909090909091 71.51515151515152 72.12121212121212 72.72727272727273 73.33333333333333 73.93939393939394 74.54545454545455 75.15151515151516 75.75757575757575 76.36363636363636 76.96969696969697 77.57575757575758 78.18181818181819 78.78787878787878 79.39393939393939 80 80.60606060606061 81.21212121212122 81.81818181818181 82.42424242424242 83.03030303030303 83.63636363636364 84.24242424242424 84.84848484848484 85.45454545454545 86.06060606060606 86.66666666666666 87.27272727272727 87.87878787878788 88.48484848484848 89.09090909090909 89.69696969696969 90.3030303030303 90.90909090909091 91.51515151515152 92.12121212121211 92.72727272727272 93.33333333333333 93.93939393939394 94.54545454545455 95.15151515151516 95.75757575757575 96.36363636363636 96.96969696969697 97.57575757575756 98.18181818181817 98.78787878787878 99.39393939393939 100 100.6060606060606 101.2121212121212 101.8181818181818 102.4242424242424 103.030303030303 103.6363636363636 104.2424242424242 104.8484848484848 105.4545454545454 106.0606060606061 106.6666666666667 107.2727272727273 107.8787878787879 108.4848484848485 109.0909090909091 109.6969696969697 110.3030303030303 110.9090909090909 111.5151515151515 112.1212121212121 112.7272727272727 113.3333333333333 113.9393939393939 114.5454545454545 115.1515151515151 115.7575757575758 116.3636363636364 116.969696969697 117.5757575757576 118.1818181818182 118.7878787878788 119.3939393939394 120


# name: y
# type: matrix
# rows: 100
# columns: 1
 762588.4225279585
 762590.0381651679
 762591.4814042393
 762592.7672869923
 762593.9098487005
 762594.922164034
 762595.816391927
 762596.6038193726
 762597.2949041446
 762597.8993164452
 762598.4259794808
 762598.8831089631
 762599.2782515378
 762599.6183221397
 762599.9096402749
 762600.1579652291
 762600.3685302032
 762600.5460753754
 762600.69487989
 762600.8187927729
 762600.9212627744
 762601.0053671375
 762601.0738392941
 762601.1290954879
 762601.1732603227
 762601.208191239
 762601.235501917
 762601.2565846052
 762601.2726313772
 762601.2846543143
 762601.2935046155
 762601.2998906334
 762601.3043948376
 762601.3074897045
 762601.3095525336
 762601.310879191
 762601.3116967799
 762601.3121752363
 762601.3124378534
 762601.3125707314
 762601.3126311543
 762601.3126548943
 762601.3126624413
 762601.3126641606
 762601.3126643769
 762601.3126643843
 762601.3126643841
 762601.312664349
 762601.3126638132
 762601.3126605911
 762601.3126484202
 762601.3126135333
 762601.3125301553
 762601.3123549283
 762601.3120202626
 762601.3114266143
 762601.3104336907
 762601.3088505808
 762601.3064248142
 762601.3028303453
 762601.2976544654
 762601.2903836407
 762601.2803882775
 762601.2669064138
 762601.2490263383
 762601.2256681349
 762601.1955641551
 762601.1572384168
 762601.1089849297
 762601.0488449469
 762600.9745831448
 762600.8836627279
 762600.7732194613
 762600.6400346304
 762600.480506926
 762600.2906232571
 762600.0659284903
 762599.8014941156
 762599.4918858397
 762599.1311301048
 762598.7126795348
 762598.2293773092
 762597.6734204616
 762597.0363221068
 762596.308872594
 762595.481099586
 762594.5422270667
 762593.4806332737
 762592.2838075588
 762590.9383061746
 762589.4297069882
 762587.7425631211
 762585.860355517
 762583.7654444345
 762581.4390198679
 762578.8610508952
 762576.0102339508
 762572.863940027
 762569.3981608008
 762565.5874536886


# name: QUERY
# type: sq_string
# elements: 1
# length: 2
R3


# name: DATASIZE
# type: sq_string
# elements: 1
# length: 3
750


