# Created by Octave 4.0.0, Wed May 18 23:34:09 2016 CEST <peter@Independence>
# name: x
# type: matrix
# rows: 1
# columns: 100
 60 60.60606060606061 61.21212121212122 61.81818181818182 62.42424242424242 63.03030303030303 63.63636363636364 64.24242424242425 64.84848484848484 65.45454545454545 66.06060606060606 66.66666666666666 67.27272727272728 67.87878787878788 68.48484848484848 69.09090909090909 69.69696969696969 70.30303030303031 70.90909090909091 71.51515151515152 72.12121212121212 72.72727272727273 73.33333333333333 73.93939393939394 74.54545454545455 75.15151515151516 75.75757575757575 76.36363636363636 76.96969696969697 77.57575757575758 78.18181818181819 78.78787878787878 79.39393939393939 80 80.60606060606061 81.21212121212122 81.81818181818181 82.42424242424242 83.03030303030303 83.63636363636364 84.24242424242424 84.84848484848484 85.45454545454545 86.06060606060606 86.66666666666666 87.27272727272727 87.87878787878788 88.48484848484848 89.09090909090909 89.69696969696969 90.3030303030303 90.90909090909091 91.51515151515152 92.12121212121211 92.72727272727272 93.33333333333333 93.93939393939394 94.54545454545455 95.15151515151516 95.75757575757575 96.36363636363636 96.96969696969697 97.57575757575756 98.18181818181817 98.78787878787878 99.39393939393939 100 100.6060606060606 101.2121212121212 101.8181818181818 102.4242424242424 103.030303030303 103.6363636363636 104.2424242424242 104.8484848484848 105.4545454545454 106.0606060606061 106.6666666666667 107.2727272727273 107.8787878787879 108.4848484848485 109.0909090909091 109.6969696969697 110.3030303030303 110.9090909090909 111.5151515151515 112.1212121212121 112.7272727272727 113.3333333333333 113.9393939393939 114.5454545454545 115.1515151515151 115.7575757575758 116.3636363636364 116.969696969697 117.5757575757576 118.1818181818182 118.7878787878788 119.3939393939394 120


# name: y
# type: matrix
# rows: 100
# columns: 1
 729352.7979596653
 731579.7985425084
 733757.094932279
 735884.6871289769
 737962.575132602
 739990.7589431544
 741969.238560634
 743898.0139850408
 745777.0852163751
 747606.4522546364
 749386.1150998253
 751116.0737519413
 752796.3282109846
 754426.8784769551
 756007.724549853
 757538.866429678
 759020.3041164305
 760452.03761011
 761834.0669107171
 763166.3920182512
 764449.0129327127
 765681.9296541014
 766865.1421824174
 767998.6505176608
 769082.4546598314
 770116.5546089291
 771100.9503649542
 772035.6419279067
 772920.6292977863
 773755.9124745933
 774541.4914583274
 775277.3662489889
 775963.5368465777
 776600.0032510937
 777186.7654625369
 777723.8234809075
 778211.1773062054
 778648.8269384304
 779036.7723775828
 779375.0136236625
 779663.5506766695
 779902.3835366037
 780091.5122034651
 780230.9366772539
 780320.6569579699
 780360.6730456132
 780350.9849401838
 780291.5926416817
 780182.4961501068
 780023.6954654591
 779815.1905877388
 779556.9815169458
 779249.0682530799
 778891.4507961414
 778484.1291461302
 778027.1033030462
 777520.3732668895
 776963.93903766
 776357.8006153579
 775701.957999983
 774996.4111915354
 774241.1601900151
 773436.204995422
 772581.5456077562
 771677.1820270177
 770723.1142532065
 769719.3422863225
 768665.8661263658
 767562.6857733364
 766409.8012272343
 765207.2124880594
 763954.9195558118
 762652.9224304914
 761301.2211120984
 759899.8156006326
 758448.7058960941
 756947.8919984829
 755397.3739077989
 753797.1516240422
 752147.2251472129
 750447.5944773107
 748698.2596143358
 746899.2205582882
 745050.4773091679
 743152.0298669748
 741203.878231709
 739206.0224033706
 737158.4623819593
 735061.1981674753
 732914.2297599186
 730717.5571592893
 728471.1803655871
 726175.0993788121
 723829.3141989646
 721433.8248260445
 718988.6312600512
 716493.7335009855
 713949.131548847
 711354.8254036356
 708710.8150653517


# name: QUERY
# type: sq_string
# elements: 1
# length: 2
R3


# name: DATASIZE
# type: sq_string
# elements: 1
# length: 3
750


