# Created by Octave 3.8.2, Wed May 18 09:14:56 2016 CEST <Andrea@Andreas-MacBook-Pro.local>
# name: x
# type: matrix
# rows: 1
# columns: 100
 0.008333333333333333 0.008417508417508417 0.008501683501683501 0.008585858585858586 0.00867003367003367 0.008754208754208754 0.008838383838383838 0.008922558922558922 0.009006734006734006 0.00909090909090909 0.009175084175084175 0.009259259259259259 0.009343434343434343 0.009427609427609427 0.009511784511784513 0.009595959595959595 0.009680134680134681 0.009764309764309764 0.009848484848484849 0.009932659932659932 0.01001683501683502 0.0101010101010101 0.01018518518518519 0.01026936026936027 0.01035353535353535 0.01043771043771044 0.01052188552188552 0.01060606060606061 0.01069023569023569 0.01077441077441077 0.01085858585858586 0.01094276094276094 0.01102693602693603 0.01111111111111111 0.0111952861952862 0.01127946127946128 0.01136363636363636 0.01144781144781145 0.01153198653198653 0.01161616161616162 0.0117003367003367 0.01178451178451178 0.01186868686868687 0.01195286195286195 0.01203703703703704 0.01212121212121212 0.01220538720538721 0.01228956228956229 0.01237373737373737 0.01245791245791246 0.01254208754208754 0.01262626262626263 0.01271043771043771 0.01279461279461279 0.01287878787878788 0.01296296296296296 0.01304713804713805 0.01313131313131313 0.01321548821548822 0.0132996632996633 0.01338383838383838 0.01346801346801347 0.01355218855218855 0.01363636363636364 0.01372053872053872 0.01380471380471381 0.01388888888888889 0.01397306397306397 0.01405723905723906 0.01414141414141414 0.01422558922558923 0.01430976430976431 0.01439393939393939 0.01447811447811448 0.01456228956228956 0.01464646464646465 0.01473063973063973 0.01481481481481482 0.0148989898989899 0.01498316498316498 0.01506734006734007 0.01515151515151515 0.01523569023569024 0.01531986531986532 0.0154040404040404 0.01548821548821549 0.01557239057239057 0.01565656565656566 0.01574074074074074 0.01582491582491583 0.01590909090909091 0.01599326599326599 0.01607744107744108 0.01616161616161616 0.01624579124579125 0.01632996632996633 0.01641414141414142 0.0164983164983165 0.01658249158249158 0.01666666666666667


# name: y
# type: matrix
# rows: 100
# columns: 1
 356956.9471419369
 357174.9912727459
 357417.0306441457
 357683.1437067372
 357973.3927742833
 358287.8238232385
 358626.4663076606
 358989.3329898713
 359376.4197872152
 359787.7056352461
 360223.1523676509
 360682.7046131996
 361166.2897099886
 361673.817637224
 362205.1809647658
 362760.2548206359
 363338.8968766636
 363940.947352423
 364566.2290375893
 365214.5473328179
 365885.690309224
 366579.4287865153
 367295.5164298053
 368033.6898651076
 368793.6688134866
 369575.1562438127
 370377.8385440453
 371201.3857109385
 372045.4515580406
 372909.6739418285
 373793.6750057978
 374697.0614422947
 375619.4247718604
 376560.3416398235
 377519.3741298558
 378496.0700941822
 379489.9635001065
 380500.5747924965
 381527.4112718416
 382569.9674874787
 383627.7256455561
 384700.1560312825
 385786.7174449898
 386886.8576515142
 388000.0138423813
 389125.6131102632
 390263.0729351527
 391411.801681686
 392571.1991070273
 393740.6568787097
 394919.5591018173
 396107.2828548718
 397303.1987337814
 398506.6714031906
 399717.0601545641
 400933.7194703212
 402155.9995933363
 403383.2471011036
 404614.8054838651
 405850.0157259897
 407088.2168898892
 408328.7467017526
 409570.9421383753
 410814.1400143639
 412057.6775689895
 413300.8930519698
 414543.1263074586
 415783.7193555251
 417022.0169704101
 418257.3672548512
 419489.1222097757
 420716.6382986669
 421939.2770059187
 423156.4053885032
 424367.3966202855
 425571.6305283331
 426768.4941205796
 427957.3821042159
 429137.6973941959
 430308.8516112619
 431470.265568908
 432621.3697487211
 433761.6047635527
 434890.4218079979
 436007.2830956759
 437111.6622828255
 438203.0448777536
 439280.9286356936
 440344.823938654
 441394.2541598616
 442428.7560124244
 443447.8798818681
 444451.1901422181
 445438.2654553307
 446408.6990531964
 447362.0990029679
 448298.0884544893
 449216.3058701284
 450116.4052367424
 450998.0562596305


# name: QUERY
# type: sq_string
# elements: 1
# length: 2
R1


# name: DATASIZE
# type: sq_string
# elements: 1
# length: 4
1000


