# Created by Octave 4.0.0, Mon May 23 11:55:00 2016 CEST <peter@Independence>
# name: x
# type: matrix
# rows: 1
# columns: 100
 0.008333333333333333 0.008417508417508417 0.008501683501683501 0.008585858585858586 0.00867003367003367 0.008754208754208754 0.008838383838383838 0.008922558922558922 0.009006734006734006 0.00909090909090909 0.009175084175084175 0.009259259259259259 0.009343434343434343 0.009427609427609427 0.009511784511784513 0.009595959595959595 0.009680134680134681 0.009764309764309764 0.009848484848484849 0.009932659932659932 0.01001683501683502 0.0101010101010101 0.01018518518518518 0.01026936026936027 0.01035353535353535 0.01043771043771044 0.01052188552188552 0.0106060606060606 0.01069023569023569 0.01077441077441077 0.01085858585858586 0.01094276094276094 0.01102693602693603 0.01111111111111111 0.0111952861952862 0.01127946127946128 0.01136363636363636 0.01144781144781145 0.01153198653198653 0.01161616161616162 0.0117003367003367 0.01178451178451178 0.01186868686868687 0.01195286195286195 0.01203703703703704 0.01212121212121212 0.01220538720538721 0.01228956228956229 0.01237373737373737 0.01245791245791246 0.01254208754208754 0.01262626262626263 0.01271043771043771 0.01279461279461279 0.01287878787878788 0.01296296296296296 0.01304713804713805 0.01313131313131313 0.01321548821548822 0.0132996632996633 0.01338383838383838 0.01346801346801347 0.01355218855218855 0.01363636363636364 0.01372053872053872 0.01380471380471381 0.01388888888888889 0.01397306397306397 0.01405723905723906 0.01414141414141414 0.01422558922558922 0.01430976430976431 0.01439393939393939 0.01447811447811448 0.01456228956228956 0.01464646464646465 0.01473063973063973 0.01481481481481481 0.0148989898989899 0.01498316498316498 0.01506734006734007 0.01515151515151515 0.01523569023569023 0.01531986531986532 0.0154040404040404 0.01548821548821549 0.01557239057239057 0.01565656565656566 0.01574074074074074 0.01582491582491583 0.01590909090909091 0.01599326599326599 0.01607744107744108 0.01616161616161616 0.01624579124579124 0.01632996632996633 0.01641414141414142 0.0164983164983165 0.01658249158249158 0.01666666666666667


# name: y
# type: matrix
# rows: 100
# columns: 1
 365767.2594678991
 366290.8044475451
 366842.7292844016
 367422.9788793675
 368031.4762036836
 368668.1221847016
 369332.7956157119
 370025.3530901416
 370745.628960392
 371493.4353215579
 372268.5620202293
 373070.7766885413
 373899.8248036033
 374755.4297723974
 375637.293042201
 376545.0942365499
 377478.4913167183
 378437.1207686563
 379420.5978152844
 380428.5166540062
 381460.4507192653
 382515.9529699269
 383594.556201235
 384695.7733810497
 385819.0980100376
 386964.004505448
 388129.9486080705
 389316.3678119361
 390522.6818162834
 391748.2929992825
 392992.5869129691
 394254.9327988122
 395534.6841233039
 396831.1791329291
 398143.7414278419
 399471.6805535461
 400814.2926098486
 402170.8608763283
 403540.6564535347
 404922.9389191085
 406316.9569979909
 407721.9492458671
 409137.1447449698
 410561.7638113465
 411995.0187126804
 413436.1143957353
 414884.2492224822
 416338.6157139518
 417798.4013008444
 419262.7890799219
 420730.9585751941
 422202.086502909
 423675.3475393498
 425149.9150904372
 426624.962062138
 428099.6616306755
 429573.1880115437
 431044.7172263277
 432513.4278663417
 433978.5018520955
 435439.1251876184
 436894.48870867
 438343.7888238867
 439786.2282479188
 441221.0167256352
 442647.3717464805
 444064.519248095
 445471.6943083202
 446868.1418247375
 448253.1171809072
 449625.8868984975
 450985.7292745205
 452331.9350029121
 453663.8077797252
 454980.6648912289
 456281.8377842372
 457566.6726180196
 458834.5307971755
 460084.7894848885
 461316.8420960057
 462530.0987694209
 463723.9868192759
 464897.9511645256
 466051.4547364483
 467183.9788637185
 468295.0236346928
 469384.1082365991
 470450.771271349
 471494.5710477377
 472515.0858498243
 473511.9141813273
 474484.6749859035
 475433.0078432153
 476356.5731407293
 477255.0522212224
 478128.1475060091
 478975.5825939379
 479797.1023362416
 480592.4728873575
 481361.481731871


# name: QUERY
# type: sq_string
# elements: 1
# length: 2
R1


# name: DATASIZE
# type: sq_string
# elements: 1
# length: 4
1000


