# Created by Octave 4.0.0, Mon May 23 11:55:00 2016 CEST <peter@Independence>
# name: x
# type: matrix
# rows: 1
# columns: 100
 0.008333333333333333 0.008417508417508417 0.008501683501683501 0.008585858585858586 0.00867003367003367 0.008754208754208754 0.008838383838383838 0.008922558922558922 0.009006734006734006 0.00909090909090909 0.009175084175084175 0.009259259259259259 0.009343434343434343 0.009427609427609427 0.009511784511784513 0.009595959595959595 0.009680134680134681 0.009764309764309764 0.009848484848484849 0.009932659932659932 0.01001683501683502 0.0101010101010101 0.01018518518518518 0.01026936026936027 0.01035353535353535 0.01043771043771044 0.01052188552188552 0.0106060606060606 0.01069023569023569 0.01077441077441077 0.01085858585858586 0.01094276094276094 0.01102693602693603 0.01111111111111111 0.0111952861952862 0.01127946127946128 0.01136363636363636 0.01144781144781145 0.01153198653198653 0.01161616161616162 0.0117003367003367 0.01178451178451178 0.01186868686868687 0.01195286195286195 0.01203703703703704 0.01212121212121212 0.01220538720538721 0.01228956228956229 0.01237373737373737 0.01245791245791246 0.01254208754208754 0.01262626262626263 0.01271043771043771 0.01279461279461279 0.01287878787878788 0.01296296296296296 0.01304713804713805 0.01313131313131313 0.01321548821548822 0.0132996632996633 0.01338383838383838 0.01346801346801347 0.01355218855218855 0.01363636363636364 0.01372053872053872 0.01380471380471381 0.01388888888888889 0.01397306397306397 0.01405723905723906 0.01414141414141414 0.01422558922558922 0.01430976430976431 0.01439393939393939 0.01447811447811448 0.01456228956228956 0.01464646464646465 0.01473063973063973 0.01481481481481481 0.0148989898989899 0.01498316498316498 0.01506734006734007 0.01515151515151515 0.01523569023569023 0.01531986531986532 0.0154040404040404 0.01548821548821549 0.01557239057239057 0.01565656565656566 0.01574074074074074 0.01582491582491583 0.01590909090909091 0.01599326599326599 0.01607744107744108 0.01616161616161616 0.01624579124579124 0.01632996632996633 0.01641414141414142 0.0164983164983165 0.01658249158249158 0.01666666666666667


# name: y
# type: matrix
# rows: 1
# columns: 100
 365614.5046296484 366921.2696979482 368228.034766248 369534.7998345478 370841.5649028476 372148.3299711474 373455.0950394471 374761.8601077469 376068.6251760467 377375.3902443465 378682.1553126463 379988.9203809461 381295.6854492459 382602.4505175456 383909.2155858454 385215.9806541452 386522.745722445 387829.5107907448 389136.2758590446 390443.0409273444 391749.8059956441 393056.5710639439 394363.3361322437 395670.1012005435 396976.8662688433 398283.6313371431 399590.3964054429 400897.1614737426 402203.9265420425 403510.6916103422 404817.456678642 406124.2217469418 407430.9868152416 408737.7518835414 410044.5169518411 411351.282020141 412658.0470884407 413964.8121567405 415271.5772250403 416578.3422933401 417885.1073616398 419191.8724299396 420498.6374982395 421805.4025665392 423112.167634839 424418.9327031388 425725.6977714386 427032.4628397383 428339.2279080382 429645.992976338 430952.7580446377 432259.5231129375 433566.2881812373 434873.0532495371 436179.8183178368 437486.5833861367 438793.3484544365 440100.1135227362 441406.878591036 442713.6436593358 444020.4087276356 445327.1737959354 446633.9388642352 447940.703932535 449247.4690008347 450554.2340691345 451860.9991374343 453167.7642057341 454474.5292740339 455781.2943423337 457088.0594106335 458394.8244789332 459701.589547233 461008.3546155328 462315.1196838326 463621.8847521324 464928.6498204322 466235.414888732 467542.1799570317 468848.9450253315 470155.7100936313 471462.4751619311 472769.2402302309 474076.0052985307 475382.7703668305 476689.5354351302 477996.30050343 479303.0655717298 480609.8306400296 481916.5957083294 483223.3607766292 484530.125844929 485836.8909132287 487143.6559815286 488450.4210498283 489757.1861181281 491063.9511864279 492370.7162547277 493677.4813230275 494984.2463913272


# name: QUERY
# type: sq_string
# elements: 1
# length: 2
R1


# name: DATASIZE
# type: sq_string
# elements: 1
# length: 4
1000


