# Created by Octave 4.0.0, Mon May 23 11:55:00 2016 CEST <peter@Independence>
# name: x
# type: matrix
# rows: 1
# columns: 100
 0.008333333333333333 0.008417508417508417 0.008501683501683501 0.008585858585858586 0.00867003367003367 0.008754208754208754 0.008838383838383838 0.008922558922558922 0.009006734006734006 0.00909090909090909 0.009175084175084175 0.009259259259259259 0.009343434343434343 0.009427609427609427 0.009511784511784513 0.009595959595959595 0.009680134680134681 0.009764309764309764 0.009848484848484849 0.009932659932659932 0.01001683501683502 0.0101010101010101 0.01018518518518518 0.01026936026936027 0.01035353535353535 0.01043771043771044 0.01052188552188552 0.0106060606060606 0.01069023569023569 0.01077441077441077 0.01085858585858586 0.01094276094276094 0.01102693602693603 0.01111111111111111 0.0111952861952862 0.01127946127946128 0.01136363636363636 0.01144781144781145 0.01153198653198653 0.01161616161616162 0.0117003367003367 0.01178451178451178 0.01186868686868687 0.01195286195286195 0.01203703703703704 0.01212121212121212 0.01220538720538721 0.01228956228956229 0.01237373737373737 0.01245791245791246 0.01254208754208754 0.01262626262626263 0.01271043771043771 0.01279461279461279 0.01287878787878788 0.01296296296296296 0.01304713804713805 0.01313131313131313 0.01321548821548822 0.0132996632996633 0.01338383838383838 0.01346801346801347 0.01355218855218855 0.01363636363636364 0.01372053872053872 0.01380471380471381 0.01388888888888889 0.01397306397306397 0.01405723905723906 0.01414141414141414 0.01422558922558922 0.01430976430976431 0.01439393939393939 0.01447811447811448 0.01456228956228956 0.01464646464646465 0.01473063973063973 0.01481481481481481 0.0148989898989899 0.01498316498316498 0.01506734006734007 0.01515151515151515 0.01523569023569023 0.01531986531986532 0.0154040404040404 0.01548821548821549 0.01557239057239057 0.01565656565656566 0.01574074074074074 0.01582491582491583 0.01590909090909091 0.01599326599326599 0.01607744107744108 0.01616161616161616 0.01624579124579124 0.01632996632996633 0.01641414141414142 0.0164983164983165 0.01658249158249158 0.01666666666666667


# name: y
# type: matrix
# rows: 100
# columns: 1
 381269.7689629731
 382205.8366714385
 383141.904379904
 384077.9720883694
 385014.0397968349
 385950.1075053003
 386886.1752137657
 387822.2429222312
 388758.3106306966
 389694.378339162
 390630.4460476275
 391566.5137560929
 392502.5814645584
 393438.6491730238
 394374.7168814893
 395310.7845899547
 396246.8522984202
 397182.9200068856
 398118.987715351
 399055.0554238165
 399991.1231322819
 400927.1908407473
 401863.2585492128
 402799.3262576782
 403735.3939661437
 404671.4616746091
 405607.5293830746
 406543.59709154
 407479.6648000054
 408415.7325084709
 409351.8002169363
 410287.8679254018
 411223.9356338672
 412160.0033423327
 413096.0710507981
 414032.1387592635
 414968.2064677289
 415904.2741761944
 416840.3418846598
 417776.4095931253
 418712.4773015907
 419648.5450100562
 420584.6127185216
 421520.6804269871
 422456.7481354525
 423392.815843918
 424328.8835523834
 425264.9512608488
 426201.0189693142
 427137.0866777797
 428073.1543862451
 429009.2220947106
 429945.289803176
 430881.3575116415
 431817.4252201069
 432753.4929285723
 433689.5606370378
 434625.6283455032
 435561.6960539687
 436497.7637624341
 437433.8314708995
 438369.899179365
 439305.9668878304
 440242.0345962959
 441178.1023047613
 442114.1700132267
 443050.2377216922
 443986.3054301576
 444922.3731386231
 445858.4408470885
 446794.508555554
 447730.5762640194
 448666.6439724849
 449602.7116809502
 450538.7793894158
 451474.8470978811
 452410.9148063466
 453346.982514812
 454283.0502232775
 455219.1179317429
 456155.1856402084
 457091.2533486738
 458027.3210571393
 458963.3887656047
 459899.4564740701
 460835.5241825355
 461771.591891001
 462707.6595994664
 463643.7273079319
 464579.7950163973
 465515.8627248628
 466451.9304333282
 467387.9981417937
 468324.0658502591
 469260.1335587245
 470196.2012671899
 471132.2689756554
 472068.3366841209
 473004.4043925863
 473940.4721010517


# name: QUERY
# type: sq_string
# elements: 1
# length: 2
R1


# name: DATASIZE
# type: sq_string
# elements: 1
# length: 4
1000


