# Created by Octave 3.8.2, Wed May 18 09:14:56 2016 CEST <Andrea@Andreas-MacBook-Pro.local>
# name: x
# type: matrix
# rows: 1
# columns: 100
 0.008333333333333333 0.008417508417508417 0.008501683501683501 0.008585858585858586 0.00867003367003367 0.008754208754208754 0.008838383838383838 0.008922558922558922 0.009006734006734006 0.00909090909090909 0.009175084175084175 0.009259259259259259 0.009343434343434343 0.009427609427609427 0.009511784511784513 0.009595959595959595 0.009680134680134681 0.009764309764309764 0.009848484848484849 0.009932659932659932 0.01001683501683502 0.0101010101010101 0.01018518518518519 0.01026936026936027 0.01035353535353535 0.01043771043771044 0.01052188552188552 0.01060606060606061 0.01069023569023569 0.01077441077441077 0.01085858585858586 0.01094276094276094 0.01102693602693603 0.01111111111111111 0.0111952861952862 0.01127946127946128 0.01136363636363636 0.01144781144781145 0.01153198653198653 0.01161616161616162 0.0117003367003367 0.01178451178451178 0.01186868686868687 0.01195286195286195 0.01203703703703704 0.01212121212121212 0.01220538720538721 0.01228956228956229 0.01237373737373737 0.01245791245791246 0.01254208754208754 0.01262626262626263 0.01271043771043771 0.01279461279461279 0.01287878787878788 0.01296296296296296 0.01304713804713805 0.01313131313131313 0.01321548821548822 0.0132996632996633 0.01338383838383838 0.01346801346801347 0.01355218855218855 0.01363636363636364 0.01372053872053872 0.01380471380471381 0.01388888888888889 0.01397306397306397 0.01405723905723906 0.01414141414141414 0.01422558922558923 0.01430976430976431 0.01439393939393939 0.01447811447811448 0.01456228956228956 0.01464646464646465 0.01473063973063973 0.01481481481481482 0.0148989898989899 0.01498316498316498 0.01506734006734007 0.01515151515151515 0.01523569023569024 0.01531986531986532 0.0154040404040404 0.01548821548821549 0.01557239057239057 0.01565656565656566 0.01574074074074074 0.01582491582491583 0.01590909090909091 0.01599326599326599 0.01607744107744108 0.01616161616161616 0.01624579124579125 0.01632996632996633 0.01641414141414142 0.0164983164983165 0.01658249158249158 0.01666666666666667


# name: y
# type: matrix
# rows: 100
# columns: 1
 370662.9152002826
 371710.0713620992
 372757.2275239159
 373804.3836857325
 374851.5398475491
 375898.6960093657
 376945.8521711823
 377993.008332999
 379040.1644948156
 380087.3206566322
 381134.4768184488
 382181.6329802654
 383228.789142082
 384275.9453038987
 385323.1014657153
 386370.2576275319
 387417.4137893485
 388464.5699511651
 389511.7261129817
 390558.8822747984
 391606.038436615
 392653.1945984316
 393700.3507602482
 394747.5069220648
 395794.6630838814
 396841.819245698
 397888.9754075147
 398936.1315693313
 399983.2877311479
 401030.4438929645
 402077.6000547811
 403124.7562165977
 404171.9123784144
 405219.068540231
 406266.2247020476
 407313.3808638642
 408360.5370256808
 409407.6931874974
 410454.8493493141
 411502.0055111307
 412549.1616729473
 413596.317834764
 414643.4739965806
 415690.6301583972
 416737.7863202138
 417784.9424820304
 418832.098643847
 419879.2548056637
 420926.4109674803
 421973.5671292969
 423020.7232911135
 424067.8794529301
 425115.0356147467
 426162.1917765634
 427209.34793838
 428256.5041001966
 429303.6602620132
 430350.8164238298
 431397.9725856464
 432445.1287474631
 433492.2849092797
 434539.4410710963
 435586.5972329129
 436633.7533947295
 437680.9095565461
 438728.0657183627
 439775.2218801794
 440822.378041996
 441869.5342038126
 442916.6903656292
 443963.8465274459
 445011.0026892624
 446058.1588510791
 447105.3150128957
 448152.4711747123
 449199.627336529
 450246.7834983455
 451293.9396601622
 452341.0958219788
 453388.2519837954
 454435.408145612
 455482.5643074287
 456529.7204692453
 457576.8766310619
 458624.0327928785
 459671.1889546951
 460718.3451165117
 461765.5012783284
 462812.657440145
 463859.8136019616
 464906.9697637782
 465954.1259255948
 467001.2820874114
 468048.4382492281
 469095.5944110447
 470142.7505728613
 471189.9067346779
 472237.0628964945
 473284.2190583111
 474331.3752201278


# name: QUERY
# type: sq_string
# elements: 1
# length: 2
R1


# name: DATASIZE
# type: sq_string
# elements: 1
# length: 4
1000


