# Created by Octave 4.0.0, Mon May 23 11:55:00 2016 CEST <peter@Independence>
# name: SVs
# type: cell
# rows: 1
# columns: 7
# name: <cell-element>
# type: sparse matrix
# nnz: 119
# rows: 17
# columns: 7
1 1 0.1638494311292171
2 1 0.2914498256812097
3 1 0.578167401156515
4 1 -0.4884628662533996
5 1 0.5975885560015446
6 1 0.6376233927434916
7 1 0.1396581680766363
8 1 -0.5889758606267984
9 1 -0.7722843046026917
10 1 1.021276381436532
11 1 0.6071287724166469
12 1 0.1181926811426563
13 1 -1.240606713979765
14 1 -1.951012114890058
15 1 -1.416930356651744
16 1 -0.8170892495521899
17 1 0.2899165766144969
1 2 0.3501119686578691
2 2 0.09050310696788426
3 2 -0.4404774980625857
4 2 -0.7481697180782991
5 2 0.105155117444823
6 2 1.194150318667438
7 2 0.2353722809793067
8 2 0.2077191907833941
9 2 -0.7512652132494834
10 2 0.8672660285903828
11 2 -0.3721702379517868
12 2 0.7300324093345482
13 2 3.809843738318121
14 2 -0.4346992404097084
15 2 -0.2264755985613819
16 2 -0.646637476463456
17 2 2.570613838120697
1 3 -1.800798181165731
2 3 -0.5204465793457387
3 3 1.956755432871203
4 3 -1.021453727883997
5 3 -0.3070546457090732
6 3 -2.181192497648483
7 3 -0.4369453879226957
8 3 1.344413362435555
9 3 -0.02871734096559659
10 3 0.4444560770983137
11 3 0.8434062138972969
12 3 -0.3720000168158845
13 3 -0.984342087251533
14 3 -0.2606650949184938
15 3 -1.197734020888198
16 3 0.1475629520386053
17 3 -0.0008836104912489312
1 4 0.316440608194457
2 4 0.1209919972508211
3 4 3.98048355512515
4 4 -0.6781206778731584
5 4 -1.056647734510833
6 4 0.12594006335066
7 4 -0.02744998574434535
8 4 0.06408923710267399
9 4 0.1234660303007406
10 4 -0.7053350414222723
11 4 -0.636062116024528
12 4 -0.2699052246364506
13 4 4.519822760007588
14 4 -0.3614444474834699
15 4 -0.5816333889263002
16 4 -0.1758919687395119
17 4 0.8409356147773787
1 5 -0.2811484345498528
2 5 -0.3433731302266786
3 5 -0.4983509915772715
4 5 0.0147942199560158
5 5 -0.8583533864045908
6 5 1.938421474244162
7 5 0.4103297519928898
8 5 0.4905712496351236
9 5 0.42167366434148
10 5 -0.7772777775602548
11 5 -0.9686228873225047
12 5 -0.6071190923314014
13 5 0.9291469197004723
14 5 0.7795073700433335
15 5 0.6073468179294348
16 5 1.39741694856066
17 5 1.505184115872267
1 6 -0.7257874540126361
2 6 -0.8199265903915373
3 6 -0.351931976232016
4 6 -0.2689434015283058
5 6 1.471894753668948
6 6 0.2231876768784452
7 6 -0.3755836334498897
8 6 -0.7119358246024613
9 6 -0.7052004698017638
10 6 1.72608946788242
11 6 1.40350233345621
12 6 -0.9606245161253886
13 6 -0.6456557778747745
14 6 -0.9646761177278648
15 6 -0.9597587892872527
16 6 -0.2335178593117835
17 6 0.7143664557632466
1 7 -0.5762036354991912
2 7 -1.106142745520346
3 7 0.2187050295325415
4 7 0.2187050295325415
5 7 1.543552804585429
6 7 -1.106142745520346
7 7 -0.5762036354991912
8 7 -0.5762036354991912
9 7 -0.5762036354991912
10 7 1.543552804585429
11 7 1.543552804585429
12 7 -0.5762036354991912
13 7 -1.106142745520346
14 7 -1.106142745520346
15 7 -1.106142745520346
16 7 -0.5762036354991912
17 7 0.2187050295325415



# name: <cell-element>
# type: sparse matrix
# nnz: 126
# rows: 18
# columns: 7
1 1 0.2914498256812097
2 1 0.8521079010758797
3 1 0.8294498870900119
4 1 0.5975885560015446
5 1 -2.216604925446208
6 1 0.6376233927434916
7 1 0.03863409068099996
8 1 0.9693162741757074
9 1 0.760112957073108
10 1 1.021276381436532
11 1 1.218384067012841
12 1 -1.240606713979765
13 1 -1.951012114890058
14 1 -1.416930356651744
15 1 -0.6356547766578344
16 1 0.8015106818743553
17 1 0.7308108637981511
18 1 0.2899165766144969
1 2 0.09050310696788426
2 2 0.8916172572703654
3 2 -0.4235554577934452
4 2 0.105155117444823
5 2 -1.634719535105465
6 2 1.194150318667438
7 2 -0.421491794345989
8 2 -0.1041003561272316
9 2 0.6421203464729158
10 2 0.8672660285903828
11 2 -0.03579309601643273
12 2 3.809843738318121
13 2 -0.4346992404097084
14 2 -0.2264755985613819
15 2 0.1406501287410689
16 2 -0.06798624579674882
17 2 -0.5729646913892711
18 2 2.570613838120697
1 3 -0.5204465793457387
2 3 -1.958522653853701
3 3 1.418636643700482
4 3 -0.3070546457090732
5 3 -1.002897907567765
6 3 -2.181192497648483
7 3 -0.5482803098200864
8 3 0.500123538047009
9 3 0.5557909989957044
10 3 0.4444560770983137
11 3 0.9547411357946876
12 3 -0.984342087251533
13 3 -0.2606650949184938
14 3 -1.197734020888198
15 3 0.09189549108990995
16 3 0.9825748662690352
17 3 0.824850393581065
18 3 -0.0008836104912489312
1 4 0.1209919972508211
2 4 -0.356496381383631
3 4 -0.170943902639673
4 4 -1.056647734510833
5 4 -1.002219007412605
6 4 0.12594006335066
7 4 0.192738955698485
8 4 0.8928903088256869
9 4 1.046280357920692
10 4 -0.7053350414222723
11 4 0.02450470830396292
12 4 4.519822760007588
13 4 -0.3614444474834699
14 4 -0.5816333889263002
15 4 0.2842781785455043
16 4 -0.188262133989109
17 4 -0.6731726117733196
18 4 0.8409356147773787
1 5 -0.3433731302266786
2 5 -0.9224131267260416
3 5 -0.8129777370102299
4 5 -0.8583533864045908
5 5 0.4842320044991467
6 5 1.938421474244162
7 5 -0.1496925090985425
8 5 -0.8144791371740139
9 5 -0.9492715074337331
10 5 -0.7772777775602548
11 5 -0.8535155414323979
12 5 0.9291469197004723
13 5 0.7795073700433335
14 5 0.6073468179294348
15 5 0.5446216555313476
16 5 -0.7324025948871552
17 5 -0.1887289133569265
18 5 1.505184115872267
1 6 -0.8199265903915373
2 6 -0.303260813392014
3 6 1.633751043326842
4 6 1.471894753668948
5 6 -0.1221853879275028
6 6 0.2231876768784452
7 6 -1.296942078204435
8 6 -0.2491355714717557
9 6 1.588594731449672
10 6 1.72608946788242
11 6 -0.1628052911728407
12 6 -0.6456557778747745
13 6 -0.9646761177278648
14 6 -0.9597587892872527
15 6 -0.6471794571098937
16 6 1.681521850255183
17 6 -1.258296032150047
18 6 0.7143664557632466
1 7 -1.106142745520346
2 7 0.2187050295325415
3 7 1.543552804585429
4 7 1.543552804585429
5 7 0.2187050295325415
6 7 -1.106142745520346
7 7 -0.5762036354991912
8 7 0.2187050295325415
9 7 1.543552804585429
10 7 1.543552804585429
11 7 0.2187050295325415
12 7 -1.106142745520346
13 7 -1.106142745520346
14 7 -1.106142745520346
15 7 -1.106142745520346
16 7 1.543552804585429
17 7 -0.5762036354991912
18 7 0.2187050295325415



