# Created by Octave 3.8.2, Wed May 18 09:12:31 2016 CEST <Andrea@Andreas-MacBook-Pro.local>
# name: SVs
# type: cell
# rows: 1
# columns: 7
# name: <cell-element>
# type: sparse matrix
# nnz: 133
# rows: 19
# columns: 7
1 1 0.3560166474905625
2 1 1.021276381436532
3 1 0.2444301876353486
4 1 0.03863409068099996
5 1 -0.5889758606267984
6 1 -1.353896783909104
7 1 -0.3593292226346941
8 1 0.4827652370054925
9 1 0.6870280848931283
10 1 0.9154821958333448
11 1 0.6376233927434916
12 1 0.1181926811426563
13 1 0.68379122575229
14 1 -1.416930356651744
15 1 -1.951012114890058
16 1 0.1396581680766363
17 1 -0.7722843046026917
18 1 -2.216604925446208
19 1 -2.658351017666925
1 2 -0.1115295445380738
2 2 0.8672660285903828
3 2 0.7223968545789604
4 2 -0.421491794345989
5 2 0.2077191907833941
6 2 -1.020986025832003
7 2 -0.2807499472294789
8 2 0.8247545615727859
9 2 0.3102832641219653
10 2 -0.4173644674510767
11 2 1.194150318667438
12 2 0.7300324093345482
13 2 -0.06963717655471374
14 2 -0.2264755985613819
15 2 -0.4346992404097084
16 2 0.2353722809793067
17 2 -0.7512652132494834
18 2 -1.634719535105465
19 2 -1.192063725626119
1 3 0.6392921904187473
2 3 0.4444560770983137
3 3 -1.364736403734284
4 3 -0.5482803098200864
5 3 1.344413362435555
6 3 0.5094014482051249
7 3 -0.3441662863415368
8 3 -0.8915629856703742
9 3 1.307301721803091
10 3 1.019686506901499
11 3 -2.181192497648483
12 3 -0.3720000168158845
13 3 -1.42040386468298
14 3 -1.197734020888198
15 3 -0.2606650949184938
16 3 -0.4369453879226957
17 3 -0.02871734096559659
18 3 -1.002897907567765
19 3 -0.5575582199782022
1 4 0.2669599471960682
2 4 -0.7053350414222723
3 4 -0.4604057694802476
4 4 0.192738955698485
5 4 0.06408923710267399
6 4 -0.7473936032709029
7 4 -0.955212379464136
8 4 0.7370262266807621
9 4 -0.5222565957282337
10 4 0.3708693352926847
11 4 0.12594006335066
12 4 -0.2699052246364506
13 4 -0.5494709592773475
14 4 -0.5816333889263002
15 4 -0.3614444474834699
16 4 -0.02744998574434535
17 4 0.1234660303007406
18 4 -1.002219007412605
19 4 -0.4059770423820199
1 5 -0.5624107318987223
2 5 -0.7772777775602548
3 5 -0.2337709182704465
4 5 -0.1496925090985425
5 5 0.4905712496351236
6 5 0.4515348453767395
7 5 1.19489474869024
8 5 2.062870865597813
9 5 -1.051033074090204
10 5 -0.9404299286914496
11 5 1.938421474244162
12 5 -0.6071190923314014
13 5 2.514959137137218
14 5 0.6073468179294348
15 5 0.7795073700433335
16 5 0.4103297519928898
17 5 0.42167366434148
18 5 0.4842320044991467
19 5 -0.1655406219384847
1 6 0.3227982068743653
2 6 1.72608946788242
3 6 0.4841523749661401
4 6 -1.296942078204435
5 6 -0.7119358246024613
6 6 -1.036843106954876
7 6 -0.3727613639575665
8 6 -0.2346606187381229
9 6 1.418669867660351
10 6 1.477521978116832
11 6 0.2231876768784452
12 6 -0.9606245161253886
13 6 0.7223484572108599
14 6 -0.9597587892872527
15 6 -0.9646761177278648
16 6 -0.3755836334498897
17 6 -0.7052004698017638
18 6 -0.1221853879275028
19 6 -1.639337042687195
1 7 0.2187050295325415
2 7 1.543552804585429
3 7 0.2187050295325415
4 7 -0.5762036354991912
5 7 -0.5762036354991912
6 7 -1.106142745520346
7 7 -1.106142745520346
8 7 -0.5762036354991912
9 7 1.543552804585429
10 7 1.543552804585429
11 7 -1.106142745520346
12 7 -0.5762036354991912
13 7 -0.5762036354991912
14 7 -1.106142745520346
15 7 -1.106142745520346
16 7 -0.5762036354991912
17 7 -0.5762036354991912
18 7 0.2187050295325415
19 7 -1.106142745520346



# name: <cell-element>
# type: sparse matrix
# nnz: 42
# rows: 6
# columns: 7
1 1 1.021276381436532
2 1 0.8296202480974244
3 1 0.9154821958333448
4 1 -1.416930356651744
5 1 -1.505006997484027
6 1 -2.658351017666925
1 2 0.8672660285903828
2 2 0.7428271227087764
3 2 -0.4173644674510767
4 2 -0.2264755985613819
5 2 0.02425951030454153
6 2 -1.192063725626119
1 3 0.4444560770983137
2 3 1.028964417059615
3 3 1.019686506901499
4 3 -1.197734020888198
5 3 0.0547838504574464
6 3 -0.5575582199782022
1 4 -0.7053350414222723
2 4 1.147715712967389
3 4 0.3708693352926847
4 4 -0.5816333889263002
5 4 -0.3416521830841144
6 4 -0.4059770423820199
1 5 -0.7772777775602548
2 5 -0.8668613206660335
3 5 -0.9404299286914496
4 5 0.6073468179294348
5 5 0.1962968175334595
6 5 -0.1655406219384847
1 6 1.72608946788242
2 6 1.626236534371822
3 6 1.477521978116832
4 6 -0.9597587892872527
5 6 -1.17182723555703
6 6 -1.639337042687195
1 7 1.543552804585429
2 7 1.543552804585429
3 7 1.543552804585429
4 7 -1.106142745520346
5 7 -1.106142745520346
6 7 -1.106142745520346



