# Created by Octave 3.8.2, Wed May 18 09:14:44 2016 CEST <Andrea@Andreas-MacBook-Pro.local>
# name: mu
# type: matrix
# rows: 1
# columns: 8
 416408.75 40046.25 87618.25 2545.125 4236.785714285715 33716.78571428572 295417.125 0.01196428571428571


# name: sigma
# type: matrix
# rows: 1
# columns: 8
 88830.19880633346 6028.44697398773 4708.587463348217 102.2144025610339 415.5605508569978 4848.009104830506 58883.58222059478 0.003147985452604952


