# Created by Octave 4.0.0, Mon May 23 11:54:54 2016 CEST <peter@Independence>
# name: mu
# type: matrix
# rows: 1
# columns: 8
 419621.2380952381 40533.22222222222 87857.44444444444 2533.095238095238 4229.095238095239 34853.31746031746 299896.8095238095 0.01181216931216931


# name: sigma
# type: matrix
# rows: 1
# columns: 8
 86488.19126717938 5869.887805831266 4845.751380791678 107.7828932332618 404.1983190291502 5994.404567878272 57754.9381600081 0.003145015408657296


