# Created by Octave 4.0.0, Mon May 23 11:55:00 2016 CEST <peter@Independence>
# name: x
# type: matrix
# rows: 1
# columns: 100
 0.008333333333333333 0.008417508417508417 0.008501683501683501 0.008585858585858586 0.00867003367003367 0.008754208754208754 0.008838383838383838 0.008922558922558922 0.009006734006734006 0.00909090909090909 0.009175084175084175 0.009259259259259259 0.009343434343434343 0.009427609427609427 0.009511784511784513 0.009595959595959595 0.009680134680134681 0.009764309764309764 0.009848484848484849 0.009932659932659932 0.01001683501683502 0.0101010101010101 0.01018518518518518 0.01026936026936027 0.01035353535353535 0.01043771043771044 0.01052188552188552 0.0106060606060606 0.01069023569023569 0.01077441077441077 0.01085858585858586 0.01094276094276094 0.01102693602693603 0.01111111111111111 0.0111952861952862 0.01127946127946128 0.01136363636363636 0.01144781144781145 0.01153198653198653 0.01161616161616162 0.0117003367003367 0.01178451178451178 0.01186868686868687 0.01195286195286195 0.01203703703703704 0.01212121212121212 0.01220538720538721 0.01228956228956229 0.01237373737373737 0.01245791245791246 0.01254208754208754 0.01262626262626263 0.01271043771043771 0.01279461279461279 0.01287878787878788 0.01296296296296296 0.01304713804713805 0.01313131313131313 0.01321548821548822 0.0132996632996633 0.01338383838383838 0.01346801346801347 0.01355218855218855 0.01363636363636364 0.01372053872053872 0.01380471380471381 0.01388888888888889 0.01397306397306397 0.01405723905723906 0.01414141414141414 0.01422558922558922 0.01430976430976431 0.01439393939393939 0.01447811447811448 0.01456228956228956 0.01464646464646465 0.01473063973063973 0.01481481481481481 0.0148989898989899 0.01498316498316498 0.01506734006734007 0.01515151515151515 0.01523569023569023 0.01531986531986532 0.0154040404040404 0.01548821548821549 0.01557239057239057 0.01565656565656566 0.01574074074074074 0.01582491582491583 0.01590909090909091 0.01599326599326599 0.01607744107744108 0.01616161616161616 0.01624579124579124 0.01632996632996633 0.01641414141414142 0.0164983164983165 0.01658249158249158 0.01666666666666667


# name: y
# type: matrix
# rows: 100
# columns: 1
 395110.5007672062
 395266.9373659395
 395415.8050933905
 395557.2916296831
 395691.5846549411
 395818.8718492885
 395939.3408928491
 396053.179465747
 396160.5752481059
 396261.7159200497
 396356.7891617024
 396445.9826531878
 396529.4840746298
 396607.4811061525
 396680.1614278796
 396747.712719935
 396810.3226624426
 396868.1789355264
 396921.4692193103
 396970.381193918
 397015.1025394736
 397055.8209361009
 397092.7240639238
 397125.9996030663
 397155.8352336521
 397182.4186358054
 397205.9374896497
 397226.5794753093
 397244.5322729078
 397259.9835625693
 397273.1210244175
 397284.1323385764
 397293.20518517
 397300.5272443221
 397306.2861961565
 397310.6697207972
 397313.8654983682
 397316.0612089931
 397317.4445327962
 397318.2031499011
 397318.5247404317
 397318.5969845121
 397318.607562266
 397318.7441538174
 397319.1944392901
 397320.1460988082
 397321.7868124954
 397324.3042604756
 397327.8861228729
 397332.7200798109
 397338.9938114138
 397346.8949978053
 397356.6113191094
 397368.3304554499
 397382.2400869507
 397398.5278937358
 397417.3815559291
 397438.9887536544
 397463.5371670356
 397491.2144761966
 397522.2083612614
 397556.7065023538
 397594.8965795978
 397636.9662731172
 397683.1032630358
 397733.4952294778
 397788.3298525668
 397847.7948124268
 397912.0777891818
 397981.3664629556
 398055.8485138721
 398135.7116220552
 398221.1434676287
 398312.3317307167
 398409.464091443
 398512.7282299316
 398622.3118263062
 398738.4025606908
 398861.1881132092
 398990.8561639855
 399127.5943931434
 399271.5904808069
 399423.0321070999
 399582.1069521463
 399749.00269607
 399923.9070189949
 400107.0076010448
 400298.4921223436
 400498.5482630154
 400707.3637031839
 400925.126122973
 401152.0232025068
 401388.242621909
 401633.9720613035
 401889.3992008143
 402154.7117205652
 402430.0973006802
 402715.7436212831
 403011.8383624979
 403318.5692044484


# name: QUERY
# type: sq_string
# elements: 1
# length: 2
R1


# name: DATASIZE
# type: sq_string
# elements: 1
# length: 4
1000


