# Created by Octave 3.8.2, Wed May 18 09:14:56 2016 CEST <Andrea@Andreas-MacBook-Pro.local>
# name: x
# type: matrix
# rows: 1
# columns: 100
 0.008333333333333333 0.008417508417508417 0.008501683501683501 0.008585858585858586 0.00867003367003367 0.008754208754208754 0.008838383838383838 0.008922558922558922 0.009006734006734006 0.00909090909090909 0.009175084175084175 0.009259259259259259 0.009343434343434343 0.009427609427609427 0.009511784511784513 0.009595959595959595 0.009680134680134681 0.009764309764309764 0.009848484848484849 0.009932659932659932 0.01001683501683502 0.0101010101010101 0.01018518518518519 0.01026936026936027 0.01035353535353535 0.01043771043771044 0.01052188552188552 0.01060606060606061 0.01069023569023569 0.01077441077441077 0.01085858585858586 0.01094276094276094 0.01102693602693603 0.01111111111111111 0.0111952861952862 0.01127946127946128 0.01136363636363636 0.01144781144781145 0.01153198653198653 0.01161616161616162 0.0117003367003367 0.01178451178451178 0.01186868686868687 0.01195286195286195 0.01203703703703704 0.01212121212121212 0.01220538720538721 0.01228956228956229 0.01237373737373737 0.01245791245791246 0.01254208754208754 0.01262626262626263 0.01271043771043771 0.01279461279461279 0.01287878787878788 0.01296296296296296 0.01304713804713805 0.01313131313131313 0.01321548821548822 0.0132996632996633 0.01338383838383838 0.01346801346801347 0.01355218855218855 0.01363636363636364 0.01372053872053872 0.01380471380471381 0.01388888888888889 0.01397306397306397 0.01405723905723906 0.01414141414141414 0.01422558922558923 0.01430976430976431 0.01439393939393939 0.01447811447811448 0.01456228956228956 0.01464646464646465 0.01473063973063973 0.01481481481481482 0.0148989898989899 0.01498316498316498 0.01506734006734007 0.01515151515151515 0.01523569023569024 0.01531986531986532 0.0154040404040404 0.01548821548821549 0.01557239057239057 0.01565656565656566 0.01574074074074074 0.01582491582491583 0.01590909090909091 0.01599326599326599 0.01607744107744108 0.01616161616161616 0.01624579124579125 0.01632996632996633 0.01641414141414142 0.0164983164983165 0.01658249158249158 0.01666666666666667


# name: y
# type: matrix
# rows: 100
# columns: 1
 412812.2003127541
 412792.2041059669
 412773.5820361015
 412756.2696588541
 412740.204077734
 412725.3239440638
 412711.569456979
 412698.8823634282
 412687.2059581731
 412676.4850837887
 412666.6661306627
 412657.6970369963
 412649.5272888034
 412642.1079199114
 412635.3915119605
 412629.3321944042
 412623.8856445088
 412619.0090873539
 412614.6612958323
 412610.8025906497
 412607.3948403249
 412604.40146119
 412601.7874173899
 412599.5192208829
 412597.5649314399
 412595.8941566456
 412594.4780518973
 412593.2893204053
 412592.3022131935
 412591.4925290985
 412590.83761477
 412590.316364671
 412589.9092210775
 412589.5981740784
 412589.3667615761
 412589.2000692857
 412589.0847307356
 412589.0089272673
 412588.9623880352
 412588.9363900071
 412588.9237579636
 412588.9188644987
 412588.9176300191
 412588.917522745
 412588.9175587093
 412588.9183017584
 412588.9218635515
 412588.9319035611
 412588.9536290724
 412588.9937951842
 412589.0607048082
 412589.164208669
 412589.3157053045
 412589.5281410657
 412589.8160101167
 412590.1953544344
 412590.6837638093
 412591.3003758446
 412592.0658759567
 412593.0024973751
 412594.1340211425
 412595.4857761145
 412597.0846389598
 412598.9590341606
 412601.1389340116
 412603.6558586209
 412606.5428759098
 412609.8346016124
 412613.5671992762
 412617.7783802616
 412622.507403742
 412627.7950767042
 412633.6837539479
 412640.2173380859
 412647.4412795441
 412655.4025765616
 412664.1497751903
 412673.7329692955
 412684.2038005556
 412695.6154584619
 412708.0226803188
 412721.481751244
 412736.050504168
 412751.7883198347
 412768.756126801
 412787.0164014366
 412806.6331679248
 412827.6719982616
 412850.2000122562
 412874.285877531
 412899.9998095214
 412927.4135714759
 412956.6004744561
 412987.6353773366
 413020.5946868053
 413055.5563573631
 413092.5998913239
 413131.8063388148
 413173.2582977759
 413217.0399139606


# name: QUERY
# type: sq_string
# elements: 1
# length: 2
R1


# name: DATASIZE
# type: sq_string
# elements: 1
# length: 4
1000


