# Created by Octave 4.0.0, Mon May 23 11:55:00 2016 CEST <peter@Independence>
# name: x
# type: matrix
# rows: 1
# columns: 100
 0.008333333333333333 0.008417508417508417 0.008501683501683501 0.008585858585858586 0.00867003367003367 0.008754208754208754 0.008838383838383838 0.008922558922558922 0.009006734006734006 0.00909090909090909 0.009175084175084175 0.009259259259259259 0.009343434343434343 0.009427609427609427 0.009511784511784513 0.009595959595959595 0.009680134680134681 0.009764309764309764 0.009848484848484849 0.009932659932659932 0.01001683501683502 0.0101010101010101 0.01018518518518518 0.01026936026936027 0.01035353535353535 0.01043771043771044 0.01052188552188552 0.0106060606060606 0.01069023569023569 0.01077441077441077 0.01085858585858586 0.01094276094276094 0.01102693602693603 0.01111111111111111 0.0111952861952862 0.01127946127946128 0.01136363636363636 0.01144781144781145 0.01153198653198653 0.01161616161616162 0.0117003367003367 0.01178451178451178 0.01186868686868687 0.01195286195286195 0.01203703703703704 0.01212121212121212 0.01220538720538721 0.01228956228956229 0.01237373737373737 0.01245791245791246 0.01254208754208754 0.01262626262626263 0.01271043771043771 0.01279461279461279 0.01287878787878788 0.01296296296296296 0.01304713804713805 0.01313131313131313 0.01321548821548822 0.0132996632996633 0.01338383838383838 0.01346801346801347 0.01355218855218855 0.01363636363636364 0.01372053872053872 0.01380471380471381 0.01388888888888889 0.01397306397306397 0.01405723905723906 0.01414141414141414 0.01422558922558922 0.01430976430976431 0.01439393939393939 0.01447811447811448 0.01456228956228956 0.01464646464646465 0.01473063973063973 0.01481481481481481 0.0148989898989899 0.01498316498316498 0.01506734006734007 0.01515151515151515 0.01523569023569023 0.01531986531986532 0.0154040404040404 0.01548821548821549 0.01557239057239057 0.01565656565656566 0.01574074074074074 0.01582491582491583 0.01590909090909091 0.01599326599326599 0.01607744107744108 0.01616161616161616 0.01624579124579124 0.01632996632996633 0.01641414141414142 0.0164983164983165 0.01658249158249158 0.01666666666666667


# name: y
# type: matrix
# rows: 100
# columns: 1
 383622.1262596732
 383616.7634111941
 383612.0258014221
 383607.8537024899
 383604.1917720259
 383600.9888330192
 383598.1976593529
 383595.7747670081
 383593.6802109359
 383591.8773875999
 383590.3328431876
 383589.0160874914
 383587.8994134592
 383586.9577224141
 383586.1683549432
 383585.5109274572
 383584.9671744176
 383584.5207962347
 383584.1573128342
 383583.8639228938
 383583.629368749
 383583.4438069682
 383583.2986845971
 383583.1866210731
 383583.1012958087
 383583.037341444
 383582.9902427695
 383582.9562413177
 383582.932245624
 383582.9157471575
 383582.9047419208
 383582.8976577198
 383582.8932871021
 383582.8907259656
 383582.8893178356
 383582.888603813
 383582.8882781895
 383582.8881497345
 383582.8881086503
 383582.8880991965
 383582.8880979845
 383582.8880979412
 383582.8880979419
 383582.8880981129
 383582.8881008032
 383582.8881172261
 383582.8881797697
 383582.8883599773
 383582.8887921968
 383582.8897028996
 383582.8914456695
 383582.8945418601
 383582.8997269223
 383582.9080024008
 383582.9206936006
 383582.939512922
 383582.9666288662
 383583.004740709
 383583.0571588454
 383583.1278908019
 383583.2217329201
 383583.344367708
 383583.5024668619
 383583.7037999574
 383583.9573488095
 383584.2734275023
 383584.6638080884
 383585.1418519577
 383585.7226468748
 383586.4231496871
 383587.2623347012
 383588.2613477295
 383589.4436658059
 383590.8352625705
 383592.464779325
 383594.3637017558
 383596.566542328
 383599.111028348
 383602.0382956957
 383605.3930882264
 383609.2239628417
 383613.5835002299
 383618.5285212764
 383624.1203091424
 383630.4248370143
 383637.5130015218
 383645.460861825
 383654.3498843719
 383664.2671933251
 383675.305826657
 383687.5649979159
 383701.15036366
 383716.1742965619
 383732.7561641825
 383751.0226134135
 383771.1078605897
 383793.1539872718
 383817.3112416965
 383843.7383458979
 383872.6028084974


# name: QUERY
# type: sq_string
# elements: 1
# length: 2
R1


# name: DATASIZE
# type: sq_string
# elements: 1
# length: 4
1000


