# Created by Octave 3.8.2, Wed May 18 09:14:56 2016 CEST <Andrea@Andreas-MacBook-Pro.local>
# name: x
# type: matrix
# rows: 1
# columns: 100
 0.008333333333333333 0.008417508417508417 0.008501683501683501 0.008585858585858586 0.00867003367003367 0.008754208754208754 0.008838383838383838 0.008922558922558922 0.009006734006734006 0.00909090909090909 0.009175084175084175 0.009259259259259259 0.009343434343434343 0.009427609427609427 0.009511784511784513 0.009595959595959595 0.009680134680134681 0.009764309764309764 0.009848484848484849 0.009932659932659932 0.01001683501683502 0.0101010101010101 0.01018518518518519 0.01026936026936027 0.01035353535353535 0.01043771043771044 0.01052188552188552 0.01060606060606061 0.01069023569023569 0.01077441077441077 0.01085858585858586 0.01094276094276094 0.01102693602693603 0.01111111111111111 0.0111952861952862 0.01127946127946128 0.01136363636363636 0.01144781144781145 0.01153198653198653 0.01161616161616162 0.0117003367003367 0.01178451178451178 0.01186868686868687 0.01195286195286195 0.01203703703703704 0.01212121212121212 0.01220538720538721 0.01228956228956229 0.01237373737373737 0.01245791245791246 0.01254208754208754 0.01262626262626263 0.01271043771043771 0.01279461279461279 0.01287878787878788 0.01296296296296296 0.01304713804713805 0.01313131313131313 0.01321548821548822 0.0132996632996633 0.01338383838383838 0.01346801346801347 0.01355218855218855 0.01363636363636364 0.01372053872053872 0.01380471380471381 0.01388888888888889 0.01397306397306397 0.01405723905723906 0.01414141414141414 0.01422558922558923 0.01430976430976431 0.01439393939393939 0.01447811447811448 0.01456228956228956 0.01464646464646465 0.01473063973063973 0.01481481481481482 0.0148989898989899 0.01498316498316498 0.01506734006734007 0.01515151515151515 0.01523569023569024 0.01531986531986532 0.0154040404040404 0.01548821548821549 0.01557239057239057 0.01565656565656566 0.01574074074074074 0.01582491582491583 0.01590909090909091 0.01599326599326599 0.01607744107744108 0.01616161616161616 0.01624579124579125 0.01632996632996633 0.01641414141414142 0.0164983164983165 0.01658249158249158 0.01666666666666667


# name: y
# type: matrix
# rows: 100
# columns: 1
 418528.313768586
 418361.205409455
 418198.016495839
 418038.7470277378
 417883.3970051515
 417731.9664280801
 417584.4552965236
 417440.863610482
 417301.1913699552
 417165.4385749433
 417033.6052254463
 416905.6913214642
 416781.696862997
 416661.6218500446
 416545.4662826072
 416433.2301606846
 416324.9134842769
 416220.5162533841
 416120.0384680061
 416023.480128143
 415930.8412337949
 415842.1217849616
 415757.3217816432
 415676.4412238396
 415599.480111551
 415526.4384447772
 415457.3162235183
 415392.1134477744
 415330.8301175453
 415273.466232831
 415220.0217936317
 415170.4967999472
 415124.8912517776
 415083.2051491229
 415045.438491983
 415011.5912803581
 414981.663514248
 414955.6551936528
 414933.5663185726
 414915.3968890071
 414901.1469049566
 414890.8163664209
 414884.4052734002
 414881.9136258943
 414883.3414239033
 414888.6886674272
 414897.9553564659
 414911.1414910196
 414928.2470710881
 414949.2720966715
 414974.2165677698
 415003.0804843829
 415035.863846511
 415072.5666541539
 415113.1889073117
 415157.7306059844
 415206.191750172
 415258.5723398745
 415314.8723750918
 415375.091855824
 415439.2307820711
 415507.2891538331
 415579.26697111
 415655.1642339017
 415734.9809422084
 415818.7170960299
 415906.3726953663
 415997.9477402176
 416093.4422305837
 416192.8561664647
 416296.1895478607
 416403.4423747715
 416514.6146471972
 416629.7063651378
 416748.7175285932
 416871.6481375635
 416998.4981920487
 417129.2676920489
 417263.9566375638
 417402.5650285937
 417545.0928651384
 417691.5401471981
 417841.9068747726
 417996.193047862
 418154.3986664662
 418316.5237305854
 418482.5682402194
 418652.5321953683
 418826.4155960322
 419004.2184422108
 419185.9407339044
 419371.5824711128
 419561.1436538362
 419754.6242820744
 419952.0243558275
 420153.3438750954
 420358.5828398783
 420567.741250176
 420780.8191059887
 420997.8164073161


# name: QUERY
# type: sq_string
# elements: 1
# length: 2
R1


# name: DATASIZE
# type: sq_string
# elements: 1
# length: 4
1000


