# Created by Octave 4.0.0, Mon May 23 11:55:00 2016 CEST <peter@Independence>
# name: x
# type: matrix
# rows: 1
# columns: 100
 0.008333333333333333 0.008417508417508417 0.008501683501683501 0.008585858585858586 0.00867003367003367 0.008754208754208754 0.008838383838383838 0.008922558922558922 0.009006734006734006 0.00909090909090909 0.009175084175084175 0.009259259259259259 0.009343434343434343 0.009427609427609427 0.009511784511784513 0.009595959595959595 0.009680134680134681 0.009764309764309764 0.009848484848484849 0.009932659932659932 0.01001683501683502 0.0101010101010101 0.01018518518518518 0.01026936026936027 0.01035353535353535 0.01043771043771044 0.01052188552188552 0.0106060606060606 0.01069023569023569 0.01077441077441077 0.01085858585858586 0.01094276094276094 0.01102693602693603 0.01111111111111111 0.0111952861952862 0.01127946127946128 0.01136363636363636 0.01144781144781145 0.01153198653198653 0.01161616161616162 0.0117003367003367 0.01178451178451178 0.01186868686868687 0.01195286195286195 0.01203703703703704 0.01212121212121212 0.01220538720538721 0.01228956228956229 0.01237373737373737 0.01245791245791246 0.01254208754208754 0.01262626262626263 0.01271043771043771 0.01279461279461279 0.01287878787878788 0.01296296296296296 0.01304713804713805 0.01313131313131313 0.01321548821548822 0.0132996632996633 0.01338383838383838 0.01346801346801347 0.01355218855218855 0.01363636363636364 0.01372053872053872 0.01380471380471381 0.01388888888888889 0.01397306397306397 0.01405723905723906 0.01414141414141414 0.01422558922558922 0.01430976430976431 0.01439393939393939 0.01447811447811448 0.01456228956228956 0.01464646464646465 0.01473063973063973 0.01481481481481481 0.0148989898989899 0.01498316498316498 0.01506734006734007 0.01515151515151515 0.01523569023569023 0.01531986531986532 0.0154040404040404 0.01548821548821549 0.01557239057239057 0.01565656565656566 0.01574074074074074 0.01582491582491583 0.01590909090909091 0.01599326599326599 0.01607744107744108 0.01616161616161616 0.01624579124579124 0.01632996632996633 0.01641414141414142 0.0164983164983165 0.01658249158249158 0.01666666666666667


# name: y
# type: matrix
# rows: 100
# columns: 1
 374082.4687241269
 373784.172605061
 373493.1825490933
 373209.4985562238
 372933.1206264524
 372664.0487597793
 372402.2829562043
 372147.8232157275
 371900.6695383489
 371660.8219240684
 371428.2803728862
 371203.0448848021
 370985.1154598162
 370774.4920979286
 370571.1747991391
 370375.1635634478
 370186.4583908546
 370005.0592813597
 369830.9662349629
 369664.1792516644
 369504.698331464
 369352.5234743618
 369207.6546803578
 369070.0919494519
 368939.8352816443
 368816.8846769348
 368701.2401353235
 368592.9016568105
 368491.8692413956
 368398.1428890788
 368311.7225998603
 368232.60837374
 368160.8002107178
 368096.2981107938
 368039.102073968
 367989.2121002404
 367946.628189611
 367911.3503420798
 367883.3785576467
 367862.7128363118
 367849.3531780752
 367843.2995829367
 367844.5520508963
 367853.1105819542
 367868.9751761103
 367892.1458333646
 367922.622553717
 367960.4053371676
 368005.4941837164
 368057.8890933634
 368117.5900661085
 368184.5971019519
 368258.9102008934
 368340.5293629332
 368429.4545880711
 368525.6858763072
 368629.2232276414
 368740.0666420739
 368858.2161196046
 368983.6716602334
 369116.4332639604
 369256.5009307857
 369403.8746607091
 369558.5544537306
 369720.5403098504
 369889.8322290683
 370066.4302113845
 370250.3342567988
 370441.5443653113
 370640.060536922
 370845.8827716309
 371059.011069438
 371279.4454303432
 371507.1858543466
 371742.2323414482
 371984.584891648
 372234.243504946
 372491.2081813422
 372755.4789208365
 373027.0557234291
 373305.9385891198
 373592.1275179087
 373885.6225097958
 374186.4235647811
 374494.5306828646
 374809.9438640462
 375132.6631083261
 375462.6884157041
 375800.0197861803
 376144.6572197547
 376496.6007164273
 376855.850276198
 377222.405899067
 377596.2675850341
 377977.4353340995
 378365.909146263
 378761.6890215246
 379164.7749598845
 379575.1669613426
 379992.8650258988


# name: QUERY
# type: sq_string
# elements: 1
# length: 2
R1


# name: DATASIZE
# type: sq_string
# elements: 1
# length: 4
1000


