# Created by Octave 4.0.0, Mon May 23 11:55:00 2016 CEST <peter@Independence>
# name: x
# type: matrix
# rows: 1
# columns: 100
 0.008333333333333333 0.008417508417508417 0.008501683501683501 0.008585858585858586 0.00867003367003367 0.008754208754208754 0.008838383838383838 0.008922558922558922 0.009006734006734006 0.00909090909090909 0.009175084175084175 0.009259259259259259 0.009343434343434343 0.009427609427609427 0.009511784511784513 0.009595959595959595 0.009680134680134681 0.009764309764309764 0.009848484848484849 0.009932659932659932 0.01001683501683502 0.0101010101010101 0.01018518518518518 0.01026936026936027 0.01035353535353535 0.01043771043771044 0.01052188552188552 0.0106060606060606 0.01069023569023569 0.01077441077441077 0.01085858585858586 0.01094276094276094 0.01102693602693603 0.01111111111111111 0.0111952861952862 0.01127946127946128 0.01136363636363636 0.01144781144781145 0.01153198653198653 0.01161616161616162 0.0117003367003367 0.01178451178451178 0.01186868686868687 0.01195286195286195 0.01203703703703704 0.01212121212121212 0.01220538720538721 0.01228956228956229 0.01237373737373737 0.01245791245791246 0.01254208754208754 0.01262626262626263 0.01271043771043771 0.01279461279461279 0.01287878787878788 0.01296296296296296 0.01304713804713805 0.01313131313131313 0.01321548821548822 0.0132996632996633 0.01338383838383838 0.01346801346801347 0.01355218855218855 0.01363636363636364 0.01372053872053872 0.01380471380471381 0.01388888888888889 0.01397306397306397 0.01405723905723906 0.01414141414141414 0.01422558922558922 0.01430976430976431 0.01439393939393939 0.01447811447811448 0.01456228956228956 0.01464646464646465 0.01473063973063973 0.01481481481481481 0.0148989898989899 0.01498316498316498 0.01506734006734007 0.01515151515151515 0.01523569023569023 0.01531986531986532 0.0154040404040404 0.01548821548821549 0.01557239057239057 0.01565656565656566 0.01574074074074074 0.01582491582491583 0.01590909090909091 0.01599326599326599 0.01607744107744108 0.01616161616161616 0.01624579124579124 0.01632996632996633 0.01641414141414142 0.0164983164983165 0.01658249158249158 0.01666666666666667


# name: y
# type: matrix
# rows: 100
# columns: 1
 377381.3434655431
 377314.3146987982
 377252.0909496428
 377194.4369031226
 377141.1231524774
 377091.9261991423
 377046.6284527467
 377005.0182311147
 376966.8897602653
 376932.0431744122
 376900.2845159635
 376871.4257355224
 376845.2846918866
 376821.6851520484
 376800.4567911949
 376781.435192708
 376764.4618481641
 376749.3841573345
 376736.0554281851
 376724.3348768764
 376714.0876277637
 376705.1847133972
 376697.5030745214
 376690.9255600757
 376685.3409271943
 376680.6438412059
 376676.7348756341
 376673.5205121969
 376670.9131408075
 376668.8310595732
 376667.1984747964
 376665.9455009741
 376665.0081607979
 376664.3283851544
 376663.8540131244
 376663.5387919839
 376663.3423772033
 376663.2303324479
 376663.1741295774
 376663.1511486464
 376663.1446779043
 376663.143913795
 376663.1439609572
 376663.1458322243
 376663.1564486243
 376663.1886393801
 376663.2611419091
 376663.3986018234
 376663.6315729299
 376663.9965172303
 376664.5358049208
 376665.2977143923
 376666.3364322305
 376667.7120532159
 376669.4905803234
 376671.7439247228
 376674.5499057786
 376677.99225105
 376682.1605962907
 376687.1504854495
 376693.0633706694
 376700.0066122886
 376708.0934788396
 376717.4431470499
 376728.1807018414
 376740.4371363309
 376754.3493518298
 376770.0601578445
 376787.7182720756
 376807.4783204187
 376829.5008369642
 376853.9522639968
 376881.0049519964
 376910.8371596372
 376943.6330537883
 376979.5827095134
 377018.8821100709
 377061.7331469141
 377108.3436196907
 377158.9272362434
 377213.7036126092
 377272.8982730203
 377336.7426499032
 377405.4740838793
 377479.3358237645
 377558.5770265697
 377643.4527575002
 377734.2239899563
 377831.1576055327
 377934.526394019
 378044.6090533993
 378161.6901898527
 378286.0603177528
 378418.0158596678
 378557.8591463608
 378705.8984167897
 378862.4478181066
 379027.8274056589
 379202.3631429883
 379386.3869018313


# name: QUERY
# type: sq_string
# elements: 1
# length: 2
R1


# name: DATASIZE
# type: sq_string
# elements: 1
# length: 4
1000


