# Created by Octave 3.8.2, Wed May 18 09:14:56 2016 CEST <Andrea@Andreas-MacBook-Pro.local>
# name: x
# type: matrix
# rows: 1
# columns: 100
 0.008333333333333333 0.008417508417508417 0.008501683501683501 0.008585858585858586 0.00867003367003367 0.008754208754208754 0.008838383838383838 0.008922558922558922 0.009006734006734006 0.00909090909090909 0.009175084175084175 0.009259259259259259 0.009343434343434343 0.009427609427609427 0.009511784511784513 0.009595959595959595 0.009680134680134681 0.009764309764309764 0.009848484848484849 0.009932659932659932 0.01001683501683502 0.0101010101010101 0.01018518518518519 0.01026936026936027 0.01035353535353535 0.01043771043771044 0.01052188552188552 0.01060606060606061 0.01069023569023569 0.01077441077441077 0.01085858585858586 0.01094276094276094 0.01102693602693603 0.01111111111111111 0.0111952861952862 0.01127946127946128 0.01136363636363636 0.01144781144781145 0.01153198653198653 0.01161616161616162 0.0117003367003367 0.01178451178451178 0.01186868686868687 0.01195286195286195 0.01203703703703704 0.01212121212121212 0.01220538720538721 0.01228956228956229 0.01237373737373737 0.01245791245791246 0.01254208754208754 0.01262626262626263 0.01271043771043771 0.01279461279461279 0.01287878787878788 0.01296296296296296 0.01304713804713805 0.01313131313131313 0.01321548821548822 0.0132996632996633 0.01338383838383838 0.01346801346801347 0.01355218855218855 0.01363636363636364 0.01372053872053872 0.01380471380471381 0.01388888888888889 0.01397306397306397 0.01405723905723906 0.01414141414141414 0.01422558922558923 0.01430976430976431 0.01439393939393939 0.01447811447811448 0.01456228956228956 0.01464646464646465 0.01473063973063973 0.01481481481481482 0.0148989898989899 0.01498316498316498 0.01506734006734007 0.01515151515151515 0.01523569023569024 0.01531986531986532 0.0154040404040404 0.01548821548821549 0.01557239057239057 0.01565656565656566 0.01574074074074074 0.01582491582491583 0.01590909090909091 0.01599326599326599 0.01607744107744108 0.01616161616161616 0.01624579124579125 0.01632996632996633 0.01641414141414142 0.0164983164983165 0.01658249158249158 0.01666666666666667


# name: y
# type: matrix
# rows: 100
# columns: 1
 426168.3319999032
 426166.9809317537
 426165.7810199855
 426164.7184217205
 426163.7802674673
 426162.9546143798
 426162.2304006665
 426161.5974011499
 426161.0461839755
 426160.5680684722
 426160.1550841623
 426159.7999309214
 426159.4959402896
 426159.2370379317
 426159.0177072487
 426158.8329541389
 426158.6782729095
 426158.5496133383
 426158.4433488861
 426158.3562460586
 426158.2854349192
 426158.2283807517
 426158.1828568734
 426158.1469185986
 426158.1188783514
 426158.0972819306
 426158.0808859228
 426158.0686362674
 426158.0596479705
 426158.0531859702
 426158.0486471513
 426158.045543511
 426158.0434864739
 426158.0421723583
 426158.0413689918
 426158.0409034779
 426158.0406511123
 426158.04052545
 426158.040469522
 426158.0404482027
 426158.0404417274
 426158.0404403603
 426158.0404402122
 426158.0404402087
 426158.0404402094
 426158.0404402758
 426158.0404410909
 426158.0404455283
 426158.0404613715
 426158.0405051843
 426158.0406073299
 426158.0408181418
 426158.0412152444
 426158.0419120233
 426158.0430672464
 426158.0448958356
 426158.0476807877
 426158.0517862467
 426158.0576717253
 426158.0659074775
 426158.077191021
 426158.09236481
 426158.1124350581
 426158.1385917114
 426158.1722295725
 426158.2149705739
 426158.2686872017
 426158.3355270704
 426158.4179386472
 426158.5186981265
 426158.6409374552
 426158.7881735078
 426158.9643384118
 426159.1738110237
 426159.4214495546
 426159.7126253468
 426160.0532578001
 426160.4498504484
 426160.909528187
 426161.4400756494
 426162.0499767352
 426162.7484552878
 426163.5455169217
 426164.4519920019
 426165.479579771
 426166.6408936292
 426167.9495075622
 426169.4200037212
 426171.068021152
 426172.9103056747
 426174.9647609136
 426177.2505004778
 426179.7879012913
 426182.5986580736
 426185.705838971
 426189.1339423378
 426192.9089546673
 426197.058409674
 426201.6114485252
 426206.5988812235


# name: QUERY
# type: sq_string
# elements: 1
# length: 2
R1


# name: DATASIZE
# type: sq_string
# elements: 1
# length: 4
1000


