# Created by Octave 3.8.2, Wed May 18 09:14:56 2016 CEST <Andrea@Andreas-MacBook-Pro.local>
# name: x
# type: matrix
# rows: 1
# columns: 100
 0.008333333333333333 0.008417508417508417 0.008501683501683501 0.008585858585858586 0.00867003367003367 0.008754208754208754 0.008838383838383838 0.008922558922558922 0.009006734006734006 0.00909090909090909 0.009175084175084175 0.009259259259259259 0.009343434343434343 0.009427609427609427 0.009511784511784513 0.009595959595959595 0.009680134680134681 0.009764309764309764 0.009848484848484849 0.009932659932659932 0.01001683501683502 0.0101010101010101 0.01018518518518519 0.01026936026936027 0.01035353535353535 0.01043771043771044 0.01052188552188552 0.01060606060606061 0.01069023569023569 0.01077441077441077 0.01085858585858586 0.01094276094276094 0.01102693602693603 0.01111111111111111 0.0111952861952862 0.01127946127946128 0.01136363636363636 0.01144781144781145 0.01153198653198653 0.01161616161616162 0.0117003367003367 0.01178451178451178 0.01186868686868687 0.01195286195286195 0.01203703703703704 0.01212121212121212 0.01220538720538721 0.01228956228956229 0.01237373737373737 0.01245791245791246 0.01254208754208754 0.01262626262626263 0.01271043771043771 0.01279461279461279 0.01287878787878788 0.01296296296296296 0.01304713804713805 0.01313131313131313 0.01321548821548822 0.0132996632996633 0.01338383838383838 0.01346801346801347 0.01355218855218855 0.01363636363636364 0.01372053872053872 0.01380471380471381 0.01388888888888889 0.01397306397306397 0.01405723905723906 0.01414141414141414 0.01422558922558923 0.01430976430976431 0.01439393939393939 0.01447811447811448 0.01456228956228956 0.01464646464646465 0.01473063973063973 0.01481481481481482 0.0148989898989899 0.01498316498316498 0.01506734006734007 0.01515151515151515 0.01523569023569024 0.01531986531986532 0.0154040404040404 0.01548821548821549 0.01557239057239057 0.01565656565656566 0.01574074074074074 0.01582491582491583 0.01590909090909091 0.01599326599326599 0.01607744107744108 0.01616161616161616 0.01624579124579125 0.01632996632996633 0.01641414141414142 0.0164983164983165 0.01658249158249158 0.01666666666666667


# name: y
# type: matrix
# rows: 100
# columns: 1
 405391.7967449496
 405523.4611379239
 405649.0219922055
 405768.6241620773
 405882.4125018229
 405990.5318657254
 406093.127108068
 406190.3430831342
 406282.324645207
 406369.21664857
 406451.1639475061
 406528.3113962988
 406600.8038492313
 406668.786160587
 406732.403184649
 406791.7997757005
 406847.120788025
 406898.5110759056
 406946.1154936256
 406990.0788954684
 407030.5461357171
 407067.662068655
 407101.5715485655
 407132.4194297317
 407160.3505664369
 407185.5098129645
 407208.0420235976
 407228.0920526196
 407245.8047543137
 407261.3249829632
 407274.7975928513
 407286.3674382613
 407296.1793734765
 407304.3782527802
 407311.1089304556
 407316.516260786
 407320.7450980547
 407323.9402965449
 407326.2467105399
 407327.809194323
 407328.7726021774
 407329.2817883864
 407329.4816072333
 407329.5169130013
 407329.5325599738
 407329.6734024339
 407330.084294665
 407330.9100909503
 407332.2956455731
 407334.3858128167
 407337.3254469642
 407341.2594022991
 407346.3325331045
 407352.6896936638
 407360.4757382602
 407369.8355211769
 407380.9138966973
 407393.8557191046
 407408.805842682
 407425.909121713
 407445.3104104805
 407467.1545632682
 407491.586434359
 407518.7508780364
 407548.7927485835
 407581.8569002838
 407618.0881874203
 407657.6314642765
 407700.6315851355
 407747.2334042806
 407797.5817759951
 407851.8215545624
 407910.0975942655
 407972.5547493878
 408039.3378742127
 408110.5918230233
 408186.4614501029
 408267.0916097348
 408352.6271562022
 408443.2129437884
 408538.9938267767
 408640.1146594504
 408746.7202960928
 408858.955590987
 408976.9653984164
 409100.8945726642
 409230.8879680137
 409367.0904387482
 409509.6468391509
 409658.7020235051
 409814.4008460941
 409976.8881612012
 410146.3088231095
 410322.8076861025
 410506.5296044633
 410697.6194324752
 410896.2220244216
 411102.4822345855
 411316.5449172504
 411538.5549266995


# name: QUERY
# type: sq_string
# elements: 1
# length: 2
R1


# name: DATASIZE
# type: sq_string
# elements: 1
# length: 4
1000


