# Created by Octave 3.8.2, Wed May 18 09:14:56 2016 CEST <Andrea@Andreas-MacBook-Pro.local>
# name: x
# type: matrix
# rows: 1
# columns: 100
 0.008333333333333333 0.008417508417508417 0.008501683501683501 0.008585858585858586 0.00867003367003367 0.008754208754208754 0.008838383838383838 0.008922558922558922 0.009006734006734006 0.00909090909090909 0.009175084175084175 0.009259259259259259 0.009343434343434343 0.009427609427609427 0.009511784511784513 0.009595959595959595 0.009680134680134681 0.009764309764309764 0.009848484848484849 0.009932659932659932 0.01001683501683502 0.0101010101010101 0.01018518518518519 0.01026936026936027 0.01035353535353535 0.01043771043771044 0.01052188552188552 0.01060606060606061 0.01069023569023569 0.01077441077441077 0.01085858585858586 0.01094276094276094 0.01102693602693603 0.01111111111111111 0.0111952861952862 0.01127946127946128 0.01136363636363636 0.01144781144781145 0.01153198653198653 0.01161616161616162 0.0117003367003367 0.01178451178451178 0.01186868686868687 0.01195286195286195 0.01203703703703704 0.01212121212121212 0.01220538720538721 0.01228956228956229 0.01237373737373737 0.01245791245791246 0.01254208754208754 0.01262626262626263 0.01271043771043771 0.01279461279461279 0.01287878787878788 0.01296296296296296 0.01304713804713805 0.01313131313131313 0.01321548821548822 0.0132996632996633 0.01338383838383838 0.01346801346801347 0.01355218855218855 0.01363636363636364 0.01372053872053872 0.01380471380471381 0.01388888888888889 0.01397306397306397 0.01405723905723906 0.01414141414141414 0.01422558922558923 0.01430976430976431 0.01439393939393939 0.01447811447811448 0.01456228956228956 0.01464646464646465 0.01473063973063973 0.01481481481481482 0.0148989898989899 0.01498316498316498 0.01506734006734007 0.01515151515151515 0.01523569023569024 0.01531986531986532 0.0154040404040404 0.01548821548821549 0.01557239057239057 0.01565656565656566 0.01574074074074074 0.01582491582491583 0.01590909090909091 0.01599326599326599 0.01607744107744108 0.01616161616161616 0.01624579124579125 0.01632996632996633 0.01641414141414142 0.0164983164983165 0.01658249158249158 0.01666666666666667


# name: y
# type: matrix
# rows: 1
# columns: 100
 350925.0950190902 352443.1794200386 353961.263820987 355479.3482219354 356997.4326228838 358515.5170238322 360033.6014247806 361551.685825729 363069.7702266774 364587.8546276258 366105.9390285742 367624.0234295226 369142.107830471 370660.1922314194 372178.2766323677 373696.3610333162 375214.4454342645 376732.529835213 378250.6142361613 379768.6986371098 381286.7830380581 382804.8674390066 384322.9518399549 385841.0362409034 387359.1206418517 388877.2050428002 390395.2894437485 391913.373844697 393431.4582456454 394949.5426465938 396467.6270475421 397985.7114484906 399503.795849439 401021.8802503874 402539.9646513358 404058.0490522842 405576.1334532326 407094.217854181 408612.3022551294 410130.3866560778 411648.4710570262 413166.5554579746 414684.639858923 416202.7242598713 417720.8086608198 419238.8930617681 420756.9774627166 422275.0618636649 423793.1462646134 425311.2306655617 426829.3150665102 428347.3994674586 429865.483868407 431383.5682693553 432901.6526703038 434419.7370712521 435937.8214722006 437455.9058731489 438973.9902740974 440492.0746750458 442010.1590759942 443528.2434769426 445046.327877891 446564.4122788394 448082.4966797878 449600.5810807362 451118.6654816846 452636.749882633 454154.8342835814 455672.9186845298 457191.0030854782 458709.0874864266 460227.1718873749 461745.2562883234 463263.3406892717 464781.4250902202 466299.5094911685 467817.593892117 469335.6782930653 470853.7626940138 472371.8470949621 473889.9314959106 475408.0158968589 476926.1002978074 478444.1846987558 479962.2690997042 481480.3535006526 482998.437901601 484516.5223025494 486034.6067034978 487552.6911044462 489070.7755053946 490588.8599063429 492106.9443072914 493625.0287082398 495143.1131091882 496661.1975101365 498179.281911085 499697.3663120334 501215.4507129818


# name: QUERY
# type: sq_string
# elements: 1
# length: 2
R1


# name: DATASIZE
# type: sq_string
# elements: 1
# length: 4
1000


