# Created by Octave 4.0.0, Thu May 19 01:15:45 2016 CEST <peter@Independence>
# name: x
# type: matrix
# rows: 1
# columns: 100
 60 60.60606060606061 61.21212121212122 61.81818181818182 62.42424242424242 63.03030303030303 63.63636363636364 64.24242424242425 64.84848484848484 65.45454545454545 66.06060606060606 66.66666666666667 67.27272727272728 67.87878787878788 68.48484848484848 69.09090909090909 69.69696969696969 70.30303030303031 70.90909090909091 71.51515151515152 72.12121212121212 72.72727272727272 73.33333333333334 73.93939393939394 74.54545454545455 75.15151515151516 75.75757575757575 76.36363636363636 76.96969696969697 77.57575757575758 78.18181818181819 78.78787878787878 79.39393939393939 80 80.60606060606061 81.21212121212122 81.81818181818181 82.42424242424242 83.03030303030303 83.63636363636364 84.24242424242425 84.84848484848484 85.45454545454545 86.06060606060606 86.66666666666667 87.27272727272727 87.87878787878788 88.48484848484848 89.09090909090909 89.69696969696969 90.3030303030303 90.90909090909091 91.51515151515152 92.12121212121212 92.72727272727272 93.33333333333333 93.93939393939394 94.54545454545455 95.15151515151514 95.75757575757575 96.36363636363636 96.96969696969697 97.57575757575758 98.18181818181819 98.78787878787878 99.39393939393939 100 100.6060606060606 101.2121212121212 101.8181818181818 102.4242424242424 103.030303030303 103.6363636363636 104.2424242424242 104.8484848484848 105.4545454545455 106.0606060606061 106.6666666666667 107.2727272727273 107.8787878787879 108.4848484848485 109.0909090909091 109.6969696969697 110.3030303030303 110.9090909090909 111.5151515151515 112.1212121212121 112.7272727272727 113.3333333333333 113.9393939393939 114.5454545454545 115.1515151515151 115.7575757575758 116.3636363636364 116.969696969697 117.5757575757576 118.1818181818182 118.7878787878788 119.3939393939394 120


# name: y
# type: matrix
# rows: 100
# columns: 1
 55749.47114292896
 55748.92455789383
 55748.38810346497
 55747.86081106323
 55747.34170412796
 55746.82979971453
 55746.32411011605
 55745.82364450672
 55745.32741060399
 55744.83441634747
 55744.34367159114
 55743.85418980656
 55743.36498979433
 55742.87509740051
 55742.3835472358
 55741.88938439358
 55741.39166616517
 55740.88946374797
 55740.38186394493
 55739.86797085084
 55739.3469075241
 55738.8178176395
 55738.27986712023
 55737.73224574543
 55737.17416873053
 55736.60487827813
 55736.02364509521
 55735.42976987537
 55734.82258474213
 55734.20145465154
 55733.5657787504
 55732.91499168859
 55732.248564882
 55731.56600772453
 55730.86686874574
 55730.15073671297
 55729.41724167464
 55728.66605594364
 55727.89689501794
 55727.10951843715
 55726.30373057263
 55725.47938135007
 55724.63636690253
 55723.77463015265
 55722.89416132247
 55721.99499837033
 55721.07722735265
 55720.14098271055
 55719.18644748026
 55718.21385342654
 55717.22348109822
 55716.21565980624
 55715.19076752343
 55714.14923070543
 55713.09152403407
 55712.01817008181
 55710.92973889879
 55709.82684752208
 55708.71015940822
 55707.58038378935
 55706.43827495439
 55705.28463145523
 55704.1202952404
 55702.94615071619
 55701.76312373744
 55700.57218052924
 55699.37432654112
 55698.17060523559
 55696.96209681287
 55695.74991687402
 55694.53521502414
 55693.31917341819
 55692.10300525167
 55690.88795319898
 55689.67528780087
 55688.46630580496
 55687.26232846105
 55686.0646997744
 55684.8747847199
 55683.69396741959
 55682.52364928706
 55681.36524714157
 55680.22019129465
 55679.08992361277
 55677.97589555921
 55676.87956621786
 55675.80240030272
 55674.74586615624
 55673.71143373931
 55672.70057261697
 55671.7147499423
 55670.75542844229
 55669.82406440881
 55668.92210569774
 55668.05098973983
 55667.21214156607
 55666.4069718511
 55665.63687497721
 55664.903227123
 55664.2073843785


# name: TRAIN_QUERIES
# type: cell
# rows: 1
# columns: 2
# name: <cell-element>
# type: sq_string
# elements: 1
# length: 2
R2



# name: <cell-element>
# type: sq_string
# elements: 1
# length: 2
R5





# name: TEST_QUERIES
# type: cell
# rows: 1
# columns: 1
# name: <cell-element>
# type: sq_string
# elements: 1
# length: 2
R3





