# Created by Octave 4.0.0, Thu May 19 01:15:45 2016 CEST <peter@Independence>
# name: x
# type: matrix
# rows: 1
# columns: 100
 60 60.60606060606061 61.21212121212122 61.81818181818182 62.42424242424242 63.03030303030303 63.63636363636364 64.24242424242425 64.84848484848484 65.45454545454545 66.06060606060606 66.66666666666667 67.27272727272728 67.87878787878788 68.48484848484848 69.09090909090909 69.69696969696969 70.30303030303031 70.90909090909091 71.51515151515152 72.12121212121212 72.72727272727272 73.33333333333334 73.93939393939394 74.54545454545455 75.15151515151516 75.75757575757575 76.36363636363636 76.96969696969697 77.57575757575758 78.18181818181819 78.78787878787878 79.39393939393939 80 80.60606060606061 81.21212121212122 81.81818181818181 82.42424242424242 83.03030303030303 83.63636363636364 84.24242424242425 84.84848484848484 85.45454545454545 86.06060606060606 86.66666666666667 87.27272727272727 87.87878787878788 88.48484848484848 89.09090909090909 89.69696969696969 90.3030303030303 90.90909090909091 91.51515151515152 92.12121212121212 92.72727272727272 93.33333333333333 93.93939393939394 94.54545454545455 95.15151515151514 95.75757575757575 96.36363636363636 96.96969696969697 97.57575757575758 98.18181818181819 98.78787878787878 99.39393939393939 100 100.6060606060606 101.2121212121212 101.8181818181818 102.4242424242424 103.030303030303 103.6363636363636 104.2424242424242 104.8484848484848 105.4545454545455 106.0606060606061 106.6666666666667 107.2727272727273 107.8787878787879 108.4848484848485 109.0909090909091 109.6969696969697 110.3030303030303 110.9090909090909 111.5151515151515 112.1212121212121 112.7272727272727 113.3333333333333 113.9393939393939 114.5454545454545 115.1515151515151 115.7575757575758 116.3636363636364 116.969696969697 117.5757575757576 118.1818181818182 118.7878787878788 119.3939393939394 120


# name: y
# type: matrix
# rows: 1
# columns: 100
 230028.7108979834 230035.7703973544 230042.8298967254 230049.8893960964 230056.9488954674 230064.0083948384 230071.0678942094 230078.1273935803 230085.1868929513 230092.2463923223 230099.3058916933 230106.3653910643 230113.4248904353 230120.4843898063 230127.5438891772 230134.6033885482 230141.6628879192 230148.7223872902 230155.7818866612 230162.8413860322 230169.9008854032 230176.9603847741 230184.0198841451 230191.0793835161 230198.1388828871 230205.1983822581 230212.2578816291 230219.3173810001 230226.376880371 230233.436379742 230240.495879113 230247.555378484 230254.614877855 230261.674377226 230268.733876597 230275.7933759679 230282.8528753389 230289.9123747099 230296.9718740809 230304.0313734519 230311.0908728229 230318.1503721939 230325.2098715648 230332.2693709358 230339.3288703068 230346.3883696778 230353.4478690488 230360.5073684198 230367.5668677908 230374.6263671617 230381.6858665327 230388.7453659037 230395.8048652747 230402.8643646457 230409.9238640167 230416.9833633877 230424.0428627587 230431.1023621296 230438.1618615006 230445.2213608716 230452.2808602426 230459.3403596136 230466.3998589846 230473.4593583556 230480.5188577265 230487.5783570975 230494.6378564685 230501.6973558395 230508.7568552105 230515.8163545815 230522.8758539525 230529.9353533234 230536.9948526944 230544.0543520654 230551.1138514364 230558.1733508074 230565.2328501784 230572.2923495494 230579.3518489203 230586.4113482913 230593.4708476623 230600.5303470333 230607.5898464043 230614.6493457753 230621.7088451463 230628.7683445172 230635.8278438882 230642.8873432592 230649.9468426302 230657.0063420012 230664.0658413722 230671.1253407432 230678.1848401141 230685.2443394851 230692.3038388561 230699.3633382271 230706.4228375981 230713.4823369691 230720.5418363401 230727.601335711


# name: TRAIN_QUERIES
# type: cell
# rows: 1
# columns: 2
# name: <cell-element>
# type: sq_string
# elements: 1
# length: 2
R2



# name: <cell-element>
# type: sq_string
# elements: 1
# length: 2
R5





# name: TEST_QUERIES
# type: cell
# rows: 1
# columns: 1
# name: <cell-element>
# type: sq_string
# elements: 1
# length: 2
R3





