# Created by Octave 4.0.0, Thu May 19 00:57:03 2016 CEST <peter@Independence>
# name: SVs
# type: cell
# rows: 1
# columns: 7
# name: <cell-element>
# type: sparse matrix
# nnz: 16
# rows: 2
# columns: 8
1 1 1.884217294427342
2 1 -1.253552843448522
1 2 0.7075970655009923
2 2 -1.277872292226497
1 3 1.937063692319326
2 3 -0.9019683204283678
1 4 1.168718827313175
2 4 -1.094576219279434
1 5 0.1159353144031436
2 5 -1.221601272302041
1 6 -0.5471713520480521
2 6 -0.6350848819017824
1 7 -1.282580307248995
2 7 -0.2929417810397619
1 8 -1.38077315033689
2 8 -1.38077315033689



# name: <cell-element>
# type: sparse matrix
# nnz: 32
# rows: 4
# columns: 8
1 1 1.884217294427342
2 1 1.418460895005488
3 1 -1.27745704129605
4 1 -1.253552843448522
1 2 0.7075970655009923
2 2 0.5621315534016017
3 2 -1.275105473166118
4 2 -1.277872292226497
1 3 1.937063692319326
2 3 1.561060325764181
3 3 -0.8945308911998046
4 3 -0.9019683204283678
1 4 1.168718827313175
2 4 0.8615217740339137
3 4 -1.088266225752617
4 4 -1.094576219279434
1 5 0.1159353144031436
2 5 0.8428779136862327
3 5 -1.152245656893836
4 5 -1.221601272302041
1 6 -0.5471713520480521
2 6 -0.5006588901023312
3 6 -0.6302916752024119
4 6 -0.6350848819017824
1 7 -1.282580307248995
2 7 0.6966967451694711
3 7 -0.2929417810397619
4 7 -0.2929417810397619
1 8 -1.38077315033689
2 8 0.4670864662860696
3 8 0.4670864662860696
4 8 -1.38077315033689



# name: <cell-element>
# type: sparse matrix
# nnz: 40
# rows: 5
# columns: 8
1 1 1.884217294427342
2 1 1.418460895005488
3 1 -1.27745704129605
4 1 -1.253552843448522
5 1 -1.190663527121911
1 2 0.7075970655009923
2 2 0.5621315534016017
3 2 -1.275105473166118
4 2 -1.277872292226497
5 2 -1.255876080696489
1 3 1.937063692319326
2 3 1.561060325764181
3 3 -0.8945308911998046
4 3 -0.9019683204283678
5 3 -0.8858538904331473
1 4 1.168718827313175
2 4 0.8615217740339137
3 4 -1.088266225752617
4 4 -1.094576219279434
5 4 -1.093579904512042
1 5 0.1159353144031436
2 5 0.8428779136862327
3 5 -1.152245656893836
4 5 -1.221601272302041
5 5 -1.18739591429418
1 6 -0.5471713520480521
2 6 -0.5006588901023312
3 6 -0.6302916752024119
4 6 -0.6350848819017824
5 6 -0.6330900920498741
1 7 -1.282580307248995
2 7 0.6966967451694711
3 7 -0.2929417810397619
4 7 -0.2929417810397619
5 7 0.6966967451694711
1 8 -1.38077315033689
2 8 0.4670864662860696
3 8 0.4670864662860696
4 8 -1.38077315033689
5 8 -0.4568433420254104



# name: <cell-element>
# type: sparse matrix
# nnz: 48
# rows: 6
# columns: 8
1 1 1.884217294427342
2 1 1.418460895005488
3 1 1.287300689014865
4 1 -1.27745704129605
5 1 -1.253552843448522
6 1 -1.190663527121911
1 2 0.7075970655009923
2 2 0.5621315534016017
3 2 0.4819975563653943
4 2 -1.275105473166118
5 2 -1.277872292226497
6 2 -1.255876080696489
1 3 1.937063692319326
2 3 1.561060325764181
3 3 1.539161228591189
4 3 -0.8945308911998046
5 3 -0.9019683204283678
6 3 -0.8858538904331473
1 4 1.168718827313175
2 4 0.8615217740339137
3 4 0.8309681211672197
4 4 -1.088266225752617
5 4 -1.094576219279434
6 4 -1.093579904512042
1 5 0.1159353144031436
2 5 0.8428779136862327
3 5 0.8712878887535354
4 5 -1.152245656893836
5 5 -1.221601272302041
6 5 -1.18739591429418
1 6 -0.5471713520480521
2 6 -0.5006588901023312
3 6 -0.4987824006710883
4 6 -0.6302916752024119
5 6 -0.6350848819017824
6 6 -0.6330900920498741
1 7 -1.282580307248995
2 7 0.6966967451694711
3 7 0.6966967451694711
4 7 -0.2929417810397619
5 7 -0.2929417810397619
6 7 0.6966967451694711
1 8 -1.38077315033689
2 8 0.4670864662860696
3 8 -1.38077315033689
4 8 0.4670864662860696
5 8 -1.38077315033689
6 8 -0.4568433420254104



# name: <cell-element>
# type: sparse matrix
# nnz: 64
# rows: 8
# columns: 8
1 1 1.884217294427342
2 1 1.829838373145925
3 1 1.418460895005488
4 1 1.287300689014865
5 1 -1.27745704129605
6 1 -1.253552843448522
7 1 -1.253427690580211
8 1 -1.190663527121911
1 2 0.7075970655009923
2 2 0.7351615003900114
3 2 0.5621315534016017
4 2 0.4819975563653943
5 2 -1.275105473166118
6 2 -1.277872292226497
7 2 -1.27424084220975
8 2 -1.255876080696489
1 3 1.937063692319326
2 3 1.911032690019354
3 3 1.561060325764181
4 3 1.539161228591189
5 3 -0.8945308911998046
6 3 -0.9019683204283678
7 3 -0.8544514114681022
8 3 -0.8858538904331473
1 4 1.168718827313175
2 4 1.161412519018965
3 4 0.8615217740339137
4 4 0.8309681211672197
5 4 -1.088266225752617
6 4 -1.094576219279434
7 4 -1.094576219279434
8 4 -1.093579904512042
1 5 0.1159353144031436
2 5 0.1539832632737663
3 5 0.8428779136862327
4 5 0.8712878887535354
5 5 -1.152245656893836
6 5 -1.221601272302041
7 5 -1.186073055144705
8 5 -1.18739591429418
1 6 -0.5471713520480521
2 6 -0.5444626803473015
3 6 -0.5006588901023312
4 6 -0.4987824006710883
5 6 -0.6302916752024119
6 6 -0.6350848819017824
7 6 -0.632996267578312
8 6 -0.6330900920498741
1 7 -1.282580307248995
2 7 -1.282580307248995
3 7 0.6966967451694711
4 7 0.6966967451694711
5 7 -0.2929417810397619
6 7 -0.2929417810397619
7 7 -0.2929417810397619
8 7 0.6966967451694711
1 8 -1.38077315033689
2 8 0.4670864662860696
3 8 0.4670864662860696
4 8 -1.38077315033689
5 8 0.4670864662860696
6 8 -1.38077315033689
7 8 -0.4568433420254104
8 8 -0.4568433420254104



# name: <cell-element>
# type: sparse matrix
# nnz: 40
# rows: 5
# columns: 8
1 1 1.884217294427342
2 1 1.418460895005488
3 1 -1.205431565582688
4 1 -1.264566295859949
5 1 -1.253552843448522
1 2 0.7075970655009923
2 2 0.5621315534016017
3 2 -1.263830685495077
4 2 -1.26728920932055
5 2 -1.277872292226497
1 3 1.937063692319326
2 3 1.561060325764181
3 3 -0.8503195063411226
4 3 -0.8540382209554043
5 3 -0.9019683204283678
1 4 1.168718827313175
2 4 0.8615217740339137
3 4 -1.094576219279434
4 4 -1.099225688193931
5 4 -1.094576219279434
1 5 0.1159353144031436
2 5 0.8428779136862327
3 5 -1.172025550843134
4 5 -1.179836719154321
5 5 -1.221601272302041
1 6 -0.5471713520480521
2 6 -0.5006588901023312
3 6 -0.6314706000842145
4 6 -0.6324618760228928
5 6 -0.6350848819017824
1 7 -1.282580307248995
2 7 0.6966967451694711
3 7 0.6966967451694711
4 7 -0.2929417810397619
5 7 -0.2929417810397619
1 8 -1.38077315033689
2 8 0.4670864662860696
3 8 1.39101627459755
4 8 1.39101627459755
5 8 -1.38077315033689



# name: <cell-element>
# type: scalar
0





# name: coefficients
# type: cell
# rows: 1
# columns: 7
# name: <cell-element>
# type: matrix
# rows: 2
# columns: 1
 0.0008026367144928901
 -0.0008026367144928901



# name: <cell-element>
# type: matrix
# rows: 4
# columns: 1
 0.005788921935463535
 0.03073955342371894
 -0.02491460313795962
 -0.01161387222122286



# name: <cell-element>
# type: matrix
# rows: 5
# columns: 1
 0.001322796038226375
 0.00798212393596635
 -0.005156659099467389
 -0.0001798543728546201
 -0.003968406501870716



# name: <cell-element>
# type: matrix
# rows: 6
# columns: 1
 0.002024449164034593
 0.02385532937161642
 0.001030312610133044
 -0.01890766538636649
 -0.006550497596303502
 -0.001451928163114065



# name: <cell-element>
# type: matrix
# rows: 8
# columns: 1
 0.000627365457917758
 0.0003561961341176641
 0.02405256984780241
 0.00211230512627393
 -0.01499707047876772
 -0.002313543802682751
 -0.004419781236589565
 -0.005418041048071726



# name: <cell-element>
# type: matrix
# rows: 5
# columns: 1
 0.01126935613566772
 0.004680405524623463
 -0.002286871685214414
 -0.003714978122976725
 -0.009947911852100042



# name: <cell-element>
# type: scalar
0





# name: b
# type: cell
# rows: 1
# columns: 7
# name: <cell-element>
# type: scalar
-0.565073328677723



# name: <cell-element>
# type: scalar
-0.564913590292332



# name: <cell-element>
# type: scalar
-0.5651228321815819



# name: <cell-element>
# type: scalar
-0.5652355862426804



# name: <cell-element>
# type: scalar
-0.5655892443646237



# name: <cell-element>
# type: scalar
-0.5640555253473016



# name: <cell-element>
# type: scalar
0





# name: models
# type: cell
# rows: 1
# columns: 7
# name: <cell-element>
# type: scalar struct
# ndims: 2
 1 1
# length: 11
# name: Parameters
# type: matrix
# rows: 5
# columns: 1
 3
 0
 3
 0.125
 0


