# Created by Octave 4.0.0, Thu May 19 00:56:56 2016 CEST <peter@Independence>
# name: mu
# type: matrix
# rows: 1
# columns: 9
 230376.8647450111 30951.34700665189 50158.4889135255 3480.935698447894 4732.874722838137 22198.56097560975 158580.8215077605 574.0022172949002 89.88913525498891


# name: sigma
# type: matrix
# rows: 1
# columns: 9
 309095.8146657181 15980.45675644828 28914.07000393476 2420.191096524501 3011.096591343663 15874.70594154305 245138.6042154873 252.6174894965074 21.64666603467511


