# Created by Octave 4.0.0, Thu May 19 01:15:45 2016 CEST <peter@Independence>
# name: x
# type: matrix
# rows: 1
# columns: 100
 60 60.60606060606061 61.21212121212122 61.81818181818182 62.42424242424242 63.03030303030303 63.63636363636364 64.24242424242425 64.84848484848484 65.45454545454545 66.06060606060606 66.66666666666667 67.27272727272728 67.87878787878788 68.48484848484848 69.09090909090909 69.69696969696969 70.30303030303031 70.90909090909091 71.51515151515152 72.12121212121212 72.72727272727272 73.33333333333334 73.93939393939394 74.54545454545455 75.15151515151516 75.75757575757575 76.36363636363636 76.96969696969697 77.57575757575758 78.18181818181819 78.78787878787878 79.39393939393939 80 80.60606060606061 81.21212121212122 81.81818181818181 82.42424242424242 83.03030303030303 83.63636363636364 84.24242424242425 84.84848484848484 85.45454545454545 86.06060606060606 86.66666666666667 87.27272727272727 87.87878787878788 88.48484848484848 89.09090909090909 89.69696969696969 90.3030303030303 90.90909090909091 91.51515151515152 92.12121212121212 92.72727272727272 93.33333333333333 93.93939393939394 94.54545454545455 95.15151515151514 95.75757575757575 96.36363636363636 96.96969696969697 97.57575757575758 98.18181818181819 98.78787878787878 99.39393939393939 100 100.6060606060606 101.2121212121212 101.8181818181818 102.4242424242424 103.030303030303 103.6363636363636 104.2424242424242 104.8484848484848 105.4545454545455 106.0606060606061 106.6666666666667 107.2727272727273 107.8787878787879 108.4848484848485 109.0909090909091 109.6969696969697 110.3030303030303 110.9090909090909 111.5151515151515 112.1212121212121 112.7272727272727 113.3333333333333 113.9393939393939 114.5454545454545 115.1515151515151 115.7575757575758 116.3636363636364 116.969696969697 117.5757575757576 118.1818181818182 118.7878787878788 119.3939393939394 120


# name: y
# type: matrix
# rows: 100
# columns: 1
 55661.47260418092
 55661.74309608332
 55661.99730451443
 55662.23589647704
 55662.45952502519
 55662.66882926357
 55662.86443434795
 55663.04695148513
 55663.21697793267
 55663.37509699925
 55663.52187804438
 55663.65787647851
 55663.78363376317
 55663.89967741066
 55664.0065209844
 55664.10466409859
 55664.1945924185
 55664.2767776603
 55664.35167759107
 55664.41973602894
 55664.48138284287
 55664.53703395286
 55664.58709132977
 55664.63194299547
 55664.67196302273
 55664.70751153532
 55664.73893470792
 55664.76656476615
 55664.79071998663
 55664.81170469685
 55664.82980927531
 55664.8453101514
 55664.85846980551
 55664.86953676894
 55664.87874562389
 55664.88631700369
 55664.89245759242
 55664.89736012515
 55664.90120338797
 55664.90415221784
 55664.90635750274
 55664.90795618147
 55664.90907124392
 55664.90981173087
 55664.91027273401
 55664.91053539602
 55664.91066691047
 55664.91072052202
 55664.91073552606
 55664.91073726912
 55664.91073714857
 55664.91073261277
 55664.91070716098
 55664.91063034345
 55664.91045776138
 55664.91013106686
 55664.909577963
 55664.90871220382
 55664.90743359426
 55664.90562799026
 55664.90316729867
 55664.8999094773
 55664.89569853491
 55664.89036453114
 55664.88372357673
 55664.87557783321
 55664.86571551312
 55664.85391087999
 55664.8399242482
 55664.8235019831
 55664.8043765011
 55664.78226626941
 55664.75687580623
 55664.72789568079
 55664.69500251312
 55664.65785897433
 55664.61611378638
 55664.56940172223
 55664.51734360578
 55664.45954631187
 55664.39560276628
 55664.32509194571
 55664.2475788779
 55664.16261464145
 55664.06973636587
 55663.96846723175
 55663.85831647055
 55663.73877936462
 55663.60933724736
 55663.46945750303
 55663.31859356698
 55663.15618492526
 55662.9816571151
 55662.79442172457
 55662.5938763927
 55662.37940480947
 55662.15037671578
 55661.90614790353
 55661.64606021554
 55661.36944154554


# name: TRAIN_QUERIES
# type: cell
# rows: 1
# columns: 2
# name: <cell-element>
# type: sq_string
# elements: 1
# length: 2
R2



# name: <cell-element>
# type: sq_string
# elements: 1
# length: 2
R5





# name: TEST_QUERIES
# type: cell
# rows: 1
# columns: 1
# name: <cell-element>
# type: sq_string
# elements: 1
# length: 2
R3





