# Created by Octave 4.0.0, Thu May 19 01:15:45 2016 CEST <peter@Independence>
# name: x
# type: matrix
# rows: 1
# columns: 100
 60 60.60606060606061 61.21212121212122 61.81818181818182 62.42424242424242 63.03030303030303 63.63636363636364 64.24242424242425 64.84848484848484 65.45454545454545 66.06060606060606 66.66666666666667 67.27272727272728 67.87878787878788 68.48484848484848 69.09090909090909 69.69696969696969 70.30303030303031 70.90909090909091 71.51515151515152 72.12121212121212 72.72727272727272 73.33333333333334 73.93939393939394 74.54545454545455 75.15151515151516 75.75757575757575 76.36363636363636 76.96969696969697 77.57575757575758 78.18181818181819 78.78787878787878 79.39393939393939 80 80.60606060606061 81.21212121212122 81.81818181818181 82.42424242424242 83.03030303030303 83.63636363636364 84.24242424242425 84.84848484848484 85.45454545454545 86.06060606060606 86.66666666666667 87.27272727272727 87.87878787878788 88.48484848484848 89.09090909090909 89.69696969696969 90.3030303030303 90.90909090909091 91.51515151515152 92.12121212121212 92.72727272727272 93.33333333333333 93.93939393939394 94.54545454545455 95.15151515151514 95.75757575757575 96.36363636363636 96.96969696969697 97.57575757575758 98.18181818181819 98.78787878787878 99.39393939393939 100 100.6060606060606 101.2121212121212 101.8181818181818 102.4242424242424 103.030303030303 103.6363636363636 104.2424242424242 104.8484848484848 105.4545454545455 106.0606060606061 106.6666666666667 107.2727272727273 107.8787878787879 108.4848484848485 109.0909090909091 109.6969696969697 110.3030303030303 110.9090909090909 111.5151515151515 112.1212121212121 112.7272727272727 113.3333333333333 113.9393939393939 114.5454545454545 115.1515151515151 115.7575757575758 116.3636363636364 116.969696969697 117.5757575757576 118.1818181818182 118.7878787878788 119.3939393939394 120


# name: y
# type: matrix
# rows: 100
# columns: 1
 55703.48532487202
 55703.26342588765
 55703.05052451536
 55702.84643453508
 55702.65096972662
 55702.46394386992
 55702.28517074476
 55702.11446413098
 55701.95163780852
 55701.79650555717
 55701.64888115687
 55701.50857838741
 55701.37541102868
 55701.24919286053
 55701.12973766282
 55701.01685921542
 55700.91037129817
 55700.81008769097
 55700.71582217366
 55700.62738852605
 55700.54460052808
 55700.46727195958
 55700.39521660039
 55700.32824823039
 55700.26618062943
 55700.20882757739
 55700.15600285411
 55700.10752023946
 55700.06319351331
 55700.02283645544
 55699.98626284584
 55699.9532864643
 55699.92372109066
 55699.89738050484
 55699.87407848664
 55699.85362881597
 55699.83584527267
 55699.82054163658
 55699.80753168761
 55699.79662920558
 55699.78764797031
 55699.78040176173
 55699.7747043597
 55699.77036954407
 55699.76721109464
 55699.76504279135
 55699.76367841402
 55699.76293174253
 55699.76261655675
 55699.76254663648
 55699.76253576163
 55699.76239771207
 55699.76194626762
 55699.7609952082
 55699.75935831357
 55699.75684936371
 55699.75328213838
 55699.74847041751
 55699.7422279809
 55699.73436860845
 55699.72470608001
 55699.71305417546
 55699.69922667462
 55699.6830373574
 55699.66430000361
 55699.64282839315
 55699.61843630584
 55699.59093752157
 55699.5601458202
 55699.52587498157
 55699.48793878561
 55699.44615101206
 55699.40032544086
 55699.35027585187
 55699.29581602491
 55699.2367597399
 55699.17292077662
 55699.104112915
 55699.03014993487
 55698.95084561608
 55698.86601373853
 55698.77546808205
 55698.67902242648
 55698.57649055173
 55698.46768623765
 55698.35242326406
 55698.23051541083
 55698.10177645789
 55697.96602018501
 55697.82306037209
 55697.672710799
 55697.51478524558
 55697.34909749168
 55697.17546131721
 55696.99369050199
 55696.80359882585
 55696.60500006872
 55696.39770801042
 55696.18153643084
 55695.95629910979


# name: TRAIN_QUERIES
# type: cell
# rows: 1
# columns: 2
# name: <cell-element>
# type: sq_string
# elements: 1
# length: 2
R2



# name: <cell-element>
# type: sq_string
# elements: 1
# length: 2
R5





# name: TEST_QUERIES
# type: cell
# rows: 1
# columns: 1
# name: <cell-element>
# type: sq_string
# elements: 1
# length: 2
R3





