# Created by Octave 4.0.0, Thu May 19 01:15:45 2016 CEST <peter@Independence>
# name: x
# type: matrix
# rows: 1
# columns: 100
 60 60.60606060606061 61.21212121212122 61.81818181818182 62.42424242424242 63.03030303030303 63.63636363636364 64.24242424242425 64.84848484848484 65.45454545454545 66.06060606060606 66.66666666666667 67.27272727272728 67.87878787878788 68.48484848484848 69.09090909090909 69.69696969696969 70.30303030303031 70.90909090909091 71.51515151515152 72.12121212121212 72.72727272727272 73.33333333333334 73.93939393939394 74.54545454545455 75.15151515151516 75.75757575757575 76.36363636363636 76.96969696969697 77.57575757575758 78.18181818181819 78.78787878787878 79.39393939393939 80 80.60606060606061 81.21212121212122 81.81818181818181 82.42424242424242 83.03030303030303 83.63636363636364 84.24242424242425 84.84848484848484 85.45454545454545 86.06060606060606 86.66666666666667 87.27272727272727 87.87878787878788 88.48484848484848 89.09090909090909 89.69696969696969 90.3030303030303 90.90909090909091 91.51515151515152 92.12121212121212 92.72727272727272 93.33333333333333 93.93939393939394 94.54545454545455 95.15151515151514 95.75757575757575 96.36363636363636 96.96969696969697 97.57575757575758 98.18181818181819 98.78787878787878 99.39393939393939 100 100.6060606060606 101.2121212121212 101.8181818181818 102.4242424242424 103.030303030303 103.6363636363636 104.2424242424242 104.8484848484848 105.4545454545455 106.0606060606061 106.6666666666667 107.2727272727273 107.8787878787879 108.4848484848485 109.0909090909091 109.6969696969697 110.3030303030303 110.9090909090909 111.5151515151515 112.1212121212121 112.7272727272727 113.3333333333333 113.9393939393939 114.5454545454545 115.1515151515151 115.7575757575758 116.3636363636364 116.969696969697 117.5757575757576 118.1818181818182 118.7878787878788 119.3939393939394 120


# name: y
# type: matrix
# rows: 100
# columns: 1
 55555.62068994233
 55555.61789123699
 55555.61536764086
 55555.61309708058
 55555.61105883869
 55555.60923349665
 55555.60760287978
 55555.60615000263
 55555.60485901602
 55555.60371515536
 55555.60270468975
 55555.6018148727
 55555.601033894
 55555.60035083239
 55555.59975561014
 55555.59923894829
 55555.5987923232
 55555.59840792458
 55555.59807861439
 55555.59779788717
 55555.59755983145
 55555.59735909253
 55555.59719083624
 55555.59705071416
 55555.59693482993
 55555.59683970668
 55555.59676225582
 55555.59669974702
 55555.59664977939
 55555.59661025371
 55555.59657934611
 55555.59655548295
 55555.59653731663
 55555.59652370287
 55555.59651367934
 55555.59650644488
 55555.5965013408
 55555.59649783254
 55555.59649549329
 55555.59649398812
 55555.59649306
 55555.59649251649
 55555.59649221794
 55555.59649206669
 55555.5964919978
 55555.5964919707
 55555.59649196206
 55555.59649196008
 55555.59649195982
 55555.59649195982
 55555.59649195982
 55555.59649195985
 55555.59649196043
 55555.59649196401
 55555.59649197757
 55555.59649201648
 55555.59649210965
 55555.59649230572
 55555.59649268058
 55555.59649334603
 55555.59649445981
 55555.59649623648
 55555.59649896005
 55555.59650299727
 55555.5965088126
 55555.5965169839
 55555.5965282199
 55555.59654337843
 55555.59656348597
 55555.59658975858
 55555.59662362389
 55555.59666674427
 55555.59672104128
 55555.59678872136
 55555.59687230273
 55555.59697464335
 55555.59709897029
 55555.5972489102
 55555.59742852108
 55555.59764232498
 55555.59789534245
 55555.59819312763
 55555.59854180491
 55555.59894810664
 55555.59941941214
 55555.59996378786
 55555.60059002883
 55555.60130770117
 55555.60212718594
 55555.60305972426
 55555.6041174634
 55555.60531350426
 55555.60666195021
 55555.60817795669
 55555.60987778247
 55555.61177884188
 55555.61389975832
 55555.61626041905
 55555.61888203089
 55555.62178717772


# name: TRAIN_QUERIES
# type: cell
# rows: 1
# columns: 2
# name: <cell-element>
# type: sq_string
# elements: 1
# length: 2
R2



# name: <cell-element>
# type: sq_string
# elements: 1
# length: 2
R5





# name: TEST_QUERIES
# type: cell
# rows: 1
# columns: 1
# name: <cell-element>
# type: sq_string
# elements: 1
# length: 2
R3





