# Created by Octave 4.0.0, Thu May 19 01:15:45 2016 CEST <peter@Independence>
# name: x
# type: matrix
# rows: 1
# columns: 100
 60 60.60606060606061 61.21212121212122 61.81818181818182 62.42424242424242 63.03030303030303 63.63636363636364 64.24242424242425 64.84848484848484 65.45454545454545 66.06060606060606 66.66666666666667 67.27272727272728 67.87878787878788 68.48484848484848 69.09090909090909 69.69696969696969 70.30303030303031 70.90909090909091 71.51515151515152 72.12121212121212 72.72727272727272 73.33333333333334 73.93939393939394 74.54545454545455 75.15151515151516 75.75757575757575 76.36363636363636 76.96969696969697 77.57575757575758 78.18181818181819 78.78787878787878 79.39393939393939 80 80.60606060606061 81.21212121212122 81.81818181818181 82.42424242424242 83.03030303030303 83.63636363636364 84.24242424242425 84.84848484848484 85.45454545454545 86.06060606060606 86.66666666666667 87.27272727272727 87.87878787878788 88.48484848484848 89.09090909090909 89.69696969696969 90.3030303030303 90.90909090909091 91.51515151515152 92.12121212121212 92.72727272727272 93.33333333333333 93.93939393939394 94.54545454545455 95.15151515151514 95.75757575757575 96.36363636363636 96.96969696969697 97.57575757575758 98.18181818181819 98.78787878787878 99.39393939393939 100 100.6060606060606 101.2121212121212 101.8181818181818 102.4242424242424 103.030303030303 103.6363636363636 104.2424242424242 104.8484848484848 105.4545454545455 106.0606060606061 106.6666666666667 107.2727272727273 107.8787878787879 108.4848484848485 109.0909090909091 109.6969696969697 110.3030303030303 110.9090909090909 111.5151515151515 112.1212121212121 112.7272727272727 113.3333333333333 113.9393939393939 114.5454545454545 115.1515151515151 115.7575757575758 116.3636363636364 116.969696969697 117.5757575757576 118.1818181818182 118.7878787878788 119.3939393939394 120


# name: y
# type: matrix
# rows: 100
# columns: 1
 55673.88252974764
 55677.51768911141
 55681.0783835568
 55684.56461308399
 55687.97637769289
 55691.31367738353
 55694.57651215591
 55697.76488201
 55700.87878694583
 55703.9182269634
 55706.88320206272
 55709.77371224377
 55712.58975750653
 55715.33133785104
 55717.99845327725
 55720.59110378523
 55723.10928937493
 55725.55301004634
 55727.92226579954
 55730.21705663443
 55732.43738255106
 55734.58324354939
 55736.6546396295
 55738.65157079135
 55740.57403703488
 55742.42203836018
 55744.19557476722
 55745.89464625597
 55747.51925282646
 55749.06939447869
 55750.54507121263
 55751.94628302832
 55753.27302992574
 55754.5253119049
 55755.7031289658
 55756.80648110839
 55757.83536833274
 55758.78979063884
 55759.66974802664
 55760.47524049622
 55761.20626804748
 55761.8628306805
 55762.44492839527
 55762.95256119172
 55763.38572906997
 55763.7444320299
 55764.02867007157
 55764.238443195
 55764.37375140013
 55764.43459468702
 55764.42097305559
 55764.33288650596
 55764.17033503804
 55763.93331865186
 55763.62183734737
 55763.23589112464
 55762.77547998365
 55762.24060392441
 55761.63126294684
 55760.94745705105
 55760.189186237
 55759.35645050468
 55758.44924985408
 55757.46758428522
 55756.41145379809
 55755.28085839271
 55754.07579806901
 55752.79627282708
 55751.44228266686
 55750.01382758841
 55748.51090759167
 55746.93352267667
 55745.28167284338
 55743.55535809186
 55741.75457842206
 55739.87933383396
 55737.92962432763
 55735.90544990302
 55733.80681056017
 55731.63370629904
 55729.38613711961
 55727.06410302193
 55724.66760400598
 55722.19664007175
 55719.65121121932
 55717.03131744856
 55714.33695875952
 55711.56813515225
 55708.72484662669
 55705.8070931829
 55702.81487482079
 55699.74819154045
 55696.60704334185
 55693.39143022496
 55690.10135218978
 55686.73680923638
 55683.29780136468
 55679.78432857472
 55676.19639086653
 55672.53398824003


# name: TRAIN_QUERIES
# type: cell
# rows: 1
# columns: 2
# name: <cell-element>
# type: sq_string
# elements: 1
# length: 2
R2



# name: <cell-element>
# type: sq_string
# elements: 1
# length: 2
R5





# name: TEST_QUERIES
# type: cell
# rows: 1
# columns: 1
# name: <cell-element>
# type: sq_string
# elements: 1
# length: 2
R3





