# Created by Octave 4.0.0, Wed May 11 16:21:13 2016 CEST <peter@Independence>
# name: y
# type: matrix
# rows: 1
# columns: 100
 216514.1344531904 216357.4259211413 216200.7173890923 216044.0088570432 215887.3003249942 215730.5917929451 215573.8832608961 215417.1747288471 215260.466196798 215103.7576647489 214947.0491326999 214790.3406006508 214633.6320686018 214476.9235365528 214320.2150045037 214163.5064724547 214006.7979404056 213850.0894083566 213693.3808763075 213536.6723442585 213379.9638122094 213223.2552801604 213066.5467481113 212909.8382160623 212753.1296840133 212596.4211519642 212439.7126199151 212283.0040878661 212126.2955558171 211969.587023768 211812.878491719 211656.1699596699 211499.4614276209 211342.7528955718 211186.0443635228 211029.3358314737 210872.6272994247 210715.9187673756 210559.2102353266 210402.5017032776 210245.7931712285 210089.0846391795 209932.3761071304 209775.6675750813 209618.9590430323 209462.2505109833 209305.5419789342 209148.8334468852 208992.1249148361 208835.4163827871 208678.707850738 208521.999318689 208365.2907866399 208208.5822545909 208051.8737225418 207895.1651904928 207738.4566584438 207581.7481263947 207425.0395943456 207268.3310622966 207111.6225302476 206954.9139981985 206798.2054661495 206641.4969341004 206484.7884020514 206328.0798700023 206171.3713379533 206014.6628059042 205857.9542738552 205701.2457418061 205544.5372097571 205387.8286777081 205231.120145659 205074.4116136099 204917.7030815609 204760.9945495118 204604.2860174628 204447.5774854138 204290.8689533647 204134.1604213157 203977.4518892666 203820.7433572176 203664.0348251685 203507.3262931195 203350.6177610704 203193.9092290214 203037.2006969723 202880.4921649233 202723.7836328743 202567.0751008252 202410.3665687761 202253.6580367271 202096.9495046781 201940.240972629 201783.53244058 201626.8239085309 201470.1153764819 201313.4068444328 201156.6983123838 200999.9897803347


