# Created by Octave 4.0.0, Wed May 11 16:21:13 2016 CEST <peter@Independence>
# name: y
# type: matrix
# rows: 100
# columns: 1
 139440.9149077574
 138216.1446387634
 137031.6279759732
 135887.9467306688
 134785.6632425994
 133725.319932779
 132707.4388724058
 131732.5213683629
 130801.0475657389
 129913.4760677877
 129070.2435737262
 128271.7645347476
 127518.4308286073
 126810.6114531152
 126148.6522388473
 125532.8755813669
 124963.580193221
 124441.0408759582
 123965.5083123849
 123537.2088792608
 123156.3444806026
 122823.0924017481
 122537.6051843032
 122300.0105220741
 122110.4111780598
 121968.8849225586
 121875.4844924156
 121830.2375714146
 121833.1467917961
 121884.1897568552
 121983.3190845529
 122130.4624720491
 122325.5227810407
 122568.3781437705
 122858.8820895422
 123196.8636915606
 123582.1277338905
 124014.4548983076
 124493.6019707915
 125019.3020673936
 125591.264879185
 126209.1769359802
 126872.7018885011
 127581.4808086354
 128335.132507421
 129133.2538703716
 129975.4202097385
 130861.1856332931
 131790.0834291893
 132761.6264664585
 133775.3076106698
 134830.6001542737
 135926.9582611381
 137063.8174247671
 138240.5949396865
 139456.6903854629
 140711.4861228185
 142004.3478012882
 143334.6248778605
 144701.6511460332
 146104.7452747067
 147543.211356334
 149016.3394637343
 150523.4062149796
 152063.6753457507
 153636.3982885613
 155240.8147582432
 156876.1533430825
 158541.6321009964
 160236.4591601393
 161959.833323325
 163710.9446756547
 165488.9751947394
 167293.0993629092
 169122.4847808041
 170976.2927817438
 172853.6790462771
 174753.7942163211
 176675.7845082976
 178618.7923246897
 180581.9568634395
 182564.4147246212
 184565.3005138307
 186583.7474417378
 188618.8879192611
 190669.8541478327
 192735.778704231
 194815.7951194686
 196909.038451238
 199014.6458494242
 201131.7571142102
 203259.5152463107
 205397.0669888848
 207543.5633606913
 209698.1601800617
 211860.0185792863
 214028.3055090158
 216202.1942323026
 218380.8648079163
 220563.5045625869


