# Created by Octave 4.0.0, Wed May 11 16:21:13 2016 CEST <peter@Independence>
# name: y
# type: matrix
# rows: 100
# columns: 1
 198736.3504169539
 199108.1418250914
 199479.9332332289
 199851.7246413665
 200223.516049504
 200595.3074576415
 200967.0988657791
 201338.8902739166
 201710.6816820542
 202082.4730901917
 202454.2644983292
 202826.0559064668
 203197.8473146043
 203569.6387227418
 203941.4301308794
 204313.2215390169
 204685.0129471545
 205056.804355292
 205428.5957634295
 205800.3871715671
 206172.1785797046
 206543.9699878421
 206915.7613959797
 207287.5528041172
 207659.3442122548
 208031.1356203923
 208402.9270285298
 208774.7184366674
 209146.5098448049
 209518.3012529424
 209890.09266108
 210261.8840692175
 210633.675477355
 211005.4668854926
 211377.2582936301
 211749.0497017677
 212120.8411099052
 212492.6325180427
 212864.4239261803
 213236.2153343178
 213608.0067424554
 213979.7981505929
 214351.5895587304
 214723.380966868
 215095.1723750055
 215466.963783143
 215838.7551912806
 216210.5465994181
 216582.3380075556
 216954.1294156932
 217325.9208238307
 217697.7122319682
 218069.5036401058
 218441.2950482433
 218813.0864563809
 219184.8778645184
 219556.6692726559
 219928.4606807935
 220300.252088931
 220672.0434970685
 221043.8349052061
 221415.6263133436
 221787.4177214812
 222159.2091296187
 222531.0005377562
 222902.7919458938
 223274.5833540313
 223646.3747621689
 224018.1661703064
 224389.9575784439
 224761.7489865815
 225133.540394719
 225505.3318028565
 225877.1232109941
 226248.9146191316
 226620.7060272691
 226992.4974354067
 227364.2888435442
 227736.0802516818
 228107.8716598193
 228479.6630679568
 228851.4544760944
 229223.2458842319
 229595.0372923694
 229966.828700507
 230338.6201086445
 230710.4115167821
 231082.2029249196
 231453.9943330571
 231825.7857411946
 232197.5771493322
 232569.3685574697
 232941.1599656073
 233312.9513737448
 233684.7427818823
 234056.5341900199
 234428.3255981574
 234800.117006295
 235171.9084144325
 235543.69982257


