# Created by Octave 4.0.0, Wed May 11 16:21:13 2016 CEST <peter@Independence>
# name: y
# type: matrix
# rows: 100
# columns: 1
 98769.47945155531
 98781.86296409722
 98793.72592680468
 98805.07951712814
 98815.934912518
 98826.30329042472
 98836.19582829876
 98845.62370359049
 98854.59809375041
 98863.13017622889
 98871.2311284764
 98878.91212794336
 98886.18435208021
 98893.05897833737
 98899.54718416531
 98905.66014701441
 98911.40904433513
 98916.8050535779
 98921.85935219318
 98926.58311763134
 98930.98752734288
 98935.08375877817
 98938.8829893877
 98942.39639662186
 98945.6351579311
 98948.61045076586
 98951.33345257658
 98953.81534081366
 98956.06729292755
 98958.1004863687
 98959.92609858752
 98961.55530703443
 98962.99928915991
 98964.26922241434
 98965.3762842482
 98966.33165211188
 98967.14650345585
 98967.83201573053
 98968.39936638634
 98968.85973287372
 98969.22429264311
 98969.50422314493
 98969.71070182962
 98969.85490614762
 98969.94801354935
 98970.00120148527
 98970.02564740577
 98970.03252876131
 98970.03302300231
 98970.03830757922
 98970.05955994246
 98970.10795754245
 98970.19467782966
 98970.33089825448
 98970.52779626739
 98970.79654931878
 98971.1483348591
 98971.59433033878
 98972.14571320826
 98972.81366091796
 98973.60935091834
 98974.54396065979
 98975.62866759278
 98976.87464916773
 98978.29308283507
 98979.89514604522
 98981.69201624863
 98983.69487089576
 98985.91488743699
 98988.36324332276
 98991.05111600354
 98993.98968292974
 98997.19012155179
 99000.66360932012
 99004.42132368518
 99008.47444209739
 99012.83414200717
 99017.51160086498
 99022.51799612124
 99027.86450522639
 99033.56230563085
 99039.62257478507
 99046.05649013945
 99052.87522914445
 99060.08996925052
 99067.71188790804
 99075.75216256749
 99084.22197067928
 99093.13248969385
 99102.49489706162
 99112.32037023305
 99122.62008665856
 99133.40522378856
 99144.68695907353
 99156.47646996385
 99168.78493390999
 99181.62352836237
 99195.00343077142
 99208.93581858758
 99223.43186926126


