# Created by Octave 4.0.0, Wed May 11 23:24:58 2016 CEST <peter@Independence>
# name: mu
# type: matrix
# rows: 1
# columns: 13
 594437.8 648.5138888888889 640.8027777777778 36634.52777777778 76316.54444444444 3754.097222222222 8436.777777777777 46535.59722222222 350379.5444444445 7699149.530555556 7850982.558333334 556.9444444444445 87.27777777777777


