# Created by Octave 4.0.0, Wed May 11 23:25:42 2016 CEST <peter@Independence>
# name: y
# type: matrix
# rows: 1
# columns: 100
 632900.9216837191 632046.3439014481 631191.766119177 630337.1883369059 629482.6105546347 628628.0327723636 627773.4549900925 626918.8772078214 626064.2994255503 625209.7216432792 624355.143861008 623500.5660787369 622645.9882964658 621791.4105141948 620936.8327319236 620082.2549496525 619227.6771673814 618373.0993851102 617518.5216028391 616663.943820568 615809.3660382968 614954.7882560258 614100.2104737547 613245.6326914835 612391.0549092124 611536.4771269413 610681.8993446701 609827.321562399 608972.743780128 608118.1659978569 607263.5882155857 606409.0104333146 605554.4326510435 604699.8548687723 603845.2770865012 602990.6993042302 602136.121521959 601281.5437396879 600426.9659574168 599572.3881751457 598717.8103928745 597863.2326106034 597008.6548283324 596154.0770460612 595299.4992637901 594444.921481519 593590.3436992478 592735.7659169767 591881.1881347056 591026.6103524345 590172.0325701634 589317.4547878923 588462.8770056211 587608.29922335 586753.7214410789 585899.1436588079 585044.5658765367 584189.9880942656 583335.4103119945 582480.8325297233 581626.2547474522 580771.6769651811 579917.0991829099 579062.5214006389 578207.9436183678 577353.3658360967 576498.7880538255 575644.2102715544 574789.6324892833 573935.0547070121 573080.4769247411 572225.89914247 571371.3213601988 570516.7435779277 569662.1657956566 568807.5880133854 567953.0102311143 567098.4324488433 566243.8546665722 565389.276884301 564534.6991020299 563680.1213197588 562825.5435374876 561970.9657552165 561116.3879729455 560261.8101906743 559407.2324084032 558552.6546261321 557698.076843861 556843.4990615898 555988.9212793187 555134.3434970477 554279.7657147765 553425.1879325054 552570.6101502343 551716.0323679631 550861.454585692 550006.8768034209 549152.2990211498 548297.7212388787


