# Created by Octave 4.0.0, Wed May 11 23:24:58 2016 CEST <peter@Independence>
# name: sigma
# type: matrix
# rows: 1
# columns: 13
 539844.6464961475 323.981222720766 280.8253404850736 11316.97608578572 20397.600980743 1935.894767390543 8461.242460346106 59643.01245865874 229469.6001524032 15590354.1336964 15672196.72508636 272.1145859374565 20.56393130736408


