# Created by Octave 4.0.0, Wed May 11 23:25:42 2016 CEST <peter@Independence>
# name: y
# type: matrix
# rows: 100
# columns: 1
 579737.5321123253
 576736.1081118213
 573738.0717499676
 570743.8023193681
 567753.6894684768
 564768.1333910807
 561787.5450061173
 558812.3461273179
 555842.9696221738
 552879.8595597302
 549923.4713467329
 546974.2718516479
 544032.739516094
 541099.3644532482
 538174.6485327793
 535259.1054518943
 532353.2607920923
 529457.6520612352
 526572.8287205647
 523699.3521963077
 520837.7958755367
 517988.7450859649
 515152.7970593801
 512330.5608784431
 509522.6574065867
 506729.7192007932
 503952.3904070285
 501191.3266381515
 498447.1948341317
 495720.6731044361
 493012.4505524671
 490323.2270819684
 487653.7131853216
 485004.6297137094
 482376.7076291211
 479770.6877382201
 477187.3204081125
 474627.3652640845
 472091.5908694059
 469580.7743873143
 467095.701225339
 464637.1646621365
 462205.9654570395
 459802.9114425543
 457428.8171000632
 455084.5031190202
 452770.7959399441
 450488.5272815607
 448238.5336524451
 446021.6558475639
 443838.7384301314
 441690.6291992179
 439578.1786435839
 437502.2393822173
 435463.6655921018
 433463.3124237406
 431502.0354050039
 429580.6898338693
 427700.1301606679
 425861.20936045
 424064.7782961118
 422311.6850729433
 420602.7743852725
 418938.8868559022
 417320.8583690416
 415749.5193974652
 414225.6943246301
 412750.2007625013
 411323.8488658536
 409947.4406438153
 408621.7692694417
 407347.6183881032
 406125.7614254947
 404956.9608960598
 403841.967712647
 402781.5204982098
 401776.3449003647
 400827.1529096239
 399934.6421821248
 399099.4953676664
 398322.3794438777
 397603.9450573149
 396944.8258723124
 396345.6379283724
 395806.9790068984
 395329.4280080582
 394913.5443385469
 394559.8673110262
 394268.9155559915
 394041.1864468092
 393877.1555386542
 393777.2760220666
 393741.9781918193
 393771.6689317849
 393866.7312164661
 394027.5236298257
 394254.3799020596
 394547.6084648975
 394907.4920260318
 395334.2871632262


