# Created by Octave 4.0.0, Wed May 11 23:25:42 2016 CEST <peter@Independence>
# name: y
# type: matrix
# rows: 100
# columns: 1
 486760.5793906234
 485363.2665003848
 484028.0344594719
 482753.4726066616
 481538.1702807309
 480380.7168204568
 479279.7015646161
 478233.7138519857
 477241.3430213426
 476301.1784114636
 475411.8093611258
 474571.825209106
 473779.8152941811
 473034.3689551281
 472334.0755307238
 471677.5243597452
 471063.3047809693
 470490.0061331729
 469956.2177551329
 469460.5289856264
 469001.52916343
 468577.807627321
 468187.953716076
 467830.5567684721
 467504.2061232862
 467207.4911192951
 466939.0010952759
 466697.3253900054
 466481.0533422605
 466288.7742908183
 466119.0775744554
 465970.552531949
 465841.7885020759
 465731.3748236131
 465637.9008353375
 465559.9558760258
 465496.1292844552
 465445.0103994025
 465405.1885596447
 465375.2531039586
 465353.7933711212
 465339.3986999094
 465330.6584291001
 465326.1618974702
 465324.4984437967
 465324.2574068565
 465324.0281254264
 465322.3999382835
 465317.9621842046
 465309.3042019667
 465295.0153303466
 465273.6849081213
 465243.9022740677
 465204.2567669628
 465153.3377255833
 465089.7344887064
 465012.0363951089
 464918.8327835676
 464808.7129928595
 464680.2663617617
 464532.0822290508
 464362.749933504
 464170.8588138981
 463954.9982090099
 463713.7574576165
 463445.7258984948
 463149.4928704216
 462823.647712174
 462466.7797625287
 462077.4783602628
 461654.3328441532
 461195.9325529767
 460700.8668255103
 460167.7250005309
 459595.0964168154
 458981.5704131408
 458325.736328284
 457626.1835010219
 456881.5012701313
 456090.2789743894
 455251.1059525728
 454362.5715434586
 453423.2650858237
 452431.775918445
 451386.6933800994
 450286.6068095639
 449130.1055456153
 447915.7789270306
 446642.2162925868
 445308.0069810606
 443911.7403312291
 442452.0056818691
 440927.3923717575
 439336.4897396715
 437677.8871243877
 435950.1738646831
 434151.9392993348
 432281.7727671195
 430338.2636068141
 428320.0011571957


