# Created by Octave 4.0.0, Wed May 11 23:25:42 2016 CEST <peter@Independence>
# name: y
# type: matrix
# rows: 100
# columns: 1
 625684.7866897911
 624927.4702299742
 624170.1537701567
 623412.837310339
 622655.520850522
 621898.204390704
 621140.8879308865
 620383.5714710692
 619626.2550112517
 618868.9385514345
 618111.6220916165
 617354.3056317992
 616596.989171982
 615839.672712164
 615082.3562523467
 614325.0397925292
 613567.7233327117
 612810.4068728943
 612053.0904130767
 611295.7739532591
 610538.4574934416
 609781.1410336242
 609023.8245738067
 608266.5081139891
 607509.1916541716
 606751.8751943543
 605994.5587345366
 605237.2422747192
 604479.9258149017
 603722.6093550841
 602965.2928952668
 602207.9764354492
 601450.6599756319
 600693.3435158143
 599936.0270559966
 599178.7105961794
 598421.3941363618
 597664.0776765442
 596906.7612167267
 596149.4447569092
 595392.1282970917
 594634.8118372742
 593877.4953774568
 593120.1789176393
 592362.8624578217
 591605.5459980043
 590848.2295381868
 590090.9130783692
 589333.5966185518
 588576.2801587343
 587818.9636989167
 587061.6472390993
 586304.3307792818
 585547.0143194643
 584789.6978596468
 584032.3813998293
 583275.0649400117
 582517.7484801944
 581760.4320203768
 581003.1155605592
 580245.7991007417
 579488.4826409243
 578731.1661811067
 577973.8497212894
 577216.5332614718
 576459.2168016543
 575701.9003418367
 574944.5838820194
 574187.2674222018
 573429.9509623843
 572672.634502567
 571915.3180427492
 571158.0015829318
 570400.6851231143
 569643.3686632968
 568886.0522034797
 568128.7357436619
 567371.4192838444
 566614.102824027
 565856.786364209
 565099.469904392
 564342.1534445742
 563584.8369847568
 562827.5205249391
 562070.2040651221
 561312.8876053041
 560555.5711454867
 559798.2546856694
 559040.9382258519
 558283.6217660344
 557526.3053062171
 556768.9888463994
 556011.6723865819
 555254.3559267643
 554497.039466947
 553739.7230071292
 552982.4065473118
 552225.0900874942
 551467.7736276767
 550710.4571678591


