# Created by Octave 3.8.2, Wed May 18 09:27:48 2016 CEST <Andrea@Andreas-MacBook-Pro.local>
# name: x
# type: matrix
# rows: 1
# columns: 100
 0.008333333333333333 0.008417508417508417 0.008501683501683501 0.008585858585858586 0.00867003367003367 0.008754208754208754 0.008838383838383838 0.008922558922558922 0.009006734006734006 0.00909090909090909 0.009175084175084175 0.009259259259259259 0.009343434343434345 0.009427609427609427 0.009511784511784513 0.009595959595959595 0.009680134680134681 0.009764309764309764 0.009848484848484848 0.009932659932659932 0.01001683501683502 0.0101010101010101 0.01018518518518519 0.01026936026936027 0.01035353535353535 0.01043771043771044 0.01052188552188552 0.01060606060606061 0.01069023569023569 0.01077441077441077 0.01085858585858586 0.01094276094276094 0.01102693602693603 0.01111111111111111 0.0111952861952862 0.01127946127946128 0.01136363636363636 0.01144781144781145 0.01153198653198653 0.01161616161616162 0.0117003367003367 0.01178451178451178 0.01186868686868687 0.01195286195286195 0.01203703703703704 0.01212121212121212 0.01220538720538721 0.01228956228956229 0.01237373737373737 0.01245791245791246 0.01254208754208754 0.01262626262626263 0.01271043771043771 0.01279461279461279 0.01287878787878788 0.01296296296296296 0.01304713804713805 0.01313131313131313 0.01321548821548822 0.0132996632996633 0.01338383838383838 0.01346801346801347 0.01355218855218855 0.01363636363636364 0.01372053872053872 0.01380471380471381 0.01388888888888889 0.01397306397306397 0.01405723905723906 0.01414141414141414 0.01422558922558922 0.01430976430976431 0.01439393939393939 0.01447811447811448 0.01456228956228956 0.01464646464646465 0.01473063973063973 0.01481481481481482 0.0148989898989899 0.01498316498316498 0.01506734006734007 0.01515151515151515 0.01523569023569024 0.01531986531986532 0.0154040404040404 0.01548821548821549 0.01557239057239057 0.01565656565656566 0.01574074074074074 0.01582491582491583 0.01590909090909091 0.01599326599326599 0.01607744107744108 0.01616161616161616 0.01624579124579125 0.01632996632996633 0.01641414141414142 0.0164983164983165 0.01658249158249158 0.01666666666666667


# name: y
# type: matrix
# rows: 100
# columns: 1
 2058792.158311205
 2051624.944681089
 2044314.82816265
 2036865.173196807
 2029279.48200074
 2021561.391915858
 2013714.672573778
 2005743.22288328
 1997651.067841515
 1989442.355173051
 1981121.351800641
 1972692.440151885
 1964160.114306262
 1955528.975987273
 1946803.730404712
 1937989.181952368
 1929090.229766681
 1920111.863152173
 1911059.156879651
 1901937.266363466
 1892751.422724297
 1883506.927744133
 1874209.148720338
 1864863.513225851
 1855475.503782748
 1846050.652456546
 1836594.535378785
 1827112.767205526
 1817610.995519551
 1808094.895184129
 1798570.162656308
 1789042.510267773
 1779517.660481344
 1770001.340131265
 1760499.274655431
 1751017.182327741
 1741560.76849873
 1732135.719852666
 1722747.698689205
 1713402.337237704
 1704105.232012205
 1694861.938215022
 1685677.964196798
 1676558.765980763
 1667509.741858837
 1658536.227067065
 1649643.488547736
 1640836.719805386
 1632121.035863705
 1623501.468330175
 1614982.960575111
 1606570.363031501
 1598268.428621909
 1590081.808318393
 1582015.046841219
 1574072.578501857
 1566258.723195522
 1558577.682548228
 1551033.536223088
 1543630.238390259
 1536371.614364708
 1529261.357415634
 1522303.025751095
 1515500.039681108
 1508855.678962149
 1502373.0803257
 1496055.235193154
 1489904.987579098
 1483925.032184648
 1478117.912682217
 1472486.020192779
 1467031.591956348
 1461756.710196114
 1456663.301176331
 1451753.134453763
 1447027.822322167
 1442488.819449001
 1438137.422703244
 1433974.771172891
 1430001.846370455
 1426219.472624442
 1422628.31765456
 1419228.893328111
 1416021.556594749
 1413006.510596553
 1410183.805950102
 1407553.34219698
 1405114.869418958
 1402867.990013814
 1400812.160627598
 1398946.694238905
 1397270.762390557
 1395783.397563882
 1394483.495690651
 1393369.818797522
 1392440.997777743
 1391695.535284689
 1391131.808741708
 1390748.073462623
 1390542.465877143


# name: QUERY
# type: sq_string
# elements: 1
# length: 2
R4


# name: DATASIZE
# type: sq_string
# elements: 1
# length: 4
1000


