# Created by Octave 4.0.0, Mon May 23 11:56:52 2016 CEST <peter@Independence>
# name: x
# type: matrix
# rows: 1
# columns: 100
 0.008333333333333333 0.008417508417508417 0.008501683501683501 0.008585858585858586 0.00867003367003367 0.008754208754208754 0.008838383838383838 0.008922558922558922 0.009006734006734006 0.00909090909090909 0.009175084175084175 0.009259259259259259 0.009343434343434345 0.009427609427609427 0.009511784511784513 0.009595959595959595 0.009680134680134681 0.009764309764309764 0.009848484848484848 0.009932659932659932 0.01001683501683502 0.0101010101010101 0.01018518518518519 0.01026936026936027 0.01035353535353535 0.01043771043771044 0.01052188552188552 0.01060606060606061 0.01069023569023569 0.01077441077441077 0.01085858585858586 0.01094276094276094 0.01102693602693603 0.01111111111111111 0.0111952861952862 0.01127946127946128 0.01136363636363636 0.01144781144781145 0.01153198653198653 0.01161616161616162 0.0117003367003367 0.01178451178451178 0.01186868686868687 0.01195286195286195 0.01203703703703704 0.01212121212121212 0.01220538720538721 0.01228956228956229 0.01237373737373737 0.01245791245791246 0.01254208754208754 0.01262626262626263 0.01271043771043771 0.01279461279461279 0.01287878787878788 0.01296296296296296 0.01304713804713805 0.01313131313131313 0.01321548821548822 0.0132996632996633 0.01338383838383838 0.01346801346801347 0.01355218855218855 0.01363636363636364 0.01372053872053872 0.01380471380471381 0.01388888888888889 0.01397306397306397 0.01405723905723906 0.01414141414141414 0.01422558922558922 0.01430976430976431 0.01439393939393939 0.01447811447811448 0.01456228956228956 0.01464646464646465 0.01473063973063973 0.01481481481481482 0.0148989898989899 0.01498316498316498 0.01506734006734007 0.01515151515151515 0.01523569023569024 0.01531986531986532 0.0154040404040404 0.01548821548821549 0.01557239057239057 0.01565656565656566 0.01574074074074074 0.01582491582491583 0.01590909090909091 0.01599326599326599 0.01607744107744108 0.01616161616161616 0.01624579124579125 0.01632996632996633 0.01641414141414142 0.0164983164983165 0.01658249158249158 0.01666666666666667


# name: y
# type: matrix
# rows: 100
# columns: 1
 2018592.081446691
 2012794.129886534
 2006884.291293024
 2000865.337148409
 1994740.151463349
 1988511.728580964
 1982183.170827549
 1975757.68601235
 1969238.584779124
 1962629.27781241
 1955933.272901743
 1949154.171867266
 1942295.667350474
 1935361.539474048
 1928355.652374986
 1921281.950615469
 1914144.455476119
 1906947.261136541
 1899694.530748217
 1892390.492405063
 1885039.435017104
 1877645.704092955
 1870213.697436912
 1862747.860766669
 1855252.683257787
 1847732.693021212
 1840192.452520241
 1832636.553933465
 1825069.614470322
 1817496.271645979
 1809921.178522337
 1802348.998922044
 1794784.402622416
 1787232.060536241
 1779696.639886453
 1772182.799381675
 1764695.184399651
 1757238.422185541
 1749817.117072067
 1742435.845728435
 1735099.152444916
 1727811.544459897
 1720577.487336164
 1713401.400393044
 1706287.65220098
 1699240.556144973
 1692264.366063191
 1685363.271966949
 1678541.39584807
 1671802.787579499
 1665151.420914884
 1658591.189592645
 1652125.903549842
 1645759.285251013
 1639494.966136877
 1633336.483197636
 1627287.275675343
 1621350.681899612
 1615529.93626067
 1609828.166323539
 1604248.390086852
 1598793.513389586
 1593466.327468709
 1588269.506670475
 1583205.606317848
 1578277.060736251
 1573486.181439565
 1568835.155478014
 1564326.043949338
 1559960.780674305
 1555741.171037416
 1551668.890993312
 1547745.486239153
 1543972.371552954
 1540350.830297585
 1536882.014089869
 1533566.94263397
 1530406.503717951
 1527401.453372175
 1524552.416187933
 1521859.885794443
 1519324.225492118
 1516945.669039784
 1514724.321593249
 1512660.16079246
 1510753.037994228
 1509002.679647293
 1507408.68880633
 1505970.546781271
 1504687.614918154
 1503559.136507521
 1502584.238816255
 1501761.935238526
 1501091.127561448
 1500570.608340853
 1500199.063382491
 1499975.07432383
 1499897.121311561
 1499963.585769763
 1500172.753253651


# name: QUERY
# type: sq_string
# elements: 1
# length: 2
R4


# name: DATASIZE
# type: sq_string
# elements: 1
# length: 4
1000


