# Created by Octave 3.8.2, Wed May 18 09:27:48 2016 CEST <Andrea@Andreas-MacBook-Pro.local>
# name: x
# type: matrix
# rows: 1
# columns: 100
 0.008333333333333333 0.008417508417508417 0.008501683501683501 0.008585858585858586 0.00867003367003367 0.008754208754208754 0.008838383838383838 0.008922558922558922 0.009006734006734006 0.00909090909090909 0.009175084175084175 0.009259259259259259 0.009343434343434345 0.009427609427609427 0.009511784511784513 0.009595959595959595 0.009680134680134681 0.009764309764309764 0.009848484848484848 0.009932659932659932 0.01001683501683502 0.0101010101010101 0.01018518518518519 0.01026936026936027 0.01035353535353535 0.01043771043771044 0.01052188552188552 0.01060606060606061 0.01069023569023569 0.01077441077441077 0.01085858585858586 0.01094276094276094 0.01102693602693603 0.01111111111111111 0.0111952861952862 0.01127946127946128 0.01136363636363636 0.01144781144781145 0.01153198653198653 0.01161616161616162 0.0117003367003367 0.01178451178451178 0.01186868686868687 0.01195286195286195 0.01203703703703704 0.01212121212121212 0.01220538720538721 0.01228956228956229 0.01237373737373737 0.01245791245791246 0.01254208754208754 0.01262626262626263 0.01271043771043771 0.01279461279461279 0.01287878787878788 0.01296296296296296 0.01304713804713805 0.01313131313131313 0.01321548821548822 0.0132996632996633 0.01338383838383838 0.01346801346801347 0.01355218855218855 0.01363636363636364 0.01372053872053872 0.01380471380471381 0.01388888888888889 0.01397306397306397 0.01405723905723906 0.01414141414141414 0.01422558922558922 0.01430976430976431 0.01439393939393939 0.01447811447811448 0.01456228956228956 0.01464646464646465 0.01473063973063973 0.01481481481481482 0.0148989898989899 0.01498316498316498 0.01506734006734007 0.01515151515151515 0.01523569023569024 0.01531986531986532 0.0154040404040404 0.01548821548821549 0.01557239057239057 0.01565656565656566 0.01574074074074074 0.01582491582491583 0.01590909090909091 0.01599326599326599 0.01607744107744108 0.01616161616161616 0.01624579124579125 0.01632996632996633 0.01641414141414142 0.0164983164983165 0.01658249158249158 0.01666666666666667


# name: y
# type: matrix
# rows: 100
# columns: 1
 1699624.75490875
 1700412.335589246
 1701199.916269741
 1701987.496950237
 1702775.077630732
 1703562.658311228
 1704350.238991723
 1705137.819672219
 1705925.400352715
 1706712.98103321
 1707500.561713706
 1708288.142394201
 1709075.723074697
 1709863.303755192
 1710650.884435688
 1711438.465116184
 1712226.045796679
 1713013.626477174
 1713801.20715767
 1714588.787838166
 1715376.368518661
 1716163.949199157
 1716951.529879652
 1717739.110560148
 1718526.691240644
 1719314.271921139
 1720101.852601635
 1720889.43328213
 1721677.013962626
 1722464.594643121
 1723252.175323617
 1724039.756004112
 1724827.336684608
 1725614.917365103
 1726402.498045599
 1727190.078726095
 1727977.65940659
 1728765.240087086
 1729552.820767581
 1730340.401448077
 1731127.982128572
 1731915.562809068
 1732703.143489563
 1733490.724170059
 1734278.304850555
 1735065.88553105
 1735853.466211546
 1736641.046892041
 1737428.627572537
 1738216.208253032
 1739003.788933528
 1739791.369614023
 1740578.950294519
 1741366.530975015
 1742154.11165551
 1742941.692336006
 1743729.273016501
 1744516.853696997
 1745304.434377492
 1746092.015057988
 1746879.595738483
 1747667.176418979
 1748454.757099475
 1749242.33777997
 1750029.918460466
 1750817.499140961
 1751605.079821457
 1752392.660501952
 1753180.241182448
 1753967.821862943
 1754755.402543439
 1755542.983223934
 1756330.56390443
 1757118.144584926
 1757905.725265421
 1758693.305945917
 1759480.886626412
 1760268.467306908
 1761056.047987403
 1761843.628667899
 1762631.209348395
 1763418.79002889
 1764206.370709386
 1764993.951389881
 1765781.532070377
 1766569.112750872
 1767356.693431368
 1768144.274111863
 1768931.854792359
 1769719.435472855
 1770507.01615335
 1771294.596833846
 1772082.177514341
 1772869.758194837
 1773657.338875332
 1774444.919555828
 1775232.500236323
 1776020.080916819
 1776807.661597315
 1777595.24227781


# name: QUERY
# type: sq_string
# elements: 1
# length: 2
R4


# name: DATASIZE
# type: sq_string
# elements: 1
# length: 4
1000


