# Created by Octave 4.0.0, Mon May 23 11:56:52 2016 CEST <peter@Independence>
# name: x
# type: matrix
# rows: 1
# columns: 100
 0.008333333333333333 0.008417508417508417 0.008501683501683501 0.008585858585858586 0.00867003367003367 0.008754208754208754 0.008838383838383838 0.008922558922558922 0.009006734006734006 0.00909090909090909 0.009175084175084175 0.009259259259259259 0.009343434343434345 0.009427609427609427 0.009511784511784513 0.009595959595959595 0.009680134680134681 0.009764309764309764 0.009848484848484848 0.009932659932659932 0.01001683501683502 0.0101010101010101 0.01018518518518519 0.01026936026936027 0.01035353535353535 0.01043771043771044 0.01052188552188552 0.01060606060606061 0.01069023569023569 0.01077441077441077 0.01085858585858586 0.01094276094276094 0.01102693602693603 0.01111111111111111 0.0111952861952862 0.01127946127946128 0.01136363636363636 0.01144781144781145 0.01153198653198653 0.01161616161616162 0.0117003367003367 0.01178451178451178 0.01186868686868687 0.01195286195286195 0.01203703703703704 0.01212121212121212 0.01220538720538721 0.01228956228956229 0.01237373737373737 0.01245791245791246 0.01254208754208754 0.01262626262626263 0.01271043771043771 0.01279461279461279 0.01287878787878788 0.01296296296296296 0.01304713804713805 0.01313131313131313 0.01321548821548822 0.0132996632996633 0.01338383838383838 0.01346801346801347 0.01355218855218855 0.01363636363636364 0.01372053872053872 0.01380471380471381 0.01388888888888889 0.01397306397306397 0.01405723905723906 0.01414141414141414 0.01422558922558922 0.01430976430976431 0.01439393939393939 0.01447811447811448 0.01456228956228956 0.01464646464646465 0.01473063973063973 0.01481481481481482 0.0148989898989899 0.01498316498316498 0.01506734006734007 0.01515151515151515 0.01523569023569024 0.01531986531986532 0.0154040404040404 0.01548821548821549 0.01557239057239057 0.01565656565656566 0.01574074074074074 0.01582491582491583 0.01590909090909091 0.01599326599326599 0.01607744107744108 0.01616161616161616 0.01624579124579125 0.01632996632996633 0.01641414141414142 0.0164983164983165 0.01658249158249158 0.01666666666666667


# name: y
# type: matrix
# rows: 1
# columns: 100
 1423856.408851303 1430929.667647801 1438002.926444299 1445076.185240797 1452149.444037296 1459222.702833794 1466295.961630292 1473369.22042679 1480442.479223288 1487515.738019786 1494588.996816284 1501662.255612782 1508735.514409281 1515808.773205779 1522882.032002277 1529955.290798775 1537028.549595273 1544101.808391771 1551175.067188269 1558248.325984767 1565321.584781266 1572394.843577764 1579468.102374262 1586541.36117076 1593614.619967258 1600687.878763756 1607761.137560254 1614834.396356752 1621907.655153251 1628980.913949749 1636054.172746247 1643127.431542745 1650200.690339243 1657273.949135741 1664347.207932239 1671420.466728737 1678493.725525236 1685566.984321733 1692640.243118232 1699713.50191473 1706786.760711228 1713860.019507726 1720933.278304224 1728006.537100722 1735079.79589722 1742153.054693718 1749226.313490217 1756299.572286715 1763372.831083213 1770446.089879711 1777519.348676209 1784592.607472707 1791665.866269205 1798739.125065703 1805812.383862202 1812885.6426587 1819958.901455198 1827032.160251696 1834105.419048194 1841178.677844692 1848251.93664119 1855325.195437688 1862398.454234187 1869471.713030685 1876544.971827183 1883618.230623681 1890691.489420179 1897764.748216677 1904838.007013175 1911911.265809673 1918984.524606172 1926057.78340267 1933131.042199168 1940204.300995666 1947277.559792164 1954350.818588662 1961424.07738516 1968497.336181658 1975570.594978156 1982643.853774655 1989717.112571153 1996790.371367651 2003863.630164149 2010936.888960647 2018010.147757145 2025083.406553643 2032156.665350141 2039229.92414664 2046303.182943138 2053376.441739636 2060449.700536134 2067522.959332632 2074596.21812913 2081669.476925628 2088742.735722126 2095815.994518625 2102889.253315123 2109962.512111621 2117035.770908119 2124109.029704617


# name: QUERY
# type: sq_string
# elements: 1
# length: 2
R4


# name: DATASIZE
# type: sq_string
# elements: 1
# length: 4
1000


