# Created by Octave 3.8.2, Wed May 18 09:27:43 2016 CEST <Andrea@Andreas-MacBook-Pro.local>
# name: SVs
# type: cell
# rows: 1
# columns: 7
# name: <cell-element>
# type: sparse matrix
# nnz: 77
# rows: 11
# columns: 7
1 1 0.8843726681180027
2 1 1.349998301600025
3 1 1.19854205158829
4 1 -0.1911713775734374
5 1 -0.1123731934457106
6 1 0.1782590700903208
7 1 -1.602375220588182
8 1 -0.6741940127459967
9 1 -1.627959046603677
10 1 -1.947245195277064
11 1 0.5016386309261868
1 2 0.4310461106224708
2 2 1.430704536954824
3 2 -0.5993172207177584
4 2 -1.616854452497736
5 2 2.29627192243
6 2 0.8119424005935852
7 2 -0.3210297272286584
8 2 -0.1488490573743689
9 2 -1.541063864187157
10 2 -0.5029271391740477
11 2 0.5694125179997328
1 3 -0.4291777857589443
2 3 1.657714085714982
3 3 -2.12325883278338
4 3 0.04732469200968185
5 3 -0.04716588431837433
6 3 1.250054742128226
7 3 0.446884843339748
8 3 0.1647629797316945
9 3 -1.360584895278355
10 3 0.2052589410151472
11 3 -0.03771682668556871
1 4 0.1642737806421955
2 4 0.1702935593727115
3 4 -0.1380365707268921
4 4 -0.4103948523148753
5 4 -0.4234988828441085
6 4 0.1716149742159956
7 4 -0.5574389595980911
8 4 0.211000477739433
9 4 -0.2296913724957862
10 4 5.282884294006437
11 4 -0.3877105641718331
1 5 1.449941626345159
2 5 1.113507690146826
3 5 0.4303123015643094
4 5 -0.8910988136518485
5 5 -0.8819944965344856
6 5 1.012547316398927
7 5 -0.915500860891583
8 5 1.486831142556242
9 5 -0.8526919112545378
10 5 -0.5096232813745898
11 5 -0.8839067127997821
1 6 0.9733724673962042
2 6 0.1485365163151856
3 6 -1.352999719965192
4 6 -0.9176615544760669
5 6 -0.8921889730873601
6 6 -0.3407583486672593
7 6 0.1041733864357944
8 6 2.613040135846689
9 6 0.2078774784217922
10 6 0.160867846579938
11 6 -0.8775647682775428
1 7 -1.231227756229325
2 7 -0.6840154201274021
3 7 -1.231227756229325
4 7 0.1368030840254815
5 7 0.1368030840254815
6 7 -0.6840154201274021
7 7 1.504833924280287
8 7 -1.231227756229325
9 7 1.504833924280287
10 7 1.504833924280287
11 7 0.1368030840254815



# name: <cell-element>
# type: sparse matrix
# nnz: 119
# rows: 17
# columns: 7
1 1 1.454380311743247
2 1 -1.25136512765558
3 1 -1.044647813450375
4 1 -0.6475868336898811
5 1 1.351021654640645
6 1 -0.1911713775734374
7 1 1.693844923248288
8 1 0.1782590700903208
9 1 -0.2321054991982306
10 1 0.1076477102875526
11 1 -0.1594474333142228
12 1 -0.1840079062890986
13 1 -0.6741940127459967
14 1 -1.627959046603677
15 1 1.003081620829903
16 1 -0.2361989113607099
17 1 0.1189045937343707
1 2 1.43808926094406
2 2 2.132253315932234
3 2 -0.1523470845271648
4 2 -0.6113659809107221
5 2 -0.1741125868112285
6 2 -1.616854452497736
7 2 0.3393200652824881
8 2 0.8119424005935852
9 2 -0.2390204239797756
10 2 1.7299801933607
11 2 -1.407361493013623
12 2 0.2825742914704649
13 2 -0.1488490573743689
14 2 -1.541063864187157
15 2 0.8904536766896721
16 2 0.1815201737230264
17 2 -0.5577295645678509
1 3 -0.148405787527006
2 3 -0.1848521526821134
3 3 0.5035791891365817
4 3 -0.2509955561117527
5 3 0.6372158613719755
6 3 0.04732469200968185
7 3 -2.458025446059922
8 3 1.250054742128226
9 3 -0.3805826322188012
10 3 0.7735522643595993
11 3 0.04597482663356676
12 3 -0.01476911529161221
13 3 0.1647629797316945
14 3 -1.360584895278355
15 3 0.5913204385840625
16 3 -0.7814926489249824
17 3 -0.4413265741439801
1 4 0.4305388715639246
2 4 -0.5987331734507165
3 4 -0.4551394271471869
4 4 -0.4328956106185726
5 4 0.03921654811251098
6 4 -0.4103948523148753
7 4 -0.1766512489250806
8 4 0.1716149742159956
9 4 -0.6279511238744409
10 4 1.153352790840281
11 4 -0.5012421227906514
12 4 -0.6084602549360016
13 4 0.211000477739433
14 4 -0.2296913724957862
15 4 0.2271878095696622
16 4 -0.1402756347669011
17 4 -0.05409002221048812
1 5 1.588968264775093
2 5 -0.886190533845379
3 5 -0.9166311587649971
4 5 -0.8723482557791844
5 5 1.136074938783827
6 5 -0.8910988136518485
7 5 0.2716680274410099
8 5 1.012547316398927
9 5 -0.8680515755069595
10 5 0.8077621153883124
11 5 -0.8976328643721327
12 5 -0.886190533845379
13 5 1.486831142556242
14 5 -0.8526919112545378
15 5 1.303962881817102
16 5 0.99684701443123
17 5 0.9170681131604609
1 6 1.602686678664221
2 6 -1.000655627872187
3 6 0.1574456457664082
4 6 -0.9335120479107324
5 6 0.5737050417201047
6 6 -0.9176615544760669
7 6 -1.125685734594498
8 6 -0.3407583486672593
9 6 -0.8794412750569616
10 6 -0.4578660605062488
11 6 0.4033706998946817
12 6 -0.9700440415951629
13 6 2.613040135846689
14 6 0.2078774784217922
15 6 1.052984265654952
16 6 -0.002650611958538152
17 6 -0.2656353371422577
1 7 -1.231227756229325
2 7 0.1368030840254815
3 7 1.504833924280287
4 7 0.1368030840254815
5 7 -0.6840154201274021
6 7 0.1368030840254815
7 7 -1.231227756229325
8 7 -0.6840154201274021
9 7 0.1368030840254815
10 7 -0.6840154201274021
11 7 1.504833924280287
12 7 0.1368030840254815
13 7 -1.231227756229325
14 7 1.504833924280287
15 7 -0.6840154201274021
16 7 -0.6840154201274021
17 7 -0.6840154201274021



