# Created by Octave 4.0.0, Mon May 23 11:56:52 2016 CEST <peter@Independence>
# name: SVs
# type: cell
# rows: 1
# columns: 7
# name: <cell-element>
# type: sparse matrix
# nnz: 84
# rows: 12
# columns: 7
1 1 -1.818302712158965
2 1 -2.03218349764851
3 1 -0.04687859884604157
4 1 1.179098343816513
5 1 -1.080465169872069
6 1 -0.1911713775734374
7 1 1.625280269526759
8 1 -1.627959046603677
9 1 1.349998301600025
10 1 -0.9627795702007884
11 1 -0.7673191394424012
12 1 1.19854205158829
1 2 -1.145398126237571
2 2 -1.592368262428164
3 2 -0.4916557183483719
4 2 0.134102472318459
5 2 -1.815075991156173
6 2 -1.616854452497736
7 2 -0.5674463066589508
8 2 -1.541063864187157
9 2 1.430704536954824
10 2 -0.5394620894365832
11 2 -0.2339677180924036
12 2 -0.5993172207177584
1 3 -0.3927314206038369
2 3 1.401239664253116
3 3 1.479531856067791
4 3 -2.012569871941943
5 3 0.6412654575003207
6 3 0.04732469200968185
7 3 0.4887306699993157
8 3 -1.360584895278355
9 3 1.657714085714982
10 3 0.09322011479759486
11 3 -0.9691239362049797
12 3 -2.12325883278338
1 4 -0.1530860175531823
2 4 0.6188037807640279
3 4 4.93204865311453
4 4 -0.1774220742503296
5 4 -0.4101012045719233
6 4 -0.4103948523148753
7 4 0.1737439203523976
8 4 -0.2296913724957862
9 4 0.1702935593727115
10 4 -0.5313777224111008
11 4 -0.2934129327163709
12 4 -0.1380365707268921
1 5 -0.4131453902890657
2 5 -0.4342804121686581
3 5 0.4382708372757457
4 5 0.2927565987230647
5 5 -0.9057539771749504
6 5 -0.8910988136518485
7 5 1.366431193738872
8 5 -0.8526919112545378
9 5 1.113507690146826
10 5 -0.8954496862878671
11 5 0.9408817861647196
12 5 0.4303123015643094
1 6 0.1771689297883849
2 6 0.364180796911743
3 6 -1.094412522826858
4 6 -1.016540343314988
5 6 0.3007617121690134
6 6 -0.9176615544760669
7 6 2.296292635882417
8 6 0.2078774784217922
9 6 0.1485365163151856
10 6 -0.9904403584438005
11 6 0.1944339328926427
12 6 -1.352999719965192
1 7 1.504833924280287
2 7 1.504833924280287
3 7 -0.6840154201274021
4 7 -1.231227756229325
5 7 1.504833924280287
6 7 0.1368030840254815
7 7 -0.6840154201274021
8 7 1.504833924280287
9 7 -0.6840154201274021
10 7 0.1368030840254815
11 7 -0.6840154201274021
12 7 -1.231227756229325



# name: <cell-element>
# type: sparse matrix
# nnz: 161
# rows: 23
# columns: 7
1 1 -0.2321054991982306
2 1 -1.818302712158965
3 1 -0.3354641563008333
4 1 1.351021654640645
5 1 -0.04687859884604157
6 1 -0.6240497137556251
7 1 -0.1911713775734374
8 1 0.5016386309261868
9 1 -1.947245195277064
10 1 -0.6475868336898811
11 1 -1.627959046603677
12 1 -1.044647813450375
13 1 -0.5309245870592206
14 1 0.1782590700903208
15 1 1.003081620829903
16 1 0.6960757086439542
17 1 1.683611392842089
18 1 1.349998301600025
19 1 -0.9627795702007884
20 1 -0.7673191394424012
21 1 -1.25136512765558
22 1 1.964010125971922
23 1 0.1189045937343707
1 2 -0.2390204239797756
2 2 -1.145398126237571
3 2 -0.1154234645809853
4 2 -0.1741125868112285
5 2 -0.4916557183483719
6 2 0.2922910335615648
7 2 -1.616854452497736
8 2 0.5694125179997328
9 2 -0.5029271391740477
10 2 -0.6113659809107221
11 2 -1.541063864187157
12 2 -0.1523470845271648
13 2 0.1453738931441349
14 2 0.8119424005935852
15 2 0.8904536766896721
16 2 -0.3276371118506063
17 2 1.450138021137024
18 2 1.430704536954824
19 2 -0.5394620894365832
20 2 -0.2339677180924036
21 2 2.132253315932234
22 2 0.6961188348676749
23 2 -0.5577295645678509
1 3 -0.3805826322188012
2 3 -0.3927314206038369
3 3 1.800799815583182
4 3 0.6372158613719755
5 3 1.479531856067791
6 3 0.02707671136795552
7 3 0.04732469200968185
8 3 -0.03771682668556871
9 3 0.2052589410151472
10 3 -0.2509955561117527
11 3 -1.360584895278355
12 3 0.5035791891365817
13 3 0.1121182300632061
14 3 1.250054742128226
15 3 0.5913204385840625
16 3 -0.179452691177653
17 3 0.8356460716608934
18 3 1.657714085714982
19 3 0.09322011479759486
20 3 -0.9691239362049797
21 3 -0.1848521526821134
22 3 2.190910909280442
23 3 -0.4413265741439801
1 4 -0.6279511238744409
2 4 -0.1530860175531823
3 4 1.027524732985348
4 4 0.03921654811251098
5 4 4.93204865311453
6 4 -0.3968503501712142
7 4 -0.4103948523148753
8 4 -0.3877105641718331
9 4 5.282884294006437
10 4 -0.4328956106185726
11 4 -0.2296913724957862
12 4 -0.4551394271471869
13 4 0.0825662961658005
14 4 0.1716149742159956
15 4 0.2271878095696622
16 4 -0.5773335941830893
17 4 0.2406221938097164
18 4 0.1702935593727115
19 4 -0.5313777224111008
20 4 -0.2934129327163709
21 4 -0.5987331734507165
22 4 0.6073882247567687
23 4 -0.05409002221048812
1 5 -0.8680515755069595
2 5 -0.4131453902890657
3 5 0.8569765234793634
4 5 1.136074938783827
5 5 0.4382708372757457
6 5 -0.9113590159444834
7 5 -0.8910988136518485
8 5 -0.8839067127997821
9 5 -0.5096232813745898
10 5 -0.8723482557791844
11 5 -0.8526919112545378
12 5 -0.9166311587649971
13 5 2.035900430749038
14 5 1.012547316398927
15 5 1.303962881817102
16 5 -0.8839996139948572
17 5 1.228356792558458
18 5 1.113507690146826
19 5 -0.8954496862878671
20 5 0.9408817861647196
21 5 -0.886190533845379
22 5 0.672172821176158
23 5 0.9170681131604609
1 6 -0.8794412750569616
2 6 0.1771689297883849
3 6 0.1873613845446811
4 6 0.5737050417201047
5 6 -1.094412522826858
6 6 0.2505181005583735
7 6 -0.9176615544760669
8 6 -0.8775647682775428
9 6 0.160867846579938
10 6 -0.9335120479107324
11 6 0.2078774784217922
12 6 0.1574456457664082
13 6 2.601176506359786
14 6 -0.3407583486672593
15 6 1.052984265654952
16 6 -0.929285629906023
17 6 1.239477098988258
18 6 0.1485365163151856
19 6 -0.9904403584438005
20 6 0.1944339328926427
21 6 -1.000655627872187
22 6 0.01795674060693376
23 6 -0.2656353371422577
1 7 0.1368030840254815
2 7 1.504833924280287
3 7 -0.6840154201274021
4 7 -0.6840154201274021
5 7 -0.6840154201274021
6 7 1.504833924280287
7 7 0.1368030840254815
8 7 0.1368030840254815
9 7 1.504833924280287
10 7 0.1368030840254815
11 7 1.504833924280287
12 7 1.504833924280287
13 7 -1.231227756229325
14 7 -0.6840154201274021
15 7 -0.6840154201274021
16 7 0.1368030840254815
17 7 -0.6840154201274021
18 7 -0.6840154201274021
19 7 0.1368030840254815
20 7 -0.6840154201274021
21 7 0.1368030840254815
22 7 -0.6840154201274021
23 7 -0.6840154201274021



