# Created by Octave 3.8.2, Wed May 18 09:27:33 2016 CEST <Andrea@Andreas-MacBook-Pro.local>
# name: mu
# type: matrix
# rows: 1
# columns: 8
 1738970.088235294 42610.80882352941 89318.9705882353 7898.941176470588 28075.60294117647 164371.7794117647 759668.7205882353 0.01208333333333333


# name: sigma
# type: matrix
# rows: 1
# columns: 8
 746390.4427565113 977.1798786021251 2572.878827657573 740.8146158085774 27243.52627259115 129169.4901265296 175325.7721253172 0.003045740303552363


