# Created by Octave 4.0.0, Mon May 23 11:56:52 2016 CEST <peter@Independence>
# name: x
# type: matrix
# rows: 1
# columns: 100
 0.008333333333333333 0.008417508417508417 0.008501683501683501 0.008585858585858586 0.00867003367003367 0.008754208754208754 0.008838383838383838 0.008922558922558922 0.009006734006734006 0.00909090909090909 0.009175084175084175 0.009259259259259259 0.009343434343434345 0.009427609427609427 0.009511784511784513 0.009595959595959595 0.009680134680134681 0.009764309764309764 0.009848484848484848 0.009932659932659932 0.01001683501683502 0.0101010101010101 0.01018518518518519 0.01026936026936027 0.01035353535353535 0.01043771043771044 0.01052188552188552 0.01060606060606061 0.01069023569023569 0.01077441077441077 0.01085858585858586 0.01094276094276094 0.01102693602693603 0.01111111111111111 0.0111952861952862 0.01127946127946128 0.01136363636363636 0.01144781144781145 0.01153198653198653 0.01161616161616162 0.0117003367003367 0.01178451178451178 0.01186868686868687 0.01195286195286195 0.01203703703703704 0.01212121212121212 0.01220538720538721 0.01228956228956229 0.01237373737373737 0.01245791245791246 0.01254208754208754 0.01262626262626263 0.01271043771043771 0.01279461279461279 0.01287878787878788 0.01296296296296296 0.01304713804713805 0.01313131313131313 0.01321548821548822 0.0132996632996633 0.01338383838383838 0.01346801346801347 0.01355218855218855 0.01363636363636364 0.01372053872053872 0.01380471380471381 0.01388888888888889 0.01397306397306397 0.01405723905723906 0.01414141414141414 0.01422558922558922 0.01430976430976431 0.01439393939393939 0.01447811447811448 0.01456228956228956 0.01464646464646465 0.01473063973063973 0.01481481481481482 0.0148989898989899 0.01498316498316498 0.01506734006734007 0.01515151515151515 0.01523569023569024 0.01531986531986532 0.0154040404040404 0.01548821548821549 0.01557239057239057 0.01565656565656566 0.01574074074074074 0.01582491582491583 0.01590909090909091 0.01599326599326599 0.01607744107744108 0.01616161616161616 0.01624579124579125 0.01632996632996633 0.01641414141414142 0.0164983164983165 0.01658249158249158 0.01666666666666667


# name: y
# type: matrix
# rows: 100
# columns: 1
 1775618.986371633
 1775618.626992203
 1775618.306588009
 1775618.021701548
 1775617.769110645
 1775617.545817518
 1775617.349038113
 1775617.176191693
 1775617.024890687
 1775616.892930804
 1775616.778281401
 1775616.679076115
 1775616.593603751
 1775616.520299434
 1775616.457736019
 1775616.40461576
 1775616.359762239
 1775616.32211256
 1775616.290709794
 1775616.264695691
 1775616.243303648
 1775616.225851941
 1775616.211737212
 1775616.200428218
 1775616.191459842
 1775616.184427361
 1775616.178980975
 1775616.174820596
 1775616.171690897
 1775616.169376619
 1775616.167698144
 1775616.166507316
 1775616.165683537
 1775616.165130112
 1775616.164770855
 1775616.164546963
 1775616.164414138
 1775616.164339978
 1775616.164301623
 1775616.164283667
 1775616.16427632
 1775616.16427384
 1775616.164273217
 1775616.164273123
 1775616.164273118
 1775616.164273118
 1775616.164273121
 1775616.164273196
 1775616.164273726
 1775616.164275921
 1775616.164282577
 1775616.16429911
 1775616.164334837
 1775616.164404527
 1775616.164530203
 1775616.16474321
 1775616.165086545
 1775616.165617436
 1775616.166410192
 1775616.16755931
 1775616.169182839
 1775616.171426004
 1775616.174465096
 1775616.178511614
 1775616.183816672
 1775616.190675663
 1775616.199433185
 1775616.210488228
 1775616.224299615
 1775616.241391711
 1775616.262360386
 1775616.287879239
 1775616.318706084
 1775616.355689694
 1775616.399776807
 1775616.452019387
 1775616.513582152
 1775616.585750357
 1775616.669937836
 1775616.767695309
 1775616.880718944
 1775617.010859183
 1775617.160129824
 1775617.330717363
 1775617.524990602
 1775617.74551051
 1775617.995040345
 1775618.276556039
 1775618.593256842
 1775618.948576224
 1775619.346193037
 1775619.790042941
 1775620.284330082
 1775620.83353904
 1775621.442447028
 1775622.116136357
 1775622.860007155
 1775623.679790355
 1775624.581560931
 1775625.571751405


# name: QUERY
# type: sq_string
# elements: 1
# length: 2
R4


# name: DATASIZE
# type: sq_string
# elements: 1
# length: 4
1000


