# Created by Octave 4.0.0, Mon May 23 11:56:52 2016 CEST <peter@Independence>
# name: x
# type: matrix
# rows: 1
# columns: 100
 0.008333333333333333 0.008417508417508417 0.008501683501683501 0.008585858585858586 0.00867003367003367 0.008754208754208754 0.008838383838383838 0.008922558922558922 0.009006734006734006 0.00909090909090909 0.009175084175084175 0.009259259259259259 0.009343434343434345 0.009427609427609427 0.009511784511784513 0.009595959595959595 0.009680134680134681 0.009764309764309764 0.009848484848484848 0.009932659932659932 0.01001683501683502 0.0101010101010101 0.01018518518518519 0.01026936026936027 0.01035353535353535 0.01043771043771044 0.01052188552188552 0.01060606060606061 0.01069023569023569 0.01077441077441077 0.01085858585858586 0.01094276094276094 0.01102693602693603 0.01111111111111111 0.0111952861952862 0.01127946127946128 0.01136363636363636 0.01144781144781145 0.01153198653198653 0.01161616161616162 0.0117003367003367 0.01178451178451178 0.01186868686868687 0.01195286195286195 0.01203703703703704 0.01212121212121212 0.01220538720538721 0.01228956228956229 0.01237373737373737 0.01245791245791246 0.01254208754208754 0.01262626262626263 0.01271043771043771 0.01279461279461279 0.01287878787878788 0.01296296296296296 0.01304713804713805 0.01313131313131313 0.01321548821548822 0.0132996632996633 0.01338383838383838 0.01346801346801347 0.01355218855218855 0.01363636363636364 0.01372053872053872 0.01380471380471381 0.01388888888888889 0.01397306397306397 0.01405723905723906 0.01414141414141414 0.01422558922558922 0.01430976430976431 0.01439393939393939 0.01447811447811448 0.01456228956228956 0.01464646464646465 0.01473063973063973 0.01481481481481482 0.0148989898989899 0.01498316498316498 0.01506734006734007 0.01515151515151515 0.01523569023569024 0.01531986531986532 0.0154040404040404 0.01548821548821549 0.01557239057239057 0.01565656565656566 0.01574074074074074 0.01582491582491583 0.01590909090909091 0.01599326599326599 0.01607744107744108 0.01616161616161616 0.01624579124579125 0.01632996632996633 0.01641414141414142 0.0164983164983165 0.01658249158249158 0.01666666666666667


# name: y
# type: matrix
# rows: 100
# columns: 1
 1296398.856308827
 1296486.006353485
 1296571.177963531
 1296654.371138965
 1296735.585879787
 1296814.822185997
 1296892.080057595
 1296967.35949458
 1297040.660496955
 1297111.983064716
 1297181.327197867
 1297248.692896404
 1297314.080160331
 1297377.488989645
 1297438.919384347
 1297498.371344437
 1297555.844869915
 1297611.339960781
 1297664.856617035
 1297716.394838677
 1297765.954625707
 1297813.535978125
 1297859.138895932
 1297902.763379126
 1297944.409427708
 1297984.077041678
 1298021.766221037
 1298057.476965783
 1298091.209275917
 1298122.96315144
 1298152.73859235
 1298180.535598648
 1298206.354170335
 1298230.194307409
 1298252.056009871
 1298271.939277722
 1298289.84411096
 1298305.770509587
 1298319.718473601
 1298331.688003004
 1298341.679097794
 1298349.691757973
 1298355.725983539
 1298359.781774494
 1298361.859130837
 1298361.958052567
 1298360.078539686
 1298356.220592192
 1298350.384210087
 1298342.56939337
 1298332.77614204
 1298321.004456099
 1298307.254335546
 1298291.52578038
 1298273.818790603
 1298254.133366214
 1298232.469507213
 1298208.8272136
 1298183.206485374
 1298155.607322537
 1298126.029725088
 1298094.473693027
 1298060.939226354
 1298025.426325069
 1297987.934989172
 1297948.465218663
 1297907.017013542
 1297863.590373809
 1297818.185299464
 1297770.801790507
 1297721.439846938
 1297670.099468757
 1297616.780655964
 1297561.483408559
 1297504.207726542
 1297444.953609913
 1297383.721058672
 1297320.510072819
 1297255.320652355
 1297188.152797278
 1297119.006507589
 1297047.881783288
 1296974.778624376
 1296899.697030851
 1296822.637002714
 1296743.598539965
 1296662.581642605
 1296579.586310632
 1296494.612544047
 1296407.660342851
 1296318.729707042
 1296227.820636622
 1296134.933131589
 1296040.067191944
 1295943.222817688
 1295844.400008819
 1295743.598765339
 1295640.819087246
 1295536.060974542
 1295429.324427225


# name: QUERY
# type: sq_string
# elements: 1
# length: 2
R4


# name: DATASIZE
# type: sq_string
# elements: 1
# length: 4
1000


