# Created by Octave 3.8.2, Wed May 18 09:27:48 2016 CEST <Andrea@Andreas-MacBook-Pro.local>
# name: x
# type: matrix
# rows: 1
# columns: 100
 0.008333333333333333 0.008417508417508417 0.008501683501683501 0.008585858585858586 0.00867003367003367 0.008754208754208754 0.008838383838383838 0.008922558922558922 0.009006734006734006 0.00909090909090909 0.009175084175084175 0.009259259259259259 0.009343434343434345 0.009427609427609427 0.009511784511784513 0.009595959595959595 0.009680134680134681 0.009764309764309764 0.009848484848484848 0.009932659932659932 0.01001683501683502 0.0101010101010101 0.01018518518518519 0.01026936026936027 0.01035353535353535 0.01043771043771044 0.01052188552188552 0.01060606060606061 0.01069023569023569 0.01077441077441077 0.01085858585858586 0.01094276094276094 0.01102693602693603 0.01111111111111111 0.0111952861952862 0.01127946127946128 0.01136363636363636 0.01144781144781145 0.01153198653198653 0.01161616161616162 0.0117003367003367 0.01178451178451178 0.01186868686868687 0.01195286195286195 0.01203703703703704 0.01212121212121212 0.01220538720538721 0.01228956228956229 0.01237373737373737 0.01245791245791246 0.01254208754208754 0.01262626262626263 0.01271043771043771 0.01279461279461279 0.01287878787878788 0.01296296296296296 0.01304713804713805 0.01313131313131313 0.01321548821548822 0.0132996632996633 0.01338383838383838 0.01346801346801347 0.01355218855218855 0.01363636363636364 0.01372053872053872 0.01380471380471381 0.01388888888888889 0.01397306397306397 0.01405723905723906 0.01414141414141414 0.01422558922558922 0.01430976430976431 0.01439393939393939 0.01447811447811448 0.01456228956228956 0.01464646464646465 0.01473063973063973 0.01481481481481482 0.0148989898989899 0.01498316498316498 0.01506734006734007 0.01515151515151515 0.01523569023569024 0.01531986531986532 0.0154040404040404 0.01548821548821549 0.01557239057239057 0.01565656565656566 0.01574074074074074 0.01582491582491583 0.01590909090909091 0.01599326599326599 0.01607744107744108 0.01616161616161616 0.01624579124579125 0.01632996632996633 0.01641414141414142 0.0164983164983165 0.01658249158249158 0.01666666666666667


# name: y
# type: matrix
# rows: 100
# columns: 1
 1580255.964149241
 1579894.240720407
 1579548.753488772
 1579219.129636949
 1578904.996347551
 1578605.98080319
 1578321.710186482
 1578051.811680037
 1577795.91246647
 1577553.639728394
 1577324.620648421
 1577108.482409166
 1576904.85219324
 1576713.357183257
 1576533.62456183
 1576365.281511573
 1576207.955215098
 1576061.272855018
 1575924.861613948
 1575798.348674498
 1575681.361219284
 1575573.526430918
 1575474.471492013
 1575383.823585182
 1575301.209893039
 1575226.257598196
 1575158.593883266
 1575097.845930863
 1575043.6409236
 1574995.60604409
 1574953.368474946
 1574916.555398781
 1574884.793998208
 1574857.711455841
 1574834.934954292
 1574816.091676175
 1574800.808804103
 1574788.713520688
 1574779.433008545
 1574772.594450285
 1574767.825028523
 1574764.751925871
 1574763.002324942
 1574762.203408351
 1574761.982358708
 1574761.966358629
 1574761.782590725
 1574761.058237611
 1574759.420481898
 1574756.496506201
 1574751.913493132
 1574745.298625305
 1574736.279085332
 1574724.482055827
 1574709.534719403
 1574691.064258673
 1574668.697856249
 1574642.062694746
 1574610.785956776
 1574574.494824953
 1574532.81648189
 1574485.378110199
 1574431.806892493
 1574371.730011387
 1574304.774649492
 1574230.567989423
 1574148.737213792
 1574058.909505212
 1573960.712046297
 1573853.772019659
 1573737.716607912
 1573612.172993669
 1573476.768359543
 1573331.129888147
 1573174.884762094
 1573007.660163997
 1572829.08327647
 1572638.781282125
 1572436.381363576
 1572221.510703435
 1571993.796484317
 1571752.865888833
 1571498.346099598
 1571229.864299223
 1570947.047670323
 1570649.523395511
 1570336.918657399
 1570008.860638601
 1569664.976521729
 1569304.893489398
 1568928.238724219
 1568534.639408807
 1568123.722725774
 1567695.115857733
 1567248.445987298
 1566783.340297082
 1566299.425969697
 1565796.330187757
 1565273.680133875
 1564731.102990664


# name: QUERY
# type: sq_string
# elements: 1
# length: 2
R4


# name: DATASIZE
# type: sq_string
# elements: 1
# length: 4
1000


