# Created by Octave 4.0.0, Mon May 23 11:56:52 2016 CEST <peter@Independence>
# name: x
# type: matrix
# rows: 1
# columns: 100
 0.008333333333333333 0.008417508417508417 0.008501683501683501 0.008585858585858586 0.00867003367003367 0.008754208754208754 0.008838383838383838 0.008922558922558922 0.009006734006734006 0.00909090909090909 0.009175084175084175 0.009259259259259259 0.009343434343434345 0.009427609427609427 0.009511784511784513 0.009595959595959595 0.009680134680134681 0.009764309764309764 0.009848484848484848 0.009932659932659932 0.01001683501683502 0.0101010101010101 0.01018518518518519 0.01026936026936027 0.01035353535353535 0.01043771043771044 0.01052188552188552 0.01060606060606061 0.01069023569023569 0.01077441077441077 0.01085858585858586 0.01094276094276094 0.01102693602693603 0.01111111111111111 0.0111952861952862 0.01127946127946128 0.01136363636363636 0.01144781144781145 0.01153198653198653 0.01161616161616162 0.0117003367003367 0.01178451178451178 0.01186868686868687 0.01195286195286195 0.01203703703703704 0.01212121212121212 0.01220538720538721 0.01228956228956229 0.01237373737373737 0.01245791245791246 0.01254208754208754 0.01262626262626263 0.01271043771043771 0.01279461279461279 0.01287878787878788 0.01296296296296296 0.01304713804713805 0.01313131313131313 0.01321548821548822 0.0132996632996633 0.01338383838383838 0.01346801346801347 0.01355218855218855 0.01363636363636364 0.01372053872053872 0.01380471380471381 0.01388888888888889 0.01397306397306397 0.01405723905723906 0.01414141414141414 0.01422558922558922 0.01430976430976431 0.01439393939393939 0.01447811447811448 0.01456228956228956 0.01464646464646465 0.01473063973063973 0.01481481481481482 0.0148989898989899 0.01498316498316498 0.01506734006734007 0.01515151515151515 0.01523569023569024 0.01531986531986532 0.0154040404040404 0.01548821548821549 0.01557239057239057 0.01565656565656566 0.01574074074074074 0.01582491582491583 0.01590909090909091 0.01599326599326599 0.01607744107744108 0.01616161616161616 0.01624579124579125 0.01632996632996633 0.01641414141414142 0.0164983164983165 0.01658249158249158 0.01666666666666667


# name: y
# type: matrix
# rows: 100
# columns: 1
 1549695.260148897
 1549382.831234902
 1549084.425900951
 1548799.722136023
 1548528.397929092
 1548270.131269138
 1548024.600145137
 1547791.482546066
 1547570.456460903
 1547361.199878625
 1547163.390788208
 1546976.70717863
 1546800.827038869
 1546635.4283579
 1546480.189124702
 1546334.787328252
 1546198.900957527
 1546072.208001503
 1545954.386449159
 1545845.114289471
 1545744.069511417
 1545650.930103973
 1545565.374056117
 1545487.079356825
 1545415.723995076
 1545350.985959847
 1545292.543240113
 1545240.073824854
 1545193.255703045
 1545151.766863664
 1545115.285295688
 1545083.488988094
 1545056.05592986
 1545032.664109963
 1545012.991517378
 1544996.716141086
 1544983.515970061
 1544973.068993281
 1544965.053199724
 1544959.146578366
 1544955.027118185
 1544952.372808158
 1544950.861637262
 1544950.171594475
 1544949.980668772
 1544949.966849133
 1544949.808124533
 1544949.18248395
 1544947.767916361
 1544945.242410743
 1544941.283956073
 1544935.570541329
 1544927.780155488
 1544917.590787527
 1544904.680426423
 1544888.727061152
 1544869.408680694
 1544846.403274023
 1544819.388830119
 1544788.043337957
 1544752.044786516
 1544711.071164771
 1544664.800461701
 1544612.910666282
 1544555.079767492
 1544490.985754308
 1544420.306615707
 1544342.720340666
 1544257.904918163
 1544165.538337174
 1544065.298586676
 1543956.863655648
 1543839.911533065
 1543714.120207906
 1543579.167669146
 1543434.731905765
 1543280.490906738
 1543116.122661042
 1542941.305157656
 1542755.716385556
 1542559.034333719
 1542350.936991123
 1542131.102346744
 1541899.20838956
 1541654.933108548
 1541397.954492686
 1541127.950530949
 1540844.599212316
 1540547.578525763
 1540236.566460269
 1539911.241004809
 1539571.280148361
 1539216.361879903
 1538846.164188411
 1538460.365062862
 1538058.642492235
 1537640.674465505
 1537206.138971651
 1536754.713999648
 1536286.077538475


# name: QUERY
# type: sq_string
# elements: 1
# length: 2
R4


# name: DATASIZE
# type: sq_string
# elements: 1
# length: 4
1000


