# Created by Octave 3.8.2, Wed May 18 09:27:48 2016 CEST <Andrea@Andreas-MacBook-Pro.local>
# name: x
# type: matrix
# rows: 1
# columns: 100
 0.008333333333333333 0.008417508417508417 0.008501683501683501 0.008585858585858586 0.00867003367003367 0.008754208754208754 0.008838383838383838 0.008922558922558922 0.009006734006734006 0.00909090909090909 0.009175084175084175 0.009259259259259259 0.009343434343434345 0.009427609427609427 0.009511784511784513 0.009595959595959595 0.009680134680134681 0.009764309764309764 0.009848484848484848 0.009932659932659932 0.01001683501683502 0.0101010101010101 0.01018518518518519 0.01026936026936027 0.01035353535353535 0.01043771043771044 0.01052188552188552 0.01060606060606061 0.01069023569023569 0.01077441077441077 0.01085858585858586 0.01094276094276094 0.01102693602693603 0.01111111111111111 0.0111952861952862 0.01127946127946128 0.01136363636363636 0.01144781144781145 0.01153198653198653 0.01161616161616162 0.0117003367003367 0.01178451178451178 0.01186868686868687 0.01195286195286195 0.01203703703703704 0.01212121212121212 0.01220538720538721 0.01228956228956229 0.01237373737373737 0.01245791245791246 0.01254208754208754 0.01262626262626263 0.01271043771043771 0.01279461279461279 0.01287878787878788 0.01296296296296296 0.01304713804713805 0.01313131313131313 0.01321548821548822 0.0132996632996633 0.01338383838383838 0.01346801346801347 0.01355218855218855 0.01363636363636364 0.01372053872053872 0.01380471380471381 0.01388888888888889 0.01397306397306397 0.01405723905723906 0.01414141414141414 0.01422558922558922 0.01430976430976431 0.01439393939393939 0.01447811447811448 0.01456228956228956 0.01464646464646465 0.01473063973063973 0.01481481481481482 0.0148989898989899 0.01498316498316498 0.01506734006734007 0.01515151515151515 0.01523569023569024 0.01531986531986532 0.0154040404040404 0.01548821548821549 0.01557239057239057 0.01565656565656566 0.01574074074074074 0.01582491582491583 0.01590909090909091 0.01599326599326599 0.01607744107744108 0.01616161616161616 0.01624579124579125 0.01632996632996633 0.01641414141414142 0.0164983164983165 0.01658249158249158 0.01666666666666667


# name: y
# type: matrix
# rows: 100
# columns: 1
 1440823.35819087
 1441464.478205755
 1442091.043850269
 1442703.055124411
 1443300.512028181
 1443883.414561578
 1444451.762724604
 1445005.556517258
 1445544.795939539
 1446069.480991449
 1446579.611672987
 1447075.187984153
 1447556.209924947
 1448022.677495369
 1448474.590695419
 1448911.949525097
 1449334.753984403
 1449743.004073336
 1450136.699791899
 1450515.841140089
 1450880.428117907
 1451230.460725353
 1451565.938962427
 1451886.862829129
 1452193.232325459
 1452485.047451417
 1452762.308207003
 1453025.014592218
 1453273.16660706
 1453506.76425153
 1453725.807525628
 1453930.296429355
 1454120.230962709
 1454295.611125691
 1454456.436918302
 1454602.70834054
 1454734.425392407
 1454851.588073901
 1454954.196385023
 1455042.250325774
 1455115.749896152
 1455174.695096159
 1455219.085925793
 1455248.922385056
 1455264.204473946
 1455264.932192465
 1455251.105540612
 1455222.724518386
 1455179.789125789
 1455122.29936282
 1455050.255229478
 1454963.656725765
 1454862.50385168
 1454746.796607223
 1454616.534992394
 1454471.719007192
 1454312.348651619
 1454138.423925674
 1453949.944829357
 1453746.911362668
 1453529.323525607
 1453297.181318174
 1453050.484740369
 1452789.233792192
 1452513.428473643
 1452223.068784722
 1451918.154725429
 1451598.686295764
 1451264.663495727
 1450916.086325318
 1450552.954784537
 1450175.268873384
 1449783.02859186
 1449376.233939963
 1448954.884917694
 1448518.981525053
 1448068.52376204
 1447603.511628656
 1447123.945124899
 1446629.82425077
 1446121.14900627
 1445597.919391397
 1445060.135406153
 1444507.797050536
 1443940.904324547
 1443359.457228187
 1442763.455761454
 1442152.89992435
 1441527.789716873
 1440888.125139025
 1440233.906190805
 1439565.132872212
 1438881.805183248
 1438183.923123911
 1437471.486694203
 1436744.495894123
 1436002.950723671
 1435246.851182846
 1434476.19727165
 1433690.988990082


# name: QUERY
# type: sq_string
# elements: 1
# length: 2
R4


# name: DATASIZE
# type: sq_string
# elements: 1
# length: 4
1000


