# Created by Octave 3.8.2, Wed May 18 09:27:48 2016 CEST <Andrea@Andreas-MacBook-Pro.local>
# name: x
# type: matrix
# rows: 1
# columns: 100
 0.008333333333333333 0.008417508417508417 0.008501683501683501 0.008585858585858586 0.00867003367003367 0.008754208754208754 0.008838383838383838 0.008922558922558922 0.009006734006734006 0.00909090909090909 0.009175084175084175 0.009259259259259259 0.009343434343434345 0.009427609427609427 0.009511784511784513 0.009595959595959595 0.009680134680134681 0.009764309764309764 0.009848484848484848 0.009932659932659932 0.01001683501683502 0.0101010101010101 0.01018518518518519 0.01026936026936027 0.01035353535353535 0.01043771043771044 0.01052188552188552 0.01060606060606061 0.01069023569023569 0.01077441077441077 0.01085858585858586 0.01094276094276094 0.01102693602693603 0.01111111111111111 0.0111952861952862 0.01127946127946128 0.01136363636363636 0.01144781144781145 0.01153198653198653 0.01161616161616162 0.0117003367003367 0.01178451178451178 0.01186868686868687 0.01195286195286195 0.01203703703703704 0.01212121212121212 0.01220538720538721 0.01228956228956229 0.01237373737373737 0.01245791245791246 0.01254208754208754 0.01262626262626263 0.01271043771043771 0.01279461279461279 0.01287878787878788 0.01296296296296296 0.01304713804713805 0.01313131313131313 0.01321548821548822 0.0132996632996633 0.01338383838383838 0.01346801346801347 0.01355218855218855 0.01363636363636364 0.01372053872053872 0.01380471380471381 0.01388888888888889 0.01397306397306397 0.01405723905723906 0.01414141414141414 0.01422558922558922 0.01430976430976431 0.01439393939393939 0.01447811447811448 0.01456228956228956 0.01464646464646465 0.01473063973063973 0.01481481481481482 0.0148989898989899 0.01498316498316498 0.01506734006734007 0.01515151515151515 0.01523569023569024 0.01531986531986532 0.0154040404040404 0.01548821548821549 0.01557239057239057 0.01565656565656566 0.01574074074074074 0.01582491582491583 0.01590909090909091 0.01599326599326599 0.01607744107744108 0.01616161616161616 0.01624579124579125 0.01632996632996633 0.01641414141414142 0.0164983164983165 0.01658249158249158 0.01666666666666667


# name: y
# type: matrix
# rows: 100
# columns: 1
 1499035.129862397
 1499046.069129285
 1499055.82201636
 1499064.493767624
 1499072.182463954
 1499078.979355776
 1499084.969187832
 1499090.230516024
 1499094.836016361
 1499098.852785988
 1499102.342636296
 1499105.362378136
 1499107.964099111
 1499110.195432958
 1499112.09982102
 1499113.716765808
 1499115.082076649
 1499116.228107423
 1499117.183986391
 1499117.975838108
 1499118.626997427
 1499119.158215592
 1499119.587858417
 1499119.932096555
 1499120.205087859
 1499120.419151825
 1499120.584936128
 1499120.711575245
 1499120.806841169
 1499120.877286209
 1499120.928377879
 1499120.964625875
 1499120.989701143
 1499121.006547036
 1499121.017482553
 1499121.024297674
 1499121.028340784
 1499121.030598178
 1499121.031765658
 1499121.032312228
 1499121.03253586
 1499121.032611363
 1499121.032630336
 1499121.032633204
 1499121.032633356
 1499121.032633357
 1499121.032633255
 1499121.03263098
 1499121.032614828
 1499121.032548031
 1499121.032345418
 1499121.03184217
 1499121.030754652
 1499121.028633346
 1499121.024807862
 1499121.018324048
 1499121.007873174
 1499120.991713224
 1499120.967582259
 1499120.932603878
 1499120.883184765
 1499120.814904327
 1499120.722396415
 1499120.599223139
 1499120.43774077
 1499120.228957731
 1499119.962384674
 1499119.625876648
 1499119.205467357
 1499118.685195503
 1499118.046923218
 1499117.27014659
 1499116.331798271
 1499115.206042175
 1499113.864060268
 1499112.273831442
 1499110.399902484
 1499108.203151124
 1499105.640541182
 1499102.664869796
 1499099.224506742
 1499095.263125842
 1499090.719428461
 1499085.52685909
 1499079.613313023
 1499072.900836118
 1499065.305316645
 1499056.73616923
 1499047.096010881
 1499036.280329106
 1499024.177142114
 1499010.666651115
 1498995.620884699
 1498978.903335306
 1498960.368587791
 1498939.861940064
 1498917.219015836
 1498892.265369439
 1498864.816082738
 1498834.675354142


# name: QUERY
# type: sq_string
# elements: 1
# length: 2
R4


# name: DATASIZE
# type: sq_string
# elements: 1
# length: 4
1000


