# Created by Octave 4.0.0, Mon May 23 11:56:52 2016 CEST <peter@Independence>
# name: x
# type: matrix
# rows: 1
# columns: 100
 0.008333333333333333 0.008417508417508417 0.008501683501683501 0.008585858585858586 0.00867003367003367 0.008754208754208754 0.008838383838383838 0.008922558922558922 0.009006734006734006 0.00909090909090909 0.009175084175084175 0.009259259259259259 0.009343434343434345 0.009427609427609427 0.009511784511784513 0.009595959595959595 0.009680134680134681 0.009764309764309764 0.009848484848484848 0.009932659932659932 0.01001683501683502 0.0101010101010101 0.01018518518518519 0.01026936026936027 0.01035353535353535 0.01043771043771044 0.01052188552188552 0.01060606060606061 0.01069023569023569 0.01077441077441077 0.01085858585858586 0.01094276094276094 0.01102693602693603 0.01111111111111111 0.0111952861952862 0.01127946127946128 0.01136363636363636 0.01144781144781145 0.01153198653198653 0.01161616161616162 0.0117003367003367 0.01178451178451178 0.01186868686868687 0.01195286195286195 0.01203703703703704 0.01212121212121212 0.01220538720538721 0.01228956228956229 0.01237373737373737 0.01245791245791246 0.01254208754208754 0.01262626262626263 0.01271043771043771 0.01279461279461279 0.01287878787878788 0.01296296296296296 0.01304713804713805 0.01313131313131313 0.01321548821548822 0.0132996632996633 0.01338383838383838 0.01346801346801347 0.01355218855218855 0.01363636363636364 0.01372053872053872 0.01380471380471381 0.01388888888888889 0.01397306397306397 0.01405723905723906 0.01414141414141414 0.01422558922558922 0.01430976430976431 0.01439393939393939 0.01447811447811448 0.01456228956228956 0.01464646464646465 0.01473063973063973 0.01481481481481482 0.0148989898989899 0.01498316498316498 0.01506734006734007 0.01515151515151515 0.01523569023569024 0.01531986531986532 0.0154040404040404 0.01548821548821549 0.01557239057239057 0.01565656565656566 0.01574074074074074 0.01582491582491583 0.01590909090909091 0.01599326599326599 0.01607744107744108 0.01616161616161616 0.01624579124579125 0.01632996632996633 0.01641414141414142 0.0164983164983165 0.01658249158249158 0.01666666666666667


# name: y
# type: matrix
# rows: 100
# columns: 1
 1621943.096754799
 1621865.114298968
 1621792.322698823
 1621724.486325971
 1621661.375025381
 1621602.764115391
 1621548.434387702
 1621498.172107382
 1621451.769012864
 1621409.022315948
 1621369.7347018
 1621333.714328949
 1621300.774829292
 1621270.735308092
 1621243.420343977
 1621218.65998894
 1621196.289768341
 1621176.150680905
 1621158.089198723
 1621141.957267252
 1621127.612305314
 1621114.917205097
 1621103.740332156
 1621093.95552541
 1621085.442097144
 1621078.08483301
 1621071.773992025
 1621066.405306571
 1621061.879982396
 1621058.104698615
 1621054.991607708
 1621052.458335519
 1621050.427981262
 1621048.829117511
 1621047.595790212
 1621046.667518671
 1621045.989295563
 1621045.511586929
 1621045.190332174
 1621044.98694407
 1621044.868308753
 1621044.806785728
 1621044.780207862
 1621044.77188139
 1621044.770585913
 1621044.770574396
 1621044.771573171
 1621044.778781936
 1621044.802873754
 1621044.859995053
 1621044.971765629
 1621045.165278641
 1621045.473100616
 1621045.933271446
 1621046.589304389
 1621047.490186067
 1621048.69037647
 1621050.249808953
 1621052.233890237
 1621054.713500407
 1621057.764992916
 1621061.470194582
 1621065.916405588
 1621071.196399483
 1621077.408423183
 1621084.656196969
 1621093.048914486
 1621102.701242747
 1621113.733322131
 1621126.27076638
 1621140.444662605
 1621156.391571281
 1621174.253526248
 1621194.178034713
 1621216.318077249
 1621240.832107794
 1621267.884053652
 1621297.643315492
 1621330.28476735
 1621365.988756628
 1621404.941104091
 1621447.333103873
 1621493.361523472
 1621543.228603751
 1621597.142058942
 1621655.31507664
 1621717.966317805
 1621785.319916765
 1621857.605481213
 1621935.058092208
 1622017.918304173
 1622106.432144898
 1622200.85111554
 1622301.43219062
 1622408.437818026
 1622522.135919009
 1622642.79988819
 1622770.708593552
 1622906.146376445
 1623049.403051587


# name: QUERY
# type: sq_string
# elements: 1
# length: 2
R4


# name: DATASIZE
# type: sq_string
# elements: 1
# length: 4
1000


