# Created by Octave 3.8.2, Wed May 18 09:27:48 2016 CEST <Andrea@Andreas-MacBook-Pro.local>
# name: x
# type: matrix
# rows: 1
# columns: 100
 0.008333333333333333 0.008417508417508417 0.008501683501683501 0.008585858585858586 0.00867003367003367 0.008754208754208754 0.008838383838383838 0.008922558922558922 0.009006734006734006 0.00909090909090909 0.009175084175084175 0.009259259259259259 0.009343434343434345 0.009427609427609427 0.009511784511784513 0.009595959595959595 0.009680134680134681 0.009764309764309764 0.009848484848484848 0.009932659932659932 0.01001683501683502 0.0101010101010101 0.01018518518518519 0.01026936026936027 0.01035353535353535 0.01043771043771044 0.01052188552188552 0.01060606060606061 0.01069023569023569 0.01077441077441077 0.01085858585858586 0.01094276094276094 0.01102693602693603 0.01111111111111111 0.0111952861952862 0.01127946127946128 0.01136363636363636 0.01144781144781145 0.01153198653198653 0.01161616161616162 0.0117003367003367 0.01178451178451178 0.01186868686868687 0.01195286195286195 0.01203703703703704 0.01212121212121212 0.01220538720538721 0.01228956228956229 0.01237373737373737 0.01245791245791246 0.01254208754208754 0.01262626262626263 0.01271043771043771 0.01279461279461279 0.01287878787878788 0.01296296296296296 0.01304713804713805 0.01313131313131313 0.01321548821548822 0.0132996632996633 0.01338383838383838 0.01346801346801347 0.01355218855218855 0.01363636363636364 0.01372053872053872 0.01380471380471381 0.01388888888888889 0.01397306397306397 0.01405723905723906 0.01414141414141414 0.01422558922558922 0.01430976430976431 0.01439393939393939 0.01447811447811448 0.01456228956228956 0.01464646464646465 0.01473063973063973 0.01481481481481482 0.0148989898989899 0.01498316498316498 0.01506734006734007 0.01515151515151515 0.01523569023569024 0.01531986531986532 0.0154040404040404 0.01548821548821549 0.01557239057239057 0.01565656565656566 0.01574074074074074 0.01582491582491583 0.01590909090909091 0.01599326599326599 0.01607744107744108 0.01616161616161616 0.01624579124579125 0.01632996632996633 0.01641414141414142 0.0164983164983165 0.01658249158249158 0.01666666666666667


# name: y
# type: matrix
# rows: 100
# columns: 1
 1478333.439235194
 1478454.682659714
 1478567.855587955
 1478673.32436377
 1478771.446821287
 1478862.572284902
 1478947.041569282
 1479025.186979365
 1479097.332310358
 1479163.79284774
 1479224.875367261
 1479280.87813494
 1479332.090907066
 1479378.7949302
 1479421.262941174
 1479459.759167087
 1479494.539325314
 1479525.850623495
 1479553.931759545
 1479579.012921645
 1479601.31578825
 1479621.053528085
 1479638.430800144
 1479653.643753693
 1479666.880028266
 1479678.318753672
 1479688.130549986
 1479696.477527555
 1479703.513286998
 1479709.382919203
 1479714.223005328
 1479718.161616802
 1479721.318315326
 1479723.804152869
 1479725.721671672
 1479727.164904247
 1479728.219373374
 1479728.962092106
 1479729.461563766
 1479729.777781946
 1479729.962230511
 1479730.057883593
 1479730.099205599
 1479730.112151202
 1479730.114165349
 1479730.114183255
 1479730.112630406
 1479730.101422561
 1479730.063965745
 1479729.975156258
 1479729.801380667
 1479729.500515812
 1479729.021928801
 1479728.306477015
 1479727.286508104
 1479725.885859989
 1479724.019860861
 1479721.595329182
 1479718.510573685
 1479714.655393371
 1479709.911077515
 1479704.15040566
 1479697.23764762
 1479689.028563481
 1479679.370403596
 1479668.101908593
 1479655.053309367
 1479640.046327084
 1479622.894173183
 1479603.40154937
 1479581.364647624
 1479556.571150193
 1479528.800229596
 1479497.822548624
 1479463.400260335
 1479425.287008061
 1479383.227925403
 1479336.959636231
 1479286.210254689
 1479230.699385188
 1479170.138122412
 1479104.229051314
 1479032.666247118
 1478955.135275318
 1478871.313191679
 1478780.868542237
 1478683.461363298
 1478578.743181437
 1478466.357013502
 1478345.937366611
 1478217.11023815
 1478079.493115778
 1477932.694977425
 1477776.316291288
 1477609.949015839
 1477433.176599817
 1477245.573982233
 1477046.707592368
 1476836.135349774
 1476613.406664273


# name: QUERY
# type: sq_string
# elements: 1
# length: 2
R4


# name: DATASIZE
# type: sq_string
# elements: 1
# length: 4
1000


