# Created by Octave 3.8.2, Wed May 18 09:27:48 2016 CEST <Andrea@Andreas-MacBook-Pro.local>
# name: x
# type: matrix
# rows: 1
# columns: 100
 0.008333333333333333 0.008417508417508417 0.008501683501683501 0.008585858585858586 0.00867003367003367 0.008754208754208754 0.008838383838383838 0.008922558922558922 0.009006734006734006 0.00909090909090909 0.009175084175084175 0.009259259259259259 0.009343434343434345 0.009427609427609427 0.009511784511784513 0.009595959595959595 0.009680134680134681 0.009764309764309764 0.009848484848484848 0.009932659932659932 0.01001683501683502 0.0101010101010101 0.01018518518518519 0.01026936026936027 0.01035353535353535 0.01043771043771044 0.01052188552188552 0.01060606060606061 0.01069023569023569 0.01077441077441077 0.01085858585858586 0.01094276094276094 0.01102693602693603 0.01111111111111111 0.0111952861952862 0.01127946127946128 0.01136363636363636 0.01144781144781145 0.01153198653198653 0.01161616161616162 0.0117003367003367 0.01178451178451178 0.01186868686868687 0.01195286195286195 0.01203703703703704 0.01212121212121212 0.01220538720538721 0.01228956228956229 0.01237373737373737 0.01245791245791246 0.01254208754208754 0.01262626262626263 0.01271043771043771 0.01279461279461279 0.01287878787878788 0.01296296296296296 0.01304713804713805 0.01313131313131313 0.01321548821548822 0.0132996632996633 0.01338383838383838 0.01346801346801347 0.01355218855218855 0.01363636363636364 0.01372053872053872 0.01380471380471381 0.01388888888888889 0.01397306397306397 0.01405723905723906 0.01414141414141414 0.01422558922558922 0.01430976430976431 0.01439393939393939 0.01447811447811448 0.01456228956228956 0.01464646464646465 0.01473063973063973 0.01481481481481482 0.0148989898989899 0.01498316498316498 0.01506734006734007 0.01515151515151515 0.01523569023569024 0.01531986531986532 0.0154040404040404 0.01548821548821549 0.01557239057239057 0.01565656565656566 0.01574074074074074 0.01582491582491583 0.01590909090909091 0.01599326599326599 0.01607744107744108 0.01616161616161616 0.01624579124579125 0.01632996632996633 0.01641414141414142 0.0164983164983165 0.01658249158249158 0.01666666666666667


# name: y
# type: matrix
# rows: 1
# columns: 100
 1535214.062488449 1539787.710653361 1544361.358818274 1548935.006983186 1553508.655148098 1558082.303313011 1562655.951477923 1567229.599642835 1571803.247807748 1576376.89597266 1580950.544137572 1585524.192302485 1590097.840467397 1594671.488632309 1599245.136797222 1603818.784962134 1608392.433127047 1612966.081291959 1617539.729456871 1622113.377621784 1626687.025786696 1631260.673951608 1635834.322116521 1640407.970281433 1644981.618446345 1649555.266611258 1654128.91477617 1658702.562941083 1663276.211105995 1667849.859270907 1672423.50743582 1676997.155600732 1681570.803765644 1686144.451930557 1690718.100095469 1695291.748260381 1699865.396425294 1704439.044590206 1709012.692755118 1713586.340920031 1718159.989084943 1722733.637249856 1727307.285414768 1731880.93357968 1736454.581744593 1741028.229909505 1745601.878074417 1750175.52623933 1754749.174404242 1759322.822569154 1763896.470734067 1768470.118898979 1773043.767063891 1777617.415228804 1782191.063393716 1786764.711558628 1791338.359723541 1795912.007888453 1800485.656053365 1805059.304218278 1809632.95238319 1814206.600548103 1818780.248713015 1823353.896877927 1827927.54504284 1832501.193207752 1837074.841372664 1841648.489537577 1846222.137702489 1850795.785867401 1855369.434032314 1859943.082197226 1864516.730362138 1869090.378527051 1873664.026691963 1878237.674856876 1882811.323021788 1887384.9711867 1891958.619351613 1896532.267516525 1901105.915681437 1905679.56384635 1910253.212011262 1914826.860176174 1919400.508341087 1923974.156505999 1928547.804670912 1933121.452835824 1937695.101000736 1942268.749165649 1946842.397330561 1951416.045495473 1955989.693660386 1960563.341825298 1965136.98999021 1969710.638155123 1974284.286320035 1978857.934484947 1983431.58264986 1988005.230814772


# name: QUERY
# type: sq_string
# elements: 1
# length: 2
R4


# name: DATASIZE
# type: sq_string
# elements: 1
# length: 4
1000


