# Created by Octave 4.0.0, Mon May 09 11:35:57 2016 CEST <peter@Independence>
# name: y
# type: matrix
# rows: 1
# columns: 100
 78727.74389416834 78725.92228053325 78724.10066689817 78722.27905326309 78720.45743962801 78718.63582599294 78716.81421235786 78714.99259872278 78713.17098508769 78711.34937145261 78709.52775781753 78707.70614418245 78705.88453054737 78704.0629169123 78702.24130327722 78700.41968964213 78698.59807600705 78696.77646237197 78694.95484873689 78693.13323510181 78691.31162146672 78689.49000783164 78687.66839419657 78685.84678056149 78684.02516692641 78682.20355329133 78680.38193965625 78678.56032602116 78676.73871238608 78674.917098751 78673.09548511593 78671.27387148085 78669.45225784577 78667.63064421069 78665.8090305756 78663.98741694052 78662.16580330544 78660.34418967036 78658.52257603529 78656.70096240021 78654.87934876513 78653.05773513005 78651.23612149496 78649.41450785988 78647.5928942248 78645.77128058972 78643.94966695464 78642.12805331957 78640.30643968449 78638.4848260494 78636.66321241432 78634.84159877924 78633.01998514416 78631.19837150908 78629.37675787399 78627.55514423893 78625.73353060384 78623.91191696876 78622.09030333368 78620.2686896986 78618.44707606352 78616.62546242843 78614.80384879335 78612.98223515827 78611.1606215232 78609.33900788812 78607.51739425304 78605.69578061796 78603.87416698287 78602.05255334779 78600.23093971271 78598.40932607763 78596.58771244256 78594.76609880748 78592.9444851724 78591.12287153731 78589.30125790223 78587.47964426715 78585.65803063207 78583.83641699699 78582.0148033619 78580.19318972684 78578.37157609175 78576.54996245667 78574.72834882159 78572.90673518651 78571.08512155143 78569.26350791634 78567.44189428126 78565.6202806462 78563.79866701111 78561.97705337603 78560.15543974095 78558.33382610587 78556.51221247079 78554.6905988357 78552.86898520062 78551.04737156555 78549.22575793047 78547.40414429539


