# Created by Octave 4.0.0, Mon May 09 11:35:57 2016 CEST <peter@Independence>
# name: y
# type: matrix
# rows: 100
# columns: 1
 78668.91403001681
 78665.89868733901
 78662.88334466121
 78659.86800198341
 78656.85265930563
 78653.83731662783
 78650.82197395003
 78647.80663127224
 78644.79128859444
 78641.77594591664
 78638.76060323886
 78635.74526056106
 78632.72991788326
 78629.71457520546
 78626.69923252767
 78623.68388984987
 78620.66854717207
 78617.65320449429
 78614.63786181649
 78611.62251913869
 78608.60717646089
 78605.5918337831
 78602.5764911053
 78599.56114842751
 78596.54580574972
 78593.53046307192
 78590.51512039412
 78587.49977771632
 78584.48443503852
 78581.46909236073
 78578.45374968294
 78575.43840700515
 78572.42306432735
 78569.40772164955
 78566.39237897175
 78563.37703629395
 78560.36169361617
 78557.34635093837
 78554.33100826057
 78551.31566558278
 78548.30032290498
 78545.28498022718
 78542.26963754938
 78539.2542948716
 78536.2389521938
 78533.223609516
 78530.20826683821
 78527.19292416041
 78524.17758148261
 78521.16223880483
 78518.14689612703
 78515.13155344923
 78512.11621077143
 78509.10086809364
 78506.08552541584
 78503.07018273804
 78500.05484006026
 78497.03949738246
 78494.02415470466
 78491.00881202686
 78487.99346934906
 78484.97812667127
 78481.96278399348
 78478.94744131569
 78475.93209863789
 78472.91675596009
 78469.90141328229
 78466.88607060449
 78463.8707279267
 78460.85538524891
 78457.84004257112
 78454.82469989332
 78451.80935721552
 78448.79401453772
 78445.77867185992
 78442.76332918214
 78439.74798650434
 78436.73264382654
 78433.71730114875
 78430.70195847095
 78427.68661579315
 78424.67127311535
 78421.65593043757
 78418.64058775977
 78415.62524508197
 78412.60990240418
 78409.59455972638
 78406.57921704858
 78403.56387437078
 78400.548531693
 78397.5331890152
 78394.5178463374
 78391.50250365961
 78388.48716098181
 78385.47181830401
 78382.45647562623
 78379.44113294843
 78376.42579027063
 78373.41044759283
 78370.39510491503


