# Created by Octave 4.0.0, Mon May 09 11:35:57 2016 CEST <peter@Independence>
# name: y
# type: matrix
# rows: 100
# columns: 1
 78498.00309891092
 78509.02130259099
 78519.58664917102
 78529.70864170555
 78539.39678324918
 78548.66057685643
 78557.50952558189
 78565.95313248009
 78574.00090060564
 78581.66233301305
 78588.94693275691
 78595.86420289178
 78602.42364647221
 78608.63476655277
 78614.50706618802
 78620.0500484325
 78625.27321634081
 78630.18607296748
 78634.79812136709
 78639.11886459419
 78643.15780570333
 78646.9244477491
 78650.42829378606
 78653.67884686873
 78656.6856100517
 78659.45808638955
 78662.00577893681
 78664.33819074805
 78666.46482487784
 78668.39518438072
 78670.13877231127
 78671.70509172406
 78673.10364567362
 78674.34393721454
 78675.43546940136
 78676.38774528865
 78677.21026793098
 78677.91254038289
 78678.50406569896
 78678.99434693374
 78679.3928871418
 78679.7091893777
 78679.952756696
 78680.13309215126
 78680.25969879802
 78680.34207969088
 78680.38973788438
 78680.41217643308
 78680.41889839155
 78680.41940681434
 78680.42320475602
 78680.43979527114
 78680.47868141427
 78680.54936623998
 78680.66135280281
 78680.82414415733
 78681.04724335812
 78681.34015345971
 78681.71237751668
 78682.17341858358
 78682.73277971499
 78683.39996396545
 78684.18447438953
 78685.09581404179
 78686.14348597679
 78687.33699324909
 78688.68583891327
 78690.19952602386
 78691.88755763543
 78693.75943680256
 78695.82466657981
 78698.09275002171
 78700.57319018284
 78703.27549011777
 78706.20915288104
 78709.38368152724
 78712.8085791109
 78716.49334868661
 78720.44749330891
 78724.68051603237
 78729.20191991155
 78734.021208001
 78739.1478833553
 78744.591449029
 78750.36140807667
 78756.46726355286
 78762.91851851213
 78769.72467600905
 78776.89523909817
 78784.43971083406
 78792.3675942713
 78800.68839246442
 78809.41160846798
 78818.54674533657
 78828.10330612473
 78838.09079388702
 78848.518711678
 78859.39656255225
 78870.73384956432
 78882.54007576876


