# Created by Octave 4.0.0, Mon May 09 11:35:57 2016 CEST <peter@Independence>
# name: y
# type: matrix
# rows: 100
# columns: 1
 78307.32041944431
 78300.27244587088
 78293.42759683184
 78286.79051429784
 78280.36576461684
 78274.15783407715
 78268.17112449043
 78262.40994879951
 78256.87852671681
 78251.58098039871
 78246.5213301613
 78241.70349024318
 78237.13126462093
 78232.80834288249
 78228.73829616452
 78224.92457315886
 78221.37049619391
 78218.07925739641
 78215.05391493905
 78212.29738937948
 78209.81246009604
 78207.60176182553
 78205.66778130851
 78204.012854047
 78202.63916117998
 78201.54872648153
 78200.74341348658
 78200.22492274897
 78199.99478923672
 78200.05437986866
 78200.4048911971
 78201.04734724067
 78201.9825974713
 78203.21131495938
 78204.73399468073
 78206.55095198887
 78208.66232125595
 78211.06805468557
 78213.76792130012
 78216.7615061057
 78220.04820943672
 78223.62724648271
 78227.4976469992
 78231.65825520444
 78236.10772986342
 78240.84454456059
 78245.86698816216
 78251.17316546867
 78256.76099805844
 78262.62822532201
 78268.77240568753
 78275.19091803665
 78281.88096331056
 78288.83956630481
 78296.06357765241
 78303.54967599301
 78311.29437032701
 78319.29400255233
 78327.54475018157
 78336.0426292371
 78344.78349732119
 78353.76305685806
 78362.9768585046
 78372.42030472605
 78382.08865353282
 78391.97702237428
 78402.08039218526
 78412.3936115805
 78422.91140119237
 78433.62835814671
 78444.53896067155
 78455.6375728331
 78466.91844939368
 78478.37574078514
 78490.00349819229
 78501.79567873968
 78513.74615077555
 78525.84869924633
 78538.09703115499
 78550.48478109641
 78563.00551686283
 78575.65274511231
 78588.41991709311
 78601.30043441663
 78614.28765487162
 78627.37489827255
 78640.55545233414
 78653.82257856526
 78667.1695181742
 78680.58949797813
 78694.07573630904
 78707.62144890887
 78721.21985480629
 78734.86418216757
 78748.54767411461
 78762.26359450231
 78776.00523364839
 78789.76591400857
 78803.53899578974
 78817.31788249467


