# Created by Octave 4.0.0, Wed May 11 16:23:31 2016 CEST <peter@Independence>
# name: y
# type: matrix
# rows: 1
# columns: 100
 421804.5610852574 423550.5474130231 425296.5337407888 427042.5200685545 428788.5063963202 430534.4927240859 432280.4790518516 434026.4653796172 435772.4517073829 437518.4380351486 439264.4243629143 441010.4106906799 442756.3970184457 444502.3833462113 446248.369673977 447994.3560017426 449740.3423295083 451486.328657274 453232.3149850397 454978.3013128054 456724.2876405711 458470.2739683368 460216.2602961024 461962.2466238681 463708.2329516338 465454.2192793995 467200.2056071652 468946.1919349309 470692.1782626965 472438.1645904622 474184.1509182279 475930.1372459935 477676.1235737592 479422.109901525 481168.0962292906 482914.0825570563 484660.068884822 486406.0552125876 488152.0415403533 489898.027868119 491644.0141958847 493390.0005236504 495135.9868514161 496881.9731791817 498627.9595069474 500373.9458347131 502119.9321624788 503865.9184902445 505611.9048180102 507357.8911457759 509103.8774735415 510849.8638013072 512595.8501290728 514341.8364568385 516087.8227846042 517833.8091123699 519579.7954401356 521325.7817679013 523071.768095667 524817.7544234326 526563.7407511984 528309.727078964 530055.7134067296 531801.6997344954 533547.686062261 535293.6723900267 537039.6587177924 538785.6450455581 540531.6313733237 542277.6177010895 544023.6040288551 545769.5903566208 547515.5766843865 549261.5630121522 551007.5493399178 552753.5356676836 554499.5219954492 556245.5083232149 557991.4946509806 559737.4809787463 561483.4673065119 563229.4536342776 564975.4399620433 566721.4262898089 568467.4126175747 570213.3989453403 571959.385273106 573705.3716008717 575451.3579286374 577197.344256403 578943.3305841688 580689.3169119344 582435.3032397002 584181.2895674658 585927.2758952315 587673.2622229971 589419.2485507629 591165.2348785285 592911.2212062943 594657.2075340599


