# Created by Octave 4.0.0, Wed May 11 16:23:31 2016 CEST <peter@Independence>
# name: y
# type: matrix
# rows: 100
# columns: 1
 551272.6557502463
 552011.0418288838
 552719.195280447
 553397.7480578431
 554047.332113979
 554668.579401762
 555262.121874099
 555828.5914838971
 556368.6201840633
 556882.8399275049
 557371.8826671287
 557836.3803558419
 558276.9649465516
 558694.2683921648
 559088.9226455886
 559461.5596597302
 559812.8113874964
 560143.3097817944
 560453.6867955314
 560744.5743816143
 561016.6044929503
 561270.4090824462
 561506.6201030094
 561725.8695075469
 561928.7892489656
 562116.0112801726
 562288.1675540751
 562445.8900235802
 562589.8106415948
 562720.5613610261
 562838.7741347811
 562945.080915767
 563040.1136568906
 563124.5043110593
 563198.8848311799
 563263.8871701595
 563320.1432809054
 563368.2851163244
 563408.9446293238
 563442.7537728106
 563470.3444996916
 563492.3487628743
 563509.3985152654
 563522.1257097723
 563531.1622993019
 563537.1402367612
 563540.6914750574
 563542.4479670975
 563543.0416657886
 563543.1045240378
 563543.268494752
 563544.1655308385
 563546.4275852044
 563550.6866107564
 563557.574560402
 563567.7233870479
 563581.7650436015
 563600.3314829697
 563624.0546580595
 563653.5665217781
 563689.4990270326
 563732.48412673
 563783.1537737773
 563842.1399210817
 563910.0745215502
 563987.5895280899
 564075.3168936078
 564173.8885710111
 564283.9365132068
 564406.0926731019
 564540.9890036036
 564689.2574576188
 564851.5299880548
 565028.4385478185
 565220.615089817
 565428.6915669574
 565653.2999321468
 565895.0721382921
 566154.6401383007
 566432.6358850793
 566729.6913315352
 567046.4384305754
 567383.509135107
 567741.5353980371
 568121.1491722726
 568522.9824107208
 568947.6670662885
 569395.8350918831
 569868.1184404114
 570365.1490647807
 570887.5589178978
 571435.9799526699
 572011.0441220042
 572613.3833788076
 573243.6296759873
 573902.4149664502
 574590.3712031035
 575308.1303388542
 576056.3243266094
 576835.5851192762


