# Created by Octave 4.0.0, Wed May 11 16:23:31 2016 CEST <peter@Independence>
# name: y
# type: matrix
# rows: 100
# columns: 1
 394930.4208205218
 396576.8440795478
 398259.1833534662
 399976.8651880746
 401729.2856566798
 403515.8106586362
 405335.776252329
 407188.4890224235
 409073.2264811572
 410989.237503399
 412935.742795152
 414911.9353951265
 416916.9812089631
 418950.0195756346
 421010.1638655107
 423096.502109521
 425208.0976588052
 427343.9898741935
 429503.1948448173
 431684.706135104
 433887.495559367
 436110.513983163
 438352.6921505432
 440612.94153629
 442890.1552221903
 445183.2087963586
 447490.9612745915
 449812.2560426974
 452145.921818713
 454490.7736338927
 456845.6138313196
 459209.2330809658
 461580.4114100027
 463957.919247136
 466340.5184797206
 468726.9635223899
 471116.0023959148
 473506.3778149941
 475896.828283661
 478286.0891969799
 480672.8939476981
 483055.9750365074
 485434.0651845663
 487805.8984469292
 490170.2113255266
 492525.7438803408
 494871.2408374258
 497205.4526924219
 499527.1368082255
 501835.0585054787
 504127.9921445583
 506404.7221977565
 508664.0443103549
 510904.7663493183
 513125.7094383461
 515325.708978046
 517503.6156500107
 519658.2964036086
 521788.6354243218
 523893.5350824946
 525971.916861382
 528022.7222634242
 530044.9136936999
 532037.4753195499
 533999.4139053946
 535929.7596218101
 537827.5668279598
 539691.9148265271
 541521.9085903235
 543316.6794598004
 545075.385810727
 546797.2136913455
 548481.3774283545
 550127.1202011243
 551733.7145835866
 553300.4630532905
 554826.6984671685
 556311.7845035936
 557755.1160703693
 559156.119678332
 560514.2537803018
 561829.0090751593
 563099.908776884
 564326.5088484271
 565508.3982003528
 566645.19885422
 567736.5660707303
 568782.1884427158
 569781.7879530843
 570735.1199978912
 571641.9733747497
 572502.1702368362
 573315.5660128007
 574082.049292922
 574801.5416819057
 575473.9976187544
 576099.4041641861
 576677.7807561171
 577209.1789337617
 577693.6820309428


