# Created by Octave 4.0.0, Wed May 11 16:23:31 2016 CEST <peter@Independence>
# name: y
# type: matrix
# rows: 100
# columns: 1
 396236.0158656088
 398506.0157304213
 400776.0155952339
 403046.0154600464
 405316.0153248589
 407586.0151896714
 409856.015054484
 412126.0149192965
 414396.014784109
 416666.0146489215
 418936.014513734
 421206.0143785465
 423476.0142433591
 425746.0141081716
 428016.0139729841
 430286.0138377966
 432556.0137026092
 434826.0135674216
 437096.0134322342
 439366.0132970467
 441636.0131618592
 443906.0130266717
 446176.0128914842
 448446.0127562968
 450716.0126211093
 452986.0124859218
 455256.0123507343
 457526.0122155469
 459796.0120803594
 462066.0119451719
 464336.0118099844
 466606.0116747969
 468876.0115396095
 471146.0114044219
 473416.0112692345
 475686.011134047
 477956.0109988595
 480226.010863672
 482496.0107284845
 484766.0105932971
 487036.0104581096
 489306.0103229221
 491576.0101877346
 493846.0100525471
 496116.0099173597
 498386.0097821722
 500656.0096469847
 502926.0095117972
 505196.0093766098
 507466.0092414223
 509736.0091062348
 512006.0089710473
 514276.0088358598
 516546.0087006724
 518816.0085654848
 521086.0084302974
 523356.0082951099
 525626.0081599224
 527896.0080247349
 530166.0078895475
 532436.00775436
 534706.0076191725
 536976.007483985
 539246.0073487975
 541516.00721361
 543786.0070784226
 546056.0069432351
 548326.0068080476
 550596.0066728601
 552866.0065376726
 555136.0064024852
 557406.0062672977
 559676.0061321101
 561946.0059969227
 564216.0058617352
 566486.0057265477
 568756.0055913603
 571026.0054561727
 573296.0053209853
 575566.0051857978
 577836.0050506103
 580106.0049154229
 582376.0047802354
 584646.0046450478
 586916.0045098604
 589186.0043746729
 591456.0042394855
 593726.004104298
 595996.0039691105
 598266.003833923
 600536.0036987355
 602806.0035635481
 605076.0034283606
 607346.003293173
 609616.0031579856
 611886.0030227981
 614156.0028876106
 616426.0027524232
 618696.0026172358
 620966.0024820482


