# Created by Octave 4.0.0, Wed May 18 23:28:13 2016 CEST <peter@Independence>
# name: x
# type: matrix
# rows: 1
# columns: 100
 60 60.60606060606061 61.21212121212122 61.81818181818182 62.42424242424243 63.03030303030303 63.63636363636364 64.24242424242425 64.84848484848484 65.45454545454545 66.06060606060606 66.66666666666667 67.27272727272728 67.87878787878788 68.48484848484848 69.09090909090909 69.6969696969697 70.30303030303031 70.90909090909091 71.51515151515152 72.12121212121212 72.72727272727273 73.33333333333334 73.93939393939394 74.54545454545455 75.15151515151516 75.75757575757576 76.36363636363637 76.96969696969697 77.57575757575758 78.18181818181819 78.7878787878788 79.39393939393941 80 80.60606060606061 81.21212121212122 81.81818181818181 82.42424242424242 83.03030303030303 83.63636363636364 84.24242424242425 84.84848484848486 85.45454545454545 86.06060606060606 86.66666666666667 87.27272727272728 87.87878787878788 88.48484848484848 89.09090909090909 89.6969696969697 90.30303030303031 90.90909090909091 91.51515151515152 92.12121212121212 92.72727272727273 93.33333333333334 93.93939393939395 94.54545454545455 95.15151515151516 95.75757575757576 96.36363636363637 96.96969696969697 97.57575757575758 98.18181818181819 98.7878787878788 99.39393939393941 100 100.6060606060606 101.2121212121212 101.8181818181818 102.4242424242424 103.030303030303 103.6363636363636 104.2424242424242 104.8484848484849 105.4545454545455 106.0606060606061 106.6666666666667 107.2727272727273 107.8787878787879 108.4848484848485 109.0909090909091 109.6969696969697 110.3030303030303 110.9090909090909 111.5151515151515 112.1212121212121 112.7272727272727 113.3333333333333 113.939393939394 114.5454545454545 115.1515151515152 115.7575757575758 116.3636363636364 116.969696969697 117.5757575757576 118.1818181818182 118.7878787878788 119.3939393939394 120


# name: y
# type: matrix
# rows: 100
# columns: 1
 156380.1987912998
 155746.0257361378
 155104.9035861556
 154457.0515546238
 153802.6970741784
 153142.0756998039
 152475.4310019745
 151803.0144499807
 151125.0852854817
 150441.9103863355
 149753.7641207738
 149060.9281919997
 148363.6914733008
 147662.3498337809
 146957.2059548297
 146248.5691374585
 145536.7551006464
 144822.0857708514
 144104.8890628536
 143385.4986521114
 142664.2537388218
 141941.498803889
 141217.5833570169
 140492.8616771516
 139767.6925455139
 139042.4389714702
 138317.4679115011
 137593.1499815413
 136869.8591629686
 136147.9725025354
 135427.8698065432
 134709.9333295691
 133994.5474580655
 133282.0983891597
 132572.9738049904
 131867.5625429257
 131166.2542620158
 130469.4391060374
 129777.5073634994
 129090.8491249809
 128409.8539381808
 127734.910461065
 127066.4061134993
 126404.7267277639
 125750.2561983489
 125103.3761314321
 124464.4654944472
 123833.9002661503
 123212.0530875963
 122599.2929144394
 121995.984670971
 121402.4889063121
 120819.1614531744
 120246.3530896071
 119684.4092041428
 119133.6694647566
 118594.4674920502
 118067.130537069
 117551.9791641583
 117049.3269392612
 116559.4801240565
 116082.7373763284
 115619.3894569577
 115169.7189439141
 114733.9999536277
 114312.4978701049
 113905.4690821509
 113513.1607290508
 113135.8104550514
 112773.6461729789
 112426.8858373148
 112095.7372270445
 111780.3977385792
 111481.0541890425
 111197.8826301997
 110931.0481732941
 110680.7048250442
 110446.9953350386
 110230.0510547536
 110029.9918084033
 109846.9257758154
 109680.9493875139
 109532.1472321686
 109400.591976561
 109286.3442981948
 109189.4528306639
 109109.954121876
 109047.8726052055
 109003.2205836413
 108975.9982269661
 108966.1935819964
 108973.7825958846
 108998.7291524719
 109040.9851216605
 109100.4904217538
 109177.1730946953
 109270.9493941196
 109381.7238861059
 109509.3895625121
 109653.8279667427


# name: QUERY
# type: sq_string
# elements: 1
# length: 2
R1


# name: DATASIZE
# type: sq_string
# elements: 1
# length: 3
500


