# Created by Octave 4.0.0, Sun May 22 18:32:06 2016 CEST <peter@Independence>
# name: x
# type: matrix
# rows: 1
# columns: 100
 60 60.60606060606061 61.21212121212122 61.81818181818182 62.42424242424243 63.03030303030303 63.63636363636364 64.24242424242425 64.84848484848484 65.45454545454545 66.06060606060606 66.66666666666667 67.27272727272728 67.87878787878788 68.48484848484848 69.09090909090909 69.6969696969697 70.30303030303031 70.90909090909091 71.51515151515152 72.12121212121212 72.72727272727273 73.33333333333334 73.93939393939394 74.54545454545455 75.15151515151516 75.75757575757576 76.36363636363637 76.96969696969697 77.57575757575758 78.18181818181819 78.7878787878788 79.39393939393941 80 80.60606060606061 81.21212121212122 81.81818181818181 82.42424242424242 83.03030303030303 83.63636363636364 84.24242424242425 84.84848484848486 85.45454545454545 86.06060606060606 86.66666666666667 87.27272727272728 87.87878787878788 88.48484848484848 89.09090909090909 89.6969696969697 90.30303030303031 90.90909090909091 91.51515151515152 92.12121212121212 92.72727272727273 93.33333333333334 93.93939393939395 94.54545454545455 95.15151515151516 95.75757575757576 96.36363636363637 96.96969696969697 97.57575757575758 98.18181818181819 98.7878787878788 99.39393939393941 100 100.6060606060606 101.2121212121212 101.8181818181818 102.4242424242424 103.030303030303 103.6363636363636 104.2424242424242 104.8484848484849 105.4545454545455 106.0606060606061 106.6666666666667 107.2727272727273 107.8787878787879 108.4848484848485 109.0909090909091 109.6969696969697 110.3030303030303 110.9090909090909 111.5151515151515 112.1212121212121 112.7272727272727 113.3333333333333 113.939393939394 114.5454545454545 115.1515151515152 115.7575757575758 116.3636363636364 116.969696969697 117.5757575757576 118.1818181818182 118.7878787878788 119.3939393939394 120


# name: y
# type: matrix
# rows: 100
# columns: 1
 163168.116932149
 162294.2001720559
 161411.5800530573
 160520.5838549703
 159621.5487558217
 158714.8216336133
 157800.7588569915
 156879.726065026
 155952.097936319
 155018.2579476779
 154078.5981225953
 153133.5187697918
 152183.4282120903
 151228.7425058964
 150269.8851515738
 149307.2867950103
 148341.3849206788
 147372.6235365084
 146401.4528508848
 145428.3289421088
 144453.7134206496
 143478.0730845313
 142501.8795682023
 141525.6089852377
 140549.7415652334
 139574.7612852523
 138601.1554961873
 137629.4145444117
 136660.0313890858
 135693.501215497
 134730.321044807
 133770.9893405865
 132816.0056125163
 131865.8700176358
 130921.0829595207
 129982.1446857728
 129049.5548842027
 128123.8122780908
 127205.4142209053
 126294.8562908616
 125392.6318857026
 124499.2318180792
 123615.1439119113
 122740.852600104
 121876.8385239971
 121023.5781349187
 120181.5432982176
 119351.2009001411
 118533.0124579284
 117727.4337334809
 116934.9143509755
 116155.8974187767
 115390.819156006
 114640.1085241217
 113904.1868638586
 113183.4675378749
 112478.355579449
 111789.2473475663
 111116.5301887306
 110460.5821058329
 109821.7714344032
 109200.4565265691
 108596.9854430384
 108011.6956534197
 107444.9137451882
 106896.9551415983
 106368.1238288423
 105858.7120927432
 105369.0002652679
 104899.2564811386
 104449.7364448127
 104020.683208097
 103612.3269586499
 103224.8848196229
 102858.5606606808
 102513.5449206309
 102190.0144418855
 101888.1323169714
 101608.0477472873
 101349.8959143048
 101113.7978633948
 100899.8604004494
 100708.1760014615
 100538.8227352087
 100391.8641991769
 100267.3494688472
 100165.3130604558
 100085.7749073222
 100028.7403498277
 99994.20013911251
 99982.13045454294
 99992.49293498721
 100025.2347239205
 100080.2885283663
 100157.5726916626
 100256.9912800269
 100378.4341828755
 100521.7772268364
 100686.8823033778
 100873.5975099556


# name: QUERY
# type: sq_string
# elements: 1
# length: 2
R1


# name: DATASIZE
# type: sq_string
# elements: 1
# length: 3
500


