# Created by Octave 4.0.0, Wed May 18 23:28:13 2016 CEST <peter@Independence>
# name: x
# type: matrix
# rows: 1
# columns: 100
 60 60.60606060606061 61.21212121212122 61.81818181818182 62.42424242424243 63.03030303030303 63.63636363636364 64.24242424242425 64.84848484848484 65.45454545454545 66.06060606060606 66.66666666666667 67.27272727272728 67.87878787878788 68.48484848484848 69.09090909090909 69.6969696969697 70.30303030303031 70.90909090909091 71.51515151515152 72.12121212121212 72.72727272727273 73.33333333333334 73.93939393939394 74.54545454545455 75.15151515151516 75.75757575757576 76.36363636363637 76.96969696969697 77.57575757575758 78.18181818181819 78.7878787878788 79.39393939393941 80 80.60606060606061 81.21212121212122 81.81818181818181 82.42424242424242 83.03030303030303 83.63636363636364 84.24242424242425 84.84848484848486 85.45454545454545 86.06060606060606 86.66666666666667 87.27272727272728 87.87878787878788 88.48484848484848 89.09090909090909 89.6969696969697 90.30303030303031 90.90909090909091 91.51515151515152 92.12121212121212 92.72727272727273 93.33333333333334 93.93939393939395 94.54545454545455 95.15151515151516 95.75757575757576 96.36363636363637 96.96969696969697 97.57575757575758 98.18181818181819 98.7878787878788 99.39393939393941 100 100.6060606060606 101.2121212121212 101.8181818181818 102.4242424242424 103.030303030303 103.6363636363636 104.2424242424242 104.8484848484849 105.4545454545455 106.0606060606061 106.6666666666667 107.2727272727273 107.8787878787879 108.4848484848485 109.0909090909091 109.6969696969697 110.3030303030303 110.9090909090909 111.5151515151515 112.1212121212121 112.7272727272727 113.3333333333333 113.939393939394 114.5454545454545 115.1515151515152 115.7575757575758 116.3636363636364 116.969696969697 117.5757575757576 118.1818181818182 118.7878787878788 119.3939393939394 120


# name: y
# type: matrix
# rows: 1
# columns: 100
 157724.5846809798 157505.4798683117 157286.3750556436 157067.2702429755 156848.1654303074 156629.0606176393 156409.9558049712 156190.8509923031 155971.746179635 155752.6413669669 155533.5365542988 155314.4317416307 155095.3269289626 154876.2221162945 154657.1173036264 154438.0124909583 154218.9076782902 153999.8028656221 153780.698052954 153561.5932402859 153342.4884276178 153123.3836149497 152904.2788022816 152685.1739896135 152466.0691769454 152246.9643642773 152027.8595516092 151808.7547389411 151589.649926273 151370.545113605 151151.4403009369 150932.3354882688 150713.2306756007 150494.1258629326 150275.0210502645 150055.9162375964 149836.8114249283 149617.7066122602 149398.6017995921 149179.496986924 148960.3921742559 148741.2873615878 148522.1825489197 148303.0777362516 148083.9729235835 147864.8681109154 147645.7632982473 147426.6584855792 147207.5536729111 146988.448860243 146769.3440475749 146550.2392349068 146331.1344222387 146112.0296095706 145892.9247969025 145673.8199842344 145454.7151715663 145235.6103588982 145016.5055462302 144797.400733562 144578.295920894 144359.1911082258 144140.0862955578 143920.9814828897 143701.8766702216 143482.7718575535 143263.6670448854 143044.5622322173 142825.4574195492 142606.3526068811 142387.247794213 142168.1429815449 141949.0381688768 141729.9333562087 141510.8285435406 141291.7237308725 141072.6189182044 140853.5141055363 140634.4092928682 140415.3044802001 140196.199667532 139977.0948548639 139757.9900421958 139538.8852295277 139319.7804168596 139100.6756041916 138881.5707915234 138662.4659788554 138443.3611661872 138224.2563535192 138005.151540851 137786.046728183 137566.9419155148 137347.8371028468 137128.7322901787 136909.6274775106 136690.5226648425 136471.4178521744 136252.3130395063 136033.2082268382


# name: QUERY
# type: sq_string
# elements: 1
# length: 2
R1


# name: DATASIZE
# type: sq_string
# elements: 1
# length: 3
500


