# Created by Octave 4.0.0, Wed May 18 23:28:13 2016 CEST <peter@Independence>
# name: x
# type: matrix
# rows: 1
# columns: 100
 60 60.60606060606061 61.21212121212122 61.81818181818182 62.42424242424243 63.03030303030303 63.63636363636364 64.24242424242425 64.84848484848484 65.45454545454545 66.06060606060606 66.66666666666667 67.27272727272728 67.87878787878788 68.48484848484848 69.09090909090909 69.6969696969697 70.30303030303031 70.90909090909091 71.51515151515152 72.12121212121212 72.72727272727273 73.33333333333334 73.93939393939394 74.54545454545455 75.15151515151516 75.75757575757576 76.36363636363637 76.96969696969697 77.57575757575758 78.18181818181819 78.7878787878788 79.39393939393941 80 80.60606060606061 81.21212121212122 81.81818181818181 82.42424242424242 83.03030303030303 83.63636363636364 84.24242424242425 84.84848484848486 85.45454545454545 86.06060606060606 86.66666666666667 87.27272727272728 87.87878787878788 88.48484848484848 89.09090909090909 89.6969696969697 90.30303030303031 90.90909090909091 91.51515151515152 92.12121212121212 92.72727272727273 93.33333333333334 93.93939393939395 94.54545454545455 95.15151515151516 95.75757575757576 96.36363636363637 96.96969696969697 97.57575757575758 98.18181818181819 98.7878787878788 99.39393939393941 100 100.6060606060606 101.2121212121212 101.8181818181818 102.4242424242424 103.030303030303 103.6363636363636 104.2424242424242 104.8484848484849 105.4545454545455 106.0606060606061 106.6666666666667 107.2727272727273 107.8787878787879 108.4848484848485 109.0909090909091 109.6969696969697 110.3030303030303 110.9090909090909 111.5151515151515 112.1212121212121 112.7272727272727 113.3333333333333 113.939393939394 114.5454545454545 115.1515151515152 115.7575757575758 116.3636363636364 116.969696969697 117.5757575757576 118.1818181818182 118.7878787878788 119.3939393939394 120


# name: y
# type: matrix
# rows: 100
# columns: 1
 161492.5971673044
 161207.6940307329
 160922.7908941617
 160637.8877575902
 160352.9846210185
 160068.081484447
 159783.1783478755
 159498.275211304
 159213.3720747326
 158928.4689381613
 158643.5658015898
 158358.6626650182
 158073.7595284468
 157788.8563918754
 157503.9532553038
 157219.0501187324
 156934.146982161
 156649.2438455894
 156364.340709018
 156079.4375724466
 155794.5344358751
 155509.6312993037
 155224.7281627321
 154939.8250261608
 154654.9218895893
 154370.0187530178
 154085.1156164462
 153800.2124798749
 153515.3093433034
 153230.4062067319
 152945.5030701605
 152660.5999335889
 152375.6967970176
 152090.7936604461
 151805.8905238746
 151520.9873873031
 151236.0842507317
 150951.1811141602
 150666.2779775888
 150381.3748410173
 150096.4717044458
 149811.5685678744
 149526.6654313029
 149241.7622947314
 148956.8591581599
 148671.9560215885
 148387.052885017
 148102.1497484456
 147817.2466118741
 147532.3434753026
 147247.4403387312
 146962.5372021597
 146677.6340655882
 146392.7309290168
 146107.8277924453
 145822.9246558739
 145538.0215193024
 145253.1183827309
 144968.2152461594
 144683.312109588
 144398.4089730165
 144113.5058364451
 143828.6026998736
 143543.6995633022
 143258.7964267307
 142973.8932901592
 142688.9901535877
 142404.0870170163
 142119.1838804448
 141834.2807438734
 141549.3776073018
 141264.4744707304
 140979.571334159
 140694.6681975875
 140409.765061016
 140124.8619244446
 139839.9587878731
 139555.0556513017
 139270.1525147303
 138985.2493781587
 138700.3462415872
 138415.4431050157
 138130.5399684444
 137845.6368318728
 137560.7336953014
 137275.8305587298
 136990.9274221584
 136706.024285587
 136421.1211490154
 136136.218012444
 135851.3148758726
 135566.4117393012
 135281.5086027298
 134996.6054661582
 134711.7023295868
 134426.7991930151
 134141.8960564439
 133856.9929198723
 133572.089783301
 133287.1866467295


# name: QUERY
# type: sq_string
# elements: 1
# length: 2
R1


# name: DATASIZE
# type: sq_string
# elements: 1
# length: 3
500


