# Created by Octave 4.0.0, Sun May 22 18:32:06 2016 CEST <peter@Independence>
# name: x
# type: matrix
# rows: 1
# columns: 100
 60 60.60606060606061 61.21212121212122 61.81818181818182 62.42424242424243 63.03030303030303 63.63636363636364 64.24242424242425 64.84848484848484 65.45454545454545 66.06060606060606 66.66666666666667 67.27272727272728 67.87878787878788 68.48484848484848 69.09090909090909 69.6969696969697 70.30303030303031 70.90909090909091 71.51515151515152 72.12121212121212 72.72727272727273 73.33333333333334 73.93939393939394 74.54545454545455 75.15151515151516 75.75757575757576 76.36363636363637 76.96969696969697 77.57575757575758 78.18181818181819 78.7878787878788 79.39393939393941 80 80.60606060606061 81.21212121212122 81.81818181818181 82.42424242424242 83.03030303030303 83.63636363636364 84.24242424242425 84.84848484848486 85.45454545454545 86.06060606060606 86.66666666666667 87.27272727272728 87.87878787878788 88.48484848484848 89.09090909090909 89.6969696969697 90.30303030303031 90.90909090909091 91.51515151515152 92.12121212121212 92.72727272727273 93.33333333333334 93.93939393939395 94.54545454545455 95.15151515151516 95.75757575757576 96.36363636363637 96.96969696969697 97.57575757575758 98.18181818181819 98.7878787878788 99.39393939393941 100 100.6060606060606 101.2121212121212 101.8181818181818 102.4242424242424 103.030303030303 103.6363636363636 104.2424242424242 104.8484848484849 105.4545454545455 106.0606060606061 106.6666666666667 107.2727272727273 107.8787878787879 108.4848484848485 109.0909090909091 109.6969696969697 110.3030303030303 110.9090909090909 111.5151515151515 112.1212121212121 112.7272727272727 113.3333333333333 113.939393939394 114.5454545454545 115.1515151515152 115.7575757575758 116.3636363636364 116.969696969697 117.5757575757576 118.1818181818182 118.7878787878788 119.3939393939394 120


# name: y
# type: matrix
# rows: 1
# columns: 100
 146861.0040256011 146847.2971377822 146833.5902499633 146819.8833621443 146806.1764743254 146792.4695865065 146778.7626986876 146765.0558108686 146751.3489230497 146737.6420352308 146723.9351474118 146710.2282595929 146696.521371774 146682.814483955 146669.1075961361 146655.4007083172 146641.6938204983 146627.9869326793 146614.2800448604 146600.5731570415 146586.8662692225 146573.1593814036 146559.4524935847 146545.7456057658 146532.0387179469 146518.3318301279 146504.624942309 146490.9180544901 146477.2111666711 146463.5042788522 146449.7973910333 146436.0905032143 146422.3836153954 146408.6767275765 146394.9698397576 146381.2629519386 146367.5560641197 146353.8491763008 146340.1422884818 146326.4354006629 146312.728512844 146299.0216250251 146285.3147372062 146271.6078493872 146257.9009615683 146244.1940737494 146230.4871859304 146216.7802981115 146203.0734102926 146189.3665224737 146175.6596346547 146161.9527468358 146148.2458590169 146134.5389711979 146120.832083379 146107.1251955601 146093.4183077411 146079.7114199222 146066.0045321033 146052.2976442844 146038.5907564654 146024.8838686465 146011.1769808276 145997.4700930087 145983.7632051897 145970.0563173708 145956.3494295519 145942.642541733 145928.935653914 145915.2287660951 145901.5218782762 145887.8149904572 145874.1081026383 145860.4012148194 145846.6943270005 145832.9874391815 145819.2805513626 145805.5736635437 145791.8667757247 145778.1598879058 145764.4530000869 145750.746112268 145737.0392244491 145723.3323366301 145709.6254488112 145695.9185609923 145682.2116731733 145668.5047853544 145654.7978975355 145641.0910097165 145627.3841218976 145613.6772340787 145599.9703462598 145586.2634584408 145572.5565706219 145558.849682803 145545.142794984 145531.4359071651 145517.7290193462 145504.0221315273


# name: QUERY
# type: sq_string
# elements: 1
# length: 2
R1


# name: DATASIZE
# type: sq_string
# elements: 1
# length: 3
500


