# Created by Octave 4.0.0, Sun May 22 18:32:06 2016 CEST <peter@Independence>
# name: x
# type: matrix
# rows: 1
# columns: 100
 60 60.60606060606061 61.21212121212122 61.81818181818182 62.42424242424243 63.03030303030303 63.63636363636364 64.24242424242425 64.84848484848484 65.45454545454545 66.06060606060606 66.66666666666667 67.27272727272728 67.87878787878788 68.48484848484848 69.09090909090909 69.6969696969697 70.30303030303031 70.90909090909091 71.51515151515152 72.12121212121212 72.72727272727273 73.33333333333334 73.93939393939394 74.54545454545455 75.15151515151516 75.75757575757576 76.36363636363637 76.96969696969697 77.57575757575758 78.18181818181819 78.7878787878788 79.39393939393941 80 80.60606060606061 81.21212121212122 81.81818181818181 82.42424242424242 83.03030303030303 83.63636363636364 84.24242424242425 84.84848484848486 85.45454545454545 86.06060606060606 86.66666666666667 87.27272727272728 87.87878787878788 88.48484848484848 89.09090909090909 89.6969696969697 90.30303030303031 90.90909090909091 91.51515151515152 92.12121212121212 92.72727272727273 93.33333333333334 93.93939393939395 94.54545454545455 95.15151515151516 95.75757575757576 96.36363636363637 96.96969696969697 97.57575757575758 98.18181818181819 98.7878787878788 99.39393939393941 100 100.6060606060606 101.2121212121212 101.8181818181818 102.4242424242424 103.030303030303 103.6363636363636 104.2424242424242 104.8484848484849 105.4545454545455 106.0606060606061 106.6666666666667 107.2727272727273 107.8787878787879 108.4848484848485 109.0909090909091 109.6969696969697 110.3030303030303 110.9090909090909 111.5151515151515 112.1212121212121 112.7272727272727 113.3333333333333 113.939393939394 114.5454545454545 115.1515151515152 115.7575757575758 116.3636363636364 116.969696969697 117.5757575757576 118.1818181818182 118.7878787878788 119.3939393939394 120


# name: y
# type: matrix
# rows: 100
# columns: 1
 145195.4739296903
 145187.2356115193
 145178.9972933483
 145170.7589751774
 145162.5206570064
 145154.2823388355
 145146.0440206646
 145137.8057024936
 145129.5673843226
 145121.3290661517
 145113.0907479807
 145104.8524298098
 145096.6141116389
 145088.3757934679
 145080.137475297
 145071.899157126
 145063.6608389551
 145055.4225207842
 145047.1842026132
 145038.9458844422
 145030.7075662713
 145022.4692481004
 145014.2309299294
 145005.9926117585
 144997.7542935875
 144989.5159754166
 144981.2776572456
 144973.0393390746
 144964.8010209037
 144956.5627027327
 144948.3243845618
 144940.0860663909
 144931.84774822
 144923.609430049
 144915.371111878
 144907.1327937071
 144898.8944755362
 144890.6561573652
 144882.4178391942
 144874.1795210233
 144865.9412028524
 144857.7028846814
 144849.4645665105
 144841.2262483395
 144832.9879301686
 144824.7496119976
 144816.5112938267
 144808.2729756557
 144800.0346574848
 144791.7963393138
 144783.5580211429
 144775.3197029719
 144767.081384801
 144758.84306663
 144750.6047484591
 144742.3664302882
 144734.1281121172
 144725.8897939463
 144717.6514757753
 144709.4131576044
 144701.1748394334
 144692.9365212625
 144684.6982030915
 144676.4598849206
 144668.2215667496
 144659.9832485787
 144651.7449304077
 144643.5066122368
 144635.2682940658
 144627.0299758949
 144618.791657724
 144610.553339553
 144602.315021382
 144594.0767032111
 144585.8383850402
 144577.6000668692
 144569.3617486983
 144561.1234305273
 144552.8851123564
 144544.6467941854
 144536.4084760145
 144528.1701578435
 144519.9318396726
 144511.6935215016
 144503.4552033307
 144495.2168851598
 144486.9785669888
 144478.7402488179
 144470.5019306469
 144462.263612476
 144454.0252943051
 144445.7869761341
 144437.5486579631
 144429.3103397922
 144421.0720216212
 144412.8337034502
 144404.5953852794
 144396.3570671084
 144388.1187489375
 144379.8804307665


# name: QUERY
# type: sq_string
# elements: 1
# length: 2
R1


# name: DATASIZE
# type: sq_string
# elements: 1
# length: 3
500


