# Created by Octave 4.0.0, Wed May 18 23:28:05 2016 CEST <peter@Independence>
# name: SVs
# type: cell
# rows: 1
# columns: 7
# name: <cell-element>
# type: sparse matrix
# nnz: 63
# rows: 9
# columns: 7
1 1 0.6388508992918545
2 1 -0.4129120347277156
3 1 -0.316877491147351
4 1 2.951199133385551
5 1 0.4854330776105851
6 1 1.584949452256655
7 1 -0.6309684915111534
8 1 0.8946352124818641
9 1 0.4420328511848435
1 2 1.397851493861121
2 2 -0.6922706301588396
3 2 -0.6851371075512629
4 2 1.578421520111803
5 2 1.516626833474391
6 2 1.426254292464294
7 2 -0.7610675475766954
8 2 1.577196129725226
9 2 1.691288727504075
1 3 -0.7184186334517161
2 3 0.06553266624147684
3 3 2.301575577866379
4 3 -1.573638233117017
5 3 -0.8075040084168517
6 3 -0.3798942085842009
7 3 -0.4333454335632823
8 3 0.5822278410392631
9 3 -0.700601558458689
1 4 -0.625656136292345
2 4 -1.242000065753587
3 4 2.084444377073998
4 4 -0.5848686703721157
5 4 -0.4670382132692312
6 4 -0.8386573472090977
7 4 0.04053914040473267
8 4 -0.389995222086576
9 4 -1.319043056936242
1 5 0.8471460598768717
2 5 1.724689796011908
3 5 -1.366936156458927
4 5 0.0955650247732316
5 5 1.929392631249095
6 5 0.2092649180184796
7 5 -1.124369212969774
8 5 0.3395303586239624
9 5 0.9550372546971023
1 6 0.5095156224888631
2 6 -0.1971212886889909
3 6 -0.9731556344763526
4 6 2.621861706752194
5 6 0.03129822949254019
6 6 2.689219975036683
7 6 -0.6129303252059106
8 6 2.269266826310854
9 6 0.04879559215237814
1 7 -0.6049304658739759
2 7 1.402338807253308
3 7 1.402338807253308
4 7 -1.608565102437618
5 7 1.402338807253308
6 7 -1.608565102437618
7 7 -0.6049304658739759
8 7 -1.608565102437618
9 7 0.3987041706896661



# name: <cell-element>
# type: sparse matrix
# nnz: 238
# rows: 34
# columns: 7
1 1 -0.364630931773851
2 1 -0.4014353791075347
3 1 0.6388508992918545
4 1 3.072297637515736
5 1 -0.6776666074829241
6 1 0.4586542144968296
7 1 -0.5191040781098496
8 1 3.039450657637287
9 1 -0.2992008031806356
10 1 -0.3408861270424422
11 1 0.6388508992918545
12 1 -0.4722740465562377
13 1 0.4289732085825686
14 1 -0.6688282634995664
15 1 -0.4129120347277156
16 1 -0.3565840812815402
17 1 0.4116922673613766
18 1 -0.5090784938899214
19 1 -0.5074955069078275
20 1 2.893683939702805
21 1 2.951199133385551
22 1 0.4854330776105851
23 1 -0.5472020970420167
24 1 -0.5472020970420167
25 1 -0.2022428505273828
26 1 -0.3156902509107806
27 1 1.584949452256655
28 1 0.4289732085825686
29 1 0.006051853199809078
30 1 -0.5536659605522335
31 1 -0.6309684915111534
32 1 -0.669355925826931
33 1 0.8946352124818641
34 1 0.4420328511848435
1 2 -0.7845250206911806
2 2 -0.7395356879268321
3 2 1.397851493861121
4 2 1.628399942307218
5 2 -0.734415306668633
6 2 1.8831936148306
7 2 -0.6841743008189519
8 2 1.702929936176562
9 2 -0.7260563936744787
10 2 -0.7431243312018093
11 2 1.397851493861121
12 2 -0.6191848463879621
13 2 1.403278222715964
14 2 -0.7314393585869445
15 2 -0.6922706301588396
16 2 -0.6705637147394652
17 2 1.552425738339408
18 2 -0.6622485656876888
19 2 -0.7333212081091887
20 2 1.649056523109526
21 2 1.578421520111803
22 2 1.516626833474391
23 2 -0.6689444488714876
24 2 -0.6689444488714876
25 2 -0.4574333153597209
26 2 -0.04014412478767541
27 2 1.426254292464294
28 2 1.403278222715964
29 2 1.454350743470823
30 2 -0.1381315917715044
31 2 -0.7610675475766954
32 2 -0.364960105115491
33 2 1.577196129725226
34 2 1.691288727504075
1 3 2.32830119035592
2 3 1.624526728131349
3 3 -0.7184186334517161
4 3 -0.7362357084447432
5 3 -0.1571807711713621
6 3 -0.7985954709203381
7 3 1.223642540788239
8 3 -1.912162657984533
9 3 0.9474778783963189
10 3 2.069953602957027
11 3 -0.7184186334517161
12 3 0.5555022285497224
13 3 -1.172754045773907
14 3 -0.9500406083610685
15 3 0.06553266624147684
16 3 0.8673010409276969
17 3 -0.2284490711434705
18 3 0.4396912410950462
19 3 0.6089534535288037
20 3 -1.698357758068207
21 3 -1.573638233117017
22 3 -0.8075040084168517
23 3 -0.04136978371668582
24 3 -0.04136978371668582
25 3 1.588892578145295
26 3 -1.065851595815745
27 3 -0.3798942085842009
28 3 -1.172754045773907
29 3 -1.092577208305285
30 3 -0.3888027460807145
31 3 -0.4333454335632823
32 3 -0.4066198210737416
33 3 0.5822278410392631
34 3 -0.700601558458689
1 4 0.8517565181515142
2 4 0.3079236392151243
3 4 -0.625656136292345
4 4 -0.004780266173299826
5 4 -0.498761797873854
6 4 -1.504852623906175
7 4 1.699229421160722
8 4 -0.5350173231362799
9 4 1.404653278403511
10 4 2.29744558799075
11 4 -0.625656136292345
12 4 -0.0954190793293648
13 4 -0.9836794482588016
14 4 -0.5576770264252963
15 4 -1.242000065753587
16 4 0.05866690303594566
17 4 -0.004780266173299826
18 4 0.8789481620983337
19 4 1.132736838935316
20 4 1.001310559859022
21 4 -0.5848686703721157
22 4 -0.4670382132692312
23 4 0.9469272719653825
24 4 0.9469272719653825
25 4 0.8970759247295468
26 4 -1.527512327195192
27 4 -0.8386573472090977
28 4 -0.9836794482588016
29 4 0.9650550345965955
30 4 -1.096977964703883
31 4 0.04053914040473267
32 4 -0.2857605869571013
33 4 -0.389995222086576
34 4 -1.319043056936242
1 5 -1.415879819114166
2 5 -0.8785752148000567
3 5 0.8471460598768717
4 5 0.04242619103325761
5 5 -0.221224176368921
6 5 1.367885116830746
7 5 -0.969578156791996
8 5 -0.04244534706560772
9 5 -1.444493037281845
10 5 -1.461166153131431
11 5 0.8471460598768717
12 5 -0.5848056703792693
13 5 0.7723859597771108
14 5 1.640248531870451
15 5 1.724689796011908
16 5 -0.9165468915413741
17 5 1.151887590211581
18 5 0.3950356991296842
19 5 -0.5423161170851606
20 5 0.004777219759996692
21 5 0.0955650247732316
22 5 1.929392631249095
23 5 -0.9551639792188046
24 5 -0.9551639792188046
25 5 -0.805858915997987
26 5 -0.2057343139022079
27 5 0.2092649180184796
28 5 0.7723859597771108
29 5 -0.1871249652442818
30 5 -0.6035225875265476
31 5 -1.124369212969774
32 5 2.064068379918017
33 5 0.3395303586239624
34 5 0.9550372546971023
1 6 -0.9928072776892345
2 6 -0.8546044245000634
3 6 0.5095156224888631
4 6 2.621647923185862
5 6 -0.3189285868294229
6 6 0.2102350745129318
7 6 -0.7447032265153857
8 6 2.636760776836605
9 6 -1.003052443983482
10 6 -1.00025681273144
11 6 0.5095156224888631
12 6 -0.610101804174433
13 6 0.4659859994056008
14 6 0.4242653141913068
15 6 -0.1971212886889909
16 6 -0.884106556653963
17 6 0.1209722131242097
18 6 -0.01867779036013606
19 6 -0.602274036668716
20 6 2.476669775432919
21 6 2.621861706752194
22 6 0.03129822949254019
23 6 -0.5559981170025656
24 6 -0.5559981170025656
25 6 -0.8800940035627971
26 6 -0.1741148879736589
27 6 2.689219975036683
28 6 0.4659859994056008
29 6 -0.03176792257557873
30 6 -0.3663556487758258
31 6 -0.6129303252059106
32 6 0.5934010049398343
33 6 2.269266826310854
34 6 0.04879559215237814
1 7 1.402338807253308
2 7 1.402338807253308
3 7 -0.6049304658739759
4 7 -1.608565102437618
5 7 -0.6049304658739759
6 7 0.3987041706896661
7 7 0.3987041706896661
8 7 -1.608565102437618
9 7 1.402338807253308
10 7 1.402338807253308
11 7 -0.6049304658739759
12 7 0.3987041706896661
13 7 -0.6049304658739759
14 7 -0.6049304658739759
15 7 1.402338807253308
16 7 1.402338807253308
17 7 0.3987041706896661
18 7 -0.6049304658739759
19 7 0.3987041706896661
20 7 -1.608565102437618
21 7 -1.608565102437618
22 7 1.402338807253308
23 7 -0.6049304658739759
24 7 -0.6049304658739759
25 7 1.402338807253308
26 7 -0.6049304658739759
27 7 -1.608565102437618
28 7 -0.6049304658739759
29 7 -0.6049304658739759
30 7 -0.6049304658739759
31 7 -0.6049304658739759
32 7 -0.6049304658739759
33 7 -1.608565102437618
34 7 0.3987041706896661



