# Created by Octave 4.0.0, Sun May 22 18:32:06 2016 CEST <peter@Independence>
# name: SVs
# type: cell
# rows: 1
# columns: 7
# name: <cell-element>
# type: sparse matrix
# nnz: 77
# rows: 11
# columns: 7
1 1 0.2771383738833932
2 1 2.382774891231992
3 1 -0.6665856986082667
4 1 1.584949452256655
5 1 0.4289732085825686
6 1 0.8946352124818641
7 1 -0.06439106750337045
8 1 3.039450657637287
9 1 -0.5090784938899214
10 1 2.951199133385551
11 1 -0.4129120347277156
1 2 1.41259994244243
2 2 1.707525150126228
3 2 -0.7572600845898293
4 2 1.426254292464294
5 2 1.403278222715964
6 2 1.577196129725226
7 2 -0.4005839542109965
8 2 1.702929936176562
9 2 -0.6622485656876888
10 2 1.578421520111803
11 2 -0.6922706301588396
1 3 0.3327887911368835
2 3 -0.3977112835772281
3 3 -1.502369933144909
4 3 -0.3798942085842009
5 3 -1.172754045773907
6 3 0.5822278410392631
7 3 0.2704290286612887
8 3 -1.912162657984533
9 3 0.4396912410950462
10 3 -1.573638233117017
11 3 0.06553266624147684
1 4 -0.5304853824784768
2 4 -0.03197191012011932
3 4 -0.1044829606449713
4 4 -0.8386573472090977
5 4 -0.9836794482588016
6 4 -0.389995222086576
7 4 -0.0954190793293648
8 4 -0.5350173231362799
9 4 0.8789481620983337
10 4 -0.5848686703721157
11 4 -1.242000065753587
1 5 1.370681897553903
2 5 1.745880788414286
3 5 -0.4518510175399822
4 5 0.2092649180184796
5 5 0.7723859597771108
6 5 0.3395303586239624
7 5 -0.9581758969206655
8 5 -0.04244534706560772
9 5 0.3950356991296842
10 5 0.0955650247732316
11 5 1.724689796011908
1 6 -0.1333151165835668
2 6 0.6722378062474124
3 6 -0.354515328178943
4 6 2.689219975036683
5 6 0.4659859994056008
6 6 2.269266826310854
7 6 -0.6285365255481908
8 6 2.636760776836605
9 6 -0.01867779036013606
10 6 2.621861706752194
11 6 -0.1971212886889909
1 7 1.402338807253308
2 7 0.3987041706896661
3 7 -0.6049304658739759
4 7 -1.608565102437618
5 7 -0.6049304658739759
6 7 -1.608565102437618
7 7 0.3987041706896661
8 7 -1.608565102437618
9 7 -0.6049304658739759
10 7 -1.608565102437618
11 7 1.402338807253308



# name: <cell-element>
# type: sparse matrix
# nnz: 231
# rows: 33
# columns: 7
1 1 0.2771383738833932
2 1 -0.6793815100468592
3 1 -0.6665856986082667
4 1 -0.4403504757506769
5 1 -0.3156902509107806
6 1 1.584949452256655
7 1 0.4289732085825686
8 1 -0.7287179376554531
9 1 -0.6572196922975443
10 1 -0.6793815100468592
11 1 -0.5408701491136411
12 1 -0.7287179376554531
13 1 -0.6572196922975443
14 1 0.1106609095998491
15 1 -0.6474579392412985
16 1 0.006051853199809078
17 1 0.6388508992918545
18 1 -0.3156902509107806
19 1 0.8946352124818641
20 1 0.1809719147211875
21 1 -0.06439106750337045
22 1 -0.2992008031806356
23 1 -0.5090784938899214
24 1 -0.4767591763388372
25 1 -0.316877491147351
26 1 0.6388508992918545
27 1 -0.3455031724068828
28 1 -0.5658021940816202
29 1 -0.4671293388644325
30 1 -0.5074955069078275
31 1 2.951199133385551
32 1 -0.4819038840306424
33 1 -0.4129120347277156
1 2 1.41259994244243
2 2 -0.7394919239844544
3 2 -0.7572600845898293
4 2 -0.7569537369931849
5 2 -0.04014412478767541
6 2 1.426254292464294
7 2 1.403278222715964
8 2 -0.7069315508553928
9 2 -0.6848307599546185
10 2 -0.7394919239844544
11 2 -0.7395356879268321
12 2 -0.7069315508553928
13 2 -0.6848307599546185
14 2 1.02699584615189
15 2 -0.613101658397452
16 2 1.454350743470823
17 2 1.397851493861121
18 2 -0.04014412478767541
19 2 1.577196129725226
20 2 1.242927137843812
21 2 -0.4005839542109965
22 2 -0.7260563936744787
23 2 -0.6622485656876888
24 2 -0.7239119604979679
25 2 -0.6851371075512629
26 2 1.397851493861121
27 2 -0.7182664119312355
28 2 -0.7742404942324045
29 2 -0.7720085331711382
30 2 -0.7333212081091887
31 2 1.578421520111803
32 2 -0.7990546495606006
33 2 -0.6922706301588396
1 3 0.3327887911368835
2 3 0.3416973286333971
3 3 -1.502369933144909
4 3 1.464173053194105
5 3 -1.065851595815745
6 3 -0.3798942085842009
7 3 -1.172754045773907
8 3 -0.1304551586818214
9 3 -0.2640832211295247
10 3 0.3416973286333971
11 3 1.473081590690619
12 3 -0.1304551586818214
13 3 -0.2640832211295247
14 3 -0.2997173711155789
15 3 -0.5669734960109856
16 3 -1.092577208305285
17 3 -0.7184186334517161
18 3 -1.065851595815745
19 3 0.5822278410392631
20 3 0.2971546411508293
21 3 0.2704290286612887
22 3 0.9474778783963189
23 3 0.4396912410950462
24 3 -0.6916930209621754
25 3 2.301575577866379
26 3 -0.7184186334517161
27 3 0.3684229411229377
28 3 -0.2017234586539298
29 3 1.12564862832659
30 3 0.6089534535288037
31 3 -1.573638233117017
32 3 1.473081590690619
33 3 0.06553266624147684
1 4 -0.5304853824784768
2 4 0.6432872478925648
3 4 -0.1044829606449713
4 4 1.037566085121447
5 4 -1.527512327195192
6 4 -0.8386573472090977
7 4 -0.9836794482588016
8 4 -0.04556773209352907
9 4 0.05413496237814241
10 4 0.6432872478925648
11 4 0.7293941203908265
12 4 -0.04556773209352907
13 4 0.05413496237814241
14 4 -0.9247642197073593
15 4 0.2172848260590594
16 4 0.9650550345965955
17 4 -0.625656136292345
18 4 -1.527512327195192
19 4 -0.389995222086576
20 4 -0.7162949494484099
21 4 -0.0954190793293648
22 4 1.404653278403511
23 4 0.8789481620983337
24 4 -1.817556529294599
25 4 2.084444377073998
26 4 -0.625656136292345
27 4 -1.101509905361686
28 4 0.3804346897399764
29 4 0.0994543689561749
30 4 1.132736838935316
31 4 -0.5848686703721157
32 4 1.717357183791935
33 4 -1.242000065753587
1 5 1.370681897553903
2 5 -0.834902408123074
3 5 -0.4518510175399822
4 5 -0.2529568807278124
5 5 -0.2057343139022079
6 5 0.2092649180184796
7 5 0.7723859597771108
8 5 -0.8363007984846523
9 5 1.068522010963646
10 5 -0.834902408123074
11 5 -0.7497081645561522
12 5 -0.8363007984846523
13 5 1.068522010963646
14 5 0.9846185892689502
15 5 0.1877512201480448
16 5 -0.1871249652442818
17 5 0.8471460598768717
18 5 -0.2057343139022079
19 5 0.3395303586239624
20 5 0.5497191868181105
21 5 -0.9581758969206655
22 5 -1.444493037281845
23 5 0.3950356991296842
24 5 1.573125794514695
25 5 -1.366936156458927
26 5 0.8471460598768717
27 5 0.4011671030227581
28 5 0.4367722729983277
29 5 -0.5952398138464302
30 5 -0.5423161170851606
31 5 0.0955650247732316
32 5 -1.406844066008583
33 5 1.724689796011908
1 6 -0.1333151165835668
2 6 -0.5352117763991492
3 6 -0.354515328178943
4 6 -0.7294917035263349
5 6 -0.1741148879736589
6 6 2.689219975036683
7 6 0.4659859994056008
8 6 -0.5589581971517864
9 6 0.1996610104243268
10 6 -0.5352117763991492
11 6 -0.7166153548772247
12 6 -0.5589581971517864
13 6 0.1996610104243268
14 6 -0.01464879237925232
15 6 -0.1388899341979325
16 6 -0.03176792257557873
17 6 0.5095156224888631
18 6 -0.1741148879736589
19 6 2.269266826310854
20 6 -0.3786235365053738
21 6 -0.6285365255481908
22 6 -1.003052443983482
23 6 -0.01867779036013606
24 6 0.05328504704536287
25 6 -0.9731556344763526
26 6 0.5095156224888631
27 6 -0.5214638485949907
28 6 -0.3063811359746708
29 6 -0.7858976752587071
30 6 -0.602274036668716
31 6 2.621861706752194
32 6 -1.033459045071865
33 6 -0.1971212886889909
1 7 1.402338807253308
2 7 -0.6049304658739759
3 7 -0.6049304658739759
4 7 1.402338807253308
5 7 -0.6049304658739759
6 7 -1.608565102437618
7 7 -0.6049304658739759
8 7 -0.6049304658739759
9 7 -0.6049304658739759
10 7 -0.6049304658739759
11 7 0.3987041706896661
12 7 -0.6049304658739759
13 7 -0.6049304658739759
14 7 0.3987041706896661
15 7 -0.6049304658739759
16 7 -0.6049304658739759
17 7 -0.6049304658739759
18 7 -0.6049304658739759
19 7 -1.608565102437618
20 7 1.402338807253308
21 7 0.3987041706896661
22 7 1.402338807253308
23 7 -0.6049304658739759
24 7 0.3987041706896661
25 7 1.402338807253308
26 7 -0.6049304658739759
27 7 1.402338807253308
28 7 0.3987041706896661
29 7 1.402338807253308
30 7 0.3987041706896661
31 7 -1.608565102437618
32 7 1.402338807253308
33 7 1.402338807253308



