# Created by Octave 4.0.0, Wed May 18 23:28:13 2016 CEST <peter@Independence>
# name: x
# type: matrix
# rows: 1
# columns: 100
 60 60.60606060606061 61.21212121212122 61.81818181818182 62.42424242424243 63.03030303030303 63.63636363636364 64.24242424242425 64.84848484848484 65.45454545454545 66.06060606060606 66.66666666666667 67.27272727272728 67.87878787878788 68.48484848484848 69.09090909090909 69.6969696969697 70.30303030303031 70.90909090909091 71.51515151515152 72.12121212121212 72.72727272727273 73.33333333333334 73.93939393939394 74.54545454545455 75.15151515151516 75.75757575757576 76.36363636363637 76.96969696969697 77.57575757575758 78.18181818181819 78.7878787878788 79.39393939393941 80 80.60606060606061 81.21212121212122 81.81818181818181 82.42424242424242 83.03030303030303 83.63636363636364 84.24242424242425 84.84848484848486 85.45454545454545 86.06060606060606 86.66666666666667 87.27272727272728 87.87878787878788 88.48484848484848 89.09090909090909 89.6969696969697 90.30303030303031 90.90909090909091 91.51515151515152 92.12121212121212 92.72727272727273 93.33333333333334 93.93939393939395 94.54545454545455 95.15151515151516 95.75757575757576 96.36363636363637 96.96969696969697 97.57575757575758 98.18181818181819 98.7878787878788 99.39393939393941 100 100.6060606060606 101.2121212121212 101.8181818181818 102.4242424242424 103.030303030303 103.6363636363636 104.2424242424242 104.8484848484849 105.4545454545455 106.0606060606061 106.6666666666667 107.2727272727273 107.8787878787879 108.4848484848485 109.0909090909091 109.6969696969697 110.3030303030303 110.9090909090909 111.5151515151515 112.1212121212121 112.7272727272727 113.3333333333333 113.939393939394 114.5454545454545 115.1515151515152 115.7575757575758 116.3636363636364 116.969696969697 117.5757575757576 118.1818181818182 118.7878787878788 119.3939393939394 120


# name: y
# type: matrix
# rows: 100
# columns: 1
 132463.9618209134
 132231.9476477592
 132008.7058018808
 131794.0672283966
 131587.8628724252
 131389.923679085
 131200.0805934946
 131018.1645607725
 130844.0065260371
 130677.437434407
 130518.2882310006
 130366.3898609364
 130221.573269333
 130083.6694013088
 129952.5092019824
 129827.9236164722
 129709.7435898967
 129597.8000673745
 129491.9239940239
 129391.9463149637
 129297.6979753121
 129209.0099201878
 129125.7130947091
 129047.6384439947
 128974.616913163
 128906.4794473326
 128843.0569916218
 128784.1804911492
 128729.6808910334
 128679.3891363927
 128633.1361723458
 128590.752944011
 128552.0703965069
 128516.9194749521
 128485.1311244649
 128456.5362901639
 128430.9659171676
 128408.2509505945
 128388.222335563
 128370.7110171917
 128355.5479405992
 128342.5640509037
 128331.590293224
 128322.4576126784
 128314.9969543855
 128309.0392634638
 128304.4154850317
 128300.9565642078
 128298.4934461105
 128296.8570758584
 128295.87839857
 128295.3883593637
 128295.217903358
 128295.1979756715
 128295.1595214227
 128294.9334857299
 128294.3508137118
 128293.2424504869
 128291.4393411736
 128288.7724308904
 128285.0726647559
 128280.1709878884
 128273.8983454066
 128266.085682429
 128256.5639440739
 128245.16407546
 128231.7170217056
 128216.0537279294
 128198.0051392498
 128177.4022007853
 128154.0758576544
 128127.8570549757
 128098.5767378675
 128066.0658514484
 128030.1553408369
 127990.6761511515
 127947.4592275107
 127900.335515033
 127849.1359588369
 127793.6915040409
 127733.8330957634
 127669.391679123
 127600.1981992382
 127526.0836012275
 127446.8788302094
 127362.4148313023
 127272.5225496248
 127177.0329302953
 127075.7769184325
 126968.5854591547
 126855.2894975804
 126735.7199788282
 126609.7078480166
 126477.0840502639
 126337.6795306889
 126191.3252344099
 126037.8521065455
 125877.091092214
 125708.8731365342
 125533.0291846243


# name: QUERY
# type: sq_string
# elements: 1
# length: 2
R1


# name: DATASIZE
# type: sq_string
# elements: 1
# length: 3
500


