# Created by Octave 4.0.0, Wed May 18 23:28:13 2016 CEST <peter@Independence>
# name: x
# type: matrix
# rows: 1
# columns: 100
 60 60.60606060606061 61.21212121212122 61.81818181818182 62.42424242424243 63.03030303030303 63.63636363636364 64.24242424242425 64.84848484848484 65.45454545454545 66.06060606060606 66.66666666666667 67.27272727272728 67.87878787878788 68.48484848484848 69.09090909090909 69.6969696969697 70.30303030303031 70.90909090909091 71.51515151515152 72.12121212121212 72.72727272727273 73.33333333333334 73.93939393939394 74.54545454545455 75.15151515151516 75.75757575757576 76.36363636363637 76.96969696969697 77.57575757575758 78.18181818181819 78.7878787878788 79.39393939393941 80 80.60606060606061 81.21212121212122 81.81818181818181 82.42424242424242 83.03030303030303 83.63636363636364 84.24242424242425 84.84848484848486 85.45454545454545 86.06060606060606 86.66666666666667 87.27272727272728 87.87878787878788 88.48484848484848 89.09090909090909 89.6969696969697 90.30303030303031 90.90909090909091 91.51515151515152 92.12121212121212 92.72727272727273 93.33333333333334 93.93939393939395 94.54545454545455 95.15151515151516 95.75757575757576 96.36363636363637 96.96969696969697 97.57575757575758 98.18181818181819 98.7878787878788 99.39393939393941 100 100.6060606060606 101.2121212121212 101.8181818181818 102.4242424242424 103.030303030303 103.6363636363636 104.2424242424242 104.8484848484849 105.4545454545455 106.0606060606061 106.6666666666667 107.2727272727273 107.8787878787879 108.4848484848485 109.0909090909091 109.6969696969697 110.3030303030303 110.9090909090909 111.5151515151515 112.1212121212121 112.7272727272727 113.3333333333333 113.939393939394 114.5454545454545 115.1515151515152 115.7575757575758 116.3636363636364 116.969696969697 117.5757575757576 118.1818181818182 118.7878787878788 119.3939393939394 120


# name: y
# type: matrix
# rows: 100
# columns: 1
 124569.3836638014
 124610.9947121908
 124648.7837005577
 124683.0367944695
 124714.0237801365
 124741.9987017163
 124767.2004859707
 124789.853554276
 124810.1684219847
 124828.3422851411
 124844.559594549
 124858.9926171919
 124871.8019850062
 124883.137231007
 124893.1373127665
 124901.931123245
 124909.6379889748
 124916.3681555963
 124922.2232607476
 124927.2967943055
 124931.6745459806
 124935.435040264
 124938.6499587271
 124941.3845496739
 124943.6980251464
 124945.6439452817
 124947.2705900231
 124948.6213181827
 124949.7349138573
 124950.6459201965
 124951.3849605242
 124951.9790468119
 124952.4518755055
 124952.8241107037
 124953.1136546905
 124953.3359058187
 124953.5040037479
 124953.6290620332
 124953.7203880684
 124953.7856903805
 124953.8312732776
 124953.8622188493
 124953.8825563194
 124953.8954187522
 124953.90318711
 124953.9076216651
 124953.9099807625
 124953.911126937
 124953.9116203819
 124953.9117997704
 124953.9118504306
 124953.9118598718
 124953.9118606648
 124953.9118606735
 124953.9118606408
 124953.9118591252
 124953.9118447923
 124953.9117760567
 124953.9115480783
 124953.9109471105
 124953.909592201
 124953.9068642457
 124953.9018223947
 124953.8931078118
 124953.8788347853
 124953.8564691932
 124953.8226943196
 124953.7732640246
 124953.7028432662
 124953.604835976
 124953.4712002861
 124953.2922511097
 124953.056450074
 124952.750182806
 124952.3575235705
 124951.8599872612
 124951.2362687443
 124950.4619695549
 124949.5093119456
 124948.3468402884
 124946.9391098289
 124945.2463627933
 124943.2241918479
 124940.8231909112
 124937.9885933194
 124934.6598973432
 124930.7704790587
 124926.2471925702
 124921.0099575854
 124914.9713343441
 124908.036085899
 124900.1007277492
 124891.0530648264
 124880.7717158339
 124869.1256249382
 124855.9735608133
 124841.1636030374
 124824.5326158425
 124805.9057092168
 124785.0956873595


# name: QUERY
# type: sq_string
# elements: 1
# length: 2
R1


# name: DATASIZE
# type: sq_string
# elements: 1
# length: 3
500


