# Created by Octave 4.0.0, Sun May 22 18:32:06 2016 CEST <peter@Independence>
# name: x
# type: matrix
# rows: 1
# columns: 100
 60 60.60606060606061 61.21212121212122 61.81818181818182 62.42424242424243 63.03030303030303 63.63636363636364 64.24242424242425 64.84848484848484 65.45454545454545 66.06060606060606 66.66666666666667 67.27272727272728 67.87878787878788 68.48484848484848 69.09090909090909 69.6969696969697 70.30303030303031 70.90909090909091 71.51515151515152 72.12121212121212 72.72727272727273 73.33333333333334 73.93939393939394 74.54545454545455 75.15151515151516 75.75757575757576 76.36363636363637 76.96969696969697 77.57575757575758 78.18181818181819 78.7878787878788 79.39393939393941 80 80.60606060606061 81.21212121212122 81.81818181818181 82.42424242424242 83.03030303030303 83.63636363636364 84.24242424242425 84.84848484848486 85.45454545454545 86.06060606060606 86.66666666666667 87.27272727272728 87.87878787878788 88.48484848484848 89.09090909090909 89.6969696969697 90.30303030303031 90.90909090909091 91.51515151515152 92.12121212121212 92.72727272727273 93.33333333333334 93.93939393939395 94.54545454545455 95.15151515151516 95.75757575757576 96.36363636363637 96.96969696969697 97.57575757575758 98.18181818181819 98.7878787878788 99.39393939393941 100 100.6060606060606 101.2121212121212 101.8181818181818 102.4242424242424 103.030303030303 103.6363636363636 104.2424242424242 104.8484848484849 105.4545454545455 106.0606060606061 106.6666666666667 107.2727272727273 107.8787878787879 108.4848484848485 109.0909090909091 109.6969696969697 110.3030303030303 110.9090909090909 111.5151515151515 112.1212121212121 112.7272727272727 113.3333333333333 113.939393939394 114.5454545454545 115.1515151515152 115.7575757575758 116.3636363636364 116.969696969697 117.5757575757576 118.1818181818182 118.7878787878788 119.3939393939394 120


# name: y
# type: matrix
# rows: 100
# columns: 1
 103401.7630773205
 103859.9560819461
 104309.4033448178
 104750.1048659356
 105182.0606452996
 105605.2706829096
 106019.7349787659
 106425.4535328682
 106822.4263452167
 107210.6534158113
 107590.1347446521
 107960.870331739
 108322.860177072
 108676.1042806511
 109020.6026424764
 109356.3552625478
 109683.3621408654
 110001.6232774291
 110311.1386722389
 110611.9083252948
 110903.9322365969
 111187.2104061451
 111461.7428339395
 111727.5295199799
 111984.5704642666
 112232.8656667993
 112472.4151275782
 112703.2188466032
 112925.2768238743
 113138.5890593916
 113343.155553155
 113538.9763051645
 113726.0513154202
 113904.380583922
 114073.9641106699
 114234.801895664
 114386.8939389042
 114530.2402403905
 114664.840800123
 114790.6956181016
 114907.8046943263
 115016.1680287972
 115115.7856215142
 115206.6574724773
 115288.7835816866
 115362.163949142
 115426.7985748435
 115482.6874587912
 115529.8306009849
 115568.2280014249
 115597.8796601109
 115618.7855770431
 115630.9457522215
 115634.3601856459
 115629.0288773165
 115614.9518272332
 115592.1290353961
 115560.560501805
 115520.2462264602
 115471.1862093614
 115413.3804505088
 115346.8289499023
 115271.531707542
 115187.4887234278
 115094.6999975597
 114993.1655299377
 114882.8853205619
 114763.8593694322
 114636.0876765486
 114499.5702419112
 114354.3070655199
 114200.2981473748
 114037.5434874757
 113866.0430858229
 113685.7969424161
 113496.8050572555
 113299.067430341
 113092.5840616726
 112877.3549512504
 112653.3800990743
 112420.6595051443
 112179.1931694605
 111928.9810920228
 111670.0232728312
 111402.3197118858
 111125.8704091865
 110840.6753647333
 110546.7345785263
 110244.0480505654
 109932.6157808506
 109612.437769382
 109283.5140161595
 108945.8445211831
 108599.4292844528
 108244.2683059687
 107880.3615857308
 107507.7091237389
 107126.3109199932
 106736.1669744936
 106337.2772872402


# name: QUERY
# type: sq_string
# elements: 1
# length: 2
R1


# name: DATASIZE
# type: sq_string
# elements: 1
# length: 3
500


