# Created by Octave 4.0.0, Wed May 18 23:28:13 2016 CEST <peter@Independence>
# name: x
# type: matrix
# rows: 1
# columns: 100
 60 60.60606060606061 61.21212121212122 61.81818181818182 62.42424242424243 63.03030303030303 63.63636363636364 64.24242424242425 64.84848484848484 65.45454545454545 66.06060606060606 66.66666666666667 67.27272727272728 67.87878787878788 68.48484848484848 69.09090909090909 69.6969696969697 70.30303030303031 70.90909090909091 71.51515151515152 72.12121212121212 72.72727272727273 73.33333333333334 73.93939393939394 74.54545454545455 75.15151515151516 75.75757575757576 76.36363636363637 76.96969696969697 77.57575757575758 78.18181818181819 78.7878787878788 79.39393939393941 80 80.60606060606061 81.21212121212122 81.81818181818181 82.42424242424242 83.03030303030303 83.63636363636364 84.24242424242425 84.84848484848486 85.45454545454545 86.06060606060606 86.66666666666667 87.27272727272728 87.87878787878788 88.48484848484848 89.09090909090909 89.6969696969697 90.30303030303031 90.90909090909091 91.51515151515152 92.12121212121212 92.72727272727273 93.33333333333334 93.93939393939395 94.54545454545455 95.15151515151516 95.75757575757576 96.36363636363637 96.96969696969697 97.57575757575758 98.18181818181819 98.7878787878788 99.39393939393941 100 100.6060606060606 101.2121212121212 101.8181818181818 102.4242424242424 103.030303030303 103.6363636363636 104.2424242424242 104.8484848484849 105.4545454545455 106.0606060606061 106.6666666666667 107.2727272727273 107.8787878787879 108.4848484848485 109.0909090909091 109.6969696969697 110.3030303030303 110.9090909090909 111.5151515151515 112.1212121212121 112.7272727272727 113.3333333333333 113.939393939394 114.5454545454545 115.1515151515152 115.7575757575758 116.3636363636364 116.969696969697 117.5757575757576 118.1818181818182 118.7878787878788 119.3939393939394 120


# name: y
# type: matrix
# rows: 100
# columns: 1
 117190.684893321
 117452.9632856021
 117700.5087216527
 117933.8835439421
 118153.6391523832
 118360.3160043324
 118554.4436145898
 118736.5405553992
 118907.1144564477
 119066.6620048665
 119215.6689452301
 119354.6100795567
 119483.9492673081
 119604.1394253897
 119715.6225281506
 119818.8296073835
 119914.1807523247
 120002.0851096542
 120082.9408834954
 120157.1353354156
 120225.0447844255
 120287.0346069796
 120343.4592369758
 120394.6621657559
 120440.9759421052
 120482.7221722525
 120520.2115198703
 120553.7437060748
 120583.6075094258
 120610.0807659267
 120633.4303690244
 120653.9122696096
 120671.7714760165
 120687.2420540231
 120700.5471268508
 120711.8988751647
 120721.4985370736
 120729.5364081298
 120736.1918413293
 120741.6332471118
 120746.0180933604
 120749.4929054019
 120752.193266007
 120754.2438153896
 120755.7582512075
 120756.8393285619
 120757.5788599979
 120758.0577155041
 120758.3458225125
 120758.5021658992
 120758.5747879834
 120758.6007885282
 120758.6063247404
 120758.6066112703
 120758.6059202117
 120758.5975811023
 120758.5639809231
 120758.4765640991
 120758.2958324985
 120757.9713454335
 120757.4417196597
 120756.6346293763
 120755.4668062264
 120753.8440392963
 120751.6611751163
 120748.8021176602
 120745.1398283452
 120740.5363260324
 120734.8426870265
 120727.8990450757
 120719.5345913719
 120709.5675745505
 120697.8053006907
 120684.0441333153
 120668.0694933905
 120649.6558593264
 120628.5667669766
 120604.5548096383
 120577.3616380524
 120546.7179604032
 120512.343542319
 120473.9472068714
 120431.2268345758
 120383.869363391
 120331.5507887198
 120273.9361634082
 120210.6795977462
 120141.4242594671
 120065.8023737481
 119983.4352232097
 119893.9331479164
 119796.895545376
 119691.91087054
 119578.5566358038
 119456.399411006
 119324.9948234291
 119183.8875577991
 119032.6113562856
 118870.689018502
 118697.6324015052


# name: QUERY
# type: sq_string
# elements: 1
# length: 2
R1


# name: DATASIZE
# type: sq_string
# elements: 1
# length: 3
500


