# Created by Octave 4.0.0, Sun May 22 18:32:06 2016 CEST <peter@Independence>
# name: x
# type: matrix
# rows: 1
# columns: 100
 60 60.60606060606061 61.21212121212122 61.81818181818182 62.42424242424243 63.03030303030303 63.63636363636364 64.24242424242425 64.84848484848484 65.45454545454545 66.06060606060606 66.66666666666667 67.27272727272728 67.87878787878788 68.48484848484848 69.09090909090909 69.6969696969697 70.30303030303031 70.90909090909091 71.51515151515152 72.12121212121212 72.72727272727273 73.33333333333334 73.93939393939394 74.54545454545455 75.15151515151516 75.75757575757576 76.36363636363637 76.96969696969697 77.57575757575758 78.18181818181819 78.7878787878788 79.39393939393941 80 80.60606060606061 81.21212121212122 81.81818181818181 82.42424242424242 83.03030303030303 83.63636363636364 84.24242424242425 84.84848484848486 85.45454545454545 86.06060606060606 86.66666666666667 87.27272727272728 87.87878787878788 88.48484848484848 89.09090909090909 89.6969696969697 90.30303030303031 90.90909090909091 91.51515151515152 92.12121212121212 92.72727272727273 93.33333333333334 93.93939393939395 94.54545454545455 95.15151515151516 95.75757575757576 96.36363636363637 96.96969696969697 97.57575757575758 98.18181818181819 98.7878787878788 99.39393939393941 100 100.6060606060606 101.2121212121212 101.8181818181818 102.4242424242424 103.030303030303 103.6363636363636 104.2424242424242 104.8484848484849 105.4545454545455 106.0606060606061 106.6666666666667 107.2727272727273 107.8787878787879 108.4848484848485 109.0909090909091 109.6969696969697 110.3030303030303 110.9090909090909 111.5151515151515 112.1212121212121 112.7272727272727 113.3333333333333 113.939393939394 114.5454545454545 115.1515151515152 115.7575757575758 116.3636363636364 116.969696969697 117.5757575757576 118.1818181818182 118.7878787878788 119.3939393939394 120


# name: y
# type: matrix
# rows: 100
# columns: 1
 126651.5595581539
 126425.3910241586
 126207.773797063
 125998.5430813537
 125797.5340815178
 125604.5820020421
 125419.5220474135
 125242.1894221189
 125072.4193306452
 124910.0469774792
 124754.9075671079
 124606.8363040181
 124465.6683926968
 124331.2390376307
 124203.3834433069
 124081.9368142122
 123966.7343548334
 123857.6112696576
 123754.4027631715
 123656.944039862
 123565.0703042161
 123478.6167607206
 123397.4186138624
 123321.3110681284
 123250.1293280055
 123183.7085979806
 123121.8840825405
 123064.4909861723
 123011.3645133626
 122962.3398685985
 122917.2522563668
 122875.9368811544
 122838.2289474482
 122803.9636597351
 122772.976222502
 122745.1018402357
 122720.1757174232
 122698.0330585513
 122678.509068107
 122661.4389505771
 122646.6579104484
 122634.001152208
 122623.3038803427
 122614.4012993393
 122607.1286136847
 122601.321027866
 122596.8137463698
 122593.4419736832
 122591.040914293
 122589.4457726861
 122588.4917533493
 122588.0140607697
 122587.847899434
 122587.8284738292
 122587.7909884421
 122587.5706477596
 122587.0026562687
 122585.9222184561
 122584.1645388089
 122581.5648218138
 122577.9582719578
 122573.1800937278
 122567.0654916106
 122559.4496700932
 122550.1678336624
 122539.0551868051
 122525.9469340082
 122510.6782797585
 122493.0844285431
 122473.0005848487
 122450.2619531623
 122424.7037379707
 122396.1611437609
 122364.4693750197
 122329.463636234
 122290.9791318907
 122248.8510664766
 122202.9146444788
 122153.005070384
 122098.9575486791
 122040.6072838511
 121977.7894803868
 121910.3393427732
 121838.092075497
 121760.8828830452
 121678.5469699047
 121590.9195405624
 121497.8357995052
 121399.1309512198
 121294.6402001934
 121184.1987509126
 121067.6418078644
 120944.8045755358
 120815.5222584135
 120679.6300609845
 120536.9631877357
 120387.3568431539
 120230.6462317261
 120066.6665579391
 119895.2530262798


# name: QUERY
# type: sq_string
# elements: 1
# length: 2
R1


# name: DATASIZE
# type: sq_string
# elements: 1
# length: 3
500


