# Created by Octave 4.0.0, Sun May 22 18:32:06 2016 CEST <peter@Independence>
# name: x
# type: matrix
# rows: 1
# columns: 100
 60 60.60606060606061 61.21212121212122 61.81818181818182 62.42424242424243 63.03030303030303 63.63636363636364 64.24242424242425 64.84848484848484 65.45454545454545 66.06060606060606 66.66666666666667 67.27272727272728 67.87878787878788 68.48484848484848 69.09090909090909 69.6969696969697 70.30303030303031 70.90909090909091 71.51515151515152 72.12121212121212 72.72727272727273 73.33333333333334 73.93939393939394 74.54545454545455 75.15151515151516 75.75757575757576 76.36363636363637 76.96969696969697 77.57575757575758 78.18181818181819 78.7878787878788 79.39393939393941 80 80.60606060606061 81.21212121212122 81.81818181818181 82.42424242424242 83.03030303030303 83.63636363636364 84.24242424242425 84.84848484848486 85.45454545454545 86.06060606060606 86.66666666666667 87.27272727272728 87.87878787878788 88.48484848484848 89.09090909090909 89.6969696969697 90.30303030303031 90.90909090909091 91.51515151515152 92.12121212121212 92.72727272727273 93.33333333333334 93.93939393939395 94.54545454545455 95.15151515151516 95.75757575757576 96.36363636363637 96.96969696969697 97.57575757575758 98.18181818181819 98.7878787878788 99.39393939393941 100 100.6060606060606 101.2121212121212 101.8181818181818 102.4242424242424 103.030303030303 103.6363636363636 104.2424242424242 104.8484848484849 105.4545454545455 106.0606060606061 106.6666666666667 107.2727272727273 107.8787878787879 108.4848484848485 109.0909090909091 109.6969696969697 110.3030303030303 110.9090909090909 111.5151515151515 112.1212121212121 112.7272727272727 113.3333333333333 113.939393939394 114.5454545454545 115.1515151515152 115.7575757575758 116.3636363636364 116.969696969697 117.5757575757576 118.1818181818182 118.7878787878788 119.3939393939394 120


# name: y
# type: matrix
# rows: 100
# columns: 1
 126281.4286576985
 126285.6180553492
 126289.4226482449
 126292.8712475164
 126295.9910152219
 126298.8075285105
 126301.3448425133
 126303.6255519598
 126305.6708515219
 126307.5005948848
 126309.1333525432
 126310.586468326
 126311.876114646
 126313.0173464775
 126314.0241540599
 126314.9095143281
 126315.6854410695
 126316.363033808
 126316.9525254146
 126317.4633284438
 126317.9040801983
 126318.2826865187
 126318.6063643008
 126318.8816827398
 126319.1146033002
 126319.3105184131
 126319.4742889001
 126319.6102801235
 126319.7223968637
 126319.8141169228
 126319.8885234551
 126319.9483360239
 126319.9959403861
 126320.0334170017
 126320.0625682715
 126320.0849445007
 126320.1018685893
 126320.1144594493
 126320.1236541486
 126320.1302287811
 126320.1348180643
 126320.1379336624
 126320.1399812376
 126320.1412762265
 126320.1420583442
 126320.142504815
 126320.1427423287
 126320.1428577255
 126320.1429074055
 126320.1429254663
 126320.1429305668
 126320.1429315173
 126320.1429315972
 126320.142931598
 126320.1429315947
 126320.1429314422
 126320.1429299991
 126320.1429230788
 126320.142900126
 126320.1428396206
 126320.1427032084
 126320.142428558
 126320.1419209448
 126320.1410435611
 126320.1396065538
 126320.1373547874
 126320.1339543353
 126320.1289776964
 126320.121887739
 126320.1120203714
 126320.0985659389
 126320.0805493474
 126320.0568089144
 126320.0259739458
 126319.9864410394
 126319.9363491161
 126319.8735531763
 126319.7955967842
 126319.6996832779
 126319.5826457069
 126319.4409154957
 126319.270489834
 126319.0668977945
 126318.825165176
 126318.5397780745
 126318.2046451797
 126317.8130587993
 126317.3576546093
 126316.8303701309
 126316.222401935
 126315.5241615718
 126314.7252302284
 126313.8143121126
 126312.7791865635
 126311.6066588881
 126310.2825099258
 126308.7914443383
 126307.1170376271
 126305.2416818772
 126303.1465302275


# name: QUERY
# type: sq_string
# elements: 1
# length: 2
R1


# name: DATASIZE
# type: sq_string
# elements: 1
# length: 3
500


