# Created by Octave 4.0.0, Sun May 22 18:32:06 2016 CEST <peter@Independence>
# name: x
# type: matrix
# rows: 1
# columns: 100
 60 60.60606060606061 61.21212121212122 61.81818181818182 62.42424242424243 63.03030303030303 63.63636363636364 64.24242424242425 64.84848484848484 65.45454545454545 66.06060606060606 66.66666666666667 67.27272727272728 67.87878787878788 68.48484848484848 69.09090909090909 69.6969696969697 70.30303030303031 70.90909090909091 71.51515151515152 72.12121212121212 72.72727272727273 73.33333333333334 73.93939393939394 74.54545454545455 75.15151515151516 75.75757575757576 76.36363636363637 76.96969696969697 77.57575757575758 78.18181818181819 78.7878787878788 79.39393939393941 80 80.60606060606061 81.21212121212122 81.81818181818181 82.42424242424242 83.03030303030303 83.63636363636364 84.24242424242425 84.84848484848486 85.45454545454545 86.06060606060606 86.66666666666667 87.27272727272728 87.87878787878788 88.48484848484848 89.09090909090909 89.6969696969697 90.30303030303031 90.90909090909091 91.51515151515152 92.12121212121212 92.72727272727273 93.33333333333334 93.93939393939395 94.54545454545455 95.15151515151516 95.75757575757576 96.36363636363637 96.96969696969697 97.57575757575758 98.18181818181819 98.7878787878788 99.39393939393941 100 100.6060606060606 101.2121212121212 101.8181818181818 102.4242424242424 103.030303030303 103.6363636363636 104.2424242424242 104.8484848484849 105.4545454545455 106.0606060606061 106.6666666666667 107.2727272727273 107.8787878787879 108.4848484848485 109.0909090909091 109.6969696969697 110.3030303030303 110.9090909090909 111.5151515151515 112.1212121212121 112.7272727272727 113.3333333333333 113.939393939394 114.5454545454545 115.1515151515152 115.7575757575758 116.3636363636364 116.969696969697 117.5757575757576 118.1818181818182 118.7878787878788 119.3939393939394 120


# name: y
# type: matrix
# rows: 100
# columns: 1
 119570.6489751149
 119645.2659318673
 119715.6914325554
 119782.0854609403
 119844.6048876782
 119903.4034703198
 119958.6318533103
 120010.4375679898
 120058.9650325931
 120104.3555522497
 120146.7473189836
 120186.2754117136
 120223.0717962534
 120257.265325311
 120288.9817384893
 120318.343662286
 120345.4706100932
 120370.478982198
 120393.4820657819
 120414.5900349213
 120433.9099505872
 120451.5457606453
 120467.5982998559
 120482.1652898743
 120495.3413392501
 120507.2179434277
 120517.8834847464
 120527.42323244
 120535.919342637
 120543.4508583605
 120550.0937095286
 120555.9207129538
 120561.0015723434
 120565.4028782993
 120569.1881083182
 120572.4176267914
 120575.148685005
 120577.4354211397
 120579.328860271
 120580.8769143688
 120582.124382298
 120583.1129498181
 120583.8811895832
 120584.4645611422
 120584.8954109387
 120585.2029723108
 120585.4133654915
 120585.5495976083
 120585.6315626837
 120585.6760416346
 120585.6967022726
 120585.7040993041
 120585.7056743301
 120585.7057558465
 120585.7055592436
 120585.7031868066
 120585.6936277152
 120585.668758044
 120585.6173407622
 120585.5250257335
 120585.3743497167
 120585.1447363648
 120584.8124962259
 120584.3508267427
 120583.7298122523
 120582.9164239869
 120581.874520073
 120580.5648455322
 120578.9450322804
 120576.9695991285
 120574.5899517819
 120571.7543828406
 120568.4080717996
 120564.4930850484
 120559.9483758711
 120554.7097844467
 120548.7100378487
 120541.8787500454
 120534.1424218998
 120525.4244411695
 120515.6450825068
 120504.7215074589
 120492.5677644673
 120479.0947888685
 120464.2104028935
 120447.8193156683
 120429.8231232132
 120410.1203084433
 120388.6062411686
 120365.1731780936
 120339.7102628174
 120312.1035258341
 120282.2358845321
 120249.9871431949
 120215.2339930003
 120177.8500120211
 120137.7056652246
 120094.6683044728
 120048.6021685224
 119999.368383025


# name: QUERY
# type: sq_string
# elements: 1
# length: 2
R1


# name: DATASIZE
# type: sq_string
# elements: 1
# length: 3
500


