# Created by Octave 4.0.0, Wed May 18 23:28:13 2016 CEST <peter@Independence>
# name: x
# type: matrix
# rows: 1
# columns: 100
 60 60.60606060606061 61.21212121212122 61.81818181818182 62.42424242424243 63.03030303030303 63.63636363636364 64.24242424242425 64.84848484848484 65.45454545454545 66.06060606060606 66.66666666666667 67.27272727272728 67.87878787878788 68.48484848484848 69.09090909090909 69.6969696969697 70.30303030303031 70.90909090909091 71.51515151515152 72.12121212121212 72.72727272727273 73.33333333333334 73.93939393939394 74.54545454545455 75.15151515151516 75.75757575757576 76.36363636363637 76.96969696969697 77.57575757575758 78.18181818181819 78.7878787878788 79.39393939393941 80 80.60606060606061 81.21212121212122 81.81818181818181 82.42424242424242 83.03030303030303 83.63636363636364 84.24242424242425 84.84848484848486 85.45454545454545 86.06060606060606 86.66666666666667 87.27272727272728 87.87878787878788 88.48484848484848 89.09090909090909 89.6969696969697 90.30303030303031 90.90909090909091 91.51515151515152 92.12121212121212 92.72727272727273 93.33333333333334 93.93939393939395 94.54545454545455 95.15151515151516 95.75757575757576 96.36363636363637 96.96969696969697 97.57575757575758 98.18181818181819 98.7878787878788 99.39393939393941 100 100.6060606060606 101.2121212121212 101.8181818181818 102.4242424242424 103.030303030303 103.6363636363636 104.2424242424242 104.8484848484849 105.4545454545455 106.0606060606061 106.6666666666667 107.2727272727273 107.8787878787879 108.4848484848485 109.0909090909091 109.6969696969697 110.3030303030303 110.9090909090909 111.5151515151515 112.1212121212121 112.7272727272727 113.3333333333333 113.939393939394 114.5454545454545 115.1515151515152 115.7575757575758 116.3636363636364 116.969696969697 117.5757575757576 118.1818181818182 118.7878787878788 119.3939393939394 120


# name: y
# type: matrix
# rows: 100
# columns: 1
 76765.83253051619
 77993.87900746871
 79198.48519345044
 80379.65108846145
 81537.37669250177
 82671.66200557139
 83782.50702767026
 84869.91175879835
 85933.87619895583
 86974.40034814255
 87991.48420635849
 88985.1277736038
 89955.33104987827
 90902.09403518203
 91825.4167295152
 92725.29913287751
 93601.74124526914
 94454.74306669002
 95284.30459714023
 96090.42583661972
 96873.10678512846
 97632.34744266646
 98368.14780923376
 99080.50788483032
 99769.42766945618
 100434.9071631113
 101076.9463657957
 101695.5452775094
 102290.7038982524
 102862.4222280246
 103410.7002668261
 103935.5380146569
 104436.9354715169
 104914.8926374062
 105369.4095123249
 105800.4860962728
 106208.1223892499
 106592.3183912564
 106953.0741022921
 107290.3895223571
 107604.2646514514
 107894.6994895749
 108161.6940367277
 108405.2482929098
 108625.3622581212
 108822.0359323619
 108995.2693156318
 109145.062407931
 109271.4152092595
 109374.3277196173
 109453.7999390043
 109509.8318674207
 109542.4235048663
 109551.5748513411
 109537.2859068453
 109499.5566713787
 109438.3871449414
 109353.7773275334
 109245.7272191546
 109114.2368198052
 108959.306129485
 108780.9351481941
 108579.1238759324
 108353.8723127001
 108105.180458497
 107833.0483133231
 107537.4758771786
 107218.4631500634
 106876.0101319774
 106510.1168229207
 106120.7832228933
 105708.0093318951
 105271.7951499262
 104812.1406769867
 104329.0459130763
 103822.5108581953
 103292.5355123435
 102739.119875521
 102162.2639477278
 101561.9677289639
 100938.2312192292
 100291.0544185239
 99620.43732684775
 98926.3799442009
 98208.88227058334
 97467.94430599507
 96703.56605043607
 95915.74750390637
 95104.48866640592
 94269.78953793475
 93411.65011849283
 92530.07040808027
 91625.05040669693
 90696.59011434286
 89744.68953101808
 88769.34865672255
 87770.56749145634
 86748.34603521938
 85702.68428801166
 84633.58224983329


# name: QUERY
# type: sq_string
# elements: 1
# length: 2
R1


# name: DATASIZE
# type: sq_string
# elements: 1
# length: 3
500


