# Created by Octave 4.0.0, Wed May 11 16:46:02 2016 CEST <peter@Independence>
# name: y
# type: matrix
# rows: 100
# columns: 1
 346142.8026209088
 361662.175698976
 376464.8753071495
 390567.8434449463
 403988.022111779
 416742.35330715
 428847.7790305542
 440321.2412814664
 451179.6820593173
 461440.0433636252
 471119.2671938608
 480234.2955494791
 488802.0704299706
 496839.5338347941
 504363.6277634788
 511391.2942154359
 517939.4751901767
 524025.1126871607
 529665.1487058757
 534876.5252457912
 539676.1843063846
 544081.0678871284
 548108.1179874991
 551774.2766069818
 555096.4857450407
 558091.6874011559
 560776.8235748024
 563168.8362654583
 565284.6674725938
 567141.2591956892
 568755.5534342201
 570144.4921876612
 571325.0174554884
 572314.0712371765
 573128.5955322025
 573785.5323400415
 574301.8236601693
 574694.4114920618
 574980.2378351947
 575176.2446890435
 575299.3740530839
 575366.567926792
 575394.7683096431
 575400.9172011133
 575401.9566006779
 575414.828507813
 575456.4749219941
 575543.837842697
 575693.8592693974
 575923.4812015712
 576249.6456386937
 576689.294580241
 577259.3700256887
 577976.8139745124
 578858.5684261881
 579921.575380191
 581182.776835997
 582659.1147930829
 584367.5312509226
 586324.9682089946
 588548.3676667706
 591054.6716237288
 593860.8220793451
 596983.7610330904
 600440.4304844518
 604247.7724328977
 608422.7288779002
 612982.2418189382
 617943.2532554944
 623322.7051870285
 629137.539613038
 635404.6985329872
 642141.1239463362
 649363.7578525835
 657089.5422511972
 665335.4191416526
 674118.3305234071
 683455.2183959893
 693363.0247588037
 703858.6916114055
 714959.1609532329
 726681.3747837093
 739042.2751023859
 752058.8039086963
 765747.9032021451
 780126.5149821693
 795211.5812483099
 811020.0439999265
 827568.8452366377
 844874.9269578464
 862955.2311630356
 881826.6998516673
 901506.2750231648
 922010.8986771619
 943357.5128129916
 965563.059430137
 988644.4805282068
 1012618.718106519
 1037502.71416462
 1063313.410702055


