# Created by Octave 4.0.0, Wed May 11 16:46:33 2016 CEST <peter@Independence>
# name: y
# type: matrix
# rows: 100
# columns: 1
 22198.43328873523
 22492.48381425802
 22772.61767191924
 23039.17222997401
 23292.48485667737
 23532.89292028464
 23760.73378905088
 23976.34483123128
 24180.06341508083
 24372.22690885486
 24553.17268080834
 24723.23809919656
 24882.76053227456
 25032.07734829748
 25171.5259155205
 25301.44360219873
 25422.16777658735
 25534.03580694143
 25637.38506151617
 25732.55290856669
 25819.87671634814
 25899.69385311562
 25972.34168712431
 26038.15758662934
 26097.47891988584
 26150.64305514895
 26197.98736067382
 26239.84920471557
 26276.56595552935
 26308.47498137031
 26335.91365049357
 26359.21933115428
 26378.72939160758
 26394.7812001086
 26407.71212491249
 26417.85953427438
 26425.56079644941
 26431.15327969272
 26434.97435225946
 26437.36138240476
 26438.65173838375
 26439.18278845158
 26439.29190086339
 26439.31644387432
 26439.5937857395
 26440.46129471407
 26442.25633905318
 26445.31628701196
 26449.97850684555
 26456.58036680909
 26465.45923515772
 26476.95248014658
 26491.39747003081
 26509.13157306554
 26530.49215750592
 26555.81659160709
 26585.44224362418
 26619.70648181233
 26658.94667442668
 26703.50018972238
 26753.70439595455
 26809.89666137835
 26872.4143542489
 26941.59484282135
 27017.77549535082
 27101.2936800925
 27192.48676530147
 27291.69211923289
 27399.24711014192
 27515.48910628366
 27640.75547591329
 27775.38358728591
 27919.71080865672
 28074.07450828077
 28238.81205441326
 28414.26081530935
 28600.7581592241
 28798.64145441274
 29008.24806913032
 29229.91537163199
 29463.98073017301
 29710.78151300839
 29970.65508839335
 30243.93882458292
 30530.97008983237
 30832.08625239674
 31147.62468053114
 31477.92274249085
 31823.31780653094
 32184.14724090647
 32560.7484138729
 32953.45869368466
 33362.61544859779
 33788.55604686677
 34231.6178567469
 34692.13824649365
 35170.45458436167
 35666.90423860648
 36181.82457748279
 36715.55296924633


