# Created by Octave 4.0.0, Wed May 11 16:18:15 2016 CEST <peter@Independence>
# name: y
# type: matrix
# rows: 1
# columns: 100
 331009.9232873262 331479.7202722508 331949.5172571753 332419.3142420999 332889.1112270244 333358.908211949 333828.7051968735 334298.5021817981 334768.2991667226 335238.0961516472 335707.8931365717 336177.6901214963 336647.4871064209 337117.2840913454 337587.08107627 338056.8780611945 338526.675046119 338996.4720310436 339466.2690159681 339936.0660008927 340405.8629858172 340875.6599707418 341345.4569556664 341815.2539405909 342285.0509255155 342754.84791044 343224.6448953646 343694.4418802891 344164.2388652137 344634.0358501382 345103.8328350628 345573.6298199873 346043.4268049119 346513.2237898365 346983.020774761 347452.8177596856 347922.6147446101 348392.4117295347 348862.2087144592 349332.0056993838 349801.8026843083 350271.5996692328 350741.3966541574 351211.193639082 351680.9906240065 352150.7876089311 352620.5845938557 353090.3815787802 353560.1785637048 354029.9755486293 354499.7725335538 354969.5695184784 355439.3665034029 355909.1634883275 356378.9604732521 356848.7574581766 357318.5544431012 357788.3514280257 358258.1484129503 358727.9453978748 359197.7423827994 359667.5393677239 360137.3363526485 360607.133337573 361076.9303224976 361546.7273074221 362016.5242923467 362486.3212772713 362956.1182621958 363425.9152471204 363895.7122320449 364365.5092169695 364835.306201894 365305.1031868186 365774.9001717431 366244.6971566677 366714.4941415922 367184.2911265168 367654.0881114413 368123.8850963659 368593.6820812905 369063.479066215 369533.2760511396 370003.0730360641 370472.8700209886 370942.6670059132 371412.4639908377 371882.2609757623 372352.0579606869 372821.8549456114 373291.651930536 373761.4489154605 374231.2459003851 374701.0428853096 375170.8398702342 375640.6368551587 376110.4338400833 376580.2308250078 377050.0278099324 377519.8247948569


