# Created by Octave 4.0.0, Wed May 11 16:18:15 2016 CEST <peter@Independence>
# name: y
# type: matrix
# rows: 100
# columns: 1
 323646.6659307462
 324198.0665180534
 324769.388242031
 325360.5738359555
 325971.5514511136
 326602.2345507276
 327252.5218176961
 327922.2970764172
 328611.4292289492
 329319.7722057415
 330047.1649311592
 330793.4313039993
 331558.3801931871
 332341.8054488167
 333143.4859286836
 333963.1855404392
 334800.6532994749
 335655.6234026258
 336527.8153177633
 337416.9338893244
 338322.6694598061
 339244.6980072306
 340182.6812985684
 341136.2670590804
 342105.0891575246
 343088.767807144
 344086.9097823374
 345099.1086508884
 346124.9450216059
 347163.9868072115
 348215.7895022819
 349279.8964760369
 350355.8392797394
 351443.1379684531
 352541.3014368833
 353649.8277690019
 354768.204601141
 355895.9094982164
 357032.4103427212
 358177.1657361144
 359329.6254122039
 360489.2306621085
 361655.4147703652
 362827.6034617266
 364005.2153581808
 365187.6624457035
 366374.3505502432
 367564.6798224165
 368758.0452303833
 369953.8370603528
 371151.4414241588
 372350.2407733317
 373549.6144190822
 374748.9390575979
 375947.5893000496
 377144.9382066882
 378340.3578244108
 379533.2197271626
 380722.8955585371
 381908.7575759309
 383090.1791956038
 384266.5355379939
 385437.203972631
 386601.5646619927
 387759.0011036468
 388908.9006700214
 390050.6551451489
 391183.6612577297
 392307.3212098661
 393421.0432008211
 394524.2419451613
 395616.339184651
 396696.7641932715
 397764.9542747449
 398820.355251958
 399862.4219476838
 400890.6186560161
 401904.4196039407
 402903.3094024826
 403886.7834868794
 404854.3485452496
 405805.522935237
 406739.8370881316
 407656.8338999815
 408556.0691092318
 409437.1116604434
 410299.5440536632
 411142.9626790402
 411966.9781363005
 412771.2155387157
 413555.3148012219
 414318.9309123707
 415061.7341898106
 415783.4105190294
 416483.661575104
 417162.2050272326
 417818.7747258478
 418453.1208721341
 419065.0101697966
 419654.2259589569


