# Created by Octave 4.0.0, Wed May 11 16:18:15 2016 CEST <peter@Independence>
# name: y
# type: matrix
# rows: 100
# columns: 1
 317253.4619836554
 318080.2866110118
 318907.1112383682
 319733.9358657246
 320560.760493081
 321387.5851204374
 322214.4097477938
 323041.2343751502
 323868.0590025066
 324694.883629863
 325521.7082572195
 326348.5328845759
 327175.3575119323
 328002.1821392887
 328829.0067666451
 329655.8313940015
 330482.6560213579
 331309.4806487144
 332136.3052760707
 332963.1299034272
 333789.9545307835
 334616.77915814
 335443.6037854964
 336270.4284128528
 337097.2530402092
 337924.0776675656
 338750.902294922
 339577.7269222784
 340404.5515496348
 341231.3761769912
 342058.2008043476
 342885.025431704
 343711.8500590604
 344538.6746864169
 345365.4993137732
 346192.3239411297
 347019.1485684861
 347845.9731958425
 348672.7978231989
 349499.6224505553
 350326.4470779117
 351153.2717052681
 351980.0963326245
 352806.9209599809
 353633.7455873373
 354460.5702146937
 355287.3948420502
 356114.2194694065
 356941.044096763
 357767.8687241194
 358594.6933514758
 359421.5179788322
 360248.3426061886
 361075.167233545
 361901.9918609014
 362728.8164882578
 363555.6411156142
 364382.4657429706
 365209.290370327
 366036.1149976834
 366862.9396250398
 367689.7642523962
 368516.5888797527
 369343.413507109
 370170.2381344655
 370997.0627618219
 371823.8873891783
 372650.7120165347
 373477.5366438911
 374304.3612712475
 375131.1858986039
 375958.0105259604
 376784.8351533167
 377611.6597806732
 378438.4844080295
 379265.309035386
 380092.1336627424
 380918.9582900988
 381745.7829174552
 382572.6075448116
 383399.432172168
 384226.2567995244
 385053.0814268808
 385879.9060542372
 386706.7306815936
 387533.55530895
 388360.3799363064
 389187.2045636628
 390014.0291910192
 390840.8538183757
 391667.6784457321
 392494.5030730885
 393321.3277004449
 394148.1523278013
 394974.9769551577
 395801.8015825141
 396628.6262098705
 397455.4508372269
 398282.2754645833
 399109.1000919397


