# Created by Octave 4.0.0, Wed May 11 16:18:15 2016 CEST <peter@Independence>
# name: y
# type: matrix
# rows: 100
# columns: 1
 375789.0886602969
 376263.7895973768
 376719.5530099687
 377156.7643823379
 377575.8091987501
 377977.0729434707
 378360.9411007654
 378727.7991548997
 379078.0325901391
 379412.0268907492
 379730.1675409955
 380032.8400251435
 380320.4298274588
 380593.3224322069
 380851.9033236533
 381096.5579860637
 381327.6719037035
 381545.6305608383
 381750.8194417336
 381943.624030655
 382124.4298118679
 382293.6222696381
 382451.5868882308
 382598.7091519118
 382735.3745449466
 382861.9685516007
 382978.8766561396
 383086.4843428289
 383185.1770959342
 383275.3403997208
 383357.3597384545
 383431.6205964008
 383498.5084578251
 383558.408806993
 383611.7071281701
 383658.7889056219
 383700.039623614
 383735.8447664119
 383766.589818281
 383792.6602634871
 383814.4415862955
 383832.3192709719
 383846.6788017818
 383857.9056629906
 383866.3853388642
 383872.5033136677
 383876.6450716669
 383879.1960971274
 383880.5418743145
 383881.0678874939
 383881.1596209311
 383881.2025588917
 383881.5821856412
 383882.6839854451
 383884.893442569
 383888.5960412783
 383894.1772658387
 383902.0226005157
 383912.5175295749
 383926.0475372817
 383942.9981079017
 383963.7547257005
 383988.7028749436
 384018.2280398965
 384052.7157048248
 384092.5513539939
 384138.1204716696
 384189.8085421172
 384248.0010496024
 384313.0834783906
 384385.4413127475
 384465.4600369385
 384553.5251352292
 384650.0220918852
 384755.3363911719
 384869.8535173549
 384993.9589546998
 385128.0381874721
 385272.4766999374
 385427.659976361
 385593.9735010088
 385771.802758146
 385961.5332320384
 386163.5504069514
 386378.2397671506
 386605.9867969015
 386847.1769804697
 387102.1958021207
 387371.42874612
 387655.2612967332
 387954.0789382257
 388268.2671548633
 388598.2114309114
 388944.2972506355
 389306.9100983012
 389686.435458174
 390083.2588145194
 390497.7656516031
 390930.3414536905
 391381.3717050472


