# Created by Octave 4.0.0, Sun May 22 18:35:07 2016 CEST <peter@Independence>
# name: x
# type: matrix
# rows: 1
# columns: 100
 60 60.60606060606061 61.21212121212122 61.81818181818182 62.42424242424242 63.03030303030303 63.63636363636364 64.24242424242425 64.84848484848484 65.45454545454545 66.06060606060606 66.66666666666667 67.27272727272728 67.87878787878788 68.48484848484848 69.09090909090909 69.6969696969697 70.30303030303031 70.90909090909091 71.51515151515152 72.12121212121212 72.72727272727273 73.33333333333334 73.93939393939394 74.54545454545455 75.15151515151516 75.75757575757576 76.36363636363637 76.96969696969697 77.57575757575758 78.18181818181819 78.7878787878788 79.39393939393941 80 80.60606060606061 81.21212121212122 81.81818181818183 82.42424242424244 83.03030303030303 83.63636363636364 84.24242424242425 84.84848484848486 85.45454545454547 86.06060606060606 86.66666666666667 87.27272727272728 87.87878787878789 88.48484848484848 89.09090909090909 89.6969696969697 90.30303030303031 90.90909090909092 91.51515151515152 92.12121212121212 92.72727272727273 93.33333333333334 93.93939393939395 94.54545454545455 95.15151515151516 95.75757575757576 96.36363636363637 96.96969696969697 97.57575757575758 98.18181818181819 98.7878787878788 99.39393939393941 100 100.6060606060606 101.2121212121212 101.8181818181818 102.4242424242424 103.030303030303 103.6363636363636 104.2424242424242 104.8484848484849 105.4545454545455 106.0606060606061 106.6666666666667 107.2727272727273 107.8787878787879 108.4848484848485 109.0909090909091 109.6969696969697 110.3030303030303 110.9090909090909 111.5151515151515 112.1212121212121 112.7272727272727 113.3333333333333 113.9393939393939 114.5454545454546 115.1515151515152 115.7575757575758 116.3636363636364 116.969696969697 117.5757575757576 118.1818181818182 118.7878787878788 119.3939393939394 120


# name: y
# type: matrix
# rows: 100
# columns: 1
 675535.9546339683
 673789.8403097809
 672013.6935860338
 670208.2813205442
 668374.3983778884
 666512.8670608778
 664624.5365073615
 662710.2820529571
 660771.0045603818
 658807.6297160917
 656821.1072950064
 654812.4103941346
 652782.5346359762
 650732.4973426183
 648663.3366814981
 646576.1107838429
 644471.8968368495
 642351.7901507058
 640216.9032015966
 638068.3646518784
 635907.3183486438
 633734.9223019315
 631552.3476438728
 629360.7775700936
 627161.4062647261
 624955.4378104039
 622744.0850846453
 620528.5686440485
 618310.1155977418
 616089.9584715528
 613869.3340643735
 611649.4822982086
 609431.6450634099
 607217.0650606023
 605006.9846408135
 602802.6446453246
 600605.2832467523
 598416.1347928807
 596236.4286547439
 594067.3880804636
 591910.229056328
 589766.1591765907
 587636.3765234514
 585522.0685586599
 583424.4110281727
 581344.5668812596
 579283.6852054412
 577242.900178608
 575223.3300396419
 573226.0760788328
 571252.2216493493
 569302.8312009836
 567378.9493373609
 565481.5998977583
 563611.7850646409
 561770.4844979806
 559958.6544973778
 558177.2271929634
 556427.1097660083
 554709.1837001242
 553024.3040638842
 551373.2988256505
 549756.9682013332
 548176.0840357634
 546631.3892183034
 545123.597133266
 543653.3911456597
 542221.4241227213
 540828.3179916441
 539474.6633338514
 538161.0190161102
 536887.9118587273
 535655.8363410068
 534465.2543441007
 533316.5949313223
 532210.2541659402
 531146.5949664147
 530125.946998983
 529148.6066074496
 528214.8367799786
 527324.867152642
 526478.894049414
 525677.0805582646
 524919.5566429445
 524206.4192900134
 523537.7326906119
 522913.5284564322
 522333.8058693009
 521798.5321637407
 521307.6428418371
 520861.0420196991
 520458.602804758
 520100.1677031189
 519785.5490561386
 519514.5295053734
 519286.8624850062
 519102.2727408345
 518960.4568748727
 518861.0839145925
 518803.7959058068


# name: QUERY
# type: sq_string
# elements: 1
# length: 2
R4


# name: DATASIZE
# type: sq_string
# elements: 1
# length: 3
750


