# Created by Octave 4.0.0, Wed May 18 23:37:40 2016 CEST <peter@Independence>
# name: x
# type: matrix
# rows: 1
# columns: 100
 60 60.60606060606061 61.21212121212122 61.81818181818182 62.42424242424242 63.03030303030303 63.63636363636364 64.24242424242425 64.84848484848484 65.45454545454545 66.06060606060606 66.66666666666667 67.27272727272728 67.87878787878788 68.48484848484848 69.09090909090909 69.6969696969697 70.30303030303031 70.90909090909091 71.51515151515152 72.12121212121212 72.72727272727273 73.33333333333334 73.93939393939394 74.54545454545455 75.15151515151516 75.75757575757576 76.36363636363637 76.96969696969697 77.57575757575758 78.18181818181819 78.7878787878788 79.39393939393941 80 80.60606060606061 81.21212121212122 81.81818181818183 82.42424242424244 83.03030303030303 83.63636363636364 84.24242424242425 84.84848484848486 85.45454545454547 86.06060606060606 86.66666666666667 87.27272727272728 87.87878787878789 88.48484848484848 89.09090909090909 89.6969696969697 90.30303030303031 90.90909090909092 91.51515151515152 92.12121212121212 92.72727272727273 93.33333333333334 93.93939393939395 94.54545454545455 95.15151515151516 95.75757575757576 96.36363636363637 96.96969696969697 97.57575757575758 98.18181818181819 98.7878787878788 99.39393939393941 100 100.6060606060606 101.2121212121212 101.8181818181818 102.4242424242424 103.030303030303 103.6363636363636 104.2424242424242 104.8484848484849 105.4545454545455 106.0606060606061 106.6666666666667 107.2727272727273 107.8787878787879 108.4848484848485 109.0909090909091 109.6969696969697 110.3030303030303 110.9090909090909 111.5151515151515 112.1212121212121 112.7272727272727 113.3333333333333 113.9393939393939 114.5454545454546 115.1515151515152 115.7575757575758 116.3636363636364 116.969696969697 117.5757575757576 118.1818181818182 118.7878787878788 119.3939393939394 120


# name: y
# type: matrix
# rows: 100
# columns: 1
 670461.6842207722
 668822.2249512298
 667153.5139452877
 665456.2436380716
 663731.1323612148
 661978.9238385907
 660200.3866515143
 658396.3136739684
 656567.521478451
 654714.8497130872
 652839.1604506947
 650941.3375105326
 649022.2857535039
 647082.9303516289
 645124.2160326361
 643147.1063005665
 641152.5826333128
 639141.6436580601
 637115.30430562
 635074.5949446883
 633020.5604970817
 630954.2595350422
 628876.7633617205
 626789.1550759773
 624692.5286226653
 622587.9878295716
 620476.6454322246
 618359.6220877856
 616238.0453792561
 614113.0488112534
 611985.7707986102
 609857.3536490697
 607728.9425413496
 605601.6844998585
 603476.7273673468
 601355.2187767776
 599238.3051237041
 597127.1305404308
 595022.8358732362
 592926.5576639269
 590839.4271369796
 588762.5691935233
 586697.1014133922
 584644.1330664742
 582604.7641345556
 580580.0843448468
 578571.1722163549
 576579.0941202424
 574604.903355293
 572649.6392395727
 570714.3262193556
 568799.9729963471
 566907.5716742125
 565038.0969253836
 563192.5051790867
 561371.733831497
 559576.7004788922
 557808.3021746383
 556067.4147108073
 554354.8919251825
 552671.5650343717
 551018.241993705
 549395.7068845558
 547804.7193296778
 546246.0139371121
 544720.2997731714
 543228.2598649694
 541770.5507329137
 540347.8019535423
 538960.6157530344
 537609.5666316847
 536295.2010195835
 535018.0369637017
 533778.5638465344
 532577.2421364126
 531414.503169549
 530290.7489638363
 529206.3520643794
 528161.6554206937
 527156.9722954615
 526192.5862046968
 525268.7508891281
 524385.6903165644
 523543.5987149741
 522742.6406359663
 521982.9510483227
 521264.6354611952
 520587.7700765462
 519952.401970372
 519358.5493022184
 518806.2015524621
 518295.3197868007
 517825.8369473632
 517397.6581698237
 517010.6611258726
 516664.6963903714
 516359.5878324956
 516095.1330301408
 515871.1037068474
 515687.2461904785


# name: QUERY
# type: sq_string
# elements: 1
# length: 2
R4


# name: DATASIZE
# type: sq_string
# elements: 1
# length: 3
750


