# Created by Octave 4.0.0, Wed May 18 23:37:39 2016 CEST <peter@Independence>
# name: x
# type: matrix
# rows: 1
# columns: 100
 60 60.60606060606061 61.21212121212122 61.81818181818182 62.42424242424242 63.03030303030303 63.63636363636364 64.24242424242425 64.84848484848484 65.45454545454545 66.06060606060606 66.66666666666667 67.27272727272728 67.87878787878788 68.48484848484848 69.09090909090909 69.6969696969697 70.30303030303031 70.90909090909091 71.51515151515152 72.12121212121212 72.72727272727273 73.33333333333334 73.93939393939394 74.54545454545455 75.15151515151516 75.75757575757576 76.36363636363637 76.96969696969697 77.57575757575758 78.18181818181819 78.7878787878788 79.39393939393941 80 80.60606060606061 81.21212121212122 81.81818181818183 82.42424242424244 83.03030303030303 83.63636363636364 84.24242424242425 84.84848484848486 85.45454545454547 86.06060606060606 86.66666666666667 87.27272727272728 87.87878787878789 88.48484848484848 89.09090909090909 89.6969696969697 90.30303030303031 90.90909090909092 91.51515151515152 92.12121212121212 92.72727272727273 93.33333333333334 93.93939393939395 94.54545454545455 95.15151515151516 95.75757575757576 96.36363636363637 96.96969696969697 97.57575757575758 98.18181818181819 98.7878787878788 99.39393939393941 100 100.6060606060606 101.2121212121212 101.8181818181818 102.4242424242424 103.030303030303 103.6363636363636 104.2424242424242 104.8484848484849 105.4545454545455 106.0606060606061 106.6666666666667 107.2727272727273 107.8787878787879 108.4848484848485 109.0909090909091 109.6969696969697 110.3030303030303 110.9090909090909 111.5151515151515 112.1212121212121 112.7272727272727 113.3333333333333 113.9393939393939 114.5454545454546 115.1515151515152 115.7575757575758 116.3636363636364 116.969696969697 117.5757575757576 118.1818181818182 118.7878787878788 119.3939393939394 120


# name: y
# type: matrix
# rows: 100
# columns: 1
 638427.2573491624
 637769.7694691154
 637112.2815890684
 636454.7937090214
 635797.3058289745
 635139.8179489275
 634482.3300688806
 633824.8421888335
 633167.3543087866
 632509.8664287396
 631852.3785486927
 631194.8906686456
 630537.4027885987
 629879.9149085517
 629222.4270285048
 628564.9391484577
 627907.4512684108
 627249.9633883638
 626592.4755083169
 625934.9876282699
 625277.4997482229
 624620.0118681759
 623962.523988129
 623305.036108082
 622647.548228035
 621990.060347988
 621332.5724679411
 620675.0845878941
 620017.5967078471
 619360.1088278001
 618702.6209477532
 618045.1330677063
 617387.6451876592
 616730.1573076122
 616072.6694275653
 615415.1815475184
 614757.6936674713
 614100.2057874243
 613442.7179073774
 612785.2300273305
 612127.7421472834
 611470.2542672365
 610812.7663871895
 610155.2785071426
 609497.7906270955
 608840.3027470486
 608182.8148670016
 607525.3269869547
 606867.8391069077
 606210.3512268607
 605552.8633468137
 604895.3754667668
 604237.8875867198
 603580.3997066728
 602922.9118266258
 602265.4239465789
 601607.9360665319
 600950.4481864849
 600292.9603064379
 599635.472426391
 598977.984546344
 598320.496666297
 597663.00878625
 597005.5209062031
 596348.0330261561
 595690.5451461091
 595033.0572660621
 594375.5693860152
 593718.0815059682
 593060.5936259213
 592403.1057458742
 591745.6178658273
 591088.1299857803
 590430.6421057334
 589773.1542256863
 589115.6663456394
 588458.1784655924
 587800.6905855455
 587143.2027054984
 586485.7148254515
 585828.2269454045
 585170.7390653576
 584513.2511853107
 583855.7633052636
 583198.2754252166
 582540.7875451697
 581883.2996651226
 581225.8117850757
 580568.3239050288
 579910.8360249818
 579253.3481449347
 578595.8602648878
 577938.3723848409
 577280.8845047939
 576623.396624747
 575965.9087446999
 575308.420864653
 574650.932984606
 573993.4451045591
 573335.957224512


# name: QUERY
# type: sq_string
# elements: 1
# length: 2
R4


# name: DATASIZE
# type: sq_string
# elements: 1
# length: 3
750


