# Created by Octave 4.0.0, Sun May 22 18:35:07 2016 CEST <peter@Independence>
# name: x
# type: matrix
# rows: 1
# columns: 100
 60 60.60606060606061 61.21212121212122 61.81818181818182 62.42424242424242 63.03030303030303 63.63636363636364 64.24242424242425 64.84848484848484 65.45454545454545 66.06060606060606 66.66666666666667 67.27272727272728 67.87878787878788 68.48484848484848 69.09090909090909 69.6969696969697 70.30303030303031 70.90909090909091 71.51515151515152 72.12121212121212 72.72727272727273 73.33333333333334 73.93939393939394 74.54545454545455 75.15151515151516 75.75757575757576 76.36363636363637 76.96969696969697 77.57575757575758 78.18181818181819 78.7878787878788 79.39393939393941 80 80.60606060606061 81.21212121212122 81.81818181818183 82.42424242424244 83.03030303030303 83.63636363636364 84.24242424242425 84.84848484848486 85.45454545454547 86.06060606060606 86.66666666666667 87.27272727272728 87.87878787878789 88.48484848484848 89.09090909090909 89.6969696969697 90.30303030303031 90.90909090909092 91.51515151515152 92.12121212121212 92.72727272727273 93.33333333333334 93.93939393939395 94.54545454545455 95.15151515151516 95.75757575757576 96.36363636363637 96.96969696969697 97.57575757575758 98.18181818181819 98.7878787878788 99.39393939393941 100 100.6060606060606 101.2121212121212 101.8181818181818 102.4242424242424 103.030303030303 103.6363636363636 104.2424242424242 104.8484848484849 105.4545454545455 106.0606060606061 106.6666666666667 107.2727272727273 107.8787878787879 108.4848484848485 109.0909090909091 109.6969696969697 110.3030303030303 110.9090909090909 111.5151515151515 112.1212121212121 112.7272727272727 113.3333333333333 113.9393939393939 114.5454545454546 115.1515151515152 115.7575757575758 116.3636363636364 116.969696969697 117.5757575757576 118.1818181818182 118.7878787878788 119.3939393939394 120


# name: y
# type: matrix
# rows: 100
# columns: 1
 639168.1151964697
 638511.6723516715
 637855.2295068733
 637198.7866620752
 636542.343817277
 635885.9009724788
 635229.4581276806
 634573.0152828825
 633916.5724380843
 633260.1295932861
 632603.6867484879
 631947.2439036898
 631290.8010588916
 630634.3582140934
 629977.9153692952
 629321.472524497
 628665.0296796989
 628008.5868349007
 627352.1439901025
 626695.7011453043
 626039.258300506
 625382.815455708
 624726.3726109097
 624069.9297661115
 623413.4869213133
 622757.0440765152
 622100.601231717
 621444.1583869188
 620787.7155421206
 620131.2726973224
 619474.8298525243
 618818.3870077261
 618161.9441629279
 617505.5013181297
 616849.0584733316
 616192.6156285334
 615536.1727837352
 614879.729938937
 614223.2870941388
 613566.8442493407
 612910.4014045425
 612253.9585597443
 611597.5157149461
 610941.0728701479
 610284.6300253498
 609628.1871805516
 608971.7443357534
 608315.3014909552
 607658.8586461571
 607002.4158013589
 606345.9729565607
 605689.5301117625
 605033.0872669643
 604376.6444221662
 603720.201577368
 603063.7587325698
 602407.3158877715
 601750.8730429735
 601094.4301981753
 600437.987353377
 599781.5445085788
 599125.1016637806
 598468.6588189825
 597812.2159741843
 597155.7731293861
 596499.3302845879
 595842.8874397898
 595186.4445949916
 594530.0017501934
 593873.5589053952
 593217.1160605971
 592560.6732157989
 591904.2303710007
 591247.7875262025
 590591.3446814043
 589934.9018366062
 589278.458991808
 588622.0161470098
 587965.5733022116
 587309.1304574134
 586652.6876126153
 585996.2447678171
 585339.8019230189
 584683.3590782207
 584026.9162334225
 583370.4733886244
 582714.0305438262
 582057.587699028
 581401.1448542299
 580744.7020094317
 580088.2591646335
 579431.8163198353
 578775.373475037
 578118.9306302388
 577462.4877854408
 576806.0449406425
 576149.6020958443
 575493.1592510461
 574836.716406248
 574180.2735614498


# name: QUERY
# type: sq_string
# elements: 1
# length: 2
R4


# name: DATASIZE
# type: sq_string
# elements: 1
# length: 3
750


