# Created by Octave 4.0.0, Wed May 18 23:37:39 2016 CEST <peter@Independence>
# name: x
# type: matrix
# rows: 1
# columns: 100
 60 60.60606060606061 61.21212121212122 61.81818181818182 62.42424242424242 63.03030303030303 63.63636363636364 64.24242424242425 64.84848484848484 65.45454545454545 66.06060606060606 66.66666666666667 67.27272727272728 67.87878787878788 68.48484848484848 69.09090909090909 69.6969696969697 70.30303030303031 70.90909090909091 71.51515151515152 72.12121212121212 72.72727272727273 73.33333333333334 73.93939393939394 74.54545454545455 75.15151515151516 75.75757575757576 76.36363636363637 76.96969696969697 77.57575757575758 78.18181818181819 78.7878787878788 79.39393939393941 80 80.60606060606061 81.21212121212122 81.81818181818183 82.42424242424244 83.03030303030303 83.63636363636364 84.24242424242425 84.84848484848486 85.45454545454547 86.06060606060606 86.66666666666667 87.27272727272728 87.87878787878789 88.48484848484848 89.09090909090909 89.6969696969697 90.30303030303031 90.90909090909092 91.51515151515152 92.12121212121212 92.72727272727273 93.33333333333334 93.93939393939395 94.54545454545455 95.15151515151516 95.75757575757576 96.36363636363637 96.96969696969697 97.57575757575758 98.18181818181819 98.7878787878788 99.39393939393941 100 100.6060606060606 101.2121212121212 101.8181818181818 102.4242424242424 103.030303030303 103.6363636363636 104.2424242424242 104.8484848484849 105.4545454545455 106.0606060606061 106.6666666666667 107.2727272727273 107.8787878787879 108.4848484848485 109.0909090909091 109.6969696969697 110.3030303030303 110.9090909090909 111.5151515151515 112.1212121212121 112.7272727272727 113.3333333333333 113.9393939393939 114.5454545454546 115.1515151515152 115.7575757575758 116.3636363636364 116.969696969697 117.5757575757576 118.1818181818182 118.7878787878788 119.3939393939394 120


# name: y
# type: matrix
# rows: 1
# columns: 100
 608322.3288455422 608305.0836459629 608287.8384463837 608270.5932468044 608253.3480472252 608236.102847646 608218.8576480667 608201.6124484875 608184.3672489083 608167.1220493291 608149.8768497498 608132.6316501707 608115.3864505914 608098.1412510122 608080.8960514329 608063.6508518538 608046.4056522745 608029.1604526953 608011.9152531161 607994.6700535368 607977.4248539576 607960.1796543783 607942.9344547992 607925.6892552199 607908.4440556407 607891.1988560614 607873.9536564823 607856.708456903 607839.4632573238 607822.2180577446 607804.9728581654 607787.7276585861 607770.4824590069 607753.2372594277 607735.9920598485 607718.7468602692 607701.5016606899 607684.2564611108 607667.0112615315 607649.7660619523 607632.5208623731 607615.2756627939 607598.0304632146 607580.7852636355 607563.5400640562 607546.294864477 607529.0496648977 607511.8044653186 607494.5592657393 607477.3140661601 607460.0688665808 607442.8236670016 607425.5784674224 607408.3332678431 607391.088068264 607373.8428686847 607356.5976691055 607339.3524695262 607322.1072699471 607304.8620703678 607287.6168707886 607270.3716712093 607253.1264716302 607235.8812720509 607218.6360724717 607201.3908728925 607184.1456733132 607166.900473734 607149.6552741547 607132.4100745756 607115.1648749963 607097.9196754171 607080.6744758378 607063.4292762587 607046.1840766794 607028.9388771002 607011.693677521 606994.4484779418 606977.2032783625 606959.9580787834 606942.7128792041 606925.4676796249 606908.2224800456 606890.9772804664 606873.7320808872 606856.4868813079 606839.2416817287 606821.9964821495 606804.7512825703 606787.506082991 606770.2608834119 606753.0156838326 606735.7704842534 606718.5252846741 606701.280085095 606684.0348855157 606666.7896859365 606649.5444863572 606632.299286778 606615.0540871988


# name: QUERY
# type: sq_string
# elements: 1
# length: 2
R4


# name: DATASIZE
# type: sq_string
# elements: 1
# length: 3
750


