# Created by Octave 4.0.0, Sun May 22 18:35:07 2016 CEST <peter@Independence>
# name: x
# type: matrix
# rows: 1
# columns: 100
 60 60.60606060606061 61.21212121212122 61.81818181818182 62.42424242424242 63.03030303030303 63.63636363636364 64.24242424242425 64.84848484848484 65.45454545454545 66.06060606060606 66.66666666666667 67.27272727272728 67.87878787878788 68.48484848484848 69.09090909090909 69.6969696969697 70.30303030303031 70.90909090909091 71.51515151515152 72.12121212121212 72.72727272727273 73.33333333333334 73.93939393939394 74.54545454545455 75.15151515151516 75.75757575757576 76.36363636363637 76.96969696969697 77.57575757575758 78.18181818181819 78.7878787878788 79.39393939393941 80 80.60606060606061 81.21212121212122 81.81818181818183 82.42424242424244 83.03030303030303 83.63636363636364 84.24242424242425 84.84848484848486 85.45454545454547 86.06060606060606 86.66666666666667 87.27272727272728 87.87878787878789 88.48484848484848 89.09090909090909 89.6969696969697 90.30303030303031 90.90909090909092 91.51515151515152 92.12121212121212 92.72727272727273 93.33333333333334 93.93939393939395 94.54545454545455 95.15151515151516 95.75757575757576 96.36363636363637 96.96969696969697 97.57575757575758 98.18181818181819 98.7878787878788 99.39393939393941 100 100.6060606060606 101.2121212121212 101.8181818181818 102.4242424242424 103.030303030303 103.6363636363636 104.2424242424242 104.8484848484849 105.4545454545455 106.0606060606061 106.6666666666667 107.2727272727273 107.8787878787879 108.4848484848485 109.0909090909091 109.6969696969697 110.3030303030303 110.9090909090909 111.5151515151515 112.1212121212121 112.7272727272727 113.3333333333333 113.9393939393939 114.5454545454546 115.1515151515152 115.7575757575758 116.3636363636364 116.969696969697 117.5757575757576 118.1818181818182 118.7878787878788 119.3939393939394 120


# name: y
# type: matrix
# rows: 1
# columns: 100
 606929.373029215 606941.3875764663 606953.4021237177 606965.416670969 606977.4312182204 606989.4457654717 607001.4603127231 607013.4748599743 607025.4894072257 607037.503954477 607049.5185017284 607061.5330489797 607073.5475962311 607085.5621434824 607097.5766907338 607109.5912379851 607121.6057852363 607133.6203324877 607145.634879739 607157.6494269904 607169.6639742417 607181.6785214931 607193.6930687444 607205.7076159958 607217.7221632471 607229.7367104985 607241.7512577497 607253.7658050011 607265.7803522524 607277.7948995038 607289.8094467551 607301.8239940065 607313.8385412578 607325.8530885092 607337.8676357605 607349.8821830119 607361.8967302631 607373.9112775145 607385.9258247658 607397.9403720171 607409.9549192685 607421.9694665198 607433.9840137712 607445.9985610225 607458.0131082739 607470.0276555251 607482.0422027765 607494.0567500278 607506.0712972792 607518.0858445305 607530.1003917819 607542.1149390332 607554.1294862846 607566.1440335358 607578.1585807872 607590.1731280385 607602.1876752899 607614.2022225412 607626.2167697926 607638.2313170439 607650.2458642953 607662.2604115466 607674.274958798 607686.2895060492 607698.3040533005 607710.3186005519 607722.3331478032 607734.3476950546 607746.3622423059 607758.3767895573 607770.3913368086 607782.40588406 607794.4204313112 607806.4349785626 607818.4495258139 607830.4640730653 607842.4786203166 607854.493167568 607866.5077148193 607878.5222620707 607890.536809322 607902.5513565734 607914.5659038246 607926.580451076 607938.5949983273 607950.6095455787 607962.62409283 607974.6386400813 607986.6531873327 607998.667734584 608010.6822818354 608022.6968290866 608034.711376338 608046.7259235893 608058.7404708407 608070.755018092 608082.7695653434 608094.7841125947 608106.7986598461 608118.8132070974


# name: QUERY
# type: sq_string
# elements: 1
# length: 2
R4


# name: DATASIZE
# type: sq_string
# elements: 1
# length: 3
750


