# Created by Octave 4.0.0, Sun May 22 18:35:07 2016 CEST <peter@Independence>
# name: SVs
# type: cell
# rows: 1
# columns: 7
# name: <cell-element>
# type: sparse matrix
# nnz: 56
# rows: 8
# columns: 7
1 1 -1.098344475776165
2 1 -0.4343623309036383
3 1 1.313717539653915
4 1 -0.1007085318942384
5 1 -0.5385598628201951
6 1 1.068742491211798
7 1 0.215209517001705
8 1 1.589730150794582
1 2 1.370303019554089
2 2 -0.9838583324113908
3 2 0.702054856259951
4 2 1.919452862483045
5 2 0.2933205427887791
6 2 -0.7294420760670899
7 2 -0.105218583725062
8 2 -0.6789295588694053
1 3 0.1989849299923704
2 3 0.557338562431318
3 3 -0.9036416313582374
4 3 0.281681922093666
5 3 -0.2880084679374814
6 3 -0.2696313585816379
7 3 -0.196122921158264
8 3 0.9524464135819524
1 4 0.03381900712670662
2 4 0.02057275726663692
3 4 -0.1026749588227072
4 4 -0.3048242501655101
5 4 -0.2812113699801684
6 4 -0.337075988955245
7 4 -0.232833761795566
8 4 -0.1850320775179232
1 5 1.551256708333897
2 5 0.9683254649476286
3 5 0.5520656546559976
4 5 0.3745061379923642
5 5 -0.7670675469724105
6 5 3.552151450359463
7 5 0.2111848844574185
8 5 0.8376684621196719
1 6 -0.8928074896527441
2 6 0.1230694835861997
3 6 -0.8376856955837771
4 6 -0.8878578586671066
5 6 1.467709295666342
6 6 -0.5969328615173172
7 6 -0.8656242753039117
8 6 -0.8033066321714878
1 7 1.411437727560426
2 7 -0.4011454594119104
3 7 1.411437727560426
4 7 0.505146134074258
5 7 -1.307437052898079
6 7 1.411437727560426
7 7 0.505146134074258
8 7 1.411437727560426



# name: <cell-element>
# type: sparse matrix
# nnz: 161
# rows: 23
# columns: 7
1 1 1.727182214173869
2 1 -0.03863340649714074
3 1 1.69614465147532
4 1 -1.098344475776165
5 1 -0.7779924893518574
6 1 -0.9298548496983284
7 1 0.4978730344349175
8 1 -0.4343623309036383
9 1 1.313717539653915
10 1 1.075393397504344
11 1 -0.5385598628201951
12 1 0.5034154563453727
13 1 1.068742491211798
14 1 -2.118150107299912
15 1 -0.462074440455914
16 1 0.215209517001705
17 1 1.014426756489337
18 1 0.5377784721901946
19 1 1.603031963379674
20 1 -1.352187399275011
21 1 0.3238409864466259
22 1 0.849262583557774
23 1 1.589730150794582
1 2 -0.4152449507457128
2 2 0.01758707735187743
3 2 0.410101775209114
4 2 1.370303019554089
5 2 1.673841540329166
6 2 -0.892565067384383
7 2 1.26927798515872
8 2 -0.9838583324113908
9 2 0.702054856259951
10 2 -0.355000664179667
11 2 0.2933205427887791
12 2 0.02222125324157326
13 2 -0.7294420760670899
14 2 -0.005120384507632122
15 2 -1.152078917207349
16 2 -0.105218583725062
17 2 1.748451772153269
18 2 0.8012262202994418
19 2 -1.734131408953145
20 2 0.6547862621850536
21 2 -1.050127047634041
22 2 1.473645141894306
23 2 -0.6789295588694053
1 3 -1.02309284217122
2 3 -1.261995263797185
3 3 -2.061399520776376
4 3 0.1989849299923704
5 3 0.1162879378910748
6 3 1.953998873475421
7 3 0.5940927811430049
8 3 0.557338562431318
9 3 -0.9036416313582374
10 3 -0.949584404747846
11 3 -0.2880084679374814
12 3 0.3460018048391181
13 3 -0.2696313585816379
14 3 0.5481500077533962
15 3 -0.2788199132595596
16 3 -0.196122921158264
17 3 -0.3982711240725422
18 3 -0.03991749163359461
19 3 -2.180850731589358
20 3 1.908056100085813
21 3 -0.5360994442413681
22 3 -1.675480224303663
23 3 0.9524464135819524
1 4 -0.347442619280517
2 4 -0.3077038697003078
3 4 -0.2650855005853009
4 4 0.03381900712670662
5 4 -0.2754521309105729
6 4 -0.4873921286716881
7 4 -0.144141480123795
8 4 0.02057275726663692
9 4 -0.1026749588227072
10 4 -0.1355026215194017
11 4 -0.2812113699801684
12 4 0.05109672433549318
13 4 -0.337075988955245
14 4 -0.2593262615157054
15 4 -0.4073387056043103
16 4 -0.232833761795566
17 4 -0.2938816959332786
18 4 -0.2524151746321908
19 4 -0.6348286488533335
20 4 2.796525988811678
21 4 -0.3094316414211865
22 4 -0.2144041967728604
23 4 -0.1850320775179232
1 5 -0.2645406130187313
2 5 -0.001551517582972441
3 5 -0.6774502437506711
4 5 1.551256708333897
5 5 -0.4429376745722874
6 5 -0.1221579817318555
7 5 0.2639502125225548
8 5 0.9683254649476286
9 5 0.5520656546559976
10 5 -0.0275154091705792
11 5 -0.7670675469724105
12 5 1.990130230653443
13 5 3.552151450359463
14 5 -0.05682948031787716
15 5 -0.3147933064140992
16 5 0.2111848844574185
17 5 0.6768598432544946
18 5 -0.04426630696903518
19 5 0.6760222983645718
20 5 -0.8106198812483961
21 5 -0.5317174329041041
22 5 -1.04513245042678
23 5 0.8376684621196719
1 6 -0.8521072107648213
2 6 -0.9118705262600789
3 6 -0.8859396281847211
4 6 -0.8928074896527441
5 6 1.536855044194616
6 6 1.542182357865904
7 6 -0.873605306792801
8 6 0.1230694835861997
9 6 -0.8376856955837771
10 6 0.1112321130964522
11 6 1.467709295666342
12 6 0.2268427709778485
13 6 -0.5969328615173172
14 6 1.509791098062305
15 6 1.615343469683731
16 6 -0.8656242753039117
17 6 1.877663972904475
18 6 -0.901951386252717
19 6 -0.769692873148544
20 6 1.414784024584978
21 6 -0.9195335091715779
22 6 -0.9589715327679826
23 6 -0.8033066321714878
1 7 0.505146134074258
2 7 0.505146134074258
3 7 0.505146134074258
4 7 1.411437727560426
5 7 -1.307437052898079
6 7 -1.307437052898079
7 7 1.411437727560426
8 7 -0.4011454594119104
9 7 1.411437727560426
10 7 -0.4011454594119104
11 7 -1.307437052898079
12 7 -0.4011454594119104
13 7 1.411437727560426
14 7 -1.307437052898079
15 7 -1.307437052898079
16 7 0.505146134074258
17 7 -1.307437052898079
18 7 1.411437727560426
19 7 1.411437727560426
20 7 -1.307437052898079
21 7 1.411437727560426
22 7 0.505146134074258
23 7 1.411437727560426



# name: <cell-element>
# type: sparse matrix
# nnz: 91
# rows: 13
# columns: 7
1 1 -0.03863340649714074
2 1 -0.3434666115721738
3 1 1.075393397504344
4 1 -0.5385598628201951
5 1 0.5034154563453727
6 1 1.068742491211798
7 1 0.5555142223036511
8 1 -2.396379687204761
9 1 -0.462074440455914
10 1 0.215209517001705
11 1 1.014426756489337
12 1 0.5222596908409202
13 1 1.589730150794582
1 2 0.01758707735187743
2 2 -0.7831985163875614
3 2 -0.355000664179667
4 2 0.2933205427887791
5 2 0.02222125324157326
6 2 -0.7294420760670899
7 2 0.4119554455649923
8 2 -1.426422129877342
9 2 -1.152078917207349
10 2 -0.105218583725062
11 2 1.748451772153269
12 2 -0.2159753874887922
13 2 -0.6789295588694053
1 3 -1.261995263797185
2 3 -1.252806709119263
3 3 -0.949584404747846
4 3 -0.2880084679374814
5 3 0.3460018048391181
6 3 -0.2696313585816379
7 3 -1.02309284217122
8 3 0.419510242262492
9 3 -0.2788199132595596
10 3 -0.196122921158264
11 3 -0.3982711240725422
12 3 -2.107342294165984
13 3 0.9524464135819524
1 4 -0.3077038697003078
2 4 -0.5973935949009626
3 4 -0.1355026215194017
4 4 -0.2812113699801684
5 4 0.05109672433549318
6 4 -0.337075988955245
7 4 -0.3232538151882157
8 4 -0.5040939219735151
9 4 -0.4073387056043103
10 4 -0.232833761795566
11 4 -0.2938816959332786
12 4 2.979669791224816
13 4 -0.1850320775179232
1 5 -0.001551517582972441
2 5 1.000989715654618
3 5 -0.0275154091705792
4 5 -0.7670675469724105
5 5 1.990130230653443
6 5 3.552151450359463
7 5 -1.023356283288787
8 5 -0.694201141549127
9 5 -0.3147933064140992
10 5 0.2111848844574185
11 5 0.6768598432544946
12 5 -0.9262010760577424
13 5 0.8376684621196719
1 6 -0.9118705262600789
2 6 0.178529204268644
3 6 0.1112321130964522
4 6 1.467709295666342
5 6 0.2268427709778485
6 6 -0.5969328615173172
7 6 -0.95386287749365
8 6 1.427426455536245
9 6 1.615343469683731
10 6 -0.8656242753039117
11 6 1.877663972904475
12 6 0.1257530184579309
13 6 -0.8033066321714878
1 7 0.505146134074258
2 7 -0.4011454594119104
3 7 -0.4011454594119104
4 7 -1.307437052898079
5 7 -0.4011454594119104
6 7 1.411437727560426
7 7 0.505146134074258
8 7 -1.307437052898079
9 7 -1.307437052898079
10 7 0.505146134074258
11 7 -1.307437052898079
12 7 -0.4011454594119104
13 7 1.411437727560426



