# Created by Octave 4.0.0, Sun May 22 18:34:59 2016 CEST <peter@Independence>
# name: mu
# type: matrix
# rows: 1
# columns: 8
 607501.3442622951 43893.85245901639 87283.04918032787 3225.344262295082 5636.278688524591 30262.85245901639 423674.5409836065 88.85245901639344


# name: sigma
# type: matrix
# rows: 1
# columns: 8
 125022.6425068522 902.1326923105709 2157.880977766765 108.8310441687637 1736.340492061274 1193.965854286539 100613.5611816442 22.06795268073424


