# Created by Octave 4.0.0, Wed May 18 23:37:40 2016 CEST <peter@Independence>
# name: x
# type: matrix
# rows: 1
# columns: 100
 60 60.60606060606061 61.21212121212122 61.81818181818182 62.42424242424242 63.03030303030303 63.63636363636364 64.24242424242425 64.84848484848484 65.45454545454545 66.06060606060606 66.66666666666667 67.27272727272728 67.87878787878788 68.48484848484848 69.09090909090909 69.6969696969697 70.30303030303031 70.90909090909091 71.51515151515152 72.12121212121212 72.72727272727273 73.33333333333334 73.93939393939394 74.54545454545455 75.15151515151516 75.75757575757576 76.36363636363637 76.96969696969697 77.57575757575758 78.18181818181819 78.7878787878788 79.39393939393941 80 80.60606060606061 81.21212121212122 81.81818181818183 82.42424242424244 83.03030303030303 83.63636363636364 84.24242424242425 84.84848484848486 85.45454545454547 86.06060606060606 86.66666666666667 87.27272727272728 87.87878787878789 88.48484848484848 89.09090909090909 89.6969696969697 90.30303030303031 90.90909090909092 91.51515151515152 92.12121212121212 92.72727272727273 93.33333333333334 93.93939393939395 94.54545454545455 95.15151515151516 95.75757575757576 96.36363636363637 96.96969696969697 97.57575757575758 98.18181818181819 98.7878787878788 99.39393939393941 100 100.6060606060606 101.2121212121212 101.8181818181818 102.4242424242424 103.030303030303 103.6363636363636 104.2424242424242 104.8484848484849 105.4545454545455 106.0606060606061 106.6666666666667 107.2727272727273 107.8787878787879 108.4848484848485 109.0909090909091 109.6969696969697 110.3030303030303 110.9090909090909 111.5151515151515 112.1212121212121 112.7272727272727 113.3333333333333 113.9393939393939 114.5454545454546 115.1515151515152 115.7575757575758 116.3636363636364 116.969696969697 117.5757575757576 118.1818181818182 118.7878787878788 119.3939393939394 120


# name: y
# type: matrix
# rows: 100
# columns: 1
 571664.947718677
 571666.8705081489
 571668.5977196966
 571670.1456025622
 571671.5293717103
 571672.763252679
 571673.8605254389
 571674.8335672554
 571675.6938945586
 571676.4522038172
 571677.1184114196
 571677.7016925588
 571678.2105191255
 571678.6526966034
 571679.0353999741
 571679.3652086238
 571679.6481402587
 571679.8896838243
 571680.0948314308
 571680.2681092845
 571680.4136076238
 571680.5350096626
 571680.6356195374
 571680.7183892616
 571680.7859446841
 571680.8406104546
 571680.8844339945
 571680.9192084727
 571680.9464947872
 571680.9676425533
 571680.9838100959
 571680.995983449
 571681.00499436
 571681.011537299
 571681.0161854755
 571681.0194058594
 571681.0215732073
 571681.0229830964
 571681.0238639617
 571681.0243881402
 571681.0246819207
 571681.0248345986
 571681.0249065371
 571681.0249362335
 571681.0249463911
 571681.0249489972
 571681.0249494066
 571681.0249494303
 571681.0249494304
 571681.0249494202
 571681.0249491706
 571681.0249473214
 571681.0249394983
 571681.0249154359
 571681.024855107
 571681.0247238554
 571681.0244665368
 571681.0240006639
 571681.0232085572
 571681.0219285021
 571681.0199449112
 571681.0169774924
 571681.0126694218
 571681.0065745243
 571680.9981434575
 571680.9867089026
 571680.9714697609
 571680.9514743548
 571680.9256026366
 571680.8925474006
 571680.850794502
 571680.7986020817
 571680.7339787964
 571680.6546610539
 571680.5580892545
 571680.4413830386
 571680.3013155386
 571680.1342866372
 571679.9362952318
 571679.7029105038
 571679.429242194
 571679.109909883
 571678.7390112777
 571678.3100895041
 571677.8160994042
 571677.2493728403
 571676.6015830028
 571675.8637077265
 571675.0259918091
 571674.077908339
 571673.0081190254
 571671.8044335365
 571670.453767842
 571668.9421015616
 571667.2544343194
 571665.3747411035
 571663.2859266315
 571660.9697787219
 571658.4069206702
 571655.5767626319


# name: QUERY
# type: sq_string
# elements: 1
# length: 2
R4


# name: DATASIZE
# type: sq_string
# elements: 1
# length: 3
750


