# Created by Octave 4.0.0, Sun May 22 18:35:07 2016 CEST <peter@Independence>
# name: x
# type: matrix
# rows: 1
# columns: 100
 60 60.60606060606061 61.21212121212122 61.81818181818182 62.42424242424242 63.03030303030303 63.63636363636364 64.24242424242425 64.84848484848484 65.45454545454545 66.06060606060606 66.66666666666667 67.27272727272728 67.87878787878788 68.48484848484848 69.09090909090909 69.6969696969697 70.30303030303031 70.90909090909091 71.51515151515152 72.12121212121212 72.72727272727273 73.33333333333334 73.93939393939394 74.54545454545455 75.15151515151516 75.75757575757576 76.36363636363637 76.96969696969697 77.57575757575758 78.18181818181819 78.7878787878788 79.39393939393941 80 80.60606060606061 81.21212121212122 81.81818181818183 82.42424242424244 83.03030303030303 83.63636363636364 84.24242424242425 84.84848484848486 85.45454545454547 86.06060606060606 86.66666666666667 87.27272727272728 87.87878787878789 88.48484848484848 89.09090909090909 89.6969696969697 90.30303030303031 90.90909090909092 91.51515151515152 92.12121212121212 92.72727272727273 93.33333333333334 93.93939393939395 94.54545454545455 95.15151515151516 95.75757575757576 96.36363636363637 96.96969696969697 97.57575757575758 98.18181818181819 98.7878787878788 99.39393939393941 100 100.6060606060606 101.2121212121212 101.8181818181818 102.4242424242424 103.030303030303 103.6363636363636 104.2424242424242 104.8484848484849 105.4545454545455 106.0606060606061 106.6666666666667 107.2727272727273 107.8787878787879 108.4848484848485 109.0909090909091 109.6969696969697 110.3030303030303 110.9090909090909 111.5151515151515 112.1212121212121 112.7272727272727 113.3333333333333 113.9393939393939 114.5454545454546 115.1515151515152 115.7575757575758 116.3636363636364 116.969696969697 117.5757575757576 118.1818181818182 118.7878787878788 119.3939393939394 120


# name: y
# type: matrix
# rows: 100
# columns: 1
 568847.6557802946
 568861.581112825
 568874.0900200683
 568885.3001831876
 568895.3217928406
 568904.2578740105
 568912.2046036348
 568919.2516210331
 568925.4823311324
 568930.9742004931
 568935.7990461313
 568940.0233171412
 568943.7083691158
 568946.9107313657
 568949.6823669368
 568952.0709254275
 568954.1199886024
 568955.8693088066
 568957.3550401779
 568958.6099626573
 568959.6636987985
 568960.5429233757
 568961.2715657902
 568961.8710052756
 568962.3602589017
 568962.7561623766
 568963.0735436479
 568963.3253893018
 568963.5230037619
 568963.6761612856
 568963.7932507592
 568963.8814132927
 568963.9466726112
 568963.994058247
 568964.027721529
 568964.0510443711
 568964.0667408591
 568964.0769516361
 568964.0833310873
 568964.0871273217
 568964.0892549549
 568964.0903606876
 568964.0908816848
 568964.0910967534
 568964.0911703171
 568964.0911891913
 568964.0911921562
 568964.0911923277
 568964.0911923281
 568964.091192255
 568964.0911904479
 568964.091177055
 568964.0911203976
 568964.0909461323
 568964.0905092144
 568964.0895586569
 568964.0876950903
 568964.0843211195
 568964.0785844803
 568964.0693139946
 568964.0549483229
 568964.0334575168
 568964.0022573695
 568963.9581165649
 568963.8970566255
 568963.8142446582
 568963.7038789005
 568963.5590670626
 568963.3716974705
 568963.1323030066
 568962.8299178489
 568962.451927009
 568961.983908669
 568961.4094693159
 568960.7100716764
 568959.8648554484
 568958.8504508322
 568957.6407848606
 568956.2068805263
 568954.516648709
 568952.5346729009
 568950.2219867307
 568947.5358442856
 568944.4294832333
 568940.851880741
 568936.7475021945
 568932.0560427145
 568926.7121614726
 568920.6452088056
 568913.7789461274
 568906.0312586415
 568897.3138608503
 568887.531994864
 568876.5841215074
 568864.3616042258
 568850.7483857898
 568835.6206577977
 568818.8465229775
 568800.2856502865
 568779.7889228107


# name: QUERY
# type: sq_string
# elements: 1
# length: 2
R4


# name: DATASIZE
# type: sq_string
# elements: 1
# length: 3
750


