# Created by Octave 4.0.0, Sun May 22 18:35:07 2016 CEST <peter@Independence>
# name: x
# type: matrix
# rows: 1
# columns: 100
 60 60.60606060606061 61.21212121212122 61.81818181818182 62.42424242424242 63.03030303030303 63.63636363636364 64.24242424242425 64.84848484848484 65.45454545454545 66.06060606060606 66.66666666666667 67.27272727272728 67.87878787878788 68.48484848484848 69.09090909090909 69.6969696969697 70.30303030303031 70.90909090909091 71.51515151515152 72.12121212121212 72.72727272727273 73.33333333333334 73.93939393939394 74.54545454545455 75.15151515151516 75.75757575757576 76.36363636363637 76.96969696969697 77.57575757575758 78.18181818181819 78.7878787878788 79.39393939393941 80 80.60606060606061 81.21212121212122 81.81818181818183 82.42424242424244 83.03030303030303 83.63636363636364 84.24242424242425 84.84848484848486 85.45454545454547 86.06060606060606 86.66666666666667 87.27272727272728 87.87878787878789 88.48484848484848 89.09090909090909 89.6969696969697 90.30303030303031 90.90909090909092 91.51515151515152 92.12121212121212 92.72727272727273 93.33333333333334 93.93939393939395 94.54545454545455 95.15151515151516 95.75757575757576 96.36363636363637 96.96969696969697 97.57575757575758 98.18181818181819 98.7878787878788 99.39393939393941 100 100.6060606060606 101.2121212121212 101.8181818181818 102.4242424242424 103.030303030303 103.6363636363636 104.2424242424242 104.8484848484849 105.4545454545455 106.0606060606061 106.6666666666667 107.2727272727273 107.8787878787879 108.4848484848485 109.0909090909091 109.6969696969697 110.3030303030303 110.9090909090909 111.5151515151515 112.1212121212121 112.7272727272727 113.3333333333333 113.9393939393939 114.5454545454546 115.1515151515152 115.7575757575758 116.3636363636364 116.969696969697 117.5757575757576 118.1818181818182 118.7878787878788 119.3939393939394 120


# name: y
# type: matrix
# rows: 100
# columns: 1
 531967.2901172624
 532255.1344880902
 532536.8683641832
 532812.4917455415
 533082.0046321648
 533345.4070240534
 533602.6989212071
 533853.880323626
 534098.9512313101
 534337.9116442595
 534570.761562474
 534797.5009859536
 535018.1299146984
 535232.6483487084
 535441.0562879837
 535643.3537325241
 535839.5406823296
 536029.6171374004
 536213.5830977364
 536391.4385633374
 536563.1835342038
 536728.8180103352
 536888.3419917319
 537041.7554783938
 537189.0584703208
 537330.250967513
 537465.3329699704
 537594.3044776929
 537717.1654906807
 537833.9160089337
 537944.5560324518
 538049.0855612351
 538147.5045952837
 538239.8131345973
 538326.0111791762
 538406.0987290202
 538480.0757841294
 538547.9423445038
 538609.6984101434
 538665.3439810482
 538714.8790572181
 538758.3036386532
 538795.6177253536
 538826.8213173191
 538851.9144145497
 538870.8970170456
 538883.7691248066
 538890.5307378329
 538891.1818561243
 538885.7224796809
 538874.1526085027
 538856.4722425897
 538832.6813819418
 538802.7800265591
 538766.7681764417
 538724.6458315894
 538676.4129920022
 538622.0696576802
 538561.6158286235
 538495.051504832
 538422.3766863055
 538343.5913730443
 538258.6955650483
 538167.6892623175
 538070.5724648518
 537967.3451726513
 537858.0073857161
 537742.5591040459
 537621.0003276409
 537493.3310565013
 537359.5512906266
 537219.6610300173
 537073.660274673
 536921.549024594
 536763.3272797802
 536598.9950402316
 536428.5523059481
 536251.9990769298
 536069.3353531767
 535880.5611346888
 535685.6764214661
 535484.6812135085
 535277.5755108161
 535064.3593133888
 534845.0326212269
 534619.5954343301
 534388.0477526984
 534150.3895763319
 533906.6209052306
 533656.7417393946
 533400.7520788236
 533138.6519235179
 532870.4412734774
 532596.120128702
 532315.6884891918
 532029.1463549468
 531736.493725967
 531437.7306022523
 531132.8569838029
 530821.8728706187


# name: QUERY
# type: sq_string
# elements: 1
# length: 2
R4


# name: DATASIZE
# type: sq_string
# elements: 1
# length: 3
750


