# Created by Octave 4.0.0, Wed May 18 23:37:39 2016 CEST <peter@Independence>
# name: x
# type: matrix
# rows: 1
# columns: 100
 60 60.60606060606061 61.21212121212122 61.81818181818182 62.42424242424242 63.03030303030303 63.63636363636364 64.24242424242425 64.84848484848484 65.45454545454545 66.06060606060606 66.66666666666667 67.27272727272728 67.87878787878788 68.48484848484848 69.09090909090909 69.6969696969697 70.30303030303031 70.90909090909091 71.51515151515152 72.12121212121212 72.72727272727273 73.33333333333334 73.93939393939394 74.54545454545455 75.15151515151516 75.75757575757576 76.36363636363637 76.96969696969697 77.57575757575758 78.18181818181819 78.7878787878788 79.39393939393941 80 80.60606060606061 81.21212121212122 81.81818181818183 82.42424242424244 83.03030303030303 83.63636363636364 84.24242424242425 84.84848484848486 85.45454545454547 86.06060606060606 86.66666666666667 87.27272727272728 87.87878787878789 88.48484848484848 89.09090909090909 89.6969696969697 90.30303030303031 90.90909090909092 91.51515151515152 92.12121212121212 92.72727272727273 93.33333333333334 93.93939393939395 94.54545454545455 95.15151515151516 95.75757575757576 96.36363636363637 96.96969696969697 97.57575757575758 98.18181818181819 98.7878787878788 99.39393939393941 100 100.6060606060606 101.2121212121212 101.8181818181818 102.4242424242424 103.030303030303 103.6363636363636 104.2424242424242 104.8484848484849 105.4545454545455 106.0606060606061 106.6666666666667 107.2727272727273 107.8787878787879 108.4848484848485 109.0909090909091 109.6969696969697 110.3030303030303 110.9090909090909 111.5151515151515 112.1212121212121 112.7272727272727 113.3333333333333 113.9393939393939 114.5454545454546 115.1515151515152 115.7575757575758 116.3636363636364 116.969696969697 117.5757575757576 118.1818181818182 118.7878787878788 119.3939393939394 120


# name: y
# type: matrix
# rows: 100
# columns: 1
 512252.7205780622
 513230.0794604233
 514186.6905119774
 515122.5537327244
 516037.6691226644
 516932.0366817973
 517805.6564101232
 518658.528307642
 519490.6523743539
 520302.0286102587
 521092.6570153564
 521862.5375896471
 522611.6703331308
 523340.0552458074
 524047.692327677
 524734.5815787396
 525400.7229989951
 526046.1165884435
 526670.7623470849
 527274.6602749194
 527857.8103719467
 528420.212638167
 528961.8670735803
 529482.7736781866
 529982.9324519858
 530462.3433949779
 530921.0065071631
 531358.9217885411
 531776.0892391121
 532172.5088588761
 532548.180647833
 532903.104605983
 533237.2807333259
 533550.7090298617
 533843.3894955906
 534115.3221305123
 534366.5069346271
 534596.9439079347
 534806.6330504353
 534995.574362129
 535163.7678430155
 535311.2134930951
 535437.9113123675
 535543.8613008331
 535629.0634584915
 535693.5177853429
 535737.2242813872
 535760.1829466245
 535762.3937810548
 535743.8567846779
 535704.5719574941
 535644.5392995032
 535563.7588107054
 535462.2304911005
 535339.9543406884
 535196.9303594694
 535033.1585474433
 534848.6389046103
 534643.3714309701
 534417.356126523
 534170.5929912687
 533903.0820252075
 533614.8232283392
 533305.8166006639
 532976.0621421816
 532625.5598528921
 532254.3097327957
 531862.3117818922
 531449.5660001817
 531016.0723876641
 530561.8309443395
 530086.8416702078
 529591.1045652692
 529074.6196295235
 528537.3868629707
 527979.4062656109
 527400.677837444
 526801.2015784702
 526180.9774886892
 525540.0055681013
 524878.2858167064
 524195.8182345043
 523492.6028214952
 522768.6395776791
 522023.9285030559
 521258.4695976258
 520472.2628613886
 519665.3082943442
 518837.605896493
 517989.1556678346
 517119.9576083692
 516230.0117180968
 515319.3179970174
 514387.8764451309
 513435.6870624373
 512462.7498489367
 511469.0648046291
 510454.6319295144
 509419.4512235927
 508363.5226868641


# name: QUERY
# type: sq_string
# elements: 1
# length: 2
R4


# name: DATASIZE
# type: sq_string
# elements: 1
# length: 3
750


