# Created by Octave 4.0.0, Sun May 22 18:35:07 2016 CEST <peter@Independence>
# name: x
# type: matrix
# rows: 1
# columns: 100
 60 60.60606060606061 61.21212121212122 61.81818181818182 62.42424242424242 63.03030303030303 63.63636363636364 64.24242424242425 64.84848484848484 65.45454545454545 66.06060606060606 66.66666666666667 67.27272727272728 67.87878787878788 68.48484848484848 69.09090909090909 69.6969696969697 70.30303030303031 70.90909090909091 71.51515151515152 72.12121212121212 72.72727272727273 73.33333333333334 73.93939393939394 74.54545454545455 75.15151515151516 75.75757575757576 76.36363636363637 76.96969696969697 77.57575757575758 78.18181818181819 78.7878787878788 79.39393939393941 80 80.60606060606061 81.21212121212122 81.81818181818183 82.42424242424244 83.03030303030303 83.63636363636364 84.24242424242425 84.84848484848486 85.45454545454547 86.06060606060606 86.66666666666667 87.27272727272728 87.87878787878789 88.48484848484848 89.09090909090909 89.6969696969697 90.30303030303031 90.90909090909092 91.51515151515152 92.12121212121212 92.72727272727273 93.33333333333334 93.93939393939395 94.54545454545455 95.15151515151516 95.75757575757576 96.36363636363637 96.96969696969697 97.57575757575758 98.18181818181819 98.7878787878788 99.39393939393941 100 100.6060606060606 101.2121212121212 101.8181818181818 102.4242424242424 103.030303030303 103.6363636363636 104.2424242424242 104.8484848484849 105.4545454545455 106.0606060606061 106.6666666666667 107.2727272727273 107.8787878787879 108.4848484848485 109.0909090909091 109.6969696969697 110.3030303030303 110.9090909090909 111.5151515151515 112.1212121212121 112.7272727272727 113.3333333333333 113.9393939393939 114.5454545454546 115.1515151515152 115.7575757575758 116.3636363636364 116.969696969697 117.5757575757576 118.1818181818182 118.7878787878788 119.3939393939394 120


# name: y
# type: matrix
# rows: 100
# columns: 1
 574951.7132064204
 574447.5154498861
 573964.4963732908
 573502.2015624674
 573060.1766032492
 572637.9670814695
 572235.1185829613
 571851.1766935579
 571485.6869990923
 571138.195085398
 570808.246538308
 570495.3869436553
 570199.1618872734
 569919.1169549953
 569654.7977326543
 569405.7498060834
 569171.518761116
 568951.650183585
 568745.6896593238
 568553.1827741655
 568373.6751139433
 568206.7122644904
 568051.8398116399
 567908.6033412251
 567776.5484390791
 567655.220691035
 567544.1656829262
 567442.9290005857
 567351.0562298467
 567268.0929565424
 567193.584766506
 567127.0772455707
 567068.1159795696
 567016.246554336
 566971.014555703
 566931.9655695037
 566898.6451815715
 566870.5989777393
 566847.3725438406
 566828.5114657083
 566813.5613291756
 566802.0677200758
 566793.5762242421
 566787.6324275077
 566783.7819157057
 566781.5702746691
 566780.5430902314
 566780.2459482256
 566780.2244344848
 566780.0241348426
 566779.1906351317
 566777.2695211854
 566773.806378837
 566768.3467939196
 566760.4363522665
 566749.6206397106
 566735.4452420854
 566717.4557452239
 566695.1977349593
 566668.2167971247
 566636.0585175535
 566598.2684820788
 566554.3922765336
 566503.9754867513
 566446.563698565
 566381.7024978078
 566308.937470313
 566227.8142019138
 566137.8782784431
 566038.6752857345
 565929.7508096208
 565810.6504359355
 565680.9197505116
 565540.1043391823
 565387.7497877808
 565223.4016821402
 565046.6056080938
 564856.9071514747
 564653.8518981161
 564436.9854338513
 564205.8533445132
 563960.0012159352
 563698.9746339504
 563422.3191843921
 563129.5804530933
 562820.3040258873
 562494.0354886072
 562150.3204270863
 561788.7044271576
 561408.7330746545
 561009.95195541
 560591.9066552573
 560154.1427600296
 559696.2058555603
 559217.6415276821
 558717.9953622286
 558196.8129450328
 557653.6398619281
 557088.0216987473
 556499.5040413238


# name: QUERY
# type: sq_string
# elements: 1
# length: 2
R4


# name: DATASIZE
# type: sq_string
# elements: 1
# length: 3
750


