# Created by Octave 4.0.0, Wed May 18 23:37:39 2016 CEST <peter@Independence>
# name: x
# type: matrix
# rows: 1
# columns: 100
 60 60.60606060606061 61.21212121212122 61.81818181818182 62.42424242424242 63.03030303030303 63.63636363636364 64.24242424242425 64.84848484848484 65.45454545454545 66.06060606060606 66.66666666666667 67.27272727272728 67.87878787878788 68.48484848484848 69.09090909090909 69.6969696969697 70.30303030303031 70.90909090909091 71.51515151515152 72.12121212121212 72.72727272727273 73.33333333333334 73.93939393939394 74.54545454545455 75.15151515151516 75.75757575757576 76.36363636363637 76.96969696969697 77.57575757575758 78.18181818181819 78.7878787878788 79.39393939393941 80 80.60606060606061 81.21212121212122 81.81818181818183 82.42424242424244 83.03030303030303 83.63636363636364 84.24242424242425 84.84848484848486 85.45454545454547 86.06060606060606 86.66666666666667 87.27272727272728 87.87878787878789 88.48484848484848 89.09090909090909 89.6969696969697 90.30303030303031 90.90909090909092 91.51515151515152 92.12121212121212 92.72727272727273 93.33333333333334 93.93939393939395 94.54545454545455 95.15151515151516 95.75757575757576 96.36363636363637 96.96969696969697 97.57575757575758 98.18181818181819 98.7878787878788 99.39393939393941 100 100.6060606060606 101.2121212121212 101.8181818181818 102.4242424242424 103.030303030303 103.6363636363636 104.2424242424242 104.8484848484849 105.4545454545455 106.0606060606061 106.6666666666667 107.2727272727273 107.8787878787879 108.4848484848485 109.0909090909091 109.6969696969697 110.3030303030303 110.9090909090909 111.5151515151515 112.1212121212121 112.7272727272727 113.3333333333333 113.9393939393939 114.5454545454546 115.1515151515152 115.7575757575758 116.3636363636364 116.969696969697 117.5757575757576 118.1818181818182 118.7878787878788 119.3939393939394 120


# name: y
# type: matrix
# rows: 100
# columns: 1
 607743.5380633305
 606985.1947184459
 606258.7053649307
 605563.386536913
 604898.554768521
 604263.5265938829
 603657.618547127
 603080.1471623814
 602530.4289737743
 602007.780515434
 601511.5183214885
 601040.9589260663
 600595.4188632952
 600174.2146673037
 599776.66287222
 599402.0800121721
 599049.7826212884
 598719.0872336971
 598409.3103835261
 598119.7686049039
 597849.7784319588
 597598.6563988186
 597365.7190396118
 597150.2828884665
 596951.6644795109
 596769.1803468732
 596602.1470246817
 596449.8810470644
 596311.6989481497
 596186.9172620657
 596074.8525229405
 595974.8212649025
 595886.1400220798
 595808.1253286006
 595740.0937185931
 595681.3617261857
 595631.2458855062
 595589.062730683
 595554.1287958444
 595525.7606151184
 595503.2747226334
 595485.9876525175
 595473.2159388989
 595464.2761159057
 595458.4847176663
 595455.1582783088
 595453.6133319614
 595453.1664127524
 595453.1340548097
 595452.8327922618
 595451.5791592367
 595448.6896898629
 595443.4809182683
 595435.2693785812
 595423.3716049298
 595407.1041314423
 595385.7834922469
 595358.7262214718
 595325.2488532452
 595284.6679216953
 595236.2999609503
 595179.4615051383
 595113.4690883877
 595037.6392448266
 594951.2885085831
 594853.7334137856
 594744.2904945621
 594622.276285041
 594487.0073193503
 594337.8001316183
 594173.9712559732
 593994.8372265432
 593799.7145774566
 593587.9198428413
 593358.7695568257
 593111.5802535381
 592845.6684671065
 592560.3507316593
 592254.9435813245
 591928.7635502304
 591581.1271725053
 591211.3509822771
 590818.7515136743
 590402.6453008249
 589962.3488778572
 589497.1787788994
 589006.4515380797
 588489.4836895263
 587945.5917673673
 587374.092305731
 586774.3018387457
 586145.5369005394
 585487.1140252403
 584798.3497469767
 584078.5605998769
 583327.063118069
 582543.1738356811
 581726.2092868413
 580875.4860056782
 579990.3205263197


# name: QUERY
# type: sq_string
# elements: 1
# length: 2
R4


# name: DATASIZE
# type: sq_string
# elements: 1
# length: 3
750


