# Created by Octave 4.0.0, Sun May 22 18:35:07 2016 CEST <peter@Independence>
# name: x
# type: matrix
# rows: 1
# columns: 100
 60 60.60606060606061 61.21212121212122 61.81818181818182 62.42424242424242 63.03030303030303 63.63636363636364 64.24242424242425 64.84848484848484 65.45454545454545 66.06060606060606 66.66666666666667 67.27272727272728 67.87878787878788 68.48484848484848 69.09090909090909 69.6969696969697 70.30303030303031 70.90909090909091 71.51515151515152 72.12121212121212 72.72727272727273 73.33333333333334 73.93939393939394 74.54545454545455 75.15151515151516 75.75757575757576 76.36363636363637 76.96969696969697 77.57575757575758 78.18181818181819 78.7878787878788 79.39393939393941 80 80.60606060606061 81.21212121212122 81.81818181818183 82.42424242424244 83.03030303030303 83.63636363636364 84.24242424242425 84.84848484848486 85.45454545454547 86.06060606060606 86.66666666666667 87.27272727272728 87.87878787878789 88.48484848484848 89.09090909090909 89.6969696969697 90.30303030303031 90.90909090909092 91.51515151515152 92.12121212121212 92.72727272727273 93.33333333333334 93.93939393939395 94.54545454545455 95.15151515151516 95.75757575757576 96.36363636363637 96.96969696969697 97.57575757575758 98.18181818181819 98.7878787878788 99.39393939393941 100 100.6060606060606 101.2121212121212 101.8181818181818 102.4242424242424 103.030303030303 103.6363636363636 104.2424242424242 104.8484848484849 105.4545454545455 106.0606060606061 106.6666666666667 107.2727272727273 107.8787878787879 108.4848484848485 109.0909090909091 109.6969696969697 110.3030303030303 110.9090909090909 111.5151515151515 112.1212121212121 112.7272727272727 113.3333333333333 113.9393939393939 114.5454545454546 115.1515151515152 115.7575757575758 116.3636363636364 116.969696969697 117.5757575757576 118.1818181818182 118.7878787878788 119.3939393939394 120


# name: y
# type: matrix
# rows: 100
# columns: 1
 566135.2390626833
 566232.302112187
 566323.314407196
 566408.5327949207
 566488.208551841
 566562.5873837058
 566631.9094255336
 566696.4092416127
 566756.3158254999
 566811.8526000222
 566863.2374172758
 566910.6825586261
 566954.3947347078
 566994.5750854254
 567031.4191799526
 567065.1170167322
 567095.853023477
 567123.8060571688
 567149.1494040586
 567172.0507796673
 567192.6723287848
 567211.1706254706
 567227.6966730535
 567242.3959041317
 567255.4081805728
 567266.8677935138
 567276.9034633612
 567285.6383397907
 567293.1900017475
 567299.6704574461
 567305.1861443707
 567309.8379292744
 567313.72110818
 567316.9254063799
 567319.5349784353
 567321.6284081773
 567323.2787087061
 567324.5533223918
 567325.5141208731
 567326.2174050587
 567326.7139051264
 567327.0487805237
 567327.2616199671
 567327.3864414426
 567327.451692206
 567327.4802487819
 567327.4894169646
 567327.4909318178
 567327.4909576747
 567327.4900881373
 567327.483346078
 567327.4601836376
 567327.4044822269
 567327.2945525259
 567327.1031344839
 567326.7973973199
 567326.3389395219
 567325.6837888478
 567324.7824023241
 567323.5796662475
 567322.0148961837
 567320.0218369679
 567317.5286627046
 567314.4579767678
 567310.7268118007
 567306.2466297162
 567300.9233216965
 567294.6572081927
 567287.3430389263
 567278.869992887
 567269.121678335
 567257.9761327992
 567245.305823078
 567230.9776452394
 567214.8529246207
 567196.7874158284
 567176.6313027388
 567154.2291984971
 567129.4201455184
 567102.0376154867
 567071.9095093558
 567038.8581573486
 567002.7003189576
 566963.2471829447
 566920.3043673409
 566873.6719194469
 566823.1443158328
 566768.5104623378
 566709.5536940707
 566646.0517754098
 566577.7769000026
 566504.495690766
 566425.9691998865
 566341.9529088198
 566252.196728291
 566156.4449982946
 566054.4364880945
 565945.9043962241
 565830.576350486
 565708.1744079526


# name: QUERY
# type: sq_string
# elements: 1
# length: 2
R4


# name: DATASIZE
# type: sq_string
# elements: 1
# length: 3
750


