# Created by Octave 4.0.0, Wed May 18 23:37:39 2016 CEST <peter@Independence>
# name: x
# type: matrix
# rows: 1
# columns: 100
 60 60.60606060606061 61.21212121212122 61.81818181818182 62.42424242424242 63.03030303030303 63.63636363636364 64.24242424242425 64.84848484848484 65.45454545454545 66.06060606060606 66.66666666666667 67.27272727272728 67.87878787878788 68.48484848484848 69.09090909090909 69.6969696969697 70.30303030303031 70.90909090909091 71.51515151515152 72.12121212121212 72.72727272727273 73.33333333333334 73.93939393939394 74.54545454545455 75.15151515151516 75.75757575757576 76.36363636363637 76.96969696969697 77.57575757575758 78.18181818181819 78.7878787878788 79.39393939393941 80 80.60606060606061 81.21212121212122 81.81818181818183 82.42424242424244 83.03030303030303 83.63636363636364 84.24242424242425 84.84848484848486 85.45454545454547 86.06060606060606 86.66666666666667 87.27272727272728 87.87878787878789 88.48484848484848 89.09090909090909 89.6969696969697 90.30303030303031 90.90909090909092 91.51515151515152 92.12121212121212 92.72727272727273 93.33333333333334 93.93939393939395 94.54545454545455 95.15151515151516 95.75757575757576 96.36363636363637 96.96969696969697 97.57575757575758 98.18181818181819 98.7878787878788 99.39393939393941 100 100.6060606060606 101.2121212121212 101.8181818181818 102.4242424242424 103.030303030303 103.6363636363636 104.2424242424242 104.8484848484849 105.4545454545455 106.0606060606061 106.6666666666667 107.2727272727273 107.8787878787879 108.4848484848485 109.0909090909091 109.6969696969697 110.3030303030303 110.9090909090909 111.5151515151515 112.1212121212121 112.7272727272727 113.3333333333333 113.9393939393939 114.5454545454546 115.1515151515152 115.7575757575758 116.3636363636364 116.969696969697 117.5757575757576 118.1818181818182 118.7878787878788 119.3939393939394 120


# name: y
# type: matrix
# rows: 100
# columns: 1
 568973.0921454778
 569010.3988535173
 569045.3799213415
 569078.1340695648
 569108.7578776613
 569137.3457839643
 569163.9900856672
 569188.7809388227
 569211.8063583428
 569233.1522179996
 569252.9022504244
 569271.1380471081
 569287.9390584012
 569303.3825935138
 569317.5438205155
 569330.4957663356
 569342.3093167628
 569353.0532164455
 569362.7940688914
 569371.596336468
 569379.5223404025
 569386.6322607811
 569392.9841365503
 569398.6338655156
 569403.6352043423
 569408.0397685552
 569411.8970325387
 569415.2543295367
 569418.1568516527
 569420.6476498499
 569422.7676339507
 569424.5555726375
 569426.048093452
 569427.2796827954
 569428.2826859287
 569429.0873069724
 569429.7216089062
 569430.2115135699
 569430.5808016628
 569430.8511127431
 569431.0419452295
 569431.1706563996
 569431.2524623908
 569431.3004382
 569431.3255176839
 569431.3364935583
 569431.3400173988
 569431.3405996409
 569431.3406095791
 569431.3402753677
 569431.3376840207
 569431.3287814115
 569431.3073722731
 569431.2651201979
 569431.1915476382
 569431.0740359057
 569430.8978251715
 569430.6460144664
 569430.299561681
 569429.837283565
 569429.2358557279
 569428.4698126389
 569427.5115476266
 569426.331312879
 569424.897219444
 569423.1752372289
 569421.1291950005
 569418.7207803853
 569415.9095398692
 569412.6528787978
 569408.9060613762
 569404.6222106692
 569399.7523086008
 569394.245195955
 569388.047572375
 569381.1039963641
 569373.3568852842
 569364.7465153578
 569355.2110216663
 569344.686398151
 569333.1064976125
 569320.4030317112
 569306.505570967
 569291.3415447592
 569274.8362413269
 569256.9128077686
 569237.4922500423
 569216.4934329658
 569193.8330802163
 569169.4257743306
 569143.183956705
 569115.0179275956
 569084.8358461177
 569052.5437302465
 569018.0454568163
 568981.2427615216
 568942.0352389161
 568900.3203424128
 568855.9933842849
 568808.9475356645


# name: QUERY
# type: sq_string
# elements: 1
# length: 2
R4


# name: DATASIZE
# type: sq_string
# elements: 1
# length: 3
750


