# Created by Octave 4.0.0, Wed May 18 23:51:08 2016 CEST <peter@Independence>
# name: x
# type: matrix
# rows: 1
# columns: 100
 60 60.6060606060606 61.21212121212121 61.81818181818181 62.42424242424242 63.03030303030303 63.63636363636363 64.24242424242425 64.84848484848484 65.45454545454545 66.06060606060606 66.66666666666666 67.27272727272728 67.87878787878788 68.48484848484848 69.09090909090909 69.69696969696969 70.3030303030303 70.90909090909091 71.51515151515152 72.12121212121212 72.72727272727272 73.33333333333333 73.93939393939394 74.54545454545455 75.15151515151516 75.75757575757575 76.36363636363636 76.96969696969697 77.57575757575758 78.18181818181819 78.78787878787878 79.39393939393939 80 80.60606060606061 81.21212121212122 81.81818181818181 82.42424242424242 83.03030303030303 83.63636363636364 84.24242424242425 84.84848484848484 85.45454545454545 86.06060606060606 86.66666666666667 87.27272727272728 87.87878787878788 88.48484848484848 89.09090909090909 89.6969696969697 90.30303030303031 90.90909090909091 91.51515151515152 92.12121212121212 92.72727272727273 93.33333333333333 93.93939393939394 94.54545454545455 95.15151515151516 95.75757575757575 96.36363636363636 96.96969696969697 97.57575757575758 98.18181818181819 98.78787878787878 99.39393939393939 100 100.6060606060606 101.2121212121212 101.8181818181818 102.4242424242424 103.030303030303 103.6363636363636 104.2424242424242 104.8484848484848 105.4545454545455 106.0606060606061 106.6666666666667 107.2727272727273 107.8787878787879 108.4848484848485 109.0909090909091 109.6969696969697 110.3030303030303 110.9090909090909 111.5151515151515 112.1212121212121 112.7272727272727 113.3333333333333 113.9393939393939 114.5454545454545 115.1515151515152 115.7575757575758 116.3636363636364 116.969696969697 117.5757575757576 118.1818181818182 118.7878787878788 119.3939393939394 120


# name: y
# type: matrix
# rows: 100
# columns: 1
 780601.4368537395
 775705.3590687015
 770000.8180497121
 763503.7165374649
 756234.7124358093
 748219.1154296454
 739486.7411201574
 730071.723725956
 720012.2888835822
 709350.4885487428
 698131.9004440026
 686405.2949131313
 674222.27242117
 661636.8752772945
 648705.1774501788
 635484.8565889673
 622034.7525541148
 608414.4168990175
 594683.6578241845
 580902.0851501569
 567128.6598238347
 553421.2523864838
 539836.214692444
 526427.9689781694
 513248.6181451187
 500347.5808411918
 487771.2546084589
 475562.710014847
 463761.4183096137
 452403.0147424564
 441519.0992697796
 431137.075944789
 421280.0318565347
 411966.6560524293
 403211.1984546228
 395023.4683680608
 387408.8717819112
 380368.4862906816
 373899.1721106754
 367993.7173448061
 362641.0153570587
 357826.2718592923
 353531.2390893089
 349734.4742712853
 346411.6193983199
 343535.6992620112
 341077.4345751689
 339005.5669900181
 337287.192804231
 335888.1021690887
 334773.120665989
 333906.450197123
 333252.0062409352
 332773.748650391
 332436.003319395
 332203.7722072523
 332043.0293901656
 331921.0009998262
 331806.4271096915
 331669.8038372227
 331483.6041430156
 331222.4760234067
 330863.4170100171
 330385.924106217
 329772.1185052866
 329006.8446469347
 328077.7433767906
 326975.2991766679
 325692.8616310728
 324226.6414870021
 322575.6818489638
 320741.8052289186
 318729.5373409834
 316546.0086927895
 314200.835178886
 311705.9790259495
 309075.5915742459
 306325.8395041098
 303474.7162294583
 300541.8402817305
 297548.2425963168
 294516.1446886123
 291468.7297673919
 288429.908878365
 285424.0841996231
 282475.9116224562
 279610.064744936
 276851.002381172
 274222.741645772
 271748.6386105709
 269451.1784490887
 267351.7768836449
 265470.5946311061
 263826.366406629
 262436.2458915027
 261315.6679026997
 260478.2288195418
 259935.5861289568
 259697.3777471928
 259771.1615649972


# name: QUERY
# type: sq_string
# elements: 1
# length: 2
R4


# name: DATASIZE
# type: sq_string
# elements: 1
# length: 3
500


