# Created by Octave 4.0.0, Mon May 23 13:48:52 2016 CEST <peter@Independence>
# name: x
# type: matrix
# rows: 1
# columns: 100
 60 60.6060606060606 61.21212121212121 61.81818181818181 62.42424242424242 63.03030303030303 63.63636363636363 64.24242424242425 64.84848484848484 65.45454545454545 66.06060606060606 66.66666666666666 67.27272727272728 67.87878787878788 68.48484848484848 69.09090909090909 69.69696969696969 70.3030303030303 70.90909090909091 71.51515151515152 72.12121212121212 72.72727272727272 73.33333333333333 73.93939393939394 74.54545454545455 75.15151515151516 75.75757575757575 76.36363636363636 76.96969696969697 77.57575757575758 78.18181818181819 78.78787878787878 79.39393939393939 80 80.60606060606061 81.21212121212122 81.81818181818181 82.42424242424242 83.03030303030303 83.63636363636364 84.24242424242425 84.84848484848484 85.45454545454545 86.06060606060606 86.66666666666667 87.27272727272728 87.87878787878788 88.48484848484848 89.09090909090909 89.6969696969697 90.30303030303031 90.90909090909091 91.51515151515152 92.12121212121212 92.72727272727273 93.33333333333333 93.93939393939394 94.54545454545455 95.15151515151516 95.75757575757575 96.36363636363636 96.96969696969697 97.57575757575758 98.18181818181819 98.78787878787878 99.39393939393939 100 100.6060606060606 101.2121212121212 101.8181818181818 102.4242424242424 103.030303030303 103.6363636363636 104.2424242424242 104.8484848484848 105.4545454545455 106.0606060606061 106.6666666666667 107.2727272727273 107.8787878787879 108.4848484848485 109.0909090909091 109.6969696969697 110.3030303030303 110.9090909090909 111.5151515151515 112.1212121212121 112.7272727272727 113.3333333333333 113.9393939393939 114.5454545454545 115.1515151515152 115.7575757575758 116.3636363636364 116.969696969697 117.5757575757576 118.1818181818182 118.7878787878788 119.3939393939394 120


# name: y
# type: matrix
# rows: 100
# columns: 1
 778257.2305740539
 773430.0782612343
 767813.4973656945
 761423.2524571202
 754279.7696821098
 746408.0352903062
 737837.4524640532
 728601.6574666104
 718738.2965995148
 708288.7659189142
 697297.9160971472
 685813.7252233257
 673886.9427095547
 661570.7078025674
 648920.1464894675
 635991.950827206
 622843.9449153407
 609534.6418683237
 596122.7962256637
 582666.956265253
 569225.0206572128
 555853.8038139329
 542608.6141583767
 529542.8493498701
 516707.6122777277
 504151.3513621083
 491919.5283928532
 480054.3167955917
 468594.3328453306
 457574.4019565342
 447025.361770988
 436973.9033462222
 427442.4513236223
 418449.0835321225
 410007.4900659306
 402126.9714681292
 394812.4752609822
 388064.6696926406
 381880.0532225748
 376251.0979477756
 371166.424881428
 366611.0087376138
 362566.4096513594
 359011.0290741968
 355920.3869319208
 353267.4170135529
 351022.7774782101
 349155.1733188325
 347631.6876072407
 346418.1183622073
 345479.3179291636
 344779.5318347175
 344282.7341788987
 343952.9567505459
 343754.6091938634
 343652.7877143473
 343613.5699873823
 343604.2941203364
 343593.8197164945
 343552.7692943803
 343453.7485267742
 343271.543978082
 342983.2972348674
 342568.654540724
 342009.8912618494
 341292.0107224401
 340402.8171583185
 339332.9627420837
 338075.9688327921
 336628.2217969975
 334988.9439353151
 333160.1402289581
 331146.5217933637
 328955.4070905682
 326596.6021078111
 324082.2608563756
 321426.72768126
 318646.3629981843
 315759.3541889671
 312785.5134885883
 309746.0647864629
 306663.4213396756
 303560.9564562769
 300462.7692513226
 297393.4476062958
 294377.830473108
 291440.7716563456
 288606.9071812691
 285900.4283098841
 283344.8622030203
 280962.8621427797
 278776.0091272505
 276804.6265285432
 275067.6093668344
 273582.2695982629
 272364.1986446331
 271427.1482095578
 270782.9302308654
 270441.3366149294
 270410.0791874399


# name: QUERY
# type: sq_string
# elements: 1
# length: 2
R4


# name: DATASIZE
# type: sq_string
# elements: 1
# length: 3
500


