# Created by Octave 4.0.0, Wed May 18 23:51:08 2016 CEST <peter@Independence>
# name: x
# type: matrix
# rows: 1
# columns: 100
 60 60.6060606060606 61.21212121212121 61.81818181818181 62.42424242424242 63.03030303030303 63.63636363636363 64.24242424242425 64.84848484848484 65.45454545454545 66.06060606060606 66.66666666666666 67.27272727272728 67.87878787878788 68.48484848484848 69.09090909090909 69.69696969696969 70.3030303030303 70.90909090909091 71.51515151515152 72.12121212121212 72.72727272727272 73.33333333333333 73.93939393939394 74.54545454545455 75.15151515151516 75.75757575757575 76.36363636363636 76.96969696969697 77.57575757575758 78.18181818181819 78.78787878787878 79.39393939393939 80 80.60606060606061 81.21212121212122 81.81818181818181 82.42424242424242 83.03030303030303 83.63636363636364 84.24242424242425 84.84848484848484 85.45454545454545 86.06060606060606 86.66666666666667 87.27272727272728 87.87878787878788 88.48484848484848 89.09090909090909 89.6969696969697 90.30303030303031 90.90909090909091 91.51515151515152 92.12121212121212 92.72727272727273 93.33333333333333 93.93939393939394 94.54545454545455 95.15151515151516 95.75757575757575 96.36363636363636 96.96969696969697 97.57575757575758 98.18181818181819 98.78787878787878 99.39393939393939 100 100.6060606060606 101.2121212121212 101.8181818181818 102.4242424242424 103.030303030303 103.6363636363636 104.2424242424242 104.8484848484848 105.4545454545455 106.0606060606061 106.6666666666667 107.2727272727273 107.8787878787879 108.4848484848485 109.0909090909091 109.6969696969697 110.3030303030303 110.9090909090909 111.5151515151515 112.1212121212121 112.7272727272727 113.3333333333333 113.9393939393939 114.5454545454545 115.1515151515152 115.7575757575758 116.3636363636364 116.969696969697 117.5757575757576 118.1818181818182 118.7878787878788 119.3939393939394 120


# name: y
# type: matrix
# rows: 1
# columns: 100
 677986.8670212765 672874.1852030947 667761.5033849129 662648.8215667311 657536.1397485492 652423.4579303674 647310.7761121857 642198.0942940038 637085.412475822 631972.7306576401 626860.0488394584 621747.3670212766 616634.6852030947 611522.0033849129 606409.3215667311 601296.6397485493 596183.9579303674 591071.2761121857 585958.5942940038 580845.912475822 575733.2306576401 570620.5488394584 565507.8670212765 560395.1852030947 555282.5033849129 550169.8215667311 545057.1397485493 539944.4579303674 534831.7761121857 529719.0942940038 524606.412475822 519493.7306576402 514381.0488394584 509268.3670212766 504155.6852030947 499043.0033849129 493930.3215667311 488817.6397485493 483704.9579303674 478592.2761121857 473479.5942940038 468366.912475822 463254.2306576402 458141.5488394584 453028.8670212766 447916.1852030947 442803.5033849129 437690.8215667311 432578.1397485493 427465.4579303674 422352.7761121856 417240.0942940038 412127.412475822 407014.7306576401 401902.0488394584 396789.3670212766 391676.6852030947 386564.0033849129 381451.3215667311 376338.6397485493 371225.9579303674 366113.2761121856 361000.5942940039 355887.912475822 350775.2306576402 345662.5488394584 340549.8670212766 335437.1852030947 330324.503384913 325211.8215667311 320099.1397485493 314986.4579303675 309873.7761121857 304761.0942940038 299648.412475822 294535.7306576402 289423.0488394584 284310.3670212765 279197.6852030947 274085.0033849129 268972.3215667311 263859.6397485493 258746.9579303675 253634.2761121856 248521.5942940039 243408.912475822 238296.2306576402 233183.5488394584 228070.8670212766 222958.1852030947 217845.5033849129 212732.8215667311 207620.1397485493 202507.4579303674 197394.7761121857 192282.0942940038 187169.412475822 182056.7306576402 176944.0488394584 171831.3670212766


# name: QUERY
# type: sq_string
# elements: 1
# length: 2
R4


# name: DATASIZE
# type: sq_string
# elements: 1
# length: 3
500


