# Created by Octave 4.0.0, Wed May 18 23:51:08 2016 CEST <peter@Independence>
# name: x
# type: matrix
# rows: 1
# columns: 100
 60 60.6060606060606 61.21212121212121 61.81818181818181 62.42424242424242 63.03030303030303 63.63636363636363 64.24242424242425 64.84848484848484 65.45454545454545 66.06060606060606 66.66666666666666 67.27272727272728 67.87878787878788 68.48484848484848 69.09090909090909 69.69696969696969 70.3030303030303 70.90909090909091 71.51515151515152 72.12121212121212 72.72727272727272 73.33333333333333 73.93939393939394 74.54545454545455 75.15151515151516 75.75757575757575 76.36363636363636 76.96969696969697 77.57575757575758 78.18181818181819 78.78787878787878 79.39393939393939 80 80.60606060606061 81.21212121212122 81.81818181818181 82.42424242424242 83.03030303030303 83.63636363636364 84.24242424242425 84.84848484848484 85.45454545454545 86.06060606060606 86.66666666666667 87.27272727272728 87.87878787878788 88.48484848484848 89.09090909090909 89.6969696969697 90.30303030303031 90.90909090909091 91.51515151515152 92.12121212121212 92.72727272727273 93.33333333333333 93.93939393939394 94.54545454545455 95.15151515151516 95.75757575757575 96.36363636363636 96.96969696969697 97.57575757575758 98.18181818181819 98.78787878787878 99.39393939393939 100 100.6060606060606 101.2121212121212 101.8181818181818 102.4242424242424 103.030303030303 103.6363636363636 104.2424242424242 104.8484848484848 105.4545454545455 106.0606060606061 106.6666666666667 107.2727272727273 107.8787878787879 108.4848484848485 109.0909090909091 109.6969696969697 110.3030303030303 110.9090909090909 111.5151515151515 112.1212121212121 112.7272727272727 113.3333333333333 113.9393939393939 114.5454545454545 115.1515151515152 115.7575757575758 116.3636363636364 116.969696969697 117.5757575757576 118.1818181818182 118.7878787878788 119.3939393939394 120


# name: y
# type: matrix
# rows: 100
# columns: 1
 623400.6693208395
 619222.8787403463
 615045.0881598535
 610867.2975793607
 606689.5069988677
 602511.7164183748
 598333.9258378819
 594156.1352573889
 589978.3446768961
 585800.5540964033
 581622.7635159103
 577444.9729354172
 573267.1823549243
 569089.3917744313
 564911.6011939384
 560733.8106134456
 556556.0200329527
 552378.2294524598
 548200.4388719668
 544022.6482914741
 539844.8577109809
 535667.0671304881
 531489.2765499954
 527311.4859695022
 523133.6953890094
 518955.9048085165
 514778.1142280236
 510600.3236475306
 506422.5330670378
 502244.7424865448
 498066.951906052
 493889.161325559
 489711.3707450661
 485533.5801645732
 481355.7895840802
 477177.9990035873
 473000.2084230945
 468822.4178426016
 464644.6272621086
 460466.8366816157
 456289.0461011228
 452111.2555206299
 447933.464940137
 443755.6743596441
 439577.8837791511
 435400.0931986583
 431222.3026181653
 427044.5120376725
 422866.7214571795
 418688.9308766866
 414511.1402961937
 410333.3497157008
 406155.5591352078
 401977.768554715
 397799.977974222
 393622.1873937291
 389444.3968132362
 385266.6062327432
 381088.8156522504
 376911.0250717575
 372733.2344912646
 368555.4439107716
 364377.6533302787
 360199.8627497858
 356022.0721692928
 351844.2815888
 347666.491008307
 343488.7004278142
 339310.9098473212
 335133.1192668283
 330955.3286863354
 326777.5381058425
 322599.7475253496
 318421.9569448567
 314244.1663643639
 310066.3757838708
 305888.585203378
 301710.7946228851
 297533.004042392
 293355.2134618993
 289177.4228814061
 284999.6323009134
 280821.8417204205
 276644.0511399275
 272466.2605594345
 268288.4699789417
 264110.6793984488
 259932.8888179559
 255755.0982374631
 251577.30765697
 247399.5170764771
 243221.7264959844
 239043.9359154912
 234866.1453349984
 230688.3547545056
 226510.5641740127
 222332.7735935198
 218154.9830130266
 213977.1924325339
 209799.4018520409


# name: QUERY
# type: sq_string
# elements: 1
# length: 2
R4


# name: DATASIZE
# type: sq_string
# elements: 1
# length: 3
500


