# Created by Octave 4.0.0, Mon May 23 13:48:52 2016 CEST <peter@Independence>
# name: x
# type: matrix
# rows: 1
# columns: 100
 60 60.6060606060606 61.21212121212121 61.81818181818181 62.42424242424242 63.03030303030303 63.63636363636363 64.24242424242425 64.84848484848484 65.45454545454545 66.06060606060606 66.66666666666666 67.27272727272728 67.87878787878788 68.48484848484848 69.09090909090909 69.69696969696969 70.3030303030303 70.90909090909091 71.51515151515152 72.12121212121212 72.72727272727272 73.33333333333333 73.93939393939394 74.54545454545455 75.15151515151516 75.75757575757575 76.36363636363636 76.96969696969697 77.57575757575758 78.18181818181819 78.78787878787878 79.39393939393939 80 80.60606060606061 81.21212121212122 81.81818181818181 82.42424242424242 83.03030303030303 83.63636363636364 84.24242424242425 84.84848484848484 85.45454545454545 86.06060606060606 86.66666666666667 87.27272727272728 87.87878787878788 88.48484848484848 89.09090909090909 89.6969696969697 90.30303030303031 90.90909090909091 91.51515151515152 92.12121212121212 92.72727272727273 93.33333333333333 93.93939393939394 94.54545454545455 95.15151515151516 95.75757575757575 96.36363636363636 96.96969696969697 97.57575757575758 98.18181818181819 98.78787878787878 99.39393939393939 100 100.6060606060606 101.2121212121212 101.8181818181818 102.4242424242424 103.030303030303 103.6363636363636 104.2424242424242 104.8484848484848 105.4545454545455 106.0606060606061 106.6666666666667 107.2727272727273 107.8787878787879 108.4848484848485 109.0909090909091 109.6969696969697 110.3030303030303 110.9090909090909 111.5151515151515 112.1212121212121 112.7272727272727 113.3333333333333 113.9393939393939 114.5454545454545 115.1515151515152 115.7575757575758 116.3636363636364 116.969696969697 117.5757575757576 118.1818181818182 118.7878787878788 119.3939393939394 120


# name: y
# type: matrix
# rows: 1
# columns: 100
 648341.9533941236 643864.1820067808 639386.4106194379 634908.6392320951 630430.8678447523 625953.0964574096 621475.3250700667 616997.5536827239 612519.7822953811 608042.0109080382 603564.2395206954 599086.4681333527 594608.6967460098 590130.925358667 585653.1539713242 581175.3825839814 576697.6111966386 572219.8398092957 567742.0684219529 563264.2970346101 558786.5256472672 554308.7542599244 549830.9828725817 545353.2114852389 540875.440097896 536397.6687105532 531919.8973232104 527442.1259358675 522964.3545485247 518486.5831611819 514008.8117738391 509531.0403864963 505053.2689991535 500575.4976118106 496097.7262244679 491619.954837125 487142.1834497822 482664.4120624394 478186.6406750965 473708.8692877538 469231.0979004109 464753.3265130681 460275.5551257253 455797.7837383825 451320.0123510397 446842.2409636969 442364.469576354 437886.6981890113 433408.9268016684 428931.1554143256 424453.3840269828 419975.6126396399 415497.8412522972 411020.0698649543 406542.2984776115 402064.5270902687 397586.7557029258 393108.984315583 388631.2129282402 384153.4415408974 379675.6701535546 375197.8987662118 370720.127378869 366242.3559915262 361764.5846041833 357286.8132168405 352809.0418294977 348331.2704421549 343853.4990548121 339375.7276674692 334897.9562801264 330420.1848927836 325942.4135054408 321464.642118098 316986.8707307552 312509.0993434123 308031.3279560695 303553.5565687267 299075.785181384 294598.0137940411 290120.2424066982 285642.4710193555 281164.6996320126 276686.9282446698 272209.156857327 267731.3854699841 263253.6140826413 258775.8426952986 254298.0713079557 249820.2999206129 245342.5285332701 240864.7571459273 236386.9857585845 231909.2143712416 227431.4429838988 222953.671596556 218475.9002092132 213998.1288218704 209520.3574345276 205042.5860471848


# name: QUERY
# type: sq_string
# elements: 1
# length: 2
R4


# name: DATASIZE
# type: sq_string
# elements: 1
# length: 3
500


