# Created by Octave 4.0.0, Mon May 23 13:48:52 2016 CEST <peter@Independence>
# name: x
# type: matrix
# rows: 1
# columns: 100
 60 60.6060606060606 61.21212121212121 61.81818181818181 62.42424242424242 63.03030303030303 63.63636363636363 64.24242424242425 64.84848484848484 65.45454545454545 66.06060606060606 66.66666666666666 67.27272727272728 67.87878787878788 68.48484848484848 69.09090909090909 69.69696969696969 70.3030303030303 70.90909090909091 71.51515151515152 72.12121212121212 72.72727272727272 73.33333333333333 73.93939393939394 74.54545454545455 75.15151515151516 75.75757575757575 76.36363636363636 76.96969696969697 77.57575757575758 78.18181818181819 78.78787878787878 79.39393939393939 80 80.60606060606061 81.21212121212122 81.81818181818181 82.42424242424242 83.03030303030303 83.63636363636364 84.24242424242425 84.84848484848484 85.45454545454545 86.06060606060606 86.66666666666667 87.27272727272728 87.87878787878788 88.48484848484848 89.09090909090909 89.6969696969697 90.30303030303031 90.90909090909091 91.51515151515152 92.12121212121212 92.72727272727273 93.33333333333333 93.93939393939394 94.54545454545455 95.15151515151516 95.75757575757575 96.36363636363636 96.96969696969697 97.57575757575758 98.18181818181819 98.78787878787878 99.39393939393939 100 100.6060606060606 101.2121212121212 101.8181818181818 102.4242424242424 103.030303030303 103.6363636363636 104.2424242424242 104.8484848484848 105.4545454545455 106.0606060606061 106.6666666666667 107.2727272727273 107.8787878787879 108.4848484848485 109.0909090909091 109.6969696969697 110.3030303030303 110.9090909090909 111.5151515151515 112.1212121212121 112.7272727272727 113.3333333333333 113.9393939393939 114.5454545454545 115.1515151515152 115.7575757575758 116.3636363636364 116.969696969697 117.5757575757576 118.1818181818182 118.7878787878788 119.3939393939394 120


# name: y
# type: matrix
# rows: 100
# columns: 1
 610319.3576651424
 606306.0976446504
 602292.837624157
 598279.5776036652
 594266.317583174
 590253.0575626881
 586239.797542196
 582226.5375217029
 578213.2775012134
 574200.0174807198
 570186.7574602319
 566173.4974397429
 562160.2374192494
 558146.9773987581
 554133.7173782672
 550120.4573577767
 546107.1973372889
 542093.9373167965
 538080.677296303
 534067.4172758177
 530054.1572553242
 526040.8972348351
 522027.6372143438
 518014.377193852
 514001.1171733603
 509987.8571528695
 505974.5971323793
 501961.3371118882
 497948.0770913974
 493934.817070907
 489921.5570504171
 485908.297029925
 481895.037009434
 477881.7769889446
 473868.5169684524
 469855.2569479627
 465841.9969274715
 461828.7369069817
 457815.4768864901
 453802.2168659993
 449788.9568455084
 445775.6968250176
 441762.4368045276
 437749.1767840366
 433735.9167635459
 429722.656743055
 425709.3967225642
 421696.1367020735
 417682.8766815827
 413669.616661092
 409656.3566406012
 405643.0966201104
 401629.8365996198
 397616.5765791293
 393603.3165586377
 389590.0565381471
 385576.7965176567
 381563.5364971658
 377550.2764766747
 373537.0164561849
 369523.7564356941
 365510.4964152027
 361497.2363947119
 357483.9763742213
 353470.7163537315
 349457.45633324
 345444.1963127503
 341430.9362922587
 337417.6762717675
 333404.4162512757
 329391.1562307853
 325377.8962102956
 321364.6361898051
 317351.3761693158
 313338.1161488236
 309324.8561283309
 305311.5961078432
 301298.3360873506
 297285.0760668598
 293271.8160463712
 289258.5560258782
 285245.2960053848
 281232.0359848983
 277218.7759644054
 273205.5159439151
 269192.2559234257
 265178.9959029321
 261165.7358824391
 257152.4758619499
 253139.2158414633
 249125.9558209722
 245112.6958004791
 241099.4357799854
 237086.1757595
 233072.9157390083
 229059.6557185175
 225046.3956980222
 221033.135677531
 217019.8756570441
 213006.6156365533


# name: QUERY
# type: sq_string
# elements: 1
# length: 2
R4


# name: DATASIZE
# type: sq_string
# elements: 1
# length: 3
500


