# Created by Octave 4.0.0, Wed May 18 23:51:05 2016 CEST <peter@Independence>
# name: SVs
# type: cell
# rows: 1
# columns: 7
# name: <cell-element>
# type: sparse matrix
# nnz: 40
# rows: 40
# columns: 1
1 1 1.553528620778544
2 1 1.553528620778544
3 1 -0.4066282967138468
4 1 -1.386706755460042
5 1 -1.386706755460042
6 1 -0.4066282967138468
7 1 -1.386706755460042
8 1 -0.4066282967138468
9 1 -0.4066282967138468
10 1 -1.386706755460042
11 1 1.553528620778544
12 1 -0.4066282967138468
13 1 -0.4066282967138468
14 1 -0.4066282967138468
15 1 -0.4066282967138468
16 1 -1.386706755460042
17 1 -0.4066282967138468
18 1 -0.4066282967138468
19 1 -1.386706755460042
20 1 -1.386706755460042
21 1 -0.4066282967138468
22 1 -1.386706755460042
23 1 -1.386706755460042
24 1 -0.4066282967138468
25 1 -1.386706755460042
26 1 0.5734501620323486
27 1 -1.386706755460042
28 1 -1.386706755460042
29 1 -1.386706755460042
30 1 1.553528620778544
31 1 -0.4066282967138468
32 1 1.553528620778544
33 1 -0.4066282967138468
34 1 -1.386706755460042
35 1 -1.386706755460042
36 1 -0.4066282967138468
37 1 -0.4066282967138468
38 1 -0.4066282967138468
39 1 -0.4066282967138468
40 1 -0.4066282967138468



# name: <cell-element>
# type: sparse matrix
# nnz: 40
# rows: 40
# columns: 1
1 1 1.553528620778544
2 1 1.553528620778544
3 1 -1.386706755460042
4 1 -1.386706755460042
5 1 -0.4066282967138468
6 1 -1.386706755460042
7 1 0.5734501620323486
8 1 -1.386706755460042
9 1 1.553528620778544
10 1 0.5734501620323486
11 1 0.5734501620323486
12 1 0.5734501620323486
13 1 1.553528620778544
14 1 1.553528620778544
15 1 -1.386706755460042
16 1 -0.4066282967138468
17 1 -0.4066282967138468
18 1 -1.386706755460042
19 1 -1.386706755460042
20 1 0.5734501620323486
21 1 1.553528620778544
22 1 -1.386706755460042
23 1 -1.386706755460042
24 1 0.5734501620323486
25 1 -1.386706755460042
26 1 0.5734501620323486
27 1 -1.386706755460042
28 1 -1.386706755460042
29 1 -1.386706755460042
30 1 1.553528620778544
31 1 -0.4066282967138468
32 1 -0.4066282967138468
33 1 1.553528620778544
34 1 1.553528620778544
35 1 -1.386706755460042
36 1 1.553528620778544
37 1 -1.386706755460042
38 1 1.553528620778544
39 1 0.5734501620323486
40 1 0.5734501620323486



# name: <cell-element>
# type: sparse matrix
# nnz: 2
# rows: 2
# columns: 1
1 1 0.5734501620323486
2 1 -1.386706755460042



# name: <cell-element>
# type: sparse matrix
# nnz: 31
# rows: 31
# columns: 1
1 1 1.553528620778544
2 1 1.553528620778544
3 1 -1.386706755460042
4 1 -1.386706755460042
5 1 -1.386706755460042
6 1 0.5734501620323486
7 1 -1.386706755460042
8 1 1.553528620778544
9 1 0.5734501620323486
10 1 1.553528620778544
11 1 1.553528620778544
12 1 -1.386706755460042
13 1 -1.386706755460042
14 1 -1.386706755460042
15 1 0.5734501620323486
16 1 1.553528620778544
17 1 -1.386706755460042
18 1 -1.386706755460042
19 1 0.5734501620323486
20 1 -1.386706755460042
21 1 0.5734501620323486
22 1 -1.386706755460042
23 1 -1.386706755460042
24 1 -1.386706755460042
25 1 1.553528620778544
26 1 1.553528620778544
27 1 -1.386706755460042
28 1 1.553528620778544
29 1 -1.386706755460042
30 1 1.553528620778544
31 1 0.5734501620323486



# name: <cell-element>
# type: sparse matrix
# nnz: 31
# rows: 31
# columns: 1
1 1 1.553528620778544
2 1 -1.386706755460042
3 1 -1.386706755460042
4 1 -1.386706755460042
5 1 0.5734501620323486
6 1 -1.386706755460042
7 1 1.553528620778544
8 1 0.5734501620323486
9 1 0.5734501620323486
10 1 0.5734501620323486
11 1 1.553528620778544
12 1 1.553528620778544
13 1 -1.386706755460042
14 1 -1.386706755460042
15 1 -1.386706755460042
16 1 0.5734501620323486
17 1 1.553528620778544
18 1 -1.386706755460042
19 1 -1.386706755460042
20 1 0.5734501620323486
21 1 -1.386706755460042
22 1 0.5734501620323486
23 1 -1.386706755460042
24 1 -1.386706755460042
25 1 -1.386706755460042
26 1 1.553528620778544
27 1 -1.386706755460042
28 1 1.553528620778544
29 1 -1.386706755460042
30 1 1.553528620778544
31 1 0.5734501620323486



# name: <cell-element>
# type: sparse matrix
# nnz: 12
# rows: 12
# columns: 1
1 1 0.5734501620323486
2 1 0.5734501620323486
3 1 -0.4066282967138468
4 1 0.5734501620323486
5 1 1.553528620778544
6 1 1.553528620778544
7 1 0.5734501620323486
8 1 1.553528620778544
9 1 1.553528620778544
10 1 1.553528620778544
11 1 -1.386706755460042
12 1 0.5734501620323486



# name: <cell-element>
# type: scalar
0





# name: coefficients
# type: cell
# rows: 1
# columns: 7
# name: <cell-element>
# type: matrix
# rows: 40
# columns: 1
 0.1
 0.1
 -0.1
 0.1
 0.1
 -0.1
 0.1
 -0.1
 -0.1
 0.1
 0.004442842553350735
 -0.1
 -0.1
 -0.1
 -0.1
 0.1
 -0.004442842553350735
 -0.1
 0.1
 0.1
 -0.1
 0.1
 0.1
 -0.1
 0.1
 -0.1
 0.1
 0.1
 0.1
 0.1
 -0.1
 0.1
 -0.1
 0.1
 0.1
 -0.1
 -0.1
 -0.1
 -0.1
 -0.1



# name: <cell-element>
# type: matrix
# rows: 40
# columns: 1
 -0.87368
 -0.87368
 0.87368
 0.87368
 0.87368
 0.87368
 -0.87368
 0.87368
 -0.87368
 -0.87368
 -0.87368
 -0.87368
 -0.87368
 -0.87368
 0.87368
 0.87368
 0.87368
 0.87368
 0.87368
 -0.87368
 -0.87368
 0.87368
 0.87368
 -0.87368
 0.87368
 -0.87368
 0.87368
 0.87368
 0.87368
 -0.87368
 0.87368
 0.5295273841124511
 -0.87368
 -0.87368
 0.87368
 -0.87368
 0.87368
 -0.87368
 -0.87368
 -0.5295273841124511



# name: <cell-element>
# type: matrix
# rows: 2
# columns: 1
 -0.1394504020749894
 0.1394504020749894



# name: <cell-element>
# type: matrix
# rows: 31
# columns: 1
 -5
 -5
 5
 5
 5
 -2.895654553374712
 5
 -5
 -5
 -5
 -5
 5
 5
 5
 -5
 -5
 5
 5
 -5
 5
 -5
 5
 5
 5
 -2.104345446625283
 -5
 5
 -5
 5
 -5
 -5



# name: <cell-element>
# type: matrix
# rows: 31
# columns: 1
 -2.844169383497183
 5
 5
 5
 -5
 5
 -5
 -5
 -2.15583061650281
 -5
 -5
 -5
 5
 5
 5
 -5
 -5
 5
 5
 -5
 5
 -5
 5
 5
 5
 -5
 5
 -5
 5
 -5
 -5



# name: <cell-element>
# type: matrix
# rows: 12
# columns: 1
 -2.9368
 2.9368
 -1.116042431522756
 0.06474559700379913
 -1.123291583249427
 -2.9368
 -2.9368
 2.9368
 2.9368
 -2.9368
 2.174588417768384
 2.9368



# name: <cell-element>
# type: scalar
0





# name: b
# type: cell
# rows: 1
# columns: 7
# name: <cell-element>
# type: scalar
-0.06027101763785509



# name: <cell-element>
# type: scalar
-0.2656829808101289



# name: <cell-element>
# type: scalar
0.04631650074319892



# name: <cell-element>
# type: scalar
0.06267075947272248



# name: <cell-element>
# type: scalar
0.1054551825200616



# name: <cell-element>
# type: scalar
0.1326995334511451



# name: <cell-element>
# type: scalar
0





# name: models
# type: cell
# rows: 1
# columns: 7
# name: <cell-element>
# type: scalar struct
# ndims: 2
 1 1
# length: 11
# name: Parameters
# type: matrix
# rows: 5
# columns: 1
 3
 0
 3
 1
 0


# name: nr_class
# type: scalar
2


# name: totalSV
# type: scalar
40


# name: rho
# type: scalar
0.06027101763785509


# name: Label
# type: matrix
# rows: 0
# columns: 0


# name: sv_indices
# type: matrix
# rows: 40
# columns: 1
 1
 2
 3
 4
 5
 6
 8
 10
 11
 12
 13
 15
 17
 18
 19
 23
 24
 25
 26
 27
 30
 31
 32
 33
 35
 36
 37
 38
 39
 40
 42
 43
 44
 46
 48
 50
 51
 52
 54
 55


# name: ProbA
# type: matrix
# rows: 0
# columns: 0


# name: ProbB
# type: matrix
# rows: 0
# columns: 0


# name: nSV
# type: matrix
# rows: 0
# columns: 0


# name: sv_coef
# type: matrix
# rows: 40
# columns: 1
 0.1
 0.1
 -0.1
 0.1
 0.1
 -0.1
 0.1
 -0.1
 -0.1
 0.1
 0.004442842553350735
 -0.1
 -0.1
 -0.1
 -0.1
 0.1
 -0.004442842553350735
 -0.1
 0.1
 0.1
 -0.1
 0.1
 0.1
 -0.1
 0.1
 -0.1
 0.1
 0.1
 0.1
 0.1
 -0.1
 0.1
 -0.1
 0.1
 0.1
 -0.1
 -0.1
 -0.1
 -0.1
 -0.1


