# Created by Octave 4.0.0, Mon May 23 13:48:52 2016 CEST <peter@Independence>
# name: SVs
# type: cell
# rows: 1
# columns: 7
# name: <cell-element>
# type: sparse matrix
# nnz: 32
# rows: 32
# columns: 1
1 1 -0.4066282967138468
2 1 -0.4066282967138468
3 1 -1.386706755460042
4 1 -1.386706755460042
5 1 -0.4066282967138468
6 1 -0.4066282967138468
7 1 -1.386706755460042
8 1 0.5734501620323486
9 1 1.553528620778544
10 1 -1.386706755460042
11 1 -0.4066282967138468
12 1 -1.386706755460042
13 1 -0.4066282967138468
14 1 -0.4066282967138468
15 1 -0.4066282967138468
16 1 -1.386706755460042
17 1 -0.4066282967138468
18 1 0.5734501620323486
19 1 -1.386706755460042
20 1 1.553528620778544
21 1 1.553528620778544
22 1 -1.386706755460042
23 1 -0.4066282967138468
24 1 -0.4066282967138468
25 1 -0.4066282967138468
26 1 -0.4066282967138468
27 1 -0.4066282967138468
28 1 -1.386706755460042
29 1 -0.4066282967138468
30 1 1.553528620778544
31 1 1.553528620778544
32 1 -1.386706755460042



# name: <cell-element>
# type: sparse matrix
# nnz: 21
# rows: 21
# columns: 1
1 1 1.553528620778544
2 1 -1.386706755460042
3 1 -1.386706755460042
4 1 -1.386706755460042
5 1 1.553528620778544
6 1 0.5734501620323486
7 1 1.553528620778544
8 1 -1.386706755460042
9 1 -1.386706755460042
10 1 -1.386706755460042
11 1 1.553528620778544
12 1 -1.386706755460042
13 1 1.553528620778544
14 1 1.553528620778544
15 1 -1.386706755460042
16 1 0.5734501620323486
17 1 -1.386706755460042
18 1 1.553528620778544
19 1 1.553528620778544
20 1 1.553528620778544
21 1 -1.386706755460042



# name: <cell-element>
# type: sparse matrix
# nnz: 3
# rows: 3
# columns: 1
1 1 0.5734501620323486
2 1 -1.386706755460042
3 1 1.553528620778544



# name: <cell-element>
# type: sparse matrix
# nnz: 21
# rows: 21
# columns: 1
1 1 0.5734501620323486
2 1 1.553528620778544
3 1 -1.386706755460042
4 1 -1.386706755460042
5 1 -1.386706755460042
6 1 1.553528620778544
7 1 0.5734501620323486
8 1 1.553528620778544
9 1 -1.386706755460042
10 1 -1.386706755460042
11 1 -1.386706755460042
12 1 1.553528620778544
13 1 -1.386706755460042
14 1 0.5734501620323486
15 1 -1.386706755460042
16 1 0.5734501620323486
17 1 -1.386706755460042
18 1 1.553528620778544
19 1 1.553528620778544
20 1 1.553528620778544
21 1 -1.386706755460042



# name: <cell-element>
# type: sparse matrix
# nnz: 21
# rows: 21
# columns: 1
1 1 0.5734501620323486
2 1 1.553528620778544
3 1 -1.386706755460042
4 1 -1.386706755460042
5 1 -1.386706755460042
6 1 1.553528620778544
7 1 0.5734501620323486
8 1 1.553528620778544
9 1 -1.386706755460042
10 1 -1.386706755460042
11 1 -1.386706755460042
12 1 1.553528620778544
13 1 -1.386706755460042
14 1 0.5734501620323486
15 1 -1.386706755460042
16 1 0.5734501620323486
17 1 -1.386706755460042
18 1 1.553528620778544
19 1 1.553528620778544
20 1 -1.386706755460042
21 1 0.5734501620323486



# name: <cell-element>
# type: sparse matrix
# nnz: 11
# rows: 11
# columns: 1
1 1 -0.4066282967138468
2 1 0.5734501620323486
3 1 1.553528620778544
4 1 0.5734501620323486
5 1 -1.386706755460042
6 1 1.553528620778544
7 1 0.5734501620323486
8 1 0.5734501620323486
9 1 1.553528620778544
10 1 1.553528620778544
11 1 1.553528620778544



# name: <cell-element>
# type: scalar
0





# name: coefficients
# type: cell
# rows: 1
# columns: 7
# name: <cell-element>
# type: matrix
# rows: 32
# columns: 1
 -5
 -5
 5
 5
 -5
 -5
 5
 -5
 5
 5
 -5
 5
 -5
 -5
 -5
 5
 -5
 5
 5
 5
 5
 5
 -5
 -5
 -5
 -5
 -5
 5
 -4.620020751348362
 5
 4.62002075134836
 5



# name: <cell-element>
# type: matrix
# rows: 21
# columns: 1
 -0.1
 0.1
 0.1
 0.1
 -0.1
 -0.1
 -0.1
 0.1
 0.1
 0.1
 -0.1
 0.1
 -0.1
 -0.01472356806217533
 0.1
 -0.08527643193782468
 0.1
 -0.1
 -0.1
 -0.1
 0.1



# name: <cell-element>
# type: matrix
# rows: 3
# columns: 1
 -0.6157899999999999
 0.402243090699551
 0.2135469093004496



# name: <cell-element>
# type: matrix
# rows: 21
# columns: 1
 -3.595985691772742
 -5
 5
 5
 5
 -5
 -5
 -5
 5
 5
 5
 -5
 5
 -5
 5
 -5
 5
 -5
 -5
 -1.404014308227259
 5



# name: <cell-element>
# type: matrix
# rows: 21
# columns: 1
 -5
 -5
 5
 5
 5
 -5
 -5
 -0.2297499554788631
 5
 5
 5
 -5
 5
 -5
 5
 -5
 5
 -5
 -5
 5
 -4.77025004452113



# name: <cell-element>
# type: matrix
# rows: 11
# columns: 1
 -1.104163482765731
 -2.6789
 2.6789
 2.6789
 2.122757423113538
 -2.6789
 2.6789
 -2.589233401563968
 -2.6789
 2.6789
 -1.108260538783839



# name: <cell-element>
# type: scalar
0





# name: b
# type: cell
# rows: 1
# columns: 7
# name: <cell-element>
# type: scalar
-0.09003043965817289



# name: <cell-element>
# type: scalar
-0.2528240339870146



# name: <cell-element>
# type: scalar
0.05914798937736458



# name: <cell-element>
# type: scalar
-0.2781904211345302



# name: <cell-element>
# type: scalar
-0.223749683055933



# name: <cell-element>
# type: scalar
0.1665265781329017



# name: <cell-element>
# type: scalar
0





# name: models
# type: cell
# rows: 1
# columns: 7
# name: <cell-element>
# type: scalar struct
# ndims: 2
 1 1
# length: 11
# name: Parameters
# type: matrix
# rows: 5
# columns: 1
 3
 0
 3
 1
 0


# name: nr_class
# type: scalar
2


# name: totalSV
# type: scalar
32


# name: rho
# type: scalar
0.09003043965817289


# name: Label
# type: matrix
# rows: 0
# columns: 0


# name: sv_indices
# type: matrix
# rows: 32
# columns: 1
 2
 3
 7
 8
 10
 11
 12
 16
 18
 20
 21
 24
 25
 26
 27
 29
 31
 33
 34
 36
 39
 40
 41
 42
 43
 44
 45
 47
 50
 52
 54
 55


# name: ProbA
# type: matrix
# rows: 0
# columns: 0


# name: ProbB
# type: matrix
# rows: 0
# columns: 0


# name: nSV
# type: matrix
# rows: 0
# columns: 0


# name: sv_coef
# type: matrix
# rows: 32
# columns: 1
 -5
 -5
 5
 5
 -5
 -5
 5
 -5
 5
 5
 -5
 5
 -5
 -5
 -5
 5
 -5
 5
 5
 5
 5
 5
 -5
 -5
 -5
 -5
 -5
 5
 -4.620020751348362
 5
 4.62002075134836
 5


# name: SVs
# type: sparse matrix
# nnz: 32
# rows: 32
# columns: 1
1 1 -0.4066282967138468
2 1 -0.4066282967138468
3 1 -1.386706755460042
4 1 -1.386706755460042
5 1 -0.4066282967138468
6 1 -0.4066282967138468
7 1 -1.386706755460042
8 1 0.5734501620323486
9 1 1.553528620778544
10 1 -1.386706755460042
11 1 -0.4066282967138468
12 1 -1.386706755460042
13 1 -0.4066282967138468
14 1 -0.4066282967138468
15 1 -0.4066282967138468
16 1 -1.386706755460042
17 1 -0.4066282967138468
18 1 0.5734501620323486
19 1 -1.386706755460042
20 1 1.553528620778544
21 1 1.553528620778544
22 1 -1.386706755460042
23 1 -0.4066282967138468
24 1 -0.4066282967138468
25 1 -0.4066282967138468
26 1 -0.4066282967138468
27 1 -0.4066282967138468
28 1 -1.386706755460042
29 1 -0.4066282967138468
30 1 1.553528620778544
31 1 1.553528620778544
32 1 -1.386706755460042





# name: <cell-element>
# type: scalar struct
# ndims: 2
 1 1
# length: 11
# name: Parameters
# type: matrix
# rows: 5
# columns: 1
 3
 1
 2
 1
 0


# name: nr_class
# type: scalar
2


# name: totalSV
# type: scalar
21


# name: rho
# type: scalar
0.2528240339870146


# name: Label
# type: matrix
# rows: 0
# columns: 0


# name: sv_indices
# type: matrix
# rows: 21
# columns: 1
 4
 7
 8
 12
 15
 16
 17
 20
 24
 29
 30
 34
 36
 39
 40
 46
 47
 51
 53
 54
 55


# name: ProbA
# type: matrix
# rows: 0
# columns: 0


# name: ProbB
# type: matrix
# rows: 0
# columns: 0


# name: nSV
# type: matrix
# rows: 0
# columns: 0


# name: sv_coef
# type: matrix
# rows: 21
# columns: 1
 -0.1
 0.1
 0.1
 0.1
 -0.1
 -0.1
 -0.1
 0.1
 0.1
 0.1
 -0.1
 0.1
 -0.1
 -0.01472356806217533
 0.1
 -0.08527643193782468
 0.1
 -0.1
 -0.1
 -0.1
 0.1


