# Created by Octave 4.0.0, Mon May 23 13:48:45 2016 CEST <peter@Independence>
# name: mu
# type: matrix
# rows: 1
# columns: 2
 439268.1382978723 88.29787234042553


# name: sigma
# type: matrix
# rows: 1
# columns: 2
 181426.0626432376 20.40652951967315


