# Created by Octave 4.0.0, Mon May 23 13:48:52 2016 CEST <peter@Independence>
# name: x
# type: matrix
# rows: 1
# columns: 100
 60 60.6060606060606 61.21212121212121 61.81818181818181 62.42424242424242 63.03030303030303 63.63636363636363 64.24242424242425 64.84848484848484 65.45454545454545 66.06060606060606 66.66666666666666 67.27272727272728 67.87878787878788 68.48484848484848 69.09090909090909 69.69696969696969 70.3030303030303 70.90909090909091 71.51515151515152 72.12121212121212 72.72727272727272 73.33333333333333 73.93939393939394 74.54545454545455 75.15151515151516 75.75757575757575 76.36363636363636 76.96969696969697 77.57575757575758 78.18181818181819 78.78787878787878 79.39393939393939 80 80.60606060606061 81.21212121212122 81.81818181818181 82.42424242424242 83.03030303030303 83.63636363636364 84.24242424242425 84.84848484848484 85.45454545454545 86.06060606060606 86.66666666666667 87.27272727272728 87.87878787878788 88.48484848484848 89.09090909090909 89.6969696969697 90.30303030303031 90.90909090909091 91.51515151515152 92.12121212121212 92.72727272727273 93.33333333333333 93.93939393939394 94.54545454545455 95.15151515151516 95.75757575757575 96.36363636363636 96.96969696969697 97.57575757575758 98.18181818181819 98.78787878787878 99.39393939393939 100 100.6060606060606 101.2121212121212 101.8181818181818 102.4242424242424 103.030303030303 103.6363636363636 104.2424242424242 104.8484848484848 105.4545454545455 106.0606060606061 106.6666666666667 107.2727272727273 107.8787878787879 108.4848484848485 109.0909090909091 109.6969696969697 110.3030303030303 110.9090909090909 111.5151515151515 112.1212121212121 112.7272727272727 113.3333333333333 113.9393939393939 114.5454545454545 115.1515151515152 115.7575757575758 116.3636363636364 116.969696969697 117.5757575757576 118.1818181818182 118.7878787878788 119.3939393939394 120


# name: y
# type: matrix
# rows: 100
# columns: 1
 359640.5136221835
 362059.2203696858
 364324.2274280437
 366442.1883610497
 368419.6095024812
 370262.8499552855
 371978.121592187
 373571.4890553589
 375048.8697565206
 376416.0338768659
 377678.6043672027
 378842.0569478642
 379911.7201086179
 380892.7751089516
 381790.2559776827
 382609.0495132959
 383353.8952838041
 384029.3856266561
 384639.9656489395
 385189.9332272468
 385683.4390076689
 386124.4864058691
 386516.9316070197
 386864.4835658536
 387170.704006615
 387439.0074230964
 387672.6610786179
 387874.7850060284
 388048.3520077217
 388196.1876556163
 388320.9702911709
 388425.2310253748
 388511.3537387523
 388581.5750813635
 388637.9844727971
 388682.5241021828
 388716.9889281792
 388743.0266789808
 388762.1378523154
 388775.6757154458
 388784.8463051676
 388790.7084278112
 388794.1736592407
 388796.006344854
 388796.8235995832
 388797.0953078945
 388797.1441237878
 388797.145470797
 388797.1275419902
 388796.9712999692
 388796.41047687
 388795.0315743625
 388792.2738636506
 388787.429385472
 388779.6429500988
 388767.9121373365
 388751.0872965251
 388727.8715465383
 388696.8207757839
 388656.3436422034
 388604.7015732727
 388540.0087660022
 388460.2321869332
 388363.1915721458
 388246.5594272494
 388107.8610273949
 387944.4744172535
 387753.6304110438
 387532.4125925156
 387277.7573149469
 386986.4537011525
 386655.1436434782
 386280.3218038209
 385858.3356135759
 385385.3852737186
 384857.5237547318
 384270.6567966032
 383620.5429089337
 382902.7933707968
 382112.8722307719
 381246.0963070667
 380297.635187341
 379262.511228811
 378135.5995582868
 376911.6280720053
 375585.1774357779
 374150.6810850309
 372602.425224643
 370934.5488289813
 369141.0436420653
 367215.7541773071
 365152.3777178398
 362944.4643162126
 360585.4167944939
 358068.4907442988
 355386.7945267797
 352533.2892726821
 349500.7888824202
 346281.9600250743
 342869.3221408812


# name: QUERY
# type: sq_string
# elements: 1
# length: 2
R4


# name: DATASIZE
# type: sq_string
# elements: 1
# length: 3
500


