# Created by Octave 4.0.0, Wed May 18 23:51:08 2016 CEST <peter@Independence>
# name: x
# type: matrix
# rows: 1
# columns: 100
 60 60.6060606060606 61.21212121212121 61.81818181818181 62.42424242424242 63.03030303030303 63.63636363636363 64.24242424242425 64.84848484848484 65.45454545454545 66.06060606060606 66.66666666666666 67.27272727272728 67.87878787878788 68.48484848484848 69.09090909090909 69.69696969696969 70.3030303030303 70.90909090909091 71.51515151515152 72.12121212121212 72.72727272727272 73.33333333333333 73.93939393939394 74.54545454545455 75.15151515151516 75.75757575757575 76.36363636363636 76.96969696969697 77.57575757575758 78.18181818181819 78.78787878787878 79.39393939393939 80 80.60606060606061 81.21212121212122 81.81818181818181 82.42424242424242 83.03030303030303 83.63636363636364 84.24242424242425 84.84848484848484 85.45454545454545 86.06060606060606 86.66666666666667 87.27272727272728 87.87878787878788 88.48484848484848 89.09090909090909 89.6969696969697 90.30303030303031 90.90909090909091 91.51515151515152 92.12121212121212 92.72727272727273 93.33333333333333 93.93939393939394 94.54545454545455 95.15151515151516 95.75757575757575 96.36363636363636 96.96969696969697 97.57575757575758 98.18181818181819 98.78787878787878 99.39393939393939 100 100.6060606060606 101.2121212121212 101.8181818181818 102.4242424242424 103.030303030303 103.6363636363636 104.2424242424242 104.8484848484848 105.4545454545455 106.0606060606061 106.6666666666667 107.2727272727273 107.8787878787879 108.4848484848485 109.0909090909091 109.6969696969697 110.3030303030303 110.9090909090909 111.5151515151515 112.1212121212121 112.7272727272727 113.3333333333333 113.9393939393939 114.5454545454545 115.1515151515152 115.7575757575758 116.3636363636364 116.969696969697 117.5757575757576 118.1818181818182 118.7878787878788 119.3939393939394 120


# name: y
# type: matrix
# rows: 100
# columns: 1
 422332.6324881711
 426726.270310962
 430664.5384907746
 434186.0029942069
 437326.7264621551
 440120.3789570919
 442598.3462164874
 444789.8353945651
 446721.9782985621
 448419.9321187928
 449906.9776538539
 451204.6150275157
 452332.65689996
 453309.3191745552
 454151.3091947918
 454873.9114387542
 455491.0707049598
 456015.4727922353
 456458.6226743516
 456830.9201674366
 457141.7330912882
 457399.4679248442
 457611.6379549332
 457784.9289190518
 457925.262141717
 458037.8551646502
 458127.2798706618
 458197.5181012922
 458252.0147681942
 458293.728458246
 458325.1795324059
 458348.4957183118
 458365.4551966203
 458377.5271810852
 458385.9099923697
 458391.5666256143
 458395.2578117281
 458397.5725724309
 458398.9562690327
 458399.7361449522
 458400.1443619773
 458400.3385302651
 458400.4197320818
 458400.4480392837
 458400.4555245377
 458400.4567662826
 458400.4568474305
 458400.4568478081
 458400.4568303385
 458400.4563209636
 458400.4522823063
 458400.434581073
 458400.3789491963
 458400.2374387185
 458399.9263704146
 458399.3117761561
 458398.1923350145
 458396.279803106
 458393.1769371752
 458388.3529119201
 458381.116231057
 458370.585132126
 458355.6554850331
 458334.9661843424
 458306.8620352942
 458269.3541335842
 458220.0777388423
 458156.2476419144
 458074.6110258331
 457971.3978205322
 457842.2685513303
 457682.2596811255
 457485.7264463973
 457246.2831867559
 456956.7411685803
 456609.0439020063
 456194.1999518583
 455702.2132424659
 455122.0108558349
 454441.3683237758
 453646.83241412
 452723.6414098508
 451655.6428826766
 450425.2089605014
 449013.1490873034
 447398.620278591
 445559.0348695401
 443469.9657568716
 441105.0491340719
 438435.8847227651
 435431.9334928138
 432060.4128836727
 428286.1895112723
 424071.6693742002
 419376.6855516815
 414158.3833950706
 408371.1032158742
 401966.2604633423
 394892.2233907682
 387094.1882432549


# name: QUERY
# type: sq_string
# elements: 1
# length: 2
R4


# name: DATASIZE
# type: sq_string
# elements: 1
# length: 3
500


