# Created by Octave 4.0.0, Mon May 23 13:48:52 2016 CEST <peter@Independence>
# name: x
# type: matrix
# rows: 1
# columns: 100
 60 60.6060606060606 61.21212121212121 61.81818181818181 62.42424242424242 63.03030303030303 63.63636363636363 64.24242424242425 64.84848484848484 65.45454545454545 66.06060606060606 66.66666666666666 67.27272727272728 67.87878787878788 68.48484848484848 69.09090909090909 69.69696969696969 70.3030303030303 70.90909090909091 71.51515151515152 72.12121212121212 72.72727272727272 73.33333333333333 73.93939393939394 74.54545454545455 75.15151515151516 75.75757575757575 76.36363636363636 76.96969696969697 77.57575757575758 78.18181818181819 78.78787878787878 79.39393939393939 80 80.60606060606061 81.21212121212122 81.81818181818181 82.42424242424242 83.03030303030303 83.63636363636364 84.24242424242425 84.84848484848484 85.45454545454545 86.06060606060606 86.66666666666667 87.27272727272728 87.87878787878788 88.48484848484848 89.09090909090909 89.6969696969697 90.30303030303031 90.90909090909091 91.51515151515152 92.12121212121212 92.72727272727273 93.33333333333333 93.93939393939394 94.54545454545455 95.15151515151516 95.75757575757575 96.36363636363636 96.96969696969697 97.57575757575758 98.18181818181819 98.78787878787878 99.39393939393939 100 100.6060606060606 101.2121212121212 101.8181818181818 102.4242424242424 103.030303030303 103.6363636363636 104.2424242424242 104.8484848484848 105.4545454545455 106.0606060606061 106.6666666666667 107.2727272727273 107.8787878787879 108.4848484848485 109.0909090909091 109.6969696969697 110.3030303030303 110.9090909090909 111.5151515151515 112.1212121212121 112.7272727272727 113.3333333333333 113.9393939393939 114.5454545454545 115.1515151515152 115.7575757575758 116.3636363636364 116.969696969697 117.5757575757576 118.1818181818182 118.7878787878788 119.3939393939394 120


# name: y
# type: matrix
# rows: 100
# columns: 1
 637741.8656461606
 625935.6117431201
 614634.9921510115
 603828.9406008634
 593506.3908237058
 583656.2765505686
 574267.5315124814
 565329.0894404737
 556829.8840655754
 548758.849118816
 541104.9183312252
 533857.0254338328
 527004.1041576683
 520535.0882337616
 514438.9113931422
 508704.5073668398
 503320.8098858842
 498276.7526813049
 493561.2694841317
 489163.2940253943
 485071.7600361223
 481275.6012473454
 477763.7513900932
 474525.1441953955
 471548.7133942819
 468823.3927177821
 466338.1158969258
 464081.8166627427
 462043.4287462624
 460211.8858785146
 458576.1217905291
 457125.0702133354
 455847.6648779632
 454732.8395154423
 453769.5278568023
 452946.6636330729
 452253.1805752837
 451678.0124144644
 451210.0928816448
 450838.3557078545
 450551.7346241231
 450339.1633614804
 450189.575650956
 450091.9052235796
 450035.0858103809
 450008.0511423896
 449999.7349506353
 449999.0709661477
 449994.9929199565
 449976.4345430913
 449932.3295665819
 449851.611721458
 449723.2147387491
 449536.072349485
 449279.1182846953
 448941.2862754098
 448511.5100526581
 447978.7233474699
 447331.8598908748
 446559.8534139026
 445651.637647583
 444596.1463229454
 443382.3131710198
 441999.0719228358
 440435.3563094229
 438680.100061811
 436722.2369110297
 434550.7005881086
 432154.4248240775
 429522.3433499659
 426643.3898968037
 423506.4981956204
 420100.6019774458
 416414.6349733095
 412437.5309142413
 408158.2235312707
 403565.6465554275
 398648.7337177412
 393396.4187492417
 387797.6353809586
 381841.3173439216
 375516.3983691603
 368811.8121877045
 361716.4925305836
 354219.3731288278
 346309.3877134662
 337975.4700155288
 329206.5537660453
 319991.5726960452
 310319.4605365581
 300179.1510186142
 289559.5778732428
 278449.6748314733
 266838.3756243357
 254714.6139828599
 242067.3236380752
 228885.4383210113
 215157.8917626981
 200873.6176941657
 186021.5498464425


# name: QUERY
# type: sq_string
# elements: 1
# length: 2
R4


# name: DATASIZE
# type: sq_string
# elements: 1
# length: 3
500


