# Created by Octave 4.0.0, Mon May 23 13:48:52 2016 CEST <peter@Independence>
# name: x
# type: matrix
# rows: 1
# columns: 100
 60 60.6060606060606 61.21212121212121 61.81818181818181 62.42424242424242 63.03030303030303 63.63636363636363 64.24242424242425 64.84848484848484 65.45454545454545 66.06060606060606 66.66666666666666 67.27272727272728 67.87878787878788 68.48484848484848 69.09090909090909 69.69696969696969 70.3030303030303 70.90909090909091 71.51515151515152 72.12121212121212 72.72727272727272 73.33333333333333 73.93939393939394 74.54545454545455 75.15151515151516 75.75757575757575 76.36363636363636 76.96969696969697 77.57575757575758 78.18181818181819 78.78787878787878 79.39393939393939 80 80.60606060606061 81.21212121212122 81.81818181818181 82.42424242424242 83.03030303030303 83.63636363636364 84.24242424242425 84.84848484848484 85.45454545454545 86.06060606060606 86.66666666666667 87.27272727272728 87.87878787878788 88.48484848484848 89.09090909090909 89.6969696969697 90.30303030303031 90.90909090909091 91.51515151515152 92.12121212121212 92.72727272727273 93.33333333333333 93.93939393939394 94.54545454545455 95.15151515151516 95.75757575757575 96.36363636363636 96.96969696969697 97.57575757575758 98.18181818181819 98.78787878787878 99.39393939393939 100 100.6060606060606 101.2121212121212 101.8181818181818 102.4242424242424 103.030303030303 103.6363636363636 104.2424242424242 104.8484848484848 105.4545454545455 106.0606060606061 106.6666666666667 107.2727272727273 107.8787878787879 108.4848484848485 109.0909090909091 109.6969696969697 110.3030303030303 110.9090909090909 111.5151515151515 112.1212121212121 112.7272727272727 113.3333333333333 113.9393939393939 114.5454545454545 115.1515151515152 115.7575757575758 116.3636363636364 116.969696969697 117.5757575757576 118.1818181818182 118.7878787878788 119.3939393939394 120


# name: y
# type: matrix
# rows: 100
# columns: 1
 369135.1651356792
 372733.4815445078
 375958.8577781384
 378842.8787231887
 381415.0790832784
 383703.0340805612
 385732.4481127394
 387527.2413540228
 389109.6343039648
 390500.2302836693
 391718.0958805142
 392780.8393387696
 393704.6868981746
 394504.557080953
 395194.1329240297
 395785.9321610953
 396291.3753505237
 396720.8519508989
 397083.7843446655
 397388.6898084976
 397643.2404312511
 397854.3209795535
 398028.0847105458
 398170.0071321984
 398284.9377109524
 398377.1495268264
 398450.386875913
 398507.9108203048
 398552.5426854347
 398586.7055048192
 398612.4634122268
 398631.558981256
 398645.4485123332
 398655.3352671221
 398662.2006503452
 398666.8333390289
 398669.856359154
 398671.7521097269
 398672.8853342637
 398673.5240396899
 398673.8583626539
 398674.0173832569
 398674.0838861963
 398674.1070693244
 398674.1131996231
 398674.1142165916
 398674.1142830504
 398674.1142833596
 398674.1142690523
 398674.1138518828
 398674.1105442895
 398674.0960472734
 398674.0504856903
 398673.9345909592
 398673.6798311844
 398673.1764886936
 398672.25968499
 398670.6933531197
 398668.1521574538
 398664.2013608857
 398658.2746394433
 398649.6498443158
 398637.4227112936
 398620.4785176293
 398597.4616863038
 398566.7433377219
 398526.3867887951
 398474.1109994817
 398407.2519667053
 398322.722065695
 398216.9673387568
 398085.9227314364
 397924.9652761529
 397728.8652231087
 397491.735118844
 397206.9768319632
 396867.2265263909
 396464.2975821534
 395989.1214633107
 395431.6865334517
 394780.9748188402
 394024.8967184033
 393150.2236616393
 392142.5187140111
 390986.0651289027
 389663.7928481632
 388157.2029493889
 386446.2900406998
 384509.4626024346
 382323.4612781265
 379863.2751095148
 377102.0557237917
 374011.0294628757
 370559.4074639862
 366714.2936861075
 362440.5908838524
 357700.9045303345
 352455.4446853579
 346661.9258066243
 340275.4645279365


# name: QUERY
# type: sq_string
# elements: 1
# length: 2
R4


# name: DATASIZE
# type: sq_string
# elements: 1
# length: 3
500


