# Created by Octave 4.0.0, Mon May 23 13:48:52 2016 CEST <peter@Independence>
# name: x
# type: matrix
# rows: 1
# columns: 100
 60 60.6060606060606 61.21212121212121 61.81818181818181 62.42424242424242 63.03030303030303 63.63636363636363 64.24242424242425 64.84848484848484 65.45454545454545 66.06060606060606 66.66666666666666 67.27272727272728 67.87878787878788 68.48484848484848 69.09090909090909 69.69696969696969 70.3030303030303 70.90909090909091 71.51515151515152 72.12121212121212 72.72727272727272 73.33333333333333 73.93939393939394 74.54545454545455 75.15151515151516 75.75757575757575 76.36363636363636 76.96969696969697 77.57575757575758 78.18181818181819 78.78787878787878 79.39393939393939 80 80.60606060606061 81.21212121212122 81.81818181818181 82.42424242424242 83.03030303030303 83.63636363636364 84.24242424242425 84.84848484848484 85.45454545454545 86.06060606060606 86.66666666666667 87.27272727272728 87.87878787878788 88.48484848484848 89.09090909090909 89.6969696969697 90.30303030303031 90.90909090909091 91.51515151515152 92.12121212121212 92.72727272727273 93.33333333333333 93.93939393939394 94.54545454545455 95.15151515151516 95.75757575757575 96.36363636363636 96.96969696969697 97.57575757575758 98.18181818181819 98.78787878787878 99.39393939393939 100 100.6060606060606 101.2121212121212 101.8181818181818 102.4242424242424 103.030303030303 103.6363636363636 104.2424242424242 104.8484848484848 105.4545454545455 106.0606060606061 106.6666666666667 107.2727272727273 107.8787878787879 108.4848484848485 109.0909090909091 109.6969696969697 110.3030303030303 110.9090909090909 111.5151515151515 112.1212121212121 112.7272727272727 113.3333333333333 113.9393939393939 114.5454545454545 115.1515151515152 115.7575757575758 116.3636363636364 116.969696969697 117.5757575757576 118.1818181818182 118.7878787878788 119.3939393939394 120


# name: y
# type: matrix
# rows: 100
# columns: 1
 357023.1359485993
 358564.5987174409
 360072.6903438898
 361547.4108279452
 362988.7601696076
 364396.7383688767
 365771.3454257526
 367112.5813402354
 368420.4461123252
 369694.9397420217
 370936.062229325
 372143.8135742352
 373318.1937767521
 374459.202836876
 375566.8407546066
 376641.1075299442
 377682.0031628885
 378689.5276534397
 379663.6810015977
 380604.4632073626
 381511.8742707342
 382385.9141917128
 383226.5829702981
 384033.8806064902
 384807.8071002892
 385548.362451695
 386255.5466607077
 386929.3597273271
 387569.8016515535
 388176.8724333866
 388750.5720728266
 389290.9005698734
 389797.857924527
 390271.4441367876
 390711.6592066549
 391118.503134129
 391491.97591921
 391832.0775618978
 392138.8080621925
 392412.167420094
 392652.1556356022
 392858.7727087174
 393032.0186394394
 393171.8934277682
 393278.3970737038
 393351.5295772463
 393391.2909383956
 393397.6811571518
 393370.7002335147
 393310.3481674845
 393216.6249590612
 393089.5306082446
 392929.0651150349
 392735.2284794321
 392508.020701436
 392247.4417810468
 391953.4917182645
 391626.1705130889
 391265.4781655202
 390871.4146755583
 390443.9800432033
 389983.1742684551
 389488.9973513137
 388961.4492917792
 388400.5300898514
 387806.2397455306
 387178.5782588165
 386517.5456297093
 385823.1418582089
 385095.3669443154
 384334.2208880287
 383539.7036893488
 382711.8153482758
 381850.5558648095
 380955.9252389501
 380027.9234706975
 379066.5505600517
 378071.8065070129
 377043.691311581
 375982.2049737557
 374887.3474935374
 373759.1188709258
 372597.519105921
 371402.5481985232
 370174.2061487321
 368912.4929565478
 367617.4086219703
 366288.9531449999
 364927.1265256362
 363531.9287638793
 362103.3598597291
 360641.4198131858
 359146.1086242495
 357617.4262929201
 356055.3728191973
 354459.9482030813
 352831.1524445723
 351168.9855436704
 349473.4475003744
 347744.538314686


# name: QUERY
# type: sq_string
# elements: 1
# length: 2
R4


# name: DATASIZE
# type: sq_string
# elements: 1
# length: 3
500


