# Created by Octave 4.0.0, Wed May 18 23:51:08 2016 CEST <peter@Independence>
# name: x
# type: matrix
# rows: 1
# columns: 100
 60 60.6060606060606 61.21212121212121 61.81818181818181 62.42424242424242 63.03030303030303 63.63636363636363 64.24242424242425 64.84848484848484 65.45454545454545 66.06060606060606 66.66666666666666 67.27272727272728 67.87878787878788 68.48484848484848 69.09090909090909 69.69696969696969 70.3030303030303 70.90909090909091 71.51515151515152 72.12121212121212 72.72727272727272 73.33333333333333 73.93939393939394 74.54545454545455 75.15151515151516 75.75757575757575 76.36363636363636 76.96969696969697 77.57575757575758 78.18181818181819 78.78787878787878 79.39393939393939 80 80.60606060606061 81.21212121212122 81.81818181818181 82.42424242424242 83.03030303030303 83.63636363636364 84.24242424242425 84.84848484848484 85.45454545454545 86.06060606060606 86.66666666666667 87.27272727272728 87.87878787878788 88.48484848484848 89.09090909090909 89.6969696969697 90.30303030303031 90.90909090909091 91.51515151515152 92.12121212121212 92.72727272727273 93.33333333333333 93.93939393939394 94.54545454545455 95.15151515151516 95.75757575757575 96.36363636363636 96.96969696969697 97.57575757575758 98.18181818181819 98.78787878787878 99.39393939393939 100 100.6060606060606 101.2121212121212 101.8181818181818 102.4242424242424 103.030303030303 103.6363636363636 104.2424242424242 104.8484848484848 105.4545454545455 106.0606060606061 106.6666666666667 107.2727272727273 107.8787878787879 108.4848484848485 109.0909090909091 109.6969696969697 110.3030303030303 110.9090909090909 111.5151515151515 112.1212121212121 112.7272727272727 113.3333333333333 113.9393939393939 114.5454545454545 115.1515151515152 115.7575757575758 116.3636363636364 116.969696969697 117.5757575757576 118.1818181818182 118.7878787878788 119.3939393939394 120


# name: y
# type: matrix
# rows: 100
# columns: 1
 413330.9856926705
 416425.8330672077
 419324.0145665538
 422034.0437338556
 424564.2457247526
 426922.7573061681
 429117.5268571172
 431156.3143683281
 433046.6914423337
 434796.0412933666
 436411.5587475829
 437900.2502429037
 439268.9338289172
 440524.2391672872
 441672.6075311545
 442720.2918056544
 443673.3564877181
 444537.6776859223
 445318.9431207956
 446022.6521246156
 446654.1156414085
 447218.4562270472
 447720.608049169
 448165.3168872393
 448557.1401324931
 448900.4467879763
 449199.4174685243
 449458.0444007585
 449680.1314231123
 449869.2939858015
 450028.9591508468
 450162.3655920589
 450272.5635950458
 450362.4150572135
 450434.5934877564
 450491.5840076738
 450535.6833497538
 450568.9998585827
 450593.4534905413
 450610.7758138073
 450622.5100083529
 450630.0108659461
 450634.4447901507
 450636.7897963259
 450637.8355116264
 450638.1831750026
 450638.2456372002
 450638.247360761
 450638.2244200218
 450638.0245011151
 450637.3069019693
 450635.5425323079
 450632.0139136502
 450625.8151793111
 450615.852074401
 450600.8419558259
 450579.3137922872
 450549.6081642819
 450509.8772641029
 450458.0848958383
 450392.0064753719
 450309.2290303839
 450207.151200346
 450082.9832365325
 449933.747002006
 449756.2759716352
 449547.2152320663
 449303.0214817582
 449019.9630309636
 448694.1198017207
 448321.3833278667
 447897.4567550331
 447417.8548406707
 446877.9039539678
 446272.7420759887
 445597.3187995437
 444846.3953291983
 444014.5444814301
 443096.1506844283
 442085.4099781229
 440976.3300143864
 439762.7300567722
 438438.2409806551
 436996.3052732978
 435430.1770335825
 433732.9219722768
 431897.417412042
 429916.3522872269
 427782.2271438932
 425487.3541400793
 423023.8570454255
 420383.6712416307
 417558.5437220228
 414540.0330916774
 411319.5095674887
 407888.1549782322
 404236.962764424
 400356.7379787412
 396238.0972841823
 391871.4689580911


# name: QUERY
# type: sq_string
# elements: 1
# length: 2
R4


# name: DATASIZE
# type: sq_string
# elements: 1
# length: 3
500


