# Created by Octave 4.0.0, Wed May 18 23:51:08 2016 CEST <peter@Independence>
# name: x
# type: matrix
# rows: 1
# columns: 100
 60 60.6060606060606 61.21212121212121 61.81818181818181 62.42424242424242 63.03030303030303 63.63636363636363 64.24242424242425 64.84848484848484 65.45454545454545 66.06060606060606 66.66666666666666 67.27272727272728 67.87878787878788 68.48484848484848 69.09090909090909 69.69696969696969 70.3030303030303 70.90909090909091 71.51515151515152 72.12121212121212 72.72727272727272 73.33333333333333 73.93939393939394 74.54545454545455 75.15151515151516 75.75757575757575 76.36363636363636 76.96969696969697 77.57575757575758 78.18181818181819 78.78787878787878 79.39393939393939 80 80.60606060606061 81.21212121212122 81.81818181818181 82.42424242424242 83.03030303030303 83.63636363636364 84.24242424242425 84.84848484848484 85.45454545454545 86.06060606060606 86.66666666666667 87.27272727272728 87.87878787878788 88.48484848484848 89.09090909090909 89.6969696969697 90.30303030303031 90.90909090909091 91.51515151515152 92.12121212121212 92.72727272727273 93.33333333333333 93.93939393939394 94.54545454545455 95.15151515151516 95.75757575757575 96.36363636363636 96.96969696969697 97.57575757575758 98.18181818181819 98.78787878787878 99.39393939393939 100 100.6060606060606 101.2121212121212 101.8181818181818 102.4242424242424 103.030303030303 103.6363636363636 104.2424242424242 104.8484848484848 105.4545454545455 106.0606060606061 106.6666666666667 107.2727272727273 107.8787878787879 108.4848484848485 109.0909090909091 109.6969696969697 110.3030303030303 110.9090909090909 111.5151515151515 112.1212121212121 112.7272727272727 113.3333333333333 113.9393939393939 114.5454545454545 115.1515151515152 115.7575757575758 116.3636363636364 116.969696969697 117.5757575757576 118.1818181818182 118.7878787878788 119.3939393939394 120


# name: y
# type: matrix
# rows: 100
# columns: 1
 640291.6770617331
 628178.6827546151
 616584.4597343162
 605497.6542171438
 594906.9124194044
 584800.8805574055
 575168.2048474543
 565997.5315058576
 557277.5067489226
 548996.7767929566
 541143.9878542664
 533707.7861491593
 526676.8178939422
 520039.7293049225
 513785.1665984071
 507901.7759907031
 502378.2036981178
 497203.095936958
 492365.098923531
 487852.8588741439
 483655.0220051037
 479760.2345327176
 476157.1426732925
 472834.3926431359
 469780.6306585545
 466984.5029358556
 464434.6556913463
 462119.7351413337
 460028.3875021248
 458149.2589900268
 456470.9958213468
 454982.2442123918
 453671.650379469
 452527.8605388855
 451539.5209069484
 450695.2776999648
 449983.7771342417
 449393.6654260863
 448913.5887918058
 448532.1934477071
 448238.1256100974
 448020.0314952838
 447866.5573195734
 447766.3492992733
 447708.0536506907
 447680.3165901325
 447671.7843339058
 447671.103098318
 447666.9190996759
 447647.8785542867
 447602.6276784576
 447519.8126884956
 447388.0798007078
 447196.0752314012
 446932.4451968832
 446585.8359134606
 446144.8935974406
 445598.2644651304
 444934.5947328371
 444142.5306168676
 443210.7183335291
 442127.8040991288
 440882.4341299738
 439463.254642371
 437858.9118526278
 436058.051977051
 434049.3212319479
 431821.3658336255
 429362.831998391
 426662.3659425514
 423708.6138824138
 420490.2220342855
 416995.8366144734
 413214.1038392846
 409133.6699250263
 404743.1810880055
 400031.2835445295
 394986.6235109051
 389597.8472034396
 383853.6008384401
 377742.5306322136
 371253.2828010675
 364374.5035613084
 357094.8391292437
 349402.9357211807
 341287.4395534261
 332736.9968422871
 323740.2538040711
 314285.8566550849
 304362.4516116355
 293958.6848900304
 283063.2027065765
 271664.6512775808
 259751.6768193504
 247312.9255481928
 234337.0436804145
 220812.6774323229
 206728.4730202253
 192073.0766604285
 176835.1345692397


# name: QUERY
# type: sq_string
# elements: 1
# length: 2
R4


# name: DATASIZE
# type: sq_string
# elements: 1
# length: 3
500


