# Created by Octave 4.0.0, Wed May 18 23:51:08 2016 CEST <peter@Independence>
# name: x
# type: matrix
# rows: 1
# columns: 100
 60 60.6060606060606 61.21212121212121 61.81818181818181 62.42424242424242 63.03030303030303 63.63636363636363 64.24242424242425 64.84848484848484 65.45454545454545 66.06060606060606 66.66666666666666 67.27272727272728 67.87878787878788 68.48484848484848 69.09090909090909 69.69696969696969 70.3030303030303 70.90909090909091 71.51515151515152 72.12121212121212 72.72727272727272 73.33333333333333 73.93939393939394 74.54545454545455 75.15151515151516 75.75757575757575 76.36363636363636 76.96969696969697 77.57575757575758 78.18181818181819 78.78787878787878 79.39393939393939 80 80.60606060606061 81.21212121212122 81.81818181818181 82.42424242424242 83.03030303030303 83.63636363636364 84.24242424242425 84.84848484848484 85.45454545454545 86.06060606060606 86.66666666666667 87.27272727272728 87.87878787878788 88.48484848484848 89.09090909090909 89.6969696969697 90.30303030303031 90.90909090909091 91.51515151515152 92.12121212121212 92.72727272727273 93.33333333333333 93.93939393939394 94.54545454545455 95.15151515151516 95.75757575757575 96.36363636363636 96.96969696969697 97.57575757575758 98.18181818181819 98.78787878787878 99.39393939393939 100 100.6060606060606 101.2121212121212 101.8181818181818 102.4242424242424 103.030303030303 103.6363636363636 104.2424242424242 104.8484848484848 105.4545454545455 106.0606060606061 106.6666666666667 107.2727272727273 107.8787878787879 108.4848484848485 109.0909090909091 109.6969696969697 110.3030303030303 110.9090909090909 111.5151515151515 112.1212121212121 112.7272727272727 113.3333333333333 113.9393939393939 114.5454545454545 115.1515151515152 115.7575757575758 116.3636363636364 116.969696969697 117.5757575757576 118.1818181818182 118.7878787878788 119.3939393939394 120


# name: y
# type: matrix
# rows: 100
# columns: 1
 460532.0115094588
 457588.3568221537
 454708.4293436541
 451892.2290739478
 449139.7560130437
 446451.0101609367
 443825.9915176306
 441264.7000831223
 438767.1358574162
 436333.2988405074
 433963.1890323975
 431656.8064330886
 429414.1510425768
 427235.2228608661
 425120.0218879531
 423068.5481238399
 421080.8015685269
 419156.7822220126
 417296.4900842973
 415499.9251553824
 413767.0874352654
 412097.9769239491
 410492.593621431
 408950.9375277119
 407473.0086427926
 406058.806966672
 404708.3324993516
 403421.58524083
 402198.5651911076
 401039.2723501844
 399943.7067180607
 398911.8682947363
 397943.7570802108
 397039.3730744853
 396198.7162775583
 395421.7866894311
 394708.584310103
 394059.1091395743
 393473.3611778447
 392951.3404249145
 392493.0468807835
 392098.4805454518
 391767.6414189194
 391500.5295011863
 391297.1447922525
 391157.4872921178
 391081.5570007825
 391069.3539182465
 391120.8780445097
 391236.1293795723
 391415.1079234341
 391657.8136760952
 391964.2466375555
 392334.4068078151
 392768.2941868741
 393265.9087747322
 393827.2505713897
 394452.3195768465
 395141.1157911024
 395893.6392141577
 396709.8898460123
 397589.8676866664
 398533.5727361193
 399541.0049943716
 400612.1644614228
 401747.0511372745
 402945.6650219248
 404208.0061153738
 405534.0744176231
 406923.8699286713
 408377.3926485182
 409894.6425771642
 411475.6197146109
 413120.3240608553
 414828.7556158995
 416600.914379744
 418436.8003523864
 420336.4135338286
 422299.7539240718
 424326.8215231117
 426417.6163309522
 428572.1383475914
 430790.3875730296
 433072.3640072684
 435418.0676503057
 437827.4985021409
 440300.6565627767
 442837.5418322129
 445438.1543104473
 448102.4939974811
 450830.5608933129
 453622.3549979439
 456477.8763113766
 459397.1248336085
 462380.1005646386
 465426.8035044663
 468537.2336530929
 471711.3910105275
 474949.2755767467
 478250.8873517767


# name: QUERY
# type: sq_string
# elements: 1
# length: 2
R4


# name: DATASIZE
# type: sq_string
# elements: 1
# length: 3
500


