# Created by Octave 3.8.2, Mon May 23 11:35:29 2016 CEST <Andrea@Andreas-MacBook-Pro.local>
# name: x
# type: matrix
# rows: 1
# columns: 100
 60 60.60606060606061 61.21212121212121 61.81818181818181 62.42424242424242 63.03030303030303 63.63636363636363 64.24242424242425 64.84848484848484 65.45454545454545 66.06060606060606 66.66666666666666 67.27272727272727 67.87878787878788 68.48484848484848 69.09090909090909 69.69696969696969 70.3030303030303 70.90909090909091 71.51515151515152 72.12121212121212 72.72727272727272 73.33333333333333 73.93939393939394 74.54545454545455 75.15151515151516 75.75757575757575 76.36363636363636 76.96969696969697 77.57575757575758 78.18181818181819 78.78787878787878 79.39393939393939 80 80.60606060606061 81.21212121212122 81.81818181818181 82.42424242424242 83.03030303030303 83.63636363636364 84.24242424242425 84.84848484848484 85.45454545454545 86.06060606060606 86.66666666666667 87.27272727272728 87.87878787878788 88.48484848484848 89.09090909090909 89.6969696969697 90.30303030303031 90.90909090909091 91.51515151515152 92.12121212121212 92.72727272727273 93.33333333333333 93.93939393939394 94.54545454545455 95.15151515151516 95.75757575757576 96.36363636363636 96.96969696969697 97.57575757575758 98.18181818181819 98.78787878787878 99.39393939393939 100 100.6060606060606 101.2121212121212 101.8181818181818 102.4242424242424 103.030303030303 103.6363636363636 104.2424242424242 104.8484848484849 105.4545454545455 106.0606060606061 106.6666666666667 107.2727272727273 107.8787878787879 108.4848484848485 109.0909090909091 109.6969696969697 110.3030303030303 110.9090909090909 111.5151515151515 112.1212121212121 112.7272727272727 113.3333333333333 113.9393939393939 114.5454545454545 115.1515151515152 115.7575757575758 116.3636363636364 116.969696969697 117.5757575757576 118.1818181818182 118.7878787878788 119.3939393939394 120


# name: y
# type: matrix
# rows: 100
# columns: 1
 55883.8444128471
 55898.17093269742
 55912.50001686517
 55926.82311314615
 55941.13155164849
 55955.41655264454
 55969.66923467492
 55983.88062289509
 55998.04165765541
 56012.14320330371
 56026.17605719925
 56040.13095892788
 56053.99859970491
 56067.76963195452
 56081.43467905244
 56094.98434521837
 56108.40922554483
 56121.69991614847
 56134.8470244286
 56147.84117941908
 56160.67304221788
 56173.33331647882
 56185.81275895028
 56198.10219004459
 56210.19250442169
 56222.07468157174
 56233.73979637882
 56245.17902965078
 56256.38367859658
 56267.34516723684
 56278.05505672845
 56288.50505558829
 56298.68702979884
 56308.59301277855
 56318.21521520166
 56327.54603465012
 56336.57806508208
 56345.30410610102
 56353.71717200955
 56361.81050063309
 56369.57756189757
 56377.01206614767
 56384.10797218987
 56390.85949504768
 56397.26111341486
 56403.30757679386
 56408.99391230725
 56414.31543116967
 56419.26773480946
 56423.84672062879
 56428.04858739226
 56431.86984023446
 56435.30729527713
 56438.35808384829
 56441.01965629516
 56443.28978538449
 56445.16656928379
 56446.64843411805
 56447.73413609754
 56448.42276321255
 56448.71373649177
 56448.60681082233
 56448.10207532952
 56447.19995331543
 56445.9012017567
 56444.20691036174
 56442.11850018913
 56439.63772182979
 56436.76665315536
 56433.50769663724
 56429.86357624049
 56425.83733389818
 56421.43232557221
 56416.65221690759
 56411.50097848714
 56405.98288069572
 56400.1024882023
 56393.8646540695
 56387.27451350106
 56380.33747723763
 56373.05922461304
 56365.44569628203
 56357.50308663305
 56349.23783589815
 56340.65662197428
 56331.76635196951
 56322.57415348891
 56313.08736567455
 56303.31353001509
 56293.26038094042
 56282.93583621702
 56272.34798716012
 56261.50508867932
 56250.41554917357
 56239.08792029301
 56227.53088658326
 56215.75325503066
 56203.76394452379
 56191.57197524959
 56179.18645804015


# name: TRAIN_QUERIES
# type: cell
# rows: 1
# columns: 2
# name: <cell-element>
# type: sq_string
# elements: 1
# length: 2
R2



# name: <cell-element>
# type: sq_string
# elements: 1
# length: 2
R5





# name: TEST_QUERIES
# type: cell
# rows: 1
# columns: 1
# name: <cell-element>
# type: sq_string
# elements: 1
# length: 2
R3





# name: DATASIZE
# type: sq_string
# elements: 1
# length: 3
750


