# Created by Octave 3.8.2, Mon May 23 11:35:29 2016 CEST <Andrea@Andreas-MacBook-Pro.local>
# name: x
# type: matrix
# rows: 1
# columns: 100
 60 60.60606060606061 61.21212121212121 61.81818181818181 62.42424242424242 63.03030303030303 63.63636363636363 64.24242424242425 64.84848484848484 65.45454545454545 66.06060606060606 66.66666666666666 67.27272727272727 67.87878787878788 68.48484848484848 69.09090909090909 69.69696969696969 70.3030303030303 70.90909090909091 71.51515151515152 72.12121212121212 72.72727272727272 73.33333333333333 73.93939393939394 74.54545454545455 75.15151515151516 75.75757575757575 76.36363636363636 76.96969696969697 77.57575757575758 78.18181818181819 78.78787878787878 79.39393939393939 80 80.60606060606061 81.21212121212122 81.81818181818181 82.42424242424242 83.03030303030303 83.63636363636364 84.24242424242425 84.84848484848484 85.45454545454545 86.06060606060606 86.66666666666667 87.27272727272728 87.87878787878788 88.48484848484848 89.09090909090909 89.6969696969697 90.30303030303031 90.90909090909091 91.51515151515152 92.12121212121212 92.72727272727273 93.33333333333333 93.93939393939394 94.54545454545455 95.15151515151516 95.75757575757576 96.36363636363636 96.96969696969697 97.57575757575758 98.18181818181819 98.78787878787878 99.39393939393939 100 100.6060606060606 101.2121212121212 101.8181818181818 102.4242424242424 103.030303030303 103.6363636363636 104.2424242424242 104.8484848484849 105.4545454545455 106.0606060606061 106.6666666666667 107.2727272727273 107.8787878787879 108.4848484848485 109.0909090909091 109.6969696969697 110.3030303030303 110.9090909090909 111.5151515151515 112.1212121212121 112.7272727272727 113.3333333333333 113.9393939393939 114.5454545454545 115.1515151515152 115.7575757575758 116.3636363636364 116.969696969697 117.5757575757576 118.1818181818182 118.7878787878788 119.3939393939394 120


# name: y
# type: matrix
# rows: 1
# columns: 100
 216529.7792372271 216523.0743569449 216516.3694766626 216509.6645963804 216502.9597160982 216496.2548358159 216489.5499555337 216482.8450752515 216476.1401949693 216469.435314687 216462.7304344048 216456.0255541226 216449.3206738404 216442.6157935581 216435.9109132759 216429.2060329937 216422.5011527114 216415.7962724292 216409.091392147 216402.3865118648 216395.6816315825 216388.9767513003 216382.271871018 216375.5669907358 216368.8621104536 216362.1572301714 216355.4523498892 216348.7474696069 216342.0425893247 216335.3377090425 216328.6328287603 216321.927948478 216315.2230681958 216308.5181879135 216301.8133076313 216295.1084273491 216288.4035470669 216281.6986667847 216274.9937865024 216268.2889062202 216261.5840259379 216254.8791456557 216248.1742653735 216241.4693850913 216234.764504809 216228.0596245268 216221.3547442446 216214.6498639624 216207.9449836802 216201.2401033979 216194.5352231157 216187.8303428334 216181.1254625512 216174.420582269 216167.7157019868 216161.0108217045 216154.3059414223 216147.6010611401 216140.8961808578 216134.1913005756 216127.4864202934 216120.7815400112 216114.0766597289 216107.3717794467 216100.6668991645 216093.9620188823 216087.2571386 216080.5522583178 216073.8473780356 216067.1424977533 216060.4376174711 216053.7327371889 216047.0278569067 216040.3229766244 216033.6180963422 216026.91321606 216020.2083357777 216013.5034554955 216006.7985752133 216000.0936949311 215993.3888146488 215986.6839343666 215979.9790540844 215973.2741738022 215966.5692935199 215959.8644132377 215953.1595329555 215946.4546526732 215939.749772391 215933.0448921088 215926.3400118266 215919.6351315443 215912.9302512621 215906.2253709799 215899.5204906977 215892.8156104154 215886.1107301332 215879.405849851 215872.7009695687 215865.9960892865


# name: TRAIN_QUERIES
# type: cell
# rows: 1
# columns: 2
# name: <cell-element>
# type: sq_string
# elements: 1
# length: 2
R2



# name: <cell-element>
# type: sq_string
# elements: 1
# length: 2
R5





# name: TEST_QUERIES
# type: cell
# rows: 1
# columns: 1
# name: <cell-element>
# type: sq_string
# elements: 1
# length: 2
R3





# name: DATASIZE
# type: sq_string
# elements: 1
# length: 3
750


