# Created by Octave 3.8.2, Mon May 23 11:35:29 2016 CEST <Andrea@Andreas-MacBook-Pro.local>
# name: SVs
# type: cell
# rows: 1
# columns: 7
# name: <cell-element>
# type: sparse matrix
# nnz: 14
# rows: 2
# columns: 7
1 1 -1.338015086717538
2 1 1.200251396271224
1 2 -1.267948566665049
2 2 0.5454032054046151
1 3 -0.9658786807804121
2 3 1.278801711581727
1 4 -1.204868131798424
2 4 0.9928818663648065
1 5 -1.278039929878859
2 5 0.6992771548023662
1 6 -0.642379289816163
2 6 -0.5024477116742667
1 7 0.3859391201801549
2 7 0.3859391201801549



# name: <cell-element>
# type: sparse matrix
# nnz: 21
# rows: 3
# columns: 7
1 1 -1.338015086717538
2 1 -1.320963102340312
3 1 1.200251396271224
1 2 -1.267948566665049
2 2 -1.263955764463916
3 2 0.5454032054046151
1 3 -0.9658786807804121
2 3 -1.000518810292173
3 3 1.278801711581727
1 4 -1.204868131798424
2 4 -1.20898236766973
3 4 0.9928818663648065
1 5 -1.278039929878859
2 5 -1.345610688588486
3 5 0.6992771548023662
1 6 -0.642379289816163
2 6 -0.6476898625454667
3 6 -0.5024477116742667
1 7 0.3859391201801549
2 7 -0.5525946493488575
3 7 0.3859391201801549



# name: <cell-element>
# type: sparse matrix
# nnz: 14
# rows: 2
# columns: 7
1 1 -1.338015086717538
2 1 1.200251396271224
1 2 -1.267948566665049
2 2 0.5454032054046151
1 3 -0.9658786807804121
2 3 1.278801711581727
1 4 -1.204868131798424
2 4 0.9928818663648065
1 5 -1.278039929878859
2 5 0.6992771548023662
1 6 -0.642379289816163
2 6 -0.5024477116742667
1 7 0.3859391201801549
2 7 0.3859391201801549



# name: <cell-element>
# type: sparse matrix
# nnz: 28
# rows: 4
# columns: 7
1 1 -1.338015086717538
2 1 -1.320963102340312
3 1 1.200251396271224
4 1 -1.322777143231506
1 2 -1.267948566665049
2 2 -1.263955764463916
3 2 0.5454032054046151
4 2 -1.250531688098038
1 3 -0.9658786807804121
2 3 -1.000518810292173
3 3 1.278801711581727
4 3 -0.990126771438645
1 4 -1.204868131798424
2 4 -1.20898236766973
3 4 0.9928818663648065
4 4 -1.204494110355578
1 5 -1.278039929878859
2 5 -1.345610688588486
3 5 0.6992771548023662
4 5 -1.254691536259007
1 6 -0.642379289816163
2 6 -0.6476898625454667
3 6 -0.5024477116742667
4 6 -0.6390775183972699
1 7 0.3859391201801549
2 7 -0.5525946493488575
3 7 0.3859391201801549
4 7 -1.49112841887787



# name: <cell-element>
# type: sparse matrix
# nnz: 21
# rows: 3
# columns: 7
1 1 -1.205045889392997
2 1 1.200251396271224
3 1 -1.290850023546487
1 2 -1.186612432171282
2 2 0.5454032054046151
3 2 -1.223201645445456
1 3 -0.8481022404404233
2 3 1.278801711581727
3 3 -0.9674182420920459
1 4 -1.064984112174011
2 4 0.9928818663648065
3 4 -1.2071122604555
1 5 -1.267698114226588
2 5 0.6992771548023662
3 5 -1.216052482687024
1 6 -0.6416992501743314
2 6 -0.5024477116742667
3 6 -0.6379992976493658
1 7 0.3859391201801549
2 7 0.3859391201801549
3 7 -0.5525946493488575



# name: <cell-element>
# type: sparse matrix
# nnz: 35
# rows: 5
# columns: 7
1 1 -1.320963102340312
2 1 1.200251396271224
3 1 1.073510406006449
4 1 -1.33523355735104
5 1 -1.323321355498865
1 2 -1.263955764463916
2 2 0.5454032054046151
3 2 0.4656504235078494
4 2 -1.271872527448921
5 2 -1.26650289690257
1 3 -1.000518810292173
2 3 1.278801711581727
3 3 1.258402524202578
4 3 -0.9674182420920459
5 3 -0.999364139308448
1 4 -1.20898236766973
2 4 0.9928818663648065
3 4 0.9584718936229724
4 4 -1.210104431998268
5 4 -1.204868131798424
1 5 -1.345610688588486
2 5 0.6992771548023662
3 5 0.7278916263310437
4 5 -1.330129688470975
5 5 -1.332794450786284
1 6 -0.6476898625454667
2 6 -0.5024477116742667
3 6 -0.5003896969687236
4 6 -0.6459137063756827
5 6 -0.6460345028910081
1 7 -0.5525946493488575
2 7 0.3859391201801549
3 7 -1.49112841887787
4 7 1.324472889709167
5 7 -1.49112841887787



# name: <cell-element>
# type: scalar
0





# name: coefficients
# type: cell
# rows: 1
# columns: 7
# name: <cell-element>
# type: matrix
# rows: 2
# columns: 1
 -0.001422581125299542
 0.001422581125299542



# name: <cell-element>
# type: matrix
# rows: 3
# columns: 1
 -0.01804397590779095
 -0.03274401305100514
 0.05078798895879609



# name: <cell-element>
# type: matrix
# rows: 2
# columns: 1
 -0.01240223308155531
 0.01240223308155531



# name: <cell-element>
# type: matrix
# rows: 4
# columns: 1
 -0.01637278389325801
 -0.009471065036333557
 0.02692713090329473
 -0.001083281973703159



# name: <cell-element>
# type: matrix
# rows: 3
# columns: 1
 -0.01682899893189623
 0.0261146130191514
 -0.009285614087255169



# name: <cell-element>
# type: matrix
# rows: 5
# columns: 1
 -0.002131501570734078
 0.01753981711107905
 0.003543993358969844
 -0.01009953138521411
 -0.008852777514100704



# name: <cell-element>
# type: scalar
0





# name: b
# type: cell
# rows: 1
# columns: 7
# name: <cell-element>
# type: scalar
-0.5545394891134638



# name: <cell-element>
# type: scalar
-0.5376360386556899



# name: <cell-element>
# type: scalar
-0.5499164728879768



# name: <cell-element>
# type: scalar
-0.5387768957640938



# name: <cell-element>
# type: scalar
-0.5413552556179113



# name: <cell-element>
# type: scalar
-0.5587681945068235



# name: <cell-element>
# type: scalar
0





# name: models
# type: cell
# rows: 1
# columns: 7
# name: <cell-element>
# type: scalar struct
# ndims: 2
 1 1
# length: 11
# name: Parameters
# type: matrix
# rows: 5
# columns: 1
 3
 0
 3
 0.1428571428571428
 0


# name: nr_class
# type: scalar
2


# name: totalSV
# type: scalar
2


# name: rho
# type: scalar
0.5545394891134638


# name: Label
# type: matrix
# rows: 0
# columns: 0


# name: sv_indices
# type: matrix
# rows: 2
# columns: 1
 29
 50


# name: ProbA
# type: matrix
# rows: 0
# columns: 0


# name: ProbB
# type: matrix
# rows: 0
# columns: 0


# name: nSV
# type: matrix
# rows: 0
# columns: 0


# name: sv_coef
# type: matrix
# rows: 2
# columns: 1
 -0.001422581125299542
 0.001422581125299542


# name: SVs
# type: sparse matrix
# nnz: 14
# rows: 2
# columns: 7
1 1 -1.338015086717538
2 1 1.200251396271224
1 2 -1.267948566665049
2 2 0.5454032054046151
1 3 -0.9658786807804121
2 3 1.278801711581727
1 4 -1.204868131798424
2 4 0.9928818663648065
1 5 -1.278039929878859
2 5 0.6992771548023662
1 6 -0.642379289816163
2 6 -0.5024477116742667
1 7 0.3859391201801549
2 7 0.3859391201801549





# name: <cell-element>
# type: scalar struct
# ndims: 2
 1 1
# length: 11
# name: Parameters
# type: matrix
# rows: 5
# columns: 1
 3
 1
 2
 0.1428571428571428
 0


# name: nr_class
# type: scalar
2


# name: totalSV
# type: scalar
3


# name: rho
# type: scalar
0.5376360386556899


# name: Label
# type: matrix
# rows: 0
# columns: 0


# name: sv_indices
# type: matrix
# rows: 3
# columns: 1
 29
 47
 50


# name: ProbA
# type: matrix
# rows: 0
# columns: 0


# name: ProbB
# type: matrix
# rows: 0
# columns: 0


# name: nSV
# type: matrix
# rows: 0
# columns: 0


# name: sv_coef
# type: matrix
# rows: 3
# columns: 1
 -0.01804397590779095
 -0.03274401305100514
 0.05078798895879609


# name: SVs
# type: sparse matrix
# nnz: 21
# rows: 3
# columns: 7
1 1 -1.338015086717538
2 1 -1.320963102340312
3 1 1.200251396271224
1 2 -1.267948566665049
2 2 -1.263955764463916
3 2 0.5454032054046151
1 3 -0.9658786807804121
2 3 -1.000518810292173
3 3 1.278801711581727
1 4 -1.204868131798424
2 4 -1.20898236766973
3 4 0.9928818663648065
1 5 -1.278039929878859
2 5 -1.345610688588486
3 5 0.6992771548023662
1 6 -0.642379289816163
2 6 -0.6476898625454667
3 6 -0.5024477116742667
1 7 0.3859391201801549
2 7 -0.5525946493488575
3 7 0.3859391201801549





# name: <cell-element>
# type: scalar struct
# ndims: 2
 1 1
# length: 11
# name: Parameters
# type: matrix
# rows: 5
# columns: 1
 3
 1
 3
 0.1428571428571428
 0


# name: nr_class
# type: scalar
2


# name: totalSV
# type: scalar
2


# name: rho
# type: scalar
0.5499164728879768


# name: Label
# type: matrix
# rows: 0
# columns: 0


# name: sv_indices
# type: matrix
# rows: 2
# columns: 1
 29
 50


# name: ProbA
# type: matrix
# rows: 0
# columns: 0


# name: ProbB
# type: matrix
# rows: 0
# columns: 0


