# Created by Octave 3.8.2, Mon May 23 11:35:22 2016 CEST <Andrea@Andreas-MacBook-Pro.local>
# name: mu
# type: matrix
# rows: 1
# columns: 8
 216178.2429906542 33769.64485981308 50566.79439252336 3936.490654205607 4672.387850467289 24557.51401869159 148155.2943925234 91.77570093457943


# name: sigma
# type: matrix
# rows: 1
# columns: 8
 288150.1181533515 16537.66469412339 29052.27811362356 2598.142711026591 2673.6435012676 15761.25561319584 223516.381472407 21.3098352444331


