# Created by Octave 3.8.2, Mon May 23 11:35:29 2016 CEST <Andrea@Andreas-MacBook-Pro.local>
# name: x
# type: matrix
# rows: 1
# columns: 100
 60 60.60606060606061 61.21212121212121 61.81818181818181 62.42424242424242 63.03030303030303 63.63636363636363 64.24242424242425 64.84848484848484 65.45454545454545 66.06060606060606 66.66666666666666 67.27272727272727 67.87878787878788 68.48484848484848 69.09090909090909 69.69696969696969 70.3030303030303 70.90909090909091 71.51515151515152 72.12121212121212 72.72727272727272 73.33333333333333 73.93939393939394 74.54545454545455 75.15151515151516 75.75757575757575 76.36363636363636 76.96969696969697 77.57575757575758 78.18181818181819 78.78787878787878 79.39393939393939 80 80.60606060606061 81.21212121212122 81.81818181818181 82.42424242424242 83.03030303030303 83.63636363636364 84.24242424242425 84.84848484848484 85.45454545454545 86.06060606060606 86.66666666666667 87.27272727272728 87.87878787878788 88.48484848484848 89.09090909090909 89.6969696969697 90.30303030303031 90.90909090909091 91.51515151515152 92.12121212121212 92.72727272727273 93.33333333333333 93.93939393939394 94.54545454545455 95.15151515151516 95.75757575757576 96.36363636363636 96.96969696969697 97.57575757575758 98.18181818181819 98.78787878787878 99.39393939393939 100 100.6060606060606 101.2121212121212 101.8181818181818 102.4242424242424 103.030303030303 103.6363636363636 104.2424242424242 104.8484848484849 105.4545454545455 106.0606060606061 106.6666666666667 107.2727272727273 107.8787878787879 108.4848484848485 109.0909090909091 109.6969696969697 110.3030303030303 110.9090909090909 111.5151515151515 112.1212121212121 112.7272727272727 113.3333333333333 113.9393939393939 114.5454545454545 115.1515151515152 115.7575757575758 116.3636363636364 116.969696969697 117.5757575757576 118.1818181818182 118.7878787878788 119.3939393939394 120


# name: y
# type: matrix
# rows: 100
# columns: 1
 60926.05424815297
 60926.31836732032
 60926.56752112909
 60926.80228585616
 60927.02322646327
 60927.23089659703
 60927.42583858906
 60927.60858345576
 60927.7796508985
 60927.93954930353
 60928.08877574204
 60928.22781597005
 60928.35714442853
 60928.4772242434
 60928.58850722539
 60928.69143387015
 60928.78643335833
 60928.87392355531
 60928.95431101159
 60929.02799096238
 60929.09534732788
 60929.15675271317
 60929.21256840829
 60929.26314438815
 60929.30881931246
 60929.34992052597
 60929.38676405832
 60929.41965462398
 60929.44888562235
 60929.47473913778
 60929.4974859395
 60929.51738548159
 60929.53468590305
 60929.54962402786
 60929.56242536486
 60929.57330410773
 60929.58246313513
 60929.59009401061
 60929.59637698258
 60929.60148098439
 60929.60556363434
 60929.60877123548
 60929.61123877592
 60929.61308992864
 60929.61443705144
 60929.61538118709
 60929.61601206331
 60929.61640809258
 60929.61663637246
 60929.61675268525
 60929.61680149825
 60929.61681596361
 60929.61681791852
 60929.61681788479
 60929.61681506943
 60929.6167973642
 60929.61674134579
 60929.61661227574
 60929.61636410066
 60929.61593945185
 60929.61526964564
 60929.61427468329
 60929.61286325083
 60929.61093271931
 60929.60836914461
 60929.60504726763
 60929.60083051401
 60929.5955709944
 60929.5891095043
 60929.58127552422
 60929.57188721938
 60929.56075144009
 60929.54766372146
 60929.53240828353
 60929.51475803126
 60929.49447455446
 60929.47130812792
 60929.44499771125
 60929.41527094904
 60929.38184417074
 60929.34442239071
 60929.30269930817
 60929.25635730734
 60929.20506745728
 60929.14848951192
 60929.0862719102
 60929.01805177587
 60928.94345491755
 60928.8620958289
 60928.77357768838
 60928.67749235936
 60928.5734203902
 60928.46093101395
 60928.33958214888
 60928.20892039785
 60928.06848104886
 60927.91778807467
 60927.75635413299
 60927.58368056643
 60927.39925740249


# name: TRAIN_QUERIES
# type: cell
# rows: 1
# columns: 2
# name: <cell-element>
# type: sq_string
# elements: 1
# length: 2
R2



# name: <cell-element>
# type: sq_string
# elements: 1
# length: 2
R5





# name: TEST_QUERIES
# type: cell
# rows: 1
# columns: 1
# name: <cell-element>
# type: sq_string
# elements: 1
# length: 2
R3





# name: DATASIZE
# type: sq_string
# elements: 1
# length: 3
750


