# Created by Octave 3.8.2, Mon May 23 11:35:29 2016 CEST <Andrea@Andreas-MacBook-Pro.local>
# name: x
# type: matrix
# rows: 1
# columns: 100
 60 60.60606060606061 61.21212121212121 61.81818181818181 62.42424242424242 63.03030303030303 63.63636363636363 64.24242424242425 64.84848484848484 65.45454545454545 66.06060606060606 66.66666666666666 67.27272727272727 67.87878787878788 68.48484848484848 69.09090909090909 69.69696969696969 70.3030303030303 70.90909090909091 71.51515151515152 72.12121212121212 72.72727272727272 73.33333333333333 73.93939393939394 74.54545454545455 75.15151515151516 75.75757575757575 76.36363636363636 76.96969696969697 77.57575757575758 78.18181818181819 78.78787878787878 79.39393939393939 80 80.60606060606061 81.21212121212122 81.81818181818181 82.42424242424242 83.03030303030303 83.63636363636364 84.24242424242425 84.84848484848484 85.45454545454545 86.06060606060606 86.66666666666667 87.27272727272728 87.87878787878788 88.48484848484848 89.09090909090909 89.6969696969697 90.30303030303031 90.90909090909091 91.51515151515152 92.12121212121212 92.72727272727273 93.33333333333333 93.93939393939394 94.54545454545455 95.15151515151516 95.75757575757576 96.36363636363636 96.96969696969697 97.57575757575758 98.18181818181819 98.78787878787878 99.39393939393939 100 100.6060606060606 101.2121212121212 101.8181818181818 102.4242424242424 103.030303030303 103.6363636363636 104.2424242424242 104.8484848484849 105.4545454545455 106.0606060606061 106.6666666666667 107.2727272727273 107.8787878787879 108.4848484848485 109.0909090909091 109.6969696969697 110.3030303030303 110.9090909090909 111.5151515151515 112.1212121212121 112.7272727272727 113.3333333333333 113.9393939393939 114.5454545454545 115.1515151515152 115.7575757575758 116.3636363636364 116.969696969697 117.5757575757576 118.1818181818182 118.7878787878788 119.3939393939394 120


# name: y
# type: matrix
# rows: 100
# columns: 1
 61191.38892952536
 61193.91906468337
 61196.40047772104
 61198.83316863832
 61201.21713743522
 61203.55238411171
 61205.83890866782
 61208.07671110355
 61210.2657914189
 61212.40614961387
 61214.49778568847
 61216.54069964268
 61218.53489147653
 61220.48036118996
 61222.37710878302
 61224.22513425568
 61226.02443760796
 61227.77501883989
 61229.47687795138
 61231.13001494252
 61232.73442981331
 61234.29012256366
 61235.79709319366
 61237.25534170325
 61238.66486809248
 61240.02567236131
 61241.33775450976
 61242.60111453786
 61243.81575244552
 61244.98166823282
 61246.09886189975
 61247.1673334463
 61248.18708287246
 61249.15811017819
 61250.0804153636
 61250.95399842859
 61251.77885937321
 61252.55499819745
 61253.2824149013
 61253.96110948481
 61254.5910819479
 61255.17233229059
 61255.70486051289
 61256.18866661482
 61256.62375059639
 61257.01011245756
 61257.34775219837
 61257.63666981878
 61257.87686531877
 61258.06833869842
 61258.21108995768
 61258.30511909653
 61258.35042611504
 61258.34701101313
 61258.29487379084
 61258.19401444821
 61258.04443298516
 61257.8461294017
 61257.5991036979
 61257.30335587371
 61256.95888592914
 61256.56569386416
 61256.12377967883
 61255.6331433731
 61255.09378494698
 61254.50570440048
 61253.8689017336
 61253.18337694634
 61252.4491300387
 61251.66616101065
 61250.83446986225
 61249.95405659347
 61249.02492120428
 61248.04706369468
 61247.02048406476
 61245.94518231443
 61244.82115844372
 61243.64841245263
 61242.42694434113
 61241.15675410928
 61239.83784175702
 61238.47020728441
 61237.05385069139
 61235.58877197801
 61234.07497114423
 61232.51244819004
 61230.9012031155
 61229.24123592055
 61227.53254660525
 61225.77513516956
 61223.96900161347
 61222.114145937
 61220.21056814017
 61218.25826822294
 61216.25724618533
 61214.2075020273
 61212.10903574893
 61209.96184735018
 61207.76593683101
 61205.52130419153


# name: TRAIN_QUERIES
# type: cell
# rows: 1
# columns: 2
# name: <cell-element>
# type: sq_string
# elements: 1
# length: 2
R2



# name: <cell-element>
# type: sq_string
# elements: 1
# length: 2
R5





# name: TEST_QUERIES
# type: cell
# rows: 1
# columns: 1
# name: <cell-element>
# type: sq_string
# elements: 1
# length: 2
R3





# name: DATASIZE
# type: sq_string
# elements: 1
# length: 3
750


