# Created by Octave 3.8.2, Mon May 23 11:35:29 2016 CEST <Andrea@Andreas-MacBook-Pro.local>
# name: x
# type: matrix
# rows: 1
# columns: 100
 60 60.60606060606061 61.21212121212121 61.81818181818181 62.42424242424242 63.03030303030303 63.63636363636363 64.24242424242425 64.84848484848484 65.45454545454545 66.06060606060606 66.66666666666666 67.27272727272727 67.87878787878788 68.48484848484848 69.09090909090909 69.69696969696969 70.3030303030303 70.90909090909091 71.51515151515152 72.12121212121212 72.72727272727272 73.33333333333333 73.93939393939394 74.54545454545455 75.15151515151516 75.75757575757575 76.36363636363636 76.96969696969697 77.57575757575758 78.18181818181819 78.78787878787878 79.39393939393939 80 80.60606060606061 81.21212121212122 81.81818181818181 82.42424242424242 83.03030303030303 83.63636363636364 84.24242424242425 84.84848484848484 85.45454545454545 86.06060606060606 86.66666666666667 87.27272727272728 87.87878787878788 88.48484848484848 89.09090909090909 89.6969696969697 90.30303030303031 90.90909090909091 91.51515151515152 92.12121212121212 92.72727272727273 93.33333333333333 93.93939393939394 94.54545454545455 95.15151515151516 95.75757575757576 96.36363636363636 96.96969696969697 97.57575757575758 98.18181818181819 98.78787878787878 99.39393939393939 100 100.6060606060606 101.2121212121212 101.8181818181818 102.4242424242424 103.030303030303 103.6363636363636 104.2424242424242 104.8484848484849 105.4545454545455 106.0606060606061 106.6666666666667 107.2727272727273 107.8787878787879 108.4848484848485 109.0909090909091 109.6969696969697 110.3030303030303 110.9090909090909 111.5151515151515 112.1212121212121 112.7272727272727 113.3333333333333 113.9393939393939 114.5454545454545 115.1515151515152 115.7575757575758 116.3636363636364 116.969696969697 117.5757575757576 118.1818181818182 118.7878787878788 119.3939393939394 120


# name: y
# type: matrix
# rows: 100
# columns: 1
 60186.65582931539
 60186.65651590031
 60186.6571388834
 60186.65770306805
 60186.65821298028
 60186.65867287962
 60186.65908676977
 60186.65945840912
 60186.65979132094
 60186.6600888033
 60186.66035393911
 60186.66058960548
 60186.66079848321
 60186.66098306581
 60186.66114566856
 60186.6612884372
 60186.66141335623
 60186.66152225755
 60186.66161682809
 60186.66169861806
 60186.66176904819
 60186.6618294174
 60186.66188090984
 60186.66192460194
 60186.66196146913
 60186.66199239224
 60186.66201816409
 60186.66203949525
 60186.66205702026
 60186.66207130291
 60186.662082842
 60186.66209207638
 60186.66209939006
 60186.66210511682
 60186.66210954497
 60186.66211292162
 60186.6621154568
 60186.6621173273
 60186.66211868057
 60186.66211963794
 60186.66212029805
 60186.66212073981
 60186.66212102529
 60186.66212120224
 60186.66212130652
 60186.66212136426
 60186.66212139383
 60186.66212140745
 60186.66212141293
 60186.66212141476
 60186.66212141517
 60186.66212141523
 60186.66212141523
 60186.66212141523
 60186.66212141523
 60186.66212141514
 60186.66212141459
 60186.66212141249
 60186.66212140617
 60186.66212139084
 60186.66212135821
 60186.6621212952
 60186.66212118251
 60186.66212099275
 60186.66212068856
 60186.66212022025
 60186.66211952368
 60186.66211851724
 60186.66211709933
 60186.66211514515
 60186.66211250343
 60186.66210899284
 60186.66210439839
 60186.66209846755
 60186.66209090588
 60186.66208137272
 60186.66206947679
 60186.66205477109
 60186.66203674805
 60186.66201483429
 60186.66198838496
 60186.66195667826
 60186.66191890952
 60186.66187418491
 60186.66182151533
 60186.66175980965
 60186.66168786801
 60186.66160437488
 60186.66150789181
 60186.66139684993
 60186.66126954241
 60186.66112411654
 60186.6609585656
 60186.66077072069
 60186.660558242
 60186.66031861035
 60186.66004911799
 60186.65974685948
 60186.65940872239
 60186.65903137764


# name: TRAIN_QUERIES
# type: cell
# rows: 1
# columns: 2
# name: <cell-element>
# type: sq_string
# elements: 1
# length: 2
R2



# name: <cell-element>
# type: sq_string
# elements: 1
# length: 2
R5





# name: TEST_QUERIES
# type: cell
# rows: 1
# columns: 1
# name: <cell-element>
# type: sq_string
# elements: 1
# length: 2
R3





# name: DATASIZE
# type: sq_string
# elements: 1
# length: 3
750


