# Created by Octave 3.8.2, Wed May 18 09:27:15 2016 CEST <Andrea@Andreas-MacBook-Pro.local>
# name: x
# type: matrix
# rows: 1
# columns: 100
 0.008333333333333333 0.008417508417508417 0.008501683501683501 0.008585858585858586 0.00867003367003367 0.008754208754208754 0.008838383838383838 0.008922558922558922 0.009006734006734006 0.00909090909090909 0.009175084175084175 0.009259259259259259 0.009343434343434343 0.009427609427609427 0.009511784511784511 0.009595959595959595 0.009680134680134679 0.009764309764309764 0.009848484848484849 0.009932659932659932 0.01001683501683502 0.0101010101010101 0.01018518518518518 0.01026936026936027 0.01035353535353535 0.01043771043771044 0.01052188552188552 0.0106060606060606 0.01069023569023569 0.01077441077441077 0.01085858585858586 0.01094276094276094 0.01102693602693603 0.01111111111111111 0.0111952861952862 0.01127946127946128 0.01136363636363636 0.01144781144781145 0.01153198653198653 0.01161616161616162 0.0117003367003367 0.01178451178451178 0.01186868686868687 0.01195286195286195 0.01203703703703704 0.01212121212121212 0.01220538720538721 0.01228956228956229 0.01237373737373737 0.01245791245791246 0.01254208754208754 0.01262626262626263 0.01271043771043771 0.01279461279461279 0.01287878787878788 0.01296296296296296 0.01304713804713805 0.01313131313131313 0.01321548821548822 0.0132996632996633 0.01338383838383838 0.01346801346801347 0.01355218855218855 0.01363636363636364 0.01372053872053872 0.0138047138047138 0.01388888888888889 0.01397306397306397 0.01405723905723906 0.01414141414141414 0.01422558922558922 0.01430976430976431 0.01439393939393939 0.01447811447811448 0.01456228956228956 0.01464646464646465 0.01473063973063973 0.01481481481481481 0.0148989898989899 0.01498316498316498 0.01506734006734007 0.01515151515151515 0.01523569023569023 0.01531986531986532 0.0154040404040404 0.01548821548821549 0.01557239057239057 0.01565656565656566 0.01574074074074074 0.01582491582491583 0.01590909090909091 0.01599326599326599 0.01607744107744108 0.01616161616161616 0.01624579124579124 0.01632996632996633 0.01641414141414141 0.0164983164983165 0.01658249158249158 0.01666666666666667


# name: y
# type: matrix
# rows: 100
# columns: 1
 522634.8920106948
 523369.4153082508
 524148.5432564642
 524972.2300965881
 525840.3985342915
 526752.9395449357
 527709.7122102149
 528710.543586618
 529755.228606121
 530843.5300094867
 531975.1783125014
 533149.8718054398
 534367.2765860014
 535627.0266259254
 536928.7238714386
 538271.9383776512
 539656.208476969
 541081.0409815442
 542545.9114197394
 544050.2643065358
 545593.5134477692
 547175.0422780282
 548794.2042320065
 550450.3231490506
 552142.6937106001
 553870.5819101705
 555633.2255554816
 557429.8348022912
 559259.5927194455
 561121.6558846137
 563015.1550101332
 564939.195598342
 566892.8586257388
 568875.2012552628
 570885.2575759516
 572922.0393691855
 574984.536900699
 577071.7197374913
 579182.5375887381
 581315.9211697682
 583470.7830881343
 585646.0187507747
 587840.5072912317
 590053.11251586
 592282.6838679333
 594528.0574085261
 596788.0568130262
 599061.4943821079
 601347.1720659715
 603643.8825006413
 605950.4100550851
 608265.5318879151
 610588.0190124016
 612916.6373685278
 615250.1489007992
 617587.3126405124
 619926.8857911796
 622267.6248158052
 624608.2865246997
 626947.6291625218
 629284.4134932397
 631617.4038816987
 633945.3693704975
 636267.0847508736
 638581.3316263116
 640886.8994675982
 643182.5866580586
 645467.2015277266
 647739.5633752142
 649998.503476067
 652242.8660764109
 654471.5093707177
 656683.3064625417
 658877.1463071038
 661051.9346346267
 663206.5948533552
 665340.0689312249
 667451.3182551733
 669539.3244671229
 671603.0902756994
 673641.6402427836
 675654.0215440362
 677639.3047025669
 679596.5842949677
 681524.9796289618
 683423.63539197
 685291.7222699332
 687128.4375357748
 688933.0056069329
 690704.6785714374
 692442.7366820474
 694146.4888180202
 695815.2729141201
 697448.4563565307
 699045.436345374
 700605.6402235955
 702128.5257720157
 703613.5814703983
 705060.3267244361
 706468.312058599


# name: QUERY
# type: sq_string
# elements: 1
# length: 2
R4


# name: DATASIZE
# type: sq_string
# elements: 1
# length: 3
750


