# Created by Octave 4.0.0, Mon May 23 11:56:43 2016 CEST <peter@Independence>
# name: x
# type: matrix
# rows: 1
# columns: 100
 0.008333333333333333 0.008417508417508417 0.008501683501683501 0.008585858585858586 0.00867003367003367 0.008754208754208754 0.008838383838383838 0.008922558922558922 0.009006734006734006 0.00909090909090909 0.009175084175084175 0.009259259259259259 0.009343434343434343 0.009427609427609427 0.009511784511784511 0.009595959595959595 0.009680134680134679 0.009764309764309764 0.009848484848484849 0.009932659932659932 0.01001683501683502 0.0101010101010101 0.01018518518518518 0.01026936026936027 0.01035353535353535 0.01043771043771044 0.01052188552188552 0.0106060606060606 0.01069023569023569 0.01077441077441077 0.01085858585858586 0.01094276094276094 0.01102693602693603 0.01111111111111111 0.0111952861952862 0.01127946127946128 0.01136363636363636 0.01144781144781145 0.01153198653198653 0.01161616161616162 0.0117003367003367 0.01178451178451178 0.01186868686868687 0.01195286195286195 0.01203703703703704 0.01212121212121212 0.01220538720538721 0.01228956228956229 0.01237373737373737 0.01245791245791246 0.01254208754208754 0.01262626262626263 0.01271043771043771 0.01279461279461279 0.01287878787878788 0.01296296296296296 0.01304713804713805 0.01313131313131313 0.01321548821548822 0.0132996632996633 0.01338383838383838 0.01346801346801347 0.01355218855218855 0.01363636363636364 0.01372053872053872 0.0138047138047138 0.01388888888888889 0.01397306397306397 0.01405723905723906 0.01414141414141414 0.01422558922558922 0.01430976430976431 0.01439393939393939 0.01447811447811448 0.01456228956228956 0.01464646464646465 0.01473063973063973 0.01481481481481481 0.0148989898989899 0.01498316498316498 0.01506734006734007 0.01515151515151515 0.01523569023569023 0.01531986531986532 0.0154040404040404 0.01548821548821549 0.01557239057239057 0.01565656565656566 0.01574074074074074 0.01582491582491583 0.01590909090909091 0.01599326599326599 0.01607744107744108 0.01616161616161616 0.01624579124579124 0.01632996632996633 0.01641414141414141 0.0164983164983165 0.01658249158249158 0.01666666666666667


# name: y
# type: matrix
# rows: 100
# columns: 1
 526237.0646145426
 526891.5103008854
 527592.0264028137
 528338.6243880511
 529131.2827440917
 529969.9467145858
 530854.5280691907
 531784.9049074581
 532760.9214972791
 533782.3881483696
 534849.0811212297
 535960.742571963
 537117.0805332972
 538317.7689320939
 539562.4476435913
 540850.7225825677
 542182.1658315667
 543556.3158062712
 544972.677458064
 546430.722513755
 547929.8897524081
 549469.5853191459
 551049.1830757548
 552668.0249878628
 554325.4215484097
 556020.6522370742
 557752.9660152695
 559521.5818562714
 561325.6893099846
 563164.4491018062
 565036.9937649925
 566942.4283058869
 568879.8309013152
 570848.2536274076
 572846.7232190613
 574874.2418592067
 576929.7879969992
 579012.3171940142
 581120.7629974764
 583254.0378395205
 585411.0339614324
 587590.62436179
 589791.6637673783
 592012.989625725
 594253.4231180669
 596511.7701915255
 598786.8226092412
 601077.3590171906
 603382.1460263798
 605699.9393090912
 608029.4847078314
 610369.5193556153
 612718.7728061994
 615075.9681728656
 617439.8232743414
 619809.0517864341
 622182.3643979451
 624558.4699694286
 626936.0766933499
 629313.8932542014
 631690.6299871334
 634065.0000336575
 636435.720492991
 638801.5135676113
 641161.1077016061
 643513.2387104108
 645856.6509005439
 648190.0981779632
 650512.3451436878
 652822.1681753483
 655118.3564933536
 657399.7132103828
 659665.0563629437
 661913.2199237605
 664143.0547937914
 666353.4297727026
 668543.2325066641
 670711.3704123648
 672856.7715761845
 674978.3856274987
 677075.1845851297
 679146.163676005
 681190.3421251214
 683206.7639159611
 685194.4985205507
 687152.6415983994
 689080.3156636048
 690976.6707194551
 692840.8848599158
 694672.1648374308
 696469.7465965233
 698232.8957727319
 699960.9081564685
 701653.1101214373
 703308.8590173074
 704927.543526381
 706508.5839840579
 708051.4326629409
 709555.5740204888
 711020.5249101685


# name: QUERY
# type: sq_string
# elements: 1
# length: 2
R4


# name: DATASIZE
# type: sq_string
# elements: 1
# length: 3
750


