# Created by Octave 3.8.2, Wed May 18 09:27:15 2016 CEST <Andrea@Andreas-MacBook-Pro.local>
# name: x
# type: matrix
# rows: 1
# columns: 100
 0.008333333333333333 0.008417508417508417 0.008501683501683501 0.008585858585858586 0.00867003367003367 0.008754208754208754 0.008838383838383838 0.008922558922558922 0.009006734006734006 0.00909090909090909 0.009175084175084175 0.009259259259259259 0.009343434343434343 0.009427609427609427 0.009511784511784511 0.009595959595959595 0.009680134680134679 0.009764309764309764 0.009848484848484849 0.009932659932659932 0.01001683501683502 0.0101010101010101 0.01018518518518518 0.01026936026936027 0.01035353535353535 0.01043771043771044 0.01052188552188552 0.0106060606060606 0.01069023569023569 0.01077441077441077 0.01085858585858586 0.01094276094276094 0.01102693602693603 0.01111111111111111 0.0111952861952862 0.01127946127946128 0.01136363636363636 0.01144781144781145 0.01153198653198653 0.01161616161616162 0.0117003367003367 0.01178451178451178 0.01186868686868687 0.01195286195286195 0.01203703703703704 0.01212121212121212 0.01220538720538721 0.01228956228956229 0.01237373737373737 0.01245791245791246 0.01254208754208754 0.01262626262626263 0.01271043771043771 0.01279461279461279 0.01287878787878788 0.01296296296296296 0.01304713804713805 0.01313131313131313 0.01321548821548822 0.0132996632996633 0.01338383838383838 0.01346801346801347 0.01355218855218855 0.01363636363636364 0.01372053872053872 0.0138047138047138 0.01388888888888889 0.01397306397306397 0.01405723905723906 0.01414141414141414 0.01422558922558922 0.01430976430976431 0.01439393939393939 0.01447811447811448 0.01456228956228956 0.01464646464646465 0.01473063973063973 0.01481481481481481 0.0148989898989899 0.01498316498316498 0.01506734006734007 0.01515151515151515 0.01523569023569023 0.01531986531986532 0.0154040404040404 0.01548821548821549 0.01557239057239057 0.01565656565656566 0.01574074074074074 0.01582491582491583 0.01590909090909091 0.01599326599326599 0.01607744107744108 0.01616161616161616 0.01624579124579124 0.01632996632996633 0.01641414141414141 0.0164983164983165 0.01658249158249158 0.01666666666666667


# name: y
# type: matrix
# rows: 100
# columns: 1
 556643.3111773526
 557758.1750976061
 558873.0390178598
 559987.9029381134
 561102.7668583671
 562217.6307786207
 563332.4946988744
 564447.358619128
 565562.2225393817
 566677.0864596353
 567791.950379889
 568906.8143001426
 570021.6782203963
 571136.5421406499
 572251.4060609036
 573366.2699811572
 574481.1339014109
 575595.9978216644
 576710.8617419181
 577825.7256621717
 578940.5895824254
 580055.453502679
 581170.3174229327
 582285.1813431863
 583400.04526344
 584514.9091836936
 585629.7731039473
 586744.6370242009
 587859.5009444546
 588974.3648647082
 590089.2287849619
 591204.0927052154
 592318.9566254691
 593433.8205457227
 594548.6844659764
 595663.54838623
 596778.4123064837
 597893.2762267373
 599008.140146991
 600123.0040672446
 601237.8679874983
 602352.7319077519
 603467.5958280056
 604582.4597482592
 605697.3236685129
 606812.1875887665
 607927.0515090202
 609041.9154292737
 610156.7793495274
 611271.643269781
 612386.5071900347
 613501.3711102883
 614616.235030542
 615731.0989507956
 616845.9628710493
 617960.8267913029
 619075.6907115566
 620190.5546318102
 621305.4185520639
 622420.2824723175
 623535.1463925712
 624650.0103128247
 625764.8742330784
 626879.738153332
 627994.6020735857
 629109.4659938393
 630224.329914093
 631339.1938343466
 632454.0577546003
 633568.9216748539
 634683.7855951076
 635798.6495153612
 636913.5134356149
 638028.3773558685
 639143.2412761222
 640258.1051963757
 641372.9691166293
 642487.833036883
 643602.6969571367
 644717.5608773903
 645832.424797644
 646947.2887178976
 648062.1526381513
 649177.0165584049
 650291.8804786585
 651406.7443989122
 652521.6083191659
 653636.4722394195
 654751.3361596732
 655866.2000799268
 656981.0640001805
 658095.927920434
 659210.7918406877
 660325.6557609413
 661440.519681195
 662555.3836014486
 663670.2475217022
 664785.1114419559
 665899.9753622095
 667014.8392824632


# name: QUERY
# type: sq_string
# elements: 1
# length: 2
R4


# name: DATASIZE
# type: sq_string
# elements: 1
# length: 3
750


