# Created by Octave 4.0.0, Mon May 23 11:56:43 2016 CEST <peter@Independence>
# name: x
# type: matrix
# rows: 1
# columns: 100
 0.008333333333333333 0.008417508417508417 0.008501683501683501 0.008585858585858586 0.00867003367003367 0.008754208754208754 0.008838383838383838 0.008922558922558922 0.009006734006734006 0.00909090909090909 0.009175084175084175 0.009259259259259259 0.009343434343434343 0.009427609427609427 0.009511784511784511 0.009595959595959595 0.009680134680134679 0.009764309764309764 0.009848484848484849 0.009932659932659932 0.01001683501683502 0.0101010101010101 0.01018518518518518 0.01026936026936027 0.01035353535353535 0.01043771043771044 0.01052188552188552 0.0106060606060606 0.01069023569023569 0.01077441077441077 0.01085858585858586 0.01094276094276094 0.01102693602693603 0.01111111111111111 0.0111952861952862 0.01127946127946128 0.01136363636363636 0.01144781144781145 0.01153198653198653 0.01161616161616162 0.0117003367003367 0.01178451178451178 0.01186868686868687 0.01195286195286195 0.01203703703703704 0.01212121212121212 0.01220538720538721 0.01228956228956229 0.01237373737373737 0.01245791245791246 0.01254208754208754 0.01262626262626263 0.01271043771043771 0.01279461279461279 0.01287878787878788 0.01296296296296296 0.01304713804713805 0.01313131313131313 0.01321548821548822 0.0132996632996633 0.01338383838383838 0.01346801346801347 0.01355218855218855 0.01363636363636364 0.01372053872053872 0.0138047138047138 0.01388888888888889 0.01397306397306397 0.01405723905723906 0.01414141414141414 0.01422558922558922 0.01430976430976431 0.01439393939393939 0.01447811447811448 0.01456228956228956 0.01464646464646465 0.01473063973063973 0.01481481481481481 0.0148989898989899 0.01498316498316498 0.01506734006734007 0.01515151515151515 0.01523569023569023 0.01531986531986532 0.0154040404040404 0.01548821548821549 0.01557239057239057 0.01565656565656566 0.01574074074074074 0.01582491582491583 0.01590909090909091 0.01599326599326599 0.01607744107744108 0.01616161616161616 0.01624579124579124 0.01632996632996633 0.01641414141414141 0.0164983164983165 0.01658249158249158 0.01666666666666667


# name: y
# type: matrix
# rows: 1
# columns: 100
 606190.3081871757 606220.4503553433 606250.5925235109 606280.7346916784 606310.8768598461 606341.0190280137 606371.1611961813 606401.3033643488 606431.4455325165 606461.5877006841 606491.7298688517 606521.8720370193 606552.0142051869 606582.1563733545 606612.2985415221 606642.4407096897 606672.5828778573 606702.7250460249 606732.8672141925 606763.0093823601 606793.1515505277 606823.2937186953 606853.4358868629 606883.5780550305 606913.7202231982 606943.8623913657 606974.0045595333 607004.146727701 607034.2888958686 607064.4310640361 607094.5732322037 607124.7154003714 607154.857568539 607184.9997367065 607215.1419048741 607245.2840730418 607275.4262412094 607305.568409377 607335.7105775445 607365.8527457122 607395.9949138798 607426.1370820474 607456.2792502149 607486.4214183826 607516.5635865502 607546.7057547178 607576.8479228853 607606.990091053 607637.1322592206 607667.2744273882 607697.4165955558 607727.5587637234 607757.700931891 607787.8431000586 607817.9852682262 607848.1274363938 607878.2696045614 607908.411772729 607938.5539408966 607968.6961090642 607998.8382772318 608028.9804453994 608059.122613567 608089.2647817347 608119.4069499022 608149.5491180698 608179.6912862374 608209.8334544051 608239.9756225726 608270.1177907402 608300.2599589078 608330.4021270755 608360.544295243 608390.6864634106 608420.8286315782 608450.9707997459 608481.1129679134 608511.255136081 608541.3973042486 608571.5394724163 608601.6816405839 608631.8238087514 608661.965976919 608692.1081450867 608722.2503132543 608752.3924814218 608782.5346495894 608812.6768177571 608842.8189859247 608872.9611540922 608903.1033222598 608933.2454904275 608963.3876585951 608993.5298267627 609023.6719949302 609053.8141630979 609083.9563312655 609114.0984994331 609144.2406676007 609174.3828357683


# name: QUERY
# type: sq_string
# elements: 1
# length: 2
R4


# name: DATASIZE
# type: sq_string
# elements: 1
# length: 3
750


