# Created by Octave 4.0.0, Mon May 23 11:56:43 2016 CEST <peter@Independence>
# name: x
# type: matrix
# rows: 1
# columns: 100
 0.008333333333333333 0.008417508417508417 0.008501683501683501 0.008585858585858586 0.00867003367003367 0.008754208754208754 0.008838383838383838 0.008922558922558922 0.009006734006734006 0.00909090909090909 0.009175084175084175 0.009259259259259259 0.009343434343434343 0.009427609427609427 0.009511784511784511 0.009595959595959595 0.009680134680134679 0.009764309764309764 0.009848484848484849 0.009932659932659932 0.01001683501683502 0.0101010101010101 0.01018518518518518 0.01026936026936027 0.01035353535353535 0.01043771043771044 0.01052188552188552 0.0106060606060606 0.01069023569023569 0.01077441077441077 0.01085858585858586 0.01094276094276094 0.01102693602693603 0.01111111111111111 0.0111952861952862 0.01127946127946128 0.01136363636363636 0.01144781144781145 0.01153198653198653 0.01161616161616162 0.0117003367003367 0.01178451178451178 0.01186868686868687 0.01195286195286195 0.01203703703703704 0.01212121212121212 0.01220538720538721 0.01228956228956229 0.01237373737373737 0.01245791245791246 0.01254208754208754 0.01262626262626263 0.01271043771043771 0.01279461279461279 0.01287878787878788 0.01296296296296296 0.01304713804713805 0.01313131313131313 0.01321548821548822 0.0132996632996633 0.01338383838383838 0.01346801346801347 0.01355218855218855 0.01363636363636364 0.01372053872053872 0.0138047138047138 0.01388888888888889 0.01397306397306397 0.01405723905723906 0.01414141414141414 0.01422558922558922 0.01430976430976431 0.01439393939393939 0.01447811447811448 0.01456228956228956 0.01464646464646465 0.01473063973063973 0.01481481481481481 0.0148989898989899 0.01498316498316498 0.01506734006734007 0.01515151515151515 0.01523569023569023 0.01531986531986532 0.0154040404040404 0.01548821548821549 0.01557239057239057 0.01565656565656566 0.01574074074074074 0.01582491582491583 0.01590909090909091 0.01599326599326599 0.01607744107744108 0.01616161616161616 0.01624579124579124 0.01632996632996633 0.01641414141414141 0.0164983164983165 0.01658249158249158 0.01666666666666667


# name: y
# type: matrix
# rows: 100
# columns: 1
 556895.0907080863
 558022.716396182
 559150.3420842775
 560277.9677723732
 561405.5934604688
 562533.2191485644
 563660.8448366601
 564788.4705247557
 565916.0962128513
 567043.7219009469
 568171.3475890425
 569298.9732771382
 570426.5989652338
 571554.2246533294
 572681.850341425
 573809.4760295206
 574937.1017176162
 576064.7274057119
 577192.3530938075
 578319.9787819032
 579447.6044699987
 580575.2301580943
 581702.85584619
 582830.4815342856
 583958.1072223813
 585085.7329104769
 586213.3585985724
 587340.9842866681
 588468.6099747637
 589596.2356628594
 590723.861350955
 591851.4870390506
 592979.1127271462
 594106.7384152418
 595234.3641033375
 596361.9897914331
 597489.6154795287
 598617.2411676244
 599744.8668557199
 600872.4925438155
 602000.1182319112
 603127.7439200068
 604255.3696081025
 605382.9952961981
 606510.6209842936
 607638.2466723893
 608765.8723604849
 609893.4980485805
 611021.1237366762
 612148.7494247718
 613276.3751128674
 614404.000800963
 615531.6264890586
 616659.2521771543
 617786.8778652499
 618914.5035533456
 620042.1292414411
 621169.7549295367
 622297.3806176324
 623425.006305728
 624552.6319938236
 625680.2576819193
 626807.8833700148
 627935.5090581105
 629063.1347462061
 630190.7604343017
 631318.3861223974
 632446.011810493
 633573.6374985887
 634701.2631866842
 635828.8888747798
 636956.5145628755
 638084.1402509711
 639211.7659390667
 640339.3916271623
 641467.0173152579
 642594.6430033535
 643722.2686914492
 644849.8943795448
 645977.5200676405
 647105.145755736
 648232.7714438317
 649360.3971319273
 650488.0228200229
 651615.6485081186
 652743.2741962142
 653870.8998843097
 654998.5255724054
 656126.151260501
 657253.7769485967
 658381.4026366923
 659509.0283247879
 660636.6540128835
 661764.2797009791
 662891.9053890748
 664019.5310771704
 665147.1567652661
 666274.7824533617
 667402.4081414572
 668530.0338295529


# name: QUERY
# type: sq_string
# elements: 1
# length: 2
R4


# name: DATASIZE
# type: sq_string
# elements: 1
# length: 3
750


