# Created by Octave 4.0.0, Mon May 23 11:56:43 2016 CEST <peter@Independence>
# name: SVs
# type: cell
# rows: 1
# columns: 7
# name: <cell-element>
# type: sparse matrix
# nnz: 56
# rows: 8
# columns: 7
1 1 -1.098344475776165
2 1 0.4978730344349175
3 1 1.313717539653915
4 1 -0.1007085318942384
5 1 -0.5385598628201951
6 1 1.068742491211798
7 1 0.215209517001705
8 1 1.603031963379674
1 2 1.370303019554089
2 2 1.26927798515872
3 2 0.702054856259951
4 2 1.919452862483045
5 2 0.2933205427887791
6 2 -0.7294420760670899
7 2 -0.105218583725062
8 2 -1.734131408953145
1 3 0.1989849299923704
2 3 0.5940927811430049
3 3 -0.9036416313582374
4 3 0.281681922093666
5 3 -0.2880084679374814
6 3 -0.2696313585816379
7 3 -0.196122921158264
8 3 -2.180850731589358
1 4 0.03381900712670662
2 4 -0.144141480123795
3 4 -0.1026749588227072
4 4 -0.3048242501655101
5 4 -0.2812113699801684
6 4 -0.337075988955245
7 4 -0.232833761795566
8 4 -0.6348286488533335
1 5 1.551256708333897
2 5 0.2639502125225548
3 5 0.5520656546559976
4 5 0.3745061379923642
5 5 -0.7670675469724105
6 5 3.552151450359463
7 5 0.2111848844574185
8 5 0.6760222983645718
1 6 -0.8928074896527441
2 6 -0.873605306792801
3 6 -0.8376856955837771
4 6 -0.8878578586671066
5 6 1.467709295666342
6 6 -0.5969328615173172
7 6 -0.8656242753039117
8 6 -0.769692873148544
1 7 -1.182277133665218
2 7 -1.182277133665218
3 7 -1.182277133665218
4 7 -0.644076348937021
5 7 1.508726789975764
6 7 -1.182277133665218
7 7 -0.644076348937021
8 7 -1.182277133665218



# name: <cell-element>
# type: sparse matrix
# nnz: 168
# rows: 24
# columns: 7
1 1 0.00570596878650044
2 1 1.69614465147532
3 1 -1.098344475776165
4 1 -0.7779924893518574
5 1 -0.9298548496983284
6 1 0.4978730344349175
7 1 -0.5141732064141924
8 1 -0.4343623309036383
9 1 1.313717539653915
10 1 1.075393397504344
11 1 -0.5385598628201951
12 1 1.36249085246592
13 1 0.5034154563453727
14 1 1.068742491211798
15 1 0.5555142223036511
16 1 -2.118150107299912
17 1 -0.462074440455914
18 1 0.215209517001705
19 1 0.5377784721901946
20 1 1.603031963379674
21 1 -1.352187399275011
22 1 0.3238409864466259
23 1 0.849262583557774
24 1 1.589730150794582
1 2 1.518133230435386
2 2 0.410101775209114
3 2 1.370303019554089
4 2 1.673841540329166
5 2 -0.892565067384383
6 2 1.26927798515872
7 2 -1.197493840926368
8 2 -0.9838583324113908
9 2 0.702054856259951
10 2 -0.355000664179667
11 2 0.2933205427887791
12 2 1.538060186761078
13 2 0.02222125324157326
14 2 -0.7294420760670899
15 2 0.4119554455649923
16 2 -0.005120384507632122
17 2 -1.152078917207349
18 2 -0.105218583725062
19 2 0.8012262202994418
20 2 -1.734131408953145
21 2 0.6547862621850536
22 2 -1.050127047634041
23 2 1.473645141894306
24 2 -0.6789295588694053
1 3 0.3460018048391181
2 3 -2.061399520776376
3 3 0.1989849299923704
4 3 0.1162879378910748
5 3 1.953998873475421
6 3 0.5940927811430049
7 3 0.1897963753144487
8 3 0.557338562431318
9 3 -0.9036416313582374
10 3 -0.949584404747846
11 3 -0.2880084679374814
12 3 -0.232877139869951
13 3 0.3460018048391181
14 3 -0.2696313585816379
15 3 -1.02309284217122
16 3 0.5481500077533962
17 3 -0.2788199132595596
18 3 -0.196122921158264
19 3 -0.03991749163359461
20 3 -2.180850731589358
21 3 1.908056100085813
22 3 -0.5360994442413681
23 3 -1.675480224303663
24 3 0.9524464135819524
1 4 0.04936895261461453
2 4 -0.2650855005853009
3 4 0.03381900712670662
4 4 -0.2754521309105729
5 4 -0.4873921286716881
6 4 -0.144141480123795
7 4 -0.3272852825369326
8 4 0.02057275726663692
9 4 -0.1026749588227072
10 4 -0.1355026215194017
11 4 -0.2812113699801684
12 4 -0.3963961513720788
13 4 0.05109672433549318
14 4 -0.337075988955245
15 4 -0.3232538151882157
16 4 -0.2593262615157054
17 4 -0.4073387056043103
18 4 -0.232833761795566
19 4 -0.2524151746321908
20 4 -0.6348286488533335
21 4 2.796525988811678
22 4 -0.3094316414211865
23 4 -0.2144041967728604
24 4 -0.1850320775179232
1 5 0.2991270978993124
2 5 -0.6774502437506711
3 5 1.551256708333897
4 5 -0.4429376745722874
5 5 -0.1221579817318555
6 5 0.2639502125225548
7 5 2.809249132997941
8 5 0.9683254649476286
9 5 0.5520656546559976
10 5 -0.0275154091705792
11 5 -0.7670675469724105
12 5 1.11238318601435
13 5 1.990130230653443
14 5 3.552151450359463
15 5 -1.023356283288787
16 5 -0.05682948031787716
17 5 -0.3147933064140992
18 5 0.2111848844574185
19 5 -0.04426630696903518
20 5 0.6760222983645718
21 5 -0.8106198812483961
22 5 -0.5317174329041041
23 5 -1.04513245042678
24 5 0.8376684621196719
1 6 0.05147873661923812
2 6 -0.8859396281847211
3 6 -0.8928074896527441
4 6 1.536855044194616
5 6 1.542182357865904
6 6 -0.873605306792801
7 6 0.2874509030067992
8 6 0.1230694835861997
9 6 -0.8376856955837771
10 6 0.1112321130964522
11 6 1.467709295666342
12 6 0.2324980722445709
13 6 0.2268427709778485
14 6 -0.5969328615173172
15 6 -0.95386287749365
16 6 1.509791098062305
17 6 1.615343469683731
18 6 -0.8656242753039117
19 6 -0.901951386252717
20 6 -0.769692873148544
21 6 1.414784024584978
22 6 -0.9195335091715779
23 6 -0.9589715327679826
24 6 -0.8033066321714878
1 7 0.1632248281552737
2 7 -0.644076348937021
3 7 -1.182277133665218
4 7 1.508726789975764
5 7 1.508726789975764
6 7 -1.182277133665218
7 7 0.1632248281552737
8 7 0.1632248281552737
9 7 -1.182277133665218
10 7 0.1632248281552737
11 7 1.508726789975764
12 7 0.1632248281552737
13 7 0.1632248281552737
14 7 -1.182277133665218
15 7 -0.644076348937021
16 7 1.508726789975764
17 7 1.508726789975764
18 7 -0.644076348937021
19 7 -1.182277133665218
20 7 -1.182277133665218
21 7 1.508726789975764
22 7 -1.182277133665218
23 7 -0.644076348937021
24 7 -1.182277133665218



# name: <cell-element>
# type: sparse matrix
# nnz: 98
# rows: 14
# columns: 7
1 1 -0.03863340649714074
2 1 0.00570596878650044
3 1 -0.3434666115721738
4 1 -0.4343623309036383
5 1 1.075393397504344
6 1 -0.5385598628201951
7 1 0.5034154563453727
8 1 1.068742491211798
9 1 0.5555142223036511
10 1 -2.396379687204761
11 1 -0.462074440455914
12 1 0.215209517001705
13 1 1.014426756489337
14 1 0.5222596908409202
1 2 0.01758707735187743
2 2 1.518133230435386
3 2 -0.7831985163875614
4 2 -0.9838583324113908
5 2 -0.355000664179667
6 2 0.2933205427887791
7 2 0.02222125324157326
8 2 -0.7294420760670899
9 2 0.4119554455649923
10 2 -1.426422129877342
11 2 -1.152078917207349
12 2 -0.105218583725062
13 2 1.748451772153269
14 2 -0.2159753874887922
1 3 -1.261995263797185
2 3 0.3460018048391181
3 3 -1.252806709119263
4 3 0.557338562431318
5 3 -0.949584404747846
6 3 -0.2880084679374814
7 3 0.3460018048391181
8 3 -0.2696313585816379
9 3 -1.02309284217122
10 3 0.419510242262492
11 3 -0.2788199132595596
12 3 -0.196122921158264
13 3 -0.3982711240725422
14 3 -2.107342294165984
1 4 -0.3077038697003078
2 4 0.04936895261461453
3 4 -0.5973935949009626
4 4 0.02057275726663692
5 4 -0.1355026215194017
6 4 -0.2812113699801684
7 4 0.05109672433549318
8 4 -0.337075988955245
9 4 -0.3232538151882157
10 4 -0.5040939219735151
11 4 -0.4073387056043103
12 4 -0.232833761795566
13 4 -0.2938816959332786
14 4 2.979669791224816
1 5 -0.001551517582972441
2 5 0.2991270978993124
3 5 1.000989715654618
4 5 0.9683254649476286
5 5 -0.0275154091705792
6 5 -0.7670675469724105
7 5 1.990130230653443
8 5 3.552151450359463
9 5 -1.023356283288787
10 5 -0.694201141549127
11 5 -0.3147933064140992
12 5 0.2111848844574185
13 5 0.6768598432544946
14 5 -0.9262010760577424
1 6 -0.9118705262600789
2 6 0.05147873661923812
3 6 0.178529204268644
4 6 0.1230694835861997
5 6 0.1112321130964522
6 6 1.467709295666342
7 6 0.2268427709778485
8 6 -0.5969328615173172
9 6 -0.95386287749365
10 6 1.427426455536245
11 6 1.615343469683731
12 6 -0.8656242753039117
13 6 1.877663972904475
14 6 0.1257530184579309
1 7 -0.644076348937021
2 7 0.1632248281552737
3 7 0.1632248281552737
4 7 0.1632248281552737
5 7 0.1632248281552737
6 7 1.508726789975764
7 7 0.1632248281552737
8 7 -1.182277133665218
9 7 -0.644076348937021
10 7 1.508726789975764
11 7 1.508726789975764
12 7 -0.644076348937021
13 7 1.508726789975764
14 7 0.1632248281552737



