# Created by Octave 3.8.2, Wed May 18 09:27:10 2016 CEST <Andrea@Andreas-MacBook-Pro.local>
# name: SVs
# type: cell
# rows: 1
# columns: 7
# name: <cell-element>
# type: sparse matrix
# nnz: 56
# rows: 8
# columns: 7
1 1 1.068742491211798
2 1 1.589730150794582
3 1 -0.1561327509987899
4 1 -0.5385598628201951
5 1 -1.633742432326132
6 1 1.603031963379674
7 1 0.215209517001705
8 1 -0.5784653005754721
1 2 -0.7294420760670899
2 2 -0.6789295588694053
3 2 -1.962596280315149
4 2 0.2933205427887791
5 2 -0.6654904487892874
6 2 -1.734131408953145
7 2 -0.105218583725062
8 2 2.015380303399748
1 3 -0.2696313585816379
2 3 0.9524464135819524
3 3 -0.2880084679374814
4 3 -0.2880084679374814
5 3 1.641588014426082
6 3 -2.180850731589358
7 3 -0.196122921158264
8 3 -0.1593687024465771
1 4 -0.337075988955245
2 4 -0.1850320775179232
3 4 -0.1763932189135299
4 4 -0.2812113699801684
5 4 3.894236955476585
6 4 -0.6348286488533335
7 4 -0.232833761795566
8 4 -0.226498598819011
1 5 3.552151450359463
2 5 0.8376684621196719
3 5 -0.9329014351771248
4 5 -0.7670675469724105
5 5 -0.8466343115150764
6 5 0.6760222983645718
7 5 0.2111848844574185
8 5 -1.379312861505976
1 6 -0.5969328615173172
2 6 -0.8033066321714878
3 6 -0.9804000556696583
4 6 1.467709295666342
5 6 1.529639317095072
6 6 -0.769692873148544
7 6 -0.8656242753039117
8 6 -1.041843065214259
1 7 -1.182277133665218
2 7 -1.182277133665218
3 7 -1.182277133665218
4 7 1.508726789975764
5 7 1.508726789975764
6 7 -1.182277133665218
7 7 -0.644076348937021
8 7 -1.182277133665218



# name: <cell-element>
# type: sparse matrix
# nnz: 182
# rows: 26
# columns: 7
1 1 0.3238409864466259
2 1 1.068742491211798
3 1 -1.223603210952451
4 1 -0.9298548496983284
5 1 0.5222596908409202
6 1 0.00570596878650044
7 1 1.589730150794582
8 1 1.47001383752875
9 1 -0.4121926432618177
10 1 0.849262583557774
11 1 -0.1561327509987899
12 1 1.36249085246592
13 1 -0.03863340649714074
14 1 -0.7846433956444037
15 1 -0.7779924893518574
16 1 1.313717539653915
17 1 -2.118150107299912
18 1 -0.1151188288614218
19 1 0.215209517001705
20 1 -0.5962010506889286
21 1 1.014426756489337
22 1 -0.03309098458668559
23 1 -1.681407260756046
24 1 0.4978730344349175
25 1 0.5034154563453727
26 1 0.5377784721901946
1 2 -1.050127047634041
2 2 -0.7294420760670899
3 2 -0.3638055983700891
4 2 -0.892565067384383
5 2 -0.2159753874887922
6 2 1.518133230435386
7 2 -0.6789295588694053
8 2 -0.2442438604159368
9 2 0.1570757716317218
10 2 1.473645141894306
11 2 -1.962596280315149
12 2 1.538060186761078
13 2 0.01758707735187743
14 2 -0.4356353246603744
15 2 1.673841540329166
16 2 0.702054856259951
17 2 -0.005120384507632122
18 2 -0.7071980317965499
19 2 -0.105218583725062
20 2 -0.690514998593645
21 2 1.748451772153269
22 2 -0.612660843646755
23 2 -0.7720764942522914
24 2 1.26927798515872
25 2 0.02222125324157326
26 2 0.8012262202994418
1 3 -0.5360994442413681
2 3 -0.2696313585816379
3 3 -0.05829460098943808
4 3 1.953998873475421
5 3 -2.107342294165984
6 3 0.3460018048391181
7 3 0.9524464135819524
8 3 0.04277950046770097
9 3 0.897315085514422
10 3 -1.675480224303663
11 3 -0.2880084679374814
12 3 -0.232877139869951
13 3 -1.261995263797185
14 3 -0.6647392097322724
15 3 0.1162879378910748
16 3 -0.9036416313582374
17 3 0.5481500077533962
18 3 0.6859783279222222
19 3 -0.196122921158264
20 3 1.25566871795337
21 3 -0.3982711240725422
22 3 0.5297728983975527
23 3 1.84373621734036
24 3 0.5940927811430049
25 3 0.3460018048391181
26 3 -0.03991749163359461
1 4 -0.3094316414211865
2 4 -0.337075988955245
3 4 0.3626715580006109
4 4 -0.4873921286716881
5 4 2.979669791224816
6 4 0.04936895261461453
7 4 -0.1850320775179232
8 4 -0.1280156107289275
9 4 -0.1067064261714241
10 4 -0.2144041967728604
11 4 -0.1763932189135299
12 4 -0.3963961513720788
13 4 -0.3077038697003078
14 4 -0.430951585789652
15 4 -0.2754521309105729
16 4 -0.1026749588227072
17 4 -0.2593262615157054
18 4 -0.06351213314945769
19 4 -0.232833761795566
20 4 -0.4010035426277553
21 4 -0.2938816959332786
22 4 -0.6256138663419807
23 4 2.88406642266953
24 4 -0.144141480123795
25 4 0.05109672433549318
26 4 -0.2524151746321908
1 5 -0.5317174329041041
2 5 3.552151450359463
3 5 -1.555197288389764
4 5 -0.1221579817318555
5 5 -0.9262010760577424
6 5 0.2991270978993124
7 5 0.8376684621196719
8 5 -0.1229955266217783
9 5 0.5629537382249939
10 5 -1.04513245042678
11 5 -0.9329014351771248
12 5 1.11238318601435
13 5 -0.001551517582972441
14 5 0.4281090109474234
15 5 -0.4429376745722874
16 5 0.5520656546559976
17 5 -0.05682948031787716
18 5 -0.5292047982343356
19 5 0.2111848844574185
20 5 0.2354736862651796
21 5 0.6768598432544946
22 5 -0.7620422776328738
23 5 -0.1020569043737083
24 5 0.2639502125225548
25 5 1.990130230653443
26 5 -0.04426630696903518
1 6 -0.9195335091715779
2 6 -0.5969328615173172
3 6 1.420787191483221
4 6 1.542182357865904
5 6 0.1257530184579309
6 6 0.05147873661923812
7 6 -0.8033066321714878
8 6 -0.8827193863386436
9 6 0.08687157987195925
10 6 -0.9589715327679826
11 6 -0.9804000556696583
12 6 0.2324980722445709
13 6 -0.9118705262600789
14 6 0.06833531122092727
15 6 1.536855044194616
16 6 -0.8376856955837771
17 6 1.509791098062305
18 6 0.006007729070459931
19 6 -0.8656242753039117
20 6 1.67292020120943
21 6 1.877663972904475
22 6 -0.01064012615231679
23 6 1.575309105004719
24 6 -0.873605306792801
25 6 0.2268427709778485
26 6 -0.901951386252717
1 7 -1.182277133665218
2 7 -1.182277133665218
3 7 1.508726789975764
4 7 1.508726789975764
5 7 0.1632248281552737
6 7 0.1632248281552737
7 7 -1.182277133665218
8 7 -0.644076348937021
9 7 0.1632248281552737
10 7 -0.644076348937021
11 7 -1.182277133665218
12 7 0.1632248281552737
13 7 -0.644076348937021
14 7 0.1632248281552737
15 7 1.508726789975764
16 7 -1.182277133665218
17 7 1.508726789975764
18 7 0.1632248281552737
19 7 -0.644076348937021
20 7 1.508726789975764
21 7 1.508726789975764
22 7 0.1632248281552737
23 7 1.508726789975764
24 7 -1.182277133665218
25 7 0.1632248281552737
26 7 -1.182277133665218



