# Created by Octave 3.8.2, Wed May 18 09:27:00 2016 CEST <Andrea@Andreas-MacBook-Pro.local>
# name: mu
# type: matrix
# rows: 1
# columns: 8
 607501.3442622951 43893.85245901639 87283.04918032787 3225.344262295082 5636.278688524591 30262.85245901639 423674.5409836065 0.01199453551912568


# name: sigma
# type: matrix
# rows: 1
# columns: 8
 125022.6425068522 902.1326923105709 2157.880977766765 108.8310441687637 1736.340492061274 1193.965854286539 100613.5611816442 0.00309673771194587


