# Created by Octave 4.0.0, Mon May 23 11:56:43 2016 CEST <peter@Independence>
# name: x
# type: matrix
# rows: 1
# columns: 100
 0.008333333333333333 0.008417508417508417 0.008501683501683501 0.008585858585858586 0.00867003367003367 0.008754208754208754 0.008838383838383838 0.008922558922558922 0.009006734006734006 0.00909090909090909 0.009175084175084175 0.009259259259259259 0.009343434343434343 0.009427609427609427 0.009511784511784511 0.009595959595959595 0.009680134680134679 0.009764309764309764 0.009848484848484849 0.009932659932659932 0.01001683501683502 0.0101010101010101 0.01018518518518518 0.01026936026936027 0.01035353535353535 0.01043771043771044 0.01052188552188552 0.0106060606060606 0.01069023569023569 0.01077441077441077 0.01085858585858586 0.01094276094276094 0.01102693602693603 0.01111111111111111 0.0111952861952862 0.01127946127946128 0.01136363636363636 0.01144781144781145 0.01153198653198653 0.01161616161616162 0.0117003367003367 0.01178451178451178 0.01186868686868687 0.01195286195286195 0.01203703703703704 0.01212121212121212 0.01220538720538721 0.01228956228956229 0.01237373737373737 0.01245791245791246 0.01254208754208754 0.01262626262626263 0.01271043771043771 0.01279461279461279 0.01287878787878788 0.01296296296296296 0.01304713804713805 0.01313131313131313 0.01321548821548822 0.0132996632996633 0.01338383838383838 0.01346801346801347 0.01355218855218855 0.01363636363636364 0.01372053872053872 0.0138047138047138 0.01388888888888889 0.01397306397306397 0.01405723905723906 0.01414141414141414 0.01422558922558922 0.01430976430976431 0.01439393939393939 0.01447811447811448 0.01456228956228956 0.01464646464646465 0.01473063973063973 0.01481481481481481 0.0148989898989899 0.01498316498316498 0.01506734006734007 0.01515151515151515 0.01523569023569023 0.01531986531986532 0.0154040404040404 0.01548821548821549 0.01557239057239057 0.01565656565656566 0.01574074074074074 0.01582491582491583 0.01590909090909091 0.01599326599326599 0.01607744107744108 0.01616161616161616 0.01624579124579124 0.01632996632996633 0.01641414141414141 0.0164983164983165 0.01658249158249158 0.01666666666666667


# name: y
# type: matrix
# rows: 100
# columns: 1
 546549.2364586056
 546263.2303592085
 545983.8763252645
 545711.1743567731
 545445.1244537347
 545185.7266161492
 544932.9808440164
 544686.8871373367
 544447.4454961095
 544214.6559203354
 543988.5184100142
 543769.0329651458
 543556.1995857302
 543350.0182717675
 543150.4890232577
 542957.6118402008
 542771.3867225967
 542591.8136704455
 542418.8926837471
 542252.6237625016
 542093.0069067089
 541940.0421163691
 541793.7293914822
 541654.0687320482
 541521.0601380669
 541394.7036095385
 541274.999146463
 541161.9467488404
 541055.5464166707
 540955.7981499537
 540862.7019486896
 540776.2578128785
 540696.4657425202
 540623.3257376147
 540556.8377981621
 540497.0019241623
 540443.8181156154
 540397.2863725214
 540357.4066948802
 540324.1790826919
 540297.6035359565
 540277.6800546739
 540264.4086388442
 540257.7892884673
 540257.8220035434
 540264.5067840721
 540277.8436300539
 540297.8325414885
 540324.4735183759
 540357.7665607162
 540397.7116685094
 540444.3088417554
 540497.5580804542
 540557.459384606
 540624.0127542106
 540697.2181892681
 540777.0756897784
 540863.5852557416
 540956.7468871577
 541056.5605840266
 541163.0263463483
 541276.144174123
 541395.9140673504
 541522.3360260308
 541655.410050164
 541795.1361397501
 541941.5142947891
 542094.5445152808
 542254.2268012254
 542420.561152623
 542593.5475694734
 542773.1860517766
 542959.4765995326
 543152.4192127417
 543352.0138914034
 543558.2606355181
 543771.1594450857
 543990.710320106
 544216.9132605793
 544449.7682665054
 544689.2753378844
 544935.4344747163
 545188.245677001
 545447.7089447385
 545713.8242779289
 545986.5916765722
 546266.0111406684
 546552.0826702174
 546844.8062652192
 547144.181925674
 547450.2096515815
 547762.889442942
 548082.2212997554
 548408.2052220214
 548740.8412097405
 549080.1292629124
 549426.0693815371
 549778.6615656147
 550137.9058151452
 550503.8021301286


# name: QUERY
# type: sq_string
# elements: 1
# length: 2
R4


# name: DATASIZE
# type: sq_string
# elements: 1
# length: 3
750


