# Created by Octave 4.0.0, Mon May 23 11:56:43 2016 CEST <peter@Independence>
# name: x
# type: matrix
# rows: 1
# columns: 100
 0.008333333333333333 0.008417508417508417 0.008501683501683501 0.008585858585858586 0.00867003367003367 0.008754208754208754 0.008838383838383838 0.008922558922558922 0.009006734006734006 0.00909090909090909 0.009175084175084175 0.009259259259259259 0.009343434343434343 0.009427609427609427 0.009511784511784511 0.009595959595959595 0.009680134680134679 0.009764309764309764 0.009848484848484849 0.009932659932659932 0.01001683501683502 0.0101010101010101 0.01018518518518518 0.01026936026936027 0.01035353535353535 0.01043771043771044 0.01052188552188552 0.0106060606060606 0.01069023569023569 0.01077441077441077 0.01085858585858586 0.01094276094276094 0.01102693602693603 0.01111111111111111 0.0111952861952862 0.01127946127946128 0.01136363636363636 0.01144781144781145 0.01153198653198653 0.01161616161616162 0.0117003367003367 0.01178451178451178 0.01186868686868687 0.01195286195286195 0.01203703703703704 0.01212121212121212 0.01220538720538721 0.01228956228956229 0.01237373737373737 0.01245791245791246 0.01254208754208754 0.01262626262626263 0.01271043771043771 0.01279461279461279 0.01287878787878788 0.01296296296296296 0.01304713804713805 0.01313131313131313 0.01321548821548822 0.0132996632996633 0.01338383838383838 0.01346801346801347 0.01355218855218855 0.01363636363636364 0.01372053872053872 0.0138047138047138 0.01388888888888889 0.01397306397306397 0.01405723905723906 0.01414141414141414 0.01422558922558922 0.01430976430976431 0.01439393939393939 0.01447811447811448 0.01456228956228956 0.01464646464646465 0.01473063973063973 0.01481481481481481 0.0148989898989899 0.01498316498316498 0.01506734006734007 0.01515151515151515 0.01523569023569023 0.01531986531986532 0.0154040404040404 0.01548821548821549 0.01557239057239057 0.01565656565656566 0.01574074074074074 0.01582491582491583 0.01590909090909091 0.01599326599326599 0.01607744107744108 0.01616161616161616 0.01624579124579124 0.01632996632996633 0.01641414141414141 0.0164983164983165 0.01658249158249158 0.01666666666666667


# name: y
# type: matrix
# rows: 100
# columns: 1
 565892.1440893438
 565870.8167925677
 565851.8565668248
 565835.0484033761
 565820.1922860062
 565807.1024772512
 565795.6068220393
 565785.546068741
 565776.7732076313
 565769.1528267628
 565762.5604852502
 565756.8821039654
 565752.0133736446
 565747.8591804053
 565744.333048676
 565741.3566015358
 565738.8590384653
 565736.7766305096
 565735.0522328515
 565733.6348147959
 565732.4790071658
 565731.5446671091
 565730.7964603172
 565730.2034606532
 565729.7387671933
 565729.3791386776
 565729.1046453732
 565728.8983383478
 565728.7459361547
 565728.6355289291
 565728.5572998949
 565728.5032642835
 565728.4670256636
 565728.443549681
 565728.4289552113
 565728.4203229228
 565728.4155212499
 565728.4130497794
 565728.4119000464
 565728.411433742
 565728.411278332
 565728.4112400868
 565728.4112345224
 565728.4112342526
 565728.4112342526
 565728.4112345332
 565728.4112402261
 565728.4112790816
 565728.4114363756
 565728.411907229
 565728.4130663384
 565728.4155551166
 565728.4203862459
 565728.429065641
 565728.4437318248
 565728.4673127133
 565728.5036998134
 565728.5579398309
 565728.6364436903
 565728.7472129646
 565728.9000837174
 565729.1069877563
 565729.3822312959
 565729.7427910335
 565730.2086276355
 565730.8030166343
 565731.5528967378
 565732.4892355481
 565733.647412693
 565735.0676203681
 565736.7952812896
 565738.8814840588
 565741.3834359378
 565744.3649330357
 565747.8968479068
 565752.0576345591
 565756.9338508749
 565762.6206984414
 565769.2225797938
 565776.8536730679
 565785.6385240656
 565795.7126557303
 565807.2231950341
 565820.3295172752
 565835.2039077885
 565852.0322410646
 565871.0146772822
 565892.3663762505
 565916.3182287632
 565943.1176053633
 565973.0291225193
 566006.3354262128
 566043.3379929365
 566084.3579481039
 566129.7369018703
 566179.8378023645
 566235.0458063316
 566295.7691671875
 566362.4401404844
 566435.5159067868


# name: QUERY
# type: sq_string
# elements: 1
# length: 2
R4


# name: DATASIZE
# type: sq_string
# elements: 1
# length: 3
750


