# Created by Octave 3.8.2, Wed May 18 09:27:15 2016 CEST <Andrea@Andreas-MacBook-Pro.local>
# name: x
# type: matrix
# rows: 1
# columns: 100
 0.008333333333333333 0.008417508417508417 0.008501683501683501 0.008585858585858586 0.00867003367003367 0.008754208754208754 0.008838383838383838 0.008922558922558922 0.009006734006734006 0.00909090909090909 0.009175084175084175 0.009259259259259259 0.009343434343434343 0.009427609427609427 0.009511784511784511 0.009595959595959595 0.009680134680134679 0.009764309764309764 0.009848484848484849 0.009932659932659932 0.01001683501683502 0.0101010101010101 0.01018518518518518 0.01026936026936027 0.01035353535353535 0.01043771043771044 0.01052188552188552 0.0106060606060606 0.01069023569023569 0.01077441077441077 0.01085858585858586 0.01094276094276094 0.01102693602693603 0.01111111111111111 0.0111952861952862 0.01127946127946128 0.01136363636363636 0.01144781144781145 0.01153198653198653 0.01161616161616162 0.0117003367003367 0.01178451178451178 0.01186868686868687 0.01195286195286195 0.01203703703703704 0.01212121212121212 0.01220538720538721 0.01228956228956229 0.01237373737373737 0.01245791245791246 0.01254208754208754 0.01262626262626263 0.01271043771043771 0.01279461279461279 0.01287878787878788 0.01296296296296296 0.01304713804713805 0.01313131313131313 0.01321548821548822 0.0132996632996633 0.01338383838383838 0.01346801346801347 0.01355218855218855 0.01363636363636364 0.01372053872053872 0.0138047138047138 0.01388888888888889 0.01397306397306397 0.01405723905723906 0.01414141414141414 0.01422558922558922 0.01430976430976431 0.01439393939393939 0.01447811447811448 0.01456228956228956 0.01464646464646465 0.01473063973063973 0.01481481481481481 0.0148989898989899 0.01498316498316498 0.01506734006734007 0.01515151515151515 0.01523569023569023 0.01531986531986532 0.0154040404040404 0.01548821548821549 0.01557239057239057 0.01565656565656566 0.01574074074074074 0.01582491582491583 0.01590909090909091 0.01599326599326599 0.01607744107744108 0.01616161616161616 0.01624579124579124 0.01632996632996633 0.01641414141414141 0.0164983164983165 0.01658249158249158 0.01666666666666667


# name: y
# type: matrix
# rows: 100
# columns: 1
 533665.87031049
 533775.1324882893
 533881.8533945569
 533986.0330292931
 534087.6713924977
 534186.7684841708
 534283.3243043124
 534377.3388529223
 534468.8121300008
 534557.7441355478
 534644.1348695632
 534727.9843320471
 534809.2925229995
 534888.0594424203
 534964.2850903096
 535037.9694666673
 535109.1125714935
 535177.7144047882
 535243.7749665513
 535307.294256783
 535368.272275483
 535426.7090226515
 535482.6044982886
 535535.958702394
 535586.771634968
 535635.0432960105
 535680.7736855213
 535723.9628035007
 535764.6106499485
 535802.7172248648
 535838.2825282495
 535871.3065601027
 535901.7893204244
 535929.7308092145
 535955.1310264732
 535977.9899722002
 535998.3076463959
 536016.0840490599
 536031.3191801923
 536044.0130397934
 536054.1656278627
 536061.7769444006
 536066.846989407
 536069.3757628818
 536069.3632648251
 536066.8094952368
 536061.714454117
 536054.0781414658
 536043.9005572828
 536031.1817015685
 536015.9215743226
 535998.1201755451
 535977.7775052362
 535954.8935633957
 535929.4683500236
 535901.50186512
 535870.9941086849
 535837.9450807183
 535802.3547812201
 535764.2232101904
 535723.5503676292
 535680.3362535364
 535634.580867912
 535586.2842107562
 535535.4462820688
 535482.0670818499
 535426.1466100995
 535367.6848668176
 535306.681852004
 535243.137565659
 535177.0520077824
 535108.4251783743
 535037.2570774347
 534963.5477049635
 534887.2970609608
 534808.5051454265
 534727.1719583607
 534643.2974997634
 534556.8817696347
 534467.9247679743
 534376.4264947823
 534282.3869500589
 534185.8061338039
 534086.6840460174
 533985.0206866993
 533880.8160558498
 533774.0701534688
 533664.782979556
 533552.9545341119
 533438.5848171362
 533321.6738286288
 533202.2215685901
 533080.2280370198
 532955.6932339179
 532828.6171592847
 532698.9998131198
 532566.8411954234
 532432.1413061954
 532294.9001454358
 532155.1177131449


# name: QUERY
# type: sq_string
# elements: 1
# length: 2
R4


# name: DATASIZE
# type: sq_string
# elements: 1
# length: 3
750


