# Created by Octave 3.8.2, Wed May 18 09:27:15 2016 CEST <Andrea@Andreas-MacBook-Pro.local>
# name: x
# type: matrix
# rows: 1
# columns: 100
 0.008333333333333333 0.008417508417508417 0.008501683501683501 0.008585858585858586 0.00867003367003367 0.008754208754208754 0.008838383838383838 0.008922558922558922 0.009006734006734006 0.00909090909090909 0.009175084175084175 0.009259259259259259 0.009343434343434343 0.009427609427609427 0.009511784511784511 0.009595959595959595 0.009680134680134679 0.009764309764309764 0.009848484848484849 0.009932659932659932 0.01001683501683502 0.0101010101010101 0.01018518518518518 0.01026936026936027 0.01035353535353535 0.01043771043771044 0.01052188552188552 0.0106060606060606 0.01069023569023569 0.01077441077441077 0.01085858585858586 0.01094276094276094 0.01102693602693603 0.01111111111111111 0.0111952861952862 0.01127946127946128 0.01136363636363636 0.01144781144781145 0.01153198653198653 0.01161616161616162 0.0117003367003367 0.01178451178451178 0.01186868686868687 0.01195286195286195 0.01203703703703704 0.01212121212121212 0.01220538720538721 0.01228956228956229 0.01237373737373737 0.01245791245791246 0.01254208754208754 0.01262626262626263 0.01271043771043771 0.01279461279461279 0.01287878787878788 0.01296296296296296 0.01304713804713805 0.01313131313131313 0.01321548821548822 0.0132996632996633 0.01338383838383838 0.01346801346801347 0.01355218855218855 0.01363636363636364 0.01372053872053872 0.0138047138047138 0.01388888888888889 0.01397306397306397 0.01405723905723906 0.01414141414141414 0.01422558922558922 0.01430976430976431 0.01439393939393939 0.01447811447811448 0.01456228956228956 0.01464646464646465 0.01473063973063973 0.01481481481481481 0.0148989898989899 0.01498316498316498 0.01506734006734007 0.01515151515151515 0.01523569023569023 0.01531986531986532 0.0154040404040404 0.01548821548821549 0.01557239057239057 0.01565656565656566 0.01574074074074074 0.01582491582491583 0.01590909090909091 0.01599326599326599 0.01607744107744108 0.01616161616161616 0.01624579124579124 0.01632996632996633 0.01641414141414141 0.0164983164983165 0.01658249158249158 0.01666666666666667


# name: y
# type: matrix
# rows: 100
# columns: 1
 567601.3063101115
 567998.7944379222
 568378.0084787116
 568739.3784607602
 569083.3344123485
 569410.3063617565
 569720.7243372647
 570015.0183671535
 570293.6184797031
 570556.9547031939
 570805.4570659063
 571039.5555961205
 571259.6803221171
 571466.2612721761
 571659.7284745779
 571840.511957603
 572009.0417495319
 572165.7478786444
 572311.0603732213
 572445.4092615427
 572569.2245718891
 572682.9363325407
 572786.974571778
 572881.7693178811
 572967.7505991304
 573045.3484438064
 573114.9928801894
 573177.1139365596
 573232.1416411975
 573280.5060223832
 573322.6371083973
 573358.96492752
 573389.9195080317
 573415.9308782127
 573437.4290663433
 573454.844100704
 573468.6060095748
 573479.1448212364
 573486.8905639689
 573492.2732660528
 573495.7229557683
 573497.669661396
 573498.5434112158
 573498.7742335084
 573498.7921565539
 573499.0272086328
 573499.9094180255
 573501.868813012
 573505.3354218731
 573510.7392728887
 573518.5103943396
 573529.0788145056
 573542.8745616674
 573560.3276641053
 573581.8681500996
 573607.9260479306
 573638.9313858786
 573675.3141922241
 573717.5044952473
 573765.9323232285
 573821.0277044482
 573883.2206671865
 573952.9412397241
 574030.619450341
 574116.6853273177
 574211.5688989344
 574315.7001934716
 574429.5092392096
 574553.4260644288
 574687.8806974093
 574833.3031664316
 574990.123499776
 575158.7717257229
 575339.6778725527
 575533.2719685455
 575739.9840419819
 575960.244121142
 576194.4822343062
 576443.128409755
 576706.6126757686
 576985.3650606272
 577279.8155926114
 577590.3943000016
 577917.5312110777
 578261.6563541205
 578623.19975741
 579002.5914492268
 579400.261457851
 579816.6398115632
 580252.1565386435
 580707.2416673724
 581182.3252260301
 581677.837242897
 582194.2077462536
 582731.8667643799
 583291.2443255564
 583872.7704580636
 584476.8751901817
 585103.9885501908
 585754.5405663718


# name: QUERY
# type: sq_string
# elements: 1
# length: 2
R4


# name: DATASIZE
# type: sq_string
# elements: 1
# length: 3
750


