# Created by Octave 3.8.2, Wed May 18 09:27:15 2016 CEST <Andrea@Andreas-MacBook-Pro.local>
# name: x
# type: matrix
# rows: 1
# columns: 100
 0.008333333333333333 0.008417508417508417 0.008501683501683501 0.008585858585858586 0.00867003367003367 0.008754208754208754 0.008838383838383838 0.008922558922558922 0.009006734006734006 0.00909090909090909 0.009175084175084175 0.009259259259259259 0.009343434343434343 0.009427609427609427 0.009511784511784511 0.009595959595959595 0.009680134680134679 0.009764309764309764 0.009848484848484849 0.009932659932659932 0.01001683501683502 0.0101010101010101 0.01018518518518518 0.01026936026936027 0.01035353535353535 0.01043771043771044 0.01052188552188552 0.0106060606060606 0.01069023569023569 0.01077441077441077 0.01085858585858586 0.01094276094276094 0.01102693602693603 0.01111111111111111 0.0111952861952862 0.01127946127946128 0.01136363636363636 0.01144781144781145 0.01153198653198653 0.01161616161616162 0.0117003367003367 0.01178451178451178 0.01186868686868687 0.01195286195286195 0.01203703703703704 0.01212121212121212 0.01220538720538721 0.01228956228956229 0.01237373737373737 0.01245791245791246 0.01254208754208754 0.01262626262626263 0.01271043771043771 0.01279461279461279 0.01287878787878788 0.01296296296296296 0.01304713804713805 0.01313131313131313 0.01321548821548822 0.0132996632996633 0.01338383838383838 0.01346801346801347 0.01355218855218855 0.01363636363636364 0.01372053872053872 0.0138047138047138 0.01388888888888889 0.01397306397306397 0.01405723905723906 0.01414141414141414 0.01422558922558922 0.01430976430976431 0.01439393939393939 0.01447811447811448 0.01456228956228956 0.01464646464646465 0.01473063973063973 0.01481481481481481 0.0148989898989899 0.01498316498316498 0.01506734006734007 0.01515151515151515 0.01523569023569023 0.01531986531986532 0.0154040404040404 0.01548821548821549 0.01557239057239057 0.01565656565656566 0.01574074074074074 0.01582491582491583 0.01590909090909091 0.01599326599326599 0.01607744107744108 0.01616161616161616 0.01624579124579124 0.01632996632996633 0.01641414141414141 0.0164983164983165 0.01658249158249158 0.01666666666666667


# name: y
# type: matrix
# rows: 100
# columns: 1
 566927.5508617648
 566851.8253329607
 566781.2611851642
 566715.6183820745
 566654.6626032103
 566598.1652439095
 566545.9034153293
 566497.6599444463
 566453.2233740565
 566412.3879627748
 566374.9536850362
 566340.726231094
 566309.5170070217
 566281.1431347115
 566255.4274518755
 566232.1985120445
 566211.2905845691
 566192.543654619
 566175.8034231832
 566160.9213070699
 566147.7544389071
 566136.1656671417
 566126.0235560399
 566117.2023856874
 566109.582151989
 566103.0485666692
 566097.4930572713
 566092.8127671586
 566088.9105555129
 566085.6949973359
 566083.0803834484
 566080.9867204906
 566079.339730922
 566078.0708530213
 566077.1172408867
 566076.4217644356
 566075.9330094047
 566075.6052773499
 566075.398585647
 566075.2786674902
 566075.2169718939
 566075.1906636913
 566075.1826235349
 566075.1814478968
 566075.1814490681
 566075.1826551596
 566075.1908101011
 566075.2173736419
 566075.2795213504
 566075.4001446145
 566075.6078506415
 566075.9369624576
 566076.4275189089
 566077.1252746603
 566078.0817001964
 566079.3539818209
 566081.0050216567
 566083.1034376465
 566085.7235635518
 566088.9454489535
 566092.8548592522
 566097.5432756674
 566103.1078952381
 566109.6516308226
 566117.2831110983
 566126.1166805625
 566136.2723995311
 566147.8760441397
 566161.0591063433
 566175.958793916
 566192.7180304513
 566211.485455362
 566232.4154238802
 566255.6680070575
 566281.4089917644
 566309.8098806912
 566341.0478923472
 566375.3059610612
 566412.772736981
 566453.6425860742
 566498.1155901273
 566546.3975467464
 566598.6999693566
 566655.2400872029
 566716.2408453487
 566781.9309046776
 566852.544641892
 566928.3221495139
 567009.5092358844
 567096.357425164
 567189.1239573326
 567288.0717881892
 567393.4695893524
 567505.59174826
 567624.7183681689
 567751.1352681556
 567885.1339831159
 568027.0117637648
 568177.0715766365
 568335.6221040849


# name: QUERY
# type: sq_string
# elements: 1
# length: 2
R4


# name: DATASIZE
# type: sq_string
# elements: 1
# length: 3
750


