# Created by Octave 4.0.0, Mon May 23 11:56:43 2016 CEST <peter@Independence>
# name: x
# type: matrix
# rows: 1
# columns: 100
 0.008333333333333333 0.008417508417508417 0.008501683501683501 0.008585858585858586 0.00867003367003367 0.008754208754208754 0.008838383838383838 0.008922558922558922 0.009006734006734006 0.00909090909090909 0.009175084175084175 0.009259259259259259 0.009343434343434343 0.009427609427609427 0.009511784511784511 0.009595959595959595 0.009680134680134679 0.009764309764309764 0.009848484848484849 0.009932659932659932 0.01001683501683502 0.0101010101010101 0.01018518518518518 0.01026936026936027 0.01035353535353535 0.01043771043771044 0.01052188552188552 0.0106060606060606 0.01069023569023569 0.01077441077441077 0.01085858585858586 0.01094276094276094 0.01102693602693603 0.01111111111111111 0.0111952861952862 0.01127946127946128 0.01136363636363636 0.01144781144781145 0.01153198653198653 0.01161616161616162 0.0117003367003367 0.01178451178451178 0.01186868686868687 0.01195286195286195 0.01203703703703704 0.01212121212121212 0.01220538720538721 0.01228956228956229 0.01237373737373737 0.01245791245791246 0.01254208754208754 0.01262626262626263 0.01271043771043771 0.01279461279461279 0.01287878787878788 0.01296296296296296 0.01304713804713805 0.01313131313131313 0.01321548821548822 0.0132996632996633 0.01338383838383838 0.01346801346801347 0.01355218855218855 0.01363636363636364 0.01372053872053872 0.0138047138047138 0.01388888888888889 0.01397306397306397 0.01405723905723906 0.01414141414141414 0.01422558922558922 0.01430976430976431 0.01439393939393939 0.01447811447811448 0.01456228956228956 0.01464646464646465 0.01473063973063973 0.01481481481481481 0.0148989898989899 0.01498316498316498 0.01506734006734007 0.01515151515151515 0.01523569023569023 0.01531986531986532 0.0154040404040404 0.01548821548821549 0.01557239057239057 0.01565656565656566 0.01574074074074074 0.01582491582491583 0.01590909090909091 0.01599326599326599 0.01607744107744108 0.01616161616161616 0.01624579124579124 0.01632996632996633 0.01641414141414141 0.0164983164983165 0.01658249158249158 0.01666666666666667


# name: y
# type: matrix
# rows: 100
# columns: 1
 555829.2696196005
 555685.1184388518
 555550.7924673592
 555425.8347718176
 555309.79929956
 555202.2508785584
 555102.7652174227
 555010.928905402
 554926.339412383
 554848.6050888919
 554777.3451660926
 554712.1897557878
 554652.7798504187
 554598.7673230649
 554549.8149274444
 554505.5962979143
 554465.7959494692
 554430.1092777429
 554398.2425590076
 554369.9129501738
 554344.8484887907
 554322.7880930456
 554303.4815617648
 554286.6895744128
 554272.1836910925
 554259.7463525457
 554249.1708801521
 554240.2614759306
 554232.8332225379
 554226.7120832695
 554221.7349020595
 554217.7494034803
 554214.614192743
 554212.1987556969
 554210.38345883
 554209.0595492687
 554208.129154778
 554207.5052837613
 554207.1118252605
 554206.8835489558
 554206.7661051664
 554206.7160248494
 554206.700719601
 554206.6984816552
 554206.698483885
 554206.7007798019
 554206.7163035554
 554206.766869934
 554206.8851743647
 554207.1147929124
 554207.510182281
 554208.136679813
 554209.070503489
 554210.3987519282
 554212.2194043886
 554214.6413207661
 554217.7842415957
 554221.7787880504
 554226.7664619421
 554232.8996457211
 554240.3416024757
 554249.2664759334
 554259.8592904597
 554272.3159510589
 554286.8432433736
 554303.6588336849
 554322.9912689123
 554345.0799766143
 554370.1752649873
 554398.5383228663
 554430.4412197249
 554466.1669056754
 554506.0092114683
 554550.2728484926
 554599.2734087758
 554653.337364984
 554712.8020704217
 554778.0157590321
 554849.3375453965
 554927.137424735
 555011.7962729061
 555103.7058464068
 555203.2687823725
 555310.8985985772
 555427.0196934334
 555552.067345992
 555686.4877159424
 555830.7378436127
 555985.2856499691
 556150.6099366166
 556327.2003857987
 556515.5575603971
 556716.1929039323
 556929.6287405632
 557156.398275087
 557397.0455929396
 557652.1256601955
 557922.2043235673
 558207.8583104066
 558509.675228703


# name: QUERY
# type: sq_string
# elements: 1
# length: 2
R4


# name: DATASIZE
# type: sq_string
# elements: 1
# length: 3
750


