# Created by Octave 3.8.2, Wed May 18 09:27:15 2016 CEST <Andrea@Andreas-MacBook-Pro.local>
# name: x
# type: matrix
# rows: 1
# columns: 100
 0.008333333333333333 0.008417508417508417 0.008501683501683501 0.008585858585858586 0.00867003367003367 0.008754208754208754 0.008838383838383838 0.008922558922558922 0.009006734006734006 0.00909090909090909 0.009175084175084175 0.009259259259259259 0.009343434343434343 0.009427609427609427 0.009511784511784511 0.009595959595959595 0.009680134680134679 0.009764309764309764 0.009848484848484849 0.009932659932659932 0.01001683501683502 0.0101010101010101 0.01018518518518518 0.01026936026936027 0.01035353535353535 0.01043771043771044 0.01052188552188552 0.0106060606060606 0.01069023569023569 0.01077441077441077 0.01085858585858586 0.01094276094276094 0.01102693602693603 0.01111111111111111 0.0111952861952862 0.01127946127946128 0.01136363636363636 0.01144781144781145 0.01153198653198653 0.01161616161616162 0.0117003367003367 0.01178451178451178 0.01186868686868687 0.01195286195286195 0.01203703703703704 0.01212121212121212 0.01220538720538721 0.01228956228956229 0.01237373737373737 0.01245791245791246 0.01254208754208754 0.01262626262626263 0.01271043771043771 0.01279461279461279 0.01287878787878788 0.01296296296296296 0.01304713804713805 0.01313131313131313 0.01321548821548822 0.0132996632996633 0.01338383838383838 0.01346801346801347 0.01355218855218855 0.01363636363636364 0.01372053872053872 0.0138047138047138 0.01388888888888889 0.01397306397306397 0.01405723905723906 0.01414141414141414 0.01422558922558922 0.01430976430976431 0.01439393939393939 0.01447811447811448 0.01456228956228956 0.01464646464646465 0.01473063973063973 0.01481481481481481 0.0148989898989899 0.01498316498316498 0.01506734006734007 0.01515151515151515 0.01523569023569023 0.01531986531986532 0.0154040404040404 0.01548821548821549 0.01557239057239057 0.01565656565656566 0.01574074074074074 0.01582491582491583 0.01590909090909091 0.01599326599326599 0.01607744107744108 0.01616161616161616 0.01624579124579124 0.01632996632996633 0.01641414141414141 0.0164983164983165 0.01658249158249158 0.01666666666666667


# name: y
# type: matrix
# rows: 100
# columns: 1
 571012.0958055329
 571005.131861
 570998.9408297694
 570993.4525056191
 570988.6015777952
 570984.3273979463
 570980.5737527419
 570977.2886421784
 570974.424063568
 570971.9358012137
 570969.7832217697
 570967.929075287
 570966.3393019437
 570964.982844461
 570963.8314662045
 570962.8595749701
 570962.0440524558
 570961.3640894182
 570960.8010265148
 570960.3382008309
 570959.9607980915
 570959.6557105598
 570959.4114006197
 570959.2177700433
 570959.0660349447
 570958.9486064181
 570958.8589768618
 570958.7916119868
 570958.7418485109
 570958.7057975382
 570958.6802536232
 570958.6626095212
 570958.6507766226
 570958.6431110735
 570958.6383455808
 570958.635526903
 570958.6339590257
 570958.6331520232
 570958.6327766039
 570958.6326243428
 570958.6325735972
 570958.6325611091
 570958.6325592921
 570958.6325592041
 570958.6325592041
 570958.6325592957
 570958.6325611547
 570958.632573842
 570958.6326252028
 570958.6327789492
 570958.6331574301
 570958.6339700841
 570958.6355475797
 570958.6383816391
 570958.6431705485
 570958.6508703522
 570958.6627517336
 570958.6804625798
 570958.7060962326
 570958.7422654242
 570958.7921818977
 570958.8597417139
 570958.9496162424
 570959.0673488383
 570959.219457204
 570959.4135414362
 570959.6583977583
 570959.9641379374
 570960.3423143881
 570960.806050959
 570961.3701794069
 570962.0513815547
 570962.8683371348
 570963.8418773182
 570964.9951439283
 570966.3537543403
 570967.9459720653
 570969.8028830203
 570971.9585774823
 570974.4503377294
 570977.3188313656
 570980.6083103308
 570984.3668155973
 570988.6463875504
 570993.5032820543
 570998.9981922038
 571005.1964757605
 571012.1683882753
 571019.9893218942
 571028.7400498519
 571038.5069766479
 571049.3823939102
 571061.4647419426
 571074.8588769578
 571089.6763439958
 571106.0356555275
 571124.0625757432
 571143.8904105265
 571165.6603031139
 571189.5215354384


# name: QUERY
# type: sq_string
# elements: 1
# length: 2
R4


# name: DATASIZE
# type: sq_string
# elements: 1
# length: 3
750


