# Created by Octave 4.0.0, Mon May 23 11:56:43 2016 CEST <peter@Independence>
# name: x
# type: matrix
# rows: 1
# columns: 100
 0.008333333333333333 0.008417508417508417 0.008501683501683501 0.008585858585858586 0.00867003367003367 0.008754208754208754 0.008838383838383838 0.008922558922558922 0.009006734006734006 0.00909090909090909 0.009175084175084175 0.009259259259259259 0.009343434343434343 0.009427609427609427 0.009511784511784511 0.009595959595959595 0.009680134680134679 0.009764309764309764 0.009848484848484849 0.009932659932659932 0.01001683501683502 0.0101010101010101 0.01018518518518518 0.01026936026936027 0.01035353535353535 0.01043771043771044 0.01052188552188552 0.0106060606060606 0.01069023569023569 0.01077441077441077 0.01085858585858586 0.01094276094276094 0.01102693602693603 0.01111111111111111 0.0111952861952862 0.01127946127946128 0.01136363636363636 0.01144781144781145 0.01153198653198653 0.01161616161616162 0.0117003367003367 0.01178451178451178 0.01186868686868687 0.01195286195286195 0.01203703703703704 0.01212121212121212 0.01220538720538721 0.01228956228956229 0.01237373737373737 0.01245791245791246 0.01254208754208754 0.01262626262626263 0.01271043771043771 0.01279461279461279 0.01287878787878788 0.01296296296296296 0.01304713804713805 0.01313131313131313 0.01321548821548822 0.0132996632996633 0.01338383838383838 0.01346801346801347 0.01355218855218855 0.01363636363636364 0.01372053872053872 0.0138047138047138 0.01388888888888889 0.01397306397306397 0.01405723905723906 0.01414141414141414 0.01422558922558922 0.01430976430976431 0.01439393939393939 0.01447811447811448 0.01456228956228956 0.01464646464646465 0.01473063973063973 0.01481481481481481 0.0148989898989899 0.01498316498316498 0.01506734006734007 0.01515151515151515 0.01523569023569023 0.01531986531986532 0.0154040404040404 0.01548821548821549 0.01557239057239057 0.01565656565656566 0.01574074074074074 0.01582491582491583 0.01590909090909091 0.01599326599326599 0.01607744107744108 0.01616161616161616 0.01624579124579124 0.01632996632996633 0.01641414141414141 0.0164983164983165 0.01658249158249158 0.01666666666666667


# name: y
# type: matrix
# rows: 100
# columns: 1
 561275.1265432794
 561745.8412076375
 562194.915274109
 562622.857992162
 563030.1786112647
 563417.386380885
 563784.990550491
 564133.5003695507
 564463.4250875321
 564775.2739539035
 565069.5562181327
 565346.7811296879
 565607.457938037
 565852.0958926481
 566081.2042429893
 566295.2922385287
 566494.8691287342
 566680.4441630739
 566852.526591016
 567011.6256620283
 567158.250625579
 567292.9107311362
 567416.1152281677
 567528.3733661419
 567630.1943945267
 567722.0875627899
 567804.5621203999
 567878.1273168246
 567943.2924015321
 568000.5666239904
 568050.4592336676
 568093.4794800316
 568130.1366125507
 568160.9398806927
 568186.3985339259
 568207.0218217181
 568223.3189935375
 568235.799298852
 568244.9719871299
 568251.346307839
 568255.4315104476
 568257.7368444236
 568258.7715592349
 568259.0449043498
 568259.0661292362
 568259.3444833623
 568260.389216196
 568262.7095772055
 568266.8148158586
 568273.2141816237
 568282.4169239685
 568294.9322923612
 568311.2695362698
 568331.9379051626
 568357.4466485073
 568388.3050157721
 568425.022256425
 568468.1076199342
 568518.0703557676
 568575.4197133933
 568640.6649422793
 568714.3152918939
 568796.8800117048
 568888.8683511801
 568990.7895597881
 569103.1528869965
 569226.4675822738
 569361.2428950876
 569507.9880749062
 569667.2123711975
 569839.4250334298
 570025.1353110708
 570224.8524535889
 570439.0857104518
 570668.3443311279
 570913.1375650851
 571173.9746617913
 571451.3648707148
 571745.8174413234
 572057.8416230854
 572387.9466654687
 572736.6418179414
 573104.4363299715
 573491.8394510271
 573899.3604305763
 574327.5085180869
 574776.7929630273
 575247.7230148652
 575740.8079230689
 576256.5569371064
 576795.4793064457
 577358.0842805549
 577944.8811089019
 578556.3790409551
 579193.0873261822
 579855.5152140514
 580544.1719540306
 581259.566795588
 582002.2089881917
 582772.6077813096


# name: QUERY
# type: sq_string
# elements: 1
# length: 2
R4


# name: DATASIZE
# type: sq_string
# elements: 1
# length: 3
750


