# Created by Octave 3.8.2, Wed May 18 09:27:15 2016 CEST <Andrea@Andreas-MacBook-Pro.local>
# name: x
# type: matrix
# rows: 1
# columns: 100
 0.008333333333333333 0.008417508417508417 0.008501683501683501 0.008585858585858586 0.00867003367003367 0.008754208754208754 0.008838383838383838 0.008922558922558922 0.009006734006734006 0.00909090909090909 0.009175084175084175 0.009259259259259259 0.009343434343434343 0.009427609427609427 0.009511784511784511 0.009595959595959595 0.009680134680134679 0.009764309764309764 0.009848484848484849 0.009932659932659932 0.01001683501683502 0.0101010101010101 0.01018518518518518 0.01026936026936027 0.01035353535353535 0.01043771043771044 0.01052188552188552 0.0106060606060606 0.01069023569023569 0.01077441077441077 0.01085858585858586 0.01094276094276094 0.01102693602693603 0.01111111111111111 0.0111952861952862 0.01127946127946128 0.01136363636363636 0.01144781144781145 0.01153198653198653 0.01161616161616162 0.0117003367003367 0.01178451178451178 0.01186868686868687 0.01195286195286195 0.01203703703703704 0.01212121212121212 0.01220538720538721 0.01228956228956229 0.01237373737373737 0.01245791245791246 0.01254208754208754 0.01262626262626263 0.01271043771043771 0.01279461279461279 0.01287878787878788 0.01296296296296296 0.01304713804713805 0.01313131313131313 0.01321548821548822 0.0132996632996633 0.01338383838383838 0.01346801346801347 0.01355218855218855 0.01363636363636364 0.01372053872053872 0.0138047138047138 0.01388888888888889 0.01397306397306397 0.01405723905723906 0.01414141414141414 0.01422558922558922 0.01430976430976431 0.01439393939393939 0.01447811447811448 0.01456228956228956 0.01464646464646465 0.01473063973063973 0.01481481481481481 0.0148989898989899 0.01498316498316498 0.01506734006734007 0.01515151515151515 0.01523569023569023 0.01531986531986532 0.0154040404040404 0.01548821548821549 0.01557239057239057 0.01565656565656566 0.01574074074074074 0.01582491582491583 0.01590909090909091 0.01599326599326599 0.01607744107744108 0.01616161616161616 0.01624579124579124 0.01632996632996633 0.01641414141414141 0.0164983164983165 0.01658249158249158 0.01666666666666667


# name: y
# type: matrix
# rows: 1
# columns: 100
 604839.5796852292 604900.7765943205 604961.9735034119 605023.1704125031 605084.3673215944 605145.5642306857 605206.761139777 605267.9580488682 605329.1549579595 605390.3518670509 605451.5487761422 605512.7456852335 605573.9425943247 605635.139503416 605696.3364125073 605757.5333215987 605818.7302306899 605879.9271397812 605941.1240488725 606002.3209579638 606063.517867055 606124.7147761463 606185.9116852377 606247.108594329 606308.3055034202 606369.5024125115 606430.6993216028 606491.8962306941 606553.0931397855 606614.2900488767 606675.486957968 606736.6838670593 606797.8807761506 606859.0776852418 606920.2745943331 606981.4715034245 607042.6684125158 607103.865321607 607165.0622306983 607226.2591397896 607287.4560488809 607348.6529579721 607409.8498670635 607471.0467761548 607532.2436852461 607593.4405943374 607654.6375034286 607715.8344125199 607777.0313216113 607838.2282307026 607899.4251397938 607960.6220488851 608021.8189579764 608083.0158670677 608144.2127761589 608205.4096852503 608266.6065943416 608327.8035034329 608389.0004125241 608450.1973216154 608511.3942307067 608572.5911397981 608633.7880488894 608694.9849579806 608756.1818670719 608817.3787761632 608878.5756852545 608939.7725943457 609000.9695034371 609062.1664125284 609123.3633216197 609184.5602307109 609245.7571398022 609306.9540488935 609368.1509579848 609429.3478670761 609490.5447761674 609551.7416852587 609612.93859435 609674.1355034412 609735.3324125325 609796.5293216238 609857.7262307152 609918.9231398065 609980.1200488977 610041.316957989 610102.5138670803 610163.7107761716 610224.9076852628 610286.1045943542 610347.3015034455 610408.4984125368 610469.695321628 610530.8922307193 610592.0891398106 610653.286048902 610714.4829579932 610775.6798670845 610836.8767761758 610898.0736852671


# name: QUERY
# type: sq_string
# elements: 1
# length: 2
R4


# name: DATASIZE
# type: sq_string
# elements: 1
# length: 3
750


