# Created by Octave 3.8.2, Wed May 18 17:55:37 2016 CEST <Andrea@Andreas-MacBook-Pro.local>
# name: x
# type: matrix
# rows: 1
# columns: 100
 0.008333333333333333 0.008417508417508417 0.008501683501683501 0.008585858585858586 0.00867003367003367 0.008754208754208754 0.008838383838383838 0.008922558922558922 0.009006734006734006 0.00909090909090909 0.009175084175084175 0.009259259259259259 0.009343434343434343 0.009427609427609427 0.009511784511784511 0.009595959595959595 0.009680134680134679 0.009764309764309764 0.009848484848484848 0.009932659932659932 0.01001683501683502 0.0101010101010101 0.01018518518518518 0.01026936026936027 0.01035353535353535 0.01043771043771044 0.01052188552188552 0.0106060606060606 0.01069023569023569 0.01077441077441077 0.01085858585858586 0.01094276094276094 0.01102693602693603 0.01111111111111111 0.01119528619528619 0.01127946127946128 0.01136363636363636 0.01144781144781145 0.01153198653198653 0.01161616161616162 0.0117003367003367 0.01178451178451178 0.01186868686868687 0.01195286195286195 0.01203703703703704 0.01212121212121212 0.01220538720538721 0.01228956228956229 0.01237373737373737 0.01245791245791246 0.01254208754208754 0.01262626262626263 0.01271043771043771 0.01279461279461279 0.01287878787878788 0.01296296296296296 0.01304713804713805 0.01313131313131313 0.01321548821548822 0.0132996632996633 0.01338383838383838 0.01346801346801347 0.01355218855218855 0.01363636363636364 0.01372053872053872 0.0138047138047138 0.01388888888888889 0.01397306397306397 0.01405723905723906 0.01414141414141414 0.01422558922558922 0.01430976430976431 0.01439393939393939 0.01447811447811448 0.01456228956228956 0.01464646464646465 0.01473063973063973 0.01481481481481482 0.0148989898989899 0.01498316498316498 0.01506734006734007 0.01515151515151515 0.01523569023569023 0.01531986531986532 0.0154040404040404 0.01548821548821549 0.01557239057239057 0.01565656565656566 0.01574074074074074 0.01582491582491583 0.01590909090909091 0.01599326599326599 0.01607744107744108 0.01616161616161616 0.01624579124579124 0.01632996632996633 0.01641414141414141 0.0164983164983165 0.01658249158249158 0.01666666666666667


# name: y
# type: matrix
# rows: 100
# columns: 1
 93440.77634857624
 95313.03860106334
 97311.28428848632
 99426.36902493182
 101648.3683332605
 103966.6512054539
 106369.9610885107
 108846.503498644
 111384.0393782995
 113969.9832335634
 116591.5050250437
 119235.6347343793
 121889.3684919327
 124539.775129538
 127174.1020157832
 129779.8790402243
 132345.0196370725
 134857.917777768
 137307.5399148874
 139683.5109260694
 141976.1931850525
 144176.757976191
 146277.2485675267
 148270.6343640568
 150150.8556755806
 151912.8587506635
 153552.6208480388
 155067.1652373596
 156454.5661408326
 157713.9437441908
 158845.4495180447
 159850.2421973481
 160730.4548661542
 161489.1536857563
 162130.2888856546
 162658.6387076929
 163079.7470534869
 163399.8556334487
 163625.8314520398
 163765.0904882879
 163825.5184432203
 163815.3894270218
 163743.2834489006
 163618.0035525034
 163448.4934100383
 163243.7561499524
 163012.7751470621
 162764.437451522
 162507.4604750583
 162250.3224906326
 162001.1974362752
 161767.894446373
 161557.8024652865
 161377.840229846
 161234.4118399733
 161133.3680712818
 161079.9735207674
 161078.8796172987
 161134.1034730805
 161249.0125010487
 161426.3146765571
 161668.054279978
 161975.6129200181
 162349.715605694
 162790.4416078853
 163297.2398290544
 163868.9483818215
 164503.8180633252
 165199.5394023429
 165953.2729496105
 166761.6824782834
 167620.9707606069
 168526.9175882529
 169474.9197070026
 170460.032341225
 171477.011989531
 172520.3601798532
 173584.3678797333
 174663.1602656247
 175750.7415633964
 176841.0396808476
 177927.9503618859
 179005.3806010615
 180067.2910664325
 181107.7372883239
 182120.909381533
 183101.1700790295
 184043.0908663424
 184941.486017726
 185791.4443479937
 186588.3585077156
 187327.9516643815
 188006.3014282216
 188619.8608986935
 189165.4767261943
 189640.4041033324
 190042.3186210152
 190369.3249465923
 190619.9623041921
 190793.2067610345


# name: QUERY
# type: sq_string
# elements: 1
# length: 2
R4


# name: DATASIZE
# type: sq_string
# elements: 1
# length: 3
250


