# Created by Octave 4.0.0, Mon May 23 13:37:38 2016 CEST <peter@Independence>
# name: x
# type: matrix
# rows: 1
# columns: 100
 0.008333333333333333 0.008417508417508417 0.008501683501683501 0.008585858585858586 0.00867003367003367 0.008754208754208754 0.008838383838383838 0.008922558922558922 0.009006734006734006 0.00909090909090909 0.009175084175084175 0.009259259259259259 0.009343434343434343 0.009427609427609427 0.009511784511784511 0.009595959595959595 0.009680134680134679 0.009764309764309764 0.009848484848484848 0.009932659932659932 0.01001683501683502 0.0101010101010101 0.01018518518518518 0.01026936026936027 0.01035353535353535 0.01043771043771044 0.01052188552188552 0.0106060606060606 0.01069023569023569 0.01077441077441077 0.01085858585858586 0.01094276094276094 0.01102693602693603 0.01111111111111111 0.01119528619528619 0.01127946127946128 0.01136363636363636 0.01144781144781145 0.01153198653198653 0.01161616161616162 0.0117003367003367 0.01178451178451178 0.01186868686868687 0.01195286195286195 0.01203703703703704 0.01212121212121212 0.01220538720538721 0.01228956228956229 0.01237373737373737 0.01245791245791246 0.01254208754208754 0.01262626262626263 0.01271043771043771 0.01279461279461279 0.01287878787878788 0.01296296296296296 0.01304713804713805 0.01313131313131313 0.01321548821548822 0.0132996632996633 0.01338383838383838 0.01346801346801347 0.01355218855218855 0.01363636363636364 0.01372053872053872 0.0138047138047138 0.01388888888888889 0.01397306397306397 0.01405723905723906 0.01414141414141414 0.01422558922558922 0.01430976430976431 0.01439393939393939 0.01447811447811448 0.01456228956228956 0.01464646464646465 0.01473063973063973 0.01481481481481482 0.0148989898989899 0.01498316498316498 0.01506734006734007 0.01515151515151515 0.01523569023569023 0.01531986531986532 0.0154040404040404 0.01548821548821549 0.01557239057239057 0.01565656565656566 0.01574074074074074 0.01582491582491583 0.01590909090909091 0.01599326599326599 0.01607744107744108 0.01616161616161616 0.01624579124579124 0.01632996632996633 0.01641414141414141 0.0164983164983165 0.01658249158249158 0.01666666666666667


# name: y
# type: matrix
# rows: 100
# columns: 1
 102025.9431577898
 102500.6887405051
 103072.9535096871
 103740.4271193315
 104500.3104375688
 105349.3373608539
 106283.8007569785
 107299.5822798399
 108392.1857541735
 109556.7737877024
 110788.2072319596
 112081.0870818927
 113429.7983786752
 114828.5556602452
 116271.449490194
 117752.4935878551
 119265.6720808179
 120804.9864055355
 122364.5013920363
 123938.3900847129
 125520.9768724087
 127106.7785271099
 128690.5427810017
 130267.2841058904
 131832.3163964541
 133381.2822988173
 134910.178967916
 136415.3800803674
 137893.653973438
 139342.177824579
 140758.5478292744
 142140.7853770485
 143487.3392659001
 144797.0840336959
 146069.3145207789
 147303.7368108755
 148500.4557270669
 149659.9590859133
 150783.0989356693
 151871.0700238328
 152925.3857550368
 153947.8519125915
 154940.538425917
 155905.7494718557
 156845.9922006128
 157763.944377077
 158662.4212258011
 159544.3417632192
 160412.6948940663
 161270.505540681
 162120.801064249
 162966.5782262784
 163810.7709269827
 164656.2189449611
 165505.637889814
 166361.5905662552
 167226.4599350063
 168102.4238423674
 168991.4316769039
 169895.1830981874
 170815.1089689825
 171752.3546086345
 172707.7654716471
 173681.8753414616
 174674.8971151945
 175686.7162404706
 176716.8868504243
 177764.6306273646
 178828.8384094481
 179908.074537942
 181000.5839252683
 182104.3018060093
 183216.8661144715
 184335.6324133152
 185457.6912782702
 186579.8880242138
 187698.84463806
 188810.9837641899
 189912.5545687935
 190999.6602907142
 192068.2872684935
 193114.3352165598
 194133.6485082014
 195122.048209385
 196075.3645959247
 196989.4698772277
 197860.3108430961
 198683.9411460753
 199456.5529307775
 200174.5075236461
 200834.364901835
 201432.9116683409
 201967.187272224
 202434.5082276444
 202832.4901034198
 203159.0670757133
 203412.5088600734
 203591.4348651144
 203694.825438332
 203722.0301045438


# name: QUERY
# type: sq_string
# elements: 1
# length: 2
R4


# name: DATASIZE
# type: sq_string
# elements: 1
# length: 3
250


