# Created by Octave 3.8.2, Wed May 18 17:55:37 2016 CEST <Andrea@Andreas-MacBook-Pro.local>
# name: x
# type: matrix
# rows: 1
# columns: 100
 0.008333333333333333 0.008417508417508417 0.008501683501683501 0.008585858585858586 0.00867003367003367 0.008754208754208754 0.008838383838383838 0.008922558922558922 0.009006734006734006 0.00909090909090909 0.009175084175084175 0.009259259259259259 0.009343434343434343 0.009427609427609427 0.009511784511784511 0.009595959595959595 0.009680134680134679 0.009764309764309764 0.009848484848484848 0.009932659932659932 0.01001683501683502 0.0101010101010101 0.01018518518518518 0.01026936026936027 0.01035353535353535 0.01043771043771044 0.01052188552188552 0.0106060606060606 0.01069023569023569 0.01077441077441077 0.01085858585858586 0.01094276094276094 0.01102693602693603 0.01111111111111111 0.01119528619528619 0.01127946127946128 0.01136363636363636 0.01144781144781145 0.01153198653198653 0.01161616161616162 0.0117003367003367 0.01178451178451178 0.01186868686868687 0.01195286195286195 0.01203703703703704 0.01212121212121212 0.01220538720538721 0.01228956228956229 0.01237373737373737 0.01245791245791246 0.01254208754208754 0.01262626262626263 0.01271043771043771 0.01279461279461279 0.01287878787878788 0.01296296296296296 0.01304713804713805 0.01313131313131313 0.01321548821548822 0.0132996632996633 0.01338383838383838 0.01346801346801347 0.01355218855218855 0.01363636363636364 0.01372053872053872 0.0138047138047138 0.01388888888888889 0.01397306397306397 0.01405723905723906 0.01414141414141414 0.01422558922558922 0.01430976430976431 0.01439393939393939 0.01447811447811448 0.01456228956228956 0.01464646464646465 0.01473063973063973 0.01481481481481482 0.0148989898989899 0.01498316498316498 0.01506734006734007 0.01515151515151515 0.01523569023569023 0.01531986531986532 0.0154040404040404 0.01548821548821549 0.01557239057239057 0.01565656565656566 0.01574074074074074 0.01582491582491583 0.01590909090909091 0.01599326599326599 0.01607744107744108 0.01616161616161616 0.01624579124579124 0.01632996632996633 0.01641414141414141 0.0164983164983165 0.01658249158249158 0.01666666666666667


# name: y
# type: matrix
# rows: 100
# columns: 1
 103528.9718464687
 104410.4163122228
 105291.860777977
 106173.3052437311
 107054.7497094853
 107936.1941752394
 108817.6386409935
 109699.0831067477
 110580.5275725018
 111461.972038256
 112343.4165040101
 113224.8609697642
 114106.3054355184
 114987.7499012725
 115869.1943670266
 116750.6388327808
 117632.0832985349
 118513.5277642891
 119394.9722300432
 120276.4166957974
 121157.8611615515
 122039.3056273056
 122920.7500930598
 123802.1945588139
 124683.639024568
 125565.0834903222
 126446.5279560763
 127327.9724218304
 128209.4168875846
 129090.8613533387
 129972.3058190929
 130853.750284847
 131735.1947506011
 132616.6392163553
 133498.0836821094
 134379.5281478636
 135260.9726136177
 136142.4170793718
 137023.861545126
 137905.3060108801
 138786.7504766342
 139668.1949423884
 140549.6394081425
 141431.0838738967
 142312.5283396508
 143193.9728054049
 144075.4172711591
 144956.8617369132
 145838.3062026674
 146719.7506684215
 147601.1951341757
 148482.6395999298
 149364.0840656839
 150245.5285314381
 151126.9729971922
 152008.4174629463
 152889.8619287005
 153771.3063944546
 154652.7508602088
 155534.1953259629
 156415.639791717
 157297.0842574712
 158178.5287232253
 159059.9731889794
 159941.4176547336
 160822.8621204877
 161704.3065862418
 162585.751051996
 163467.1955177501
 164348.6399835043
 165230.0844492584
 166111.5289150125
 166992.9733807667
 167874.4178465208
 168755.862312275
 169637.3067780291
 170518.7512437832
 171400.1957095374
 172281.6401752915
 173163.0846410456
 174044.5291067998
 174925.973572554
 175807.4180383081
 176688.8625040622
 177570.3069698164
 178451.7514355705
 179333.1959013246
 180214.6403670788
 181096.0848328329
 181977.529298587
 182858.9737643412
 183740.4182300953
 184621.8626958495
 185503.3071616036
 186384.7516273577
 187266.1960931119
 188147.640558866
 189029.0850246201
 189910.5294903743
 190791.9739561284


# name: QUERY
# type: sq_string
# elements: 1
# length: 2
R4


# name: DATASIZE
# type: sq_string
# elements: 1
# length: 3
250


