# Created by Octave 4.0.0, Mon May 23 13:37:38 2016 CEST <peter@Independence>
# name: x
# type: matrix
# rows: 1
# columns: 100
 0.008333333333333333 0.008417508417508417 0.008501683501683501 0.008585858585858586 0.00867003367003367 0.008754208754208754 0.008838383838383838 0.008922558922558922 0.009006734006734006 0.00909090909090909 0.009175084175084175 0.009259259259259259 0.009343434343434343 0.009427609427609427 0.009511784511784511 0.009595959595959595 0.009680134680134679 0.009764309764309764 0.009848484848484848 0.009932659932659932 0.01001683501683502 0.0101010101010101 0.01018518518518518 0.01026936026936027 0.01035353535353535 0.01043771043771044 0.01052188552188552 0.0106060606060606 0.01069023569023569 0.01077441077441077 0.01085858585858586 0.01094276094276094 0.01102693602693603 0.01111111111111111 0.01119528619528619 0.01127946127946128 0.01136363636363636 0.01144781144781145 0.01153198653198653 0.01161616161616162 0.0117003367003367 0.01178451178451178 0.01186868686868687 0.01195286195286195 0.01203703703703704 0.01212121212121212 0.01220538720538721 0.01228956228956229 0.01237373737373737 0.01245791245791246 0.01254208754208754 0.01262626262626263 0.01271043771043771 0.01279461279461279 0.01287878787878788 0.01296296296296296 0.01304713804713805 0.01313131313131313 0.01321548821548822 0.0132996632996633 0.01338383838383838 0.01346801346801347 0.01355218855218855 0.01363636363636364 0.01372053872053872 0.0138047138047138 0.01388888888888889 0.01397306397306397 0.01405723905723906 0.01414141414141414 0.01422558922558922 0.01430976430976431 0.01439393939393939 0.01447811447811448 0.01456228956228956 0.01464646464646465 0.01473063973063973 0.01481481481481482 0.0148989898989899 0.01498316498316498 0.01506734006734007 0.01515151515151515 0.01523569023569023 0.01531986531986532 0.0154040404040404 0.01548821548821549 0.01557239057239057 0.01565656565656566 0.01574074074074074 0.01582491582491583 0.01590909090909091 0.01599326599326599 0.01607744107744108 0.01616161616161616 0.01624579124579124 0.01632996632996633 0.01641414141414141 0.0164983164983165 0.01658249158249158 0.01666666666666667


# name: y
# type: matrix
# rows: 1
# columns: 100
 102826.6499151824 103882.2509638369 104937.8520124913 105993.4530611458 107049.0541098003 108104.6551584548 109160.2562071093 110215.8572557638 111271.4583044183 112327.0593530727 113382.6604017272 114438.2614503817 115493.8624990362 116549.4635476907 117605.0645963452 118660.6656449997 119716.2666936541 120771.8677423086 121827.4687909631 122883.0698396176 123938.6708882721 124994.2719369266 126049.872985581 127105.4740342355 128161.07508289 129216.6761315445 130272.277180199 131327.8782288535 132383.4792775079 133439.0803261624 134494.6813748169 135550.2824234714 136605.8834721259 137661.4845207804 138717.0855694348 139772.6866180893 140828.2876667438 141883.8887153983 142939.4897640528 143995.0908127073 145050.6918613617 146106.2929100162 147161.8939586707 148217.4950073252 149273.0960559797 150328.6971046342 151384.2981532887 152439.8992019431 153495.5002505976 154551.1012992521 155606.7023479066 156662.3033965611 157717.9044452155 158773.50549387 159829.1065425245 160884.707591179 161940.3086398335 162995.909688488 164051.5107371425 165107.1117857969 166162.7128344514 167218.3138831059 168273.9149317604 169329.5159804149 170385.1170290693 171440.7180777238 172496.3191263783 173551.9201750328 174607.5212236873 175663.1222723418 176718.7233209963 177774.3243696507 178829.9254183052 179885.5264669597 180941.1275156142 181996.7285642687 183052.3296129232 184107.9306615776 185163.5317102321 186219.1327588866 187274.7338075411 188330.3348561956 189385.9359048501 190441.5369535045 191497.138002159 192552.7390508135 193608.340099468 194663.9411481225 195719.542196777 196775.1432454314 197830.7442940859 198886.3453427404 199941.9463913949 200997.5474400494 202053.1484887039 203108.7495373584 204164.3505860128 205219.9516346673 206275.5526833218 207331.1537319763


# name: QUERY
# type: sq_string
# elements: 1
# length: 2
R4


# name: DATASIZE
# type: sq_string
# elements: 1
# length: 3
250


