# Created by Octave 4.0.0, Mon May 23 13:37:38 2016 CEST <peter@Independence>
# name: x
# type: matrix
# rows: 1
# columns: 100
 0.008333333333333333 0.008417508417508417 0.008501683501683501 0.008585858585858586 0.00867003367003367 0.008754208754208754 0.008838383838383838 0.008922558922558922 0.009006734006734006 0.00909090909090909 0.009175084175084175 0.009259259259259259 0.009343434343434343 0.009427609427609427 0.009511784511784511 0.009595959595959595 0.009680134680134679 0.009764309764309764 0.009848484848484848 0.009932659932659932 0.01001683501683502 0.0101010101010101 0.01018518518518518 0.01026936026936027 0.01035353535353535 0.01043771043771044 0.01052188552188552 0.0106060606060606 0.01069023569023569 0.01077441077441077 0.01085858585858586 0.01094276094276094 0.01102693602693603 0.01111111111111111 0.01119528619528619 0.01127946127946128 0.01136363636363636 0.01144781144781145 0.01153198653198653 0.01161616161616162 0.0117003367003367 0.01178451178451178 0.01186868686868687 0.01195286195286195 0.01203703703703704 0.01212121212121212 0.01220538720538721 0.01228956228956229 0.01237373737373737 0.01245791245791246 0.01254208754208754 0.01262626262626263 0.01271043771043771 0.01279461279461279 0.01287878787878788 0.01296296296296296 0.01304713804713805 0.01313131313131313 0.01321548821548822 0.0132996632996633 0.01338383838383838 0.01346801346801347 0.01355218855218855 0.01363636363636364 0.01372053872053872 0.0138047138047138 0.01388888888888889 0.01397306397306397 0.01405723905723906 0.01414141414141414 0.01422558922558922 0.01430976430976431 0.01439393939393939 0.01447811447811448 0.01456228956228956 0.01464646464646465 0.01473063973063973 0.01481481481481482 0.0148989898989899 0.01498316498316498 0.01506734006734007 0.01515151515151515 0.01523569023569023 0.01531986531986532 0.0154040404040404 0.01548821548821549 0.01557239057239057 0.01565656565656566 0.01574074074074074 0.01582491582491583 0.01590909090909091 0.01599326599326599 0.01607744107744108 0.01616161616161616 0.01624579124579124 0.01632996632996633 0.01641414141414141 0.0164983164983165 0.01658249158249158 0.01666666666666667


# name: y
# type: matrix
# rows: 100
# columns: 1
 107056.6672953159
 108032.950135591
 109009.2329758661
 109985.5158161412
 110961.7986564163
 111938.0814966914
 112914.3643369665
 113890.6471772415
 114866.9300175166
 115843.2128577917
 116819.4956980668
 117795.7785383419
 118772.061378617
 119748.344218892
 120724.6270591671
 121700.9098994422
 122677.1927397173
 123653.4755799924
 124629.7584202675
 125606.0412605426
 126582.3241008176
 127558.6069410927
 128534.8897813678
 129511.1726216429
 130487.455461918
 131463.7383021931
 132440.0211424681
 133416.3039827432
 134392.5868230183
 135368.8696632934
 136345.1525035685
 137321.4353438436
 138297.7181841187
 139274.0010243937
 140250.2838646688
 141226.5667049439
 142202.849545219
 143179.1323854941
 144155.4152257692
 145131.6980660442
 146107.9809063193
 147084.2637465944
 148060.5465868695
 149036.8294271445
 150013.1122674196
 150989.3951076947
 151965.6779479698
 152941.9607882449
 153918.24362852
 154894.5264687951
 155870.8093090701
 156847.0921493452
 157823.3749896203
 158799.6578298954
 159775.9406701705
 160752.2235104456
 161728.5063507207
 162704.7891909957
 163681.0720312708
 164657.3548715459
 165633.637711821
 166609.9205520961
 167586.2033923712
 168562.4862326462
 169538.7690729213
 170515.0519131964
 171491.3347534715
 172467.6175937466
 173443.9004340217
 174420.1832742968
 175396.4661145718
 176372.7489548469
 177349.031795122
 178325.3146353971
 179301.5974756721
 180277.8803159472
 181254.1631562223
 182230.4459964974
 183206.7288367725
 184183.0116770476
 185159.2945173226
 186135.5773575978
 187111.8601978728
 188088.1430381479
 189064.425878423
 190040.7087186981
 191016.9915589732
 191993.2743992482
 192969.5572395233
 193945.8400797984
 194922.1229200735
 195898.4057603486
 196874.6886006237
 197850.9714408987
 198827.2542811738
 199803.5371214489
 200779.819961724
 201756.1028019991
 202732.3856422742
 203708.6684825493


# name: QUERY
# type: sq_string
# elements: 1
# length: 2
R4


# name: DATASIZE
# type: sq_string
# elements: 1
# length: 3
250


