# Created by Octave 3.8.2, Wed May 18 17:55:37 2016 CEST <Andrea@Andreas-MacBook-Pro.local>
# name: x
# type: matrix
# rows: 1
# columns: 100
 0.008333333333333333 0.008417508417508417 0.008501683501683501 0.008585858585858586 0.00867003367003367 0.008754208754208754 0.008838383838383838 0.008922558922558922 0.009006734006734006 0.00909090909090909 0.009175084175084175 0.009259259259259259 0.009343434343434343 0.009427609427609427 0.009511784511784511 0.009595959595959595 0.009680134680134679 0.009764309764309764 0.009848484848484848 0.009932659932659932 0.01001683501683502 0.0101010101010101 0.01018518518518518 0.01026936026936027 0.01035353535353535 0.01043771043771044 0.01052188552188552 0.0106060606060606 0.01069023569023569 0.01077441077441077 0.01085858585858586 0.01094276094276094 0.01102693602693603 0.01111111111111111 0.01119528619528619 0.01127946127946128 0.01136363636363636 0.01144781144781145 0.01153198653198653 0.01161616161616162 0.0117003367003367 0.01178451178451178 0.01186868686868687 0.01195286195286195 0.01203703703703704 0.01212121212121212 0.01220538720538721 0.01228956228956229 0.01237373737373737 0.01245791245791246 0.01254208754208754 0.01262626262626263 0.01271043771043771 0.01279461279461279 0.01287878787878788 0.01296296296296296 0.01304713804713805 0.01313131313131313 0.01321548821548822 0.0132996632996633 0.01338383838383838 0.01346801346801347 0.01355218855218855 0.01363636363636364 0.01372053872053872 0.0138047138047138 0.01388888888888889 0.01397306397306397 0.01405723905723906 0.01414141414141414 0.01422558922558922 0.01430976430976431 0.01439393939393939 0.01447811447811448 0.01456228956228956 0.01464646464646465 0.01473063973063973 0.01481481481481482 0.0148989898989899 0.01498316498316498 0.01506734006734007 0.01515151515151515 0.01523569023569023 0.01531986531986532 0.0154040404040404 0.01548821548821549 0.01557239057239057 0.01565656565656566 0.01574074074074074 0.01582491582491583 0.01590909090909091 0.01599326599326599 0.01607744107744108 0.01616161616161616 0.01624579124579124 0.01632996632996633 0.01641414141414141 0.0164983164983165 0.01658249158249158 0.01666666666666667


# name: y
# type: matrix
# rows: 1
# columns: 100
 105956.2332110197 106929.9615769838 107903.689942948 108877.4183089122 109851.1466748764 110824.8750408405 111798.6034068047 112772.3317727689 113746.060138733 114719.7885046972 115693.5168706614 116667.2452366255 117640.9736025897 118614.7019685539 119588.430334518 120562.1587004822 121535.8870664464 122509.6154324105 123483.3437983747 124457.0721643389 125430.8005303031 126404.5288962672 127378.2572622314 128351.9856281956 129325.7139941597 130299.4423601239 131273.1707260881 132246.8990920522 133220.6274580164 134194.3558239806 135168.0841899448 136141.8125559089 137115.5409218731 138089.2692878373 139062.9976538014 140036.7260197656 141010.4543857298 141984.1827516939 142957.9111176581 143931.6394836223 144905.3678495864 145879.0962155506 146852.8245815148 147826.5529474789 148800.2813134431 149774.0096794073 150747.7380453715 151721.4664113356 152695.1947772998 153668.923143264 154642.6515092281 155616.3798751923 156590.1082411565 157563.8366071206 158537.5649730848 159511.293339049 160485.0217050131 161458.7500709773 162432.4784369415 163406.2068029056 164379.9351688698 165353.663534834 166327.3919007981 167301.1202667623 168274.8486327265 169248.5769986906 170222.3053646548 171196.033730619 172169.7620965831 173143.4904625473 174117.2188285115 175090.9471944757 176064.6755604398 177038.403926404 178012.1322923682 178985.8606583323 179959.5890242965 180933.3173902607 181907.0457562248 182880.774122189 183854.5024881532 184828.2308541174 185801.9592200815 186775.6875860457 187749.4159520098 188723.144317974 189696.8726839382 190670.6010499024 191644.3294158665 192618.0577818307 193591.7861477949 194565.514513759 195539.2428797232 196512.9712456874 197486.6996116515 198460.4279776157 199434.1563435799 200407.884709544 201381.6130755082 202355.3414414724


# name: QUERY
# type: sq_string
# elements: 1
# length: 2
R4


# name: DATASIZE
# type: sq_string
# elements: 1
# length: 3
250


