# Created by Octave 3.8.2, Wed May 18 17:55:36 2016 CEST <Andrea@Andreas-MacBook-Pro.local>
# name: SVs
# type: cell
# rows: 1
# columns: 7
# name: <cell-element>
# type: sparse matrix
# nnz: 39
# rows: 39
# columns: 1
1 1 -1.08290693797437
2 1 -0.5219767254984365
3 1 1.721744124405295
4 1 1.721744124405295
5 1 0.3194185932154631
6 1 -0.5219767254984365
7 1 -0.5219767254984365
8 1 0.3194185932154631
9 1 -0.5219767254984365
10 1 1.721744124405295
11 1 -1.08290693797437
12 1 -1.08290693797437
13 1 0.3194185932154631
14 1 -0.5219767254984365
15 1 0.3194185932154631
16 1 -0.5219767254984365
17 1 0.3194185932154631
18 1 -1.08290693797437
19 1 1.721744124405295
20 1 -1.08290693797437
21 1 -0.5219767254984365
22 1 0.3194185932154631
23 1 -0.5219767254984365
24 1 -0.5219767254984365
25 1 -1.08290693797437
26 1 1.721744124405295
27 1 1.721744124405295
28 1 1.721744124405295
29 1 0.3194185932154631
30 1 -1.08290693797437
31 1 1.721744124405295
32 1 1.721744124405295
33 1 -0.5219767254984365
34 1 -0.5219767254984365
35 1 -0.5219767254984365
36 1 0.3194185932154631
37 1 0.3194185932154631
38 1 0.3194185932154631
39 1 0.3194185932154631



# name: <cell-element>
# type: sparse matrix
# nnz: 28
# rows: 28
# columns: 1
1 1 -1.08290693797437
2 1 -1.08290693797437
3 1 1.721744124405295
4 1 1.721744124405295
5 1 -0.5219767254984365
6 1 -0.5219767254984365
7 1 1.721744124405295
8 1 -1.08290693797437
9 1 -1.08290693797437
10 1 0.3194185932154631
11 1 0.3194185932154631
12 1 -1.08290693797437
13 1 -1.08290693797437
14 1 -0.5219767254984365
15 1 0.3194185932154631
16 1 -0.5219767254984365
17 1 -0.5219767254984365
18 1 -1.08290693797437
19 1 1.721744124405295
20 1 1.721744124405295
21 1 -1.08290693797437
22 1 0.3194185932154631
23 1 -1.08290693797437
24 1 1.721744124405295
25 1 -0.5219767254984365
26 1 0.3194185932154631
27 1 0.3194185932154631
28 1 0.3194185932154631



# name: <cell-element>
# type: sparse matrix
# nnz: 34
# rows: 34
# columns: 1
1 1 -1.08290693797437
2 1 -0.5219767254984365
3 1 1.721744124405295
4 1 1.721744124405295
5 1 -0.5219767254984365
6 1 -0.5219767254984365
7 1 0.3194185932154631
8 1 -0.5219767254984365
9 1 -1.08290693797437
10 1 -1.08290693797437
11 1 0.3194185932154631
12 1 -0.5219767254984365
13 1 0.3194185932154631
14 1 -0.5219767254984365
15 1 0.3194185932154631
16 1 -1.08290693797437
17 1 1.721744124405295
18 1 -0.5219767254984365
19 1 0.3194185932154631
20 1 -0.5219767254984365
21 1 -0.5219767254984365
22 1 -1.08290693797437
23 1 1.721744124405295
24 1 1.721744124405295
25 1 1.721744124405295
26 1 0.3194185932154631
27 1 -1.08290693797437
28 1 1.721744124405295
29 1 -0.5219767254984365
30 1 -0.5219767254984365
31 1 -0.5219767254984365
32 1 0.3194185932154631
33 1 0.3194185932154631
34 1 0.3194185932154631



# name: <cell-element>
# type: sparse matrix
# nnz: 24
# rows: 24
# columns: 1
1 1 -1.08290693797437
2 1 -1.08290693797437
3 1 1.721744124405295
4 1 1.721744124405295
5 1 -0.5219767254984365
6 1 -0.5219767254984365
7 1 -1.08290693797437
8 1 -1.08290693797437
9 1 0.3194185932154631
10 1 0.3194185932154631
11 1 -1.08290693797437
12 1 -0.5219767254984365
13 1 0.3194185932154631
14 1 -0.5219767254984365
15 1 -0.5219767254984365
16 1 -1.08290693797437
17 1 1.721744124405295
18 1 1.721744124405295
19 1 -1.08290693797437
20 1 0.3194185932154631
21 1 -1.08290693797437
22 1 0.3194185932154631
23 1 0.3194185932154631
24 1 0.3194185932154631



# name: <cell-element>
# type: sparse matrix
# nnz: 41
# rows: 41
# columns: 1
1 1 -1.08290693797437
2 1 -1.08290693797437
3 1 -0.5219767254984365
4 1 1.721744124405295
5 1 1.721744124405295
6 1 0.3194185932154631
7 1 -0.5219767254984365
8 1 -0.5219767254984365
9 1 0.3194185932154631
10 1 -0.5219767254984365
11 1 1.721744124405295
12 1 -1.08290693797437
13 1 -1.08290693797437
14 1 0.3194185932154631
15 1 -0.5219767254984365
16 1 0.3194185932154631
17 1 -0.5219767254984365
18 1 0.3194185932154631
19 1 -1.08290693797437
20 1 1.721744124405295
21 1 -1.08290693797437
22 1 -0.5219767254984365
23 1 0.3194185932154631
24 1 -0.5219767254984365
25 1 -0.5219767254984365
26 1 -1.08290693797437
27 1 1.721744124405295
28 1 1.721744124405295
29 1 -1.08290693797437
30 1 1.721744124405295
31 1 0.3194185932154631
32 1 -1.08290693797437
33 1 1.721744124405295
34 1 1.721744124405295
35 1 -0.5219767254984365
36 1 -0.5219767254984365
37 1 -0.5219767254984365
38 1 0.3194185932154631
39 1 0.3194185932154631
40 1 0.3194185932154631
41 1 0.3194185932154631



# name: <cell-element>
# type: sparse matrix
# nnz: 40
# rows: 40
# columns: 1
1 1 -1.08290693797437
2 1 -0.5219767254984365
3 1 1.721744124405295
4 1 1.721744124405295
5 1 0.3194185932154631
6 1 -0.5219767254984365
7 1 -0.5219767254984365
8 1 0.3194185932154631
9 1 -0.5219767254984365
10 1 1.721744124405295
11 1 -1.08290693797437
12 1 0.3194185932154631
13 1 -0.5219767254984365
14 1 0.3194185932154631
15 1 -0.5219767254984365
16 1 0.3194185932154631
17 1 -1.08290693797437
18 1 1.721744124405295
19 1 -1.08290693797437
20 1 -0.5219767254984365
21 1 0.3194185932154631
22 1 -0.5219767254984365
23 1 -0.5219767254984365
24 1 -1.08290693797437
25 1 -0.5219767254984365
26 1 1.721744124405295
27 1 1.721744124405295
28 1 -1.08290693797437
29 1 1.721744124405295
30 1 0.3194185932154631
31 1 -1.08290693797437
32 1 1.721744124405295
33 1 1.721744124405295
34 1 -0.5219767254984365
35 1 -0.5219767254984365
36 1 -0.5219767254984365
37 1 0.3194185932154631
38 1 0.3194185932154631
39 1 0.3194185932154631
40 1 0.3194185932154631



# name: <cell-element>
# type: scalar
0





# name: coefficients
# type: cell
# rows: 1
# columns: 7
# name: <cell-element>
# type: matrix
# rows: 39
# columns: 1
 -0.1
 0.1
 -0.1
 0.1
 -0.1
 0.1
 -0.1
 -0.1
 0.1
 0.1
 -0.1
 -0.1
 -0.1
 0.1
 0.1
 -0.1
 0.1
 -0.1
 -0.1
 0.06383205845072804
 0.1
 0.1
 -0.1
 -0.1
 -0.1
 0.1
 0.1
 -0.1
 0.1
 -0.1
 0.03616794154927197
 -0.1
 -0.1
 0.1
 0.1
 0.1
 0.1
 0.1
 -0.1



# name: <cell-element>
# type: matrix
# rows: 28
# columns: 1
 -0.35789
 -0.35789
 -0.35789
 0.35789
 -0.35789
 0.35789
 0.35789
 -0.35789
 -0.35789
 0.35789
 0.35789
 -0.35789
 -0.35789
 0.35789
 0.35789
 -0.35789
 -0.35789
 -0.35789
 0.35789
 0.35789
 -0.35789
 0.35789
 -0.35789
 0.2737128758147428
 -0.2737128758147427
 0.35789
 0.35789
 0.35789



# name: <cell-element>
# type: matrix
# rows: 34
# columns: 1
 -0.1
 0.1
 -0.1
 0.1
 0.1
 -0.1
 -0.1
 0.1
 -0.1
 -0.1
 -0.1
 0.1
 0.1
 -0.1
 0.1
 -0.1
 -0.1
 0.1
 0.1
 -0.1
 -0.1
 -0.1
 0.1
 0.1
 -0.1
 0.1
 -0.1
 -0.09576623466751345
 -0.1
 0.09576623466751347
 0.1
 0.1
 0.1
 0.1



# name: <cell-element>
# type: matrix
# rows: 24
# columns: 1
 -5
 -5
 -5
 5
 -5
 5
 -5
 -5
 5
 5
 -5
 5
 5
 -1.245640945945187
 -5
 -5
 1.245640945945166
 5
 -5
 5
 -5
 5
 5
 5



# name: <cell-element>
# type: matrix
# rows: 41
# columns: 1
 -5
 -5
 5
 -5
 5
 2.22127106440184
 5
 -5
 -5
 5
 5
 -5
 -5
 -5
 5
 5
 -5
 5
 -5
 -5
 -5
 5
 5
 -5
 -5
 -5
 5
 5
 -5
 -5
 5
 -5
 2.778728935598163
 -5
 -5
 5
 5
 5
 5
 5
 5



# name: <cell-element>
# type: matrix
# rows: 40
# columns: 1
 2.9368
 2.9368
 -2.9368
 2.9368
 -2.9368
 2.9368
 -2.9368
 -2.9368
 2.9368
 2.9368
 -2.9368
 -2.9368
 2.9368
 2.9368
 -2.9368
 -2.9368
 -2.9368
 -2.9368
 2.9368
 2.9368
 2.9368
 -2.9368
 -2.9368
 -2.9368
 -2.9368
 2.9368
 2.9368
 2.9368
 -2.9368
 -0.3644894571316087
 -2.327014517025098
 0.9320306568171289
 -2.9368
 -2.9368
 1.759473317339578
 2.9368
 2.9368
 2.9368
 2.9368
 -2.9368



# name: <cell-element>
# type: scalar
0





# name: b
# type: cell
# rows: 1
# columns: 7
# name: <cell-element>
# type: scalar
-0.1214022482149501



# name: <cell-element>
# type: scalar
-0.4357533261053067



# name: <cell-element>
# type: scalar
-0.2545271462174231



# name: <cell-element>
# type: scalar
-0.3777349021453764



# name: <cell-element>
# type: scalar
-0.4010736609790663



# name: <cell-element>
# type: scalar
0.07917739926635596



# name: <cell-element>
# type: scalar
0





# name: models
# type: cell
# rows: 1
# columns: 7
