# Created by Octave 4.0.0, Mon May 23 13:37:38 2016 CEST <peter@Independence>
# name: SVs
# type: cell
# rows: 1
# columns: 7
# name: <cell-element>
# type: sparse matrix
# nnz: 19
# rows: 19
# columns: 1
1 1 -0.5219767254984365
2 1 -0.5219767254984365
3 1 1.721744124405295
4 1 -0.5219767254984365
5 1 -1.08290693797437
6 1 1.721744124405295
7 1 0.3194185932154631
8 1 1.721744124405295
9 1 0.3194185932154631
10 1 0.3194185932154631
11 1 -0.5219767254984365
12 1 0.3194185932154631
13 1 -0.5219767254984365
14 1 -0.5219767254984365
15 1 0.3194185932154631
16 1 -1.08290693797437
17 1 1.721744124405295
18 1 0.3194185932154631
19 1 0.3194185932154631



# name: <cell-element>
# type: sparse matrix
# nnz: 36
# rows: 36
# columns: 1
1 1 -1.08290693797437
2 1 -0.5219767254984365
3 1 -0.5219767254984365
4 1 -0.5219767254984365
5 1 -1.08290693797437
6 1 -1.08290693797437
7 1 0.3194185932154631
8 1 1.721744124405295
9 1 0.3194185932154631
10 1 -1.08290693797437
11 1 1.721744124405295
12 1 0.3194185932154631
13 1 1.721744124405295
14 1 1.721744124405295
15 1 0.3194185932154631
16 1 0.3194185932154631
17 1 1.721744124405295
18 1 0.3194185932154631
19 1 0.3194185932154631
20 1 -0.5219767254984365
21 1 -1.08290693797437
22 1 0.3194185932154631
23 1 0.3194185932154631
24 1 -0.5219767254984365
25 1 -0.5219767254984365
26 1 0.3194185932154631
27 1 -1.08290693797437
28 1 -1.08290693797437
29 1 1.721744124405295
30 1 0.3194185932154631
31 1 -1.08290693797437
32 1 -1.08290693797437
33 1 -0.5219767254984365
34 1 0.3194185932154631
35 1 -0.5219767254984365
36 1 -1.08290693797437



# name: <cell-element>
# type: sparse matrix
# nnz: 23
# rows: 23
# columns: 1
1 1 1.721744124405295
2 1 -0.5219767254984365
3 1 -0.5219767254984365
4 1 1.721744124405295
5 1 -0.5219767254984365
6 1 -1.08290693797437
7 1 -1.08290693797437
8 1 1.721744124405295
9 1 0.3194185932154631
10 1 0.3194185932154631
11 1 1.721744124405295
12 1 0.3194185932154631
13 1 0.3194185932154631
14 1 -0.5219767254984365
15 1 0.3194185932154631
16 1 -0.5219767254984365
17 1 -0.5219767254984365
18 1 0.3194185932154631
19 1 -1.08290693797437
20 1 1.721744124405295
21 1 -0.5219767254984365
22 1 0.3194185932154631
23 1 -1.08290693797437



# name: <cell-element>
# type: sparse matrix
# nnz: 34
# rows: 34
# columns: 1
1 1 -1.08290693797437
2 1 -0.5219767254984365
3 1 -0.5219767254984365
4 1 1.721744124405295
5 1 -0.5219767254984365
6 1 -1.08290693797437
7 1 0.3194185932154631
8 1 0.3194185932154631
9 1 -1.08290693797437
10 1 1.721744124405295
11 1 0.3194185932154631
12 1 1.721744124405295
13 1 0.3194185932154631
14 1 0.3194185932154631
15 1 1.721744124405295
16 1 0.3194185932154631
17 1 0.3194185932154631
18 1 -0.5219767254984365
19 1 -1.08290693797437
20 1 0.3194185932154631
21 1 0.3194185932154631
22 1 -0.5219767254984365
23 1 -0.5219767254984365
24 1 0.3194185932154631
25 1 -1.08290693797437
26 1 -1.08290693797437
27 1 1.721744124405295
28 1 0.3194185932154631
29 1 -1.08290693797437
30 1 -1.08290693797437
31 1 -0.5219767254984365
32 1 0.3194185932154631
33 1 -0.5219767254984365
34 1 -1.08290693797437



# name: <cell-element>
# type: sparse matrix
# nnz: 35
# rows: 35
# columns: 1
1 1 1.721744124405295
2 1 -1.08290693797437
3 1 -0.5219767254984365
4 1 -0.5219767254984365
5 1 1.721744124405295
6 1 -0.5219767254984365
7 1 -1.08290693797437
8 1 0.3194185932154631
9 1 0.3194185932154631
10 1 -1.08290693797437
11 1 1.721744124405295
12 1 0.3194185932154631
13 1 1.721744124405295
14 1 0.3194185932154631
15 1 0.3194185932154631
16 1 1.721744124405295
17 1 0.3194185932154631
18 1 0.3194185932154631
19 1 -0.5219767254984365
20 1 -1.08290693797437
21 1 0.3194185932154631
22 1 0.3194185932154631
23 1 -0.5219767254984365
24 1 -0.5219767254984365
25 1 0.3194185932154631
26 1 -1.08290693797437
27 1 -1.08290693797437
28 1 1.721744124405295
29 1 0.3194185932154631
30 1 -1.08290693797437
31 1 -1.08290693797437
32 1 -0.5219767254984365
33 1 0.3194185932154631
34 1 -0.5219767254984365
35 1 -1.08290693797437



# name: <cell-element>
# type: sparse matrix
# nnz: 19
# rows: 19
# columns: 1
1 1 -0.5219767254984365
2 1 -0.5219767254984365
3 1 1.721744124405295
4 1 -0.5219767254984365
5 1 -1.08290693797437
6 1 1.721744124405295
7 1 0.3194185932154631
8 1 0.3194185932154631
9 1 1.721744124405295
10 1 0.3194185932154631
11 1 0.3194185932154631
12 1 -0.5219767254984365
13 1 0.3194185932154631
14 1 -0.5219767254984365
15 1 -0.5219767254984365
16 1 0.3194185932154631
17 1 1.721744124405295
18 1 0.3194185932154631
19 1 0.3194185932154631



# name: <cell-element>
# type: scalar
0





# name: coefficients
# type: cell
# rows: 1
# columns: 7
# name: <cell-element>
# type: matrix
# rows: 19
# columns: 1
 0.35789
 -0.35789
 -0.2863326837071874
 -0.35789
 -0.35789
 -0.35789
 -0.35789
 0.35789
 0.35789
 0.35789
 0.35789
 0.35789
 -0.35789
 0.35789
 0.35789
 -0.0715573162928126
 0.35789
 -0.35789
 -0.35789



# name: <cell-element>
# type: matrix
# rows: 36
# columns: 1
 -2.4211
 2.4211
 -2.4211
 -2.4211
 -2.4211
 -2.4211
 2.4211
 2.4211
 2.4211
 -2.4211
 -2.4211
 0.3397778196862107
 2.046263576054647
 2.4211
 2.4211
 2.4211
 2.4211
 2.4211
 2.4211
 2.4211
 -2.4211
 2.4211
 2.4211
 -2.4211
 2.4211
 2.4211
 -2.4211
 -2.4211
 2.4211
 -2.4211
 -2.4211
 -2.4211
 -2.4211
 -2.4211
 0.0350586042591431
 -2.4211



# name: <cell-element>
# type: matrix
# rows: 23
# columns: 1
 -1.900177756130952
 1.9053
 -1.9053
 -1.9053
 -1.9053
 -1.9053
 -1.9053
 -1.9053
 1.9053
 1.9053
 1.9053
 1.9053
 1.9053
 1.9053
 1.9053
 -1.9053
 1.9053
 1.9053
 -1.9053
 1.9053
 -0.005122243869048483
 -1.9053
 -1.9053



# name: <cell-element>
# type: matrix
# rows: 34
# columns: 1
 -0.1
 0.1
 -0.1
 -0.0428820878239189
 -0.1
 -0.1
 0.1
 0.1
 -0.1
 -0.1
 0.0428820878239189
 0.1
 0.1
 0.1
 0.1
 0.1
 0.1
 0.1
 -0.1
 0.1
 0.1
 -0.1
 0.1
 0.1
 -0.1
 -0.1
 0.1
 -0.1
 -0.1
 -0.1
 -0.1
 -0.1
 0.1
 -0.1



# name: <cell-element>
# type: matrix
# rows: 35
# columns: 1
 -0.04230444773717285
 -0.1
 0.1
 -0.1
 -0.1
 -0.1
 -0.1
 0.1
 0.1
 -0.1
 -0.1
 0.1
 0.1
 0.1
 0.1
 0.1
 0.1
 0.1
 0.1
 -0.1
 0.1
 0.1
 -0.1
 0.1
 0.1
 -0.1
 -0.1
 0.1
 -0.05769555226282715
 -0.1
 -0.1
 -0.1
 -0.1
 0.1
 -0.1



# name: <cell-element>
# type: matrix
# rows: 19
# columns: 1
 2.6789
 -2.6789
 -1.693102562902026
 -2.6789
 -1.356941127700264
 -2.6789
 -2.6789
 -2.6789
 2.6789
 2.6789
 2.6789
 2.6789
 2.6789
 -2.30775630939771
 2.6789
 2.6789
 2.6789
 -2.6789
 -2.6789



# name: <cell-element>
# type: scalar
0





# name: b
# type: cell
# rows: 1
# columns: 7
# name: <cell-element>
# type: scalar
0.02442552885134645



# name: <cell-element>
# type: scalar
-0.3793152373100288



# name: <cell-element>
# type: scalar
-0.225300840928613



# name: <cell-element>
# type: scalar
-0.3486541383721019



# name: <cell-element>
# type: scalar
-0.3645878086682878



# name: <cell-element>
# type: scalar
0.246652976170135



# name: <cell-element>
# type: scalar
0





# name: models
# type: cell
# rows: 1
# columns: 7
# name: <cell-element>
# type: scalar struct
# ndims: 2
 1 1
# length: 11
# name: Parameters
# type: matrix
# rows: 5
# columns: 1
 3
 0
 3
 1
 0


# name: nr_class
# type: scalar
2


# name: totalSV
# type: scalar
19


# name: rho
# type: scalar
-0.02442552885134645


# name: Label
# type: matrix
# rows: 0
# columns: 0


# name: sv_indices
# type: matrix
# rows: 19
# columns: 1
 5
 7
 8
 9
 15
 16
 20
 24
 25
 26
 27
 30
 31
 32
 33
 34
 36
 37
 41


# name: ProbA
# type: matrix
# rows: 0
# columns: 0


# name: ProbB
# type: matrix
# rows: 0
# columns: 0


# name: nSV
# type: matrix
# rows: 0
# columns: 0


# name: sv_coef
# type: matrix
# rows: 19
# columns: 1
 0.35789
 -0.35789
 -0.2863326837071874
 -0.35789
 -0.35789
 -0.35789
 -0.35789
 0.35789
 0.35789
 0.35789
 0.35789
 0.35789
 -0.35789
 0.35789
 0.35789
 -0.0715573162928126
 0.35789
 -0.35789
 -0.35789


