# Created by Octave 3.8.2, Wed May 18 17:55:27 2016 CEST <Andrea@Andreas-MacBook-Pro.local>
# name: mu
# type: matrix
# rows: 1
# columns: 2
 143177 0.01155092592592592


# name: sigma
# type: matrix
# rows: 1
# columns: 2
 49050.27326624142 0.002971254943302195


