# Created by Octave 4.0.0, Mon May 23 13:37:32 2016 CEST <peter@Independence>
# name: mu
# type: matrix
# rows: 1
# columns: 2
 143177 0.01155092592592592


# name: sigma
# type: matrix
# rows: 1
# columns: 2
 49050.27326624142 0.002971254943302195


