# Created by Octave 4.0.0, Mon May 23 13:37:38 2016 CEST <peter@Independence>
# name: x
# type: matrix
# rows: 1
# columns: 100
 0.008333333333333333 0.008417508417508417 0.008501683501683501 0.008585858585858586 0.00867003367003367 0.008754208754208754 0.008838383838383838 0.008922558922558922 0.009006734006734006 0.00909090909090909 0.009175084175084175 0.009259259259259259 0.009343434343434343 0.009427609427609427 0.009511784511784511 0.009595959595959595 0.009680134680134679 0.009764309764309764 0.009848484848484848 0.009932659932659932 0.01001683501683502 0.0101010101010101 0.01018518518518518 0.01026936026936027 0.01035353535353535 0.01043771043771044 0.01052188552188552 0.0106060606060606 0.01069023569023569 0.01077441077441077 0.01085858585858586 0.01094276094276094 0.01102693602693603 0.01111111111111111 0.01119528619528619 0.01127946127946128 0.01136363636363636 0.01144781144781145 0.01153198653198653 0.01161616161616162 0.0117003367003367 0.01178451178451178 0.01186868686868687 0.01195286195286195 0.01203703703703704 0.01212121212121212 0.01220538720538721 0.01228956228956229 0.01237373737373737 0.01245791245791246 0.01254208754208754 0.01262626262626263 0.01271043771043771 0.01279461279461279 0.01287878787878788 0.01296296296296296 0.01304713804713805 0.01313131313131313 0.01321548821548822 0.0132996632996633 0.01338383838383838 0.01346801346801347 0.01355218855218855 0.01363636363636364 0.01372053872053872 0.0138047138047138 0.01388888888888889 0.01397306397306397 0.01405723905723906 0.01414141414141414 0.01422558922558922 0.01430976430976431 0.01439393939393939 0.01447811447811448 0.01456228956228956 0.01464646464646465 0.01473063973063973 0.01481481481481482 0.0148989898989899 0.01498316498316498 0.01506734006734007 0.01515151515151515 0.01523569023569023 0.01531986531986532 0.0154040404040404 0.01548821548821549 0.01557239057239057 0.01565656565656566 0.01574074074074074 0.01582491582491583 0.01590909090909091 0.01599326599326599 0.01607744107744108 0.01616161616161616 0.01624579124579124 0.01632996632996633 0.01641414141414141 0.0164983164983165 0.01658249158249158 0.01666666666666667


# name: y
# type: matrix
# rows: 100
# columns: 1
 129444.3547551122
 128834.0232886734
 128300.3904200819
 127835.5434962483
 127432.1985643191
 127083.6661486228
 126783.8179855744
 126527.0547165371
 126308.2745386423
 126122.842813569
 125966.5626342788
 125835.6463497119
 125726.6880474388
 125636.6369942718
 125562.7720348339
 125502.6769480857
 125454.216761811
 125415.5150250598
 125384.9320385502
 125361.0440430278
 125342.6233655835
 125328.6195239297
 125318.1412886339
 125310.439703311
 125304.8920627739
 125300.9868491416
 125298.3096259058
 125296.5298899556
 125295.3888815604
 125294.6883523107
 125294.2802910174
 125294.0576075686
 125293.9457747452
 125293.8954279946
 125293.8759231616
 125293.8698521788
 125293.868516714
 125293.8683597764
 125293.8683552805
 125293.8683555686
 125293.868396891
 125293.8689628442
 125293.8722057683
 125293.8841261007
 125293.9177096901
 125293.9970230663
 125294.1622666704
 125294.4757860415
 125295.0290409621
 125295.9505325618
 125297.4146883789
 125299.6517053799
 125302.958350938
 125307.7097217683
 125314.371960823
 125323.5159321426
 125335.8318536671
 125352.1448880043
 125373.4316911564
 125400.8379192047
 125435.6966929531
 125479.5480205283
 125534.1591779399
 125601.5460475969
 125683.9954147838
 125784.0882220936
 125904.7237818203
 126049.1449463078
 126220.9642362585
 126424.1909269991
 126663.259092705
 126943.0566085829
 127268.9551110105
 127646.8409156355
 128083.146893433
 128584.8853047193
 129159.6815911256
 129815.8091255288
 130562.2249199413
 131408.6062913562
 132365.3884855572
 133443.8032588779
 134655.9184179258
 136014.6783172613
 137533.9453150357
 139228.5421865892
 141114.2954960042
 143208.079925613
 145527.8635634762
 148092.7541488076
 150923.0462753638
 154040.2695527776
 157467.2377258798
 161228.0987519441
 165348.3858359164
 169855.069423588
 174776.6101527301
 180143.0127621947
 185985.880958949
 192338.4732431101


# name: QUERY
# type: sq_string
# elements: 1
# length: 2
R4


# name: DATASIZE
# type: sq_string
# elements: 1
# length: 3
250


