# Created by Octave 3.8.2, Wed May 18 17:55:37 2016 CEST <Andrea@Andreas-MacBook-Pro.local>
# name: x
# type: matrix
# rows: 1
# columns: 100
 0.008333333333333333 0.008417508417508417 0.008501683501683501 0.008585858585858586 0.00867003367003367 0.008754208754208754 0.008838383838383838 0.008922558922558922 0.009006734006734006 0.00909090909090909 0.009175084175084175 0.009259259259259259 0.009343434343434343 0.009427609427609427 0.009511784511784511 0.009595959595959595 0.009680134680134679 0.009764309764309764 0.009848484848484848 0.009932659932659932 0.01001683501683502 0.0101010101010101 0.01018518518518518 0.01026936026936027 0.01035353535353535 0.01043771043771044 0.01052188552188552 0.0106060606060606 0.01069023569023569 0.01077441077441077 0.01085858585858586 0.01094276094276094 0.01102693602693603 0.01111111111111111 0.01119528619528619 0.01127946127946128 0.01136363636363636 0.01144781144781145 0.01153198653198653 0.01161616161616162 0.0117003367003367 0.01178451178451178 0.01186868686868687 0.01195286195286195 0.01203703703703704 0.01212121212121212 0.01220538720538721 0.01228956228956229 0.01237373737373737 0.01245791245791246 0.01254208754208754 0.01262626262626263 0.01271043771043771 0.01279461279461279 0.01287878787878788 0.01296296296296296 0.01304713804713805 0.01313131313131313 0.01321548821548822 0.0132996632996633 0.01338383838383838 0.01346801346801347 0.01355218855218855 0.01363636363636364 0.01372053872053872 0.0138047138047138 0.01388888888888889 0.01397306397306397 0.01405723905723906 0.01414141414141414 0.01422558922558922 0.01430976430976431 0.01439393939393939 0.01447811447811448 0.01456228956228956 0.01464646464646465 0.01473063973063973 0.01481481481481482 0.0148989898989899 0.01498316498316498 0.01506734006734007 0.01515151515151515 0.01523569023569023 0.01531986531986532 0.0154040404040404 0.01548821548821549 0.01557239057239057 0.01565656565656566 0.01574074074074074 0.01582491582491583 0.01590909090909091 0.01599326599326599 0.01607744107744108 0.01616161616161616 0.01624579124579124 0.01632996632996633 0.01641414141414141 0.0164983164983165 0.01658249158249158 0.01666666666666667


# name: y
# type: matrix
# rows: 100
# columns: 1
 114396.5160317077
 115642.2919381437
 116822.9018987123
 117940.0965096757
 118995.6263672965
 119991.242067837
 120928.6942075595
 121809.7333827265
 122636.1101896003
 123409.5752244434
 124131.8790835181
 124804.7723630869
 125430.0056594121
 126009.3295687561
 126544.4946873813
 127037.2516115501
 127489.3509375248
 127902.543261568
 128278.5791799419
 128619.2092889089
 128926.1841847315
 129201.254463672
 129446.1707219929
 129662.6835559564
 129852.5435618251
 130017.5013358613
 130159.3074743273
 130279.7125734857
 130380.4672295987
 130463.3220389287
 130530.0275977382
 130582.3345022896
 130621.9933488451
 130650.7547336673
 130670.3692530185
 130682.5875031611
 130689.1600803575
 130691.8375808701
 130692.3706009612
 130692.5097368933
 130694.0055849288
 130698.60874133
 130708.0698023593
 130724.1393642792
 130748.568023352
 130783.10637584
 130829.5050180058
 130889.5145461117
 130964.88555642
 131057.3686451932
 131168.7144086937
 131300.6734431838
 131454.9963449259
 131633.4337101825
 131837.7361352159
 132069.6542162885
 132330.9385496627
 132623.3397316009
 132948.6083583655
 133308.4950262188
 133704.7503314233
 134139.1248702414
 134613.3692389354
 135129.2340337677
 135688.4698510008
 136292.827286897
 136944.0569377187
 137643.9093997282
 138394.1352691881
 139196.4851423606
 140052.7096155083
 140964.5592848933
 141933.7847467782
 142962.1365974254
 144051.3654330972
 145203.221850056
 146419.4564445642
 147701.8198128842
 149052.0625512784
 150471.9352560092
 151963.1885233389
 153527.5729495301
 155166.8391308449
 156882.7376635459
 158677.0191438955
 160551.4341681559
 162507.7333325897
 164547.6672334592
 166672.9864670268
 168885.441629555
 171186.7833173058
 173578.762126542
 176063.128653526
 178641.6334945199
 181316.0272457862
 184088.0605035874
 186959.4838641858
 189932.0479238438
 193007.5032788238
 196187.6005253883


# name: QUERY
# type: sq_string
# elements: 1
# length: 2
R4


# name: DATASIZE
# type: sq_string
# elements: 1
# length: 3
250


