# Created by Octave 3.8.2, Wed May 18 17:55:37 2016 CEST <Andrea@Andreas-MacBook-Pro.local>
# name: x
# type: matrix
# rows: 1
# columns: 100
 0.008333333333333333 0.008417508417508417 0.008501683501683501 0.008585858585858586 0.00867003367003367 0.008754208754208754 0.008838383838383838 0.008922558922558922 0.009006734006734006 0.00909090909090909 0.009175084175084175 0.009259259259259259 0.009343434343434343 0.009427609427609427 0.009511784511784511 0.009595959595959595 0.009680134680134679 0.009764309764309764 0.009848484848484848 0.009932659932659932 0.01001683501683502 0.0101010101010101 0.01018518518518518 0.01026936026936027 0.01035353535353535 0.01043771043771044 0.01052188552188552 0.0106060606060606 0.01069023569023569 0.01077441077441077 0.01085858585858586 0.01094276094276094 0.01102693602693603 0.01111111111111111 0.01119528619528619 0.01127946127946128 0.01136363636363636 0.01144781144781145 0.01153198653198653 0.01161616161616162 0.0117003367003367 0.01178451178451178 0.01186868686868687 0.01195286195286195 0.01203703703703704 0.01212121212121212 0.01220538720538721 0.01228956228956229 0.01237373737373737 0.01245791245791246 0.01254208754208754 0.01262626262626263 0.01271043771043771 0.01279461279461279 0.01287878787878788 0.01296296296296296 0.01304713804713805 0.01313131313131313 0.01321548821548822 0.0132996632996633 0.01338383838383838 0.01346801346801347 0.01355218855218855 0.01363636363636364 0.01372053872053872 0.0138047138047138 0.01388888888888889 0.01397306397306397 0.01405723905723906 0.01414141414141414 0.01422558922558922 0.01430976430976431 0.01439393939393939 0.01447811447811448 0.01456228956228956 0.01464646464646465 0.01473063973063973 0.01481481481481482 0.0148989898989899 0.01498316498316498 0.01506734006734007 0.01515151515151515 0.01523569023569023 0.01531986531986532 0.0154040404040404 0.01548821548821549 0.01557239057239057 0.01565656565656566 0.01574074074074074 0.01582491582491583 0.01590909090909091 0.01599326599326599 0.01607744107744108 0.01616161616161616 0.01624579124579124 0.01632996632996633 0.01641414141414141 0.0164983164983165 0.01658249158249158 0.01666666666666667


# name: y
# type: matrix
# rows: 100
# columns: 1
 139086.1491300523
 138193.7017823343
 137324.9110906194
 136479.7770549076
 135658.299675199
 134860.4789514934
 134086.314883791
 133335.8074720917
 132608.9567163955
 131905.7626167025
 131226.2251730126
 130570.3443853259
 129938.1202536422
 129329.5527779617
 128744.6419582843
 128183.3877946101
 127645.790286939
 127131.849435271
 126641.5652396061
 126174.9376999444
 125731.9668162858
 125312.6525886303
 124916.995016978
 124544.9941013288
 124196.6498416827
 123871.9622380397
 123570.9312903999
 123293.5569987632
 123039.8393631297
 122809.7783834992
 122603.3740598719
 122420.6263922478
 122261.5353806267
 122126.1010250088
 122014.323325394
 121926.2022817824
 121861.7378941738
 121820.9301625684
 121803.7790869662
 121810.284667367
 121840.446903771
 121894.2657961782
 121971.7413445884
 122072.8735490018
 122197.6624094183
 122346.1079258379
 122518.2100982607
 122713.9689266866
 122933.3844111156
 123176.4565515478
 123443.185347983
 123733.5708004215
 124047.612908863
 124385.3116733077
 124746.6670937555
 125131.6791702064
 125540.3479026605
 125972.6732911177
 126428.655335578
 126908.2940360415
 127411.589392508
 127938.5414049777
 128489.1500734506
 129063.4153979265
 129661.3373784056
 130282.9160148879
 130928.1513073732
 131597.0432558617
 132289.5918603533
 133005.7971208481
 133745.6590373459
 134509.1776098469
 135296.3528383511
 136107.1847228583
 136941.6732633687
 137799.8184598822
 138681.6203123989
 139587.0788209187
 140516.1939854416
 141468.9658059676
 142445.3942824968
 143445.4794150291
 144469.2212035645
 145516.6196481031
 146587.6747486447
 147682.3865051896
 148800.7549177376
 149942.7799862885
 151108.4617108428
 152297.8000914
 153510.7951279606
 154747.4468205241
 156007.7551690908
 157291.7201736606
 158599.3418342338
 159930.6201508098
 161285.5551233889
 162664.1467519714
 164066.395036557
 165492.2999771455


# name: QUERY
# type: sq_string
# elements: 1
# length: 2
R4


# name: DATASIZE
# type: sq_string
# elements: 1
# length: 3
250


