# Created by Octave 4.0.0, Mon May 23 13:37:38 2016 CEST <peter@Independence>
# name: x
# type: matrix
# rows: 1
# columns: 100
 0.008333333333333333 0.008417508417508417 0.008501683501683501 0.008585858585858586 0.00867003367003367 0.008754208754208754 0.008838383838383838 0.008922558922558922 0.009006734006734006 0.00909090909090909 0.009175084175084175 0.009259259259259259 0.009343434343434343 0.009427609427609427 0.009511784511784511 0.009595959595959595 0.009680134680134679 0.009764309764309764 0.009848484848484848 0.009932659932659932 0.01001683501683502 0.0101010101010101 0.01018518518518518 0.01026936026936027 0.01035353535353535 0.01043771043771044 0.01052188552188552 0.0106060606060606 0.01069023569023569 0.01077441077441077 0.01085858585858586 0.01094276094276094 0.01102693602693603 0.01111111111111111 0.01119528619528619 0.01127946127946128 0.01136363636363636 0.01144781144781145 0.01153198653198653 0.01161616161616162 0.0117003367003367 0.01178451178451178 0.01186868686868687 0.01195286195286195 0.01203703703703704 0.01212121212121212 0.01220538720538721 0.01228956228956229 0.01237373737373737 0.01245791245791246 0.01254208754208754 0.01262626262626263 0.01271043771043771 0.01279461279461279 0.01287878787878788 0.01296296296296296 0.01304713804713805 0.01313131313131313 0.01321548821548822 0.0132996632996633 0.01338383838383838 0.01346801346801347 0.01355218855218855 0.01363636363636364 0.01372053872053872 0.0138047138047138 0.01388888888888889 0.01397306397306397 0.01405723905723906 0.01414141414141414 0.01422558922558922 0.01430976430976431 0.01439393939393939 0.01447811447811448 0.01456228956228956 0.01464646464646465 0.01473063973063973 0.01481481481481482 0.0148989898989899 0.01498316498316498 0.01506734006734007 0.01515151515151515 0.01523569023569023 0.01531986531986532 0.0154040404040404 0.01548821548821549 0.01557239057239057 0.01565656565656566 0.01574074074074074 0.01582491582491583 0.01590909090909091 0.01599326599326599 0.01607744107744108 0.01616161616161616 0.01624579124579124 0.01632996632996633 0.01641414141414141 0.0164983164983165 0.01658249158249158 0.01666666666666667


# name: y
# type: matrix
# rows: 100
# columns: 1
 136244.714631023
 135221.5985612597
 134277.6968258964
 133408.8111204514
 132610.8574577877
 131879.8661681127
 131211.9818989788
 130603.4636152826
 130050.6845992656
 129550.1324505139
 129098.4090859583
 128692.2307398741
 128328.4279638812
 128003.9456269443
 127715.8429153726
 127461.2933328201
 127237.5847002853
 127042.1191561113
 126872.413155986
 126726.0974729417
 126600.9171973556
 126494.7317369493
 126405.5148167892
 126331.3544792863
 126270.4530841962
 126221.1273086191
 126181.8081469999
 126151.0409111281
 126127.4852301379
 126109.915050508
 126097.218636062
 126088.3985679678
 126082.5717447381
 126078.9693822303
 126076.9370136463
 126075.9344895327
 126075.5359777808
 126075.4299636264
 126075.4192496501
 126075.4209557769
 126075.4665192767
 126075.7016947638
 126076.3865541974
 126077.895486881
 126080.717199463
 126085.4547159363
 126092.8253776386
 126103.6608432521
 126118.9070888036
 126139.6244076645
 126166.9874105511
 126202.2850255241
 126246.9204979889
 126302.4113906955
 126370.3895837386
 126452.6012745575
 126550.9069779361
 126667.2815260031
 126803.8140682315
 126962.7080714393
 127146.2813197889
 127356.9659147875
 127597.3082752868
 127869.9691374832
 128177.7235549177
 128523.4608984759
 128910.1848563882
 129341.0134342294
 129819.1789549193
 130348.0280587218
 130931.0217032459
 131571.735163445
 132273.8580316173
 133041.1942174054
 133877.6619477968
 134787.2937671234
 135774.2365370619
 136842.7514366336
 137997.2139622044
 139242.1139274848
 140582.05546353
 142021.7570187398
 143566.0513588587
 145219.8855669759
 146988.3210435248
 148876.5335062842
 150889.8129903768
 153033.56384827
 155313.3047497766
 157734.668682053
 160303.4029496015
 163025.3691742673
 165906.5432952417
 168953.0155690601
 172170.990569603
 175566.7871880942
 179146.8386331035
 182917.6924305456
 186886.0104236779
 191058.5687731039


# name: QUERY
# type: sq_string
# elements: 1
# length: 2
R4


# name: DATASIZE
# type: sq_string
# elements: 1
# length: 3
250


