# Created by Octave 3.8.2, Wed May 18 17:55:37 2016 CEST <Andrea@Andreas-MacBook-Pro.local>
# name: x
# type: matrix
# rows: 1
# columns: 100
 0.008333333333333333 0.008417508417508417 0.008501683501683501 0.008585858585858586 0.00867003367003367 0.008754208754208754 0.008838383838383838 0.008922558922558922 0.009006734006734006 0.00909090909090909 0.009175084175084175 0.009259259259259259 0.009343434343434343 0.009427609427609427 0.009511784511784511 0.009595959595959595 0.009680134680134679 0.009764309764309764 0.009848484848484848 0.009932659932659932 0.01001683501683502 0.0101010101010101 0.01018518518518518 0.01026936026936027 0.01035353535353535 0.01043771043771044 0.01052188552188552 0.0106060606060606 0.01069023569023569 0.01077441077441077 0.01085858585858586 0.01094276094276094 0.01102693602693603 0.01111111111111111 0.01119528619528619 0.01127946127946128 0.01136363636363636 0.01144781144781145 0.01153198653198653 0.01161616161616162 0.0117003367003367 0.01178451178451178 0.01186868686868687 0.01195286195286195 0.01203703703703704 0.01212121212121212 0.01220538720538721 0.01228956228956229 0.01237373737373737 0.01245791245791246 0.01254208754208754 0.01262626262626263 0.01271043771043771 0.01279461279461279 0.01287878787878788 0.01296296296296296 0.01304713804713805 0.01313131313131313 0.01321548821548822 0.0132996632996633 0.01338383838383838 0.01346801346801347 0.01355218855218855 0.01363636363636364 0.01372053872053872 0.0138047138047138 0.01388888888888889 0.01397306397306397 0.01405723905723906 0.01414141414141414 0.01422558922558922 0.01430976430976431 0.01439393939393939 0.01447811447811448 0.01456228956228956 0.01464646464646465 0.01473063973063973 0.01481481481481482 0.0148989898989899 0.01498316498316498 0.01506734006734007 0.01515151515151515 0.01523569023569023 0.01531986531986532 0.0154040404040404 0.01548821548821549 0.01557239057239057 0.01565656565656566 0.01574074074074074 0.01582491582491583 0.01590909090909091 0.01599326599326599 0.01607744107744108 0.01616161616161616 0.01624579124579124 0.01632996632996633 0.01641414141414141 0.0164983164983165 0.01658249158249158 0.01666666666666667


# name: y
# type: matrix
# rows: 100
# columns: 1
 127669.3739911213
 127056.8867245014
 126521.36896893
 126054.880122407
 125650.1105038568
 125300.3470091691
 124999.4397286421
 124741.7695256969
 124522.2165769832
 124336.129873808
 124179.2976848994
 124047.9189805412
 123938.5758180072
 123848.2066883724
 123774.0808246525
 123713.7734712824
 123665.1421149402
 123626.3036767148
 123595.612665613
 123571.6402934071
 123553.154550827
 123539.1012450933
 123528.5859987915
 123520.8572100883
 123515.2899742901
 123511.370966743
 123508.6842870746
 123506.8982647779
 123505.7532261365
 123505.0502224919
 123504.6407198529
 123504.4172498462
 123504.3050220093
 123504.2544974249
 123504.2349236973
 123504.2288312707
 123504.2274910888
 123504.2273335968
 123504.2273290851
 123504.2273293742
 123504.2273708425
 123504.2279387949
 123504.2311931735
 123504.2431556107
 123504.2768578233
 123504.3564513486
 123504.5222786227
 123504.8369054005
 123505.3921145167
 123506.31686099
 123507.7861884679
 123510.0311070141
 123513.3494322372
 123518.1175857613
 123524.8033570389
 123533.9796265049
 123546.3390500726
 123562.7097049723
 123584.07169693
 123611.5747286902
 123646.5566298779
 123690.5628482056
 123745.3669020174
 123812.9917941813
 123895.7323873176
 123996.1787403711
 124117.2404065264
 124262.1716924628
 124434.5978789545
 124638.5424028083
 124878.4550001433
 125159.240811019
 125486.2904453947
 125865.5110104443
 126303.3580991898
 126806.8687405098
 127383.6953104684
 128042.1404049761
 128791.1926738288
 129640.5636160032
 130600.7253364779
 131682.9492641558
 132899.3458313002
 134262.9051142492
 135787.5384354696
 137488.120927028
 139380.5350553034
 141481.7151069555
 143809.6926365834
 146383.6428753498
 149223.9321012539
 152352.1659702306
 155791.2388094166
 159565.3838709248
 163700.2245477983
 168222.8265499799
 173161.7510434098
 178547.1087492848
 184410.6150042143
 190785.6457833026


# name: QUERY
# type: sq_string
# elements: 1
# length: 2
R4


# name: DATASIZE
# type: sq_string
# elements: 1
# length: 3
250


