# Created by Octave 4.0.0, Mon May 23 13:37:38 2016 CEST <peter@Independence>
# name: x
# type: matrix
# rows: 1
# columns: 100
 0.008333333333333333 0.008417508417508417 0.008501683501683501 0.008585858585858586 0.00867003367003367 0.008754208754208754 0.008838383838383838 0.008922558922558922 0.009006734006734006 0.00909090909090909 0.009175084175084175 0.009259259259259259 0.009343434343434343 0.009427609427609427 0.009511784511784511 0.009595959595959595 0.009680134680134679 0.009764309764309764 0.009848484848484848 0.009932659932659932 0.01001683501683502 0.0101010101010101 0.01018518518518518 0.01026936026936027 0.01035353535353535 0.01043771043771044 0.01052188552188552 0.0106060606060606 0.01069023569023569 0.01077441077441077 0.01085858585858586 0.01094276094276094 0.01102693602693603 0.01111111111111111 0.01119528619528619 0.01127946127946128 0.01136363636363636 0.01144781144781145 0.01153198653198653 0.01161616161616162 0.0117003367003367 0.01178451178451178 0.01186868686868687 0.01195286195286195 0.01203703703703704 0.01212121212121212 0.01220538720538721 0.01228956228956229 0.01237373737373737 0.01245791245791246 0.01254208754208754 0.01262626262626263 0.01271043771043771 0.01279461279461279 0.01287878787878788 0.01296296296296296 0.01304713804713805 0.01313131313131313 0.01321548821548822 0.0132996632996633 0.01338383838383838 0.01346801346801347 0.01355218855218855 0.01363636363636364 0.01372053872053872 0.0138047138047138 0.01388888888888889 0.01397306397306397 0.01405723905723906 0.01414141414141414 0.01422558922558922 0.01430976430976431 0.01439393939393939 0.01447811447811448 0.01456228956228956 0.01464646464646465 0.01473063973063973 0.01481481481481482 0.0148989898989899 0.01498316498316498 0.01506734006734007 0.01515151515151515 0.01523569023569023 0.01531986531986532 0.0154040404040404 0.01548821548821549 0.01557239057239057 0.01565656565656566 0.01574074074074074 0.01582491582491583 0.01590909090909091 0.01599326599326599 0.01607744107744108 0.01616161616161616 0.01624579124579124 0.01632996632996633 0.01641414141414141 0.0164983164983165 0.01658249158249158 0.01666666666666667


# name: y
# type: matrix
# rows: 100
# columns: 1
 142924.7011905573
 141976.9890131389
 141054.3984308806
 140156.9294437819
 139284.5820518445
 138437.3562550665
 137615.2520534489
 136818.2694469912
 136046.4084356942
 135299.6690195572
 134578.0511985802
 133881.5549727638
 133210.1803421073
 132563.9273066112
 131942.7958662747
 131346.7860210991
 130775.8977710835
 130230.1311162279
 129709.4860565329
 129213.9625919979
 128743.560722623
 128298.2804484084
 127878.121769354
 127483.0846854599
 127113.169196726
 126768.3753031521
 126448.7030047385
 126154.1523014851
 125884.723193392
 125640.415680459
 125421.2297626862
 125227.1654400737
 125058.2227126213
 124914.4015803291
 124795.7020431972
 124702.1241012254
 124633.6677544139
 124590.3330027625
 124572.1198462714
 124579.0282849404
 124611.0583187697
 124668.2099477592
 124750.4831719088
 124857.8779912187
 124990.3944056888
 125148.032415319
 125330.7920201095
 125538.6732200602
 125771.6760151711
 126029.8004054422
 126313.0463908734
 126621.4139714649
 126954.9031472166
 127313.5139181285
 127697.2462842006
 128106.100245433
 128540.0758018253
 128999.1729533781
 129483.391700091
 129992.7320419642
 130527.1939789974
 131086.777511191
 131671.4826385447
 132281.3093610587
 132916.2576787329
 133576.327591567
 134261.5190995616
 134971.8322027164
 135707.2669010313
 136467.8231945064
 137253.5010831416
 138064.3005669373
 138900.2216458932
 139761.264320009
 140647.4285892856
 141558.7144537215
 142495.1219133182
 143456.6509680744
 144443.3016179921
 145455.0738630689
 146491.9677033063
 147553.9831387041
 148641.1201692618
 149753.37879498
 150890.7590158577
 152053.2608318962
 153240.8842430961
 154453.6292494544
 155691.4958509727
 156954.4840476507
 158242.5938394915
 159555.8252264909
 160894.1782086498
 162257.6527859704
 163646.2489584517
 165059.9667260909
 166498.8060888916
 167962.7670468533
 169451.8495999753
 170966.0537482552


# name: QUERY
# type: sq_string
# elements: 1
# length: 2
R4


# name: DATASIZE
# type: sq_string
# elements: 1
# length: 3
250


