# Created by Octave 4.0.0, Mon May 23 13:37:38 2016 CEST <peter@Independence>
# name: x
# type: matrix
# rows: 1
# columns: 100
 0.008333333333333333 0.008417508417508417 0.008501683501683501 0.008585858585858586 0.00867003367003367 0.008754208754208754 0.008838383838383838 0.008922558922558922 0.009006734006734006 0.00909090909090909 0.009175084175084175 0.009259259259259259 0.009343434343434343 0.009427609427609427 0.009511784511784511 0.009595959595959595 0.009680134680134679 0.009764309764309764 0.009848484848484848 0.009932659932659932 0.01001683501683502 0.0101010101010101 0.01018518518518518 0.01026936026936027 0.01035353535353535 0.01043771043771044 0.01052188552188552 0.0106060606060606 0.01069023569023569 0.01077441077441077 0.01085858585858586 0.01094276094276094 0.01102693602693603 0.01111111111111111 0.01119528619528619 0.01127946127946128 0.01136363636363636 0.01144781144781145 0.01153198653198653 0.01161616161616162 0.0117003367003367 0.01178451178451178 0.01186868686868687 0.01195286195286195 0.01203703703703704 0.01212121212121212 0.01220538720538721 0.01228956228956229 0.01237373737373737 0.01245791245791246 0.01254208754208754 0.01262626262626263 0.01271043771043771 0.01279461279461279 0.01287878787878788 0.01296296296296296 0.01304713804713805 0.01313131313131313 0.01321548821548822 0.0132996632996633 0.01338383838383838 0.01346801346801347 0.01355218855218855 0.01363636363636364 0.01372053872053872 0.0138047138047138 0.01388888888888889 0.01397306397306397 0.01405723905723906 0.01414141414141414 0.01422558922558922 0.01430976430976431 0.01439393939393939 0.01447811447811448 0.01456228956228956 0.01464646464646465 0.01473063973063973 0.01481481481481482 0.0148989898989899 0.01498316498316498 0.01506734006734007 0.01515151515151515 0.01523569023569023 0.01531986531986532 0.0154040404040404 0.01548821548821549 0.01557239057239057 0.01565656565656566 0.01574074074074074 0.01582491582491583 0.01590909090909091 0.01599326599326599 0.01607744107744108 0.01616161616161616 0.01624579124579124 0.01632996632996633 0.01641414141414141 0.0164983164983165 0.01658249158249158 0.01666666666666667


# name: y
# type: matrix
# rows: 100
# columns: 1
 113996.9710559379
 115382.8829319801
 116696.2984161551
 117939.1650273858
 119113.4302845929
 120221.0417066992
 121263.9468126257
 122244.0931212951
 123163.4281516287
 124023.8994225488
 124827.4544529767
 125576.0407618351
 126271.6058680449
 126916.0972905289
 127511.4625482083
 128059.6491600053
 128562.6046448418
 129022.2765216395
 129440.6123093205
 129819.5595268066
 130161.0656930194
 130467.0783268811
 130739.5449473134
 130980.4130732383
 131191.6302235777
 131375.1439172534
 131532.9016731872
 131666.8510103011
 131778.939447517
 131871.1145037566
 131945.3236979419
 132003.5145489948
 132047.6345758372
 132079.6312973908
 132101.4522325777
 132115.0449003196
 132122.3568195385
 132125.3355091562
 132125.9284880946
 132126.0832752756
 132127.747389621
 132132.8683500528
 132143.3936754927
 132161.2708848628
 132188.4474970848
 132226.8710310807
 132278.4890057722
 132345.2489400814
 132429.09835293
 132531.98476324
 132655.8556899332
 132802.6586519314
 132974.3411681567
 133172.8507575309
 133400.1349389756
 133658.1412314131
 133948.817153765
 134274.1102249533
 134635.9679638998
 135036.3378895264
 135477.167520755
 135960.4043765075
 136487.9959757057
 137061.8898372714
 137684.0334801267
 138356.3744231934
 139080.8601853934
 139859.4382856484
 140694.0562428802
 141586.6615760112
 142539.201803963
 143553.6244456573
 144631.8770200159
 145775.9070459614
 146987.6620424148
 148269.0895282985
 149622.1370225342
 151048.7520440433
 152550.8821117481
 154130.4747445714
 155789.4774614341
 157529.8377812578
 159353.5032229646
 161262.4213054761
 163258.5395477168
 165343.8054686036
 167520.1665870635
 169789.5704220156
 172153.9644923812
 174615.2963170843
 177175.513415044
 179836.5633051848
 182600.3935064284
 185468.9515376954
 188444.1849179069
 191528.041165989
 194722.4678008575
 198029.4123414377
 201450.8223066544
 204988.6452154239


# name: QUERY
# type: sq_string
# elements: 1
# length: 2
R4


# name: DATASIZE
# type: sq_string
# elements: 1
# length: 3
250


