# Created by Octave 3.8.2, Wed May 18 17:55:37 2016 CEST <Andrea@Andreas-MacBook-Pro.local>
# name: x
# type: matrix
# rows: 1
# columns: 100
 0.008333333333333333 0.008417508417508417 0.008501683501683501 0.008585858585858586 0.00867003367003367 0.008754208754208754 0.008838383838383838 0.008922558922558922 0.009006734006734006 0.00909090909090909 0.009175084175084175 0.009259259259259259 0.009343434343434343 0.009427609427609427 0.009511784511784511 0.009595959595959595 0.009680134680134679 0.009764309764309764 0.009848484848484848 0.009932659932659932 0.01001683501683502 0.0101010101010101 0.01018518518518518 0.01026936026936027 0.01035353535353535 0.01043771043771044 0.01052188552188552 0.0106060606060606 0.01069023569023569 0.01077441077441077 0.01085858585858586 0.01094276094276094 0.01102693602693603 0.01111111111111111 0.01119528619528619 0.01127946127946128 0.01136363636363636 0.01144781144781145 0.01153198653198653 0.01161616161616162 0.0117003367003367 0.01178451178451178 0.01186868686868687 0.01195286195286195 0.01203703703703704 0.01212121212121212 0.01220538720538721 0.01228956228956229 0.01237373737373737 0.01245791245791246 0.01254208754208754 0.01262626262626263 0.01271043771043771 0.01279461279461279 0.01287878787878788 0.01296296296296296 0.01304713804713805 0.01313131313131313 0.01321548821548822 0.0132996632996633 0.01338383838383838 0.01346801346801347 0.01355218855218855 0.01363636363636364 0.01372053872053872 0.0138047138047138 0.01388888888888889 0.01397306397306397 0.01405723905723906 0.01414141414141414 0.01422558922558922 0.01430976430976431 0.01439393939393939 0.01447811447811448 0.01456228956228956 0.01464646464646465 0.01473063973063973 0.01481481481481482 0.0148989898989899 0.01498316498316498 0.01506734006734007 0.01515151515151515 0.01523569023569023 0.01531986531986532 0.0154040404040404 0.01548821548821549 0.01557239057239057 0.01565656565656566 0.01574074074074074 0.01582491582491583 0.01590909090909091 0.01599326599326599 0.01607744107744108 0.01616161616161616 0.01624579124579124 0.01632996632996633 0.01641414141414141 0.0164983164983165 0.01658249158249158 0.01666666666666667


# name: y
# type: matrix
# rows: 100
# columns: 1
 134683.3707068182
 133673.8291703439
 132742.4509656959
 131885.0934907984
 131097.7269441787
 130376.4343249533
 129717.411432853
 129116.9668682012
 128571.5220319263
 128077.6111255583
 127631.8811512235
 127231.0919116568
 126872.1160101878
 126551.9388507512
 126267.6586378806
 126016.4863767131
 125795.7458729846
 125602.8737330331
 125435.4193637988
 125291.0449728215
 125167.5255682431
 125062.7489588063
 124974.7157538554
 124901.5393633353
 124841.4459977926
 124792.7746683748
 124753.9771868308
 124723.6181655105
 124700.3750173649
 124683.0379559465
 124670.5099954086
 124661.8069505061
 124656.0574365947
 124652.5028696315
 124650.4974661747
 124649.5082433838
 124649.1150190193
 124649.0104114431
 124648.999839618
 124649.0015231082
 124649.0464820791
 124649.2785372971
 124649.9543101299
 124651.4432225465
 124654.2274971168
 124658.9021570122
 124666.1750260049
 124676.8667284688
 124691.9106893784
 124712.3531343098
 124739.3530894401
 124774.1823815478
 124818.2256380122
 124872.9802868141
 124940.0565565355
 125021.1774763593
 125118.1788760696
 125233.0093860522
 125367.7304372935
 125524.5162613814
 125705.6538905046
 125913.543157454
 126150.6966956196
 126419.7399389954
 126723.4111221744
 127064.5612803513
 127446.1542493225
 127871.2666654852
 128343.0879658375
 128864.9203879806
 129440.1789701119
 130072.3915510375
 130765.1987701583
 131522.3540674792
 132347.7236836049
 133245.2866597401
 134219.1348376983
 135273.4728598861
 136412.6181693148
 137641.0010095898
 138963.1644249306
 140383.7642601485
 141907.5691606604
 143539.4605724818
 145284.4327422209
 147147.5927171146
 149134.1603449713
 151249.4682742051
 153498.961953849
 155888.1996335202
 158422.8523634602
 161108.7039944668
 163951.6511779822
 166957.7033660253
 170132.9828112586
 173483.7245668654
 177016.276486696
 180737.0992252166
 184652.766237408
 188769.9637789117


# name: QUERY
# type: sq_string
# elements: 1
# length: 2
R4


# name: DATASIZE
# type: sq_string
# elements: 1
# length: 3
250


