# Created by Octave 4.0.0, Wed May 11 14:00:26 2016 CEST <peter@Independence>
# name: y
# type: matrix
# rows: 1
# columns: 100
 22931.65342324237 22947.03253648214 22962.41164972191 22977.79076296168 22993.16987620145 23008.54898944122 23023.92810268099 23039.30721592077 23054.68632916053 23070.0654424003 23085.44455564008 23100.82366887985 23116.20278211962 23131.58189535938 23146.96100859916 23162.34012183893 23177.7192350787 23193.09834831847 23208.47746155824 23223.85657479801 23239.23568803778 23254.61480127755 23269.99391451732 23285.37302775709 23300.75214099686 23316.13125423663 23331.5103674764 23346.88948071617 23362.26859395594 23377.64770719571 23393.02682043548 23408.40593367525 23423.78504691502 23439.16416015479 23454.54327339456 23469.92238663433 23485.3014998741 23500.68061311387 23516.05972635364 23531.43883959341 23546.81795283318 23562.19706607295 23577.57617931272 23592.95529255249 23608.33440579226 23623.71351903203 23639.0926322718 23654.47174551157 23669.85085875134 23685.22997199111 23700.60908523088 23715.98819847066 23731.36731171042 23746.74642495019 23762.12553818996 23777.50465142974 23792.88376466951 23808.26287790927 23823.64199114904 23839.02110438882 23854.40021762859 23869.77933086836 23885.15844410812 23900.5375573479 23915.91667058767 23931.29578382744 23946.67489706721 23962.05401030698 23977.43312354675 23992.81223678652 24008.19135002629 24023.57046326606 24038.94957650583 24054.3286897456 24069.70780298537 24085.08691622514 24100.46602946491 24115.84514270468 24131.22425594445 24146.60336918422 24161.98248242399 24177.36159566376 24192.74070890353 24208.1198221433 24223.49893538307 24238.87804862284 24254.25716186261 24269.63627510238 24285.01538834215 24300.39450158192 24315.77361482169 24331.15272806146 24346.53184130123 24361.910954541 24377.29006778077 24392.66918102054 24408.04829426031 24423.42740750008 24438.80652073985 24454.18563397962


