# Created by Octave 4.0.0, Wed May 11 14:00:26 2016 CEST <peter@Independence>
# name: y
# type: matrix
# rows: 100
# columns: 1
 23379.31952847051
 23378.76161893509
 23378.22782004618
 23377.71759922767
 23377.23042390346
 23376.76576149744
 23376.32307943351
 23375.90184513556
 23375.50152602748
 23375.12158953317
 23374.76150307653
 23374.42073408145
 23374.09874997182
 23373.79501817155
 23373.50900610451
 23373.24018119461
 23372.98801086575
 23372.75196254181
 23372.5315036467
 23372.32610160431
 23372.13522383852
 23371.95833777325
 23371.79491083237
 23371.64441043979
 23371.50630401939
 23371.38005899509
 23371.26514279076
 23371.16102283031
 23371.06716653763
 23370.98304133661
 23370.90811465115
 23370.84185390514
 23370.78372652248
 23370.73319992706
 23370.68974154278
 23370.65281879353
 23370.62189910321
 23370.59644989571
 23370.57593859492
 23370.55983262475
 23370.54759940908
 23370.53870637181
 23370.53262093683
 23370.52881052805
 23370.52674256934
 23370.52588448461
 23370.52570369776
 23370.52566763268
 23370.52524371326
 23370.52389936339
 23370.52110200698
 23370.51631906792
 23370.50901797009
 23370.4986661374
 23370.48473099374
 23370.46667996301
 23370.44398046909
 23370.41609993589
 23370.3825057873
 23370.34266544722
 23370.29604633953
 23370.24211588813
 23370.18034151692
 23370.1101906498
 23370.03113071065
 23369.94262912338
 23369.84415331187
 23369.73517070002
 23369.61514871172
 23369.48355477088
 23369.33985630139
 23369.18352072713
 23369.01401547201
 23368.83080795991
 23368.63336561474
 23368.42115586039
 23368.19364612076
 23367.95030381973
 23367.6905963812
 23367.41399122907
 23367.11995578723
 23366.80795747957
 23366.47746373
 23366.12794196241
 23365.75885960068
 23365.36968406873
 23364.95988279043
 23364.52892318968
 23364.07627269038
 23363.60139871643
 23363.10376869172
 23362.58285004014
 23362.03811018559
 23361.46901655196
 23360.87503656314
 23360.25563764304
 23359.61028721555
 23358.93845270455
 23358.23960153396
 23357.51320112765


