# Created by Octave 4.0.0, Wed May 11 14:00:26 2016 CEST <peter@Independence>
# name: y
# type: matrix
# rows: 100
# columns: 1
 23001.80143307283
 22995.12247086405
 22988.70812267535
 22982.56018284412
 22976.68011665251
 22971.06905740226
 22965.72780410269
 22960.65681978214
 22955.85623043164
 22951.32582458829
 22947.06505356435
 22943.07303232645
 22939.34854102807
 22935.89002719667
 22932.69560857547
 22929.76307661823
 22927.08990063388
 22924.67323257624
 22922.50991247244
 22920.59647448227
 22918.92915357884
 22917.50389283967
 22916.31635133555
 22915.36191260317
 22914.63569368598
 22914.13255472612
 22913.84710908921
 22913.77373400195
 22913.90658168148
 22914.23959093395
 22914.76649919867
 22915.48085501287
 22916.37603087088
 22917.44523645092
 22918.68153218107
 22920.07784311541
 22921.6269730905
 22923.32161913135
 22925.15438607538
 22927.11780138241
 22929.20433009783
 22931.40638993599
 22933.71636645016
 22936.12662825526
 22938.62954226935
 22941.21748893962
 22943.88287741874
 22946.61816065734
 22949.41585037861
 22952.26853190131
 22955.1688787775
 22958.10966721215
 22961.08379023187
 22964.08427157093
 22967.10427924298
 22970.13713876823
 22973.17634602602
 22976.21557970411
 22979.24871331673
 22982.26982676467
 22985.27321741168
 22988.2534106527
 22991.20516995059
 22994.12350631979
 22997.00368723588
 22999.84124495243
 23002.63198420719
 23005.37198930159
 23008.05763053918
 23010.68557000983
 23013.25276670855
 23015.75648097913
 23018.19427827487
 23020.56403222976
 23022.86392703586
 23025.09245912384
 23027.24843814554
 23029.33098725916
 23031.33954271939
 23033.27385277628
 23035.13397588867
 23036.92027825936
 23038.63343070105
 23040.27440484336
 23041.84446869331
 23043.34518156265
 23044.77838837716
 23046.14621338455
 23047.45105327872
 23048.69556975978
 23049.88268155014
 23051.01555588851
 23052.09759952463
 23053.13244923873
 23054.12396191043
 23055.07620416326
 23055.99344161125
 23056.88012773531
 23057.74089241751
 23058.58053016206


