# Created by Octave 4.0.0, Wed May 11 14:00:26 2016 CEST <peter@Independence>
# name: y
# type: matrix
# rows: 100
# columns: 1
 23486.33865792223
 23487.61940082426
 23488.90014372629
 23490.18088662831
 23491.46162953034
 23492.74237243236
 23494.02311533438
 23495.30385823642
 23496.58460113844
 23497.86534404048
 23499.1460869425
 23500.42682984452
 23501.70757274656
 23502.98831564858
 23504.2690585506
 23505.54980145262
 23506.83054435465
 23508.11128725667
 23509.39203015871
 23510.67277306073
 23511.95351596276
 23513.23425886478
 23514.51500176681
 23515.79574466883
 23517.07648757085
 23518.35723047288
 23519.63797337491
 23520.91871627693
 23522.19945917896
 23523.48020208099
 23524.76094498301
 23526.04168788504
 23527.32243078706
 23528.60317368909
 23529.88391659112
 23531.16465949314
 23532.44540239517
 23533.72614529719
 23535.00688819922
 23536.28763110125
 23537.56837400327
 23538.8491169053
 23540.12985980732
 23541.41060270935
 23542.69134561137
 23543.9720885134
 23545.25283141543
 23546.53357431745
 23547.81431721948
 23549.0950601215
 23550.37580302353
 23551.65654592555
 23552.93728882758
 23554.21803172961
 23555.49877463163
 23556.77951753366
 23558.06026043569
 23559.34100333771
 23560.62174623974
 23561.90248914176
 23563.18323204379
 23564.46397494581
 23565.74471784784
 23567.02546074986
 23568.30620365189
 23569.58694655392
 23570.86768945594
 23572.14843235797
 23573.42917525999
 23574.70991816202
 23575.99066106405
 23577.27140396608
 23578.5521468681
 23579.83288977011
 23581.11363267215
 23582.39437557418
 23583.6751184762
 23584.95586137823
 23586.23660428025
 23587.51734718228
 23588.7980900843
 23590.07883298634
 23591.35957588836
 23592.64031879039
 23593.92106169241
 23595.20180459444
 23596.48254749647
 23597.76329039849
 23599.04403330052
 23600.32477620253
 23601.60551910456
 23602.88626200658
 23604.16700490861
 23605.44774781065
 23606.72849071267
 23608.0092336147
 23609.28997651671
 23610.57071941873
 23611.85146232077
 23613.13220522281


