# Created by Octave 4.0.0, Wed May 11 13:55:52 2016 CEST <peter@Independence>
# name: y
# type: matrix
# rows: 1
# columns: 100
 25649.66673203395 25642.85537388419 25636.04401573444 25629.23265758469 25622.42129943493 25615.60994128518 25608.79858313543 25601.98722498567 25595.17586683592 25588.36450868617 25581.55315053642 25574.74179238666 25567.93043423691 25561.11907608715 25554.3077179374 25547.49635978765 25540.6850016379 25533.87364348814 25527.06228533839 25520.25092718864 25513.43956903888 25506.62821088913 25499.81685273938 25493.00549458962 25486.19413643987 25479.38277829012 25472.57142014036 25465.76006199061 25458.94870384086 25452.1373456911 25445.32598754135 25438.5146293916 25431.70327124184 25424.89191309209 25418.08055494234 25411.26919679259 25404.45783864283 25397.64648049308 25390.83512234332 25384.02376419357 25377.21240604382 25370.40104789407 25363.58968974431 25356.77833159456 25349.96697344481 25343.15561529505 25336.3442571453 25329.53289899555 25322.72154084579 25315.91018269604 25309.09882454629 25302.28746639653 25295.47610824678 25288.66475009702 25281.85339194727 25275.04203379752 25268.23067564777 25261.41931749801 25254.60795934826 25247.79660119851 25240.98524304876 25234.173884899 25227.36252674925 25220.55116859949 25213.73981044974 25206.92845229999 25200.11709415024 25193.30573600048 25186.49437785073 25179.68301970098 25172.87166155122 25166.06030340147 25159.24894525171 25152.43758710196 25145.62622895221 25138.81487080246 25132.0035126527 25125.19215450295 25118.3807963532 25111.56943820344 25104.75808005369 25097.94672190394 25091.13536375418 25084.32400560443 25077.51264745468 25070.70128930493 25063.88993115517 25057.07857300542 25050.26721485566 25043.45585670591 25036.64449855616 25029.8331404064 25023.02178225665 25016.2104241069 25009.39906595715 25002.58770780739 24995.77634965764 24988.96499150788 24982.15363335813 24975.34227520838


