# Created by Octave 4.0.0, Wed May 11 13:55:52 2016 CEST <peter@Independence>
# name: y
# type: matrix
# rows: 100
# columns: 1
 25425.60309309513
 25423.24957626199
 25420.89605942884
 25418.5425425957
 25416.18902576255
 25413.83550892941
 25411.48199209626
 25409.12847526311
 25406.77495842997
 25404.42144159682
 25402.06792476368
 25399.71440793053
 25397.36089109739
 25395.00737426424
 25392.6538574311
 25390.30034059795
 25387.94682376481
 25385.59330693166
 25383.23979009852
 25380.88627326537
 25378.53275643223
 25376.17923959908
 25373.82572276593
 25371.47220593279
 25369.11868909964
 25366.7651722665
 25364.41165543335
 25362.0581386002
 25359.70462176706
 25357.35110493391
 25354.99758810077
 25352.64407126762
 25350.29055443448
 25347.93703760133
 25345.58352076819
 25343.23000393504
 25340.8764871019
 25338.52297026875
 25336.16945343561
 25333.81593660246
 25331.46241976932
 25329.10890293617
 25326.75538610302
 25324.40186926988
 25322.04835243673
 25319.69483560359
 25317.34131877044
 25314.9878019373
 25312.63428510415
 25310.280768271
 25307.92725143786
 25305.57373460471
 25303.22021777157
 25300.86670093842
 25298.51318410528
 25296.15966727213
 25293.80615043899
 25291.45263360584
 25289.0991167727
 25286.74559993955
 25284.39208310641
 25282.03856627326
 25279.68504944012
 25277.33153260697
 25274.97801577382
 25272.62449894068
 25270.27098210753
 25267.91746527439
 25265.56394844124
 25263.21043160809
 25260.85691477495
 25258.5033979418
 25256.14988110866
 25253.79636427551
 25251.44284744237
 25249.08933060922
 25246.73581377608
 25244.38229694293
 25242.02878010979
 25239.67526327664
 25237.3217464435
 25234.96822961035
 25232.61471277721
 25230.26119594406
 25227.90767911091
 25225.55416227777
 25223.20064544462
 25220.84712861148
 25218.49361177833
 25216.14009494519
 25213.78657811204
 25211.43306127889
 25209.07954444575
 25206.7260276126
 25204.37251077946
 25202.01899394631
 25199.66547711317
 25197.31196028002
 25194.95844344688
 25192.60492661373


