# Created by Octave 4.0.0, Wed May 11 13:55:52 2016 CEST <peter@Independence>
# name: y
# type: matrix
# rows: 100
# columns: 1
 25723.1479236599
 25721.24362677121
 25719.19443676416
 25717.00070724914
 25714.66290298823
 25712.18160016932
 25709.55748655291
 25706.79136149056
 25703.88413581401
 25700.83683159435
 25697.65058177075
 25694.32662964836
 25690.86632826538
 25687.27113962943
 25683.54263382339
 25679.68248798139
 25675.69248513561
 25671.57451293473
 25667.3305622354
 25662.9627255678
 25658.47319547696
 25653.86426274167
 25649.1383144727
 25644.29783209266
 25639.34538919978
 25634.28364931803
 25629.11536353646
 25623.84336804047
 25618.4705815382
 25613.00000258524
 25607.43470681107
 25601.77784405073
 25596.03263538561
 25590.202370097
 25584.29040253668
 25578.30014891845
 25572.23508403509
 25566.09873790506
 25559.89469235339
 25553.62657753161
 25547.29806838121
 25540.91288104552
 25534.47476923508
 25527.98752055119
 25521.45495277286
 25514.88091011225
 25508.26925944367
 25501.6238865114
 25494.94869212139
 25488.24758832235
 25481.52449458112
 25474.78333395782
 25468.02802928594
 25461.2624993625
 25454.49065515363
 25447.71639602053
 25440.94360597108
 25434.17614994211
 25427.41787011725
 25420.67258228536
 25413.94407224437
 25407.23609225528
 25400.55235755091
 25393.89654290412
 25387.27227925971
 25380.68315043457
 25374.13268989013
 25367.62437758113
 25361.16163688483
 25354.74783161427
 25348.38626311924
 25342.08016747851
 25335.83271278656
 25329.64699653794
 25323.52604311231
 25317.47280136285
 25311.49014231073
 25305.58085694809
 25299.74765415163
 25293.99315870906
 25288.31990946012
 25282.73035755392
 25277.226864824
 25271.81170228248
 25266.48704873435
 25261.25498951265
 25256.11751533547
 25251.07652128505
 25246.13380590932
 25241.29107044608
 25236.54991816955
 25231.91185385917
 25227.37828339
 25222.95051344426
 25218.62975134291
 25214.4171049965
 25210.31358297388
 25206.32009468749
 25202.43745069366
 25198.66636310618


