# Created by Octave 4.0.0, Wed May 11 13:55:52 2016 CEST <peter@Independence>
# name: y
# type: matrix
# rows: 100
# columns: 1
 25580.54833553765
 25578.19606455746
 25575.94010543008
 25573.77844494788
 25571.70906990324
 25569.72996708853
 25567.83912329613
 25566.0345253184
 25564.31415994773
 25562.6760139765
 25561.11807419706
 25559.6383274018
 25558.2347603831
 25556.90535993332
 25555.64811284485
 25554.46100591005
 25553.3420259213
 25552.28915967097
 25551.30039395145
 25550.3737155551
 25549.5071112743
 25548.69856790141
 25547.94607222883
 25547.24761104891
 25546.60117115405
 25546.0047393366
 25545.45630238894
 25544.95384710345
 25544.49536027251
 25544.07882868849
 25543.70223914375
 25543.36357843069
 25543.06083334166
 25542.79199066905
 25542.55503720522
 25542.34795974256
 25542.16874507345
 25542.01537999024
 25541.88585128532
 25541.77814575106
 25541.69025017984
 25541.62015136402
 25541.565836096
 25541.52529116813
 25541.49650337279
 25541.47745950237
 25541.46614634922
 25541.46055070573
 25541.45865936427
 25541.45845911722
 25541.45793675695
 25541.45507907583
 25541.44787286624
 25541.43430492056
 25541.41236203115
 25541.38003099039
 25541.33529859066
 25541.27615162433
 25541.20057688378
 25541.10656116137
 25540.99209124949
 25540.85515394051
 25540.6937360268
 25540.50582430074
 25540.2894055547
 25540.04246658105
 25539.76299417218
 25539.44897512045
 25539.09839621824
 25538.70924425792
 25538.27950603187
 25537.80716833246
 25537.29021795208
 25536.72664168308
 25536.11442631784
 25535.45155864875
 25534.73602546817
 25533.96581356848
 25533.13890974205
 25532.25330078126
 25531.30697347848
 25530.29791462609
 25529.22411101646
 25528.08354944196
 25526.87421669498
 25525.59409956788
 25524.24118485303
 25522.81345934282
 25521.30890982962
 25519.7255231058
 25518.06128596373
 25516.3141851958
 25514.48220759436
 25512.56333995181
 25510.55556906051
 25508.45688171284
 25506.26526470117
 25503.97870481788
 25501.59518885535
 25499.11270360593


