# Created by Octave 4.0.0, Wed May 11 23:12:05 2016 CEST <peter@Independence>
# name: y
# type: matrix
# rows: 1
# columns: 100
 303583.2204328262 303361.175024379 303139.1296159318 302917.0842074846 302695.0387990374 302472.9933905902 302250.947982143 302028.9025736959 301806.8571652487 301584.8117568014 301362.7663483543 301140.7209399071 300918.6755314599 300696.6301230127 300474.5847145655 300252.5393061183 300030.4938976711 299808.448489224 299586.4030807767 299364.3576723296 299142.3122638824 298920.2668554352 298698.221446988 298476.1760385408 298254.1306300936 298032.0852216464 297810.0398131993 297587.994404752 297365.9489963048 297143.9035878577 296921.8581794105 296699.8127709633 296477.7673625161 296255.7219540689 296033.6765456217 295811.6311371745 295589.5857287273 295367.5403202801 295145.494911833 294923.4495033858 294701.4040949385 294479.3586864914 294257.3132780442 294035.267869597 293813.2224611498 293591.1770527026 293369.1316442554 293147.0862358082 292925.0408273611 292702.9954189138 292480.9500104667 292258.9046020195 292036.8591935723 291814.8137851251 291592.7683766779 291370.7229682307 291148.6775597835 290926.6321513364 290704.5867428891 290482.5413344419 290260.4959259948 290038.4505175475 289816.4051091004 289594.3597006532 289372.314292206 289150.2688837588 288928.2234753116 288706.1780668644 288484.1326584172 288262.0872499701 288040.0418415228 287817.9964330756 287595.9510246285 287373.9056161813 287151.8602077341 286929.8147992869 286707.7693908397 286485.7239823925 286263.6785739453 286041.6331654981 285819.5877570509 285597.5423486037 285375.4969401566 285153.4515317093 284931.4061232622 284709.360714815 284487.3153063678 284265.2698979206 284043.2244894734 283821.1790810262 283599.133672579 283377.0882641319 283155.0428556846 282932.9974472375 282710.9520387903 282488.9066303431 282266.8612218959 282044.8158134487 281822.7704050015 281600.7249965543


