# Created by Octave 4.0.0, Wed May 11 23:12:05 2016 CEST <peter@Independence>
# name: y
# type: matrix
# rows: 100
# columns: 1
 274879.9928246437
 274149.734703796
 273429.4962454702
 272718.7756337894
 272017.0670100581
 271323.861168963
 270638.6462635153
 269960.9085178282
 269290.1329468777
 268625.8040823282
 267967.4067035185
 267314.4265726727
 266666.3511733901
 266022.6704514837
 265382.8775571528
 264746.4695875921
 264112.9483289809
 263481.8209969201
 262852.6009743003
 262224.8085456279
 261597.9716267888
 260971.62648927
 260345.3184778623
 259718.602720816
 259091.0448314853
 258462.2216005025
 257831.7216774577
 257199.1462411643
 256564.1096575398
 255926.2401241753
 255285.1803006231
 254640.5879235555
 253992.1364058348
 253339.5154186639
 252682.4314559195
 252020.6083798626
 251353.7879473746
 250681.7303159604
 250004.2145287206
 249321.0389775615
 248632.0218439206
 247937.0015163303
 247235.836984149
 246528.4082068227
 245814.6164581136
 245094.3846446798
 244367.6575985318
 243634.4023428194
 242894.6083305081
 242148.2876555405
 241395.4752360353
 240636.2289692526
 239870.6298579303
 239098.7821077851
 238320.8131958892
 237536.8739097781
 236747.1383570857
 235951.8039456305
 235151.0913338463
 234345.2443515633
 233534.529891102
 232719.2377687586
 231899.6805567785
 231076.1933859174
 230249.1337187949
 229418.8810942266
 228585.8368428121
 227750.4237740579
 226913.0858353655
 226074.2877432839
 225234.5145873922
 224394.2714073146
 223554.0827433086
 222714.49216099
 221876.0617507272
 221039.3716023168
 220205.0192555581
 219373.6191274151
 218545.8019164274
 217722.2139851297
 216903.5167212276
 216090.3858783077
 215283.5108969178
 214483.5942068423
 213691.3505114581
 212907.5060550546
 212132.7978740339
 211367.9730329371
 210613.7878462409
 209871.0070869316
 209140.4031828064
 208422.7554015612
 207718.84902565
 207029.4745179832
 206355.4266794886
 205697.5037996278
 205056.506800893
 204433.2383783952
 203828.5021356043
 203243.1017173253


