# Created by Octave 4.0.0, Wed May 11 23:12:05 2016 CEST <peter@Independence>
# name: y
# type: matrix
# rows: 100
# columns: 1
 319257.064007389
 318921.75987096
 318600.7629470826
 318293.7612923827
 318000.442963486
 317720.4960170184
 317453.6085096058
 317199.4684978739
 316957.7640384486
 316728.1831879558
 316510.4140030212
 316304.1445402707
 316109.0628563302
 315924.8570078255
 315751.2150513824
 315587.8250436268
 315434.3750411845
 315290.5531006813
 315156.0472787431
 315030.5456319956
 314913.7362170648
 314805.3070905765
 314704.9463091565
 314612.3419294307
 314527.1820080248
 314449.1546015647
 314377.9477666764
 314313.2495599855
 314254.7480381179
 314202.1312576995
 314155.0872753561
 314113.3041477136
 314076.4699313977
 314044.2726830344
 314016.4004592493
 313992.5413166685
 313972.3833119177
 313955.6145016227
 313941.9229424095
 313930.9966909037
 313922.5238037313
 313916.1923375182
 313911.69034889
 313908.7058944728
 313906.9270308922
 313906.0418147742
 313905.7383027446
 313905.7045514291
 313905.6286174538
 313905.1985574444
 313904.1024280266
 313902.0282858264
 313898.6641874697
 313893.6981895822
 313886.8183487897
 313877.7127217181
 313866.0693649933
 313851.5763352411
 313833.9216890873
 313812.7934831577
 313787.8797740783
 313758.8686184747
 313725.4480729729
 313687.3061941987
 313644.131038778
 313595.6106633365
 313541.4331245002
 313481.2864788947
 313414.8587831461
 313341.83809388
 313261.9124677224
 313174.7699612991
 313080.0986312359
 312977.5865341587
 312866.9217266933
 312747.7922654655
 312619.8862071012
 312482.8916082262
 312336.4965254664
 312180.3890154475
 312014.2571347954
 311837.788940136
 311650.6724880951
 311452.5958352984
 311243.247038372
 311022.3141539415
 310789.4852386329
 310544.4483490719
 310286.8915418845
 310016.5028736963
 309732.9704011334
 309435.9821808215
 309125.2262693864
 308800.390723454
 308461.1635996501
 308107.2329546006
 307738.2868449313
 307354.013327268
 306954.1004582365
 306538.2362944628


