# Created by Octave 4.0.0, Wed May 11 23:12:05 2016 CEST <peter@Independence>
# name: y
# type: matrix
# rows: 100
# columns: 1
 305119.5200122877
 304811.3017679164
 304503.0835235451
 304194.8652791737
 303886.6470348024
 303578.4287904312
 303270.2105460598
 302961.9923016885
 302653.7740573171
 302345.5558129458
 302037.3375685745
 301729.1193242032
 301420.9010798318
 301112.6828354605
 300804.4645910892
 300496.2463467179
 300188.0281023466
 299879.8098579753
 299571.591613604
 299263.3733692327
 298955.1551248614
 298646.9368804901
 298338.7186361187
 298030.5003917473
 297722.282147376
 297414.0639030047
 297105.8456586334
 296797.6274142622
 296489.4091698909
 296181.1909255194
 295872.9726811482
 295564.7544367768
 295256.5361924055
 294948.3179480341
 294640.0997036629
 294331.8814592916
 294023.6632149202
 293715.4449705489
 293407.2267261776
 293099.0084818063
 292790.790237435
 292482.5719930637
 292174.3537486923
 291866.135504321
 291557.9172599497
 291249.6990155784
 290941.4807712071
 290633.2625268357
 290325.0442824644
 290016.8260380931
 289708.6077937218
 289400.3895493505
 289092.1713049791
 288783.9530606078
 288475.7348162365
 288167.5165718652
 287859.2983274939
 287551.0800831226
 287242.8618387512
 286934.6435943799
 286626.4253500086
 286318.2071056373
 286009.988861266
 285701.7706168946
 285393.5523725234
 285085.3341281521
 284777.1158837807
 284468.8976394094
 284160.6793950381
 283852.4611506668
 283544.2429062955
 283236.0246619241
 282927.8064175527
 282619.5881731814
 282311.3699288102
 282003.1516844388
 281694.9334400676
 281386.7151956962
 281078.4969513249
 280770.2787069536
 280462.0604625823
 280153.842218211
 279845.6239738396
 279537.4057294683
 279229.1874850969
 278920.9692407256
 278612.7509963544
 278304.532751983
 277996.3145076116
 277688.0962632403
 277379.8780188692
 277071.6597744978
 276763.4415301264
 276455.223285755
 276147.0050413838
 275838.7867970123
 275530.5685526411
 275222.35030827
 274914.1320638985
 274605.9138195272


