# Created by Octave 4.0.0, Wed May 18 23:42:19 2016 CEST <peter@Independence>
# name: x
# type: matrix
# rows: 1
# columns: 100
 60 60.60606060606061 61.21212121212122 61.81818181818182 62.42424242424242 63.03030303030303 63.63636363636363 64.24242424242425 64.84848484848484 65.45454545454545 66.06060606060606 66.66666666666666 67.27272727272728 67.87878787878788 68.48484848484848 69.09090909090909 69.6969696969697 70.30303030303031 70.90909090909091 71.51515151515152 72.12121212121212 72.72727272727272 73.33333333333333 73.93939393939394 74.54545454545455 75.15151515151516 75.75757575757575 76.36363636363636 76.96969696969697 77.57575757575758 78.18181818181817 78.78787878787878 79.39393939393939 80 80.60606060606061 81.21212121212122 81.81818181818181 82.42424242424242 83.03030303030303 83.63636363636363 84.24242424242424 84.84848484848484 85.45454545454545 86.06060606060606 86.66666666666667 87.27272727272727 87.87878787878788 88.48484848484848 89.09090909090908 89.69696969696969 90.3030303030303 90.90909090909091 91.51515151515152 92.12121212121211 92.72727272727272 93.33333333333333 93.93939393939394 94.54545454545455 95.15151515151514 95.75757575757575 96.36363636363636 96.96969696969697 97.57575757575756 98.18181818181817 98.78787878787878 99.39393939393939 100 100.6060606060606 101.2121212121212 101.8181818181818 102.4242424242424 103.030303030303 103.6363636363636 104.2424242424242 104.8484848484848 105.4545454545455 106.060606060606 106.6666666666667 107.2727272727273 107.8787878787879 108.4848484848485 109.0909090909091 109.6969696969697 110.3030303030303 110.9090909090909 111.5151515151515 112.1212121212121 112.7272727272727 113.3333333333333 113.9393939393939 114.5454545454545 115.1515151515151 115.7575757575758 116.3636363636364 116.969696969697 117.5757575757576 118.1818181818182 118.7878787878788 119.3939393939394 120


# name: y
# type: matrix
# rows: 100
# columns: 1
 70999.73783036093
 70904.06752237429
 70781.26203438564
 70631.61421512661
 70455.53355884594
 70253.54350026
 70026.27784522358
 69774.47636570761
 69498.97959604173
 69200.72287535836
 68880.72968866436
 68540.10436587864
 68180.02420442727
 67801.73108651127
 67406.52266689406
 66995.74321094717
 66570.77416570402
 66133.0245487779
 65683.92124118656
 65224.89927039011
 64757.39216920262
 64282.82249470085
 63802.59258885917
 63318.07565943118
 62830.60725562714
 62341.47720846206
 61851.92210034041
 61363.11832257261
 60876.17577316308
 60392.1322404526
 59911.94851112126
 59436.50423374592
 58966.59456164458
 58502.92759120878
 58046.12260440561
 57596.70911669949
 57155.12672437191
 56721.72573817243
 56296.76858347693
 55880.43194071573
 55472.80959381158
 55073.91594877984
 54683.69017952404
 54302.0009532391
 53928.65168373359
 53563.38625741817
 53205.89517368891
 52855.82203896761
 52512.77035174562
 52176.31051460785
 51845.98700838296
 51521.32566325975
 51201.84096191562
 50887.04331040253
 50576.44621371007
 50269.57329455314
 49965.96509599208
 49665.1856109618
 49366.82848464129
 49070.5228388102
 48775.93867089182
 48482.79178424523
 48190.8482104186
 47899.92808848513
 47609.90897122388
 47320.72853275422
 47032.38665725478
 46744.94689356539
 46458.53726575301
 46173.35043508668
 45889.64321427712
 45607.73544025934
 45328.00821719145
 45050.90154667279
 44776.91136740668
 44506.58603160766
 44240.5222503355
 43979.36054458561
 43723.78024333501
 43474.49407379
 43232.24239276499
 42997.78711140079
 42771.90536826542
 42555.38300823707
 42349.00792641356
 42153.56333759868
 41969.82103265895
 41798.53468320818
 41640.43325564858
 41496.21459457215
 41366.53923390526
 41252.02449197197
 41153.2389038734
 41070.69704125509
 41004.85476569132
 40956.10495759411
 40924.77375779726
 40911.11735382523
 40915.31933738657
 40937.48865389532


# name: QUERY
# type: sq_string
# elements: 1
# length: 2
R1


# name: DATASIZE
# type: sq_string
# elements: 1
# length: 3
250


