# Created by Octave 4.0.0, Wed May 18 23:42:19 2016 CEST <peter@Independence>
# name: x
# type: matrix
# rows: 1
# columns: 100
 60 60.60606060606061 61.21212121212122 61.81818181818182 62.42424242424242 63.03030303030303 63.63636363636363 64.24242424242425 64.84848484848484 65.45454545454545 66.06060606060606 66.66666666666666 67.27272727272728 67.87878787878788 68.48484848484848 69.09090909090909 69.6969696969697 70.30303030303031 70.90909090909091 71.51515151515152 72.12121212121212 72.72727272727272 73.33333333333333 73.93939393939394 74.54545454545455 75.15151515151516 75.75757575757575 76.36363636363636 76.96969696969697 77.57575757575758 78.18181818181817 78.78787878787878 79.39393939393939 80 80.60606060606061 81.21212121212122 81.81818181818181 82.42424242424242 83.03030303030303 83.63636363636363 84.24242424242424 84.84848484848484 85.45454545454545 86.06060606060606 86.66666666666667 87.27272727272727 87.87878787878788 88.48484848484848 89.09090909090908 89.69696969696969 90.3030303030303 90.90909090909091 91.51515151515152 92.12121212121211 92.72727272727272 93.33333333333333 93.93939393939394 94.54545454545455 95.15151515151514 95.75757575757575 96.36363636363636 96.96969696969697 97.57575757575756 98.18181818181817 98.78787878787878 99.39393939393939 100 100.6060606060606 101.2121212121212 101.8181818181818 102.4242424242424 103.030303030303 103.6363636363636 104.2424242424242 104.8484848484848 105.4545454545455 106.060606060606 106.6666666666667 107.2727272727273 107.8787878787879 108.4848484848485 109.0909090909091 109.6969696969697 110.3030303030303 110.9090909090909 111.5151515151515 112.1212121212121 112.7272727272727 113.3333333333333 113.9393939393939 114.5454545454545 115.1515151515151 115.7575757575758 116.3636363636364 116.969696969697 117.5757575757576 118.1818181818182 118.7878787878788 119.3939393939394 120


# name: y
# type: matrix
# rows: 1
# columns: 100
 76462.70369616542 76077.44454394962 75692.18539173383 75306.92623951803 74921.66708730222 74536.40793508643 74151.14878287063 73765.88963065483 73380.63047843904 72995.37132622323 72610.11217400743 72224.85302179163 71839.59386957584 71454.33471736003 71069.07556514423 70683.81641292843 70298.55726071264 69913.29810849683 69528.03895628103 69142.77980406524 68757.52065184944 68372.26149963363 67987.00234741785 67601.74319520204 67216.48404298624 66831.22489077045 66445.96573855465 66060.70658633884 65675.44743412304 65290.18828190725 64904.92912969145 64519.66997747564 64134.41082525985 63749.15167304405 63363.89252082825 62978.63336861245 62593.37421639665 62208.11506418085 61822.85591196505 61437.59675974925 61052.33760753345 60667.07845531765 60281.81930310185 59896.56015088605 59511.30099867025 59126.04184645446 58740.78269423866 58355.52354202286 57970.26438980706 57585.00523759126 57199.74608537546 56814.48693315966 56429.22778094386 56043.96862872806 55658.70947651226 55273.45032429646 54888.19117208066 54502.93201986486 54117.67286764907 53732.41371543326 53347.15456321747 52961.89541100166 52576.63625878587 52191.37710657007 51806.11795435427 51420.85880213847 51035.59964992267 50650.34049770687 50265.08134549107 49879.82219327527 49494.56304105947 49109.30388884367 48724.04473662787 48338.78558441208 47953.52643219627 47568.26727998047 47183.00812776468 46797.74897554888 46412.48982333308 46027.23067111728 45641.97151890148 45256.71236668568 44871.45321446988 44486.19406225409 44100.93491003828 43715.67575782249 43330.41660560668 42945.15745339089 42559.89830117508 42174.63914895929 41789.37999674349 41404.12084452769 41018.86169231189 40633.60254009609 40248.34338788029 39863.08423566449 39477.8250834487 39092.56593123289 38707.30677901709 38322.04762680129


# name: QUERY
# type: sq_string
# elements: 1
# length: 2
R1


# name: DATASIZE
# type: sq_string
# elements: 1
# length: 3
250


