# Created by Octave 4.0.0, Mon May 23 13:46:34 2016 CEST <peter@Independence>
# name: x
# type: matrix
# rows: 1
# columns: 100
 60 60.60606060606061 61.21212121212122 61.81818181818182 62.42424242424242 63.03030303030303 63.63636363636363 64.24242424242425 64.84848484848484 65.45454545454545 66.06060606060606 66.66666666666666 67.27272727272728 67.87878787878788 68.48484848484848 69.09090909090909 69.6969696969697 70.30303030303031 70.90909090909091 71.51515151515152 72.12121212121212 72.72727272727272 73.33333333333333 73.93939393939394 74.54545454545455 75.15151515151516 75.75757575757575 76.36363636363636 76.96969696969697 77.57575757575758 78.18181818181817 78.78787878787878 79.39393939393939 80 80.60606060606061 81.21212121212122 81.81818181818181 82.42424242424242 83.03030303030303 83.63636363636363 84.24242424242424 84.84848484848484 85.45454545454545 86.06060606060606 86.66666666666667 87.27272727272727 87.87878787878788 88.48484848484848 89.09090909090908 89.69696969696969 90.3030303030303 90.90909090909091 91.51515151515152 92.12121212121211 92.72727272727272 93.33333333333333 93.93939393939394 94.54545454545455 95.15151515151514 95.75757575757575 96.36363636363636 96.96969696969697 97.57575757575756 98.18181818181817 98.78787878787878 99.39393939393939 100 100.6060606060606 101.2121212121212 101.8181818181818 102.4242424242424 103.030303030303 103.6363636363636 104.2424242424242 104.8484848484848 105.4545454545455 106.060606060606 106.6666666666667 107.2727272727273 107.8787878787879 108.4848484848485 109.0909090909091 109.6969696969697 110.3030303030303 110.9090909090909 111.5151515151515 112.1212121212121 112.7272727272727 113.3333333333333 113.9393939393939 114.5454545454545 115.1515151515151 115.7575757575758 116.3636363636364 116.969696969697 117.5757575757576 118.1818181818182 118.7878787878788 119.3939393939394 120


# name: y
# type: matrix
# rows: 100
# columns: 1
 69100.23357137255
 68789.59712960487
 68478.96068783717
 68168.3242460695
 67857.68780430179
 67547.05136253411
 67236.4149207664
 66925.77847899873
 66615.14203723104
 66304.50559546336
 65993.86915369568
 65683.23271192797
 65372.5962701603
 65061.9598283926
 64751.32338662491
 64440.68694485723
 64130.05050308954
 63819.41406132186
 63508.77761955417
 63198.14117778649
 62887.50473601878
 62576.86829425111
 62266.23185248341
 61955.59541071573
 61644.95896894804
 61334.32252718035
 61023.68608541268
 60713.04964364498
 60402.4132018773
 60091.77676010961
 59781.14031834192
 59470.50387657423
 59159.86743480655
 58849.23099303887
 58538.59455127117
 58227.95810950348
 57917.3216677358
 57606.6852259681
 57296.04878420042
 56985.41234243273
 56674.77590066504
 56364.13945889736
 56053.50301712967
 55742.86657536199
 55432.2301335943
 55121.59369182661
 54810.95725005892
 54500.32080829123
 54189.68436652355
 53879.04792475586
 53568.41148298817
 53257.77504122048
 52947.1385994528
 52636.50215768511
 52325.86571591742
 52015.22927414974
 51704.59283238205
 51393.95639061436
 51083.31994884667
 50772.68350707898
 50462.04706531129
 50151.41062354361
 49840.77418177592
 49530.13774000823
 49219.50129824055
 48908.86485647286
 48598.22841470517
 48287.59197293749
 47976.9555311698
 47666.31908940211
 47355.68264763442
 47045.04620586673
 46734.40976409905
 46423.77332233137
 46113.13688056367
 45802.50043879599
 45491.8639970283
 45181.22755526061
 44870.59111349293
 44559.95467172524
 44249.31822995755
 43938.68178818987
 43628.04534642218
 43317.40890465449
 43006.77246288679
 42696.13602111911
 42385.49957935142
 42074.86313758374
 41764.22669581605
 41453.59025404837
 41142.95381228068
 40832.317370513
 40521.6809287453
 40211.04448697761
 39900.40804520993
 39589.77160344223
 39279.13516167457
 38968.49871990688
 38657.86227813918
 38347.22583637148


# name: QUERY
# type: sq_string
# elements: 1
# length: 2
R1


# name: DATASIZE
# type: sq_string
# elements: 1
# length: 3
250


