# Created by Octave 4.0.0, Wed May 18 23:42:19 2016 CEST <peter@Independence>
# name: SVs
# type: cell
# rows: 1
# columns: 7
# name: <cell-element>
# type: sparse matrix
# nnz: 29
# rows: 29
# columns: 1
1 1 1.343612034127056
2 1 -0.4229889737066661
3 1 -1.306289477623527
4 1 -1.306289477623527
5 1 -0.4229889737066661
6 1 0.460311530210195
7 1 -1.306289477623527
8 1 -0.4229889737066661
9 1 0.460311530210195
10 1 -1.306289477623527
11 1 1.343612034127056
12 1 0.460311530210195
13 1 -0.4229889737066661
14 1 -1.306289477623527
15 1 1.343612034127056
16 1 0.460311530210195
17 1 -0.4229889737066661
18 1 0.460311530210195
19 1 0.460311530210195
20 1 1.343612034127056
21 1 0.460311530210195
22 1 -1.306289477623527
23 1 0.460311530210195
24 1 1.343612034127056
25 1 -0.4229889737066661
26 1 -0.4229889737066661
27 1 -0.4229889737066661
28 1 0.460311530210195
29 1 -0.4229889737066661



# name: <cell-element>
# type: sparse matrix
# nnz: 30
# rows: 30
# columns: 1
1 1 1.343612034127056
2 1 1.343612034127056
3 1 -1.306289477623527
4 1 -1.306289477623527
5 1 -0.4229889737066661
6 1 0.460311530210195
7 1 -1.306289477623527
8 1 0.460311530210195
9 1 -1.306289477623527
10 1 1.343612034127056
11 1 -1.306289477623527
12 1 -1.306289477623527
13 1 1.343612034127056
14 1 -1.306289477623527
15 1 1.343612034127056
16 1 0.460311530210195
17 1 -0.4229889737066661
18 1 0.460311530210195
19 1 1.343612034127056
20 1 0.460311530210195
21 1 -1.306289477623527
22 1 0.460311530210195
23 1 1.343612034127056
24 1 -1.306289477623527
25 1 1.343612034127056
26 1 -1.306289477623527
27 1 -1.306289477623527
28 1 -0.4229889737066661
29 1 -0.4229889737066661
30 1 0.460311530210195



# name: <cell-element>
# type: sparse matrix
# nnz: 14
# rows: 14
# columns: 1
1 1 -1.306289477623527
2 1 0.460311530210195
3 1 -1.306289477623527
4 1 0.460311530210195
5 1 -1.306289477623527
6 1 1.343612034127056
7 1 0.460311530210195
8 1 -0.4229889737066661
9 1 0.460311530210195
10 1 0.460311530210195
11 1 0.460311530210195
12 1 -0.4229889737066661
13 1 -0.4229889737066661
14 1 0.460311530210195



# name: <cell-element>
# type: sparse matrix
# nnz: 20
# rows: 20
# columns: 1
1 1 1.343612034127056
2 1 1.343612034127056
3 1 -1.306289477623527
4 1 -1.306289477623527
5 1 -1.306289477623527
6 1 0.460311530210195
7 1 1.343612034127056
8 1 -1.306289477623527
9 1 1.343612034127056
10 1 -1.306289477623527
11 1 0.460311530210195
12 1 1.343612034127056
13 1 -1.306289477623527
14 1 0.460311530210195
15 1 1.343612034127056
16 1 1.343612034127056
17 1 -1.306289477623527
18 1 -1.306289477623527
19 1 -0.4229889737066661
20 1 -0.4229889737066661



# name: <cell-element>
# type: sparse matrix
# nnz: 22
# rows: 22
# columns: 1
1 1 1.343612034127056
2 1 1.343612034127056
3 1 -1.306289477623527
4 1 -1.306289477623527
5 1 -1.306289477623527
6 1 0.460311530210195
7 1 1.343612034127056
8 1 -1.306289477623527
9 1 -1.306289477623527
10 1 1.343612034127056
11 1 -1.306289477623527
12 1 0.460311530210195
13 1 0.460311530210195
14 1 1.343612034127056
15 1 -1.306289477623527
16 1 0.460311530210195
17 1 1.343612034127056
18 1 1.343612034127056
19 1 -1.306289477623527
20 1 -1.306289477623527
21 1 -0.4229889737066661
22 1 -0.4229889737066661



# name: <cell-element>
# type: sparse matrix
# nnz: 29
# rows: 29
# columns: 1
1 1 1.343612034127056
2 1 -0.4229889737066661
3 1 -1.306289477623527
4 1 -1.306289477623527
5 1 -0.4229889737066661
6 1 -1.306289477623527
7 1 0.460311530210195
8 1 -0.4229889737066661
9 1 0.460311530210195
10 1 -1.306289477623527
11 1 1.343612034127056
12 1 -0.4229889737066661
13 1 0.460311530210195
14 1 -1.306289477623527
15 1 -1.306289477623527
16 1 1.343612034127056
17 1 -1.306289477623527
18 1 1.343612034127056
19 1 -0.4229889737066661
20 1 0.460311530210195
21 1 0.460311530210195
22 1 -1.306289477623527
23 1 0.460311530210195
24 1 -1.306289477623527
25 1 1.343612034127056
26 1 -0.4229889737066661
27 1 -0.4229889737066661
28 1 -0.4229889737066661
29 1 -0.4229889737066661



# name: <cell-element>
# type: scalar
0





# name: coefficients
# type: cell
# rows: 1
# columns: 7
# name: <cell-element>
# type: matrix
# rows: 29
# columns: 1
 0.6157899999999999
 -0.6157899999999999
 0.6157899999999999
 0.6157899999999999
 0.02110149096199522
 -0.6157899999999999
 0.6157899999999999
 -0.6157899999999999
 -0.6157899999999999
 -0.6157899999999999
 0.6157899999999999
 -0.6157899999999999
 -0.6157899999999999
 0.6157899999999999
 0.6157899999999999
 -0.6157899999999999
 0.6157899999999999
 0.6157899999999999
 -0.6157899999999999
 0.5946885090380049
 -0.6157899999999999
 0.6157899999999999
 -0.6157899999999999
 0.6157899999999999
 0.6157899999999999
 -0.6157899999999999
 0.6157899999999999
 -0.6157899999999999
 -0.6157899999999999



# name: <cell-element>
# type: matrix
# rows: 30
# columns: 1
 -0.1
 -0.1
 0.1
 0.1
 0.1
 -0.1
 0.1
 -0.1
 0.01088348456829672
 -0.1
 0.1
 0.1
 -0.1
 0.1
 -0.1
 -0.1
 0.1
 -0.1
 -0.1
 -0.1
 0.1
 -0.1
 -0.1
 0.1
 -0.1
 0.1
 0.1
 0.1
 0.1
 -0.01088348456829672



# name: <cell-element>
# type: matrix
# rows: 14
# columns: 1
 0.1
 -0.1
 0.1
 -0.1
 0.02862572288580661
 0.1
 -0.1
 0.1
 -0.1
 -0.1
 -0.1
 0.1
 0.1
 -0.02862572288580661



# name: <cell-element>
# type: matrix
# rows: 20
# columns: 1
 -5
 -5
 5
 5
 5
 -5
 -5
 5
 -5
 4.286350043832567
 -4.286350043832568
 -5
 5
 -5
 -5
 -5
 5
 5
 5
 5



# name: <cell-element>
# type: matrix
# rows: 22
# columns: 1
 -5
 -5
 5
 5
 5
 -5
 -5
 5
 1.46331023279186
 -5
 5
 -1.463310232791856
 -5
 -5
 5
 -5
 -5
 -5
 5
 5
 5
 5



# name: <cell-element>
# type: matrix
# rows: 29
# columns: 1
 -0.6710494859300815
 -0.87368
 0.87368
 0.87368
 0.87368
 0.87368
 0.8305891958857201
 -0.1773604836068515
 -0.87368
 -0.87368
 0.87368
 -0.87368
 0.87368
 0.87368
 -0.87368
 -0.87368
 -0.8558592263487873
 0.87368
 0.87368
 0.87368
 -0.87368
 0.87368
 -0.87368
 -0.87368
 -0.87368
 0.87368
 -0.87368
 0.87368
 -0.87368



# name: <cell-element>
# type: scalar
0





# name: b
# type: cell
# rows: 1
# columns: 7
# name: <cell-element>
# type: scalar
-0.1863344776670735



# name: <cell-element>
# type: scalar
-0.2803838794406078



# name: <cell-element>
# type: scalar
-0.1989216457376903



# name: <cell-element>
# type: scalar
-0.05876706083036606



# name: <cell-element>
# type: scalar
-0.005821051090502577



# name: <cell-element>
# type: scalar
-0.1396987949811813



# name: <cell-element>
# type: scalar
0





# name: models
# type: cell
# rows: 1
# columns: 7
# name: <cell-element>
# type: scalar struct
# ndims: 2
 1 1
# length: 11
# name: Parameters
# type: matrix
# rows: 5
# columns: 1
 3
 0
 3
 1
 0


# name: nr_class
# type: scalar
2


# name: totalSV
# type: scalar
29


# name: rho
# type: scalar
0.1863344776670735


# name: Label
# type: matrix
# rows: 0
# columns: 0


# name: sv_indices
# type: matrix
# rows: 29
# columns: 1
 2
 3
 4
 5
 6
 7
 8
 10
 11
 12
 13
 14
 15
 18
 22
 23
 24
 25
 26
 27
 28
 29
 30
 31
 39
 40
 41
 42
 43


# name: ProbA
# type: matrix
# rows: 0
# columns: 0


# name: ProbB
# type: matrix
# rows: 0
# columns: 0


# name: nSV
# type: matrix
# rows: 0
# columns: 0


# name: sv_coef
# type: matrix
# rows: 29
# columns: 1
 0.6157899999999999
 -0.6157899999999999
 0.6157899999999999
 0.6157899999999999
 0.02110149096199522
 -0.6157899999999999
 0.6157899999999999
 -0.6157899999999999
 -0.6157899999999999
 -0.6157899999999999
 0.6157899999999999
 -0.6157899999999999
 -0.6157899999999999
 0.6157899999999999
 0.6157899999999999
 -0.6157899999999999
 0.6157899999999999
 0.6157899999999999
 -0.6157899999999999
 0.5946885090380049
 -0.6157899999999999
 0.6157899999999999
 -0.6157899999999999
 0.6157899999999999
 0.6157899999999999
 -0.6157899999999999
 0.6157899999999999
 -0.6157899999999999
 -0.6157899999999999


