# Created by Octave 4.0.0, Wed May 18 23:42:10 2016 CEST <peter@Independence>
# name: mu
# type: matrix
# rows: 1
# columns: 2
 57660.97183098592 89.5774647887324


# name: sigma
# type: matrix
# rows: 1
# columns: 2
 19967.70375879999 22.64235094547445


