# Created by Octave 4.0.0, Mon May 23 13:46:34 2016 CEST <peter@Independence>
# name: x
# type: matrix
# rows: 1
# columns: 100
 60 60.60606060606061 61.21212121212122 61.81818181818182 62.42424242424242 63.03030303030303 63.63636363636363 64.24242424242425 64.84848484848484 65.45454545454545 66.06060606060606 66.66666666666666 67.27272727272728 67.87878787878788 68.48484848484848 69.09090909090909 69.6969696969697 70.30303030303031 70.90909090909091 71.51515151515152 72.12121212121212 72.72727272727272 73.33333333333333 73.93939393939394 74.54545454545455 75.15151515151516 75.75757575757575 76.36363636363636 76.96969696969697 77.57575757575758 78.18181818181817 78.78787878787878 79.39393939393939 80 80.60606060606061 81.21212121212122 81.81818181818181 82.42424242424242 83.03030303030303 83.63636363636363 84.24242424242424 84.84848484848484 85.45454545454545 86.06060606060606 86.66666666666667 87.27272727272727 87.87878787878788 88.48484848484848 89.09090909090908 89.69696969696969 90.3030303030303 90.90909090909091 91.51515151515152 92.12121212121211 92.72727272727272 93.33333333333333 93.93939393939394 94.54545454545455 95.15151515151514 95.75757575757575 96.36363636363636 96.96969696969697 97.57575757575756 98.18181818181817 98.78787878787878 99.39393939393939 100 100.6060606060606 101.2121212121212 101.8181818181818 102.4242424242424 103.030303030303 103.6363636363636 104.2424242424242 104.8484848484848 105.4545454545455 106.060606060606 106.6666666666667 107.2727272727273 107.8787878787879 108.4848484848485 109.0909090909091 109.6969696969697 110.3030303030303 110.9090909090909 111.5151515151515 112.1212121212121 112.7272727272727 113.3333333333333 113.9393939393939 114.5454545454545 115.1515151515151 115.7575757575758 116.3636363636364 116.969696969697 117.5757575757576 118.1818181818182 118.7878787878788 119.3939393939394 120


# name: y
# type: matrix
# rows: 100
# columns: 1
 56706.86788551437
 56689.4353393878
 56673.06316177444
 56657.7074556357
 56643.32525194756
 56629.8745096725
 56617.31411577771
 56605.60388523615
 56594.70456101155
 56584.57781407692
 56575.1862433979
 56566.49337594948
 56558.46366669943
 56551.0624986166
 56544.25618267682
 56538.01195784815
 56532.29799110322
 56527.08337741624
 56522.33813975686
 56518.03322910185
 56514.14052442205
 56510.63283269419
 56507.4838888904
 56504.6683559865
 56502.16182495777
 56499.94081478001
 56497.98277242891
 56496.2660728811
 56494.77001911373
 56493.47484210373
 56492.36170082897
 56491.41268226753
 56490.61080139809
 56489.94000119931
 56489.38515265066
 56488.93205473182
 56488.56743442293
 56488.27894670454
 56488.05517455758
 56487.88562896338
 56487.76074890369
 56487.67190136067
 56487.61138131687
 56487.57241175526
 56487.54914365919
 56487.53665601245
 56487.5309557992
 56487.52897800403
 56487.52858561191
 56487.52856960824
 56487.52864897881
 56487.52947070982
 56487.53260978787
 56487.54056919996
 56487.55677993351
 56487.58560097634
 56487.63231931665
 56487.70314994309
 56487.80523584467
 56487.94664801083
 56488.13638543142
 56488.38437509666
 56488.7014719972
 56489.09945912412
 56489.59104746888
 56490.18987602327
 56490.91051177961
 56491.76844973063
 56492.78011286919
 56493.962852189
 56495.33494668393
 56496.9156033481
 56498.72495717655
 56500.7840711639
 56503.1149363057
 56505.74047159828
 56508.6845240379
 56511.97186862065
 56515.62820834449
 56519.68017420585
 56524.15532520472
 56529.08214833659
 56534.49005860201
 56540.40939900102
 56546.87144052987
 56553.9083821928
 56561.55335098577
 56569.84040191415
 56578.80451797434
 56588.48161017015
 56598.90851750602
 56610.12300697916
 56622.16377359781
 56635.07044036086
 56648.88355827371
 56663.64460633793
 56679.39599156514
 56696.18104895222
 56714.04404150961
 56733.03016023758


# name: QUERY
# type: sq_string
# elements: 1
# length: 2
R1


# name: DATASIZE
# type: sq_string
# elements: 1
# length: 3
250


