# Created by Octave 4.0.0, Mon May 23 13:46:34 2016 CEST <peter@Independence>
# name: x
# type: matrix
# rows: 1
# columns: 100
 60 60.60606060606061 61.21212121212122 61.81818181818182 62.42424242424242 63.03030303030303 63.63636363636363 64.24242424242425 64.84848484848484 65.45454545454545 66.06060606060606 66.66666666666666 67.27272727272728 67.87878787878788 68.48484848484848 69.09090909090909 69.6969696969697 70.30303030303031 70.90909090909091 71.51515151515152 72.12121212121212 72.72727272727272 73.33333333333333 73.93939393939394 74.54545454545455 75.15151515151516 75.75757575757575 76.36363636363636 76.96969696969697 77.57575757575758 78.18181818181817 78.78787878787878 79.39393939393939 80 80.60606060606061 81.21212121212122 81.81818181818181 82.42424242424242 83.03030303030303 83.63636363636363 84.24242424242424 84.84848484848484 85.45454545454545 86.06060606060606 86.66666666666667 87.27272727272727 87.87878787878788 88.48484848484848 89.09090909090908 89.69696969696969 90.3030303030303 90.90909090909091 91.51515151515152 92.12121212121211 92.72727272727272 93.33333333333333 93.93939393939394 94.54545454545455 95.15151515151514 95.75757575757575 96.36363636363636 96.96969696969697 97.57575757575756 98.18181818181817 98.78787878787878 99.39393939393939 100 100.6060606060606 101.2121212121212 101.8181818181818 102.4242424242424 103.030303030303 103.6363636363636 104.2424242424242 104.8484848484848 105.4545454545455 106.060606060606 106.6666666666667 107.2727272727273 107.8787878787879 108.4848484848485 109.0909090909091 109.6969696969697 110.3030303030303 110.9090909090909 111.5151515151515 112.1212121212121 112.7272727272727 113.3333333333333 113.9393939393939 114.5454545454545 115.1515151515151 115.7575757575758 116.3636363636364 116.969696969697 117.5757575757576 118.1818181818182 118.7878787878788 119.3939393939394 120


# name: y
# type: matrix
# rows: 100
# columns: 1
 56591.16554976015
 56702.55738474281
 56802.88782344393
 56893.05361820298
 56973.89585446368
 57046.20230371699
 57110.70972574434
 57168.10611999291
 57219.03292610715
 57264.08717371911
 57303.82358132346
 57338.75660442674
 57369.36243280631
 57396.08093698767
 57419.31756392215
 57439.4451817784
 57456.80587399777
 57471.71268247742
 57484.45129994477
 57495.28171154115
 57504.43978554247
 57512.13881330917
 57518.57099837709
 57523.90889476156
 57528.30679442523
 57531.90206393424
 57534.8164302959
 57537.15721597875
 57539.01852311385
 57540.48236687782
 57541.61975805953
 57542.49173480717
 57543.1503435582
 57543.63956915092
 57543.99621411871
 57544.25072716561
 57544.42798082432
 57544.54799829618
 57544.62662947318
 57544.67617614194
 57544.7059663699
 57544.72287807333
 57544.73181176762
 57544.73611249936
 57544.7379409607
 57544.73859378557
 57544.73877302804
 57544.73880482269
 57544.73880722703
 57544.73880724591
 57544.73880703812
 57544.7387993048
 57544.73873186008
 57544.73842138374
 57544.73741635579
 57544.73480917321
 57544.7289974487
 57544.71739449145
 57544.69608896996
 57544.65945375693
 57544.59970395611
 57544.50640411134
 57544.36592459743
 57544.16084719329
 57543.86931983694
 57543.46436056258
 57542.9131106199
 57542.17603677514
 57541.2060827942
 57539.94777010837
 57538.33624766122
 57536.29629093785
 57533.74125017714
 57530.57194776364
 57526.67552480456
 57521.92423688727
 57516.17419901747
 57509.26407974146
 57501.01374445111
 57491.22284786606
 57479.66937570935
 57466.10813554218
 57450.26919681408
 57431.85628006578
 57410.54509532089
 57385.98162968227
 57357.78038406444
 57325.5225591667
 57288.75419056673
 57246.98423305114
 57199.68259410061
 57146.27811652369
 57086.15651038825
 57018.65823394569
 56943.07632396393
 56858.65417502292
 56764.58326819054
 56660.00084868814
 56543.98755291783
 56415.56498452174


# name: QUERY
# type: sq_string
# elements: 1
# length: 2
R1


# name: DATASIZE
# type: sq_string
# elements: 1
# length: 3
250


