# Created by Octave 4.0.0, Mon May 23 13:46:34 2016 CEST <peter@Independence>
# name: x
# type: matrix
# rows: 1
# columns: 100
 60 60.60606060606061 61.21212121212122 61.81818181818182 62.42424242424242 63.03030303030303 63.63636363636363 64.24242424242425 64.84848484848484 65.45454545454545 66.06060606060606 66.66666666666666 67.27272727272728 67.87878787878788 68.48484848484848 69.09090909090909 69.6969696969697 70.30303030303031 70.90909090909091 71.51515151515152 72.12121212121212 72.72727272727272 73.33333333333333 73.93939393939394 74.54545454545455 75.15151515151516 75.75757575757575 76.36363636363636 76.96969696969697 77.57575757575758 78.18181818181817 78.78787878787878 79.39393939393939 80 80.60606060606061 81.21212121212122 81.81818181818181 82.42424242424242 83.03030303030303 83.63636363636363 84.24242424242424 84.84848484848484 85.45454545454545 86.06060606060606 86.66666666666667 87.27272727272727 87.87878787878788 88.48484848484848 89.09090909090908 89.69696969696969 90.3030303030303 90.90909090909091 91.51515151515152 92.12121212121211 92.72727272727272 93.33333333333333 93.93939393939394 94.54545454545455 95.15151515151514 95.75757575757575 96.36363636363636 96.96969696969697 97.57575757575756 98.18181818181817 98.78787878787878 99.39393939393939 100 100.6060606060606 101.2121212121212 101.8181818181818 102.4242424242424 103.030303030303 103.6363636363636 104.2424242424242 104.8484848484848 105.4545454545455 106.060606060606 106.6666666666667 107.2727272727273 107.8787878787879 108.4848484848485 109.0909090909091 109.6969696969697 110.3030303030303 110.9090909090909 111.5151515151515 112.1212121212121 112.7272727272727 113.3333333333333 113.9393939393939 114.5454545454545 115.1515151515151 115.7575757575758 116.3636363636364 116.969696969697 117.5757575757576 118.1818181818182 118.7878787878788 119.3939393939394 120


# name: y
# type: matrix
# rows: 100
# columns: 1
 69314.75906931559
 68373.76008415359
 67471.31889591437
 66606.62890366054
 65778.88350645476
 64987.27610335955
 64231.00009343758
 63509.24887575142
 62821.21584936369
 62166.09441333699
 61543.07796673392
 60951.35990861709
 60390.13363804911
 59858.59255409258
 59355.93005581012
 58881.3395422643
 58434.01441251776
 58013.14806563309
 57617.93390067288
 57247.56531669977
 56901.23571277634
 56578.1384879652
 56277.46704132896
 55998.41477193022
 55740.17507883159
 55501.94136109567
 55282.90701778506
 55082.26544796237
 54899.21005069022
 54732.9342250312
 54582.63137004791
 54447.49488480296
 54326.71816835896
 54219.49461977851
 54125.01763812422
 54042.48062245869
 53971.07697184453
 53910.00008534434
 53858.44336202073
 53815.6002009363
 53780.66400115366
 53752.8281617354
 53731.28608174415
 53715.2311602425
 53703.85679629305
 53696.35638895843
 53691.92333730121
 53689.75104038401
 53689.03289726946
 53688.96230702012
 53688.73266869863
 53687.53738136758
 53684.56984408957
 53679.02345592722
 53670.09161594313
 53656.9677231999
 53638.84517676014
 53614.91737568645
 53584.37771904143
 53546.41960588771
 53500.23643528786
 53445.02160630452
 53379.96851800027
 53304.27056943772
 53217.12115967948
 53117.71368778816
 53005.24155282635
 52878.89815385667
 52737.87688994172
 52581.3711601441
 52408.57436352642
 52218.67989915128
 52010.88116608129
 51784.37156337905
 51538.34449010717
 51271.99334532825
 50984.51152810491
 50675.09243749974
 50342.92947257534
 49987.21603239434
 49607.14551601931
 49201.91132251289
 48770.70685093765
 48312.72550035623
 47827.16066983122
 47313.20575842522
 46770.05416520083
 46196.89928922068
 45592.93452954735
 44957.35328524347
 44289.34895537161
 43588.1149389944
 42852.84463517444
 42082.73144297433
 41276.96876145669
 40434.7499896841
 39555.26852671919
 38637.71777162455
 37681.2911234628
 36685.1819812965


# name: QUERY
# type: sq_string
# elements: 1
# length: 2
R1


# name: DATASIZE
# type: sq_string
# elements: 1
# length: 3
250


