# Created by Octave 4.0.0, Wed May 18 23:42:19 2016 CEST <peter@Independence>
# name: x
# type: matrix
# rows: 1
# columns: 100
 60 60.60606060606061 61.21212121212122 61.81818181818182 62.42424242424242 63.03030303030303 63.63636363636363 64.24242424242425 64.84848484848484 65.45454545454545 66.06060606060606 66.66666666666666 67.27272727272728 67.87878787878788 68.48484848484848 69.09090909090909 69.6969696969697 70.30303030303031 70.90909090909091 71.51515151515152 72.12121212121212 72.72727272727272 73.33333333333333 73.93939393939394 74.54545454545455 75.15151515151516 75.75757575757575 76.36363636363636 76.96969696969697 77.57575757575758 78.18181818181817 78.78787878787878 79.39393939393939 80 80.60606060606061 81.21212121212122 81.81818181818181 82.42424242424242 83.03030303030303 83.63636363636363 84.24242424242424 84.84848484848484 85.45454545454545 86.06060606060606 86.66666666666667 87.27272727272727 87.87878787878788 88.48484848484848 89.09090909090908 89.69696969696969 90.3030303030303 90.90909090909091 91.51515151515152 92.12121212121211 92.72727272727272 93.33333333333333 93.93939393939394 94.54545454545455 95.15151515151514 95.75757575757575 96.36363636363636 96.96969696969697 97.57575757575756 98.18181818181817 98.78787878787878 99.39393939393939 100 100.6060606060606 101.2121212121212 101.8181818181818 102.4242424242424 103.030303030303 103.6363636363636 104.2424242424242 104.8484848484848 105.4545454545455 106.060606060606 106.6666666666667 107.2727272727273 107.8787878787879 108.4848484848485 109.0909090909091 109.6969696969697 110.3030303030303 110.9090909090909 111.5151515151515 112.1212121212121 112.7272727272727 113.3333333333333 113.9393939393939 114.5454545454545 115.1515151515151 115.7575757575758 116.3636363636364 116.969696969697 117.5757575757576 118.1818181818182 118.7878787878788 119.3939393939394 120


# name: y
# type: matrix
# rows: 100
# columns: 1
 59655.75934579055
 59347.76020161786
 59046.13747944147
 58750.89117926135
 58462.02130107751
 58179.52784488997
 57903.41081069871
 57633.67019850374
 57370.30600830505
 57113.31824010265
 56862.70689389652
 56618.47196968669
 56380.61346747314
 56149.13138725587
 55924.02572903491
 55705.29649281022
 55492.94367858181
 55286.9672863497
 55087.36731611384
 54894.14376787431
 54707.29664163103
 54526.82593738406
 54352.73165513336
 54185.01379487896
 54023.67235662083
 53868.707340359
 53720.11874609345
 53577.90657382418
 53442.0708235512
 53312.6114952745
 53189.52858899409
 53072.82210470997
 52962.49204242213
 52858.53840213057
 52760.9611838353
 52669.76038753632
 52584.93601323362
 52506.48806092721
 52434.41653061708
 52368.72142230324
 52309.40273598568
 52256.46047166441
 52209.89462933943
 52169.70520901072
 52135.89221067831
 52108.45563434218
 52087.39548000233
 52072.71174765877
 52064.4044373115
 52062.47354896052
 52066.91908260581
 52077.7410382474
 52094.93941588527
 52118.51421551942
 52148.46543714986
 52184.79308077658
 52227.49714639959
 52276.57763401889
 52332.03454363447
 52393.86787524633
 52462.07762885449
 52536.66380445892
 52617.62640205964
 52704.96542165665
 52798.68086324995
 52898.77272683952
 53005.24101242539
 53118.08572000754
 53237.30684958597
 53362.90440116069
 53494.8783747317
 53633.22877029899
 53777.95558786257
 53929.05882742243
 54086.53848897857
 54250.394572531
 54420.62707807972
 54597.23600562473
 54780.22135516602
 54969.58312670358
 55165.32132023745
 55367.43593576759
 55575.92697329402
 55790.79443281674
 56012.03831433573
 56239.65861785103
 56473.6553433626
 56714.02849087046
 56960.7780603746
 57213.90405187502
 57473.40646537174
 57739.28530086474
 58011.54055835403
 58290.17223783959
 58575.18033932144
 58866.56486279958
 59164.32580827401
 59468.46317574472
 59778.97696521172
 60095.867176675


# name: QUERY
# type: sq_string
# elements: 1
# length: 2
R1


# name: DATASIZE
# type: sq_string
# elements: 1
# length: 3
250


