# Created by Octave 3.8.2, Wed May 18 17:32:55 2016 CEST <Andrea@Andreas-MacBook-Pro.local>
# name: x
# type: matrix
# rows: 1
# columns: 100
 0.008333333333333333 0.008417508417508417 0.008501683501683501 0.008585858585858586 0.00867003367003367 0.008754208754208754 0.008838383838383838 0.008922558922558922 0.009006734006734006 0.00909090909090909 0.009175084175084175 0.009259259259259259 0.009343434343434343 0.009427609427609427 0.009511784511784511 0.009595959595959595 0.009680134680134681 0.009764309764309764 0.009848484848484848 0.009932659932659932 0.01001683501683502 0.0101010101010101 0.01018518518518518 0.01026936026936027 0.01035353535353535 0.01043771043771044 0.01052188552188552 0.0106060606060606 0.01069023569023569 0.01077441077441077 0.01085858585858586 0.01094276094276094 0.01102693602693603 0.01111111111111111 0.01119528619528619 0.01127946127946128 0.01136363636363636 0.01144781144781145 0.01153198653198653 0.01161616161616162 0.0117003367003367 0.01178451178451178 0.01186868686868687 0.01195286195286195 0.01203703703703704 0.01212121212121212 0.01220538720538721 0.01228956228956229 0.01237373737373737 0.01245791245791246 0.01254208754208754 0.01262626262626263 0.01271043771043771 0.01279461279461279 0.01287878787878788 0.01296296296296296 0.01304713804713805 0.01313131313131313 0.01321548821548822 0.0132996632996633 0.01338383838383838 0.01346801346801347 0.01355218855218855 0.01363636363636364 0.01372053872053872 0.0138047138047138 0.01388888888888889 0.01397306397306397 0.01405723905723906 0.01414141414141414 0.01422558922558922 0.01430976430976431 0.01439393939393939 0.01447811447811448 0.01456228956228956 0.01464646464646465 0.01473063973063973 0.01481481481481482 0.0148989898989899 0.01498316498316498 0.01506734006734007 0.01515151515151515 0.01523569023569023 0.01531986531986532 0.0154040404040404 0.01548821548821549 0.01557239057239057 0.01565656565656565 0.01574074074074074 0.01582491582491583 0.01590909090909091 0.01599326599326599 0.01607744107744108 0.01616161616161616 0.01624579124579124 0.01632996632996633 0.01641414141414141 0.0164983164983165 0.01658249158249158 0.01666666666666667


# name: y
# type: matrix
# rows: 100
# columns: 1
 115703.8067504836
 115895.006735104
 116099.3089054793
 116316.6734838341
 116547.0518240525
 116790.3864085855
 117046.6108542382
 117315.6499268677
 117597.4195650149
 117891.8269124772
 118198.7703598212
 118518.1395948201
 118849.8156617904
 119193.6710297893
 119549.5696696232
 119917.3671396064
 120296.9106799966
 120688.039316022
 121090.5839694046
 121504.367578272
 121929.2052253388
 122364.9042742272
 122811.2645137876
 123268.078310266
 123735.1307671581
 124212.1998925755
 124699.0567739447
 125195.4657598441
 125701.1846487797
 126215.9648846872
 126739.5517589416
 127271.6846186459
 127812.097080963
 128360.5172532446
 128916.6679587073
 129480.2669673954
 130051.0272321642
 130628.6571294125
 131212.8607042846
 131803.337920058
 132399.7849114279
 133001.8942413943
 133609.3551614518
 134221.853874782
 134839.0738021404
 135460.6958501304
 136086.3986815518
 136715.85898751
 137348.7517609722
 137984.7505714509
 138623.527840501
 139264.7551177087
 139908.1033568588
 140553.2431919597
 141199.8452128125
 141847.5802398084
 142496.1195976433
 143145.1353876372
 143794.3007583534
 144443.2901742119
 145091.7796817968
 145739.4471735619
 146385.9726486415
 147031.038470481
 147674.3296210036
 148315.5339510388
 148954.3424267412
 149590.4493717376
 150223.5527047428
 150853.3541723974
 151479.5595770826
 152101.8789994783
 152720.0270156371
 153333.7229083566
 153942.6908726388
 154546.6602150358
 155145.3655466898
 155738.5469698846
 156325.9502579339
 156907.327028244
 157482.4349083962
 158051.0376951044
 158612.9055059147
 159167.8149235228
 159715.5491325959
 160255.898048997
 160788.6584413172
 161313.6340446367
 161830.6356664417
 162339.4812846369
 162839.9961376042
 163332.012806268
 163815.3712881389
 164289.9190633169
 164755.5111524479
 165212.0101666355
 165659.2863493215
 166097.2176101595
 166525.6895509142
 166944.5954834317


# name: QUERY
# type: sq_string
# elements: 1
# length: 2
R4


# name: DATASIZE
# type: sq_string
# elements: 1
# length: 3
250


