# Created by Octave 3.8.2, Wed May 18 17:32:55 2016 CEST <Andrea@Andreas-MacBook-Pro.local>
# name: x
# type: matrix
# rows: 1
# columns: 100
 0.008333333333333333 0.008417508417508417 0.008501683501683501 0.008585858585858586 0.00867003367003367 0.008754208754208754 0.008838383838383838 0.008922558922558922 0.009006734006734006 0.00909090909090909 0.009175084175084175 0.009259259259259259 0.009343434343434343 0.009427609427609427 0.009511784511784511 0.009595959595959595 0.009680134680134681 0.009764309764309764 0.009848484848484848 0.009932659932659932 0.01001683501683502 0.0101010101010101 0.01018518518518518 0.01026936026936027 0.01035353535353535 0.01043771043771044 0.01052188552188552 0.0106060606060606 0.01069023569023569 0.01077441077441077 0.01085858585858586 0.01094276094276094 0.01102693602693603 0.01111111111111111 0.01119528619528619 0.01127946127946128 0.01136363636363636 0.01144781144781145 0.01153198653198653 0.01161616161616162 0.0117003367003367 0.01178451178451178 0.01186868686868687 0.01195286195286195 0.01203703703703704 0.01212121212121212 0.01220538720538721 0.01228956228956229 0.01237373737373737 0.01245791245791246 0.01254208754208754 0.01262626262626263 0.01271043771043771 0.01279461279461279 0.01287878787878788 0.01296296296296296 0.01304713804713805 0.01313131313131313 0.01321548821548822 0.0132996632996633 0.01338383838383838 0.01346801346801347 0.01355218855218855 0.01363636363636364 0.01372053872053872 0.0138047138047138 0.01388888888888889 0.01397306397306397 0.01405723905723906 0.01414141414141414 0.01422558922558922 0.01430976430976431 0.01439393939393939 0.01447811447811448 0.01456228956228956 0.01464646464646465 0.01473063973063973 0.01481481481481482 0.0148989898989899 0.01498316498316498 0.01506734006734007 0.01515151515151515 0.01523569023569023 0.01531986531986532 0.0154040404040404 0.01548821548821549 0.01557239057239057 0.01565656565656565 0.01574074074074074 0.01582491582491583 0.01590909090909091 0.01599326599326599 0.01607744107744108 0.01616161616161616 0.01624579124579124 0.01632996632996633 0.01641414141414141 0.0164983164983165 0.01658249158249158 0.01666666666666667


# name: y
# type: matrix
# rows: 100
# columns: 1
 118877.2690029646
 119431.4843854813
 119985.699767998
 120539.9151505147
 121094.1305330313
 121648.345915548
 122202.5612980647
 122756.7766805814
 123310.9920630981
 123865.2074456148
 124419.4228281315
 124973.6382106482
 125527.8535931649
 126082.0689756816
 126636.2843581983
 127190.4997407149
 127744.7151232316
 128298.9305057483
 128853.145888265
 129407.3612707817
 129961.5766532984
 130515.7920358151
 131070.0074183318
 131624.2228008485
 132178.4381833652
 132732.6535658819
 133286.8689483985
 133841.0843309152
 134395.2997134319
 134949.5150959486
 135503.7304784653
 136057.945860982
 136612.1612434987
 137166.3766260154
 137720.5920085321
 138274.8073910488
 138829.0227735655
 139383.2381560821
 139937.4535385988
 140491.6689211155
 141045.8843036322
 141600.0996861489
 142154.3150686656
 142708.5304511823
 143262.745833699
 143816.9612162157
 144371.1765987324
 144925.3919812491
 145479.6073637657
 146033.8227462824
 146588.0381287991
 147142.2535113158
 147696.4688938325
 148250.6842763492
 148804.8996588659
 149359.1150413826
 149913.3304238993
 150467.545806416
 151021.7611889326
 151575.9765714493
 152130.191953966
 152684.4073364827
 153238.6227189994
 153792.8381015161
 154347.0534840328
 154901.2688665495
 155455.4842490662
 156009.6996315829
 156563.9150140996
 157118.1303966162
 157672.3457791329
 158226.5611616496
 158780.7765441663
 159334.991926683
 159889.2073091997
 160443.4226917164
 160997.6380742331
 161551.8534567498
 162106.0688392665
 162660.2842217832
 163214.4996042998
 163768.7149868165
 164322.9303693332
 164877.1457518499
 165431.3611343666
 165985.5765168833
 166539.7918994
 167094.0072819167
 167648.2226644334
 168202.4380469501
 168756.6534294668
 169310.8688119834
 169865.0841945001
 170419.2995770168
 170973.5149595335
 171527.7303420502
 172081.9457245669
 172636.1611070836
 173190.3764896003
 173744.591872117


# name: QUERY
# type: sq_string
# elements: 1
# length: 2
R4


# name: DATASIZE
# type: sq_string
# elements: 1
# length: 3
250


