# Created by Octave 3.8.2, Wed May 18 17:32:55 2016 CEST <Andrea@Andreas-MacBook-Pro.local>
# name: x
# type: matrix
# rows: 1
# columns: 100
 0.008333333333333333 0.008417508417508417 0.008501683501683501 0.008585858585858586 0.00867003367003367 0.008754208754208754 0.008838383838383838 0.008922558922558922 0.009006734006734006 0.00909090909090909 0.009175084175084175 0.009259259259259259 0.009343434343434343 0.009427609427609427 0.009511784511784511 0.009595959595959595 0.009680134680134681 0.009764309764309764 0.009848484848484848 0.009932659932659932 0.01001683501683502 0.0101010101010101 0.01018518518518518 0.01026936026936027 0.01035353535353535 0.01043771043771044 0.01052188552188552 0.0106060606060606 0.01069023569023569 0.01077441077441077 0.01085858585858586 0.01094276094276094 0.01102693602693603 0.01111111111111111 0.01119528619528619 0.01127946127946128 0.01136363636363636 0.01144781144781145 0.01153198653198653 0.01161616161616162 0.0117003367003367 0.01178451178451178 0.01186868686868687 0.01195286195286195 0.01203703703703704 0.01212121212121212 0.01220538720538721 0.01228956228956229 0.01237373737373737 0.01245791245791246 0.01254208754208754 0.01262626262626263 0.01271043771043771 0.01279461279461279 0.01287878787878788 0.01296296296296296 0.01304713804713805 0.01313131313131313 0.01321548821548822 0.0132996632996633 0.01338383838383838 0.01346801346801347 0.01355218855218855 0.01363636363636364 0.01372053872053872 0.0138047138047138 0.01388888888888889 0.01397306397306397 0.01405723905723906 0.01414141414141414 0.01422558922558922 0.01430976430976431 0.01439393939393939 0.01447811447811448 0.01456228956228956 0.01464646464646465 0.01473063973063973 0.01481481481481482 0.0148989898989899 0.01498316498316498 0.01506734006734007 0.01515151515151515 0.01523569023569023 0.01531986531986532 0.0154040404040404 0.01548821548821549 0.01557239057239057 0.01565656565656565 0.01574074074074074 0.01582491582491583 0.01590909090909091 0.01599326599326599 0.01607744107744108 0.01616161616161616 0.01624579124579124 0.01632996632996633 0.01641414141414141 0.0164983164983165 0.01658249158249158 0.01666666666666667


# name: y
# type: matrix
# rows: 1
# columns: 100
 121546.951542968 122035.1828228674 122523.4141027667 123011.6453826661 123499.8766625655 123988.1079424648 124476.3392223642 124964.5705022635 125452.8017821629 125941.0330620623 126429.2643419616 126917.495621861 127405.7269017603 127893.9581816597 128382.1894615591 128870.4207414584 129358.6520213578 129846.8833012571 130335.1145811565 130823.3458610559 131311.5771409552 131799.8084208546 132288.0397007539 132776.2709806533 133264.5022605527 133752.733540452 134240.9648203514 134729.1961002507 135217.4273801501 135705.6586600495 136193.8899399488 136682.1212198482 137170.3524997475 137658.5837796469 138146.8150595463 138635.0463394456 139123.277619345 139611.5088992443 140099.7401791437 140587.9714590431 141076.2027389424 141564.4340188418 142052.6652987411 142540.8965786405 143029.1278585399 143517.3591384392 144005.5904183386 144493.8216982379 144982.0529781373 145470.2842580367 145958.515537936 146446.7468178354 146934.9780977347 147423.2093776341 147911.4406575335 148399.6719374328 148887.9032173322 149376.1344972315 149864.3657771309 150352.5970570302 150840.8283369296 151329.059616829 151817.2908967283 152305.5221766277 152793.753456527 153281.9847364264 153770.2160163258 154258.4472962251 154746.6785761245 155234.9098560238 155723.1411359232 156211.3724158226 156699.6036957219 157187.8349756213 157676.0662555207 158164.29753542 158652.5288153194 159140.7600952187 159628.9913751181 160117.2226550175 160605.4539349168 161093.6852148162 161581.9164947156 162070.1477746149 162558.3790545143 163046.6103344136 163534.841614313 164023.0728942123 164511.3041741117 164999.5354540111 165487.7667339104 165975.9980138098 166464.2292937092 166952.4605736085 167440.6918535079 167928.9231334072 168417.1544133066 168905.385693206 169393.6169731053 169881.8482530047


# name: QUERY
# type: sq_string
# elements: 1
# length: 2
R4


# name: DATASIZE
# type: sq_string
# elements: 1
# length: 3
250


