# Created by Octave 3.8.2, Wed May 18 17:32:49 2016 CEST <Andrea@Andreas-MacBook-Pro.local>
# name: SVs
# type: cell
# rows: 1
# columns: 7
# name: <cell-element>
# type: sparse matrix
# nnz: 49
# rows: 7
# columns: 7
1 1 -0.2135170992173595
2 1 0.2862443809116628
3 1 -0.6616686250892447
4 1 2.60487501817387
5 1 -1.047827128983622
6 1 1.337682679771561
7 1 -0.855740376156763
1 2 -0.4908856497129545
2 2 1.338352252550282
3 2 -0.5614008107787694
4 2 1.758751079507294
5 2 -0.8463425165457229
6 2 1.70278291750931
7 2 -0.8834184719621091
1 3 2.06128006832328
2 3 -0.3523787093718366
3 3 -0.391059138501566
4 3 -0.7469190864950769
5 3 0.2355638134000509
6 3 1.094269340080045
7 3 -1.327125523441019
1 4 1.850964146068256
2 4 -0.0649579908858572
3 4 -1.765221681755412
4 4 -1.58394356765535
5 4 -0.9182153210464981
6 4 0.6914093127730259
7 4 -0.9994779239189401
1 5 -0.3540296858295167
2 5 0.838855998193253
3 5 2.147854596815123
4 5 1.027822147100511
5 5 -1.318818873772766
6 5 -1.218830021827562
7 5 -0.04432970192844324
1 6 -0.9222534090556983
2 6 0.180524220199104
3 6 1.392957194726753
4 6 1.724172302735481
5 6 -0.6944956217956889
6 6 -0.131599926195225
7 6 -0.1413023190156938
1 7 -1.117377953905817
2 7 -0.5831733544289314
3 7 0.2181335447863965
4 7 0.2181335447863965
5 7 1.553645043478609
6 7 1.553645043478609
7 7 0.2181335447863965



# name: <cell-element>
# type: sparse matrix
# nnz: 119
# rows: 17
# columns: 7
1 1 1.122234024573868
2 1 -0.1292310200755262
3 1 -0.7218293409984518
4 1 -0.3642242733350939
5 1 -0.3784246453644246
6 1 -0.2733724307818498
7 1 -0.6616686250892447
8 1 2.60487501817387
9 1 -0.5274522055862167
10 1 -0.3402516022748261
11 1 1.337682679771561
12 1 0.08102610126198179
13 1 0.7711947203219209
14 1 -0.2800908863656191
15 1 -0.03578341059218932
16 1 -0.7022847429365774
17 1 -0.381325796639234
1 2 1.371838688716165
2 2 -0.6641271840662091
3 2 -0.745080289268357
4 2 -0.6401340817075795
5 2 -0.7836203906948171
6 2 -0.7081460254013326
7 2 -0.5614008107787694
8 2 1.758751079507294
9 2 0.2155884154059067
10 2 -0.7892880526692966
11 2 1.70278291750931
12 2 0.4116895197228951
13 2 1.451752722556325
14 2 -0.4492755647169847
15 2 0.7228913926382698
16 2 -0.7493782662656706
17 2 -0.7486698085188607
1 3 -0.5689891124983215
2 3 0.003481238621674243
3 3 -0.9944738329253453
4 3 1.365032343988151
5 3 2.239210042320036
6 3 1.465601459725447
7 3 -0.391059138501566
8 3 -0.7469190864950769
9 3 -0.2518095936345401
10 3 1.66673969120004
11 3 1.094269340080045
12 3 -0.878432545536157
13 3 -0.6618221424096722
14 3 0.784825907042209
15 3 -2.371497109943713
16 3 -0.3833230526756202
17 3 -0.1744487353750812
1 4 0.03505752034176371
2 4 -0.346251616213541
3 4 -0.00244829636859413
4 4 1.275874956509436
5 4 0.7726719156454679
6 4 0.9289461519386255
7 4 -1.765221681755412
8 4 -1.58394356765535
9 4 0.2663433900556371
10 4 0.6695309196919839
11 4 0.6914093127730259
12 4 -1.424543846636329
13 4 -0.1712244715652044
14 4 -0.490023913603246
15 4 -0.6650510582515826
16 4 0.5007547444953736
17 4 -1.655829716350202
1 5 0.394854370479841
2 5 0.16587301730346
3 5 1.363969526452184
4 5 -0.3514734319941428
5 5 -1.245277417278161
6 5 -0.8624292467033107
7 5 2.147854596815123
8 5 1.027822147100511
9 5 -0.2742942296568911
10 5 -1.183140785587533
11 5 -1.218830021827562
12 5 1.715061158995274
13 5 0.202643745550762
14 5 -0.3922751759049191
15 5 0.05585578492717386
16 5 -1.358342490765855
17 5 1.844250295136865
1 6 0.8502769968357832
2 6 -0.6917758135656923
3 6 0.7256104022935321
4 6 -0.9400890745639456
5 6 -1.372983167171011
6 6 -1.201739856690067
7 6 1.392957194726753
8 6 1.724172302735481
9 6 0.5886262147096616
10 6 -1.333258275811733
11 6 -0.131599926195225
12 6 1.50211565195758
13 6 1.579264058481524
14 6 0.5786884538692891
15 6 1.076125687934353
16 6 -1.060309828730241
17 6 0.0547592415639697
1 7 0.2181335447863965
2 7 -1.117377953905817
3 7 0.2181335447863965
4 7 -1.117377953905817
5 7 -1.117377953905817
6 7 -1.117377953905817
7 7 0.2181335447863965
8 7 0.2181335447863965
9 7 1.553645043478609
10 7 -1.117377953905817
11 7 1.553645043478609
12 7 0.2181335447863965
13 7 1.553645043478609
14 7 1.553645043478609
15 7 1.553645043478609
16 7 0.2181335447863965
17 7 -1.117377953905817



