# Created by Octave 3.8.2, Wed May 18 17:32:55 2016 CEST <Andrea@Andreas-MacBook-Pro.local>
# name: x
# type: matrix
# rows: 1
# columns: 100
 0.008333333333333333 0.008417508417508417 0.008501683501683501 0.008585858585858586 0.00867003367003367 0.008754208754208754 0.008838383838383838 0.008922558922558922 0.009006734006734006 0.00909090909090909 0.009175084175084175 0.009259259259259259 0.009343434343434343 0.009427609427609427 0.009511784511784511 0.009595959595959595 0.009680134680134681 0.009764309764309764 0.009848484848484848 0.009932659932659932 0.01001683501683502 0.0101010101010101 0.01018518518518518 0.01026936026936027 0.01035353535353535 0.01043771043771044 0.01052188552188552 0.0106060606060606 0.01069023569023569 0.01077441077441077 0.01085858585858586 0.01094276094276094 0.01102693602693603 0.01111111111111111 0.01119528619528619 0.01127946127946128 0.01136363636363636 0.01144781144781145 0.01153198653198653 0.01161616161616162 0.0117003367003367 0.01178451178451178 0.01186868686868687 0.01195286195286195 0.01203703703703704 0.01212121212121212 0.01220538720538721 0.01228956228956229 0.01237373737373737 0.01245791245791246 0.01254208754208754 0.01262626262626263 0.01271043771043771 0.01279461279461279 0.01287878787878788 0.01296296296296296 0.01304713804713805 0.01313131313131313 0.01321548821548822 0.0132996632996633 0.01338383838383838 0.01346801346801347 0.01355218855218855 0.01363636363636364 0.01372053872053872 0.0138047138047138 0.01388888888888889 0.01397306397306397 0.01405723905723906 0.01414141414141414 0.01422558922558922 0.01430976430976431 0.01439393939393939 0.01447811447811448 0.01456228956228956 0.01464646464646465 0.01473063973063973 0.01481481481481482 0.0148989898989899 0.01498316498316498 0.01506734006734007 0.01515151515151515 0.01523569023569023 0.01531986531986532 0.0154040404040404 0.01548821548821549 0.01557239057239057 0.01565656565656565 0.01574074074074074 0.01582491582491583 0.01590909090909091 0.01599326599326599 0.01607744107744108 0.01616161616161616 0.01624579124579124 0.01632996632996633 0.01641414141414141 0.0164983164983165 0.01658249158249158 0.01666666666666667


# name: y
# type: matrix
# rows: 100
# columns: 1
 135575.8400787125
 135574.9975718614
 135574.2530931297
 135573.5972973451
 135573.0215240541
 135572.5177632251
 135572.0786218347
 135571.6972913338
 135571.3675159957
 135571.0835621458
 135570.8401882713
 135570.6326160138
 135570.4565020422
 135570.3079108073
 135570.1832881774
 135570.0794359555
 135569.9934872779
 135569.9228828935
 135569.8653483252
 135569.8188719119
 135569.7816837323
 135569.7522354097
 135569.7291807983
 135569.7113575509
 135569.6977695672
 135569.6875703244
 135569.6800470887
 135569.6746060077
 135569.6707580845
 135569.6681060332
 135569.6663320157
 135569.6651862593
 135569.664476556
 135569.6640586434
 135569.6638274663
 135569.6637093198
 135569.6636548743
 135569.6636330803
 135569.6636259566
 135569.6636242579
 135569.6636240249
 135569.6636240151
 135569.6636240151
 135569.6636240345
 135569.6636243803
 135569.6636266136
 135569.6636353869
 135569.6636611628
 135569.6637238145
 135569.6638571068
 135569.6641140591
 135569.6645731894
 135569.6653456396
 135569.6665831822
 135569.6684871082
 135569.6713179963
 135569.6754063636
 135569.6811641975
 135569.6890973685
 135569.6998189252
 135569.7140632696
 135569.7327012145
 135569.7567559217
 135569.787419722
 135569.8260718156
 135569.874296855
 135569.9339044082
 135570.0069493038
 135570.0957528573
 135570.2029249783
 135570.3313871594
 135570.4843963467
 135570.6655696906
 135570.8789101792
 135571.1288331518
 135571.4201936944
 135571.7583149163
 135572.1490171085
 135572.598647782
 135573.1141125895
 135573.7029071261
 135574.3731496134
 135575.1336144636
 135575.9937667251
 135576.9637974097
 135578.0546597012
 135579.2781060447
 135580.6467261181
 135582.1739856836
 135583.8742663221
 135585.7629060477
 135587.8562408038
 135590.171646841
 135592.7275839755
 135595.5436397294
 135598.6405743521
 135602.0403667231
 135605.766261136
 135609.8428149635
 135614.2959472046


# name: QUERY
# type: sq_string
# elements: 1
# length: 2
R4


# name: DATASIZE
# type: sq_string
# elements: 1
# length: 3
250


