# Created by Octave 3.8.2, Wed May 18 17:32:55 2016 CEST <Andrea@Andreas-MacBook-Pro.local>
# name: x
# type: matrix
# rows: 1
# columns: 100
 0.008333333333333333 0.008417508417508417 0.008501683501683501 0.008585858585858586 0.00867003367003367 0.008754208754208754 0.008838383838383838 0.008922558922558922 0.009006734006734006 0.00909090909090909 0.009175084175084175 0.009259259259259259 0.009343434343434343 0.009427609427609427 0.009511784511784511 0.009595959595959595 0.009680134680134681 0.009764309764309764 0.009848484848484848 0.009932659932659932 0.01001683501683502 0.0101010101010101 0.01018518518518518 0.01026936026936027 0.01035353535353535 0.01043771043771044 0.01052188552188552 0.0106060606060606 0.01069023569023569 0.01077441077441077 0.01085858585858586 0.01094276094276094 0.01102693602693603 0.01111111111111111 0.01119528619528619 0.01127946127946128 0.01136363636363636 0.01144781144781145 0.01153198653198653 0.01161616161616162 0.0117003367003367 0.01178451178451178 0.01186868686868687 0.01195286195286195 0.01203703703703704 0.01212121212121212 0.01220538720538721 0.01228956228956229 0.01237373737373737 0.01245791245791246 0.01254208754208754 0.01262626262626263 0.01271043771043771 0.01279461279461279 0.01287878787878788 0.01296296296296296 0.01304713804713805 0.01313131313131313 0.01321548821548822 0.0132996632996633 0.01338383838383838 0.01346801346801347 0.01355218855218855 0.01363636363636364 0.01372053872053872 0.0138047138047138 0.01388888888888889 0.01397306397306397 0.01405723905723906 0.01414141414141414 0.01422558922558922 0.01430976430976431 0.01439393939393939 0.01447811447811448 0.01456228956228956 0.01464646464646465 0.01473063973063973 0.01481481481481482 0.0148989898989899 0.01498316498316498 0.01506734006734007 0.01515151515151515 0.01523569023569023 0.01531986531986532 0.0154040404040404 0.01548821548821549 0.01557239057239057 0.01565656565656565 0.01574074074074074 0.01582491582491583 0.01590909090909091 0.01599326599326599 0.01607744107744108 0.01616161616161616 0.01624579124579124 0.01632996632996633 0.01641414141414141 0.0164983164983165 0.01658249158249158 0.01666666666666667


# name: y
# type: matrix
# rows: 100
# columns: 1
 118143.4117042125
 117872.1559177369
 117607.5298706351
 117349.533562907
 117098.1669945526
 116853.4301655719
 116615.3230759649
 116383.8457257317
 116158.9981148722
 115940.7802433864
 115729.1921112743
 115524.2337185359
 115325.9050651712
 115134.2061511802
 114949.136976563
 114770.6975413194
 114598.8878454496
 114433.7078889535
 114275.1576718311
 114123.2371940825
 113977.9464557075
 113839.2854567063
 113707.2541970787
 113581.8526768249
 113463.0808959448
 113350.9388544384
 113245.4265523058
 113146.5439895468
 113054.2911661616
 112968.66808215
 112889.6747375122
 112817.3111322481
 112751.5772663578
 112692.4731398411
 112639.9987526981
 112594.1541049289
 112554.9391965334
 112522.3540275116
 112496.3985978635
 112477.0729075891
 112464.3769566884
 112458.3107451615
 112458.8742730083
 112466.0675402287
 112479.8905468229
 112500.3432927908
 112527.4257781325
 112561.1380028478
 112601.4799669369
 112648.4516703996
 112702.0531132361
 112762.2842954463
 112829.1452170302
 112902.6358779879
 112982.7562783192
 113069.5064180243
 113162.886297103
 113262.8959155555
 113369.5352733817
 113482.8043705816
 113602.7032071553
 113729.2317831026
 113862.3900984237
 114002.1781531185
 114148.5959471869
 114301.6434806291
 114461.3207534451
 114627.6277656347
 114800.564517198
 114980.1310081351
 115166.3272384459
 115359.1532081304
 115558.6089171886
 115764.6943656205
 115977.4095534261
 116196.7544806055
 116422.7291471586
 116655.3335530854
 116894.5676983858
 117140.4315830601
 117392.925207108
 117652.0485705296
 117917.801673325
 118190.1845154941
 118469.1970970368
 118754.8394179533
 119047.1114782435
 119346.0132779074
 119651.5448169451
 119963.7060953565
 120282.4971131415
 120607.9178703003
 120939.9683668329
 121278.6486027391
 121623.958578019
 121975.8982926726
 122334.4677467
 122699.6669401011
 123071.4958728759
 123449.9545450244


# name: QUERY
# type: sq_string
# elements: 1
# length: 2
R4


# name: DATASIZE
# type: sq_string
# elements: 1
# length: 3
250


