# Created by Octave 3.8.2, Wed May 18 17:32:55 2016 CEST <Andrea@Andreas-MacBook-Pro.local>
# name: x
# type: matrix
# rows: 1
# columns: 100
 0.008333333333333333 0.008417508417508417 0.008501683501683501 0.008585858585858586 0.00867003367003367 0.008754208754208754 0.008838383838383838 0.008922558922558922 0.009006734006734006 0.00909090909090909 0.009175084175084175 0.009259259259259259 0.009343434343434343 0.009427609427609427 0.009511784511784511 0.009595959595959595 0.009680134680134681 0.009764309764309764 0.009848484848484848 0.009932659932659932 0.01001683501683502 0.0101010101010101 0.01018518518518518 0.01026936026936027 0.01035353535353535 0.01043771043771044 0.01052188552188552 0.0106060606060606 0.01069023569023569 0.01077441077441077 0.01085858585858586 0.01094276094276094 0.01102693602693603 0.01111111111111111 0.01119528619528619 0.01127946127946128 0.01136363636363636 0.01144781144781145 0.01153198653198653 0.01161616161616162 0.0117003367003367 0.01178451178451178 0.01186868686868687 0.01195286195286195 0.01203703703703704 0.01212121212121212 0.01220538720538721 0.01228956228956229 0.01237373737373737 0.01245791245791246 0.01254208754208754 0.01262626262626263 0.01271043771043771 0.01279461279461279 0.01287878787878788 0.01296296296296296 0.01304713804713805 0.01313131313131313 0.01321548821548822 0.0132996632996633 0.01338383838383838 0.01346801346801347 0.01355218855218855 0.01363636363636364 0.01372053872053872 0.0138047138047138 0.01388888888888889 0.01397306397306397 0.01405723905723906 0.01414141414141414 0.01422558922558922 0.01430976430976431 0.01439393939393939 0.01447811447811448 0.01456228956228956 0.01464646464646465 0.01473063973063973 0.01481481481481482 0.0148989898989899 0.01498316498316498 0.01506734006734007 0.01515151515151515 0.01523569023569023 0.01531986531986532 0.0154040404040404 0.01548821548821549 0.01557239057239057 0.01565656565656565 0.01574074074074074 0.01582491582491583 0.01590909090909091 0.01599326599326599 0.01607744107744108 0.01616161616161616 0.01624579124579124 0.01632996632996633 0.01641414141414141 0.0164983164983165 0.01658249158249158 0.01666666666666667


# name: y
# type: matrix
# rows: 100
# columns: 1
 133241.5027554327
 133200.4467584439
 133162.3278349714
 133127.0024521123
 133094.330672928
 133064.1761564438
 133036.4061576489
 133010.8915274965
 132987.5067129041
 132966.1297567527
 132946.6422978876
 132928.929571118
 132912.8804072173
 132898.3872329225
 132885.3460709348
 132873.6565399196
 132863.2218545059
 132853.9488252869
 132845.7478588198
 132838.5329576257
 132832.2217201898
 132826.7353409612
 132821.998610353
 132817.9399147425
 132814.4912364706
 132811.5881538424
 132809.1698411272
 132807.1790685579
 132805.5622023316
 132804.2692046094
 132803.2536335163
 132802.4726431414
 132801.8869835378
 132801.4610007224
 132801.1626366763
 132800.9634293445
 132800.838512636
 132800.7666164238
 132800.7300665448
 132800.7147848001
 132800.7102889545
 132800.7096927372
 132800.709705841
 132800.7106339228
 132800.7163786036
 132800.7344374683
 132800.7759040658
 132800.8554679091
 132800.991414475
 132801.2056252043
 132801.5235775021
 132801.9743447371
 132802.5905962422
 132803.4085973142
 132804.4682092141
 132805.8128891665
 132807.4896903604
 132809.5492619486
 132812.0458490479
 132815.037292739
 132818.5850300667
 132822.7540940399
 132827.6131136313
 132833.2343137776
 132839.6935153796
 132847.0701353021
 132855.4471863738
 132864.9112773873
 132875.5526130995
 132887.464994231
 132900.7458174665
 132915.4960754548
 132931.8203568084
 132949.826846104
 132969.6273238824
 132991.3371666482
 133015.07534687
 133040.9644329804
 133069.1305893761
 133099.7035764177
 133132.8167504298
 133168.6070637009
 133207.2150644838
 133248.7848969949
 133293.4643014149
 133341.4046138882
 133392.7607665235
 133447.6912873933
 133506.3583005342
 133568.9275259466
 133635.568279595
 133706.4534734081
 133781.7596152782
 133861.6668090619
 133946.3587545796
 134036.0227476159
 134130.8496799192
 134231.0340392019
 134336.7739091405
 134448.2709693754


# name: QUERY
# type: sq_string
# elements: 1
# length: 2
R4


# name: DATASIZE
# type: sq_string
# elements: 1
# length: 3
250


