# Created by Octave 3.8.2, Wed May 18 17:32:55 2016 CEST <Andrea@Andreas-MacBook-Pro.local>
# name: x
# type: matrix
# rows: 1
# columns: 100
 0.008333333333333333 0.008417508417508417 0.008501683501683501 0.008585858585858586 0.00867003367003367 0.008754208754208754 0.008838383838383838 0.008922558922558922 0.009006734006734006 0.00909090909090909 0.009175084175084175 0.009259259259259259 0.009343434343434343 0.009427609427609427 0.009511784511784511 0.009595959595959595 0.009680134680134681 0.009764309764309764 0.009848484848484848 0.009932659932659932 0.01001683501683502 0.0101010101010101 0.01018518518518518 0.01026936026936027 0.01035353535353535 0.01043771043771044 0.01052188552188552 0.0106060606060606 0.01069023569023569 0.01077441077441077 0.01085858585858586 0.01094276094276094 0.01102693602693603 0.01111111111111111 0.01119528619528619 0.01127946127946128 0.01136363636363636 0.01144781144781145 0.01153198653198653 0.01161616161616162 0.0117003367003367 0.01178451178451178 0.01186868686868687 0.01195286195286195 0.01203703703703704 0.01212121212121212 0.01220538720538721 0.01228956228956229 0.01237373737373737 0.01245791245791246 0.01254208754208754 0.01262626262626263 0.01271043771043771 0.01279461279461279 0.01287878787878788 0.01296296296296296 0.01304713804713805 0.01313131313131313 0.01321548821548822 0.0132996632996633 0.01338383838383838 0.01346801346801347 0.01355218855218855 0.01363636363636364 0.01372053872053872 0.0138047138047138 0.01388888888888889 0.01397306397306397 0.01405723905723906 0.01414141414141414 0.01422558922558922 0.01430976430976431 0.01439393939393939 0.01447811447811448 0.01456228956228956 0.01464646464646465 0.01473063973063973 0.01481481481481482 0.0148989898989899 0.01498316498316498 0.01506734006734007 0.01515151515151515 0.01523569023569023 0.01531986531986532 0.0154040404040404 0.01548821548821549 0.01557239057239057 0.01565656565656565 0.01574074074074074 0.01582491582491583 0.01590909090909091 0.01599326599326599 0.01607744107744108 0.01616161616161616 0.01624579124579124 0.01632996632996633 0.01641414141414141 0.0164983164983165 0.01658249158249158 0.01666666666666667


# name: y
# type: matrix
# rows: 100
# columns: 1
 122963.0191213298
 123405.0930183278
 123825.8226740663
 124225.7362152623
 124605.3617686325
 124965.2274608937
 125305.8614187627
 125627.7917689563
 125931.5466381914
 126217.6541531847
 126486.6424406529
 126739.039627313
 126975.3738398817
 127196.1732050758
 127401.9658496121
 127593.2799002073
 127770.6434835784
 127934.5847264421
 128085.6317555151
 128224.3126975144
 128351.1556791566
 128466.6888271586
 128571.4402682372
 128665.9381291091
 128750.7105364913
 128826.2856171004
 128893.1914976532
 128951.9563048667
 129003.1081654575
 129047.1752061424
 129084.6855536383
 129116.167334662
 129142.1486759302
 129163.1577041598
 129179.7225460676
 129192.3713283702
 129201.6321777846
 129208.0332210276
 129212.1025848159
 129214.3683958663
 129215.3587808957
 129215.6018666208
 129215.6257797584
 129215.9586470254
 129217.1285951385
 129219.6637508145
 129224.0922407702
 129230.9421917225
 129240.741730388
 129254.0189834837
 129271.3020777262
 129293.1191398325
 129319.9982965193
 129352.4676745034
 129391.0554005016
 129436.2896012307
 129488.6984034074
 129548.8099337487
 129617.1523189713
 129694.2536857919
 129780.6421609275
 129876.8458710947
 129983.3929430104
 130100.8115033913
 130229.6296789544
 130370.3755964163
 130523.5773824939
 130689.7631639039
 130869.4610673633
 131063.1992195886
 131271.5057472969
 131494.9087772048
 131733.9364360291
 131989.1168504867
 132260.9781472944
 132550.0484531689
 132856.855894827
 133181.9285989856
 133525.7946923615
 133888.9823016713
 134272.019553632
 134675.4345749604
 135099.7554923731
 135545.5104325871
 136013.2275223192
 136503.434888286
 137016.6606572045
 137553.4329557913
 138114.2799107634
 138699.7296488375
 139310.3102967304
 139946.549981159
 140608.9768288399
 141298.11896649
 142014.5045208262
 142758.6616185651
 143531.1183864236
 144332.4029511186
 145163.0434393667
 146023.5679778848


# name: QUERY
# type: sq_string
# elements: 1
# length: 2
R4


# name: DATASIZE
# type: sq_string
# elements: 1
# length: 3
250


