# Created by Octave 4.0.0, Wed May 11 23:37:24 2016 CEST <peter@Independence>
# name: mu
# type: matrix
# rows: 1
# columns: 9
 293645.7608453837 33382.88431590657 63375.92046718576 3338.972747497219 5197.814794215796 31502.11457174638 201803.9933259177 556.4516129032259 88.39822024471636


