# Created by Octave 4.0.0, Wed May 11 23:40:06 2016 CEST <peter@Independence>
# name: y
# type: matrix
# rows: 1
# columns: 100
 296513.5863349013 296452.3826383571 296391.1789418129 296329.9752452687 296268.7715487245 296207.5678521803 296146.3641556361 296085.1604590919 296023.9567625477 295962.7530660035 295901.5493694593 295840.345672915 295779.1419763709 295717.9382798267 295656.7345832824 295595.5308867383 295534.327190194 295473.1234936498 295411.9197971057 295350.7161005614 295289.5124040173 295228.308707473 295167.1050109288 295105.9013143847 295044.6976178404 294983.4939212962 294922.290224752 294861.0865282078 294799.8828316636 294738.6791351194 294677.4754385752 294616.271742031 294555.0680454868 294493.8643489426 294432.6606523984 294371.4569558542 294310.25325931 294249.0495627658 294187.8458662216 294126.6421696774 294065.4384731332 294004.234776589 293943.0310800447 293881.8273835006 293820.6236869564 293759.4199904122 293698.216293868 293637.0125973237 293575.8089007796 293514.6052042354 293453.4015076911 293392.197811147 293330.9941146027 293269.7904180585 293208.5867215144 293147.3830249701 293086.1793284259 293024.9756318817 292963.7719353375 292902.5682387933 292841.3645422491 292780.1608457049 292718.9571491607 292657.7534526165 292596.5497560723 292535.3460595281 292474.1423629839 292412.9386664397 292351.7349698955 292290.5312733513 292229.3275768071 292168.1238802629 292106.9201837187 292045.7164871745 291984.5127906303 291923.3090940861 291862.1053975419 291800.9017009977 291739.6980044534 291678.4943079093 291617.2906113651 291556.0869148208 291494.8832182767 291433.6795217324 291372.4758251882 291311.2721286441 291250.0684320998 291188.8647355557 291127.6610390114 291066.4573424672 291005.253645923 290944.0499493788 290882.8462528346 290821.6425562904 290760.4388597462 290699.235163202 290638.0314666578 290576.8277701136 290515.6240735694 290454.4203770252


