# Created by Octave 4.0.0, Wed May 11 23:37:24 2016 CEST <peter@Independence>
# name: sigma
# type: matrix
# rows: 1
# columns: 9
 320815.3095393132 21880.26462355121 59223.09959720731 2375.93856493921 3639.049841233549 57996.08298267703 242102.478012764 271.5607124177544 20.91383167202486


