# Created by Octave 4.0.0, Wed May 11 23:40:06 2016 CEST <peter@Independence>
# name: y
# type: matrix
# rows: 100
# columns: 1
 274924.6868042818
 275481.8240168949
 276062.5838513832
 276665.2799846171
 277288.2091399911
 277929.6536782834
 278587.8842244335
 279261.1623258048
 279947.7431374034
 280645.8781293846
 281353.8178122274
 282069.8144747404
 282792.1249301436
 283519.0132653579
 284248.7535885932
 284979.6327703528
 285709.9531729145
 286438.0353633519
 287162.2208051863
 287880.8745237696
 288592.3877405126
 289295.1804711061
 289987.7040829988
 290668.4438073356
 291335.9212007472
 291988.6965523914
 292625.3712317526
 293244.5899728158
 293845.0430903252
 294425.4686239769
 294984.6544064946
 295521.4400516839
 296034.7188587418
 296523.4396291775
 296986.608392928
 297423.2900404073
 297832.6098573676
 298213.7549596576
 298565.9756252175
 298888.5865206889
 299180.9678203878
 299442.5662154916
 299672.8958115465
 299871.5389125753
 300038.1466903618
 300172.4397375974
 300274.2085039226
 300343.3136140498
 300379.6860673629
 300383.3273187065
 300354.3092402262
 300292.7739644023
 300198.933608598
 300073.0698817694
 299915.5335740707
 299726.7439304647
 299507.187909554
 299257.4193291535
 298978.0579002638
 298669.7881514137
 298333.3582454447
 297969.5786911138
 297579.320951991
 297163.5159554395
 296723.1525045049
 296259.2755958821
 295772.9846471687
 295265.4316368428
 294737.8191605721
 294191.3984075614
 293627.4670608352
 293047.3671254512
 292452.4826888008
 291844.237617221
 291224.0931932771
 290593.5456981969
 289954.1239439396
 289307.3867595602
 288654.9204365246
 287998.336137713
 287339.2672748949
 286679.3668594914
 286020.3048314706
 285363.7653712176
 284711.4441992564
 284065.0458686802
 283426.2810551082
 282796.8638490024
 282178.5090551423
 281572.9295039244
 280981.8333792499
 280406.9215675616
 279849.8850325702
 279312.402220171
 278796.1364978795
 278302.7336330617
 277833.8193141525
 277390.9967188626
 276975.844133337
 276589.9126260327


