# Created by Octave 4.0.0, Wed May 11 23:40:06 2016 CEST <peter@Independence>
# name: y
# type: matrix
# rows: 100
# columns: 1
 310301.0658614283
 309949.2014753163
 309597.3370892042
 309245.4727030923
 308893.6083169802
 308541.7439308681
 308189.8795447561
 307838.0151586441
 307486.150772532
 307134.2863864201
 306782.4220003081
 306430.557614196
 306078.693228084
 305726.8288419719
 305374.96445586
 305023.1000697479
 304671.2356836358
 304319.3712975238
 303967.5069114118
 303615.6425252997
 303263.7781391878
 302911.9137530758
 302560.0493669637
 302208.1849808517
 301856.3205947396
 301504.4562086277
 301152.5918225156
 300800.7274364036
 300448.8630502915
 300096.9986641795
 299745.1342780674
 299393.2698919555
 299041.4055058434
 298689.5411197314
 298337.6767336194
 297985.8123475073
 297633.9479613953
 297282.0835752833
 296930.2191891713
 296578.3548030593
 296226.4904169472
 295874.6260308352
 295522.7616447232
 295170.8972586112
 294819.0328724991
 294467.1684863871
 294115.304100275
 293763.439714163
 293411.575328051
 293059.710941939
 292707.846555827
 292355.9821697149
 292004.1177836029
 291652.2533974909
 291300.3890113789
 290948.5246252668
 290596.6602391548
 290244.7958530428
 289892.9314669308
 289541.0670808187
 289189.2026947067
 288837.3383085947
 288485.4739224826
 288133.6095363706
 287781.7451502586
 287429.8807641466
 287078.0163780345
 286726.1519919225
 286374.2876058105
 286022.4232196985
 285670.5588335865
 285318.6944474744
 284966.8300613624
 284614.9656752504
 284263.1012891384
 283911.2369030263
 283559.3725169143
 283207.5081308022
 282855.6437446902
 282503.7793585783
 282151.9149724662
 281800.0505863542
 281448.1862002421
 281096.3218141301
 280744.4574280181
 280392.593041906
 280040.7286557939
 279688.864269682
 279336.99988357
 278985.1354974579
 278633.2711113459
 278281.4067252339
 277929.5423391219
 277577.6779530098
 277225.8135668978
 276873.9491807858
 276522.0847946738
 276170.2204085617
 275818.3560224496
 275466.4916363376


