# Created by Octave 4.0.0, Wed May 11 23:40:06 2016 CEST <peter@Independence>
# name: y
# type: matrix
# rows: 100
# columns: 1
 337445.8330663542
 336437.7876595171
 335472.7619803027
 334549.8179021842
 333668.0172986347
 332826.4220431274
 332024.0940091354
 331260.0950701319
 330533.48709959
 329843.3319709828
 329188.6915577835
 328568.6277334653
 327982.2023715012
 327428.4773453646
 326906.5145285283
 326415.3757944658
 325954.12301665
 325521.818068554
 325117.5228236513
 324740.2991554146
 324389.2089373174
 324063.3140428326
 323761.6763454335
 323483.3577185931
 323227.4200357848
 322992.9251704815
 322778.9349961564
 322584.5113862827
 322408.7162143335
 322250.611353782
 322109.2586781013
 321983.7200607645
 321873.0573752449
 321776.3324950155
 321692.6072935495
 321620.94364432
 321560.4034208002
 321510.0484964633
 321468.9407447823
 321436.1420392304
 321410.7142532808
 321391.7192604066
 321378.218934081
 321369.2751477771
 321363.949774968
 321361.3046891269
 321360.401763727
 321360.3028722412
 321360.069888143
 321358.7646849054
 321355.4491360014
 321349.1851149044
 321339.0344950873
 321324.0591500234
 321303.3209531858
 321275.8817780477
 321240.803498082
 321197.1479867622
 321143.9771175613
 321080.3527639524
 321005.3367994087
 320917.9910974032
 320817.3775314093
 320702.5579749
 320572.5943013484
 320426.5483842277
 320263.4820970111
 320082.4573131717
 319882.5359061826
 319662.779749517
 319422.250716648
 319160.0106810489
 318875.1215161926
 318566.6450955524
 318233.6432926013
 317875.1779808127
 317490.3110336596
 317078.1043246151
 316637.6197271524
 316167.9191147447
 315668.064360865
 315137.1173389866
 314574.1399225825
 313978.193985126
 313348.3414000901
 312683.6440409481
 311983.163781173
 311245.962494238
 310471.1020536163
 309657.644332781
 308804.6512052051
 307911.184544362
 306976.3062237248
 305999.0781167665
 304978.5620969603
 303913.8200377794
 302803.9138126969
 301647.905295186
 300444.8563587197
 299193.8288767713


