# Created by Octave 4.0.0, Mon May 23 13:36:29 2016 CEST <peter@Independence>
# name: x
# type: matrix
# rows: 1
# columns: 100
 0.008333333333333333 0.008417508417508417 0.008501683501683501 0.008585858585858586 0.00867003367003367 0.008754208754208754 0.008838383838383838 0.008922558922558922 0.009006734006734006 0.00909090909090909 0.009175084175084175 0.009259259259259259 0.009343434343434343 0.009427609427609427 0.009511784511784511 0.009595959595959595 0.009680134680134681 0.009764309764309764 0.009848484848484849 0.009932659932659932 0.01001683501683502 0.0101010101010101 0.01018518518518519 0.01026936026936027 0.01035353535353535 0.01043771043771044 0.01052188552188552 0.0106060606060606 0.01069023569023569 0.01077441077441077 0.01085858585858586 0.01094276094276094 0.01102693602693603 0.01111111111111111 0.0111952861952862 0.01127946127946128 0.01136363636363636 0.01144781144781145 0.01153198653198653 0.01161616161616162 0.0117003367003367 0.01178451178451178 0.01186868686868687 0.01195286195286195 0.01203703703703704 0.01212121212121212 0.01220538720538721 0.01228956228956229 0.01237373737373737 0.01245791245791246 0.01254208754208754 0.01262626262626263 0.01271043771043771 0.01279461279461279 0.01287878787878788 0.01296296296296296 0.01304713804713805 0.01313131313131313 0.01321548821548822 0.0132996632996633 0.01338383838383839 0.01346801346801347 0.01355218855218855 0.01363636363636364 0.01372053872053872 0.01380471380471381 0.01388888888888889 0.01397306397306397 0.01405723905723906 0.01414141414141414 0.01422558922558923 0.01430976430976431 0.01439393939393939 0.01447811447811448 0.01456228956228956 0.01464646464646465 0.01473063973063973 0.01481481481481482 0.0148989898989899 0.01498316498316498 0.01506734006734007 0.01515151515151515 0.01523569023569024 0.01531986531986532 0.0154040404040404 0.01548821548821549 0.01557239057239057 0.01565656565656566 0.01574074074074074 0.01582491582491583 0.01590909090909091 0.01599326599326599 0.01607744107744108 0.01616161616161616 0.01624579124579125 0.01632996632996633 0.01641414141414142 0.0164983164983165 0.01658249158249158 0.01666666666666667


# name: y
# type: matrix
# rows: 100
# columns: 1
 72843.8613544035
 72903.18341835303
 72963.90148924977
 73025.69795311258
 73088.23975488338
 73151.18098810066
 73214.16567428423
 73276.83070309898
 73338.80890166496
 73399.7321990991
 73459.23485055515
 73516.95668370851
 73572.5463298402
 73625.66440142837
 73675.98657846532
 73723.20656658443
 73767.03889149275
 73807.22149614454
 73843.51810952723
 73875.72035882807
 73903.64960006271
 73927.15844591933
 73946.1319735499
 73960.48859925529
 73970.18061139734
 73975.19435735818
 73975.55008488263
 73971.30144261199
 73962.53464897753
 73949.36734280117
 73931.9471328865
 73910.44986751702
 73885.07764805753
 73856.05661373504
 73823.63452711723
 73788.07819178351
 73749.67073517083
 73708.70879056577
 73665.49961269871
 73620.35816138265
 73573.60418714107
 73525.55935180651
 73476.54441567356
 73426.87652099109
 73376.86659941816
 73326.81692859264
 73277.01886021858
 73227.75073911955
 73179.27602958366
 73131.84166209558
 73085.67661026456
 73040.9907044681
 72997.97368548758
 72956.79449826355
 72917.60082288581
 72880.51883709859
 72845.65320197646
 72813.08726004369
 72782.88343298984
 72755.08380430026
 72729.71087057951
 72706.76844411185
 72686.24268827254
 72668.10326677865
 72652.30458743704
 72638.78712100077
 72627.47877596597
 72618.29631061076
 72611.14676427383
 72605.92889076794
 72602.53457789845
 72600.85023827845
 72600.75815797734
 72602.13779097455
 72604.86698889338
 72608.82315702946
 72613.88432924212
 72619.93015581969
 72626.84279993895
 72634.50773979667
 72642.81447487645
 72651.6571361161
 72660.93500094255
 72670.55291523597
 72680.4216252632
 72690.4580234778
 72700.58531281767
 72710.73309474048
 72720.83738672304
 72730.84057531782
 72740.69131111106
 72750.34435207088
 72759.76036181595
 72768.90566928545
 72777.75199615779
 72786.2761581588
 72794.45974612904
 72802.28879239655
 72809.75342763233
 72816.847532965


# name: QUERY
# type: sq_string
# elements: 1
# length: 2
R2


# name: DATASIZE
# type: sq_string
# elements: 1
# length: 3
500


