# Created by Octave 3.8.2, Wed May 18 17:57:04 2016 CEST <Andrea@Andreas-MacBook-Pro.local>
# name: x
# type: matrix
# rows: 1
# columns: 100
 0.008333333333333333 0.008417508417508417 0.008501683501683501 0.008585858585858586 0.00867003367003367 0.008754208754208754 0.008838383838383838 0.008922558922558922 0.009006734006734006 0.00909090909090909 0.009175084175084175 0.009259259259259259 0.009343434343434343 0.009427609427609427 0.009511784511784511 0.009595959595959595 0.009680134680134681 0.009764309764309764 0.009848484848484849 0.009932659932659932 0.01001683501683502 0.0101010101010101 0.01018518518518519 0.01026936026936027 0.01035353535353535 0.01043771043771044 0.01052188552188552 0.0106060606060606 0.01069023569023569 0.01077441077441077 0.01085858585858586 0.01094276094276094 0.01102693602693603 0.01111111111111111 0.0111952861952862 0.01127946127946128 0.01136363636363636 0.01144781144781145 0.01153198653198653 0.01161616161616162 0.0117003367003367 0.01178451178451178 0.01186868686868687 0.01195286195286195 0.01203703703703704 0.01212121212121212 0.01220538720538721 0.01228956228956229 0.01237373737373737 0.01245791245791246 0.01254208754208754 0.01262626262626263 0.01271043771043771 0.01279461279461279 0.01287878787878788 0.01296296296296296 0.01304713804713805 0.01313131313131313 0.01321548821548822 0.0132996632996633 0.01338383838383839 0.01346801346801347 0.01355218855218855 0.01363636363636364 0.01372053872053872 0.01380471380471381 0.01388888888888889 0.01397306397306397 0.01405723905723906 0.01414141414141414 0.01422558922558923 0.01430976430976431 0.01439393939393939 0.01447811447811448 0.01456228956228956 0.01464646464646465 0.01473063973063973 0.01481481481481482 0.0148989898989899 0.01498316498316498 0.01506734006734007 0.01515151515151515 0.01523569023569024 0.01531986531986532 0.0154040404040404 0.01548821548821549 0.01557239057239057 0.01565656565656566 0.01574074074074074 0.01582491582491583 0.01590909090909091 0.01599326599326599 0.01607744107744108 0.01616161616161616 0.01624579124579125 0.01632996632996633 0.01641414141414142 0.0164983164983165 0.01658249158249158 0.01666666666666667


# name: y
# type: matrix
# rows: 1
# columns: 100
 72909.60619394106 72910.54882730379 72911.49146066651 72912.43409402925 72913.37672739198 72914.31936075471 72915.26199411745 72916.20462748018 72917.14726084292 72918.08989420564 72919.03252756837 72919.97516093111 72920.91779429384 72921.86042765657 72922.80306101931 72923.74569438204 72924.68832774476 72925.6309611075 72926.57359447023 72927.51622783297 72928.4588611957 72929.40149455843 72930.34412792115 72931.28676128389 72932.22939464662 72933.17202800936 72934.11466137209 72935.05729473483 72935.99992809756 72936.94256146028 72937.88519482301 72938.82782818575 72939.77046154848 72940.71309491122 72941.65572827395 72942.59836163669 72943.54099499941 72944.48362836214 72945.42626172488 72946.36889508761 72947.31152845034 72948.25416181308 72949.19679517581 72950.13942853853 72951.08206190127 72952.024695264 72952.96732862674 72953.90996198947 72954.8525953522 72955.79522871494 72956.73786207766 72957.68049544039 72958.62312880313 72959.56576216586 72960.5083955286 72961.45102889133 72962.39366225406 72963.33629561678 72964.27892897952 72965.22156234225 72966.16419570499 72967.10682906772 72968.04946243046 72968.99209579318 72969.93472915591 72970.87736251864 72971.81999588138 72972.76262924411 72973.70526260685 72974.64789596958 72975.5905293323 72976.53316269504 72977.47579605777 72978.4184294205 72979.36106278324 72980.30369614597 72981.24632950871 72982.18896287143 72983.13159623416 72984.0742295969 72985.01686295963 72985.95949632236 72986.9021296851 72987.84476304783 72988.78739641055 72989.73002977329 72990.67266313602 72991.61529649876 72992.55792986149 72993.50056322422 72994.44319658696 72995.38582994968 72996.32846331241 72997.27109667515 72998.21373003788 72999.15636340062 73000.09899676335 73001.04163012608 73001.9842634888 73002.92689685154


# name: QUERY
# type: sq_string
# elements: 1
# length: 2
R2


# name: DATASIZE
# type: sq_string
# elements: 1
# length: 3
500


