# Created by Octave 4.0.0, Mon May 23 13:36:29 2016 CEST <peter@Independence>
# name: SVs
# type: cell
# rows: 1
# columns: 7
# name: <cell-element>
# type: sparse matrix
# nnz: 20
# rows: 20
# columns: 1
1 1 -0.6899690755539011
2 1 0.1892835517006335
3 1 0.1892835517006335
4 1 0.1892835517006335
5 1 0.1892835517006335
6 1 1.654704597124857
7 1 -0.6899690755539011
8 1 0.1892835517006335
9 1 1.654704597124857
10 1 -0.6899690755539011
11 1 0.1892835517006335
12 1 0.1892835517006335
13 1 0.1892835517006335
14 1 -1.276137493723591
15 1 0.1892835517006335
16 1 1.654704597124857
17 1 -0.6899690755539011
18 1 1.654704597124857
19 1 0.1892835517006335
20 1 1.654704597124857



# name: <cell-element>
# type: sparse matrix
# nnz: 41
# rows: 41
# columns: 1
1 1 0.1892835517006335
2 1 -0.6899690755539011
3 1 0.1892835517006335
4 1 1.654704597124857
5 1 0.1892835517006335
6 1 0.1892835517006335
7 1 0.1892835517006335
8 1 0.1892835517006335
9 1 -0.6899690755539011
10 1 0.1892835517006335
11 1 1.654704597124857
12 1 -0.6899690755539011
13 1 0.1892835517006335
14 1 -0.6899690755539011
15 1 -1.276137493723591
16 1 1.654704597124857
17 1 -1.276137493723591
18 1 0.1892835517006335
19 1 1.654704597124857
20 1 0.1892835517006335
21 1 0.1892835517006335
22 1 0.1892835517006335
23 1 -0.6899690755539011
24 1 0.1892835517006335
25 1 0.1892835517006335
26 1 -1.276137493723591
27 1 -1.276137493723591
28 1 0.1892835517006335
29 1 0.1892835517006335
30 1 1.654704597124857
31 1 0.1892835517006335
32 1 -1.276137493723591
33 1 0.1892835517006335
34 1 1.654704597124857
35 1 -0.6899690755539011
36 1 1.654704597124857
37 1 0.1892835517006335
38 1 -1.276137493723591
39 1 0.1892835517006335
40 1 1.654704597124857
41 1 -0.6899690755539011



# name: <cell-element>
# type: sparse matrix
# nnz: 21
# rows: 21
# columns: 1
1 1 -0.6899690755539011
2 1 0.1892835517006335
3 1 0.1892835517006335
4 1 0.1892835517006335
5 1 0.1892835517006335
6 1 1.654704597124857
7 1 -0.6899690755539011
8 1 1.654704597124857
9 1 0.1892835517006335
10 1 1.654704597124857
11 1 -0.6899690755539011
12 1 0.1892835517006335
13 1 0.1892835517006335
14 1 0.1892835517006335
15 1 -1.276137493723591
16 1 0.1892835517006335
17 1 1.654704597124857
18 1 -0.6899690755539011
19 1 1.654704597124857
20 1 0.1892835517006335
21 1 1.654704597124857



# name: <cell-element>
# type: sparse matrix
# nnz: 43
# rows: 43
# columns: 1
1 1 0.1892835517006335
2 1 -0.6899690755539011
3 1 0.1892835517006335
4 1 1.654704597124857
5 1 0.1892835517006335
6 1 0.1892835517006335
7 1 0.1892835517006335
8 1 0.1892835517006335
9 1 -0.6899690755539011
10 1 -1.276137493723591
11 1 0.1892835517006335
12 1 1.654704597124857
13 1 -0.6899690755539011
14 1 0.1892835517006335
15 1 -0.6899690755539011
16 1 -1.276137493723591
17 1 1.654704597124857
18 1 -1.276137493723591
19 1 0.1892835517006335
20 1 1.654704597124857
21 1 0.1892835517006335
22 1 0.1892835517006335
23 1 0.1892835517006335
24 1 -0.6899690755539011
25 1 0.1892835517006335
26 1 0.1892835517006335
27 1 -1.276137493723591
28 1 -1.276137493723591
29 1 0.1892835517006335
30 1 0.1892835517006335
31 1 1.654704597124857
32 1 0.1892835517006335
33 1 -1.276137493723591
34 1 0.1892835517006335
35 1 1.654704597124857
36 1 -0.6899690755539011
37 1 1.654704597124857
38 1 0.1892835517006335
39 1 -1.276137493723591
40 1 0.1892835517006335
41 1 0.1892835517006335
42 1 1.654704597124857
43 1 -0.6899690755539011



# name: <cell-element>
# type: sparse matrix
# nnz: 43
# rows: 43
# columns: 1
1 1 0.1892835517006335
2 1 -0.6899690755539011
3 1 0.1892835517006335
4 1 1.654704597124857
5 1 0.1892835517006335
6 1 0.1892835517006335
7 1 0.1892835517006335
8 1 0.1892835517006335
9 1 -0.6899690755539011
10 1 -1.276137493723591
11 1 0.1892835517006335
12 1 1.654704597124857
13 1 -0.6899690755539011
14 1 0.1892835517006335
15 1 -0.6899690755539011
16 1 -1.276137493723591
17 1 1.654704597124857
18 1 -1.276137493723591
19 1 0.1892835517006335
20 1 1.654704597124857
21 1 0.1892835517006335
22 1 0.1892835517006335
23 1 0.1892835517006335
24 1 -0.6899690755539011
25 1 0.1892835517006335
26 1 0.1892835517006335
27 1 -1.276137493723591
28 1 -1.276137493723591
29 1 0.1892835517006335
30 1 0.1892835517006335
31 1 1.654704597124857
32 1 0.1892835517006335
33 1 -1.276137493723591
34 1 0.1892835517006335
35 1 1.654704597124857
36 1 -0.6899690755539011
37 1 1.654704597124857
38 1 0.1892835517006335
39 1 -1.276137493723591
40 1 0.1892835517006335
41 1 0.1892835517006335
42 1 1.654704597124857
43 1 -0.6899690755539011



# name: <cell-element>
# type: sparse matrix
# nnz: 40
# rows: 40
# columns: 1
1 1 0.1892835517006335
2 1 -0.6899690755539011
3 1 0.1892835517006335
4 1 1.654704597124857
5 1 0.1892835517006335
6 1 0.1892835517006335
7 1 0.1892835517006335
8 1 0.1892835517006335
9 1 -0.6899690755539011
10 1 0.1892835517006335
11 1 1.654704597124857
12 1 -0.6899690755539011
13 1 0.1892835517006335
14 1 -0.6899690755539011
15 1 -1.276137493723591
16 1 1.654704597124857
17 1 -1.276137493723591
18 1 0.1892835517006335
19 1 1.654704597124857
20 1 0.1892835517006335
21 1 0.1892835517006335
22 1 0.1892835517006335
23 1 -0.6899690755539011
24 1 0.1892835517006335
25 1 0.1892835517006335
26 1 -1.276137493723591
27 1 0.1892835517006335
28 1 0.1892835517006335
29 1 1.654704597124857
30 1 0.1892835517006335
31 1 -1.276137493723591
32 1 0.1892835517006335
33 1 1.654704597124857
34 1 -0.6899690755539011
35 1 1.654704597124857
36 1 0.1892835517006335
37 1 -1.276137493723591
38 1 0.1892835517006335
39 1 0.1892835517006335
40 1 1.654704597124857



# name: <cell-element>
# type: scalar
0





# name: coefficients
# type: cell
# rows: 1
# columns: 7
# name: <cell-element>
# type: matrix
# rows: 20
# columns: 1
 5
 5
 5
 5
 -5
 -5
 -5
 4.999999999999994
 5
 -5
 -5
 -5
 -5
 -5
 5
 -5
 5
 -5
 5
 5



# name: <cell-element>
# type: matrix
# rows: 41
# columns: 1
 -0.6157899999999999
 0.6157899999999999
 0.6157899999999999
 0.6157899999999999
 0.6157899999999999
 0.6157899999999999
 0.6157899999999999
 -0.6157899999999999
 0.6157899999999999
 -0.6157899999999999
 -0.6157899999999999
 0.6157899999999999
 0.6157899999999999
 -0.6157899999999999
 -0.6157899999999999
 0.6157899999999999
 0.6157899999999999
 0.6157899999999999
 0.6157899999999999
 0.6157899999999999
 -0.6157899999999999
 -0.6157899999999999
 -0.6157899999999999
 -0.6157899999999999
 -0.6157899999999999
 -0.05120122948012502
 -0.6157899999999999
 -0.6157899999999999
 -0.6157899999999999
 -0.5645887705198749
 -0.6157899999999999
 -0.6157899999999999
 0.6157899999999999
 -0.6157899999999999
 0.6157899999999999
 -0.6157899999999999
 -0.6157899999999999
 0.6157899999999999
 0.6157899999999999
 0.6157899999999999
 0.6157899999999999



# name: <cell-element>
# type: matrix
# rows: 21
# columns: 1
 5
 5
 5
 5
 -5
 -5
 -5
 2.69412171967215
 2.305878280327854
 5
 -5
 -5
 -5
 -5
 -5
 5
 -5
 5
 -5
 5
 5



# name: <cell-element>
# type: matrix
# rows: 43
# columns: 1
 -0.1
 0.1
 0.1
 0.1
 0.1
 0.1
 0.1
 -0.1
 0.1
 -0.08971548317382366
 -0.1
 -0.1
 0.1
 0.1
 -0.1
 -0.1
 0.1
 0.1
 0.1
 0.1
 0.1
 -0.1
 -0.1
 -0.1
 -0.1
 -0.1
 -0.1
 -0.1
 -0.1
 -0.1
 -0.01028451682617637
 -0.1
 -0.1
 0.1
 -0.1
 0.1
 -0.1
 -0.1
 0.1
 0.1
 0.1
 0.1
 0.1



# name: <cell-element>
# type: matrix
# rows: 43
# columns: 1
 -5
 5
 5
 5
 5
 5
 5
 -5
 5
 -5
 -5
 -5
 5
 5
 -5
 -5
 5
 5
 5
 5
 5
 -5
 -5
 -5
 -5
 -5
 -5
 -5
 -3.076859640064188
 -5
 -1.923140359935842
 -5
 -5
 5
 -5
 5
 -5
 -5
 5
 5
 5
 5
 5



