# Created by Octave 4.0.0, Mon May 23 13:36:23 2016 CEST <peter@Independence>
# name: mu
# type: matrix
# rows: 1
# columns: 2
 72950.23958333333 0.01196180555555554


# name: sigma
# type: matrix
# rows: 1
# columns: 2
 3069.621748495686 0.002843323889524502


