# Created by Octave 3.8.2, Wed May 18 17:56:53 2016 CEST <Andrea@Andreas-MacBook-Pro.local>
# name: mu
# type: matrix
# rows: 1
# columns: 2
 72950.23958333333 0.01196180555555554


# name: sigma
# type: matrix
# rows: 1
# columns: 2
 3069.621748495686 0.002843323889524502


