# Created by Octave 4.0.0, Mon May 23 13:36:29 2016 CEST <peter@Independence>
# name: x
# type: matrix
# rows: 1
# columns: 100
 0.008333333333333333 0.008417508417508417 0.008501683501683501 0.008585858585858586 0.00867003367003367 0.008754208754208754 0.008838383838383838 0.008922558922558922 0.009006734006734006 0.00909090909090909 0.009175084175084175 0.009259259259259259 0.009343434343434343 0.009427609427609427 0.009511784511784511 0.009595959595959595 0.009680134680134681 0.009764309764309764 0.009848484848484849 0.009932659932659932 0.01001683501683502 0.0101010101010101 0.01018518518518519 0.01026936026936027 0.01035353535353535 0.01043771043771044 0.01052188552188552 0.0106060606060606 0.01069023569023569 0.01077441077441077 0.01085858585858586 0.01094276094276094 0.01102693602693603 0.01111111111111111 0.0111952861952862 0.01127946127946128 0.01136363636363636 0.01144781144781145 0.01153198653198653 0.01161616161616162 0.0117003367003367 0.01178451178451178 0.01186868686868687 0.01195286195286195 0.01203703703703704 0.01212121212121212 0.01220538720538721 0.01228956228956229 0.01237373737373737 0.01245791245791246 0.01254208754208754 0.01262626262626263 0.01271043771043771 0.01279461279461279 0.01287878787878788 0.01296296296296296 0.01304713804713805 0.01313131313131313 0.01321548821548822 0.0132996632996633 0.01338383838383839 0.01346801346801347 0.01355218855218855 0.01363636363636364 0.01372053872053872 0.01380471380471381 0.01388888888888889 0.01397306397306397 0.01405723905723906 0.01414141414141414 0.01422558922558923 0.01430976430976431 0.01439393939393939 0.01447811447811448 0.01456228956228956 0.01464646464646465 0.01473063973063973 0.01481481481481482 0.0148989898989899 0.01498316498316498 0.01506734006734007 0.01515151515151515 0.01523569023569024 0.01531986531986532 0.0154040404040404 0.01548821548821549 0.01557239057239057 0.01565656565656566 0.01574074074074074 0.01582491582491583 0.01590909090909091 0.01599326599326599 0.01607744107744108 0.01616161616161616 0.01624579124579125 0.01632996632996633 0.01641414141414142 0.0164983164983165 0.01658249158249158 0.01666666666666667


# name: y
# type: matrix
# rows: 100
# columns: 1
 72973.58680696705
 72993.94505345382
 73012.90333926617
 73030.52736517304
 73046.88125283523
 73062.02754480537
 73076.02720452791
 73088.93961633918
 73100.82258546729
 73111.73233803226
 73121.72352104587
 73130.8492024118
 73139.16087092555
 73146.70843627444
 73153.54022903764
 73159.70300068618
 73165.24192358289
 73170.20059098247
 73174.62101703144
 73178.54363676817
 73182.00730612286
 73185.04930191755
 73187.70532186612
 73190.00948457427
 73191.99432953959
 73193.69081715147
 73195.12832869111
 73196.3346663316
 73197.33605313787
 73198.15713306663
 73198.8209709665
 73199.34905257788
 73199.76128453304
 73200.0759943561
 73200.30993046297
 73200.47826216144
 73200.59457965114
 73200.6708940235
 73200.71763726183
 73200.74366224125
 73200.75624272875
 73200.76107338311
 73200.762269755
 73200.76236828689
 73200.76232631311
 73200.76152205981
 73200.757754645
 73200.74724407854
 73200.72463126206
 73200.6829779891
 73200.61376694501
 73200.50690170699
 73200.35070674407
 73200.1319274171
 73199.83572997879
 73199.4457015737
 73198.9438502382
 73198.31060490053
 73197.52481538072
 73196.56375239069
 73195.40310753418
 73194.01699330674
 73192.37794309581
 73190.45691118062
 73188.22327273228
 73185.64482381371
 73182.68778137967
 73179.31678327676
 73175.49488824345
 73171.18357591001
 73166.34274679855
 73160.93072232301
 73154.90424478924
 73148.21847739484
 73140.82700422927
 73132.68183027388
 73123.73338140179
 73113.930504378
 73103.22046685935
 73091.54895739448
 73078.86008542389
 73065.09638127996
 73050.19879618683
 73034.10670226054
 73016.75789250895
 72998.08858083174
 72978.03340202043
 72956.52541175844
 72933.49608662094
 72908.87532407499
 72882.59144247948
 72854.57118108514
 72824.73970003449
 72793.02058036202
 72759.3358239939
 72723.60585374822
 72685.7495133349
 72645.6840673557
 72603.32520130424
 72558.58702156589


# name: QUERY
# type: sq_string
# elements: 1
# length: 2
R2


# name: DATASIZE
# type: sq_string
# elements: 1
# length: 3
500


