# Created by Octave 4.0.0, Mon May 23 13:36:29 2016 CEST <peter@Independence>
# name: x
# type: matrix
# rows: 1
# columns: 100
 0.008333333333333333 0.008417508417508417 0.008501683501683501 0.008585858585858586 0.00867003367003367 0.008754208754208754 0.008838383838383838 0.008922558922558922 0.009006734006734006 0.00909090909090909 0.009175084175084175 0.009259259259259259 0.009343434343434343 0.009427609427609427 0.009511784511784511 0.009595959595959595 0.009680134680134681 0.009764309764309764 0.009848484848484849 0.009932659932659932 0.01001683501683502 0.0101010101010101 0.01018518518518519 0.01026936026936027 0.01035353535353535 0.01043771043771044 0.01052188552188552 0.0106060606060606 0.01069023569023569 0.01077441077441077 0.01085858585858586 0.01094276094276094 0.01102693602693603 0.01111111111111111 0.0111952861952862 0.01127946127946128 0.01136363636363636 0.01144781144781145 0.01153198653198653 0.01161616161616162 0.0117003367003367 0.01178451178451178 0.01186868686868687 0.01195286195286195 0.01203703703703704 0.01212121212121212 0.01220538720538721 0.01228956228956229 0.01237373737373737 0.01245791245791246 0.01254208754208754 0.01262626262626263 0.01271043771043771 0.01279461279461279 0.01287878787878788 0.01296296296296296 0.01304713804713805 0.01313131313131313 0.01321548821548822 0.0132996632996633 0.01338383838383839 0.01346801346801347 0.01355218855218855 0.01363636363636364 0.01372053872053872 0.01380471380471381 0.01388888888888889 0.01397306397306397 0.01405723905723906 0.01414141414141414 0.01422558922558923 0.01430976430976431 0.01439393939393939 0.01447811447811448 0.01456228956228956 0.01464646464646465 0.01473063973063973 0.01481481481481482 0.0148989898989899 0.01498316498316498 0.01506734006734007 0.01515151515151515 0.01523569023569024 0.01531986531986532 0.0154040404040404 0.01548821548821549 0.01557239057239057 0.01565656565656566 0.01574074074074074 0.01582491582491583 0.01590909090909091 0.01599326599326599 0.01607744107744108 0.01616161616161616 0.01624579124579125 0.01632996632996633 0.01641414141414142 0.0164983164983165 0.01658249158249158 0.01666666666666667


# name: y
# type: matrix
# rows: 100
# columns: 1
 72935.5866704957
 72960.9626763321
 72985.74308866201
 73009.92790748541
 73033.51713280231
 73056.51076461273
 73078.90880291662
 73100.71124771402
 73121.91809900491
 73142.52935678929
 73162.54502106718
 73181.96509183857
 73200.78956910346
 73219.01845286184
 73236.65174311372
 73253.6894398591
 73270.13154309797
 73285.97805283035
 73301.22896905622
 73315.88429177558
 73329.94402098845
 73343.40815669482
 73356.27669889468
 73368.54964758805
 73380.2270027749
 73391.30876445526
 73401.79493262911
 73411.68550729647
 73420.98048845731
 73429.67987611167
 73437.78367025951
 73445.29187090085
 73452.2044780357
 73458.52149166403
 73464.24291178587
 73469.3687384012
 73473.89897151003
 73477.83361111236
 73481.17265720818
 73483.91610979752
 73486.06396888033
 73487.61623445665
 73488.57290652647
 73488.9339850898
 73488.69947014662
 73487.86936169692
 73486.44365974073
 73484.42236427804
 73481.80547530885
 73478.59299283315
 73474.78491685096
 73470.38124736225
 73465.38198436705
 73459.78712786535
 73453.59667785713
 73446.81063434243
 73439.42899732121
 73431.4517667935
 73422.87894275929
 73413.71052521857
 73403.94651417134
 73393.58690961762
 73382.63171155741
 73371.08091999068
 73358.93453491744
 73346.19255633772
 73332.85498425148
 73318.92181865874
 73304.3930595595
 73289.26870695376
 73273.54876084153
 73257.23322122278
 73240.32208809753
 73222.81536146579
 73204.71304132753
 73186.01512768278
 73166.72162053152
 73146.83251987377
 73126.34782570951
 73105.26753803875
 73083.59165686149
 73061.32018217772
 73038.45311398745
 73014.99045229067
 72990.9321970874
 72966.27834837763
 72941.02890616134
 72915.18387043857
 72888.74324120927
 72861.70701847352
 72834.07520223122
 72805.84779248244
 72777.02478922714
 72747.60619246535
 72717.59200219705
 72686.98221842226
 72655.77684114096
 72623.97587035317
 72591.57930605886
 72558.58714825806


# name: QUERY
# type: sq_string
# elements: 1
# length: 2
R2


# name: DATASIZE
# type: sq_string
# elements: 1
# length: 3
500


