# Created by Octave 4.0.0, Mon May 23 13:36:29 2016 CEST <peter@Independence>
# name: x
# type: matrix
# rows: 1
# columns: 100
 0.008333333333333333 0.008417508417508417 0.008501683501683501 0.008585858585858586 0.00867003367003367 0.008754208754208754 0.008838383838383838 0.008922558922558922 0.009006734006734006 0.00909090909090909 0.009175084175084175 0.009259259259259259 0.009343434343434343 0.009427609427609427 0.009511784511784511 0.009595959595959595 0.009680134680134681 0.009764309764309764 0.009848484848484849 0.009932659932659932 0.01001683501683502 0.0101010101010101 0.01018518518518519 0.01026936026936027 0.01035353535353535 0.01043771043771044 0.01052188552188552 0.0106060606060606 0.01069023569023569 0.01077441077441077 0.01085858585858586 0.01094276094276094 0.01102693602693603 0.01111111111111111 0.0111952861952862 0.01127946127946128 0.01136363636363636 0.01144781144781145 0.01153198653198653 0.01161616161616162 0.0117003367003367 0.01178451178451178 0.01186868686868687 0.01195286195286195 0.01203703703703704 0.01212121212121212 0.01220538720538721 0.01228956228956229 0.01237373737373737 0.01245791245791246 0.01254208754208754 0.01262626262626263 0.01271043771043771 0.01279461279461279 0.01287878787878788 0.01296296296296296 0.01304713804713805 0.01313131313131313 0.01321548821548822 0.0132996632996633 0.01338383838383839 0.01346801346801347 0.01355218855218855 0.01363636363636364 0.01372053872053872 0.01380471380471381 0.01388888888888889 0.01397306397306397 0.01405723905723906 0.01414141414141414 0.01422558922558923 0.01430976430976431 0.01439393939393939 0.01447811447811448 0.01456228956228956 0.01464646464646465 0.01473063973063973 0.01481481481481482 0.0148989898989899 0.01498316498316498 0.01506734006734007 0.01515151515151515 0.01523569023569024 0.01531986531986532 0.0154040404040404 0.01548821548821549 0.01557239057239057 0.01565656565656566 0.01574074074074074 0.01582491582491583 0.01590909090909091 0.01599326599326599 0.01607744107744108 0.01616161616161616 0.01624579124579125 0.01632996632996633 0.01641414141414142 0.0164983164983165 0.01658249158249158 0.01666666666666667


# name: y
# type: matrix
# rows: 100
# columns: 1
 73090.61731827057
 73087.80582194358
 73085.12474661534
 73082.57099485977
 73080.14146925078
 73077.83307236216
 73075.6427067678
 73073.56727504163
 73071.60367975745
 73069.74882348921
 73067.99960881073
 73066.3529382959
 73064.80571451857
 73063.35484005266
 73061.99721747206
 73060.72974935059
 73059.54933826215
 73058.45288678061
 73057.43729747985
 73056.49947293373
 73055.63631571617
 73054.84472840099
 73054.12161356208
 73053.46387377333
 73052.86841160861
 73052.33212964179
 73051.85193044675
 73051.42471659735
 73051.04739066749
 73050.71685523103
 73050.43001286185
 73050.18376613381
 73049.9750176208
 73049.80066989669
 73049.65762553537
 73049.54278711069
 73049.45305719654
 73049.38533836679
 73049.33653319531
 73049.30354425599
 73049.2832741227
 73049.2726253693
 73049.26850056968
 73049.26780229771
 73049.26743312727
 73049.26429563222
 73049.25529238646
 73049.23732596384
 73049.20729893826
 73049.16211388356
 73049.09867337365
 73049.01387998238
 73048.90463628364
 73048.7678448513
 73048.60040825924
 73048.39922908132
 73048.16120989143
 73047.88325326346
 73047.56226177124
 73047.19513798867
 73046.77878448962
 73046.31010384799
 73045.78599863763
 73045.20337143241
 73044.55912480621
 73043.85016133293
 73043.07338358639
 73042.22569414054
 73041.30399556919
 73040.30519044623
 73039.22618134558
 73038.06387084104
 73036.81516150654
 73035.47695591595
 73034.0461566431
 73032.51966626196
 73030.89438734628
 73029.16722247006
 73027.33507420706
 73025.39484513123
 73023.34343781641
 73021.17775483652
 73018.89469876535
 73016.49117217686
 73013.96407764489
 73011.31031774329
 73008.52679504601
 73005.6104121269
 73002.55807155978
 72999.36667591851
 72996.03312777697
 72992.55432970927
 72988.92718428903
 72985.14859409013
 72981.21546168656
 72977.12468965206
 72972.87318056053
 72968.457836986
 72963.87556150222
 72959.12325668317


# name: QUERY
# type: sq_string
# elements: 1
# length: 2
R2


# name: DATASIZE
# type: sq_string
# elements: 1
# length: 3
500


