# Created by Octave 3.8.2, Wed May 18 17:57:04 2016 CEST <Andrea@Andreas-MacBook-Pro.local>
# name: x
# type: matrix
# rows: 1
# columns: 100
 0.008333333333333333 0.008417508417508417 0.008501683501683501 0.008585858585858586 0.00867003367003367 0.008754208754208754 0.008838383838383838 0.008922558922558922 0.009006734006734006 0.00909090909090909 0.009175084175084175 0.009259259259259259 0.009343434343434343 0.009427609427609427 0.009511784511784511 0.009595959595959595 0.009680134680134681 0.009764309764309764 0.009848484848484849 0.009932659932659932 0.01001683501683502 0.0101010101010101 0.01018518518518519 0.01026936026936027 0.01035353535353535 0.01043771043771044 0.01052188552188552 0.0106060606060606 0.01069023569023569 0.01077441077441077 0.01085858585858586 0.01094276094276094 0.01102693602693603 0.01111111111111111 0.0111952861952862 0.01127946127946128 0.01136363636363636 0.01144781144781145 0.01153198653198653 0.01161616161616162 0.0117003367003367 0.01178451178451178 0.01186868686868687 0.01195286195286195 0.01203703703703704 0.01212121212121212 0.01220538720538721 0.01228956228956229 0.01237373737373737 0.01245791245791246 0.01254208754208754 0.01262626262626263 0.01271043771043771 0.01279461279461279 0.01287878787878788 0.01296296296296296 0.01304713804713805 0.01313131313131313 0.01321548821548822 0.0132996632996633 0.01338383838383839 0.01346801346801347 0.01355218855218855 0.01363636363636364 0.01372053872053872 0.01380471380471381 0.01388888888888889 0.01397306397306397 0.01405723905723906 0.01414141414141414 0.01422558922558923 0.01430976430976431 0.01439393939393939 0.01447811447811448 0.01456228956228956 0.01464646464646465 0.01473063973063973 0.01481481481481482 0.0148989898989899 0.01498316498316498 0.01506734006734007 0.01515151515151515 0.01523569023569024 0.01531986531986532 0.0154040404040404 0.01548821548821549 0.01557239057239057 0.01565656565656566 0.01574074074074074 0.01582491582491583 0.01590909090909091 0.01599326599326599 0.01607744107744108 0.01616161616161616 0.01624579124579125 0.01632996632996633 0.01641414141414142 0.0164983164983165 0.01658249158249158 0.01666666666666667


# name: y
# type: matrix
# rows: 100
# columns: 1
 73261.31218108327
 73289.97009758624
 73317.9553917274
 73345.26806350677
 73371.9081129243
 73397.87553998001
 73423.17034467394
 73447.79252700604
 73471.74208697633
 73495.01902458481
 73517.62333983147
 73539.55503271632
 73560.81410323936
 73581.4005514006
 73601.3143772
 73620.55558063761
 73639.12416171339
 73657.02012042738
 73674.24345677954
 73690.79417076989
 73706.67226239842
 73721.87773166515
 73736.41057857007
 73750.27080311316
 73763.45840529446
 73775.97338511393
 73787.81574257159
 73798.98547766745
 73809.48259040149
 73819.30708077371
 73828.45894878411
 73836.93819443272
 73844.7448177195
 73851.87881864449
 73858.34019720764
 73864.128953409
 73869.24508724854
 73873.68859872625
 73877.45948784216
 73880.55775459627
 73882.98339898855
 73884.73642101903
 73885.81682068769
 73886.22459799454
 73885.95975293957
 73885.02228552281
 73883.41219574421
 73881.12948360381
 73878.1741491016
 73874.54619223757
 73870.24561301172
 73865.27241142407
 73859.62658747462
 73853.30814116333
 73846.31707249024
 73838.65338145534
 73830.31706805862
 73821.3081323001
 73811.62657417975
 73801.27239369761
 73790.24559085364
 73778.54616564786
 73766.17411808026
 73753.12944815087
 73739.41215585965
 73725.02224120662
 73709.95970419179
 73694.22454481512
 73677.81676307665
 73660.73635897638
 73642.98333251428
 73624.55768369038
 73605.45941250467
 73585.68851895715
 73565.24500304781
 73544.12886477663
 73522.34010414367
 73499.8787211489
 73476.7447157923
 73452.9380880739
 73428.45883799369
 73403.30696555163
 73377.48247074781
 73350.98535358216
 73323.81561405468
 73295.97325216542
 73267.45826791431
 73238.27066130142
 73208.41043232668
 73177.87758099016
 73146.67210729182
 73114.79401123164
 73082.24329280968
 73049.0199520259
 73015.1239888803
 72980.55540337291
 72945.31419550367
 72909.40036527265
 72872.81391267981
 72835.55483772514


# name: QUERY
# type: sq_string
# elements: 1
# length: 2
R2


# name: DATASIZE
# type: sq_string
# elements: 1
# length: 3
500


