# Created by Octave 3.8.2, Wed May 18 17:57:04 2016 CEST <Andrea@Andreas-MacBook-Pro.local>
# name: x
# type: matrix
# rows: 1
# columns: 100
 0.008333333333333333 0.008417508417508417 0.008501683501683501 0.008585858585858586 0.00867003367003367 0.008754208754208754 0.008838383838383838 0.008922558922558922 0.009006734006734006 0.00909090909090909 0.009175084175084175 0.009259259259259259 0.009343434343434343 0.009427609427609427 0.009511784511784511 0.009595959595959595 0.009680134680134681 0.009764309764309764 0.009848484848484849 0.009932659932659932 0.01001683501683502 0.0101010101010101 0.01018518518518519 0.01026936026936027 0.01035353535353535 0.01043771043771044 0.01052188552188552 0.0106060606060606 0.01069023569023569 0.01077441077441077 0.01085858585858586 0.01094276094276094 0.01102693602693603 0.01111111111111111 0.0111952861952862 0.01127946127946128 0.01136363636363636 0.01144781144781145 0.01153198653198653 0.01161616161616162 0.0117003367003367 0.01178451178451178 0.01186868686868687 0.01195286195286195 0.01203703703703704 0.01212121212121212 0.01220538720538721 0.01228956228956229 0.01237373737373737 0.01245791245791246 0.01254208754208754 0.01262626262626263 0.01271043771043771 0.01279461279461279 0.01287878787878788 0.01296296296296296 0.01304713804713805 0.01313131313131313 0.01321548821548822 0.0132996632996633 0.01338383838383839 0.01346801346801347 0.01355218855218855 0.01363636363636364 0.01372053872053872 0.01380471380471381 0.01388888888888889 0.01397306397306397 0.01405723905723906 0.01414141414141414 0.01422558922558923 0.01430976430976431 0.01439393939393939 0.01447811447811448 0.01456228956228956 0.01464646464646465 0.01473063973063973 0.01481481481481482 0.0148989898989899 0.01498316498316498 0.01506734006734007 0.01515151515151515 0.01523569023569024 0.01531986531986532 0.0154040404040404 0.01548821548821549 0.01557239057239057 0.01565656565656566 0.01574074074074074 0.01582491582491583 0.01590909090909091 0.01599326599326599 0.01607744107744108 0.01616161616161616 0.01624579124579125 0.01632996632996633 0.01641414141414142 0.0164983164983165 0.01658249158249158 0.01666666666666667


# name: y
# type: matrix
# rows: 100
# columns: 1
 73524.5374564276
 73548.65574030079
 73570.07391281484
 73589.03941650297
 73605.7822825202
 73620.51596731426
 73633.43816869186
 73644.73162128075
 73654.56487138693
 73663.09303124776
 73670.45851268027
 73676.79174012516
 73682.21184308632
 73686.82732796569
 73690.73672929387
 73694.02924035612
 73696.7853232138
 73699.07729812156
 73700.96991233976
 73702.52088834262
 73703.78145142185
 73704.79683668562
 73705.60677545331
 73706.2459610456
 73706.74449397011
 73707.12830650256
 73707.41956666349
 73707.63706159043
 73707.79656030561
 73707.91115587919
 73707.99158698799
 73708.04653886979
 73708.08292367306
 73708.10614020223
 73708.12031305855
 73708.12851117639
 73708.13294575503
 73708.13514758607
 73708.13612377622
 73708.13649386576
 73708.1366053424
 73708.13662855062
 73708.13663099673
 73708.13663104917
 73708.13663103459
 73708.1366297292
 73708.13661424584
 73708.13653131646
 73708.13623797009
 73708.13543160642
 73708.13355946484
 73708.12970748899
 73708.12246858681
 73708.10979028615
 73708.08880178593
 73708.05562040264
 73708.00513741259
 73707.93078328951
 73707.8242723377
 73707.67532672077
 73707.47137988576
 73707.1972593829
 73706.83484908083
 73706.36273077734
 73705.75580520563
 73704.98489243606
 73704.01631167345
 73702.81144044992
 73701.32625321313
 73699.5108393102
 73697.30890036696
 73694.6572270629
 73691.4851553015
 73687.71400177616
 73683.25647893154
 73678.01608932058
 73671.88649935684
 73664.75089246254
 73656.48130161194
 73646.93792127045
 73635.96839872896
 73623.407104834
 73609.07438411322
 73592.77578429639
 73574.30126523205
 73553.4243871995
 73529.90147861642
 73503.47078314199
 73473.85158617554
 73440.74332075057
 73403.82465282452
 73362.75254596389
 73317.1613054249
 73266.66160162975
 73210.83947303821
 73149.25530841503
 73081.44280849253
 73006.90792702886
 72925.12779126187
 72835.54960175831


# name: QUERY
# type: sq_string
# elements: 1
# length: 2
R2


# name: DATASIZE
# type: sq_string
# elements: 1
# length: 3
500


