# Created by Octave 4.0.0, Mon May 23 13:36:29 2016 CEST <peter@Independence>
# name: x
# type: matrix
# rows: 1
# columns: 100
 0.008333333333333333 0.008417508417508417 0.008501683501683501 0.008585858585858586 0.00867003367003367 0.008754208754208754 0.008838383838383838 0.008922558922558922 0.009006734006734006 0.00909090909090909 0.009175084175084175 0.009259259259259259 0.009343434343434343 0.009427609427609427 0.009511784511784511 0.009595959595959595 0.009680134680134681 0.009764309764309764 0.009848484848484849 0.009932659932659932 0.01001683501683502 0.0101010101010101 0.01018518518518519 0.01026936026936027 0.01035353535353535 0.01043771043771044 0.01052188552188552 0.0106060606060606 0.01069023569023569 0.01077441077441077 0.01085858585858586 0.01094276094276094 0.01102693602693603 0.01111111111111111 0.0111952861952862 0.01127946127946128 0.01136363636363636 0.01144781144781145 0.01153198653198653 0.01161616161616162 0.0117003367003367 0.01178451178451178 0.01186868686868687 0.01195286195286195 0.01203703703703704 0.01212121212121212 0.01220538720538721 0.01228956228956229 0.01237373737373737 0.01245791245791246 0.01254208754208754 0.01262626262626263 0.01271043771043771 0.01279461279461279 0.01287878787878788 0.01296296296296296 0.01304713804713805 0.01313131313131313 0.01321548821548822 0.0132996632996633 0.01338383838383839 0.01346801346801347 0.01355218855218855 0.01363636363636364 0.01372053872053872 0.01380471380471381 0.01388888888888889 0.01397306397306397 0.01405723905723906 0.01414141414141414 0.01422558922558923 0.01430976430976431 0.01439393939393939 0.01447811447811448 0.01456228956228956 0.01464646464646465 0.01473063973063973 0.01481481481481482 0.0148989898989899 0.01498316498316498 0.01506734006734007 0.01515151515151515 0.01523569023569024 0.01531986531986532 0.0154040404040404 0.01548821548821549 0.01557239057239057 0.01565656565656566 0.01574074074074074 0.01582491582491583 0.01590909090909091 0.01599326599326599 0.01607744107744108 0.01616161616161616 0.01624579124579125 0.01632996632996633 0.01641414141414142 0.0164983164983165 0.01658249158249158 0.01666666666666667


# name: y
# type: matrix
# rows: 100
# columns: 1
 72992.84101548615
 73008.04599936976
 73021.54874150468
 73033.50523805496
 73044.06050845895
 73053.34912289794
 73061.49571677324
 73068.61549218898
 73074.81470645189
 73080.19114757537
 73084.83459679666
 73088.82727810605
 73092.24429478095
 73095.15405293691
 73097.61867208229
 73099.69438268841
 73101.43191076686
 73102.876849458
 73104.07001763012
 73105.04780548811
 73105.84250719262
 73106.48264048948
 73106.9932533496
 73107.39621761853
 73107.71050967688
 73107.95247811048
 73108.1360983911
 73108.27321456721
 73108.37376796505
 73108.44601290001
 73108.49671939801
 73108.53136292743
 73108.55430114103
 73108.56893762818
 73108.57787267734
 73108.58304104878
 73108.58583675751
 73108.58722486645
 73108.58784028982
 73108.58807360682
 73108.58814388546
 73108.58815851671
 73108.58816005882
 73108.58816009189
 73108.5881600827
 73108.58815925973
 73108.58814949849
 73108.588097217
 73108.58791228151
 73108.5874039225
 73108.58622366098
 73108.58379524481
 73108.57923159543
 73108.57123876484
 73108.55800690268
 73108.53708823364
 73108.5052620451
 73108.45838668493
 73108.39123856966
 73108.29733820276
 73108.16876320315
 73107.99594834409
 73107.76747260217
 73107.4698332165
 73107.08720675828
 73106.60119721059
 73105.99057105815
 73105.23097938772
 73104.29466699841
 73103.15016852244
 73101.76199155598
 73100.0902868002
 73098.09050521294
 73095.71304216963
 73092.90286863623
 73089.59914935038
 73085.73484801347
 73081.2363194948
 73076.02288904254
 73070.00641850739
 73063.09085957606
 73055.17179401398
 73046.1359609214
 73035.86077099317
 73024.21380779686
 73011.05231605601
 72996.2226769418
 72979.55987038302
 72960.88692437645
 72940.01435131875
 72916.73957133354
 72890.84632261907
 72862.10405881288
 72830.26733335007
 72795.07517083877
 72756.25042544965
 72713.49912631535
 72666.50980994345
 72614.95283960711
 72558.47971179076


# name: QUERY
# type: sq_string
# elements: 1
# length: 2
R2


# name: DATASIZE
# type: sq_string
# elements: 1
# length: 3
500


