# Created by Octave 3.8.2, Mon May 23 10:02:48 2016 CEST <Andrea@Andreas-MacBook-Pro.local>
# name: x
# type: matrix
# rows: 1
# columns: 100
 0.05 0.05075757575757577 0.05151515151515151 0.05227272727272728 0.05303030303030303 0.05378787878787879 0.05454545454545455 0.05530303030303031 0.05606060606060606 0.05681818181818182 0.05757575757575757 0.05833333333333333 0.0590909090909091 0.05984848484848485 0.06060606060606061 0.06136363636363636 0.06212121212121212 0.06287878787878788 0.06363636363636364 0.06439393939393939 0.06515151515151515 0.06590909090909092 0.06666666666666667 0.06742424242424243 0.06818181818181818 0.06893939393939394 0.0696969696969697 0.07045454545454545 0.07121212121212121 0.07196969696969698 0.07272727272727272 0.07348484848484849 0.07424242424242425 0.075 0.07575757575757576 0.07651515151515151 0.07727272727272727 0.07803030303030303 0.07878787878787878 0.07954545454545454 0.08030303030303031 0.08106060606060606 0.08181818181818182 0.08257575757575758 0.08333333333333333 0.08409090909090909 0.08484848484848484 0.0856060606060606 0.08636363636363636 0.08712121212121211 0.08787878787878788 0.08863636363636364 0.0893939393939394 0.09015151515151515 0.09090909090909091 0.09166666666666667 0.09242424242424242 0.09318181818181819 0.09393939393939393 0.0946969696969697 0.09545454545454546 0.09621212121212121 0.09696969696969697 0.09772727272727272 0.09848484848484848 0.09924242424242424 0.09999999999999999 0.1007575757575758 0.1015151515151515 0.1022727272727273 0.103030303030303 0.1037878787878788 0.1045454545454546 0.1053030303030303 0.1060606060606061 0.1068181818181818 0.1075757575757576 0.1083333333333333 0.1090909090909091 0.1098484848484848 0.1106060606060606 0.1113636363636364 0.1121212121212121 0.1128787878787879 0.1136363636363636 0.1143939393939394 0.1151515151515151 0.1159090909090909 0.1166666666666667 0.1174242424242424 0.1181818181818182 0.1189393939393939 0.1196969696969697 0.1204545454545455 0.1212121212121212 0.121969696969697 0.1227272727272727 0.1234848484848485 0.1242424242424242 0.125


# name: y
# type: matrix
# rows: 100
# columns: 1
 260497.2217941244
 261263.7098906852
 262038.7367957894
 262822.0937453595
 263613.5682928069
 264412.9444045948
 265220.0025581165
 266034.5198418296
 266856.2700575789
 267685.0238250467
 268520.5486882586
 269362.6092240797
 270210.9671526275
 271065.3814495312
 271925.6084599618
 272791.402014359
 273662.5135457765
 274538.6922087691
 275419.6849997399
 276305.2368786701
 277195.0908921444
 278088.9882975951
 278986.6686886751
 279887.8701216787
 280792.3292429225
 281699.7814169994
 282609.9608558202
 283522.6007483521
 284437.4333909677
 285354.190318314
 286272.6024346122
 287192.4001452987
 288113.3134889167
 289035.0722691684
 289957.4061870372
 290880.0449728895
 291802.7185184656
 292725.1570086697
 293647.091053069
 294568.2518170117
 295488.3711522749
 296407.1817271539
 297324.4171559039
 298239.8121274464
 299153.1025332538
 300064.0255943252
 300972.3199871689
 301877.725968706
 302779.9855000121
 303678.8423688146
 304574.0423106645
 305465.3331287017
 306352.4648119355
 307235.1896519629
 308113.2623580483
 308986.4401704898
 309854.482972198
 310717.153398419
 311574.2169445266
 312425.4420718201
 313270.6003112586
 314109.4663650672
 314941.8182061543
 315767.4371752758
 316586.1080758906
 317397.6192666477
 318201.7627514524
 318998.3342670561
 319787.1333681216
 320567.9635097139
 321340.63212717
 322104.9507133051
 322860.7348929107
 323607.8044945087
 324345.9836193203
 325075.1007074179
 325794.9886010262
 326505.4846049416
 327206.4305440435
 327897.6728178718
 328579.0624522464
 329250.4551479102
 329911.7113261755
 330562.6961715595
 331203.2796713949
 331833.3366524058
 332452.7468142387
 333061.3947599442
 333659.1700234058
 334245.9670937138
 334821.6854364859
 335386.2295121391
 335939.5087911169
 336481.4377660821
 337011.9359610853
 337530.9279377207
 338038.3432982869
 338534.1166859681
 339018.1877820565
 339490.5013002365


# name: QUERY
# type: sq_string
# elements: 1
# length: 2
Q4


# name: DATASIZE
# type: sq_string
# elements: 1
# length: 2
50


