# Created by Octave 3.8.2, Mon May 23 10:02:48 2016 CEST <Andrea@Andreas-MacBook-Pro.local>
# name: x
# type: matrix
# rows: 1
# columns: 100
 0.05 0.05075757575757577 0.05151515151515151 0.05227272727272728 0.05303030303030303 0.05378787878787879 0.05454545454545455 0.05530303030303031 0.05606060606060606 0.05681818181818182 0.05757575757575757 0.05833333333333333 0.0590909090909091 0.05984848484848485 0.06060606060606061 0.06136363636363636 0.06212121212121212 0.06287878787878788 0.06363636363636364 0.06439393939393939 0.06515151515151515 0.06590909090909092 0.06666666666666667 0.06742424242424243 0.06818181818181818 0.06893939393939394 0.0696969696969697 0.07045454545454545 0.07121212121212121 0.07196969696969698 0.07272727272727272 0.07348484848484849 0.07424242424242425 0.075 0.07575757575757576 0.07651515151515151 0.07727272727272727 0.07803030303030303 0.07878787878787878 0.07954545454545454 0.08030303030303031 0.08106060606060606 0.08181818181818182 0.08257575757575758 0.08333333333333333 0.08409090909090909 0.08484848484848484 0.0856060606060606 0.08636363636363636 0.08712121212121211 0.08787878787878788 0.08863636363636364 0.0893939393939394 0.09015151515151515 0.09090909090909091 0.09166666666666667 0.09242424242424242 0.09318181818181819 0.09393939393939393 0.0946969696969697 0.09545454545454546 0.09621212121212121 0.09696969696969697 0.09772727272727272 0.09848484848484848 0.09924242424242424 0.09999999999999999 0.1007575757575758 0.1015151515151515 0.1022727272727273 0.103030303030303 0.1037878787878788 0.1045454545454546 0.1053030303030303 0.1060606060606061 0.1068181818181818 0.1075757575757576 0.1083333333333333 0.1090909090909091 0.1098484848484848 0.1106060606060606 0.1113636363636364 0.1121212121212121 0.1128787878787879 0.1136363636363636 0.1143939393939394 0.1151515151515151 0.1159090909090909 0.1166666666666667 0.1174242424242424 0.1181818181818182 0.1189393939393939 0.1196969696969697 0.1204545454545455 0.1212121212121212 0.121969696969697 0.1227272727272727 0.1234848484848485 0.1242424242424242 0.125


# name: y
# type: matrix
# rows: 1
# columns: 100
 207509.8079886013 209443.624952651 211377.4419167008 213311.2588807505 215245.0758448003 217178.89280885 219112.7097728997 221046.5267369495 222980.3437009993 224914.160665049 226847.9776290988 228781.7945931485 230715.6115571983 232649.428521248 234583.2454852978 236517.0624493475 238450.8794133972 240384.696377447 242318.5133414967 244252.3303055465 246186.1472695962 248119.964233646 250053.7811976957 251987.5981617455 253921.4151257952 255855.2320898449 257789.0490538947 259722.8660179444 261656.6829819942 263590.4999460439 265524.3169100937 267458.1338741434 269391.9508381932 271325.7678022429 273259.5847662927 275193.4017303424 277127.2186943922 279061.0356584419 280994.8526224917 282928.6695865414 284862.4865505911 286796.3035146409 288730.1204786907 290663.9374427404 292597.7544067901 294531.5713708399 296465.3883348896 298399.2052989394 300333.0222629891 302266.8392270388 304200.6561910886 306134.4731551384 308068.2901191881 310002.1070832378 311935.9240472876 313869.7410113374 315803.5579753871 317737.3749394368 319671.1919034866 321605.0088675363 323538.8258315861 325472.6427956359 327406.4597596856 329340.2767237353 331274.0936877851 333207.9106518348 335141.7276158846 337075.5445799343 339009.361543984 340943.1785080338 342876.9954720836 344810.8124361333 346744.629400183 348678.4463642328 350612.2633282825 352546.0802923323 354479.897256382 356413.7142204318 358347.5311844815 360281.3481485313 362215.165112581 364148.9820766308 366082.7990406805 368016.6160047303 369950.43296878 371884.2499328298 373818.0668968795 375751.8838609292 377685.700824979 379619.5177890288 381553.3347530785 383487.1517171282 385420.9686811779 387354.7856452277 389288.6026092775 391222.4195733272 393156.236537377 395090.0535014267 397023.8704654764 398957.6874295262


# name: QUERY
# type: sq_string
# elements: 1
# length: 2
Q4


# name: DATASIZE
# type: sq_string
# elements: 1
# length: 2
50


