# Created by Octave 3.8.2, Mon May 23 10:02:48 2016 CEST <Andrea@Andreas-MacBook-Pro.local>
# name: x
# type: matrix
# rows: 1
# columns: 100
 0.05 0.05075757575757577 0.05151515151515151 0.05227272727272728 0.05303030303030303 0.05378787878787879 0.05454545454545455 0.05530303030303031 0.05606060606060606 0.05681818181818182 0.05757575757575757 0.05833333333333333 0.0590909090909091 0.05984848484848485 0.06060606060606061 0.06136363636363636 0.06212121212121212 0.06287878787878788 0.06363636363636364 0.06439393939393939 0.06515151515151515 0.06590909090909092 0.06666666666666667 0.06742424242424243 0.06818181818181818 0.06893939393939394 0.0696969696969697 0.07045454545454545 0.07121212121212121 0.07196969696969698 0.07272727272727272 0.07348484848484849 0.07424242424242425 0.075 0.07575757575757576 0.07651515151515151 0.07727272727272727 0.07803030303030303 0.07878787878787878 0.07954545454545454 0.08030303030303031 0.08106060606060606 0.08181818181818182 0.08257575757575758 0.08333333333333333 0.08409090909090909 0.08484848484848484 0.0856060606060606 0.08636363636363636 0.08712121212121211 0.08787878787878788 0.08863636363636364 0.0893939393939394 0.09015151515151515 0.09090909090909091 0.09166666666666667 0.09242424242424242 0.09318181818181819 0.09393939393939393 0.0946969696969697 0.09545454545454546 0.09621212121212121 0.09696969696969697 0.09772727272727272 0.09848484848484848 0.09924242424242424 0.09999999999999999 0.1007575757575758 0.1015151515151515 0.1022727272727273 0.103030303030303 0.1037878787878788 0.1045454545454546 0.1053030303030303 0.1060606060606061 0.1068181818181818 0.1075757575757576 0.1083333333333333 0.1090909090909091 0.1098484848484848 0.1106060606060606 0.1113636363636364 0.1121212121212121 0.1128787878787879 0.1136363636363636 0.1143939393939394 0.1151515151515151 0.1159090909090909 0.1166666666666667 0.1174242424242424 0.1181818181818182 0.1189393939393939 0.1196969696969697 0.1204545454545455 0.1212121212121212 0.121969696969697 0.1227272727272727 0.1234848484848485 0.1242424242424242 0.125


# name: y
# type: matrix
# rows: 100
# columns: 1
 242555.1398087072
 243615.400320464
 244675.6608322209
 245735.9213439782
 246796.1818557346
 247856.4423674915
 248916.7028792482
 249976.9633910053
 251037.2239027621
 252097.484414519
 253157.7449262757
 254218.0054380326
 255278.2659497892
 256338.5264615459
 257398.786973303
 258459.0474850597
 259519.3079968168
 260579.5685085735
 261639.8290203304
 262700.0895320872
 263760.350043844
 264820.6105556008
 265880.8710673577
 266941.1315791144
 268001.3920908713
 269061.6526026281
 270121.9131143849
 271182.1736261417
 272242.4341378986
 273302.6946496555
 274362.9551614123
 275423.2156731691
 276483.4761849259
 277543.7366966828
 278603.9972084396
 279664.2577201964
 280724.5182319533
 281784.7787437101
 282845.0392554669
 283905.2997672238
 284965.5602789806
 286025.8207907374
 287086.0813024943
 288146.341814251
 289206.6023260079
 290266.8628377647
 291327.1233495215
 292387.3838612784
 293447.6443730352
 294507.904884792
 295568.1653965488
 296628.4259083057
 297688.6864200625
 298748.9469318195
 299809.2074435762
 300869.4679553331
 301929.7284670899
 302989.9889788468
 304050.2494906035
 305110.5100023603
 306170.7705141172
 307231.0310258738
 308291.2915376309
 309351.5520493876
 310411.8125611446
 311472.0730729012
 312532.3335846582
 313592.5940964152
 314652.8546081719
 315713.1151199287
 316773.3756316854
 317833.6361434425
 318893.8966551987
 319954.1571669561
 321014.4176787126
 322074.6781904697
 323134.9387022265
 324195.1992139834
 325255.4597257399
 326315.7202374972
 327375.9807492538
 328436.2412610106
 329496.5017727676
 330556.7622845242
 331617.0227962809
 332677.2833080377
 333737.5438197947
 334797.8043315517
 335858.0648433083
 336918.3253550649
 337978.5858668216
 339038.8463785789
 340099.1068903356
 341159.3674020929
 342219.6279138491
 343279.8884256064
 344340.1489373628
 345400.4094491199
 346460.669960877
 347520.9304726338


# name: QUERY
# type: sq_string
# elements: 1
# length: 2
Q4


# name: DATASIZE
# type: sq_string
# elements: 1
# length: 2
50


