# Created by Octave 3.8.2, Mon May 23 10:02:38 2016 CEST <Andrea@Andreas-MacBook-Pro.local>
# name: mu
# type: matrix
# rows: 1
# columns: 15
 284519.7848101266 54.30379746835443 68556.24050632911 115890.2025316456 16.81012658227848 2617.278481012658 5495.53164556962 55621.62025316455 85539.06329113925 21365991.36708861 21527299.83544304 660.2658227848101 23681.53164556962 5069 0.080168776371308


# name: sigma
# type: matrix
# rows: 1
# columns: 15
 73164.59868638848 24.36809306764334 25620.53572280382 34597.69723342713 3.806458578107534 566.8914095062846 1683.369010808332 12340.72337914639 25006.37640956739 2930821.727653658 2954922.035103917 532.2666265751221 12234.31512112387 0 0.02883059734154725


