# Created by Octave 3.8.2, Mon May 23 10:02:48 2016 CEST <Andrea@Andreas-MacBook-Pro.local>
# name: x
# type: matrix
# rows: 1
# columns: 100
 0.05 0.05075757575757577 0.05151515151515151 0.05227272727272728 0.05303030303030303 0.05378787878787879 0.05454545454545455 0.05530303030303031 0.05606060606060606 0.05681818181818182 0.05757575757575757 0.05833333333333333 0.0590909090909091 0.05984848484848485 0.06060606060606061 0.06136363636363636 0.06212121212121212 0.06287878787878788 0.06363636363636364 0.06439393939393939 0.06515151515151515 0.06590909090909092 0.06666666666666667 0.06742424242424243 0.06818181818181818 0.06893939393939394 0.0696969696969697 0.07045454545454545 0.07121212121212121 0.07196969696969698 0.07272727272727272 0.07348484848484849 0.07424242424242425 0.075 0.07575757575757576 0.07651515151515151 0.07727272727272727 0.07803030303030303 0.07878787878787878 0.07954545454545454 0.08030303030303031 0.08106060606060606 0.08181818181818182 0.08257575757575758 0.08333333333333333 0.08409090909090909 0.08484848484848484 0.0856060606060606 0.08636363636363636 0.08712121212121211 0.08787878787878788 0.08863636363636364 0.0893939393939394 0.09015151515151515 0.09090909090909091 0.09166666666666667 0.09242424242424242 0.09318181818181819 0.09393939393939393 0.0946969696969697 0.09545454545454546 0.09621212121212121 0.09696969696969697 0.09772727272727272 0.09848484848484848 0.09924242424242424 0.09999999999999999 0.1007575757575758 0.1015151515151515 0.1022727272727273 0.103030303030303 0.1037878787878788 0.1045454545454546 0.1053030303030303 0.1060606060606061 0.1068181818181818 0.1075757575757576 0.1083333333333333 0.1090909090909091 0.1098484848484848 0.1106060606060606 0.1113636363636364 0.1121212121212121 0.1128787878787879 0.1136363636363636 0.1143939393939394 0.1151515151515151 0.1159090909090909 0.1166666666666667 0.1174242424242424 0.1181818181818182 0.1189393939393939 0.1196969696969697 0.1204545454545455 0.1212121212121212 0.121969696969697 0.1227272727272727 0.1234848484848485 0.1242424242424242 0.125


# name: y
# type: matrix
# rows: 100
# columns: 1
 277834.4827943622
 277834.4342940142
 277834.3916536217
 277834.3542925376
 277834.3216743782
 277834.2933047148
 277834.2687288262
 277834.247529513
 277834.2293249748
 277834.2137667478
 277834.2005377056
 277834.189350121
 277834.1799437901
 277834.1720842181
 277834.1655608669
 277834.1601854651
 277834.1557903788
 277834.1522270454
 277834.1493644684
 277834.147087775
 277834.1452968345
 277834.1439049394
 277834.1428375476
 277834.1420310877
 277834.1414318248
 277834.1409947888
 277834.1406827647
 277834.1404653446
 277834.1403180416
 277834.1402214651
 277834.1401605592
 277834.1401239015
 277834.1401030646
 277834.1400920397
 277834.1400867209
 277834.1400844531
 277834.14008364
 277834.1400834153
 277834.140083375
 277834.1400833719
 277834.1400833718
 277834.1400833721
 277834.140083381
 277834.1400834603
 277834.1400838284
 277834.1400850265
 277834.140088146
 277834.1400951174
 277834.1401090623
 277834.1401347057
 277834.1401788518
 277834.1402509201
 277834.1403635447
 277834.1405332347
 277834.1407810962
 277834.1411336173
 277834.1416235141
 277834.1422906385
 277834.1431829483
 277834.1443575392
 277834.1458817378
 277834.1478342582
 277834.1503064183
 277834.1534034198
 277834.1572456891
 277834.1619702803
 277834.1677323401
 277834.1747066344
 277834.1830891373
 277834.1930986813
 277834.2049786695
 277834.2189988502
 277834.2354571527
 277834.2546815855
 277834.2770321959
 277834.3029030917
 277834.3327245249
 277834.3669650372
 277834.4061336673
 277834.4507822195
 277834.5015075955
 277834.5589541871
 277834.6238163306
 277834.696840824
 277834.7788295051
 277834.870641892
 277834.9731978853
 277835.0874805326
 277835.2145388538
 277835.3554907297
 277835.511525851
 277835.6839087305
 277835.8739817764
 277836.0831684272
 277836.3129763496
 277836.5650006971
 277836.840927431
 277837.1425367033
 277837.4717063014
 277837.8304151546


# name: QUERY
# type: sq_string
# elements: 1
# length: 2
Q4


# name: DATASIZE
# type: sq_string
# elements: 1
# length: 2
50


