# Created by Octave 3.8.2, Mon May 23 10:02:48 2016 CEST <Andrea@Andreas-MacBook-Pro.local>
# name: x
# type: matrix
# rows: 1
# columns: 100
 0.05 0.05075757575757577 0.05151515151515151 0.05227272727272728 0.05303030303030303 0.05378787878787879 0.05454545454545455 0.05530303030303031 0.05606060606060606 0.05681818181818182 0.05757575757575757 0.05833333333333333 0.0590909090909091 0.05984848484848485 0.06060606060606061 0.06136363636363636 0.06212121212121212 0.06287878787878788 0.06363636363636364 0.06439393939393939 0.06515151515151515 0.06590909090909092 0.06666666666666667 0.06742424242424243 0.06818181818181818 0.06893939393939394 0.0696969696969697 0.07045454545454545 0.07121212121212121 0.07196969696969698 0.07272727272727272 0.07348484848484849 0.07424242424242425 0.075 0.07575757575757576 0.07651515151515151 0.07727272727272727 0.07803030303030303 0.07878787878787878 0.07954545454545454 0.08030303030303031 0.08106060606060606 0.08181818181818182 0.08257575757575758 0.08333333333333333 0.08409090909090909 0.08484848484848484 0.0856060606060606 0.08636363636363636 0.08712121212121211 0.08787878787878788 0.08863636363636364 0.0893939393939394 0.09015151515151515 0.09090909090909091 0.09166666666666667 0.09242424242424242 0.09318181818181819 0.09393939393939393 0.0946969696969697 0.09545454545454546 0.09621212121212121 0.09696969696969697 0.09772727272727272 0.09848484848484848 0.09924242424242424 0.09999999999999999 0.1007575757575758 0.1015151515151515 0.1022727272727273 0.103030303030303 0.1037878787878788 0.1045454545454546 0.1053030303030303 0.1060606060606061 0.1068181818181818 0.1075757575757576 0.1083333333333333 0.1090909090909091 0.1098484848484848 0.1106060606060606 0.1113636363636364 0.1121212121212121 0.1128787878787879 0.1136363636363636 0.1143939393939394 0.1151515151515151 0.1159090909090909 0.1166666666666667 0.1174242424242424 0.1181818181818182 0.1189393939393939 0.1196969696969697 0.1204545454545455 0.1212121212121212 0.121969696969697 0.1227272727272727 0.1234848484848485 0.1242424242424242 0.125


# name: y
# type: matrix
# rows: 100
# columns: 1
 274996.1227342125
 274987.8648297287
 274980.2209833818
 274973.1599721339
 274966.6513876853
 274960.6656364748
 274955.173939679
 274950.1483332131
 274945.5616677302
 274941.3876086219
 274937.600636018
 274934.1760447864
 274931.0899445332
 274928.3192596031
 274925.8417290784
 274923.6359067803
 274921.6811612678
 274919.9576758381
 274918.446448527
 274917.1292921083
 274915.9888340938
 274915.0085167341
 274914.1725970174
 274913.4661466706
 274912.8750521586
 274912.3860146846
 274911.9865501901
 274911.6649893546
 274911.4104775961
 274911.2129750706
 274911.0632566726
 274910.9529120346
 274910.8743455273
 274910.8207762599
 274910.7862380795
 274910.7655795717
 274910.7544640602
 274910.749369607
 274910.7475890122
 274910.7472298142
 274910.7472142898
 274910.7472794537
 274910.7479770591
 274910.7506735973
 274910.7575502979
 274910.7716031286
 274910.7966427956
 274910.837294743
 274910.8989991534
 274910.9880109474
 274911.111399784
 274911.2770500605
 274911.4936609121
 274911.7707462126
 274912.1186345737
 274912.5484693457
 274913.0722086168
 274913.7026252135
 274914.4533067008
 274915.3386553816
 274916.3738882971
 274917.5750372268
 274918.9589486886
 274920.5432839382
 274922.3465189699
 274924.387944516
 274926.6876660472
 274929.2666037724
 274932.1464926386
 274935.3498823312
 274938.9001372738
 274942.821436628
 274947.138774294
 274951.87795891
 274957.0656138523
 274962.7291772359
 274968.8969019136
 274975.5978554765
 274982.8619202541
 274990.7197933139
 274999.2029864619
 275008.3438262421
 275018.1754539369
 275028.7318255667
 275040.0477118904
 275052.158698405
 275065.1011853457
 275078.912387686
 275093.6303351376
 275109.2938721504
 275125.9426579126
 275143.6171663505
 275162.3586861288
 275182.2093206503
 275203.2119880562
 275225.4104212257
 275248.8491677764
 275273.573590064
 275299.6298651826
 275327.0649849643


# name: QUERY
# type: sq_string
# elements: 1
# length: 2
Q4


# name: DATASIZE
# type: sq_string
# elements: 1
# length: 2
50


