# Created by Octave 3.8.2, Mon May 23 10:02:48 2016 CEST <Andrea@Andreas-MacBook-Pro.local>
# name: x
# type: matrix
# rows: 1
# columns: 100
 0.05 0.05075757575757577 0.05151515151515151 0.05227272727272728 0.05303030303030303 0.05378787878787879 0.05454545454545455 0.05530303030303031 0.05606060606060606 0.05681818181818182 0.05757575757575757 0.05833333333333333 0.0590909090909091 0.05984848484848485 0.06060606060606061 0.06136363636363636 0.06212121212121212 0.06287878787878788 0.06363636363636364 0.06439393939393939 0.06515151515151515 0.06590909090909092 0.06666666666666667 0.06742424242424243 0.06818181818181818 0.06893939393939394 0.0696969696969697 0.07045454545454545 0.07121212121212121 0.07196969696969698 0.07272727272727272 0.07348484848484849 0.07424242424242425 0.075 0.07575757575757576 0.07651515151515151 0.07727272727272727 0.07803030303030303 0.07878787878787878 0.07954545454545454 0.08030303030303031 0.08106060606060606 0.08181818181818182 0.08257575757575758 0.08333333333333333 0.08409090909090909 0.08484848484848484 0.0856060606060606 0.08636363636363636 0.08712121212121211 0.08787878787878788 0.08863636363636364 0.0893939393939394 0.09015151515151515 0.09090909090909091 0.09166666666666667 0.09242424242424242 0.09318181818181819 0.09393939393939393 0.0946969696969697 0.09545454545454546 0.09621212121212121 0.09696969696969697 0.09772727272727272 0.09848484848484848 0.09924242424242424 0.09999999999999999 0.1007575757575758 0.1015151515151515 0.1022727272727273 0.103030303030303 0.1037878787878788 0.1045454545454546 0.1053030303030303 0.1060606060606061 0.1068181818181818 0.1075757575757576 0.1083333333333333 0.1090909090909091 0.1098484848484848 0.1106060606060606 0.1113636363636364 0.1121212121212121 0.1128787878787879 0.1136363636363636 0.1143939393939394 0.1151515151515151 0.1159090909090909 0.1166666666666667 0.1174242424242424 0.1181818181818182 0.1189393939393939 0.1196969696969697 0.1204545454545455 0.1212121212121212 0.121969696969697 0.1227272727272727 0.1234848484848485 0.1242424242424242 0.125


# name: y
# type: matrix
# rows: 100
# columns: 1
 281844.7794955614
 281688.5691286182
 281536.3312770423
 281388.0659408338
 281243.7731199925
 281103.4528145185
 280967.1050244118
 280834.7297496724
 280706.3269903003
 280581.8967462956
 280461.4390176581
 280344.9538043879
 280232.441106485
 280123.9009239494
 280019.333256781
 279918.73810498
 279822.1154685463
 279729.4653474799
 279640.7877417808
 279556.082651449
 279475.3500764845
 279398.5900168873
 279325.8024726573
 279256.9874437947
 279192.1449302994
 279131.2749321714
 279074.3774494107
 279021.4524820172
 278972.5000299911
 278927.5200933323
 278886.5126720407
 278849.4777661165
 278816.4153755595
 278787.3255003699
 278762.2081405476
 278741.0632960925
 278723.8909670048
 278710.6911532843
 278701.4638549312
 278696.2090719453
 278694.9268043268
 278697.6170520755
 278704.2798151915
 278714.9150936748
 278729.5228875255
 278748.1031967434
 278770.6560213286
 278797.1813612812
 278827.679216601
 278862.1495872881
 278900.5924733425
 278943.0078747643
 278989.3957915533
 279039.7562237096
 279094.0891712332
 279152.3946341241
 279214.6726123823
 279280.9231060078
 279351.1461150007
 279425.3416393607
 279503.5096790881
 279585.6502341828
 279671.7633046448
 279761.8488904741
 279855.9069916707
 279953.9376082346
 280055.9407401658
 280161.9163874643
 280271.86455013
 280385.7852281631
 280503.6784215635
 280625.5441303312
 280751.3823544661
 280881.1930939684
 281014.976348838
 281152.7321190748
 281294.460404679
 281440.1612056505
 281589.8345219893
 281743.4803536953
 281901.0987007687
 282062.6895632093
 282228.2529410173
 282397.7888341925
 282571.2972427351
 282748.7781666449
 282930.231605922
 283115.6575605665
 283305.0560305783
 283498.4270159573
 283695.7705167036
 283897.0865328172
 284102.3750642982
 284311.6361111464
 284524.8696733619
 284742.0757509448
 284963.2543438949
 285188.4054522123
 285417.529075897
 285650.625214949


# name: QUERY
# type: sq_string
# elements: 1
# length: 2
Q4


# name: DATASIZE
# type: sq_string
# elements: 1
# length: 2
50


