# Created by Octave 4.0.0, Wed May 11 23:26:32 2016 CEST <peter@Independence>
# name: mu
# type: matrix
# rows: 1
# columns: 13
 27059.41971830986 13.89014084507042 14.6 13578.70704225352 15874.21690140845 1389.490140845071 1572.695774647887 3713.264788732394 4178.064788732394 259.4028169014085 456.2535211267606 561.9718309859155 88.98591549295774


