# Created by Octave 4.0.0, Wed May 11 23:27:21 2016 CEST <peter@Independence>
# name: y
# type: matrix
# rows: 1
# columns: 100
 26963.18676767408 26965.19888284773 26967.21099802137 26969.22311319501 26971.23522836866 26973.2473435423 26975.25945871594 26977.27157388959 26979.28368906323 26981.29580423687 26983.30791941052 26985.32003458416 26987.3321497578 26989.34426493145 26991.35638010509 26993.36849527873 26995.38061045237 26997.39272562602 26999.40484079966 27001.4169559733 27003.42907114695 27005.44118632059 27007.45330149423 27009.46541666787 27011.47753184152 27013.48964701516 27015.5017621888 27017.51387736245 27019.52599253609 27021.53810770973 27023.55022288338 27025.56233805702 27027.57445323066 27029.58656840431 27031.59868357795 27033.61079875159 27035.62291392524 27037.63502909888 27039.64714427252 27041.65925944617 27043.67137461981 27045.68348979345 27047.6956049671 27049.70772014074 27051.71983531438 27053.73195048803 27055.74406566167 27057.75618083531 27059.76829600896 27061.7804111826 27063.79252635624 27065.80464152988 27067.81675670353 27069.82887187717 27071.84098705081 27073.85310222446 27075.8652173981 27077.87733257174 27079.88944774539 27081.90156291903 27083.91367809267 27085.92579326632 27087.93790843996 27089.9500236136 27091.96213878725 27093.97425396089 27095.98636913453 27097.99848430817 27100.01059948182 27102.02271465546 27104.0348298291 27106.04694500275 27108.05906017639 27110.07117535003 27112.08329052368 27114.09540569732 27116.10752087096 27118.1196360446 27120.13175121825 27122.14386639189 27124.15598156553 27126.16809673918 27128.18021191282 27130.19232708646 27132.20444226011 27134.21655743375 27136.22867260739 27138.24078778104 27140.25290295468 27142.26501812832 27144.27713330197 27146.28924847561 27148.30136364925 27150.3134788229 27152.32559399654 27154.33770917018 27156.34982434383 27158.36193951747 27160.37405469111 27162.38616986476


