# Created by Octave 4.0.0, Wed May 11 23:26:32 2016 CEST <peter@Independence>
# name: sigma
# type: matrix
# rows: 1
# columns: 13
 5582.426820361809 23.32130736255478 24.85092275111569 2464.843025411966 2839.110347593983 128.3506267109702 393.2872799705273 1103.702703857532 1454.726692553571 250.8991817983288 621.7762172671421 274.3076529552209 20.89217202479785


