# Created by Octave 4.0.0, Wed May 11 23:27:21 2016 CEST <peter@Independence>
# name: y
# type: matrix
# rows: 100
# columns: 1
 25254.96025279211
 25259.4599393236
 25264.20256191074
 25269.17302654534
 25274.35640658089
 25279.73796080533
 25285.30315127224
 25291.03766086617
 25296.92741057877
 25302.95857647296
 25309.11760631213
 25315.39123583248
 25321.7665046367
 25328.230771687
 25334.77173037823
 25341.37742316922
 25348.03625575386
 25354.73701075262
 25361.46886090585
 25368.2213817521
 25374.98456377288
 25381.74882398964
 25388.50501699595
 25395.24444541075
 25401.95886973901
 25408.64051762635
 25415.28209249553
 25421.87678155349
 25428.41826315887
 25434.90071353925
 25441.31881285107
 25447.66775057324
 25453.94323022814
 25460.14147342454
 25466.25922321638
 25472.29374677506
 25478.24283737116
 25484.104815664
 25489.87853029794
 25495.56335780554
 25501.15920181885
 25506.66649158957
 25512.08617982285
 25517.41973982668
 25522.66916198317
 25527.83694954677
 25532.92611377641
 25537.94016840868
 25542.88312348192
 25547.75947851889
 25552.57421508017
 25557.33278869787
 25562.04112020326
 25566.70558645982
 25571.33301051672
 25575.93065119583
 25580.5061921289
 25585.06773025993
 25589.62376382982
 25594.18317986072
 25598.75524115772
 25603.34957284724
 25607.9761484706
 25612.6452756532
 25617.36758136947
 25622.15399682386
 25627.0157419707
 25631.96430969263
 25637.01144966164
 25642.16915190408
 25647.44963009274
 25652.86530458943
 25658.42878526114
 25664.15285409329
 25670.05044762457
 25676.13463922617
 25682.41862125048
 25688.9156870727
 25695.63921305025
 25702.60264042301
 25709.81945717975
 25717.30317991382
 25725.06733569279
 25733.12544396529
 25741.49099852885
 25750.1774495823
 25759.19818588567
 25768.56651705053
 25778.29565598353
 25788.39870150494
 25798.88862116463
 25809.77823427613
 25821.08019519091
 25832.80697683189
 25844.97085450807
 25857.58389002786
 25870.65791613185
 25884.20452126233
 25898.2350346877
 25912.76051199903


