# Created by Octave 4.0.0, Wed May 11 23:27:21 2016 CEST <peter@Independence>
# name: y
# type: matrix
# rows: 100
# columns: 1
 26856.69858416982
 26855.95268690218
 26855.20678963468
 26854.46089236721
 26853.71499509966
 26852.96909783216
 26852.22320056466
 26851.47730329717
 26850.73140602962
 26849.98550876209
 26849.23961149454
 26848.4937142271
 26847.74781695951
 26847.00191969205
 26846.25602242458
 26845.51012515702
 26844.76422788948
 26844.01833062203
 26843.27243335445
 26842.526536087
 26841.7806388195
 26841.03474155191
 26840.28884428444
 26839.54294701694
 26838.79704974941
 26838.05115248188
 26837.30525521432
 26836.55935794684
 26835.81346067932
 26835.06756341183
 26834.32166614429
 26833.57576887679
 26832.82987160926
 26832.08397434177
 26831.33807707425
 26830.59217980674
 26829.84628253922
 26829.10038527171
 26828.35448800421
 26827.60859073669
 26826.86269346917
 26826.11679620165
 26825.37089893413
 26824.62500166664
 26823.87910439911
 26823.1332071316
 26822.38730986409
 26821.64141259657
 26820.89551532906
 26820.14961806154
 26819.40372079403
 26818.65782352652
 26817.911926259
 26817.16602899149
 26816.42013172397
 26815.67423445647
 26814.92833718895
 26814.18243992142
 26813.4365426539
 26812.69064538641
 26811.94474811888
 26811.19885085135
 26810.45295358387
 26809.70705631634
 26808.96115904881
 26808.21526178129
 26807.4693645138
 26806.72346724632
 26805.9775699788
 26805.23167271127
 26804.48577544378
 26803.73987817623
 26802.99398090873
 26802.24808364124
 26801.50218637367
 26800.75628910617
 26800.01039183867
 26799.26449457116
 26798.51859730361
 26797.77270003605
 26797.02680276861
 26796.28090550108
 26795.5350082336
 26794.78911096604
 26794.04321369853
 26793.29731643105
 26792.55141916342
 26791.80552189601
 26791.05962462847
 26790.31372736094
 26789.56783009353
 26788.82193282599
 26788.07603555842
 26787.33013829092
 26786.58424102335
 26785.83834375592
 26785.09244648838
 26784.34654922083
 26783.60065195333
 26782.8547546857


