# Created by Octave 4.0.0, Wed May 11 23:27:21 2016 CEST <peter@Independence>
# name: y
# type: matrix
# rows: 100
# columns: 1
 24269.50855631835
 24269.04069272759
 24268.5923911544
 24268.16323384582
 24267.75280304891
 24267.3606810107
 24266.98644997826
 24266.6296921986
 24266.2899899188
 24265.96692538588
 24265.66008084691
 24265.36903854891
 24265.09338073894
 24264.83268966405
 24264.58654757127
 24264.35453670766
 24264.13623932026
 24263.93123765611
 24263.73911396226
 24263.55945048576
 24263.39182947365
 24263.23583317298
 24263.0910438308
 24262.95704369414
 24262.83341501006
 24262.71974002559
 24262.61560098779
 24262.5205801437
 24262.43425974037
 24262.35622202485
 24262.28604924417
 24262.22332364538
 24262.16762747553
 24262.11854298166
 24262.07565241083
 24262.03853801007
 24262.00678202643
 24261.97996670696
 24261.9576742987
 24261.9394870487
 24261.92498720401
 24261.91375701166
 24261.9053787187
 24261.89943457219
 24261.89550681916
 24261.89317770666
 24261.89202948174
 24261.89164439145
 24261.89160468282
 24261.8914926029
 24261.89089039874
 24261.88938031739
 24261.88654460589
 24261.88196551128
 24261.87522528062
 24261.86590616094
 24261.8535903993
 24261.83786024273
 24261.81829793828
 24261.79448573301
 24261.76600587395
 24261.73244060815
 24261.69337218266
 24261.64838284451
 24261.59705484077
 24261.53897041847
 24261.47371182465
 24261.40086130637
 24261.32000111067
 24261.23071348459
 24261.13258067519
 24261.0251849295
 24260.90810849457
 24260.78093361745
 24260.64324254518
 24260.49461752481
 24260.33464080339
 24260.16289462795
 24259.97896124555
 24259.78242290323
 24259.57286184803
 24259.34986032701
 24259.1130005872
 24258.86186487566
 24258.59603543942
 24258.31509452554
 24258.01862438106
 24257.70620725302
 24257.37742538848
 24257.03186103447
 24256.66909643804
 24256.28871384624
 24255.89029550612
 24255.47342366471
 24255.03768056906
 24254.58264846623
 24254.10790960325
 24253.61304622717
 24253.09764058504
 24252.5612749239


