# Created by Octave 3.8.2, Mon May 23 11:21:53 2016 CEST <Andrea@Andreas-MacBook-Pro.local>
# name: x
# type: matrix
# rows: 1
# columns: 100
 60 60.60606060606061 61.21212121212121 61.81818181818181 62.42424242424242 63.03030303030303 63.63636363636363 64.24242424242425 64.84848484848484 65.45454545454545 66.06060606060606 66.66666666666666 67.27272727272727 67.87878787878788 68.48484848484848 69.09090909090909 69.69696969696969 70.3030303030303 70.90909090909091 71.51515151515152 72.12121212121212 72.72727272727272 73.33333333333333 73.93939393939394 74.54545454545455 75.15151515151516 75.75757575757575 76.36363636363636 76.96969696969697 77.57575757575758 78.18181818181819 78.78787878787878 79.39393939393939 80 80.60606060606061 81.21212121212122 81.81818181818181 82.42424242424242 83.03030303030303 83.63636363636364 84.24242424242425 84.84848484848484 85.45454545454545 86.06060606060606 86.66666666666667 87.27272727272727 87.87878787878788 88.48484848484848 89.09090909090909 89.6969696969697 90.3030303030303 90.90909090909091 91.51515151515152 92.12121212121212 92.72727272727272 93.33333333333333 93.93939393939394 94.54545454545455 95.15151515151516 95.75757575757576 96.36363636363636 96.96969696969697 97.57575757575758 98.18181818181819 98.78787878787878 99.39393939393939 100 100.6060606060606 101.2121212121212 101.8181818181818 102.4242424242424 103.030303030303 103.6363636363636 104.2424242424242 104.8484848484848 105.4545454545455 106.0606060606061 106.6666666666667 107.2727272727273 107.8787878787879 108.4848484848485 109.0909090909091 109.6969696969697 110.3030303030303 110.9090909090909 111.5151515151515 112.1212121212121 112.7272727272727 113.3333333333333 113.9393939393939 114.5454545454545 115.1515151515152 115.7575757575758 116.3636363636364 116.969696969697 117.5757575757576 118.1818181818182 118.7878787878788 119.3939393939394 120


# name: y
# type: matrix
# rows: 100
# columns: 1
 510391.1302022767
 510712.6695097419
 510998.6150929911
 511248.2329613986
 511460.8150288081
 511635.680401043
 511772.176640775
 511869.6810071617
 511927.6016676754
 511945.3788795686
 511922.4861384458
 511858.4312914449
 511752.7576125698
 511605.0448377613
 511414.910157343
 511182.0091635372
 510906.0367508085
 510586.7279668609
 510223.8588121887
 509817.2469861649
 509366.7525777304
 508872.2786988454
 508333.7720589556
 507751.2234788305
 507124.6683422338
 506454.1869840014
 505739.9050132125
 504981.9935702626
 504180.6695167678
 503336.1955573566
 502448.8802925377
 501519.0782019609
 500547.1895575276
 499533.6602659435
 498478.9816404459
 497383.6901015798
 496248.3668070398
 495073.6372107398
 493860.1705514141
 492608.6792712022
 491319.9183648098
 489994.6846599882
 488633.8160302108
 487238.1905405754
 485808.7255280935
 484346.376617674
 482852.1366752406
 481327.0346995558
 479772.1346544589
 478188.5342433497
 476577.3636278741
 474939.7840928885
 473276.986659895
 471590.1906512511
 469880.642207562
 468149.6127607666
 466398.3974655233
 464628.3135915895
 462840.6988799768
 461036.9098657376
 459218.3201703117
 457386.318766428
 455542.3082186122
 453687.7029024028
 451823.9272054257
 449952.413713509
 448074.6013850552
 446191.9337169064
 444305.8569049575
 442417.8180027771
 440529.263081498
 438641.6353942322
 436756.3735482529
 434874.9096881601
 432998.6676932248
 431129.0613920628
 429267.4927977548
 427415.3503664726
 425574.0072826197
 423744.8197734275
 421929.1254558839
 420128.2417187893
 418343.4641426576
 416576.0649600911
 414827.2915591635
 413098.3650322488
 411390.4787726292
 409704.7971211073
 408042.4540647344
 406404.5519896513
 404792.1604899158
 403206.3152340676
 401648.016891054
 400118.2301170092
 398617.8826042472
 397147.8641936937
 395709.0260518462
 394302.179913211
 392928.0973890309
 391587.5093429715


# name: TRAIN_QUERIES
# type: cell
# rows: 1
# columns: 1
# name: <cell-element>
# type: sq_string
# elements: 1
# length: 2
R3





# name: TEST_QUERIES
# type: cell
# rows: 1
# columns: 1
# name: <cell-element>
# type: sq_string
# elements: 1
# length: 2
R4





# name: DATASIZE
# type: sq_string
# elements: 1
# length: 3
500


