# Created by Octave 3.8.2, Mon May 23 11:21:53 2016 CEST <Andrea@Andreas-MacBook-Pro.local>
# name: x
# type: matrix
# rows: 1
# columns: 100
 60 60.60606060606061 61.21212121212121 61.81818181818181 62.42424242424242 63.03030303030303 63.63636363636363 64.24242424242425 64.84848484848484 65.45454545454545 66.06060606060606 66.66666666666666 67.27272727272727 67.87878787878788 68.48484848484848 69.09090909090909 69.69696969696969 70.3030303030303 70.90909090909091 71.51515151515152 72.12121212121212 72.72727272727272 73.33333333333333 73.93939393939394 74.54545454545455 75.15151515151516 75.75757575757575 76.36363636363636 76.96969696969697 77.57575757575758 78.18181818181819 78.78787878787878 79.39393939393939 80 80.60606060606061 81.21212121212122 81.81818181818181 82.42424242424242 83.03030303030303 83.63636363636364 84.24242424242425 84.84848484848484 85.45454545454545 86.06060606060606 86.66666666666667 87.27272727272727 87.87878787878788 88.48484848484848 89.09090909090909 89.6969696969697 90.3030303030303 90.90909090909091 91.51515151515152 92.12121212121212 92.72727272727272 93.33333333333333 93.93939393939394 94.54545454545455 95.15151515151516 95.75757575757576 96.36363636363636 96.96969696969697 97.57575757575758 98.18181818181819 98.78787878787878 99.39393939393939 100 100.6060606060606 101.2121212121212 101.8181818181818 102.4242424242424 103.030303030303 103.6363636363636 104.2424242424242 104.8484848484848 105.4545454545455 106.0606060606061 106.6666666666667 107.2727272727273 107.8787878787879 108.4848484848485 109.0909090909091 109.6969696969697 110.3030303030303 110.9090909090909 111.5151515151515 112.1212121212121 112.7272727272727 113.3333333333333 113.9393939393939 114.5454545454545 115.1515151515152 115.7575757575758 116.3636363636364 116.969696969697 117.5757575757576 118.1818181818182 118.7878787878788 119.3939393939394 120


# name: y
# type: matrix
# rows: 100
# columns: 1
 545099.893439014
 543455.0926805842
 541810.2919221544
 540165.4911637246
 538520.6904052948
 536875.8896468651
 535231.0888884353
 533586.2881300055
 531941.4873715757
 530296.6866131459
 528651.8858547162
 527007.0850962864
 525362.2843378566
 523717.4835794268
 522072.682820997
 520427.8820625672
 518783.0813041374
 517138.2805457076
 515493.4797872778
 513848.6790288481
 512203.8782704183
 510559.0775119885
 508914.2767535587
 507269.4759951289
 505624.6752366991
 503979.8744782693
 502335.0737198396
 500690.2729614098
 499045.47220298
 497400.6714445502
 495755.8706861204
 494111.0699276906
 492466.2691692608
 490821.4684108311
 489176.6676524013
 487531.8668939715
 485887.0661355417
 484242.2653771119
 482597.4646186821
 480952.6638602523
 479307.8631018226
 477663.0623433928
 476018.261584963
 474373.4608265331
 472728.6600681034
 471083.8593096736
 469439.0585512438
 467794.2577928141
 466149.4570343842
 464504.6562759544
 462859.8555175246
 461215.0547590949
 459570.2540006651
 457925.4532422353
 456280.6524838055
 454635.8517253757
 452991.0509669459
 451346.2502085161
 449701.4494500864
 448056.6486916566
 446411.8479332268
 444767.047174797
 443122.2464163672
 441477.4456579374
 439832.6448995076
 438187.8441410779
 436543.0433826481
 434898.2426242183
 433253.4418657885
 431608.6411073587
 429963.8403489289
 428319.0395904991
 426674.2388320694
 425029.4380736396
 423384.6373152098
 421739.83655678
 420095.0357983502
 418450.2350399204
 416805.4342814906
 415160.6335230609
 413515.8327646311
 411871.0320062013
 410226.2312477715
 408581.4304893417
 406936.6297309119
 405291.8289724821
 403647.0282140524
 402002.2274556226
 400357.4266971928
 398712.625938763
 397067.8251803332
 395423.0244219034
 393778.2236634736
 392133.4229050439
 390488.6221466141
 388843.8213881843
 387199.0206297545
 385554.2198713247
 383909.4191128949
 382264.6183544651


# name: TRAIN_QUERIES
# type: cell
# rows: 1
# columns: 1
# name: <cell-element>
# type: sq_string
# elements: 1
# length: 2
R3





# name: TEST_QUERIES
# type: cell
# rows: 1
# columns: 1
# name: <cell-element>
# type: sq_string
# elements: 1
# length: 2
R4





# name: DATASIZE
# type: sq_string
# elements: 1
# length: 3
500


