# Created by Octave 3.8.2, Mon May 23 11:21:53 2016 CEST <Andrea@Andreas-MacBook-Pro.local>
# name: x
# type: matrix
# rows: 1
# columns: 100
 60 60.60606060606061 61.21212121212121 61.81818181818181 62.42424242424242 63.03030303030303 63.63636363636363 64.24242424242425 64.84848484848484 65.45454545454545 66.06060606060606 66.66666666666666 67.27272727272727 67.87878787878788 68.48484848484848 69.09090909090909 69.69696969696969 70.3030303030303 70.90909090909091 71.51515151515152 72.12121212121212 72.72727272727272 73.33333333333333 73.93939393939394 74.54545454545455 75.15151515151516 75.75757575757575 76.36363636363636 76.96969696969697 77.57575757575758 78.18181818181819 78.78787878787878 79.39393939393939 80 80.60606060606061 81.21212121212122 81.81818181818181 82.42424242424242 83.03030303030303 83.63636363636364 84.24242424242425 84.84848484848484 85.45454545454545 86.06060606060606 86.66666666666667 87.27272727272727 87.87878787878788 88.48484848484848 89.09090909090909 89.6969696969697 90.3030303030303 90.90909090909091 91.51515151515152 92.12121212121212 92.72727272727272 93.33333333333333 93.93939393939394 94.54545454545455 95.15151515151516 95.75757575757576 96.36363636363636 96.96969696969697 97.57575757575758 98.18181818181819 98.78787878787878 99.39393939393939 100 100.6060606060606 101.2121212121212 101.8181818181818 102.4242424242424 103.030303030303 103.6363636363636 104.2424242424242 104.8484848484848 105.4545454545455 106.0606060606061 106.6666666666667 107.2727272727273 107.8787878787879 108.4848484848485 109.0909090909091 109.6969696969697 110.3030303030303 110.9090909090909 111.5151515151515 112.1212121212121 112.7272727272727 113.3333333333333 113.9393939393939 114.5454545454545 115.1515151515152 115.7575757575758 116.3636363636364 116.969696969697 117.5757575757576 118.1818181818182 118.7878787878788 119.3939393939394 120


# name: y
# type: matrix
# rows: 1
# columns: 100
 533891.543425879 532208.5498982838 530525.5563706885 528842.5628430932 527159.5693154979 525476.5757879026 523793.5822603073 522110.588732712 520427.5952051167 518744.6016775214 517061.6081499261 515378.6146223308 513695.6210947355 512012.6275671403 510329.634039545 508646.6405119497 506963.6469843544 505280.6534567591 503597.6599291638 501914.6664015685 500231.6728739732 498548.6793463779 496865.6858187826 495182.6922911873 493499.6987635921 491816.7052359967 490133.7117084014 488450.7181808061 486767.7246532108 485084.7311256155 483401.7375980203 481718.744070425 480035.7505428297 478352.7570152344 476669.7634876391 474986.7699600438 473303.7764324485 471620.7829048532 469937.7893772579 468254.7958496626 466571.8023220673 464888.8087944721 463205.8152668768 461522.8217392815 459839.8282116862 458156.8346840909 456473.8411564956 454790.8476289003 453107.854101305 451424.8605737097 449741.8670461145 448058.8735185192 446375.8799909239 444692.8864633286 443009.8929357333 441326.8994081379 439643.9058805427 437960.9123529474 436277.9188253521 434594.9252977568 432911.9317701615 431228.9382425662 429545.9447149709 427862.9511873756 426179.9576597803 424496.964132185 422813.9706045897 421130.9770769944 419447.9835493992 417764.9900218039 416081.9964942086 414399.0029666133 412716.009439018 411033.0159114227 409350.0223838274 407667.0288562321 405984.0353286368 404301.0418010416 402618.0482734463 400935.054745851 399252.0612182557 397569.0676906604 395886.0741630651 394203.0806354698 392520.0871078745 390837.0935802792 389154.1000526839 387471.1065250887 385788.1129974934 384105.1194698981 382422.1259423028 380739.1324147074 379056.1388871121 377373.1453595169 375690.1518319216 374007.1583043263 372324.164776731 370641.1712491357 368958.1777215404 367275.1841939451


# name: TRAIN_QUERIES
# type: cell
# rows: 1
# columns: 1
# name: <cell-element>
# type: sq_string
# elements: 1
# length: 2
R3





# name: TEST_QUERIES
# type: cell
# rows: 1
# columns: 1
# name: <cell-element>
# type: sq_string
# elements: 1
# length: 2
R4





# name: DATASIZE
# type: sq_string
# elements: 1
# length: 3
500


