# Created by Octave 3.8.2, Mon May 23 11:21:53 2016 CEST <Andrea@Andreas-MacBook-Pro.local>
# name: SVs
# type: cell
# rows: 1
# columns: 7
# name: <cell-element>
# type: sparse matrix
# nnz: 49
# rows: 7
# columns: 7
1 1 -0.7500126022236739
2 1 -1.968832747594594
3 1 0.8259625495749354
4 1 -1.813989082312113
5 1 0.7665373675788505
6 1 -0.4556646987186762
7 1 -0.2661563439384786
1 2 0.1113258133726813
2 2 -3.171246841998885
3 2 1.255282217350267
4 2 -0.2783414519003207
5 2 0.1848356647513945
6 2 -0.8631676146389331
7 2 0.4723697736840605
1 3 -1.230808169452724
2 3 -1.270923671922431
3 3 -1.267580713383289
4 3 0.9187141712157045
5 3 -1.481530059888389
6 3 -0.786194683746813
7 3 -0.8095953935208083
1 4 -0.6595605160419423
2 4 -0.4697583668107918
3 4 -0.2935458702692224
4 4 2.845210912601046
5 4 -0.426271478204132
6 4 -0.5431424913345302
7 4 -0.6015779978997293
1 5 0.5879590133096292
2 5 1.076253270693405
3 5 2.394507738599625
4 5 0.7037813709602667
5 5 -0.1845901149231208
6 5 2.221474337273543
7 5 0.1130673430805902
1 6 -0.01235296981971276
2 6 -0.7003701913914026
3 6 1.452824181027643
4 6 -0.3592067421539619
5 6 -0.09344220675399316
6 6 0.4316287312359233
7 6 0.3728656945180566
1 7 0.4967104015246194
2 7 1.540522114873457
3 7 -0.5471013118242181
4 7 0.4967104015246194
5 7 0.4967104015246194
6 7 0.4967104015246194
7 7 -0.5471013118242181



# name: <cell-element>
# type: sparse matrix
# nnz: 203
# rows: 29
# columns: 7
1 1 -1.768937064254105
2 1 0.8102607738442625
3 1 -0.7500126022236739
4 1 0.07119026849051555
5 1 0.5114439034005348
6 1 -2.161239891740454
7 1 0.07119026849051555
8 1 0.8498775618416524
9 1 0.8259625495749354
10 1 -2.186483515799767
11 1 0.02698373066415971
12 1 -1.813989082312113
13 1 -1.962914385973033
14 1 0.5114439034005348
15 1 -1.850586298053604
16 1 0.6200277217226493
17 1 -2.208224436042237
18 1 0.6375412408068613
19 1 0.7439509671047287
20 1 0.7439509671047287
21 1 -1.489687022028601
22 1 0.6200277217226493
23 1 0.7665373675788505
24 1 -0.09609403448626817
25 1 0.6079494326990548
26 1 -2.253518019880716
27 1 -0.4556646987186762
28 1 -1.646100864884149
29 1 -0.5774138520765086
1 2 -0.1427060181617215
2 2 0.3113636832749319
3 2 0.1113258133726813
4 2 -0.3290827652413794
5 2 -0.9675776247830346
6 2 0.09571310157543247
7 2 -0.3290827652413794
8 2 1.756515319007777
9 2 1.255282217350267
10 2 -0.5873430395542037
11 2 0.1031941926449475
12 2 -0.2783414519003207
13 2 -0.6094610479336396
14 2 -0.9675776247830346
15 2 -2.795565964377585
16 2 0.363406055932428
17 2 -1.760248013322522
18 2 0.3894272422611761
19 2 1.50931404888467
20 2 1.50931404888467
21 2 -1.381314487410129
22 2 0.363406055932428
23 2 0.1848356647513945
24 2 2.529019288142484
25 2 0.2170368828332203
26 2 -1.466533872636778
27 2 -0.8631676146389331
28 2 2.414526068295993
29 2 0.7999114565971766
1 3 -1.22412225237444
2 3 -0.9098841496950741
3 3 -1.230808169452724
4 3 -0.3950685346671766
5 3 -1.077032076652184
6 3 -1.421356806183829
7 3 -0.3950685346671766
8 3 -1.277609589000715
9 3 -1.267580713383289
10 3 -1.133862371817601
11 3 -1.521645562358095
12 3 0.9187141712157045
13 3 -1.090403910808752
14 3 -1.077032076652184
15 3 -0.87311160576451
16 3 -1.270923671922431
17 3 -1.05697432541733
18 3 -0.9499996521647803
19 3 -0.7627939739728177
20 3 -0.7627939739728177
21 3 -2.023089343229424
22 3 -1.270923671922431
23 3 -1.481530059888389
24 3 0.8685697931285717
25 3 1.045746595703108
26 3 -2.029775260307708
27 3 -0.786194683746813
28 3 -1.805797038185181
29 3 -0.418469244441172
1 4 -0.4887838805762055
2 4 -0.4231005592432297
3 4 -0.6595605160419423
4 4 -0.4652284825809314
5 4 -0.6464238517753472
6 4 2.268103661716831
7 4 -0.4652284825809314
8 4 -0.5368006534127256
9 4 -0.2935458702692224
10 4 0.0004436162487172578
11 4 -0.4683994015418337
12 4 2.845210912601046
13 4 -0.517775139647312
14 4 -0.6464238517753472
15 4 -0.5499373176793207
16 4 -0.6228684537800732
17 4 -0.3864084969813605
18 4 -0.5408775492196
19 4 -0.6278513264329196
20 4 -0.6278513264329196
21 4 -0.4312543508569784
22 4 -0.6228684537800732
23 4 -0.426271478204132
24 4 2.458811787793954
25 4 2.834339190449381
26 4 -0.8031578461285169
27 4 -0.5431424913345302
28 4 -0.4126818255145508
29 4 -0.2862980555014458
1 5 2.265082755180001
2 5 -0.3752269143031858
3 5 0.5879590133096292
4 5 0.5739563103121428
5 5 -0.4974505076098171
6 5 1.447124861512545
7 5 0.5739563103121428
8 5 -0.5510608562287651
9 5 2.394507738599625
10 5 0.6051623341351124
11 5 0.5309480082484345
12 5 0.7037813709602667
13 5 -0.790107000257283
14 5 -0.4974505076098171
15 5 0.05965703307589205
16 5 -0.6936883881888766
17 5 0.894018093111832
18 5 -0.6980892377023723
19 5 -0.5320571878750335
20 5 -0.5320571878750335
21 5 3.030230454685508
22 5 -0.6936883881888766
23 5 -0.1845901149231208
24 5 -0.2448017378123124
25 5 -0.9211322925909058
26 5 2.287887157204479
27 5 2.221474337273543
28 5 2.775981375974005
29 5 -0.336819500367223
1 6 0.02132828293321086
2 6 -0.6488757532919479
3 6 -0.01235296981971276
4 6 0.5878950703127475
5 6 0.5270589473692069
6 6 -0.6523223657823687
7 6 0.5878950703127475
8 6 -0.1661708490332925
9 6 1.452824181027643
10 6 -0.8032908178380262
11 6 -0.1672884387269686
12 6 -0.3592067421539619
13 6 -1.117683301741456
14 6 0.5270589473692069
15 6 -0.4756493507721621
16 6 0.4874143725103325
17 6 -0.7914836106926245
18 6 0.4827051396026289
19 6 0.5115662536003849
20 6 0.5115662536003849
21 6 0.330960346614723
22 6 0.4874143725103325
23 6 -0.09344220675399316
24 6 0.3152031850557944
25 6 0.4177825627409904
26 6 -0.5407169583574074
27 6 0.4316287312359233
28 6 -0.2043651166560988
29 6 0.426211407148257
1 7 0.4967104015246194
2 7 1.540522114873457
3 7 0.4967104015246194
4 7 -0.5471013118242181
5 7 -0.5471013118242181
6 7 1.540522114873457
7 7 -0.5471013118242181
8 7 0.4967104015246194
9 7 -0.5471013118242181
10 7 1.540522114873457
11 7 0.4967104015246194
12 7 0.4967104015246194
13 7 1.540522114873457
14 7 -0.5471013118242181
15 7 0.4967104015246194
16 7 -0.5471013118242181
17 7 1.540522114873457
18 7 -0.5471013118242181
19 7 -0.5471013118242181
20 7 -0.5471013118242181
21 7 0.4967104015246194
22 7 -0.5471013118242181
23 7 0.4967104015246194
24 7 -0.5471013118242181
25 7 -0.5471013118242181
26 7 1.540522114873457
27 7 0.4967104015246194
28 7 1.540522114873457
29 7 -0.5471013118242181



