# Created by Octave 3.8.2, Mon May 23 11:21:53 2016 CEST <Andrea@Andreas-MacBook-Pro.local>
# name: x
# type: matrix
# rows: 1
# columns: 100
 60 60.60606060606061 61.21212121212121 61.81818181818181 62.42424242424242 63.03030303030303 63.63636363636363 64.24242424242425 64.84848484848484 65.45454545454545 66.06060606060606 66.66666666666666 67.27272727272727 67.87878787878788 68.48484848484848 69.09090909090909 69.69696969696969 70.3030303030303 70.90909090909091 71.51515151515152 72.12121212121212 72.72727272727272 73.33333333333333 73.93939393939394 74.54545454545455 75.15151515151516 75.75757575757575 76.36363636363636 76.96969696969697 77.57575757575758 78.18181818181819 78.78787878787878 79.39393939393939 80 80.60606060606061 81.21212121212122 81.81818181818181 82.42424242424242 83.03030303030303 83.63636363636364 84.24242424242425 84.84848484848484 85.45454545454545 86.06060606060606 86.66666666666667 87.27272727272727 87.87878787878788 88.48484848484848 89.09090909090909 89.6969696969697 90.3030303030303 90.90909090909091 91.51515151515152 92.12121212121212 92.72727272727272 93.33333333333333 93.93939393939394 94.54545454545455 95.15151515151516 95.75757575757576 96.36363636363636 96.96969696969697 97.57575757575758 98.18181818181819 98.78787878787878 99.39393939393939 100 100.6060606060606 101.2121212121212 101.8181818181818 102.4242424242424 103.030303030303 103.6363636363636 104.2424242424242 104.8484848484848 105.4545454545455 106.0606060606061 106.6666666666667 107.2727272727273 107.8787878787879 108.4848484848485 109.0909090909091 109.6969696969697 110.3030303030303 110.9090909090909 111.5151515151515 112.1212121212121 112.7272727272727 113.3333333333333 113.9393939393939 114.5454545454545 115.1515151515152 115.7575757575758 116.3636363636364 116.969696969697 117.5757575757576 118.1818181818182 118.7878787878788 119.3939393939394 120


# name: y
# type: matrix
# rows: 100
# columns: 1
 477652.6559536184
 478116.9135033917
 478571.8479668528
 479017.4593440017
 479453.7476348384
 479880.7128393629
 480298.3549575753
 480706.6739894754
 481105.6699350634
 481495.3427943392
 481875.6925673028
 482246.7192539542
 482608.4228542935
 482960.8033683206
 483303.8607960354
 483637.5951374382
 483962.0063925287
 484277.094561307
 484582.8596437731
 484879.3016399271
 485166.4205497688
 485444.2163732984
 485712.6891105159
 485971.838761421
 486221.6653260141
 486462.168804295
 486693.3491962636
 486915.2065019201
 487127.7407212644
 487330.9518542966
 487524.8399010165
 487709.4048614242
 487884.6467355198
 488050.5655233032
 488207.1612247744
 488354.4338399334
 488492.3833687803
 488621.0098113149
 488740.3131675373
 488850.2934374476
 488950.9506210457
 489042.2847183316
 489124.2957293054
 489196.9836539669
 489260.3484923163
 489314.3902443534
 489359.1089100784
 489394.5044894912
 489420.5769825919
 489437.3263893803
 489444.7527098565
 489442.8559440206
 489431.6360918725
 489411.0931534122
 489381.2271286398
 489342.0380175551
 489293.5258201582
 489235.6905364492
 489168.532166428
 489092.0507100946
 489006.246167449
 488911.1185384913
 488806.6678232213
 488692.8940216391
 488569.7971337449
 488437.3771595383
 488295.6340990196
 488144.5679521888
 487984.1787190457
 487814.4663995905
 487635.430993823
 487447.0725017434
 487249.3909233517
 487042.3862586477
 486826.0585076315
 486600.4076703032
 486365.4337466627
 486121.13673671
 485867.5166404451
 485604.573457868
 485332.3071889787
 485050.7178337773
 484759.8053922637
 484459.5698644379
 484150.0112502999
 483831.1295498497
 483502.9247630873
 483165.3968900128
 482818.545930626
 482462.3718849271
 482096.874752916
 481722.0545345927
 481337.9112299572
 480944.4448390096
 480541.6553617498
 480129.5427981777
 479708.1071482935
 479277.3484120971
 478837.2665895886
 478387.8616807678


# name: TRAIN_QUERIES
# type: cell
# rows: 1
# columns: 1
# name: <cell-element>
# type: sq_string
# elements: 1
# length: 2
R3





# name: TEST_QUERIES
# type: cell
# rows: 1
# columns: 1
# name: <cell-element>
# type: sq_string
# elements: 1
# length: 2
R4





# name: DATASIZE
# type: sq_string
# elements: 1
# length: 3
500


