# Created by Octave 3.8.2, Mon May 23 11:21:53 2016 CEST <Andrea@Andreas-MacBook-Pro.local>
# name: x
# type: matrix
# rows: 1
# columns: 100
 60 60.60606060606061 61.21212121212121 61.81818181818181 62.42424242424242 63.03030303030303 63.63636363636363 64.24242424242425 64.84848484848484 65.45454545454545 66.06060606060606 66.66666666666666 67.27272727272727 67.87878787878788 68.48484848484848 69.09090909090909 69.69696969696969 70.3030303030303 70.90909090909091 71.51515151515152 72.12121212121212 72.72727272727272 73.33333333333333 73.93939393939394 74.54545454545455 75.15151515151516 75.75757575757575 76.36363636363636 76.96969696969697 77.57575757575758 78.18181818181819 78.78787878787878 79.39393939393939 80 80.60606060606061 81.21212121212122 81.81818181818181 82.42424242424242 83.03030303030303 83.63636363636364 84.24242424242425 84.84848484848484 85.45454545454545 86.06060606060606 86.66666666666667 87.27272727272727 87.87878787878788 88.48484848484848 89.09090909090909 89.6969696969697 90.3030303030303 90.90909090909091 91.51515151515152 92.12121212121212 92.72727272727272 93.33333333333333 93.93939393939394 94.54545454545455 95.15151515151516 95.75757575757576 96.36363636363636 96.96969696969697 97.57575757575758 98.18181818181819 98.78787878787878 99.39393939393939 100 100.6060606060606 101.2121212121212 101.8181818181818 102.4242424242424 103.030303030303 103.6363636363636 104.2424242424242 104.8484848484848 105.4545454545455 106.0606060606061 106.6666666666667 107.2727272727273 107.8787878787879 108.4848484848485 109.0909090909091 109.6969696969697 110.3030303030303 110.9090909090909 111.5151515151515 112.1212121212121 112.7272727272727 113.3333333333333 113.9393939393939 114.5454545454545 115.1515151515152 115.7575757575758 116.3636363636364 116.969696969697 117.5757575757576 118.1818181818182 118.7878787878788 119.3939393939394 120


# name: y
# type: matrix
# rows: 100
# columns: 1
 482796.4211216144
 482943.4513810984
 483076.3015405987
 483196.087431598
 483303.8576947498
 483400.5965331067
 483487.2264077465
 483564.610675794
 483633.5561708401
 483694.8157257588
 483749.0906379193
 483797.0330767968
 483839.248433979
 483876.2976155701
 483908.6992769915
 483936.9320001799
 483961.4364131814
 483982.6172521433
 484000.8453657026
 484016.4596617714
 484029.7689967192
 484041.0540069522
 484050.5688828891
 484058.5430853349
 484065.1830042502
 484070.6735599185
 484075.1797465103
 484078.848118043
 484081.8082167397
 484084.1739437828
 484086.0448724665
 484087.5075037446
 484088.6364641759
 484089.495646267
 484090.139291211
 484090.613014024
 484090.9547710781
 484091.1957700312
 484091.3613221543
 484091.4716370548
 484091.5425597979
 484091.5862504239
 484091.6118058626
 484091.6258242456
 484091.6329116139
 484091.6361310238
 484091.6373940489
 484091.6377946796
 484091.6378856191
 484091.6378969764
 484091.6378973564
 484091.6378973468
 484091.6378954017
 484091.6378661229
 484091.6376909369
 484091.6370311699
 484091.6351435194
 484091.6306379223
 484091.6211778205
 484091.6031228232
 484091.571113766
 484091.517600167
 484091.4323100799
 484091.3016623443
 484091.1081212318
 484090.8294934908
 484090.4381677865
 484089.9002965388
 484089.1749201571
 484088.2130336713
 484086.9565957607
 484085.3374801794
 484083.2763695781
 484080.6815917236
 484077.447898115
 484073.4551849965
 484068.5671567674
 484062.6299317895
 484055.4705905899
 484046.8956664627
 484036.6895784661
 484024.6130068172
 484010.4012106834
 483993.7622883708
 483974.3753799097
 483951.8888120366
 483925.9181855736
 483896.0444052045
 483861.8116516476
 483822.7252962259
 483778.2497578341
 483727.8063023018
 483670.7707841548
 483606.4713307726
 483534.1859689428
 483453.1401938126
 483362.5044802376
 483261.3917365264
 483148.8547005837
 483023.8832784488


# name: TRAIN_QUERIES
# type: cell
# rows: 1
# columns: 1
# name: <cell-element>
# type: sq_string
# elements: 1
# length: 2
R3





# name: TEST_QUERIES
# type: cell
# rows: 1
# columns: 1
# name: <cell-element>
# type: sq_string
# elements: 1
# length: 2
R4





# name: DATASIZE
# type: sq_string
# elements: 1
# length: 3
500


