# Created by Octave 3.8.2, Mon May 23 11:21:53 2016 CEST <Andrea@Andreas-MacBook-Pro.local>
# name: x
# type: matrix
# rows: 1
# columns: 100
 60 60.60606060606061 61.21212121212121 61.81818181818181 62.42424242424242 63.03030303030303 63.63636363636363 64.24242424242425 64.84848484848484 65.45454545454545 66.06060606060606 66.66666666666666 67.27272727272727 67.87878787878788 68.48484848484848 69.09090909090909 69.69696969696969 70.3030303030303 70.90909090909091 71.51515151515152 72.12121212121212 72.72727272727272 73.33333333333333 73.93939393939394 74.54545454545455 75.15151515151516 75.75757575757575 76.36363636363636 76.96969696969697 77.57575757575758 78.18181818181819 78.78787878787878 79.39393939393939 80 80.60606060606061 81.21212121212122 81.81818181818181 82.42424242424242 83.03030303030303 83.63636363636364 84.24242424242425 84.84848484848484 85.45454545454545 86.06060606060606 86.66666666666667 87.27272727272727 87.87878787878788 88.48484848484848 89.09090909090909 89.6969696969697 90.3030303030303 90.90909090909091 91.51515151515152 92.12121212121212 92.72727272727272 93.33333333333333 93.93939393939394 94.54545454545455 95.15151515151516 95.75757575757576 96.36363636363636 96.96969696969697 97.57575757575758 98.18181818181819 98.78787878787878 99.39393939393939 100 100.6060606060606 101.2121212121212 101.8181818181818 102.4242424242424 103.030303030303 103.6363636363636 104.2424242424242 104.8484848484848 105.4545454545455 106.0606060606061 106.6666666666667 107.2727272727273 107.8787878787879 108.4848484848485 109.0909090909091 109.6969696969697 110.3030303030303 110.9090909090909 111.5151515151515 112.1212121212121 112.7272727272727 113.3333333333333 113.9393939393939 114.5454545454545 115.1515151515152 115.7575757575758 116.3636363636364 116.969696969697 117.5757575757576 118.1818181818182 118.7878787878788 119.3939393939394 120


# name: y
# type: matrix
# rows: 100
# columns: 1
 489786.3570472419
 489161.5659832141
 488561.6158698228
 487986.0027985841
 487434.2228610141
 486905.7721486291
 486400.1467529453
 485916.8427654788
 485455.3562777459
 485015.1833812628
 484595.8201675455
 484196.7627281104
 483817.5071544735
 483457.5495381512
 483116.3859706595
 482793.5125435147
 482488.425348233
 482200.6204763305
 481929.5940193234
 481674.8420687279
 481435.8607160603
 481212.1460528367
 481003.1941705733
 480808.5011607863
 480627.5631149918
 480459.8761247061
 480304.9362814453
 480162.2396767257
 480031.2824020634
 479911.5605489747
 479802.5702089756
 479703.8074735824
 479614.7684343114
 479534.9491826786
 479463.8458102003
 479400.9544083925
 479345.7710687717
 479297.7918828539
 479256.5129421553
 479221.4303381921
 479192.0401624806
 479167.8385065368
 479148.321461877
 479132.9851200174
 479121.325572474
 479112.8389107633
 479107.0212264013
 479103.3686109043
 479101.3771557883
 479100.5429525697
 479100.3620927645
 479100.330667889
 479099.9447694594
 479098.7004889918
 479096.0939180026
 479091.6211480077
 479084.7782705234
 479075.061377066
 479061.9665591516
 479044.9899082964
 479023.6275160165
 478997.3754738283
 478965.7298732478
 478928.1868057913
 478884.2423629749
 478833.3926363148
 478775.1337173273
 478708.9616975284
 478634.3726684345
 478550.8627215616
 478457.927948426
 478355.0644405439
 478241.7682894315
 478117.5355866049
 477981.8624235803
 477834.244891874
 477674.179083002
 477501.1610884807
 477314.6869998262
 477114.2529085546
 476899.3549061823
 476669.4890842252
 476424.1515341997
 476162.838347622
 475885.0456160082
 475590.2694308745
 475278.0058837371
 474947.7510661122
 474599.0010695159
 474231.2519854646
 473843.9999054744
 473436.7409210613
 473008.9711237417
 472560.1866050318
 472089.8834564476
 471597.5577695055
 471082.7056357216
 470544.823146612
 469983.4063936931
 469397.9514684809


# name: TRAIN_QUERIES
# type: cell
# rows: 1
# columns: 1
# name: <cell-element>
# type: sq_string
# elements: 1
# length: 2
R3





# name: TEST_QUERIES
# type: cell
# rows: 1
# columns: 1
# name: <cell-element>
# type: sq_string
# elements: 1
# length: 2
R4





# name: DATASIZE
# type: sq_string
# elements: 1
# length: 3
500


