# Created by Octave 3.8.2, Mon May 23 11:21:53 2016 CEST <Andrea@Andreas-MacBook-Pro.local>
# name: x
# type: matrix
# rows: 1
# columns: 100
 60 60.60606060606061 61.21212121212121 61.81818181818181 62.42424242424242 63.03030303030303 63.63636363636363 64.24242424242425 64.84848484848484 65.45454545454545 66.06060606060606 66.66666666666666 67.27272727272727 67.87878787878788 68.48484848484848 69.09090909090909 69.69696969696969 70.3030303030303 70.90909090909091 71.51515151515152 72.12121212121212 72.72727272727272 73.33333333333333 73.93939393939394 74.54545454545455 75.15151515151516 75.75757575757575 76.36363636363636 76.96969696969697 77.57575757575758 78.18181818181819 78.78787878787878 79.39393939393939 80 80.60606060606061 81.21212121212122 81.81818181818181 82.42424242424242 83.03030303030303 83.63636363636364 84.24242424242425 84.84848484848484 85.45454545454545 86.06060606060606 86.66666666666667 87.27272727272727 87.87878787878788 88.48484848484848 89.09090909090909 89.6969696969697 90.3030303030303 90.90909090909091 91.51515151515152 92.12121212121212 92.72727272727272 93.33333333333333 93.93939393939394 94.54545454545455 95.15151515151516 95.75757575757576 96.36363636363636 96.96969696969697 97.57575757575758 98.18181818181819 98.78787878787878 99.39393939393939 100 100.6060606060606 101.2121212121212 101.8181818181818 102.4242424242424 103.030303030303 103.6363636363636 104.2424242424242 104.8484848484848 105.4545454545455 106.0606060606061 106.6666666666667 107.2727272727273 107.8787878787879 108.4848484848485 109.0909090909091 109.6969696969697 110.3030303030303 110.9090909090909 111.5151515151515 112.1212121212121 112.7272727272727 113.3333333333333 113.9393939393939 114.5454545454545 115.1515151515152 115.7575757575758 116.3636363636364 116.969696969697 117.5757575757576 118.1818181818182 118.7878787878788 119.3939393939394 120


# name: y
# type: matrix
# rows: 100
# columns: 1
 498606.1804224108
 498670.3356337887
 498730.7031548019
 498787.4350859813
 498840.6804108238
 498890.5849957917
 498937.2915903127
 498980.9398267803
 499021.6662205537
 499059.6041699574
 499094.8839562816
 499127.6327437821
 499157.9745796802
 499186.030394163
 499211.9180003831
 499235.7520944583
 499257.6442554727
 499277.7029454754
 499296.0335094812
 499312.7381754706
 499327.9160543898
 499341.6631401503
 499354.0723096293
 499365.2333226696
 499375.2328220797
 499384.1543336334
 499392.0782660703
 499399.0819110957
 499405.23944338
 499410.6219205597
 499415.2972832366
 499419.3303549783
 499422.7828423177
 499425.7133347534
 499428.1773047497
 499430.2271077365
 499431.9119821091
 499433.2780492284
 499434.3683134209
 499435.2226619789
 499435.8778651601
 499436.3675761877
 499436.7223312507
 499436.9695495034
 499437.133533066
 499437.2354670241
 499437.2934194289
 499437.3223412973
 499437.3340666115
 499437.3373123197
 499437.3376783352
 499437.3376475374
 499437.3365857707
 499437.3307418458
 499437.3132475382
 499437.2741175897
 499437.2002497072
 499437.0754245633
 499436.8803057963
 499436.59244001
 499436.1862567738
 499435.6330686227
 499434.9010710572
 499433.9553425434
 499432.7578445131
 499431.2674213636
 499429.4398004578
 499427.2275921242
 499424.5802896568
 499421.4442693153
 499417.7627903249
 499413.4759948764
 499408.5209081261
 499402.8314381962
 499396.3383761742
 499388.9693961131
 499380.6490550318
 499371.2987929145
 499360.8369327112
 499349.1786803373
 499336.2361246739
 499321.9182375676
 499306.1308738308
 499288.776771241
 499269.7555505419
 499248.9637154424
 499226.294652617
 499201.6386317059
 499174.8828053148
 499145.9112090151
 499114.6047613437
 499080.841263803
 499044.495400861
 499005.4387399516
 498963.5397314738
 498918.6637087925
 498870.6728882382
 498819.4263691068
 498764.7801336599
 498706.5870471246


# name: TRAIN_QUERIES
# type: cell
# rows: 1
# columns: 1
# name: <cell-element>
# type: sq_string
# elements: 1
# length: 2
R3





# name: TEST_QUERIES
# type: cell
# rows: 1
# columns: 1
# name: <cell-element>
# type: sq_string
# elements: 1
# length: 2
R4





# name: DATASIZE
# type: sq_string
# elements: 1
# length: 3
500


