# Created by Octave 3.8.2, Wed May 11 13:54:41 2016 CEST <Andrea@Andreas-MacBook-Pro.local>
# name: ylin
# type: matrix
# rows: 1
# columns: 100
 79491.41159399883 79481.87381225196 79472.33603050509 79462.79824875822 79453.26046701134 79443.72268526447 79434.1849035176 79424.64712177073 79415.10934002385 79405.57155827698 79396.03377653011 79386.49599478324 79376.95821303636 79367.42043128949 79357.88264954262 79348.34486779575 79338.80708604887 79329.269304302 79319.73152255513 79310.19374080826 79300.65595906138 79291.11817731451 79281.58039556764 79272.04261382077 79262.50483207389 79252.96705032702 79243.42926858015 79233.89148683328 79224.3537050864 79214.81592333953 79205.27814159266 79195.74035984579 79186.20257809891 79176.66479635204 79167.12701460517 79157.5892328583 79148.05145111142 79138.51366936455 79128.97588761768 79119.43810587081 79109.90032412393 79100.36254237706 79090.82476063019 79081.28697888332 79071.74919713644 79062.21141538957 79052.6736336427 79043.13585189583 79033.59807014895 79024.06028840208 79014.52250665521 79004.98472490834 78995.44694316146 78985.90916141459 78976.37137966772 78966.83359792085 78957.29581617397 78947.7580344271 78938.22025268023 78928.68247093336 78919.14468918648 78909.60690743961 78900.06912569274 78890.53134394587 78880.99356219899 78871.45578045212 78861.91799870525 78852.38021695838 78842.8424352115 78833.30465346463 78823.76687171776 78814.22908997089 78804.69130822401 78795.15352647714 78785.61574473027 78776.0779629834 78766.54018123652 78757.00239948965 78747.46461774278 78737.92683599591 78728.38905424903 78718.85127250216 78709.31349075529 78699.77570900842 78690.23792726155 78680.70014551467 78671.1623637678 78661.62458202093 78652.08680027406 78642.54901852718 78633.01123678031 78623.47345503344 78613.93567328657 78604.39789153969 78594.86010979282 78585.32232804595 78575.78454629908 78566.2467645522 78556.70898280533 78547.17120105846


