# Created by Octave 3.8.2, Wed May 11 13:54:33 2016 CEST <Andrea@Andreas-MacBook-Pro.local>
# name: mu
# type: matrix
# rows: 1
# columns: 2
 79047.80872483221 88.18791946308725


