# Created by Octave 3.8.2, Wed May 11 13:54:33 2016 CEST <Andrea@Andreas-MacBook-Pro.local>
# name: sigma
# type: matrix
# rows: 1
# columns: 2
 5896.427064610718 20.70324853818589


