# Created by Octave 3.8.2, Wed May 11 13:54:41 2016 CEST <Andrea@Andreas-MacBook-Pro.local>
# name: ysvr
# type: matrix
# rows: 100
# columns: 1
 80447.84101509607
 80752.37265851894
 81025.73407112611
 81265.55666509534
 81469.8778322939
 81637.17821874454
 81766.41309962758
 81857.0371007856
 81909.02160639812
 81922.86430310764
 81899.59043677794
 81840.74549722395
 81748.37919624565
 81625.02076238791
 81473.64573898022
 81297.63463693917
 81100.72395710593
 80886.9502550551
 80660.58807083513
 80426.08268357419
 80187.97877304476
 79950.8461741185
 79719.20399287801
 79497.44441268595
 79289.7575529305
 79100.05875114046
 78931.91961995962
 78788.50418390518
 78672.51132736359
 78586.12468594286
 78530.97098974303
 78508.08772154094
 78517.90078803377
 78560.21272135669
 78634.20173466952
 78738.43175362199
 78870.87333909546
 79028.93521007299
 79209.50587312876
 79409.00467111297
 79623.4413822419
 79848.48333582559
 80079.52886577112
 80311.78580085526
 80540.35359413069
 80760.3076247182
 80966.78416504587
 81155.06449608106
 81320.65667238909
 81459.37348738512
 81567.40526576902
 81641.38621306587
 81678.45317910158
 81676.29584031168
 81633.1974717399
 81548.06565984772
 81420.45249795406
 81250.56400323052
 81039.25869358859
 80788.03546042519
 80499.01106507145
 80174.88776914458
 79818.91177833818
 79434.82333237308
 79026.79940813074
 78599.39011616114
 78157.44996102974
 77706.06520212747
 77250.47859293045
 76796.01279311329
 76347.99373979066
 75911.67523236079
 75492.1659313128
 75094.35989671177
 74722.87169902326
 74381.9770259347
 74075.55958655267
 73807.06498166444
 73579.46206860243
 73395.21220463855
 73256.24660672022
 73163.95192060647
 73119.16395178242
 73122.16937643419
 73172.71512550821
 73270.02502044251
 73412.82313719262
 73599.36328702413
 73827.46392918032
 74094.54777260926
 74397.68528173876
 74733.64127479779
 75098.92379205846
 75489.83441499184
 75902.51923481785
 76333.01969918516
 76777.32260746459
 77231.40857694425
 77691.29836254619
 78153.09647993445


