# Created by Octave 3.8.2, Wed May 11 13:54:41 2016 CEST <Andrea@Andreas-MacBook-Pro.local>
# name: ysvr
# type: matrix
# rows: 100
# columns: 1
 79372.50137567631
 79340.95477069098
 79310.76450164663
 79281.90076555607
 79254.33375943269
 79228.03368028854
 79202.97072513716
 79179.11509099176
 79156.43697486483
 79134.9065737694
 79114.49408471871
 79095.16970472527
 79076.90363080225
 79059.66605996268
 79043.4271892195
 79028.15721558526
 79013.82633607338
 79000.40474769668
 78987.86264746805
 78976.17023240044
 78965.29769950686
 78955.21524580015
 78945.89306829339
 78937.30136399943
 78929.41032993136
 78922.1901631019
 78915.61106052418
 78909.6432192111
 78904.25683617553
 78899.42210843055
 78895.10923298904
 78891.28840686394
 78887.92982706822
 78885.0036906148
 78882.48019451667
 78880.32953578675
 78878.521911438
 78877.02751848336
 78875.81655393579
 78874.85921480821
 78874.12569811361
 78873.5862008649
 78873.21092007506
 78872.97005275701
 78872.83379592373
 78872.77234658813
 78872.75590176319
 78872.75465846184
 78872.73881369704
 78872.67856448173
 78872.54410782887
 78872.30564075139
 78871.93336026226
 78871.39746337441
 78870.66814710079
 78869.71560845437
 78868.51004444806
 78867.02165209485
 78865.22062840765
 78863.07717039944
 78860.56147508314
 78857.64373947172
 78854.29416057814
 78850.4829354153
 78846.1802609962
 78841.35633433374
 78835.98135244091
 78830.02551233069
 78823.45901101593
 78816.25204550959
 78808.37481282475
 78799.79750997422
 78790.49033397096
 78780.42348182802
 78769.56715055823
 78757.89153717458
 78745.36683869013
 78731.96325211765
 78717.65097447023
 78702.40020276069
 78686.18113400198
 78668.96396520728
 78650.71889338916
 78631.41611556077
 78611.02582873545
 78589.51822992523
 78566.86351614373
 78543.03188440426
 78517.99353171885
 78491.71865510086
 78464.17745156294
 78435.34011811901
 78405.17685178129
 78373.65784956187
 78340.75330847588
 78306.43342553444
 78270.66839775069
 78233.4284221386
 78194.68369571028
 78154.40441547819


