# Created by Octave 3.8.2, Wed May 11 13:54:41 2016 CEST <Andrea@Andreas-MacBook-Pro.local>
# name: ysvr
# type: matrix
# rows: 100
# columns: 1
 79356.59051295745
 79344.44727404701
 79332.30403513656
 79320.16079622612
 79308.01755731567
 79295.87431840523
 79283.73107949478
 79271.58784058433
 79259.44460167388
 79247.30136276344
 79235.15812385299
 79223.01488494255
 79210.8716460321
 79198.72840712166
 79186.58516821121
 79174.44192930077
 79162.29869039032
 79150.15545147988
 79138.01221256943
 79125.86897365897
 79113.72573474853
 79101.58249583808
 79089.43925692764
 79077.29601801719
 79065.15277910675
 79053.0095401963
 79040.86630128586
 79028.72306237541
 79016.57982346497
 79004.43658455453
 78992.29334564408
 78980.15010673362
 78968.00686782318
 78955.86362891273
 78943.72039000229
 78931.57715109184
 78919.4339121814
 78907.29067327095
 78895.14743436051
 78883.00419545006
 78870.86095653962
 78858.71771762917
 78846.57447871873
 78834.43123980828
 78822.28800089782
 78810.14476198738
 78798.00152307693
 78785.85828416649
 78773.71504525605
 78761.5718063456
 78749.42856743516
 78737.28532852471
 78725.14208961427
 78712.99885070382
 78700.85561179338
 78688.71237288293
 78676.56913397249
 78664.42589506203
 78652.28265615158
 78640.13941724114
 78627.99617833069
 78615.85293942025
 78603.7097005098
 78591.56646159936
 78579.42322268891
 78567.27998377847
 78555.13674486802
 78542.99350595758
 78530.85026704714
 78518.70702813669
 78506.56378922623
 78494.42055031579
 78482.27731140534
 78470.1340724949
 78457.99083358445
 78445.84759467401
 78433.70435576356
 78421.56111685312
 78409.41787794267
 78397.27463903223
 78385.13140012178
 78372.98816121134
 78360.84492230089
 78348.70168339043
 78336.55844447999
 78324.41520556954
 78312.2719666591
 78300.12872774866
 78287.98548883821
 78275.84224992777
 78263.69901101732
 78251.55577210688
 78239.41253319643
 78227.26929428599
 78215.12605537553
 78202.98281646508
 78190.83957755464
 78178.69633864419
 78166.55309973375
 78154.4098608233


