# Created by Octave 3.8.2, Mon May 23 11:27:32 2016 CEST <Andrea@Andreas-MacBook-Pro.local>
# name: x
# type: matrix
# rows: 1
# columns: 100
 60 60.60606060606061 61.21212121212122 61.81818181818182 62.42424242424242 63.03030303030303 63.63636363636364 64.24242424242425 64.84848484848484 65.45454545454545 66.06060606060606 66.66666666666667 67.27272727272728 67.87878787878788 68.48484848484848 69.09090909090909 69.69696969696969 70.30303030303031 70.90909090909091 71.51515151515152 72.12121212121212 72.72727272727272 73.33333333333333 73.93939393939394 74.54545454545455 75.15151515151516 75.75757575757575 76.36363636363636 76.96969696969697 77.57575757575758 78.18181818181819 78.78787878787878 79.39393939393939 80 80.60606060606061 81.21212121212122 81.81818181818181 82.42424242424242 83.03030303030303 83.63636363636364 84.24242424242425 84.84848484848484 85.45454545454545 86.06060606060606 86.66666666666667 87.27272727272727 87.87878787878788 88.48484848484848 89.09090909090909 89.6969696969697 90.3030303030303 90.90909090909091 91.51515151515152 92.12121212121212 92.72727272727272 93.33333333333333 93.93939393939394 94.54545454545455 95.15151515151516 95.75757575757576 96.36363636363636 96.96969696969697 97.57575757575758 98.18181818181819 98.78787878787878 99.39393939393939 100 100.6060606060606 101.2121212121212 101.8181818181818 102.4242424242424 103.030303030303 103.6363636363636 104.2424242424242 104.8484848484848 105.4545454545455 106.0606060606061 106.6666666666667 107.2727272727273 107.8787878787879 108.4848484848485 109.0909090909091 109.6969696969697 110.3030303030303 110.9090909090909 111.5151515151515 112.1212121212121 112.7272727272727 113.3333333333333 113.9393939393939 114.5454545454545 115.1515151515152 115.7575757575758 116.3636363636364 116.969696969697 117.5757575757576 118.1818181818182 118.7878787878788 119.3939393939394 120


# name: y
# type: matrix
# rows: 100
# columns: 1
 134964.2697350919
 134756.1257702072
 134544.1149096379
 134328.1901749138
 134108.3072447119
 133884.4246318062
 133656.5038604306
 133424.509643691
 133188.4100606581
 132948.1767327596
 132703.7849990838
 132455.2140902009
 132202.4473000976
 131945.4721558207
 131684.2805844152
 131418.8690767423
 131149.2388477582
 130875.395992834
 130597.3516396939
 130315.1220955527
 130028.7289890313
 129738.1994064337
 129443.5660219718
 129144.8672215292
 128842.1472195592
 128535.4561687233
 128224.8502618781
 127910.3918260357
 127592.1494079247
 127270.1978507971
 126944.6183621345
 126615.4985719233
 126282.9325811811
 125947.0210004357
 125607.8709778697
 125265.5962168671
 124920.3169827134
 124572.1600982217
 124221.2589280781
 123867.7533517201
 123511.7897245875
 123153.5208276018
 122793.1058047612
 122430.710088759
 122066.5053145568
 121700.6692208741
 121333.3855395777
 120964.843872984
 120595.2395591107
 120224.7735249466
 119853.6521278293
 119482.0869850547
 119110.2947918643
 118738.4971279864
 118366.9202529371
 117995.7948903076
 117625.3560012998
 117255.8425477922
 116887.4972452487
 116520.5663058068
 116155.2991719082
 115791.9482408588
 115430.7685807306
 115072.017638039
 114715.9549376548
 114362.8417754288
 114012.9409040304
 113666.5162125185
 113323.8324001835
 112985.154645218
 112650.7482687845
 112320.8783950712
 111995.8096079343
 111675.8056047413
 111361.1288480379
 111052.0402156742
 110748.7986500313
 110451.6608069952
 110160.8807053342
 109876.7093771347
 109599.3945199544
 109329.1801513543
 109066.306266465
 108811.0084992429
 108563.5177880708
 108324.0600463422
 108092.8558386712
 107870.1200633546
 107656.0616417044
 107450.8832148547
 107254.7808486382
 107067.943747106
 106890.5539752524
 106722.7861914874
 106564.8073903799
 106416.776656174
 106278.8449275608
 106151.1547741616
 106033.8401851601
 105927.0263704886


# name: TRAIN_QUERIES
# type: cell
# rows: 1
# columns: 3
# name: <cell-element>
# type: sq_string
# elements: 1
# length: 2
R1



# name: <cell-element>
# type: sq_string
# elements: 1
# length: 2
R2



# name: <cell-element>
# type: sq_string
# elements: 1
# length: 2
R4





# name: TEST_QUERIES
# type: cell
# rows: 1
# columns: 1
# name: <cell-element>
# type: sq_string
# elements: 1
# length: 2
R3





# name: DATASIZE
# type: sq_string
# elements: 1
# length: 3
250


