# Created by Octave 3.8.2, Mon May 23 11:27:32 2016 CEST <Andrea@Andreas-MacBook-Pro.local>
# name: x
# type: matrix
# rows: 1
# columns: 100
 60 60.60606060606061 61.21212121212122 61.81818181818182 62.42424242424242 63.03030303030303 63.63636363636364 64.24242424242425 64.84848484848484 65.45454545454545 66.06060606060606 66.66666666666667 67.27272727272728 67.87878787878788 68.48484848484848 69.09090909090909 69.69696969696969 70.30303030303031 70.90909090909091 71.51515151515152 72.12121212121212 72.72727272727272 73.33333333333333 73.93939393939394 74.54545454545455 75.15151515151516 75.75757575757575 76.36363636363636 76.96969696969697 77.57575757575758 78.18181818181819 78.78787878787878 79.39393939393939 80 80.60606060606061 81.21212121212122 81.81818181818181 82.42424242424242 83.03030303030303 83.63636363636364 84.24242424242425 84.84848484848484 85.45454545454545 86.06060606060606 86.66666666666667 87.27272727272727 87.87878787878788 88.48484848484848 89.09090909090909 89.6969696969697 90.3030303030303 90.90909090909091 91.51515151515152 92.12121212121212 92.72727272727272 93.33333333333333 93.93939393939394 94.54545454545455 95.15151515151516 95.75757575757576 96.36363636363636 96.96969696969697 97.57575757575758 98.18181818181819 98.78787878787878 99.39393939393939 100 100.6060606060606 101.2121212121212 101.8181818181818 102.4242424242424 103.030303030303 103.6363636363636 104.2424242424242 104.8484848484848 105.4545454545455 106.0606060606061 106.6666666666667 107.2727272727273 107.8787878787879 108.4848484848485 109.0909090909091 109.6969696969697 110.3030303030303 110.9090909090909 111.5151515151515 112.1212121212121 112.7272727272727 113.3333333333333 113.9393939393939 114.5454545454545 115.1515151515152 115.7575757575758 116.3636363636364 116.969696969697 117.5757575757576 118.1818181818182 118.7878787878788 119.3939393939394 120


# name: y
# type: matrix
# rows: 1
# columns: 100
 138505.1435675159 138449.2431801442 138393.3427927725 138337.4424054008 138281.5420180291 138225.6416306574 138169.7412432857 138113.840855914 138057.9404685423 138002.0400811706 137946.1396937989 137890.2393064272 137834.3389190555 137778.4385316838 137722.5381443121 137666.6377569404 137610.7373695687 137554.836982197 137498.9365948253 137443.0362074536 137387.1358200819 137331.2354327101 137275.3350453385 137219.4346579667 137163.5342705951 137107.6338832233 137051.7334958517 136995.8331084799 136939.9327211082 136884.0323337365 136828.1319463648 136772.2315589931 136716.3311716214 136660.4307842497 136604.530396878 136548.6300095063 136492.7296221346 136436.8292347629 136380.9288473912 136325.0284600195 136269.1280726478 136213.2276852761 136157.3272979044 136101.4269105327 136045.526523161 135989.6261357893 135933.7257484176 135877.8253610459 135821.9249736742 135766.0245863025 135710.1241989308 135654.2238115591 135598.3234241874 135542.4230368157 135486.522649444 135430.6222620723 135374.7218747006 135318.8214873289 135262.9210999572 135207.0207125855 135151.1203252138 135095.2199378421 135039.3195504704 134983.4191630987 134927.518775727 134871.6183883553 134815.7180009836 134759.8176136119 134703.9172262402 134648.0168388685 134592.1164514968 134536.2160641251 134480.3156767534 134424.4152893817 134368.5149020099 134312.6145146383 134256.7141272665 134200.8137398949 134144.9133525231 134089.0129651514 134033.1125777797 133977.212190408 133921.3118030363 133865.4114156646 133809.5110282929 133753.6106409212 133697.7102535495 133641.8098661778 133585.9094788061 133530.0090914344 133474.1087040627 133418.208316691 133362.3079293193 133306.4075419476 133250.5071545759 133194.6067672042 133138.7063798325 133082.8059924608 133026.9056050891 132971.0052177174


# name: TRAIN_QUERIES
# type: cell
# rows: 1
# columns: 3
# name: <cell-element>
# type: sq_string
# elements: 1
# length: 2
R1



# name: <cell-element>
# type: sq_string
# elements: 1
# length: 2
R2



# name: <cell-element>
# type: sq_string
# elements: 1
# length: 2
R4





# name: TEST_QUERIES
# type: cell
# rows: 1
# columns: 1
# name: <cell-element>
# type: sq_string
# elements: 1
# length: 2
R3





# name: DATASIZE
# type: sq_string
# elements: 1
# length: 3
250


