# Created by Octave 3.8.2, Mon May 23 11:27:32 2016 CEST <Andrea@Andreas-MacBook-Pro.local>
# name: x
# type: matrix
# rows: 1
# columns: 100
 60 60.60606060606061 61.21212121212122 61.81818181818182 62.42424242424242 63.03030303030303 63.63636363636364 64.24242424242425 64.84848484848484 65.45454545454545 66.06060606060606 66.66666666666667 67.27272727272728 67.87878787878788 68.48484848484848 69.09090909090909 69.69696969696969 70.30303030303031 70.90909090909091 71.51515151515152 72.12121212121212 72.72727272727272 73.33333333333333 73.93939393939394 74.54545454545455 75.15151515151516 75.75757575757575 76.36363636363636 76.96969696969697 77.57575757575758 78.18181818181819 78.78787878787878 79.39393939393939 80 80.60606060606061 81.21212121212122 81.81818181818181 82.42424242424242 83.03030303030303 83.63636363636364 84.24242424242425 84.84848484848484 85.45454545454545 86.06060606060606 86.66666666666667 87.27272727272727 87.87878787878788 88.48484848484848 89.09090909090909 89.6969696969697 90.3030303030303 90.90909090909091 91.51515151515152 92.12121212121212 92.72727272727272 93.33333333333333 93.93939393939394 94.54545454545455 95.15151515151516 95.75757575757576 96.36363636363636 96.96969696969697 97.57575757575758 98.18181818181819 98.78787878787878 99.39393939393939 100 100.6060606060606 101.2121212121212 101.8181818181818 102.4242424242424 103.030303030303 103.6363636363636 104.2424242424242 104.8484848484848 105.4545454545455 106.0606060606061 106.6666666666667 107.2727272727273 107.8787878787879 108.4848484848485 109.0909090909091 109.6969696969697 110.3030303030303 110.9090909090909 111.5151515151515 112.1212121212121 112.7272727272727 113.3333333333333 113.9393939393939 114.5454545454545 115.1515151515152 115.7575757575758 116.3636363636364 116.969696969697 117.5757575757576 118.1818181818182 118.7878787878788 119.3939393939394 120


# name: y
# type: matrix
# rows: 100
# columns: 1
 139560.0953855648
 139454.9082658814
 139349.7211461979
 139244.5340265144
 139139.3469068313
 139034.1597871477
 138928.9726674643
 138823.7855477809
 138718.5984280973
 138613.411308414
 138508.2241887304
 138403.037069047
 138297.8499493634
 138192.6628296801
 138087.4757099967
 137982.2885903131
 137877.1014706297
 137771.9143509463
 137666.7272312628
 137561.5401115796
 137456.3529918959
 137351.1658722124
 137245.9787525291
 137140.7916328456
 137035.604513162
 136930.4173934787
 136825.2302737953
 136720.0431541118
 136614.8560344284
 136509.668914745
 136404.4817950615
 136299.294675378
 136194.1075556945
 136088.9204360112
 135983.7333163277
 135878.5461966442
 135773.3590769608
 135668.1719572773
 135562.9848375939
 135457.7977179105
 135352.610598227
 135247.4234785436
 135142.2363588601
 135037.0492391767
 134931.8621194932
 134826.6749998098
 134721.4878801263
 134616.3007604429
 134511.1136407594
 134405.926521076
 134300.7394013926
 134195.5522817091
 134090.3651620256
 133985.1780423422
 133879.9909226587
 133774.8038029752
 133669.6166832919
 133564.4295636084
 133459.242443925
 133354.0553242415
 133248.8682045581
 133143.6810848746
 133038.4939651912
 132933.3068455078
 132828.1197258243
 132722.9326061408
 132617.7454864573
 132512.5583667739
 132407.3712470906
 132302.1841274071
 132196.9970077238
 132091.8098880402
 131986.6227683568
 131881.4356486734
 131776.2485289898
 131671.0614093065
 131565.8742896231
 131460.6871699394
 131355.5000502559
 131250.3129305727
 131145.1258108891
 131039.9386912057
 130934.7515715222
 130829.5644518389
 130724.3773321554
 130619.1902124718
 130514.0030927883
 130408.815973105
 130303.6288534215
 130198.4417337383
 130093.2546140548
 129988.0674943712
 129882.880374688
 129777.6932550042
 129672.5061353206
 129567.3190156374
 129462.1318959542
 129356.9447762705
 129251.7576565872
 129146.5705369036


# name: TRAIN_QUERIES
# type: cell
# rows: 1
# columns: 3
# name: <cell-element>
# type: sq_string
# elements: 1
# length: 2
R1



# name: <cell-element>
# type: sq_string
# elements: 1
# length: 2
R2



# name: <cell-element>
# type: sq_string
# elements: 1
# length: 2
R4





# name: TEST_QUERIES
# type: cell
# rows: 1
# columns: 1
# name: <cell-element>
# type: sq_string
# elements: 1
# length: 2
R3





# name: DATASIZE
# type: sq_string
# elements: 1
# length: 3
250


