# Created by Octave 3.8.2, Mon May 23 11:27:22 2016 CEST <Andrea@Andreas-MacBook-Pro.local>
# name: mu
# type: matrix
# rows: 1
# columns: 8
 136026.5283018868 30639.58254716981 50865.13679245283 3924.97641509434 5351.926886792453 19868.77358490566 78898.17452830188 86.87264150943396


# name: sigma
# type: matrix
# rows: 1
# columns: 8
 84081.77761434871 17572.78802218369 19804.91281554559 2781.399788651825 2769.516027709307 10064.7288462069 70073.94084041256 19.86723799939511


