# Created by Octave 3.8.2, Mon May 23 11:27:32 2016 CEST <Andrea@Andreas-MacBook-Pro.local>
# name: x
# type: matrix
# rows: 1
# columns: 100
 60 60.60606060606061 61.21212121212122 61.81818181818182 62.42424242424242 63.03030303030303 63.63636363636364 64.24242424242425 64.84848484848484 65.45454545454545 66.06060606060606 66.66666666666667 67.27272727272728 67.87878787878788 68.48484848484848 69.09090909090909 69.69696969696969 70.30303030303031 70.90909090909091 71.51515151515152 72.12121212121212 72.72727272727272 73.33333333333333 73.93939393939394 74.54545454545455 75.15151515151516 75.75757575757575 76.36363636363636 76.96969696969697 77.57575757575758 78.18181818181819 78.78787878787878 79.39393939393939 80 80.60606060606061 81.21212121212122 81.81818181818181 82.42424242424242 83.03030303030303 83.63636363636364 84.24242424242425 84.84848484848484 85.45454545454545 86.06060606060606 86.66666666666667 87.27272727272727 87.87878787878788 88.48484848484848 89.09090909090909 89.6969696969697 90.3030303030303 90.90909090909091 91.51515151515152 92.12121212121212 92.72727272727272 93.33333333333333 93.93939393939394 94.54545454545455 95.15151515151516 95.75757575757576 96.36363636363636 96.96969696969697 97.57575757575758 98.18181818181819 98.78787878787878 99.39393939393939 100 100.6060606060606 101.2121212121212 101.8181818181818 102.4242424242424 103.030303030303 103.6363636363636 104.2424242424242 104.8484848484848 105.4545454545455 106.0606060606061 106.6666666666667 107.2727272727273 107.8787878787879 108.4848484848485 109.0909090909091 109.6969696969697 110.3030303030303 110.9090909090909 111.5151515151515 112.1212121212121 112.7272727272727 113.3333333333333 113.9393939393939 114.5454545454545 115.1515151515152 115.7575757575758 116.3636363636364 116.969696969697 117.5757575757576 118.1818181818182 118.7878787878788 119.3939393939394 120


# name: y
# type: matrix
# rows: 100
# columns: 1
 126589.928244202
 126812.185009509
 127019.5781122826
 127212.7854911011
 127392.4692595937
 127559.2757064406
 127713.8352953731
 127856.762665173
 127988.6566296735
 128110.1001777584
 128221.6604733627
 128323.8888554723
 128417.3208381237
 128502.4761104049
 128579.8585364544
 128649.9561554619
 128713.2411816677
 128770.1700043636
 128821.1831878918
 128866.7054716457
 128907.1457700697
 128942.8971726589
 128974.3369439596
 129001.8265235688
 129025.7115261347
 129046.3217413562
 129063.9711339833
 129078.9578438169
 129091.5641857088
 129102.0566495618
 129110.6859003296
 129117.6867780168
 129123.2782976791
 129127.6636494229
 129131.0301984058
 129133.5494848362
 129135.3772239734
 129136.6533061278
 129137.5017966605
 129138.0309359838
 129138.3331395607
 129138.4849979055
 129138.5472765829
 129138.5649162091
 129138.5670324508
 129138.566916026
 129138.5620327034
 129138.5340233027
 129138.4487036945
 129138.2560648005
 129137.8902725931
 129137.269668096
 129136.2967673834
 129134.8582615807
 129132.8250168643
 129130.0520744614
 129126.3786506501
 129121.6281367597
 129115.60809917
 129108.1102793123
 129098.9105936683
 129087.7691337711
 129074.4301662044
 129058.6221326029
 129040.0576496525
 129018.4335090897
 128993.4306777022
 128964.7142973285
 128931.9336848581
 128894.7223322313
 128852.6979064396
 128805.4622495252
 128752.6013785814
 128693.6854857524
 128628.2689382332
 128555.8902782701
 128476.0722231598
 128388.3216652506
 128292.129671941
 128186.9714856811
 128072.3065239717
 127947.5783793643
 127812.2148194617
 127665.6277869174
 127507.213399436
 127336.351949773
 127152.4079057348
 126954.7299101788
 126742.6507810131
 126515.4875111972
 126272.5412687411
 126013.097396706
 125736.4254132039
 125441.779011398
 125128.396059502
 124795.4986007809
 124442.2928535506
 124067.9692111777
 123671.70224208
 123252.6506897263


# name: TRAIN_QUERIES
# type: cell
# rows: 1
# columns: 3
# name: <cell-element>
# type: sq_string
# elements: 1
# length: 2
R1



# name: <cell-element>
# type: sq_string
# elements: 1
# length: 2
R2



# name: <cell-element>
# type: sq_string
# elements: 1
# length: 2
R4





# name: TEST_QUERIES
# type: cell
# rows: 1
# columns: 1
# name: <cell-element>
# type: sq_string
# elements: 1
# length: 2
R3





# name: DATASIZE
# type: sq_string
# elements: 1
# length: 3
250


