# Created by Octave 3.8.2, Mon May 23 11:27:32 2016 CEST <Andrea@Andreas-MacBook-Pro.local>
# name: x
# type: matrix
# rows: 1
# columns: 100
 60 60.60606060606061 61.21212121212122 61.81818181818182 62.42424242424242 63.03030303030303 63.63636363636364 64.24242424242425 64.84848484848484 65.45454545454545 66.06060606060606 66.66666666666667 67.27272727272728 67.87878787878788 68.48484848484848 69.09090909090909 69.69696969696969 70.30303030303031 70.90909090909091 71.51515151515152 72.12121212121212 72.72727272727272 73.33333333333333 73.93939393939394 74.54545454545455 75.15151515151516 75.75757575757575 76.36363636363636 76.96969696969697 77.57575757575758 78.18181818181819 78.78787878787878 79.39393939393939 80 80.60606060606061 81.21212121212122 81.81818181818181 82.42424242424242 83.03030303030303 83.63636363636364 84.24242424242425 84.84848484848484 85.45454545454545 86.06060606060606 86.66666666666667 87.27272727272727 87.87878787878788 88.48484848484848 89.09090909090909 89.6969696969697 90.3030303030303 90.90909090909091 91.51515151515152 92.12121212121212 92.72727272727272 93.33333333333333 93.93939393939394 94.54545454545455 95.15151515151516 95.75757575757576 96.36363636363636 96.96969696969697 97.57575757575758 98.18181818181819 98.78787878787878 99.39393939393939 100 100.6060606060606 101.2121212121212 101.8181818181818 102.4242424242424 103.030303030303 103.6363636363636 104.2424242424242 104.8484848484848 105.4545454545455 106.0606060606061 106.6666666666667 107.2727272727273 107.8787878787879 108.4848484848485 109.0909090909091 109.6969696969697 110.3030303030303 110.9090909090909 111.5151515151515 112.1212121212121 112.7272727272727 113.3333333333333 113.9393939393939 114.5454545454545 115.1515151515152 115.7575757575758 116.3636363636364 116.969696969697 117.5757575757576 118.1818181818182 118.7878787878788 119.3939393939394 120


# name: y
# type: matrix
# rows: 100
# columns: 1
 138347.6483226721
 138061.582169506
 137788.417119354
 137527.855499278
 137279.59963634
 137043.3518576018
 136818.8144901253
 136605.6898609724
 136403.680297205
 136212.488125885
 136031.8156740742
 135861.3652688346
 135700.8392372281
 135549.9399063165
 135408.3696031617
 135275.8306548257
 135152.0253883702
 135036.6561308573
 134929.4252093488
 134830.0349509065
 134738.1876825924
 134653.5857314684
 134575.9314245963
 134504.9270890381
 134440.2750518556
 134381.6776401107
 134328.8371808654
 134281.4560011814
 134239.2364281208
 134201.8807887453
 134169.0914101169
 134140.5706192975
 134116.0207433489
 134095.1441093331
 134077.6430443119
 134063.2198753472
 134051.576929501
 134042.4165338351
 134035.4410154113
 134030.3527012917
 134026.853918538
 134024.6469942122
 134023.4342553761
 134022.9180290917
 134022.8006424208
 134022.7844224254
 134022.5716961673
 134021.8647907084
 134020.3660331105
 134017.7777504357
 134013.8022697458
 134008.1419181026
 134000.4990225681
 133990.5759102041
 133978.0749080726
 133962.6983432354
 133944.1485427544
 133922.1278336916
 133896.3385431087
 133866.4829980677
 133832.2635256306
 133793.382452859
 133749.5421068151
 133700.4448145606
 133645.7929031574
 133585.2886996675
 133518.6345311527
 133445.5327246749
 133365.685607296
 133278.7955060779
 133184.5647480825
 133082.6956603717
 132972.8905700073
 132854.8518040513
 132728.2816895655
 132592.8825536118
 132448.3567232522
 132294.4065255485
 132130.7342875626
 131957.0423363564
 131773.0329989918
 131578.4086025307
 131372.8714740349
 131156.1239405664
 130927.868329187
 130687.8069669587
 130435.6421809433
 130171.0762982027
 129893.8116457989
 129603.5505507936
 129299.9953402488
 128982.8483412264
 128651.8118807882
 128306.5882859962
 127946.8798839123
 127572.3890015983
 127182.8179661162
 126777.8691045277
 126357.2447438949
 125920.6472112795


# name: TRAIN_QUERIES
# type: cell
# rows: 1
# columns: 3
# name: <cell-element>
# type: sq_string
# elements: 1
# length: 2
R1



# name: <cell-element>
# type: sq_string
# elements: 1
# length: 2
R2



# name: <cell-element>
# type: sq_string
# elements: 1
# length: 2
R4





# name: TEST_QUERIES
# type: cell
# rows: 1
# columns: 1
# name: <cell-element>
# type: sq_string
# elements: 1
# length: 2
R3





# name: DATASIZE
# type: sq_string
# elements: 1
# length: 3
250


