# Created by Octave 3.8.2, Mon May 23 11:27:32 2016 CEST <Andrea@Andreas-MacBook-Pro.local>
# name: x
# type: matrix
# rows: 1
# columns: 100
 60 60.60606060606061 61.21212121212122 61.81818181818182 62.42424242424242 63.03030303030303 63.63636363636364 64.24242424242425 64.84848484848484 65.45454545454545 66.06060606060606 66.66666666666667 67.27272727272728 67.87878787878788 68.48484848484848 69.09090909090909 69.69696969696969 70.30303030303031 70.90909090909091 71.51515151515152 72.12121212121212 72.72727272727272 73.33333333333333 73.93939393939394 74.54545454545455 75.15151515151516 75.75757575757575 76.36363636363636 76.96969696969697 77.57575757575758 78.18181818181819 78.78787878787878 79.39393939393939 80 80.60606060606061 81.21212121212122 81.81818181818181 82.42424242424242 83.03030303030303 83.63636363636364 84.24242424242425 84.84848484848484 85.45454545454545 86.06060606060606 86.66666666666667 87.27272727272727 87.87878787878788 88.48484848484848 89.09090909090909 89.6969696969697 90.3030303030303 90.90909090909091 91.51515151515152 92.12121212121212 92.72727272727272 93.33333333333333 93.93939393939394 94.54545454545455 95.15151515151516 95.75757575757576 96.36363636363636 96.96969696969697 97.57575757575758 98.18181818181819 98.78787878787878 99.39393939393939 100 100.6060606060606 101.2121212121212 101.8181818181818 102.4242424242424 103.030303030303 103.6363636363636 104.2424242424242 104.8484848484848 105.4545454545455 106.0606060606061 106.6666666666667 107.2727272727273 107.8787878787879 108.4848484848485 109.0909090909091 109.6969696969697 110.3030303030303 110.9090909090909 111.5151515151515 112.1212121212121 112.7272727272727 113.3333333333333 113.9393939393939 114.5454545454545 115.1515151515152 115.7575757575758 116.3636363636364 116.969696969697 117.5757575757576 118.1818181818182 118.7878787878788 119.3939393939394 120


# name: y
# type: matrix
# rows: 100
# columns: 1
 105834.0294095504
 106452.6555415762
 107057.1706305163
 107647.5746763709
 108223.8676791399
 108786.0496388234
 109334.1205554212
 109868.0804289335
 110387.9292593602
 110893.6670467014
 111385.293790957
 111862.809492127
 112326.2141502114
 112775.5077652103
 113210.6903371236
 113631.7618659513
 114038.7223516935
 114431.5717943501
 114810.3101939211
 115174.9375504065
 115525.4538638064
 115861.8591341207
 116184.1533613494
 116492.3365454926
 116786.4086865502
 117066.3697845222
 117332.2198394086
 117583.9588512095
 117821.5868199248
 118045.1037455545
 118254.5096280987
 118449.8044675573
 118630.9882639303
 118798.0610172177
 118951.0227274196
 119089.8733945359
 119214.6130185666
 119325.2415995118
 119421.7591373714
 119504.1656321454
 119572.4610838338
 119626.6454924367
 119666.718857954
 119692.6811803858
 119704.5324597319
 119702.2726959925
 119685.9018891675
 119655.420039257
 119610.8271462608
 119552.1232101791
 119479.3082310119
 119392.382208759
 119291.3451434206
 119176.1970349966
 119046.9378834871
 118903.567688892
 118746.0864512113
 118574.494170445
 118388.7908465932
 118188.9764796558
 117975.0510696328
 117747.0146165242
 117504.8671203301
 117248.6085810504
 116978.2389986851
 116693.7583732343
 116395.1667046979
 116082.4639930759
 115755.6502383684
 115414.7254405752
 115059.6895996965
 114690.5427157323
 114307.2847886824
 113909.915818547
 113498.4358053261
 113072.8447490195
 112633.1426496274
 112179.3295071497
 111711.4053215865
 111229.3700929376
 110733.2238212032
 110222.9665063832
 109698.5981484776
 109160.1187474866
 108607.5283034099
 108040.8268162476
 107460.0142859998
 106865.0907126664
 106256.0560962474
 105632.9104367429
 104995.6537341528
 104344.2859884772
 103678.8071997158
 102999.217367869
 102305.5164929366
 101597.7045749185
 100875.781613815
 100139.7476096259
 99389.60256235121
 98625.34647199097


# name: TRAIN_QUERIES
# type: cell
# rows: 1
# columns: 3
# name: <cell-element>
# type: sq_string
# elements: 1
# length: 2
R1



# name: <cell-element>
# type: sq_string
# elements: 1
# length: 2
R2



# name: <cell-element>
# type: sq_string
# elements: 1
# length: 2
R4





# name: TEST_QUERIES
# type: cell
# rows: 1
# columns: 1
# name: <cell-element>
# type: sq_string
# elements: 1
# length: 2
R3





# name: DATASIZE
# type: sq_string
# elements: 1
# length: 3
250


