# Created by Octave 3.8.2, Mon May 23 11:27:32 2016 CEST <Andrea@Andreas-MacBook-Pro.local>
# name: x
# type: matrix
# rows: 1
# columns: 100
 60 60.60606060606061 61.21212121212122 61.81818181818182 62.42424242424242 63.03030303030303 63.63636363636364 64.24242424242425 64.84848484848484 65.45454545454545 66.06060606060606 66.66666666666667 67.27272727272728 67.87878787878788 68.48484848484848 69.09090909090909 69.69696969696969 70.30303030303031 70.90909090909091 71.51515151515152 72.12121212121212 72.72727272727272 73.33333333333333 73.93939393939394 74.54545454545455 75.15151515151516 75.75757575757575 76.36363636363636 76.96969696969697 77.57575757575758 78.18181818181819 78.78787878787878 79.39393939393939 80 80.60606060606061 81.21212121212122 81.81818181818181 82.42424242424242 83.03030303030303 83.63636363636364 84.24242424242425 84.84848484848484 85.45454545454545 86.06060606060606 86.66666666666667 87.27272727272727 87.87878787878788 88.48484848484848 89.09090909090909 89.6969696969697 90.3030303030303 90.90909090909091 91.51515151515152 92.12121212121212 92.72727272727272 93.33333333333333 93.93939393939394 94.54545454545455 95.15151515151516 95.75757575757576 96.36363636363636 96.96969696969697 97.57575757575758 98.18181818181819 98.78787878787878 99.39393939393939 100 100.6060606060606 101.2121212121212 101.8181818181818 102.4242424242424 103.030303030303 103.6363636363636 104.2424242424242 104.8484848484848 105.4545454545455 106.0606060606061 106.6666666666667 107.2727272727273 107.8787878787879 108.4848484848485 109.0909090909091 109.6969696969697 110.3030303030303 110.9090909090909 111.5151515151515 112.1212121212121 112.7272727272727 113.3333333333333 113.9393939393939 114.5454545454545 115.1515151515152 115.7575757575758 116.3636363636364 116.969696969697 117.5757575757576 118.1818181818182 118.7878787878788 119.3939393939394 120


# name: y
# type: matrix
# rows: 100
# columns: 1
 126726.7002016535
 126744.1197688171
 126759.6415183061
 126773.4345934562
 126785.6565702451
 126796.4539971448
 126805.9629220712
 126814.30940643
 126821.610026261
 126827.9723604784
 126833.4954662093
 126838.2703412285
 126842.3803734913
 126845.9017777629
 126848.9040193449
 126851.4502248998
 126853.5975803715
 126855.3977160042
 126856.8970784575
 126858.137290019
 126859.1554949145
 126859.9846927146
 126860.6540588395
 126861.1892521596
 126861.6127096948
 126861.9439284097
 126862.1997341069
 126862.394537417
 126862.5405768856
 126862.6481491583
 126862.725826262
 126862.7806599837
 126862.8183733468
 126862.843539184
 126862.8597458077
 126862.8697497779
 126862.8756157665
 126862.8788435193
 126862.8804819154
 126862.8812301232
 126862.8815258539
 126862.881620712
 126862.8816426436
 126862.8816454809
 126862.8816455845
 126862.8816455831
 126862.8816452094
 126862.8816392345
 126862.8816024982
 126862.8814620378
 126862.8810563125
 126862.8800815265
 126862.8780250485
 126862.8740859283
 126862.8670825108
 126862.8553471476
 126862.8366080047
 126862.8078579686
 126862.7652106487
 126862.7037434771
 126862.6173279061
 126862.4984467021
 126862.337998337
 126862.125088477
 126861.8468085685
 126861.4880015206
 126861.0310144858
 126860.4554387371
 126859.7378366423
 126858.8514557362
 126857.7659298891
 126856.4469675727
 126854.8560272241
 126852.9499797053
 126850.6807578614
 126847.9949931751
 126844.833639519
 126841.1315840042
 126836.8172449272
 126831.812156813
 126826.030542556
 126819.3788726578
 126811.7554115622
 126803.0497510875
 126793.1423309559
 126781.90394642
 126769.1952429868
 126754.8661982383
 126738.75559075
 126720.690456106
 126700.4855300115
 126677.9426785026
 126652.8503152529
 126624.9828059778
 126594.0998599357
 126559.9459085261
 126522.2494709857
 126480.7225071807
 126435.0597574967
 126384.9380698263


# name: TRAIN_QUERIES
# type: cell
# rows: 1
# columns: 3
# name: <cell-element>
# type: sq_string
# elements: 1
# length: 2
R1



# name: <cell-element>
# type: sq_string
# elements: 1
# length: 2
R2



# name: <cell-element>
# type: sq_string
# elements: 1
# length: 2
R4





# name: TEST_QUERIES
# type: cell
# rows: 1
# columns: 1
# name: <cell-element>
# type: sq_string
# elements: 1
# length: 2
R3





# name: DATASIZE
# type: sq_string
# elements: 1
# length: 3
250


