# Created by Octave 3.8.2, Wed May 18 17:54:16 2016 CEST <Andrea@Andreas-MacBook-Pro.local>
# name: x
# type: matrix
# rows: 1
# columns: 100
 0.008333333333333333 0.008417508417508417 0.008501683501683501 0.008585858585858586 0.00867003367003367 0.008754208754208754 0.008838383838383838 0.008922558922558922 0.009006734006734006 0.00909090909090909 0.009175084175084175 0.009259259259259259 0.009343434343434343 0.009427609427609427 0.009511784511784513 0.009595959595959595 0.009680134680134681 0.009764309764309764 0.009848484848484849 0.009932659932659932 0.01001683501683502 0.0101010101010101 0.01018518518518519 0.01026936026936027 0.01035353535353535 0.01043771043771044 0.01052188552188552 0.01060606060606061 0.01069023569023569 0.01077441077441077 0.01085858585858586 0.01094276094276094 0.01102693602693603 0.01111111111111111 0.0111952861952862 0.01127946127946128 0.01136363636363636 0.01144781144781145 0.01153198653198653 0.01161616161616162 0.0117003367003367 0.01178451178451178 0.01186868686868687 0.01195286195286195 0.01203703703703704 0.01212121212121212 0.01220538720538721 0.01228956228956229 0.01237373737373737 0.01245791245791246 0.01254208754208754 0.01262626262626263 0.01271043771043771 0.01279461279461279 0.01287878787878788 0.01296296296296296 0.01304713804713805 0.01313131313131313 0.01321548821548822 0.0132996632996633 0.01338383838383839 0.01346801346801347 0.01355218855218855 0.01363636363636364 0.01372053872053872 0.01380471380471381 0.01388888888888889 0.01397306397306397 0.01405723905723906 0.01414141414141414 0.01422558922558923 0.01430976430976431 0.01439393939393939 0.01447811447811448 0.01456228956228956 0.01464646464646465 0.01473063973063973 0.01481481481481482 0.0148989898989899 0.01498316498316498 0.01506734006734007 0.01515151515151515 0.01523569023569024 0.01531986531986532 0.0154040404040404 0.01548821548821549 0.01557239057239057 0.01565656565656566 0.01574074074074074 0.01582491582491583 0.01590909090909091 0.01599326599326599 0.01607744107744108 0.01616161616161616 0.01624579124579125 0.01632996632996633 0.01641414141414142 0.0164983164983165 0.01658249158249158 0.01666666666666667


# name: y
# type: matrix
# rows: 100
# columns: 1
 41133.08900998504
 41206.3769771729
 41302.70105549848
 41421.7726274196
 41563.21104595627
 41726.54659572664
 41911.22411765104
 42116.60726607539
 42341.98336082682
 42586.56879088477
 42849.51492099903
 43129.91444777336
 43426.80814751274
 43739.19195454931
 44066.02430585337
 44406.233685528
 44758.72630129558
 45122.39382432122
 45496.12112367839
 45878.79392743547
 46269.30634370841
 46666.56817705633
 47069.5119782566
 47477.09976874193
 47888.32938476445
 48302.24039061677
 48717.91951492923
 49134.50556911455
 49551.19381238174
 49967.2397333261
 50381.96222385679
 50794.7461270817
 51205.04414667173
 51612.37811110941
 52016.3395920357
 52416.58988158884
 52812.85933913158
 53204.94612304356
 53592.71432827327
 53976.09155506564
 54355.06593867549
 54729.68267392014
 55100.04007209581
 55466.28519106783
 55828.60908223147
 56187.2417005237
 56542.44652574114
 56894.51494508735
 57243.76044813546
 57590.51268625513
 57935.11144902378
 58277.9006102287
 58619.22209577969
 58959.40992520214
 59298.78437737914
 59637.64632987064
 59976.27181947025
 60314.90686967923
 60653.76262849352
 60993.01085733048
 61332.77980907648
 61673.15053013264
 62014.15361798722
 62355.7664622657
 62697.91099342106
 63040.45195924549
 63383.19574523166
 63725.88975050826
 64068.22232664568
 64409.82328209914
 64750.26495045841
 65089.06381603387
 65425.68268566418
 65759.53339101419
 66089.98000108145
 66416.34252018346
 66737.90104239757
 67053.90032930954
 67363.55477403977
 67666.05371089625
 67960.56702669416
 68246.25102681998
 68522.25450654293
 68787.72497592156
 69041.81498495038
 69283.68849436851
 69512.52723683091
 69727.53701294353
 69927.95386699532
 70113.05008809232
 70282.13998381019
 70434.58537542421
 70569.80076623958
 70687.25813750685
 70786.49132984172
 70867.09997194371
 70928.75292268302
 70971.19119725539
 70994.23035304098
 70997.76231599106


# name: QUERY
# type: sq_string
# elements: 1
# length: 2
R1


# name: DATASIZE
# type: sq_string
# elements: 1
# length: 3
250


