# Created by Octave 4.0.0, Mon May 23 13:35:37 2016 CEST <peter@Independence>
# name: x
# type: matrix
# rows: 1
# columns: 100
 0.008333333333333333 0.008417508417508417 0.008501683501683501 0.008585858585858586 0.00867003367003367 0.008754208754208754 0.008838383838383838 0.008922558922558922 0.009006734006734006 0.00909090909090909 0.009175084175084175 0.009259259259259259 0.009343434343434343 0.009427609427609427 0.009511784511784513 0.009595959595959595 0.009680134680134681 0.009764309764309764 0.009848484848484849 0.009932659932659932 0.01001683501683502 0.0101010101010101 0.01018518518518519 0.01026936026936027 0.01035353535353535 0.01043771043771044 0.01052188552188552 0.01060606060606061 0.01069023569023569 0.01077441077441077 0.01085858585858586 0.01094276094276094 0.01102693602693603 0.01111111111111111 0.0111952861952862 0.01127946127946128 0.01136363636363636 0.01144781144781145 0.01153198653198653 0.01161616161616162 0.0117003367003367 0.01178451178451178 0.01186868686868687 0.01195286195286195 0.01203703703703704 0.01212121212121212 0.01220538720538721 0.01228956228956229 0.01237373737373737 0.01245791245791246 0.01254208754208754 0.01262626262626263 0.01271043771043771 0.01279461279461279 0.01287878787878788 0.01296296296296296 0.01304713804713805 0.01313131313131313 0.01321548821548822 0.0132996632996633 0.01338383838383839 0.01346801346801347 0.01355218855218855 0.01363636363636364 0.01372053872053872 0.01380471380471381 0.01388888888888889 0.01397306397306397 0.01405723905723906 0.01414141414141414 0.01422558922558923 0.01430976430976431 0.01439393939393939 0.01447811447811448 0.01456228956228956 0.01464646464646465 0.01473063973063973 0.01481481481481482 0.0148989898989899 0.01498316498316498 0.01506734006734007 0.01515151515151515 0.01523569023569024 0.01531986531986532 0.0154040404040404 0.01548821548821549 0.01557239057239057 0.01565656565656566 0.01574074074074074 0.01582491582491583 0.01590909090909091 0.01599326599326599 0.01607744107744108 0.01616161616161616 0.01624579124579125 0.01632996632996633 0.01641414141414142 0.0164983164983165 0.01658249158249158 0.01666666666666667


# name: y
# type: matrix
# rows: 1
# columns: 100
 41464.2715036361 41841.40836682705 42218.545230018 42595.68209320895 42972.81895639989 43349.95581959084 43727.09268278179 44104.22954597274 44481.36640916368 44858.50327235463 45235.64013554557 45612.77699873652 45989.91386192747 46367.05072511842 46744.18758830937 47121.32445150032 47498.46131469127 47875.59817788222 48252.73504107316 48629.87190426411 49007.00876745506 49384.145630646 49761.28249383695 50138.4193570279 50515.55622021885 50892.69308340979 51269.82994660074 51646.96680979169 52024.10367298264 52401.24053617359 52778.37739936454 53155.51426255549 53532.65112574643 53909.78798893738 54286.92485212833 54664.06171531928 55041.19857851022 55418.33544170117 55795.47230489212 56172.60916808307 56549.74603127401 56926.88289446496 57304.01975765591 57681.15662084686 58058.29348403781 58435.43034722876 58812.5672104197 59189.70407361065 59566.8409368016 59943.97779999254 60321.11466318349 60698.25152637444 61075.38838956539 61452.52525275634 61829.66211594729 62206.79897913824 62583.93584232919 62961.07270552013 63338.20956871108 63715.34643190203 64092.48329509298 64469.62015828392 64846.75702147487 65223.89388466581 65601.03074785677 65978.16761104771 66355.30447423866 66732.4413374296 67109.57820062056 67486.71506381151 67863.85192700246 68240.9887901934 68618.12565338434 68995.2625165753 69372.39937976624 69749.53624295718 70126.67310614814 70503.80996933908 70880.94683253004 71258.08369572098 71635.22055891193 72012.35742210288 72389.49428529383 72766.63114848478 73143.76801167573 73520.90487486667 73898.04173805761 74275.17860124857 74652.31546443951 75029.45232763045 75406.58919082141 75783.72605401235 76160.86291720331 76537.99978039425 76915.1366435852 77292.27350677614 77669.4103699671 78046.54723315805 78423.684096349 78800.82095953994


# name: QUERY
# type: sq_string
# elements: 1
# length: 2
R1


# name: DATASIZE
# type: sq_string
# elements: 1
# length: 3
250


