# Created by Octave 4.0.0, Mon May 23 13:35:37 2016 CEST <peter@Independence>
# name: x
# type: matrix
# rows: 1
# columns: 100
 0.008333333333333333 0.008417508417508417 0.008501683501683501 0.008585858585858586 0.00867003367003367 0.008754208754208754 0.008838383838383838 0.008922558922558922 0.009006734006734006 0.00909090909090909 0.009175084175084175 0.009259259259259259 0.009343434343434343 0.009427609427609427 0.009511784511784513 0.009595959595959595 0.009680134680134681 0.009764309764309764 0.009848484848484849 0.009932659932659932 0.01001683501683502 0.0101010101010101 0.01018518518518519 0.01026936026936027 0.01035353535353535 0.01043771043771044 0.01052188552188552 0.01060606060606061 0.01069023569023569 0.01077441077441077 0.01085858585858586 0.01094276094276094 0.01102693602693603 0.01111111111111111 0.0111952861952862 0.01127946127946128 0.01136363636363636 0.01144781144781145 0.01153198653198653 0.01161616161616162 0.0117003367003367 0.01178451178451178 0.01186868686868687 0.01195286195286195 0.01203703703703704 0.01212121212121212 0.01220538720538721 0.01228956228956229 0.01237373737373737 0.01245791245791246 0.01254208754208754 0.01262626262626263 0.01271043771043771 0.01279461279461279 0.01287878787878788 0.01296296296296296 0.01304713804713805 0.01313131313131313 0.01321548821548822 0.0132996632996633 0.01338383838383839 0.01346801346801347 0.01355218855218855 0.01363636363636364 0.01372053872053872 0.01380471380471381 0.01388888888888889 0.01397306397306397 0.01405723905723906 0.01414141414141414 0.01422558922558923 0.01430976430976431 0.01439393939393939 0.01447811447811448 0.01456228956228956 0.01464646464646465 0.01473063973063973 0.01481481481481482 0.0148989898989899 0.01498316498316498 0.01506734006734007 0.01515151515151515 0.01523569023569024 0.01531986531986532 0.0154040404040404 0.01548821548821549 0.01557239057239057 0.01565656565656566 0.01574074074074074 0.01582491582491583 0.01590909090909091 0.01599326599326599 0.01607744107744108 0.01616161616161616 0.01624579124579125 0.01632996632996633 0.01641414141414142 0.0164983164983165 0.01658249158249158 0.01666666666666667


# name: y
# type: matrix
# rows: 100
# columns: 1
 41134.23028128478
 41453.03372224786
 41771.83716321092
 42090.640604174
 42409.44404513705
 42728.24748610011
 43047.05092706318
 43365.85436802623
 43684.6578089893
 44003.46124995236
 44322.26469091544
 44641.0681318785
 44959.87157284157
 45278.67501380463
 45597.4784547677
 45916.28189573076
 46235.08533669382
 46553.88877765689
 46872.69221861995
 47191.49565958302
 47510.29910054609
 47829.10254150915
 48147.90598247221
 48466.70942343527
 48785.51286439834
 49104.3163053614
 49423.11974632448
 49741.92318728754
 50060.7266282506
 50379.53006921366
 50698.33351017674
 51017.13695113979
 51335.94039210286
 51654.74383306592
 51973.54727402899
 52292.35071499206
 52611.15415595512
 52929.95759691818
 53248.76103788125
 53567.56447884431
 53886.36791980737
 54205.17136077044
 54523.97480173351
 54842.77824269657
 55161.58168365964
 55480.3851246227
 55799.18856558576
 56117.99200654883
 56436.7954475119
 56755.59888847496
 57074.40232943802
 57393.20577040109
 57712.00921136415
 58030.81265232722
 58349.61609329029
 58668.41953425335
 58987.22297521641
 59306.02641617948
 59624.82985714254
 59943.6332981056
 60262.43673906867
 60581.24018003174
 60900.04362099479
 61218.84706195787
 61537.65050292094
 61856.45394388399
 62175.25738484706
 62494.06082581012
 62812.86426677319
 63131.66770773625
 63450.47114869932
 63769.27458966239
 64088.07803062544
 64406.88147158852
 64725.68491255158
 65044.48835351464
 65363.2917944777
 65682.09523544076
 66000.89867640384
 66319.70211736691
 66638.50555832998
 66957.30899929303
 67276.1124402561
 67594.91588121915
 67913.71932218222
 68232.52276314529
 68551.32620410834
 68870.12964507141
 69188.93308603452
 69507.73652699756
 69826.53996796061
 70145.34340892367
 70464.14684988675
 70782.95029084983
 71101.75373181287
 71420.55717277594
 71739.36061373902
 72058.16405470207
 72376.96749566514
 72695.77093662816


# name: QUERY
# type: sq_string
# elements: 1
# length: 2
R1


# name: DATASIZE
# type: sq_string
# elements: 1
# length: 3
250


