# Created by Octave 3.8.2, Wed May 18 17:54:16 2016 CEST <Andrea@Andreas-MacBook-Pro.local>
# name: SVs
# type: cell
# rows: 1
# columns: 7
# name: <cell-element>
# type: sparse matrix
# nnz: 26
# rows: 26
# columns: 1
1 1 -1.125507117279592
2 1 1.469006042683107
3 1 1.469006042683107
4 1 0.1717494627017576
5 1 1.469006042683107
6 1 -0.6066044852870522
7 1 1.469006042683107
8 1 -1.125507117279592
9 1 -0.6066044852870522
10 1 0.1717494627017576
11 1 1.469006042683107
12 1 1.469006042683107
13 1 -1.125507117279592
14 1 1.469006042683107
15 1 -1.125507117279592
16 1 -0.6066044852870522
17 1 0.1717494627017576
18 1 -0.6066044852870522
19 1 -0.6066044852870522
20 1 -0.6066044852870522
21 1 1.469006042683107
22 1 -1.125507117279592
23 1 1.469006042683107
24 1 1.469006042683107
25 1 0.1717494627017576
26 1 0.1717494627017576



# name: <cell-element>
# type: sparse matrix
# nnz: 24
# rows: 24
# columns: 1
1 1 -1.125507117279592
2 1 -1.125507117279592
3 1 1.469006042683107
4 1 1.469006042683107
5 1 0.1717494627017576
6 1 1.469006042683107
7 1 -0.6066044852870522
8 1 -1.125507117279592
9 1 0.1717494627017576
10 1 1.469006042683107
11 1 -1.125507117279592
12 1 -1.125507117279592
13 1 -0.6066044852870522
14 1 0.1717494627017576
15 1 -0.6066044852870522
16 1 -1.125507117279592
17 1 1.469006042683107
18 1 -0.6066044852870522
19 1 -1.125507117279592
20 1 -1.125507117279592
21 1 0.1717494627017576
22 1 1.469006042683107
23 1 0.1717494627017576
24 1 0.1717494627017576



# name: <cell-element>
# type: sparse matrix
# nnz: 36
# rows: 36
# columns: 1
1 1 -1.125507117279592
2 1 0.1717494627017576
3 1 1.469006042683107
4 1 1.469006042683107
5 1 0.1717494627017576
6 1 -0.6066044852870522
7 1 1.469006042683107
8 1 0.1717494627017576
9 1 -0.6066044852870522
10 1 1.469006042683107
11 1 -0.6066044852870522
12 1 0.1717494627017576
13 1 0.1717494627017576
14 1 1.469006042683107
15 1 1.469006042683107
16 1 -1.125507117279592
17 1 1.469006042683107
18 1 -1.125507117279592
19 1 -0.6066044852870522
20 1 0.1717494627017576
21 1 -0.6066044852870522
22 1 -0.6066044852870522
23 1 -0.6066044852870522
24 1 -0.6066044852870522
25 1 1.469006042683107
26 1 0.1717494627017576
27 1 -1.125507117279592
28 1 0.1717494627017576
29 1 1.469006042683107
30 1 -0.6066044852870522
31 1 1.469006042683107
32 1 0.1717494627017576
33 1 0.1717494627017576
34 1 0.1717494627017576
35 1 -0.6066044852870522
36 1 0.1717494627017576



# name: <cell-element>
# type: sparse matrix
# nnz: 13
# rows: 13
# columns: 1
1 1 -1.125507117279592
2 1 -1.125507117279592
3 1 1.469006042683107
4 1 0.1717494627017576
5 1 1.469006042683107
6 1 1.469006042683107
7 1 -1.125507117279592
8 1 0.1717494627017576
9 1 -1.125507117279592
10 1 -1.125507117279592
11 1 -1.125507117279592
12 1 0.1717494627017576
13 1 0.1717494627017576



# name: <cell-element>
# type: sparse matrix
# nnz: 39
# rows: 39
# columns: 1
1 1 -1.125507117279592
2 1 -1.125507117279592
3 1 0.1717494627017576
4 1 1.469006042683107
5 1 1.469006042683107
6 1 0.1717494627017576
7 1 -0.6066044852870522
8 1 1.469006042683107
9 1 0.1717494627017576
10 1 -0.6066044852870522
11 1 1.469006042683107
12 1 -1.125507117279592
13 1 -0.6066044852870522
14 1 0.1717494627017576
15 1 -0.6066044852870522
16 1 0.1717494627017576
17 1 1.469006042683107
18 1 1.469006042683107
19 1 -1.125507117279592
20 1 1.469006042683107
21 1 -1.125507117279592
22 1 -0.6066044852870522
23 1 0.1717494627017576
24 1 -0.6066044852870522
25 1 -0.6066044852870522
26 1 -1.125507117279592
27 1 -0.6066044852870522
28 1 1.469006042683107
29 1 -0.6066044852870522
30 1 -1.125507117279592
31 1 1.469006042683107
32 1 0.1717494627017576
33 1 -1.125507117279592
34 1 0.1717494627017576
35 1 0.1717494627017576
36 1 0.1717494627017576
37 1 0.1717494627017576
38 1 -0.6066044852870522
39 1 0.1717494627017576



# name: <cell-element>
# type: sparse matrix
# nnz: 28
# rows: 28
# columns: 1
1 1 -1.125507117279592
2 1 0.1717494627017576
3 1 1.469006042683107
4 1 1.469006042683107
5 1 0.1717494627017576
6 1 1.469006042683107
7 1 -0.6066044852870522
8 1 -0.6066044852870522
9 1 1.469006042683107
10 1 -1.125507117279592
11 1 0.1717494627017576
12 1 -0.6066044852870522
13 1 1.469006042683107
14 1 1.469006042683107
15 1 -1.125507117279592
16 1 1.469006042683107
17 1 -1.125507117279592
18 1 0.1717494627017576
19 1 -0.6066044852870522
20 1 -0.6066044852870522
21 1 1.469006042683107
22 1 -0.6066044852870522
23 1 1.469006042683107
24 1 -1.125507117279592
25 1 0.1717494627017576
26 1 0.1717494627017576
27 1 0.1717494627017576
28 1 0.1717494627017576



# name: <cell-element>
# type: scalar
0





# name: coefficients
# type: cell
# rows: 1
# columns: 7
# name: <cell-element>
# type: matrix
# rows: 26
# columns: 1
 -0.35789
 0.35789
 0.35789
 0.35789
 0.35789
 -0.35789
 -0.35789
 0.1588680669619092
 0.35789
 0.35789
 0.35789
 -0.35789
 -0.35789
 -0.35789
 0.35789
 -0.35789
 0.35789
 0.35789
 -0.35789
 -0.35789
 -0.35789
 -0.35789
 -0.35789
 -0.1588680669619089
 0.35789
 0.35789



# name: <cell-element>
# type: matrix
# rows: 24
# columns: 1
 -0.35789
 -0.35789
 0.35789
 0.35789
 0.35789
 0.35789
 -0.35789
 -0.35789
 0.35789
 0.35789
 -0.35789
 -0.35789
 -0.2286384064947538
 0.35789
 -0.35789
 -0.35789
 0.35789
 -0.35789
 -0.35789
 -0.35789
 0.35789
 0.2286384064947538
 0.35789
 0.35789



# name: <cell-element>
# type: matrix
# rows: 36
# columns: 1
 -0.35789
 0.35789
 0.35789
 0.35789
 0.35789
 -0.35789
 0.35789
 0.35789
 -0.35789
 -0.35789
 -0.35789
 0.35789
 0.35789
 0.35789
 -0.35789
 -0.35789
 -0.35789
 0.35789
 -0.35789
 0.35789
 0.0841303847997622
 -0.35789
 -0.35789
 -0.35789
 -0.35789
 0.35789
 -0.35789
 0.35789
 -0.35789
 -0.35789
 -0.08413038479976241
 0.35789
 0.35789
 0.35789
 -0.35789
 0.35789



# name: <cell-element>
# type: matrix
# rows: 13
# columns: 1
 -0.1
 -0.1
 0.1
 0.05724797789490586
 0.1
 0.04275202210509416
 -0.1
 0.1
 -0.1
 -0.1
 -0.1
 0.1
 0.1



# name: <cell-element>
# type: matrix
# rows: 39
# columns: 1
 -5
 -5
 5
 5
 5
 5
 -5
 5
 5
 -5
 -5
 -5
 -3.242403587543718
 5
 5
 5
 5
 -5
 -5
 -1.757596412456288
 -5
 -5
 5
 5
 -5
 -5
 -5
 5
 -5
 -5
 -5
 5
 -5
 5
 5
 5
 5
 -5
 5



# name: <cell-element>
# type: matrix
# rows: 28
# columns: 1
 -0.6157899999999999
 -0.6157899999999999
 0.6157899999999999
 0.6157899999999999
 0.6157899999999999
 0.6157899999999999
 0.6157899999999999
 -0.6157899999999999
 -0.6157899999999999
 0.358253155353231
 -0.6157899999999999
 0.6157899999999999
 0.6157899999999999
 -0.6157899999999999
 -0.6157899999999999
 -0.5094854916905284
 0.6157899999999999
 0.6157899999999999
 0.6157899999999999
 -0.4853818097729163
 0.6157899999999999
 -0.6157899999999999
 -0.6157899999999999
 -0.6157899999999999
 0.6157899999999999
 -0.6157899999999999
 0.6157899999999999
 -0.5949658538897862



# name: <cell-element>
# type: scalar
0





# name: b
# type: cell
# rows: 1
# columns: 7
# name: <cell-element>
# type: scalar
-0.1419921059483528



# name: <cell-element>
# type: scalar
-0.3787001025556247



# name: <cell-element>
# type: scalar
-0.3287743252395885



# name: <cell-element>
# type: scalar
-0.4564271590554329



# name: <cell-element>
# type: scalar
-0.48615814247712



# name: <cell-element>
# type: scalar
-0.05875977745066427



# name: <cell-element>
# type: scalar
0





# name: models
# type: cell
# rows: 1
# columns: 7
# name: <cell-element>
# type: scalar struct
# ndims: 2
 1 1
# length: 11
# name: Parameters
# type: matrix
# rows: 5
# columns: 1
 3
 0
 3
 1
 0


# name: nr_class
# type: scalar
2


# name: totalSV
# type: scalar
26


# name: rho
# type: scalar
0.1419921059483528


# name: Label
# type: matrix
# rows: 0
# columns: 0


# name: sv_indices
# type: matrix
# rows: 26
# columns: 1
 1
 4
 5
 6
 8
 11
 12
 13
 16
 17
 18
 19
 20
 21
 22
 23
 24
 25
 26
 30
 32
 34
 36
 38
 39
 41


# name: ProbA
# type: matrix
# rows: 0
# columns: 0


# name: ProbB
# type: matrix
# rows: 0
# columns: 0


# name: nSV
# type: matrix
# rows: 0
# columns: 0


