# Created by Octave 4.0.0, Mon May 23 13:35:31 2016 CEST <peter@Independence>
# name: mu
# type: matrix
# rows: 1
# columns: 2
 57660.97183098592 0.01194835680751173


# name: sigma
# type: matrix
# rows: 1
# columns: 2
 19967.70375879999 0.003211906365297889


