# Created by Octave 3.8.2, Wed May 18 17:54:06 2016 CEST <Andrea@Andreas-MacBook-Pro.local>
# name: mu
# type: matrix
# rows: 1
# columns: 2
 57660.97183098592 0.01194835680751173


# name: sigma
# type: matrix
# rows: 1
# columns: 2
 19967.70375879999 0.003211906365297889


