# Created by Octave 4.0.0, Mon May 23 13:35:37 2016 CEST <peter@Independence>
# name: x
# type: matrix
# rows: 1
# columns: 100
 0.008333333333333333 0.008417508417508417 0.008501683501683501 0.008585858585858586 0.00867003367003367 0.008754208754208754 0.008838383838383838 0.008922558922558922 0.009006734006734006 0.00909090909090909 0.009175084175084175 0.009259259259259259 0.009343434343434343 0.009427609427609427 0.009511784511784513 0.009595959595959595 0.009680134680134681 0.009764309764309764 0.009848484848484849 0.009932659932659932 0.01001683501683502 0.0101010101010101 0.01018518518518519 0.01026936026936027 0.01035353535353535 0.01043771043771044 0.01052188552188552 0.01060606060606061 0.01069023569023569 0.01077441077441077 0.01085858585858586 0.01094276094276094 0.01102693602693603 0.01111111111111111 0.0111952861952862 0.01127946127946128 0.01136363636363636 0.01144781144781145 0.01153198653198653 0.01161616161616162 0.0117003367003367 0.01178451178451178 0.01186868686868687 0.01195286195286195 0.01203703703703704 0.01212121212121212 0.01220538720538721 0.01228956228956229 0.01237373737373737 0.01245791245791246 0.01254208754208754 0.01262626262626263 0.01271043771043771 0.01279461279461279 0.01287878787878788 0.01296296296296296 0.01304713804713805 0.01313131313131313 0.01321548821548822 0.0132996632996633 0.01338383838383839 0.01346801346801347 0.01355218855218855 0.01363636363636364 0.01372053872053872 0.01380471380471381 0.01388888888888889 0.01397306397306397 0.01405723905723906 0.01414141414141414 0.01422558922558923 0.01430976430976431 0.01439393939393939 0.01447811447811448 0.01456228956228956 0.01464646464646465 0.01473063973063973 0.01481481481481482 0.0148989898989899 0.01498316498316498 0.01506734006734007 0.01515151515151515 0.01523569023569024 0.01531986531986532 0.0154040404040404 0.01548821548821549 0.01557239057239057 0.01565656565656566 0.01574074074074074 0.01582491582491583 0.01590909090909091 0.01599326599326599 0.01607744107744108 0.01616161616161616 0.01624579124579125 0.01632996632996633 0.01641414141414142 0.0164983164983165 0.01658249158249158 0.01666666666666667


# name: y
# type: matrix
# rows: 100
# columns: 1
 53928.89653866873
 53444.88393426524
 52994.277356081
 52575.50314632316
 52187.02561563028
 51827.34704307248
 51495.00767615127
 51188.58573079971
 50906.69739138227
 50647.9968106949
 50411.17610996506
 50194.96537885166
 49998.13267544507
 49819.48402626716
 49657.86342627124
 49512.15283884212
 49381.27219579607
 49264.17939738084
 49159.87031227563
 49067.37877759114
 48985.77659886953
 48914.17355008444
 48851.71737364095
 48797.59378037568
 48751.02644955664
 48711.27702888337
 48677.64513448687
 48649.46835092961
 48626.12223120551
 48607.02029674
 48591.61403738996
 48579.39291144375
 48569.88434562119
 48562.65373507359
 48557.30444338372
 48553.47780256582
 48550.85311306563
 48549.14764376033
 48548.11663195857
 48547.5532834005
 48547.28877225772
 48547.19224113332
 48547.17080106185
 48547.16953150933
 48547.17148037326
 48547.19766398262
 48547.30706709783
 48547.59664291083
 48548.20131304499
 48549.29396755518
 48551.08546492772
 48553.82463208041
 48557.79826436254
 48563.33112555487
 48570.7859478696
 48580.56343195042
 48593.10224687251
 48608.8790301425
 48628.40838769852
 48652.24289391012
 48680.97309157838
 48715.22749193582
 48755.67257464644
 48803.0127878057
 48857.99054794056
 48921.38624000944
 48994.01821740223
 49076.74280194027
 49170.45428387642
 49276.08492189496
 49394.60494311169
 49527.02254307386
 49674.38388576019
 49837.77310358087
 50018.31229737757
 50217.16153642343
 50435.51885842307
 50674.62026951258
 50935.7397442595
 51220.18922566286
 51529.31862515317
 51864.51582259243
 52227.20666627403
 52618.85497292296
 53040.96252769555
 53495.06908417968
 53982.75236439471
 54505.62805879142
 55065.3498262521
 55663.60929409051
 56302.13605805188
 56982.69768231289
 57707.09969948175
 58477.18561059804
 59294.83688513295
 60161.97296098895
 61080.55124450028
 62052.5671104323
 63080.05390198211
 64165.08293077815


# name: QUERY
# type: sq_string
# elements: 1
# length: 2
R1


# name: DATASIZE
# type: sq_string
# elements: 1
# length: 3
250


