# Created by Octave 4.0.0, Mon May 23 13:35:37 2016 CEST <peter@Independence>
# name: x
# type: matrix
# rows: 1
# columns: 100
 0.008333333333333333 0.008417508417508417 0.008501683501683501 0.008585858585858586 0.00867003367003367 0.008754208754208754 0.008838383838383838 0.008922558922558922 0.009006734006734006 0.00909090909090909 0.009175084175084175 0.009259259259259259 0.009343434343434343 0.009427609427609427 0.009511784511784513 0.009595959595959595 0.009680134680134681 0.009764309764309764 0.009848484848484849 0.009932659932659932 0.01001683501683502 0.0101010101010101 0.01018518518518519 0.01026936026936027 0.01035353535353535 0.01043771043771044 0.01052188552188552 0.01060606060606061 0.01069023569023569 0.01077441077441077 0.01085858585858586 0.01094276094276094 0.01102693602693603 0.01111111111111111 0.0111952861952862 0.01127946127946128 0.01136363636363636 0.01144781144781145 0.01153198653198653 0.01161616161616162 0.0117003367003367 0.01178451178451178 0.01186868686868687 0.01195286195286195 0.01203703703703704 0.01212121212121212 0.01220538720538721 0.01228956228956229 0.01237373737373737 0.01245791245791246 0.01254208754208754 0.01262626262626263 0.01271043771043771 0.01279461279461279 0.01287878787878788 0.01296296296296296 0.01304713804713805 0.01313131313131313 0.01321548821548822 0.0132996632996633 0.01338383838383839 0.01346801346801347 0.01355218855218855 0.01363636363636364 0.01372053872053872 0.01380471380471381 0.01388888888888889 0.01397306397306397 0.01405723905723906 0.01414141414141414 0.01422558922558923 0.01430976430976431 0.01439393939393939 0.01447811447811448 0.01456228956228956 0.01464646464646465 0.01473063973063973 0.01481481481481482 0.0148989898989899 0.01498316498316498 0.01506734006734007 0.01515151515151515 0.01523569023569024 0.01531986531986532 0.0154040404040404 0.01548821548821549 0.01557239057239057 0.01565656565656566 0.01574074074074074 0.01582491582491583 0.01590909090909091 0.01599326599326599 0.01607744107744108 0.01616161616161616 0.01624579124579125 0.01632996632996633 0.01641414141414142 0.0164983164983165 0.01658249158249158 0.01666666666666667


# name: y
# type: matrix
# rows: 100
# columns: 1
 41381.5889401118
 42044.51195481439
 42676.56862655621
 43278.49480596848
 43851.0263436826
 44394.89909032988
 44910.84889654159
 45399.61161294916
 45861.92309018388
 46298.51917887702
 46710.13572965992
 47097.50859316399
 47461.37362002049
 47802.46666086074
 48121.52356631611
 48419.28018701789
 48696.47237359742
 48953.83597668603
 49192.10684691505
 49412.0208349158
 49614.31379131962
 49799.72156675781
 49968.98001186174
 50122.8249772627
 50261.99231359202
 50387.21787148105
 50499.2375015611
 50598.78705446351
 50686.60238081958
 50763.41933126067
 50829.9737564181
 50887.00150692318
 50935.23843340726
 50975.42038650164
 51008.28321683767
 51034.56277504667
 51054.99491175997
 51070.31547760889
 51081.26032322477
 51088.56529923893
 51092.96625628269
 51095.19904498738
 51095.99951598435
 51096.10351990489
 51096.24690738036
 51097.16552904206
 51099.59523552134
 51104.27187744952
 51111.93130545792
 51123.30937017787
 51139.14192224071
 51160.16481227775
 51187.11389092032
 51220.72500879976
 51261.73401654739
 51310.87676479453
 51368.88910417251
 51436.50688531267
 51514.46595884633
 51603.50217540481
 51704.35138561945
 51817.74944012157
 51944.43218954249
 52085.13548451355
 52240.59517566607
 52411.54711363138
 52598.7271490408
 52802.87113252569
 53024.71491471732
 53264.99434624708
 53524.44527774624
 53803.80355984616
 54103.80504317817
 54425.18557837358
 54768.6810160637
 55135.02720687994
 55524.96000145352
 55939.21525041583
 56378.52880439821
 56843.63651403192
 57335.27422994834
 57854.17780277882
 58401.08308315461
 58976.72592170713
 59581.84216906764
 60217.16767586747
 60883.43829273793
 61581.38987031054
 62311.75825921632
 63075.2793100867
 63872.68887355312
 64704.72280024686
 65572.11694079927
 66475.60714584155
 67415.92926600511
 68393.81915192133
 69410.0126542214
 70465.24562353686
 71560.2539104989
 72695.77336573867


# name: QUERY
# type: sq_string
# elements: 1
# length: 2
R1


# name: DATASIZE
# type: sq_string
# elements: 1
# length: 3
250


