# Created by Octave 3.8.2, Wed May 18 17:54:16 2016 CEST <Andrea@Andreas-MacBook-Pro.local>
# name: x
# type: matrix
# rows: 1
# columns: 100
 0.008333333333333333 0.008417508417508417 0.008501683501683501 0.008585858585858586 0.00867003367003367 0.008754208754208754 0.008838383838383838 0.008922558922558922 0.009006734006734006 0.00909090909090909 0.009175084175084175 0.009259259259259259 0.009343434343434343 0.009427609427609427 0.009511784511784513 0.009595959595959595 0.009680134680134681 0.009764309764309764 0.009848484848484849 0.009932659932659932 0.01001683501683502 0.0101010101010101 0.01018518518518519 0.01026936026936027 0.01035353535353535 0.01043771043771044 0.01052188552188552 0.01060606060606061 0.01069023569023569 0.01077441077441077 0.01085858585858586 0.01094276094276094 0.01102693602693603 0.01111111111111111 0.0111952861952862 0.01127946127946128 0.01136363636363636 0.01144781144781145 0.01153198653198653 0.01161616161616162 0.0117003367003367 0.01178451178451178 0.01186868686868687 0.01195286195286195 0.01203703703703704 0.01212121212121212 0.01220538720538721 0.01228956228956229 0.01237373737373737 0.01245791245791246 0.01254208754208754 0.01262626262626263 0.01271043771043771 0.01279461279461279 0.01287878787878788 0.01296296296296296 0.01304713804713805 0.01313131313131313 0.01321548821548822 0.0132996632996633 0.01338383838383839 0.01346801346801347 0.01355218855218855 0.01363636363636364 0.01372053872053872 0.01380471380471381 0.01388888888888889 0.01397306397306397 0.01405723905723906 0.01414141414141414 0.01422558922558923 0.01430976430976431 0.01439393939393939 0.01447811447811448 0.01456228956228956 0.01464646464646465 0.01473063973063973 0.01481481481481482 0.0148989898989899 0.01498316498316498 0.01506734006734007 0.01515151515151515 0.01523569023569024 0.01531986531986532 0.0154040404040404 0.01548821548821549 0.01557239057239057 0.01565656565656566 0.01574074074074074 0.01582491582491583 0.01590909090909091 0.01599326599326599 0.01607744107744108 0.01616161616161616 0.01624579124579125 0.01632996632996633 0.01641414141414142 0.0164983164983165 0.01658249158249158 0.01666666666666667


# name: y
# type: matrix
# rows: 100
# columns: 1
 57996.64513479273
 57633.14620427887
 57278.21097422175
 56931.83944462142
 56594.03161547777
 56264.78748679088
 55944.10705856074
 55631.99033078735
 55328.4373034707
 55033.44797661078
 54747.0223502076
 54469.16042426116
 54199.86219877148
 53939.12767373852
 53686.95684916233
 53443.34972504286
 53208.30630138015
 52981.82657817416
 52763.91055542492
 52554.55823313243
 52353.76961129667
 52161.54468991766
 51977.88346899539
 51802.78594852986
 51636.25212852107
 51478.28200896903
 51328.87558987373
 51188.03287123517
 51055.75385305335
 50932.03853532828
 50816.88691805994
 50710.29900124836
 50612.27478489351
 50522.8142689954
 50441.91745355404
 50369.58433856942
 50305.81492404154
 50250.6092099704
 50203.967196356
 50165.88888319834
 50136.37427049744
 50115.42335825326
 50103.03614646583
 50099.21263513515
 50103.95282426121
 50117.25671384401
 50139.12430388355
 50169.55559437982
 50208.55058533285
 50256.10927674262
 50312.23166860913
 50376.91776093238
 50450.16755371237
 50531.98104694911
 50622.35824064258
 50721.2991347928
 50828.80372939976
 50944.87202446347
 51069.50401998391
 51202.69971596109
 51344.45911239503
 51494.7822092857
 51653.66900663311
 51821.11950443727
 51997.13370269816
 52181.71160141581
 52374.85320059019
 52576.5585002213
 52786.82750030918
 53005.66020085379
 53233.05660185513
 53469.01670331324
 53713.54050522806
 53966.62800759964
 54228.27921042796
 54498.49411371302
 54777.27271745483
 55064.61502165336
 55360.52102630865
 55664.99073142069
 55978.02413698945
 56299.62124301498
 56629.7820494972
 56968.50655643623
 57315.79476383197
 57671.64667168444
 58036.06227999368
 58409.04158875964
 58790.58459798233
 59180.69130766179
 59579.36171779796
 59986.59582839091
 60402.3936394406
 60826.755150947
 61259.68036291021
 61701.16927533003
 62151.22188820672
 62609.83820154011
 63077.01821533023
 63552.76192957709


# name: QUERY
# type: sq_string
# elements: 1
# length: 2
R1


# name: DATASIZE
# type: sq_string
# elements: 1
# length: 3
250


