# Created by Octave 3.8.2, Wed May 18 17:54:16 2016 CEST <Andrea@Andreas-MacBook-Pro.local>
# name: x
# type: matrix
# rows: 1
# columns: 100
 0.008333333333333333 0.008417508417508417 0.008501683501683501 0.008585858585858586 0.00867003367003367 0.008754208754208754 0.008838383838383838 0.008922558922558922 0.009006734006734006 0.00909090909090909 0.009175084175084175 0.009259259259259259 0.009343434343434343 0.009427609427609427 0.009511784511784513 0.009595959595959595 0.009680134680134681 0.009764309764309764 0.009848484848484849 0.009932659932659932 0.01001683501683502 0.0101010101010101 0.01018518518518519 0.01026936026936027 0.01035353535353535 0.01043771043771044 0.01052188552188552 0.01060606060606061 0.01069023569023569 0.01077441077441077 0.01085858585858586 0.01094276094276094 0.01102693602693603 0.01111111111111111 0.0111952861952862 0.01127946127946128 0.01136363636363636 0.01144781144781145 0.01153198653198653 0.01161616161616162 0.0117003367003367 0.01178451178451178 0.01186868686868687 0.01195286195286195 0.01203703703703704 0.01212121212121212 0.01220538720538721 0.01228956228956229 0.01237373737373737 0.01245791245791246 0.01254208754208754 0.01262626262626263 0.01271043771043771 0.01279461279461279 0.01287878787878788 0.01296296296296296 0.01304713804713805 0.01313131313131313 0.01321548821548822 0.0132996632996633 0.01338383838383839 0.01346801346801347 0.01355218855218855 0.01363636363636364 0.01372053872053872 0.01380471380471381 0.01388888888888889 0.01397306397306397 0.01405723905723906 0.01414141414141414 0.01422558922558923 0.01430976430976431 0.01439393939393939 0.01447811447811448 0.01456228956228956 0.01464646464646465 0.01473063973063973 0.01481481481481482 0.0148989898989899 0.01498316498316498 0.01506734006734007 0.01515151515151515 0.01523569023569024 0.01531986531986532 0.0154040404040404 0.01548821548821549 0.01557239057239057 0.01565656565656566 0.01574074074074074 0.01582491582491583 0.01590909090909091 0.01599326599326599 0.01607744107744108 0.01616161616161616 0.01624579124579125 0.01632996632996633 0.01641414141414142 0.0164983164983165 0.01658249158249158 0.01666666666666667


# name: y
# type: matrix
# rows: 100
# columns: 1
 52615.08967498885
 52000.58079529023
 51455.11462010763
 50972.34074373823
 50546.35728860312
 50171.68926907823
 49843.26749019492
 49556.40798133887
 49306.7919648341
 49090.4463594933
 48903.72481908469
 48743.28930573928
 48606.09219829171
 48489.35893555431
 48390.57119452315
 48307.45060352395
 48237.94299028611
 48180.20316495337
 48132.58023802905
 48093.60347325368
 48061.96867541751
 48036.52511310741
 48016.26297638734
 48000.30136941234
 47987.87683797788
 47978.3324320021
 47971.10730294244
 47965.72683614641
 47961.79331813636
 47958.97713882812
 47957.00852868383
 47955.6698307988
 47954.78830792226
 47954.22948441232
 47953.89102312483
 47953.69713723635
 47953.59353700107
 47953.54291144189
 47953.52094497541
 47953.51286897097
 47953.51054824382
 47953.51010248217
 47953.51006260842
 47953.51006207431
 47953.51006309015
 47953.51011778811
 47953.51066431945
 47953.51335788589
 47953.52243670496
 47953.54662290932
 47953.60155838027
 47953.71277551509
 47953.91920292864
 47954.27720608876
 47954.86516288586
 47955.78857413649
 47957.18570902095
 47959.23378545491
 47962.15568539509
 47966.22720507894
 47971.78484019842
 47979.23410600768
 47989.05839236492
 48001.82835370823
 48018.21183396539
 48038.98432639782
 48065.0399683783
 48097.40307110328
 48137.24018423881
 48185.87269549987
 48244.7899651652
 48315.66299552622
 48400.358635266
 48500.95431877882
 48619.75334041908
 48759.30066368447
 48922.39926533742
 49112.12701445102
 49331.85408640301
 49585.26091179263
 49876.35666029012
 50209.49825943659
 50589.40994835272
 51021.20336641312
 51510.39817681049
 52062.94322510822
 52685.23823268208
 53384.1560251117
 54167.06529551932
 55041.85390282703
 56016.95270494256
 57101.35992688465
 58304.66606387578
 59637.07931929258
 61109.45157765708
 62733.3049124055
 64520.85862882233
 66485.05684164636
 68639.59658782581
 70998.95647403439


# name: QUERY
# type: sq_string
# elements: 1
# length: 2
R1


# name: DATASIZE
# type: sq_string
# elements: 1
# length: 3
250


