# Created by Octave 3.8.2, Mon May 23 09:41:43 2016 CEST <Andrea@Andreas-MacBook-Pro.local>
# name: x
# type: matrix
# rows: 1
# columns: 100
 8 8.121212121212121 8.242424242424242 8.363636363636363 8.484848484848484 8.606060606060606 8.727272727272727 8.848484848484848 8.969696969696969 9.09090909090909 9.212121212121211 9.333333333333332 9.454545454545455 9.575757575757576 9.696969696969697 9.818181818181818 9.939393939393939 10.06060606060606 10.18181818181818 10.3030303030303 10.42424242424243 10.54545454545455 10.66666666666667 10.78787878787879 10.90909090909091 11.03030303030303 11.15151515151515 11.27272727272727 11.39393939393939 11.51515151515152 11.63636363636364 11.75757575757576 11.87878787878788 12 12.12121212121212 12.24242424242424 12.36363636363636 12.48484848484848 12.60606060606061 12.72727272727273 12.84848484848485 12.96969696969697 13.09090909090909 13.21212121212121 13.33333333333333 13.45454545454546 13.57575757575758 13.6969696969697 13.81818181818182 13.93939393939394 14.06060606060606 14.18181818181818 14.3030303030303 14.42424242424242 14.54545454545455 14.66666666666667 14.78787878787879 14.90909090909091 15.03030303030303 15.15151515151515 15.27272727272727 15.39393939393939 15.51515151515152 15.63636363636364 15.75757575757576 15.87878787878788 16 16.12121212121212 16.24242424242424 16.36363636363636 16.48484848484848 16.60606060606061 16.72727272727273 16.84848484848485 16.96969696969697 17.09090909090909 17.21212121212121 17.33333333333333 17.45454545454545 17.57575757575758 17.6969696969697 17.81818181818182 17.93939393939394 18.06060606060606 18.18181818181818 18.3030303030303 18.42424242424243 18.54545454545455 18.66666666666667 18.78787878787879 18.90909090909091 19.03030303030303 19.15151515151515 19.27272727272727 19.39393939393939 19.51515151515152 19.63636363636364 19.75757575757576 19.87878787878788 20


# name: y
# type: matrix
# rows: 100
# columns: 1
 309999.4833353016
 309674.4668301515
 309344.2086260131
 309008.7681771282
 308668.2066838644
 308322.5870749587
 307971.9739889191
 307616.4337545857
 307256.0343708645
 306890.8454856381
 306520.9383738653
 306146.3859148764
 305767.2625688748
 305383.6443526568
 304995.6088145578
 304603.2350086384
 304206.603468121
 303805.7961780904
 303400.8965474695
 302991.9893802852
 302579.1608462373
 302162.4984505842
 301742.0910033617
 301318.0285879473
 300890.4025289887
 300459.3053597101
 300024.8307886129
 299587.0736655888
 299146.1299474614
 298702.0966629736
 298255.0718772399
 297805.1546556797
 297352.4450274532
 296897.0439484155
 296439.05326361
 295978.5756693211
 295515.714674704
 295050.5745630129
 294583.260352449
 294113.8777566461
 293642.5331448168
 293169.3335015807
 292694.3863864928
 292217.7998932977
 291739.6826089279
 291260.1435722695
 290779.2922327166
 290297.2384085377
 289814.0922450741
 289329.9641727946
 288844.9648652279
 288359.2051967952
 287872.7962005658
 287385.8490259577
 286898.4748964065
 286410.7850670243
 285922.8907822724
 285434.9032336684
 284946.9335175527
 284459.0925929344
 283971.4912394409
 283484.2400153927
 282997.4492160248
 282511.2288318792
 282025.6885073872
 281540.9374996665
 281057.0846375526
 280574.2382808868
 280092.5062800826
 279611.9959359898
 279132.8139600804
 278655.0664349733
 278178.8587753209
 277704.2956890766
 277231.4811391636
 276760.5183055639
 276291.5095478482
 275824.5563681634
 275359.7593746997
 274897.218245652
 274437.031693697
 273979.2974310005
 273524.1121347756
 273071.571413405
 272621.7697731477
 272174.800585443
 271730.7560548294
 271289.7271874934
 270851.8037604625
 270417.0742914578
 269985.6260094189
 269557.5448257158
 269132.9153060606
 268711.8206431309
 268294.3426299182
 267880.5616338119
 267470.5565714306
 267064.404884212
 266662.1825147689
 266263.9638840255


# name: QUERY
# type: sq_string
# elements: 1
# length: 2
Q2


# name: DATASIZE
# type: sq_string
# elements: 1
# length: 2
50


