# Created by Octave 3.8.2, Mon May 23 09:41:43 2016 CEST <Andrea@Andreas-MacBook-Pro.local>
# name: x
# type: matrix
# rows: 1
# columns: 100
 8 8.121212121212121 8.242424242424242 8.363636363636363 8.484848484848484 8.606060606060606 8.727272727272727 8.848484848484848 8.969696969696969 9.09090909090909 9.212121212121211 9.333333333333332 9.454545454545455 9.575757575757576 9.696969696969697 9.818181818181818 9.939393939393939 10.06060606060606 10.18181818181818 10.3030303030303 10.42424242424243 10.54545454545455 10.66666666666667 10.78787878787879 10.90909090909091 11.03030303030303 11.15151515151515 11.27272727272727 11.39393939393939 11.51515151515152 11.63636363636364 11.75757575757576 11.87878787878788 12 12.12121212121212 12.24242424242424 12.36363636363636 12.48484848484848 12.60606060606061 12.72727272727273 12.84848484848485 12.96969696969697 13.09090909090909 13.21212121212121 13.33333333333333 13.45454545454546 13.57575757575758 13.6969696969697 13.81818181818182 13.93939393939394 14.06060606060606 14.18181818181818 14.3030303030303 14.42424242424242 14.54545454545455 14.66666666666667 14.78787878787879 14.90909090909091 15.03030303030303 15.15151515151515 15.27272727272727 15.39393939393939 15.51515151515152 15.63636363636364 15.75757575757576 15.87878787878788 16 16.12121212121212 16.24242424242424 16.36363636363636 16.48484848484848 16.60606060606061 16.72727272727273 16.84848484848485 16.96969696969697 17.09090909090909 17.21212121212121 17.33333333333333 17.45454545454545 17.57575757575758 17.6969696969697 17.81818181818182 17.93939393939394 18.06060606060606 18.18181818181818 18.3030303030303 18.42424242424243 18.54545454545455 18.66666666666667 18.78787878787879 18.90909090909091 19.03030303030303 19.15151515151515 19.27272727272727 19.39393939393939 19.51515151515152 19.63636363636364 19.75757575757576 19.87878787878788 20


# name: y
# type: matrix
# rows: 1
# columns: 100
 429275.7607797479 426288.6807219716 423301.6006641954 420314.5206064191 417327.4405486429 414340.3604908666 411353.2804330904 408366.2003753142 405379.1203175379 402392.0402597617 399404.9602019854 396417.8801442092 393430.800086433 390443.7200286567 387456.6399708805 384469.5599131042 381482.479855328 378495.3997975517 375508.3197397755 372521.2396819993 369534.159624223 366547.0795664468 363559.9995086705 360572.9194508943 357585.839393118 354598.7593353418 351611.6792775656 348624.5992197893 345637.5191620131 342650.4391042368 339663.3590464606 336676.2789886844 333689.1989309081 330702.1188731319 327715.0388153556 324727.9587575794 321740.8786998031 318753.7986420269 315766.7185842507 312779.6385264745 309792.5584686982 306805.4784109219 303818.3983531457 300831.3182953694 297844.2382375932 294857.158179817 291870.0781220408 288882.9980642645 285895.9180064882 282908.837948712 279921.7578909358 276934.6778331596 273947.5977753833 270960.5177176071 267973.4376598308 264986.3576020545 261999.2775442783 259012.1974865021 256025.1174287258 253038.0373709496 250050.9573131734 247063.8772553971 244076.7971976209 241089.7171398446 238102.6370820684 235115.5570242922 232128.4769665159 229141.3969087397 226154.3168509634 223167.2367931872 220180.1567354109 217193.0766776347 214205.9966198585 211218.9165620822 208231.836504306 205244.7564465297 202257.6763887535 199270.5963309773 196283.516273201 193296.4362154248 190309.3561576485 187322.2760998723 184335.1960420961 181348.1159843198 178361.0359265436 175373.9558687673 172386.8758109911 169399.7957532149 166412.7156954386 163425.6356376624 160438.5555798861 157451.4755221099 154464.3954643337 151477.3154065574 148490.2353487811 145503.1552910049 142516.0752332287 139528.9951754524 136541.9151176762 133554.8350599


# name: QUERY
# type: sq_string
# elements: 1
# length: 2
Q2


# name: DATASIZE
# type: sq_string
# elements: 1
# length: 2
50


