# Created by Octave 3.8.2, Mon May 23 09:41:43 2016 CEST <Andrea@Andreas-MacBook-Pro.local>
# name: x
# type: matrix
# rows: 1
# columns: 100
 8 8.121212121212121 8.242424242424242 8.363636363636363 8.484848484848484 8.606060606060606 8.727272727272727 8.848484848484848 8.969696969696969 9.09090909090909 9.212121212121211 9.333333333333332 9.454545454545455 9.575757575757576 9.696969696969697 9.818181818181818 9.939393939393939 10.06060606060606 10.18181818181818 10.3030303030303 10.42424242424243 10.54545454545455 10.66666666666667 10.78787878787879 10.90909090909091 11.03030303030303 11.15151515151515 11.27272727272727 11.39393939393939 11.51515151515152 11.63636363636364 11.75757575757576 11.87878787878788 12 12.12121212121212 12.24242424242424 12.36363636363636 12.48484848484848 12.60606060606061 12.72727272727273 12.84848484848485 12.96969696969697 13.09090909090909 13.21212121212121 13.33333333333333 13.45454545454546 13.57575757575758 13.6969696969697 13.81818181818182 13.93939393939394 14.06060606060606 14.18181818181818 14.3030303030303 14.42424242424242 14.54545454545455 14.66666666666667 14.78787878787879 14.90909090909091 15.03030303030303 15.15151515151515 15.27272727272727 15.39393939393939 15.51515151515152 15.63636363636364 15.75757575757576 15.87878787878788 16 16.12121212121212 16.24242424242424 16.36363636363636 16.48484848484848 16.60606060606061 16.72727272727273 16.84848484848485 16.96969696969697 17.09090909090909 17.21212121212121 17.33333333333333 17.45454545454545 17.57575757575758 17.6969696969697 17.81818181818182 17.93939393939394 18.06060606060606 18.18181818181818 18.3030303030303 18.42424242424243 18.54545454545455 18.66666666666667 18.78787878787879 18.90909090909091 19.03030303030303 19.15151515151515 19.27272727272727 19.39393939393939 19.51515151515152 19.63636363636364 19.75757575757576 19.87878787878788 20


# name: y
# type: matrix
# rows: 100
# columns: 1
 390669.1488790287
 388430.0925881721
 386191.0362973151
 383951.9800064583
 381712.9237156014
 379473.8674247448
 377234.8111338879
 374995.7548430311
 372756.6985521743
 370517.6422613175
 368278.5859704607
 366039.5296796039
 363800.4733887471
 361561.4170978903
 359322.3608070335
 357083.3045161768
 354844.2482253198
 352605.191934463
 350366.1356436063
 348127.0793527494
 345888.0230618927
 343648.9667710359
 341409.9104801791
 339170.8541893223
 336931.7978984655
 334692.7416076087
 332453.6853167519
 330214.629025895
 327975.5727350384
 325736.5164441814
 323497.4601533246
 321258.4038624679
 319019.3475716111
 316780.2912807542
 314541.2349898974
 312302.1786990406
 310063.1224081838
 307824.066117327
 305585.0098264702
 303345.9535356134
 301106.8972447566
 298867.8409538998
 296628.784663043
 294389.7283721862
 292150.6720813295
 289911.6157904726
 287672.5594996158
 285433.503208759
 283194.4469179022
 280955.3906270454
 278716.3343361886
 276477.2780453318
 274238.221754475
 271999.1654636182
 269760.1091727614
 267521.0528819046
 265281.9965910478
 263042.940300191
 260803.8840093342
 258564.8277184774
 256325.7714276206
 254086.7151367638
 251847.658845907
 249608.6025550501
 247369.5462641933
 245130.4899733366
 242891.4336824797
 240652.377391623
 238413.3211007662
 236174.2648099093
 233935.2085190526
 231696.1522281957
 229457.0959373389
 227218.0396464822
 224978.9833556254
 222739.9270647685
 220500.8707739118
 218261.8144830549
 216022.7581921982
 213783.7019013414
 211544.6456104845
 209305.5893196277
 207066.5330287709
 204827.476737914
 202588.4204470573
 200349.3641562005
 198110.3078653437
 195871.2515744869
 193632.1952836301
 191393.1389927734
 189154.0827019165
 186915.0264110597
 184675.9701202029
 182436.9138293461
 180197.8575384892
 177958.8012476325
 175719.7449567756
 173480.6886659189
 171241.632375062
 169002.5760842053


# name: QUERY
# type: sq_string
# elements: 1
# length: 2
Q2


# name: DATASIZE
# type: sq_string
# elements: 1
# length: 2
50


