# Created by Octave 3.8.2, Mon May 23 09:41:43 2016 CEST <Andrea@Andreas-MacBook-Pro.local>
# name: x
# type: matrix
# rows: 1
# columns: 100
 8 8.121212121212121 8.242424242424242 8.363636363636363 8.484848484848484 8.606060606060606 8.727272727272727 8.848484848484848 8.969696969696969 9.09090909090909 9.212121212121211 9.333333333333332 9.454545454545455 9.575757575757576 9.696969696969697 9.818181818181818 9.939393939393939 10.06060606060606 10.18181818181818 10.3030303030303 10.42424242424243 10.54545454545455 10.66666666666667 10.78787878787879 10.90909090909091 11.03030303030303 11.15151515151515 11.27272727272727 11.39393939393939 11.51515151515152 11.63636363636364 11.75757575757576 11.87878787878788 12 12.12121212121212 12.24242424242424 12.36363636363636 12.48484848484848 12.60606060606061 12.72727272727273 12.84848484848485 12.96969696969697 13.09090909090909 13.21212121212121 13.33333333333333 13.45454545454546 13.57575757575758 13.6969696969697 13.81818181818182 13.93939393939394 14.06060606060606 14.18181818181818 14.3030303030303 14.42424242424242 14.54545454545455 14.66666666666667 14.78787878787879 14.90909090909091 15.03030303030303 15.15151515151515 15.27272727272727 15.39393939393939 15.51515151515152 15.63636363636364 15.75757575757576 15.87878787878788 16 16.12121212121212 16.24242424242424 16.36363636363636 16.48484848484848 16.60606060606061 16.72727272727273 16.84848484848485 16.96969696969697 17.09090909090909 17.21212121212121 17.33333333333333 17.45454545454545 17.57575757575758 17.6969696969697 17.81818181818182 17.93939393939394 18.06060606060606 18.18181818181818 18.3030303030303 18.42424242424243 18.54545454545455 18.66666666666667 18.78787878787879 18.90909090909091 19.03030303030303 19.15151515151515 19.27272727272727 19.39393939393939 19.51515151515152 19.63636363636364 19.75757575757576 19.87878787878788 20


# name: y
# type: matrix
# rows: 100
# columns: 1
 278058.4614909106
 278051.2149088031
 278044.2585322925
 278037.586430853
 278031.192673959
 278025.0713310845
 278019.2164717038
 278013.6221652912
 278008.2824813208
 278003.191489267
 277998.3432586039
 277993.7318588056
 277989.3513593466
 277985.1958297009
 277981.2593393429
 277977.5359577466
 277974.0197543864
 277970.7047987365
 277967.585160271
 277964.6549084643
 277961.9081127906
 277959.3388427239
 277956.9411677386
 277954.709157309
 277952.6368809092
 277950.7184080134
 277948.9478080959
 277947.3191506309
 277945.8265050926
 277944.4639409552
 277943.2255276931
 277942.1053347802
 277941.097431691
 277940.1958878997
 277939.3947728803
 277938.6881561073
 277938.0701070547
 277937.5346951968
 277937.075990008
 277936.6880609622
 277936.3649775338
 277936.1008091971
 277935.8896254261
 277935.7254956953
 277935.6024894787
 277935.5146762506
 277935.4561254852
 277935.4209066567
 277935.4030892394
 277935.3967427075
 277935.3959365353
 277935.3947401968
 277935.3872231664
 277935.3674549182
 277935.3295049266
 277935.2674426657
 277935.1753376097
 277935.0472592329
 277934.8772770095
 277934.6594604137
 277934.3878789197
 277934.0566020018
 277933.6596991341
 277933.191239791
 277932.6452934465
 277932.0159295751
 277931.2972176507
 277930.4832271478
 277929.5680275405
 277928.545688303
 277927.4102789096
 277926.1558688344
 277924.7765275518
 277923.2663245359
 277921.6193292609
 277919.8296112011
 277917.8912398306
 277915.7982846238
 277913.5448150549
 277911.124900598
 277908.5326107273
 277905.7620149172
 277902.8071826418
 277899.6621833753
 277896.321086592
 277892.7779617661
 277889.0268783718
 277885.0619058834
 277880.877113775
 277876.4665715209
 277871.8243485953
 277866.9445144724
 277861.8211386265
 277856.4482905317
 277850.8200396624
 277844.9304554926
 277838.7736074967
 277832.3435651488
 277825.6343979233
 277818.6401752942


# name: QUERY
# type: sq_string
# elements: 1
# length: 2
Q2


# name: DATASIZE
# type: sq_string
# elements: 1
# length: 2
50


