# Created by Octave 3.8.2, Mon May 23 09:41:43 2016 CEST <Andrea@Andreas-MacBook-Pro.local>
# name: x
# type: matrix
# rows: 1
# columns: 100
 8 8.121212121212121 8.242424242424242 8.363636363636363 8.484848484848484 8.606060606060606 8.727272727272727 8.848484848484848 8.969696969696969 9.09090909090909 9.212121212121211 9.333333333333332 9.454545454545455 9.575757575757576 9.696969696969697 9.818181818181818 9.939393939393939 10.06060606060606 10.18181818181818 10.3030303030303 10.42424242424243 10.54545454545455 10.66666666666667 10.78787878787879 10.90909090909091 11.03030303030303 11.15151515151515 11.27272727272727 11.39393939393939 11.51515151515152 11.63636363636364 11.75757575757576 11.87878787878788 12 12.12121212121212 12.24242424242424 12.36363636363636 12.48484848484848 12.60606060606061 12.72727272727273 12.84848484848485 12.96969696969697 13.09090909090909 13.21212121212121 13.33333333333333 13.45454545454546 13.57575757575758 13.6969696969697 13.81818181818182 13.93939393939394 14.06060606060606 14.18181818181818 14.3030303030303 14.42424242424242 14.54545454545455 14.66666666666667 14.78787878787879 14.90909090909091 15.03030303030303 15.15151515151515 15.27272727272727 15.39393939393939 15.51515151515152 15.63636363636364 15.75757575757576 15.87878787878788 16 16.12121212121212 16.24242424242424 16.36363636363636 16.48484848484848 16.60606060606061 16.72727272727273 16.84848484848485 16.96969696969697 17.09090909090909 17.21212121212121 17.33333333333333 17.45454545454545 17.57575757575758 17.6969696969697 17.81818181818182 17.93939393939394 18.06060606060606 18.18181818181818 18.3030303030303 18.42424242424243 18.54545454545455 18.66666666666667 18.78787878787879 18.90909090909091 19.03030303030303 19.15151515151515 19.27272727272727 19.39393939393939 19.51515151515152 19.63636363636364 19.75757575757576 19.87878787878788 20


# name: y
# type: matrix
# rows: 100
# columns: 1
 275333.4571065073
 275333.4567437213
 275333.4564161697
 275333.4561210599
 275333.455855769
 275333.455617836
 275333.455404956
 275333.4552149725
 275333.4550458716
 275333.4548957751
 275333.4547629346
 275333.4546457251
 275333.4545426393
 275333.4544522814
 275333.454373362
 275333.4543046921
 275333.454245178
 275333.4541938158
 275333.4541496867
 275333.4541119518
 275333.4540798474
 275333.4540526802
 275333.4540298233
 275333.4540107112
 275333.4539948363
 275333.453981744
 275333.4539710297
 275333.4539623346
 275333.4539553421
 275333.4539497742
 275333.4539453887
 275333.4539419755
 275333.453939354
 275333.4539373699
 275333.4539358927
 275333.453934813
 275333.4539340402
 275333.4539335002
 275333.453933133
 275333.4539328914
 275333.4539327383
 275333.4539326456
 275333.4539325926
 275333.4539325642
 275333.4539325504
 275333.4539325444
 275333.4539325422
 275333.4539325417
 275333.4539325415
 275333.4539325415
 275333.4539325415
 275333.4539325415
 275333.4539325415
 275333.4539325417
 275333.4539325424
 275333.453932545
 275333.4539325517
 275333.453932567
 275333.4539325979
 275333.4539326552
 275333.4539327545
 275333.4539329174
 275333.4539331733
 275333.4539335602
 275333.4539341271
 275333.4539349357
 275333.4539360622
 275333.4539375994
 275333.4539396595
 275333.4539423758
 275333.453945906
 275333.4539504343
 275333.4539561751
 275333.453963375
 275333.4539723168
 275333.4539833225
 275333.4539967568
 275333.4540130306
 275333.4540326052
 275333.4540559957
 275333.4540837753
 275333.4541165795
 275333.4541551105
 275333.4542001417
 275333.4542525223
 275333.4543131819
 275333.4543831359
 275333.4544634903
 275333.454555447
 275333.4546603091
 275333.4547794868
 275333.4549145023
 275333.4550669968
 275333.4552387352
 275333.4554316133
 275333.4556476635
 275333.4558890612
 275333.4561581317
 275333.4564573567
 275333.4567893811


# name: QUERY
# type: sq_string
# elements: 1
# length: 2
Q2


# name: DATASIZE
# type: sq_string
# elements: 1
# length: 2
50


