# Created by Octave 3.8.2, Mon May 23 09:41:43 2016 CEST <Andrea@Andreas-MacBook-Pro.local>
# name: x
# type: matrix
# rows: 1
# columns: 100
 8 8.121212121212121 8.242424242424242 8.363636363636363 8.484848484848484 8.606060606060606 8.727272727272727 8.848484848484848 8.969696969696969 9.09090909090909 9.212121212121211 9.333333333333332 9.454545454545455 9.575757575757576 9.696969696969697 9.818181818181818 9.939393939393939 10.06060606060606 10.18181818181818 10.3030303030303 10.42424242424243 10.54545454545455 10.66666666666667 10.78787878787879 10.90909090909091 11.03030303030303 11.15151515151515 11.27272727272727 11.39393939393939 11.51515151515152 11.63636363636364 11.75757575757576 11.87878787878788 12 12.12121212121212 12.24242424242424 12.36363636363636 12.48484848484848 12.60606060606061 12.72727272727273 12.84848484848485 12.96969696969697 13.09090909090909 13.21212121212121 13.33333333333333 13.45454545454546 13.57575757575758 13.6969696969697 13.81818181818182 13.93939393939394 14.06060606060606 14.18181818181818 14.3030303030303 14.42424242424242 14.54545454545455 14.66666666666667 14.78787878787879 14.90909090909091 15.03030303030303 15.15151515151515 15.27272727272727 15.39393939393939 15.51515151515152 15.63636363636364 15.75757575757576 15.87878787878788 16 16.12121212121212 16.24242424242424 16.36363636363636 16.48484848484848 16.60606060606061 16.72727272727273 16.84848484848485 16.96969696969697 17.09090909090909 17.21212121212121 17.33333333333333 17.45454545454545 17.57575757575758 17.6969696969697 17.81818181818182 17.93939393939394 18.06060606060606 18.18181818181818 18.3030303030303 18.42424242424243 18.54545454545455 18.66666666666667 18.78787878787879 18.90909090909091 19.03030303030303 19.15151515151515 19.27272727272727 19.39393939393939 19.51515151515152 19.63636363636364 19.75757575757576 19.87878787878788 20


# name: y
# type: matrix
# rows: 100
# columns: 1
 271170.7687479505
 271140.2775068647
 271110.4030702301
 271081.1454380464
 271052.5046103138
 271024.4805870322
 270997.0733682016
 270970.2829538221
 270944.1093438936
 270918.5525384161
 270893.6125373897
 270869.2893408142
 270845.5829486898
 270822.4933610164
 270800.0205777941
 270778.1645990228
 270756.9254247025
 270736.3030548333
 270716.297489415
 270696.9087284479
 270678.1367719317
 270659.9816198666
 270642.4432722525
 270625.5217290893
 270609.2169903773
 270593.5290561162
 270578.4579263063
 270564.0036009473
 270550.1660800393
 270536.9453635825
 270524.3414515766
 270512.3543440217
 270500.9840409179
 270490.2305422651
 270480.0938480633
 270470.5739583126
 270461.6708730129
 270453.3845921641
 270445.7151157665
 270438.6624438199
 270432.2265763243
 270426.4075132797
 270421.2052546862
 270416.6198005436
 270412.6511508522
 270409.2993056117
 270406.5642648223
 270404.4460284839
 270402.9445965965
 270402.0599691602
 270401.7921461748
 270402.1411276406
 270403.1069135573
 270404.6895039251
 270406.8888987439
 270409.7050980137
 270413.1381017346
 270417.1879099064
 270421.8545225293
 270427.1379396033
 270433.0381611282
 270439.5551871043
 270446.6890175313
 270454.4396524093
 270462.8070917384
 270471.7913355185
 270481.3923837497
 270491.6102364318
 270502.444893565
 270513.8963551493
 270525.9646211845
 270538.6496916708
 270551.9515666081
 270565.8702459965
 270580.4057298359
 270595.5580181262
 270611.3271108677
 270627.7130080601
 270644.7157097036
 270662.3352157981
 270680.5715263436
 270699.4246413402
 270718.8945607878
 270738.9812846864
 270759.6848130361
 270781.0051458367
 270802.9422830885
 270825.4962247912
 270848.666970945
 270872.4545215497
 270896.8588766056
 270921.8800361124
 270947.5180000704
 270973.7727684792
 271000.6443413392
 271028.1327186502
 271056.2379004121
 271084.9598866252
 271114.2986772892
 271144.2542724043


# name: QUERY
# type: sq_string
# elements: 1
# length: 2
Q2


# name: DATASIZE
# type: sq_string
# elements: 1
# length: 2
50


