# Created by Octave 3.8.2, Mon May 23 09:41:43 2016 CEST <Andrea@Andreas-MacBook-Pro.local>
# name: x
# type: matrix
# rows: 1
# columns: 100
 8 8.121212121212121 8.242424242424242 8.363636363636363 8.484848484848484 8.606060606060606 8.727272727272727 8.848484848484848 8.969696969696969 9.09090909090909 9.212121212121211 9.333333333333332 9.454545454545455 9.575757575757576 9.696969696969697 9.818181818181818 9.939393939393939 10.06060606060606 10.18181818181818 10.3030303030303 10.42424242424243 10.54545454545455 10.66666666666667 10.78787878787879 10.90909090909091 11.03030303030303 11.15151515151515 11.27272727272727 11.39393939393939 11.51515151515152 11.63636363636364 11.75757575757576 11.87878787878788 12 12.12121212121212 12.24242424242424 12.36363636363636 12.48484848484848 12.60606060606061 12.72727272727273 12.84848484848485 12.96969696969697 13.09090909090909 13.21212121212121 13.33333333333333 13.45454545454546 13.57575757575758 13.6969696969697 13.81818181818182 13.93939393939394 14.06060606060606 14.18181818181818 14.3030303030303 14.42424242424242 14.54545454545455 14.66666666666667 14.78787878787879 14.90909090909091 15.03030303030303 15.15151515151515 15.27272727272727 15.39393939393939 15.51515151515152 15.63636363636364 15.75757575757576 15.87878787878788 16 16.12121212121212 16.24242424242424 16.36363636363636 16.48484848484848 16.60606060606061 16.72727272727273 16.84848484848485 16.96969696969697 17.09090909090909 17.21212121212121 17.33333333333333 17.45454545454545 17.57575757575758 17.6969696969697 17.81818181818182 17.93939393939394 18.06060606060606 18.18181818181818 18.3030303030303 18.42424242424243 18.54545454545455 18.66666666666667 18.78787878787879 18.90909090909091 19.03030303030303 19.15151515151515 19.27272727272727 19.39393939393939 19.51515151515152 19.63636363636364 19.75757575757576 19.87878787878788 20


# name: y
# type: matrix
# rows: 100
# columns: 1
 275770.8877932594
 275771.3127584456
 275771.7124537754
 275772.0879014342
 275772.4401025026
 275772.7700369565
 275773.0786636673
 275773.3669204017
 275773.635723822
 275773.8859694857
 275774.1185318456
 275774.3342642501
 275774.533998943
 275774.7185470633
 275774.8886986455
 275775.0452226194
 275775.1888668103
 275775.3203579389
 275775.4404016212
 275775.5496823686
 275775.648863588
 275775.7385875815
 275775.8194755467
 275775.8921275766
 275775.9571226595
 275776.0150186793
 275776.066352415
 275776.1116395412
 275776.1513746278
 275776.1860311401
 275776.2160614388
 275776.2418967799
 275776.263947315
 275776.2826020909
 275776.2982290498
 275776.3111750294
 275776.3217657628
 275776.3303058782
 275776.3370788995
 275776.342347246
 275776.346352232
 275776.3493140677
 275776.3514318585
 275776.3528836049
 275776.3538262032
 275776.3543954448
 275776.3547060167
 275776.3548515012
 275776.3549043759
 275776.354916014
 275776.3549166837
 275776.3549155491
 275776.3549006694
 275776.354838999
 275776.3546763882
 275776.3543375822
 275776.3537262219
 275776.3527248435
 275776.3511948784
 275776.3489766537
 275776.3458893916
 275776.3417312099
 275776.3362791218
 275776.3292890356
 275776.3204957555
 275776.3096129805
 275776.2963333053
 275776.28032822
 275776.2612481102
 275776.2387222565
 275776.2123588352
 275776.181744918
 275776.1464464717
 275776.1060083589
 275776.0599543373
 275776.0077870599
 275775.9489880755
 275775.8830178279
 275775.8093156564
 275775.7272997958
 275775.6363673761
 275775.535894423
 275775.4252358571
 275775.3037254948
 275775.1706760479
 275775.0253791231
 275774.8671052231
 275774.6951037457
 275774.508602984
 275774.3068101266
 275774.0889112577
 275773.8540713564
 275773.6014342975
 275773.3301228513
 275773.0392386832
 275772.7278623543
 275772.3950533206
 275772.0398499341
 275771.6612694418
 275771.2583079861


# name: QUERY
# type: sq_string
# elements: 1
# length: 2
Q2


# name: DATASIZE
# type: sq_string
# elements: 1
# length: 2
50


