# Created by Octave 3.8.2, Mon May 23 09:56:49 2016 CEST <Andrea@Andreas-MacBook-Pro.local>
# name: x
# type: matrix
# rows: 1
# columns: 100
 0.05 0.05075757575757577 0.05151515151515151 0.05227272727272728 0.05303030303030304 0.05378787878787879 0.05454545454545455 0.05530303030303031 0.05606060606060607 0.05681818181818182 0.05757575757575759 0.05833333333333334 0.0590909090909091 0.05984848484848486 0.06060606060606061 0.06136363636363637 0.06212121212121213 0.0628787878787879 0.06363636363636364 0.06439393939393939 0.06515151515151515 0.06590909090909092 0.06666666666666668 0.06742424242424243 0.06818181818181819 0.06893939393939394 0.0696969696969697 0.07045454545454546 0.07121212121212121 0.07196969696969698 0.07272727272727274 0.0734848484848485 0.07424242424242425 0.07500000000000001 0.07575757575757576 0.07651515151515152 0.07727272727272728 0.07803030303030303 0.0787878787878788 0.07954545454545456 0.08030303030303031 0.08106060606060607 0.08181818181818183 0.08257575757575758 0.08333333333333334 0.08409090909090911 0.08484848484848485 0.08560606060606062 0.08636363636363636 0.08712121212121213 0.08787878787878789 0.08863636363636364 0.0893939393939394 0.09015151515151516 0.09090909090909091 0.09166666666666667 0.09242424242424244 0.09318181818181819 0.09393939393939395 0.09469696969696971 0.09545454545454546 0.09621212121212122 0.09696969696969698 0.09772727272727275 0.09848484848484849 0.09924242424242424 0.1 0.1007575757575758 0.1015151515151515 0.1022727272727273 0.103030303030303 0.1037878787878788 0.1045454545454546 0.1053030303030303 0.1060606060606061 0.1068181818181818 0.1075757575757576 0.1083333333333333 0.1090909090909091 0.1098484848484849 0.1106060606060606 0.1113636363636364 0.1121212121212121 0.1128787878787879 0.1136363636363636 0.1143939393939394 0.1151515151515152 0.1159090909090909 0.1166666666666667 0.1174242424242424 0.1181818181818182 0.1189393939393939 0.1196969696969697 0.1204545454545455 0.1212121212121212 0.121969696969697 0.1227272727272727 0.1234848484848485 0.1242424242424243 0.125


# name: y
# type: matrix
# rows: 100
# columns: 1
 185809.5318923736
 188746.8227921356
 191883.2130031899
 195206.6285274314
 198704.048623397
 202361.5949837214
 206164.6282481535
 210097.8509676688
 214145.4160631035
 218291.0397608997
 222518.1179397878
 226809.844786217
 231149.3326334882
 235519.731850141
 239904.3496472293
 244286.7666915736
 248650.9504425529
 252981.3641729843
 257263.0706894422
 261481.8298331202
 265624.188918039
 269677.5653479153
 273630.3207450763
 277471.8260231084
 281192.5169380647
 284783.9397595808
 288238.7868117216
 291550.9217423449
 294715.3944878045
 297728.4460055759
 300587.502949562
 303291.1625602396
 305839.1681333471
 308232.3755155099
 310472.7111522338
 312563.1222823585
 314507.5199328189
 316310.7154180098
 317978.3510889423
 319516.8261086309
 320933.2180517904
 322235.2011391477
 323430.9619197723
 324529.1132092387
 325538.6070776645
 326468.6476603199
 327328.6045352756
 328127.9273781509
 328876.0625642434
 329582.3723439402
 330256.057169147
 330906.0816973186
 331541.1049463183
 332169.4150185175
 332798.8687569903
 333436.8366410037
 334090.1531728705
 334765.0729541375
 335467.2325965104
 336201.6185622625
 336972.5409804636
 337783.6134394742
 338637.7387129555
 339537.1003363012
 340483.1599129664
 341476.6599956882
 342517.6323560408
 343605.4114270859
 344738.6526780017
 345915.355656363
 347132.8914131219
 348388.034007124
 349676.9957701143
 350995.4659994603
 352338.652734169
 353701.3272600787
 355077.8709822712
 356462.3242967296
 357848.4370889827
 359229.7204849188
 360599.4994781056
 361950.9660588144
 363277.2324725512
 364571.3842402652
 365826.5325785889
 367035.8658664937
 368192.6998146836
 369290.5260059171
 370323.0584882871
 371284.2781193168
 372168.4743765295
 372970.2843699216
 373684.7288134426
 374307.2447361041
 374833.714738584
 375260.4926280482
 375584.4252921895
 375802.8707030215
 375913.7119715103
 375915.3674054593


# name: QUERY
# type: sq_string
# elements: 1
# length: 2
Q4


# name: DATASIZE
# type: sq_string
# elements: 1
# length: 2
50


