# Created by Octave 3.8.2, Mon May 23 09:56:48 2016 CEST <Andrea@Andreas-MacBook-Pro.local>
# name: x
# type: matrix
# rows: 1
# columns: 100
 0.05 0.05075757575757577 0.05151515151515151 0.05227272727272728 0.05303030303030304 0.05378787878787879 0.05454545454545455 0.05530303030303031 0.05606060606060607 0.05681818181818182 0.05757575757575759 0.05833333333333334 0.0590909090909091 0.05984848484848486 0.06060606060606061 0.06136363636363637 0.06212121212121213 0.0628787878787879 0.06363636363636364 0.06439393939393939 0.06515151515151515 0.06590909090909092 0.06666666666666668 0.06742424242424243 0.06818181818181819 0.06893939393939394 0.0696969696969697 0.07045454545454546 0.07121212121212121 0.07196969696969698 0.07272727272727274 0.0734848484848485 0.07424242424242425 0.07500000000000001 0.07575757575757576 0.07651515151515152 0.07727272727272728 0.07803030303030303 0.0787878787878788 0.07954545454545456 0.08030303030303031 0.08106060606060607 0.08181818181818183 0.08257575757575758 0.08333333333333334 0.08409090909090911 0.08484848484848485 0.08560606060606062 0.08636363636363636 0.08712121212121213 0.08787878787878789 0.08863636363636364 0.0893939393939394 0.09015151515151516 0.09090909090909091 0.09166666666666667 0.09242424242424244 0.09318181818181819 0.09393939393939395 0.09469696969696971 0.09545454545454546 0.09621212121212122 0.09696969696969698 0.09772727272727275 0.09848484848484849 0.09924242424242424 0.1 0.1007575757575758 0.1015151515151515 0.1022727272727273 0.103030303030303 0.1037878787878788 0.1045454545454546 0.1053030303030303 0.1060606060606061 0.1068181818181818 0.1075757575757576 0.1083333333333333 0.1090909090909091 0.1098484848484849 0.1106060606060606 0.1113636363636364 0.1121212121212121 0.1128787878787879 0.1136363636363636 0.1143939393939394 0.1151515151515152 0.1159090909090909 0.1166666666666667 0.1174242424242424 0.1181818181818182 0.1189393939393939 0.1196969696969697 0.1204545454545455 0.1212121212121212 0.121969696969697 0.1227272727272727 0.1234848484848485 0.1242424242424243 0.125


# name: y
# type: matrix
# rows: 1
# columns: 100
 215067.8209545325 216842.6959776164 218617.5710007002 220392.446023784 222167.3210468678 223942.1960699517 225717.0710930355 227491.9461161193 229266.8211392032 231041.696162287 232816.5711853708 234591.4462084546 236366.3212315385 238141.1962546223 239916.0712777061 241690.9463007899 243465.8213238738 245240.6963469576 247015.5713700414 248790.4463931252 250565.3214162091 252340.1964392929 254115.0714623767 255889.9464854605 257664.8215085444 259439.6965316282 261214.571554712 262989.4465777958 264764.3216008797 266539.1966239635 268314.0716470473 270088.9466701311 271863.8216932149 273638.6967162988 275413.5717393826 277188.4467624665 278963.3217855503 280738.1968086341 282513.0718317179 284287.9468548017 286062.8218778856 287837.6969009694 289612.5719240532 291387.4469471371 293162.3219702209 294937.1969933047 296712.0720163885 298486.9470394723 300261.8220625562 302036.69708564 303811.5721087238 305586.4471318076 307361.3221548914 309136.1971779753 310911.0722010591 312685.947224143 314460.8222472268 316235.6972703106 318010.5722933944 319785.4473164782 321560.3223395621 323335.1973626459 325110.0723857298 326884.9474088136 328659.8224318974 330434.6974549812 332209.572478065 333984.4475011489 335759.3225242327 337534.1975473165 339309.0725704003 341083.9475934842 342858.822616568 344633.6976396518 346408.5726627356 348183.4476858195 349958.3227089033 351733.1977319871 353508.0727550709 355282.9477781547 357057.8228012386 358832.6978243224 360607.5728474063 362382.4478704901 364157.3228935739 365932.1979166577 367707.0729397415 369481.9479628254 371256.8229859092 373031.698008993 374806.5730320768 376581.4480551606 378356.3230782445 380131.1981013283 381906.0731244122 383680.948147496 385455.8231705797 387230.6981936636 389005.5732167474 390780.4482398313


# name: QUERY
# type: sq_string
# elements: 1
# length: 2
Q4


# name: DATASIZE
# type: sq_string
# elements: 1
# length: 2
50


