# Created by Octave 3.8.2, Mon May 23 09:56:48 2016 CEST <Andrea@Andreas-MacBook-Pro.local>
# name: x
# type: matrix
# rows: 1
# columns: 100
 0.05 0.05075757575757577 0.05151515151515151 0.05227272727272728 0.05303030303030304 0.05378787878787879 0.05454545454545455 0.05530303030303031 0.05606060606060607 0.05681818181818182 0.05757575757575759 0.05833333333333334 0.0590909090909091 0.05984848484848486 0.06060606060606061 0.06136363636363637 0.06212121212121213 0.0628787878787879 0.06363636363636364 0.06439393939393939 0.06515151515151515 0.06590909090909092 0.06666666666666668 0.06742424242424243 0.06818181818181819 0.06893939393939394 0.0696969696969697 0.07045454545454546 0.07121212121212121 0.07196969696969698 0.07272727272727274 0.0734848484848485 0.07424242424242425 0.07500000000000001 0.07575757575757576 0.07651515151515152 0.07727272727272728 0.07803030303030303 0.0787878787878788 0.07954545454545456 0.08030303030303031 0.08106060606060607 0.08181818181818183 0.08257575757575758 0.08333333333333334 0.08409090909090911 0.08484848484848485 0.08560606060606062 0.08636363636363636 0.08712121212121213 0.08787878787878789 0.08863636363636364 0.0893939393939394 0.09015151515151516 0.09090909090909091 0.09166666666666667 0.09242424242424244 0.09318181818181819 0.09393939393939395 0.09469696969696971 0.09545454545454546 0.09621212121212122 0.09696969696969698 0.09772727272727275 0.09848484848484849 0.09924242424242424 0.1 0.1007575757575758 0.1015151515151515 0.1022727272727273 0.103030303030303 0.1037878787878788 0.1045454545454546 0.1053030303030303 0.1060606060606061 0.1068181818181818 0.1075757575757576 0.1083333333333333 0.1090909090909091 0.1098484848484849 0.1106060606060606 0.1113636363636364 0.1121212121212121 0.1128787878787879 0.1136363636363636 0.1143939393939394 0.1151515151515152 0.1159090909090909 0.1166666666666667 0.1174242424242424 0.1181818181818182 0.1189393939393939 0.1196969696969697 0.1204545454545455 0.1212121212121212 0.121969696969697 0.1227272727272727 0.1234848484848485 0.1242424242424243 0.125


# name: y
# type: matrix
# rows: 100
# columns: 1
 221080.5814024164
 222692.7632438863
 224304.9450853562
 225917.1269268261
 227529.3087682959
 229141.4906097659
 230753.6724512357
 232365.8542927055
 233978.0361341755
 235590.2179756454
 237202.3998171152
 238814.5816585851
 240426.763500055
 242038.9453415249
 243651.1271829948
 245263.3090244646
 246875.4908659345
 248487.6727074044
 250099.8545488743
 251712.0363903441
 253324.218231814
 254936.4000732839
 256548.5819147538
 258160.7637562237
 259772.9455976935
 261385.1274391634
 262997.3092806333
 264609.4911221032
 266221.6729635731
 267833.854805043
 269446.0366465129
 271058.2184879827
 272670.4003294526
 274282.5821709225
 275894.7640123924
 277506.9458538622
 279119.1276953321
 280731.309536802
 282343.4913782719
 283955.6732197417
 285567.8550612116
 287180.0369026815
 288792.2187441514
 290404.4005856212
 292016.5824270911
 293628.764268561
 295240.9461100309
 296853.1279515008
 298465.3097929707
 300077.4916344406
 301689.6734759104
 303301.8553173803
 304914.0371588502
 306526.2190003201
 308138.40084179
 309750.5826832599
 311362.7645247297
 312974.9463661996
 314587.1282076695
 316199.3100491394
 317811.4918906093
 319423.6737320791
 321035.855573549
 322648.0374150189
 324260.2192564888
 325872.4010979586
 327484.5829394285
 329096.7647808984
 330708.9466223683
 332321.1284638381
 333933.310305308
 335545.4921467779
 337157.6739882478
 338769.8558297176
 340382.0376711875
 341994.2195126574
 343606.4013541273
 345218.5831955972
 346830.7650370671
 348442.946878537
 350055.1287200068
 351667.3105614767
 353279.4924029466
 354891.6742444165
 356503.8560858864
 358116.0379273563
 359728.2197688261
 361340.401610296
 362952.5834517659
 364564.7652932358
 366176.9471347057
 367789.1289761756
 369401.3108176454
 371013.4926591153
 372625.6745005851
 374237.856342055
 375850.0381835249
 377462.2200249948
 379074.4018664647
 380686.5837079345


# name: QUERY
# type: sq_string
# elements: 1
# length: 2
Q4


# name: DATASIZE
# type: sq_string
# elements: 1
# length: 2
50


