# Created by Octave 3.8.2, Mon May 23 09:56:48 2016 CEST <Andrea@Andreas-MacBook-Pro.local>
# name: SVs
# type: cell
# rows: 1
# columns: 7
# name: <cell-element>
# type: sparse matrix
# nnz: 37
# rows: 37
# columns: 1
1 1 -1.054402068260907
2 1 -1.054402068260907
3 1 0.109076076026991
4 1 1.563423756386864
5 1 1.563423756386864
6 1 0.109076076026991
7 1 0.109076076026991
8 1 1.563423756386864
9 1 0.109076076026991
10 1 -1.054402068260907
11 1 -1.054402068260907
12 1 -0.618097764152945
13 1 0.109076076026991
14 1 -0.618097764152945
15 1 0.109076076026991
16 1 -0.618097764152945
17 1 0.109076076026991
18 1 -1.054402068260907
19 1 1.563423756386864
20 1 -1.054402068260907
21 1 0.109076076026991
22 1 -1.054402068260907
23 1 -0.618097764152945
24 1 -1.054402068260907
25 1 0.109076076026991
26 1 -0.618097764152945
27 1 1.563423756386864
28 1 -1.054402068260907
29 1 0.109076076026991
30 1 -0.618097764152945
31 1 -0.618097764152945
32 1 -1.054402068260907
33 1 1.563423756386864
34 1 0.109076076026991
35 1 -1.054402068260907
36 1 -1.054402068260907
37 1 -1.054402068260907



# name: <cell-element>
# type: sparse matrix
# nnz: 29
# rows: 29
# columns: 1
1 1 -1.054402068260907
2 1 -1.054402068260907
3 1 0.109076076026991
4 1 1.563423756386864
5 1 0.109076076026991
6 1 1.563423756386864
7 1 -1.054402068260907
8 1 -1.054402068260907
9 1 -0.618097764152945
10 1 0.109076076026991
11 1 -1.054402068260907
12 1 -1.054402068260907
13 1 1.563423756386864
14 1 0.109076076026991
15 1 1.563423756386864
16 1 -1.054402068260907
17 1 -1.054402068260907
18 1 0.109076076026991
19 1 1.563423756386864
20 1 1.563423756386864
21 1 -1.054402068260907
22 1 0.109076076026991
23 1 -1.054402068260907
24 1 1.563423756386864
25 1 0.109076076026991
26 1 -1.054402068260907
27 1 -1.054402068260907
28 1 -1.054402068260907
29 1 1.563423756386864



# name: <cell-element>
# type: sparse matrix
# nnz: 7
# rows: 7
# columns: 1
1 1 0.109076076026991
2 1 1.563423756386864
3 1 0.109076076026991
4 1 -1.054402068260907
5 1 0.109076076026991
6 1 -1.054402068260907
7 1 -1.054402068260907



# name: <cell-element>
# type: sparse matrix
# nnz: 32
# rows: 32
# columns: 1
1 1 -1.054402068260907
2 1 -1.054402068260907
3 1 0.109076076026991
4 1 1.563423756386864
5 1 1.563423756386864
6 1 0.109076076026991
7 1 0.109076076026991
8 1 1.563423756386864
9 1 0.109076076026991
10 1 -0.618097764152945
11 1 -1.054402068260907
12 1 -1.054402068260907
13 1 -0.618097764152945
14 1 0.109076076026991
15 1 0.109076076026991
16 1 0.109076076026991
17 1 -1.054402068260907
18 1 -1.054402068260907
19 1 1.563423756386864
20 1 0.109076076026991
21 1 -1.054402068260907
22 1 -1.054402068260907
23 1 0.109076076026991
24 1 1.563423756386864
25 1 -1.054402068260907
26 1 0.109076076026991
27 1 -1.054402068260907
28 1 0.109076076026991
29 1 -1.054402068260907
30 1 -1.054402068260907
31 1 -1.054402068260907
32 1 1.563423756386864



# name: <cell-element>
# type: sparse matrix
# nnz: 40
# rows: 40
# columns: 1
1 1 -1.054402068260907
2 1 -1.054402068260907
3 1 0.109076076026991
4 1 1.563423756386864
5 1 1.563423756386864
6 1 0.109076076026991
7 1 0.109076076026991
8 1 1.563423756386864
9 1 -0.618097764152945
10 1 0.109076076026991
11 1 -0.618097764152945
12 1 -1.054402068260907
13 1 -1.054402068260907
14 1 -0.618097764152945
15 1 0.109076076026991
16 1 -0.618097764152945
17 1 0.109076076026991
18 1 -0.618097764152945
19 1 0.109076076026991
20 1 -1.054402068260907
21 1 1.563423756386864
22 1 -1.054402068260907
23 1 1.563423756386864
24 1 0.109076076026991
25 1 -0.618097764152945
26 1 -1.054402068260907
27 1 -1.054402068260907
28 1 0.109076076026991
29 1 -0.618097764152945
30 1 -1.054402068260907
31 1 0.109076076026991
32 1 -0.618097764152945
33 1 -0.618097764152945
34 1 -0.618097764152945
35 1 -1.054402068260907
36 1 0.109076076026991
37 1 -1.054402068260907
38 1 -1.054402068260907
39 1 -1.054402068260907
40 1 1.563423756386864



# name: <cell-element>
# type: sparse matrix
# nnz: 29
# rows: 29
# columns: 1
1 1 -1.054402068260907
2 1 0.109076076026991
3 1 1.563423756386864
4 1 1.563423756386864
5 1 0.109076076026991
6 1 1.563423756386864
7 1 0.109076076026991
8 1 -0.618097764152945
9 1 -0.618097764152945
10 1 -0.618097764152945
11 1 0.109076076026991
12 1 -0.618097764152945
13 1 0.109076076026991
14 1 -1.054402068260907
15 1 1.563423756386864
16 1 -0.618097764152945
17 1 -1.054402068260907
18 1 0.109076076026991
19 1 -0.618097764152945
20 1 -1.054402068260907
21 1 -0.618097764152945
22 1 -0.618097764152945
23 1 -0.618097764152945
24 1 -1.054402068260907
25 1 1.563423756386864
26 1 0.109076076026991
27 1 -1.054402068260907
28 1 -1.054402068260907
29 1 1.563423756386864



# name: <cell-element>
# type: scalar
0





# name: coefficients
# type: cell
# rows: 1
# columns: 7
# name: <cell-element>
# type: matrix
# rows: 37
# columns: 1
 -0.1
 -0.1
 0.1
 0.05278069433145467
 -0.1
 0.1
 0.1
 0.1
 0.1
 -0.1
 -0.1
 -0.1
 0.1
 0.1
 0.1
 0.1
 0.1
 -0.1
 -0.1
 -0.1
 0.1
 -0.1
 0.04721930566854534
 -0.1
 0.1
 0.1
 -0.1
 -0.1
 0.1
 0.1
 0.1
 -0.1
 -0.1
 0.1
 -0.1
 -0.1
 -0.1



# name: <cell-element>
# type: matrix
# rows: 29
# columns: 1
 -0.1
 -0.1
 0.1
 0.1
 0.1
 0.1
 -0.1
 -0.1
 -0.1
 0.08057632629505984
 -0.1
 -0.1
 0.1
 0.1
 0.1
 -0.1
 -0.1
 0.1
 0.1
 0.01942367370494017
 -0.1
 0.1
 -0.1
 0.1
 0.1
 -0.1
 -0.1
 -0.1
 0.1



# name: <cell-element>
# type: matrix
# rows: 7
# columns: 1
 5
 -3.452547040183132
 5
 -5
 5
 -5
 -1.547452959816868



# name: <cell-element>
# type: matrix
# rows: 32
# columns: 1
 -0.1
 -0.1
 0.1
 0.1
 -0.1
 0.1
 0.1
 0.1
 0.1
 -0.004828523255703651
 -0.1
 -0.1
 -0.1
 0.1
 0.1
 0.1
 -0.1
 -0.1
 0.1
 0.1
 -0.1
 -0.1
 0.1
 0.004828523255703637
 -0.1
 0.1
 -0.1
 0.1
 -0.1
 -0.1
 -0.1
 0.1



# name: <cell-element>
# type: matrix
# rows: 40
# columns: 1
 -0.1
 -0.1
 0.1
 0.1
 -0.1
 0.1
 0.1
 0.1
 -0.02974857234874107
 0.1
 -0.1
 -0.1
 -0.1
 -0.1
 0.1
 0.1
 0.1
 0.1
 0.1
 -0.1
 -0.1
 -0.1
 0.02974857234874106
 0.1
 -0.1
 -0.1
 -0.1
 0.1
 0.1
 -0.1
 0.1
 0.1
 0.1
 -0.1
 -0.1
 0.1
 -0.1
 -0.1
 -0.1
 0.1



# name: <cell-element>
# type: matrix
# rows: 29
# columns: 1
 1.9053
 1.9053
 1.9053
 -1.9053
 -1.9053
 1.9053
 -0.0951087498408671
 -1.9053
 -1.9053
 1.9053
 -1.9053
 1.9053
 -1.9053
 1.9053
 -1.9053
 -1.9053
 0.674138831686795
 1.9053
 1.9053
 -1.9053
 1.9053
 1.9053
 -1.722941279521125
 -1.9053
 -0.7613888023248025
 1.9053
 -1.9053
 -1.9053
 1.9053



# name: <cell-element>
# type: scalar
0





# name: b
# type: cell
# rows: 1
# columns: 7
# name: <cell-element>
# type: scalar
-0.00644403522955743



# name: <cell-element>
# type: scalar
-0.1467199845182323



# name: <cell-element>
# type: scalar
-0.1885892066506683



# name: <cell-element>
# type: scalar
-0.2751086373636039



# name: <cell-element>
# type: scalar
-0.4228654530528301



# name: <cell-element>
# type: scalar
0.07591092965616071



# name: <cell-element>
# type: scalar
0





# name: models
# type: cell
# rows: 1
# columns: 7
# name: <cell-element>
# type: scalar struct
# ndims: 2
 1 1
# length: 11
# name: Parameters
# type: matrix
# rows: 5
# columns: 1
 3
 0
 3
 1
 0


# name: nr_class
# type: scalar
2


# name: totalSV
# type: scalar
37


# name: rho
# type: scalar
0.00644403522955743


# name: Label
# type: matrix
# rows: 0
# columns: 0


# name: sv_indices
# type: matrix
# rows: 37
# columns: 1
 1
 2
 3
 4
 5
 6
 7
 8
 10
 12
 13
 14
 15
 16
 17
 18
 19
 20
 21
 22
 24
 27
 28
 29
 30
 32
 33
 34
 35
 36
 37
 40
 41
 43
 45
 46
 47


# name: ProbA
# type: matrix
# rows: 0
# columns: 0


# name: ProbB
# type: matrix
# rows: 0
# columns: 0


# name: nSV
# type: matrix
# rows: 0
# columns: 0


# name: sv_coef
# type: matrix
# rows: 37
# columns: 1
 -0.1
 -0.1
 0.1
 0.05278069433145467
 -0.1
 0.1
 0.1
 0.1
 0.1
 -0.1
 -0.1
 -0.1
 0.1
 0.1
 0.1
 0.1
 0.1
 -0.1
 -0.1
 -0.1
 0.1
 -0.1
 0.04721930566854534
 -0.1
 0.1
 0.1
 -0.1
 -0.1
 0.1
 0.1
 0.1
 -0.1
 -0.1
 0.1
 -0.1
 -0.1
 -0.1


