# Created by Octave 3.8.2, Mon May 23 09:56:41 2016 CEST <Andrea@Andreas-MacBook-Pro.local>
# name: mu
# type: matrix
# rows: 1
# columns: 2
 285840.9625 0.08020833333333331


# name: sigma
# type: matrix
# rows: 1
# columns: 2
 73654.18593541514 0.02864972882987404


