# Created by Octave 3.8.2, Mon May 23 09:56:49 2016 CEST <Andrea@Andreas-MacBook-Pro.local>
# name: x
# type: matrix
# rows: 1
# columns: 100
 0.05 0.05075757575757577 0.05151515151515151 0.05227272727272728 0.05303030303030304 0.05378787878787879 0.05454545454545455 0.05530303030303031 0.05606060606060607 0.05681818181818182 0.05757575757575759 0.05833333333333334 0.0590909090909091 0.05984848484848486 0.06060606060606061 0.06136363636363637 0.06212121212121213 0.0628787878787879 0.06363636363636364 0.06439393939393939 0.06515151515151515 0.06590909090909092 0.06666666666666668 0.06742424242424243 0.06818181818181819 0.06893939393939394 0.0696969696969697 0.07045454545454546 0.07121212121212121 0.07196969696969698 0.07272727272727274 0.0734848484848485 0.07424242424242425 0.07500000000000001 0.07575757575757576 0.07651515151515152 0.07727272727272728 0.07803030303030303 0.0787878787878788 0.07954545454545456 0.08030303030303031 0.08106060606060607 0.08181818181818183 0.08257575757575758 0.08333333333333334 0.08409090909090911 0.08484848484848485 0.08560606060606062 0.08636363636363636 0.08712121212121213 0.08787878787878789 0.08863636363636364 0.0893939393939394 0.09015151515151516 0.09090909090909091 0.09166666666666667 0.09242424242424244 0.09318181818181819 0.09393939393939395 0.09469696969696971 0.09545454545454546 0.09621212121212122 0.09696969696969698 0.09772727272727275 0.09848484848484849 0.09924242424242424 0.1 0.1007575757575758 0.1015151515151515 0.1022727272727273 0.103030303030303 0.1037878787878788 0.1045454545454546 0.1053030303030303 0.1060606060606061 0.1068181818181818 0.1075757575757576 0.1083333333333333 0.1090909090909091 0.1098484848484849 0.1106060606060606 0.1113636363636364 0.1121212121212121 0.1128787878787879 0.1136363636363636 0.1143939393939394 0.1151515151515152 0.1159090909090909 0.1166666666666667 0.1174242424242424 0.1181818181818182 0.1189393939393939 0.1196969696969697 0.1204545454545455 0.1212121212121212 0.121969696969697 0.1227272727272727 0.1234848484848485 0.1242424242424243 0.125


# name: y
# type: matrix
# rows: 100
# columns: 1
 266062.1533532021
 264455.4740143214
 263042.6741772075
 261804.5676280544
 260723.4288174088
 259782.9167652904
 258968.0010022935
 258264.8895466742
 257660.9589174191
 257144.6861832986
 256705.5830479032
 256334.1319706634
 256021.7243238529
 255760.6005855752
 255543.7925687339
 255365.0676859863
 255218.8752506799
 255100.2948137734
 255004.9865367404
 254929.1436004562
 254869.4466500694
 254823.020275855
 254787.3915300528
 254760.4504796883
 254740.4127953765
 254725.7843761105
 254715.3280100325
 254708.0320711885
 254703.0812522665
 254699.8293333182
 254697.7739864639
 254696.5336165809
 254695.8262379758
 254695.4503870392
 254695.268070885
 254695.1897519721
 254695.1613687107
 254695.1533920506
 254695.1519180543
 254695.1517964524
 254695.1517951833
 254695.151800916
 254695.152055556
 254695.1544287352
 254695.1657262849
 254695.2030346926
 254695.3011015411
 254695.521751933
 254695.9653408966
 254696.7842417766
 254698.1983706076
 254700.5127464713
 254704.137087837
 254709.6074448854
 254717.6098678164
 254729.0061111393
 254744.8613739478
 254766.4740761772
 254795.4076708455
 254833.5244922783
 254883.0216403166
 254946.4689005079
 255026.8487002818
 255127.5981011075
 255252.6528266361
 255406.4933268254
 255594.1928780486
 255821.4677191864
 256094.7292237022
 256421.1381077013
 256808.6606739728
 257266.1270920158
 257803.2917140483
 258430.8954269998
 259160.7300404873
 260005.7047107751
 260979.9144007172
 262098.710375684
 263378.772735472
 264838.1849821968
 266496.5106241704
 268374.8718157597
 270496.0300332321
 272884.46878658
 275566.4783673346
 278570.2426323558
 281925.9278236116
 285665.7734239391
 289824.1850487859
 294437.8293739436
 299545.73109925
 305189.37194829
 311412.791704073
 318262.6912806906
 325788.5378309666
 334042.671890076
 343080.4165551707
 352960.1887009557
 363743.6122312911
 375495.6333667291


# name: QUERY
# type: sq_string
# elements: 1
# length: 2
Q4


# name: DATASIZE
# type: sq_string
# elements: 1
# length: 2
50


