# Created by Octave 3.8.2, Mon May 23 09:56:49 2016 CEST <Andrea@Andreas-MacBook-Pro.local>
# name: x
# type: matrix
# rows: 1
# columns: 100
 0.05 0.05075757575757577 0.05151515151515151 0.05227272727272728 0.05303030303030304 0.05378787878787879 0.05454545454545455 0.05530303030303031 0.05606060606060607 0.05681818181818182 0.05757575757575759 0.05833333333333334 0.0590909090909091 0.05984848484848486 0.06060606060606061 0.06136363636363637 0.06212121212121213 0.0628787878787879 0.06363636363636364 0.06439393939393939 0.06515151515151515 0.06590909090909092 0.06666666666666668 0.06742424242424243 0.06818181818181819 0.06893939393939394 0.0696969696969697 0.07045454545454546 0.07121212121212121 0.07196969696969698 0.07272727272727274 0.0734848484848485 0.07424242424242425 0.07500000000000001 0.07575757575757576 0.07651515151515152 0.07727272727272728 0.07803030303030303 0.0787878787878788 0.07954545454545456 0.08030303030303031 0.08106060606060607 0.08181818181818183 0.08257575757575758 0.08333333333333334 0.08409090909090911 0.08484848484848485 0.08560606060606062 0.08636363636363636 0.08712121212121213 0.08787878787878789 0.08863636363636364 0.0893939393939394 0.09015151515151516 0.09090909090909091 0.09166666666666667 0.09242424242424244 0.09318181818181819 0.09393939393939395 0.09469696969696971 0.09545454545454546 0.09621212121212122 0.09696969696969698 0.09772727272727275 0.09848484848484849 0.09924242424242424 0.1 0.1007575757575758 0.1015151515151515 0.1022727272727273 0.103030303030303 0.1037878787878788 0.1045454545454546 0.1053030303030303 0.1060606060606061 0.1068181818181818 0.1075757575757576 0.1083333333333333 0.1090909090909091 0.1098484848484849 0.1106060606060606 0.1113636363636364 0.1121212121212121 0.1128787878787879 0.1136363636363636 0.1143939393939394 0.1151515151515152 0.1159090909090909 0.1166666666666667 0.1174242424242424 0.1181818181818182 0.1189393939393939 0.1196969696969697 0.1204545454545455 0.1212121212121212 0.121969696969697 0.1227272727272727 0.1234848484848485 0.1242424242424243 0.125


# name: y
# type: matrix
# rows: 100
# columns: 1
 240684.2768501034
 242978.1011516095
 245156.8994389829
 247223.6305807563
 249181.2534454586
 251032.7269016221
 252781.0098177764
 254429.0610624526
 255979.8395041812
 257436.3040114937
 258801.4134529199
 260078.1266969912
 261269.4026122376
 262378.2000671903
 263407.4779303802
 264360.1950703374
 265239.3103555934
 266047.7826546782
 266788.570836123
 267464.6337684582
 268078.9303202146
 268634.4193599229
 269134.0597561141
 269580.8103773186
 269977.6300920672
 270327.4777688907
 270633.3122763198
 270898.0924828851
 271124.7772571174
 271316.3254675474
 271475.6959827059
 271605.8476711235
 271709.739401331
 271790.3300418591
 271850.5784612385
 271893.4435279999
 271921.8841106741
 271938.8590777917
 271947.3272978836
 271950.2476394803
 271950.5789711126
 271951.2801613113
 271955.3100786071
 271965.6275915306
 271985.1915686126
 272016.9608783838
 272063.894389375
 272128.9509701168
 272215.08948914
 272325.2688149753
 272462.4478161533
 272629.5853612049
 272829.6403186608
 273065.5715570516
 273340.3379449081
 273656.898350761
 274018.2116431411
 274427.2366905789
 274886.9323616053
 275400.2575247511
 275970.1710485467
 276599.631801523
 277291.5986522109
 278049.0304691408
 278874.8861208437
 279772.1244758501
 280743.704402691
 281792.5847698966
 282921.7244459981
 284134.082299526
 285432.6171990111
 286820.2880129843
 288300.0536099756
 289874.8728585169
 291547.7046271377
 293321.5077843697
 295199.2411987432
 297183.8637387886
 299278.3342730374
 301485.6116700197
 303808.6547982654
 306250.4225263071
 308813.8737226739
 311501.9672558991
 314317.6619945091
 317263.9168070388
 320343.6905620164
 323559.9421279731
 326915.6303734412
 330413.714166948
 334057.1523770277
 337848.9038722098
 341791.9275210253
 345889.1821920047
 350143.6267536763
 354558.2200745748
 359135.9210232271
 363879.6884681707
 368792.4812779271
 373877.2583210341


# name: QUERY
# type: sq_string
# elements: 1
# length: 2
Q4


# name: DATASIZE
# type: sq_string
# elements: 1
# length: 2
50


