# Created by Octave 3.8.2, Mon May 23 09:56:49 2016 CEST <Andrea@Andreas-MacBook-Pro.local>
# name: x
# type: matrix
# rows: 1
# columns: 100
 0.05 0.05075757575757577 0.05151515151515151 0.05227272727272728 0.05303030303030304 0.05378787878787879 0.05454545454545455 0.05530303030303031 0.05606060606060607 0.05681818181818182 0.05757575757575759 0.05833333333333334 0.0590909090909091 0.05984848484848486 0.06060606060606061 0.06136363636363637 0.06212121212121213 0.0628787878787879 0.06363636363636364 0.06439393939393939 0.06515151515151515 0.06590909090909092 0.06666666666666668 0.06742424242424243 0.06818181818181819 0.06893939393939394 0.0696969696969697 0.07045454545454546 0.07121212121212121 0.07196969696969698 0.07272727272727274 0.0734848484848485 0.07424242424242425 0.07500000000000001 0.07575757575757576 0.07651515151515152 0.07727272727272728 0.07803030303030303 0.0787878787878788 0.07954545454545456 0.08030303030303031 0.08106060606060607 0.08181818181818183 0.08257575757575758 0.08333333333333334 0.08409090909090911 0.08484848484848485 0.08560606060606062 0.08636363636363636 0.08712121212121213 0.08787878787878789 0.08863636363636364 0.0893939393939394 0.09015151515151516 0.09090909090909091 0.09166666666666667 0.09242424242424244 0.09318181818181819 0.09393939393939395 0.09469696969696971 0.09545454545454546 0.09621212121212122 0.09696969696969698 0.09772727272727275 0.09848484848484849 0.09924242424242424 0.1 0.1007575757575758 0.1015151515151515 0.1022727272727273 0.103030303030303 0.1037878787878788 0.1045454545454546 0.1053030303030303 0.1060606060606061 0.1068181818181818 0.1075757575757576 0.1083333333333333 0.1090909090909091 0.1098484848484849 0.1106060606060606 0.1113636363636364 0.1121212121212121 0.1128787878787879 0.1136363636363636 0.1143939393939394 0.1151515151515152 0.1159090909090909 0.1166666666666667 0.1174242424242424 0.1181818181818182 0.1189393939393939 0.1196969696969697 0.1204545454545455 0.1212121212121212 0.121969696969697 0.1227272727272727 0.1234848484848485 0.1242424242424243 0.125


# name: y
# type: matrix
# rows: 100
# columns: 1
 298214.9503235918
 297066.8693753657
 295947.946038523
 294858.1803130638
 293797.5721989882
 292766.1216962962
 291763.8288049876
 290790.6935250625
 289846.715856521
 288931.895799363
 288046.2333535885
 287189.7285191976
 286362.3812961901
 285564.1916845662
 284795.1596843258
 284055.2852954689
 283344.5685179956
 282663.0093519058
 282010.6077971995
 281387.3638538767
 280793.2775219374
 280228.3488013817
 279692.5776922095
 279185.9641944208
 278708.5083080156
 278260.2100329939
 277841.0693693558
 277451.0863171012
 277090.2608762301
 276758.5930467425
 276456.0828286386
 276182.730221918
 275938.535226581
 275723.4978426275
 275537.6180700576
 275380.8959088711
 275253.3313590683
 275154.9244206489
 275085.675093613
 275045.5833779607
 275034.6492736918
 275052.8727808066
 275100.2538993048
 275176.7926291865
 275282.4889704518
 275417.3429231006
 275581.3544871329
 275774.5236625487
 275996.8504493481
 276248.3348475309
 276528.9768570974
 276838.7764780473
 277177.7337103807
 277545.8485540977
 277943.1210091982
 278369.5510756822
 278825.1387535497
 279309.8840428008
 279823.7869434354
 280366.8474554535
 280939.0655788551
 281540.4413136402
 282170.9746598089
 282830.6656173611
 283519.5141862968
 284237.520366616
 284984.6841583188
 285761.005561405
 286566.4845758749
 287401.1212017282
 288264.915438965
 289157.8672875854
 290079.9767475893
 291031.2438189766
 292011.6685017476
 293021.250795902
 294059.99070144
 295127.8882183615
 296224.9433466665
 297351.156086355
 298506.5264374272
 299691.0543998827
 300904.7399737219
 302147.5831589444
 303419.5839555506
 304720.7423635403
 306051.0583829135
 307410.5320136702
 308799.1632558104
 310216.9521093342
 311663.8985742415
 313140.0026505323
 314645.2643382066
 316179.6836372644
 317743.2605477059
 319335.9950695307
 320957.8872027392
 322608.936947331
 324289.1443033065
 325998.5092706654


# name: QUERY
# type: sq_string
# elements: 1
# length: 2
Q4


# name: DATASIZE
# type: sq_string
# elements: 1
# length: 2
50


