# Created by Octave 3.8.2, Mon May 23 09:56:49 2016 CEST <Andrea@Andreas-MacBook-Pro.local>
# name: x
# type: matrix
# rows: 1
# columns: 100
 0.05 0.05075757575757577 0.05151515151515151 0.05227272727272728 0.05303030303030304 0.05378787878787879 0.05454545454545455 0.05530303030303031 0.05606060606060607 0.05681818181818182 0.05757575757575759 0.05833333333333334 0.0590909090909091 0.05984848484848486 0.06060606060606061 0.06136363636363637 0.06212121212121213 0.0628787878787879 0.06363636363636364 0.06439393939393939 0.06515151515151515 0.06590909090909092 0.06666666666666668 0.06742424242424243 0.06818181818181819 0.06893939393939394 0.0696969696969697 0.07045454545454546 0.07121212121212121 0.07196969696969698 0.07272727272727274 0.0734848484848485 0.07424242424242425 0.07500000000000001 0.07575757575757576 0.07651515151515152 0.07727272727272728 0.07803030303030303 0.0787878787878788 0.07954545454545456 0.08030303030303031 0.08106060606060607 0.08181818181818183 0.08257575757575758 0.08333333333333334 0.08409090909090911 0.08484848484848485 0.08560606060606062 0.08636363636363636 0.08712121212121213 0.08787878787878789 0.08863636363636364 0.0893939393939394 0.09015151515151516 0.09090909090909091 0.09166666666666667 0.09242424242424244 0.09318181818181819 0.09393939393939395 0.09469696969696971 0.09545454545454546 0.09621212121212122 0.09696969696969698 0.09772727272727275 0.09848484848484849 0.09924242424242424 0.1 0.1007575757575758 0.1015151515151515 0.1022727272727273 0.103030303030303 0.1037878787878788 0.1045454545454546 0.1053030303030303 0.1060606060606061 0.1068181818181818 0.1075757575757576 0.1083333333333333 0.1090909090909091 0.1098484848484849 0.1106060606060606 0.1113636363636364 0.1121212121212121 0.1128787878787879 0.1136363636363636 0.1143939393939394 0.1151515151515152 0.1159090909090909 0.1166666666666667 0.1174242424242424 0.1181818181818182 0.1189393939393939 0.1196969696969697 0.1204545454545455 0.1212121212121212 0.121969696969697 0.1227272727272727 0.1234848484848485 0.1242424242424243 0.125


# name: y
# type: matrix
# rows: 100
# columns: 1
 283717.4654258831
 281965.1512078534
 280342.9708197518
 278844.3161114799
 277462.7511322905
 276192.0121307871
 275026.0075549246
 273958.818052009
 272984.6964686974
 272098.0678509978
 271293.5294442697
 270565.8506932231
 269909.9732419197
 269321.0109337718
 268794.2498115433
 268325.1481173488
 267909.3362926542
 267542.6169782763
 267220.9650143834
 266940.5274404945
 266697.6234954797
 266488.7446175605
 266310.5544443094
 266159.8888126498
 266033.7557588564
 265929.335518555
 265843.9805267223
 265775.2154176863
 265720.7370251261
 265678.4143820718
 265646.2887209046
 265622.5734733569
 265605.6542705121
 265594.0889428047
 265586.6075200205
 265582.112231296
 265579.6775051193
 265578.5499693291
 265578.1484511156
 265578.0639770199
 265578.0597729341
 265578.0712641018
 265578.2060751172
 265578.744029926
 265580.1371518247
 265583.0096634611
 265588.1579868341
 265596.5507432935
 265609.3287535405
 265627.8050376271
 265653.4648149566
 265687.9655042833
 265733.1367237127
 265790.9802907013
 265863.6702220567
 265953.5527339377
 266063.1462418541
 266195.1413606667
 266352.4009045878
 266537.9598871804
 266755.0255213587
 267006.9772193881
 267297.366592885
 267629.917452817
 268008.5258095026
 268437.2598726116
 268920.3600511649
 269462.2389535343
 270067.481387443
 270740.844359965
 271487.2570775257
 272311.8209459011
 273219.809570219
 274216.6687549577
 275308.0165039469
 276499.6430203674
 277797.5107067509
 279207.7541649805
 280736.68019629
 282390.7678012647
 284176.668179841
 286101.2047313058
 288171.373054298
 290394.3409468065
 292777.4484061727
 295328.2076290878
 298054.3030115947
 300963.5911490876
 304064.1008363111
 307364.0330673619
 310871.761035687
 314595.8301340842
 318544.9579547035
 322728.0342890451
 327154.1211279616
 331832.452661654
 336772.4352796779
 341983.6475709364
 347475.8403236876
 353258.9365255366


# name: QUERY
# type: sq_string
# elements: 1
# length: 2
Q4


# name: DATASIZE
# type: sq_string
# elements: 1
# length: 2
50


