# Created by Octave 3.8.2, Wed May 18 21:45:01 2016 CEST <Andrea@Andreas-MacBook-Pro.local>
# name: SVs
# type: cell
# rows: 1
# columns: 7
# name: <cell-element>
# type: sparse matrix
# nnz: 160
# rows: 10
# columns: 30
1 2 -1.329114663937264
2 2 0.5555106679360207
3 2 0.4257758363084829
4 2 -1.001307311594432
5 2 0.09903626035764714
6 2 2.470033738785199
7 2 0.2036783467732743
8 2 0.03390190044587921
9 2 -0.4780968795162965
10 2 0.40975919042854
1 3 -1.601373674211521
2 3 0.5532644632160203
3 3 0.3394764965380676
4 3 0.04910075278647483
5 3 0.9737924416264985
6 3 1.66621485970945
7 3 -0.2426845819542034
8 3 0.5850585710809465
9 3 -1.236602850480421
10 3 0.04361901005114271
1 5 -0.2355887970024971
2 5 -1.41567061138887
3 5 -1.418521050554054
4 5 -0.1842808920291766
5 5 -1.110673620714131
6 5 -0.2070844053506524
7 5 1.793923888608849
8 5 -0.7486678467357026
9 5 0.1435196119670381
10 5 1.614346221202227
1 6 -0.751071350664021
2 6 -0.6234367939313742
3 6 -1.010981720737774
4 6 2.230936020271455
5 6 -0.7325063242301815
6 6 -0.01543217822312933
7 6 0.7503751621727516
8 6 -0.4447484145056687
9 6 -0.9576072697404858
10 6 1.718077165036638
1 7 -1.259535864224495
2 7 1.770761368606376
3 7 -1.118979406271207
4 7 -1.603010291614299
5 7 1.398675646415804
6 7 0.8756167327279745
7 7 -0.03091686515849975
8 7 -0.05397256873581777
9 7 -0.7623104497257088
10 7 1.513954164302394
1 8 -1.181774180103018
2 8 1.218948631941683
3 8 -1.416257377581902
4 8 -1.470856619859159
5 8 0.612720916076145
6 8 0.5542468888630833
7 8 -0.2557005804455516
8 8 -0.06055232095135743
9 8 -0.499459778225303
10 8 2.115432964816636
1 12 -1.205089144507012
2 12 1.183932244418072
3 12 0.7003459566708601
4 12 -0.4954788309649081
5 12 0.9592223117964056
6 12 -0.5099338558703954
7 12 -1.086820758916662
8 12 0.3074320978762506
9 12 0.919799516599622
10 12 -0.6557981980984946
1 13 -1.205089144507012
2 13 1.183932244418072
3 13 0.7003459566708601
4 13 -0.4954788309649081
5 13 0.9592223117964056
6 13 -0.5099338558703954
7 13 -1.086820758916662
8 13 0.3074320978762506
9 13 0.919799516599622
10 13 -0.6557981980984946
1 14 1.617322709424457
2 14 -0.1509700073854112
3 14 -0.7856558938630451
4 14 2.791719903683791
5 14 -0.7816986197507145
6 14 0.07276818281174029
7 14 -1.054141722099627
8 14 1.134535267720127
9 14 -1.428560734266289
10 14 -0.4355893377722638
1 15 1.617322709424457
2 15 -0.1509700073854112
3 15 -0.7856558938630451
4 15 2.791719903683791
5 15 -0.7816986197507145
6 15 0.07276818281174029
7 15 -1.054141722099627
8 15 1.134535267720127
9 15 -1.428560734266289
10 15 -0.4355893377722638
1 19 0.0898764236622743
2 19 -1.778148167393294
3 19 -0.1829590728448797
4 19 0.7356960150950765
5 19 -1.091730000582032
6 19 0.3872997897648335
7 19 0.3338763123050494
8 19 1.223695792380627
9 19 -0.5146910941968414
10 19 -1.459894546317883
1 20 0.0898764236622743
2 20 -1.778148167393294
3 20 -0.1829590728448797
4 20 0.7356960150950765
5 20 -1.091730000582032
6 20 0.3872997897648335
7 20 0.3338763123050494
8 20 1.223695792380627
9 20 -0.5146910941968414
10 20 -1.459894546317883
1 22 -0.3087040977184523
2 22 -2.82702711853737
3 22 0.7808397765819671
4 22 0.8117700514018509
5 22 0.6970287093280887
6 22 0.04849068891117242
7 22 -1.031075677382833
8 22 0.6770736933152606
9 22 -0.5870765710974055
10 22 -1.089942974620676
1 23 -0.3087040977184523
2 23 -2.82702711853737
3 23 0.7808397765819671
4 23 0.8117700514018509
5 23 0.6970287093280887
6 23 0.04849068891117242
7 23 -1.031075677382833
8 23 0.6770736933152606
9 23 -0.5870765710974055
10 23 -1.089942974620676
1 24 0.09158159273991097
2 24 -2.396138822950409
3 24 0.4547075316952027
4 24 -1.239675027531777
5 24 -0.08567310288572294
6 24 0.06696288501412848
7 24 0.3026870114884958
8 24 -1.363384033853834
9 24 0.5673381195406575
10 24 -0.6026659651271552
1 25 0.09158159273991097
2 25 -2.396138822950409
3 25 0.4547075316952027
4 25 -1.239675027531777
5 25 -0.08567310288572294
6 25 0.06696288501412848
7 25 0.3026870114884958
8 25 -1.363384033853834
9 25 0.5673381195406575
10 25 -0.6026659651271552



# name: <cell-element>
# type: sparse matrix
# nnz: 128
# rows: 8
# columns: 30
1 2 -1.329114663937264
2 2 0.5555106679360207
3 2 0.4546057988923802
4 2 -1.153999335649888
5 2 0.4257758363084829
6 2 2.470033738785199
7 2 0.03390190044587921
8 2 0.40975919042854
1 3 -1.601373674211521
2 3 0.5532644632160203
3 3 0.4600748367153742
4 3 -0.1476155008014435
5 3 0.3394764965380676
6 3 1.66621485970945
7 3 0.5850585710809465
8 3 0.04361901005114271
1 5 -0.2355887970024971
2 5 -1.41567061138887
3 5 -0.5833423751550031
4 5 1.035707070669779
5 5 -1.418521050554054
6 5 -0.2070844053506524
7 5 -0.7486678467357026
8 5 1.614346221202227
1 6 -0.751071350664021
2 6 -0.6234367939313742
3 6 -0.5491766881960161
4 6 0.9615523378576764
5 6 -1.010981720737774
6 6 -0.01543217822312933
7 6 -0.4447484145056687
8 6 1.718077165036638
1 7 -1.259535864224495
2 7 1.770761368606376
3 7 0.4049192663211626
4 7 -1.093979245765681
5 7 -1.118979406271207
6 7 0.8756167327279745
7 7 -0.05397256873581777
8 7 1.513954164302394
1 8 -1.181774180103018
2 8 1.218948631941683
3 8 0.5702156995076142
4 8 -0.7594226221002404
5 8 -1.416257377581902
6 8 0.5542468888630833
7 8 -0.06055232095135743
8 8 2.115432964816636
1 12 -1.205089144507012
2 12 1.183932244418072
3 12 -0.5165043217365259
4 12 0.8488384852454116
5 12 0.7003459566708601
6 12 -0.5099338558703954
7 12 0.3074320978762506
8 12 -0.6557981980984946
1 13 -1.205089144507012
2 13 1.183932244418072
3 13 -0.5165043217365259
4 13 0.8488384852454116
5 13 0.7003459566708601
6 13 -0.5099338558703954
7 13 0.3074320978762506
8 13 -0.6557981980984946
1 14 1.617322709424457
2 14 -0.1509700073854112
3 14 -0.775914911432693
4 14 1.191459133797498
5 14 -0.7856558938630451
6 14 0.07276818281174029
7 14 1.134535267720127
8 14 -0.4355893377722638
1 15 1.617322709424457
2 15 -0.1509700073854112
3 15 -0.775914911432693
4 15 1.191459133797498
5 15 -0.7856558938630451
6 15 0.07276818281174029
7 15 1.134535267720127
8 15 -0.4355893377722638
1 19 0.0898764236622743
2 19 -1.778148167393294
3 19 0.9671977507541407
4 19 -1.108639266383523
5 19 -0.1829590728448797
6 19 0.3872997897648335
7 19 1.223695792380627
8 19 -1.459894546317883
1 20 0.0898764236622743
2 20 -1.778148167393294
3 20 0.9671977507541407
4 20 -1.108639266383523
5 20 -0.1829590728448797
6 20 0.3872997897648335
7 20 1.223695792380627
8 20 -1.459894546317883
1 22 -0.3087040977184523
2 22 -2.82702711853737
3 22 0.4685437759812059
4 22 0.6840579489197504
5 22 0.7808397765819671
6 22 0.04849068891117242
7 22 0.6770736933152606
8 22 -1.089942974620676
1 23 -0.3087040977184523
2 23 -2.82702711853737
3 23 0.4685437759812059
4 23 0.6840579489197504
5 23 0.7808397765819671
6 23 0.04849068891117242
7 23 0.6770736933152606
8 23 -1.089942974620676
1 24 0.09158159273991097
2 24 -2.396138822950409
3 24 2.333730398865551
4 24 0.7987539721630129
5 24 0.4547075316952027
6 24 0.06696288501412848
7 24 -1.363384033853834
8 24 -0.6026659651271552
1 25 0.09158159273991097
2 25 -2.396138822950409
3 25 2.333730398865551
4 25 0.7987539721630129
5 25 0.4547075316952027
6 25 0.06696288501412848
7 25 -1.363384033853834
8 25 -0.6026659651271552



