# Created by Octave 3.8.2, Wed May 18 21:44:48 2016 CEST <Andrea@Andreas-MacBook-Pro.local>
# name: mu
# type: matrix
# rows: 1
# columns: 31
 248257.25 40 78356.5 121527.5 8 2679.65 3772.65 24177.6 30867.7 172348 172348 1 1129.05 1129.05 5877.95 5877.95 7102 7102 1 51511.75 51511.75 1 3697.4 3697.4 5529.2 5529.2 190065 190065 1 40 12


# name: sigma
# type: matrix
# rows: 1
# columns: 31
 8296.885185195453 0 1873.051338268515 6384.830826592864 0 350.8231335767805 430.9177812652042 7199.953774705414 8516.601707377495 0 0 0 760.9810479001155 760.9810479001155 3285.089592225358 3285.089592225358 0 0 0 12241.80886563058 12241.80886563058 0 1002.254269660465 1002.254269660465 1624.780652402364 1624.780652402364 0 0 0 0 0


