# Created by Octave 3.8.2, Wed May 18 18:00:43 2016 CEST <Andrea@Andreas-MacBook-Pro.local>
# name: x
# type: matrix
# rows: 1
# columns: 100
 0.008333333333333333 0.008417508417508417 0.008501683501683501 0.008585858585858586 0.00867003367003367 0.008754208754208754 0.008838383838383838 0.008922558922558922 0.009006734006734006 0.00909090909090909 0.009175084175084175 0.009259259259259259 0.009343434343434343 0.009427609427609427 0.009511784511784511 0.009595959595959595 0.009680134680134679 0.009764309764309764 0.009848484848484849 0.009932659932659932 0.01001683501683502 0.0101010101010101 0.01018518518518519 0.01026936026936027 0.01035353535353535 0.01043771043771044 0.01052188552188552 0.01060606060606061 0.01069023569023569 0.01077441077441077 0.01085858585858586 0.01094276094276094 0.01102693602693603 0.01111111111111111 0.0111952861952862 0.01127946127946128 0.01136363636363636 0.01144781144781145 0.01153198653198653 0.01161616161616162 0.0117003367003367 0.01178451178451178 0.01186868686868687 0.01195286195286195 0.01203703703703704 0.01212121212121212 0.01220538720538721 0.01228956228956229 0.01237373737373737 0.01245791245791246 0.01254208754208754 0.01262626262626263 0.01271043771043771 0.01279461279461279 0.01287878787878788 0.01296296296296296 0.01304713804713805 0.01313131313131313 0.01321548821548822 0.0132996632996633 0.01338383838383838 0.01346801346801347 0.01355218855218855 0.01363636363636364 0.01372053872053872 0.01380471380471381 0.01388888888888889 0.01397306397306397 0.01405723905723906 0.01414141414141414 0.01422558922558922 0.01430976430976431 0.01439393939393939 0.01447811447811448 0.01456228956228956 0.01464646464646465 0.01473063973063973 0.01481481481481482 0.0148989898989899 0.01498316498316498 0.01506734006734007 0.01515151515151515 0.01523569023569023 0.01531986531986532 0.0154040404040404 0.01548821548821549 0.01557239057239057 0.01565656565656566 0.01574074074074074 0.01582491582491583 0.01590909090909091 0.01599326599326599 0.01607744107744108 0.01616161616161616 0.01624579124579125 0.01632996632996633 0.01641414141414142 0.0164983164983165 0.01658249158249158 0.01666666666666667


# name: y
# type: matrix
# rows: 100
# columns: 1
 833817.8002248076
 830982.3869798592
 828415.1726996762
 826125.8899889782
 824123.4470490039
 822415.8867141419
 821010.3509296959
 819913.0509828831
 819129.2437524393
 818663.2141921949
 818518.2642111341
 818696.7080572057
 819199.8742550205
 820028.1140890729
 821180.8165647943
 822656.4297201693
 824452.4881013705
 826565.646157503
 828991.7172526593
 831725.7179386722
 834761.9170797695
 838093.8893713561
 841714.572749907
 845616.3291499716
 849791.0080280284
 854230.012041871
 858924.3642487274
 863864.776165789
 869041.7160235728
 874445.4765357989
 880066.2415094465
 885894.1506254975
 891919.3617346319
 898132.110032855
 904522.7635095912
 911081.8740950958
 917800.2239748569
 924668.8665857452
 931679.1618616449
 938822.8053547549
 946091.8509221984
 953478.7267354664
 960976.2444419229
 968577.6013824616
 976276.3758466821
 984066.5154258821
 991942.3186039366
 999898.4098058874
 1007929.708202955
 1016031.390649795
 1024198.849204272
 1032427.643750923
 1040713.450315768
 1049052.005721254
 1057439.049285254
 1065870.262316161
 1074341.206196727
 1082847.259881596
 1091383.557656941
 1099944.928024775
 1108525.83457889
 1117120.319733812
 1125721.95215234
 1134323.778691187
 1142918.281648024
 1151497.342046969
 1160052.209643654
 1168573.480265839
 1177051.081031752
 1185474.26390655
 1193831.607968407
 1202111.030660617
 1210299.808205842
 1218384.605254285
 1226351.513730442
 1234186.100734327
 1241873.465244133
 1249398.303259381
 1256744.980918262
 1263897.615021307
 1270840.160297123
 1277556.502656089
 1284030.557595629
 1290246.37284741
 1296188.234293325
 1301840.774124547
 1307189.080176975
 1312218.805347726
 1316916.275981449
 1321268.598112465
 1325263.760459226
 1328890.733091323
 1332139.560725998
 1335001.449660487
 1337468.847407936
 1339535.514177382
 1341196.58542141
 1342448.624767642
 1343289.666750906
 1343719.248870538


# name: QUERY
# type: sq_string
# elements: 1
# length: 2
R3


# name: DATASIZE
# type: sq_string
# elements: 1
# length: 4
1000


