# Created by Octave 4.0.0, Mon May 23 13:37:27 2016 CEST <peter@Independence>
# name: x
# type: matrix
# rows: 1
# columns: 100
 0.008333333333333333 0.008417508417508417 0.008501683501683501 0.008585858585858586 0.00867003367003367 0.008754208754208754 0.008838383838383838 0.008922558922558922 0.009006734006734006 0.00909090909090909 0.009175084175084175 0.009259259259259259 0.009343434343434345 0.009427609427609427 0.009511784511784513 0.009595959595959595 0.009680134680134681 0.009764309764309764 0.009848484848484849 0.009932659932659932 0.01001683501683502 0.0101010101010101 0.01018518518518519 0.01026936026936027 0.01035353535353535 0.01043771043771044 0.01052188552188552 0.01060606060606061 0.01069023569023569 0.01077441077441077 0.01085858585858586 0.01094276094276094 0.01102693602693603 0.01111111111111111 0.0111952861952862 0.01127946127946128 0.01136363636363636 0.01144781144781145 0.01153198653198653 0.01161616161616162 0.0117003367003367 0.01178451178451178 0.01186868686868687 0.01195286195286195 0.01203703703703704 0.01212121212121212 0.01220538720538721 0.01228956228956229 0.01237373737373737 0.01245791245791246 0.01254208754208754 0.01262626262626263 0.01271043771043771 0.01279461279461279 0.01287878787878788 0.01296296296296296 0.01304713804713805 0.01313131313131313 0.01321548821548822 0.0132996632996633 0.01338383838383838 0.01346801346801347 0.01355218855218855 0.01363636363636364 0.01372053872053872 0.01380471380471381 0.01388888888888889 0.01397306397306397 0.01405723905723906 0.01414141414141414 0.01422558922558922 0.01430976430976431 0.01439393939393939 0.01447811447811448 0.01456228956228956 0.01464646464646465 0.01473063973063973 0.01481481481481482 0.0148989898989899 0.01498316498316498 0.01506734006734007 0.01515151515151515 0.01523569023569024 0.01531986531986532 0.0154040404040404 0.01548821548821549 0.01557239057239057 0.01565656565656566 0.01574074074074074 0.01582491582491583 0.01590909090909091 0.01599326599326599 0.01607744107744108 0.01616161616161616 0.01624579124579124 0.01632996632996633 0.01641414141414142 0.0164983164983165 0.01658249158249158 0.01666666666666667


# name: y
# type: matrix
# rows: 100
# columns: 1
 834742.5510825078
 831888.328646872
 829298.8440761353
 826983.6988192105
 824951.6684771059
 823210.6629489196
 821767.6921467629
 820628.8375833397
 819799.230087287
 819283.0338495655
 819083.436949661
 819202.6484535602
 819641.9021169761
 820401.4666675796
 821480.6625797116
 822877.8851946648
 824590.6339798305
 826615.5476613055
 828948.4449075933
 831584.3701873875
 834517.6443726181
 837741.9196095972
 841250.2379366956
 845035.0930870366
 849088.4948796863
 853402.035573161
 857966.9575311705
 862774.2215327065
 867814.5750471428
 873078.6197902074
 878556.8778786538
 884239.8559103494
 890118.10631233
 896182.2853221745
 902423.2069976742
 908831.8926861482
 915399.6154275738
 922117.9388147386
 928978.7498884749
 935974.2857062826
 943097.1532878199
 950340.3427102137
 957697.2331993785
 965161.5921397774
 972727.5670036398
 980389.6702807583
 988142.7575708289
 995981.9990810136
 1003902.844851128
 1011900.984106699
 1019972.299215192
 1028112.814792113
 1036318.642570495
 1044585.922708717
 1052910.762266762
 1061289.171629146
 1069716.999693154
 1078189.868672931
 1086703.109392963
 1095251.697957842
 1103830.194688773
 1112432.686210491
 1121052.73155515
 1129683.313122106
 1138316.793294438
 1146944.877464772
 1155558.584164697
 1164148.222924388
 1172703.380412359
 1181212.91532054
 1189664.962367603
 1198046.945694971
 1206345.601825937
 1214547.012250256
 1222636.645585459
 1230599.409153482
 1238419.709698167
 1246081.522857401
 1253568.47089435
 1260863.908086933
 1267951.013074751
 1274812.887369473
 1281432.659149497
 1287793.591383743
 1293879.193263804
 1299673.333869413
 1305160.356949992
 1310325.195675833
 1315153.486196519
 1319631.678842078
 1323747.14581407
 1327488.284239449
 1330844.613499301
 1333806.86579707
 1336367.068996033
 1338518.620832855
 1340256.353701934
 1341576.589303065
 1342477.182551253
 1342957.554261041


# name: QUERY
# type: sq_string
# elements: 1
# length: 2
R3


# name: DATASIZE
# type: sq_string
# elements: 1
# length: 4
1000


