# Created by Octave 3.8.2, Wed May 18 18:00:43 2016 CEST <Andrea@Andreas-MacBook-Pro.local>
# name: x
# type: matrix
# rows: 1
# columns: 100
 0.008333333333333333 0.008417508417508417 0.008501683501683501 0.008585858585858586 0.00867003367003367 0.008754208754208754 0.008838383838383838 0.008922558922558922 0.009006734006734006 0.00909090909090909 0.009175084175084175 0.009259259259259259 0.009343434343434343 0.009427609427609427 0.009511784511784511 0.009595959595959595 0.009680134680134679 0.009764309764309764 0.009848484848484849 0.009932659932659932 0.01001683501683502 0.0101010101010101 0.01018518518518519 0.01026936026936027 0.01035353535353535 0.01043771043771044 0.01052188552188552 0.01060606060606061 0.01069023569023569 0.01077441077441077 0.01085858585858586 0.01094276094276094 0.01102693602693603 0.01111111111111111 0.0111952861952862 0.01127946127946128 0.01136363636363636 0.01144781144781145 0.01153198653198653 0.01161616161616162 0.0117003367003367 0.01178451178451178 0.01186868686868687 0.01195286195286195 0.01203703703703704 0.01212121212121212 0.01220538720538721 0.01228956228956229 0.01237373737373737 0.01245791245791246 0.01254208754208754 0.01262626262626263 0.01271043771043771 0.01279461279461279 0.01287878787878788 0.01296296296296296 0.01304713804713805 0.01313131313131313 0.01321548821548822 0.0132996632996633 0.01338383838383838 0.01346801346801347 0.01355218855218855 0.01363636363636364 0.01372053872053872 0.01380471380471381 0.01388888888888889 0.01397306397306397 0.01405723905723906 0.01414141414141414 0.01422558922558922 0.01430976430976431 0.01439393939393939 0.01447811447811448 0.01456228956228956 0.01464646464646465 0.01473063973063973 0.01481481481481482 0.0148989898989899 0.01498316498316498 0.01506734006734007 0.01515151515151515 0.01523569023569023 0.01531986531986532 0.0154040404040404 0.01548821548821549 0.01557239057239057 0.01565656565656566 0.01574074074074074 0.01582491582491583 0.01590909090909091 0.01599326599326599 0.01607744107744108 0.01616161616161616 0.01624579124579125 0.01632996632996633 0.01641414141414142 0.0164983164983165 0.01658249158249158 0.01666666666666667


# name: y
# type: matrix
# rows: 100
# columns: 1
 779172.5697427265
 784741.1138918838
 790309.6580410409
 795878.202190198
 801446.7463393554
 807015.2904885127
 812583.8346376696
 818152.3787868271
 823720.9229359843
 829289.4670851416
 834858.0112342988
 840426.5553834562
 845995.0995326133
 851563.6436817705
 857132.1878309278
 862700.7319800851
 868269.2761292424
 873837.8202783996
 879406.364427557
 884974.908576714
 890543.4527258715
 896111.9968750286
 901680.5410241858
 907249.0851733431
 912817.6293225002
 918386.1734716576
 923954.7176208148
 929523.261769972
 935091.8059191293
 940660.3500682865
 946228.8942174438
 951797.438366601
 957365.9825157583
 962934.5266649155
 968503.0708140727
 974071.61496323
 979640.1591123872
 985208.7032615445
 990777.2474107017
 996345.7915598589
 1001914.335709016
 1007482.879858173
 1013051.424007331
 1018619.968156488
 1024188.512305645
 1029757.056454802
 1035325.60060396
 1040894.144753117
 1046462.688902274
 1052031.233051431
 1057599.777200589
 1063168.321349746
 1068736.865498903
 1074305.40964806
 1079873.953797218
 1085442.497946375
 1091011.042095532
 1096579.586244689
 1102148.130393847
 1107716.674543004
 1113285.218692161
 1118853.762841318
 1124422.306990476
 1129990.851139633
 1135559.39528879
 1141127.939437947
 1146696.483587105
 1152265.027736262
 1157833.571885419
 1163402.116034576
 1168970.660183733
 1174539.204332891
 1180107.748482048
 1185676.292631205
 1191244.836780363
 1196813.38092952
 1202381.925078677
 1207950.469227834
 1213519.013376991
 1219087.557526149
 1224656.101675306
 1230224.645824463
 1235793.18997362
 1241361.734122778
 1246930.278271935
 1252498.822421092
 1258067.366570249
 1263635.910719407
 1269204.454868564
 1274772.999017721
 1280341.543166878
 1285910.087316035
 1291478.631465193
 1297047.17561435
 1302615.719763507
 1308184.263912664
 1313752.808061822
 1319321.352210979
 1324889.896360136
 1330458.440509294


# name: QUERY
# type: sq_string
# elements: 1
# length: 2
R3


# name: DATASIZE
# type: sq_string
# elements: 1
# length: 4
1000


