# Created by Octave 3.8.2, Wed May 18 18:00:43 2016 CEST <Andrea@Andreas-MacBook-Pro.local>
# name: x
# type: matrix
# rows: 1
# columns: 100
 0.008333333333333333 0.008417508417508417 0.008501683501683501 0.008585858585858586 0.00867003367003367 0.008754208754208754 0.008838383838383838 0.008922558922558922 0.009006734006734006 0.00909090909090909 0.009175084175084175 0.009259259259259259 0.009343434343434343 0.009427609427609427 0.009511784511784511 0.009595959595959595 0.009680134680134679 0.009764309764309764 0.009848484848484849 0.009932659932659932 0.01001683501683502 0.0101010101010101 0.01018518518518519 0.01026936026936027 0.01035353535353535 0.01043771043771044 0.01052188552188552 0.01060606060606061 0.01069023569023569 0.01077441077441077 0.01085858585858586 0.01094276094276094 0.01102693602693603 0.01111111111111111 0.0111952861952862 0.01127946127946128 0.01136363636363636 0.01144781144781145 0.01153198653198653 0.01161616161616162 0.0117003367003367 0.01178451178451178 0.01186868686868687 0.01195286195286195 0.01203703703703704 0.01212121212121212 0.01220538720538721 0.01228956228956229 0.01237373737373737 0.01245791245791246 0.01254208754208754 0.01262626262626263 0.01271043771043771 0.01279461279461279 0.01287878787878788 0.01296296296296296 0.01304713804713805 0.01313131313131313 0.01321548821548822 0.0132996632996633 0.01338383838383838 0.01346801346801347 0.01355218855218855 0.01363636363636364 0.01372053872053872 0.01380471380471381 0.01388888888888889 0.01397306397306397 0.01405723905723906 0.01414141414141414 0.01422558922558922 0.01430976430976431 0.01439393939393939 0.01447811447811448 0.01456228956228956 0.01464646464646465 0.01473063973063973 0.01481481481481482 0.0148989898989899 0.01498316498316498 0.01506734006734007 0.01515151515151515 0.01523569023569023 0.01531986531986532 0.0154040404040404 0.01548821548821549 0.01557239057239057 0.01565656565656566 0.01574074074074074 0.01582491582491583 0.01590909090909091 0.01599326599326599 0.01607744107744108 0.01616161616161616 0.01624579124579125 0.01632996632996633 0.01641414141414142 0.0164983164983165 0.01658249158249158 0.01666666666666667


# name: y
# type: matrix
# rows: 1
# columns: 100
 772831.6790722106 778473.2321855458 784114.7852988811 789756.3384122163 795397.8915255514 801039.4446388867 806680.997752222 812322.5508655572 817964.1039788924 823605.6570922276 829247.2102055629 834888.763318898 840530.3164322332 846171.8695455685 851813.4226589036 857454.9757722389 863096.5288855741 868738.0819989094 874379.6351122445 880021.1882255798 885662.741338915 891304.2944522502 896945.8475655854 902587.4006789207 908228.9537922558 913870.5069055911 919512.0600189263 925153.6131322616 930795.1662455967 936436.719358932 942078.2724722672 947719.8255856023 953361.3786989376 959002.9318122728 964644.484925608 970286.0380389432 975927.5911522785 981569.1442656136 987210.6973789489 992852.2504922841 998493.8036056194 1004135.356718955 1009776.90983229 1015418.462945625 1021060.01605896 1026701.569172295 1032343.122285631 1037984.675398966 1043626.228512301 1049267.781625636 1054909.334738971 1060550.887852307 1066192.440965642 1071833.994078977 1077475.547192312 1083117.100305648 1088758.653418983 1094400.206532318 1100041.759645653 1105683.312758988 1111324.865872324 1116966.418985659 1122607.972098994 1128249.525212329 1133891.078325665 1139532.631439 1145174.184552335 1150815.73766567 1156457.290779005 1162098.843892341 1167740.397005676 1173381.950119011 1179023.503232346 1184665.056345681 1190306.609459017 1195948.162572352 1201589.715685687 1207231.268799022 1212872.821912358 1218514.375025693 1224155.928139028 1229797.481252363 1235439.034365698 1241080.587479034 1246722.140592369 1252363.693705704 1258005.246819039 1263646.799932375 1269288.35304571 1274929.906159045 1280571.45927238 1286213.012385715 1291854.565499051 1297496.118612386 1303137.671725721 1308779.224839056 1314420.777952391 1320062.331065727 1325703.884179062 1331345.437292397


# name: QUERY
# type: sq_string
# elements: 1
# length: 2
R3


# name: DATASIZE
# type: sq_string
# elements: 1
# length: 4
1000


