# Created by Octave 4.0.0, Mon May 23 13:37:27 2016 CEST <peter@Independence>
# name: x
# type: matrix
# rows: 1
# columns: 100
 0.008333333333333333 0.008417508417508417 0.008501683501683501 0.008585858585858586 0.00867003367003367 0.008754208754208754 0.008838383838383838 0.008922558922558922 0.009006734006734006 0.00909090909090909 0.009175084175084175 0.009259259259259259 0.009343434343434345 0.009427609427609427 0.009511784511784513 0.009595959595959595 0.009680134680134681 0.009764309764309764 0.009848484848484849 0.009932659932659932 0.01001683501683502 0.0101010101010101 0.01018518518518519 0.01026936026936027 0.01035353535353535 0.01043771043771044 0.01052188552188552 0.01060606060606061 0.01069023569023569 0.01077441077441077 0.01085858585858586 0.01094276094276094 0.01102693602693603 0.01111111111111111 0.0111952861952862 0.01127946127946128 0.01136363636363636 0.01144781144781145 0.01153198653198653 0.01161616161616162 0.0117003367003367 0.01178451178451178 0.01186868686868687 0.01195286195286195 0.01203703703703704 0.01212121212121212 0.01220538720538721 0.01228956228956229 0.01237373737373737 0.01245791245791246 0.01254208754208754 0.01262626262626263 0.01271043771043771 0.01279461279461279 0.01287878787878788 0.01296296296296296 0.01304713804713805 0.01313131313131313 0.01321548821548822 0.0132996632996633 0.01338383838383838 0.01346801346801347 0.01355218855218855 0.01363636363636364 0.01372053872053872 0.01380471380471381 0.01388888888888889 0.01397306397306397 0.01405723905723906 0.01414141414141414 0.01422558922558922 0.01430976430976431 0.01439393939393939 0.01447811447811448 0.01456228956228956 0.01464646464646465 0.01473063973063973 0.01481481481481482 0.0148989898989899 0.01498316498316498 0.01506734006734007 0.01515151515151515 0.01523569023569024 0.01531986531986532 0.0154040404040404 0.01548821548821549 0.01557239057239057 0.01565656565656566 0.01574074074074074 0.01582491582491583 0.01590909090909091 0.01599326599326599 0.01607744107744108 0.01616161616161616 0.01624579124579124 0.01632996632996633 0.01641414141414142 0.0164983164983165 0.01658249158249158 0.01666666666666667


# name: y
# type: matrix
# rows: 100
# columns: 1
 784421.2840384744
 789883.6251022231
 795345.966165974
 800808.3072297249
 806270.6482934752
 811732.989357225
 817195.3304209759
 822657.6714847243
 828120.012548476
 833582.3536122235
 839044.6946759745
 844507.0357397238
 849969.3768034754
 855431.717867223
 860894.058930974
 866356.3999947233
 871818.7410584741
 877281.0821222231
 882743.4231859746
 888205.7642497256
 893668.1053134733
 899130.446377225
 904592.7874409748
 910055.1285047263
 915517.4695684754
 920979.8106322243
 926442.1516959741
 931904.4927597232
 937366.8338234738
 942829.1748872243
 948291.5159509736
 953753.8570147241
 959216.1980784746
 964678.5391422235
 970140.8802059736
 975603.2212697241
 981065.5623334736
 986527.9033972234
 991990.2444609738
 997452.5855247236
 1002914.926588473
 1008377.267652223
 1013839.608715973
 1019301.949779723
 1024764.290843473
 1030226.631907223
 1035688.972970973
 1041151.314034723
 1046613.655098473
 1052075.996162223
 1057538.337225973
 1063000.678289723
 1068463.019353473
 1073925.360417223
 1079387.701480973
 1084850.042544723
 1090312.383608473
 1095774.724672223
 1101237.065735973
 1106699.406799722
 1112161.747863473
 1117624.088927223
 1123086.429990972
 1128548.771054723
 1134011.112118471
 1139473.453182222
 1144935.794245973
 1150398.135309722
 1155860.476373474
 1161322.817437222
 1166785.158500972
 1172247.499564723
 1177709.840628471
 1183172.181692223
 1188634.522755973
 1194096.863819724
 1199559.204883471
 1205021.545947224
 1210483.88701097
 1215946.228074721
 1221408.569138473
 1226870.910202225
 1232333.251265971
 1237795.592329722
 1243257.933393474
 1248720.274457221
 1254182.615520972
 1259644.956584724
 1265107.297648471
 1270569.638712219
 1276031.979775971
 1281494.320839719
 1286956.661903474
 1292419.002967221
 1297881.34403097
 1303343.685094721
 1308806.026158475
 1314268.367222218
 1319730.708285974
 1325193.049349724


# name: QUERY
# type: sq_string
# elements: 1
# length: 2
R3


# name: DATASIZE
# type: sq_string
# elements: 1
# length: 4
1000


