# Created by Octave 4.0.0, Mon May 23 13:37:27 2016 CEST <peter@Independence>
# name: x
# type: matrix
# rows: 1
# columns: 100
 0.008333333333333333 0.008417508417508417 0.008501683501683501 0.008585858585858586 0.00867003367003367 0.008754208754208754 0.008838383838383838 0.008922558922558922 0.009006734006734006 0.00909090909090909 0.009175084175084175 0.009259259259259259 0.009343434343434345 0.009427609427609427 0.009511784511784513 0.009595959595959595 0.009680134680134681 0.009764309764309764 0.009848484848484849 0.009932659932659932 0.01001683501683502 0.0101010101010101 0.01018518518518519 0.01026936026936027 0.01035353535353535 0.01043771043771044 0.01052188552188552 0.01060606060606061 0.01069023569023569 0.01077441077441077 0.01085858585858586 0.01094276094276094 0.01102693602693603 0.01111111111111111 0.0111952861952862 0.01127946127946128 0.01136363636363636 0.01144781144781145 0.01153198653198653 0.01161616161616162 0.0117003367003367 0.01178451178451178 0.01186868686868687 0.01195286195286195 0.01203703703703704 0.01212121212121212 0.01220538720538721 0.01228956228956229 0.01237373737373737 0.01245791245791246 0.01254208754208754 0.01262626262626263 0.01271043771043771 0.01279461279461279 0.01287878787878788 0.01296296296296296 0.01304713804713805 0.01313131313131313 0.01321548821548822 0.0132996632996633 0.01338383838383838 0.01346801346801347 0.01355218855218855 0.01363636363636364 0.01372053872053872 0.01380471380471381 0.01388888888888889 0.01397306397306397 0.01405723905723906 0.01414141414141414 0.01422558922558922 0.01430976430976431 0.01439393939393939 0.01447811447811448 0.01456228956228956 0.01464646464646465 0.01473063973063973 0.01481481481481482 0.0148989898989899 0.01498316498316498 0.01506734006734007 0.01515151515151515 0.01523569023569024 0.01531986531986532 0.0154040404040404 0.01548821548821549 0.01557239057239057 0.01565656565656566 0.01574074074074074 0.01582491582491583 0.01590909090909091 0.01599326599326599 0.01607744107744108 0.01616161616161616 0.01624579124579124 0.01632996632996633 0.01641414141414142 0.0164983164983165 0.01658249158249158 0.01666666666666667


# name: y
# type: matrix
# rows: 1
# columns: 100
 779620.1483215272 785083.070093898 790545.9918662688 796008.9136386396 801471.8354110103 806934.7571833811 812397.6789557519 817860.6007281228 823323.5225004936 828786.4442728644 834249.3660452351 839712.2878176059 845175.2095899767 850638.1313623475 856101.0531347183 861563.9749070891 867026.8966794598 872489.8184518307 877952.7402242015 883415.6619965723 888878.5837689431 894341.5055413139 899804.4273136847 905267.3490860554 910730.2708584262 916193.192630797 921656.1144031679 927119.0361755387 932581.9579479095 938044.8797202802 943507.801492651 948970.7232650218 954433.6450373926 959896.5668097634 965359.4885821342 970822.4103545049 976285.3321268758 981748.2538992466 987211.1756716174 992674.0974439882 998137.019216359 1003599.94098873 1009062.862761101 1014525.784533471 1019988.706305842 1025451.628078213 1030914.549850584 1036377.471622955 1041840.393395325 1047303.315167696 1052766.236940067 1058229.158712438 1063692.080484808 1069155.002257179 1074617.92402955 1080080.845801921 1085543.767574292 1091006.689346662 1096469.611119033 1101932.532891404 1107395.454663775 1112858.376436146 1118321.298208517 1123784.219980887 1129247.141753258 1134710.063525629 1140172.985298 1145635.90707037 1151098.828842741 1156561.750615112 1162024.672387483 1167487.594159854 1172950.515932224 1178413.437704595 1183876.359476966 1189339.281249337 1194802.203021707 1200265.124794078 1205728.046566449 1211190.96833882 1216653.890111191 1222116.811883562 1227579.733655932 1233042.655428303 1238505.577200674 1243968.498973045 1249431.420745416 1254894.342517786 1260357.264290157 1265820.186062528 1271283.107834899 1276746.029607269 1282208.95137964 1287671.873152011 1293134.794924382 1298597.716696753 1304060.638469124 1309523.560241494 1314986.482013865 1320449.403786236


# name: QUERY
# type: sq_string
# elements: 1
# length: 2
R3


# name: DATASIZE
# type: sq_string
# elements: 1
# length: 4
1000


