# Created by Octave 3.8.2, Wed May 18 18:00:42 2016 CEST <Andrea@Andreas-MacBook-Pro.local>
# name: SVs
# type: cell
# rows: 1
# columns: 7
# name: <cell-element>
# type: sparse matrix
# nnz: 40
# rows: 40
# columns: 1
1 1 -1.12088182799947
2 1 -1.12088182799947
3 1 0.197802675529321
4 1 1.516487179058111
5 1 1.516487179058111
6 1 0.197802675529321
7 1 -0.5934080265879536
8 1 0.197802675529321
9 1 -0.5934080265879536
10 1 -1.12088182799947
11 1 -1.12088182799947
12 1 -0.5934080265879536
13 1 0.197802675529321
14 1 -0.5934080265879536
15 1 0.197802675529321
16 1 -0.5934080265879536
17 1 0.197802675529321
18 1 -1.12088182799947
19 1 1.516487179058111
20 1 -1.12088182799947
21 1 1.516487179058111
22 1 1.516487179058111
23 1 -0.5934080265879536
24 1 -0.5934080265879536
25 1 -0.5934080265879536
26 1 1.516487179058111
27 1 0.197802675529321
28 1 1.516487179058111
29 1 0.197802675529321
30 1 -1.12088182799947
31 1 1.516487179058111
32 1 1.516487179058111
33 1 -0.5934080265879536
34 1 0.197802675529321
35 1 -1.12088182799947
36 1 -0.5934080265879536
37 1 1.516487179058111
38 1 0.197802675529321
39 1 -1.12088182799947
40 1 0.197802675529321



# name: <cell-element>
# type: sparse matrix
# nnz: 13
# rows: 13
# columns: 1
1 1 -1.12088182799947
2 1 0.197802675529321
3 1 -1.12088182799947
4 1 -1.12088182799947
5 1 -1.12088182799947
6 1 1.516487179058111
7 1 -1.12088182799947
8 1 1.516487179058111
9 1 0.197802675529321
10 1 1.516487179058111
11 1 -1.12088182799947
12 1 1.516487179058111
13 1 0.197802675529321



# name: <cell-element>
# type: sparse matrix
# nnz: 17
# rows: 17
# columns: 1
1 1 0.197802675529321
2 1 0.197802675529321
3 1 -0.5934080265879536
4 1 -0.5934080265879536
5 1 -0.5934080265879536
6 1 0.197802675529321
7 1 -0.5934080265879536
8 1 0.197802675529321
9 1 -0.5934080265879536
10 1 -0.5934080265879536
11 1 0.197802675529321
12 1 0.197802675529321
13 1 -0.5934080265879536
14 1 0.197802675529321
15 1 -1.12088182799947
16 1 -0.5934080265879536
17 1 0.197802675529321



# name: <cell-element>
# type: sparse matrix
# nnz: 37
# rows: 37
# columns: 1
1 1 -1.12088182799947
2 1 -1.12088182799947
3 1 0.197802675529321
4 1 0.197802675529321
5 1 0.197802675529321
6 1 -0.5934080265879536
7 1 0.197802675529321
8 1 -0.5934080265879536
9 1 -1.12088182799947
10 1 -1.12088182799947
11 1 -0.5934080265879536
12 1 0.197802675529321
13 1 -0.5934080265879536
14 1 0.197802675529321
15 1 -0.5934080265879536
16 1 0.197802675529321
17 1 -1.12088182799947
18 1 1.516487179058111
19 1 -1.12088182799947
20 1 1.516487179058111
21 1 -0.5934080265879536
22 1 -0.5934080265879536
23 1 -0.5934080265879536
24 1 1.516487179058111
25 1 0.197802675529321
26 1 0.197802675529321
27 1 1.516487179058111
28 1 0.197802675529321
29 1 -1.12088182799947
30 1 1.516487179058111
31 1 -0.5934080265879536
32 1 0.197802675529321
33 1 -1.12088182799947
34 1 -0.5934080265879536
35 1 0.197802675529321
36 1 -1.12088182799947
37 1 0.197802675529321



# name: <cell-element>
# type: sparse matrix
# nnz: 37
# rows: 37
# columns: 1
1 1 -1.12088182799947
2 1 -1.12088182799947
3 1 0.197802675529321
4 1 0.197802675529321
5 1 0.197802675529321
6 1 -0.5934080265879536
7 1 0.197802675529321
8 1 -0.5934080265879536
9 1 -1.12088182799947
10 1 -1.12088182799947
11 1 -0.5934080265879536
12 1 0.197802675529321
13 1 -0.5934080265879536
14 1 0.197802675529321
15 1 -0.5934080265879536
16 1 0.197802675529321
17 1 -1.12088182799947
18 1 -1.12088182799947
19 1 1.516487179058111
20 1 -0.5934080265879536
21 1 -0.5934080265879536
22 1 -0.5934080265879536
23 1 1.516487179058111
24 1 0.197802675529321
25 1 0.197802675529321
26 1 1.516487179058111
27 1 0.197802675529321
28 1 -1.12088182799947
29 1 1.516487179058111
30 1 -0.5934080265879536
31 1 0.197802675529321
32 1 -1.12088182799947
33 1 -0.5934080265879536
34 1 0.197802675529321
35 1 1.516487179058111
36 1 -1.12088182799947
37 1 0.197802675529321



# name: <cell-element>
# type: sparse matrix
# nnz: 12
# rows: 12
# columns: 1
1 1 -0.5934080265879536
2 1 -0.5934080265879536
3 1 -0.5934080265879536
4 1 1.516487179058111
5 1 -0.5934080265879536
6 1 1.516487179058111
7 1 0.197802675529321
8 1 1.516487179058111
9 1 -1.12088182799947
10 1 1.516487179058111
11 1 -0.5934080265879536
12 1 1.516487179058111



# name: <cell-element>
# type: scalar
0





# name: coefficients
# type: cell
# rows: 1
# columns: 7
# name: <cell-element>
# type: matrix
# rows: 40
# columns: 1
 0.35789
 0.35789
 -0.35789
 0.35789
 0.171236504995478
 -0.35789
 -0.35789
 -0.35789
 -0.35789
 0.35789
 0.35789
 -0.35789
 -0.35789
 0.35789
 -0.35789
 -0.35789
 -0.35789
 0.35789
 0.35789
 0.35789
 -0.35789
 0.35789
 0.35789
 -0.35789
 -0.35789
 0.35789
 -0.35789
 0.35789
 -0.35789
 0.35789
 0.35789
 0.35789
 -0.35789
 -0.1712365049954779
 0.35789
 -0.35789
 0.35789
 -0.35789
 0.35789
 -0.35789



# name: <cell-element>
# type: matrix
# rows: 13
# columns: 1
 -0.6157899999999999
 0.6157899999999999
 -0.6157899999999999
 -0.6157899999999999
 -0.6157899999999999
 0.4445020736654642
 -0.6157899999999999
 0.6157899999999999
 0.6157899999999999
 0.6157899999999999
 -0.6157899999999999
 0.6157899999999999
 0.1712879263345361



# name: <cell-element>
# type: matrix
# rows: 17
# columns: 1
 0.35789
 0.35789
 -0.35789
 -0.35789
 -0.35789
 0.35789
 -0.35789
 0.35789
 -0.35789
 -0.35789
 0.35789
 0.35789
 -0.35789
 0.35789
 0.04855171888409603
 -0.35789
 0.3093382811159039



# name: <cell-element>
# type: matrix
# rows: 37
# columns: 1
 -5
 -5
 5
 5
 5
 -5
 5
 -5
 -5
 -5
 -5
 5
 5
 5
 -5
 5
 -5
 4.292002929248247
 -5
 -5
 0.7079970707517531
 -5
 -5
 5
 5
 5
 5
 5
 -5
 5
 -5
 5
 -5
 -5
 5
 -5
 5



# name: <cell-element>
# type: matrix
# rows: 37
# columns: 1
 -5
 -5
 5
 5
 5
 -2.451131241419478
 5
 -5
 -5
 -5
 -5
 5
 5
 5
 -5
 5
 -5
 -5
 -5
 5
 -5
 -5
 5
 5
 5
 5
 5
 -5
 5
 -5
 5
 -5
 -5
 5
 -2.548868758580524
 -5
 5



# name: <cell-element>
# type: matrix
# rows: 12
# columns: 1
 -1.3895
 1.3895
 -1.3895
 -1.3895
 1.3895
 1.3895
 -0.008683516552441128
 1.285307012611946
 -0.6194250479786301
 1.3895
 -0.6571984480808751
 -1.3895



# name: <cell-element>
# type: scalar
0





# name: b
# type: cell
# rows: 1
# columns: 7
# name: <cell-element>
# type: scalar
0.01534074586343502



# name: <cell-element>
# type: scalar
-0.7910576184279479



# name: <cell-element>
# type: scalar
-0.312275894640487



# name: <cell-element>
# type: scalar
-0.5761682510510243



# name: <cell-element>
# type: scalar
-0.7394537424663242



# name: <cell-element>
# type: scalar
0.2895904013604778



# name: <cell-element>
# type: scalar
0





# name: models
# type: cell
# rows: 1
# columns: 7
# name: <cell-element>
# type: scalar struct
# ndims: 2
 1 1
# length: 11
# name: Parameters
# type: matrix
# rows: 5
# columns: 1
 3
 0
 3
 1
 0


# name: nr_class
# type: scalar
2


# name: totalSV
# type: scalar
40


# name: rho
# type: scalar
-0.01534074586343502


# name: Label
# type: matrix
# rows: 0
# columns: 0


# name: sv_indices
# type: matrix
# rows: 40
# columns: 1
 1
 2
 3
 4
 5
 7
 9
 10
 11
 12
 13
 14
 15
 16
 17
 18
 19
 20
 21
 22
 23
 24
 25
 26
 28
 29
 31
 32
 33
 34
 35
 36
 38
 39
 40
 41
 42
 43
 45
 46


# name: ProbA
# type: matrix
# rows: 0
# columns: 0


# name: ProbB
# type: matrix
# rows: 0
# columns: 0


# name: nSV
# type: matrix
# rows: 0
# columns: 0


# name: sv_coef
# type: matrix
# rows: 40
# columns: 1
 0.35789
 0.35789
 -0.35789
 0.35789
 0.171236504995478
 -0.35789
 -0.35789
 -0.35789
 -0.35789
 0.35789
 0.35789
 -0.35789
 -0.35789
 0.35789
 -0.35789
 -0.35789
 -0.35789
 0.35789
 0.35789
 0.35789
 -0.35789
 0.35789
 0.35789
 -0.35789
 -0.35789
 0.35789
 -0.35789
 0.35789
 -0.35789
 0.35789
 0.35789
 0.35789
 -0.35789
 -0.1712365049954779
 0.35789
 -0.35789
 0.35789
 -0.35789
 0.35789
 -0.35789


