# Created by Octave 4.0.0, Mon May 23 13:37:27 2016 CEST <peter@Independence>
# name: SVs
# type: cell
# rows: 1
# columns: 7
# name: <cell-element>
# type: sparse matrix
# nnz: 43
# rows: 43
# columns: 1
1 1 -0.5997825202033215
2 1 0.1964804807562639
3 1 1.523585482355572
4 1 1.523585482355572
5 1 -0.5997825202033215
6 1 1.523585482355572
7 1 0.1964804807562639
8 1 0.1964804807562639
9 1 0.1964804807562639
10 1 -1.130624520843045
11 1 0.1964804807562639
12 1 -1.130624520843045
13 1 -0.5997825202033215
14 1 0.1964804807562639
15 1 -0.5997825202033215
16 1 1.523585482355572
17 1 -1.130624520843045
18 1 1.523585482355572
19 1 0.1964804807562639
20 1 -0.5997825202033215
21 1 -1.130624520843045
22 1 1.523585482355572
23 1 -0.5997825202033215
24 1 -1.130624520843045
25 1 -0.5997825202033215
26 1 0.1964804807562639
27 1 -0.5997825202033215
28 1 -1.130624520843045
29 1 -0.5997825202033215
30 1 -1.130624520843045
31 1 0.1964804807562639
32 1 1.523585482355572
33 1 1.523585482355572
34 1 -1.130624520843045
35 1 0.1964804807562639
36 1 1.523585482355572
37 1 -1.130624520843045
38 1 0.1964804807562639
39 1 -0.5997825202033215
40 1 0.1964804807562639
41 1 0.1964804807562639
42 1 -1.130624520843045
43 1 -1.130624520843045



# name: <cell-element>
# type: sparse matrix
# nnz: 25
# rows: 25
# columns: 1
1 1 1.523585482355572
2 1 1.523585482355572
3 1 1.523585482355572
4 1 0.1964804807562639
5 1 0.1964804807562639
6 1 -1.130624520843045
7 1 0.1964804807562639
8 1 -1.130624520843045
9 1 0.1964804807562639
10 1 -0.5997825202033215
11 1 1.523585482355572
12 1 -1.130624520843045
13 1 0.1964804807562639
14 1 -1.130624520843045
15 1 1.523585482355572
16 1 -1.130624520843045
17 1 -1.130624520843045
18 1 -1.130624520843045
19 1 1.523585482355572
20 1 -1.130624520843045
21 1 1.523585482355572
22 1 -1.130624520843045
23 1 0.1964804807562639
24 1 -1.130624520843045
25 1 -1.130624520843045



# name: <cell-element>
# type: sparse matrix
# nnz: 27
# rows: 27
# columns: 1
1 1 -0.5997825202033215
2 1 -0.5997825202033215
3 1 0.1964804807562639
4 1 0.1964804807562639
5 1 0.1964804807562639
6 1 -0.5997825202033215
7 1 1.523585482355572
8 1 0.1964804807562639
9 1 -0.5997825202033215
10 1 1.523585482355572
11 1 1.523585482355572
12 1 0.1964804807562639
13 1 -0.5997825202033215
14 1 1.523585482355572
15 1 -0.5997825202033215
16 1 -1.130624520843045
17 1 -0.5997825202033215
18 1 -0.5997825202033215
19 1 -0.5997825202033215
20 1 0.1964804807562639
21 1 -1.130624520843045
22 1 0.1964804807562639
23 1 -1.130624520843045
24 1 0.1964804807562639
25 1 -0.5997825202033215
26 1 0.1964804807562639
27 1 0.1964804807562639



# name: <cell-element>
# type: sparse matrix
# nnz: 34
# rows: 34
# columns: 1
1 1 0.1964804807562639
2 1 1.523585482355572
3 1 1.523585482355572
4 1 0.1964804807562639
5 1 0.1964804807562639
6 1 0.1964804807562639
7 1 -1.130624520843045
8 1 0.1964804807562639
9 1 -1.130624520843045
10 1 0.1964804807562639
11 1 -0.5997825202033215
12 1 1.523585482355572
13 1 -1.130624520843045
14 1 0.1964804807562639
15 1 -0.5997825202033215
16 1 -1.130624520843045
17 1 1.523585482355572
18 1 -0.5997825202033215
19 1 -1.130624520843045
20 1 0.1964804807562639
21 1 -0.5997825202033215
22 1 -1.130624520843045
23 1 -0.5997825202033215
24 1 -1.130624520843045
25 1 0.1964804807562639
26 1 -1.130624520843045
27 1 0.1964804807562639
28 1 -1.130624520843045
29 1 0.1964804807562639
30 1 -0.5997825202033215
31 1 0.1964804807562639
32 1 0.1964804807562639
33 1 -1.130624520843045
34 1 -1.130624520843045



# name: <cell-element>
# type: sparse matrix
# nnz: 30
# rows: 30
# columns: 1
1 1 0.1964804807562639
2 1 0.1964804807562639
3 1 0.1964804807562639
4 1 0.1964804807562639
5 1 -1.130624520843045
6 1 0.1964804807562639
7 1 -1.130624520843045
8 1 0.1964804807562639
9 1 -0.5997825202033215
10 1 1.523585482355572
11 1 -1.130624520843045
12 1 0.1964804807562639
13 1 -0.5997825202033215
14 1 -1.130624520843045
15 1 1.523585482355572
16 1 -1.130624520843045
17 1 0.1964804807562639
18 1 -0.5997825202033215
19 1 -1.130624520843045
20 1 -0.5997825202033215
21 1 -1.130624520843045
22 1 0.1964804807562639
23 1 0.1964804807562639
24 1 -1.130624520843045
25 1 0.1964804807562639
26 1 -0.5997825202033215
27 1 0.1964804807562639
28 1 0.1964804807562639
29 1 -1.130624520843045
30 1 -1.130624520843045



# name: <cell-element>
# type: sparse matrix
# nnz: 13
# rows: 13
# columns: 1
1 1 -0.5997825202033215
2 1 -0.5997825202033215
3 1 1.523585482355572
4 1 -0.5997825202033215
5 1 1.523585482355572
6 1 1.523585482355572
7 1 1.523585482355572
8 1 -1.130624520843045
9 1 0.1964804807562639
10 1 -0.5997825202033215
11 1 -1.130624520843045
12 1 -1.130624520843045
13 1 -0.5997825202033215



# name: <cell-element>
# type: scalar
0





# name: coefficients
# type: cell
# rows: 1
# columns: 7
# name: <cell-element>
# type: matrix
# rows: 43
# columns: 1
 -3.9684
 -3.9684
 3.9684
 3.9684
 3.9684
 3.9684
 -2.312565386836793
 -3.9684
 -3.9684
 3.9684
 -3.9684
 3.9684
 3.9684
 -3.9684
 -3.9684
 3.9684
 3.9684
 -1.65583461316321
 -3.9684
 -3.9684
 3.9684
 3.9684
 -3.9684
 3.9684
 -3.9684
 -3.9684
 -3.9684
 3.9684
 -3.9684
 3.9684
 -3.9684
 3.9684
 3.9684
 3.9684
 -3.9684
 3.9684
 3.9684
 -3.9684
 -3.9684
 -3.9684
 -3.9684
 3.9684
 3.9684



# name: <cell-element>
# type: matrix
# rows: 25
# columns: 1
 0.35789
 0.35789
 0.35789
 0.35789
 0.016747152315277
 -0.35789
 0.35789
 -0.35789
 0.35789
 -0.35789
 0.35789
 -0.35789
 0.35789
 -0.35789
 0.35789
 -0.35789
 -0.35789
 -0.35789
 0.35789
 -0.35789
 0.341142847684723
 -0.35789
 0.35789
 -0.35789
 -0.35789



# name: <cell-element>
# type: matrix
# rows: 27
# columns: 1
 -0.1
 -0.1
 0.1
 0.1
 0.1
 -0.1
 -0.04810919118082431
 0.1
 -0.1
 0.1
 -0.1
 0.1
 -0.1
 0.1
 -0.1
 -0.1
 -0.1
 -0.1
 -0.1
 0.1
 0.1
 0.1
 -0.05189080881917571
 0.1
 -0.1
 0.1
 0.1



# name: <cell-element>
# type: matrix
# rows: 34
# columns: 1
 0.35789
 0.2306384775315193
 0.35789
 0.35789
 0.35789
 0.35789
 -0.35789
 0.35789
 -0.35789
 0.35789
 -0.35789
 0.35789
 -0.35789
 0.35789
 -0.35789
 -0.35789
 0.35789
 -0.2306384775315193
 -0.35789
 0.35789
 -0.35789
 -0.35789
 -0.35789
 -0.35789
 0.35789
 -0.35789
 0.35789
 -0.35789
 0.35789
 -0.35789
 0.35789
 0.35789
 -0.35789
 -0.35789



# name: <cell-element>
# type: matrix
# rows: 30
# columns: 1
 5
 5
 5
 5
 -5
 5
 -5
 5
 -5
 3.448928774120446
 -5
 5
 -3.448928774120447
 -5
 5
 -5
 5
 -5
 -5
 -5
 -5
 5
 5
 -5
 5
 -5
 5
 5
 -5
 -5



# name: <cell-element>
# type: matrix
# rows: 13
# columns: 1
 4.4842
 4.4842
 -3.184217419847645
 -4.4842
 4.4842
 -4.4842
 4.4842
 -4.4842
 -0.0319711920255621
 -4.4842
 4.4842
 -0.6224764791675239
 -0.6455349089592702



# name: <cell-element>
# type: scalar
0





# name: b
# type: cell
# rows: 1
# columns: 7
# name: <cell-element>
# type: scalar
0.02256371856605744



# name: <cell-element>
# type: scalar
-0.5959603849749784



# name: <cell-element>
# type: scalar
-0.1317106192247295



# name: <cell-element>
# type: scalar
-0.5525673481446958



# name: <cell-element>
# type: scalar
-0.5362113566462873



# name: <cell-element>
# type: scalar
0.2859768858317465



# name: <cell-element>
# type: scalar
0





# name: models
# type: cell
# rows: 1
# columns: 7
# name: <cell-element>
# type: scalar struct
# ndims: 2
 1 1
# length: 11
# name: Parameters
# type: matrix
# rows: 5
# columns: 1
 3
 0
 3
 1
 0


# name: nr_class
# type: scalar
2


# name: totalSV
# type: scalar
43


# name: rho
# type: scalar
-0.02256371856605744


# name: Label
# type: matrix
# rows: 0
# columns: 0


# name: sv_indices
# type: matrix
# rows: 43
# columns: 1
 1
 2
 3
 4
 5
 6
 7
 8
 10
 12
 13
 14
 15
 17
 18
 19
 20
 21
 22
 23
 24
 25
 26
 27
 28
 29
 30
 31
 32
 33
 34
 35
 36
 37
 38
 39
 40
 41
 42
 43
 44
 45
 46


# name: ProbA
# type: matrix
# rows: 0
# columns: 0


# name: ProbB
# type: matrix
# rows: 0
# columns: 0


# name: nSV
# type: matrix
# rows: 0
# columns: 0


