# Created by Octave 3.8.2, Wed May 18 18:00:33 2016 CEST <Andrea@Andreas-MacBook-Pro.local>
# name: mu
# type: matrix
# rows: 1
# columns: 2
 1010200.026315789 0.01187499999999999


# name: sigma
# type: matrix
# rows: 1
# columns: 2
 213095.1475129657 0.003159714590955377


