# Created by Octave 4.0.0, Mon May 23 13:37:22 2016 CEST <peter@Independence>
# name: mu
# type: matrix
# rows: 1
# columns: 2
 1009999.363636364 0.01188311688311688


# name: sigma
# type: matrix
# rows: 1
# columns: 2
 211695.8865108843 0.003139666161792301


