# Created by Octave 4.0.0, Mon May 23 13:37:27 2016 CEST <peter@Independence>
# name: x
# type: matrix
# rows: 1
# columns: 100
 0.008333333333333333 0.008417508417508417 0.008501683501683501 0.008585858585858586 0.00867003367003367 0.008754208754208754 0.008838383838383838 0.008922558922558922 0.009006734006734006 0.00909090909090909 0.009175084175084175 0.009259259259259259 0.009343434343434345 0.009427609427609427 0.009511784511784513 0.009595959595959595 0.009680134680134681 0.009764309764309764 0.009848484848484849 0.009932659932659932 0.01001683501683502 0.0101010101010101 0.01018518518518519 0.01026936026936027 0.01035353535353535 0.01043771043771044 0.01052188552188552 0.01060606060606061 0.01069023569023569 0.01077441077441077 0.01085858585858586 0.01094276094276094 0.01102693602693603 0.01111111111111111 0.0111952861952862 0.01127946127946128 0.01136363636363636 0.01144781144781145 0.01153198653198653 0.01161616161616162 0.0117003367003367 0.01178451178451178 0.01186868686868687 0.01195286195286195 0.01203703703703704 0.01212121212121212 0.01220538720538721 0.01228956228956229 0.01237373737373737 0.01245791245791246 0.01254208754208754 0.01262626262626263 0.01271043771043771 0.01279461279461279 0.01287878787878788 0.01296296296296296 0.01304713804713805 0.01313131313131313 0.01321548821548822 0.0132996632996633 0.01338383838383838 0.01346801346801347 0.01355218855218855 0.01363636363636364 0.01372053872053872 0.01380471380471381 0.01388888888888889 0.01397306397306397 0.01405723905723906 0.01414141414141414 0.01422558922558922 0.01430976430976431 0.01439393939393939 0.01447811447811448 0.01456228956228956 0.01464646464646465 0.01473063973063973 0.01481481481481482 0.0148989898989899 0.01498316498316498 0.01506734006734007 0.01515151515151515 0.01523569023569024 0.01531986531986532 0.0154040404040404 0.01548821548821549 0.01557239057239057 0.01565656565656566 0.01574074074074074 0.01582491582491583 0.01590909090909091 0.01599326599326599 0.01607744107744108 0.01616161616161616 0.01624579124579124 0.01632996632996633 0.01641414141414142 0.0164983164983165 0.01658249158249158 0.01666666666666667


# name: y
# type: matrix
# rows: 100
# columns: 1
 1010892.100992125
 1000103.530055718
 990073.0862894582
 980764.3926906661
 972141.9666683926
 964171.2200434157
 956818.4590482361
 950050.884327086
 943836.5909359232
 938144.5683424341
 932944.7004260295
 928207.7654778513
 923905.436200765
 920010.2797093665
 916495.757529976
 913336.2256006433
 910506.934271144
 907984.028302982
 905744.5468693872
 903766.4235553178
 902028.4863574592
 900510.4576842232
 899192.9543557498
 898057.4876039054
 897086.4630722846
 896263.1808162084
 895571.8353027252
 894997.5154106111
 894526.204430369
 894144.7800642293
 893841.0144261493
 893603.5740418141
 893422.0198486354
 893286.8071957527
 893189.2858440324
 893121.6999660684
 893077.1881461814
 893049.7833804198
 893034.4130765593
 893026.8990541024
 893023.9575442789
 893023.1991900465
 893023.1290460892
 893023.146578819
 893023.5456663747
 893025.5145986227
 893031.1360771562
 893043.3872152959
 893066.1395380899
 893104.1589823132
 893163.1058964684
 893249.535040785
 893370.8955872199
 893535.5311194573
 893752.6796329087
 894032.4735347126
 894385.9396437349
 894824.9991905688
 895362.4678175347
 896012.05557868
 896788.3669397797
 897706.900778336
 898784.0503835779
 900037.1034564625
 901484.2421096732
 903144.5428676214
 905037.9766664451
 907185.40885401
 909608.5991899094
 912330.2018454623
 915373.7654037172
 918763.7328594474
 922525.4416191559
 926685.1235010709
 931269.904735149
 936307.8059630742
 941827.7422382561
 947859.5230258338
 954433.8522026708
 961582.3280573619
 969337.4432902267
 977732.5850133105
 986802.0347503872
 996580.9684369611
 1007105.456420258
 1018412.463459236
 1030539.848724578
 1043526.365798694
 1057411.662675719
 1072236.281761523
 1088041.659873695
 1104870.128241557
 1122764.912506151
 1141770.132720254
 1161930.803348369
 1183292.833266721
 1205903.025763267
 1229809.07853769
 1255059.583701393
 1281704.02777753


# name: QUERY
# type: sq_string
# elements: 1
# length: 2
R3


# name: DATASIZE
# type: sq_string
# elements: 1
# length: 4
1000


