# Created by Octave 4.0.0, Mon May 23 13:37:27 2016 CEST <peter@Independence>
# name: x
# type: matrix
# rows: 1
# columns: 100
 0.008333333333333333 0.008417508417508417 0.008501683501683501 0.008585858585858586 0.00867003367003367 0.008754208754208754 0.008838383838383838 0.008922558922558922 0.009006734006734006 0.00909090909090909 0.009175084175084175 0.009259259259259259 0.009343434343434345 0.009427609427609427 0.009511784511784513 0.009595959595959595 0.009680134680134681 0.009764309764309764 0.009848484848484849 0.009932659932659932 0.01001683501683502 0.0101010101010101 0.01018518518518519 0.01026936026936027 0.01035353535353535 0.01043771043771044 0.01052188552188552 0.01060606060606061 0.01069023569023569 0.01077441077441077 0.01085858585858586 0.01094276094276094 0.01102693602693603 0.01111111111111111 0.0111952861952862 0.01127946127946128 0.01136363636363636 0.01144781144781145 0.01153198653198653 0.01161616161616162 0.0117003367003367 0.01178451178451178 0.01186868686868687 0.01195286195286195 0.01203703703703704 0.01212121212121212 0.01220538720538721 0.01228956228956229 0.01237373737373737 0.01245791245791246 0.01254208754208754 0.01262626262626263 0.01271043771043771 0.01279461279461279 0.01287878787878788 0.01296296296296296 0.01304713804713805 0.01313131313131313 0.01321548821548822 0.0132996632996633 0.01338383838383838 0.01346801346801347 0.01355218855218855 0.01363636363636364 0.01372053872053872 0.01380471380471381 0.01388888888888889 0.01397306397306397 0.01405723905723906 0.01414141414141414 0.01422558922558922 0.01430976430976431 0.01439393939393939 0.01447811447811448 0.01456228956228956 0.01464646464646465 0.01473063973063973 0.01481481481481482 0.0148989898989899 0.01498316498316498 0.01506734006734007 0.01515151515151515 0.01523569023569024 0.01531986531986532 0.0154040404040404 0.01548821548821549 0.01557239057239057 0.01565656565656566 0.01574074074074074 0.01582491582491583 0.01590909090909091 0.01599326599326599 0.01607744107744108 0.01616161616161616 0.01624579124579124 0.01632996632996633 0.01641414141414142 0.0164983164983165 0.01658249158249158 0.01666666666666667


# name: y
# type: matrix
# rows: 100
# columns: 1
 834682.5908535402
 844924.0562676109
 854679.9085571895
 863961.9426281457
 872781.9533863476
 881151.7357376651
 889083.0845879669
 896587.7948431218
 903677.6614089988
 910364.479191467
 916660.0430963954
 922576.1480296531
 928124.5888971088
 933317.1606046315
 938165.6580580906
 942681.8761633546
 946877.6098262927
 950764.653952774
 954354.8034486673
 957659.8532198416
 960691.598172166
 963461.8332115094
 965982.3532437409
 968264.9531747292
 970321.4279103437
 972163.572356453
 973803.1814189265
 975252.0500036327
 976521.973016441
 977624.7453632201
 978572.1619498392
 979376.0176821671
 980048.107466073
 980600.2262074258
 981044.1688120944
 981391.7301859478
 981654.7052348551
 981844.8888646852
 981974.0759813071
 982054.0614905898
 982096.6402984023
 982113.6073106136
 982116.7574330926
 982117.8855717083
 982128.7866323298
 982161.2555208261
 982227.087143066
 982338.0764049187
 982506.018212253
 982742.7074709379
 983059.9390868426
 983469.5079658359
 983983.2090137867
 984612.8371365643
 985370.1872400374
 986267.0542300751
 987315.2330125464
 988526.5184933203
 989912.7055782657
 991485.5891732518
 993256.9641841472
 995238.6255168213
 997442.3680771427
 999879.9867709808
 1002563.276504204
 1005504.032182682
 1008714.048712284
 1012205.120998877
 1015989.043948333
 1020077.612466518
 1024482.621459304
 1029215.865832557
 1034289.140492148
 1039714.240343945
 1045502.960293818
 1051667.095247634
 1058218.440111265
 1065168.789790577
 1072529.939191441
 1080313.683219725
 1088531.816781299
 1097196.13478203
 1106318.432127789
 1115910.503724445
 1125984.144477865
 1136551.149293919
 1147623.313078477
 1159212.430737407
 1171330.297176578
 1183988.70730186
 1197199.45601912
 1210974.338234229
 1225325.148853055
 1240263.682781466
 1255801.734925333
 1271951.100190524
 1288723.573482908
 1306130.949708354
 1324185.023772731
 1342897.590581909


# name: QUERY
# type: sq_string
# elements: 1
# length: 2
R3


# name: DATASIZE
# type: sq_string
# elements: 1
# length: 4
1000


