# Created by Octave 4.0.0, Mon May 23 13:37:27 2016 CEST <peter@Independence>
# name: x
# type: matrix
# rows: 1
# columns: 100
 0.008333333333333333 0.008417508417508417 0.008501683501683501 0.008585858585858586 0.00867003367003367 0.008754208754208754 0.008838383838383838 0.008922558922558922 0.009006734006734006 0.00909090909090909 0.009175084175084175 0.009259259259259259 0.009343434343434345 0.009427609427609427 0.009511784511784513 0.009595959595959595 0.009680134680134681 0.009764309764309764 0.009848484848484849 0.009932659932659932 0.01001683501683502 0.0101010101010101 0.01018518518518519 0.01026936026936027 0.01035353535353535 0.01043771043771044 0.01052188552188552 0.01060606060606061 0.01069023569023569 0.01077441077441077 0.01085858585858586 0.01094276094276094 0.01102693602693603 0.01111111111111111 0.0111952861952862 0.01127946127946128 0.01136363636363636 0.01144781144781145 0.01153198653198653 0.01161616161616162 0.0117003367003367 0.01178451178451178 0.01186868686868687 0.01195286195286195 0.01203703703703704 0.01212121212121212 0.01220538720538721 0.01228956228956229 0.01237373737373737 0.01245791245791246 0.01254208754208754 0.01262626262626263 0.01271043771043771 0.01279461279461279 0.01287878787878788 0.01296296296296296 0.01304713804713805 0.01313131313131313 0.01321548821548822 0.0132996632996633 0.01338383838383838 0.01346801346801347 0.01355218855218855 0.01363636363636364 0.01372053872053872 0.01380471380471381 0.01388888888888889 0.01397306397306397 0.01405723905723906 0.01414141414141414 0.01422558922558922 0.01430976430976431 0.01439393939393939 0.01447811447811448 0.01456228956228956 0.01464646464646465 0.01473063973063973 0.01481481481481482 0.0148989898989899 0.01498316498316498 0.01506734006734007 0.01515151515151515 0.01523569023569024 0.01531986531986532 0.0154040404040404 0.01548821548821549 0.01557239057239057 0.01565656565656566 0.01574074074074074 0.01582491582491583 0.01590909090909091 0.01599326599326599 0.01607744107744108 0.01616161616161616 0.01624579124579124 0.01632996632996633 0.01641414141414142 0.0164983164983165 0.01658249158249158 0.01666666666666667


# name: y
# type: matrix
# rows: 100
# columns: 1
 963351.931339146
 954384.8930828755
 946443.1728625384
 939430.7546256894
 933258.5298727227
 927843.958103396
 923110.7358230255
 918988.4741074478
 915412.3847273396
 912322.9748315989
 909665.7501897386
 907390.9269937188
 905453.1522185553
 903811.2325423802
 902427.8718253816
 901269.4171481
 900305.6134086786
 899509.3664793845
 898856.5149221804
 898325.6102634803
 897897.7058280219
 897556.1541318727
 897286.4128345905
 897075.8592504977
 896913.6134191139
 896790.3697347055
 896698.2371349855
 896630.5878489446
 896581.9147038179
 896547.6969911897
 896524.2748922346
 896508.7324620942
 896498.7891733915
 896492.7000188809
 896489.1641732341
 896487.2422139647
 896486.2819014861
 896485.8525183087
 896485.6877673722
 896485.637229514
 896485.6263800751
 896485.6251646419
 896485.6251339242
 896485.6251377705
 896485.6255783187
 896485.6312222844
 896485.6625723841
 896485.7757978969
 896486.091224361
 896486.8303824069
 896488.3616157286
 896491.2542481882
 896496.3413100607
 896504.7908234121
 896518.1856466156
 896538.6118780038
 896568.7558186579
 896612.0094943322
 896672.5847365162
 896755.6358226327
 896867.3906753717
 897015.290621163
 897208.1387077812
 897456.2565810934
 897771.6499209339
 898168.1824361285
 898661.7584186412
 899270.5138568649
 900015.0161080582
 900918.4721298816
 902006.9452711388
 903309.5806215632
 904858.8389208312
 906690.739026648
 908845.1089419946
 911365.8454015383
 914301.1820170672
 917703.9659822697
 921631.9433364095
 926148.0527873519
 931320.7280935586
 937224.2090052442
 943938.8607648175
 951551.5021664328
 960155.7421742411
 969852.3251005866
 980749.4843425666
 992963.3046781715
 1006618.093121443
 1021846.758336826
 1038791.198612377
 1057602.698392608
 1078442.33336998
 1101481.384135676
 1126901.758390142
 1154896.421711424
 1185669.836883795
 1219438.411784996
 1256430.955833165
 1296889.144992002


# name: QUERY
# type: sq_string
# elements: 1
# length: 2
R3


# name: DATASIZE
# type: sq_string
# elements: 1
# length: 4
1000


