# Created by Octave 3.8.2, Wed May 18 18:00:43 2016 CEST <Andrea@Andreas-MacBook-Pro.local>
# name: x
# type: matrix
# rows: 1
# columns: 100
 0.008333333333333333 0.008417508417508417 0.008501683501683501 0.008585858585858586 0.00867003367003367 0.008754208754208754 0.008838383838383838 0.008922558922558922 0.009006734006734006 0.00909090909090909 0.009175084175084175 0.009259259259259259 0.009343434343434343 0.009427609427609427 0.009511784511784511 0.009595959595959595 0.009680134680134679 0.009764309764309764 0.009848484848484849 0.009932659932659932 0.01001683501683502 0.0101010101010101 0.01018518518518519 0.01026936026936027 0.01035353535353535 0.01043771043771044 0.01052188552188552 0.01060606060606061 0.01069023569023569 0.01077441077441077 0.01085858585858586 0.01094276094276094 0.01102693602693603 0.01111111111111111 0.0111952861952862 0.01127946127946128 0.01136363636363636 0.01144781144781145 0.01153198653198653 0.01161616161616162 0.0117003367003367 0.01178451178451178 0.01186868686868687 0.01195286195286195 0.01203703703703704 0.01212121212121212 0.01220538720538721 0.01228956228956229 0.01237373737373737 0.01245791245791246 0.01254208754208754 0.01262626262626263 0.01271043771043771 0.01279461279461279 0.01287878787878788 0.01296296296296296 0.01304713804713805 0.01313131313131313 0.01321548821548822 0.0132996632996633 0.01338383838383838 0.01346801346801347 0.01355218855218855 0.01363636363636364 0.01372053872053872 0.01380471380471381 0.01388888888888889 0.01397306397306397 0.01405723905723906 0.01414141414141414 0.01422558922558922 0.01430976430976431 0.01439393939393939 0.01447811447811448 0.01456228956228956 0.01464646464646465 0.01473063973063973 0.01481481481481482 0.0148989898989899 0.01498316498316498 0.01506734006734007 0.01515151515151515 0.01523569023569023 0.01531986531986532 0.0154040404040404 0.01548821548821549 0.01557239057239057 0.01565656565656566 0.01574074074074074 0.01582491582491583 0.01590909090909091 0.01599326599326599 0.01607744107744108 0.01616161616161616 0.01624579124579125 0.01632996632996633 0.01641414141414142 0.0164983164983165 0.01658249158249158 0.01666666666666667


# name: y
# type: matrix
# rows: 100
# columns: 1
 932588.1800597268
 921841.8137840672
 912326.9311521682
 903927.9490498211
 896537.6188608741
 890056.6157970594
 884393.1386049411
 879462.5196495119
 875186.8453752955
 871494.5871439714
 868320.2424493853
 865603.9865093792
 863291.3342346528
 861332.8125746882
 859683.6432406351
 858303.4358052353
 857155.891179748
 856208.51546789
 855432.344196765
 854801.6769248396
 854293.8222268999
 853888.8530560374
 853569.3724826302
 853320.2898103467
 853128.6070691509
 852983.2158853272
 852874.7047285079
 852795.1765357137
 852738.0767124071
 852698.0315105519
 852670.6967836878
 852652.6171190112
 852641.0953464697
 852634.0724248653
 852630.0177049689
 852627.8295696449
 852626.746450986
 852626.2682244596
 852626.0879800632
 852626.0341704912
 852626.0231363121
 852626.0220081564
 852626.0219859135
 852626.0219949415
 852626.0227192852
 852626.0310119062
 852626.0746819226
 852626.227658859
 852626.6455339082
 852627.6114782017
 852629.5925380924
 852633.3063074461
 852639.7979769448
 852650.5277603997
 852667.4686980754
 852693.2148370232
 852731.0997884268
 852785.3256619568
 852861.1023771366
 852964.7973517189
 853104.0955670711
 853288.170010574
 853527.8624950275
 853835.8748550714
 854226.9705206095
 854718.1864672531
 855329.0555437704
 856081.8391765389
 857001.7704510294
 858117.3075702671
 859460.3976903504
 861066.7511329302
 862976.1259747196
 865232.6230140422
 867884.991114337
 870986.9429247332
 874597.4809775423
 878781.234162932
 883608.8045803879
 889157.1247673528
 895509.8253048235
 902757.6127999403
 910998.6582456761
 920338.9957572821
 930892.9316861584
 942783.4641103133
 956142.7127022161
 971112.3589731451
 987844.0968953144
 1006500.09390015
 1027253.462254145
 1050288.740811836
 1075802.387144974
 1104003.280049672
 1135113.232429996
 1169367.514558983
 1207015.387716184
 1248320.648201428
 1293562.18172937
 1343034.528195343


# name: QUERY
# type: sq_string
# elements: 1
# length: 2
R3


# name: DATASIZE
# type: sq_string
# elements: 1
# length: 4
1000


