# Created by Octave 3.8.2, Wed May 18 18:00:43 2016 CEST <Andrea@Andreas-MacBook-Pro.local>
# name: x
# type: matrix
# rows: 1
# columns: 100
 0.008333333333333333 0.008417508417508417 0.008501683501683501 0.008585858585858586 0.00867003367003367 0.008754208754208754 0.008838383838383838 0.008922558922558922 0.009006734006734006 0.00909090909090909 0.009175084175084175 0.009259259259259259 0.009343434343434343 0.009427609427609427 0.009511784511784511 0.009595959595959595 0.009680134680134679 0.009764309764309764 0.009848484848484849 0.009932659932659932 0.01001683501683502 0.0101010101010101 0.01018518518518519 0.01026936026936027 0.01035353535353535 0.01043771043771044 0.01052188552188552 0.01060606060606061 0.01069023569023569 0.01077441077441077 0.01085858585858586 0.01094276094276094 0.01102693602693603 0.01111111111111111 0.0111952861952862 0.01127946127946128 0.01136363636363636 0.01144781144781145 0.01153198653198653 0.01161616161616162 0.0117003367003367 0.01178451178451178 0.01186868686868687 0.01195286195286195 0.01203703703703704 0.01212121212121212 0.01220538720538721 0.01228956228956229 0.01237373737373737 0.01245791245791246 0.01254208754208754 0.01262626262626263 0.01271043771043771 0.01279461279461279 0.01287878787878788 0.01296296296296296 0.01304713804713805 0.01313131313131313 0.01321548821548822 0.0132996632996633 0.01338383838383838 0.01346801346801347 0.01355218855218855 0.01363636363636364 0.01372053872053872 0.01380471380471381 0.01388888888888889 0.01397306397306397 0.01405723905723906 0.01414141414141414 0.01422558922558922 0.01430976430976431 0.01439393939393939 0.01447811447811448 0.01456228956228956 0.01464646464646465 0.01473063973063973 0.01481481481481482 0.0148989898989899 0.01498316498316498 0.01506734006734007 0.01515151515151515 0.01523569023569023 0.01531986531986532 0.0154040404040404 0.01548821548821549 0.01557239057239057 0.01565656565656566 0.01574074074074074 0.01582491582491583 0.01590909090909091 0.01599326599326599 0.01607744107744108 0.01616161616161616 0.01624579124579125 0.01632996632996633 0.01641414141414142 0.0164983164983165 0.01658249158249158 0.01666666666666667


# name: y
# type: matrix
# rows: 100
# columns: 1
 1024648.161182485
 1016051.903795554
 1007662.411469042
 999479.6842029492
 991503.7219972756
 983734.524852021
 976172.0927671863
 968816.4257427703
 961667.5237787738
 954725.3868751967
 947990.0150320388
 941461.4082493
 935139.5665269806
 929024.4898650805
 923116.1782635999
 917414.6317225381
 911919.8502418958
 906631.8338216727
 901550.5824618691
 896676.0961624847
 892008.3749235194
 887547.4187449736
 883293.2276268469
 879245.8015691397
 875405.1405718516
 871771.2446349828
 868344.1137585334
 865123.7479425031
 862110.1471868921
 859303.3114917004
 856703.2408569281
 854309.935282575
 852123.3947686411
 850143.6193151266
 848370.6089220312
 846804.3635893553
 845444.8833170985
 844292.1681052611
 843346.2179538429
 842607.0328628439
 842074.6128322644
 841748.9578621041
 841630.0679523629
 841717.9431030412
 842012.5833141387
 842513.9885856555
 843222.1589175914
 844137.0943099468
 845258.7947627214
 846587.2602759153
 848122.4908495285
 849864.4864835609
 851813.2471780125
 853968.7729328836
 856331.0637481738
 858900.1196238833
 861675.9405600121
 864658.5265565602
 867847.8776135276
 871243.9937309143
 874846.8749087201
 878656.5211469453
 882672.9324455898
 886896.1088046536
 891326.0502241366
 895962.7567040389
 900806.2282443605
 905856.4648451013
 911113.4665062617
 916577.2332278409
 922247.7650098394
 928125.0618522576
 934209.1237550949
 940499.9507183513
 946997.542742027
 953701.8998261222
 960613.0219706363
 967730.9091755702
 975055.5614409233
 982586.9787666956
 990325.161152887
 998270.1085994977
 1006421.821106528
 1014780.298673977
 1023345.541301846
 1032117.548990133
 1041096.321738841
 1050281.859547967
 1059674.162417513
 1069273.230347478
 1079079.063337862
 1089091.661388665
 1099311.024499888
 1109737.152671531
 1120370.045903591
 1131209.704196072
 1142256.127548973
 1153509.315962291
 1164969.269436029
 1176635.987970187


# name: QUERY
# type: sq_string
# elements: 1
# length: 2
R3


# name: DATASIZE
# type: sq_string
# elements: 1
# length: 4
1000


