# Created by Octave 3.8.2, Wed May 18 18:00:43 2016 CEST <Andrea@Andreas-MacBook-Pro.local>
# name: x
# type: matrix
# rows: 1
# columns: 100
 0.008333333333333333 0.008417508417508417 0.008501683501683501 0.008585858585858586 0.00867003367003367 0.008754208754208754 0.008838383838383838 0.008922558922558922 0.009006734006734006 0.00909090909090909 0.009175084175084175 0.009259259259259259 0.009343434343434343 0.009427609427609427 0.009511784511784511 0.009595959595959595 0.009680134680134679 0.009764309764309764 0.009848484848484849 0.009932659932659932 0.01001683501683502 0.0101010101010101 0.01018518518518519 0.01026936026936027 0.01035353535353535 0.01043771043771044 0.01052188552188552 0.01060606060606061 0.01069023569023569 0.01077441077441077 0.01085858585858586 0.01094276094276094 0.01102693602693603 0.01111111111111111 0.0111952861952862 0.01127946127946128 0.01136363636363636 0.01144781144781145 0.01153198653198653 0.01161616161616162 0.0117003367003367 0.01178451178451178 0.01186868686868687 0.01195286195286195 0.01203703703703704 0.01212121212121212 0.01220538720538721 0.01228956228956229 0.01237373737373737 0.01245791245791246 0.01254208754208754 0.01262626262626263 0.01271043771043771 0.01279461279461279 0.01287878787878788 0.01296296296296296 0.01304713804713805 0.01313131313131313 0.01321548821548822 0.0132996632996633 0.01338383838383838 0.01346801346801347 0.01355218855218855 0.01363636363636364 0.01372053872053872 0.01380471380471381 0.01388888888888889 0.01397306397306397 0.01405723905723906 0.01414141414141414 0.01422558922558922 0.01430976430976431 0.01439393939393939 0.01447811447811448 0.01456228956228956 0.01464646464646465 0.01473063973063973 0.01481481481481482 0.0148989898989899 0.01498316498316498 0.01506734006734007 0.01515151515151515 0.01523569023569023 0.01531986531986532 0.0154040404040404 0.01548821548821549 0.01557239057239057 0.01565656565656566 0.01574074074074074 0.01582491582491583 0.01590909090909091 0.01599326599326599 0.01607744107744108 0.01616161616161616 0.01624579124579125 0.01632996632996633 0.01641414141414142 0.0164983164983165 0.01658249158249158 0.01666666666666667


# name: y
# type: matrix
# rows: 100
# columns: 1
 778100.3692721647
 789626.329215848
 800604.5179273424
 811048.2712857033
 820970.9251699853
 830385.8154592437
 839306.2780325337
 847745.6487689103
 855717.2635474289
 863234.4582471442
 870310.5687471116
 876958.9309263863
 883192.8806640229
 889025.7538390771
 894470.8863306037
 899541.6140176579
 904251.272779295
 908613.1984945697
 912640.7270425375
 916347.1943022533
 919745.9361527723
 922850.2884731496
 925673.5871424404
 928229.1680396997
 930530.3670439825
 932590.5200343443
 934422.9628898398
 936041.0314895244
 937458.0617124531
 938687.3894376811
 939742.3505442633
 940636.280911255
 941382.5164177114
 941994.3929426874
 942485.2463652382
 942868.4125644191
 943157.2274192849
 943365.0268088909
 943505.1466122922
 943590.9227085438
 943635.6909767011
 943652.7872958189
 943655.5475449525
 943657.307603157
 943671.4033494875
 943711.1706629989
 943789.9454227467
 943921.0635077858
 944117.8607971714
 944393.6731699585
 944761.8365052023
 945235.6866819579
 945828.5595792804
 946553.791076225
 947424.7170518467
 948454.6733852007
 949656.995955342
 951045.0206413259
 952632.0833222073
 954431.5198770415
 956456.6661848834
 958720.8581247885
 961237.4315758116
 964019.7224170079
 967081.0665274325
 970434.7997861406
 974094.2580721871
 978072.7772646274
 982383.6932425164
 987040.3418849093
 992056.0590708613
 997444.1806794273
 1003218.042589663
 1009390.980680622
 1015976.330831361
 1022987.428920935
 1030437.610828399
 1038340.212432807
 1046708.569613215
 1055556.018248679
 1064895.894218252
 1074741.533400991
 1085106.27167595
 1096003.444922185
 1107446.38901875
 1119448.439844701
 1132022.933279094
 1145183.205200982
 1158942.591489421
 1173314.428023466
 1188312.050682173
 1203948.795344596
 1220237.997889791
 1237192.994196812
 1254827.120144716
 1273153.711612556
 1292186.104479388
 1311937.634624267
 1332421.637926249
 1353651.450264388


# name: QUERY
# type: sq_string
# elements: 1
# length: 2
R3


# name: DATASIZE
# type: sq_string
# elements: 1
# length: 4
1000


