# Created by Octave 3.8.2, Wed May 18 18:00:43 2016 CEST <Andrea@Andreas-MacBook-Pro.local>
# name: x
# type: matrix
# rows: 1
# columns: 100
 0.008333333333333333 0.008417508417508417 0.008501683501683501 0.008585858585858586 0.00867003367003367 0.008754208754208754 0.008838383838383838 0.008922558922558922 0.009006734006734006 0.00909090909090909 0.009175084175084175 0.009259259259259259 0.009343434343434343 0.009427609427609427 0.009511784511784511 0.009595959595959595 0.009680134680134679 0.009764309764309764 0.009848484848484849 0.009932659932659932 0.01001683501683502 0.0101010101010101 0.01018518518518519 0.01026936026936027 0.01035353535353535 0.01043771043771044 0.01052188552188552 0.01060606060606061 0.01069023569023569 0.01077441077441077 0.01085858585858586 0.01094276094276094 0.01102693602693603 0.01111111111111111 0.0111952861952862 0.01127946127946128 0.01136363636363636 0.01144781144781145 0.01153198653198653 0.01161616161616162 0.0117003367003367 0.01178451178451178 0.01186868686868687 0.01195286195286195 0.01203703703703704 0.01212121212121212 0.01220538720538721 0.01228956228956229 0.01237373737373737 0.01245791245791246 0.01254208754208754 0.01262626262626263 0.01271043771043771 0.01279461279461279 0.01287878787878788 0.01296296296296296 0.01304713804713805 0.01313131313131313 0.01321548821548822 0.0132996632996633 0.01338383838383838 0.01346801346801347 0.01355218855218855 0.01363636363636364 0.01372053872053872 0.01380471380471381 0.01388888888888889 0.01397306397306397 0.01405723905723906 0.01414141414141414 0.01422558922558922 0.01430976430976431 0.01439393939393939 0.01447811447811448 0.01456228956228956 0.01464646464646465 0.01473063973063973 0.01481481481481482 0.0148989898989899 0.01498316498316498 0.01506734006734007 0.01515151515151515 0.01523569023569023 0.01531986531986532 0.0154040404040404 0.01548821548821549 0.01557239057239057 0.01565656565656566 0.01574074074074074 0.01582491582491583 0.01590909090909091 0.01599326599326599 0.01607744107744108 0.01616161616161616 0.01624579124579125 0.01632996632996633 0.01641414141414142 0.0164983164983165 0.01658249158249158 0.01666666666666667


# name: y
# type: matrix
# rows: 100
# columns: 1
 1022944.795721631
 1010512.897261546
 998956.5814963267
 988233.738192456
 978303.2949533818
 969125.2172194639
 960660.5082680164
 952871.2092132329
 945720.3990063128
 939172.1944353306
 933191.750125305
 927745.258538194
 922799.9499728901
 918324.0925652068
 914286.9922878921
 910658.9929506269
 907411.4762000251
 904516.8615196333
 901948.6062299238
 899681.2054883061
 897690.1922891142
 895952.137463624
 894444.6496800334
 893146.3754434788
 892036.9990960233
 891097.2428166625
 890308.8666213267
 889654.6683628737
 889118.4837310957
 888685.1862527148
 888340.6872913856
 888071.9360476937
 887866.9195591563
 887714.6627002223
 887605.2281822723
 887529.7165536181
 887480.2661995031
 887450.0533421027
 887433.2920405233
 887425.234190803
 887422.1695259116
 887421.4256157504
 887421.3678671522
 887421.3995238813
 887421.9616666336
 887424.5332130367
 887431.6309176495
 887446.8093719624
 887474.6610043979
 887520.8160803093
 887591.9427019819
 887695.7468086325
 887840.9721764094
 888037.4004183925
 888295.8509845929
 888628.1811619541
 889047.2860743501
 889567.098682587
 890202.589784403
 890969.7680144662
 891885.6798443781
 892968.4095826709
 894237.0793748079
 895711.849203186
 897413.9168871288
 899365.5180828969
 901589.9262836825
 904111.4528196017
 906955.4468577169
 910148.2954019961
 913717.4232933703
 917691.2932096884
 922099.405665721
 926972.2990131814
 932341.5494407117
 938239.7709738894
 944700.6154752097
 951758.7726441248
 959449.9700170001
 967810.9729671291
 976879.5847047478
 986694.6462770042
 997296.0365680153
 1008724.672298796
 1021022.508027311
 1034232.536148428
 1048398.786894012
 1063566.328332764
 1079781.266370417
 1097090.744749556
 1115542.945049705
 1135187.086687425
 1156073.426916057
 1178253.260825963
 1201778.92134435
 1226703.779235506
 1253082.243100672
 1280969.75937763
 1310422.812341593
 1341498.924104437


# name: QUERY
# type: sq_string
# elements: 1
# length: 2
R3


# name: DATASIZE
# type: sq_string
# elements: 1
# length: 4
1000


