# Created by Octave 4.0.0, Mon May 23 13:37:27 2016 CEST <peter@Independence>
# name: x
# type: matrix
# rows: 1
# columns: 100
 0.008333333333333333 0.008417508417508417 0.008501683501683501 0.008585858585858586 0.00867003367003367 0.008754208754208754 0.008838383838383838 0.008922558922558922 0.009006734006734006 0.00909090909090909 0.009175084175084175 0.009259259259259259 0.009343434343434345 0.009427609427609427 0.009511784511784513 0.009595959595959595 0.009680134680134681 0.009764309764309764 0.009848484848484849 0.009932659932659932 0.01001683501683502 0.0101010101010101 0.01018518518518519 0.01026936026936027 0.01035353535353535 0.01043771043771044 0.01052188552188552 0.01060606060606061 0.01069023569023569 0.01077441077441077 0.01085858585858586 0.01094276094276094 0.01102693602693603 0.01111111111111111 0.0111952861952862 0.01127946127946128 0.01136363636363636 0.01144781144781145 0.01153198653198653 0.01161616161616162 0.0117003367003367 0.01178451178451178 0.01186868686868687 0.01195286195286195 0.01203703703703704 0.01212121212121212 0.01220538720538721 0.01228956228956229 0.01237373737373737 0.01245791245791246 0.01254208754208754 0.01262626262626263 0.01271043771043771 0.01279461279461279 0.01287878787878788 0.01296296296296296 0.01304713804713805 0.01313131313131313 0.01321548821548822 0.0132996632996633 0.01338383838383838 0.01346801346801347 0.01355218855218855 0.01363636363636364 0.01372053872053872 0.01380471380471381 0.01388888888888889 0.01397306397306397 0.01405723905723906 0.01414141414141414 0.01422558922558922 0.01430976430976431 0.01439393939393939 0.01447811447811448 0.01456228956228956 0.01464646464646465 0.01473063973063973 0.01481481481481482 0.0148989898989899 0.01498316498316498 0.01506734006734007 0.01515151515151515 0.01523569023569024 0.01531986531986532 0.0154040404040404 0.01548821548821549 0.01557239057239057 0.01565656565656566 0.01574074074074074 0.01582491582491583 0.01590909090909091 0.01599326599326599 0.01607744107744108 0.01616161616161616 0.01624579124579124 0.01632996632996633 0.01641414141414142 0.0164983164983165 0.01658249158249158 0.01666666666666667


# name: y
# type: matrix
# rows: 100
# columns: 1
 1069229.396680314
 1060541.319434294
 1052061.732214748
 1043790.635021674
 1035728.027855072
 1027873.910714945
 1020228.28360129
 1012791.146514107
 1005562.499453398
 998542.3424191618
 991730.6754113977
 985127.4984301074
 978732.8114752891
 972546.6145469442
 966568.9076450719
 960799.6907696726
 955238.9639207462
 949886.7270982927
 944742.9803023123
 939807.7235328043
 935080.9567897693
 930562.6800732072
 926252.8933831181
 922151.5967195017
 918258.7900823584
 914574.4734716878
 911098.6468874901
 907831.3103297652
 904772.4637985133
 901922.1072937342
 899280.240815428
 896846.8643635947
 894621.9779382341
 892605.5815393466
 890797.6751669318
 889198.25882099
 887807.332501521
 886624.8962085248
 885650.9499420016
 884885.4937019512
 884328.5274883737
 883980.0513012691
 883840.0651406373
 883908.5690064784
 884185.5628987923
 884671.0468175792
 885365.0207628389
 886267.4847345715
 887378.438732777
 888697.8827574553
 890225.8168086065
 891962.2408862306
 893907.1549903275
 896060.5591208974
 898422.45327794
 900992.8374614556
 903771.711671444
 906759.0759079054
 909954.9301708394
 913359.2744602464
 916972.1087761265
 920793.4331184792
 924823.2474873048
 929061.5518826034
 933508.3463043747
 938163.630752619
 943027.4052273361
 948099.6697285259
 953380.4242561893
 958869.6688103247
 964567.4033909334
 970473.6279980148
 976588.3426315696
 982911.5472915965
 989443.2419780967
 996183.4266910696
 1003132.101430516
 1010289.266196434
 1017654.920988825
 1025229.06580769
 1033011.700653028
 1041002.825524838
 1049202.440423121
 1057610.545347877
 1066227.140299106
 1075052.225276807
 1084085.800280981
 1093327.865311629
 1102778.420368749
 1112437.465452343
 1122305.000562408
 1132381.025698948
 1142665.54086196
 1153158.546051444
 1163860.041267402
 1174770.026509833
 1185888.501778736
 1197215.467074112
 1208750.922395961
 1220494.867744282


# name: QUERY
# type: sq_string
# elements: 1
# length: 2
R3


# name: DATASIZE
# type: sq_string
# elements: 1
# length: 4
1000


