# Created by Octave 3.8.2, Wed May 18 21:29:38 2016 CEST <Andrea@Andreas-MacBook-Pro.local>
# name: SVs
# type: cell
# rows: 1
# columns: 7
# name: <cell-element>
# type: sparse matrix
# nnz: 187
# rows: 11
# columns: 30
1 2 -0.162613709344453
2 2 -1.309741729256761
3 2 -0.4302769139906582
4 2 -1.310157355350932
5 2 -1.644736361158688
6 2 0.2122810275979026
7 2 0.6586634527376919
8 2 -1.292701059395745
9 2 1.171546052944861
10 2 -0.4859708106095891
11 2 0.5431193985581189
1 3 -1.237225530587491
2 3 -1.24805788629051
3 3 0.2497158888315381
4 3 -0.1961157880195637
5 3 0.6817062222843381
6 3 0.4056817510370417
7 3 -1.277345366524598
8 3 0.8367693881812567
9 3 0.1197276203953114
10 3 -1.102121983069283
11 3 0.009297771978424262
1 4 -0.4094472601245858
2 4 -0.4094472601245858
3 4 -0.4094472601245858
4 4 -0.4094472601245858
5 4 2.320201140705979
6 4 -0.4094472601245858
7 4 -0.4094472601245858
8 4 2.320201140705979
9 4 -0.4094472601245858
10 4 -0.4094472601245858
11 4 -0.4094472601245858
1 5 -0.1906814130223198
2 5 -1.298773910126515
3 5 0.4261145862437554
4 5 -0.6187417279703845
5 5 0.08269346993314888
6 5 -0.0797748768766848
7 5 -0.4270874505959101
8 5 0.09047638475038643
9 5 2.48372269105093
10 5 -1.28320808049204
11 5 2.01091061590375
1 6 -0.320255063966272
2 6 -0.8644644523603636
3 6 0.8289692310782344
4 6 -0.9366710052897472
5 6 -0.5315542399069947
6 6 0.7567626781488508
7 6 -0.3521779610508416
8 6 -0.852303348709099
9 6 1.095753442427852
10 6 -1.463398807185146
11 6 1.563195864023336
1 7 -0.8699637395967514
2 7 1.282469140891264
3 7 0.5576928822230326
4 7 -0.4041783258783215
5 7 -0.4464219222791858
6 7 -0.4968488331660813
7 7 -0.8679732036406897
8 7 1.128092018965592
9 7 0.9845522594673677
10 7 -1.684756457611327
11 7 1.318962300085728
1 8 -1.269174763042763
2 8 2.041033365806216
3 8 -0.1384860108105857
4 8 -0.4569477684640783
5 8 0.242397241594237
6 8 -0.5545047153508876
7 8 -0.2878116823863724
8 8 1.064903224829578
9 8 0.5003064115248824
10 8 -1.909836092406714
11 8 0.527405563437885
1 12 0.1488363512605086
2 12 -1.189852632723793
3 12 -0.361254442279127
4 12 -0.07387934732721958
5 12 -1.280854746125231
6 12 -0.6989201788476181
7 12 0.1536259361763738
8 12 0.2733655590730019
9 12 0.07220299260666668
10 12 0.5320031445297185
11 12 -0.3875971593163852
1 13 0.1488363512605086
2 13 -1.189852632723793
3 13 -0.361254442279127
4 13 -0.07387934732721958
5 13 -1.280854746125231
6 13 -0.6989201788476181
7 13 0.1536259361763738
8 13 0.2733655590730019
9 13 0.07220299260666668
10 13 0.5320031445297185
11 13 -0.3875971593163852
1 14 -1.140924417678118
2 14 -0.01488742392735638
3 14 -0.1577926488904247
4 14 -1.085447696439384
5 14 2.04196468377204
6 14 -0.9102395705018631
7 14 2.053200475415328
8 14 -0.4657235636142845
9 14 -0.6981640032348034
10 14 -0.8870657502375817
11 14 -0.1405878429366401
1 15 -1.140924417678118
2 15 -0.01488742392735638
3 15 -0.1577926488904247
4 15 -1.085447696439384
5 15 2.04196468377204
6 15 -0.9102395705018631
7 15 2.053200475415328
8 15 -0.4657235636142845
9 15 -0.6981640032348034
10 15 -0.8870657502375817
11 15 -0.1405878429366401
1 19 0.9093878035258656
2 19 -0.3760355439897566
3 19 0.8813182662014991
4 19 -1.117953159950389
5 19 -2.097716634212623
6 19 0.5852840086235016
7 19 0.0174968852680094
8 19 -1.741444652730564
9 19 -1.363375309299717
10 19 0.7896575646732582
11 19 0.5530537212975145
1 20 0.9093878035258656
2 20 -0.3760355439897566
3 20 0.8813182662014991
4 20 -1.117953159950389
5 20 -2.097716634212623
6 20 0.5852840086235016
7 20 0.0174968852680094
8 20 -1.741444652730564
9 20 -1.363375309299717
10 20 0.7896575646732582
11 20 0.5530537212975145
1 22 0.07259534789775955
2 22 -1.051436348887645
3 22 0.1737817323257548
4 22 -1.899362562582707
5 22 -2.036630913550917
6 22 1.370761752768552
7 22 0.9173839992849759
8 22 0.6648102335034684
9 22 0.6436316879255158
10 22 0.5142072427269173
11 22 -0.172134512114136
1 23 0.07259534789775955
2 23 -1.051436348887645
3 23 0.1737817323257548
4 23 -1.899362562582707
5 23 -2.036630913550917
6 23 1.370761752768552
7 23 0.9173839992849759
8 23 0.6648102335034684
9 23 0.6436316879255158
10 23 0.5142072427269173
11 23 -0.172134512114136
1 24 0.1522098077532693
2 24 -1.618673927239725
3 24 -0.0780412428823072
4 24 -1.683469707196072
5 24 -1.178966750698748
6 24 1.738651601661221
7 24 0.8031813645240091
8 24 1.497852400800192
9 24 0.5659986723117072
10 24 0.147086420500907
11 24 -0.5502969972618208
1 25 0.1522098077532693
2 25 -1.618673927239725
3 25 -0.0780412428823072
4 25 -1.683469707196072
5 25 -1.178966750698748
6 25 1.738651601661221
7 25 0.8031813645240091
8 25 1.497852400800192
9 25 0.5659986723117072
10 25 0.147086420500907
11 25 -0.5502969972618208



# name: <cell-element>
# type: sparse matrix
# nnz: 68
# rows: 4
# columns: 30
1 2 -0.162613709344453
2 2 -1.292701059395745
3 2 -0.4859708106095891
4 2 0.5431193985581189
1 3 -1.237225530587491
2 3 0.8367693881812567
3 3 -1.102121983069283
4 3 0.009297771978424262
1 4 -0.4094472601245858
2 4 2.320201140705979
3 4 -0.4094472601245858
4 4 -0.4094472601245858
1 5 -0.1906814130223198
2 5 0.09047638475038643
3 5 -1.28320808049204
4 5 2.01091061590375
1 6 -0.320255063966272
2 6 -0.852303348709099
3 6 -1.463398807185146
4 6 1.563195864023336
1 7 -0.8699637395967514
2 7 1.128092018965592
3 7 -1.684756457611327
4 7 1.318962300085728
1 8 -1.269174763042763
2 8 1.064903224829578
3 8 -1.909836092406714
4 8 0.527405563437885
1 12 0.1488363512605086
2 12 0.2733655590730019
3 12 0.5320031445297185
4 12 -0.3875971593163852
1 13 0.1488363512605086
2 13 0.2733655590730019
3 13 0.5320031445297185
4 13 -0.3875971593163852
1 14 -1.140924417678118
2 14 -0.4657235636142845
3 14 -0.8870657502375817
4 14 -0.1405878429366401
1 15 -1.140924417678118
2 15 -0.4657235636142845
3 15 -0.8870657502375817
4 15 -0.1405878429366401
1 19 0.9093878035258656
2 19 -1.741444652730564
3 19 0.7896575646732582
4 19 0.5530537212975145
1 20 0.9093878035258656
2 20 -1.741444652730564
3 20 0.7896575646732582
4 20 0.5530537212975145
1 22 0.07259534789775955
2 22 0.6648102335034684
3 22 0.5142072427269173
4 22 -0.172134512114136
1 23 0.07259534789775955
2 23 0.6648102335034684
3 23 0.5142072427269173
4 23 -0.172134512114136
1 24 0.1522098077532693
2 24 1.497852400800192
3 24 0.147086420500907
4 24 -0.5502969972618208
1 25 0.1522098077532693
2 25 1.497852400800192
3 25 0.147086420500907
4 25 -0.5502969972618208



