# Created by Octave 3.8.2, Wed May 18 21:28:56 2016 CEST <Andrea@Andreas-MacBook-Pro.local>
# name: mu
# type: matrix
# rows: 1
# columns: 31
 225960.6 80 56805.25 117155.3 8.15 3286 5294.35 26125.45 31229 172348 172348 1 779.85 779.85 6405.4 6405.4 7102 7102 1 55319.25 55319.25 1 3889.45 3889.45 9288.950000000001 9288.950000000001 190065 190065 1 40 20


# name: sigma
# type: matrix
# rows: 1
# columns: 31
 6816.953968637775 0 2406.00870355428 9970.130501706217 0.3663475485325233 1027.892529709006 1315.670062423667 4521.395342090059 5350.720954865998 0 0 0 417.5727197935582 417.5727197935582 2848.041421194942 2848.041421194942 0 0 0 16102.86606354677 16102.86606354677 0 1274.875080567752 1274.875080567752 3318.117324073365 3318.117324073365 0 0 0 0 0


