# Created by Octave 3.8.2, Mon May 23 09:55:38 2016 CEST <Andrea@Andreas-MacBook-Pro.local>
# name: x
# type: matrix
# rows: 1
# columns: 100
 0.05 0.05075757575757576 0.05151515151515151 0.05227272727272728 0.05303030303030302 0.05378787878787879 0.05454545454545455 0.0553030303030303 0.05606060606060606 0.05681818181818182 0.05757575757575757 0.05833333333333333 0.0590909090909091 0.05984848484848485 0.06060606060606061 0.06136363636363637 0.06212121212121212 0.06287878787878788 0.06363636363636363 0.06439393939393939 0.06515151515151515 0.0659090909090909 0.06666666666666667 0.06742424242424243 0.06818181818181818 0.06893939393939394 0.0696969696969697 0.07045454545454545 0.07121212121212121 0.07196969696969698 0.07272727272727272 0.07348484848484849 0.07424242424242425 0.075 0.07575757575757576 0.07651515151515152 0.07727272727272727 0.07803030303030303 0.07878787878787878 0.07954545454545454 0.08030303030303029 0.08106060606060606 0.08181818181818182 0.08257575757575757 0.08333333333333333 0.08409090909090909 0.08484848484848484 0.0856060606060606 0.08636363636363636 0.08712121212121211 0.08787878787878788 0.08863636363636364 0.08939393939393939 0.09015151515151515 0.09090909090909091 0.09166666666666666 0.09242424242424242 0.09318181818181819 0.09393939393939393 0.0946969696969697 0.09545454545454546 0.09621212121212121 0.09696969696969697 0.09772727272727273 0.09848484848484848 0.09924242424242424 0.1 0.1007575757575758 0.1015151515151515 0.1022727272727273 0.103030303030303 0.1037878787878788 0.1045454545454545 0.1053030303030303 0.1060606060606061 0.1068181818181818 0.1075757575757576 0.1083333333333333 0.1090909090909091 0.1098484848484848 0.1106060606060606 0.1113636363636364 0.1121212121212121 0.1128787878787879 0.1136363636363636 0.1143939393939394 0.1151515151515151 0.1159090909090909 0.1166666666666667 0.1174242424242424 0.1181818181818182 0.1189393939393939 0.1196969696969697 0.1204545454545455 0.1212121212121212 0.121969696969697 0.1227272727272727 0.1234848484848485 0.1242424242424242 0.125


# name: y
# type: matrix
# rows: 100
# columns: 1
 228296.0718878065
 228130.5859835056
 228000.7039221077
 227906.9894754753
 227849.8762303906
 227829.6661072148
 227846.5288126946
 227900.5022339249
 227991.4937716877
 228119.2826025724
 228283.5228505383
 228483.7476400041
 228719.3739942228
 228989.7085347263
 229293.953930074
 229631.216035095
 230000.5116553507
 230400.776865717
 230830.8758068617
 231289.6098790108
 231775.7272488027
 232287.9325822506
 232824.8969148919
 233385.2675691139
 233967.6780284071
 234570.7576789138
 235193.1413300924
 235833.4784285856
 236490.4418824431
 237162.736416666
 237849.1063855718
 238548.3429726828
 239259.2907146648
 239980.853292231
 240711.998537823
 241451.7626172225
 242199.2533499716
 242953.6526415196
 243714.2180083061
 244480.2831854554
 245251.2578153466
 246026.6262239409
 246805.9453003512
 247588.8415036376
 248375.0070291518
 249164.1951748584
 249956.2149558709
 250750.9250228814
 251548.2269471821
 252348.0579415054
 253150.3830918849
 253955.1871811191
 254762.4661891267
 255572.2185594894
 256384.4363247191
 257199.0961852305
 258016.1506386009
 258835.5192564323
 259657.0802059603
 260480.6621124662
 261306.0363565311
 262132.9098972116
 262960.9187083273
 263789.6219102376
 264618.4966737756
 265446.9339664254
 266274.2352034277
 267099.6098583162
 267922.1740785012
 268740.9503419839
 269554.8681812034
 270362.7659894652
 271163.3939144877
 271955.4178324319
 272737.4243844715
 273507.9270466291
 274265.373192383
 275008.1520965602
 275734.6038184105
 276443.0288916218
 277131.6987395351
 277798.8667250462
 278442.7797367805
 279061.6902061914
 279653.8684443656
 280217.6151826078
 280751.2741974039
 281253.2448981666
 281721.9947553254
 282156.07144683
 282554.1146030283
 282914.867033132
 283237.1853210796
 283520.0496844942
 283762.5729975604
 283964.0088869194
 284123.7588190164
 284241.3781076159
 284316.5807813016
 284349.2432625656


# name: QUERY
# type: sq_string
# elements: 1
# length: 2
Q2


# name: DATASIZE
# type: sq_string
# elements: 1
# length: 2
40


