# Created by Octave 3.8.2, Mon May 23 09:55:38 2016 CEST <Andrea@Andreas-MacBook-Pro.local>
# name: x
# type: matrix
# rows: 1
# columns: 100
 0.05 0.05075757575757576 0.05151515151515151 0.05227272727272728 0.05303030303030302 0.05378787878787879 0.05454545454545455 0.0553030303030303 0.05606060606060606 0.05681818181818182 0.05757575757575757 0.05833333333333333 0.0590909090909091 0.05984848484848485 0.06060606060606061 0.06136363636363637 0.06212121212121212 0.06287878787878788 0.06363636363636363 0.06439393939393939 0.06515151515151515 0.0659090909090909 0.06666666666666667 0.06742424242424243 0.06818181818181818 0.06893939393939394 0.0696969696969697 0.07045454545454545 0.07121212121212121 0.07196969696969698 0.07272727272727272 0.07348484848484849 0.07424242424242425 0.075 0.07575757575757576 0.07651515151515152 0.07727272727272727 0.07803030303030303 0.07878787878787878 0.07954545454545454 0.08030303030303029 0.08106060606060606 0.08181818181818182 0.08257575757575757 0.08333333333333333 0.08409090909090909 0.08484848484848484 0.0856060606060606 0.08636363636363636 0.08712121212121211 0.08787878787878788 0.08863636363636364 0.08939393939393939 0.09015151515151515 0.09090909090909091 0.09166666666666666 0.09242424242424242 0.09318181818181819 0.09393939393939393 0.0946969696969697 0.09545454545454546 0.09621212121212121 0.09696969696969697 0.09772727272727273 0.09848484848484848 0.09924242424242424 0.1 0.1007575757575758 0.1015151515151515 0.1022727272727273 0.103030303030303 0.1037878787878788 0.1045454545454545 0.1053030303030303 0.1060606060606061 0.1068181818181818 0.1075757575757576 0.1083333333333333 0.1090909090909091 0.1098484848484848 0.1106060606060606 0.1113636363636364 0.1121212121212121 0.1128787878787879 0.1136363636363636 0.1143939393939394 0.1151515151515151 0.1159090909090909 0.1166666666666667 0.1174242424242424 0.1181818181818182 0.1189393939393939 0.1196969696969697 0.1204545454545455 0.1212121212121212 0.121969696969697 0.1227272727272727 0.1234848484848485 0.1242424242424242 0.125


# name: y
# type: matrix
# rows: 100
# columns: 1
 224543.0298944019
 225094.8965718102
 225646.7632492185
 226198.6299266268
 226750.4966040351
 227302.3632814435
 227854.2299588518
 228406.0966362601
 228957.9633136684
 229509.8299910767
 230061.696668485
 230613.5633458934
 231165.4300233017
 231717.29670071
 232269.1633781183
 232821.0300555266
 233372.896732935
 233924.7634103433
 234476.6300877516
 235028.4967651599
 235580.3634425682
 236132.2301199765
 236684.0967973848
 237235.9634747932
 237787.8301522015
 238339.6968296098
 238891.5635070181
 239443.4301844265
 239995.2968618348
 240547.1635392431
 241099.0302166514
 241650.8968940597
 242202.763571468
 242754.6302488763
 243306.4969262847
 243858.363603693
 244410.2302811013
 244962.0969585096
 245513.9636359179
 246065.8303133262
 246617.6969907346
 247169.5636681429
 247721.4303455512
 248273.2970229595
 248825.1637003678
 249377.0303777762
 249928.8970551845
 250480.7637325928
 251032.6304100011
 251584.4970874094
 252136.3637648177
 252688.230442226
 253240.0971196344
 253791.9637970427
 254343.830474451
 254895.6971518593
 255447.5638292677
 255999.430506676
 256551.2971840843
 257103.1638614926
 257655.0305389009
 258206.8972163092
 258758.7638937176
 259310.6305711259
 259862.4972485342
 260414.3639259425
 260966.2306033508
 261518.0972807591
 262069.9639581674
 262621.8306355758
 263173.6973129841
 263725.5639903924
 264277.4306678007
 264829.2973452091
 265381.1640226173
 265933.0307000257
 266484.897377434
 267036.7640548423
 267588.6307322506
 268140.497409659
 268692.3640870673
 269244.2307644756
 269796.0974418839
 270347.9641192922
 270899.8307967006
 271451.6974741088
 272003.5641515172
 272555.4308289255
 273107.2975063338
 273659.1641837421
 274211.0308611504
 274762.8975385588
 275314.7642159671
 275866.6308933754
 276418.4975707837
 276970.364248192
 277522.2309256003
 278074.0976030087
 278625.964280417
 279177.8309578253


# name: QUERY
# type: sq_string
# elements: 1
# length: 2
Q2


# name: DATASIZE
# type: sq_string
# elements: 1
# length: 2
40


