# Created by Octave 3.8.2, Mon May 23 09:55:38 2016 CEST <Andrea@Andreas-MacBook-Pro.local>
# name: x
# type: matrix
# rows: 1
# columns: 100
 0.05 0.05075757575757576 0.05151515151515151 0.05227272727272728 0.05303030303030302 0.05378787878787879 0.05454545454545455 0.0553030303030303 0.05606060606060606 0.05681818181818182 0.05757575757575757 0.05833333333333333 0.0590909090909091 0.05984848484848485 0.06060606060606061 0.06136363636363637 0.06212121212121212 0.06287878787878788 0.06363636363636363 0.06439393939393939 0.06515151515151515 0.0659090909090909 0.06666666666666667 0.06742424242424243 0.06818181818181818 0.06893939393939394 0.0696969696969697 0.07045454545454545 0.07121212121212121 0.07196969696969698 0.07272727272727272 0.07348484848484849 0.07424242424242425 0.075 0.07575757575757576 0.07651515151515152 0.07727272727272727 0.07803030303030303 0.07878787878787878 0.07954545454545454 0.08030303030303029 0.08106060606060606 0.08181818181818182 0.08257575757575757 0.08333333333333333 0.08409090909090909 0.08484848484848484 0.0856060606060606 0.08636363636363636 0.08712121212121211 0.08787878787878788 0.08863636363636364 0.08939393939393939 0.09015151515151515 0.09090909090909091 0.09166666666666666 0.09242424242424242 0.09318181818181819 0.09393939393939393 0.0946969696969697 0.09545454545454546 0.09621212121212121 0.09696969696969697 0.09772727272727273 0.09848484848484848 0.09924242424242424 0.1 0.1007575757575758 0.1015151515151515 0.1022727272727273 0.103030303030303 0.1037878787878788 0.1045454545454545 0.1053030303030303 0.1060606060606061 0.1068181818181818 0.1075757575757576 0.1083333333333333 0.1090909090909091 0.1098484848484848 0.1106060606060606 0.1113636363636364 0.1121212121212121 0.1128787878787879 0.1136363636363636 0.1143939393939394 0.1151515151515151 0.1159090909090909 0.1166666666666667 0.1174242424242424 0.1181818181818182 0.1189393939393939 0.1196969696969697 0.1204545454545455 0.1212121212121212 0.121969696969697 0.1227272727272727 0.1234848484848485 0.1242424242424242 0.125


# name: y
# type: matrix
# rows: 1
# columns: 100
 220443.4350859628 221145.3793202588 221847.3235545548 222549.2677888508 223251.2120231468 223953.1562574428 224655.1004917388 225357.0447260348 226058.9889603308 226760.9331946268 227462.8774289228 228164.8216632188 228866.7658975148 229568.7101318108 230270.6543661068 230972.5986004028 231674.5428346988 232376.4870689948 233078.4313032908 233780.3755375868 234482.3197718828 235184.2640061788 235886.2082404748 236588.1524747708 237290.0967090668 237992.0409433628 238693.9851776588 239395.9294119548 240097.8736462508 240799.8178805468 241501.7621148428 242203.7063491388 242905.6505834348 243607.5948177308 244309.5390520268 245011.4832863229 245713.4275206188 246415.3717549148 247117.3159892109 247819.2602235068 248521.2044578028 249223.1486920989 249925.0929263949 250627.0371606908 251328.9813949869 252030.9256292829 252732.8698635788 253434.8140978749 254136.7583321709 254838.7025664668 255540.6468007629 256242.5910350589 256944.5352693548 257646.4795036509 258348.4237379469 259050.3679722429 259752.3122065389 260454.2564408349 261156.2006751309 261858.1449094269 262560.0891437229 263262.0333780189 263963.9776123149 264665.9218466109 265367.8660809069 266069.8103152029 266771.7545494989 267473.6987837949 268175.6430180909 268877.5872523869 269579.5314866829 270281.4757209789 270983.4199552749 271685.3641895709 272387.3084238669 273089.2526581629 273791.1968924589 274493.1411267549 275195.0853610509 275897.0295953469 276598.9738296429 277300.9180639389 278002.8622982349 278704.8065325309 279406.7507668269 280108.6950011229 280810.6392354189 281512.5834697149 282214.5277040109 282916.4719383069 283618.4161726029 284320.3604068989 285022.3046411949 285724.2488754909 286426.1931097869 287128.1373440829 287830.0815783789 288532.0258126749 289233.9700469709 289935.9142812669


# name: QUERY
# type: sq_string
# elements: 1
# length: 2
Q2


# name: DATASIZE
# type: sq_string
# elements: 1
# length: 2
40


