# Created by Octave 3.8.2, Mon May 23 09:55:38 2016 CEST <Andrea@Andreas-MacBook-Pro.local>
# name: SVs
# type: cell
# rows: 1
# columns: 7
# name: <cell-element>
# type: sparse matrix
# nnz: 37
# rows: 37
# columns: 1
1 1 -1.044536844836468
2 1 0.1301024539831899
3 1 1.598401577507763
4 1 1.598401577507763
5 1 1.598401577507763
6 1 -0.6040471077790964
7 1 0.1301024539831899
8 1 -1.044536844836468
9 1 -0.6040471077790964
10 1 0.1301024539831899
11 1 -0.6040471077790964
12 1 0.1301024539831899
13 1 -0.6040471077790964
14 1 0.1301024539831899
15 1 1.598401577507763
16 1 -1.044536844836468
17 1 1.598401577507763
18 1 1.598401577507763
19 1 0.1301024539831899
20 1 -0.6040471077790964
21 1 -0.6040471077790964
22 1 -1.044536844836468
23 1 1.598401577507763
24 1 1.598401577507763
25 1 1.598401577507763
26 1 1.598401577507763
27 1 0.1301024539831899
28 1 -0.6040471077790964
29 1 -0.6040471077790964
30 1 -0.6040471077790964
31 1 1.598401577507763
32 1 0.1301024539831899
33 1 1.598401577507763
34 1 -0.6040471077790964
35 1 -1.044536844836468
36 1 -1.044536844836468
37 1 -1.044536844836468



# name: <cell-element>
# type: sparse matrix
# nnz: 34
# rows: 34
# columns: 1
1 1 -1.044536844836468
2 1 -1.044536844836468
3 1 1.598401577507763
4 1 1.598401577507763
5 1 0.1301024539831899
6 1 1.598401577507763
7 1 -0.6040471077790964
8 1 0.1301024539831899
9 1 -1.044536844836468
10 1 -1.044536844836468
11 1 0.1301024539831899
12 1 -0.6040471077790964
13 1 0.1301024539831899
14 1 -1.044536844836468
15 1 1.598401577507763
16 1 -1.044536844836468
17 1 1.598401577507763
18 1 1.598401577507763
19 1 0.1301024539831899
20 1 -1.044536844836468
21 1 -1.044536844836468
22 1 1.598401577507763
23 1 1.598401577507763
24 1 1.598401577507763
25 1 -1.044536844836468
26 1 0.1301024539831899
27 1 -1.044536844836468
28 1 0.1301024539831899
29 1 1.598401577507763
30 1 0.1301024539831899
31 1 -0.6040471077790964
32 1 -1.044536844836468
33 1 -1.044536844836468
34 1 -1.044536844836468



# name: <cell-element>
# type: sparse matrix
# nnz: 4
# rows: 4
# columns: 1
1 1 1.598401577507763
2 1 1.598401577507763
3 1 1.598401577507763
4 1 -0.6040471077790964



# name: <cell-element>
# type: sparse matrix
# nnz: 3
# rows: 3
# columns: 1
1 1 1.598401577507763
2 1 0.1301024539831899
3 1 -1.044536844836468



# name: <cell-element>
# type: sparse matrix
# nnz: 2
# rows: 2
# columns: 1
1 1 1.598401577507763
2 1 -1.044536844836468



# name: <cell-element>
# type: sparse matrix
# nnz: 14
# rows: 14
# columns: 1
1 1 0.1301024539831899
2 1 1.598401577507763
3 1 1.598401577507763
4 1 0.1301024539831899
5 1 1.598401577507763
6 1 -1.044536844836468
7 1 1.598401577507763
8 1 0.1301024539831899
9 1 -1.044536844836468
10 1 1.598401577507763
11 1 1.598401577507763
12 1 0.1301024539831899
13 1 1.598401577507763
14 1 -0.6040471077790964



# name: <cell-element>
# type: scalar
0





# name: coefficients
# type: cell
# rows: 1
# columns: 7
# name: <cell-element>
# type: matrix
# rows: 37
# columns: 1
 0.1
 -0.1
 0.1
 -0.1
 0.1
 -0.1
 -0.1
 0.1
 -0.1
 -0.1
 -0.1
 -0.1
 -0.1
 -0.1
 0.1
 -0.1
 0.1
 0.1
 0.1
 0.1
 -0.1
 -0.1
 0.1
 0.04158274252550653
 0.1
 -0.1
 0.1
 0.1
 -0.1
 0.05841725747449348
 -0.1
 -0.1
 0.1
 -0.1
 0.1
 0.1
 0.1



# name: <cell-element>
# type: matrix
# rows: 34
# columns: 1
 -0.1
 -0.1
 0.1
 -0.1
 0.1
 0.1
 -0.1
 0.1
 -0.1
 -0.1
 0.1
 -0.1
 0.1
 -0.1
 0.1
 -0.1
 0.1
 0.1
 0.1
 -0.1
 -0.1
 0.1
 0.1
 0.1
 -0.1
 0.1
 -0.1
 0.08850908934312038
 0.1
 0.1
 -0.1
 -0.1
 -0.1
 -0.08850908934312038



# name: <cell-element>
# type: matrix
# rows: 4
# columns: 1
 -0.1
 0.1
 0.1
 -0.1



# name: <cell-element>
# type: matrix
# rows: 3
# columns: 1
 0.06430182662031736
 0.03569817337968263
 -0.1



# name: <cell-element>
# type: matrix
# rows: 2
# columns: 1
 0.006934734697386334
 -0.006934734697386334



# name: <cell-element>
# type: matrix
# rows: 14
# columns: 1
 -0.35789
 -0.35789
 0.35789
 -0.35789
 0.35789
 -0.35789
 0.35789
 0.35789
 -0.35789
 0.35789
 0.35789
 0.35789
 -0.35789
 -0.35789



# name: <cell-element>
# type: scalar
0





# name: b
# type: cell
# rows: 1
# columns: 7
# name: <cell-element>
# type: scalar
-0.06576309431742325



# name: <cell-element>
# type: scalar
-0.6647855464971688



# name: <cell-element>
# type: scalar
-0.1933705886468711



# name: <cell-element>
# type: scalar
-0.5896837166731342



# name: <cell-element>
# type: scalar
-0.4053770611201754



# name: <cell-element>
# type: scalar
0.2818822899522432



# name: <cell-element>
# type: scalar
0





# name: models
# type: cell
# rows: 1
# columns: 7
# name: <cell-element>
# type: scalar struct
# ndims: 2
 1 1
# length: 11
# name: Parameters
# type: matrix
# rows: 5
# columns: 1
 3
 0
 3
 1
 0


# name: nr_class
# type: scalar
2


# name: totalSV
# type: scalar
37


# name: rho
# type: scalar
0.06576309431742325


# name: Label
# type: matrix
# rows: 0
# columns: 0


# name: sv_indices
# type: matrix
# rows: 37
# columns: 1
 1
 3
 4
 5
 8
 9
 10
 13
 14
 15
 16
 17
 18
 19
 21
 22
 23
 24
 25
 26
 28
 29
 30
 31
 32
 33
 35
 36
 37
 38
 39
 41
 42
 44
 45
 46
 47


# name: ProbA
# type: matrix
# rows: 0
# columns: 0


# name: ProbB
# type: matrix
# rows: 0
# columns: 0


# name: nSV
# type: matrix
# rows: 0
# columns: 0


# name: sv_coef
# type: matrix
# rows: 37
# columns: 1
 0.1
 -0.1
 0.1
 -0.1
 0.1
 -0.1
 -0.1
 0.1
 -0.1
 -0.1
 -0.1
 -0.1
 -0.1
 -0.1
 0.1
 -0.1
 0.1
 0.1
 0.1
 0.1
 -0.1
 -0.1
 0.1
 0.04158274252550653
 0.1
 -0.1
 0.1
 0.1
 -0.1
 0.05841725747449348
 -0.1
 -0.1
 0.1
 -0.1
 0.1
 0.1
 0.1


# name: SVs
# type: sparse matrix
# nnz: 37
# rows: 37
# columns: 1
1 1 -1.044536844836468
2 1 0.1301024539831899
3 1 1.598401577507763
4 1 1.598401577507763
5 1 1.598401577507763
6 1 -0.6040471077790964
7 1 0.1301024539831899
8 1 -1.044536844836468
9 1 -0.6040471077790964
10 1 0.1301024539831899
11 1 -0.6040471077790964
12 1 0.1301024539831899
13 1 -0.6040471077790964
14 1 0.1301024539831899
15 1 1.598401577507763
16 1 -1.044536844836468
17 1 1.598401577507763
18 1 1.598401577507763
19 1 0.1301024539831899
20 1 -0.6040471077790964
21 1 -0.6040471077790964
22 1 -1.044536844836468
23 1 1.598401577507763
24 1 1.598401577507763
25 1 1.598401577507763
26 1 1.598401577507763
27 1 0.1301024539831899
28 1 -0.6040471077790964
29 1 -0.6040471077790964
30 1 -0.6040471077790964
31 1 1.598401577507763
32 1 0.1301024539831899
33 1 1.598401577507763
34 1 -0.6040471077790964
35 1 -1.044536844836468
36 1 -1.044536844836468
37 1 -1.044536844836468





# name: <cell-element>
# type: scalar struct
# ndims: 2
 1 1
# length: 11
# name: Parameters
# type: matrix
# rows: 5
# columns: 1
 3
 1
 2
 1
 0


# name: nr_class
# type: scalar
2


# name: totalSV
# type: scalar
34


# name: rho
# type: scalar
0.6647855464971688


# name: Label
# type: matrix
# rows: 0
# columns: 0


# name: sv_indices
# type: matrix
# rows: 34
# columns: 1
 1
 2
 4
 5
 6
 8
 9
 10
 12
 13
 15
 18
 19
 20
 21
 22
 23
 24
 25
 27
 29
 30
 31
 32
 34
 35
 40
 41
 42
 43
 44
 45
 46
 47


# name: ProbA
# type: matrix
# rows: 0
# columns: 0


# name: ProbB
# type: matrix
# rows: 0
# columns: 0


# name: nSV
# type: matrix
# rows: 0
# columns: 0


# name: sv_coef
# type: matrix
# rows: 34
# columns: 1
 -0.1
 -0.1
 0.1
 -0.1
 0.1
 0.1
 -0.1
 0.1
 -0.1
 -0.1
 0.1
 -0.1
 0.1
 -0.1
 0.1
 -0.1
 0.1
 0.1
 0.1
 -0.1
 -0.1
 0.1
 0.1
 0.1
 -0.1
 0.1
 -0.1
 0.08850908934312038
 0.1
 0.1
 -0.1
 -0.1
 -0.1
 -0.08850908934312038


