# Created by Octave 3.8.2, Mon May 23 09:55:31 2016 CEST <Andrea@Andreas-MacBook-Pro.local>
# name: mu
# type: matrix
# rows: 1
# columns: 2
 247908.1139240506 0.07964135021097046


# name: sigma
# type: matrix
# rows: 1
# columns: 2
 26951.69817778356 0.02837750564520401


