# Created by Octave 3.8.2, Mon May 23 09:55:38 2016 CEST <Andrea@Andreas-MacBook-Pro.local>
# name: x
# type: matrix
# rows: 1
# columns: 100
 0.05 0.05075757575757576 0.05151515151515151 0.05227272727272728 0.05303030303030302 0.05378787878787879 0.05454545454545455 0.0553030303030303 0.05606060606060606 0.05681818181818182 0.05757575757575757 0.05833333333333333 0.0590909090909091 0.05984848484848485 0.06060606060606061 0.06136363636363637 0.06212121212121212 0.06287878787878788 0.06363636363636363 0.06439393939393939 0.06515151515151515 0.0659090909090909 0.06666666666666667 0.06742424242424243 0.06818181818181818 0.06893939393939394 0.0696969696969697 0.07045454545454545 0.07121212121212121 0.07196969696969698 0.07272727272727272 0.07348484848484849 0.07424242424242425 0.075 0.07575757575757576 0.07651515151515152 0.07727272727272727 0.07803030303030303 0.07878787878787878 0.07954545454545454 0.08030303030303029 0.08106060606060606 0.08181818181818182 0.08257575757575757 0.08333333333333333 0.08409090909090909 0.08484848484848484 0.0856060606060606 0.08636363636363636 0.08712121212121211 0.08787878787878788 0.08863636363636364 0.08939393939393939 0.09015151515151515 0.09090909090909091 0.09166666666666666 0.09242424242424242 0.09318181818181819 0.09393939393939393 0.0946969696969697 0.09545454545454546 0.09621212121212121 0.09696969696969697 0.09772727272727273 0.09848484848484848 0.09924242424242424 0.1 0.1007575757575758 0.1015151515151515 0.1022727272727273 0.103030303030303 0.1037878787878788 0.1045454545454545 0.1053030303030303 0.1060606060606061 0.1068181818181818 0.1075757575757576 0.1083333333333333 0.1090909090909091 0.1098484848484848 0.1106060606060606 0.1113636363636364 0.1121212121212121 0.1128787878787879 0.1136363636363636 0.1143939393939394 0.1151515151515151 0.1159090909090909 0.1166666666666667 0.1174242424242424 0.1181818181818182 0.1189393939393939 0.1196969696969697 0.1204545454545455 0.1212121212121212 0.121969696969697 0.1227272727272727 0.1234848484848485 0.1242424242424242 0.125


# name: y
# type: matrix
# rows: 100
# columns: 1
 229476.0817676112
 230464.0564771906
 231401.5410115928
 232289.8596483209
 233130.3366648777
 233924.2963387664
 234673.0629474898
 235377.960768551
 236040.3140794529
 236661.4471576986
 237242.684280791
 237785.3497262331
 238290.7677715279
 238760.2626941784
 239195.1587716876
 239596.7802815584
 239966.4515012939
 240305.496708397
 240615.2401803707
 240897.006194718
 241152.1190289419
 241381.9029605454
 241587.6822670315
 241770.7812259031
 241932.5241146633
 242074.235210815
 242197.2387918612
 242302.8591353049
 242392.4205186491
 242467.2472193968
 242528.6635150509
 242577.9936831145
 242616.5620010905
 242645.6927464819
 242666.7101967918
 242680.938629523
 242689.7023221786
 242694.3255522616
 242696.132597275
 242696.4477347217
 242696.5952421047
 242697.8993969271
 242701.6844766917
 242709.2747589017
 242721.9945210599
 242741.1680406694
 242768.1195952331
 242804.1734622541
 242850.6539192353
 242908.8852436797
 242980.1917130903
 243065.8976049701
 243167.3271968221
 243285.8047661493
 243422.6545904545
 243579.200947241
 243756.7681140115
 243956.6803682692
 244180.2619875169
 244428.8372492577
 244703.7304309946
 245006.2658102305
 245337.7676644685
 245699.5602712116
 246092.9679079626
 246519.3148522246
 246979.9253815007
 247476.1237732936
 248009.2343051066
 248580.5812544425
 249191.4888988044
 249843.2815156952
 250537.2833826178
 251274.8187770754
 252057.2119765709
 252885.7872586072
 253761.8689006874
 254686.7811803145
 255661.8483749913
 256688.394762221
 257767.7446195065
 258901.2222243508
 260090.1518542569
 261335.8577867277
 262639.6642992663
 264002.8956693757
 265426.8761745587
 266912.9300923185
 268462.381700158
 270076.5552755801
 271756.7750960879
 273504.3654391845
 275320.6505823726
 277206.9548031554
 279164.6023790358
 281194.9175875168
 283299.2247061014
 285478.8480122926
 287735.1117835934
 290069.3402975067


# name: QUERY
# type: sq_string
# elements: 1
# length: 2
Q2


# name: DATASIZE
# type: sq_string
# elements: 1
# length: 2
40


