# Created by Octave 3.8.2, Mon May 23 09:55:38 2016 CEST <Andrea@Andreas-MacBook-Pro.local>
# name: x
# type: matrix
# rows: 1
# columns: 100
 0.05 0.05075757575757576 0.05151515151515151 0.05227272727272728 0.05303030303030302 0.05378787878787879 0.05454545454545455 0.0553030303030303 0.05606060606060606 0.05681818181818182 0.05757575757575757 0.05833333333333333 0.0590909090909091 0.05984848484848485 0.06060606060606061 0.06136363636363637 0.06212121212121212 0.06287878787878788 0.06363636363636363 0.06439393939393939 0.06515151515151515 0.0659090909090909 0.06666666666666667 0.06742424242424243 0.06818181818181818 0.06893939393939394 0.0696969696969697 0.07045454545454545 0.07121212121212121 0.07196969696969698 0.07272727272727272 0.07348484848484849 0.07424242424242425 0.075 0.07575757575757576 0.07651515151515152 0.07727272727272727 0.07803030303030303 0.07878787878787878 0.07954545454545454 0.08030303030303029 0.08106060606060606 0.08181818181818182 0.08257575757575757 0.08333333333333333 0.08409090909090909 0.08484848484848484 0.0856060606060606 0.08636363636363636 0.08712121212121211 0.08787878787878788 0.08863636363636364 0.08939393939393939 0.09015151515151515 0.09090909090909091 0.09166666666666666 0.09242424242424242 0.09318181818181819 0.09393939393939393 0.0946969696969697 0.09545454545454546 0.09621212121212121 0.09696969696969697 0.09772727272727273 0.09848484848484848 0.09924242424242424 0.1 0.1007575757575758 0.1015151515151515 0.1022727272727273 0.103030303030303 0.1037878787878788 0.1045454545454545 0.1053030303030303 0.1060606060606061 0.1068181818181818 0.1075757575757576 0.1083333333333333 0.1090909090909091 0.1098484848484848 0.1106060606060606 0.1113636363636364 0.1121212121212121 0.1128787878787879 0.1136363636363636 0.1143939393939394 0.1151515151515151 0.1159090909090909 0.1166666666666667 0.1174242424242424 0.1181818181818182 0.1189393939393939 0.1196969696969697 0.1204545454545455 0.1212121212121212 0.121969696969697 0.1227272727272727 0.1234848484848485 0.1242424242424242 0.125


# name: y
# type: matrix
# rows: 100
# columns: 1
 241662.5249063236
 240713.4210926144
 239836.131243634
 239026.9380549627
 238282.2230168143
 237598.4664140369
 236972.2473261121
 236400.2436271557
 235879.2319859171
 235406.0878657796
 234977.7855247606
 234591.398015511
 234244.0971853159
 233933.1536760941
 233655.9369243983
 233409.915161415
 233192.6554129646
 233001.8234995015
 232835.1840361139
 232690.6004325236
 232566.0348930867
 232459.5484167929
 232369.3007972657
 232293.5506227628
 232230.6552761754
 232179.0709350287
 232137.3525714819
 232104.1539523279
 232078.2276389935
 232058.4249875394
 232043.6961486601
 232033.0900676841
 232025.7544845737
 232020.935933925
 232017.9797449679
 232016.3300415665
 232015.5297422184
 232015.2205600552
 232015.1430028425
 232015.1363729796
 232015.1387674996
 232015.1870780697
 232015.4169909908
 232016.0629871976
 232017.458342259
 232020.0351263774
 232024.3242043892
 232030.9552357648
 232040.6566746082
 232054.2557696574
 232072.6785642843
 232096.9498964948
 232128.1933989282
 232167.6314988582
 232216.5854181921
 232276.475173471
 232348.8195758701
 232435.2362311982
 232537.4415398982
 232657.2506970468
 232796.5776923544
 232957.4353101654
 233141.9351294582
 233352.2875238449
 233590.8016615713
 233859.8855055175
 234162.0458131972
 234499.8881367579
 234876.116822981
 235293.535013282
 235755.04464371
 236263.6464449481
 236822.4399423132
 237434.6234557561
 238103.4940998614
 238832.4477838476
 239624.9792115673
 240484.6818815065
 241415.2480867855
 242420.4689151582
 243504.2342490124
 244670.5327653699
 245923.4519358863
 247267.1780268511
 248705.9960991874
 250244.2900084527
 251886.5424048377
 253637.3347331676
 255501.3472329011
 257483.3589381307
 259588.247677583
 261820.9900746185
 264186.6615472314
 266690.4363080497
 269337.5873643354
 272133.4865179844
 275083.6043655265
 278193.5102981252
 281468.8725015777
 284915.4579563157


# name: QUERY
# type: sq_string
# elements: 1
# length: 2
Q2


# name: DATASIZE
# type: sq_string
# elements: 1
# length: 2
40


