# Created by Octave 3.8.2, Mon May 23 09:55:38 2016 CEST <Andrea@Andreas-MacBook-Pro.local>
# name: x
# type: matrix
# rows: 1
# columns: 100
 0.05 0.05075757575757576 0.05151515151515151 0.05227272727272728 0.05303030303030302 0.05378787878787879 0.05454545454545455 0.0553030303030303 0.05606060606060606 0.05681818181818182 0.05757575757575757 0.05833333333333333 0.0590909090909091 0.05984848484848485 0.06060606060606061 0.06136363636363637 0.06212121212121212 0.06287878787878788 0.06363636363636363 0.06439393939393939 0.06515151515151515 0.0659090909090909 0.06666666666666667 0.06742424242424243 0.06818181818181818 0.06893939393939394 0.0696969696969697 0.07045454545454545 0.07121212121212121 0.07196969696969698 0.07272727272727272 0.07348484848484849 0.07424242424242425 0.075 0.07575757575757576 0.07651515151515152 0.07727272727272727 0.07803030303030303 0.07878787878787878 0.07954545454545454 0.08030303030303029 0.08106060606060606 0.08181818181818182 0.08257575757575757 0.08333333333333333 0.08409090909090909 0.08484848484848484 0.0856060606060606 0.08636363636363636 0.08712121212121211 0.08787878787878788 0.08863636363636364 0.08939393939393939 0.09015151515151515 0.09090909090909091 0.09166666666666666 0.09242424242424242 0.09318181818181819 0.09393939393939393 0.0946969696969697 0.09545454545454546 0.09621212121212121 0.09696969696969697 0.09772727272727273 0.09848484848484848 0.09924242424242424 0.1 0.1007575757575758 0.1015151515151515 0.1022727272727273 0.103030303030303 0.1037878787878788 0.1045454545454545 0.1053030303030303 0.1060606060606061 0.1068181818181818 0.1075757575757576 0.1083333333333333 0.1090909090909091 0.1098484848484848 0.1106060606060606 0.1113636363636364 0.1121212121212121 0.1128787878787879 0.1136363636363636 0.1143939393939394 0.1151515151515151 0.1159090909090909 0.1166666666666667 0.1174242424242424 0.1181818181818182 0.1189393939393939 0.1196969696969697 0.1204545454545455 0.1212121212121212 0.121969696969697 0.1227272727272727 0.1234848484848485 0.1242424242424242 0.125


# name: y
# type: matrix
# rows: 100
# columns: 1
 245927.7439047325
 245123.5298676482
 244340.1360530544
 243577.562460951
 242835.8090913381
 242114.8759442157
 241414.7630195837
 240735.4703174423
 240076.9978377912
 239439.3455806306
 238822.5135459605
 238226.5017337809
 237651.3101440918
 237096.938776893
 236563.3876321848
 236050.6567099671
 235558.7460102398
 235087.655533003
 234637.3852782566
 234207.9352460007
 233799.3054362353
 233411.4958489603
 233044.5064841758
 232698.3373418818
 232372.9884220782
 232068.4597247651
 231784.7512499425
 231521.8629976103
 231279.7949677686
 231058.5471604174
 230858.1195755567
 230678.5122131864
 230519.7250733065
 230381.7581559172
 230264.6114610183
 230168.2849886098
 230092.7787386919
 230038.0927112644
 230004.2269063274
 229991.1813238808
 229998.9559639247
 230027.5508264591
 230076.9659114839
 230147.2012189993
 230238.256749005
 230350.1325015013
 230482.828476488
 230636.3446739652
 230810.6810939328
 231005.8377363909
 231221.8146013395
 231458.6116887785
 231716.228998708
 231994.666531128
 232293.9242860385
 232614.0022634394
 232954.9004633308
 233316.6188857126
 233699.1575305849
 234102.5163979477
 234526.6954878009
 234971.6948001446
 235437.5143349788
 235924.1540923035
 236431.6140721186
 236959.8942744242
 237508.9946992202
 238078.9153465067
 238669.6562162837
 239281.2173085512
 239913.5986233091
 240566.8001605575
 241240.8219202963
 241935.6639025256
 242651.3261072454
 243387.8085344556
 244145.1111841564
 244923.2340563475
 245722.1771510292
 246541.9404682013
 247382.5240078639
 248243.9277700169
 249126.1517546604
 250029.1959617944
 250953.0603914189
 251897.7450435338
 252863.2499181392
 253849.5750152351
 254856.7203348214
 255884.6858768982
 256933.4716414654
 258003.0776285231
 259093.5038380713
 260204.7502701099
 261336.816924639
 262489.7038016586
 263663.4109011687
 264857.9382231692
 266073.2857676602
 267309.4535346417


# name: QUERY
# type: sq_string
# elements: 1
# length: 2
Q2


# name: DATASIZE
# type: sq_string
# elements: 1
# length: 2
40


