# Created by Octave 3.8.2, Mon May 23 09:55:38 2016 CEST <Andrea@Andreas-MacBook-Pro.local>
# name: x
# type: matrix
# rows: 1
# columns: 100
 0.05 0.05075757575757576 0.05151515151515151 0.05227272727272728 0.05303030303030302 0.05378787878787879 0.05454545454545455 0.0553030303030303 0.05606060606060606 0.05681818181818182 0.05757575757575757 0.05833333333333333 0.0590909090909091 0.05984848484848485 0.06060606060606061 0.06136363636363637 0.06212121212121212 0.06287878787878788 0.06363636363636363 0.06439393939393939 0.06515151515151515 0.0659090909090909 0.06666666666666667 0.06742424242424243 0.06818181818181818 0.06893939393939394 0.0696969696969697 0.07045454545454545 0.07121212121212121 0.07196969696969698 0.07272727272727272 0.07348484848484849 0.07424242424242425 0.075 0.07575757575757576 0.07651515151515152 0.07727272727272727 0.07803030303030303 0.07878787878787878 0.07954545454545454 0.08030303030303029 0.08106060606060606 0.08181818181818182 0.08257575757575757 0.08333333333333333 0.08409090909090909 0.08484848484848484 0.0856060606060606 0.08636363636363636 0.08712121212121211 0.08787878787878788 0.08863636363636364 0.08939393939393939 0.09015151515151515 0.09090909090909091 0.09166666666666666 0.09242424242424242 0.09318181818181819 0.09393939393939393 0.0946969696969697 0.09545454545454546 0.09621212121212121 0.09696969696969697 0.09772727272727273 0.09848484848484848 0.09924242424242424 0.1 0.1007575757575758 0.1015151515151515 0.1022727272727273 0.103030303030303 0.1037878787878788 0.1045454545454545 0.1053030303030303 0.1060606060606061 0.1068181818181818 0.1075757575757576 0.1083333333333333 0.1090909090909091 0.1098484848484848 0.1106060606060606 0.1113636363636364 0.1121212121212121 0.1128787878787879 0.1136363636363636 0.1143939393939394 0.1151515151515151 0.1159090909090909 0.1166666666666667 0.1174242424242424 0.1181818181818182 0.1189393939393939 0.1196969696969697 0.1204545454545455 0.1212121212121212 0.121969696969697 0.1227272727272727 0.1234848484848485 0.1242424242424242 0.125


# name: y
# type: matrix
# rows: 100
# columns: 1
 240715.542193325
 240178.4423873364
 239707.3452133219
 239295.5960186831
 238937.056575843
 238626.0776438498
 238357.4722791207
 238126.4898953243
 237928.7910724012
 237760.4231147243
 237617.7963583973
 237497.6612276924
 237397.0860406268
 237313.4355636778
 237244.3503156373
 237187.7266206042
 237141.6974101167
 237104.6137744226
 237075.0272628893
 237051.6729335513
 237033.4531517983
 237019.4221382006
 237008.7712654743
 237000.8151045847
 236994.9782199892
 236990.7827140184
 236987.8365203965
 236985.8224469003
 236984.4879671572
 236983.635761582
 236983.1150074523
 236982.813418123
 236982.6500313799
 236982.5687469316
 236982.5326130402
 236982.5188622916
 236982.5146965041
 236982.5138207755
 236982.5137266699
 236982.5137245428
 236982.5137250047
 236982.5137695246
 236982.5143101715
 236982.5172384948
 236982.5276635437
 236982.5564390258
 236982.6234396038
 236982.7615863316
 236983.0216212291
 236983.4776309957
 236984.2333198631
 236985.4290315859
 236987.2495205726
 236989.932472154
 236993.7777719913
 236999.1575246225
 237006.5268211484
 237016.4352560564
 237029.5391931841
 237046.6147808213
 237068.5717159506
 237096.4677576274
 237131.5239894986
 237175.1408314597
 237228.914800451
 237294.6560203932
 237374.4064812609
 237470.4590472954
 237585.3772143567
 237722.0156164136
 237883.541281173
 238073.4556348485
 238295.6172560668
 238554.2653789141
 238854.0441451204
 239200.0276053832
 239597.7454698296
 240053.2096076183
 240572.9412956785
 241163.9992165897
 241834.0082055992
 242591.1887467786
 243444.387218319
 244403.1068869659
 245477.5396515918
 246678.5985359082
 248017.9509303166
 249508.0525828981
 251162.1823395418
 252994.4776332119
 255019.9707223546
 257254.6256784423
 259715.3761226578
 262420.1637117172
 265387.977372831
 268638.8932878049
 272194.1156262786
 276076.0180281044
 280308.1858348637
 284915.4590705229


# name: QUERY
# type: sq_string
# elements: 1
# length: 2
Q2


# name: DATASIZE
# type: sq_string
# elements: 1
# length: 2
40


