# Created by Octave 4.0.0, Thu May 12 00:29:34 2016 CEST <peter@Independence>
# name: y
# type: matrix
# rows: 1
# columns: 100
 295342.2659757973 295209.402740862 295076.5395059268 294943.6762709914 294810.8130360562 294677.9498011209 294545.0865661856 294412.2233312503 294279.360096315 294146.4968613798 294013.6336264445 293880.7703915092 293747.9071565739 293615.0439216386 293482.1806867034 293349.3174517681 293216.4542168328 293083.5909818975 292950.7277469622 292817.864512027 292685.0012770916 292552.1380421564 292419.2748072211 292286.4115722858 292153.5483373505 292020.6851024152 291887.8218674799 291754.9586325447 291622.0953976093 291489.2321626741 291356.3689277388 291223.5056928035 291090.6424578683 290957.7792229329 290824.9159879977 290692.0527530624 290559.1895181271 290426.3262831918 290293.4630482565 290160.5998133213 290027.736578386 289894.8733434507 289762.0101085154 289629.1468735801 289496.2836386448 289363.4204037095 289230.5571687742 289097.693933839 288964.8306989037 288831.9674639684 288699.1042290331 288566.2409940978 288433.3777591626 288300.5145242273 288167.651289292 288034.7880543567 287901.9248194214 287769.0615844862 287636.1983495508 287503.3351146156 287370.4718796803 287237.608644745 287104.7454098097 286971.8821748744 286839.0189399392 286706.1557050039 286573.2924700686 286440.4292351333 286307.566000198 286174.7027652627 286041.8395303275 285908.9762953921 285776.1130604569 285643.2498255216 285510.3865905863 285377.523355651 285244.6601207157 285111.7968857805 284978.9336508452 284846.0704159099 284713.2071809746 284580.3439460393 284447.4807111041 284314.6174761687 284181.7542412335 284048.8910062982 283916.0277713629 283783.1645364276 283650.3013014923 283517.438066557 283384.5748316218 283251.7115966865 283118.8483617512 282985.9851268159 282853.1218918806 282720.2586569454 282587.39542201 282454.5321870748 282321.6689521395 282188.8057172042


