# Created by Octave 4.0.0, Thu May 12 00:26:13 2016 CEST <peter@Independence>
# name: sigma
# type: matrix
# rows: 1
# columns: 13
 320288.3892273742 427.2870163755998 357.9677746478508 21885.64018074524 59236.4241370278 2376.499861995806 3640.041801956157 58012.04544989503 242078.9238550138 95991548.25672828 96785404.0984527 271.6330355013668 20.91871404777106


