# Created by Octave 4.0.0, Thu May 12 00:29:34 2016 CEST <peter@Independence>
# name: y
# type: matrix
# rows: 100
# columns: 1
 207209.2168213227
 206554.9547926064
 205933.2116990932
 205344.1066995376
 204787.7472355623
 204264.2290307745
 203773.6360976589
 203316.0407521832
 202891.5036360508
 202500.0737465177
 202141.7884737033
 201816.6736452914
 201524.7435785308
 201266.0011394325
 201040.4378090387
 200848.0337566679
 200688.7579199877
 200562.5680917985
 200469.4110133893
 200409.2224743144
 200381.9274184557
 200387.4400562045
 200425.663982612
 200496.4923013386
 200599.8077542408
 200735.4828564159
 200903.3800365311
 201103.3517822591
 201335.2407906282
 201598.880123111
 201894.0933652484
 202220.6947906319
 202578.4895290277
 202967.273738469
 203386.8347810984
 203836.9514025711
 204317.3939148075
 204827.9243819045
 205368.2968089876
 205938.2573338129
 206537.5444209022
 207165.8890580203
 207823.0149547784
 208508.6387431717
 209222.4701798366
 209964.2123498421
 210733.5618718003
 211530.2091041123
 212353.838352139
 213204.128076121
 214080.7510996403
 214983.3748184432
 215911.6614094399
 216865.2680396916
 217843.847075216
 218847.0462894255
 219874.5090710295
 220925.8746312377
 222000.7782100904
 223098.8512817654
 224219.7217586979
 225363.0141943676
 226528.3499846035
 227715.3475672652
 228923.6226201654
 230152.7882570939
 231402.455221832
 232672.2320800131
 233961.7254087333
 235270.53998379
 236598.2789644412
 237944.5440755921
 239308.9357873047
 240691.0534915499
 242090.4956761083
 243506.8600955486
 244939.7439392035
 246388.7439960832
 247853.4568166496
 249333.4788714171
 250828.4067062989
 252337.8370946792
 253861.3671861541
 255398.5946519083
 256949.1178267023
 258512.5358474361
 260088.4487882734
 261676.4577923136
 263276.1651997906
 264887.1746728024
 266509.0913165621
 268141.5217971793
 269784.0744559741
 271436.3594203354
 273097.9887111425
 274768.5763467636
 276447.7384436629
 278135.0933136296
 279830.2615576754
 281532.8661566194


