# Created by Octave 4.0.0, Thu May 12 00:29:34 2016 CEST <peter@Independence>
# name: y
# type: matrix
# rows: 100
# columns: 1
 288005.4422206013
 287990.0902613671
 287974.738302133
 287959.3863428989
 287944.0343836648
 287928.6824244307
 287913.3304651967
 287897.9785059625
 287882.6265467284
 287867.2745874943
 287851.9226282602
 287836.5706690261
 287821.218709792
 287805.8667505579
 287790.5147913238
 287775.1628320897
 287759.8108728556
 287744.4589136215
 287729.1069543874
 287713.7549951533
 287698.4030359192
 287683.0510766851
 287667.699117451
 287652.3471582169
 287636.9951989828
 287621.6432397487
 287606.2912805146
 287590.9393212805
 287575.5873620464
 287560.2354028122
 287544.8834435781
 287529.531484344
 287514.1795251099
 287498.8275658758
 287483.4756066417
 287468.1236474076
 287452.7716881735
 287437.4197289394
 287422.0677697053
 287406.7158104713
 287391.3638512371
 287376.011892003
 287360.6599327689
 287345.3079735348
 287329.9560143007
 287314.6040550665
 287299.2520958325
 287283.9001365984
 287268.5481773644
 287253.1962181301
 287237.8442588961
 287222.4922996619
 287207.1403404279
 287191.7883811938
 287176.4364219595
 287161.0844627256
 287145.7325034914
 287130.3805442573
 287115.0285850231
 287099.6766257892
 287084.324666555
 287068.9727073209
 287053.6207480868
 287038.2687888527
 287022.9168296187
 287007.5648703845
 286992.2129111505
 286976.8609519163
 286961.5089926821
 286946.1570334479
 286930.8050742139
 286915.4531149799
 286900.1011557457
 286884.7491965117
 286869.3972372775
 286854.0452780435
 286838.6933188094
 286823.341359575
 286807.9894003412
 286792.637441107
 286777.2854818731
 286761.9335226388
 286746.5815634047
 286731.2296041705
 286715.8776449363
 286700.5256857023
 286685.1737264683
 286669.8217672342
 286654.469808
 286639.1178487659
 286623.7658895319
 286608.4139302978
 286593.0619710638
 286577.7100118294
 286562.3580525953
 286547.0060933614
 286531.6541341273
 286516.3021748931
 286500.9502156589
 286485.598256425


