# Created by Octave 4.0.0, Thu May 12 00:29:34 2016 CEST <peter@Independence>
# name: x
# type: matrix
# rows: 1
# columns: 100
 144 2837764.676767677 5675385.353535354 8513006.030303031 11350626.70707071 14188247.38383839 17025868.06060606 19863488.73737374 22701109.41414141 25538730.09090909 28376350.76767677 31213971.44444445 34051592.12121212 36889212.7979798 39726833.47474747 42564454.15151515 45402074.82828283 48239695.5050505 51077316.18181819 53914936.85858586 56752557.53535354 59590178.21212121 62427798.88888889 65265419.56565656 68103040.24242425 70940660.91919191 73778281.5959596 76615902.27272727 79453522.94949494 82291143.62626262 85128764.3030303 87966384.97979797 90804005.65656565 93641626.33333334 96479247.01010101 99316867.6868687 102154488.3636364 104992109.040404 107829729.7171717 110667350.3939394 113504971.0707071 116342591.7474747 119180212.4242424 122017833.1010101 124855453.7777778 127693074.4545454 130530695.1313131 133368315.8080808 136205936.4848485 139043557.1616161 141881177.8383838 144718798.5151515 147556419.1919192 150394039.8686869 153231660.5454545 156069281.2222222 158906901.8989899 161744522.5757576 164582143.2525252 167419763.9292929 170257384.6060606 173095005.2828283 175932625.9595959 178770246.6363636 181607867.3131313 184445487.989899 187283108.6666667 190120729.3434343 192958350.020202 195795970.6969697 198633591.3737374 201471212.050505 204308832.7272727 207146453.4040404 209984074.0808081 212821694.7575758 215659315.4343434 218496936.1111111 221334556.7878788 224172177.4646465 227009798.1414141 229847418.8181818 232685039.4949495 235522660.1717172 238360280.8484848 241197901.5252526 244035522.2020202 246873142.8787878 249710763.5555556 252548384.2323232 255386004.9090909 258223625.5858586 261061246.2626262 263898866.9393939 266736487.6161616 269574108.2929293 272411728.969697 275249349.6464646 278086970.3232323 280924591


