# Created by Octave 4.0.0, Thu May 12 00:29:34 2016 CEST <peter@Independence>
# name: y
# type: matrix
# rows: 100
# columns: 1
 235501.9478435481
 235606.7653677054
 235698.735953617
 235778.6994841224
 235847.4958420612
 235905.9649102732
 235954.9465715977
 235995.2807088746
 236027.8072049433
 236053.3659426435
 236072.7968048148
 236086.9396742967
 236096.6344339289
 236102.7209665511
 236106.0391550027
 236107.4288821234
 236107.7300307529
 236107.7824837306
 236108.4261238963
 236110.5008340894
 236114.8464971497
 236122.3029959168
 236133.7102132301
 236149.9080319295
 236171.7363348543
 236200.0350048443
 236235.643924739
 236279.4029773782
 236332.1520456012
 236394.7310122479
 236467.9797601577
 236552.7381721702
 236649.8461311252
 236760.1435198622
 236884.4702212207
 237023.6661180405
 237178.571093161
 237350.025029422
 237538.8678096629
 237745.9393167235
 237972.0794334433
 238218.1280426618
 238484.9250272189
 238773.310269954
 239084.1236537067
 239418.2050613166
 239776.3943756234
 240159.5314794666
 240568.4562556859
 241004.0085871209
 241467.0283566111
 241958.3554469962
 242478.8297411158
 243029.2911218095
 243610.5794719168
 244223.5346742774
 244868.996611731
 245547.805167117
 246260.8002232751
 247008.8216630449
 247792.709369266
 248613.3032247781
 249471.4431124206
 250367.9689150334
 251303.7205154558
 252279.5377965276
 253296.2606410883
 254354.7289319775
 255455.782552035
 256600.2613841
 257789.0053110126
 259022.8542156121
 260302.6479807382
 261629.2264892303
 263003.4296239283
 264426.0972676717
 265898.0693033001
 267420.185613653
 268993.2860815702
 270618.2105898911
 272295.7990214555
 274026.8912591028
 275812.3271856729
 277652.9466840051
 279549.5896369391
 281503.0959273146
 283514.305437971
 285584.0580517481
 287713.1936514856
 289902.5521200228
 292152.9733401994
 294465.2971948551
 296840.3635668295
 299279.0123389622
 301782.0833940927
 304350.4166150608
 306984.8518847058
 309686.2290858676
 312455.3881013858
 315293.1688140997


