# Created by Octave 4.0.0, Mon May 09 12:04:21 2016 CEST <peter@Independence>
# name: y
# type: matrix
# rows: 1
# columns: 100
 214110.5381804987 213625.9620800128 213141.385979527 212656.8098790412 212172.2337785554 211687.6576780696 211203.0815775838 210718.505477098 210233.9293766122 209749.3532761263 209264.7771756405 208780.2010751547 208295.6249746689 207811.0488741831 207326.4727736973 206841.8966732114 206357.3205727256 205872.7444722398 205388.168371754 204903.5922712682 204419.0161707824 203934.4400702966 203449.8639698108 202965.287869325 202480.7117688392 201996.1356683533 201511.5595678675 201026.9834673817 200542.4073668959 200057.8312664101 199573.2551659243 199088.6790654385 198604.1029649526 198119.5268644668 197634.950763981 197150.3746634952 196665.7985630094 196181.2224625236 195696.6463620378 195212.0702615519 194727.4941610661 194242.9180605803 193758.3419600945 193273.7658596087 192789.1897591229 192304.6136586371 191820.0375581513 191335.4614576655 190850.8853571796 190366.3092566938 189881.733156208 189397.1570557222 188912.5809552364 188428.0048547506 187943.4287542648 187458.8526537789 186974.2765532931 186489.7004528073 186005.1243523215 185520.5482518357 185035.9721513499 184551.3960508641 184066.8199503782 183582.2438498924 183097.6677494066 182613.0916489208 182128.515548435 181643.9394479492 181159.3633474634 180674.7872469776 180190.2111464918 179705.6350460059 179221.0589455201 178736.4828450343 178251.9067445485 177767.3306440627 177282.7545435769 176798.178443091 176313.6023426052 175829.0262421194 175344.4501416336 174859.8740411478 174375.297940662 173890.7218401762 173406.1457396904 172921.5696392045 172436.9935387187 171952.4174382329 171467.8413377471 170983.2652372613 170498.6891367755 170014.1130362897 169529.5369358039 169044.9608353181 168560.3847348322 168075.8086343464 167591.2325338606 167106.6564333748 166622.080332889 166137.5042324032


