# Created by Octave 4.0.0, Mon May 09 12:04:21 2016 CEST <peter@Independence>
# name: y
# type: matrix
# rows: 100
# columns: 1
 217093.3922125585
 216527.1079464574
 215960.8236803563
 215394.5394142553
 214828.2551481542
 214261.9708820531
 213695.6866159521
 213129.4023498509
 212563.1180837499
 211996.8338176488
 211430.5495515477
 210864.2652854466
 210297.9810193455
 209731.6967532445
 209165.4124871434
 208599.1282210423
 208032.8439549412
 207466.5596888401
 206900.2754227391
 206333.991156638
 205767.7068905369
 205201.4226244358
 204635.1383583347
 204068.8540922336
 203502.5698261326
 202936.2855600315
 202370.0012939304
 201803.7170278293
 201237.4327617282
 200671.1484956272
 200104.8642295261
 199538.579963425
 198972.2956973239
 198406.0114312228
 197839.7271651218
 197273.4428990207
 196707.1586329196
 196140.8743668185
 195574.5901007174
 195008.3058346164
 194442.0215685153
 193875.7373024142
 193309.4530363131
 192743.168770212
 192176.8845041109
 191610.6002380099
 191044.3159719088
 190478.0317058077
 189911.7474397066
 189345.4631736055
 188779.1789075045
 188212.8946414034
 187646.6103753023
 187080.3261092012
 186514.0418431001
 185947.7575769991
 185381.473310898
 184815.1890447969
 184248.9047786958
 183682.6205125947
 183116.3362464937
 182550.0519803926
 181983.7677142915
 181417.4834481904
 180851.1991820893
 180284.9149159882
 179718.6306498871
 179152.3463837861
 178586.062117685
 178019.7778515839
 177453.4935854828
 176887.2093193817
 176320.9250532807
 175754.6407871796
 175188.3565210785
 174622.0722549774
 174055.7879888763
 173489.5037227753
 172923.2194566742
 172356.9351905731
 171790.650924472
 171224.3666583709
 170658.0823922699
 170091.7981261688
 169525.5138600677
 168959.2295939666
 168392.9453278655
 167826.6610617644
 167260.3767956634
 166694.0925295623
 166127.8082634612
 165561.5239973601
 164995.239731259
 164428.955465158
 163862.6711990569
 163296.3869329558
 162730.1026668547
 162163.8184007536
 161597.5341346526
 161031.2498685515


