# Created by Octave 4.0.0, Mon May 09 12:04:21 2016 CEST <peter@Independence>
# name: y
# type: matrix
# rows: 100
# columns: 1
 187110.5472799048
 186664.4691640971
 186236.3277182363
 185825.7548777077
 185432.3825778968
 185055.8427541893
 184695.7673419704
 184351.7882766258
 184023.5374935409
 183710.6469281012
 183412.7485156922
 183129.4741916993
 182860.4558915081
 182605.325550504
 182363.7151040725
 182135.2564875991
 181919.5816364693
 181716.3224860686
 181525.1109717825
 181345.5790289963
 181177.3585930957
 181020.0815994662
 180873.379983493
 180736.8856805619
 180610.2306260583
 180493.0467553675
 180384.9660038753
 180285.6203069669
 180194.641600028
 180111.6618184439
 180036.3128976002
 179968.2267728824
 179907.0353796759
 179852.3706533662
 179803.8645293388
 179761.1489429793
 179723.855829673
 179691.6171248055
 179664.0647637622
 179640.8306819287
 179621.5468146903
 179605.8450974328
 179593.3574655413
 179583.7158544016
 179576.552199399
 179571.4984359191
 179568.1864993472
 179566.248325069
 179565.3158484699
 179565.0210049354
 179564.995729851
 179564.8719586021
 179564.2816265742
 179562.8566691529
 179560.2290217235
 179556.0306196717
 179549.8933983828
 179541.4492932424
 179530.330239636
 179516.1681729489
 179498.5950285668
 179477.2427418751
 179451.7432482592
 179421.7284831048
 179386.8303817972
 179346.6808797219
 179300.9119122645
 179249.1554148103
 179191.043322745
 179126.2075714539
 179054.2800963226
 178974.8928327366
 178887.6777160813
 178792.2666817422
 178688.2916651047
 178575.3846015545
 178453.177426477
 178321.3020752576
 178179.3904832819
 178027.0745859352
 177863.9863186032
 177689.7576166713
 177504.020415525
 177306.4066505497
 177096.548257131
 176874.0771706543
 176638.6253265051
 176389.824660069
 176127.3071067313
 175850.7046018776
 175559.6490808933
 175253.7724791641
 174932.7067320752
 174596.0837750122
 174243.5355433607
 173874.693972506
 173489.1909978337
 173086.6585547292
 172666.7285785781
 172229.0330047658


