# Created by Octave 4.0.0, Mon May 09 12:04:21 2016 CEST <peter@Independence>
# name: y
# type: matrix
# rows: 100
# columns: 1
 218455.0125231954
 217748.1597533514
 217028.8297750933
 216297.2163927238
 215553.5242574727
 214797.9688191641
 214030.7762665587
 213252.1834563259
 212462.4378306087
 211661.7973231626
 210850.5302540622
 210028.9152129848
 209197.2409310928
 208355.8061415556
 207504.9194287615
 206644.8990662892
 205776.0728437208
 204898.7778823948
 204013.3604402108
 203120.1757056151
 202219.5875809079
 201311.9684550308
 200397.6989660061
 199477.1677532141
 198550.77119971
 197618.9131647948
 196682.0047070711
 195740.4637982245
 194794.7150277898
 193845.1892991706
 192892.3235171961
 191936.5602675115
 190978.3474881095
 190018.1381333246
 189056.3898306221
 188093.5645305253
 187130.1281500366
 186166.5502099169
 185203.3034661992
 184240.8635363215
 183279.7085202732
 182320.3186171582
 181363.1757375851
 180408.763112305
 179457.5648975205
 178510.0657773005
 177566.7505635381
 176628.1037938953
 175694.609328184
 174766.749943636
 173845.0069295172
 172929.8596815472
 172021.785296585
 171121.2581680442
 170228.7495825021
 169344.7273179689
 168469.6552442786
 167603.9929260688
 166748.1952288089
 165902.7119283369
 165067.9873243629
 164244.4598583911
 163432.5617365104
 162632.718557497
 161845.3489466679
 161070.8641959181
 160309.6679103663
 159562.1556620283
 158828.7146509259
 158109.7233740367
 157405.5513024713
 156716.5585672658
 156043.0956541562
 155385.503107699
 154744.1112450855
 154119.2398799859
 153511.1980567494
 152920.2837952705
 152346.7838468189
 151790.9734611168
 151253.1161649331
 150733.4635524477
 150232.2550876263
 149749.717918827
 149286.0667058478
 148841.5034596045
 148416.2173946148
 148010.3847944444
 147624.1688902569
 147257.7197525892
 146911.1741964603
 146584.6556998978
 146278.274335956
 145992.1267182746
 145726.295960215
 145480.8516475883
 145255.8498249746
 145051.3329956135
 144867.3301348279
 144703.856716926


