# Created by Octave 4.0.0, Mon May 09 11:40:16 2016 CEST <peter@Independence>
# name: y
# type: matrix
# rows: 1
# columns: 100
 1794904.716771397 1782085.857594197 1769266.998416997 1756448.139239797 1743629.280062597 1730810.420885397 1717991.561708197 1705172.702530997 1692353.843353797 1679534.984176597 1666716.124999397 1653897.265822197 1641078.406644997 1628259.547467798 1615440.688290597 1602621.829113398 1589802.969936198 1576984.110758998 1564165.251581798 1551346.392404598 1538527.533227398 1525708.674050198 1512889.814872998 1500070.955695798 1487252.096518598 1474433.237341398 1461614.378164198 1448795.518986999 1435976.659809798 1423157.800632599 1410338.941455399 1397520.082278199 1384701.223100999 1371882.363923799 1359063.504746599 1346244.645569399 1333425.786392199 1320606.927214999 1307788.068037799 1294969.208860599 1282150.349683399 1269331.490506199 1256512.631329 1243693.7721518 1230874.9129746 1218056.0537974 1205237.1946202 1192418.335443 1179599.4762658 1166780.6170886 1153961.7579114 1141142.8987342 1128324.039557 1115505.1803798 1102686.3212026 1089867.4620254 1077048.6028482 1064229.743671 1051410.884493801 1038592.025316601 1025773.166139401 1012954.306962201 1000135.447785001 987316.588607801 974497.729430601 961678.8702534011 948860.0110762012 936041.1518990012 923222.2927218013 910403.4335446013 897584.5743674014 884765.7151902015 871946.8560130016 859127.9968358016 846309.1376586016 833490.2784814017 820671.4193042018 807852.5601270018 795033.7009498019 782214.8417726022 769395.9825954023 756577.1234182022 743758.2642410023 730939.4050638024 718120.5458866023 705301.6867094025 692482.8275322026 679663.9683550027 666845.1091778026 654026.2500006028 641207.3908234029 628388.5316462028 615569.672469003 602750.8132918031 589931.9541146032 577113.0949374031 564294.2357602032 551475.3765830034 538656.5174058033 525837.6582286034


