# Created by Octave 4.0.0, Mon May 09 11:40:16 2016 CEST <peter@Independence>
# name: y
# type: matrix
# rows: 100
# columns: 1
 1704595.282716412
 1694246.907266579
 1683898.531816747
 1673550.156366914
 1663201.780917081
 1652853.405467248
 1642505.030017416
 1632156.654567583
 1621808.27911775
 1611459.903667917
 1601111.528218084
 1590763.152768252
 1580414.777318419
 1570066.401868586
 1559718.026418753
 1549369.650968921
 1539021.275519088
 1528672.900069255
 1518324.524619422
 1507976.14916959
 1497627.773719757
 1487279.398269924
 1476931.022820091
 1466582.647370259
 1456234.271920426
 1445885.896470593
 1435537.521020761
 1425189.145570928
 1414840.770121095
 1404492.394671262
 1394144.019221429
 1383795.643771597
 1373447.268321764
 1363098.892871931
 1352750.517422098
 1342402.141972266
 1332053.766522433
 1321705.3910726
 1311357.015622767
 1301008.640172935
 1290660.264723102
 1280311.889273269
 1269963.513823436
 1259615.138373604
 1249266.762923771
 1238918.387473938
 1228570.012024105
 1218221.636574273
 1207873.26112444
 1197524.885674607
 1187176.510224774
 1176828.134774941
 1166479.759325109
 1156131.383875276
 1145783.008425443
 1135434.63297561
 1125086.257525778
 1114737.882075945
 1104389.506626112
 1094041.131176279
 1083692.755726447
 1073344.380276614
 1062996.004826781
 1052647.629376948
 1042299.253927116
 1031950.878477283
 1021602.50302745
 1011254.127577617
 1000905.752127785
 990557.3766779518
 980209.0012281191
 969860.6257782864
 959512.2503284536
 949163.8748786208
 938815.4994287881
 928467.1239789553
 918118.7485291227
 907770.3730792898
 897421.997629457
 887073.6221796243
 876725.2467297915
 866376.8712799586
 856028.4958301261
 845680.1203802933
 835331.7449304604
 824983.3694806277
 814634.9940307951
 804286.6185809623
 793938.2431311294
 783589.8676812968
 773241.492231464
 762893.1167816311
 752544.7413317984
 742196.3658819656
 731847.990432133
 721499.6149823002
 711151.2395324673
 700802.8640826347
 690454.4886328019
 680106.1131829692


