# Created by Octave 4.0.0, Mon May 09 11:40:16 2016 CEST <peter@Independence>
# name: y
# type: matrix
# rows: 100
# columns: 1
 1952684.443604006
 1942454.840678773
 1930654.590612657
 1917307.350893299
 1902443.884975172
 1886101.907221041
 1868325.876002787
 1849166.736575475
 1828681.615847376
 1806933.471654848
 1783990.699608293
 1759926.700998164
 1734819.415632891
 1708750.823818937
 1681806.421982966
 1654074.676673797
 1625646.461864989
 1596614.484605464
 1567072.704134618
 1537115.749589548
 1506838.34138585
 1476334.721251252
 1445698.095735181
 1415020.097809971
 1384390.270924215
 1353895.579569778
 1323619.950085721
 1293643.845049805
 1264043.874206712
 1234892.444457185
 1206257.450989777
 1178202.011182632
 1150784.242442572
 1124057.08468857
 1098068.167731892
 1072859.723361341
 1048468.541513945
 1024925.969503901
 1002257.952899664
 980485.1162845478
 959622.8818131533
 939681.6231870661
 920666.8524204865
 902579.4365513485
 885415.8412768459
 869168.3983545065
 853825.593510787
 839372.371537931
 825790.4552353516
 813058.6748624591
 801153.3048137256
 790048.4043015251
 779716.1589354104
 770127.2202151871
 761251.0401065557
 753056.1980391652
 745510.7178546833
 738582.372433828
 732238.9739433369
 726448.6478636323
 721180.0891827708
 716402.7993695969
 712087.3029663996
 708205.342866746
 704730.0535654916
 701636.111883593
 698899.8648787852
 696499.4348531731
 694414.8015592874
 692627.8618863611
 691122.4674778464
 689884.4408890014
 688901.5710395175
 688163.5888502891
 687662.1240755992
 687390.6444520967
 687344.3783840995
 687520.2224710076
 687916.6352571417
 688533.5186472114
 689372.0884820522
 690434.7358093441
 691724.8804128733
 693246.8181816561
 695005.5639069523
 697006.6910909879
 699256.1703361853
 701760.2078579138
 704525.085627404
 707557.0046046474
 710861.9324640257
 714445.4571483636
 718312.6475103882
 722467.9222146341
 726914.9279781429
 731656.4281255027
 736694.2023235174
 742028.9582439464
 747660.2557801807
 753586.4443164803


