# Created by Octave 4.0.0, Mon May 09 11:40:16 2016 CEST <peter@Independence>
# name: y
# type: matrix
# rows: 100
# columns: 1
 1731909.069497223
 1696693.114132762
 1662899.828120476
 1630499.87807166
 1599463.930597611
 1569762.652309623
 1541366.709818992
 1514246.769737014
 1488373.498674983
 1463717.563244195
 1440249.630055946
 1417940.36572153
 1396760.436852243
 1376680.51005938
 1357671.251954238
 1339703.32914811
 1322747.408252293
 1306774.155878082
 1291754.238636771
 1277658.323139657
 1264457.075998036
 1252121.163823201
 1240621.253226449
 1229928.010819074
 1220012.103212373
 1210844.197017641
 1202394.958846172
 1194635.055309263
 1187535.153018208
 1181065.918584303
 1175198.018618844
 1169902.119733125
 1165148.888538442
 1160908.991646091
 1157153.095667366
 1153851.867213564
 1150975.972895979
 1148496.079325906
 1146382.853114642
 1144606.960873482
 1143139.06921372
 1141949.844746652
 1141009.954083574
 1140290.063835781
 1139760.840614568
 1139392.95103123
 1139157.061697064
 1139023.839223363
 1138963.950221425
 1138948.061302543
 1138946.839078014
 1138930.950159132
 1138871.061157193
 1138737.838683493
 1138501.949349326
 1138134.059765989
 1137604.836544776
 1136884.946296982
 1135945.055633904
 1134755.831166837
 1133287.939507075
 1131512.047265914
 1129398.82105465
 1126918.927484578
 1124043.033166992
 1120741.80471319
 1116985.908734465
 1112746.011842114
 1107992.780647432
 1102696.881761713
 1096828.981796253
 1090359.747362349
 1083259.845071294
 1075499.941534385
 1067050.703362916
 1057882.797168183
 1047966.889561482
 1037273.647154108
 1025773.736557356
 1013437.824382521
 1000236.577240899
 986140.661743785
 971120.7445024749
 955147.4921282637
 938191.5712324462
 920223.6484263187
 901214.390321176
 881134.4635283139
 859954.5346590268
 837645.270324611
 814177.3371363616
 789521.4017055733
 763648.1306435427
 736528.1905615643
 708132.2480709339
 678430.9697829457
 647395.0223088965
 614995.0722600812
 581201.7862477945
 545985.8308833328


