# Created by Octave 4.0.0, Mon May 09 11:34:03 2016 CEST <peter@Independence>
# name: y
# type: matrix
# rows: 1
# columns: 100
 72718.3220746669 72722.03074155549 72725.73940844406 72729.44807533265 72733.15674222122 72736.86540910981 72740.57407599839 72744.28274288698 72747.99140977555 72751.70007666414 72755.40874355272 72759.11741044131 72762.82607732988 72766.53474421847 72770.24341110705 72773.95207799564 72777.66074488421 72781.3694117728 72785.07807866138 72788.78674554997 72792.49541243854 72796.20407932713 72799.9127462157 72803.62141310429 72807.33007999287 72811.03874688146 72814.74741377005 72818.45608065862 72822.16474754721 72825.87341443579 72829.58208132438 72833.29074821295 72836.99941510154 72840.70808199012 72844.41674887871 72848.12541576728 72851.83408265587 72855.54274954445 72859.25141643304 72862.96008332161 72866.6687502102 72870.37741709877 72874.08608398736 72877.79475087594 72881.50341776453 72885.2120846531 72888.92075154169 72892.62941843027 72896.33808531886 72900.04675220743 72903.75541909602 72907.4640859846 72911.17275287319 72914.88141976176 72918.59008665035 72922.29875353893 72926.00742042752 72929.71608731609 72933.42475420468 72937.13342109327 72940.84208798184 72944.55075487043 72948.25942175901 72951.9680886476 72955.67675553617 72959.38542242476 72963.09408931334 72966.80275620193 72970.5114230905 72974.22008997909 72977.92875686767 72981.63742375626 72985.34609064483 72989.05475753342 72992.763424422 72996.47209131058 73000.18075819916 73003.88942508775 73007.59809197632 73011.30675886491 73015.01542575349 73018.72409264208 73022.43275953065 73026.14142641924 73029.85009330782 73033.55876019641 73037.26742708498 73040.97609397357 73044.68476086215 73048.39342775074 73052.10209463933 73055.8107615279 73059.51942841649 73063.22809530506 73066.93676219365 73070.64542908223 73074.35409597082 73078.06276285939 73081.77142974798 73085.48009663656


