# Created by Octave 4.0.0, Mon May 09 11:34:03 2016 CEST <peter@Independence>
# name: y
# type: matrix
# rows: 100
# columns: 1
 72356.84521294665
 72368.49367485529
 72379.64698211188
 72390.31588899957
 72400.51114980143
 72410.24351880058
 72419.52375028013
 72428.36259852319
 72436.77081781288
 72444.75916243227
 72452.3383866645
 72459.51924479267
 72466.31249109989
 72472.72887986926
 72478.77916538389
 72484.4741019269
 72489.82444378138
 72494.84094523046
 72499.53436055723
 72503.91544404479
 72507.99494997626
 72511.78363263476
 72515.29224630338
 72518.53154526523
 72521.51228380343
 72524.24521620107
 72526.74109674129
 72529.01067970715
 72531.0647193818
 72532.91397004832
 72534.56918598984
 72536.04112148944
 72537.34053083026
 72538.47816829539
 72539.46478816794
 72540.31114473102
 72541.02799226773
 72541.62608506119
 72542.11617739451
 72542.50902355078
 72542.81537781312
 72543.04599446464
 72543.21162778843
 72543.32303206764
 72543.39096158532
 72543.42617062463
 72543.43941346864
 72543.44144440048
 72543.44301770326
 72543.45488766007
 72543.48780855403
 72543.55253466824
 72543.65982028581
 72543.82041968987
 72544.0450871635
 72544.34457698981
 72544.72964345192
 72545.21104083293
 72545.79952341596
 72546.50584548411
 72547.34076132046
 72548.31502520817
 72549.43939143032
 72550.72461427002
 72552.18144801036
 72553.82064693449
 72555.65296532547
 72557.68915746645
 72559.93997764052
 72562.41618013078
 72565.12851922035
 72568.08774919233
 72571.30462432983
 72574.78989891596
 72578.55432723383
 72582.60866356654
 72586.9636621972
 72591.63007740893
 72596.61866348483
 72601.94017470801
 72607.60536536157
 72613.62498972862
 72620.00980209226
 72626.77055673562
 72633.9180079418
 72641.46290999389
 72649.41601717503
 72657.7880837683
 72666.58986405682
 72675.8321123237
 72685.52558285203
 72695.68102992493
 72706.30920782553
 72717.42087083691
 72729.02677324218
 72741.13766932445
 72753.76431336685
 72766.91745965244
 72780.60786246439
 72794.84627608575


