# Created by Octave 4.0.0, Mon May 09 11:34:03 2016 CEST <peter@Independence>
# name: y
# type: matrix
# rows: 100
# columns: 1
 72702.20799262996
 72706.32283298155
 72710.43767333313
 72714.55251368468
 72718.66735403627
 72722.78219438782
 72726.89703473941
 72731.01187509096
 72735.12671544254
 72739.24155579411
 72743.3563961457
 72747.47123649727
 72751.58607684885
 72755.70091720042
 72759.81575755197
 72763.93059790356
 72768.04543825513
 72772.16027860671
 72776.27511895828
 72780.38995930985
 72784.50479966142
 72788.619640013
 72792.73448036455
 72796.84932071614
 72800.96416106772
 72805.07900141929
 72809.19384177086
 72813.30868212243
 72817.423522474
 72821.53836282557
 72825.65320317715
 72829.76804352872
 72833.88288388029
 72837.99772423186
 72842.11256458343
 72846.22740493501
 72850.34224528658
 72854.45708563815
 72858.57192598972
 72862.6867663413
 72866.80160669287
 72870.91644704444
 72875.03128739601
 72879.14612774759
 72883.26096809916
 72887.37580845073
 72891.4906488023
 72895.60548915387
 72899.72032950545
 72903.83516985702
 72907.95001020859
 72912.06485056016
 72916.17969091174
 72920.29453126331
 72924.40937161488
 72928.52421196645
 72932.63905231803
 72936.7538926696
 72940.86873302117
 72944.98357337274
 72949.09841372431
 72953.21325407589
 72957.32809442746
 72961.44293477903
 72965.5577751306
 72969.67261548217
 72973.78745583375
 72977.90229618532
 72982.01713653689
 72986.13197688847
 72990.24681724004
 72994.36165759161
 72998.47649794318
 73002.59133829475
 73006.70617864632
 73010.8210189979
 73014.93585934947
 73019.05069970104
 73023.16554005262
 73027.28038040419
 73031.39522075574
 73035.51006110733
 73039.6249014589
 73043.73974181048
 73047.85458216204
 73051.96942251362
 73056.08426286519
 73060.19910321677
 73064.31394356837
 73068.42878391991
 73072.54362427148
 73076.65846462306
 73080.77330497462
 73084.88814532623
 73089.00298567778
 73093.11782602935
 73097.23266638092
 73101.34750673248
 73105.46234708406
 73109.57718743563


