# Created by Octave 4.0.0, Mon May 09 11:34:03 2016 CEST <peter@Independence>
# name: y
# type: matrix
# rows: 100
# columns: 1
 72726.89770244672
 72728.43617363299
 72730.15534154839
 72732.04986403076
 72734.1142603089
 72736.34292031282
 72738.73011421665
 72741.27000219536
 72743.95664437734
 72746.78401097299
 72749.74599256027
 72752.83641050647
 72756.04902750639
 72759.37755821578
 72762.8156799592
 72766.35704349098
 72769.99528378804
 72773.72403085277
 72777.53692050463
 72781.4276051388
 72785.3897644301
 72789.41711596107
 72793.50342575244
 72797.64251867516
 72801.82828872273
 72806.05470912364
 72810.31584227295
 72814.60584946375
 72818.91900039867
 72823.24968246224
 72827.59240973607
 72831.94183173873
 72836.29274187272
 72840.64008556228
 72844.97896806608
 72849.30466194906
 72853.61261419968
 72857.8984529782
 72862.1579939837
 72866.38724642752
 72870.58241860232
 72874.73992303619
 72878.85638122304
 72882.92862792073
 72886.95371500957
 72890.92891490506
 72894.85172351961
 72898.71986276862
 72902.53128261803
 72906.2841626708
 72909.97691329138
 72913.60817626759
 72917.17682501127
 72920.68196429897
 72924.12292955605
 72927.49928568774
 72930.81082546205
 72934.05756745055
 72937.23975353355
 72940.35784597743
 72943.4125240929
 72946.40468048348
 72949.33541689465
 72952.20603967489
 72955.01805486038
 72957.77316289645
 72960.47325300885
 72963.12039723928
 72965.71684415989
 72968.26501228208
 72970.76748317576
 72973.22699431548
 72975.64643167045
 72978.02882205593
 72980.37732526386
 72982.69522599081
 72984.9859255819
 72987.25293360946
 72989.49985930514
 72991.73040286516
 72993.94834664726
 72996.1575462793
 72998.36192169855
 73000.56544814107
 73002.77214710046
 73004.98607727513
 73007.21132552311
 73009.45199784328
 73011.71221040125
 73013.99608061872
 73016.30771834361
 73018.65121711911
 73021.03064556851
 73023.45003891255
 73025.91339063576
 73028.42464431727
 73030.98768564151
 73033.60633460336
 73036.28433792177
 73039.02536167533


