# Created by Octave 3.8.2, Wed May 18 09:10:18 2016 CEST <Andrea@Andreas-MacBook-Pro.local>
# name: x
# type: matrix
# rows: 1
# columns: 100
 0.008333333333333333 0.008417508417508417 0.008501683501683501 0.008585858585858586 0.00867003367003367 0.008754208754208754 0.008838383838383838 0.008922558922558922 0.009006734006734006 0.00909090909090909 0.009175084175084175 0.009259259259259259 0.009343434343434343 0.009427609427609427 0.009511784511784511 0.009595959595959595 0.009680134680134679 0.009764309764309764 0.009848484848484848 0.009932659932659932 0.01001683501683502 0.0101010101010101 0.01018518518518518 0.01026936026936027 0.01035353535353535 0.01043771043771044 0.01052188552188552 0.0106060606060606 0.01069023569023569 0.01077441077441077 0.01085858585858586 0.01094276094276094 0.01102693602693603 0.01111111111111111 0.0111952861952862 0.01127946127946128 0.01136363636363636 0.01144781144781145 0.01153198653198653 0.01161616161616162 0.0117003367003367 0.01178451178451178 0.01186868686868687 0.01195286195286195 0.01203703703703704 0.01212121212121212 0.01220538720538721 0.01228956228956229 0.01237373737373737 0.01245791245791246 0.01254208754208754 0.01262626262626263 0.01271043771043771 0.01279461279461279 0.01287878787878788 0.01296296296296296 0.01304713804713805 0.01313131313131313 0.01321548821548822 0.0132996632996633 0.01338383838383838 0.01346801346801347 0.01355218855218855 0.01363636363636364 0.01372053872053872 0.0138047138047138 0.01388888888888889 0.01397306397306397 0.01405723905723906 0.01414141414141414 0.01422558922558922 0.01430976430976431 0.01439393939393939 0.01447811447811448 0.01456228956228956 0.01464646464646465 0.01473063973063973 0.01481481481481481 0.0148989898989899 0.01498316498316498 0.01506734006734007 0.01515151515151515 0.01523569023569024 0.01531986531986532 0.0154040404040404 0.01548821548821549 0.01557239057239057 0.01565656565656566 0.01574074074074074 0.01582491582491583 0.01590909090909091 0.01599326599326599 0.01607744107744108 0.01616161616161616 0.01624579124579124 0.01632996632996633 0.01641414141414142 0.0164983164983165 0.01658249158249158 0.01666666666666667


# name: y
# type: matrix
# rows: 100
# columns: 1
 109230.6566058529
 109127.2178592069
 109046.7889978645
 108989.5162955984
 108955.526870213
 108944.928473345
 108957.8093051844
 108994.2378544362
 109054.2627637935
 109137.9127211543
 109245.196376763
 109376.1022864194
 109530.5988808465
 109708.634461268
 109910.1372212002
 110135.015294416
 110383.1568289982
 110654.4300873522
 110948.6835720053
 111265.7461769785
 111605.4273644714
 111967.5173665618
 112351.7874115793
 112757.9899747728
 113185.8590528524
 113635.1104619492
 114105.4421584975
 114596.534582512
 115108.0510226926
 115639.6380027618
 116190.9256884034
 116761.5283141431
 117351.0446294818
 117959.058363563
 118585.1387076333
 119228.8408145244
 119889.7063143692
 120567.263845734
 121261.0296013385
 121970.5078875073
 122695.1916964874
 123434.5632907459
 124188.0947983509
 124955.2488185256
 125735.4790364563
 126528.2308464247
 127332.9419823284
 128149.0431546496
 128975.9586929254
 129813.1071927725
 130659.9021665186
 131515.7526964921
 132380.0640900268
 133252.2385352383
 134131.675756639
 135017.7736696617
 135909.9290331712
 136807.5380990545
 137709.9972579898
 138616.7036805076
 139527.0559524703
 140440.4547041137
 141356.3032318082
 142274.0081117156
 143192.9798045371
 144112.6332505669
 145032.3884542866
 145951.6710577596
 146869.9129021044
 147786.5525763531
 148701.0359530233
 149612.8167097602
 150521.3568364295
 151426.1271270711
 152326.6076561506
 153222.2882385748
 154112.6688729659
 154997.2601677213
 155875.5837494129
 156747.1726531137
 157611.5716942697
 158468.3378217669
 159317.0404518745
 160157.2617827801
 160988.5970894622
 161810.6549986792
 162623.0577438898
 163425.4413999458
 164217.4560974388
 164998.7662166104
 165769.0505607686
 166528.002509188
 167275.3301495013
 168010.7563896229
 168734.0190492771
 169444.8709312351
 170143.0798723941
 170828.4287748659
 171500.715617269
 172159.753446449


# name: QUERY
# type: sq_string
# elements: 1
# length: 2
R1


# name: DATASIZE
# type: sq_string
# elements: 1
# length: 3
500


