# Created by Octave 4.0.0, Mon May 23 11:54:41 2016 CEST <peter@Independence>
# name: x
# type: matrix
# rows: 1
# columns: 100
 0.008333333333333333 0.008417508417508417 0.008501683501683501 0.008585858585858586 0.00867003367003367 0.008754208754208754 0.008838383838383838 0.008922558922558922 0.009006734006734006 0.00909090909090909 0.009175084175084175 0.009259259259259259 0.009343434343434343 0.009427609427609427 0.009511784511784511 0.009595959595959595 0.009680134680134679 0.009764309764309764 0.009848484848484848 0.009932659932659932 0.01001683501683502 0.0101010101010101 0.01018518518518518 0.01026936026936027 0.01035353535353535 0.01043771043771044 0.01052188552188552 0.0106060606060606 0.01069023569023569 0.01077441077441077 0.01085858585858586 0.01094276094276094 0.01102693602693603 0.01111111111111111 0.0111952861952862 0.01127946127946128 0.01136363636363636 0.01144781144781145 0.01153198653198653 0.01161616161616162 0.0117003367003367 0.01178451178451178 0.01186868686868687 0.01195286195286195 0.01203703703703704 0.01212121212121212 0.01220538720538721 0.01228956228956229 0.01237373737373737 0.01245791245791246 0.01254208754208754 0.01262626262626263 0.01271043771043771 0.01279461279461279 0.01287878787878788 0.01296296296296296 0.01304713804713805 0.01313131313131313 0.01321548821548822 0.0132996632996633 0.01338383838383838 0.01346801346801347 0.01355218855218855 0.01363636363636364 0.01372053872053872 0.0138047138047138 0.01388888888888889 0.01397306397306397 0.01405723905723906 0.01414141414141414 0.01422558922558922 0.01430976430976431 0.01439393939393939 0.01447811447811448 0.01456228956228956 0.01464646464646465 0.01473063973063973 0.01481481481481481 0.0148989898989899 0.01498316498316498 0.01506734006734007 0.01515151515151515 0.01523569023569024 0.01531986531986532 0.0154040404040404 0.01548821548821549 0.01557239057239057 0.01565656565656566 0.01574074074074074 0.01582491582491583 0.01590909090909091 0.01599326599326599 0.01607744107744108 0.01616161616161616 0.01624579124579124 0.01632996632996633 0.01641414141414142 0.0164983164983165 0.01658249158249158 0.01666666666666667


# name: y
# type: matrix
# rows: 100
# columns: 1
 100313.0571850025
 100216.43503561
 100149.5990238716
 100112.7315660572
 100105.9910531901
 100129.5115851988
 100183.4027343614
 100267.7493384115
 100382.6113236227
 100528.023558144
 100703.9957358093
 100910.5122905993
 101147.5323418842
 101414.9896705296
 101712.7927259027
 102040.8246637644
 102398.9434149936
 102786.9817850357
 103204.7475839312
 103652.0237867268
 104128.5687240331
 104634.1163024478
 105168.3762545191
 105731.0344178853
 106321.7530431818
 106940.1711302707
 107585.904792305
 108258.5476471052
 108957.6712352856
 109682.8254645341
 110433.5390794137
 111209.3201560187
 112009.6566207889
 112834.0167927518
 113681.8499484324
 114552.586908643
 115445.6406463361
 116360.4069146788
 117296.2648944798
 118252.5778600795
 119228.6938627884
 120223.9464309385
 121237.6552855956
 122269.127070957
 123317.6560984467
 124382.5251035015
 125463.0060140293
 126558.3607295055
 127667.8419096655
 128790.6937717365
 129926.1528951481
 131073.4490326495
 132231.8059267584
 133400.44213046
 134578.5718310725
 135765.4056761943
 136960.1516006456
 138162.015653321
 139370.2028228706
 140583.9178611314
 141802.3661032352
 143024.7542833298
 144250.2913448523
 145478.1892443089
 146707.6637475231
 147937.9352173284
 149168.229391694
 150397.7781512884
 151625.8202755032
 152851.6021859746
 154074.3786766634
 155293.4136295714
 156507.980715197
 157717.3640768557
 158920.858998013
 160117.7725518103
 161307.4242319824
 162489.1465644022
 163662.2856985135
 164826.2019779441
 165980.2704896254
 167123.881590776
 168256.4414131426
 169377.3723439261
 170486.1134828561
 171582.121074918
 172664.8689182694
 173733.8487469265
 174788.5705878384
 175828.563092008
 176853.3738393591
 177862.5696170916
 178855.7366713089
 179832.4809317412
 180792.4282094377
 181735.2243673352
 182660.5354636624
 183568.0478681763
 184457.4683512741
 185328.524146066


# name: QUERY
# type: sq_string
# elements: 1
# length: 2
R1


# name: DATASIZE
# type: sq_string
# elements: 1
# length: 3
500


