# Created by Octave 4.0.0, Mon May 23 11:54:41 2016 CEST <peter@Independence>
# name: x
# type: matrix
# rows: 1
# columns: 100
 0.008333333333333333 0.008417508417508417 0.008501683501683501 0.008585858585858586 0.00867003367003367 0.008754208754208754 0.008838383838383838 0.008922558922558922 0.009006734006734006 0.00909090909090909 0.009175084175084175 0.009259259259259259 0.009343434343434343 0.009427609427609427 0.009511784511784511 0.009595959595959595 0.009680134680134679 0.009764309764309764 0.009848484848484848 0.009932659932659932 0.01001683501683502 0.0101010101010101 0.01018518518518518 0.01026936026936027 0.01035353535353535 0.01043771043771044 0.01052188552188552 0.0106060606060606 0.01069023569023569 0.01077441077441077 0.01085858585858586 0.01094276094276094 0.01102693602693603 0.01111111111111111 0.0111952861952862 0.01127946127946128 0.01136363636363636 0.01144781144781145 0.01153198653198653 0.01161616161616162 0.0117003367003367 0.01178451178451178 0.01186868686868687 0.01195286195286195 0.01203703703703704 0.01212121212121212 0.01220538720538721 0.01228956228956229 0.01237373737373737 0.01245791245791246 0.01254208754208754 0.01262626262626263 0.01271043771043771 0.01279461279461279 0.01287878787878788 0.01296296296296296 0.01304713804713805 0.01313131313131313 0.01321548821548822 0.0132996632996633 0.01338383838383838 0.01346801346801347 0.01355218855218855 0.01363636363636364 0.01372053872053872 0.0138047138047138 0.01388888888888889 0.01397306397306397 0.01405723905723906 0.01414141414141414 0.01422558922558922 0.01430976430976431 0.01439393939393939 0.01447811447811448 0.01456228956228956 0.01464646464646465 0.01473063973063973 0.01481481481481481 0.0148989898989899 0.01498316498316498 0.01506734006734007 0.01515151515151515 0.01523569023569024 0.01531986531986532 0.0154040404040404 0.01548821548821549 0.01557239057239057 0.01565656565656566 0.01574074074074074 0.01582491582491583 0.01590909090909091 0.01599326599326599 0.01607744107744108 0.01616161616161616 0.01624579124579124 0.01632996632996633 0.01641414141414142 0.0164983164983165 0.01658249158249158 0.01666666666666667


# name: y
# type: matrix
# rows: 1
# columns: 100
 142173.4832116682 142282.5088130357 142391.5344144032 142500.5600157707 142609.5856171382 142718.6112185057 142827.6368198732 142936.6624212406 143045.6880226081 143154.7136239756 143263.7392253431 143372.7648267106 143481.7904280781 143590.8160294456 143699.8416308131 143808.8672321805 143917.892833548 144026.9184349155 144135.944036283 144244.9696376505 144353.995239018 144463.0208403855 144572.046441753 144681.0720431205 144790.0976444879 144899.1232458554 145008.1488472229 145117.1744485904 145226.2000499579 145335.2256513254 145444.2512526929 145553.2768540604 145662.3024554279 145771.3280567953 145880.3536581628 145989.3792595303 146098.4048608978 146207.4304622653 146316.4560636328 146425.4816650003 146534.5072663678 146643.5328677353 146752.5584691027 146861.5840704702 146970.6096718377 147079.6352732052 147188.6608745727 147297.6864759402 147406.7120773077 147515.7376786752 147624.7632800427 147733.7888814101 147842.8144827776 147951.8400841451 148060.8656855126 148169.8912868801 148278.9168882476 148387.9424896151 148496.9680909826 148605.99369235 148715.0192937175 148824.044895085 148933.0704964525 149042.09609782 149151.1216991875 149260.147300555 149369.1729019225 149478.19850329 149587.2241046574 149696.2497060249 149805.2753073924 149914.3009087599 150023.3265101274 150132.3521114949 150241.3777128624 150350.4033142299 150459.4289155974 150568.4545169648 150677.4801183323 150786.5057196998 150895.5313210673 151004.5569224348 151113.5825238023 151222.6081251698 151331.6337265373 151440.6593279048 151549.6849292722 151658.7105306397 151767.7361320072 151876.7617333747 151985.7873347422 152094.8129361097 152203.8385374772 152312.8641388447 152421.8897402122 152530.9153415796 152639.9409429471 152748.9665443146 152857.9921456821 152967.0177470496


# name: QUERY
# type: sq_string
# elements: 1
# length: 2
R1


# name: DATASIZE
# type: sq_string
# elements: 1
# length: 3
500


