# Created by Octave 4.0.0, Mon May 23 11:54:41 2016 CEST <peter@Independence>
# name: x
# type: matrix
# rows: 1
# columns: 100
 0.008333333333333333 0.008417508417508417 0.008501683501683501 0.008585858585858586 0.00867003367003367 0.008754208754208754 0.008838383838383838 0.008922558922558922 0.009006734006734006 0.00909090909090909 0.009175084175084175 0.009259259259259259 0.009343434343434343 0.009427609427609427 0.009511784511784511 0.009595959595959595 0.009680134680134679 0.009764309764309764 0.009848484848484848 0.009932659932659932 0.01001683501683502 0.0101010101010101 0.01018518518518518 0.01026936026936027 0.01035353535353535 0.01043771043771044 0.01052188552188552 0.0106060606060606 0.01069023569023569 0.01077441077441077 0.01085858585858586 0.01094276094276094 0.01102693602693603 0.01111111111111111 0.0111952861952862 0.01127946127946128 0.01136363636363636 0.01144781144781145 0.01153198653198653 0.01161616161616162 0.0117003367003367 0.01178451178451178 0.01186868686868687 0.01195286195286195 0.01203703703703704 0.01212121212121212 0.01220538720538721 0.01228956228956229 0.01237373737373737 0.01245791245791246 0.01254208754208754 0.01262626262626263 0.01271043771043771 0.01279461279461279 0.01287878787878788 0.01296296296296296 0.01304713804713805 0.01313131313131313 0.01321548821548822 0.0132996632996633 0.01338383838383838 0.01346801346801347 0.01355218855218855 0.01363636363636364 0.01372053872053872 0.0138047138047138 0.01388888888888889 0.01397306397306397 0.01405723905723906 0.01414141414141414 0.01422558922558922 0.01430976430976431 0.01439393939393939 0.01447811447811448 0.01456228956228956 0.01464646464646465 0.01473063973063973 0.01481481481481481 0.0148989898989899 0.01498316498316498 0.01506734006734007 0.01515151515151515 0.01523569023569024 0.01531986531986532 0.0154040404040404 0.01548821548821549 0.01557239057239057 0.01565656565656566 0.01574074074074074 0.01582491582491583 0.01590909090909091 0.01599326599326599 0.01607744107744108 0.01616161616161616 0.01624579124579124 0.01632996632996633 0.01641414141414142 0.0164983164983165 0.01658249158249158 0.01666666666666667


# name: y
# type: matrix
# rows: 100
# columns: 1
 144116.8494044205
 144134.8094738626
 144152.7695433048
 144170.729612747
 144188.6896821889
 144206.6497516308
 144224.6098210733
 144242.5698905153
 144260.5299599574
 144278.4900293997
 144296.4500988417
 144314.4101682838
 144332.3702377262
 144350.330307168
 144368.2903766101
 144386.2504460523
 144404.2105154947
 144422.1705849367
 144440.1306543787
 144458.0907238208
 144476.050793263
 144494.0108627052
 144511.9709321472
 144529.9310015893
 144547.8910710315
 144565.8511404736
 144583.8112099158
 144601.7712793579
 144619.7313488
 144637.6914182421
 144655.6514876843
 144673.6115571264
 144691.5716265685
 144709.5316960106
 144727.4917654528
 144745.4518348949
 144763.411904337
 144781.3719737791
 144799.3320432213
 144817.2921126634
 144835.2521821056
 144853.2122515477
 144871.1723209898
 144889.1323904319
 144907.0924598741
 144925.0525293162
 144943.0125987583
 144960.9726682004
 144978.9327376425
 144996.8928070847
 145014.8528765269
 145032.812945969
 145050.7730154111
 145068.7330848533
 145086.6931542953
 145104.6532237375
 145122.6132931796
 145140.5733626217
 145158.5334320639
 145176.493501506
 145194.4535709481
 145212.4136403901
 145230.3737098325
 145248.3337792744
 145266.2938487166
 145284.2539181589
 145302.2139876011
 145320.174057043
 145338.1341264853
 145356.0941959273
 145374.0542653695
 145392.0143348115
 145409.9744042534
 145427.9344736957
 145445.8945431381
 145463.85461258
 145481.8146820219
 145499.7747514641
 145517.7348209062
 145535.6948903488
 145553.654959791
 145571.6150292327
 145589.575098675
 145607.5351681173
 145625.4952375587
 145643.4553070015
 145661.4153764434
 145679.3754458855
 145697.3355153275
 145715.2955847697
 145733.2556542121
 145751.2157236538
 145769.1757930966
 145787.1358625381
 145805.0959319807
 145823.0560014228
 145841.0160708648
 145858.9761403065
 145876.9362097492
 145894.8962791909


# name: QUERY
# type: sq_string
# elements: 1
# length: 2
R1


# name: DATASIZE
# type: sq_string
# elements: 1
# length: 3
500


