# Created by Octave 3.8.2, Wed May 18 09:10:18 2016 CEST <Andrea@Andreas-MacBook-Pro.local>
# name: x
# type: matrix
# rows: 1
# columns: 100
 0.008333333333333333 0.008417508417508417 0.008501683501683501 0.008585858585858586 0.00867003367003367 0.008754208754208754 0.008838383838383838 0.008922558922558922 0.009006734006734006 0.00909090909090909 0.009175084175084175 0.009259259259259259 0.009343434343434343 0.009427609427609427 0.009511784511784511 0.009595959595959595 0.009680134680134679 0.009764309764309764 0.009848484848484848 0.009932659932659932 0.01001683501683502 0.0101010101010101 0.01018518518518518 0.01026936026936027 0.01035353535353535 0.01043771043771044 0.01052188552188552 0.0106060606060606 0.01069023569023569 0.01077441077441077 0.01085858585858586 0.01094276094276094 0.01102693602693603 0.01111111111111111 0.0111952861952862 0.01127946127946128 0.01136363636363636 0.01144781144781145 0.01153198653198653 0.01161616161616162 0.0117003367003367 0.01178451178451178 0.01186868686868687 0.01195286195286195 0.01203703703703704 0.01212121212121212 0.01220538720538721 0.01228956228956229 0.01237373737373737 0.01245791245791246 0.01254208754208754 0.01262626262626263 0.01271043771043771 0.01279461279461279 0.01287878787878788 0.01296296296296296 0.01304713804713805 0.01313131313131313 0.01321548821548822 0.0132996632996633 0.01338383838383838 0.01346801346801347 0.01355218855218855 0.01363636363636364 0.01372053872053872 0.0138047138047138 0.01388888888888889 0.01397306397306397 0.01405723905723906 0.01414141414141414 0.01422558922558922 0.01430976430976431 0.01439393939393939 0.01447811447811448 0.01456228956228956 0.01464646464646465 0.01473063973063973 0.01481481481481481 0.0148989898989899 0.01498316498316498 0.01506734006734007 0.01515151515151515 0.01523569023569024 0.01531986531986532 0.0154040404040404 0.01548821548821549 0.01557239057239057 0.01565656565656566 0.01574074074074074 0.01582491582491583 0.01590909090909091 0.01599326599326599 0.01607744107744108 0.01616161616161616 0.01624579124579124 0.01632996632996633 0.01641414141414142 0.0164983164983165 0.01658249158249158 0.01666666666666667


# name: y
# type: matrix
# rows: 100
# columns: 1
 128762.0606916155
 129230.9547853298
 129699.8488790445
 130168.7429727589
 130637.6370664734
 131106.5311601878
 131575.4252539023
 132044.3193476168
 132513.2134413312
 132982.1075350458
 133451.0016287603
 133919.8957224748
 134388.7898161893
 134857.6839099037
 135326.5780036183
 135795.4720973326
 136264.3661910472
 136733.2602847616
 137202.1543784762
 137671.0484721906
 138139.9425659051
 138608.8366596196
 139077.7307533341
 139546.6248470486
 140015.518940763
 140484.4130344776
 140953.307128192
 141422.2012219065
 141891.095315621
 142359.9894093355
 142828.8835030499
 143297.7775967644
 143766.6716904789
 144235.5657841934
 144704.4598779079
 145173.3539716224
 145642.2480653368
 146111.1421590513
 146580.0362527658
 147048.9303464803
 147517.8244401948
 147986.7185339092
 148455.6126276237
 148924.5067213382
 149393.4008150527
 149862.2949087672
 150331.1890024817
 150800.0830961961
 151268.9771899106
 151737.8712836251
 152206.7653773396
 152675.6594710541
 153144.5535647686
 153613.447658483
 154082.3417521975
 154551.235845912
 155020.1299396264
 155489.024033341
 155957.9181270555
 156426.81222077
 156895.7063144845
 157364.6004081988
 157833.4945019133
 158302.3885956278
 158771.2826893423
 159240.1767830568
 159709.0708767713
 160177.9649704858
 160646.8590642003
 161115.7531579148
 161584.6472516293
 162053.5413453438
 162522.4354390582
 162991.3295327728
 163460.2236264873
 163929.1177202016
 164398.0118139162
 164866.9059076308
 165335.8000013453
 165804.6940950597
 166273.5881887741
 166742.4822824887
 167211.3763762031
 167680.2704699176
 168149.1645636321
 168618.0586573466
 169086.9527510612
 169555.8468447755
 170024.7409384898
 170493.6350322045
 170962.5291259188
 171431.4232196333
 171900.3173133479
 172369.2114070622
 172838.1055007767
 173306.9995944912
 173775.8936882059
 174244.7877819204
 174713.6818756347
 175182.5759693492


# name: QUERY
# type: sq_string
# elements: 1
# length: 2
R1


# name: DATASIZE
# type: sq_string
# elements: 1
# length: 3
500


