# Created by Octave 3.8.2, Wed May 18 09:10:14 2016 CEST <Andrea@Andreas-MacBook-Pro.local>
# name: SVs
# type: cell
# rows: 1
# columns: 7
# name: <cell-element>
# type: sparse matrix
# nnz: 70
# rows: 10
# columns: 7
1 1 0.6388508992918545
2 1 0.6388508992918545
3 1 -0.4129120347277156
4 1 -0.316877491147351
5 1 2.893683939702805
6 1 2.951199133385551
7 1 1.584949452256655
8 1 -0.6309684915111534
9 1 0.8946352124818641
10 1 0.4420328511848435
1 2 1.397851493861121
2 2 1.397851493861121
3 2 -0.6922706301588396
4 2 -0.6851371075512629
5 2 1.649056523109526
6 2 1.578421520111803
7 2 1.426254292464294
8 2 -0.7610675475766954
9 2 1.577196129725226
10 2 1.691288727504075
1 3 -0.7184186334517161
2 3 -0.7184186334517161
3 3 0.06553266624147684
4 3 2.301575577866379
5 3 -1.698357758068207
6 3 -1.573638233117017
7 3 -0.3798942085842009
8 3 -0.4333454335632823
9 3 0.5822278410392631
10 3 -0.700601558458689
1 4 -0.625656136292345
2 4 -0.625656136292345
3 4 -1.242000065753587
4 4 2.084444377073998
5 4 1.001310559859022
6 4 -0.5848686703721157
7 4 -0.8386573472090977
8 4 0.04053914040473267
9 4 -0.389995222086576
10 4 -1.319043056936242
1 5 0.8471460598768717
2 5 0.8471460598768717
3 5 1.724689796011908
4 5 -1.366936156458927
5 5 0.004777219759996692
6 5 0.0955650247732316
7 5 0.2092649180184796
8 5 -1.124369212969774
9 5 0.3395303586239624
10 5 0.9550372546971023
1 6 0.5095156224888631
2 6 0.5095156224888631
3 6 -0.1971212886889909
4 6 -0.9731556344763526
5 6 2.476669775432919
6 6 2.621861706752194
7 6 2.689219975036683
8 6 -0.6129303252059106
9 6 2.269266826310854
10 6 0.04879559215237814
1 7 0.4349056768575753
2 7 0.4349056768575753
3 7 -1.201595065957006
4 7 -1.201595065957006
5 7 2.071406419672156
6 7 2.071406419672156
7 7 2.071406419672156
8 7 0.4349056768575753
9 7 2.071406419672156
10 7 -0.5469947688311734



# name: <cell-element>
# type: sparse matrix
# nnz: 245
# rows: 35
# columns: 7
1 1 -0.364630931773851
2 1 -0.4014353791075347
3 1 0.6388508992918545
4 1 3.072297637515736
5 1 -0.6776666074829241
6 1 0.4586542144968296
7 1 -0.6688282634995664
8 1 -0.5191040781098496
9 1 3.039450657637287
10 1 -0.2992008031806356
11 1 -0.3408861270424422
12 1 0.6388508992918545
13 1 -0.4722740465562377
14 1 0.4289732085825686
15 1 -0.6688282634995664
16 1 3.240490004363215
17 1 -0.4129120347277156
18 1 -0.3565840812815402
19 1 -0.5090784938899214
20 1 -0.5074955069078275
21 1 2.893683939702805
22 1 2.951199133385551
23 1 0.4854330776105851
24 1 -0.5472020970420167
25 1 -0.5472020970420167
26 1 -0.2022428505273828
27 1 -0.3156902509107806
28 1 1.584949452256655
29 1 0.4289732085825686
30 1 0.006051853199809078
31 1 -0.5536659605522335
32 1 -0.6309684915111534
33 1 -0.669355925826931
34 1 0.8946352124818641
35 1 0.4420328511848435
1 2 -0.7845250206911806
2 2 -0.7395356879268321
3 2 1.397851493861121
4 2 1.628399942307218
5 2 -0.734415306668633
6 2 1.8831936148306
7 2 -0.7314393585869445
8 2 -0.6841743008189519
9 2 1.702929936176562
10 2 -0.7260563936744787
11 2 -0.7431243312018093
12 2 1.397851493861121
13 2 -0.6191848463879621
14 2 1.403278222715964
15 2 -0.7314393585869445
16 2 1.698509777996407
17 2 -0.6922706301588396
18 2 -0.6705637147394652
19 2 -0.6622485656876888
20 2 -0.7333212081091887
21 2 1.649056523109526
22 2 1.578421520111803
23 2 1.516626833474391
24 2 -0.6689444488714876
25 2 -0.6689444488714876
26 2 -0.4574333153597209
27 2 -0.04014412478767541
28 2 1.426254292464294
29 2 1.403278222715964
30 2 1.454350743470823
31 2 -0.1381315917715044
32 2 -0.7610675475766954
33 2 -0.364960105115491
34 2 1.577196129725226
35 2 1.691288727504075
1 3 2.32830119035592
2 3 1.624526728131349
3 3 -0.7184186334517161
4 3 -0.7362357084447432
5 3 -0.1571807711713621
6 3 -0.7985954709203381
7 3 -0.9500406083610685
8 3 1.223642540788239
9 3 -1.912162657984533
10 3 0.9474778783963189
11 3 2.069953602957027
12 3 -0.7184186334517161
13 3 0.5555022285497224
14 3 -1.172754045773907
15 3 -0.9500406083610685
16 3 -0.9678576833540956
17 3 0.06553266624147684
18 3 0.8673010409276969
19 3 0.4396912410950462
20 3 0.6089534535288037
21 3 -1.698357758068207
22 3 -1.573638233117017
23 3 -0.8075040084168517
24 3 -0.04136978371668582
25 3 -0.04136978371668582
26 3 1.588892578145295
27 3 -1.065851595815745
28 3 -0.3798942085842009
29 3 -1.172754045773907
30 3 -1.092577208305285
31 3 -0.3888027460807145
32 3 -0.4333454335632823
33 3 -0.4066198210737416
34 3 0.5822278410392631
35 3 -0.700601558458689
1 4 0.8517565181515142
2 4 0.3079236392151243
3 4 -0.625656136292345
4 4 -0.004780266173299826
5 4 -0.498761797873854
6 4 -1.504852623906175
7 4 -0.5576770264252963
8 4 1.699229421160722
9 4 -0.5350173231362799
10 4 1.404653278403511
11 4 2.29744558799075
12 4 -0.625656136292345
13 4 -0.0954190793293648
14 4 -0.9836794482588016
15 4 -0.5576770264252963
16 4 -2.311538060995153
17 4 -1.242000065753587
18 4 0.05866690303594566
19 4 0.8789481620983337
20 4 1.132736838935316
21 4 1.001310559859022
22 4 -0.5848686703721157
23 4 -0.4670382132692312
24 4 0.9469272719653825
25 4 0.9469272719653825
26 4 0.8970759247295468
27 4 -1.527512327195192
28 4 -0.8386573472090977
29 4 -0.9836794482588016
30 4 0.9650550345965955
31 4 -1.096977964703883
32 4 0.04053914040473267
33 4 -0.2857605869571013
34 4 -0.389995222086576
35 4 -1.319043056936242
1 5 -1.415879819114166
2 5 -0.8785752148000567
3 5 0.8471460598768717
4 5 0.04242619103325761
5 5 -0.221224176368921
6 5 1.367885116830746
7 5 1.640248531870451
8 5 -0.969578156791996
9 5 -0.04244534706560772
10 5 -1.444493037281845
11 5 -1.461166153131431
12 5 0.8471460598768717
13 5 -0.5848056703792693
14 5 0.7723859597771108
15 5 1.640248531870451
16 5 -0.008130998962264196
17 5 1.724689796011908
18 5 -0.9165468915413741
19 5 0.3950356991296842
20 5 -0.5423161170851606
21 5 0.004777219759996692
22 5 0.0955650247732316
23 5 1.929392631249095
24 5 -0.9551639792188046
25 5 -0.9551639792188046
26 5 -0.805858915997987
27 5 -0.2057343139022079
28 5 0.2092649180184796
29 5 0.7723859597771108
30 5 -0.1871249652442818
31 5 -0.6035225875265476
32 5 -1.124369212969774
33 5 2.064068379918017
34 5 0.3395303586239624
35 5 0.9550372546971023
1 6 -0.9928072776892345
2 6 -0.8546044245000634
3 6 0.5095156224888631
4 6 2.621647923185862
5 6 -0.3189285868294229
6 6 0.2102350745129318
7 6 0.4242653141913068
8 6 -0.7447032265153857
9 6 2.636760776836605
10 6 -1.003052443983482
11 6 -1.00025681273144
12 6 0.5095156224888631
13 6 -0.610101804174433
14 6 0.4659859994056008
15 6 0.4242653141913068
16 6 2.717209177336537
17 6 -0.1971212886889909
18 6 -0.884106556653963
19 6 -0.01867779036013606
20 6 -0.602274036668716
21 6 2.476669775432919
22 6 2.621861706752194
23 6 0.03129822949254019
24 6 -0.5559981170025656
25 6 -0.5559981170025656
26 6 -0.8800940035627971
27 6 -0.1741148879736589
28 6 2.689219975036683
29 6 0.4659859994056008
30 6 -0.03176792257557873
31 6 -0.3663556487758258
32 6 -0.6129303252059106
33 6 0.5934010049398343
34 6 2.269266826310854
35 6 0.04879559215237814
1 7 -1.201595065957006
2 7 -1.201595065957006
3 7 0.4349056768575753
4 7 2.071406419672156
5 7 0.4349056768575753
6 7 -0.5469947688311734
7 7 0.4349056768575753
8 7 -0.5469947688311734
9 7 2.071406419672156
10 7 -1.201595065957006
11 7 -1.201595065957006
12 7 0.4349056768575753
13 7 -0.5469947688311734
14 7 0.4349056768575753
15 7 0.4349056768575753
16 7 2.071406419672156
17 7 -1.201595065957006
18 7 -1.201595065957006
19 7 0.4349056768575753
20 7 -0.5469947688311734
21 7 2.071406419672156
22 7 2.071406419672156
23 7 -1.201595065957006
24 7 0.4349056768575753
25 7 0.4349056768575753
26 7 -1.201595065957006
27 7 0.4349056768575753
28 7 2.071406419672156
29 7 0.4349056768575753
30 7 0.4349056768575753
31 7 0.4349056768575753
32 7 0.4349056768575753
33 7 0.4349056768575753
34 7 2.071406419672156
35 7 -0.5469947688311734



