# Created by Octave 3.8.2, Wed May 18 09:10:05 2016 CEST <Andrea@Andreas-MacBook-Pro.local>
# name: mu
# type: matrix
# rows: 1
# columns: 8
 146136.0410958904 22102.12328767123 48772.28767123288 1834.643835616438 3152.054794520548 24809.58904109589 96224.78082191781 0.01139269406392694


# name: sigma
# type: matrix
# rows: 1
# columns: 8
 83609.85236459185 7580.605611883682 22849.86099670792 112.2518707915143 220.6560225536418 9296.402747890677 60809.16425434907 0.002546082966941103


