# Created by Octave 4.0.0, Mon May 23 11:54:41 2016 CEST <peter@Independence>
# name: x
# type: matrix
# rows: 1
# columns: 100
 0.008333333333333333 0.008417508417508417 0.008501683501683501 0.008585858585858586 0.00867003367003367 0.008754208754208754 0.008838383838383838 0.008922558922558922 0.009006734006734006 0.00909090909090909 0.009175084175084175 0.009259259259259259 0.009343434343434343 0.009427609427609427 0.009511784511784511 0.009595959595959595 0.009680134680134679 0.009764309764309764 0.009848484848484848 0.009932659932659932 0.01001683501683502 0.0101010101010101 0.01018518518518518 0.01026936026936027 0.01035353535353535 0.01043771043771044 0.01052188552188552 0.0106060606060606 0.01069023569023569 0.01077441077441077 0.01085858585858586 0.01094276094276094 0.01102693602693603 0.01111111111111111 0.0111952861952862 0.01127946127946128 0.01136363636363636 0.01144781144781145 0.01153198653198653 0.01161616161616162 0.0117003367003367 0.01178451178451178 0.01186868686868687 0.01195286195286195 0.01203703703703704 0.01212121212121212 0.01220538720538721 0.01228956228956229 0.01237373737373737 0.01245791245791246 0.01254208754208754 0.01262626262626263 0.01271043771043771 0.01279461279461279 0.01287878787878788 0.01296296296296296 0.01304713804713805 0.01313131313131313 0.01321548821548822 0.0132996632996633 0.01338383838383838 0.01346801346801347 0.01355218855218855 0.01363636363636364 0.01372053872053872 0.0138047138047138 0.01388888888888889 0.01397306397306397 0.01405723905723906 0.01414141414141414 0.01422558922558922 0.01430976430976431 0.01439393939393939 0.01447811447811448 0.01456228956228956 0.01464646464646465 0.01473063973063973 0.01481481481481481 0.0148989898989899 0.01498316498316498 0.01506734006734007 0.01515151515151515 0.01523569023569024 0.01531986531986532 0.0154040404040404 0.01548821548821549 0.01557239057239057 0.01565656565656566 0.01574074074074074 0.01582491582491583 0.01590909090909091 0.01599326599326599 0.01607744107744108 0.01616161616161616 0.01624579124579124 0.01632996632996633 0.01641414141414142 0.0164983164983165 0.01658249158249158 0.01666666666666667


# name: y
# type: matrix
# rows: 100
# columns: 1
 125323.6279876062
 125323.2238953143
 125322.8730976168
 125322.5698166025
 125322.3087574744
 125322.0850808341
 125321.8943757855
 125321.7326338571
 125321.5962237429
 125321.4818668628
 125321.3866137414
 125321.3078212063
 125321.243130404
 125321.1904456366
 125321.1479140156
 125321.1139059355
 125321.0869963664
 125321.0659469648
 125321.0496890041
 125321.0373071232
 125321.0280238946
 125321.0211852113
 125321.016246492
 125321.0127597061
 125321.0103612169
 125321.008760444
 125321.0077293444
 125321.0070927127
 125321.0067193001
 125321.0065137522
 125321.0064093657
 125321.0063616644
 125321.0063427931
 125321.0063367317
 125321.0063353272
 125321.0063351447
 125321.006335138
 125321.006335138
 125321.0063351613
 125321.0063355361
 125321.0063378486
 125321.0063467069
 125321.0063723251
 125321.0064339251
 125321.0065639577
 125321.0068131435
 125321.0072563308
 125321.0079991743
 125321.0091856316
 125321.0110062785
 125321.0137074441
 125321.017601164
 125321.0230759522
 125321.0306083932
 125321.0407755511
 125321.0542681993
 125321.0719048681
 125321.0946467113
 125321.1236131922
 125321.1600985877
 125321.2055893122
 125321.2617820595
 125321.3306027643
 125321.4142263821
 125321.5150974881
 125321.6359516953
 125321.7798378913
 125321.9501412935
 125322.150607324
 125322.3853663032
 125322.6589589613
 125322.9763627707
 125323.3430190948
 125323.764861158
 125324.248342833
 125324.8004682478
 125325.4288222111
 125326.1416014571
 125326.9476467088
 125327.8564755602
 125328.8783161776
 125330.0241418197
 125331.3057061766
 125332.7355795276
 125334.3271857178
 125336.094839954
 125338.0537874192
 125340.2202427057
 125342.6114300678
 125345.2456244928
 125348.1421935911
 125351.3216403051
 125354.8056464371
 125358.6171169963
 125362.780225364
 125367.3204592784
 125372.2646676379
 125377.6411081234
 125383.4794956398
 125389.8110515754


# name: QUERY
# type: sq_string
# elements: 1
# length: 2
R1


# name: DATASIZE
# type: sq_string
# elements: 1
# length: 3
500


