# Created by Octave 3.8.2, Wed May 18 09:10:18 2016 CEST <Andrea@Andreas-MacBook-Pro.local>
# name: x
# type: matrix
# rows: 1
# columns: 100
 0.008333333333333333 0.008417508417508417 0.008501683501683501 0.008585858585858586 0.00867003367003367 0.008754208754208754 0.008838383838383838 0.008922558922558922 0.009006734006734006 0.00909090909090909 0.009175084175084175 0.009259259259259259 0.009343434343434343 0.009427609427609427 0.009511784511784511 0.009595959595959595 0.009680134680134679 0.009764309764309764 0.009848484848484848 0.009932659932659932 0.01001683501683502 0.0101010101010101 0.01018518518518518 0.01026936026936027 0.01035353535353535 0.01043771043771044 0.01052188552188552 0.0106060606060606 0.01069023569023569 0.01077441077441077 0.01085858585858586 0.01094276094276094 0.01102693602693603 0.01111111111111111 0.0111952861952862 0.01127946127946128 0.01136363636363636 0.01144781144781145 0.01153198653198653 0.01161616161616162 0.0117003367003367 0.01178451178451178 0.01186868686868687 0.01195286195286195 0.01203703703703704 0.01212121212121212 0.01220538720538721 0.01228956228956229 0.01237373737373737 0.01245791245791246 0.01254208754208754 0.01262626262626263 0.01271043771043771 0.01279461279461279 0.01287878787878788 0.01296296296296296 0.01304713804713805 0.01313131313131313 0.01321548821548822 0.0132996632996633 0.01338383838383838 0.01346801346801347 0.01355218855218855 0.01363636363636364 0.01372053872053872 0.0138047138047138 0.01388888888888889 0.01397306397306397 0.01405723905723906 0.01414141414141414 0.01422558922558922 0.01430976430976431 0.01439393939393939 0.01447811447811448 0.01456228956228956 0.01464646464646465 0.01473063973063973 0.01481481481481481 0.0148989898989899 0.01498316498316498 0.01506734006734007 0.01515151515151515 0.01523569023569024 0.01531986531986532 0.0154040404040404 0.01548821548821549 0.01557239057239057 0.01565656565656566 0.01574074074074074 0.01582491582491583 0.01590909090909091 0.01599326599326599 0.01607744107744108 0.01616161616161616 0.01624579124579124 0.01632996632996633 0.01641414141414142 0.0164983164983165 0.01658249158249158 0.01666666666666667


# name: y
# type: matrix
# rows: 100
# columns: 1
 124915.9734714554
 124918.4868318354
 124920.6687121929
 124922.5550497962
 124924.1787770553
 124925.5699939059
 124926.7561350992
 124927.7621323995
 124928.6105716877
 124929.3218449722
 124929.9142973056
 124930.404368609
 124930.8067304025
 124931.1344174426
 124931.3989542659
 124931.6104766403
 124931.7778479221
 124931.9087703202
 124932.009891067
 124932.0869034959
 124932.1446430255
 124932.1871780505
 124932.2178957397
 124932.2395827397
 124932.2545007865
 124932.2644572229
 124932.2708704235
 124932.274830125
 124932.2771526648
 124932.2784311251
 124932.2790803846
 124932.279377076
 124932.2794944509
 124932.2795321512
 124932.2795408873
 124932.2795420223
 124932.2795420642
 124932.2795420636
 124932.2795419189
 124932.2795395876
 124932.2795252047
 124932.2794701078
 124932.2793107685
 124932.2789276313
 124932.2781188582
 124932.2765689806
 124932.2738124582
 124932.2691921435
 124932.2618126546
 124932.2504886528
 124932.2336880287
 124932.209469994
 124932.1754180801
 124932.1285680435
 124932.0653306782
 124931.981409534
 124931.8717135427
 124931.73026455
 124931.550099754
 124931.3231690518
 124931.040227291
 124930.690721429
 124930.2626725989
 124929.7425530819
 124929.1151581862
 124928.3634730331
 124927.4685342495
 124926.4092865671
 124925.1624343285
 124923.7022878996
 124922.0006049891
 124920.0264268748
 124917.7459095359
 124915.122149693
 124912.1150057536
 124908.6809136658
 124904.7726976771
 124900.3393760012
 124895.3259613909
 124889.6732566174
 124883.3176448573
 124876.1908749852
 124868.2198417736
 124859.3263609997
 124849.4269394581
 124838.4325398812
 124826.2483407654
 124812.7734911047
 124797.9008600303
 124781.516781358
 124763.5007930409
 124743.72537153
 124722.0556610405
 124698.3491977262
 124672.4556287587
 124644.216426315
 124613.464596471
 124580.0243830015
 124543.7109660879
 124504.3301559311


# name: QUERY
# type: sq_string
# elements: 1
# length: 2
R1


# name: DATASIZE
# type: sq_string
# elements: 1
# length: 3
500


