# Created by Octave 4.0.0, Mon May 23 11:54:41 2016 CEST <peter@Independence>
# name: x
# type: matrix
# rows: 1
# columns: 100
 0.008333333333333333 0.008417508417508417 0.008501683501683501 0.008585858585858586 0.00867003367003367 0.008754208754208754 0.008838383838383838 0.008922558922558922 0.009006734006734006 0.00909090909090909 0.009175084175084175 0.009259259259259259 0.009343434343434343 0.009427609427609427 0.009511784511784511 0.009595959595959595 0.009680134680134679 0.009764309764309764 0.009848484848484848 0.009932659932659932 0.01001683501683502 0.0101010101010101 0.01018518518518518 0.01026936026936027 0.01035353535353535 0.01043771043771044 0.01052188552188552 0.0106060606060606 0.01069023569023569 0.01077441077441077 0.01085858585858586 0.01094276094276094 0.01102693602693603 0.01111111111111111 0.0111952861952862 0.01127946127946128 0.01136363636363636 0.01144781144781145 0.01153198653198653 0.01161616161616162 0.0117003367003367 0.01178451178451178 0.01186868686868687 0.01195286195286195 0.01203703703703704 0.01212121212121212 0.01220538720538721 0.01228956228956229 0.01237373737373737 0.01245791245791246 0.01254208754208754 0.01262626262626263 0.01271043771043771 0.01279461279461279 0.01287878787878788 0.01296296296296296 0.01304713804713805 0.01313131313131313 0.01321548821548822 0.0132996632996633 0.01338383838383838 0.01346801346801347 0.01355218855218855 0.01363636363636364 0.01372053872053872 0.0138047138047138 0.01388888888888889 0.01397306397306397 0.01405723905723906 0.01414141414141414 0.01422558922558922 0.01430976430976431 0.01439393939393939 0.01447811447811448 0.01456228956228956 0.01464646464646465 0.01473063973063973 0.01481481481481481 0.0148989898989899 0.01498316498316498 0.01506734006734007 0.01515151515151515 0.01523569023569024 0.01531986531986532 0.0154040404040404 0.01548821548821549 0.01557239057239057 0.01565656565656566 0.01574074074074074 0.01582491582491583 0.01590909090909091 0.01599326599326599 0.01607744107744108 0.01616161616161616 0.01624579124579124 0.01632996632996633 0.01641414141414142 0.0164983164983165 0.01658249158249158 0.01666666666666667


# name: y
# type: matrix
# rows: 100
# columns: 1
 120585.7475417731
 120585.4495227108
 120585.1757533579
 120584.9248811419
 120584.6955923066
 120584.4866119125
 120584.2967038369
 120584.1246707735
 120583.9693542326
 120583.8296345413
 120583.704430843
 120583.5927010981
 120583.4934420832
 120583.4056893919
 120583.3285174341
 120583.2610394364
 120583.2024074421
 120583.1518123109
 120583.1084837195
 120583.0716901607
 120583.0407389443
 120583.0149761965
 120582.9937868601
 120582.9765946948
 120582.9628622766
 120582.9520909981
 120582.9438210686
 120582.9376315142
 120582.9331401773
 120582.930003717
 120582.9279176091
 120582.9266161459
 120582.9258724363
 120582.925498406
 120582.9253447971
 120582.9253011684
 120582.9252958952
 120582.9252961695
 120582.925308
 120582.9253762119
 120582.9255844469
 120582.9260551635
 120582.9269496367
 120582.9284679581
 120582.930849036
 120582.9343705953
 120582.9393491774
 120582.9461401404
 120582.9551376589
 120582.9667747242
 120582.9815231443
 120582.9998935436
 120583.0224353632
 120583.0497368608
 120583.0824251108
 120583.1211660041
 120583.1666642482
 120583.2196633673
 120583.2809457022
 120583.3513324101
 120583.4316834651
 120583.5228976577
 120583.6259125951
 120583.7417047011
 120583.8712892161
 120584.0157201971
 120584.1760905178
 120584.3535318683
 120584.5492147555
 120584.7643485028
 120585.0001812502
 120585.2579999545
 120585.5391303888
 120585.8449371431
 120586.1768236238
 120586.536232054
 120586.9246434733
 120587.3435777382
 120587.7945935215
 120588.2792883127
 120588.7992984179
 120589.3562989599
 120589.9520038779
 120590.5881659281
 120591.2665766828
 120591.9890665313
 120592.7575046793
 120593.5737991493
 120594.4398967801
 120595.3577832274
 120596.3294829634
 120597.3570592769
 120598.4426142733
 120599.5882888746
 120600.7962628195
 120602.0687546632
 120603.4080217775
 120604.8163603509
 120606.2961053885
 120607.8496307119


# name: QUERY
# type: sq_string
# elements: 1
# length: 2
R1


# name: DATASIZE
# type: sq_string
# elements: 1
# length: 3
500


