# Created by Octave 3.8.2, Wed May 18 09:10:18 2016 CEST <Andrea@Andreas-MacBook-Pro.local>
# name: x
# type: matrix
# rows: 1
# columns: 100
 0.008333333333333333 0.008417508417508417 0.008501683501683501 0.008585858585858586 0.00867003367003367 0.008754208754208754 0.008838383838383838 0.008922558922558922 0.009006734006734006 0.00909090909090909 0.009175084175084175 0.009259259259259259 0.009343434343434343 0.009427609427609427 0.009511784511784511 0.009595959595959595 0.009680134680134679 0.009764309764309764 0.009848484848484848 0.009932659932659932 0.01001683501683502 0.0101010101010101 0.01018518518518518 0.01026936026936027 0.01035353535353535 0.01043771043771044 0.01052188552188552 0.0106060606060606 0.01069023569023569 0.01077441077441077 0.01085858585858586 0.01094276094276094 0.01102693602693603 0.01111111111111111 0.0111952861952862 0.01127946127946128 0.01136363636363636 0.01144781144781145 0.01153198653198653 0.01161616161616162 0.0117003367003367 0.01178451178451178 0.01186868686868687 0.01195286195286195 0.01203703703703704 0.01212121212121212 0.01220538720538721 0.01228956228956229 0.01237373737373737 0.01245791245791246 0.01254208754208754 0.01262626262626263 0.01271043771043771 0.01279461279461279 0.01287878787878788 0.01296296296296296 0.01304713804713805 0.01313131313131313 0.01321548821548822 0.0132996632996633 0.01338383838383838 0.01346801346801347 0.01355218855218855 0.01363636363636364 0.01372053872053872 0.0138047138047138 0.01388888888888889 0.01397306397306397 0.01405723905723906 0.01414141414141414 0.01422558922558922 0.01430976430976431 0.01439393939393939 0.01447811447811448 0.01456228956228956 0.01464646464646465 0.01473063973063973 0.01481481481481481 0.0148989898989899 0.01498316498316498 0.01506734006734007 0.01515151515151515 0.01523569023569024 0.01531986531986532 0.0154040404040404 0.01548821548821549 0.01557239057239057 0.01565656565656566 0.01574074074074074 0.01582491582491583 0.01590909090909091 0.01599326599326599 0.01607744107744108 0.01616161616161616 0.01624579124579124 0.01632996632996633 0.01641414141414142 0.0164983164983165 0.01658249158249158 0.01666666666666667


# name: y
# type: matrix
# rows: 100
# columns: 1
 119595.5582844798
 119659.4667263714
 119718.1749601405
 119771.9730370723
 119821.1426844578
 119865.9573055938
 119906.6819797831
 119943.5734623343
 119976.8801845622
 120006.842253787
 120033.6914533352
 120057.6512425389
 120078.9367567364
 120097.7548072716
 120114.3038814944
 120128.7741427607
 120141.3474304321
 120152.1972598763
 120161.4888224666
 120169.3789855826
 120176.0162926094
 120181.5409629382
 120186.0848919661
 120189.771651096
 120192.7164877368
 120195.0263253031
 120196.7997632155
 120198.1270769007
 120199.090217791
 120199.7628133246
 120200.2101669458
 120200.4892581047
 120200.6487422572
 120200.7289508652
 120200.7618913965
 120200.7712473246
 120200.7723781291
 120200.7723192955
 120200.7697823151
 120200.7551546851
 120200.7104999086
 120200.6095574946
 120200.4177429579
 120200.0921478195
 120199.5815396059
 120198.8263618498
 120197.7587340895
 120196.3024518694
 120194.3729867398
 120191.8774862569
 120188.7147739825
 120184.7753494848
 120179.9413883373
 120174.08674212
 120167.0769384184
 120158.7691808239
 120149.0123489339
 120137.6469983518
 120124.5053606866
 120109.4113435535
 120092.1805305734
 120072.620181373
 120050.5292315853
 120025.6982928487
 119997.9096528078
 119966.9372751131
 119932.5467994207
 119894.4955413929
 119852.5324926979
 119806.3983210095
 119755.8253700076
 119700.537659378
 119640.2508848124
 119574.6724180083
 119503.5013066691
 119426.4282745041
 119343.1357212287
 119253.2977225638
 119156.5800302366
 119052.6400719799
 118941.1269515324
 118821.681448639
 118693.9360190501
 118557.5147945222
 118412.0335828176
 118257.0998677048
 118092.3128089576
 117917.2632423563
 117731.5336796867
 117534.6983087407
 117326.322993316
 117105.965273216
 116873.1743642505
 116627.4911582347
 116368.44822299
 116095.5698023434
 115808.3718161281
 115506.361860183
 115189.039206353
 114855.8948024888


# name: QUERY
# type: sq_string
# elements: 1
# length: 2
R1


# name: DATASIZE
# type: sq_string
# elements: 1
# length: 3
500


