# Created by Octave 3.8.2, Wed May 18 09:10:18 2016 CEST <Andrea@Andreas-MacBook-Pro.local>
# name: x
# type: matrix
# rows: 1
# columns: 100
 0.008333333333333333 0.008417508417508417 0.008501683501683501 0.008585858585858586 0.00867003367003367 0.008754208754208754 0.008838383838383838 0.008922558922558922 0.009006734006734006 0.00909090909090909 0.009175084175084175 0.009259259259259259 0.009343434343434343 0.009427609427609427 0.009511784511784511 0.009595959595959595 0.009680134680134679 0.009764309764309764 0.009848484848484848 0.009932659932659932 0.01001683501683502 0.0101010101010101 0.01018518518518518 0.01026936026936027 0.01035353535353535 0.01043771043771044 0.01052188552188552 0.0106060606060606 0.01069023569023569 0.01077441077441077 0.01085858585858586 0.01094276094276094 0.01102693602693603 0.01111111111111111 0.0111952861952862 0.01127946127946128 0.01136363636363636 0.01144781144781145 0.01153198653198653 0.01161616161616162 0.0117003367003367 0.01178451178451178 0.01186868686868687 0.01195286195286195 0.01203703703703704 0.01212121212121212 0.01220538720538721 0.01228956228956229 0.01237373737373737 0.01245791245791246 0.01254208754208754 0.01262626262626263 0.01271043771043771 0.01279461279461279 0.01287878787878788 0.01296296296296296 0.01304713804713805 0.01313131313131313 0.01321548821548822 0.0132996632996633 0.01338383838383838 0.01346801346801347 0.01355218855218855 0.01363636363636364 0.01372053872053872 0.0138047138047138 0.01388888888888889 0.01397306397306397 0.01405723905723906 0.01414141414141414 0.01422558922558922 0.01430976430976431 0.01439393939393939 0.01447811447811448 0.01456228956228956 0.01464646464646465 0.01473063973063973 0.01481481481481481 0.0148989898989899 0.01498316498316498 0.01506734006734007 0.01515151515151515 0.01523569023569024 0.01531986531986532 0.0154040404040404 0.01548821548821549 0.01557239057239057 0.01565656565656566 0.01574074074074074 0.01582491582491583 0.01590909090909091 0.01599326599326599 0.01607744107744108 0.01616161616161616 0.01624579124579124 0.01632996632996633 0.01641414141414142 0.0164983164983165 0.01658249158249158 0.01666666666666667


# name: y
# type: matrix
# rows: 100
# columns: 1
 80713.02301610538
 81957.55468847636
 83167.36674756228
 84342.45919336303
 85482.83202587883
 86588.48524510948
 87659.41885105502
 88695.63284371552
 89697.12722309087
 90663.90198918118
 91595.95714198638
 92493.29268150657
 93355.90860774161
 94183.80492069162
 94976.98162035647
 95735.43870673628
 96459.17617983096
 97148.1940396406
 97802.49228616513
 98422.07091940461
 99006.92993935896
 99557.06934602823
 100072.4891394124
 100553.1893195116
 100999.1698863256
 101410.4308398546
 101786.9721800984
 102128.7939070572
 102435.8960207309
 102708.2785211195
 102945.941408223
 103148.8846820414
 103317.1083425748
 103450.612389823
 103549.3968237862
 103613.4616444643
 103642.8068518573
 103637.4324459652
 103597.3384267881
 103522.5247943258
 103412.9915485785
 103268.7386895461
 103089.7662172286
 102876.074131626
 102627.6624327383
 102344.5311205656
 102026.6801951077
 101674.1096563648
 101286.8195043368
 100864.8097390237
 100408.0803604255
 99916.63136854224
 99390.46276337389
 98829.57454492044
 98233.96671318193
 97603.63926815832
 96938.59220984964
 96238.82553825583
 95504.33925337698
 94735.13335521302
 93931.20784376402
 93092.56271902988
 92219.19798101066
 91311.11362970638
 90368.30966511703
 89390.78608724254
 88378.542896083
 87331.58009163835
 86249.89767390868
 85133.49564289386
 83982.37399859395
 82796.53274100894
 81575.97187013899
 80320.69138598384
 79030.69128854359
 77705.97157781823
 76346.53225380792
 74952.37331651241
 73523.49476593177
 72059.89660206622
 70561.57882491552
 69028.54143447964
 67460.78443075868
 65858.3078137527
 64221.11158346161
 62549.19573988543
 60842.56028302433
 59101.20521287785
 57325.13052944651
 55514.33623272993
 53668.82232272843
 51788.58879944166
 49873.63566286997
 47923.96291301315
 45939.57054987135
 43920.45857344409
 41866.62698373215
 39778.07578073484
 37654.80496445252
 35496.81453488524


# name: QUERY
# type: sq_string
# elements: 1
# length: 2
R1


# name: DATASIZE
# type: sq_string
# elements: 1
# length: 3
500


