# Created by Octave 4.0.0, Mon May 23 11:54:41 2016 CEST <peter@Independence>
# name: x
# type: matrix
# rows: 1
# columns: 100
 0.008333333333333333 0.008417508417508417 0.008501683501683501 0.008585858585858586 0.00867003367003367 0.008754208754208754 0.008838383838383838 0.008922558922558922 0.009006734006734006 0.00909090909090909 0.009175084175084175 0.009259259259259259 0.009343434343434343 0.009427609427609427 0.009511784511784511 0.009595959595959595 0.009680134680134679 0.009764309764309764 0.009848484848484848 0.009932659932659932 0.01001683501683502 0.0101010101010101 0.01018518518518518 0.01026936026936027 0.01035353535353535 0.01043771043771044 0.01052188552188552 0.0106060606060606 0.01069023569023569 0.01077441077441077 0.01085858585858586 0.01094276094276094 0.01102693602693603 0.01111111111111111 0.0111952861952862 0.01127946127946128 0.01136363636363636 0.01144781144781145 0.01153198653198653 0.01161616161616162 0.0117003367003367 0.01178451178451178 0.01186868686868687 0.01195286195286195 0.01203703703703704 0.01212121212121212 0.01220538720538721 0.01228956228956229 0.01237373737373737 0.01245791245791246 0.01254208754208754 0.01262626262626263 0.01271043771043771 0.01279461279461279 0.01287878787878788 0.01296296296296296 0.01304713804713805 0.01313131313131313 0.01321548821548822 0.0132996632996633 0.01338383838383838 0.01346801346801347 0.01355218855218855 0.01363636363636364 0.01372053872053872 0.0138047138047138 0.01388888888888889 0.01397306397306397 0.01405723905723906 0.01414141414141414 0.01422558922558922 0.01430976430976431 0.01439393939393939 0.01447811447811448 0.01456228956228956 0.01464646464646465 0.01473063973063973 0.01481481481481481 0.0148989898989899 0.01498316498316498 0.01506734006734007 0.01515151515151515 0.01523569023569024 0.01531986531986532 0.0154040404040404 0.01548821548821549 0.01557239057239057 0.01565656565656566 0.01574074074074074 0.01582491582491583 0.01590909090909091 0.01599326599326599 0.01607744107744108 0.01616161616161616 0.01624579124579124 0.01632996632996633 0.01641414141414142 0.0164983164983165 0.01658249158249158 0.01666666666666667


# name: y
# type: matrix
# rows: 100
# columns: 1
 107676.1898482313
 107925.2652065808
 108167.3919268903
 108402.5700091596
 108630.7994533888
 108852.080259578
 109066.412427727
 109273.795957836
 109474.2308499049
 109667.7171039336
 109854.2547199223
 110033.8436978709
 110206.4840377794
 110372.1757396478
 110530.9188034761
 110682.7132292643
 110827.5590170124
 110965.4561667204
 111096.4046783883
 111220.4045520161
 111337.4557876039
 111447.5583851515
 111550.712344659
 111646.9176661265
 111736.1743495538
 111818.4823949411
 111893.8418022883
 111962.2525715953
 112023.7147028623
 112078.2281960892
 112125.7930512759
 112166.4092684226
 112200.0768475292
 112226.7957885957
 112246.5660916221
 112259.3877566085
 112265.2607835547
 112264.1851724608
 112256.1609233268
 112241.1880361528
 112219.2665109386
 112190.3963476843
 112154.57754639
 112111.8101070555
 112062.094029681
 112005.4293142664
 111941.8159608116
 111871.2539693168
 111793.7433397819
 111709.2840722069
 111617.8761665918
 111519.5196229366
 111414.2144412413
 111301.9606215059
 111182.7581637304
 111056.6070679148
 110923.5073340592
 110783.4589621634
 110636.4619522275
 110482.5163042516
 110321.6220182355
 110153.7790941794
 109978.9875320831
 109797.2473319468
 109608.5584937703
 109412.9210175538
 109210.3349032972
 109000.8001510005
 108784.3167606637
 108560.8847322868
 108330.5040658698
 108093.1747614127
 107848.8968189155
 107597.6702383782
 107339.4950198008
 107074.3711631834
 106802.2986685258
 106523.2775358282
 106237.3077650904
 105944.3893563125
 105644.5223094946
 105337.7066246366
 105023.9423017384
 104703.2293408002
 104375.5677418219
 104040.9575048035
 103699.3986297449
 103350.8911166463
 102995.4349655076
 102633.0301763288
 102263.67674911
 101887.374683851
 101504.1239805519
 101113.9246392127
 100716.7766598335
 100312.6800424141
 99901.63478695463
 99483.64089345507
 99058.69836191545
 98626.80719233569


# name: QUERY
# type: sq_string
# elements: 1
# length: 2
R1


# name: DATASIZE
# type: sq_string
# elements: 1
# length: 3
500


