# Created by Octave 4.0.0, Mon May 23 11:54:41 2016 CEST <peter@Independence>
# name: x
# type: matrix
# rows: 1
# columns: 100
 0.008333333333333333 0.008417508417508417 0.008501683501683501 0.008585858585858586 0.00867003367003367 0.008754208754208754 0.008838383838383838 0.008922558922558922 0.009006734006734006 0.00909090909090909 0.009175084175084175 0.009259259259259259 0.009343434343434343 0.009427609427609427 0.009511784511784511 0.009595959595959595 0.009680134680134679 0.009764309764309764 0.009848484848484848 0.009932659932659932 0.01001683501683502 0.0101010101010101 0.01018518518518518 0.01026936026936027 0.01035353535353535 0.01043771043771044 0.01052188552188552 0.0106060606060606 0.01069023569023569 0.01077441077441077 0.01085858585858586 0.01094276094276094 0.01102693602693603 0.01111111111111111 0.0111952861952862 0.01127946127946128 0.01136363636363636 0.01144781144781145 0.01153198653198653 0.01161616161616162 0.0117003367003367 0.01178451178451178 0.01186868686868687 0.01195286195286195 0.01203703703703704 0.01212121212121212 0.01220538720538721 0.01228956228956229 0.01237373737373737 0.01245791245791246 0.01254208754208754 0.01262626262626263 0.01271043771043771 0.01279461279461279 0.01287878787878788 0.01296296296296296 0.01304713804713805 0.01313131313131313 0.01321548821548822 0.0132996632996633 0.01338383838383838 0.01346801346801347 0.01355218855218855 0.01363636363636364 0.01372053872053872 0.0138047138047138 0.01388888888888889 0.01397306397306397 0.01405723905723906 0.01414141414141414 0.01422558922558922 0.01430976430976431 0.01439393939393939 0.01447811447811448 0.01456228956228956 0.01464646464646465 0.01473063973063973 0.01481481481481481 0.0148989898989899 0.01498316498316498 0.01506734006734007 0.01515151515151515 0.01523569023569024 0.01531986531986532 0.0154040404040404 0.01548821548821549 0.01557239057239057 0.01565656565656566 0.01574074074074074 0.01582491582491583 0.01590909090909091 0.01599326599326599 0.01607744107744108 0.01616161616161616 0.01624579124579124 0.01632996632996633 0.01641414141414142 0.0164983164983165 0.01658249158249158 0.01666666666666667


# name: y
# type: matrix
# rows: 100
# columns: 1
 121525.9326170347
 121681.8346890765
 121829.1600243922
 121968.1512792803
 122099.051110039
 122222.1021729668
 122337.5471243619
 122445.6286205227
 122546.5893177476
 122640.6718723349
 122728.118940583
 122809.1731787901
 122884.0772432547
 122953.0737902752
 123016.4054761498
 123074.3149571769
 123127.0448896548
 123174.837929882
 123217.9367341567
 123256.5839587773
 123291.0222600422
 123321.4942942497
 123348.2427176981
 123371.5101866858
 123391.5393575112
 123408.5728864726
 123422.8534298683
 123434.6236439967
 123444.1261851562
 123451.603709645
 123457.2988737616
 123461.4543338043
 123464.3127460714
 123466.1167668613
 123467.1090524724
 123467.5322592029
 123467.6290433513
 123467.6420612159
 123467.813969095
 123468.387423287
 123469.6050800902
 123471.709595803
 123474.9436267237
 123479.5498291508
 123485.7708593824
 123493.849373717
 123504.028028453
 123516.5494798886
 123531.6563843223
 123549.5913980523
 123570.597177377
 123594.9163785949
 123622.7916580041
 123654.4656719031
 123690.1810765903
 123730.1805283639
 123774.7066835223
 123824.0021983639
 123878.3097291871
 123937.87193229
 124002.9314639712
 124073.730980529
 124150.5131382617
 124233.5205934676
 124322.9960024451
 124419.1820214927
 124522.3213069085
 124632.6565149909
 124750.4303020384
 124875.8853243492
 125009.2642382218
 125150.8096999544
 125300.7643658454
 125459.3708921932
 125626.871935296
 125803.5101514523
 125989.5281969604
 126185.1687281187
 126390.6744012254
 126606.2878725791
 126832.2517984778
 127068.8088352202
 127316.2016391044
 127574.6728664289
 127844.465173492
 128125.821216592
 128418.9836520273
 128724.1951360962
 129041.6983250972
 129371.7358753284
 129714.5504430884
 130070.3846846754
 130439.4812563878
 130822.0828145239
 131218.4320153821
 131628.7715152607
 132053.3439704581
 132492.3920372727
 132946.1583720027
 133414.8856309466


# name: QUERY
# type: sq_string
# elements: 1
# length: 2
R1


# name: DATASIZE
# type: sq_string
# elements: 1
# length: 3
500


