# Created by Octave 3.8.2, Wed May 18 09:10:18 2016 CEST <Andrea@Andreas-MacBook-Pro.local>
# name: x
# type: matrix
# rows: 1
# columns: 100
 0.008333333333333333 0.008417508417508417 0.008501683501683501 0.008585858585858586 0.00867003367003367 0.008754208754208754 0.008838383838383838 0.008922558922558922 0.009006734006734006 0.00909090909090909 0.009175084175084175 0.009259259259259259 0.009343434343434343 0.009427609427609427 0.009511784511784511 0.009595959595959595 0.009680134680134679 0.009764309764309764 0.009848484848484848 0.009932659932659932 0.01001683501683502 0.0101010101010101 0.01018518518518518 0.01026936026936027 0.01035353535353535 0.01043771043771044 0.01052188552188552 0.0106060606060606 0.01069023569023569 0.01077441077441077 0.01085858585858586 0.01094276094276094 0.01102693602693603 0.01111111111111111 0.0111952861952862 0.01127946127946128 0.01136363636363636 0.01144781144781145 0.01153198653198653 0.01161616161616162 0.0117003367003367 0.01178451178451178 0.01186868686868687 0.01195286195286195 0.01203703703703704 0.01212121212121212 0.01220538720538721 0.01228956228956229 0.01237373737373737 0.01245791245791246 0.01254208754208754 0.01262626262626263 0.01271043771043771 0.01279461279461279 0.01287878787878788 0.01296296296296296 0.01304713804713805 0.01313131313131313 0.01321548821548822 0.0132996632996633 0.01338383838383838 0.01346801346801347 0.01355218855218855 0.01363636363636364 0.01372053872053872 0.0138047138047138 0.01388888888888889 0.01397306397306397 0.01405723905723906 0.01414141414141414 0.01422558922558922 0.01430976430976431 0.01439393939393939 0.01447811447811448 0.01456228956228956 0.01464646464646465 0.01473063973063973 0.01481481481481481 0.0148989898989899 0.01498316498316498 0.01506734006734007 0.01515151515151515 0.01523569023569024 0.01531986531986532 0.0154040404040404 0.01548821548821549 0.01557239057239057 0.01565656565656566 0.01574074074074074 0.01582491582491583 0.01590909090909091 0.01599326599326599 0.01607744107744108 0.01616161616161616 0.01624579124579124 0.01632996632996633 0.01641414141414142 0.0164983164983165 0.01658249158249158 0.01666666666666667


# name: y
# type: matrix
# rows: 100
# columns: 1
 124113.8304449217
 124275.1827617834
 124427.6585042434
 124571.5088117216
 124706.984823638
 124834.3376794125
 124953.8185184651
 125065.6784802157
 125170.1687040842
 125267.5403294905
 125358.0444958547
 125441.9323425966
 125519.4550091362
 125590.8636348934
 125656.4093592882
 125716.3433217405
 125770.9166616701
 125820.3805184972
 125864.9860316416
 125904.9843405232
 125940.626584562
 125972.1639031779
 125999.8474357909
 126023.9283218209
 126044.6577006878
 126062.2867118116
 126077.0664946123
 126089.2481885096
 126099.0829329237
 126106.8218672744
 126112.7161309816
 126117.0168634653
 126119.9752041455
 126121.8422924421
 126122.869267775
 126123.3072695641
 126123.4074372294
 126123.4209101909
 126123.5988278684
 126124.192329682
 126125.4525550515
 126127.6306433968
 126130.977734138
 126135.744966695
 126142.1834804876
 126150.5444149359
 126161.0789094597
 126174.0381034791
 126189.6731364139
 126208.2351476841
 126229.9752767096
 126255.1446629104
 126283.9944457064
 126316.7757645175
 126353.7397587638
 126395.137567865
 126441.2203312411
 126492.2391883122
 126548.4452784981
 126610.0897412188
 126677.4237158941
 126750.6983419441
 126830.1647587887
 126916.0741058478
 127008.6775225414
 127108.2261482894
 127214.9711225117
 127329.1635846282
 127451.054674059
 127580.8955302239
 127718.937292543
 127865.431100436
 128020.628093323
 128184.7794106239
 128358.1361917586
 128540.9495761471
 128733.4707032093
 128935.9507123652
 129148.6407430347
 129371.7919346377
 129605.6554265941
 129850.482358324
 130106.5238692472
 130374.0310987837
 130653.2551863534
 130944.4472713762
 131247.8584932722
 131563.7399914612
 131892.3429053631
 132233.918374398
 132588.7175379856
 132956.9915355461
 133338.9915064994
 133734.9685902652
 134145.1739262637
 134569.8586539147
 135009.2739126382
 135463.670841854
 135933.3005809823
 136418.4142694428


# name: QUERY
# type: sq_string
# elements: 1
# length: 2
R1


# name: DATASIZE
# type: sq_string
# elements: 1
# length: 3
500


