# Created by Octave 3.8.2, Wed May 18 09:10:18 2016 CEST <Andrea@Andreas-MacBook-Pro.local>
# name: x
# type: matrix
# rows: 1
# columns: 100
 0.008333333333333333 0.008417508417508417 0.008501683501683501 0.008585858585858586 0.00867003367003367 0.008754208754208754 0.008838383838383838 0.008922558922558922 0.009006734006734006 0.00909090909090909 0.009175084175084175 0.009259259259259259 0.009343434343434343 0.009427609427609427 0.009511784511784511 0.009595959595959595 0.009680134680134679 0.009764309764309764 0.009848484848484848 0.009932659932659932 0.01001683501683502 0.0101010101010101 0.01018518518518518 0.01026936026936027 0.01035353535353535 0.01043771043771044 0.01052188552188552 0.0106060606060606 0.01069023569023569 0.01077441077441077 0.01085858585858586 0.01094276094276094 0.01102693602693603 0.01111111111111111 0.0111952861952862 0.01127946127946128 0.01136363636363636 0.01144781144781145 0.01153198653198653 0.01161616161616162 0.0117003367003367 0.01178451178451178 0.01186868686868687 0.01195286195286195 0.01203703703703704 0.01212121212121212 0.01220538720538721 0.01228956228956229 0.01237373737373737 0.01245791245791246 0.01254208754208754 0.01262626262626263 0.01271043771043771 0.01279461279461279 0.01287878787878788 0.01296296296296296 0.01304713804713805 0.01313131313131313 0.01321548821548822 0.0132996632996633 0.01338383838383838 0.01346801346801347 0.01355218855218855 0.01363636363636364 0.01372053872053872 0.0138047138047138 0.01388888888888889 0.01397306397306397 0.01405723905723906 0.01414141414141414 0.01422558922558922 0.01430976430976431 0.01439393939393939 0.01447811447811448 0.01456228956228956 0.01464646464646465 0.01473063973063973 0.01481481481481481 0.0148989898989899 0.01498316498316498 0.01506734006734007 0.01515151515151515 0.01523569023569024 0.01531986531986532 0.0154040404040404 0.01548821548821549 0.01557239057239057 0.01565656565656566 0.01574074074074074 0.01582491582491583 0.01590909090909091 0.01599326599326599 0.01607744107744108 0.01616161616161616 0.01624579124579124 0.01632996632996633 0.01641414141414142 0.0164983164983165 0.01658249158249158 0.01666666666666667


# name: y
# type: matrix
# rows: 1
# columns: 100
 131275.0453555032 131683.9299812564 132092.8146070096 132501.6992327627 132910.5838585158 133319.468484269 133728.3531100221 134137.2377357753 134546.1223615285 134955.0069872816 135363.8916130348 135772.7762387879 136181.6608645411 136590.5454902942 136999.4301160474 137408.3147418005 137817.1993675537 138226.0839933068 138634.96861906 139043.8532448132 139452.7378705663 139861.6224963194 140270.5071220726 140679.3917478257 141088.2763735789 141497.1609993321 141906.0456250852 142314.9302508384 142723.8148765915 143132.6995023447 143541.5841280978 143950.468753851 144359.3533796041 144768.2380053573 145177.1226311105 145586.0072568636 145994.8918826168 146403.7765083699 146812.661134123 147221.5457598762 147630.4303856294 148039.3150113825 148448.1996371357 148857.0842628888 149265.968888642 149674.8535143951 150083.7381401483 150492.6227659014 150901.5073916546 151310.3920174078 151719.2766431609 152128.1612689141 152537.0458946672 152945.9305204204 153354.8151461735 153763.6997719267 154172.5843976798 154581.469023433 154990.3536491861 155399.2382749393 155808.1229006924 156217.0075264456 156625.8921521987 157034.7767779519 157443.661403705 157852.5460294582 158261.4306552114 158670.3152809645 159079.1999067177 159488.0845324708 159896.9691582239 160305.8537839771 160714.7384097303 161123.6230354834 161532.5076612366 161941.3922869897 162350.2769127429 162759.161538496 163168.0461642492 163576.9307900023 163985.8154157555 164394.7000415087 164803.5846672618 165212.469293015 165621.3539187681 166030.2385445213 166439.1231702744 166848.0077960276 167256.8924217807 167665.7770475339 168074.661673287 168483.5462990402 168892.4309247933 169301.3155505465 169710.2001762996 170119.0848020528 170527.9694278059 170936.8540535591 171345.7386793123 171754.6233050654


# name: QUERY
# type: sq_string
# elements: 1
# length: 2
R1


# name: DATASIZE
# type: sq_string
# elements: 1
# length: 3
500


