# Created by Octave 3.8.2, Mon May 23 09:56:19 2016 CEST <Andrea@Andreas-MacBook-Pro.local>
# name: x
# type: matrix
# rows: 1
# columns: 100
 0.05 0.05075757575757577 0.05151515151515151 0.05227272727272728 0.05303030303030304 0.05378787878787879 0.05454545454545455 0.05530303030303031 0.05606060606060607 0.05681818181818182 0.05757575757575759 0.05833333333333334 0.0590909090909091 0.05984848484848486 0.06060606060606061 0.06136363636363637 0.06212121212121213 0.0628787878787879 0.06363636363636364 0.06439393939393939 0.06515151515151515 0.06590909090909092 0.06666666666666668 0.06742424242424243 0.06818181818181819 0.06893939393939394 0.0696969696969697 0.07045454545454546 0.07121212121212121 0.07196969696969698 0.07272727272727274 0.0734848484848485 0.07424242424242425 0.07500000000000001 0.07575757575757576 0.07651515151515152 0.07727272727272728 0.07803030303030303 0.0787878787878788 0.07954545454545456 0.08030303030303031 0.08106060606060607 0.08181818181818183 0.08257575757575758 0.08333333333333334 0.08409090909090911 0.08484848484848485 0.08560606060606062 0.08636363636363636 0.08712121212121213 0.08787878787878789 0.08863636363636364 0.0893939393939394 0.09015151515151516 0.09090909090909091 0.09166666666666667 0.09242424242424244 0.09318181818181819 0.09393939393939395 0.09469696969696971 0.09545454545454546 0.09621212121212122 0.09696969696969698 0.09772727272727275 0.09848484848484849 0.09924242424242424 0.1 0.1007575757575758 0.1015151515151515 0.1022727272727273 0.103030303030303 0.1037878787878788 0.1045454545454546 0.1053030303030303 0.1060606060606061 0.1068181818181818 0.1075757575757576 0.1083333333333333 0.1090909090909091 0.1098484848484849 0.1106060606060606 0.1113636363636364 0.1121212121212121 0.1128787878787879 0.1136363636363636 0.1143939393939394 0.1151515151515152 0.1159090909090909 0.1166666666666667 0.1174242424242424 0.1181818181818182 0.1189393939393939 0.1196969696969697 0.1204545454545455 0.1212121212121212 0.121969696969697 0.1227272727272727 0.1234848484848485 0.1242424242424243 0.125


# name: y
# type: matrix
# rows: 100
# columns: 1
 155886.2287134725
 156740.0698191393
 157683.6923902149
 158714.3110214851
 159828.7377973393
 161023.4015029038
 162294.3697138436
 163637.373577007
 165047.8350676399
 166520.8964849106
 168051.4519262253
 169634.1804625374
 171263.5807217513
 172934.0065755435
 174639.7036165896
 176374.8461083287
 178133.5740880464
 179910.0303061559
 181698.3966900259
 183492.9300294089
 185287.996592291
 187078.1053946077
 188857.9398645068
 190622.3876614163
 192366.5684318011
 194085.8593068593
 195775.9179721852
 197432.7031652927
 199052.4924835044
 200631.8974117572
 202167.8755070147
 203657.7397029219
 205099.1647247832
 206490.1906306345
 207829.2235188522
 209115.0334661957
 210346.7497821976
 211523.8536862603
 212646.1685325288
 213713.8477245036
 214727.3604763382
 215687.4755908017
 216595.2434349424
 217451.9763035747
 218259.2273678432
 219018.7684113511
 219732.5665597251
 220402.7602111095
 221031.6343750205
 221621.5956253522
 222175.1468702012
 222694.8621366912
 223183.3615632211
 223643.2867846653
 224077.2768881038
 224487.945107785
 224877.856418302
 225249.5061745093
 225605.2999355982
 225947.5345990766
 226278.380958246
 226599.8677841932
 226913.8675204121
 227222.0836649775
 227526.0399017986
 227827.0710289241
 228126.3157182241
 228424.7111270938
 228722.9893691665
 229021.675837453
 229321.0893599034
 229621.3441541843
 229922.3535355434
 230223.8353190744
 230525.3188455661
 230826.1535485083
 231125.5189688041
 231422.4361133965
 231715.7800444355
 232004.2935768685
 232286.601954528
 232561.2283679758
 232826.6101716327
 233081.1156531346
 233323.0612044771
 233550.7287423866
 233762.3832245318
 233956.2901086963
 234130.7326038771
 234284.0285654714
 234414.5468912395
 234520.7232805659
 234601.0752266333
 234654.2161194237
 234678.8683468817
 234673.8752920405
 234638.2121353024
 234570.9953832846
 234471.4910585386
 234339.1214979081


# name: QUERY
# type: sq_string
# elements: 1
# length: 2
Q3


# name: DATASIZE
# type: sq_string
# elements: 1
# length: 2
50


