# Created by Octave 3.8.2, Mon May 23 09:56:19 2016 CEST <Andrea@Andreas-MacBook-Pro.local>
# name: x
# type: matrix
# rows: 1
# columns: 100
 0.05 0.05075757575757577 0.05151515151515151 0.05227272727272728 0.05303030303030304 0.05378787878787879 0.05454545454545455 0.05530303030303031 0.05606060606060607 0.05681818181818182 0.05757575757575759 0.05833333333333334 0.0590909090909091 0.05984848484848486 0.06060606060606061 0.06136363636363637 0.06212121212121213 0.0628787878787879 0.06363636363636364 0.06439393939393939 0.06515151515151515 0.06590909090909092 0.06666666666666668 0.06742424242424243 0.06818181818181819 0.06893939393939394 0.0696969696969697 0.07045454545454546 0.07121212121212121 0.07196969696969698 0.07272727272727274 0.0734848484848485 0.07424242424242425 0.07500000000000001 0.07575757575757576 0.07651515151515152 0.07727272727272728 0.07803030303030303 0.0787878787878788 0.07954545454545456 0.08030303030303031 0.08106060606060607 0.08181818181818183 0.08257575757575758 0.08333333333333334 0.08409090909090911 0.08484848484848485 0.08560606060606062 0.08636363636363636 0.08712121212121213 0.08787878787878789 0.08863636363636364 0.0893939393939394 0.09015151515151516 0.09090909090909091 0.09166666666666667 0.09242424242424244 0.09318181818181819 0.09393939393939395 0.09469696969696971 0.09545454545454546 0.09621212121212122 0.09696969696969698 0.09772727272727275 0.09848484848484849 0.09924242424242424 0.1 0.1007575757575758 0.1015151515151515 0.1022727272727273 0.103030303030303 0.1037878787878788 0.1045454545454546 0.1053030303030303 0.1060606060606061 0.1068181818181818 0.1075757575757576 0.1083333333333333 0.1090909090909091 0.1098484848484849 0.1106060606060606 0.1113636363636364 0.1121212121212121 0.1128787878787879 0.1136363636363636 0.1143939393939394 0.1151515151515152 0.1159090909090909 0.1166666666666667 0.1174242424242424 0.1181818181818182 0.1189393939393939 0.1196969696969697 0.1204545454545455 0.1212121212121212 0.121969696969697 0.1227272727272727 0.1234848484848485 0.1242424242424243 0.125


# name: y
# type: matrix
# rows: 100
# columns: 1
 166511.2279663324
 167316.5163018564
 168121.8046373804
 168927.0929729045
 169732.3813084285
 170537.6696439525
 171342.9579794765
 172148.2463150006
 172953.5346505246
 173758.8229860487
 174564.1113215727
 175369.3996570967
 176174.6879926208
 176979.9763281448
 177785.2646636688
 178590.5529991928
 179395.8413347169
 180201.1296702409
 181006.418005765
 181811.706341289
 182616.994676813
 183422.2830123371
 184227.5713478611
 185032.8596833851
 185838.1480189092
 186643.4363544332
 187448.7246899572
 188254.0130254813
 189059.3013610053
 189864.5896965293
 190669.8780320534
 191475.1663675774
 192280.4547031014
 193085.7430386255
 193891.0313741495
 194696.3197096735
 195501.6080451976
 196306.8963807216
 197112.1847162456
 197917.4730517696
 198722.7613872937
 199528.0497228177
 200333.3380583417
 201138.6263938658
 201943.9147293898
 202749.2030649138
 203554.4914004379
 204359.7797359619
 205165.0680714859
 205970.35640701
 206775.644742534
 207580.933078058
 208386.2214135821
 209191.5097491061
 209996.7980846301
 210802.0864201542
 211607.3747556782
 212412.6630912022
 213217.9514267262
 214023.2397622503
 214828.5280977743
 215633.8164332983
 216439.1047688224
 217244.3931043464
 218049.6814398704
 218854.9697753945
 219660.2581109185
 220465.5464464425
 221270.8347819666
 222076.1231174906
 222881.4114530146
 223686.6997885387
 224491.9881240627
 225297.2764595867
 226102.5647951108
 226907.8531306348
 227713.1414661588
 228518.4298016829
 229323.7181372069
 230129.006472731
 230934.294808255
 231739.583143779
 232544.8714793031
 233350.1598148271
 234155.4481503511
 234960.7364858752
 235766.0248213992
 236571.3131569232
 237376.6014924473
 238181.8898279713
 238987.1781634953
 239792.4664990193
 240597.7548345434
 241403.0431700674
 242208.3315055914
 243013.6198411155
 243818.9081766395
 244624.1965121635
 245429.4848476875
 246234.7731832116


# name: QUERY
# type: sq_string
# elements: 1
# length: 2
Q3


# name: DATASIZE
# type: sq_string
# elements: 1
# length: 2
50


