# Created by Octave 3.8.2, Mon May 23 09:56:19 2016 CEST <Andrea@Andreas-MacBook-Pro.local>
# name: x
# type: matrix
# rows: 1
# columns: 100
 0.05 0.05075757575757577 0.05151515151515151 0.05227272727272728 0.05303030303030304 0.05378787878787879 0.05454545454545455 0.05530303030303031 0.05606060606060607 0.05681818181818182 0.05757575757575759 0.05833333333333334 0.0590909090909091 0.05984848484848486 0.06060606060606061 0.06136363636363637 0.06212121212121213 0.0628787878787879 0.06363636363636364 0.06439393939393939 0.06515151515151515 0.06590909090909092 0.06666666666666668 0.06742424242424243 0.06818181818181819 0.06893939393939394 0.0696969696969697 0.07045454545454546 0.07121212121212121 0.07196969696969698 0.07272727272727274 0.0734848484848485 0.07424242424242425 0.07500000000000001 0.07575757575757576 0.07651515151515152 0.07727272727272728 0.07803030303030303 0.0787878787878788 0.07954545454545456 0.08030303030303031 0.08106060606060607 0.08181818181818183 0.08257575757575758 0.08333333333333334 0.08409090909090911 0.08484848484848485 0.08560606060606062 0.08636363636363636 0.08712121212121213 0.08787878787878789 0.08863636363636364 0.0893939393939394 0.09015151515151516 0.09090909090909091 0.09166666666666667 0.09242424242424244 0.09318181818181819 0.09393939393939395 0.09469696969696971 0.09545454545454546 0.09621212121212122 0.09696969696969698 0.09772727272727275 0.09848484848484849 0.09924242424242424 0.1 0.1007575757575758 0.1015151515151515 0.1022727272727273 0.103030303030303 0.1037878787878788 0.1045454545454546 0.1053030303030303 0.1060606060606061 0.1068181818181818 0.1075757575757576 0.1083333333333333 0.1090909090909091 0.1098484848484849 0.1106060606060606 0.1113636363636364 0.1121212121212121 0.1128787878787879 0.1136363636363636 0.1143939393939394 0.1151515151515152 0.1159090909090909 0.1166666666666667 0.1174242424242424 0.1181818181818182 0.1189393939393939 0.1196969696969697 0.1204545454545455 0.1212121212121212 0.121969696969697 0.1227272727272727 0.1234848484848485 0.1242424242424243 0.125


# name: y
# type: matrix
# rows: 1
# columns: 100
 161002.6962275285 161918.6025917284 162834.5089559284 163750.4153201283 164666.3216843282 165582.2280485281 166498.134412728 167414.0407769279 168329.9471411278 169245.8535053277 170161.7598695277 171077.6662337276 171993.5725979275 172909.4789621274 173825.3853263273 174741.2916905272 175657.1980547271 176573.104418927 177489.010783127 178404.9171473269 179320.8235115268 180236.7298757267 181152.6362399266 182068.5426041265 182984.4489683264 183900.3553325263 184816.2616967263 185732.1680609262 186648.0744251261 187563.980789326 188479.8871535259 189395.7935177258 190311.6998819257 191227.6062461256 192143.5126103255 193059.4189745255 193975.3253387254 194891.2317029253 195807.1380671252 196723.0444313251 197638.950795525 198554.8571597249 199470.7635239248 200386.6698881247 201302.5762523247 202218.4826165246 203134.3889807245 204050.2953449244 204966.2017091243 205882.1080733242 206798.0144375241 207713.920801724 208629.827165924 209545.7335301239 210461.6398943238 211377.5462585237 212293.4526227236 213209.3589869235 214125.2653511234 215041.1717153233 215957.0780795233 216872.9844437232 217788.8908079231 218704.797172123 219620.7035363229 220536.6099005228 221452.5162647227 222368.4226289226 223284.3289931226 224200.2353573225 225116.1417215224 226032.0480857223 226947.9544499222 227863.8608141221 228779.767178322 229695.673542522 230611.5799067219 231527.4862709218 232443.3926351217 233359.2989993216 234275.2053635215 235191.1117277214 236107.0180919213 237022.9244561213 237938.8308203212 238854.7371845211 239770.643548721 240686.5499129209 241602.4562771208 242518.3626413207 243434.2690055206 244350.1753697205 245266.0817339204 246181.9880981204 247097.8944623203 248013.8008265202 248929.7071907201 249845.61355492 250761.5199191199 251677.4262833198


# name: QUERY
# type: sq_string
# elements: 1
# length: 2
Q3


# name: DATASIZE
# type: sq_string
# elements: 1
# length: 2
50


