# Created by Octave 3.8.2, Mon May 23 09:56:19 2016 CEST <Andrea@Andreas-MacBook-Pro.local>
# name: SVs
# type: cell
# rows: 1
# columns: 7
# name: <cell-element>
# type: sparse matrix
# nnz: 24
# rows: 24
# columns: 1
1 1 -1.054402068260907
2 1 -1.054402068260907
3 1 0.109076076026991
4 1 -1.054402068260907
5 1 -1.054402068260907
6 1 0.109076076026991
7 1 -0.618097764152945
8 1 0.109076076026991
9 1 -0.618097764152945
10 1 0.109076076026991
11 1 -1.054402068260907
12 1 1.563423756386864
13 1 -1.054402068260907
14 1 -0.618097764152945
15 1 -1.054402068260907
16 1 -1.054402068260907
17 1 0.109076076026991
18 1 0.109076076026991
19 1 -0.618097764152945
20 1 -1.054402068260907
21 1 0.109076076026991
22 1 -0.618097764152945
23 1 -1.054402068260907
24 1 -1.054402068260907



# name: <cell-element>
# type: sparse matrix
# nnz: 36
# rows: 36
# columns: 1
1 1 -1.054402068260907
2 1 -1.054402068260907
3 1 0.109076076026991
4 1 1.563423756386864
5 1 1.563423756386864
6 1 0.109076076026991
7 1 0.109076076026991
8 1 1.563423756386864
9 1 -0.618097764152945
10 1 0.109076076026991
11 1 -0.618097764152945
12 1 -1.054402068260907
13 1 -1.054402068260907
14 1 0.109076076026991
15 1 -0.618097764152945
16 1 0.109076076026991
17 1 0.109076076026991
18 1 1.563423756386864
19 1 -1.054402068260907
20 1 1.563423756386864
21 1 1.563423756386864
22 1 -1.054402068260907
23 1 -1.054402068260907
24 1 0.109076076026991
25 1 1.563423756386864
26 1 -0.618097764152945
27 1 -1.054402068260907
28 1 0.109076076026991
29 1 -0.618097764152945
30 1 -1.054402068260907
31 1 1.563423756386864
32 1 0.109076076026991
33 1 -0.618097764152945
34 1 -1.054402068260907
35 1 -1.054402068260907
36 1 -1.054402068260907



# name: <cell-element>
# type: sparse matrix
# nnz: 2
# rows: 2
# columns: 1
1 1 -1.054402068260907
2 1 0.109076076026991



# name: <cell-element>
# type: sparse matrix
# nnz: 28
# rows: 28
# columns: 1
1 1 -1.054402068260907
2 1 -1.054402068260907
3 1 0.109076076026991
4 1 0.109076076026991
5 1 0.109076076026991
6 1 0.109076076026991
7 1 -1.054402068260907
8 1 -1.054402068260907
9 1 0.109076076026991
10 1 -0.618097764152945
11 1 0.109076076026991
12 1 0.109076076026991
13 1 1.563423756386864
14 1 -1.054402068260907
15 1 1.563423756386864
16 1 0.109076076026991
17 1 -1.054402068260907
18 1 -1.054402068260907
19 1 0.109076076026991
20 1 -1.054402068260907
21 1 0.109076076026991
22 1 -1.054402068260907
23 1 1.563423756386864
24 1 0.109076076026991
25 1 -0.618097764152945
26 1 -1.054402068260907
27 1 -1.054402068260907
28 1 -1.054402068260907



# name: <cell-element>
# type: sparse matrix
# nnz: 21
# rows: 21
# columns: 1
1 1 -1.054402068260907
2 1 -1.054402068260907
3 1 0.109076076026991
4 1 0.109076076026991
5 1 0.109076076026991
6 1 -1.054402068260907
7 1 -1.054402068260907
8 1 0.109076076026991
9 1 -0.618097764152945
10 1 0.109076076026991
11 1 0.109076076026991
12 1 1.563423756386864
13 1 -1.054402068260907
14 1 -1.054402068260907
15 1 -1.054402068260907
16 1 0.109076076026991
17 1 0.109076076026991
18 1 -1.054402068260907
19 1 0.109076076026991
20 1 -1.054402068260907
21 1 -1.054402068260907



# name: <cell-element>
# type: sparse matrix
# nnz: 15
# rows: 15
# columns: 1
1 1 -1.054402068260907
2 1 -1.054402068260907
3 1 -1.054402068260907
4 1 0.109076076026991
5 1 -0.618097764152945
6 1 -0.618097764152945
7 1 -1.054402068260907
8 1 1.563423756386864
9 1 0.109076076026991
10 1 -0.618097764152945
11 1 -1.054402068260907
12 1 -1.054402068260907
13 1 -0.618097764152945
14 1 -0.618097764152945
15 1 -1.054402068260907



# name: <cell-element>
# type: scalar
0





# name: coefficients
# type: cell
# rows: 1
# columns: 7
# name: <cell-element>
# type: matrix
# rows: 24
# columns: 1
 -0.1
 -0.1
 0.1
 -0.1
 -0.1
 0.1
 -0.1
 0.1
 0.1
 0.1
 0.1
 0.005693310524761496
 -0.1
 0.1
 -0.005693310524761496
 -0.1
 0.1
 0.1
 0.1
 -0.1
 0.1
 -0.1
 -0.1
 -0.1



# name: <cell-element>
# type: matrix
# rows: 36
# columns: 1
 -0.1
 -0.1
 0.1
 0.1
 0.08432481692989297
 0.1
 0.1
 0.1
 -0.1
 0.1
 -0.1
 -0.1
 -0.1
 0.1
 -0.1
 0.1
 0.1
 0.1
 -0.1
 0.1
 0.1
 -0.1
 -0.1
 0.1
 0.1
 -0.1
 -0.1
 0.1
 -0.08432481692989297
 -0.1
 0.1
 0.1
 -0.1
 -0.1
 -0.1
 -0.1



# name: <cell-element>
# type: matrix
# rows: 2
# columns: 1
 -0.35789
 0.35789



# name: <cell-element>
# type: matrix
# rows: 28
# columns: 1
 -3.9684
 -3.9684
 3.9684
 3.9684
 3.9684
 3.9684
 -3.9684
 -3.9684
 3.9684
 -3.9684
 3.9684
 3.9684
 3.9684
 -3.9684
 1.662038151758932
 3.9684
 -3.9684
 -3.9684
 3.9684
 -1.662038151758932
 3.9684
 -3.9684
 3.9684
 3.9684
 -3.9684
 -3.9684
 -3.9684
 -3.9684



# name: <cell-element>
# type: matrix
# rows: 21
# columns: 1
 -0.1
 -0.1
 0.1
 0.1
 0.1
 -0.1
 -0.1
 0.1
 -4.163336342344337e-17
 0.1
 0.1
 0.1
 -0.1
 -0.1
 -0.1
 0.1
 0.1
 -0.1
 0.1
 -0.1
 -0.1



# name: <cell-element>
# type: matrix
# rows: 15
# columns: 1
 -0.87368
 -0.87368
 -0.4009552043649052
 0.87368
 -0.87368
 0.87368
 0.87368
 0.87368
 -0.4727247956350948
 0.87368
 -0.87368
 0.87368
 0.87368
 -0.87368
 -0.87368



# name: <cell-element>
# type: scalar
0





# name: b
# type: cell
# rows: 1
# columns: 7
# name: <cell-element>
# type: scalar
0.03146387092518954



# name: <cell-element>
# type: scalar
-0.2482598177542948



# name: <cell-element>
# type: scalar
-0.1205949877262857



# name: <cell-element>
# type: scalar
-0.386288647744961



# name: <cell-element>
# type: scalar
-0.4196638832551222



# name: <cell-element>
# type: scalar
0.1280309403586187



# name: <cell-element>
# type: scalar
0





# name: models
# type: cell
# rows: 1
# columns: 7
# name: <cell-element>
# type: scalar struct
# ndims: 2
 1 1
# length: 11
# name: Parameters
# type: matrix
# rows: 5
# columns: 1
 3
 0
 3
 1
 0


# name: nr_class
# type: scalar
2


# name: totalSV
# type: scalar
24


# name: rho
# type: scalar
-0.03146387092518954


# name: Label
# type: matrix
# rows: 0
# columns: 0


# name: sv_indices
# type: matrix
# rows: 24
# columns: 1
 1
 2
 7
 12
 13
 15
 16
 17
 18
 19
 20
 21
 22
 26
 27
 29
 30
 35
 39
 40
 43
 44
 45
 47


# name: ProbA
# type: matrix
# rows: 0
# columns: 0


# name: ProbB
# type: matrix
# rows: 0
# columns: 0


# name: nSV
# type: matrix
# rows: 0
# columns: 0


# name: sv_coef
# type: matrix
# rows: 24
# columns: 1
 -0.1
 -0.1
 0.1
 -0.1
 -0.1
 0.1
 -0.1
 0.1
 0.1
 0.1
 0.1
 0.005693310524761496
 -0.1
 0.1
 -0.005693310524761496
 -0.1
 0.1
 0.1
 0.1
 -0.1
 0.1
 -0.1
 -0.1
 -0.1


# name: SVs
# type: sparse matrix
# nnz: 24
# rows: 24
# columns: 1
1 1 -1.054402068260907
2 1 -1.054402068260907
3 1 0.109076076026991
4 1 -1.054402068260907
5 1 -1.054402068260907
6 1 0.109076076026991
7 1 -0.618097764152945
8 1 0.109076076026991
9 1 -0.618097764152945
10 1 0.109076076026991
11 1 -1.054402068260907
12 1 1.563423756386864
13 1 -1.054402068260907
14 1 -0.618097764152945
15 1 -1.054402068260907
16 1 -1.054402068260907
17 1 0.109076076026991
18 1 0.109076076026991
19 1 -0.618097764152945
20 1 -1.054402068260907
21 1 0.109076076026991
22 1 -0.618097764152945
23 1 -1.054402068260907
24 1 -1.054402068260907





# name: <cell-element>
# type: scalar struct
# ndims: 2
 1 1
# length: 11
# name: Parameters
# type: matrix
# rows: 5
# columns: 1
 3
 1
 2
 1
 0


# name: nr_class
# type: scalar
2


# name: totalSV
# type: scalar
36


# name: rho
# type: scalar
0.2482598177542948


# name: Label
# type: matrix
# rows: 0
# columns: 0


# name: sv_indices
# type: matrix
# rows: 36
# columns: 1
 1
 2
 3
 4
 5
 6
 7
 8
 9
 10
 11
 12
 13
 15
 16
 17
 19
 21
 22
 23
 25
 27
 29
 30
 31
 32
 34
 35
 38
 40
 42
 43
 44
 45
 46
 47


# name: ProbA
# type: matrix
# rows: 0
# columns: 0


# name: ProbB
# type: matrix
# rows: 0
# columns: 0


# name: nSV
# type: matrix
# rows: 0
# columns: 0


