# Created by Octave 3.8.2, Mon May 23 09:56:12 2016 CEST <Andrea@Andreas-MacBook-Pro.local>
# name: mu
# type: matrix
# rows: 1
# columns: 2
 197524.4625 0.08020833333333331


# name: sigma
# type: matrix
# rows: 1
# columns: 2
 34885.65815576082 0.02864972882987404


