# Created by Octave 3.8.2, Mon May 23 09:56:19 2016 CEST <Andrea@Andreas-MacBook-Pro.local>
# name: x
# type: matrix
# rows: 1
# columns: 100
 0.05 0.05075757575757577 0.05151515151515151 0.05227272727272728 0.05303030303030304 0.05378787878787879 0.05454545454545455 0.05530303030303031 0.05606060606060607 0.05681818181818182 0.05757575757575759 0.05833333333333334 0.0590909090909091 0.05984848484848486 0.06060606060606061 0.06136363636363637 0.06212121212121213 0.0628787878787879 0.06363636363636364 0.06439393939393939 0.06515151515151515 0.06590909090909092 0.06666666666666668 0.06742424242424243 0.06818181818181819 0.06893939393939394 0.0696969696969697 0.07045454545454546 0.07121212121212121 0.07196969696969698 0.07272727272727274 0.0734848484848485 0.07424242424242425 0.07500000000000001 0.07575757575757576 0.07651515151515152 0.07727272727272728 0.07803030303030303 0.0787878787878788 0.07954545454545456 0.08030303030303031 0.08106060606060607 0.08181818181818183 0.08257575757575758 0.08333333333333334 0.08409090909090911 0.08484848484848485 0.08560606060606062 0.08636363636363636 0.08712121212121213 0.08787878787878789 0.08863636363636364 0.0893939393939394 0.09015151515151516 0.09090909090909091 0.09166666666666667 0.09242424242424244 0.09318181818181819 0.09393939393939395 0.09469696969696971 0.09545454545454546 0.09621212121212122 0.09696969696969698 0.09772727272727275 0.09848484848484849 0.09924242424242424 0.1 0.1007575757575758 0.1015151515151515 0.1022727272727273 0.103030303030303 0.1037878787878788 0.1045454545454546 0.1053030303030303 0.1060606060606061 0.1068181818181818 0.1075757575757576 0.1083333333333333 0.1090909090909091 0.1098484848484849 0.1106060606060606 0.1113636363636364 0.1121212121212121 0.1128787878787879 0.1136363636363636 0.1143939393939394 0.1151515151515152 0.1159090909090909 0.1166666666666667 0.1174242424242424 0.1181818181818182 0.1189393939393939 0.1196969696969697 0.1204545454545455 0.1212121212121212 0.121969696969697 0.1227272727272727 0.1234848484848485 0.1242424242424243 0.125


# name: y
# type: matrix
# rows: 100
# columns: 1
 176141.7247651601
 177401.8048412635
 178598.6969964149
 179734.0266433723
 180809.4191948929
 181826.5000637346
 182786.8946626548
 183692.2284044112
 184544.1267017614
 185344.214967463
 186094.1186142736
 186795.4630549508
 187449.8737022523
 188058.9759689355
 188624.3952677581
 189147.7570114777
 189630.686612852
 190074.8094846385
 190481.7510395948
 190853.1366904785
 191190.5918500473
 191495.7419310587
 191770.2123462704
 192015.6285084398
 192233.6158303248
 192425.7997246828
 192593.8056042714
 192739.2588818482
 192863.784970171
 192969.0092819972
 193056.5572300845
 193128.0542271904
 193185.1256860726
 193229.3970194886
 193262.4936401962
 193286.0409609528
 193301.6643945161
 193310.9893536438
 193315.6412510933
 193317.2454996223
 193317.4275119883
 193317.8127009491
 193320.0264792622
 193325.6942596852
 193336.4414549757
 193353.8934778913
 193379.6757411897
 193415.4136576283
 193462.7326399649
 193523.258100957
 193598.6154533623
 193690.4301099382
 193800.3274834426
 193929.9329866328
 194080.8720322666
 194254.7700331015
 194453.2524018952
 194677.9445514053
 194930.4718943893
 195212.4598436048
 195525.5338118095
 195871.319211761
 196251.4414562169
 196667.5259579347
 197121.1981296721
 197614.0833841867
 198147.8071342361
 198723.9947925778
 199344.2717719696
 200010.2634851689
 200723.5953449334
 201485.8927640208
 202298.7811551885
 203163.8859311943
 204082.8325047956
 205057.2462887502
 206088.7526958156
 207178.9771387494
 208329.5450303092
 209542.0817832527
 210818.2128103373
 212159.5635243208
 213567.7593379608
 215044.4256640148
 216591.1879152404
 218209.6715043953
 219901.501844237
 221668.3043475232
 223511.7044270114
 225433.3274954593
 227434.7989656244
 229517.7442502644
 231683.7887621369
 233934.5579139995
 236271.6771186097
 238696.7717887252
 241211.4673371036
 243817.3891765025
 246516.1627196795
 249309.4133793921


# name: QUERY
# type: sq_string
# elements: 1
# length: 2
Q3


# name: DATASIZE
# type: sq_string
# elements: 1
# length: 2
50


