# Created by Octave 3.8.2, Mon May 23 09:56:19 2016 CEST <Andrea@Andreas-MacBook-Pro.local>
# name: x
# type: matrix
# rows: 1
# columns: 100
 0.05 0.05075757575757577 0.05151515151515151 0.05227272727272728 0.05303030303030304 0.05378787878787879 0.05454545454545455 0.05530303030303031 0.05606060606060607 0.05681818181818182 0.05757575757575759 0.05833333333333334 0.0590909090909091 0.05984848484848486 0.06060606060606061 0.06136363636363637 0.06212121212121213 0.0628787878787879 0.06363636363636364 0.06439393939393939 0.06515151515151515 0.06590909090909092 0.06666666666666668 0.06742424242424243 0.06818181818181819 0.06893939393939394 0.0696969696969697 0.07045454545454546 0.07121212121212121 0.07196969696969698 0.07272727272727274 0.0734848484848485 0.07424242424242425 0.07500000000000001 0.07575757575757576 0.07651515151515152 0.07727272727272728 0.07803030303030303 0.0787878787878788 0.07954545454545456 0.08030303030303031 0.08106060606060607 0.08181818181818183 0.08257575757575758 0.08333333333333334 0.08409090909090911 0.08484848484848485 0.08560606060606062 0.08636363636363636 0.08712121212121213 0.08787878787878789 0.08863636363636364 0.0893939393939394 0.09015151515151516 0.09090909090909091 0.09166666666666667 0.09242424242424244 0.09318181818181819 0.09393939393939395 0.09469696969696971 0.09545454545454546 0.09621212121212122 0.09696969696969698 0.09772727272727275 0.09848484848484849 0.09924242424242424 0.1 0.1007575757575758 0.1015151515151515 0.1022727272727273 0.103030303030303 0.1037878787878788 0.1045454545454546 0.1053030303030303 0.1060606060606061 0.1068181818181818 0.1075757575757576 0.1083333333333333 0.1090909090909091 0.1098484848484849 0.1106060606060606 0.1113636363636364 0.1121212121212121 0.1128787878787879 0.1136363636363636 0.1143939393939394 0.1151515151515152 0.1159090909090909 0.1166666666666667 0.1174242424242424 0.1181818181818182 0.1189393939393939 0.1196969696969697 0.1204545454545455 0.1212121212121212 0.121969696969697 0.1227272727272727 0.1234848484848485 0.1242424242424243 0.125


# name: y
# type: matrix
# rows: 100
# columns: 1
 192120.6279131071
 191340.841941052
 190618.9659796683
 189952.0593789899
 189337.2581183655
 188771.7748064562
 188252.8986812406
 187777.9956100124
 187344.5080893791
 186949.9552452648
 186591.9328329076
 186268.1132368611
 185976.2454709934
 185714.1551784886
 185479.7446318459
 185270.9927328787
 185085.9550127168
 184922.7636318036
 184779.6273798991
 184654.8316760772
 184546.7385687277
 184453.7867355551
 184374.4914835792
 184307.444749135
 184251.3150978723
 184204.8477247562
 184166.864454067
 184136.2637393998
 184112.0206636651
 184093.1869390885
 184078.8909072105
 184068.3375388869
 184060.8084342885
 184055.6618229014
 184052.3325635264
 184050.3321442799
 184049.2486825932
 184048.7469252125
 184048.5682481994
 184048.5306569306
 184048.5287860977
 184048.5338997076
 184048.5938910822
 184048.8332828586
 184049.453226989
 184050.7315047405
 184053.0225266957
 184056.7573327519
 184062.4435921219
 184070.6656033332
 184082.0842942288
 184097.4372219666
 184117.5385730196
 184143.2791631759
 184175.6264375388
 184215.6244705267
 184264.3939658731
 184323.1322566266
 184393.1133051508
 184475.6877031245
 184572.2826715417
 184684.4020607117
 184813.626350258
 184961.6126491204
 185130.094695553
 185320.8828571254
 185535.8641307221
 185777.0021425432
 186046.3371481025
 186345.9860322306
 186678.1423090731
 187045.0761220882
 187449.1342440534
 187892.7400770574
 188378.3936525073
 188908.6716311219
 189486.2273029382
 190113.7905873058
 190794.1680328906
 191530.2428176751
 192324.9747489563
 193181.4002633417
 194102.6324267615
 195091.860934451
 196152.3521109757
 197287.4489101993
 198500.5709153136
 199795.2143388188
 201174.9520225288
 202643.4334375856
 204204.3846844256
 205861.6084928137
 207618.9842218303
 209480.4678598619
 211450.0920246322
 213531.9659631378
 215730.2755517456
 218049.2832960775
 220493.3283311328
 223066.8264211683


# name: QUERY
# type: sq_string
# elements: 1
# length: 2
Q3


# name: DATASIZE
# type: sq_string
# elements: 1
# length: 2
50


