# Created by Octave 3.8.2, Mon May 23 09:56:19 2016 CEST <Andrea@Andreas-MacBook-Pro.local>
# name: x
# type: matrix
# rows: 1
# columns: 100
 0.05 0.05075757575757577 0.05151515151515151 0.05227272727272728 0.05303030303030304 0.05378787878787879 0.05454545454545455 0.05530303030303031 0.05606060606060607 0.05681818181818182 0.05757575757575759 0.05833333333333334 0.0590909090909091 0.05984848484848486 0.06060606060606061 0.06136363636363637 0.06212121212121213 0.0628787878787879 0.06363636363636364 0.06439393939393939 0.06515151515151515 0.06590909090909092 0.06666666666666668 0.06742424242424243 0.06818181818181819 0.06893939393939394 0.0696969696969697 0.07045454545454546 0.07121212121212121 0.07196969696969698 0.07272727272727274 0.0734848484848485 0.07424242424242425 0.07500000000000001 0.07575757575757576 0.07651515151515152 0.07727272727272728 0.07803030303030303 0.0787878787878788 0.07954545454545456 0.08030303030303031 0.08106060606060607 0.08181818181818183 0.08257575757575758 0.08333333333333334 0.08409090909090911 0.08484848484848485 0.08560606060606062 0.08636363636363636 0.08712121212121213 0.08787878787878789 0.08863636363636364 0.0893939393939394 0.09015151515151516 0.09090909090909091 0.09166666666666667 0.09242424242424244 0.09318181818181819 0.09393939393939395 0.09469696969696971 0.09545454545454546 0.09621212121212122 0.09696969696969698 0.09772727272727275 0.09848484848484849 0.09924242424242424 0.1 0.1007575757575758 0.1015151515151515 0.1022727272727273 0.103030303030303 0.1037878787878788 0.1045454545454546 0.1053030303030303 0.1060606060606061 0.1068181818181818 0.1075757575757576 0.1083333333333333 0.1090909090909091 0.1098484848484849 0.1106060606060606 0.1113636363636364 0.1121212121212121 0.1128787878787879 0.1136363636363636 0.1143939393939394 0.1151515151515152 0.1159090909090909 0.1166666666666667 0.1174242424242424 0.1181818181818182 0.1189393939393939 0.1196969696969697 0.1204545454545455 0.1212121212121212 0.121969696969697 0.1227272727272727 0.1234848484848485 0.1242424242424243 0.125


# name: y
# type: matrix
# rows: 100
# columns: 1
 187016.6039965445
 186432.5071928781
 185918.8938979853
 185468.7891008063
 185075.7488043787
 184733.8323620879
 184437.5755540833
 184181.9644038618
 183962.4097350192
 183774.7224681686
 183615.0896580255
 183480.0512706611
 183366.4777009219
 183271.5480300171
 183192.7290232734
 183127.7548680563
 183074.6076518593
 183031.4985805604
 182996.8499368448
 182969.2777787967
 182947.5753786564
 182930.6974017457
 182917.7448255608
 182907.9505990312
 182900.6660419475
 182895.3479845547
 182891.5466473144
 182888.8942608329
 182887.0944259574
 182885.912214039
 182885.1650073631
 182884.7140797471
 182884.4569173051
 182884.3202793803
 182884.2539996439
 182884.2255273623
 182884.2152088302
 182884.2123089724
 182884.2117731116
 182884.211728904
 182884.2117284427
 182884.2117305268
 182884.2118230993
 182884.2126858517
 182884.2167929952
 182884.2303562005
 182884.2660077032
 182884.3462235779
 182884.5074871789
 182884.8051927477
 182885.3192891889
 182886.1606640119
 182887.4782674415
 182889.4669766939
 182892.3762004217
 182896.5192233246
 182902.2832909289
 182910.1404345327
 182920.6590363192
 182934.5161346375
 182952.5104694498
 182975.5762679463
 183004.7977703277
 183041.4244957542
 183086.8872484622
 183142.8148640483
 183211.0516959201
 183293.6758419148
 183393.0181110847
 183511.6817306498
 183652.5627931184
 183818.8714435737
 184014.1538071288
 184242.3146565485
 184507.6408200381
 184814.8253291997
 185168.9923071558
 185575.7225968403
 186041.0801294557
 186571.6390330995
 187174.5114815555
 187857.3762832543
 188628.5082104
 189496.8080682642
 190471.8335046482
 191563.8305595107
 192783.7659547642
 194143.3601242385
 195655.1209838101
 197332.3784417017
 199189.3196489447
 201241.0249900128
 203503.5048136217
 205993.7369036947
 208729.7046904979
 211730.4362019382
 215016.0437550372
 218607.7643875598
 222528.0010298244
 226800.3644166661


# name: QUERY
# type: sq_string
# elements: 1
# length: 2
Q3


# name: DATASIZE
# type: sq_string
# elements: 1
# length: 2
50


