# Created by Octave 3.8.2, Mon May 23 09:56:19 2016 CEST <Andrea@Andreas-MacBook-Pro.local>
# name: x
# type: matrix
# rows: 1
# columns: 100
 0.05 0.05075757575757577 0.05151515151515151 0.05227272727272728 0.05303030303030304 0.05378787878787879 0.05454545454545455 0.05530303030303031 0.05606060606060607 0.05681818181818182 0.05757575757575759 0.05833333333333334 0.0590909090909091 0.05984848484848486 0.06060606060606061 0.06136363636363637 0.06212121212121213 0.0628787878787879 0.06363636363636364 0.06439393939393939 0.06515151515151515 0.06590909090909092 0.06666666666666668 0.06742424242424243 0.06818181818181819 0.06893939393939394 0.0696969696969697 0.07045454545454546 0.07121212121212121 0.07196969696969698 0.07272727272727274 0.0734848484848485 0.07424242424242425 0.07500000000000001 0.07575757575757576 0.07651515151515152 0.07727272727272728 0.07803030303030303 0.0787878787878788 0.07954545454545456 0.08030303030303031 0.08106060606060607 0.08181818181818183 0.08257575757575758 0.08333333333333334 0.08409090909090911 0.08484848484848485 0.08560606060606062 0.08636363636363636 0.08712121212121213 0.08787878787878789 0.08863636363636364 0.0893939393939394 0.09015151515151516 0.09090909090909091 0.09166666666666667 0.09242424242424244 0.09318181818181819 0.09393939393939395 0.09469696969696971 0.09545454545454546 0.09621212121212122 0.09696969696969698 0.09772727272727275 0.09848484848484849 0.09924242424242424 0.1 0.1007575757575758 0.1015151515151515 0.1022727272727273 0.103030303030303 0.1037878787878788 0.1045454545454546 0.1053030303030303 0.1060606060606061 0.1068181818181818 0.1075757575757576 0.1083333333333333 0.1090909090909091 0.1098484848484849 0.1106060606060606 0.1113636363636364 0.1121212121212121 0.1128787878787879 0.1136363636363636 0.1143939393939394 0.1151515151515152 0.1159090909090909 0.1166666666666667 0.1174242424242424 0.1181818181818182 0.1189393939393939 0.1196969696969697 0.1204545454545455 0.1212121212121212 0.121969696969697 0.1227272727272727 0.1234848484848485 0.1242424242424243 0.125


# name: y
# type: matrix
# rows: 100
# columns: 1
 203278.5657543249
 202564.6316895341
 201868.8292835316
 201191.1585363175
 200531.6194478917
 199890.2120182543
 199266.9362474052
 198661.7921353444
 198074.779682072
 197505.8988875879
 196955.1497518921
 196422.5322749847
 195908.0464568656
 195411.6922975349
 194933.4697969925
 194473.3789552384
 194031.4197722727
 193607.5922480953
 193201.8963827062
 192814.3321761055
 192444.8996282931
 192093.5987392691
 191760.4295090334
 191445.391937586
 191148.486024927
 190869.7117710563
 190609.069175974
 190366.5582396799
 190142.1789621743
 189935.9313434569
 189747.8153835279
 189577.8310823872
 189425.9784400349
 189292.257456471
 189176.6681316953
 189079.210465708
 188999.884458509
 188938.6901100984
 188895.6274204761
 188870.6963896421
 188863.8970175965
 188875.2293043392
 188904.6932498702
 188952.2888541896
 189018.0161172973
 189101.8750391934
 189203.8656198778
 189323.9878593505
 189462.2417576116
 189618.627314661
 189793.1445304988
 189985.7934051249
 190196.5739385393
 190425.4861307421
 190672.5299817332
 190937.7054915126
 191221.0126600804
 191522.4514874365
 191842.0219735809
 192179.7241185137
 192535.5579222348
 192909.5233847443
 193301.6205060421
 193711.8492861283
 194140.2097250028
 194586.7018226655
 195051.3255791167
 195534.0809943562
 196034.968068384
 196553.9868012002
 197091.1371928047
 197646.4192431976
 198219.8329523787
 198811.3783203482
 199421.0553471061
 200048.8640326523
 200694.8043769868
 201358.8763801097
 202041.0800420209
 202741.4153627204
 203459.8823422083
 204196.4809804845
 204951.2112775491
 205724.073233402
 206515.0668480432
 207324.1921214728
 208151.4490536907
 208996.8376446969
 209860.3578944915
 210742.0098030744
 211641.7933704457
 212559.7085966053
 213495.7554815532
 214449.9340252895
 215422.2442278141
 216412.686089127
 217421.2596092283
 218447.9647881179
 219492.8016257959
 220555.7701222621


# name: QUERY
# type: sq_string
# elements: 1
# length: 2
Q3


# name: DATASIZE
# type: sq_string
# elements: 1
# length: 2
50


