# Created by Octave 3.8.2, Mon May 23 11:24:05 2016 CEST <Andrea@Andreas-MacBook-Pro.local>
# name: x
# type: matrix
# rows: 1
# columns: 100
 60 60.60606060606061 61.21212121212122 61.81818181818182 62.42424242424242 63.03030303030303 63.63636363636364 64.24242424242425 64.84848484848484 65.45454545454545 66.06060606060606 66.66666666666667 67.27272727272728 67.87878787878788 68.48484848484848 69.09090909090909 69.6969696969697 70.30303030303031 70.90909090909091 71.51515151515152 72.12121212121212 72.72727272727273 73.33333333333334 73.93939393939394 74.54545454545455 75.15151515151516 75.75757575757576 76.36363636363636 76.96969696969697 77.57575757575758 78.18181818181819 78.7878787878788 79.39393939393939 80 80.60606060606061 81.21212121212122 81.81818181818181 82.42424242424242 83.03030303030303 83.63636363636364 84.24242424242425 84.84848484848484 85.45454545454545 86.06060606060606 86.66666666666667 87.27272727272728 87.87878787878788 88.48484848484848 89.09090909090909 89.6969696969697 90.30303030303031 90.90909090909091 91.51515151515152 92.12121212121212 92.72727272727273 93.33333333333334 93.93939393939394 94.54545454545455 95.15151515151516 95.75757575757576 96.36363636363637 96.96969696969697 97.57575757575758 98.18181818181819 98.7878787878788 99.39393939393941 100 100.6060606060606 101.2121212121212 101.8181818181818 102.4242424242424 103.030303030303 103.6363636363636 104.2424242424242 104.8484848484848 105.4545454545455 106.0606060606061 106.6666666666667 107.2727272727273 107.8787878787879 108.4848484848485 109.0909090909091 109.6969696969697 110.3030303030303 110.9090909090909 111.5151515151515 112.1212121212121 112.7272727272727 113.3333333333333 113.9393939393939 114.5454545454545 115.1515151515152 115.7575757575758 116.3636363636364 116.969696969697 117.5757575757576 118.1818181818182 118.7878787878788 119.3939393939394 120


# name: y
# type: matrix
# rows: 100
# columns: 1
 716612.7940246899
 715068.3570522139
 713484.5207231614
 711861.9492071396
 710201.3453416758
 708503.4501807744
 706769.0424915983
 704998.9381996735
 703193.9897831151
 701355.0856164462
 699483.1492646871
 697579.1387284641
 695644.0456409844
 693678.8944178028
 691684.7413603943
 689662.673714625
 687613.8086852962
 685539.2924080174
 683440.2988797365
 681318.0288493321
 679173.7086697484
 677008.5891132127
 674823.944151155
 672621.0697005036
 670401.2823380951
 668165.9179849961
 665916.3305625847
 663653.8906222964
 661379.9839509815
 659096.0101538691
 656803.3812171692
 654503.5200523881
 652197.8590244545
 649887.8384657946
 647574.905178509
 645260.510926832
 642946.1109220681
 640633.1623022127
 638323.1226084735
 636017.4482609152
 633717.5930354462
 631425.0065443661
 629141.1327226844
 626867.4083224047
 624605.2614169607
 622356.1099179601
 620121.3601063772
 617902.4051803013
 615700.62382132
 613517.3787815769
 611354.0154935075
 609211.8607042124
 607092.2211363814
 604996.3821776289
 602925.6066000561
 600881.1333117869
 598864.1761421801
 596875.9226623425
 594917.5330425182
 592990.138947847
 591094.8424739295
 589232.7151235517
 587404.7968258547
 585612.0949991585
 583855.5836585674
 582136.2025694074
 580454.856447465
 578812.4142069122
 577209.7082567213
 575647.5338462874
 574126.6484608907
 572647.7712675472
 571211.5826117058
 569818.7235651697
 568469.795525528
 567165.359867298
 565905.9376448967
 564692.0093474687
 563524.014705518
 562402.3525492029
 561327.3807180722
 560299.4160219409
 559318.7342525183
 558385.5702453248
 557500.1179913586
 556662.530797892
 555872.9214977074
 555131.3627060099
 554437.8871241828
 553792.4878894854
 553195.1189697268
 552645.6956018875
 552144.0947735975
 551690.1557463276
 551283.6806190882
 550924.4349313852
 550612.1483041272
 550346.515117137
 550127.195221874
 549953.8146879345


# name: TRAIN_QUERIES
# type: cell
# rows: 1
# columns: 1
# name: <cell-element>
# type: sq_string
# elements: 1
# length: 2
R4





# name: TEST_QUERIES
# type: cell
# rows: 1
# columns: 1
# name: <cell-element>
# type: sq_string
# elements: 1
# length: 2
R3





# name: DATASIZE
# type: sq_string
# elements: 1
# length: 3
750


