# Created by Octave 3.8.2, Mon May 23 11:24:05 2016 CEST <Andrea@Andreas-MacBook-Pro.local>
# name: x
# type: matrix
# rows: 1
# columns: 100
 60 60.60606060606061 61.21212121212122 61.81818181818182 62.42424242424242 63.03030303030303 63.63636363636364 64.24242424242425 64.84848484848484 65.45454545454545 66.06060606060606 66.66666666666667 67.27272727272728 67.87878787878788 68.48484848484848 69.09090909090909 69.6969696969697 70.30303030303031 70.90909090909091 71.51515151515152 72.12121212121212 72.72727272727273 73.33333333333334 73.93939393939394 74.54545454545455 75.15151515151516 75.75757575757576 76.36363636363636 76.96969696969697 77.57575757575758 78.18181818181819 78.7878787878788 79.39393939393939 80 80.60606060606061 81.21212121212122 81.81818181818181 82.42424242424242 83.03030303030303 83.63636363636364 84.24242424242425 84.84848484848484 85.45454545454545 86.06060606060606 86.66666666666667 87.27272727272728 87.87878787878788 88.48484848484848 89.09090909090909 89.6969696969697 90.30303030303031 90.90909090909091 91.51515151515152 92.12121212121212 92.72727272727273 93.33333333333334 93.93939393939394 94.54545454545455 95.15151515151516 95.75757575757576 96.36363636363637 96.96969696969697 97.57575757575758 98.18181818181819 98.7878787878788 99.39393939393941 100 100.6060606060606 101.2121212121212 101.8181818181818 102.4242424242424 103.030303030303 103.6363636363636 104.2424242424242 104.8484848484848 105.4545454545455 106.0606060606061 106.6666666666667 107.2727272727273 107.8787878787879 108.4848484848485 109.0909090909091 109.6969696969697 110.3030303030303 110.9090909090909 111.5151515151515 112.1212121212121 112.7272727272727 113.3333333333333 113.9393939393939 114.5454545454545 115.1515151515152 115.7575757575758 116.3636363636364 116.969696969697 117.5757575757576 118.1818181818182 118.7878787878788 119.3939393939394 120


# name: y
# type: matrix
# rows: 1
# columns: 100
 668129.6330160995 668119.2643594443 668108.8957027892 668098.527046134 668088.1583894788 668077.7897328237 668067.4210761685 668057.0524195135 668046.6837628583 668036.3151062032 668025.946449548 668015.5777928929 668005.2091362377 667994.8404795825 667984.4718229275 667974.1031662723 667963.7345096172 667953.365852962 667942.9971963069 667932.6285396517 667922.2598829966 667911.8912263415 667901.5225696863 667891.1539130312 667880.785256376 667870.4165997209 667860.0479430658 667849.6792864107 667839.3106297555 667828.9419731003 667818.5733164452 667808.20465979 667797.836003135 667787.4673464798 667777.0986898247 667766.7300331695 667756.3613765143 667745.9927198592 667735.624063204 667725.255406549 667714.8867498938 667704.5180932387 667694.1494365835 667683.7807799284 667673.4121232732 667663.0434666181 667652.674809963 667642.3061533078 667631.9374966527 667621.5688399975 667611.2001833424 667600.8315266873 667590.4628700321 667580.094213377 667569.7255567218 667559.3569000667 667548.9882434115 667538.6195867565 667528.2509301013 667517.8822734462 667507.513616791 667497.1449601358 667486.7763034807 667476.4076468255 667466.0389901705 667455.6703335153 667445.3016768602 667434.933020205 667424.5643635498 667414.1957068947 667403.8270502395 667393.4583935845 667383.0897369293 667372.7210802742 667362.352423619 667351.9837669639 667341.6151103087 667331.2464536536 667320.8777969985 667310.5091403433 667300.1404836882 667289.771827033 667279.4031703779 667269.0345137228 667258.6658570676 667248.2972004125 667237.9285437573 667227.5598871022 667217.191230447 667206.822573792 667196.4539171368 667186.0852604817 667175.7166038265 667165.3479471713 667154.9792905162 667144.610633861 667134.241977206 667123.8733205508 667113.5046638957 667103.1360072405


# name: TRAIN_QUERIES
# type: cell
# rows: 1
# columns: 1
# name: <cell-element>
# type: sq_string
# elements: 1
# length: 2
R4





# name: TEST_QUERIES
# type: cell
# rows: 1
# columns: 1
# name: <cell-element>
# type: sq_string
# elements: 1
# length: 2
R3





# name: DATASIZE
# type: sq_string
# elements: 1
# length: 3
750


