# Created by Octave 3.8.2, Mon May 23 11:24:05 2016 CEST <Andrea@Andreas-MacBook-Pro.local>
# name: x
# type: matrix
# rows: 1
# columns: 100
 60 60.60606060606061 61.21212121212122 61.81818181818182 62.42424242424242 63.03030303030303 63.63636363636364 64.24242424242425 64.84848484848484 65.45454545454545 66.06060606060606 66.66666666666667 67.27272727272728 67.87878787878788 68.48484848484848 69.09090909090909 69.6969696969697 70.30303030303031 70.90909090909091 71.51515151515152 72.12121212121212 72.72727272727273 73.33333333333334 73.93939393939394 74.54545454545455 75.15151515151516 75.75757575757576 76.36363636363636 76.96969696969697 77.57575757575758 78.18181818181819 78.7878787878788 79.39393939393939 80 80.60606060606061 81.21212121212122 81.81818181818181 82.42424242424242 83.03030303030303 83.63636363636364 84.24242424242425 84.84848484848484 85.45454545454545 86.06060606060606 86.66666666666667 87.27272727272728 87.87878787878788 88.48484848484848 89.09090909090909 89.6969696969697 90.30303030303031 90.90909090909091 91.51515151515152 92.12121212121212 92.72727272727273 93.33333333333334 93.93939393939394 94.54545454545455 95.15151515151516 95.75757575757576 96.36363636363637 96.96969696969697 97.57575757575758 98.18181818181819 98.7878787878788 99.39393939393941 100 100.6060606060606 101.2121212121212 101.8181818181818 102.4242424242424 103.030303030303 103.6363636363636 104.2424242424242 104.8484848484848 105.4545454545455 106.0606060606061 106.6666666666667 107.2727272727273 107.8787878787879 108.4848484848485 109.0909090909091 109.6969696969697 110.3030303030303 110.9090909090909 111.5151515151515 112.1212121212121 112.7272727272727 113.3333333333333 113.9393939393939 114.5454545454545 115.1515151515152 115.7575757575758 116.3636363636364 116.969696969697 117.5757575757576 118.1818181818182 118.7878787878788 119.3939393939394 120


# name: y
# type: matrix
# rows: 100
# columns: 1
 692348.5103706376
 691663.7601242557
 690979.0098778738
 690294.2596314918
 689609.5093851099
 688924.7591387279
 688240.0088923459
 687555.258645964
 686870.5083995821
 686185.7581532001
 685501.0079068182
 684816.2576604362
 684131.5074140542
 683446.7571676723
 682762.0069212904
 682077.2566749085
 681392.5064285265
 680707.7561821445
 680023.0059357627
 679338.2556893807
 678653.5054429987
 677968.7551966168
 677284.0049502348
 676599.2547038528
 675914.504457471
 675229.754211089
 674545.003964707
 673860.2537183251
 673175.5034719431
 672490.7532255612
 671806.0029791793
 671121.2527327973
 670436.5024864153
 669751.7522400334
 669067.0019936514
 668382.2517472695
 667697.5015008876
 667012.7512545056
 666328.0010081236
 665643.2507617417
 664958.5005153598
 664273.7502689778
 663589.0000225959
 662904.2497762139
 662219.4995298319
 661534.7492834501
 660849.9990370681
 660165.2487906861
 659480.4985443042
 658795.7482979222
 658110.9980515402
 657426.2478051584
 656741.4975587764
 656056.7473123944
 655371.9970660125
 654687.2468196305
 654002.4965732486
 653317.7463268667
 652632.9960804847
 651948.2458341027
 651263.4955877208
 650578.7453413388
 649893.9950949569
 649209.244848575
 648524.494602193
 647839.744355811
 647154.9941094291
 646470.2438630472
 645785.4936166652
 645100.7433702833
 644415.9931239013
 643731.2428775193
 643046.4926311375
 642361.7423847555
 641676.9921383735
 640992.2418919916
 640307.4916456096
 639622.7413992276
 638937.9911528458
 638253.2409064638
 637568.4906600819
 636883.7404136999
 636198.9901673179
 635514.2399209361
 634829.4896745541
 634144.7394281721
 633459.9891817902
 632775.2389354082
 632090.4886890262
 631405.7384426442
 630720.9881962624
 630036.2379498804
 629351.4877034985
 628666.7374571165
 627981.9872107346
 627297.2369643527
 626612.4867179707
 625927.7364715887
 625242.9862252068
 624558.2359788249


# name: TRAIN_QUERIES
# type: cell
# rows: 1
# columns: 1
# name: <cell-element>
# type: sq_string
# elements: 1
# length: 2
R4





# name: TEST_QUERIES
# type: cell
# rows: 1
# columns: 1
# name: <cell-element>
# type: sq_string
# elements: 1
# length: 2
R3





# name: DATASIZE
# type: sq_string
# elements: 1
# length: 3
750


