# Created by Octave 3.8.2, Mon May 23 11:24:05 2016 CEST <Andrea@Andreas-MacBook-Pro.local>
# name: SVs
# type: cell
# rows: 1
# columns: 7
# name: <cell-element>
# type: sparse matrix
# nnz: 56
# rows: 8
# columns: 7
1 1 -0.4250491225917951
2 1 0.4008567056310113
3 1 0.4801289168220396
4 1 -2.203143255004511
5 1 -0.902525929533105
6 1 -0.5513315985588982
7 1 1.280225187912883
8 1 1.554912617388772
1 2 2.166341919852365
2 2 0.2238631286309786
3 2 1.95838183045617
4 2 -0.7046204821768471
5 2 1.05367954373988
6 2 -0.6358064379970846
7 2 -1.024909378984124
8 2 -1.554676322044502
1 3 0.8532734773434151
2 3 0.7132765251683779
3 3 0.8820963792618052
4 3 1.70972542006129
5 3 1.656197173641423
6 3 1.676784960725987
7 3 0.00917420687627897
8 3 -0.1761158768847997
1 4 -0.1561069185566736
2 4 -0.09873737096599194
3 4 -0.3344176745817651
4 4 -0.1382758429541644
5 4 3.979152092912189
6 4 -0.4414041281968201
7 4 -0.1522305977735194
8 4 -0.6398717522943133
1 5 -0.9761409961242509
2 5 -0.7480954932892818
3 5 -1.370913748791188
4 5 -0.1778357403613757
5 5 -1.104325344068619
6 5 -0.8643081823140163
7 5 2.838438324024323
8 5 -0.58604011035278
1 6 0.8326713218561355
2 6 -1.269054266078594
3 6 -1.450445282268656
4 6 0.9208801157995822
5 6 0.7258817302136108
6 6 0.8373317371891751
7 6 -0.5344823836223934
8 6 -1.185132010864976
1 7 -1.444127627009428
2 7 0.4927023668620406
3 7 1.461117363797775
4 7 -1.444127627009428
5 7 -1.444127627009428
6 7 -1.444127627009428
7 7 1.461117363797775
8 7 1.461117363797775



# name: <cell-element>
# type: sparse matrix
# nnz: 105
# rows: 15
# columns: 7
1 1 0.005417419573439932
2 1 -0.4250491225917951
3 1 1.452596158758491
4 1 -0.3089061154979629
5 1 -1.539468928754042
6 1 1.543851378617931
7 1 0.1897713990874592
8 1 0.7898436024055919
9 1 -0.7956006214149738
10 1 1.065452801779051
11 1 1.63234128878466
12 1 -0.7467468168437587
13 1 1.354888549616061
14 1 1.280225187912883
15 1 1.554912617388772
1 2 1.186753761528686
2 2 2.166341919852365
3 2 -0.1470243300731829
4 2 -0.7390275042667285
5 2 0.3331560223282486
6 2 -0.4025470676524482
7 2 0.3579493176577219
8 2 -0.313493598713932
9 2 -0.05847684675363544
10 2 2.247805604506348
11 2 0.7865191369243314
12 2 0.1601089406409045
13 2 2.018088133494494
14 2 -1.024909378984124
15 2 -1.554676322044502
1 3 0.2850505538094406
2 3 0.8532734773434151
3 3 0.124465814549839
4 3 0.680336065833075
5 3 1.046798675938319
6 3 1.227971202282485
7 3 0.2356398648064862
8 3 1.07562157785671
9 3 0.7750398864220708
10 3 0.622690261996295
11 3 -0.1225876304649325
12 3 1.787959010982634
13 3 0.6968062955007265
14 3 0.00917420687627897
15 3 -0.1761158768847997
1 4 -0.1894432772917994
2 4 -0.1561069185566736
3 4 -0.3080586932563168
4 4 -0.1297479372312253
5 4 -0.1343995221710103
6 4 -0.03439044596563282
7 4 -0.1995217113280002
8 4 -0.1491295411469961
9 4 0.7028857669902893
10 4 -0.1809153715688602
11 4 -0.1421521637373186
12 4 5.101734591713635
13 4 -0.3189123914491485
14 4 -0.1522305977735194
15 4 -0.6398717522943133
1 5 -0.8713159826572164
2 5 -0.9761409961242509
3 5 2.605720954293887
4 5 -0.3693822830755111
5 5 -0.8415328311986161
6 5 -0.5296857159262127
7 5 -0.8222613802548159
8 5 1.551630986004209
9 5 -1.363905948447988
10 5 -0.5857481186718134
11 5 -1.057898666794918
12 5 -1.22433392494592
13 5 -0.4339124445691451
14 5 2.838438324024323
15 5 -0.58604011035278
1 6 -1.376043838229812
2 6 0.8326713218561355
3 6 -0.6107792950914663
4 6 -1.262246233978277
5 6 0.8089953685877268
6 6 -1.214537840447701
7 6 -1.309511192467836
8 6 0.138791125516774
9 6 0.7311333922680062
10 6 1.130816175904513
11 6 -1.28682644693817
12 6 0.8455309380456236
13 6 -0.3084000711416145
14 6 -0.5344823836223934
15 6 -1.185132010864976
1 7 0.4927023668620406
2 7 -1.444127627009428
3 7 0.4927023668620406
4 7 0.4927023668620406
5 7 -1.444127627009428
6 7 1.461117363797775
7 7 0.4927023668620406
8 7 -0.4757126300736939
9 7 -1.444127627009428
10 7 -1.444127627009428
11 7 0.4927023668620406
12 7 -1.444127627009428
13 7 -0.4757126300736939
14 7 1.461117363797775
15 7 1.461117363797775



