# Created by Octave 3.8.2, Mon May 23 11:23:58 2016 CEST <Andrea@Andreas-MacBook-Pro.local>
# name: mu
# type: matrix
# rows: 1
# columns: 8
 667619.3859649122 43653.12280701754 86613.5701754386 3030.771929824562 5359.359649122807 33077.04385964912 482536.4649122807 89.82456140350877


# name: sigma
# type: matrix
# rows: 1
# columns: 8
 135464.4793015921 1084.869448043517 1976.340754580968 242.862430015548 1289.882927576365 3424.755104972144 115011.2085933775 20.65230305528533


