# Created by Octave 3.8.2, Mon May 23 11:24:05 2016 CEST <Andrea@Andreas-MacBook-Pro.local>
# name: x
# type: matrix
# rows: 1
# columns: 100
 60 60.60606060606061 61.21212121212122 61.81818181818182 62.42424242424242 63.03030303030303 63.63636363636364 64.24242424242425 64.84848484848484 65.45454545454545 66.06060606060606 66.66666666666667 67.27272727272728 67.87878787878788 68.48484848484848 69.09090909090909 69.6969696969697 70.30303030303031 70.90909090909091 71.51515151515152 72.12121212121212 72.72727272727273 73.33333333333334 73.93939393939394 74.54545454545455 75.15151515151516 75.75757575757576 76.36363636363636 76.96969696969697 77.57575757575758 78.18181818181819 78.7878787878788 79.39393939393939 80 80.60606060606061 81.21212121212122 81.81818181818181 82.42424242424242 83.03030303030303 83.63636363636364 84.24242424242425 84.84848484848484 85.45454545454545 86.06060606060606 86.66666666666667 87.27272727272728 87.87878787878788 88.48484848484848 89.09090909090909 89.6969696969697 90.30303030303031 90.90909090909091 91.51515151515152 92.12121212121212 92.72727272727273 93.33333333333334 93.93939393939394 94.54545454545455 95.15151515151516 95.75757575757576 96.36363636363637 96.96969696969697 97.57575757575758 98.18181818181819 98.7878787878788 99.39393939393941 100 100.6060606060606 101.2121212121212 101.8181818181818 102.4242424242424 103.030303030303 103.6363636363636 104.2424242424242 104.8484848484848 105.4545454545455 106.0606060606061 106.6666666666667 107.2727272727273 107.8787878787879 108.4848484848485 109.0909090909091 109.6969696969697 110.3030303030303 110.9090909090909 111.5151515151515 112.1212121212121 112.7272727272727 113.3333333333333 113.9393939393939 114.5454545454545 115.1515151515152 115.7575757575758 116.3636363636364 116.969696969697 117.5757575757576 118.1818181818182 118.7878787878788 119.3939393939394 120


# name: y
# type: matrix
# rows: 100
# columns: 1
 597387.0056210785
 597367.7684017147
 597350.4261421083
 597334.8264751018
 597320.8264128193
 597308.2919535943
 597297.0976973136
 597287.1264691754
 597278.2689518628
 597270.4233261331
 597263.4949198203
 597257.3958652552
 597252.0447650977
 597247.3663665869
 597243.2912442043
 597239.7554907526
 597236.7004168502
 597234.0722588398
 597231.8218951127
 597229.9045708481
 597228.2796311667
 597226.9102627006
 597225.7632435774
 597224.8087018195
 597224.0198821583
 597223.372921264
 597222.8466313904
 597222.4222924336
 597222.0834524073
 597221.8157363326
 597221.6066635419
 597221.4454733999
 597221.3229594374
 597221.2313119018
 597221.1639687218
 597221.1154748874
 597221.0813502453
 597221.0579657087
 597221.0424278823
 597221.0324721031
 597221.0263638953
 597221.0228088407
 597221.020870864
 597221.0198989336
 597221.0194621765
 597221.0192934094
 597221.0192410843
 597221.0192296489
 597221.019228322
 597221.0192282852
 597221.019228288
 597221.019228669
 597221.0192337915
 597221.0192628949
 597221.0193693605
 597221.0196683928
 597221.0203731154
 597221.0218390822
 597221.0246172041
 597221.0295150897
 597221.0376668022
 597221.0506110304
 597221.0703776757
 597221.099582853
 597221.1415323077
 597221.2003332474
 597221.2810145883
 597221.3896556169
 597221.5335230676
 597221.7212166134
 597221.9628227736
 597222.2700772355
 597222.6565355917
 597223.1377524914
 597223.7314692087
 597224.4578096238
 597225.3394846208
 597226.4020048996
 597227.6739022037
 597229.1869589621
 597230.9764463471
 597233.0813707469
 597235.5447286528
 597238.4137699621
 597241.7402696956
 597245.5808081306
 597249.9970593482
 597255.0560881966
 597260.830655669
 597267.3995326962
 597274.8478223548
 597283.2672904902
 597292.7567047548
 597303.422182061
 597315.3775444499
 597328.7446833736
 597343.6539323947
 597360.2444482988
 597378.6646006232
 597399.0723696005


# name: TRAIN_QUERIES
# type: cell
# rows: 1
# columns: 1
# name: <cell-element>
# type: sq_string
# elements: 1
# length: 2
R4





# name: TEST_QUERIES
# type: cell
# rows: 1
# columns: 1
# name: <cell-element>
# type: sq_string
# elements: 1
# length: 2
R3





# name: DATASIZE
# type: sq_string
# elements: 1
# length: 3
750


