# Created by Octave 3.8.2, Mon May 23 11:24:05 2016 CEST <Andrea@Andreas-MacBook-Pro.local>
# name: x
# type: matrix
# rows: 1
# columns: 100
 60 60.60606060606061 61.21212121212122 61.81818181818182 62.42424242424242 63.03030303030303 63.63636363636364 64.24242424242425 64.84848484848484 65.45454545454545 66.06060606060606 66.66666666666667 67.27272727272728 67.87878787878788 68.48484848484848 69.09090909090909 69.6969696969697 70.30303030303031 70.90909090909091 71.51515151515152 72.12121212121212 72.72727272727273 73.33333333333334 73.93939393939394 74.54545454545455 75.15151515151516 75.75757575757576 76.36363636363636 76.96969696969697 77.57575757575758 78.18181818181819 78.7878787878788 79.39393939393939 80 80.60606060606061 81.21212121212122 81.81818181818181 82.42424242424242 83.03030303030303 83.63636363636364 84.24242424242425 84.84848484848484 85.45454545454545 86.06060606060606 86.66666666666667 87.27272727272728 87.87878787878788 88.48484848484848 89.09090909090909 89.6969696969697 90.30303030303031 90.90909090909091 91.51515151515152 92.12121212121212 92.72727272727273 93.33333333333334 93.93939393939394 94.54545454545455 95.15151515151516 95.75757575757576 96.36363636363637 96.96969696969697 97.57575757575758 98.18181818181819 98.7878787878788 99.39393939393941 100 100.6060606060606 101.2121212121212 101.8181818181818 102.4242424242424 103.030303030303 103.6363636363636 104.2424242424242 104.8484848484848 105.4545454545455 106.0606060606061 106.6666666666667 107.2727272727273 107.8787878787879 108.4848484848485 109.0909090909091 109.6969696969697 110.3030303030303 110.9090909090909 111.5151515151515 112.1212121212121 112.7272727272727 113.3333333333333 113.9393939393939 114.5454545454545 115.1515151515152 115.7575757575758 116.3636363636364 116.969696969697 117.5757575757576 118.1818181818182 118.7878787878788 119.3939393939394 120


# name: y
# type: matrix
# rows: 100
# columns: 1
 605573.5261993849
 605140.2195468723
 604733.0535980774
 604350.9552371948
 603992.8738406424
 603657.7812770612
 603344.6719073155
 603052.5625844924
 602780.4926539025
 602527.5239530795
 602292.7408117802
 602075.2500519846
 601874.1809878958
 601688.6854259403
 601517.9376647676
 601361.1344952502
 601217.4952004841
 601086.2615557881
 600966.6978287047
 600858.090778999
 600759.7496586596
 600671.0062118982
 600591.2146751495
 600519.7517770716
 600456.0167385458
 600399.4312726763
 600349.4395847907
 600305.5083724397
 600267.126825397
 600233.8066256598
 600205.0819474482
 600180.5094572055
 600159.6683135984
 600142.1601675164
 600127.6091620724
 600115.6619326026
 600105.9876066659
 600098.277804045
 600092.2466367451
 600087.630708995
 600084.1891172468
 600081.7034501751
 600079.9777886785
 600078.8387058781
 600078.1352671186
 600077.7390299676
 600077.544044216
 600077.4668518779
 600077.4464871903
 600077.4444766138
 600077.4448388318
 600077.4540847511
 600077.5012175015
 600077.6377324362
 600077.937617131
 600078.4973513858
 600079.4359072228
 600080.8947488879
 600083.0378328498
 600086.0516078006
 600090.1450146558
 600095.5494865533
 600102.5189488549
 600111.3298191454
 600122.2810072325
 600135.6939151475
 600151.9124371442
 600171.3029597005
 600194.2543615166
 600221.1780135162
 600252.5077788465
 600288.7000128774
 600330.233563202
 600377.6097696368
 600431.3524642213
 600492.0079712183
 600560.1451071138
 600636.3551806166
 600721.2519926592
 600815.4718363967
 600919.673497208
 601034.5382526946
 601160.7698726816
 601299.0946192167
 601450.2612465716
 601615.0410012404
 601794.2276219407
 601988.6373396134
 602199.1088774222
 602426.5034507543
 602671.70476722
 602935.6190266524
 603219.1749211085
 603523.3236348678
 603849.0388444333
 604197.316718531
 604569.1759181101
 604965.6575963432
 605387.8253986257
 605836.7654625765


# name: TRAIN_QUERIES
# type: cell
# rows: 1
# columns: 1
# name: <cell-element>
# type: sq_string
# elements: 1
# length: 2
R4





# name: TEST_QUERIES
# type: cell
# rows: 1
# columns: 1
# name: <cell-element>
# type: sq_string
# elements: 1
# length: 2
R3





# name: DATASIZE
# type: sq_string
# elements: 1
# length: 3
750


