# Created by Octave 3.8.2, Mon May 23 11:24:05 2016 CEST <Andrea@Andreas-MacBook-Pro.local>
# name: x
# type: matrix
# rows: 1
# columns: 100
 60 60.60606060606061 61.21212121212122 61.81818181818182 62.42424242424242 63.03030303030303 63.63636363636364 64.24242424242425 64.84848484848484 65.45454545454545 66.06060606060606 66.66666666666667 67.27272727272728 67.87878787878788 68.48484848484848 69.09090909090909 69.6969696969697 70.30303030303031 70.90909090909091 71.51515151515152 72.12121212121212 72.72727272727273 73.33333333333334 73.93939393939394 74.54545454545455 75.15151515151516 75.75757575757576 76.36363636363636 76.96969696969697 77.57575757575758 78.18181818181819 78.7878787878788 79.39393939393939 80 80.60606060606061 81.21212121212122 81.81818181818181 82.42424242424242 83.03030303030303 83.63636363636364 84.24242424242425 84.84848484848484 85.45454545454545 86.06060606060606 86.66666666666667 87.27272727272728 87.87878787878788 88.48484848484848 89.09090909090909 89.6969696969697 90.30303030303031 90.90909090909091 91.51515151515152 92.12121212121212 92.72727272727273 93.33333333333334 93.93939393939394 94.54545454545455 95.15151515151516 95.75757575757576 96.36363636363637 96.96969696969697 97.57575757575758 98.18181818181819 98.7878787878788 99.39393939393941 100 100.6060606060606 101.2121212121212 101.8181818181818 102.4242424242424 103.030303030303 103.6363636363636 104.2424242424242 104.8484848484848 105.4545454545455 106.0606060606061 106.6666666666667 107.2727272727273 107.8787878787879 108.4848484848485 109.0909090909091 109.6969696969697 110.3030303030303 110.9090909090909 111.5151515151515 112.1212121212121 112.7272727272727 113.3333333333333 113.9393939393939 114.5454545454545 115.1515151515152 115.7575757575758 116.3636363636364 116.969696969697 117.5757575757576 118.1818181818182 118.7878787878788 119.3939393939394 120


# name: y
# type: matrix
# rows: 100
# columns: 1
 646011.0102257446
 644968.1439668864
 643946.6871720136
 642946.6398411259
 641968.0019742235
 641010.7735713063
 640074.9546323742
 639160.5451574273
 638267.5451464657
 637395.9545994892
 636545.773516498
 635717.001897492
 634909.6397424712
 634123.6870514355
 633359.143824385
 632616.0100613198
 631894.2857622397
 631193.9709271449
 630515.0655560353
 629857.5696489108
 629221.4832057715
 628606.8062266175
 628013.5387114487
 627441.680660265
 626891.2320730665
 626362.1929498533
 625854.5632906252
 625368.3430953824
 624903.5323641248
 624460.1310968524
 624038.1392935651
 623637.556954263
 623258.3840789462
 622900.6206676146
 622564.2667202682
 622249.322236907
 621955.7872175309
 621683.66166214
 621432.9455707344
 621203.638943314
 620995.7417798787
 620809.2540804287
 620644.1758449639
 620500.5070734842
 620378.2477659897
 620277.3979224806
 620197.9575429566
 620139.9266274177
 620103.305175864
 620088.0931882956
 620094.2906647124
 620121.8976051144
 620170.9140095016
 620241.3398778739
 620333.1752102314
 620446.4200065742
 620581.0742669022
 620737.1379912153
 620914.6111795137
 621113.4938317974
 621333.7859480662
 621575.4875283201
 621838.5985725593
 622123.1190807837
 622429.0490529932
 622756.3884891879
 623105.1373893679
 623475.2957535331
 623866.8635816835
 624279.8408738191
 624714.2276299399
 625170.0238500459
 625647.2295341371
 626145.8446822134
 626665.8692942749
 627207.3033703218
 627770.1469103538
 628354.399914371
 628960.0623823733
 629587.1343143609
 630235.6157103337
 630905.5065702917
 631596.8068942348
 632309.5166821632
 633043.6359340767
 633799.1646499756
 634576.1028298596
 635374.4504737288
 636194.2075815832
 637035.3741534228
 637897.9501892475
 638781.9356890575
 639687.3306528527
 640614.1350806331
 641562.3489723987
 642531.9723281495
 643523.0051478854
 644535.4474316066
 645569.299179313
 646624.5603910047


# name: TRAIN_QUERIES
# type: cell
# rows: 1
# columns: 1
# name: <cell-element>
# type: sq_string
# elements: 1
# length: 2
R4





# name: TEST_QUERIES
# type: cell
# rows: 1
# columns: 1
# name: <cell-element>
# type: sq_string
# elements: 1
# length: 2
R3





# name: DATASIZE
# type: sq_string
# elements: 1
# length: 3
750


