# Created by Octave 3.8.2, Mon May 23 11:24:05 2016 CEST <Andrea@Andreas-MacBook-Pro.local>
# name: x
# type: matrix
# rows: 1
# columns: 100
 60 60.60606060606061 61.21212121212122 61.81818181818182 62.42424242424242 63.03030303030303 63.63636363636364 64.24242424242425 64.84848484848484 65.45454545454545 66.06060606060606 66.66666666666667 67.27272727272728 67.87878787878788 68.48484848484848 69.09090909090909 69.6969696969697 70.30303030303031 70.90909090909091 71.51515151515152 72.12121212121212 72.72727272727273 73.33333333333334 73.93939393939394 74.54545454545455 75.15151515151516 75.75757575757576 76.36363636363636 76.96969696969697 77.57575757575758 78.18181818181819 78.7878787878788 79.39393939393939 80 80.60606060606061 81.21212121212122 81.81818181818181 82.42424242424242 83.03030303030303 83.63636363636364 84.24242424242425 84.84848484848484 85.45454545454545 86.06060606060606 86.66666666666667 87.27272727272728 87.87878787878788 88.48484848484848 89.09090909090909 89.6969696969697 90.30303030303031 90.90909090909091 91.51515151515152 92.12121212121212 92.72727272727273 93.33333333333334 93.93939393939394 94.54545454545455 95.15151515151516 95.75757575757576 96.36363636363637 96.96969696969697 97.57575757575758 98.18181818181819 98.7878787878788 99.39393939393941 100 100.6060606060606 101.2121212121212 101.8181818181818 102.4242424242424 103.030303030303 103.6363636363636 104.2424242424242 104.8484848484848 105.4545454545455 106.0606060606061 106.6666666666667 107.2727272727273 107.8787878787879 108.4848484848485 109.0909090909091 109.6969696969697 110.3030303030303 110.9090909090909 111.5151515151515 112.1212121212121 112.7272727272727 113.3333333333333 113.9393939393939 114.5454545454545 115.1515151515152 115.7575757575758 116.3636363636364 116.969696969697 117.5757575757576 118.1818181818182 118.7878787878788 119.3939393939394 120


# name: y
# type: matrix
# rows: 100
# columns: 1
 616170.8082074011
 615687.6828698491
 615224.1898144021
 614779.9218212347
 614354.4716705215
 613947.4321424373
 613558.3960171567
 613186.9560748544
 612832.705095705
 612495.2358598834
 612174.141147564
 611869.0137389217
 611579.4464141311
 611305.0319533668
 611045.3631368036
 610800.0327446162
 610568.6335569791
 610350.7583540672
 610145.999916055
 609953.9510231173
 609774.2044554288
 609606.352993164
 609449.9894164978
 609304.7065056047
 609170.0970406595
 609045.7538018367
 608931.2695693113
 608826.2371232578
 608730.2492438508
 608642.8987112651
 608563.7783056754
 608492.4808072562
 608428.5989961823
 608371.7256526285
 608321.4535567692
 608277.3754887793
 608239.0842288334
 608206.1725571064
 608178.2332537725
 608154.8590990067
 608135.6428729838
 608120.1773558783
 608108.0553278648
 608098.8695691181
 608092.2128598129
 608087.6779801238
 608084.8577102256
 608083.3448302929
 608082.7321205003
 608082.6123610225
 608082.5783320344
 608082.2228137105
 608081.1385862253
 608078.9184297539
 608075.1551244707
 608069.4414505505
 608061.3701881678
 608050.5341174974
 608036.5260187141
 608018.9386719924
 607997.3648575071
 607971.3973554326
 607940.628945944
 607904.6524092158
 607863.0605254226
 607815.4460747391
 607761.4018373401
 607700.5205934002
 607632.3951230941
 607556.6182065964
 607472.7826240818
 607380.4811557252
 607279.3065817009
 607168.8516821839
 607048.7092373488
 606918.4720273701
 606777.7328324227
 606626.0844326812
 606463.1196083203
 606288.4311395147
 606101.611806439
 605902.2543892679
 605689.9516681761
 605464.2964233384
 605224.8814349292
 604971.2994831235
 604703.1433480957
 604420.0058100206
 604121.479649073
 603807.1576454274
 603476.6325792585
 603129.4972307411
 602765.3443800497
 602383.7668073592
 601984.3572928441
 601566.7086166792
 601130.413559039
 600675.0649000985
 600200.2554200321
 599705.5778990145


# name: TRAIN_QUERIES
# type: cell
# rows: 1
# columns: 1
# name: <cell-element>
# type: sq_string
# elements: 1
# length: 2
R4





# name: TEST_QUERIES
# type: cell
# rows: 1
# columns: 1
# name: <cell-element>
# type: sq_string
# elements: 1
# length: 2
R3





# name: DATASIZE
# type: sq_string
# elements: 1
# length: 3
750


