# Created by Octave 4.0.0, Mon May 09 12:05:17 2016 CEST <peter@Independence>
# name: y
# type: matrix
# rows: 1
# columns: 100
 791941.7555585227 791782.6172889717 791623.4790194207 791464.3407498698 791305.2024803188 791146.0642107679 790986.925941217 790827.787671666 790668.649402115 790509.5111325642 790350.3728630132 790191.2345934622 790032.0963239113 789872.9580543604 789713.8197848094 789554.6815152585 789395.5432457075 789236.4049761565 789077.2667066057 788918.1284370547 788758.9901675037 788599.8518979528 788440.7136284019 788281.5753588509 788122.4370893 787963.298819749 787804.1605501981 787645.0222806472 787485.8840110962 787326.7457415452 787167.6074719944 787008.4692024434 786849.3309328924 786690.1926633415 786531.0543937905 786371.9161242396 786212.7778546887 786053.6395851377 785894.5013155867 785735.3630460359 785576.2247764849 785417.0865069339 785257.948237383 785098.8099678321 784939.6716982811 784780.5334287302 784621.3951591792 784462.2568896282 784303.1186200774 784143.9803505264 783984.8420809754 783825.7038114246 783666.5655418736 783507.4272723226 783348.2890027717 783189.1507332207 783030.0124636698 782870.8741941189 782711.7359245679 782552.5976550169 782393.4593854661 782234.3211159151 782075.1828463641 781916.0445768132 781756.9063072623 781597.7680377113 781438.6297681604 781279.4914986094 781120.3532290584 780961.2149595076 780802.0766899566 780642.9384204056 780483.8001508547 780324.6618813038 780165.5236117528 780006.3853422019 779847.2470726509 779688.1088031 779528.9705335491 779369.8322639981 779210.6939944471 779051.5557248963 778892.4174553453 778733.2791857943 778574.1409162434 778415.0026466924 778255.8643771415 778096.7261075906 777937.5878380396 777778.4495684886 777619.3112989378 777460.1730293868 777301.0347598358 777141.8964902849 776982.758220734 776823.619951183 776664.4816816321 776505.3434120811 776346.2051425301 776187.0668729793


