# Created by Octave 4.0.0, Mon May 09 12:05:17 2016 CEST <peter@Independence>
# name: y
# type: matrix
# rows: 100
# columns: 1
 775668.3366030573
 775168.5071716337
 774690.107893447
 774232.6692208805
 773795.721606317
 773378.7955021398
 772981.4213607319
 772603.1296344764
 772243.4507757562
 771901.9152369545
 771578.0534704543
 771271.3959286386
 770981.4730638907
 770707.8153285936
 770449.9531751301
 770207.4170558836
 769979.7374232368
 769766.4447295731
 769567.0694272754
 769381.1419687268
 769208.1928063104
 769047.7523924091
 768899.3511794062
 768762.5196196845
 768636.7881656274
 768521.6872696176
 768416.7473840384
 768321.4989612728
 768235.4724537039
 768158.1983137146
 768089.2069936881
 768028.0289460075
 767974.1946230558
 767927.2344772159
 767886.6789608712
 767852.0585264046
 767822.9036261991
 767798.7447126379
 767779.1122381039
 767763.5366549802
 767751.5484156499
 767742.6779724961
 767736.4557779019
 767732.4122842501
 767730.0779439242
 767728.9832093068
 767728.6585327813
 767728.6343667307
 767728.4411635379
 767727.609375586
 767725.6694552583
 767722.1518549375
 767716.587027007
 767708.5054238497
 767697.4374978486
 767682.9137013869
 767664.4644868476
 767641.6203066137
 767613.9116130684
 767580.8688585947
 767542.0224955756
 767496.9029763943
 767445.0407534337
 767385.9662790769
 767319.2100057071
 767244.3023857072
 767160.7738714603
 767068.1549153496
 766965.9759697579
 766853.7674870685
 766731.0599196644
 766597.3837199286
 766452.2693402442
 766295.2472329943
 766125.8478505618
 765943.6016453301
 765748.0390696819
 765538.6905760005
 765315.0866166687
 765076.75764407
 764823.234110587
 764554.0464686031
 764268.7251705012
 763966.8006686643
 763647.8034154755
 763311.263863318
 762956.7124645748
 762583.679671629
 762191.6959368635
 761780.2917126615
 761348.997451406
 760897.34360548
 760424.8606272668
 759931.0789691493
 759415.5290835105
 758877.7414227336
 758317.2464392015
 757733.5745852975
 757126.2563134044
 756494.8220759055


