# Created by Octave 4.0.0, Mon May 09 12:05:17 2016 CEST <peter@Independence>
# name: y
# type: matrix
# rows: 100
# columns: 1
 875739.7347877618
 873831.3972591051
 871878.4610485757
 869881.7796376206
 867842.2455406534
 865760.7896671909
 863638.3806359924
 861476.0240418804
 859274.7616759916
 857035.6707002902
 854759.8627772431
 852448.483155633
 850102.7097135556
 847723.7519597206
 845312.849994236
 842871.2734301353
 840400.3202769576
 837901.3157877629
 835375.6112710218
 832824.5828688771
 830249.630303329
 827652.1755919536
 825033.661734806
 822395.5513742182
 819739.3254292363
 817066.4817064891
 814378.5334893195
 811677.008107041
 808963.4454862194
 806239.3966859061
 803506.4224187755
 800766.0915601432
 798019.9796468583
 795269.6673680827
 792516.7390499781
 789762.7811363337
 787009.3806671721
 784258.1237573703
 781510.5940773366
 778768.3713377716
 776033.0297805401
 773306.1366776626
 770589.2508404242
 767883.9211405762
 765191.6850455868
 762514.067169867
 759852.5778438749
 757208.7117029646
 754583.9462978122
 751979.7407282157
 749397.5343020199
 746838.7452208784
 744304.7692945128
 741796.9786850845
 739316.7206832407
 736865.3165173384
 734444.0601973012
 732054.217394496
 729697.0243589608
 727373.6868752517
 725085.3792581086
 722833.2433890762
 720618.387795148
 718441.8867704272
 716304.7795417358
 714208.0694790201
 712152.723351339
 710139.6706291381
 708169.802833444
 706243.9729325329
 704362.9947865596
 702527.6426405451
 700738.6506660577
 698996.7125518358
 697302.4811435329
 695656.568132682
 694059.5437949073
 692511.9367773337
 691014.2339350702
 689566.8802165716
 688170.2785976105
 686824.7900635176
 685530.7336392837
 684288.3864670441
 683097.9839303998
 681959.7198249656
 680873.7465744704
 679840.1754916738
 678859.0770833009
 677930.4813981426
 677054.3784174086
 676230.7184863685
 675459.4127862671
 674740.3338454422
 674073.3160885373
 673458.1564226489
 672894.6148592072
 672382.415170353
 671921.2455785332
 671510.7594780014


