# Created by Octave 4.0.0, Mon May 09 12:05:17 2016 CEST <peter@Independence>
# name: y
# type: matrix
# rows: 100
# columns: 1
 817631.7921448753
 816953.9352918237
 816276.0784387721
 815598.2215857204
 814920.3647326689
 814242.5078796173
 813564.6510265657
 812886.7941735141
 812208.9373204624
 811531.0804674109
 810853.2236143593
 810175.3667613077
 809497.5099082561
 808819.6530552044
 808141.7962021529
 807463.9393491013
 806786.0824960497
 806108.225642998
 805430.3687899465
 804752.5119368949
 804074.6550838433
 803396.7982307917
 802718.9413777401
 802041.0845246884
 801363.2276716369
 800685.3708185853
 800007.5139655337
 799329.657112482
 798651.8002594305
 797973.9434063789
 797296.0865533273
 796618.2297002757
 795940.3728472241
 795262.5159941724
 794584.6591411209
 793906.8022880693
 793228.9454350177
 792551.0885819661
 791873.2317289145
 791195.3748758628
 790517.5180228113
 789839.6611697597
 789161.8043167081
 788483.9474636565
 787806.0906106048
 787128.2337575533
 786450.3769045017
 785772.5200514501
 785094.6631983984
 784416.8063453468
 783738.9494922953
 783061.0926392437
 782383.2357861921
 781705.3789331404
 781027.5220800888
 780349.6652270373
 779671.8083739857
 778993.9515209341
 778316.0946678825
 777638.2378148308
 776960.3809617793
 776282.5241087277
 775604.6672556761
 774926.8104026245
 774248.9535495728
 773571.0966965213
 772893.2398434697
 772215.3829904181
 771537.5261373664
 770859.6692843148
 770181.8124312633
 769503.9555782117
 768826.09872516
 768148.2418721085
 767470.385019057
 766792.5281660053
 766114.6713129537
 765436.814459902
 764758.9576068505
 764081.1007537987
 763403.2439007473
 762725.3870476957
 762047.5301946441
 761369.6733415925
 760691.8164885408
 760013.9596354893
 759336.1027824377
 758658.245929386
 757980.3890763344
 757302.5322232828
 756624.6753702314
 755946.8185171797
 755268.961664128
 754591.1048110765
 753913.247958025
 753235.3911049733
 752557.5342519217
 751879.6773988701
 751201.8205458184
 750523.9636927668


