# Created by Octave 4.0.0, Wed May 11 16:23:52 2016 CEST <peter@Independence>
# name: y
# type: matrix
# rows: 1
# columns: 100
 444575.4243194747 445472.2549959295 446369.0856723845 447265.9163488394 448162.7470252943 449059.5777017493 449956.4083782042 450853.2390546591 451750.0697311141 452646.900407569 453543.7310840239 454440.5617604788 455337.3924369338 456234.2231133887 457131.0537898436 458027.8844662985 458924.7151427534 459821.5458192084 460718.3764956633 461615.2071721182 462512.0378485731 463408.8685250281 464305.699201483 465202.5298779379 466099.3605543929 466996.1912308478 467893.0219073027 468789.8525837576 469686.6832602125 470583.5139366675 471480.3446131224 472377.1752895773 473274.0059660323 474170.8366424871 475067.6673189421 475964.497995397 476861.328671852 477758.1593483069 478654.9900247618 479551.8207012167 480448.6513776716 481345.4820541266 482242.3127305815 483139.1434070364 484035.9740834914 484932.8047599462 485829.6354364012 486726.4661128561 487623.296789311 488520.127465766 489416.9581422209 490313.7888186758 491210.6194951307 492107.4501715857 493004.2808480406 493901.1115244955 494797.9422009505 495694.7728774053 496591.6035538603 497488.4342303152 498385.2649067701 499282.0955832251 500178.92625968 501075.7569361349 501972.5876125898 502869.4182890448 503766.2489654997 504663.0796419546 505559.9103184096 506456.7409948644 507353.5716713194 508250.4023477743 509147.2330242292 510044.0637006842 510940.8943771391 511837.725053594 512734.5557300489 513631.3864065039 514528.2170829588 515425.0477594137 516321.8784358687 517218.7091123235 518115.5397887785 519012.3704652334 519909.2011416883 520806.0318181433 521702.8624945982 522599.6931710531 523496.523847508 524393.3545239629 525290.1852004179 526187.0158768728 527083.8465533277 527980.6772297827 528877.5079062376 529774.3385826926 530671.1692591475 531567.9999356023 532464.8306120572 533361.6612885122


