# Created by Octave 4.0.0, Wed May 11 16:23:52 2016 CEST <peter@Independence>
# name: y
# type: matrix
# rows: 100
# columns: 1
 399192.8604502209
 400224.6565593136
 401294.2204575463
 402401.3188071501
 403545.6894283856
 404727.0412864498
 405945.0545087483
 407199.3804327602
 408489.6416846729
 409815.4322889303
 411176.3178087928
 412571.8355179643
 414001.4946033013
 415464.7763985753
 416961.1346492143
 418489.9958079096
 420050.7593609276
 421642.7981849238
 423265.4589340138
 424918.0624568094
 426599.9042430902
 428310.2548997317
 430048.3606554745
 431813.4438940723
 433604.7037153178
 435421.316523403
 437262.4366420304
 439127.1969556525
 441014.7095761765
 442924.066534435
 444854.340495684
 446804.585498357
 448773.8377152627
 450761.1162363879
 452765.4238724271
 454785.7479781316
 456821.0612945426
 458870.3228091407
 460932.4786329162
 463006.4628933429
 465091.1986422091
 467185.5987772369
 469288.566976403
 471398.9986438491
 473515.7818662568
 475637.7983785414
 477763.9245377067
 479893.032303689
 482023.9902260081
 484155.664435031
 486286.9196366508
 488416.6201091741
 490543.6307012065
 492666.8178293265
 494785.0504743335
 496897.2011748622
 499002.1470171558
 501098.770619796
 503185.9611121969
 505262.6151056772
 507327.6376559378
 509379.9432157811
 511418.4565769283
 513442.1137998006
 515449.8631301543
 517440.6659014751
 519413.4974220596
 521367.3478457367
 523301.2230252018
 525214.1453469674
 527105.1545469576
 528973.308505805
 530817.6840229381
 532637.3775685789
 534431.5060128022
 536199.2073308448
 537939.6412838867
 539651.9900745603
 541335.4589764857
 542989.2769371652
 544612.6971536099
 546204.9976201118
 547765.481647615
 549293.4783541828
 550788.3431260965
 552249.4580491668
 553676.2323098814
 555068.1025660535
 556424.5332866847
 557745.017060793
 559029.0748750066
 560276.2563597654
 561486.1400040169
 562658.3333383375
 563792.4730864532
 564888.2252851804
 565945.2853728464
 566963.3782462972
 567942.2582866375
 568881.7093538961


