# Created by Octave 4.0.0, Wed May 11 16:23:52 2016 CEST <peter@Independence>
# name: y
# type: matrix
# rows: 100
# columns: 1
 404470.5162290901
 406286.93538816
 408103.3545472299
 409919.7737062998
 411736.1928653696
 413552.6120244395
 415369.0311835094
 417185.4503425793
 419001.8695016491
 420818.288660719
 422634.7078197888
 424451.1269788587
 426267.5461379286
 428083.9652969985
 429900.3844560683
 431716.8036151382
 433533.2227742081
 435349.641933278
 437166.0610923478
 438982.4802514177
 440798.8994104876
 442615.3185695575
 444431.7377286273
 446248.1568876972
 448064.5760467671
 449880.995205837
 451697.4143649068
 453513.8335239767
 455330.2526830466
 457146.6718421165
 458963.0910011863
 460779.5101602562
 462595.9293193261
 464412.348478396
 466228.7676374658
 468045.1867965357
 469861.6059556056
 471678.0251146755
 473494.4442737454
 475310.8634328152
 477127.2825918851
 478943.701750955
 480760.1209100249
 482576.5400690947
 484392.9592281646
 486209.3783872345
 488025.7975463044
 489842.2167053742
 491658.6358644441
 493475.055023514
 495291.4741825839
 497107.8933416537
 498924.3125007236
 500740.7316597935
 502557.1508188634
 504373.5699779332
 506189.9891370031
 508006.408296073
 509822.8274551428
 511639.2466142127
 513455.6657732826
 515272.0849323524
 517088.5040914223
 518904.9232504922
 520721.3424095621
 522537.761568632
 524354.1807277019
 526170.5998867718
 527987.0190458415
 529803.4382049114
 531619.8573639813
 533436.2765230512
 535252.6956821211
 537069.114841191
 538885.5340002609
 540701.9531593306
 542518.3723184005
 544334.7914774704
 546151.2106365403
 547967.6297956102
 549784.0489546801
 551600.46811375
 553416.8872728199
 555233.3064318897
 557049.7255909595
 558866.1447500294
 560682.5639090993
 562498.9830681692
 564315.402227239
 566131.8213863089
 567948.2405453788
 569764.6597044487
 571581.0788635185
 573397.4980225884
 575213.9171816583
 577030.3363407282
 578846.755499798
 580663.1746588679
 582479.5938179378
 584296.0129770077


