# Created by Octave 4.0.0, Wed May 11 16:23:52 2016 CEST <peter@Independence>
# name: y
# type: matrix
# rows: 100
# columns: 1
 514763.082883317
 515231.0054827926
 515680.2609700004
 516111.2293248088
 516524.2905270859
 516919.8245567005
 517298.2113935206
 517659.8310174149
 518005.0634082515
 518334.2885458989
 518647.8864102255
 518946.2369810996
 519229.7202383896
 519498.7161619639
 519753.6047316909
 519994.7659274389
 520222.5797290762
 520437.4261164714
 520639.6850694927
 520829.7365680085
 521007.9605918872
 521174.7371209973
 521330.4461352069
 521475.4676143845
 521610.1815383986
 521734.9678871174
 521850.2066404094
 521956.2777781428
 522053.5612801862
 522142.4371264079
 522223.2852966761
 522296.4857708593
 522362.418528826
 522421.4635504444
 522474.0008155829
 522520.41030411
 522561.0719958939
 522596.3658708031
 522626.6719087058
 522652.3700894706
 522673.8403929658
 522691.4627990597
 522705.6172876207
 522716.6838385173
 522725.0424316176
 522731.0730467903
 522735.1556639035
 522737.6702628258
 522738.9968234253
 522739.5153255707
 522739.6057491301
 522739.6480739721
 522740.0222799649
 522741.1083469769
 522743.2862548765
 522746.9359835321
 522752.4375128121
 522760.1708225848
 522770.5158927186
 522783.8527030819
 522800.5612335429
 522821.0214639703
 522845.6133742322
 522874.7169441971
 522908.7121537334
 522947.9789827093
 522992.8974109933
 523043.8474184539
 523101.2089849592
 523165.3620903778
 523236.686714578
 523315.5628374281
 523402.3704387965
 523497.4894985516
 523601.2999965619
 523714.1819126956
 523836.5152268211
 523968.6799188068
 524111.0559685212
 524264.0233558324
 524427.9620606089
 524603.2520627192
 524790.2733420315
 524989.4058784144
 525201.0296517359
 525425.5246418648
 525663.2708286691
 525914.6481920175
 526180.036711778
 526459.8163678193
 526754.3671400098
 527064.0690082175
 527389.3019523112
 527730.445952159
 528087.8809876293
 528461.9870385906
 528853.1440849112
 529261.7321064594
 529688.1310831038
 530132.7209947126


