# Created by Octave 3.8.2, Mon May 23 11:37:34 2016 CEST <Andrea@Andreas-MacBook-Pro.local>
# name: x
# type: matrix
# rows: 1
# columns: 100
 60 60.60606060606061 61.21212121212121 61.81818181818181 62.42424242424242 63.03030303030303 63.63636363636364 64.24242424242425 64.84848484848484 65.45454545454545 66.06060606060606 66.66666666666667 67.27272727272727 67.87878787878788 68.48484848484848 69.09090909090909 69.69696969696969 70.3030303030303 70.90909090909091 71.51515151515152 72.12121212121212 72.72727272727272 73.33333333333334 73.93939393939394 74.54545454545455 75.15151515151516 75.75757575757575 76.36363636363636 76.96969696969697 77.57575757575758 78.18181818181819 78.78787878787878 79.39393939393939 80 80.60606060606061 81.21212121212122 81.81818181818181 82.42424242424242 83.03030303030303 83.63636363636364 84.24242424242425 84.84848484848484 85.45454545454545 86.06060606060606 86.66666666666667 87.27272727272728 87.87878787878788 88.48484848484848 89.09090909090909 89.6969696969697 90.3030303030303 90.90909090909091 91.51515151515152 92.12121212121212 92.72727272727273 93.33333333333333 93.93939393939394 94.54545454545455 95.15151515151516 95.75757575757575 96.36363636363637 96.96969696969697 97.57575757575758 98.18181818181819 98.7878787878788 99.39393939393939 100 100.6060606060606 101.2121212121212 101.8181818181818 102.4242424242424 103.030303030303 103.6363636363636 104.2424242424242 104.8484848484849 105.4545454545455 106.0606060606061 106.6666666666667 107.2727272727273 107.8787878787879 108.4848484848485 109.0909090909091 109.6969696969697 110.3030303030303 110.9090909090909 111.5151515151515 112.1212121212121 112.7272727272727 113.3333333333333 113.9393939393939 114.5454545454545 115.1515151515152 115.7575757575758 116.3636363636364 116.969696969697 117.5757575757576 118.1818181818182 118.7878787878788 119.3939393939394 120


# name: y
# type: matrix
# rows: 100
# columns: 1
 1511360.194671319
 1515721.358521779
 1520247.128695861
 1524935.167431722
 1529782.916454839
 1534787.59782415
 1539946.215154162
 1545255.555215487
 1550712.189915539
 1556312.478660314
 1562052.571097365
 1567928.410239267
 1573935.735966105
 1580070.08890462
 1586326.814680854
 1592701.068542328
 1599187.820344898
 1605781.859898671
 1612477.802666486
 1619270.095807699
 1626153.024559147
 1633120.718944439
 1640167.160801859
 1647286.191120477
 1654471.51767327
 1661716.722935325
 1669015.272274507
 1676360.522401287
 1683745.730063749
 1691164.060973189
 1698608.598945105
 1706072.355239792
 1713548.27808627
 1721029.262372703
 1728508.159486051
 1735977.787283252
 1743430.940175834
 1750860.399309539
 1758258.942820167
 1765619.356146679
 1772934.442382277
 1780197.032644072
 1787399.996441788
 1794536.252025863
 1801598.776695273
 1808580.617045399
 1815474.899136326
 1822274.838562045
 1828973.75040116
 1835565.059029922
 1842042.307778643
 1848399.168412767
 1854629.450420291
 1860727.11008753
 1866686.259345641
 1872501.174370816
 1878166.303921479
 1883676.277396444
 1889025.912598467
 1894210.223188332
 1899224.425815167
 1904063.946909456
 1908724.429125822
 1913201.737423505
 1917491.964773154
 1921591.437479377
 1925496.720109306
 1929204.620018294
 1932712.191464719
 1936016.739306722
 1939115.822274657
 1942007.255813884
 1944689.114493519
 1947159.733977618
 1949417.712556265
 1951461.912234932
 1953291.459381451
 1954905.744930849
 1956304.424149262
 1957487.41595904
 1958454.901828108
 1959207.324227536
 1959745.384662176
 1960070.041280119
 1960182.506067555
 1960084.24163649
 1959776.95761363
 1959262.606639432
 1958543.379987229
 1957621.702813006
 1956500.229047103
 1955181.835939891
 1953669.618274021
 1951966.882256545
 1950077.139104751
 1948004.098340096
 1945751.660805184
 1943323.911419118
 1940725.111687084
 1937959.691980349


# name: TRAIN_QUERIES
# type: cell
# rows: 1
# columns: 2
# name: <cell-element>
# type: sq_string
# elements: 1
# length: 2
R3



# name: <cell-element>
# type: sq_string
# elements: 1
# length: 2
R4





# name: TEST_QUERIES
# type: cell
# rows: 1
# columns: 1
# name: <cell-element>
# type: sq_string
# elements: 1
# length: 2
R2





# name: DATASIZE
# type: sq_string
# elements: 1
# length: 4
1000


