# Created by Octave 3.8.2, Mon May 23 11:37:34 2016 CEST <Andrea@Andreas-MacBook-Pro.local>
# name: x
# type: matrix
# rows: 1
# columns: 100
 60 60.60606060606061 61.21212121212121 61.81818181818181 62.42424242424242 63.03030303030303 63.63636363636364 64.24242424242425 64.84848484848484 65.45454545454545 66.06060606060606 66.66666666666667 67.27272727272727 67.87878787878788 68.48484848484848 69.09090909090909 69.69696969696969 70.3030303030303 70.90909090909091 71.51515151515152 72.12121212121212 72.72727272727272 73.33333333333334 73.93939393939394 74.54545454545455 75.15151515151516 75.75757575757575 76.36363636363636 76.96969696969697 77.57575757575758 78.18181818181819 78.78787878787878 79.39393939393939 80 80.60606060606061 81.21212121212122 81.81818181818181 82.42424242424242 83.03030303030303 83.63636363636364 84.24242424242425 84.84848484848484 85.45454545454545 86.06060606060606 86.66666666666667 87.27272727272728 87.87878787878788 88.48484848484848 89.09090909090909 89.6969696969697 90.3030303030303 90.90909090909091 91.51515151515152 92.12121212121212 92.72727272727273 93.33333333333333 93.93939393939394 94.54545454545455 95.15151515151516 95.75757575757575 96.36363636363637 96.96969696969697 97.57575757575758 98.18181818181819 98.7878787878788 99.39393939393939 100 100.6060606060606 101.2121212121212 101.8181818181818 102.4242424242424 103.030303030303 103.6363636363636 104.2424242424242 104.8484848484849 105.4545454545455 106.0606060606061 106.6666666666667 107.2727272727273 107.8787878787879 108.4848484848485 109.0909090909091 109.6969696969697 110.3030303030303 110.9090909090909 111.5151515151515 112.1212121212121 112.7272727272727 113.3333333333333 113.9393939393939 114.5454545454545 115.1515151515152 115.7575757575758 116.3636363636364 116.969696969697 117.5757575757576 118.1818181818182 118.7878787878788 119.3939393939394 120


# name: y
# type: matrix
# rows: 100
# columns: 1
 2338420.175377294
 2335616.273216399
 2332812.371055503
 2330008.46889461
 2327204.56673371
 2324400.664572817
 2321596.762411922
 2318792.860251026
 2315988.958090132
 2313185.055929235
 2310381.153768341
 2307577.251607447
 2304773.349446553
 2301969.447285655
 2299165.54512476
 2296361.642963865
 2293557.740802969
 2290753.838642077
 2287949.936481182
 2285146.034320286
 2282342.13215939
 2279538.229998495
 2276734.327837601
 2273930.425676703
 2271126.523515808
 2268322.621354915
 2265518.719194019
 2262714.817033123
 2259910.914872228
 2257107.012711334
 2254303.110550439
 2251499.208389542
 2248695.306228649
 2245891.404067752
 2243087.501906857
 2240283.599745963
 2237479.697585067
 2234675.795424172
 2231871.893263276
 2229067.991102381
 2226264.088941487
 2223460.186780591
 2220656.284619696
 2217852.382458801
 2215048.480297906
 2212244.57813701
 2209440.675976115
 2206636.77381522
 2203832.871654325
 2201028.96949343
 2198225.067332534
 2195421.165171639
 2192617.263010744
 2189813.360849849
 2187009.458688953
 2184205.556528058
 2181401.654367163
 2178597.752206268
 2175793.850045373
 2172989.947884478
 2170186.045723583
 2167382.143562688
 2164578.241401792
 2161774.339240897
 2158970.437080002
 2156166.534919106
 2153362.632758211
 2150558.730597317
 2147754.82843642
 2144950.926275527
 2142147.024114631
 2139343.121953734
 2136539.219792841
 2133735.317631945
 2130931.415471049
 2128127.513310155
 2125323.61114926
 2122519.708988364
 2119715.806827468
 2116911.904666575
 2114108.002505679
 2111304.100344785
 2108500.19818389
 2105696.296022994
 2102892.393862101
 2100088.491701203
 2097284.589540308
 2094480.687379413
 2091676.785218518
 2088872.883057623
 2086068.980896729
 2083265.078735831
 2080461.176574936
 2077657.274414044
 2074853.372253146
 2072049.470092252
 2069245.567931356
 2066441.665770461
 2063637.763609567
 2060833.86144867


# name: TRAIN_QUERIES
# type: cell
# rows: 1
# columns: 2
# name: <cell-element>
# type: sq_string
# elements: 1
# length: 2
R3



# name: <cell-element>
# type: sq_string
# elements: 1
# length: 2
R4





# name: TEST_QUERIES
# type: cell
# rows: 1
# columns: 1
# name: <cell-element>
# type: sq_string
# elements: 1
# length: 2
R2





# name: DATASIZE
# type: sq_string
# elements: 1
# length: 4
1000


