# Created by Octave 3.8.2, Mon May 23 11:37:34 2016 CEST <Andrea@Andreas-MacBook-Pro.local>
# name: x
# type: matrix
# rows: 1
# columns: 100
 60 60.60606060606061 61.21212121212121 61.81818181818181 62.42424242424242 63.03030303030303 63.63636363636364 64.24242424242425 64.84848484848484 65.45454545454545 66.06060606060606 66.66666666666667 67.27272727272727 67.87878787878788 68.48484848484848 69.09090909090909 69.69696969696969 70.3030303030303 70.90909090909091 71.51515151515152 72.12121212121212 72.72727272727272 73.33333333333334 73.93939393939394 74.54545454545455 75.15151515151516 75.75757575757575 76.36363636363636 76.96969696969697 77.57575757575758 78.18181818181819 78.78787878787878 79.39393939393939 80 80.60606060606061 81.21212121212122 81.81818181818181 82.42424242424242 83.03030303030303 83.63636363636364 84.24242424242425 84.84848484848484 85.45454545454545 86.06060606060606 86.66666666666667 87.27272727272728 87.87878787878788 88.48484848484848 89.09090909090909 89.6969696969697 90.3030303030303 90.90909090909091 91.51515151515152 92.12121212121212 92.72727272727273 93.33333333333333 93.93939393939394 94.54545454545455 95.15151515151516 95.75757575757575 96.36363636363637 96.96969696969697 97.57575757575758 98.18181818181819 98.7878787878788 99.39393939393939 100 100.6060606060606 101.2121212121212 101.8181818181818 102.4242424242424 103.030303030303 103.6363636363636 104.2424242424242 104.8484848484849 105.4545454545455 106.0606060606061 106.6666666666667 107.2727272727273 107.8787878787879 108.4848484848485 109.0909090909091 109.6969696969697 110.3030303030303 110.9090909090909 111.5151515151515 112.1212121212121 112.7272727272727 113.3333333333333 113.9393939393939 114.5454545454545 115.1515151515152 115.7575757575758 116.3636363636364 116.969696969697 117.5757575757576 118.1818181818182 118.7878787878788 119.3939393939394 120


# name: y
# type: matrix
# rows: 1
# columns: 100
 1271539.255163809 1269071.955122381 1266604.655080954 1264137.355039527 1261670.0549981 1259202.754956672 1256735.454915245 1254268.154873818 1251800.85483239 1249333.554790963 1246866.254749536 1244398.954708108 1241931.654666681 1239464.354625254 1236997.054583827 1234529.754542399 1232062.454500972 1229595.154459545 1227127.854418117 1224660.55437669 1222193.254335263 1219725.954293835 1217258.654252408 1214791.354210981 1212324.054169554 1209856.754128126 1207389.454086699 1204922.154045272 1202454.854003844 1199987.553962417 1197520.25392099 1195052.953879562 1192585.653838135 1190118.353796708 1187651.053755281 1185183.753713853 1182716.453672426 1180249.153630999 1177781.853589572 1175314.553548144 1172847.253506717 1170379.95346529 1167912.653423862 1165445.353382435 1162978.053341008 1160510.75329958 1158043.453258153 1155576.153216726 1153108.853175299 1150641.553133871 1148174.253092444 1145706.953051017 1143239.653009589 1140772.352968162 1138305.052926735 1135837.752885307 1133370.45284388 1130903.152802453 1128435.852761026 1125968.552719598 1123501.252678171 1121033.952636744 1118566.652595316 1116099.352553889 1113632.052512462 1111164.752471034 1108697.452429607 1106230.15238818 1103762.852346753 1101295.552305325 1098828.252263898 1096360.952222471 1093893.652181044 1091426.352139616 1088959.052098189 1086491.752056762 1084024.452015334 1081557.151973907 1079089.85193248 1076622.551891052 1074155.251849625 1071687.951808198 1069220.651766771 1066753.351725343 1064286.051683916 1061818.751642489 1059351.451601061 1056884.151559634 1054416.851518207 1051949.551476779 1049482.251435352 1047014.951393925 1044547.651352498 1042080.35131107 1039613.051269643 1037145.751228216 1034678.451186788 1032211.151145361 1029743.851103934 1027276.551062507


# name: TRAIN_QUERIES
# type: cell
# rows: 1
# columns: 2
# name: <cell-element>
# type: sq_string
# elements: 1
# length: 2
R3



# name: <cell-element>
# type: sq_string
# elements: 1
# length: 2
R4





# name: TEST_QUERIES
# type: cell
# rows: 1
# columns: 1
# name: <cell-element>
# type: sq_string
# elements: 1
# length: 2
R2





# name: DATASIZE
# type: sq_string
# elements: 1
# length: 4
1000


