# Created by Octave 3.8.2, Mon May 23 11:37:34 2016 CEST <Andrea@Andreas-MacBook-Pro.local>
# name: SVs
# type: cell
# rows: 1
# columns: 7
# name: <cell-element>
# type: sparse matrix
# nnz: 168
# rows: 24
# columns: 7
1 1 -0.4822840325880627
2 1 -0.484620114295686
3 1 -0.4814427843276997
4 1 -0.4841218364799326
5 1 -0.4804979978199074
6 1 -0.4826593587349939
7 1 -0.4727649849650323
8 1 -0.4794043750814356
9 1 -0.4890722589351456
10 1 -0.4937573646313209
11 1 -0.4789902220917184
12 1 -0.4777089362797809
13 1 -0.4903988427303333
14 1 -0.4764729484510938
15 1 -0.4848013062286873
16 1 -0.4949092276339718
17 1 -0.4817986970532379
18 1 -0.4870014939865597
19 1 -0.4875062429427775
20 1 -0.472700273560389
21 1 -0.4759552572139473
22 1 -0.475832305545125
23 1 -0.4731338399714992
24 1 -0.4798767683353317
1 2 -0.5686437297370919
2 2 -0.5885013102863352
3 2 -0.5849708618961593
4 2 -0.5565080120034447
5 2 -0.5708522460567789
6 2 -0.5798420196803682
7 2 -0.5634259113242486
8 2 -0.5750722599741088
9 2 -0.581249750226586
10 2 -0.5960166212159177
11 2 -0.5840334341057886
12 2 -0.5901950357516492
13 2 -0.5698226643480326
14 2 -0.5769502932761736
15 2 -0.5724697062103338
16 2 -0.5846467343211836
17 2 -0.585940066899763
18 2 -0.57324824793454
19 2 -0.5802805452229823
20 2 -0.5725078388662133
21 2 -0.5741856757249107
22 2 -0.5801820358619603
23 2 -0.5799214627134505
24 2 -0.5899344626031393
1 3 0.4996311172693934
2 3 0.2451828809310684
3 3 -0.9693719441496232
4 3 0.2251925593332202
5 3 0.1603668021516267
6 3 0.1418043606679106
7 3 0.4119592782616877
8 3 -1.129580092955235
9 3 -1.118728204087832
10 3 -1.081888897143226
11 3 -1.067610096001906
12 3 0.4336630559964944
13 3 0.4599360500965234
14 3 -1.110732075448693
15 3 -0.9770824967659362
16 3 0.1520850974896611
17 3 -0.187464793650932
18 3 -1.132150277160673
19 3 0.1820705798864334
20 3 -0.2848462174347354
21 3 -0.1906061299020225
22 3 -0.2140233637737875
23 3 0.3385662403953022
24 3 -0.9879343856333395
1 4 1.909934560264103
2 4 0.2768432042141816
3 4 0.4017763408746606
4 4 0.2400739298631585
5 4 -0.08827466013981511
6 4 1.276617282996761
7 4 2.103565472812908
8 4 -0.9361308687045826
9 4 -0.3438056676044881
10 4 -0.9062622704922669
11 4 -0.2025992946766096
12 4 4.930576796025461
13 4 1.911582482924093
14 4 -0.9076012076535086
15 4 0.6627660921505498
16 4 0.9988393196222258
17 4 1.529470416138951
18 4 -0.9562149261232086
19 4 0.2137071673033212
20 4 0.9327164228901339
21 4 0.9305535243988972
22 4 1.041067337784465
23 4 1.915908279906566
24 4 -0.3259875038433481
1 5 0.1198972016700246
2 5 -0.6953239066127844
3 5 -0.7076072746069437
4 5 -0.6914250562049218
5 5 -0.6865415471481345
6 5 0.07900900262226042
7 5 0.2123158700115048
8 5 -0.6833123972355
9 5 -0.711953697127954
10 5 -0.7081775146325835
11 5 -0.7038775069973812
12 5 0.08715149973255872
13 5 -0.4728706203315161
14 5 -0.6999355570526968
15 5 -0.7062148280327071
16 5 -0.4906442062469514
17 5 -0.2071918139671576
18 5 -0.7046002530763897
19 5 -0.6872941313680196
20 5 -0.1973783809677753
21 5 -0.1883473703291546
22 5 -0.1294402495409705
23 5 0.2714451191817695
24 5 -0.7031448148714138
1 6 -0.3418920960426788
2 6 -0.9099013607819934
3 6 0.3262288998823253
4 6 -0.88482148242471
5 6 -0.7844626588414118
6 6 -0.2679272331130375
7 6 1.21398134286361
8 6 -0.3626478574418099
9 6 0.1645462358015944
10 6 1.528569275173654
11 6 1.802443119241354
12 6 0.9621268008646309
13 6 0.9464195864075503
14 6 -0.5553462331587422
15 6 0.3247575769692916
16 6 0.1680504552585906
17 6 -0.9210092872017664
18 6 1.63392048833591
19 6 -0.9255074919855066
20 6 -1.114718495454371
21 6 -1.007255765439822
22 6 -1.338528050324763
23 6 2.254504276402785
24 6 -0.6333431947584529
1 7 0.4188753990974841
2 7 -0.5344272333312734
3 7 -0.5344272333312734
4 7 -0.5344272333312734
5 7 -0.5344272333312734
6 7 0.4188753990974841
7 7 0.4188753990974841
8 7 0.4188753990974841
9 7 -0.5344272333312734
10 7 -1.487729865760031
11 7 -1.487729865760031
12 7 0.4188753990974841
13 7 -1.487729865760031
14 7 0.4188753990974841
15 7 -0.5344272333312734
16 7 -1.487729865760031
17 7 1.372178031526242
18 7 -1.487729865760031
19 7 -0.5344272333312734
20 7 1.372178031526242
21 7 1.372178031526242
22 7 1.372178031526242
23 7 0.4188753990974841
24 7 0.4188753990974841



