# Created by Octave 3.8.2, Mon May 23 11:37:27 2016 CEST <Andrea@Andreas-MacBook-Pro.local>
# name: mu
# type: matrix
# rows: 1
# columns: 8
 1144473.303030303 117313.4444444444 270355.0101010101 7075.444444444444 14207.07575757576 258997.7222222222 760806.0808080808 91.21212121212122


# name: sigma
# type: matrix
# rows: 1
# columns: 8
 491882.2311926762 154532.2660684104 314690.9052945065 3501.694540398736 9709.193512818583 301627.3713986035 178071.0391166252 20.9796966038428


