# Created by Octave 3.8.2, Mon May 23 11:37:34 2016 CEST <Andrea@Andreas-MacBook-Pro.local>
# name: x
# type: matrix
# rows: 1
# columns: 100
 60 60.60606060606061 61.21212121212121 61.81818181818181 62.42424242424242 63.03030303030303 63.63636363636364 64.24242424242425 64.84848484848484 65.45454545454545 66.06060606060606 66.66666666666667 67.27272727272727 67.87878787878788 68.48484848484848 69.09090909090909 69.69696969696969 70.3030303030303 70.90909090909091 71.51515151515152 72.12121212121212 72.72727272727272 73.33333333333334 73.93939393939394 74.54545454545455 75.15151515151516 75.75757575757575 76.36363636363636 76.96969696969697 77.57575757575758 78.18181818181819 78.78787878787878 79.39393939393939 80 80.60606060606061 81.21212121212122 81.81818181818181 82.42424242424242 83.03030303030303 83.63636363636364 84.24242424242425 84.84848484848484 85.45454545454545 86.06060606060606 86.66666666666667 87.27272727272728 87.87878787878788 88.48484848484848 89.09090909090909 89.6969696969697 90.3030303030303 90.90909090909091 91.51515151515152 92.12121212121212 92.72727272727273 93.33333333333333 93.93939393939394 94.54545454545455 95.15151515151516 95.75757575757575 96.36363636363637 96.96969696969697 97.57575757575758 98.18181818181819 98.7878787878788 99.39393939393939 100 100.6060606060606 101.2121212121212 101.8181818181818 102.4242424242424 103.030303030303 103.6363636363636 104.2424242424242 104.8484848484849 105.4545454545455 106.0606060606061 106.6666666666667 107.2727272727273 107.8787878787879 108.4848484848485 109.0909090909091 109.6969696969697 110.3030303030303 110.9090909090909 111.5151515151515 112.1212121212121 112.7272727272727 113.3333333333333 113.9393939393939 114.5454545454545 115.1515151515152 115.7575757575758 116.3636363636364 116.969696969697 117.5757575757576 118.1818181818182 118.7878787878788 119.3939393939394 120


# name: y
# type: matrix
# rows: 100
# columns: 1
 1262206.677645847
 1261965.326403792
 1261746.724319121
 1261549.122633446
 1261370.875409014
 1261210.435416851
 1261066.350108837
 1260937.257673688
 1260821.883176856
 1260719.034784347
 1260627.600070443
 1260546.542409355
 1260474.897450782
 1260411.769679381
 1260356.329058164
 1260307.807755805
 1260265.496957854
 1260228.743761881
 1260196.948156524
 1260169.560084456
 1260146.076589269
 1260126.039046271
 1260109.030477199
 1260094.672948843
 1260082.625055596
 1260072.579485908
 1260064.260672659
 1260057.42252745
 1260051.846258806
 1260047.338274298
 1260043.728166572
 1260040.866783303
 1260038.62438106
 1260036.888863085
 1260035.564100986
 1260034.568340354
 1260033.832690282
 1260033.299696812
 1260032.922000286
 1260032.661076622
 1260032.486062498
 1260032.372664456
 1260032.302151917
 1260032.260434118
 1260032.237220951
 1260032.225267737
 1260032.219703895
 1260032.217445541
 1260032.216691994
 1260032.2165062
 1260032.216479074
 1260032.216477748
 1260032.216477748
 1260032.216479074
 1260032.2165062
 1260032.216691994
 1260032.217445541
 1260032.219703895
 1260032.225267737
 1260032.237220951
 1260032.260434118
 1260032.302151917
 1260032.372664456
 1260032.486062498
 1260032.661076622
 1260032.922000286
 1260033.299696812
 1260033.832690282
 1260034.568340354
 1260035.564100986
 1260036.888863085
 1260038.62438106
 1260040.866783303
 1260043.728166572
 1260047.338274298
 1260051.846258806
 1260057.42252745
 1260064.260672659
 1260072.579485908
 1260082.625055596
 1260094.672948843
 1260109.030477199
 1260126.039046271
 1260146.076589269
 1260169.560084456
 1260196.948156524
 1260228.743761881
 1260265.496957854
 1260307.807755805
 1260356.329058164
 1260411.769679381
 1260474.897450782
 1260546.542409355
 1260627.600070443
 1260719.034784347
 1260821.883176856
 1260937.257673688
 1261066.350108837
 1261210.435416851
 1261370.875409014


# name: TRAIN_QUERIES
# type: cell
# rows: 1
# columns: 2
# name: <cell-element>
# type: sq_string
# elements: 1
# length: 2
R3



# name: <cell-element>
# type: sq_string
# elements: 1
# length: 2
R4





# name: TEST_QUERIES
# type: cell
# rows: 1
# columns: 1
# name: <cell-element>
# type: sq_string
# elements: 1
# length: 2
R2





# name: DATASIZE
# type: sq_string
# elements: 1
# length: 4
1000


