# Created by Octave 3.8.2, Mon May 23 11:37:34 2016 CEST <Andrea@Andreas-MacBook-Pro.local>
# name: x
# type: matrix
# rows: 1
# columns: 100
 60 60.60606060606061 61.21212121212121 61.81818181818181 62.42424242424242 63.03030303030303 63.63636363636364 64.24242424242425 64.84848484848484 65.45454545454545 66.06060606060606 66.66666666666667 67.27272727272727 67.87878787878788 68.48484848484848 69.09090909090909 69.69696969696969 70.3030303030303 70.90909090909091 71.51515151515152 72.12121212121212 72.72727272727272 73.33333333333334 73.93939393939394 74.54545454545455 75.15151515151516 75.75757575757575 76.36363636363636 76.96969696969697 77.57575757575758 78.18181818181819 78.78787878787878 79.39393939393939 80 80.60606060606061 81.21212121212122 81.81818181818181 82.42424242424242 83.03030303030303 83.63636363636364 84.24242424242425 84.84848484848484 85.45454545454545 86.06060606060606 86.66666666666667 87.27272727272728 87.87878787878788 88.48484848484848 89.09090909090909 89.6969696969697 90.3030303030303 90.90909090909091 91.51515151515152 92.12121212121212 92.72727272727273 93.33333333333333 93.93939393939394 94.54545454545455 95.15151515151516 95.75757575757575 96.36363636363637 96.96969696969697 97.57575757575758 98.18181818181819 98.7878787878788 99.39393939393939 100 100.6060606060606 101.2121212121212 101.8181818181818 102.4242424242424 103.030303030303 103.6363636363636 104.2424242424242 104.8484848484849 105.4545454545455 106.0606060606061 106.6666666666667 107.2727272727273 107.8787878787879 108.4848484848485 109.0909090909091 109.6969696969697 110.3030303030303 110.9090909090909 111.5151515151515 112.1212121212121 112.7272727272727 113.3333333333333 113.9393939393939 114.5454545454545 115.1515151515152 115.7575757575758 116.3636363636364 116.969696969697 117.5757575757576 118.1818181818182 118.7878787878788 119.3939393939394 120


# name: y
# type: matrix
# rows: 100
# columns: 1
 1677124.149188919
 1679491.589017654
 1681812.60845759
 1684087.207508727
 1686315.386171066
 1688497.144444606
 1690632.482329347
 1692721.39982529
 1694763.896932434
 1696759.97365078
 1698709.629980326
 1700612.865921073
 1702469.681473022
 1704280.076636172
 1706044.051410524
 1707761.605796077
 1709432.739792831
 1711057.453400786
 1712635.746619943
 1714167.619450301
 1715653.07189186
 1717092.10394462
 1718484.715608582
 1719830.906883745
 1721130.677770109
 1722384.028267675
 1723590.958376442
 1724751.46809641
 1725865.557427579
 1726933.22636995
 1727954.474923522
 1728929.303088295
 1729857.710864269
 1730739.698251445
 1731575.265249822
 1732364.411859401
 1733107.13808018
 1733803.443912161
 1734453.329355343
 1735056.794409726
 1735613.839075311
 1736124.463352097
 1736588.667240084
 1737006.450739273
 1737377.813849662
 1737702.756571254
 1737981.278904046
 1738213.380848039
 1738399.062403235
 1738538.323569631
 1738631.164347228
 1738677.584736027
 1738677.584736027
 1738631.164347228
 1738538.323569631
 1738399.062403235
 1738213.380848039
 1737981.278904046
 1737702.756571254
 1737377.813849662
 1737006.450739273
 1736588.667240084
 1736124.463352097
 1735613.839075311
 1735056.794409726
 1734453.329355343
 1733803.443912161
 1733107.13808018
 1732364.411859401
 1731575.265249822
 1730739.698251445
 1729857.710864269
 1728929.303088295
 1727954.474923522
 1726933.22636995
 1725865.557427579
 1724751.46809641
 1723590.958376442
 1722384.028267675
 1721130.677770109
 1719830.906883745
 1718484.715608582
 1717092.10394462
 1715653.07189186
 1714167.6194503
 1712635.746619943
 1711057.453400786
 1709432.739792831
 1707761.605796077
 1706044.051410524
 1704280.076636172
 1702469.681473022
 1700612.865921073
 1698709.629980325
 1696759.973650779
 1694763.896932434
 1692721.39982529
 1690632.482329348
 1688497.144444606
 1686315.386171066


# name: TRAIN_QUERIES
# type: cell
# rows: 1
# columns: 2
# name: <cell-element>
# type: sq_string
# elements: 1
# length: 2
R3



# name: <cell-element>
# type: sq_string
# elements: 1
# length: 2
R4





# name: TEST_QUERIES
# type: cell
# rows: 1
# columns: 1
# name: <cell-element>
# type: sq_string
# elements: 1
# length: 2
R2





# name: DATASIZE
# type: sq_string
# elements: 1
# length: 4
1000


