# Created by Octave 3.8.2, Mon May 23 11:37:34 2016 CEST <Andrea@Andreas-MacBook-Pro.local>
# name: x
# type: matrix
# rows: 1
# columns: 100
 60 60.60606060606061 61.21212121212121 61.81818181818181 62.42424242424242 63.03030303030303 63.63636363636364 64.24242424242425 64.84848484848484 65.45454545454545 66.06060606060606 66.66666666666667 67.27272727272727 67.87878787878788 68.48484848484848 69.09090909090909 69.69696969696969 70.3030303030303 70.90909090909091 71.51515151515152 72.12121212121212 72.72727272727272 73.33333333333334 73.93939393939394 74.54545454545455 75.15151515151516 75.75757575757575 76.36363636363636 76.96969696969697 77.57575757575758 78.18181818181819 78.78787878787878 79.39393939393939 80 80.60606060606061 81.21212121212122 81.81818181818181 82.42424242424242 83.03030303030303 83.63636363636364 84.24242424242425 84.84848484848484 85.45454545454545 86.06060606060606 86.66666666666667 87.27272727272728 87.87878787878788 88.48484848484848 89.09090909090909 89.6969696969697 90.3030303030303 90.90909090909091 91.51515151515152 92.12121212121212 92.72727272727273 93.33333333333333 93.93939393939394 94.54545454545455 95.15151515151516 95.75757575757575 96.36363636363637 96.96969696969697 97.57575757575758 98.18181818181819 98.7878787878788 99.39393939393939 100 100.6060606060606 101.2121212121212 101.8181818181818 102.4242424242424 103.030303030303 103.6363636363636 104.2424242424242 104.8484848484849 105.4545454545455 106.0606060606061 106.6666666666667 107.2727272727273 107.8787878787879 108.4848484848485 109.0909090909091 109.6969696969697 110.3030303030303 110.9090909090909 111.5151515151515 112.1212121212121 112.7272727272727 113.3333333333333 113.9393939393939 114.5454545454545 115.1515151515152 115.7575757575758 116.3636363636364 116.969696969697 117.5757575757576 118.1818181818182 118.7878787878788 119.3939393939394 120


# name: y
# type: matrix
# rows: 100
# columns: 1
 1166049.788520569
 1163347.073651983
 1160800.235178707
 1158403.161299585
 1156149.862449485
 1154034.471299296
 1152051.242755932
 1150194.553962331
 1148458.904297451
 1146838.915376277
 1145329.331049813
 1143925.017405089
 1142620.962765158
 1141412.277689095
 1140294.194971998
 1139262.069644989
 1138311.378975212
 1137437.722465836
 1136636.821856052
 1135904.521121073
 1135236.786472137
 1134629.706356505
 1134079.491457459
 1133582.474694306
 1133135.111222375
 1132733.978433021
 1132375.775953618
 1132057.325647565
 1131775.571614285
 1131527.580189223
 1131310.539943848
 1131121.761685649
 1130958.678458143
 1130818.845540868
 1130699.940449383
 1130599.762935272
 1130516.234986144
 1130447.400825627
 1130391.426913376
 1130346.601945066
 1130311.336852397
 1130284.164803092
 1130263.741200897
 1130248.84368558
 1130238.372132933
 1130231.348654771
 1130226.917598934
 1130224.345549281
 1130223.021325697
 1130222.45598409
 1130222.282816391
 1130222.257350552
 1130222.257350552
 1130222.282816391
 1130222.45598409
 1130223.021325697
 1130224.345549281
 1130226.917598934
 1130231.348654771
 1130238.372132933
 1130248.84368558
 1130263.741200897
 1130284.164803092
 1130311.336852397
 1130346.601945066
 1130391.426913376
 1130447.400825627
 1130516.234986144
 1130599.762935272
 1130699.940449383
 1130818.845540868
 1130958.678458143
 1131121.761685649
 1131310.539943848
 1131527.580189223
 1131775.571614285
 1132057.325647565
 1132375.775953618
 1132733.978433021
 1133135.111222375
 1133582.474694306
 1134079.491457459
 1134629.706356505
 1135236.786472137
 1135904.521121073
 1136636.821856052
 1137437.722465836
 1138311.378975212
 1139262.069644989
 1140294.194971998
 1141412.277689095
 1142620.962765158
 1143925.017405089
 1145329.331049813
 1146838.915376277
 1148458.904297451
 1150194.553962331
 1152051.242755932
 1154034.471299296
 1156149.862449485


# name: TRAIN_QUERIES
# type: cell
# rows: 1
# columns: 2
# name: <cell-element>
# type: sq_string
# elements: 1
# length: 2
R3



# name: <cell-element>
# type: sq_string
# elements: 1
# length: 2
R4





# name: TEST_QUERIES
# type: cell
# rows: 1
# columns: 1
# name: <cell-element>
# type: sq_string
# elements: 1
# length: 2
R2





# name: DATASIZE
# type: sq_string
# elements: 1
# length: 4
1000


