# Created by Octave 3.8.2, Mon May 23 11:37:34 2016 CEST <Andrea@Andreas-MacBook-Pro.local>
# name: x
# type: matrix
# rows: 1
# columns: 100
 60 60.60606060606061 61.21212121212121 61.81818181818181 62.42424242424242 63.03030303030303 63.63636363636364 64.24242424242425 64.84848484848484 65.45454545454545 66.06060606060606 66.66666666666667 67.27272727272727 67.87878787878788 68.48484848484848 69.09090909090909 69.69696969696969 70.3030303030303 70.90909090909091 71.51515151515152 72.12121212121212 72.72727272727272 73.33333333333334 73.93939393939394 74.54545454545455 75.15151515151516 75.75757575757575 76.36363636363636 76.96969696969697 77.57575757575758 78.18181818181819 78.78787878787878 79.39393939393939 80 80.60606060606061 81.21212121212122 81.81818181818181 82.42424242424242 83.03030303030303 83.63636363636364 84.24242424242425 84.84848484848484 85.45454545454545 86.06060606060606 86.66666666666667 87.27272727272728 87.87878787878788 88.48484848484848 89.09090909090909 89.6969696969697 90.3030303030303 90.90909090909091 91.51515151515152 92.12121212121212 92.72727272727273 93.33333333333333 93.93939393939394 94.54545454545455 95.15151515151516 95.75757575757575 96.36363636363637 96.96969696969697 97.57575757575758 98.18181818181819 98.7878787878788 99.39393939393939 100 100.6060606060606 101.2121212121212 101.8181818181818 102.4242424242424 103.030303030303 103.6363636363636 104.2424242424242 104.8484848484849 105.4545454545455 106.0606060606061 106.6666666666667 107.2727272727273 107.8787878787879 108.4848484848485 109.0909090909091 109.6969696969697 110.3030303030303 110.9090909090909 111.5151515151515 112.1212121212121 112.7272727272727 113.3333333333333 113.9393939393939 114.5454545454545 115.1515151515152 115.7575757575758 116.3636363636364 116.969696969697 117.5757575757576 118.1818181818182 118.7878787878788 119.3939393939394 120


# name: y
# type: matrix
# rows: 100
# columns: 1
 1275644.97348856
 1276485.322731126
 1277293.041233872
 1278068.775150063
 1278813.170632961
 1279526.873835831
 1280210.530911936
 1280864.788014541
 1281490.291296908
 1282087.686912302
 1282657.621013987
 1283200.739755226
 1283717.689289282
 1284209.115769421
 1284675.665348904
 1285117.984180997
 1285536.718418963
 1285932.514216066
 1286306.017725569
 1286657.875100736
 1286988.732494831
 1287299.236061118
 1287590.03195286
 1287861.766323322
 1288115.085325767
 1288350.635113458
 1288569.06183966
 1288771.011657636
 1288957.13072065
 1289128.065181966
 1289284.461194847
 1289426.964912558
 1289556.222488361
 1289672.880075522
 1289777.583827303
 1289870.979896968
 1289953.714437781
 1290026.433603006
 1290089.783545907
 1290144.410419747
 1290190.96037779
 1290230.0795733
 1290262.41415954
 1290288.610289775
 1290309.314117268
 1290325.171795282
 1290336.829477082
 1290344.933315932
 1290350.129465095
 1290353.064077834
 1290354.383307415
 1290354.733307099
 1290354.760230152
 1290355.110229836
 1290356.429459417
 1290359.364072156
 1290364.560221319
 1290372.664060168
 1290384.321741969
 1290400.179419983
 1290420.883247476
 1290447.079377711
 1290479.413963951
 1290518.533159461
 1290565.083117504
 1290619.709991344
 1290683.059934244
 1290755.77909947
 1290838.513640283
 1290931.909709948
 1291036.613461729
 1291153.271048889
 1291282.528624693
 1291425.032342404
 1291581.428355285
 1291752.362816601
 1291938.481879615
 1292140.431697591
 1292358.858423793
 1292594.408211484
 1292847.727213929
 1293119.461584391
 1293410.257476133
 1293720.76104242
 1294051.618436515
 1294403.475811682
 1294776.979321185
 1295172.775118288
 1295591.509356254
 1296033.828188346
 1296500.37776783
 1296991.804247969
 1297508.753782025
 1298051.872523264
 1298621.806624948
 1299219.202240343
 1299844.70552271
 1300498.962625314
 1301182.61970142
 1301896.32290429


# name: TRAIN_QUERIES
# type: cell
# rows: 1
# columns: 2
# name: <cell-element>
# type: sq_string
# elements: 1
# length: 2
R3



# name: <cell-element>
# type: sq_string
# elements: 1
# length: 2
R4





# name: TEST_QUERIES
# type: cell
# rows: 1
# columns: 1
# name: <cell-element>
# type: sq_string
# elements: 1
# length: 2
R2





# name: DATASIZE
# type: sq_string
# elements: 1
# length: 4
1000


