# Created by Octave 4.0.0, Wed May 11 13:31:58 2016 CEST <peter@Independence>
# name: y
# type: matrix
# rows: 1
# columns: 100
 187386.2906960545 186745.6574172104 186105.0241383663 185464.3908595222 184823.7575806781 184183.124301834 183542.4910229899 182901.8577441458 182261.2244653017 181620.5911864576 180979.9579076135 180339.3246287694 179698.6913499253 179058.0580710812 178417.4247922371 177776.791513393 177136.1582345489 176495.5249557048 175854.8916768607 175214.2583980166 174573.6251191725 173932.9918403284 173292.3585614843 172651.7252826402 172011.0920037961 171370.458724952 170729.8254461079 170089.1921672638 169448.5588884197 168807.9256095756 168167.2923307315 167526.6590518874 166886.0257730433 166245.3924941992 165604.7592153551 164964.125936511 164323.4926576669 163682.8593788228 163042.2260999787 162401.5928211346 161760.9595422905 161120.3262634464 160479.6929846023 159839.0597057581 159198.4264269141 158557.79314807 157917.1598692258 157276.5265903817 156635.8933115377 155995.2600326936 155354.6267538494 154713.9934750054 154073.3601961613 153432.7269173171 152792.093638473 152151.460359629 151510.8270807848 150870.1938019407 150229.5605230966 149588.9272442526 148948.2939654084 148307.6606865643 147667.0274077202 147026.3941288761 146385.760850032 145745.1275711879 145104.4942923438 144463.8610134997 143823.2277346556 143182.5944558115 142541.9611769674 141901.3278981233 141260.6946192792 140620.0613404351 139979.428061591 139338.7947827469 138698.1615039028 138057.5282250587 137416.8949462146 136776.2616673705 136135.6283885264 135494.9951096823 134854.3618308382 134213.7285519941 133573.09527315 132932.4619943059 132291.8287154618 131651.1954366177 131010.5621577736 130369.9288789295 129729.2956000854 129088.6623212413 128448.0290423972 127807.3957635531 127166.762484709 126526.1292058649 125885.4959270208 125244.8626481767 124604.2293693326 123963.5960904885


