# Created by Octave 4.0.0, Wed May 11 13:31:58 2016 CEST <peter@Independence>
# name: y
# type: matrix
# rows: 100
# columns: 1
 176484.7799915109
 175807.4696965758
 175119.7215702718
 174421.8151712457
 173714.038398253
 172996.6872836015
 172270.065777779
 171534.4855255006
 170790.2656334274
 170037.7324298151
 169277.2192163674
 168509.066012573
 167733.6192928217
 166951.2317166001
 166162.2618520781
 165367.073893407
 164566.0373720556
 163759.5268625217
 162947.9216827594
 162131.6055896734
 161310.9664700346
 160486.3960271762
 159658.2894638385
 158827.045161529
 157993.0643567735
 157156.7508146333
 156318.5104998676
 155478.7512461233
 154637.8824235326
 153796.3146051036
 152954.4592322853
 152112.7282800918
 151271.5339221671
 150431.28819617
 149592.4026698605
 148755.2881082602
 147920.354142263
 147088.0089390628
 146258.6588747639
 145432.7082095362
 144610.5587656671
 143792.6096088628
 142979.2567331405
 142170.8927496487
 141367.9065797461
 140570.6831526595
 139779.6031080382
 138995.0425037076
 138217.3725289222
 137446.9592234056
 136684.163202456
 135929.3393883884
 135182.8367485722
 134444.998040313
 133716.1595628197
 132996.6509164826
 132286.7947696821
 131586.9066333323
 130897.2946433559
 130218.259351273
 129550.0935230757
 128893.0819465487
 128247.5012471842
 127613.6197128272
 126991.6971271758
 126381.9846122491
 125784.7244799219
 125200.1500926161
 124628.4857332242
 124069.9464843292
 123524.7381167735
 122993.0569876178
 122475.0899475173
 121971.014257535
 121480.9975153949
 121005.1975911708
 120543.7625723937
 120096.8307185495
 119664.5304249276
 119246.9801957712
 118844.2886266689
 118456.5543961171
 118083.8662661732
 117726.3030921078
 117383.9338409577
 117056.8176188699
 116745.003707118
 116448.5316066641
 116167.4310911315
 115901.7222680444
 115651.4156481819
 115416.5122228897
 115197.0035491807
 114992.8718424538
 114804.0900766489
 114630.622091654
 114472.4227077709
 114329.4378470428
 114201.6046612414
 114088.8516663034


