# Created by Octave 4.0.0, Wed May 11 13:31:58 2016 CEST <peter@Independence>
# name: y
# type: matrix
# rows: 100
# columns: 1
 183998.5147161903
 183417.913830985
 182837.3129457796
 182256.7120605743
 181676.1111753689
 181095.5102901636
 180514.9094049582
 179934.3085197529
 179353.7076345476
 178773.1067493422
 178192.5058641369
 177611.9049789315
 177031.3040937262
 176450.7032085208
 175870.1023233155
 175289.5014381102
 174708.9005529048
 174128.2996676995
 173547.6987824941
 172967.0978972888
 172386.4970120834
 171805.8961268781
 171225.2952416728
 170644.6943564674
 170064.0934712621
 169483.4925860567
 168902.8917008514
 168322.2908156461
 167741.6899304407
 167161.0890452354
 166580.48816003
 165999.8872748247
 165419.2863896193
 164838.685504414
 164258.0846192086
 163677.4837340033
 163096.882848798
 162516.2819635926
 161935.6810783873
 161355.080193182
 160774.4793079766
 160193.8784227713
 159613.2775375659
 159032.6766523606
 158452.0757671552
 157871.4748819499
 157290.8739967445
 156710.2731115392
 156129.6722263339
 155549.0713411285
 154968.4704559232
 154387.8695707178
 153807.2686855125
 153226.6678003072
 152646.0669151018
 152065.4660298965
 151484.8651446911
 150904.2642594858
 150323.6633742804
 149743.0624890751
 149162.4616038697
 148581.8607186644
 148001.2598334591
 147420.6589482537
 146840.0580630484
 146259.4571778431
 145678.8562926377
 145098.2554074324
 144517.654522227
 143937.0536370217
 143356.4527518163
 142775.851866611
 142195.2509814056
 141614.6500962003
 141034.049210995
 140453.4483257896
 139872.8474405843
 139292.246555379
 138711.6456701736
 138131.0447849683
 137550.4438997629
 136969.8430145576
 136389.2421293522
 135808.6412441469
 135228.0403589415
 134647.4394737362
 134066.8385885309
 133486.2377033255
 132905.6368181202
 132325.0359329148
 131744.4350477095
 131163.8341625042
 130583.2332772988
 130002.6323920935
 129422.0315068881
 128841.4306216828
 128260.8297364774
 127680.2288512721
 127099.6279660667
 126519.0270808614


