# Created by Octave 4.0.0, Wed May 11 13:31:58 2016 CEST <peter@Independence>
# name: y
# type: matrix
# rows: 100
# columns: 1
 152534.8453385922
 152001.2024633508
 151489.6077430714
 150999.5960268056
 150530.7021636048
 150082.4610025205
 149654.4073926039
 149246.0761829067
 148857.0022224801
 148486.7203603757
 148134.7654456449
 147800.6723273392
 147483.9758545098
 147184.2108762083
 146900.9122414861
 146633.6147993947
 146381.8533989854
 146145.1628893098
 145923.0781194191
 145715.133938365
 145520.8651951987
 145339.8067389718
 145171.4934187356
 145015.4600835417
 144871.2415824413
 144738.372764486
 144616.3884787272
 144504.8235742164
 144403.2129000048
 144311.0913051441
 144227.9936386856
 144153.4547496808
 144087.009487181
 144028.1927002377
 143976.5392379024
 143931.5839492265
 143892.8616832613
 143859.9072890585
 143832.2556156692
 143809.4415121452
 143790.9998275376
 143776.465410898
 143765.3731112778
 143757.2577777285
 143751.6542593014
 143748.097405048
 143746.1220640198
 143745.2630852681
 143745.0553178444
 143745.0336108001
 143744.7328131867
 143743.6877740556
 143741.4333424582
 143737.5043674459
 143731.4356980703
 143722.7621833827
 143711.0186724345
 143695.7400142772
 143676.4610579622
 143652.716652541
 143624.0416470649
 143589.9708905855
 143550.0392321541
 143503.7815208222
 143450.7326056412
 143390.4273356625
 143322.4005599376
 143246.1871275179
 143161.3218874548
 143067.3396887998
 142963.7753806043
 142850.1638119197
 142726.0398317975
 142590.9382892891
 142444.3940334459
 142285.9419133194
 142115.116777961
 141931.453476422
 141734.4868577541
 141523.7517710085
 141298.7830652368
 141059.1155894903
 140804.2841928205
 140533.8237242788
 140247.2690329166
 139944.1549677854
 139624.0163779367
 139286.3881124218
 138930.8050202921
 138556.8019505992
 138163.9137523944
 137751.6752747292
 137319.621366655
 136867.2868772232
 136394.2066554853
 135899.9155504926
 135383.9484112968
 134845.8400869491
 134285.1254265009
 133701.3392790038


