# Created by Octave 3.8.2, Wed May 18 09:22:30 2016 CEST <Andrea@Andreas-MacBook-Pro.local>
# name: x
# type: matrix
# rows: 1
# columns: 100
 0.008333333333333333 0.008417508417508417 0.008501683501683501 0.008585858585858586 0.00867003367003367 0.008754208754208754 0.008838383838383838 0.008922558922558922 0.009006734006734006 0.00909090909090909 0.009175084175084175 0.009259259259259259 0.009343434343434343 0.009427609427609427 0.009511784511784511 0.009595959595959595 0.009680134680134679 0.009764309764309764 0.009848484848484848 0.009932659932659932 0.01001683501683502 0.0101010101010101 0.01018518518518518 0.01026936026936027 0.01035353535353535 0.01043771043771044 0.01052188552188552 0.0106060606060606 0.01069023569023569 0.01077441077441077 0.01085858585858586 0.01094276094276094 0.01102693602693603 0.01111111111111111 0.0111952861952862 0.01127946127946128 0.01136363636363636 0.01144781144781145 0.01153198653198653 0.01161616161616162 0.0117003367003367 0.01178451178451178 0.01186868686868687 0.01195286195286195 0.01203703703703704 0.01212121212121212 0.01220538720538721 0.01228956228956229 0.01237373737373737 0.01245791245791246 0.01254208754208754 0.01262626262626263 0.01271043771043771 0.01279461279461279 0.01287878787878788 0.01296296296296296 0.01304713804713805 0.01313131313131313 0.01321548821548822 0.0132996632996633 0.01338383838383838 0.01346801346801347 0.01355218855218855 0.01363636363636364 0.01372053872053872 0.01380471380471381 0.01388888888888889 0.01397306397306397 0.01405723905723906 0.01414141414141414 0.01422558922558923 0.01430976430976431 0.01439393939393939 0.01447811447811448 0.01456228956228956 0.01464646464646465 0.01473063973063973 0.01481481481481482 0.0148989898989899 0.01498316498316498 0.01506734006734007 0.01515151515151515 0.01523569023569024 0.01531986531986532 0.0154040404040404 0.01548821548821549 0.01557239057239057 0.01565656565656566 0.01574074074074074 0.01582491582491583 0.01590909090909091 0.01599326599326599 0.01607744107744108 0.01616161616161616 0.01624579124579124 0.01632996632996633 0.01641414141414142 0.0164983164983165 0.01658249158249158 0.01666666666666667


# name: y
# type: matrix
# rows: 100
# columns: 1
 78733.46620268912
 78731.12686008266
 78728.81024146178
 78726.51710056516
 78724.24816061505
 78722.00411378016
 78719.78562070265
 78717.59331008983
 78715.42777837136
 78713.28958942286
 78711.17927435577
 78709.09733137445
 78707.04422570011
 78705.02038956182
 78703.02622225425
 78701.06209026197
 78699.12832744952
 78697.22523531687
 78695.3530833191
 78693.51210924974
 78691.70251968612
 78689.92449049577
 78688.17816740242
 78686.46366660971
 78684.78107548118
 78683.13045327453
 78681.51183192816
 78679.92521689774
 78678.37058804084
 78676.84790054685
 78675.35708591009
 78673.89805294314
 78672.47068882812
 78671.07486020269
 78669.71041427832
 78668.3771799876
 78667.07496915772
 78665.80357770703
 78664.56278686157
 78663.3523643884
 78662.17206584247
 78661.02163582409
 78659.90080924321
 78658.80931258795
 78657.74686519356
 78656.71318050889
 78655.70796735695
 78654.73093118667
 78653.78177531222
 78652.86020213725
 78651.96591436063
 78651.0986161609
 78650.25801435632
 78649.44381953772
 78648.65574717137
 78647.89351866923
 78647.15686242365
 78646.44551480454
 78645.75922111611
 78645.09773651123
 78644.46082686103
 78643.84826957791
 78643.25985438986
 78642.69538406444
 78642.15467508072
 78641.63755824781
 78641.14387926845
 78640.67349924665
 78640.22629513824
 78639.80216014355
 78639.4010040412
 78639.02275346302
 78638.66735210898
 78638.33476090242
 78638.0249580852
 78637.73793925298
 78637.47371733082
 78637.23232248936
 78637.01380200234
 78636.81822004588
 78636.64565744063
 78636.49621133758
 78636.3699948486
 78636.26713662328
 78636.18778037305
 78636.13208434446
 78636.1002207431
 78636.09237510985
 78636.1087456516
 78636.14954252818
 78636.21498709773
 78636.30531112268
 78636.42075593857
 78636.56157158814
 78636.72801592316
 78636.92035367631
 78637.13885550594
 78637.38379701623
 78637.65545775532
 78637.95412019425


# name: QUERY
# type: sq_string
# elements: 1
# length: 2
R2


# name: DATASIZE
# type: sq_string
# elements: 1
# length: 3
750


