# Created by Octave 3.8.2, Wed May 18 09:22:30 2016 CEST <Andrea@Andreas-MacBook-Pro.local>
# name: x
# type: matrix
# rows: 1
# columns: 100
 0.008333333333333333 0.008417508417508417 0.008501683501683501 0.008585858585858586 0.00867003367003367 0.008754208754208754 0.008838383838383838 0.008922558922558922 0.009006734006734006 0.00909090909090909 0.009175084175084175 0.009259259259259259 0.009343434343434343 0.009427609427609427 0.009511784511784511 0.009595959595959595 0.009680134680134679 0.009764309764309764 0.009848484848484848 0.009932659932659932 0.01001683501683502 0.0101010101010101 0.01018518518518518 0.01026936026936027 0.01035353535353535 0.01043771043771044 0.01052188552188552 0.0106060606060606 0.01069023569023569 0.01077441077441077 0.01085858585858586 0.01094276094276094 0.01102693602693603 0.01111111111111111 0.0111952861952862 0.01127946127946128 0.01136363636363636 0.01144781144781145 0.01153198653198653 0.01161616161616162 0.0117003367003367 0.01178451178451178 0.01186868686868687 0.01195286195286195 0.01203703703703704 0.01212121212121212 0.01220538720538721 0.01228956228956229 0.01237373737373737 0.01245791245791246 0.01254208754208754 0.01262626262626263 0.01271043771043771 0.01279461279461279 0.01287878787878788 0.01296296296296296 0.01304713804713805 0.01313131313131313 0.01321548821548822 0.0132996632996633 0.01338383838383838 0.01346801346801347 0.01355218855218855 0.01363636363636364 0.01372053872053872 0.01380471380471381 0.01388888888888889 0.01397306397306397 0.01405723905723906 0.01414141414141414 0.01422558922558923 0.01430976430976431 0.01439393939393939 0.01447811447811448 0.01456228956228956 0.01464646464646465 0.01473063973063973 0.01481481481481482 0.0148989898989899 0.01498316498316498 0.01506734006734007 0.01515151515151515 0.01523569023569024 0.01531986531986532 0.0154040404040404 0.01548821548821549 0.01557239057239057 0.01565656565656566 0.01574074074074074 0.01582491582491583 0.01590909090909091 0.01599326599326599 0.01607744107744108 0.01616161616161616 0.01624579124579124 0.01632996632996633 0.01641414141414142 0.0164983164983165 0.01658249158249158 0.01666666666666667


# name: y
# type: matrix
# rows: 100
# columns: 1
 78474.09371856217
 78470.4582936912
 78466.82286882024
 78463.18744394927
 78459.5520190783
 78455.91659420733
 78452.28116933636
 78448.64574446539
 78445.01031959442
 78441.37489472346
 78437.73946985249
 78434.10404498152
 78430.46862011055
 78426.83319523958
 78423.19777036861
 78419.56234549763
 78415.92692062666
 78412.29149575569
 78408.65607088472
 78405.02064601376
 78401.38522114279
 78397.74979627182
 78394.11437140085
 78390.47894652988
 78386.84352165891
 78383.20809678794
 78379.57267191698
 78375.93724704601
 78372.30182217504
 78368.66639730407
 78365.0309724331
 78361.39554756213
 78357.76012269116
 78354.1246978202
 78350.48927294923
 78346.85384807826
 78343.21842320729
 78339.58299833632
 78335.94757346535
 78332.31214859438
 78328.67672372342
 78325.04129885245
 78321.40587398148
 78317.77044911051
 78314.13502423954
 78310.49959936857
 78306.8641744976
 78303.22874962662
 78299.59332475565
 78295.95789988468
 78292.32247501372
 78288.68705014275
 78285.05162527178
 78281.41620040081
 78277.78077552984
 78274.14535065887
 78270.5099257879
 78266.87450091694
 78263.23907604597
 78259.603651175
 78255.96822630403
 78252.33280143306
 78248.69737656209
 78245.06195169112
 78241.42652682016
 78237.79110194919
 78234.15567707822
 78230.52025220725
 78226.88482733628
 78223.24940246531
 78219.61397759434
 78215.97855272338
 78212.34312785241
 78208.70770298144
 78205.07227811047
 78201.4368532395
 78197.80142836853
 78194.16600349756
 78190.5305786266
 78186.89515375561
 78183.25972888464
 78179.62430401368
 78175.98887914271
 78172.35345427174
 78168.71802940077
 78165.0826045298
 78161.44717965883
 78157.81175478786
 78154.1763299169
 78150.54090504593
 78146.90548017496
 78143.27005530399
 78139.63463043302
 78135.99920556205
 78132.36378069108
 78128.72835582012
 78125.09293094915
 78121.45750607818
 78117.82208120721
 78114.18665633624


# name: QUERY
# type: sq_string
# elements: 1
# length: 2
R2


# name: DATASIZE
# type: sq_string
# elements: 1
# length: 3
750


