# Created by Octave 4.0.0, Mon May 23 11:55:29 2016 CEST <peter@Independence>
# name: x
# type: matrix
# rows: 1
# columns: 100
 0.008333333333333333 0.008417508417508417 0.008501683501683501 0.008585858585858586 0.00867003367003367 0.008754208754208754 0.008838383838383838 0.008922558922558922 0.009006734006734006 0.00909090909090909 0.009175084175084175 0.009259259259259259 0.009343434343434343 0.009427609427609427 0.009511784511784511 0.009595959595959595 0.009680134680134679 0.009764309764309764 0.009848484848484848 0.009932659932659932 0.01001683501683502 0.0101010101010101 0.01018518518518518 0.01026936026936027 0.01035353535353535 0.01043771043771044 0.01052188552188552 0.0106060606060606 0.01069023569023569 0.01077441077441077 0.01085858585858586 0.01094276094276094 0.01102693602693603 0.01111111111111111 0.0111952861952862 0.01127946127946128 0.01136363636363636 0.01144781144781145 0.01153198653198653 0.01161616161616162 0.0117003367003367 0.01178451178451178 0.01186868686868687 0.01195286195286195 0.01203703703703704 0.01212121212121212 0.01220538720538721 0.01228956228956229 0.01237373737373737 0.01245791245791246 0.01254208754208754 0.01262626262626263 0.01271043771043771 0.01279461279461279 0.01287878787878788 0.01296296296296296 0.01304713804713805 0.01313131313131313 0.01321548821548822 0.0132996632996633 0.01338383838383838 0.01346801346801347 0.01355218855218855 0.01363636363636364 0.01372053872053872 0.01380471380471381 0.01388888888888889 0.01397306397306397 0.01405723905723906 0.01414141414141414 0.01422558922558923 0.01430976430976431 0.01439393939393939 0.01447811447811448 0.01456228956228956 0.01464646464646465 0.01473063973063973 0.01481481481481482 0.0148989898989899 0.01498316498316498 0.01506734006734007 0.01515151515151515 0.01523569023569024 0.01531986531986532 0.0154040404040404 0.01548821548821549 0.01557239057239057 0.01565656565656566 0.01574074074074074 0.01582491582491583 0.01590909090909091 0.01599326599326599 0.01607744107744108 0.01616161616161616 0.01624579124579124 0.01632996632996633 0.01641414141414142 0.0164983164983165 0.01658249158249158 0.01666666666666667


# name: y
# type: matrix
# rows: 1
# columns: 100
 78504.06840702026 78501.56744479827 78499.06648257631 78496.56552035434 78494.06455813238 78491.56359591041 78489.06263368845 78486.56167146646 78484.0607092445 78481.55974702253 78479.05878480057 78476.5578225786 78474.05686035664 78471.55589813465 78469.05493591269 78466.55397369072 78464.05301146876 78461.55204924679 78459.05108702483 78456.55012480284 78454.04916258088 78451.54820035891 78449.04723813695 78446.54627591498 78444.04531369302 78441.54435147104 78439.04338924907 78436.5424270271 78434.04146480514 78431.54050258317 78429.03954036121 78426.53857813923 78424.03761591726 78421.53665369529 78419.03569147333 78416.53472925136 78414.0337670294 78411.53280480742 78409.03184258545 78406.53088036348 78404.02991814152 78401.52895591955 78399.02799369759 78396.52703147561 78394.02606925364 78391.52510703167 78389.02414480971 78386.52318258774 78384.02222036578 78381.5212581438 78379.02029592183 78376.51933369986 78374.0183714779 78371.51740925593 78369.01644703397 78366.51548481199 78364.01452259002 78361.51356036805 78359.01259814609 78356.51163592412 78354.01067370216 78351.50971148018 78349.00874925821 78346.50778703624 78344.00682481428 78341.50586259231 78339.00490037035 78336.50393814837 78334.0029759264 78331.50201370443 78329.00105148247 78326.5000892605 78323.99912703854 78321.49816481656 78318.99720259459 78316.49624037262 78313.99527815066 78311.49431592869 78308.99335370673 78306.49239148475 78303.99142926278 78301.49046704081 78298.98950481885 78296.48854259688 78293.98758037492 78291.48661815294 78288.98565593097 78286.484693709 78283.98373148704 78281.48276926507 78278.98180704311 78276.48084482113 78273.97988259916 78271.47892037719 78268.97795815523 78266.47699593326 78263.9760337113 78261.47507148932 78258.97410926735 78256.47314704538


# name: QUERY
# type: sq_string
# elements: 1
# length: 2
R2


# name: DATASIZE
# type: sq_string
# elements: 1
# length: 3
750


