# Created by Octave 4.0.0, Mon May 23 11:55:29 2016 CEST <peter@Independence>
# name: x
# type: matrix
# rows: 1
# columns: 100
 0.008333333333333333 0.008417508417508417 0.008501683501683501 0.008585858585858586 0.00867003367003367 0.008754208754208754 0.008838383838383838 0.008922558922558922 0.009006734006734006 0.00909090909090909 0.009175084175084175 0.009259259259259259 0.009343434343434343 0.009427609427609427 0.009511784511784511 0.009595959595959595 0.009680134680134679 0.009764309764309764 0.009848484848484848 0.009932659932659932 0.01001683501683502 0.0101010101010101 0.01018518518518518 0.01026936026936027 0.01035353535353535 0.01043771043771044 0.01052188552188552 0.0106060606060606 0.01069023569023569 0.01077441077441077 0.01085858585858586 0.01094276094276094 0.01102693602693603 0.01111111111111111 0.0111952861952862 0.01127946127946128 0.01136363636363636 0.01144781144781145 0.01153198653198653 0.01161616161616162 0.0117003367003367 0.01178451178451178 0.01186868686868687 0.01195286195286195 0.01203703703703704 0.01212121212121212 0.01220538720538721 0.01228956228956229 0.01237373737373737 0.01245791245791246 0.01254208754208754 0.01262626262626263 0.01271043771043771 0.01279461279461279 0.01287878787878788 0.01296296296296296 0.01304713804713805 0.01313131313131313 0.01321548821548822 0.0132996632996633 0.01338383838383838 0.01346801346801347 0.01355218855218855 0.01363636363636364 0.01372053872053872 0.01380471380471381 0.01388888888888889 0.01397306397306397 0.01405723905723906 0.01414141414141414 0.01422558922558923 0.01430976430976431 0.01439393939393939 0.01447811447811448 0.01456228956228956 0.01464646464646465 0.01473063973063973 0.01481481481481482 0.0148989898989899 0.01498316498316498 0.01506734006734007 0.01515151515151515 0.01523569023569024 0.01531986531986532 0.0154040404040404 0.01548821548821549 0.01557239057239057 0.01565656565656566 0.01574074074074074 0.01582491582491583 0.01590909090909091 0.01599326599326599 0.01607744107744108 0.01616161616161616 0.01624579124579124 0.01632996632996633 0.01641414141414142 0.0164983164983165 0.01658249158249158 0.01666666666666667


# name: y
# type: matrix
# rows: 100
# columns: 1
 78544.71134959215
 78541.24100864374
 78537.77066769532
 78534.30032674693
 78530.82998579853
 78527.35964485012
 78523.88930390171
 78520.41896295331
 78516.9486220049
 78513.47828105649
 78510.00794010809
 78506.53759915968
 78503.06725821129
 78499.59691726288
 78496.12657631446
 78492.65623536607
 78489.18589441766
 78485.71555346924
 78482.24521252085
 78478.77487157244
 78475.30453062404
 78471.83418967563
 78468.36384872723
 78464.89350777882
 78461.42316683041
 78457.95282588201
 78454.4824849336
 78451.01214398519
 78447.5418030368
 78444.0714620884
 78440.60112113999
 78437.13078019158
 78433.66043924318
 78430.19009829477
 78426.71975734636
 78423.24941639796
 78419.77907544955
 78416.30873450114
 78412.83839355274
 78409.36805260433
 78405.89771165593
 78402.42737070752
 78398.95702975913
 78395.48668881072
 78392.01634786231
 78388.54600691391
 78385.0756659655
 78381.6053250171
 78378.13498406869
 78374.66464312028
 78371.19430217188
 78367.72396122347
 78364.25362027506
 78360.78327932666
 78357.31293837825
 78353.84259742984
 78350.37225648145
 78346.90191553303
 78343.43157458464
 78339.96123363623
 78336.49089268783
 78333.02055173942
 78329.55021079101
 78326.07986984261
 78322.6095288942
 78319.1391879458
 78315.66884699739
 78312.198506049
 78308.72816510059
 78305.25782415217
 78301.78748320378
 78298.31714225537
 78294.84680130697
 78291.37646035856
 78287.90611941015
 78284.43577846173
 78280.96543751334
 78277.49509656493
 78274.02475561653
 78270.55441466812
 78267.08407371971
 78263.61373277132
 78260.14339182292
 78256.67305087451
 78253.2027099261
 78249.73236897768
 78246.26202802929
 78242.79168708088
 78239.32134613248
 78235.85100518407
 78232.38066423566
 78228.91032328726
 78225.43998233885
 78221.96964139045
 78218.49930044205
 78215.02895949365
 78211.55861854523
 78208.08827759682
 78204.61793664841
 78201.14759570001


# name: QUERY
# type: sq_string
# elements: 1
# length: 2
R2


# name: DATASIZE
# type: sq_string
# elements: 1
# length: 3
750


