# Created by Octave 4.0.0, Mon May 23 11:55:29 2016 CEST <peter@Independence>
# name: SVs
# type: cell
# rows: 1
# columns: 7
# name: <cell-element>
# type: sparse matrix
# nnz: 210
# rows: 30
# columns: 7
1 1 1.75567917160533
2 1 -1.644165026122703
3 1 -0.9043343700031039
4 1 0.2867622879819768
5 1 -0.529814286822228
6 1 -1.045546860382778
7 1 -0.05705942772505678
8 1 0.195434644747296
9 1 0.5883737484124772
10 1 0.4786270846934911
11 1 -0.6088625830673718
12 1 -0.2765527551630291
13 1 0.7794710859371455
14 1 0.6674220446576212
15 1 -0.3356471125501755
16 1 -1.06473334005393
17 1 -1.446928015103266
18 1 0.7272838612316136
19 1 -0.5083254295905384
20 1 0.4218351048668829
21 1 0.4863016765619517
22 1 -0.4653477151271592
23 1 0.9414049743616636
24 1 -0.6119324198147561
25 1 -0.8736360025292617
26 1 0.7940528104872207
27 1 -1.083919819725081
28 1 1.132502311886332
29 1 -1.179852218080838
30 1 0.6229094118205498
1 2 1.887081217996927
2 2 -0.4789919292712689
3 2 -1.308027558948702
4 2 -0.131361182249557
5 2 -1.285276855609585
6 2 -0.7456301724057234
7 2 -0.3620533141082062
8 2 -0.07857955050280496
9 2 -0.4917323231411747
10 2 0.208534325636855
11 2 -1.384924936234919
12 2 -0.455331197798587
13 2 0.08750058387275113
14 2 1.973078876618791
15 2 0.8264434283272801
16 2 0.4132906556889105
17 2 -1.342153613957378
18 2 0.3172826875978356
19 2 0.143922328153762
20 2 2.018580283297025
21 2 0.5265891583177145
22 2 -0.7419900598714646
23 2 0.4410465137626335
24 2 -0.1513818011879802
25 2 -1.022733739076172
26 2 1.003898914372395
27 2 -0.2109886439364675
28 2 1.354259745794801
29 2 -0.280150782087384
30 2 -0.07994459270315199
1 3 0.859658389323952
2 3 0.3120177978225253
3 3 -1.378114372500844
4 3 0.2836915603310722
5 3 -1.444208926647568
6 3 -0.7643792268526929
7 3 -0.4150222977914378
8 3 0.4064385894607023
9 3 1.284551951695749
10 3 -0.6794005143783335
11 3 2.436485609681509
12 3 0.09484997705471811
13 3 1.010731655945035
14 3 -0.4150222977914378
15 3 1.246783635040478
16 3 1.312878189187202
17 3 0.2081549270205305
18 3 1.397856901661561
19 3 -2.161806943097713
20 3 1.511161851627373
21 3 0.009871264580358774
22 3 -0.9060104143099584
23 3 -1.160946551733036
24 3 -0.7832633851803282
25 3 -0.03733913123872974
26 3 -0.7738213060165106
27 3 -0.8776841768185053
28 3 0.0004291854165410717
29 3 -0.1695282395321776
30 3 -0.3017173478256254
1 4 0.8139600975386095
2 4 -0.0484949469457532
3 4 -0.594716475119183
4 4 1.192482033728969
5 4 -0.6809619795676193
6 4 -0.8151216531540757
7 4 -0.01974644546294111
8 4 -0.589925058205381
9 4 0.8522914328490258
10 4 -0.5420108890673608
11 4 2.926974956525298
12 4 -0.1155747837389814
13 4 1.07748802779772
14 4 -0.609090725860589
15 4 1.019991024832096
16 4 1.45600996398808
17 4 -0.06286919768715925
18 4 2.294507923903432
19 4 -1.615288277759012
20 4 1.024782441745898
21 4 -0.5755508074639749
22 4 -0.7863731516712635
23 4 -1.155312254034019
24 4 -1.145729420206415
25 4 0.08087330972690121
26 4 -0.9684469943957401
27 4 -1.198435006258237
28 4 1.729120728074794
29 4 -0.910949991430116
30 4 -0.7480418163608474
1 5 1.899438820889708
2 5 0.1579438315393503
3 5 -0.9115420842383114
4 5 0.7281600552790678
5 5 -1.604262257127675
6 5 0.2412288904936058
7 5 -0.153163319898239
8 5 0.6069780911921882
9 5 -1.273325329748596
10 5 -0.1919415484060405
11 5 -1.356610388702851
12 5 -0.3021069703032038
13 5 0.4575937790996346
14 5 1.601551520079779
15 5 0.8383254771762312
16 5 0.9665580282645293
17 5 -0.3990525415727076
18 5 0.7131775579010535
19 5 -0.01655819674575643
20 5 2.278848533903539
21 5 -0.1514006731478844
22 5 -1.032724048325191
23 5 0.1235722199074353
24 5 0.5095918582350957
25 5 0.01913539994892449
26 5 0.96303273476382
27 5 -0.2324824236641966
28 5 1.300579587456729
29 5 0.02794863370069756
30 5 0.6713146975801315
1 6 1.861781276518606
2 6 0.08389860292875814
3 6 -0.9643897207236649
4 6 0.6698121023570339
5 6 -1.635795564224363
6 6 0.1778954210188559
7 6 -0.2594135850479321
8 6 0.5440354076745698
9 6 -1.314415967135362
10 6 -0.1058854488341058
11 6 -1.447801928044167
12 6 -0.3932471498524046
13 6 0.5332929141785586
14 6 1.597694978074998
15 6 0.8578057385372293
16 6 0.9428504787139844
17 6 -0.2750797213962817
18 6 0.7714181866734728
19 6 -0.07500078003307371
20 6 2.248958646270676
21 6 -0.160940728001163
22 6 -1.108070571232814
23 6 0.0776321483894183
24 6 0.5135983427692048
25 6 -0.08708608521608627
26 6 0.9083849787476153
27 6 -0.299697935657974
28 6 1.447300069130842
29 6 0.003777505604341521
30 6 0.8376635632322084
1 7 0.2746015886381565
2 7 1.647609531828933
3 7 -1.098406354552621
4 7 -1.098406354552621
5 7 -0.5492031772763096
6 7 0.2746015886381565
7 7 0.2746015886381565
8 7 0.2746015886381565
9 7 1.647609531828933
10 7 -0.5492031772763096
11 7 -1.098406354552621
12 7 -0.5492031772763096
13 7 0.2746015886381565
14 7 0.2746015886381565
15 7 0.2746015886381565
16 7 -0.5492031772763096
17 7 0.2746015886381565
18 7 -1.098406354552621
19 7 -0.5492031772763096
20 7 1.647609531828933
21 7 0.2746015886381565
22 7 -0.5492031772763096
23 7 1.647609531828933
24 7 -0.5492031772763096
25 7 -1.098406354552621
26 7 -1.098406354552621
27 7 0.2746015886381565
28 7 -0.5492031772763096
29 7 -0.5492031772763096
30 7 1.647609531828933



# name: <cell-element>
# type: sparse matrix
# nnz: 0
# rows: 0
# columns: 7



