# Created by Octave 3.8.2, Wed May 18 09:22:24 2016 CEST <Andrea@Andreas-MacBook-Pro.local>
# name: SVs
# type: cell
# rows: 1
# columns: 7
# name: <cell-element>
# type: sparse matrix
# nnz: 70
# rows: 10
# columns: 7
1 1 -0.2849948062183358
2 1 0.7794710859371455
3 1 1.926822570272001
4 1 -1.179852218080838
5 1 -0.04708245829605804
6 1 0.4863016765619517
7 1 0.8585193821822894
8 1 0.4870691357487977
9 1 1.632885701709961
10 1 -1.658746750672778
1 2 -0.77020093201197
2 2 0.08750058387275113
3 2 1.110827220066246
4 2 -0.280150782087384
5 2 1.175894231616121
6 2 0.5265891583177145
7 2 0.9966186893038773
8 2 -0.4339455366598168
9 2 2.094112618382895
10 2 -1.733465711390195
1 3 -0.6038638810677919
2 3 1.010731655945035
3 3 -0.09399160622163595
4 3 -0.1695282395321776
5 3 0.08540789789090039
6 3 0.009871264580358774
7 3 -1.746355459889734
8 3 1.775540068214269
9 3 0.009871264580358774
10 3 -0.2450648728427192
1 4 -0.6282563935157971
2 4 1.07748802779772
3 4 0.4354381613482504
4 4 -0.910949991430116
5 4 -0.2161945389288237
6 4 -0.5755508074639749
7 4 -1.193643589344435
8 4 1.05353094322871
9 4 -0.3599370463428842
10 4 -0.297648626463458
1 5 -0.4492879739578141
2 5 0.4575937790996346
3 5 -0.8643912836663256
4 5 0.02794863370069756
5 5 -0.5519621471659703
6 5 -0.1514006731478844
7 5 -0.02581209218511815
8 5 0.04425311614147773
9 5 0.8083604824202028
10 5 -1.8479481703642
1 6 -0.3927995459567374
2 6 0.5332929141785586
3 6 -0.7450638118467703
4 6 0.003777505604341521
5 6 -0.4823203250901638
6 6 -0.160940728001163
7 6 0.02436728480502959
8 6 0.007805940665345709
9 6 0.988953679967699
10 6 -1.82513201209156
1 7 -1.098406354552621
2 7 0.2746015886381565
3 7 -0.5492031772763096
4 7 -0.5492031772763096
5 7 -1.098406354552621
6 7 0.2746015886381565
7 7 -1.098406354552621
8 7 -1.098406354552621
9 7 0.2746015886381565
10 7 0.2746015886381565



# name: <cell-element>
# type: sparse matrix
# nnz: 28
# rows: 4
# columns: 7
1 1 0.4218351048668829
2 1 1.632885701709961
3 1 -2.22666654893886
4 1 -1.658746750672778
1 2 2.018580283297025
2 2 2.094112618382895
3 2 -2.114767499353801
4 2 -1.733465711390195
1 3 1.511161851627373
2 3 0.009871264580358774
3 3 0.41588066862452
4 3 -0.2450648728427192
1 4 1.024782441745898
2 4 -0.3599370463428842
3 4 -0.01974644546294111
4 4 -0.297648626463458
1 5 2.278848533903539
2 5 0.8083604824202028
3 5 -1.129669619594695
4 5 -1.8479481703642
1 6 2.248958646270676
2 6 0.988953679967699
3 6 -1.078976318014451
4 6 -1.82513201209156
1 7 1.647609531828933
2 7 0.2746015886381565
3 7 0.2746015886381565
4 7 0.2746015886381565



# name: <cell-element>
# type: sparse matrix
# nnz: 189
# rows: 27
# columns: 7
1 1 -0.2849948062183358
2 1 -1.154526064914918
3 1 -0.8736360025292617
4 1 1.926822570272001
5 1 -1.446928015103266
6 1 -0.08775779519889906
7 1 -0.04708245829605804
8 1 0.7940528104872207
9 1 0.7096322999341543
10 1 0.4863016765619517
11 1 -1.615769036209399
12 1 0.4218351048668829
13 1 0.8585193821822894
14 1 2.200038040789198
15 1 0.4870691357487977
16 1 -1.39167095365035
17 1 1.632885701709961
18 1 1.132502311886332
19 1 -0.717841787599512
20 1 -0.529814286822228
21 1 -2.22666654893886
22 1 -1.658746750672778
23 1 -0.5628150318566084
24 1 0.6674220446576212
25 1 0.9306605457458188
26 1 -0.2765527551630291
27 1 0.9713358826486598
1 2 -0.77020093201197
2 2 -1.313032713683308
3 2 -1.022733739076172
4 2 1.110827220066246
5 2 -1.342153613957378
6 2 1.022099477043689
7 2 1.175894231616121
8 2 1.003898914372395
9 2 -0.3106367245618011
10 2 0.5265891583177145
11 2 -1.506868706132587
12 2 2.018580283297025
13 2 0.9966186893038773
14 2 1.040755053781765
15 2 -0.4339455366598168
16 2 -1.46091228538757
17 2 2.094112618382895
18 2 1.354259745794801
19 2 -1.071875258288665
20 2 -1.285276855609585
21 2 -2.114767499353801
22 2 -1.733465711390195
23 2 -0.4849071121394394
24 2 1.973078876618791
25 2 0.9706828874972837
26 2 -0.455331197798587
27 2 1.271902199707196
1 3 -0.6038638810677919
2 3 -0.07510744789400055
3 3 -0.03733913123872974
4 3 -0.09399160622163595
5 3 0.2081549270205305
6 3 -0.188412397859813
7 3 0.08540789789090039
8 3 -0.7738213060165106
9 3 -0.6888425935421513
10 3 0.009871264580358774
11 3 -0.01845497291109434
12 3 1.511161851627373
13 3 -1.746355459889734
14 3 1.577256405774097
15 3 1.775540068214269
16 3 0.255365322839619
17 3 0.009871264580358774
18 3 0.0004291854165410717
19 3 -1.274251501698849
20 3 -1.444208926647568
21 3 0.41588066862452
22 3 -0.2450648728427192
23 3 -1.982407438985176
24 3 -0.4150222977914378
25 3 -0.7454950685250574
26 3 0.09484997705471811
27 3 -0.6133059602316097
1 4 -0.6282563935157971
2 4 -0.3168142941186661
3 4 0.08087330972690121
4 4 0.4354381613482504
5 4 -0.06286919768715925
6 4 -0.609090725860589
7 4 -0.2161945389288237
8 4 -0.9684469943957401
9 4 -1.04031824810277
10 4 -0.5755508074639749
11 4 0.1623273972615355
12 4 1.024782441745898
13 4 -1.193643589344435
14 4 1.05353094322871
15 4 1.05353094322871
16 4 -0.4797224691879346
17 4 -0.3599370463428842
18 4 1.729120728074794
19 4 -1.174477921689227
20 4 -0.6809619795676193
21 4 -0.01974644546294111
22 4 -0.297648626463458
23 4 -0.594716475119183
24 4 -0.609090725860589
25 4 -0.5995078920329849
26 4 -0.1155747837389814
27 4 -1.107398084895999
1 5 -0.4492879739578141
2 5 -1.510401317671291
3 5 0.01913539994892449
4 5 -0.8643912836663256
5 5 -0.3990525415727076
6 5 1.756223772423396
7 5 -0.5519621471659703
8 5 0.96303273476382
9 5 -1.636871222009235
10 5 -0.1514006731478844
11 5 -0.990861188004269
12 5 2.278848533903539
13 5 -0.02581209218511815
14 5 0.3342085065748117
15 5 0.04425311614147773
16 5 -0.9767600140014322
17 5 0.8083604824202028
18 5 1.300579587456729
19 5 -1.171532479915617
20 5 -1.604262257127675
21 5 -1.129669619594695
22 5 -1.8479481703642
23 5 0.1936374282340312
24 5 1.601551520079779
25 5 0.1896714730457333
26 5 -0.3021069703032038
27 5 1.310274144583679
1 6 -0.3927995459567374
2 6 -1.394537064459779
3 6 -0.08708608521608627
4 6 -0.7450638118467703
5 6 -0.2750797213962817
6 6 1.667521185799071
7 6 -0.4823203250901638
8 6 0.9083849787476153
9 6 -1.738744460227803
10 6 -0.160940728001163
11 6 -1.041825194674079
12 6 2.248958646270676
13 6 0.02436728480502959
14 6 0.3555941675987073
15 6 0.007805940665345709
16 6 -1.010940525873047
17 6 0.988953679967699
18 6 1.447300069130842
19 6 -1.211914675027589
20 6 -1.635795564224363
21 6 -1.078976318014451
22 6 -1.82513201209156
23 6 0.2575689144476054
24 6 1.597694978074998
25 6 0.3484325052680332
26 6 -0.3932471498524046
27 6 1.422234250973483
1 7 -1.098406354552621
2 7 0.2746015886381565
3 7 -1.098406354552621
4 7 -0.5492031772763096
5 7 0.2746015886381565
6 7 -1.098406354552621
7 7 -1.098406354552621
8 7 -1.098406354552621
9 7 -0.5492031772763096
10 7 0.2746015886381565
11 7 1.647609531828933
12 7 1.647609531828933
13 7 -1.098406354552621
14 7 1.647609531828933
15 7 -1.098406354552621
16 7 -0.5492031772763096
17 7 0.2746015886381565
18 7 -0.5492031772763096
19 7 -0.5492031772763096
20 7 -0.5492031772763096
21 7 0.2746015886381565
22 7 0.2746015886381565
23 7 -0.5492031772763096
24 7 0.2746015886381565
25 7 -0.5492031772763096
26 7 -0.5492031772763096
27 7 0.2746015886381565



# name: <cell-element>
# type: sparse matrix
# nnz: 0
# rows: 0
# columns: 7



# name: <cell-element>
# type: sparse matrix
# nnz: 0
# rows: 0
# columns: 7



