# Created by Octave 4.0.0, Mon May 23 11:55:23 2016 CEST <peter@Independence>
# name: mu
# type: matrix
# rows: 1
# columns: 8
 78405.0303030303 48373.34848484849 61764.69696969697 7179.954545454545 7374.121212121212 36031.57575757576 36305.56060606061 0.01166666666666666


# name: sigma
# type: matrix
# rows: 1
# columns: 8
 2241.775305900331 1303.000885440684 2197.734252638714 105.9088769168581 208.7065304460209 2269.314597037251 2234.118178327175 0.00303469960777038


