# Created by Octave 3.8.2, Wed May 18 09:22:30 2016 CEST <Andrea@Andreas-MacBook-Pro.local>
# name: x
# type: matrix
# rows: 1
# columns: 100
 0.008333333333333333 0.008417508417508417 0.008501683501683501 0.008585858585858586 0.00867003367003367 0.008754208754208754 0.008838383838383838 0.008922558922558922 0.009006734006734006 0.00909090909090909 0.009175084175084175 0.009259259259259259 0.009343434343434343 0.009427609427609427 0.009511784511784511 0.009595959595959595 0.009680134680134679 0.009764309764309764 0.009848484848484848 0.009932659932659932 0.01001683501683502 0.0101010101010101 0.01018518518518518 0.01026936026936027 0.01035353535353535 0.01043771043771044 0.01052188552188552 0.0106060606060606 0.01069023569023569 0.01077441077441077 0.01085858585858586 0.01094276094276094 0.01102693602693603 0.01111111111111111 0.0111952861952862 0.01127946127946128 0.01136363636363636 0.01144781144781145 0.01153198653198653 0.01161616161616162 0.0117003367003367 0.01178451178451178 0.01186868686868687 0.01195286195286195 0.01203703703703704 0.01212121212121212 0.01220538720538721 0.01228956228956229 0.01237373737373737 0.01245791245791246 0.01254208754208754 0.01262626262626263 0.01271043771043771 0.01279461279461279 0.01287878787878788 0.01296296296296296 0.01304713804713805 0.01313131313131313 0.01321548821548822 0.0132996632996633 0.01338383838383838 0.01346801346801347 0.01355218855218855 0.01363636363636364 0.01372053872053872 0.01380471380471381 0.01388888888888889 0.01397306397306397 0.01405723905723906 0.01414141414141414 0.01422558922558923 0.01430976430976431 0.01439393939393939 0.01447811447811448 0.01456228956228956 0.01464646464646465 0.01473063973063973 0.01481481481481482 0.0148989898989899 0.01498316498316498 0.01506734006734007 0.01515151515151515 0.01523569023569024 0.01531986531986532 0.0154040404040404 0.01548821548821549 0.01557239057239057 0.01565656565656566 0.01574074074074074 0.01582491582491583 0.01590909090909091 0.01599326599326599 0.01607744107744108 0.01616161616161616 0.01624579124579124 0.01632996632996633 0.01641414141414142 0.0164983164983165 0.01658249158249158 0.01666666666666667


# name: y
# type: matrix
# rows: 100
# columns: 1
 78499.05187831735
 78498.58223976725
 78498.13631516452
 78497.7134901582
 78497.31315039736
 78496.93468153098
 78496.57746920812
 78496.24089907781
 78495.92435678908
 78495.62722799095
 78495.34889833245
 78495.08875346264
 78494.84617903052
 78494.62056068513
 78494.41128407551
 78494.2177348507
 78494.0392986597
 78493.87536115157
 78493.72530797531
 78493.58852478
 78493.46439721463
 78493.35231092824
 78493.25165156987
 78493.16180478856
 78493.08215623331
 78493.01209155317
 78492.95099639718
 78492.89825641437
 78492.85325725375
 78492.81538456437
 78492.78402399526
 78492.75856119546
 78492.73838181396
 78492.72287149985
 78492.71141590211
 78492.70340066982
 78492.69821145196
 78492.69523389761
 78492.69385365577
 78492.69345637548
 78492.69342770576
 78492.69315329567
 78492.6920187942
 78492.68940985043
 78492.68471211335
 78492.67731123202
 78492.66659285546
 78492.65194263268
 78492.63274621275
 78492.60838924469
 78492.57825737751
 78492.54173626026
 78492.49821154197
 78492.44706887168
 78492.3876938984
 78492.31947227116
 78492.24178963903
 78492.15403165099
 78492.05558395611
 78491.9458322034
 78491.82416204191
 78491.68995912066
 78491.54260908868
 78491.38149759499
 78491.20601028865
 78491.01553281867
 78490.80945083409
 78490.58714998394
 78490.34801591725
 78490.09143428305
 78489.81679073037
 78489.52347090824
 78489.21086046571
 78488.87834505178
 78488.52531031551
 78488.15114190592
 78487.75522547204
 78487.33694666291
 78486.89569112755
 78486.43084451498
 78485.94179247426
 78485.4279206544
 78484.88861470445
 78484.32326027344
 78483.73124301038
 78483.11194856431
 78482.46476258426
 78481.78907071929
 78481.08425861839
 78480.34971193061
 78479.584816305
 78478.78895739056
 78477.96152083632
 78477.10189229134
 78476.20945740464
 78475.28360182523
 78474.32371120217
 78473.32917118448
 78472.2993674212
 78471.23368556134


# name: QUERY
# type: sq_string
# elements: 1
# length: 2
R2


# name: DATASIZE
# type: sq_string
# elements: 1
# length: 3
750


