# Created by Octave 4.0.0, Mon May 23 11:55:29 2016 CEST <peter@Independence>
# name: x
# type: matrix
# rows: 1
# columns: 100
 0.008333333333333333 0.008417508417508417 0.008501683501683501 0.008585858585858586 0.00867003367003367 0.008754208754208754 0.008838383838383838 0.008922558922558922 0.009006734006734006 0.00909090909090909 0.009175084175084175 0.009259259259259259 0.009343434343434343 0.009427609427609427 0.009511784511784511 0.009595959595959595 0.009680134680134679 0.009764309764309764 0.009848484848484848 0.009932659932659932 0.01001683501683502 0.0101010101010101 0.01018518518518518 0.01026936026936027 0.01035353535353535 0.01043771043771044 0.01052188552188552 0.0106060606060606 0.01069023569023569 0.01077441077441077 0.01085858585858586 0.01094276094276094 0.01102693602693603 0.01111111111111111 0.0111952861952862 0.01127946127946128 0.01136363636363636 0.01144781144781145 0.01153198653198653 0.01161616161616162 0.0117003367003367 0.01178451178451178 0.01186868686868687 0.01195286195286195 0.01203703703703704 0.01212121212121212 0.01220538720538721 0.01228956228956229 0.01237373737373737 0.01245791245791246 0.01254208754208754 0.01262626262626263 0.01271043771043771 0.01279461279461279 0.01287878787878788 0.01296296296296296 0.01304713804713805 0.01313131313131313 0.01321548821548822 0.0132996632996633 0.01338383838383838 0.01346801346801347 0.01355218855218855 0.01363636363636364 0.01372053872053872 0.01380471380471381 0.01388888888888889 0.01397306397306397 0.01405723905723906 0.01414141414141414 0.01422558922558923 0.01430976430976431 0.01439393939393939 0.01447811447811448 0.01456228956228956 0.01464646464646465 0.01473063973063973 0.01481481481481482 0.0148989898989899 0.01498316498316498 0.01506734006734007 0.01515151515151515 0.01523569023569024 0.01531986531986532 0.0154040404040404 0.01548821548821549 0.01557239057239057 0.01565656565656566 0.01574074074074074 0.01582491582491583 0.01590909090909091 0.01599326599326599 0.01607744107744108 0.01616161616161616 0.01624579124579124 0.01632996632996633 0.01641414141414142 0.0164983164983165 0.01658249158249158 0.01666666666666667


# name: y
# type: matrix
# rows: 100
# columns: 1
 78119.22400807933
 78123.02123065348
 78126.6267161219
 78130.0454317671
 78133.28234487161
 78136.34242271798
 78139.23063258873
 78141.95194176641
 78144.51131753353
 78146.91372717264
 78149.16413796626
 78151.26751719692
 78153.22883214716
 78155.05305009952
 78156.74513833651
 78158.31006414068
 78159.75279479456
 78161.07829758068
 78162.29153978157
 78163.39748867975
 78164.40111155779
 78165.30737569818
 78166.12124838348
 78166.84769689621
 78167.4916885189
 78168.0581905341
 78168.55217022431
 78168.9785948721
 78169.34243175999
 78169.64864817048
 78169.90221138614
 78170.10808868949
 78170.27124736307
 78170.39665468941
 78170.48927795103
 78170.55408443046
 78170.59604141024
 78170.62011617293
 78170.631276001
 78170.63448817705
 78170.63471998356
 78170.6369387031
 78170.64611161817
 78170.66720601132
 78170.70518916509
 78170.76502836199
 78170.85169088458
 78170.97014401536
 78171.12535503689
 78171.32229123167
 78171.56591988227
 78171.86120827121
 78172.21312368101
 78172.6266333942
 78173.10670469333
 78173.65830486093
 78174.28640117952
 78174.99596093164
 78175.79195139982
 78176.67933986661
 78177.66309361449
 78178.74817992606
 78179.93956608381
 78181.24221937027
 78182.66110706799
 78184.2011964595
 78185.86745482733
 78187.66484945401
 78189.59834762207
 78191.67291661404
 78193.89352371247
 78196.26513619987
 78198.7927213588
 78201.48124647175
 78204.3356788213
 78207.36098568994
 78210.56213436023
 78213.94409211469
 78217.51182623584
 78221.27030400625
 78225.22449270842
 78229.3793596249
 78233.7398720382
 78238.31099723089
 78243.09770248547
 78248.10495508446
 78253.33772231043
 78258.8009714459
 78264.49966977339
 78270.43878457544
 78276.62328313458
 78283.05813273335
 78289.74830065428
 78296.69875417989
 78303.91446059273
 78311.40038717531
 78319.16150121018
 78327.20276997988
 78335.52916076692
 78344.14564085384


# name: QUERY
# type: sq_string
# elements: 1
# length: 2
R2


# name: DATASIZE
# type: sq_string
# elements: 1
# length: 3
750


