# Created by Octave 3.8.2, Wed May 18 09:22:30 2016 CEST <Andrea@Andreas-MacBook-Pro.local>
# name: x
# type: matrix
# rows: 1
# columns: 100
 0.008333333333333333 0.008417508417508417 0.008501683501683501 0.008585858585858586 0.00867003367003367 0.008754208754208754 0.008838383838383838 0.008922558922558922 0.009006734006734006 0.00909090909090909 0.009175084175084175 0.009259259259259259 0.009343434343434343 0.009427609427609427 0.009511784511784511 0.009595959595959595 0.009680134680134679 0.009764309764309764 0.009848484848484848 0.009932659932659932 0.01001683501683502 0.0101010101010101 0.01018518518518518 0.01026936026936027 0.01035353535353535 0.01043771043771044 0.01052188552188552 0.0106060606060606 0.01069023569023569 0.01077441077441077 0.01085858585858586 0.01094276094276094 0.01102693602693603 0.01111111111111111 0.0111952861952862 0.01127946127946128 0.01136363636363636 0.01144781144781145 0.01153198653198653 0.01161616161616162 0.0117003367003367 0.01178451178451178 0.01186868686868687 0.01195286195286195 0.01203703703703704 0.01212121212121212 0.01220538720538721 0.01228956228956229 0.01237373737373737 0.01245791245791246 0.01254208754208754 0.01262626262626263 0.01271043771043771 0.01279461279461279 0.01287878787878788 0.01296296296296296 0.01304713804713805 0.01313131313131313 0.01321548821548822 0.0132996632996633 0.01338383838383838 0.01346801346801347 0.01355218855218855 0.01363636363636364 0.01372053872053872 0.01380471380471381 0.01388888888888889 0.01397306397306397 0.01405723905723906 0.01414141414141414 0.01422558922558923 0.01430976430976431 0.01439393939393939 0.01447811447811448 0.01456228956228956 0.01464646464646465 0.01473063973063973 0.01481481481481482 0.0148989898989899 0.01498316498316498 0.01506734006734007 0.01515151515151515 0.01523569023569024 0.01531986531986532 0.0154040404040404 0.01548821548821549 0.01557239057239057 0.01565656565656566 0.01574074074074074 0.01582491582491583 0.01590909090909091 0.01599326599326599 0.01607744107744108 0.01616161616161616 0.01624579124579124 0.01632996632996633 0.01641414141414142 0.0164983164983165 0.01658249158249158 0.01666666666666667


# name: y
# type: matrix
# rows: 100
# columns: 1
 78304.35427283811
 78304.25572355343
 78304.15969471082
 78304.06618631026
 78303.97519835178
 78303.88673083535
 78303.80078376099
 78303.71735712868
 78303.63645093846
 78303.55806519029
 78303.48219988418
 78303.40885502013
 78303.33803059814
 78303.26972661824
 78303.20394308037
 78303.14067998459
 78303.07993733085
 78303.02171511919
 78302.96601334959
 78302.91283202205
 78302.86217113658
 78302.81403069317
 78302.76841069182
 78302.72531113254
 78302.68473201532
 78302.64667334016
 78302.61113510707
 78302.57811731604
 78302.54761996707
 78302.51964306016
 78302.49418659533
 78302.47125057255
 78302.45083499183
 78302.43293985318
 78302.4175651566
 78302.40471090208
 78302.39437708961
 78302.38656371922
 78302.38127079088
 78302.37849830462
 78302.37824626041
 78302.38051465826
 78302.38530349819
 78302.39261278017
 78302.40244250422
 78302.41479267033
 78302.4296632785
 78302.44705432875
 78302.46696582103
 78302.4893977554
 78302.51435013184
 78302.54182295033
 78302.57181621088
 78302.60432991349
 78302.63936405818
 78302.67691864492
 78302.71699367373
 78302.7595891446
 78302.80470505754
 78302.85234141254
 78302.90249820959
 78302.95517544872
 78303.0103731299
 78303.06809125315
 78303.12832981847
 78303.19108882586
 78303.2563682753
 78303.3241681668
 78303.39448850037
 78303.467329276
 78303.54269049369
 78303.62057215345
 78303.70097425528
 78303.78389679916
 78303.86933978512
 78303.95730321313
 78304.0477870832
 78304.14079139534
 78304.23631614955
 78304.33436134581
 78304.43492698413
 78304.53801306454
 78304.64361958699
 78304.7517465515
 78304.86239395809
 78304.97556180673
 78305.09125009744
 78305.20945883021
 78305.33018800506
 78305.45343762195
 78305.57920768092
 78305.70749818195
 78305.83830912503
 78305.97164051018
 78306.1074923374
 78306.24586460668
 78306.38675731803
 78306.53017047144
 78306.67610406691
 78306.82455810443


# name: QUERY
# type: sq_string
# elements: 1
# length: 2
R2


# name: DATASIZE
# type: sq_string
# elements: 1
# length: 3
750


