# Created by Octave 3.8.2, Wed May 18 09:22:30 2016 CEST <Andrea@Andreas-MacBook-Pro.local>
# name: x
# type: matrix
# rows: 1
# columns: 100
 0.008333333333333333 0.008417508417508417 0.008501683501683501 0.008585858585858586 0.00867003367003367 0.008754208754208754 0.008838383838383838 0.008922558922558922 0.009006734006734006 0.00909090909090909 0.009175084175084175 0.009259259259259259 0.009343434343434343 0.009427609427609427 0.009511784511784511 0.009595959595959595 0.009680134680134679 0.009764309764309764 0.009848484848484848 0.009932659932659932 0.01001683501683502 0.0101010101010101 0.01018518518518518 0.01026936026936027 0.01035353535353535 0.01043771043771044 0.01052188552188552 0.0106060606060606 0.01069023569023569 0.01077441077441077 0.01085858585858586 0.01094276094276094 0.01102693602693603 0.01111111111111111 0.0111952861952862 0.01127946127946128 0.01136363636363636 0.01144781144781145 0.01153198653198653 0.01161616161616162 0.0117003367003367 0.01178451178451178 0.01186868686868687 0.01195286195286195 0.01203703703703704 0.01212121212121212 0.01220538720538721 0.01228956228956229 0.01237373737373737 0.01245791245791246 0.01254208754208754 0.01262626262626263 0.01271043771043771 0.01279461279461279 0.01287878787878788 0.01296296296296296 0.01304713804713805 0.01313131313131313 0.01321548821548822 0.0132996632996633 0.01338383838383838 0.01346801346801347 0.01355218855218855 0.01363636363636364 0.01372053872053872 0.01380471380471381 0.01388888888888889 0.01397306397306397 0.01405723905723906 0.01414141414141414 0.01422558922558923 0.01430976430976431 0.01439393939393939 0.01447811447811448 0.01456228956228956 0.01464646464646465 0.01473063973063973 0.01481481481481482 0.0148989898989899 0.01498316498316498 0.01506734006734007 0.01515151515151515 0.01523569023569024 0.01531986531986532 0.0154040404040404 0.01548821548821549 0.01557239057239057 0.01565656565656566 0.01574074074074074 0.01582491582491583 0.01590909090909091 0.01599326599326599 0.01607744107744108 0.01616161616161616 0.01624579124579124 0.01632996632996633 0.01641414141414142 0.0164983164983165 0.01658249158249158 0.01666666666666667


# name: y
# type: matrix
# rows: 1
# columns: 100
 78488.0053904941 78485.9100600026 78483.81472951108 78481.71939901957 78479.62406852806 78477.52873803655 78475.43340754505 78473.33807705353 78471.24274656203 78469.14741607051 78467.05208557901 78464.95675508749 78462.86142459598 78460.76609410447 78458.67076361296 78456.57543312146 78454.48010262994 78452.38477213844 78450.28944164692 78448.19411115542 78446.0987806639 78444.00345017239 78441.90811968088 78439.81278918937 78437.71745869787 78435.62212820635 78433.52679771485 78431.43146722333 78429.33613673181 78427.24080624031 78425.1454757488 78423.05014525729 78420.95481476578 78418.85948427428 78416.76415378276 78414.66882329126 78412.57349279974 78410.47816230822 78408.38283181672 78406.28750132521 78404.1921708337 78402.09684034219 78400.00150985068 78397.90617935917 78395.81084886767 78393.71551837615 78391.62018788463 78389.52485739313 78387.42952690161 78385.33419641011 78383.2388659186 78381.14353542709 78379.04820493558 78376.95287444406 78374.85754395256 78372.76221346104 78370.66688296954 78368.57155247802 78366.47622198652 78364.38089149501 78362.2855610035 78360.19023051199 78358.09490002047 78355.99956952897 78353.90423903745 78351.80890854595 78349.71357805443 78347.61824756293 78345.52291707142 78343.42758657991 78341.3322560884 78339.23692559688 78337.14159510538 78335.04626461386 78332.95093412236 78330.85560363084 78328.76027313934 78326.66494264783 78324.56961215632 78322.47428166481 78320.37895117329 78318.28362068179 78316.18829019027 78314.09295969877 78311.99762920725 78309.90229871575 78307.80696822423 78305.71163773272 78303.61630724122 78301.5209767497 78299.4256462582 78297.33031576668 78295.23498527518 78293.13965478366 78291.04432429216 78288.94899380064 78286.85366330913 78284.75833281763 78282.66300232611 78280.56767183461


# name: QUERY
# type: sq_string
# elements: 1
# length: 2
R2


# name: DATASIZE
# type: sq_string
# elements: 1
# length: 3
750


