# Created by Octave 3.8.2, Wed May 18 09:18:37 2016 CEST <Andrea@Andreas-MacBook-Pro.local>
# name: x
# type: matrix
# rows: 1
# columns: 100
 0.008333333333333333 0.008417508417508417 0.008501683501683501 0.008585858585858586 0.00867003367003367 0.008754208754208754 0.008838383838383838 0.008922558922558922 0.009006734006734006 0.00909090909090909 0.009175084175084175 0.009259259259259259 0.009343434343434343 0.009427609427609427 0.009511784511784511 0.009595959595959595 0.009680134680134679 0.009764309764309764 0.009848484848484848 0.009932659932659932 0.01001683501683502 0.0101010101010101 0.01018518518518518 0.01026936026936027 0.01035353535353535 0.01043771043771044 0.01052188552188552 0.0106060606060606 0.01069023569023569 0.01077441077441077 0.01085858585858586 0.01094276094276094 0.01102693602693603 0.01111111111111111 0.0111952861952862 0.01127946127946128 0.01136363636363636 0.01144781144781145 0.01153198653198653 0.01161616161616162 0.0117003367003367 0.01178451178451178 0.01186868686868687 0.01195286195286195 0.01203703703703704 0.01212121212121212 0.01220538720538721 0.01228956228956229 0.01237373737373737 0.01245791245791246 0.01254208754208754 0.01262626262626263 0.01271043771043771 0.01279461279461279 0.01287878787878788 0.01296296296296296 0.01304713804713805 0.01313131313131313 0.01321548821548822 0.0132996632996633 0.01338383838383838 0.01346801346801347 0.01355218855218855 0.01363636363636364 0.01372053872053872 0.0138047138047138 0.01388888888888889 0.01397306397306397 0.01405723905723906 0.01414141414141414 0.01422558922558923 0.01430976430976431 0.01439393939393939 0.01447811447811448 0.01456228956228956 0.01464646464646465 0.01473063973063973 0.01481481481481482 0.0148989898989899 0.01498316498316498 0.01506734006734007 0.01515151515151515 0.01523569023569024 0.01531986531986532 0.0154040404040404 0.01548821548821549 0.01557239057239057 0.01565656565656566 0.01574074074074074 0.01582491582491583 0.01590909090909091 0.01599326599326599 0.01607744107744108 0.01616161616161616 0.01624579124579124 0.01632996632996633 0.01641414141414142 0.0164983164983165 0.01658249158249158 0.01666666666666667


# name: y
# type: matrix
# rows: 100
# columns: 1
 82013.99733179525
 82025.41206729869
 82037.39544684939
 82049.93505977253
 82063.01796148974
 82076.6306944517
 82090.75930996596
 82105.38939087381
 82120.50607502784
 82136.09407951965
 82152.1377256056
 82168.62096427618
 82185.52740241363
 82202.84032948059
 82220.54274468117
 82238.61738453506
 82257.04675080386
 82275.81313870837
 82294.89866537473
 82314.2852984468
 82333.9548848019
 82353.88917930699
 82374.0698735521
 82394.47862449854
 82415.09708297916
 82435.90692198898
 82456.88986470507
 82478.02771217535
 82499.30237061718
 82520.69587826777
 82542.19043172972
 82563.76841175668
 82585.41240842575
 82607.10524564501
 82628.83000494649
 82650.57004851707
 82672.30904142206
 82694.03097297827
 82715.72017723619
 82737.36135253301
 82758.93958008141
 82780.44034156098
 82801.84953568282
 82823.15349369995
 82844.33899383956
 82865.39327463599
 82886.30404714604
 82907.05950603182
 82927.64833949888
 82948.05973808061
 82968.28340226322
 82988.30954894799
 83008.12891675162
 83027.73277014718
 83047.11290245228
 83066.26163767361
 83085.1718312194
 83103.83686949518
 83122.25066839997
 83140.40767074327
 83158.30284260583
 83175.9316686692
 83193.29014654203
 83210.37478011282
 83227.18257196163
 83243.71101486463
 83259.95808242775
 83275.92221888731
 83291.60232811735
 83306.99776188465
 83322.10830739389
 83336.93417416708
 83351.47598030155
 83365.73473815285
 83379.71183948894
 83393.40904016292
 83406.82844435229
 83419.97248841268
 83432.84392439474
 83445.44580327222
 83457.78145793008
 83469.85448596036
 83481.66873231409
 83493.22827185606
 83504.53739186948
 83515.60057455645
 83526.42247957908
 83537.00792668565
 83547.36187846446
 83557.48942326733
 83567.3957583431
 83577.0861732201
 83586.5660333751
 83595.84076422466
 83604.91583547312
 83613.79674584951
 83622.48900826453
 83630.99813541566
 83639.32962586809
 83647.48895063582


# name: QUERY
# type: sq_string
# elements: 1
# length: 2
R2


# name: DATASIZE
# type: sq_string
# elements: 1
# length: 3
250


