# Created by Octave 4.0.0, Mon May 23 11:55:09 2016 CEST <peter@Independence>
# name: x
# type: matrix
# rows: 1
# columns: 100
 0.008333333333333333 0.008417508417508417 0.008501683501683501 0.008585858585858586 0.00867003367003367 0.008754208754208754 0.008838383838383838 0.008922558922558922 0.009006734006734006 0.00909090909090909 0.009175084175084175 0.009259259259259259 0.009343434343434343 0.009427609427609427 0.009511784511784511 0.009595959595959595 0.009680134680134681 0.009764309764309764 0.009848484848484849 0.009932659932659932 0.01001683501683502 0.0101010101010101 0.01018518518518519 0.01026936026936027 0.01035353535353535 0.01043771043771044 0.01052188552188552 0.01060606060606061 0.01069023569023569 0.01077441077441077 0.01085858585858586 0.01094276094276094 0.01102693602693603 0.01111111111111111 0.0111952861952862 0.01127946127946128 0.01136363636363636 0.01144781144781145 0.01153198653198653 0.01161616161616162 0.0117003367003367 0.01178451178451178 0.01186868686868687 0.01195286195286195 0.01203703703703704 0.01212121212121212 0.01220538720538721 0.01228956228956229 0.01237373737373737 0.01245791245791246 0.01254208754208754 0.01262626262626263 0.01271043771043771 0.01279461279461279 0.01287878787878788 0.01296296296296296 0.01304713804713805 0.01313131313131313 0.01321548821548822 0.0132996632996633 0.01338383838383838 0.01346801346801347 0.01355218855218855 0.01363636363636364 0.01372053872053872 0.01380471380471381 0.01388888888888889 0.01397306397306397 0.01405723905723906 0.01414141414141414 0.01422558922558922 0.01430976430976431 0.01439393939393939 0.01447811447811448 0.01456228956228956 0.01464646464646465 0.01473063973063973 0.01481481481481482 0.0148989898989899 0.01498316498316498 0.01506734006734007 0.01515151515151515 0.01523569023569024 0.01531986531986532 0.0154040404040404 0.01548821548821549 0.01557239057239057 0.01565656565656566 0.01574074074074074 0.01582491582491583 0.01590909090909091 0.01599326599326599 0.01607744107744108 0.01616161616161616 0.01624579124579124 0.01632996632996633 0.01641414141414142 0.0164983164983165 0.01658249158249158 0.01666666666666667


# name: y
# type: matrix
# rows: 100
# columns: 1
 82026.73822905945
 82019.32817622983
 82012.04880196576
 82004.90019029335
 81997.88236425846
 81990.99528828109
 81984.23887060223
 81977.61296581794
 81971.11737749573
 81964.75186086773
 81958.51612559531
 81952.40983859905
 81946.43262694871
 81940.5840808066
 81934.86375641875
 81929.27117914705
 81923.80584653636
 81918.46723140993
 81913.25478498652
 81908.16794001257
 81903.20611390285
 81898.36871188255
 81893.65513012437
 81889.06475887353
 81884.59698555403
 81880.25119784947
 81876.02678675146
 81871.92314956916
 81867.93969289314
 81864.0758355072
 81860.33101124142
 81856.70467176034
 81853.19628927991
 81849.80535920712
 81846.53140269638
 81843.37396911679
 81840.33263842491
 81837.40702343732
 81834.59677199794
 81831.90156903501
 81829.32113850315
 81826.85524520559
 81824.5036964927
 81822.26634383244
 81820.1430842492
 81818.13386162744
 81816.2386678769
 81814.45754395657
 81812.79058075469
 81811.23791982261
 81809.79975396041
 81808.47632765264
 81807.26793735288
 81806.174931616
 81805.19771107752
 81804.33672827962
 81803.59248734386
 81802.96554349078
 81802.45650240706
 81802.06601946136
 81801.79479876974
 81801.64359211274
 81801.61319770569
 81801.70445882469
 81801.91826229074
 81802.25553681498
 81802.71725120819
 81803.3044124579
 81804.01806367715
 81804.85928192857
 81805.82917592852
 81806.9288836354
 81808.15956972742
 81809.52242297446
 81811.01865350967
 81812.64949000608
 81814.41617676402
 81816.31997071531
 81818.36213835019
 81820.54395257338
 81822.86668949547
 81825.33162516645
 81827.94003225781
 81830.69317670005
 81833.59231428258
 81836.63868722274
 81839.83352071121
 81843.17801944051
 81846.67336412416
 81850.32070801301
 81854.12117341644
 81858.07584823508
 81862.18578251232
 81866.45198501159
 81870.87541982632
 81875.45700302957
 81880.19759936999
 81885.09801902086
 81890.15901438889
 81895.38127698898


# name: QUERY
# type: sq_string
# elements: 1
# length: 2
R2


# name: DATASIZE
# type: sq_string
# elements: 1
# length: 3
250


