# Created by Octave 4.0.0, Mon May 23 11:55:09 2016 CEST <peter@Independence>
# name: x
# type: matrix
# rows: 1
# columns: 100
 0.008333333333333333 0.008417508417508417 0.008501683501683501 0.008585858585858586 0.00867003367003367 0.008754208754208754 0.008838383838383838 0.008922558922558922 0.009006734006734006 0.00909090909090909 0.009175084175084175 0.009259259259259259 0.009343434343434343 0.009427609427609427 0.009511784511784511 0.009595959595959595 0.009680134680134681 0.009764309764309764 0.009848484848484849 0.009932659932659932 0.01001683501683502 0.0101010101010101 0.01018518518518519 0.01026936026936027 0.01035353535353535 0.01043771043771044 0.01052188552188552 0.01060606060606061 0.01069023569023569 0.01077441077441077 0.01085858585858586 0.01094276094276094 0.01102693602693603 0.01111111111111111 0.0111952861952862 0.01127946127946128 0.01136363636363636 0.01144781144781145 0.01153198653198653 0.01161616161616162 0.0117003367003367 0.01178451178451178 0.01186868686868687 0.01195286195286195 0.01203703703703704 0.01212121212121212 0.01220538720538721 0.01228956228956229 0.01237373737373737 0.01245791245791246 0.01254208754208754 0.01262626262626263 0.01271043771043771 0.01279461279461279 0.01287878787878788 0.01296296296296296 0.01304713804713805 0.01313131313131313 0.01321548821548822 0.0132996632996633 0.01338383838383838 0.01346801346801347 0.01355218855218855 0.01363636363636364 0.01372053872053872 0.01380471380471381 0.01388888888888889 0.01397306397306397 0.01405723905723906 0.01414141414141414 0.01422558922558922 0.01430976430976431 0.01439393939393939 0.01447811447811448 0.01456228956228956 0.01464646464646465 0.01473063973063973 0.01481481481481482 0.0148989898989899 0.01498316498316498 0.01506734006734007 0.01515151515151515 0.01523569023569024 0.01531986531986532 0.0154040404040404 0.01548821548821549 0.01557239057239057 0.01565656565656566 0.01574074074074074 0.01582491582491583 0.01590909090909091 0.01599326599326599 0.01607744107744108 0.01616161616161616 0.01624579124579124 0.01632996632996633 0.01641414141414142 0.0164983164983165 0.01658249158249158 0.01666666666666667


# name: y
# type: matrix
# rows: 1
# columns: 100
 81980.93604084964 81992.44625694818 82003.95647304674 82015.46668914528 82026.97690524384 82038.48712134238 82049.99733744092 82061.50755353947 82073.01776963801 82084.52798573657 82096.03820183511 82107.54841793366 82119.0586340322 82130.56885013074 82142.0790662293 82153.58928232784 82165.0994984264 82176.60971452494 82188.11993062349 82199.63014672203 82211.14036282057 82222.65057891913 82234.16079501767 82245.67101111622 82257.18122721477 82268.69144331332 82280.20165941186 82291.7118755104 82303.22209160896 82314.7323077075 82326.24252380605 82337.75273990459 82349.26295600315 82360.77317210169 82372.28338820023 82383.79360429879 82395.30382039733 82406.81403649588 82418.32425259442 82429.83446869298 82441.34468479152 82452.85490089006 82464.36511698861 82475.87533308716 82487.38554918571 82498.89576528425 82510.40598138281 82521.91619748135 82533.42641357989 82544.93662967844 82556.44684577698 82567.95706187554 82579.46727797408 82590.97749407263 82602.48771017118 82613.99792626972 82625.50814236827 82637.01835846681 82648.52857456537 82660.03879066391 82671.54900676246 82683.059222861 82694.56943895954 82706.0796550581 82717.58987115664 82729.1000872552 82740.61030335374 82752.12051945229 82763.63073555083 82775.14095164937 82786.65116774793 82798.16138384647 82809.67159994502 82821.18181604357 82832.69203214212 82844.20224824066 82855.7124643392 82867.22268043776 82878.7328965363 82890.24311263485 82901.75332873339 82913.26354483195 82924.77376093049 82936.28397702903 82947.79419312759 82959.30440922613 82970.81462532468 82982.32484142322 82993.83505752178 83005.34527362032 83016.85548971887 83028.36570581741 83039.87592191595 83051.38613801451 83062.89635411305 83074.40657021161 83085.91678631015 83097.42700240869 83108.93721850724 83120.44743460578


# name: QUERY
# type: sq_string
# elements: 1
# length: 2
R2


# name: DATASIZE
# type: sq_string
# elements: 1
# length: 3
250


