# Created by Octave 4.0.0, Mon May 23 11:55:09 2016 CEST <peter@Independence>
# name: x
# type: matrix
# rows: 1
# columns: 100
 0.008333333333333333 0.008417508417508417 0.008501683501683501 0.008585858585858586 0.00867003367003367 0.008754208754208754 0.008838383838383838 0.008922558922558922 0.009006734006734006 0.00909090909090909 0.009175084175084175 0.009259259259259259 0.009343434343434343 0.009427609427609427 0.009511784511784511 0.009595959595959595 0.009680134680134681 0.009764309764309764 0.009848484848484849 0.009932659932659932 0.01001683501683502 0.0101010101010101 0.01018518518518519 0.01026936026936027 0.01035353535353535 0.01043771043771044 0.01052188552188552 0.01060606060606061 0.01069023569023569 0.01077441077441077 0.01085858585858586 0.01094276094276094 0.01102693602693603 0.01111111111111111 0.0111952861952862 0.01127946127946128 0.01136363636363636 0.01144781144781145 0.01153198653198653 0.01161616161616162 0.0117003367003367 0.01178451178451178 0.01186868686868687 0.01195286195286195 0.01203703703703704 0.01212121212121212 0.01220538720538721 0.01228956228956229 0.01237373737373737 0.01245791245791246 0.01254208754208754 0.01262626262626263 0.01271043771043771 0.01279461279461279 0.01287878787878788 0.01296296296296296 0.01304713804713805 0.01313131313131313 0.01321548821548822 0.0132996632996633 0.01338383838383838 0.01346801346801347 0.01355218855218855 0.01363636363636364 0.01372053872053872 0.01380471380471381 0.01388888888888889 0.01397306397306397 0.01405723905723906 0.01414141414141414 0.01422558922558922 0.01430976430976431 0.01439393939393939 0.01447811447811448 0.01456228956228956 0.01464646464646465 0.01473063973063973 0.01481481481481482 0.0148989898989899 0.01498316498316498 0.01506734006734007 0.01515151515151515 0.01523569023569024 0.01531986531986532 0.0154040404040404 0.01548821548821549 0.01557239057239057 0.01565656565656566 0.01574074074074074 0.01582491582491583 0.01590909090909091 0.01599326599326599 0.01607744107744108 0.01616161616161616 0.01624579124579124 0.01632996632996633 0.01641414141414142 0.0164983164983165 0.01658249158249158 0.01666666666666667


# name: y
# type: matrix
# rows: 100
# columns: 1
 81958.52012280561
 81968.92422638244
 81979.32832995924
 81989.73243353606
 82000.13653711286
 82010.54064068969
 82020.94474426651
 82031.34884784331
 82041.75295142015
 82052.15705499695
 82062.56115857378
 82072.96526215058
 82083.3693657274
 82093.77346930423
 82104.17757288103
 82114.58167645785
 82124.98578003467
 82135.38988361148
 82145.7939871883
 82156.1980907651
 82166.60219434193
 82177.00629791874
 82187.41040149555
 82197.81450507237
 82208.21860864919
 82218.622712226
 82229.02681580282
 82239.43091937964
 82249.83502295645
 82260.23912653327
 82270.64323011009
 82281.0473336869
 82291.45143726371
 82301.85554084052
 82312.25964441734
 82322.66374799416
 82333.06785157097
 82343.47195514779
 82353.87605872461
 82364.28016230142
 82374.68426587824
 82385.08836945506
 82395.49247303187
 82405.89657660869
 82416.30068018551
 82426.70478376231
 82437.10888733913
 82447.51299091594
 82457.91709449276
 82468.32119806958
 82478.72530164639
 82489.12940522321
 82499.53350880003
 82509.93761237685
 82520.34171595365
 82530.74581953048
 82541.1499231073
 82551.55402668411
 82561.95813026093
 82572.36223383773
 82582.76633741455
 82593.17044099137
 82603.57454456818
 82613.978648145
 82624.38275172182
 82634.78685529863
 82645.19095887545
 82655.59506245227
 82665.99916602908
 82676.40326960589
 82686.8073731827
 82697.21147675953
 82707.61558033634
 82718.01968391315
 82728.42378748997
 82738.8278910668
 82749.2319946436
 82759.63609822042
 82770.04020179724
 82780.44430537407
 82790.84840895087
 82801.25251252769
 82811.6566161045
 82822.06071968132
 82832.46482325811
 82842.86892683494
 82853.27303041176
 82863.67713398856
 82874.08123756539
 82884.48534114221
 82894.88944471903
 82905.29354829584
 82915.69765187267
 82926.10175544946
 82936.50585902628
 82946.90996260311
 82957.31406617993
 82967.71816975673
 82978.12227333355
 82988.52637691038


# name: QUERY
# type: sq_string
# elements: 1
# length: 2
R2


# name: DATASIZE
# type: sq_string
# elements: 1
# length: 3
250


