# Created by Octave 3.8.2, Wed May 18 09:18:37 2016 CEST <Andrea@Andreas-MacBook-Pro.local>
# name: x
# type: matrix
# rows: 1
# columns: 100
 0.008333333333333333 0.008417508417508417 0.008501683501683501 0.008585858585858586 0.00867003367003367 0.008754208754208754 0.008838383838383838 0.008922558922558922 0.009006734006734006 0.00909090909090909 0.009175084175084175 0.009259259259259259 0.009343434343434343 0.009427609427609427 0.009511784511784511 0.009595959595959595 0.009680134680134679 0.009764309764309764 0.009848484848484848 0.009932659932659932 0.01001683501683502 0.0101010101010101 0.01018518518518518 0.01026936026936027 0.01035353535353535 0.01043771043771044 0.01052188552188552 0.0106060606060606 0.01069023569023569 0.01077441077441077 0.01085858585858586 0.01094276094276094 0.01102693602693603 0.01111111111111111 0.0111952861952862 0.01127946127946128 0.01136363636363636 0.01144781144781145 0.01153198653198653 0.01161616161616162 0.0117003367003367 0.01178451178451178 0.01186868686868687 0.01195286195286195 0.01203703703703704 0.01212121212121212 0.01220538720538721 0.01228956228956229 0.01237373737373737 0.01245791245791246 0.01254208754208754 0.01262626262626263 0.01271043771043771 0.01279461279461279 0.01287878787878788 0.01296296296296296 0.01304713804713805 0.01313131313131313 0.01321548821548822 0.0132996632996633 0.01338383838383838 0.01346801346801347 0.01355218855218855 0.01363636363636364 0.01372053872053872 0.0138047138047138 0.01388888888888889 0.01397306397306397 0.01405723905723906 0.01414141414141414 0.01422558922558923 0.01430976430976431 0.01439393939393939 0.01447811447811448 0.01456228956228956 0.01464646464646465 0.01473063973063973 0.01481481481481482 0.0148989898989899 0.01498316498316498 0.01506734006734007 0.01515151515151515 0.01523569023569024 0.01531986531986532 0.0154040404040404 0.01548821548821549 0.01557239057239057 0.01565656565656566 0.01574074074074074 0.01582491582491583 0.01590909090909091 0.01599326599326599 0.01607744107744108 0.01616161616161616 0.01624579124579124 0.01632996632996633 0.01641414141414142 0.0164983164983165 0.01658249158249158 0.01666666666666667


# name: y
# type: matrix
# rows: 100
# columns: 1
 83090.2150875559
 83096.5129945364
 83102.81090151689
 83109.10880849739
 83115.40671547789
 83121.70462245839
 83128.00252943888
 83134.30043641938
 83140.59834339988
 83146.89625038038
 83153.19415736088
 83159.49206434136
 83165.78997132186
 83172.08787830235
 83178.38578528285
 83184.68369226335
 83190.98159924385
 83197.27950622435
 83203.57741320485
 83209.87532018535
 83216.17322716585
 83222.47113414634
 83228.76904112684
 83235.06694810734
 83241.36485508783
 83247.66276206834
 83253.96066904884
 83260.25857602933
 83266.55648300983
 83272.85438999033
 83279.15229697083
 83285.45020395132
 83291.74811093182
 83298.04601791232
 83304.34392489282
 83310.6418318733
 83316.93973885381
 83323.23764583431
 83329.53555281481
 83335.83345979531
 83342.13136677579
 83348.42927375629
 83354.72718073679
 83361.02508771729
 83367.3229946978
 83373.6209016783
 83379.91880865878
 83386.21671563928
 83392.51462261978
 83398.81252960028
 83405.11043658078
 83411.40834356128
 83417.70625054177
 83424.00415752227
 83430.30206450277
 83436.59997148327
 83442.89787846377
 83449.19578544426
 83455.49369242476
 83461.79159940526
 83468.08950638576
 83474.38741336626
 83480.68532034675
 83486.98322732725
 83493.28113430775
 83499.57904128825
 83505.87694826875
 83512.17485524924
 83518.47276222974
 83524.77066921024
 83531.06857619074
 83537.36648317122
 83543.66439015172
 83549.96229713222
 83556.26020411272
 83562.55811109323
 83568.85601807371
 83575.15392505423
 83581.45183203473
 83587.74973901523
 83594.04764599571
 83600.34555297621
 83606.6434599567
 83612.9413669372
 83619.2392739177
 83625.5371808982
 83631.83508787872
 83638.13299485919
 83644.4309018397
 83650.72880882017
 83657.0267158007
 83663.32462278119
 83669.62252976168
 83675.92043674218
 83682.21834372269
 83688.51625070318
 83694.81415768369
 83701.11206466419
 83707.40997164469
 83713.70787862518


# name: QUERY
# type: sq_string
# elements: 1
# length: 2
R2


# name: DATASIZE
# type: sq_string
# elements: 1
# length: 3
250


