# Created by Octave 3.8.2, Wed May 18 09:18:32 2016 CEST <Andrea@Andreas-MacBook-Pro.local>
# name: SVs
# type: cell
# rows: 1
# columns: 7
# name: <cell-element>
# type: sparse matrix
# nnz: 315
# rows: 45
# columns: 7
1 1 0.2905000793957618
2 1 -0.7933885455308628
3 1 -1.598409359332534
4 1 1.057890537961295
5 1 1.054530684815211
6 1 1.841408291628031
7 1 1.279640845602824
8 1 -1.182459539847364
9 1 0.6829309268583463
10 1 1.115680012073936
11 1 -1.852414257176468
12 1 -1.00304338184649
13 1 1.156670220456158
14 1 -0.1227618575725421
15 1 1.411347088929308
16 1 0.4558048541830834
17 1 -0.4002857274390616
18 1 -0.7006565986989507
19 1 1.424786501513643
20 1 1.242682460995903
21 1 0.4746200318011525
22 1 0.04523079973164652
23 1 -0.3962539036637611
24 1 -1.099807152453703
25 1 2.004025183898485
26 1 -0.3304007820005191
27 1 -0.7020005399573842
28 1 -1.135421595802191
29 1 1.012868505803773
30 1 -0.8921682280257257
31 1 0.5928868625433013
32 1 -2.054005445941494
33 1 -1.283255134229877
34 1 0.9255123240055947
35 1 0.6466445128806416
36 1 0.4101108513963441
37 1 -0.697296745552867
38 1 0.3294743758903336
39 1 -0.01591852752707812
40 1 -1.363891609735887
41 1 1.137855042838089
42 1 0.9866616512643193
43 1 1.453681238569964
44 1 2.16664207616894
45 1 0.1278831871253073
1 2 -0.8745980959852017
2 2 -0.8019993917801187
3 2 -2.027280463241396
4 2 0.5624291960742341
5 2 0.04676487061754209
6 2 0.2033503110598778
7 2 1.877035143787844
8 2 -1.65681354619487
9 2 0.7254204045346655
10 2 0.4143847796560258
11 2 -1.107696876643679
12 2 -0.2379359301867047
13 2 0.7186587605155645
14 2 -0.5194338469819038
15 2 0.722573396526623
16 2 0.5887640201486269
17 2 -0.08989151376849638
18 2 -0.9048475560706529
19 2 0.5567351800581491
20 2 0.1620686949432621
21 2 0.1446307708940019
22 2 -1.076735664556217
23 2 -0.262491374256071
24 2 -1.694892278302438
25 2 0.813677652783982
26 2 -0.6849161874493722
27 2 -0.1336642618921493
28 2 -0.7240625475599561
29 2 1.807283447590803
30 2 0.1432072668899807
31 2 0.842503608865412
32 2 -1.968205047074515
33 2 -1.09773234861553
34 2 0.2286175071312548
35 2 0.004415626497910376
36 2 0.2759490152649608
37 2 1.604078251016772
38 2 0.6823594084130231
39 2 -0.1696077379936855
40 2 -0.4511056547888845
41 2 0.8585180289106509
42 2 -0.01764868556441875
43 2 0.8659914249317623
44 2 1.875255763782817
45 2 0.4624280397917425
1 3 -1.005915642314033
2 3 -1.20502073221717
3 3 -0.6325935987456499
4 3 0.0287197355754851
5 3 -0.3446023079928976
6 3 -1.578342775785553
7 3 -0.1632744582596831
8 3 0.1744931049688536
9 3 -1.674339872703137
10 3 1.209128482858371
11 3 -0.3126032756870362
12 3 0.03938607967743889
13 3 -0.1099427377499142
14 3 -1.485901126901953
15 3 0.4127081232458216
16 3 -0.9134739934304331
17 3 0.4055972271778524
18 3 -0.09216549757999121
19 3 -1.15879990777537
20 3 -1.340127757508585
21 3 1.742445687956061
22 3 1.578895078392769
23 3 1.411789020795493
24 3 -0.9632502659062175
25 3 2.318428269461565
26 3 0.5371488044352825
27 3 -0.4690429891823585
28 3 1.987771602300998
29 3 -1.333016861440615
30 3 -0.2592715551772672
31 3 -0.7605897279690954
32 3 0.5015943240954365
33 3 -1.215687076319124
34 3 -1.4290139583582
35 3 -0.07438825741006821
36 3 -0.05305556920616063
37 3 0.8713609196298346
38 3 -0.5152638136241583
39 3 -0.7214797995952649
40 3 -1.407681270154292
41 3 0.0216088395075159
42 3 -0.5223747096921274
43 3 1.788666512397861
44 3 -1.443235750494138
45 3 0.8606945755278809
1 4 -1.246794240712701
2 4 -1.092460000094622
3 4 -0.3242184467957367
4 4 -0.3808076683556992
5 4 -0.6225979786573572
6 4 -1.071882101345544
7 4 -0.6243128035531136
8 4 -0.1818879804479523
9 4 -1.188490194256982
10 4 2.093684656220843
11 4 0.01360205766828178
12 4 -0.1647397314903879
13 4 0.2296699945335931
14 4 -1.169627120403661
15 4 2.007943411433021
16 4 -0.9038292615614132
17 4 0.2673961422402348
18 4 -0.1836028053437087
19 4 0.0187465323555511
20 4 -1.323961361021741
21 4 1.493495942706089
22 4 2.446938584746669
23 4 0.3068371148426329
24 4 -0.8986847868741439
25 4 1.867327769980993
26 4 1.191686761052956
27 4 -0.7786470441711931
28 4 2.126266329240215
29 4 -1.215927392589085
30 4 -0.4219634658538538
31 4 -0.7203429977154743
32 4 0.5280495263952135
33 4 -1.197064318735764
34 4 -1.564036846427642
35 4 -0.457974788664739
36 4 -0.1664545563861443
37 4 2.004513761641508
38 4 -0.766643269900898
39 4 -0.188747280030978
40 4 -1.387409882164729
41 4 -0.09100226097286102
42 4 -0.5402863836610481
43 4 2.19142967527896
44 4 -1.166197470612149
45 4 0.7646953620096022
1 5 -1.916754416361867
2 5 -0.5243461918251916
3 5 -1.387494364641461
4 5 -1.2219438271365
5 5 -0.1330449213589202
6 5 0.5235831364890395
7 5 1.457800984496833
8 5 -1.578685726137089
9 5 0.4697931470303569
10 5 -0.8493157654460409
11 5 -0.3978142995234201
12 5 0.8953750843537162
13 5 -0.3490409930194333
14 5 -0.8835964323031288
15 5 2.200827471008998
16 5 0.6392455490556368
17 5 -0.711635688800501
18 5 -0.6898967293301526
19 5 -0.8161499170233298
20 5 -0.1954747536840233
21 5 1.576250443149372
22 5 -1.344295150309359
23 5 -0.05082706182362812
24 5 -1.176793680544238
25 5 0.4068059054880653
26 5 -0.1709487481277328
27 5 -0.2512156754028654
28 5 -0.4739006576696395
29 5 0.2733063979714386
30 5 0.5701268061242727
31 5 1.070680283159475
32 5 -0.8590704267468383
33 5 -1.246748537301385
34 5 -0.8010998681592425
35 5 0.2866842191839606
36 5 0.07877058117267971
37 5 2.340737184523291
38 5 1.92100804398041
39 5 0.4533495751232985
40 5 0.5274850010093585
41 5 -0.1297004660557897
42 5 -0.4019948686523332
43 5 0.820960953859062
44 5 1.242641026662102
45 5 -0.2553962445317786
1 6 -1.937643890429337
2 6 -0.5667086455362831
3 6 -1.376615866993421
4 6 -1.234679136513377
5 6 -0.1179422176082525
6 6 0.4562436486926774
7 6 1.588378043290903
8 6 -1.527791082889327
9 6 0.3865350769184543
10 6 -0.887256094056305
11 6 -0.4477281515441353
12 6 0.905010076620708
13 6 -0.308870916202711
14 6 -0.8889358186773706
15 6 2.137927948482871
16 6 0.5934211594130361
17 6 -0.6935278544267371
18 6 -0.7050059726706855
19 6 -0.8130682566259069
20 6 -0.264918121951494
21 6 1.559542770629277
22 6 -1.335742567880825
23 6 0.02231478825072645
24 6 -1.180647994535766
25 6 0.4920777739420772
26 6 -0.1845712942438553
27 6 -0.1210217127468728
28 6 -0.4863618178286445
29 6 0.2644750877876862
30 6 0.593981067620058
31 6 1.046386898893731
32 6 -0.8228666502487897
33 6 -1.255955648380208
34 6 -0.8679392609140504
35 6 0.357419850153317
36 6 0.05674914298257159
37 6 2.332496050422971
38 6 1.926282646228603
39 6 0.4268484678240291
40 6 0.493197590356121
41 6 -0.09162653187822455
42 6 -0.4261716855737932
43 6 0.8143049470831647
44 6 1.26447114552875
45 6 -0.1526565264436086
1 7 -1.395915151065982
2 7 -1.395915151065982
3 7 0.1049122034204156
4 7 1.605739557906812
5 7 1.605739557906812
6 7 -1.395915151065982
7 7 -0.3953635814083835
8 7 1.605739557906812
9 7 -1.395915151065982
10 7 0.605187988249214
11 7 0.1049122034204156
12 7 0.1049122034204156
13 7 -0.7955842092714228
14 7 -1.395915151065982
15 7 0.1049122034204156
16 7 0.1049122034204156
17 7 1.605739557906812
18 7 -0.3953635814083835
19 7 -1.395915151065982
20 7 0.1049122034204156
21 7 0.605187988249214
22 7 1.605739557906812
23 7 0.605187988249214
24 7 -0.7955842092714228
25 7 1.605739557906812
26 7 -0.3953635814083835
27 7 -0.3953635814083835
28 7 -0.3953635814083835
29 7 -0.7955842092714228
30 7 0.1049122034204156
31 7 -1.395915151065982
32 7 0.605187988249214
33 7 -1.395915151065982
34 7 -1.395915151065982
35 7 1.605739557906812
36 7 1.605739557906812
37 7 1.605739557906812
38 7 -0.3953635814083835
39 7 0.1049122034204156
40 7 -0.7955842092714228
41 7 -0.3953635814083835
42 7 -0.7955842092714228
43 7 -0.3953635814083835
44 7 -1.395915151065982
45 7 0.605187988249214



