# Created by Octave 4.0.0, Mon May 23 11:55:09 2016 CEST <peter@Independence>
# name: SVs
# type: cell
# rows: 1
# columns: 7
# name: <cell-element>
# type: sparse matrix
# nnz: 224
# rows: 32
# columns: 7
1 1 1.929213632920958
2 1 0.2537025206390756
3 1 0.5444826054559313
4 1 0.8876433983922207
5 1 1.643805928424044
6 1 1.101195516109911
7 1 -1.828766400878406
8 1 0.7620640084135786
9 1 -1.50843822430187
10 1 1.142831463589461
11 1 -0.6414703501712448
12 1 -0.802641759769502
13 1 0.3792819106177177
14 1 -0.307039675254861
15 1 -0.7039242713905695
16 1 0.03209183244147191
17 1 -0.03371982647781646
18 1 -0.84629234986903
19 1 0.07305623238102896
20 1 1.236176571648452
21 1 2.254242642277443
22 1 0.0737277799210217
23 1 0.1361817011403464
24 1 1.146189201289425
25 1 -1.640061542140447
26 1 -0.6240101141314336
27 1 1.244906689668358
28 1 0.4900872547165195
29 1 -0.1270649345368071
30 1 -1.048428159406844
31 1 0.5370955825160112
32 1 -0.7113112943304896
1 2 0.3833045747529864
2 2 0.5035305752936229
3 2 0.8019693933559102
4 2 1.258905511166304
5 2 1.374879145128332
6 2 2.125615135642532
7 2 -1.325373632287571
8 2 0.4791761121615969
9 2 -2.039771217493668
10 2 0.2132099116086776
11 2 -0.9670151033449018
12 2 0.3179727609543769
13 2 -0.7876425494836307
14 2 0.5325239837841301
15 2 -0.7087804783894511
16 2 -0.4961621494590651
17 2 -0.4018369271699483
18 2 -0.7899620221628713
19 2 -0.0218299865543674
20 2 0.6817433928152737
21 2 2.199451682598357
22 2 -0.4389484900377975
23 2 0.2097307025898167
24 2 0.7733625636452766
25 2 -0.6585252370059054
26 2 1.805527905907333
27 2 0.943070648009712
28 2 2.503689182358745
29 2 -0.5634268571570418
30 2 -0.7675404529302123
31 2 0.202772284552095
32 2 -0.09064100937183781
1 3 -1.351163182662257
2 3 -0.358595662985001
3 3 -0.5712887029158416
4 3 -0.3335729524049021
5 3 2.569061474886568
6 3 -1.06340201099112
7 3 -0.4753683123587958
8 3 0.667335470799053
9 3 -0.2418230136112063
10 3 0.0959835792201286
11 3 -0.1709253336342594
12 3 0.1960744215405241
13 3 -0.6797204487629367
14 3 -0.2626752724279554
15 3 -0.9132657475105261
16 3 0.1043244827468282
17 3 -1.242731436815161
18 3 -0.2501639171379059
19 3 -0.3460843076949516
20 3 -0.4795387641221456
21 3 -1.192686015654964
22 3 -0.3919592770917996
23 3 0.6298014049289047
24 3 0.533881014371859
25 3 -0.5629477993891419
26 3 1.351289559988422
27 3 0.3712333956012163
28 3 0.5839264355320567
29 3 -0.08334584660391336
30 3 1.868425578643799
31 3 -0.7589590322665831
32 3 1.664073442239658
1 4 -0.8581967850257749
2 4 -0.2166517235312183
3 4 -0.6611077065729017
4 4 -0.3473740714846545
5 4 2.97900690566894
6 4 -1.027130280842523
7 4 -0.6952966283453389
8 4 0.8432048514143345
9 4 0.01864850278496707
10 4 -0.3312851671211547
11 4 -0.09598494080496937
12 4 -0.09598494080496937
13 4 -1.063330315660398
14 4 0.3705932857365263
15 4 -0.8823301415710246
16 4 -0.3795518802116543
17 4 -0.9728302286157113
18 4 -0.3674852019390294
19 4 0.1775264333745281
20 4 -0.9909302460246486
21 4 -0.9688080025248363
22 4 0.09305968546615388
23 4 -0.007495966805720192
24 4 -0.04771822771446983
25 4 -0.190507253940531
26 4 0.736615860006148
27 4 0.6682380164612736
28 4 0.298193216100777
29 4 0.9819716515495207
30 4 0.3424377031004016
31 4 -0.4821186455289658
32 4 1.888983635041825
1 5 0.8723614441661548
2 5 0.3082647340082127
3 5 1.013131218499015
4 5 1.97341852244197
5 5 0.9615721686228829
6 5 0.5677560047663761
7 5 -0.6574498383427562
8 5 0.2051466342559491
9 5 -1.453562272943292
10 5 0.07319617108611175
11 5 0.3784800190368922
12 5 0.9290085581747997
13 5 -2.097711192119438
14 5 -0.425434113900163
15 5 -0.4030466317171058
16 5 0.006372928812440909
17 5 -0.8402809428377236
18 5 -0.5461908359784717
19 5 0.7868819667399363
20 5 -0.1194718573983808
21 5 1.747508474958392
22 5 -0.4474823918077194
23 5 -0.2487086863642112
24 5 -1.252074933295776
25 5 0.6417025368255651
26 5 2.281755208872258
27 5 -0.1896871424270603
28 5 1.279067370491695
29 5 0.5314611472877833
30 5 0.1864903991034014
31 5 0.7512655178123453
32 5 1.041285173365587
1 6 0.8053246317371615
2 6 0.2831248262843464
3 6 0.9735546808310994
4 6 2.012461065643866
5 6 1.057669705378068
6 6 0.5701458896364525
7 6 -0.7125224030471223
8 6 0.2388356909106362
9 6 -1.44243482013633
10 6 0.1011617119582504
11 6 0.3095609768562509
12 6 0.9742413340927073
13 6 -2.130461388267455
14 6 -0.3911686766146207
15 6 -0.4491908772204891
16 6 0.04931939070685322
17 6 -0.844359829275841
18 6 -0.5806849768184037
19 6 0.7692753355027463
20 6 -0.0825180355218654
21 6 1.796508614868179
22 6 -0.526096042520575
23 6 -0.2655111297403733
24 6 -1.268368218318725
25 6 0.5540095379886667
26 6 2.276135918101304
27 6 -0.1329870502500468
28 6 1.31482135185023
29 6 0.4698945134416978
30 6 0.2563453490816379
31 6 0.6975200696647198
32 6 1.033980167852595
1 7 -1.112325680178698
2 7 -0.5916625958397327
3 7 0.189332030668716
4 7 1.49098974151613
5 7 1.49098974151613
6 7 -0.5916625958397327
7 7 0.189332030668716
8 7 -0.5916625958397327
9 7 0.189332030668716
10 7 1.49098974151613
11 7 -0.5916625958397327
12 7 0.189332030668716
13 7 -1.112325680178698
14 7 0.189332030668716
15 7 -1.112325680178698
16 7 1.49098974151613
17 7 -1.112325680178698
18 7 -0.5916625958397327
19 7 0.189332030668716
20 7 -0.5916625958397327
21 7 -1.112325680178698
22 7 0.189332030668716
23 7 1.49098974151613
24 7 1.49098974151613
25 7 0.189332030668716
26 7 1.49098974151613
27 7 -0.5916625958397327
28 7 0.189332030668716
29 7 -0.5916625958397327
30 7 1.49098974151613
31 7 -1.112325680178698
32 7 1.49098974151613



# name: <cell-element>
# type: sparse matrix
# nnz: 56
# rows: 8
# columns: 7
1 1 1.643805928424044
2 1 1.101195516109911
3 1 -1.828766400878406
4 1 -1.50843822430187
5 1 -1.644090827380403
6 1 2.254242642277443
7 1 -0.6240101141314336
8 1 0.4900872547165195
1 2 1.374879145128332
2 2 2.125615135642532
3 2 -1.325373632287571
4 2 -2.039771217493668
5 2 -2.108195661531265
6 2 2.199451682598357
7 2 1.805527905907333
8 2 2.503689182358745
1 3 2.569061474886568
2 3 -1.06340201099112
3 3 -0.4753683123587958
4 3 -0.2418230136112063
5 3 0.533881014371859
6 3 -1.192686015654964
7 3 1.351289559988422
8 3 0.5839264355320567
1 4 2.97900690566894
2 4 -1.027130280842523
3 4 -0.6952966283453389
4 4 0.01864850278496707
5 4 0.5556156859167747
6 4 -0.9688080025248363
7 4 0.736615860006148
8 4 0.298193216100777
1 5 0.9615721686228829
2 5 0.5677560047663761
3 5 -0.6574498383427562
4 5 -1.453562272943292
5 5 -1.884690907104894
6 5 1.747508474958392
7 5 2.281755208872258
8 5 1.279067370491695
1 6 1.057669705378068
2 6 0.5701458896364525
3 6 -0.7125224030471223
4 6 -1.44243482013633
5 6 -1.997250655515521
6 6 1.796508614868179
7 6 2.276135918101304
8 6 1.31482135185023
1 7 1.49098974151613
2 7 -0.5916625958397327
3 7 0.189332030668716
4 7 0.189332030668716
5 7 -0.5916625958397327
6 7 -1.112325680178698
7 7 1.49098974151613
8 7 0.189332030668716



# name: <cell-element>
# type: sparse matrix
# nnz: 42
# rows: 6
# columns: 7
1 1 1.101195516109911
2 1 -1.828766400878406
3 1 -0.7039242713905695
4 1 2.254242642277443
5 1 1.146189201289425
6 1 0.4900872547165195
1 2 2.125615135642532
2 2 -1.325373632287571
3 2 -0.7087804783894511
4 2 2.199451682598357
5 2 0.7733625636452766
6 2 2.503689182358745
1 3 -1.06340201099112
2 3 -0.4753683123587958
3 3 -0.9132657475105261
4 3 -1.192686015654964
5 3 0.533881014371859
6 3 0.5839264355320567
1 4 -1.027130280842523
2 4 -0.6952966283453389
3 4 -0.8823301415710246
4 4 -0.9688080025248363
5 4 -0.04771822771446983
6 4 0.298193216100777
1 5 0.5677560047663761
2 5 -0.6574498383427562
3 5 -0.4030466317171058
4 5 1.747508474958392
5 5 -1.252074933295776
6 5 1.279067370491695
1 6 0.5701458896364525
2 6 -0.7125224030471223
3 6 -0.4491908772204891
4 6 1.796508614868179
5 6 -1.268368218318725
6 6 1.31482135185023
1 7 -0.5916625958397327
2 7 0.189332030668716
3 7 -1.112325680178698
4 7 -1.112325680178698
5 7 1.49098974151613
6 7 0.189332030668716



