# Created by Octave 3.8.2, Wed May 18 09:18:22 2016 CEST <Andrea@Andreas-MacBook-Pro.local>
# name: mu
# type: matrix
# rows: 1
# columns: 8
 83339.46601941748 56774.68932038835 64199.59223300971 8399.922330097088 8969.067961165048 20433.36893203884 20792.29126213592 0.01220873786407765


# name: sigma
# type: matrix
# rows: 1
# columns: 8
 3277.494059507738 1488.160280406296 2809.967508837673 281.2585053814718 583.1499195484228 3588.028217559849 3572.014081804434 0.002776246484454939


