# Created by Octave 4.0.0, Mon May 23 11:55:09 2016 CEST <peter@Independence>
# name: x
# type: matrix
# rows: 1
# columns: 100
 0.008333333333333333 0.008417508417508417 0.008501683501683501 0.008585858585858586 0.00867003367003367 0.008754208754208754 0.008838383838383838 0.008922558922558922 0.009006734006734006 0.00909090909090909 0.009175084175084175 0.009259259259259259 0.009343434343434343 0.009427609427609427 0.009511784511784511 0.009595959595959595 0.009680134680134681 0.009764309764309764 0.009848484848484849 0.009932659932659932 0.01001683501683502 0.0101010101010101 0.01018518518518519 0.01026936026936027 0.01035353535353535 0.01043771043771044 0.01052188552188552 0.01060606060606061 0.01069023569023569 0.01077441077441077 0.01085858585858586 0.01094276094276094 0.01102693602693603 0.01111111111111111 0.0111952861952862 0.01127946127946128 0.01136363636363636 0.01144781144781145 0.01153198653198653 0.01161616161616162 0.0117003367003367 0.01178451178451178 0.01186868686868687 0.01195286195286195 0.01203703703703704 0.01212121212121212 0.01220538720538721 0.01228956228956229 0.01237373737373737 0.01245791245791246 0.01254208754208754 0.01262626262626263 0.01271043771043771 0.01279461279461279 0.01287878787878788 0.01296296296296296 0.01304713804713805 0.01313131313131313 0.01321548821548822 0.0132996632996633 0.01338383838383838 0.01346801346801347 0.01355218855218855 0.01363636363636364 0.01372053872053872 0.01380471380471381 0.01388888888888889 0.01397306397306397 0.01405723905723906 0.01414141414141414 0.01422558922558922 0.01430976430976431 0.01439393939393939 0.01447811447811448 0.01456228956228956 0.01464646464646465 0.01473063973063973 0.01481481481481482 0.0148989898989899 0.01498316498316498 0.01506734006734007 0.01515151515151515 0.01523569023569024 0.01531986531986532 0.0154040404040404 0.01548821548821549 0.01557239057239057 0.01565656565656566 0.01574074074074074 0.01582491582491583 0.01590909090909091 0.01599326599326599 0.01607744107744108 0.01616161616161616 0.01624579124579124 0.01632996632996633 0.01641414141414142 0.0164983164983165 0.01658249158249158 0.01666666666666667


# name: y
# type: matrix
# rows: 100
# columns: 1
 82689.12949543782
 82689.05115987507
 82688.97831253569
 82688.9106908894
 82688.84803884049
 82688.79010672779
 82688.73665132474
 82688.68743583933
 82688.64222991408
 82688.60080962612
 82688.56295748716
 82688.52846244338
 82688.49711987567
 82688.46873159935
 82688.44310586438
 82688.42005735527
 82688.3994071911
 82688.3809829255
 82688.36461854669
 82688.35015447743
 82688.33743757506
 82688.32632113148
 82688.31666487316
 82688.30833496114
 82688.30120399101
 82688.29515099296
 82688.29006143167
 82688.28582720649
 82688.28234665126
 82688.27952453442
 82688.27727205894
 82688.2755068624
 82688.27415301692
 82688.27314102917
 82688.27240784044
 82688.27189682654
 82688.27155779787
 82688.27134699935
 82688.27122711051
 82688.27116724546
 82688.27114295283
 82688.27113621584
 82688.27113545228
 82688.27113551447
 82688.27113768936
 82688.2711496984
 82688.27118569765
 82688.27126627772
 82688.27141846377
 82688.27167571557
 82688.2720779274
 82688.27267142815
 82688.27350898123
 82688.27464978468
 82688.27615947106
 82688.27811010749
 82688.2805801957
 82688.28365467192
 82688.287424907
 82688.29198870635
 82688.29745030992
 82688.30392039224
 82688.31151606241
 82688.32036086409
 82688.3305847755
 82688.34232420943
 82688.35572201325
 82688.37092746887
 82688.38809629279
 82688.40739063607
 82688.42897908432
 82688.45303665772
 82688.47974481105
 82688.50929143358
 82688.54187084924
 82688.57768381643
 82688.61693752822
 82688.65984561216
 82688.70662813039
 82688.75751157962
 82688.81272889115
 82688.87251943081
 82688.93712899901
 82689.00680983071
 82689.08182059547
 82689.16242639738
 82689.24889877513
 82689.34151570193
 82689.44056158561
 82689.54632726852
 82689.65911002758
 82689.77921357432
 82689.90694805481
 82690.04263004965
 82690.18658257404
 82690.33913507775
 82690.50062344513
 82690.67138999503
 82690.85178348095
 82691.04215909088


# name: QUERY
# type: sq_string
# elements: 1
# length: 2
R2


# name: DATASIZE
# type: sq_string
# elements: 1
# length: 3
250


