# Created by Octave 3.8.2, Wed May 18 09:18:37 2016 CEST <Andrea@Andreas-MacBook-Pro.local>
# name: x
# type: matrix
# rows: 1
# columns: 100
 0.008333333333333333 0.008417508417508417 0.008501683501683501 0.008585858585858586 0.00867003367003367 0.008754208754208754 0.008838383838383838 0.008922558922558922 0.009006734006734006 0.00909090909090909 0.009175084175084175 0.009259259259259259 0.009343434343434343 0.009427609427609427 0.009511784511784511 0.009595959595959595 0.009680134680134679 0.009764309764309764 0.009848484848484848 0.009932659932659932 0.01001683501683502 0.0101010101010101 0.01018518518518518 0.01026936026936027 0.01035353535353535 0.01043771043771044 0.01052188552188552 0.0106060606060606 0.01069023569023569 0.01077441077441077 0.01085858585858586 0.01094276094276094 0.01102693602693603 0.01111111111111111 0.0111952861952862 0.01127946127946128 0.01136363636363636 0.01144781144781145 0.01153198653198653 0.01161616161616162 0.0117003367003367 0.01178451178451178 0.01186868686868687 0.01195286195286195 0.01203703703703704 0.01212121212121212 0.01220538720538721 0.01228956228956229 0.01237373737373737 0.01245791245791246 0.01254208754208754 0.01262626262626263 0.01271043771043771 0.01279461279461279 0.01287878787878788 0.01296296296296296 0.01304713804713805 0.01313131313131313 0.01321548821548822 0.0132996632996633 0.01338383838383838 0.01346801346801347 0.01355218855218855 0.01363636363636364 0.01372053872053872 0.0138047138047138 0.01388888888888889 0.01397306397306397 0.01405723905723906 0.01414141414141414 0.01422558922558923 0.01430976430976431 0.01439393939393939 0.01447811447811448 0.01456228956228956 0.01464646464646465 0.01473063973063973 0.01481481481481482 0.0148989898989899 0.01498316498316498 0.01506734006734007 0.01515151515151515 0.01523569023569024 0.01531986531986532 0.0154040404040404 0.01548821548821549 0.01557239057239057 0.01565656565656566 0.01574074074074074 0.01582491582491583 0.01590909090909091 0.01599326599326599 0.01607744107744108 0.01616161616161616 0.01624579124579124 0.01632996632996633 0.01641414141414142 0.0164983164983165 0.01658249158249158 0.01666666666666667


# name: y
# type: matrix
# rows: 100
# columns: 1
 82633.38702219701
 82633.37289064183
 82633.3602437558
 82633.3489540423
 82633.33890239884
 82633.32997774027
 82633.32207663056
 82633.3151029234
 82633.30896741126
 82633.30358748321
 82633.29888679145
 82633.2947949263
 82633.29124710007
 82633.28818383944
 82633.28555068652
 82633.28329790862
 82633.28138021663
 82633.27975649202
 82633.27838952254
 82633.27724574665
 82633.27629500641
 82633.27551030919
 82633.27486759801
 82633.27434553046
 82633.2739252663
 82633.27359026384
 82633.27332608476
 82633.27312020774
 82633.2729618507
 82633.27284180168
 82633.27275225842
 82633.2726866765
 82633.27263962626
 82633.27260665828
 82633.27258417757
 82633.27256932632
 82633.27255987548
 82633.27255412479
 82633.27255081167
 82633.27254902851
 82633.27254814892
 82633.27254776238
 82633.27254761766
 82633.2725475749
 82633.27254756629
 82633.27254756543
 82633.27254756542
 82633.27254756543
 82633.2725475661
 82633.27254757351
 82633.27254761178
 82633.27254774443
 82633.27254810427
 82633.272548932
 82633.2725506235
 82633.27255378573
 82633.27255930129
 82633.27256840159
 82633.2725827488
 82633.27260452638
 82633.27263653818
 82633.27268231634
 82633.27274623774
 82633.27283364921
 82633.2729510013
 82633.27310599065
 82633.27330771126
 82633.27356681411
 82633.27389567567
 82633.2743085749
 82633.27482187905
 82633.27545423798
 82633.27622678725
 82633.27716335974
 82633.27829070608
 82633.27963872357
 82633.28124069388
 82633.28313352934
 82633.28535802793
 82633.28795913687
 82633.29098622486
 82633.29449336311
 82633.2985396148
 82633.3031893334
 82633.30851246949
 82633.31458488641
 82633.32148868432
 82633.32931253315
 82633.33815201413
 82633.3481099698
 82633.35929686303
 82633.37183114432
 82633.38583962806
 82633.40145787717
 82633.4188305967
 82633.43811203571
 82633.45946639824
 82633.48306826256
 82633.50910300924
 82633.53776725792


# name: QUERY
# type: sq_string
# elements: 1
# length: 2
R2


# name: DATASIZE
# type: sq_string
# elements: 1
# length: 3
250


