# Created by Octave 3.8.2, Wed May 18 09:18:37 2016 CEST <Andrea@Andreas-MacBook-Pro.local>
# name: x
# type: matrix
# rows: 1
# columns: 100
 0.008333333333333333 0.008417508417508417 0.008501683501683501 0.008585858585858586 0.00867003367003367 0.008754208754208754 0.008838383838383838 0.008922558922558922 0.009006734006734006 0.00909090909090909 0.009175084175084175 0.009259259259259259 0.009343434343434343 0.009427609427609427 0.009511784511784511 0.009595959595959595 0.009680134680134679 0.009764309764309764 0.009848484848484848 0.009932659932659932 0.01001683501683502 0.0101010101010101 0.01018518518518518 0.01026936026936027 0.01035353535353535 0.01043771043771044 0.01052188552188552 0.0106060606060606 0.01069023569023569 0.01077441077441077 0.01085858585858586 0.01094276094276094 0.01102693602693603 0.01111111111111111 0.0111952861952862 0.01127946127946128 0.01136363636363636 0.01144781144781145 0.01153198653198653 0.01161616161616162 0.0117003367003367 0.01178451178451178 0.01186868686868687 0.01195286195286195 0.01203703703703704 0.01212121212121212 0.01220538720538721 0.01228956228956229 0.01237373737373737 0.01245791245791246 0.01254208754208754 0.01262626262626263 0.01271043771043771 0.01279461279461279 0.01287878787878788 0.01296296296296296 0.01304713804713805 0.01313131313131313 0.01321548821548822 0.0132996632996633 0.01338383838383838 0.01346801346801347 0.01355218855218855 0.01363636363636364 0.01372053872053872 0.0138047138047138 0.01388888888888889 0.01397306397306397 0.01405723905723906 0.01414141414141414 0.01422558922558923 0.01430976430976431 0.01439393939393939 0.01447811447811448 0.01456228956228956 0.01464646464646465 0.01473063973063973 0.01481481481481482 0.0148989898989899 0.01498316498316498 0.01506734006734007 0.01515151515151515 0.01523569023569024 0.01531986531986532 0.0154040404040404 0.01548821548821549 0.01557239057239057 0.01565656565656566 0.01574074074074074 0.01582491582491583 0.01590909090909091 0.01599326599326599 0.01607744107744108 0.01616161616161616 0.01624579124579124 0.01632996632996633 0.01641414141414142 0.0164983164983165 0.01658249158249158 0.01666666666666667


# name: y
# type: matrix
# rows: 100
# columns: 1
 82569.1374587919
 82568.73505669068
 82568.35858350304
 82568.00690072658
 82567.67889542044
 82567.37348020512
 82567.08959326267
 82566.82619833654
 82566.58228473166
 82566.35686731442
 82566.14898651265
 82565.95770831566
 82565.78212427421
 82565.62135150049
 82565.4745326682
 82565.34083601246
 82565.21945532986
 82565.10960997843
 82565.0105448777
 82564.92153050861
 82564.84186291358
 82564.77086369651
 82564.7078800227
 82564.65228461896
 82564.60347577353
 82564.56087733613
 82564.52393871792
 82564.49213489152
 82564.46496639101
 82564.44195931191
 82564.42266531126
 82564.40666160747
 82564.39355098047
 82564.38296177163
 82564.37454788375
 82564.36798878116
 82564.36298948957
 82564.35928059618
 82564.35661824967
 82564.35478416012
 82564.35358559914
 82564.35285539972
 82564.35245195638
 82564.35225922505
 82564.35218672315
 82564.35216952951
 82564.35216828447
 82564.35216918981
 82564.35218400875
 82564.35225006599
 82564.35243024767
 82564.35281300142
 82564.35351233628
 82564.35466782277
 82564.35644459291
 82564.35903334008
 82564.36265031922
 82564.36753734667
 82564.37396180023
 82564.3822166192
 82564.39262030425
 82564.40551691763
 82564.42127608293
 82564.44029298527
 82564.4629883712
 82564.48980854877
 82564.52122538739
 82564.55773631803
 82564.59986433308
 82564.64815798638
 82564.70319139322
 82564.76556423037
 82564.83590173606
 82564.91485470995
 82565.00309951318
 82565.10133806833
 82565.21029785948
 82565.3307319321
 82565.46341889318
 82565.60916291113
 82565.76879371585
 82565.94316659865
 82566.13316241234
 82566.33968757118
 82566.56367405086
 82566.80607938857
 82567.06788668293
 82567.35010459401
 82567.65376734336
 82567.97993471401
 82568.32969205036
 82568.70415025837
 82569.10444580539
 82569.53174072027
 82569.98722259328
 82570.47210457615
 82570.98762538213
 82571.53504928586
 82572.11566612343
 82572.73079129246


# name: QUERY
# type: sq_string
# elements: 1
# length: 2
R2


# name: DATASIZE
# type: sq_string
# elements: 1
# length: 3
250


