# Created by Octave 3.8.2, Wed May 18 09:18:37 2016 CEST <Andrea@Andreas-MacBook-Pro.local>
# name: x
# type: matrix
# rows: 1
# columns: 100
 0.008333333333333333 0.008417508417508417 0.008501683501683501 0.008585858585858586 0.00867003367003367 0.008754208754208754 0.008838383838383838 0.008922558922558922 0.009006734006734006 0.00909090909090909 0.009175084175084175 0.009259259259259259 0.009343434343434343 0.009427609427609427 0.009511784511784511 0.009595959595959595 0.009680134680134679 0.009764309764309764 0.009848484848484848 0.009932659932659932 0.01001683501683502 0.0101010101010101 0.01018518518518518 0.01026936026936027 0.01035353535353535 0.01043771043771044 0.01052188552188552 0.0106060606060606 0.01069023569023569 0.01077441077441077 0.01085858585858586 0.01094276094276094 0.01102693602693603 0.01111111111111111 0.0111952861952862 0.01127946127946128 0.01136363636363636 0.01144781144781145 0.01153198653198653 0.01161616161616162 0.0117003367003367 0.01178451178451178 0.01186868686868687 0.01195286195286195 0.01203703703703704 0.01212121212121212 0.01220538720538721 0.01228956228956229 0.01237373737373737 0.01245791245791246 0.01254208754208754 0.01262626262626263 0.01271043771043771 0.01279461279461279 0.01287878787878788 0.01296296296296296 0.01304713804713805 0.01313131313131313 0.01321548821548822 0.0132996632996633 0.01338383838383838 0.01346801346801347 0.01355218855218855 0.01363636363636364 0.01372053872053872 0.0138047138047138 0.01388888888888889 0.01397306397306397 0.01405723905723906 0.01414141414141414 0.01422558922558923 0.01430976430976431 0.01439393939393939 0.01447811447811448 0.01456228956228956 0.01464646464646465 0.01473063973063973 0.01481481481481482 0.0148989898989899 0.01498316498316498 0.01506734006734007 0.01515151515151515 0.01523569023569024 0.01531986531986532 0.0154040404040404 0.01548821548821549 0.01557239057239057 0.01565656565656566 0.01574074074074074 0.01582491582491583 0.01590909090909091 0.01599326599326599 0.01607744107744108 0.01616161616161616 0.01624579124579124 0.01632996632996633 0.01641414141414142 0.0164983164983165 0.01658249158249158 0.01666666666666667


# name: y
# type: matrix
# rows: 100
# columns: 1
 84280.02071340606
 84280.57648685263
 84281.12005617499
 84281.65142137316
 84282.1705824471
 84282.67753939684
 84283.17229222239
 84283.65484092373
 84284.12518550086
 84284.58332595379
 84285.02926228251
 84285.46299448702
 84285.88452256733
 84286.29384652343
 84286.69096635534
 84287.07588206303
 84287.44859364652
 84287.80910110581
 84288.15740444089
 84288.49350365177
 84288.81739873844
 84289.1290897009
 84289.42857653917
 84289.71585925322
 84289.99093784307
 84290.25381230871
 84290.50448265015
 84290.74294886738
 84290.96921096042
 84291.18326892924
 84291.38512277386
 84291.57477249428
 84291.75221809048
 84291.91745956249
 84292.07049691028
 84292.21133013388
 84292.33995923327
 84292.45638420846
 84292.56060505944
 84292.65262178621
 84292.73243438877
 84292.80004286714
 84292.8554472213
 84292.89864745125
 84292.929643557
 84292.94843553854
 84292.95502339587
 84292.94940712901
 84292.93158673793
 84292.90156222266
 84292.85933358318
 84292.80490081949
 84292.73826393161
 84292.6594229195
 84292.5683777832
 84292.46512852269
 84292.34967513797
 84292.22201762906
 84292.08215599593
 84291.9300902386
 84291.76582035708
 84291.58934635133
 84291.40066822139
 84291.19978596724
 84290.98669958889
 84290.76140908634
 84290.52391445957
 84290.2742157086
 84290.01231283342
 84289.73820583404
 84289.45189471047
 84289.15337946267
 84288.84266009068
 84288.51973659448
 84288.18460897407
 84287.83727722947
 84287.47774136065
 84287.10600136763
 84286.7220572504
 84286.32590900897
 84285.91755664334
 84285.4970001535
 84285.06423953945
 84284.6192748012
 84284.16210593874
 84283.69273295208
 84283.21115584121
 84282.71737460615
 84282.21138924688
 84281.69319976339
 84281.1628061557
 84280.62020842382
 84280.06540656772
 84279.49840058741
 84278.91919048291
 84278.3277762542
 84277.72415790128
 84277.10833542416
 84276.48030882284
 84275.8400780973


# name: QUERY
# type: sq_string
# elements: 1
# length: 2
R2


# name: DATASIZE
# type: sq_string
# elements: 1
# length: 3
250


