# Created by Octave 4.0.0, Mon May 23 11:55:09 2016 CEST <peter@Independence>
# name: x
# type: matrix
# rows: 1
# columns: 100
 0.008333333333333333 0.008417508417508417 0.008501683501683501 0.008585858585858586 0.00867003367003367 0.008754208754208754 0.008838383838383838 0.008922558922558922 0.009006734006734006 0.00909090909090909 0.009175084175084175 0.009259259259259259 0.009343434343434343 0.009427609427609427 0.009511784511784511 0.009595959595959595 0.009680134680134681 0.009764309764309764 0.009848484848484849 0.009932659932659932 0.01001683501683502 0.0101010101010101 0.01018518518518519 0.01026936026936027 0.01035353535353535 0.01043771043771044 0.01052188552188552 0.01060606060606061 0.01069023569023569 0.01077441077441077 0.01085858585858586 0.01094276094276094 0.01102693602693603 0.01111111111111111 0.0111952861952862 0.01127946127946128 0.01136363636363636 0.01144781144781145 0.01153198653198653 0.01161616161616162 0.0117003367003367 0.01178451178451178 0.01186868686868687 0.01195286195286195 0.01203703703703704 0.01212121212121212 0.01220538720538721 0.01228956228956229 0.01237373737373737 0.01245791245791246 0.01254208754208754 0.01262626262626263 0.01271043771043771 0.01279461279461279 0.01287878787878788 0.01296296296296296 0.01304713804713805 0.01313131313131313 0.01321548821548822 0.0132996632996633 0.01338383838383838 0.01346801346801347 0.01355218855218855 0.01363636363636364 0.01372053872053872 0.01380471380471381 0.01388888888888889 0.01397306397306397 0.01405723905723906 0.01414141414141414 0.01422558922558922 0.01430976430976431 0.01439393939393939 0.01447811447811448 0.01456228956228956 0.01464646464646465 0.01473063973063973 0.01481481481481482 0.0148989898989899 0.01498316498316498 0.01506734006734007 0.01515151515151515 0.01523569023569024 0.01531986531986532 0.0154040404040404 0.01548821548821549 0.01557239057239057 0.01565656565656566 0.01574074074074074 0.01582491582491583 0.01590909090909091 0.01599326599326599 0.01607744107744108 0.01616161616161616 0.01624579124579124 0.01632996632996633 0.01641414141414142 0.0164983164983165 0.01658249158249158 0.01666666666666667


# name: y
# type: matrix
# rows: 100
# columns: 1
 82532.1585171012
 82532.1506819349
 82532.14374004217
 82532.13760802303
 82532.13220845904
 82532.12746962011
 82532.12332517888
 82532.1197139322
 82532.11657953019
 82532.11387021263
 82532.11153855261
 82532.10954120761
 82532.10783867803
 82532.10639507289
 82532.10517788307
 82532.10415776186
 82532.10330831281
 82532.10260588504
 82532.10202937586
 82532.10156004076
 82532.10118131076
 82532.10087861722
 82532.10063922376
 82532.10045206593
 82532.10030759784
 82532.10019764645
 82532.10011527306
 82532.10005464232
 82532.10001089837
 82532.09998004859
 82532.09995885454
 82532.09994473038
 82532.09993564857
 82532.09993005299
 82532.09992677938
 82532.09992498321
 82532.09992407482
 82532.09992366201
 82532.09992349996
 82532.09992344852
 82532.09992343682
 82532.09992343535
 82532.09992343531
 82532.09992343531
 82532.09992343555
 82532.09992343927
 82532.09992346154
 82532.09992354555
 82532.09992378611
 82532.09992436055
 82532.09992556713
 82532.09992787061
 82532.09993195529
 82532.09993878541
 82532.09994967288
 82532.09996635244
 82532.09999106414
 82532.10002664309
 82532.10007661683
 82532.10014530976
 82532.10023795516
 82532.10036081448
 82532.10052130402
 82532.10072812889
 82532.10099142452
 82532.10132290536
 82532.10173602098
 82532.10224611961
 82532.102870619
 82532.1036291846
 82532.10454391515
 82532.10563953569
 82532.10694359776
 82532.1084866872
 82532.11030263911
 82532.11242876027
 82532.11490605898
 82532.11777948208
 82532.12109815952
 82532.12491565626
 82532.12929023137
 82532.1342851048
 82532.13996873116
 82532.14641508121
 82532.15370393039
 82532.161921155
 82532.17115903553
 82532.18151656745
 82532.19309977946
 82532.2060220588
 82532.22040448435
 82532.23637616669
 82532.25407459578
 82532.27364599593
 82532.2952456881
 82532.31903845964
 82532.34519894129
 82532.37391199167
 82532.40537308904
 82532.43978873042


# name: QUERY
# type: sq_string
# elements: 1
# length: 2
R2


# name: DATASIZE
# type: sq_string
# elements: 1
# length: 3
250


