# Created by Octave 4.0.0, Mon May 23 11:55:09 2016 CEST <peter@Independence>
# name: x
# type: matrix
# rows: 1
# columns: 100
 0.008333333333333333 0.008417508417508417 0.008501683501683501 0.008585858585858586 0.00867003367003367 0.008754208754208754 0.008838383838383838 0.008922558922558922 0.009006734006734006 0.00909090909090909 0.009175084175084175 0.009259259259259259 0.009343434343434343 0.009427609427609427 0.009511784511784511 0.009595959595959595 0.009680134680134681 0.009764309764309764 0.009848484848484849 0.009932659932659932 0.01001683501683502 0.0101010101010101 0.01018518518518519 0.01026936026936027 0.01035353535353535 0.01043771043771044 0.01052188552188552 0.01060606060606061 0.01069023569023569 0.01077441077441077 0.01085858585858586 0.01094276094276094 0.01102693602693603 0.01111111111111111 0.0111952861952862 0.01127946127946128 0.01136363636363636 0.01144781144781145 0.01153198653198653 0.01161616161616162 0.0117003367003367 0.01178451178451178 0.01186868686868687 0.01195286195286195 0.01203703703703704 0.01212121212121212 0.01220538720538721 0.01228956228956229 0.01237373737373737 0.01245791245791246 0.01254208754208754 0.01262626262626263 0.01271043771043771 0.01279461279461279 0.01287878787878788 0.01296296296296296 0.01304713804713805 0.01313131313131313 0.01321548821548822 0.0132996632996633 0.01338383838383838 0.01346801346801347 0.01355218855218855 0.01363636363636364 0.01372053872053872 0.01380471380471381 0.01388888888888889 0.01397306397306397 0.01405723905723906 0.01414141414141414 0.01422558922558922 0.01430976430976431 0.01439393939393939 0.01447811447811448 0.01456228956228956 0.01464646464646465 0.01473063973063973 0.01481481481481482 0.0148989898989899 0.01498316498316498 0.01506734006734007 0.01515151515151515 0.01523569023569024 0.01531986531986532 0.0154040404040404 0.01548821548821549 0.01557239057239057 0.01565656565656566 0.01574074074074074 0.01582491582491583 0.01590909090909091 0.01599326599326599 0.01607744107744108 0.01616161616161616 0.01624579124579124 0.01632996632996633 0.01641414141414142 0.0164983164983165 0.01658249158249158 0.01666666666666667


# name: y
# type: matrix
# rows: 100
# columns: 1
 82508.77062647171
 82509.44838096894
 82510.09409644945
 82510.70854867637
 82511.2925134128
 82511.84676642189
 82512.37208346673
 82512.86924031045
 82513.33901271617
 82513.78217644698
 82514.19950726602
 82514.5917809364
 82514.95977322124
 82515.30425988365
 82515.62601668674
 82515.92581939365
 82516.20444376748
 82516.46266557134
 82516.70126056836
 82516.92100452166
 82517.12267319433
 82517.30704234952
 82517.47488775032
 82517.62698515986
 82517.76411034126
 82517.88703905762
 82517.99654707206
 82518.09341014772
 82518.17840404769
 82518.2523045351
 82518.31588737306
 82518.36992832468
 82518.4152031531
 82518.45248762141
 82518.48255749274
 82518.50618853021
 82518.52415649692
 82518.53723715601
 82518.54620627056
 82518.55183960374
 82518.55491291861
 82518.55620197832
 82518.55648254599
 82518.55653038471
 82518.55712125762
 82518.55903092782
 82518.56303515844
 82518.56990971259
 82518.58043035338
 82518.59537284395
 82518.61551294739
 82518.64162642682
 82518.67448904537
 82518.71487656615
 82518.76356475227
 82518.82132936687
 82518.88894617303
 82518.96719093388
 82519.05683941256
 82519.15866737216
 82519.2734505758
 82519.40196478659
 82519.54498576767
 82519.70328928214
 82519.87765109313
 82520.06884696374
 82520.2776526571
 82520.5048439363
 82520.75119656448
 82521.01748630476
 82521.30448892024
 82521.61298017405
 82521.94373582931
 82522.29753164911
 82522.67514339658
 82523.07734683486
 82523.50491772703
 82523.95863183623
 82524.43926492558
 82524.94759275817
 82525.48439109712
 82526.05043570559
 82526.64650234664
 82527.27336678343
 82527.93180477904
 82528.62259209662
 82529.34650449926
 82530.1043177501
 82530.89680761223
 82531.72474984878
 82532.58892022287
 82533.49009449761
 82534.42904843613
 82535.40655780151
 82536.42339835691
 82537.48034586544
 82538.57817609019
 82539.71766479428
 82540.89958774086
 82542.12472069301


# name: QUERY
# type: sq_string
# elements: 1
# length: 2
R2


# name: DATASIZE
# type: sq_string
# elements: 1
# length: 3
250


