# Created by Octave 3.8.2, Wed May 18 09:18:37 2016 CEST <Andrea@Andreas-MacBook-Pro.local>
# name: x
# type: matrix
# rows: 1
# columns: 100
 0.008333333333333333 0.008417508417508417 0.008501683501683501 0.008585858585858586 0.00867003367003367 0.008754208754208754 0.008838383838383838 0.008922558922558922 0.009006734006734006 0.00909090909090909 0.009175084175084175 0.009259259259259259 0.009343434343434343 0.009427609427609427 0.009511784511784511 0.009595959595959595 0.009680134680134679 0.009764309764309764 0.009848484848484848 0.009932659932659932 0.01001683501683502 0.0101010101010101 0.01018518518518518 0.01026936026936027 0.01035353535353535 0.01043771043771044 0.01052188552188552 0.0106060606060606 0.01069023569023569 0.01077441077441077 0.01085858585858586 0.01094276094276094 0.01102693602693603 0.01111111111111111 0.0111952861952862 0.01127946127946128 0.01136363636363636 0.01144781144781145 0.01153198653198653 0.01161616161616162 0.0117003367003367 0.01178451178451178 0.01186868686868687 0.01195286195286195 0.01203703703703704 0.01212121212121212 0.01220538720538721 0.01228956228956229 0.01237373737373737 0.01245791245791246 0.01254208754208754 0.01262626262626263 0.01271043771043771 0.01279461279461279 0.01287878787878788 0.01296296296296296 0.01304713804713805 0.01313131313131313 0.01321548821548822 0.0132996632996633 0.01338383838383838 0.01346801346801347 0.01355218855218855 0.01363636363636364 0.01372053872053872 0.0138047138047138 0.01388888888888889 0.01397306397306397 0.01405723905723906 0.01414141414141414 0.01422558922558923 0.01430976430976431 0.01439393939393939 0.01447811447811448 0.01456228956228956 0.01464646464646465 0.01473063973063973 0.01481481481481482 0.0148989898989899 0.01498316498316498 0.01506734006734007 0.01515151515151515 0.01523569023569024 0.01531986531986532 0.0154040404040404 0.01548821548821549 0.01557239057239057 0.01565656565656566 0.01574074074074074 0.01582491582491583 0.01590909090909091 0.01599326599326599 0.01607744107744108 0.01616161616161616 0.01624579124579124 0.01632996632996633 0.01641414141414142 0.0164983164983165 0.01658249158249158 0.01666666666666667


# name: y
# type: matrix
# rows: 100
# columns: 1
 82920.8004978992
 82935.93839831716
 82950.41880389419
 82964.25631271365
 82977.46552285894
 82990.06103241343
 83002.05743946051
 83013.46934208354
 83024.31133836594
 83034.59802639105
 83044.34400424227
 83053.563870003
 83062.27222175659
 83070.48365758645
 83078.21277557594
 83085.47417380847
 83092.28245036738
 83098.6522033361
 83104.59803079796
 83110.13453083638
 83115.27630153474
 83120.0379409764
 83124.43404724477
 83128.47921842321
 83132.18805259511
 83135.57514784385
 83138.65510225281
 83141.44251390538
 83143.95198088493
 83146.19810127486
 83148.19547315853
 83149.95869461934
 83151.50236374066
 83152.84107860588
 83153.98943729838
 83154.96203790154
 83155.77347849874
 83156.43835717336
 83156.9712720088
 83157.38682108841
 83157.6996024956
 83157.92421431375
 83158.07525462622
 83158.16732151642
 83158.2150130677
 83158.23292736348
 83158.23566248712
 83158.23781652199
 83158.25398755149
 83158.29877365901
 83158.38677292792
 83158.53258344159
 83158.75080328342
 83159.05603053677
 83159.46286328505
 83159.98589961164
 83160.63973759989
 83161.43897533322
 83162.39821089499
 83163.53204236859
 83164.8550678374
 83166.38188538479
 83168.12709309417
 83170.10528904889
 83172.33107133236
 83174.81903802794
 83177.58378721903
 83180.63991698899
 83184.00202542123
 83187.6847105991
 83191.70257060602
 83196.07020352533
 83200.80220744044
 83205.91318043474
 83211.41772059158
 83217.33042599437
 83223.66589472647
 83230.43872487127
 83237.66351451217
 83245.35486173251
 83253.52736461573
 83262.19562124516
 83271.3742297042
 83281.07778807625
 83291.32089444467
 83302.11814689284
 83313.48414350416
 83325.433482362
 83337.98076154974
 83351.14057915077
 83364.92753324847
 83379.35622192621
 83394.44124326739
 83410.19719535539
 83426.63867627356
 83443.78028410533
 83461.63661693406
 83480.22227284312
 83499.55184991591
 83519.63994623581


# name: QUERY
# type: sq_string
# elements: 1
# length: 2
R2


# name: DATASIZE
# type: sq_string
# elements: 1
# length: 3
250


