# Created by Octave 4.0.0, Mon May 23 11:55:09 2016 CEST <peter@Independence>
# name: x
# type: matrix
# rows: 1
# columns: 100
 0.008333333333333333 0.008417508417508417 0.008501683501683501 0.008585858585858586 0.00867003367003367 0.008754208754208754 0.008838383838383838 0.008922558922558922 0.009006734006734006 0.00909090909090909 0.009175084175084175 0.009259259259259259 0.009343434343434343 0.009427609427609427 0.009511784511784511 0.009595959595959595 0.009680134680134681 0.009764309764309764 0.009848484848484849 0.009932659932659932 0.01001683501683502 0.0101010101010101 0.01018518518518519 0.01026936026936027 0.01035353535353535 0.01043771043771044 0.01052188552188552 0.01060606060606061 0.01069023569023569 0.01077441077441077 0.01085858585858586 0.01094276094276094 0.01102693602693603 0.01111111111111111 0.0111952861952862 0.01127946127946128 0.01136363636363636 0.01144781144781145 0.01153198653198653 0.01161616161616162 0.0117003367003367 0.01178451178451178 0.01186868686868687 0.01195286195286195 0.01203703703703704 0.01212121212121212 0.01220538720538721 0.01228956228956229 0.01237373737373737 0.01245791245791246 0.01254208754208754 0.01262626262626263 0.01271043771043771 0.01279461279461279 0.01287878787878788 0.01296296296296296 0.01304713804713805 0.01313131313131313 0.01321548821548822 0.0132996632996633 0.01338383838383838 0.01346801346801347 0.01355218855218855 0.01363636363636364 0.01372053872053872 0.01380471380471381 0.01388888888888889 0.01397306397306397 0.01405723905723906 0.01414141414141414 0.01422558922558922 0.01430976430976431 0.01439393939393939 0.01447811447811448 0.01456228956228956 0.01464646464646465 0.01473063973063973 0.01481481481481482 0.0148989898989899 0.01498316498316498 0.01506734006734007 0.01515151515151515 0.01523569023569024 0.01531986531986532 0.0154040404040404 0.01548821548821549 0.01557239057239057 0.01565656565656566 0.01574074074074074 0.01582491582491583 0.01590909090909091 0.01599326599326599 0.01607744107744108 0.01616161616161616 0.01624579124579124 0.01632996632996633 0.01641414141414142 0.0164983164983165 0.01658249158249158 0.01666666666666667


# name: y
# type: matrix
# rows: 100
# columns: 1
 83116.41580054803
 83115.89465900903
 83115.38598497096
 83114.88977843382
 83114.40603939763
 83113.93476786235
 83113.47596382801
 83113.02962729461
 83112.59575826213
 83112.1743567306
 83111.76542269999
 83111.36895617032
 83110.98495714158
 83110.61342561377
 83110.25436158691
 83109.90776506097
 83109.57363603596
 83109.25197451189
 83108.94278048874
 83108.64605396654
 83108.36179494526
 83108.09000342492
 83107.83067940551
 83107.58382288704
 83107.3494338695
 83107.12751235289
 83106.91805833721
 83106.72107182247
 83106.53655280865
 83106.36450129579
 83106.20491728385
 83106.05780077283
 83105.92315176275
 83105.80097025361
 83105.69125624539
 83105.59400973812
 83105.50923073177
 83105.43691922637
 83105.37707522188
 83105.32969871834
 83105.29478971573
 83105.27234821404
 83105.2623742133
 83105.26486771349
 83105.2798287146
 83105.30725721666
 83105.34715321964
 83105.39951672357
 83105.46434772841
 83105.5416462342
 83105.63141224092
 83105.73364574857
 83105.84834675715
 83105.97551526668
 83106.11515127712
 83106.2672547885
 83106.43182580083
 83106.60886431407
 83106.79837032825
 83107.00034384338
 83107.21478485942
 83107.4416933764
 83107.68106939431
 83107.93291291317
 83108.19722393295
 83108.47400245366
 83108.76324847531
 83109.06496199789
 83109.3791430214
 83109.70579154584
 83110.04490757122
 83110.39649109755
 83110.76054212479
 83111.13706065297
 83111.52604668208
 83111.92750021213
 83112.34142124311
 83112.76780977502
 83113.20666580785
 83113.65798934163
 83114.12178037634
 83114.59803891199
 83115.08676494857
 83115.58795848608
 83116.10161952452
 83116.6277480639
 83117.1663441042
 83117.71740764544
 83118.28093868762
 83118.85693723072
 83119.44540327477
 83120.04633681975
 83120.65973786566
 83121.28560641249
 83121.92394246027
 83122.57474600898
 83123.23801705861
 83123.91375560919
 83124.60196166069
 83125.30263521313


# name: QUERY
# type: sq_string
# elements: 1
# length: 2
R2


# name: DATASIZE
# type: sq_string
# elements: 1
# length: 3
250


