# Created by Octave 3.8.2, Wed May 18 09:18:37 2016 CEST <Andrea@Andreas-MacBook-Pro.local>
# name: x
# type: matrix
# rows: 1
# columns: 100
 0.008333333333333333 0.008417508417508417 0.008501683501683501 0.008585858585858586 0.00867003367003367 0.008754208754208754 0.008838383838383838 0.008922558922558922 0.009006734006734006 0.00909090909090909 0.009175084175084175 0.009259259259259259 0.009343434343434343 0.009427609427609427 0.009511784511784511 0.009595959595959595 0.009680134680134679 0.009764309764309764 0.009848484848484848 0.009932659932659932 0.01001683501683502 0.0101010101010101 0.01018518518518518 0.01026936026936027 0.01035353535353535 0.01043771043771044 0.01052188552188552 0.0106060606060606 0.01069023569023569 0.01077441077441077 0.01085858585858586 0.01094276094276094 0.01102693602693603 0.01111111111111111 0.0111952861952862 0.01127946127946128 0.01136363636363636 0.01144781144781145 0.01153198653198653 0.01161616161616162 0.0117003367003367 0.01178451178451178 0.01186868686868687 0.01195286195286195 0.01203703703703704 0.01212121212121212 0.01220538720538721 0.01228956228956229 0.01237373737373737 0.01245791245791246 0.01254208754208754 0.01262626262626263 0.01271043771043771 0.01279461279461279 0.01287878787878788 0.01296296296296296 0.01304713804713805 0.01313131313131313 0.01321548821548822 0.0132996632996633 0.01338383838383838 0.01346801346801347 0.01355218855218855 0.01363636363636364 0.01372053872053872 0.0138047138047138 0.01388888888888889 0.01397306397306397 0.01405723905723906 0.01414141414141414 0.01422558922558923 0.01430976430976431 0.01439393939393939 0.01447811447811448 0.01456228956228956 0.01464646464646465 0.01473063973063973 0.01481481481481482 0.0148989898989899 0.01498316498316498 0.01506734006734007 0.01515151515151515 0.01523569023569024 0.01531986531986532 0.0154040404040404 0.01548821548821549 0.01557239057239057 0.01565656565656566 0.01574074074074074 0.01582491582491583 0.01590909090909091 0.01599326599326599 0.01607744107744108 0.01616161616161616 0.01624579124579124 0.01632996632996633 0.01641414141414142 0.0164983164983165 0.01658249158249158 0.01666666666666667


# name: y
# type: matrix
# rows: 1
# columns: 100
 82750.13878027593 82762.93916525971 82775.7395502435 82788.53993522727 82801.34032021105 82814.14070519483 82826.9410901786 82839.74147516239 82852.54186014617 82865.34224512994 82878.14263011373 82890.94301509751 82903.74340008128 82916.54378506506 82929.34417004885 82942.14455503262 82954.9449400164 82967.74532500019 82980.54570998396 82993.34609496774 83006.14647995152 83018.94686493529 83031.74724991908 83044.54763490286 83057.34801988663 83070.14840487042 83082.9487898542 83095.74917483797 83108.54955982175 83121.34994480554 83134.15032978931 83146.95071477309 83159.75109975688 83172.55148474064 83185.35186972443 83198.15225470821 83210.95263969198 83223.75302467577 83236.55340965955 83249.35379464332 83262.1541796271 83274.95456461089 83287.75494959466 83300.55533457844 83313.35571956223 83326.156104546 83338.95648952978 83351.75687451356 83364.55725949733 83377.35764448112 83390.15802946489 83402.95841444867 83415.75879943246 83428.55918441623 83441.35956940001 83454.15995438379 83466.96033936756 83479.76072435135 83492.56110933513 83505.3614943189 83518.16187930269 83530.96226428647 83543.76264927024 83556.56303425402 83569.36341923781 83582.16380422158 83594.96418920536 83607.76457418915 83620.56495917292 83633.3653441567 83646.16572914048 83658.96611412425 83671.76649910804 83684.56688409182 83697.36726907559 83710.16765405938 83722.96803904316 83735.76842402693 83748.56880901071 83761.3691939945 83774.16957897827 83786.96996396205 83799.77034894584 83812.57073392961 83825.37111891339 83838.17150389717 83850.97188888094 83863.77227386473 83876.57265884851 83889.37304383228 83902.17342881607 83914.97381379985 83927.77419878362 83940.5745837674 83953.37496875119 83966.17535373496 83978.97573871874 83991.77612370253 84004.5765086863 84017.37689367008


# name: QUERY
# type: sq_string
# elements: 1
# length: 2
R2


# name: DATASIZE
# type: sq_string
# elements: 1
# length: 3
250


