# Created by Octave 3.8.2, Mon May 23 11:37:17 2016 CEST <Andrea@Andreas-MacBook-Pro.local>
# name: x
# type: matrix
# rows: 1
# columns: 100
 60 60.60606060606061 61.21212121212121 61.81818181818181 62.42424242424242 63.03030303030303 63.63636363636364 64.24242424242425 64.84848484848484 65.45454545454545 66.06060606060606 66.66666666666667 67.27272727272727 67.87878787878788 68.48484848484848 69.09090909090909 69.69696969696969 70.30303030303031 70.90909090909091 71.51515151515152 72.12121212121212 72.72727272727273 73.33333333333333 73.93939393939394 74.54545454545455 75.15151515151516 75.75757575757575 76.36363636363636 76.96969696969697 77.57575757575758 78.18181818181819 78.78787878787878 79.39393939393939 80 80.60606060606061 81.21212121212122 81.81818181818181 82.42424242424242 83.03030303030303 83.63636363636364 84.24242424242425 84.84848484848484 85.45454545454545 86.06060606060606 86.66666666666667 87.27272727272728 87.87878787878788 88.48484848484848 89.09090909090909 89.6969696969697 90.3030303030303 90.90909090909091 91.51515151515152 92.12121212121212 92.72727272727273 93.33333333333333 93.93939393939394 94.54545454545455 95.15151515151516 95.75757575757575 96.36363636363636 96.96969696969697 97.57575757575758 98.18181818181819 98.78787878787878 99.39393939393939 100 100.6060606060606 101.2121212121212 101.8181818181818 102.4242424242424 103.030303030303 103.6363636363636 104.2424242424242 104.8484848484848 105.4545454545455 106.0606060606061 106.6666666666667 107.2727272727273 107.8787878787879 108.4848484848485 109.0909090909091 109.6969696969697 110.3030303030303 110.9090909090909 111.5151515151515 112.1212121212121 112.7272727272727 113.3333333333333 113.9393939393939 114.5454545454545 115.1515151515152 115.7575757575758 116.3636363636364 116.969696969697 117.5757575757576 118.1818181818182 118.7878787878788 119.3939393939394 120


# name: y
# type: matrix
# rows: 100
# columns: 1
 422664.3134076281
 421013.1817290701
 419356.3137457283
 417694.6694473971
 416029.2102350939
 414360.8975951419
 412690.6917847851
 411019.5505325446
 409348.427756484
 407678.272303484
 406010.0267125664
 404344.6260052214
 402682.996505608
 401026.0546933957
 399374.7060919101
 397729.8441941268
 396092.3494289323
 394463.088169941
 392842.91178901
 391232.6557564526
 389633.13878979
 388045.1620527254
 386469.5084058549
 384906.9417104602
 383358.206186551
 381824.0258261506
 380305.1038626283
 378802.1222967055
 377315.7414795737
 375846.599753374
 374395.313149103
 372962.4751418235
 371548.6564628714
 370154.404968567
 368780.2455647604
 367426.6801863567
 366094.1878308022
 364783.2246443321
 363494.224059626
 362227.5969833521
 360983.7320319314
 359762.9958137086
 358565.7332555755
 357392.2679719662
 356242.902674019
 355117.919616589
 354017.5810806892
 352942.1298888486
 351891.7899507858
 350866.7668367281
 349867.2483756384
 348893.4052755634
 347945.3917632702
 347023.3462403128
 346127.391952643
 345257.6376708782
 344414.178378336
 343597.0959639578
 342806.4599172721
 342042.3280225763
 341304.7470495644
 340593.7534376816
 339909.3739715525
 339251.6264449012
 338620.5203104711
 338016.0573135365
 337438.2321067076
 336887.0328438327
 336362.4417509237
 335864.4356721477
 335392.9865890656
 334948.0621114271
 334529.625937977
 334137.6382858715
 333772.0562874557
 333432.8343533028
 333119.9245005747
 332833.2766459241
 332572.8388623102
 332338.5575992718
 332130.3778663534
 331948.2433795449
 331792.0966707559
 331661.879160499
 331557.5311941184
 331478.9920420462
 331426.1998647231
 331399.0916429634
 331397.6030746829
 331421.6684390482
 331471.2204292306
 331546.1899550756
 331646.5059171151
 331772.0949534564
 331922.8811611921
 332098.7857940636
 332299.7269382011
 332525.6191678438
 332776.3731830129
 333051.8954311715


# name: TRAIN_QUERIES
# type: cell
# rows: 1
# columns: 2
# name: <cell-element>
# type: sq_string
# elements: 1
# length: 2
R3



# name: <cell-element>
# type: sq_string
# elements: 1
# length: 2
R4





# name: TEST_QUERIES
# type: cell
# rows: 1
# columns: 1
# name: <cell-element>
# type: sq_string
# elements: 1
# length: 2
R2





# name: DATASIZE
# type: sq_string
# elements: 1
# length: 3
500


