# Created by Octave 3.8.2, Mon May 23 11:37:17 2016 CEST <Andrea@Andreas-MacBook-Pro.local>
# name: x
# type: matrix
# rows: 1
# columns: 100
 60 60.60606060606061 61.21212121212121 61.81818181818181 62.42424242424242 63.03030303030303 63.63636363636364 64.24242424242425 64.84848484848484 65.45454545454545 66.06060606060606 66.66666666666667 67.27272727272727 67.87878787878788 68.48484848484848 69.09090909090909 69.69696969696969 70.30303030303031 70.90909090909091 71.51515151515152 72.12121212121212 72.72727272727273 73.33333333333333 73.93939393939394 74.54545454545455 75.15151515151516 75.75757575757575 76.36363636363636 76.96969696969697 77.57575757575758 78.18181818181819 78.78787878787878 79.39393939393939 80 80.60606060606061 81.21212121212122 81.81818181818181 82.42424242424242 83.03030303030303 83.63636363636364 84.24242424242425 84.84848484848484 85.45454545454545 86.06060606060606 86.66666666666667 87.27272727272728 87.87878787878788 88.48484848484848 89.09090909090909 89.6969696969697 90.3030303030303 90.90909090909091 91.51515151515152 92.12121212121212 92.72727272727273 93.33333333333333 93.93939393939394 94.54545454545455 95.15151515151516 95.75757575757575 96.36363636363636 96.96969696969697 97.57575757575758 98.18181818181819 98.78787878787878 99.39393939393939 100 100.6060606060606 101.2121212121212 101.8181818181818 102.4242424242424 103.030303030303 103.6363636363636 104.2424242424242 104.8484848484848 105.4545454545455 106.0606060606061 106.6666666666667 107.2727272727273 107.8787878787879 108.4848484848485 109.0909090909091 109.6969696969697 110.3030303030303 110.9090909090909 111.5151515151515 112.1212121212121 112.7272727272727 113.3333333333333 113.9393939393939 114.5454545454545 115.1515151515152 115.7575757575758 116.3636363636364 116.969696969697 117.5757575757576 118.1818181818182 118.7878787878788 119.3939393939394 120


# name: y
# type: matrix
# rows: 100
# columns: 1
 365081.8358394009
 364426.5946277113
 363771.353416021
 363116.1122043312
 362460.8709926412
 361805.6297809517
 361150.3885692619
 360495.1473575719
 359839.9061458816
 359184.6649341919
 358529.4237225019
 357874.1825108122
 357218.9412991221
 356563.7000874323
 355908.4588757423
 355253.2176640525
 354597.9764523623
 353942.7352406727
 353287.4940289829
 352632.2528172927
 351977.0116056027
 351321.770393913
 350666.5291822231
 350011.2879705332
 349356.0467588432
 348700.8055471534
 348045.5643354635
 347390.3231237735
 346735.0819120837
 346079.8407003936
 345424.5994887038
 344769.3582770138
 344114.117065324
 343458.875853634
 342803.6346419442
 342148.3934302541
 341493.1522185643
 340837.9110068743
 340182.6697951845
 339527.4285834946
 338872.1873718046
 338216.9461601147
 337561.7049484248
 336906.4637367349
 336251.222525045
 335595.9813133551
 334940.7401016651
 334285.4988899752
 333630.2576782854
 332975.0164665955
 332319.7752549055
 331664.5340432156
 331009.2928315257
 330354.0516198358
 329698.8104081459
 329043.5691964559
 328388.3279847661
 327733.0867730762
 327077.8455613863
 326422.6043496963
 325767.3631380065
 325112.1219263165
 324456.8807146266
 323801.6395029367
 323146.3982912467
 322491.157079557
 321835.915867867
 321180.6746561769
 320525.4334444872
 319870.1922327971
 319214.9510211073
 318559.7098094175
 317904.4685977276
 317249.2273860374
 316593.9861743476
 315938.7449626578
 315283.5037509679
 314628.262539278
 313973.0213275881
 313317.7801158979
 312662.5389042083
 312007.2976925183
 311352.0564808282
 310696.8152691387
 310041.5740574486
 309386.3328457586
 308731.0916340686
 308075.8504223787
 307420.6092106889
 306765.3679989987
 306110.126787309
 305454.885575619
 304799.6443639296
 304144.4031522395
 303489.1619405495
 302833.9207288597
 302178.6795171696
 301523.4383054794
 300868.19709379
 300212.9558821001


# name: TRAIN_QUERIES
# type: cell
# rows: 1
# columns: 2
# name: <cell-element>
# type: sq_string
# elements: 1
# length: 2
R3



# name: <cell-element>
# type: sq_string
# elements: 1
# length: 2
R4





# name: TEST_QUERIES
# type: cell
# rows: 1
# columns: 1
# name: <cell-element>
# type: sq_string
# elements: 1
# length: 2
R2





# name: DATASIZE
# type: sq_string
# elements: 1
# length: 3
500


