# Created by Octave 3.8.2, Mon May 23 11:37:17 2016 CEST <Andrea@Andreas-MacBook-Pro.local>
# name: x
# type: matrix
# rows: 1
# columns: 100
 60 60.60606060606061 61.21212121212121 61.81818181818181 62.42424242424242 63.03030303030303 63.63636363636364 64.24242424242425 64.84848484848484 65.45454545454545 66.06060606060606 66.66666666666667 67.27272727272727 67.87878787878788 68.48484848484848 69.09090909090909 69.69696969696969 70.30303030303031 70.90909090909091 71.51515151515152 72.12121212121212 72.72727272727273 73.33333333333333 73.93939393939394 74.54545454545455 75.15151515151516 75.75757575757575 76.36363636363636 76.96969696969697 77.57575757575758 78.18181818181819 78.78787878787878 79.39393939393939 80 80.60606060606061 81.21212121212122 81.81818181818181 82.42424242424242 83.03030303030303 83.63636363636364 84.24242424242425 84.84848484848484 85.45454545454545 86.06060606060606 86.66666666666667 87.27272727272728 87.87878787878788 88.48484848484848 89.09090909090909 89.6969696969697 90.3030303030303 90.90909090909091 91.51515151515152 92.12121212121212 92.72727272727273 93.33333333333333 93.93939393939394 94.54545454545455 95.15151515151516 95.75757575757575 96.36363636363636 96.96969696969697 97.57575757575758 98.18181818181819 98.78787878787878 99.39393939393939 100 100.6060606060606 101.2121212121212 101.8181818181818 102.4242424242424 103.030303030303 103.6363636363636 104.2424242424242 104.8484848484848 105.4545454545455 106.0606060606061 106.6666666666667 107.2727272727273 107.8787878787879 108.4848484848485 109.0909090909091 109.6969696969697 110.3030303030303 110.9090909090909 111.5151515151515 112.1212121212121 112.7272727272727 113.3333333333333 113.9393939393939 114.5454545454545 115.1515151515152 115.7575757575758 116.3636363636364 116.969696969697 117.5757575757576 118.1818181818182 118.7878787878788 119.3939393939394 120


# name: y
# type: matrix
# rows: 1
# columns: 100
 300014.9825063797 299838.4907274813 299661.998948583 299485.5071696847 299309.0153907863 299132.523611888 298956.0318329897 298779.5400540914 298603.048275193 298426.5564962947 298250.0647173963 298073.572938498 297897.0811595996 297720.5893807014 297544.097601803 297367.6058229047 297191.1140440063 297014.622265108 296838.1304862097 296661.6387073114 296485.146928413 296308.6551495147 296132.1633706163 295955.671591718 295779.1798128197 295602.6880339214 295426.196255023 295249.7044761247 295073.2126972263 294896.720918328 294720.2291394297 294543.7373605313 294367.245581633 294190.7538027347 294014.2620238363 293837.770244938 293661.2784660397 293484.7866871413 293308.294908243 293131.8031293447 292955.3113504463 292778.819571548 292602.3277926497 292425.8360137513 292249.344234853 292072.8524559546 291896.3606770564 291719.868898158 291543.3771192597 291366.8853403613 291190.393561463 291013.9017825646 290837.4100036664 290660.918224768 290484.4264458697 290307.9346669713 290131.442888073 289954.9511091747 289778.4593302764 289601.967551378 289425.4757724797 289248.9839935813 289072.492214683 288896.0004357847 288719.5086568863 288543.016877988 288366.5250990897 288190.0333201913 288013.541541293 287837.0497623947 287660.5579834963 287484.066204598 287307.5744256997 287131.0826468013 286954.590867903 286778.0990890047 286601.6073101063 286425.115531208 286248.6237523096 286072.1319734114 285895.640194513 285719.1484156147 285542.6566367163 285366.164857818 285189.6730789196 285013.1813000214 284836.689521123 284660.1977422247 284483.7059633263 284307.214184428 284130.7224055297 283954.2306266314 283777.738847733 283601.2470688347 283424.7552899363 283248.263511038 283071.7717321397 282895.2799532413 282718.788174343 282542.2963954447


# name: TRAIN_QUERIES
# type: cell
# rows: 1
# columns: 2
# name: <cell-element>
# type: sq_string
# elements: 1
# length: 2
R3



# name: <cell-element>
# type: sq_string
# elements: 1
# length: 2
R4





# name: TEST_QUERIES
# type: cell
# rows: 1
# columns: 1
# name: <cell-element>
# type: sq_string
# elements: 1
# length: 2
R2





# name: DATASIZE
# type: sq_string
# elements: 1
# length: 3
500


