# Created by Octave 3.8.2, Mon May 23 11:37:17 2016 CEST <Andrea@Andreas-MacBook-Pro.local>
# name: SVs
# type: cell
# rows: 1
# columns: 7
# name: <cell-element>
# type: sparse matrix
# nnz: 70
# rows: 10
# columns: 7
1 1 0.2981686411461579
2 1 0.6719302823197462
3 1 -1.547209730498961
4 1 -1.422473755922224
5 1 1.016460416034385
6 1 -0.6579917364232902
7 1 -1.431176265776415
8 1 -3.423158457272906
9 1 -0.430610773822761
10 1 -0.06398965355517564
1 2 1.184148815160162
2 2 0.6443714467470031
3 2 0.9985290256891927
4 2 0.8585534467438711
5 2 0.8946538677959748
6 2 1.366172394104869
7 2 1.622679025680066
8 2 0.7606950256926704
9 2 0.8503928151650431
10 2 0.689739025693708
1 3 -0.6319959222361471
2 3 -0.9313822429076589
3 3 -0.9666041629866603
4 3 -1.079314307239465
5 3 -1.052897867180214
6 3 -0.7405968424797347
7 3 -0.7329654264626178
8 3 -1.105730747298716
9 3 -1.160324723421168
10 3 -1.220789019556787
1 4 -0.7619106333340935
2 4 -0.7991671708800917
3 4 -0.6268556847298498
4 4 -1.018049328962832
5 4 -0.8612614001234222
6 4 4.076782180452432
7 4 -0.6734263566623475
8 4 0.2393588132146101
9 4 -0.9388791866775853
10 4 -0.8682470009132969
1 5 -0.6533719394695301
2 5 3.084728751641047
3 5 -0.2258353639762608
4 5 -0.118635181830107
5 5 -0.2743788426839531
6 5 -0.1095332795724147
7 5 1.389246625527585
8 5 2.800547136706431
9 5 0.8709438580756622
10 5 -0.09309928938491469
1 6 2.160043588979508
2 6 0.6307429054600955
3 6 0.9872901223809576
4 6 0.7646149688773768
5 6 0.2495008418894437
6 6 0.9111096234224312
7 6 0.6721117500374816
8 6 0.7034223332245549
9 6 0.5799949370484365
10 6 0.7573552225886762
1 7 -1.45134564258447
2 7 0.6713707734404345
3 7 -0.3899874345720176
4 7 -0.3899874345720176
5 7 1.732728981452887
6 7 -0.3899874345720176
7 7 -0.3899874345720176
8 7 0.6713707734404345
9 7 0.6713707734404345
10 7 0.6713707734404345



# name: <cell-element>
# type: sparse matrix
# nnz: 119
# rows: 17
# columns: 7
1 1 0.2091352710994345
2 1 -1.069687394910019
3 1 1.038328261309019
4 1 0.6719302823197462
5 1 -1.422473755922224
6 1 1.282444819782993
7 1 1.233576879832535
8 1 0.3485985700448033
9 1 1.016460416034385
10 1 -3.685349459290199
11 1 1.162841094607444
12 1 -3.334571369782807
13 1 -1.431176265776415
14 1 -3.423158457272906
15 1 1.045468782215022
16 1 0.5393843630020677
17 1 0.840178806167439
1 2 0.8261875520075023
2 2 0.955028709900355
3 2 0.7405009204298079
4 2 0.6443714467470031
5 2 0.8585534467438711
6 2 0.9143638677956866
7 2 0.8707943941121131
8 2 0.8262567099022381
9 2 0.8946538677959748
10 2 0.5935403941161674
11 2 1.337817657263179
12 2 0.5700267099059849
13 2 1.622679025680066
14 2 0.7606950256926704
15 2 1.095350078319356
16 2 0.6437490256943806
17 2 0.6941651309568012
1 3 -0.7030267943954666
2 3 -0.9777577710116774
3 3 -1.004761243072245
4 3 -0.9313822429076589
5 3 -1.079314307239465
6 3 -0.7177025944283838
7 3 -0.8767882667852067
8 3 -0.6267126342242969
9 3 -1.052897867180214
10 3 -1.109252939306616
11 3 -0.8233683546653879
12 3 -0.8034092666206205
13 3 -0.7329654264626178
14 3 -1.105730747298716
15 3 -1.115710291321099
16 3 -0.70596195440205
17 3 -0.9630819709787601
1 4 -0.3940023250673605
2 4 3.39529801450688
3 4 -0.9862260364756247
4 4 -0.7991671708800917
5 4 -1.018049328962832
6 4 3.058436820861813
7 4 -0.8674708230477552
8 4 4.020897374133434
9 4 -0.8612614001234222
10 4 -1.384405281498481
11 4 1.898050911877075
12 4 -0.6493648428305571
13 4 -0.6734263566623475
14 4 0.2393588132146101
15 4 -0.6392745305785158
16 4 -0.5764041234696438
17 4 -0.2224670167826601
1 5 -0.5084999952012609
2 5 0.8426268288295083
3 5 -0.5916812686118378
4 5 3.084728751641047
5 5 -0.118635181830107
6 5 -1.194682293183953
7 5 1.480265648104508
8 5 -0.7631004277983762
9 5 -0.2743788426839531
10 5 1.486586413561239
11 5 -0.2703335527916454
12 5 1.118465033361239
13 5 1.389246625527585
14 5 2.800547136706431
15 5 3.226313897871816
16 5 -0.7019154181772224
17 5 -0.02407653059741468
1 6 2.213309050055797
2 6 0.7131702990073667
3 6 -0.186072226164387
4 6 0.6307429054600955
5 6 0.7646149688773768
6 6 0.03687809514207188
7 6 0.28767305624616
8 6 2.196096425790652
9 6 0.2495008418894437
10 6 0.2689206632117179
11 6 0.5477476124047566
12 6 -0.1125380218207741
13 6 0.6721117500374816
14 6 0.7034223332245549
15 6 1.691813371894732
16 6 0.01942543087867139
17 6 0.6007027778735448
1 7 -1.45134564258447
2 7 0.6713707734404345
3 7 1.732728981452887
4 7 0.6713707734404345
5 7 -0.3899874345720176
6 7 0.6713707734404345
7 7 0.6713707734404345
8 7 -1.45134564258447
9 7 1.732728981452887
10 7 1.732728981452887
11 7 -0.3899874345720176
12 7 1.732728981452887
13 7 -0.3899874345720176
14 7 0.6713707734404345
15 7 -0.3899874345720176
16 7 0.6713707734404345
17 7 0.6713707734404345



