# Created by Octave 3.8.2, Mon May 23 11:37:10 2016 CEST <Andrea@Andreas-MacBook-Pro.local>
# name: mu
# type: matrix
# rows: 1
# columns: 8
 292050.688372093 41722.76744186047 73463.60465116279 4284.59534883721 5497.618604651163 31499.22790697674 193996.0418604651 87.34883720930233


# name: sigma
# type: matrix
# rows: 1
# columns: 8
 226109.5462831967 4481.465767168092 14459.6651448081 1703.484644375501 1288.364490144514 3955.217160190361 170804.8670970755 18.84377946014373


