# Created by Octave 3.8.2, Mon May 23 11:37:17 2016 CEST <Andrea@Andreas-MacBook-Pro.local>
# name: x
# type: matrix
# rows: 1
# columns: 100
 60 60.60606060606061 61.21212121212121 61.81818181818181 62.42424242424242 63.03030303030303 63.63636363636364 64.24242424242425 64.84848484848484 65.45454545454545 66.06060606060606 66.66666666666667 67.27272727272727 67.87878787878788 68.48484848484848 69.09090909090909 69.69696969696969 70.30303030303031 70.90909090909091 71.51515151515152 72.12121212121212 72.72727272727273 73.33333333333333 73.93939393939394 74.54545454545455 75.15151515151516 75.75757575757575 76.36363636363636 76.96969696969697 77.57575757575758 78.18181818181819 78.78787878787878 79.39393939393939 80 80.60606060606061 81.21212121212122 81.81818181818181 82.42424242424242 83.03030303030303 83.63636363636364 84.24242424242425 84.84848484848484 85.45454545454545 86.06060606060606 86.66666666666667 87.27272727272728 87.87878787878788 88.48484848484848 89.09090909090909 89.6969696969697 90.3030303030303 90.90909090909091 91.51515151515152 92.12121212121212 92.72727272727273 93.33333333333333 93.93939393939394 94.54545454545455 95.15151515151516 95.75757575757575 96.36363636363636 96.96969696969697 97.57575757575758 98.18181818181819 98.78787878787878 99.39393939393939 100 100.6060606060606 101.2121212121212 101.8181818181818 102.4242424242424 103.030303030303 103.6363636363636 104.2424242424242 104.8484848484848 105.4545454545455 106.0606060606061 106.6666666666667 107.2727272727273 107.8787878787879 108.4848484848485 109.0909090909091 109.6969696969697 110.3030303030303 110.9090909090909 111.5151515151515 112.1212121212121 112.7272727272727 113.3333333333333 113.9393939393939 114.5454545454545 115.1515151515152 115.7575757575758 116.3636363636364 116.969696969697 117.5757575757576 118.1818181818182 118.7878787878788 119.3939393939394 120


# name: y
# type: matrix
# rows: 100
# columns: 1
 393122.4997025763
 393168.5333261274
 393211.5413721013
 393251.6594098316
 393289.0199010868
 393323.7522000705
 393355.9825534213
 393385.8341002123
 393413.426871952
 393438.8777925833
 393462.3006784845
 393483.8062384685
 393503.5020737833
 393521.4926781116
 393537.8794375712
 393552.7606307147
 393566.2314285297
 393578.3838944386
 393589.3069842989
 393599.0865464027
 393607.8053214774
 393615.542942685
 393622.3759356225
 393628.377718322
 393633.6186012501
 393638.1657873088
 393642.0833718346
 393645.4323425991
 393648.2705798089
 393650.6528561054
 393652.6308365648
 393654.2530786983
 393655.5650324522
 393656.6090402075
 393657.4243367802
 393658.047049421
 393658.5101978159
 393658.8436940855
 393659.0743427853
 393659.2258409061
 393659.3187778731
 393659.3706355467
 393659.3957882223
 393659.4055026298
 393659.4079379345
 393659.4081457363
 393659.4080700701
 393659.4065474058
 393659.3993066481
 393659.3789691365
 393659.3350486457
 393659.2539513851
 393659.1189759991
 393658.910313567
 393658.605047603
 393658.1771540561
 393657.5975013105
 393656.833850185
 393655.8508539335
 393654.6100582448
 393653.0699012424
 393651.1857134851
 393648.9097179661
 393646.1910301141
 393642.9756577923
 393639.2065012989
 393634.823353367
 393629.7628991648
 393623.9587162951
 393617.3412747959
 393609.8379371399
 393601.3729582349
 393591.8674854233
 393581.2395584828
 393569.4041096257
 393556.2729634995
 393541.7548371864
 393525.7553402035
 393508.1769745029
 393488.9191344716
 393467.8781069316
 393444.9470711395
 393420.0160987872
 393392.9721540013
 393363.6990933433
 393332.0776658097
 393297.9855128318
 393261.297168276
 393221.8840584435
 393179.6145020702
 393134.3537103274
 393085.9637868208
 393034.3037275914
 392979.2294211148
 392920.5936483018
 392858.2460824979
 392792.0332894836
 392721.7987274743
 392647.3827471203
 392568.6225915069


# name: TRAIN_QUERIES
# type: cell
# rows: 1
# columns: 2
# name: <cell-element>
# type: sq_string
# elements: 1
# length: 2
R3



# name: <cell-element>
# type: sq_string
# elements: 1
# length: 2
R4





# name: TEST_QUERIES
# type: cell
# rows: 1
# columns: 1
# name: <cell-element>
# type: sq_string
# elements: 1
# length: 2
R2





# name: DATASIZE
# type: sq_string
# elements: 1
# length: 3
500


