# Created by Octave 3.8.2, Mon May 23 11:37:17 2016 CEST <Andrea@Andreas-MacBook-Pro.local>
# name: x
# type: matrix
# rows: 1
# columns: 100
 60 60.60606060606061 61.21212121212121 61.81818181818181 62.42424242424242 63.03030303030303 63.63636363636364 64.24242424242425 64.84848484848484 65.45454545454545 66.06060606060606 66.66666666666667 67.27272727272727 67.87878787878788 68.48484848484848 69.09090909090909 69.69696969696969 70.30303030303031 70.90909090909091 71.51515151515152 72.12121212121212 72.72727272727273 73.33333333333333 73.93939393939394 74.54545454545455 75.15151515151516 75.75757575757575 76.36363636363636 76.96969696969697 77.57575757575758 78.18181818181819 78.78787878787878 79.39393939393939 80 80.60606060606061 81.21212121212122 81.81818181818181 82.42424242424242 83.03030303030303 83.63636363636364 84.24242424242425 84.84848484848484 85.45454545454545 86.06060606060606 86.66666666666667 87.27272727272728 87.87878787878788 88.48484848484848 89.09090909090909 89.6969696969697 90.3030303030303 90.90909090909091 91.51515151515152 92.12121212121212 92.72727272727273 93.33333333333333 93.93939393939394 94.54545454545455 95.15151515151516 95.75757575757575 96.36363636363636 96.96969696969697 97.57575757575758 98.18181818181819 98.78787878787878 99.39393939393939 100 100.6060606060606 101.2121212121212 101.8181818181818 102.4242424242424 103.030303030303 103.6363636363636 104.2424242424242 104.8484848484848 105.4545454545455 106.0606060606061 106.6666666666667 107.2727272727273 107.8787878787879 108.4848484848485 109.0909090909091 109.6969696969697 110.3030303030303 110.9090909090909 111.5151515151515 112.1212121212121 112.7272727272727 113.3333333333333 113.9393939393939 114.5454545454545 115.1515151515152 115.7575757575758 116.3636363636364 116.969696969697 117.5757575757576 118.1818181818182 118.7878787878788 119.3939393939394 120


# name: y
# type: matrix
# rows: 100
# columns: 1
 354130.983141354
 354450.1394143032
 354762.1438191318
 355066.9963558396
 355364.6970244267
 355655.2458248932
 355938.6427572389
 356214.8878214639
 356483.9810175682
 356745.9223455518
 357000.7118054148
 357248.349397157
 357488.8351207784
 357722.1689762792
 357948.3509636594
 358167.3810829187
 358379.2593340574
 358583.9857170754
 358781.5602319727
 358971.9828787493
 359155.2536574051
 359331.3725679403
 359500.3396103548
 359662.1547846486
 359816.8180908216
 359964.329528874
 360104.6890988057
 360237.8968006166
 360363.9526343069
 360482.8565998764
 360594.6086973252
 360699.2089266534
 360796.6572878608
 360886.9537809475
 360970.0984059136
 361046.0911627589
 361114.9320514835
 361176.6210720875
 361231.1582245707
 361278.5435089332
 361318.776925175
 361351.8584732962
 361377.7881532966
 361396.5659651763
 361408.1919089353
 361412.6659845735
 361409.9881920912
 361400.158531488
 361383.1770027642
 361359.0436059198
 361327.7583409545
 361289.3212078686
 361243.732206662
 361190.9913373347
 361131.0985998866
 361064.0539943179
 360989.8575206285
 360908.5091788183
 360820.0089688875
 360724.356890836
 360621.5529446637
 360511.5971303708
 360394.4894479571
 360270.2298974227
 360138.8184787677
 360000.2551919919
 359854.5400370955
 359701.6730140783
 359541.6541229404
 359374.4833636818
 359200.1607363026
 359018.6862408026
 358830.0598771819
 358634.2816454406
 358431.3515455785
 358221.2695775956
 358004.0357414922
 357779.6500372679
 357548.1124649231
 357309.4230244575
 357063.5817158711
 356810.5885391642
 356550.4434943364
 356283.146581388
 356008.6978003189
 355727.097151129
 355438.3446338185
 355142.4402483873
 354839.3839948354
 354529.1758731627
 354211.8158833694
 353887.3040254554
 353555.6402994206
 353216.8247052652
 352870.857242989
 352517.7379125922
 352157.4667140747
 351790.0436474364
 351415.4687126774
 351033.7419097977


# name: TRAIN_QUERIES
# type: cell
# rows: 1
# columns: 2
# name: <cell-element>
# type: sq_string
# elements: 1
# length: 2
R3



# name: <cell-element>
# type: sq_string
# elements: 1
# length: 2
R4





# name: TEST_QUERIES
# type: cell
# rows: 1
# columns: 1
# name: <cell-element>
# type: sq_string
# elements: 1
# length: 2
R2





# name: DATASIZE
# type: sq_string
# elements: 1
# length: 3
500


