# Created by Octave 3.8.2, Mon May 23 11:37:17 2016 CEST <Andrea@Andreas-MacBook-Pro.local>
# name: x
# type: matrix
# rows: 1
# columns: 100
 60 60.60606060606061 61.21212121212121 61.81818181818181 62.42424242424242 63.03030303030303 63.63636363636364 64.24242424242425 64.84848484848484 65.45454545454545 66.06060606060606 66.66666666666667 67.27272727272727 67.87878787878788 68.48484848484848 69.09090909090909 69.69696969696969 70.30303030303031 70.90909090909091 71.51515151515152 72.12121212121212 72.72727272727273 73.33333333333333 73.93939393939394 74.54545454545455 75.15151515151516 75.75757575757575 76.36363636363636 76.96969696969697 77.57575757575758 78.18181818181819 78.78787878787878 79.39393939393939 80 80.60606060606061 81.21212121212122 81.81818181818181 82.42424242424242 83.03030303030303 83.63636363636364 84.24242424242425 84.84848484848484 85.45454545454545 86.06060606060606 86.66666666666667 87.27272727272728 87.87878787878788 88.48484848484848 89.09090909090909 89.6969696969697 90.3030303030303 90.90909090909091 91.51515151515152 92.12121212121212 92.72727272727273 93.33333333333333 93.93939393939394 94.54545454545455 95.15151515151516 95.75757575757575 96.36363636363636 96.96969696969697 97.57575757575758 98.18181818181819 98.78787878787878 99.39393939393939 100 100.6060606060606 101.2121212121212 101.8181818181818 102.4242424242424 103.030303030303 103.6363636363636 104.2424242424242 104.8484848484848 105.4545454545455 106.0606060606061 106.6666666666667 107.2727272727273 107.8787878787879 108.4848484848485 109.0909090909091 109.6969696969697 110.3030303030303 110.9090909090909 111.5151515151515 112.1212121212121 112.7272727272727 113.3333333333333 113.9393939393939 114.5454545454545 115.1515151515152 115.7575757575758 116.3636363636364 116.969696969697 117.5757575757576 118.1818181818182 118.7878787878788 119.3939393939394 120


# name: y
# type: matrix
# rows: 100
# columns: 1
 396304.6527906694
 396368.4284431497
 396425.3727141239
 396476.0839856479
 396521.1204373039
 396561.0018886909
 396596.2115986902
 396627.1980215072
 396654.3765194861
 396678.1310327015
 396698.8157053239
 396716.7564687604
 396732.252581571
 396745.5781261587
 396756.9834622358
 396766.6966370648
 396774.9247524738
 396781.8552886475
 396787.657384693
 396792.4830759807
 396796.4684882599
 396799.7349885499
 396802.3902928053
 396804.5295303574
 396806.2362651294
 396807.5834736276
 396808.6344797071
 396809.4438461126
 396810.0582227939
 396810.5171519973
 396810.8538301307
 396811.0958264048
 396811.2657582488
 396811.381923501
 396811.4588893751
 396811.5080382001
 396811.5380699369
 396811.5554614688
 396811.5648826669
 396811.5695692315
 396811.5716523075
 396811.5724448751
 396811.5726849159
 396811.572735353
 396811.5727407678
 396811.57274089
 396811.5727408631
 396811.5727382862
 396811.5727070288
 396811.5725378218
 396811.5719356238
 396811.5702737609
 396811.5664048434
 396811.5584284556
 396811.5434156224
 396811.5170900496
 396811.4734661398
 396811.404443783
 396811.2993599222
 396811.1444968948
 396810.9225475476
 396810.6120371277
 396810.1867019486
 396809.6148248307
 396808.8585273167
 396807.873018663
 396806.6058016049
 396804.9958348974
 396802.9726526313
 396800.4554403235
 396797.3520677826
 396793.5580787503
 396788.9556373165
 396783.4124311102
 396776.7805312652
 396768.8952091611
 396759.5737099383
 396748.6139827896
 396735.7933680252
 396720.8672409138
 396703.5676122981
 396683.6016859857
 396660.6503729146
 396634.3667620939
 396604.3745483198
 396570.266416666
 396531.6023837493
 396487.9080957707
 396438.6730833309
 396383.3489730207
 396321.3476557872
 396252.039412074
 396174.7509937373
 396088.7636627364
 395993.3111865992
 395887.5777906633
 395770.6960670914
 395641.7448406618
 395499.7469913345
 395343.6672335917


# name: TRAIN_QUERIES
# type: cell
# rows: 1
# columns: 2
# name: <cell-element>
# type: sq_string
# elements: 1
# length: 2
R3



# name: <cell-element>
# type: sq_string
# elements: 1
# length: 2
R4





# name: TEST_QUERIES
# type: cell
# rows: 1
# columns: 1
# name: <cell-element>
# type: sq_string
# elements: 1
# length: 2
R2





# name: DATASIZE
# type: sq_string
# elements: 1
# length: 3
500


