# Created by Octave 4.0.0, Mon May 23 13:38:18 2016 CEST <peter@Independence>
# name: x
# type: matrix
# rows: 1
# columns: 100
 0.008333333333333333 0.008417508417508417 0.008501683501683501 0.008585858585858586 0.00867003367003367 0.008754208754208754 0.008838383838383838 0.008922558922558922 0.009006734006734006 0.00909090909090909 0.009175084175084175 0.009259259259259259 0.009343434343434343 0.009427609427609427 0.009511784511784511 0.009595959595959595 0.009680134680134679 0.009764309764309764 0.009848484848484848 0.009932659932659932 0.01001683501683502 0.0101010101010101 0.01018518518518518 0.01026936026936027 0.01035353535353535 0.01043771043771044 0.01052188552188552 0.0106060606060606 0.01069023569023569 0.01077441077441077 0.01085858585858586 0.01094276094276094 0.01102693602693603 0.01111111111111111 0.0111952861952862 0.01127946127946128 0.01136363636363636 0.01144781144781145 0.01153198653198653 0.01161616161616162 0.0117003367003367 0.01178451178451178 0.01186868686868687 0.01195286195286195 0.01203703703703704 0.01212121212121212 0.01220538720538721 0.01228956228956229 0.01237373737373737 0.01245791245791246 0.01254208754208754 0.01262626262626263 0.01271043771043771 0.01279461279461279 0.01287878787878788 0.01296296296296296 0.01304713804713805 0.01313131313131313 0.01321548821548822 0.0132996632996633 0.01338383838383838 0.01346801346801347 0.01355218855218855 0.01363636363636364 0.01372053872053872 0.0138047138047138 0.01388888888888889 0.01397306397306397 0.01405723905723906 0.01414141414141414 0.01422558922558922 0.01430976430976431 0.01439393939393939 0.01447811447811448 0.01456228956228956 0.01464646464646465 0.01473063973063973 0.01481481481481481 0.0148989898989899 0.01498316498316498 0.01506734006734007 0.01515151515151515 0.01523569023569023 0.01531986531986532 0.0154040404040404 0.01548821548821549 0.01557239057239057 0.01565656565656566 0.01574074074074074 0.01582491582491583 0.01590909090909091 0.01599326599326599 0.01607744107744108 0.01616161616161616 0.01624579124579124 0.01632996632996633 0.01641414141414142 0.0164983164983165 0.01658249158249158 0.01666666666666667


# name: y
# type: matrix
# rows: 100
# columns: 1
 25131.606138073
 25103.04150806329
 25074.66021032484
 25046.61186143882
 25019.048298219
 24992.12249924434
 24965.98746881075
 24940.79509346223
 24916.69498179884
 24893.83329867605
 24872.35160519889
 24852.38571606835
 24834.06458585282
 24817.50923563075
 24802.83173118257
 24790.13422350065
 24779.50806184086
 24771.03298886259
 24764.77642660386
 24760.79286112499
 24759.12333263711
 24759.79503682673
 24762.82104190518
 24768.20012467052
 24775.91672758377
 24785.94103754859
 24798.22918576144
 24812.72356668478
 24829.35327290682
 24848.03464140371
 24868.67190553206
 24891.15794596371
 24915.3751327481
 24941.19624976081
 24968.48549198244
 24997.09952535912
 25026.88859843259
 25057.69769449943
 25089.3677127699
 25121.73666684879
 25154.64088885268
 25187.91622760954
 25221.39922965145
 25254.92829210548
 25288.34477710236
 25321.49407794919
 25354.22662804002
 25386.39884429563
 25417.87399781757
 25448.52300539927
 25478.22513654367
 25506.86863167894
 25534.35122832639
 25560.58059304413
 25585.47465803147
 25608.96186232047
 25630.98129848826
 25651.48276678637
 25670.42673948975
 25687.78423910928
 25703.53663487867
 25717.6753626133
 25730.20157363882
 25741.12571899682
 25750.46707555157
 25758.25322094355
 25764.51946456286
 25769.30824184966
 25772.6684792722
 25774.65493728911
 25775.32753847707
 25774.75068780171
 25772.99259173713
 25770.12458260259
 25766.22045409327
 25761.35581354168
 25755.60745596695
 25749.0527644578
 25741.76914090092
 25733.83347051666
 25725.32162310712
 25716.3079933649
 25706.86508204085
 25697.06311923306
 25686.96973054273
 25676.6496463502
 25666.16445400212
 25655.57239227112
 25644.92818705601
 25634.28292693683
 25623.68397688476
 25613.1749281556
 25602.79558216529
 25592.5819659583
 25582.56637673342
 25572.77745278444
 25563.24026814569
 25553.9764482
 25545.00430350891
 25536.33897915793


# name: QUERY
# type: sq_string
# elements: 1
# length: 2
R5


# name: DATASIZE
# type: sq_string
# elements: 1
# length: 3
250


