# Created by Octave 3.8.2, Wed May 18 17:55:55 2016 CEST <Andrea@Andreas-MacBook-Pro.local>
# name: x
# type: matrix
# rows: 1
# columns: 100
 0.008333333333333333 0.008417508417508417 0.008501683501683501 0.008585858585858586 0.00867003367003367 0.008754208754208754 0.008838383838383838 0.008922558922558922 0.009006734006734006 0.00909090909090909 0.009175084175084175 0.009259259259259259 0.009343434343434343 0.009427609427609427 0.009511784511784511 0.009595959595959595 0.009680134680134679 0.009764309764309764 0.009848484848484848 0.009932659932659932 0.01001683501683502 0.0101010101010101 0.01018518518518518 0.01026936026936027 0.01035353535353535 0.01043771043771044 0.01052188552188552 0.0106060606060606 0.01069023569023569 0.01077441077441077 0.01085858585858586 0.01094276094276094 0.01102693602693603 0.01111111111111111 0.0111952861952862 0.01127946127946128 0.01136363636363636 0.01144781144781145 0.01153198653198653 0.01161616161616162 0.0117003367003367 0.01178451178451178 0.01186868686868687 0.01195286195286195 0.01203703703703704 0.01212121212121212 0.01220538720538721 0.01228956228956229 0.01237373737373737 0.01245791245791246 0.01254208754208754 0.01262626262626263 0.01271043771043771 0.01279461279461279 0.01287878787878788 0.01296296296296296 0.01304713804713805 0.01313131313131313 0.01321548821548822 0.0132996632996633 0.01338383838383838 0.01346801346801347 0.01355218855218855 0.01363636363636364 0.01372053872053872 0.0138047138047138 0.01388888888888889 0.01397306397306397 0.01405723905723906 0.01414141414141414 0.01422558922558922 0.01430976430976431 0.01439393939393939 0.01447811447811448 0.01456228956228956 0.01464646464646465 0.01473063973063973 0.01481481481481481 0.0148989898989899 0.01498316498316498 0.01506734006734007 0.01515151515151515 0.01523569023569023 0.01531986531986532 0.0154040404040404 0.01548821548821549 0.01557239057239057 0.01565656565656566 0.01574074074074074 0.01582491582491583 0.01590909090909091 0.01599326599326599 0.01607744107744108 0.01616161616161616 0.01624579124579124 0.01632996632996633 0.01641414141414142 0.0164983164983165 0.01658249158249158 0.01666666666666667


# name: y
# type: matrix
# rows: 100
# columns: 1
 25302.0171400759
 25270.50970686376
 25239.07979340912
 25207.90381863558
 25177.16129989311
 25147.03353836919
 25117.70225456138
 25089.34818626795
 25062.14966225712
 25036.28116533392
 25011.91189892234
 24989.20437151552
 24968.3130134077
 24949.38284000893
 24932.54817575285
 24917.93145214295
 24905.64209284597
 24895.77549794054
 24888.41213847258
 24883.6167713685
 24881.43778352618
 24881.90667255738
 24885.03767021152
 24890.82751298705
 24899.2553628548
 24910.28287939632
 24923.85444302257
 24939.8975273045
 24958.3232168394
 24979.02686551595
 25001.88888854704
 25026.77568023201
 25053.54064810564
 25082.02535294872
 25112.06074308489
 25143.46847048668
 25176.0622754678
 25209.64942615705
 25244.03219853776
 25279.00938259697
 25314.37780006172
 25349.93381930335
 25385.47485326062
 25420.80082666071
 25455.71559939696
 25490.02833364072
 25523.55479311087
 25556.11856388416
 25587.55218718699
 25617.69819574944
 25646.41004650702
 25673.55294368992
 25699.00454762317
 25722.65556586005
 25744.41022456597
 25764.18661934638
 25781.91694595389
 25797.54761250303
 25811.03923595204
 25822.36652666958
 25831.518065878
 25838.49598164778
 25843.31552990032
 25846.00458755554
 25846.60306553138
 25845.16224976317
 25841.74407876172
 25836.42036647019
 25829.2719793151
 25820.38797637882
 25809.86472155602
 25797.80497639963
 25784.3169821208
 25769.51353888954
 25753.51109019647
 25736.42881958989
 25718.38776660579
 25699.50996816972
 25679.91763117817
 25659.7323413718
 25639.07431300219
 25618.06168317587
 25596.80985414165
 25575.43088617683
 25554.03294313152
 25532.71979211298
 25511.59035823918
 25490.73833486705
 25470.25184920888
 25450.21318279418
 25430.6985458144
 25411.77790400768
 25393.51485639932
 25375.96656191225
 25359.18371259981
 25343.2105510302
 25328.08492916595
 25313.83840593292
 25300.49638055808
 25288.07825867308


# name: QUERY
# type: sq_string
# elements: 1
# length: 2
R5


# name: DATASIZE
# type: sq_string
# elements: 1
# length: 3
250


