# Created by Octave 3.8.2, Wed May 18 17:55:54 2016 CEST <Andrea@Andreas-MacBook-Pro.local>
# name: x
# type: matrix
# rows: 1
# columns: 100
 0.008333333333333333 0.008417508417508417 0.008501683501683501 0.008585858585858586 0.00867003367003367 0.008754208754208754 0.008838383838383838 0.008922558922558922 0.009006734006734006 0.00909090909090909 0.009175084175084175 0.009259259259259259 0.009343434343434343 0.009427609427609427 0.009511784511784511 0.009595959595959595 0.009680134680134679 0.009764309764309764 0.009848484848484848 0.009932659932659932 0.01001683501683502 0.0101010101010101 0.01018518518518518 0.01026936026936027 0.01035353535353535 0.01043771043771044 0.01052188552188552 0.0106060606060606 0.01069023569023569 0.01077441077441077 0.01085858585858586 0.01094276094276094 0.01102693602693603 0.01111111111111111 0.0111952861952862 0.01127946127946128 0.01136363636363636 0.01144781144781145 0.01153198653198653 0.01161616161616162 0.0117003367003367 0.01178451178451178 0.01186868686868687 0.01195286195286195 0.01203703703703704 0.01212121212121212 0.01220538720538721 0.01228956228956229 0.01237373737373737 0.01245791245791246 0.01254208754208754 0.01262626262626263 0.01271043771043771 0.01279461279461279 0.01287878787878788 0.01296296296296296 0.01304713804713805 0.01313131313131313 0.01321548821548822 0.0132996632996633 0.01338383838383838 0.01346801346801347 0.01355218855218855 0.01363636363636364 0.01372053872053872 0.0138047138047138 0.01388888888888889 0.01397306397306397 0.01405723905723906 0.01414141414141414 0.01422558922558922 0.01430976430976431 0.01439393939393939 0.01447811447811448 0.01456228956228956 0.01464646464646465 0.01473063973063973 0.01481481481481481 0.0148989898989899 0.01498316498316498 0.01506734006734007 0.01515151515151515 0.01523569023569023 0.01531986531986532 0.0154040404040404 0.01548821548821549 0.01557239057239057 0.01565656565656566 0.01574074074074074 0.01582491582491583 0.01590909090909091 0.01599326599326599 0.01607744107744108 0.01616161616161616 0.01624579124579124 0.01632996632996633 0.01641414141414142 0.0164983164983165 0.01658249158249158 0.01666666666666667


# name: y
# type: matrix
# rows: 100
# columns: 1
 25147.20788529115
 25148.63212774243
 25150.05637019371
 25151.48061264499
 25152.90485509627
 25154.32909754754
 25155.75333999882
 25157.1775824501
 25158.60182490138
 25160.02606735266
 25161.45030980393
 25162.87455225521
 25164.29879470649
 25165.72303715777
 25167.14727960905
 25168.57152206033
 25169.99576451161
 25171.42000696289
 25172.84424941416
 25174.26849186544
 25175.69273431672
 25177.116976768
 25178.54121921928
 25179.96546167056
 25181.38970412183
 25182.81394657311
 25184.23818902439
 25185.66243147567
 25187.08667392695
 25188.51091637823
 25189.93515882951
 25191.35940128078
 25192.78364373206
 25194.20788618334
 25195.63212863462
 25197.0563710859
 25198.48061353718
 25199.90485598845
 25201.32909843973
 25202.75334089101
 25204.17758334229
 25205.60182579357
 25207.02606824485
 25208.45031069613
 25209.87455314741
 25211.29879559868
 25212.72303804996
 25214.14728050124
 25215.57152295252
 25216.9957654038
 25218.42000785507
 25219.84425030635
 25221.26849275763
 25222.69273520891
 25224.11697766019
 25225.54122011147
 25226.96546256274
 25228.38970501403
 25229.8139474653
 25231.23818991658
 25232.66243236786
 25234.08667481914
 25235.51091727042
 25236.9351597217
 25238.35940217297
 25239.78364462425
 25241.20788707553
 25242.63212952681
 25244.05637197809
 25245.48061442937
 25246.90485688065
 25248.32909933192
 25249.7533417832
 25251.17758423448
 25252.60182668576
 25254.02606913704
 25255.45031158832
 25256.87455403959
 25258.29879649087
 25259.72303894215
 25261.14728139343
 25262.57152384471
 25263.99576629599
 25265.42000874726
 25266.84425119854
 25268.26849364982
 25269.6927361011
 25271.11697855238
 25272.54122100366
 25273.96546345494
 25275.38970590621
 25276.81394835749
 25278.23819080877
 25279.66243326005
 25281.08667571133
 25282.51091816261
 25283.93516061388
 25285.35940306517
 25286.78364551644
 25288.20788796772


# name: QUERY
# type: sq_string
# elements: 1
# length: 2
R5


# name: DATASIZE
# type: sq_string
# elements: 1
# length: 3
250


