# Created by Octave 4.0.0, Mon May 23 13:38:18 2016 CEST <peter@Independence>
# name: x
# type: matrix
# rows: 1
# columns: 100
 0.008333333333333333 0.008417508417508417 0.008501683501683501 0.008585858585858586 0.00867003367003367 0.008754208754208754 0.008838383838383838 0.008922558922558922 0.009006734006734006 0.00909090909090909 0.009175084175084175 0.009259259259259259 0.009343434343434343 0.009427609427609427 0.009511784511784511 0.009595959595959595 0.009680134680134679 0.009764309764309764 0.009848484848484848 0.009932659932659932 0.01001683501683502 0.0101010101010101 0.01018518518518518 0.01026936026936027 0.01035353535353535 0.01043771043771044 0.01052188552188552 0.0106060606060606 0.01069023569023569 0.01077441077441077 0.01085858585858586 0.01094276094276094 0.01102693602693603 0.01111111111111111 0.0111952861952862 0.01127946127946128 0.01136363636363636 0.01144781144781145 0.01153198653198653 0.01161616161616162 0.0117003367003367 0.01178451178451178 0.01186868686868687 0.01195286195286195 0.01203703703703704 0.01212121212121212 0.01220538720538721 0.01228956228956229 0.01237373737373737 0.01245791245791246 0.01254208754208754 0.01262626262626263 0.01271043771043771 0.01279461279461279 0.01287878787878788 0.01296296296296296 0.01304713804713805 0.01313131313131313 0.01321548821548822 0.0132996632996633 0.01338383838383838 0.01346801346801347 0.01355218855218855 0.01363636363636364 0.01372053872053872 0.0138047138047138 0.01388888888888889 0.01397306397306397 0.01405723905723906 0.01414141414141414 0.01422558922558922 0.01430976430976431 0.01439393939393939 0.01447811447811448 0.01456228956228956 0.01464646464646465 0.01473063973063973 0.01481481481481481 0.0148989898989899 0.01498316498316498 0.01506734006734007 0.01515151515151515 0.01523569023569023 0.01531986531986532 0.0154040404040404 0.01548821548821549 0.01557239057239057 0.01565656565656566 0.01574074074074074 0.01582491582491583 0.01590909090909091 0.01599326599326599 0.01607744107744108 0.01616161616161616 0.01624579124579124 0.01632996632996633 0.01641414141414142 0.0164983164983165 0.01658249158249158 0.01666666666666667


# name: y
# type: matrix
# rows: 1
# columns: 100
 24935.25700799717 24944.21054472676 24953.16408145636 24962.11761818595 24971.07115491554 24980.02469164513 24988.97822837472 24997.93176510431 25006.8853018339 25015.83883856349 25024.79237529308 25033.74591202267 25042.69944875226 25051.65298548185 25060.60652221144 25069.56005894104 25078.51359567063 25087.46713240022 25096.42066912981 25105.3742058594 25114.32774258899 25123.28127931858 25132.23481604817 25141.18835277776 25150.14188950735 25159.09542623694 25168.04896296653 25177.00249969612 25185.95603642571 25194.9095731553 25203.86310988489 25212.81664661448 25221.77018334407 25230.72372007367 25239.67725680326 25248.63079353285 25257.58433026244 25266.53786699203 25275.49140372162 25284.44494045121 25293.3984771808 25302.35201391039 25311.30555063998 25320.25908736957 25329.21262409916 25338.16616082875 25347.11969755834 25356.07323428793 25365.02677101752 25373.98030774712 25382.93384447671 25391.8873812063 25400.84091793589 25409.79445466548 25418.74799139507 25427.70152812466 25436.65506485425 25445.60860158384 25454.56213831343 25463.51567504302 25472.46921177261 25481.4227485022 25490.37628523179 25499.32982196138 25508.28335869097 25517.23689542057 25526.19043215016 25535.14396887975 25544.09750560934 25553.05104233893 25562.00457906852 25570.95811579811 25579.9116525277 25588.86518925729 25597.81872598688 25606.77226271647 25615.72579944606 25624.67933617565 25633.63287290524 25642.58640963483 25651.53994636442 25660.49348309401 25669.4470198236 25678.4005565532 25687.35409328279 25696.30763001238 25705.26116674197 25714.21470347156 25723.16824020115 25732.12177693074 25741.07531366033 25750.02885038992 25758.98238711951 25767.9359238491 25776.88946057869 25785.84299730828 25794.79653403788 25803.75007076747 25812.70360749706 25821.65714422665


# name: QUERY
# type: sq_string
# elements: 1
# length: 2
R5


# name: DATASIZE
# type: sq_string
# elements: 1
# length: 3
250


