# Created by Octave 3.8.2, Wed May 18 17:55:54 2016 CEST <Andrea@Andreas-MacBook-Pro.local>
# name: x
# type: matrix
# rows: 1
# columns: 100
 0.008333333333333333 0.008417508417508417 0.008501683501683501 0.008585858585858586 0.00867003367003367 0.008754208754208754 0.008838383838383838 0.008922558922558922 0.009006734006734006 0.00909090909090909 0.009175084175084175 0.009259259259259259 0.009343434343434343 0.009427609427609427 0.009511784511784511 0.009595959595959595 0.009680134680134679 0.009764309764309764 0.009848484848484848 0.009932659932659932 0.01001683501683502 0.0101010101010101 0.01018518518518518 0.01026936026936027 0.01035353535353535 0.01043771043771044 0.01052188552188552 0.0106060606060606 0.01069023569023569 0.01077441077441077 0.01085858585858586 0.01094276094276094 0.01102693602693603 0.01111111111111111 0.0111952861952862 0.01127946127946128 0.01136363636363636 0.01144781144781145 0.01153198653198653 0.01161616161616162 0.0117003367003367 0.01178451178451178 0.01186868686868687 0.01195286195286195 0.01203703703703704 0.01212121212121212 0.01220538720538721 0.01228956228956229 0.01237373737373737 0.01245791245791246 0.01254208754208754 0.01262626262626263 0.01271043771043771 0.01279461279461279 0.01287878787878788 0.01296296296296296 0.01304713804713805 0.01313131313131313 0.01321548821548822 0.0132996632996633 0.01338383838383838 0.01346801346801347 0.01355218855218855 0.01363636363636364 0.01372053872053872 0.0138047138047138 0.01388888888888889 0.01397306397306397 0.01405723905723906 0.01414141414141414 0.01422558922558922 0.01430976430976431 0.01439393939393939 0.01447811447811448 0.01456228956228956 0.01464646464646465 0.01473063973063973 0.01481481481481481 0.0148989898989899 0.01498316498316498 0.01506734006734007 0.01515151515151515 0.01523569023569023 0.01531986531986532 0.0154040404040404 0.01548821548821549 0.01557239057239057 0.01565656565656566 0.01574074074074074 0.01582491582491583 0.01590909090909091 0.01599326599326599 0.01607744107744108 0.01616161616161616 0.01624579124579124 0.01632996632996633 0.01641414141414142 0.0164983164983165 0.01658249158249158 0.01666666666666667


# name: y
# type: matrix
# rows: 1
# columns: 100
 25068.54806428013 25074.3753448815 25080.20262548286 25086.02990608423 25091.8571866856 25097.68446728696 25103.51174788833 25109.3390284897 25115.16630909106 25120.99358969243 25126.8208702938 25132.64815089516 25138.47543149653 25144.30271209789 25150.12999269926 25155.95727330063 25161.78455390199 25167.61183450336 25173.43911510473 25179.2663957061 25185.09367630746 25190.92095690883 25196.7482375102 25202.57551811156 25208.40279871293 25214.2300793143 25220.05735991566 25225.88464051703 25231.7119211184 25237.53920171976 25243.36648232113 25249.1937629225 25255.02104352386 25260.84832412523 25266.6756047266 25272.50288532797 25278.33016592933 25284.1574465307 25289.98472713207 25295.81200773343 25301.6392883348 25307.46656893616 25313.29384953753 25319.1211301389 25324.94841074026 25330.77569134163 25336.602971943 25342.43025254436 25348.25753314573 25354.0848137471 25359.91209434847 25365.73937494983 25371.5666555512 25377.39393615257 25383.22121675393 25389.0484973553 25394.87577795667 25400.70305855803 25406.5303391594 25412.35761976077 25418.18490036213 25424.0121809635 25429.83946156486 25435.66674216623 25441.4940227676 25447.32130336896 25453.14858397033 25458.9758645717 25464.80314517307 25470.63042577443 25476.4577063758 25482.28498697717 25488.11226757853 25493.9395481799 25499.76682878127 25505.59410938263 25511.421389984 25517.24867058537 25523.07595118673 25528.9032317881 25534.73051238947 25540.55779299083 25546.3850735922 25552.21235419357 25558.03963479494 25563.8669153963 25569.69419599767 25575.52147659903 25581.3487572004 25587.17603780177 25593.00331840313 25598.8305990045 25604.65787960587 25610.48516020723 25616.3124408086 25622.13972140997 25627.96700201133 25633.7942826127 25639.62156321407 25645.44884381543


# name: QUERY
# type: sq_string
# elements: 1
# length: 2
R5


# name: DATASIZE
# type: sq_string
# elements: 1
# length: 3
250


