# Created by Octave 4.0.0, Mon May 23 13:38:18 2016 CEST <peter@Independence>
# name: x
# type: matrix
# rows: 1
# columns: 100
 0.008333333333333333 0.008417508417508417 0.008501683501683501 0.008585858585858586 0.00867003367003367 0.008754208754208754 0.008838383838383838 0.008922558922558922 0.009006734006734006 0.00909090909090909 0.009175084175084175 0.009259259259259259 0.009343434343434343 0.009427609427609427 0.009511784511784511 0.009595959595959595 0.009680134680134679 0.009764309764309764 0.009848484848484848 0.009932659932659932 0.01001683501683502 0.0101010101010101 0.01018518518518518 0.01026936026936027 0.01035353535353535 0.01043771043771044 0.01052188552188552 0.0106060606060606 0.01069023569023569 0.01077441077441077 0.01085858585858586 0.01094276094276094 0.01102693602693603 0.01111111111111111 0.0111952861952862 0.01127946127946128 0.01136363636363636 0.01144781144781145 0.01153198653198653 0.01161616161616162 0.0117003367003367 0.01178451178451178 0.01186868686868687 0.01195286195286195 0.01203703703703704 0.01212121212121212 0.01220538720538721 0.01228956228956229 0.01237373737373737 0.01245791245791246 0.01254208754208754 0.01262626262626263 0.01271043771043771 0.01279461279461279 0.01287878787878788 0.01296296296296296 0.01304713804713805 0.01313131313131313 0.01321548821548822 0.0132996632996633 0.01338383838383838 0.01346801346801347 0.01355218855218855 0.01363636363636364 0.01372053872053872 0.0138047138047138 0.01388888888888889 0.01397306397306397 0.01405723905723906 0.01414141414141414 0.01422558922558922 0.01430976430976431 0.01439393939393939 0.01447811447811448 0.01456228956228956 0.01464646464646465 0.01473063973063973 0.01481481481481481 0.0148989898989899 0.01498316498316498 0.01506734006734007 0.01515151515151515 0.01523569023569023 0.01531986531986532 0.0154040404040404 0.01548821548821549 0.01557239057239057 0.01565656565656566 0.01574074074074074 0.01582491582491583 0.01590909090909091 0.01599326599326599 0.01607744107744108 0.01616161616161616 0.01624579124579124 0.01632996632996633 0.01641414141414142 0.0164983164983165 0.01658249158249158 0.01666666666666667


# name: y
# type: matrix
# rows: 100
# columns: 1
 24979.54211013026
 24985.16079726806
 24990.77948440586
 24996.39817154366
 25002.01685868147
 25007.63554581927
 25013.25423295707
 25018.87292009487
 25024.49160723267
 25030.11029437047
 25035.72898150827
 25041.34766864607
 25046.96635578387
 25052.58504292167
 25058.20373005947
 25063.82241719727
 25069.44110433507
 25075.05979147288
 25080.67847861068
 25086.29716574847
 25091.91585288628
 25097.53454002408
 25103.15322716188
 25108.77191429968
 25114.39060143748
 25120.00928857528
 25125.62797571308
 25131.24666285088
 25136.86534998868
 25142.48403712648
 25148.10272426428
 25153.72141140208
 25159.34009853988
 25164.95878567769
 25170.57747281549
 25176.19615995328
 25181.81484709109
 25187.43353422889
 25193.05222136669
 25198.67090850449
 25204.28959564229
 25209.90828278009
 25215.52696991789
 25221.14565705569
 25226.76434419349
 25232.38303133129
 25238.00171846909
 25243.62040560689
 25249.23909274469
 25254.8577798825
 25260.4764670203
 25266.0951541581
 25271.7138412959
 25277.3325284337
 25282.9512155715
 25288.5699027093
 25294.1885898471
 25299.8072769849
 25305.4259641227
 25311.0446512605
 25316.6633383983
 25322.2820255361
 25327.90071267391
 25333.5193998117
 25339.1380869495
 25344.75677408731
 25350.37546122511
 25355.99414836291
 25361.61283550071
 25367.23152263851
 25372.85020977631
 25378.46889691411
 25384.08758405191
 25389.70627118971
 25395.32495832751
 25400.94364546531
 25406.56233260311
 25412.18101974091
 25417.79970687872
 25423.41839401651
 25429.03708115431
 25434.65576829212
 25440.27445542992
 25445.89314256772
 25451.51182970552
 25457.13051684332
 25462.74920398112
 25468.36789111892
 25473.98657825672
 25479.60526539452
 25485.22395253232
 25490.84263967012
 25496.46132680792
 25502.08001394572
 25507.69870108353
 25513.31738822133
 25518.93607535912
 25524.55476249693
 25530.17344963473
 25535.79213677253


# name: QUERY
# type: sq_string
# elements: 1
# length: 2
R5


# name: DATASIZE
# type: sq_string
# elements: 1
# length: 3
250


