# Created by Octave 3.8.2, Wed May 18 17:55:54 2016 CEST <Andrea@Andreas-MacBook-Pro.local>
# name: SVs
# type: cell
# rows: 1
# columns: 7
# name: <cell-element>
# type: sparse matrix
# nnz: 43
# rows: 43
# columns: 1
1 1 -1.137928860036294
2 1 -1.137928860036294
3 1 0.1831959774671458
4 1 1.504320814970585
5 1 1.504320814970585
6 1 0.1831959774671458
7 1 0.1831959774671458
8 1 -1.137928860036294
9 1 -0.6094789250349182
10 1 0.1831959774671458
11 1 -0.6094789250349182
12 1 -1.137928860036294
13 1 -1.137928860036294
14 1 -0.6094789250349182
15 1 0.1831959774671458
16 1 -0.6094789250349182
17 1 0.1831959774671458
18 1 0.1831959774671458
19 1 -1.137928860036294
20 1 -1.137928860036294
21 1 -0.6094789250349182
22 1 0.1831959774671458
23 1 1.504320814970585
24 1 -0.6094789250349182
25 1 1.504320814970585
26 1 -0.6094789250349182
27 1 1.504320814970585
28 1 -0.6094789250349182
29 1 0.1831959774671458
30 1 1.504320814970585
31 1 0.1831959774671458
32 1 -1.137928860036294
33 1 1.504320814970585
34 1 -0.6094789250349182
35 1 -0.6094789250349182
36 1 1.504320814970585
37 1 0.1831959774671458
38 1 0.1831959774671458
39 1 -0.6094789250349182
40 1 1.504320814970585
41 1 0.1831959774671458
42 1 0.1831959774671458
43 1 -1.137928860036294



# name: <cell-element>
# type: sparse matrix
# nnz: 42
# rows: 42
# columns: 1
1 1 -1.137928860036294
2 1 -1.137928860036294
3 1 0.1831959774671458
4 1 1.504320814970585
5 1 1.504320814970585
6 1 0.1831959774671458
7 1 0.1831959774671458
8 1 -1.137928860036294
9 1 -0.6094789250349182
10 1 0.1831959774671458
11 1 -0.6094789250349182
12 1 -1.137928860036294
13 1 -1.137928860036294
14 1 -0.6094789250349182
15 1 0.1831959774671458
16 1 -0.6094789250349182
17 1 0.1831959774671458
18 1 0.1831959774671458
19 1 -1.137928860036294
20 1 -1.137928860036294
21 1 -0.6094789250349182
22 1 0.1831959774671458
23 1 1.504320814970585
24 1 -0.6094789250349182
25 1 1.504320814970585
26 1 -0.6094789250349182
27 1 1.504320814970585
28 1 -0.6094789250349182
29 1 0.1831959774671458
30 1 1.504320814970585
31 1 0.1831959774671458
32 1 -1.137928860036294
33 1 1.504320814970585
34 1 -0.6094789250349182
35 1 -0.6094789250349182
36 1 1.504320814970585
37 1 0.1831959774671458
38 1 0.1831959774671458
39 1 -0.6094789250349182
40 1 0.1831959774671458
41 1 0.1831959774671458
42 1 -1.137928860036294



# name: <cell-element>
# type: sparse matrix
# nnz: 43
# rows: 43
# columns: 1
1 1 -1.137928860036294
2 1 -1.137928860036294
3 1 0.1831959774671458
4 1 1.504320814970585
5 1 1.504320814970585
6 1 0.1831959774671458
7 1 0.1831959774671458
8 1 -1.137928860036294
9 1 -0.6094789250349182
10 1 0.1831959774671458
11 1 -0.6094789250349182
12 1 -1.137928860036294
13 1 -1.137928860036294
14 1 -0.6094789250349182
15 1 0.1831959774671458
16 1 -0.6094789250349182
17 1 0.1831959774671458
18 1 0.1831959774671458
19 1 -1.137928860036294
20 1 1.504320814970585
21 1 -1.137928860036294
22 1 -0.6094789250349182
23 1 0.1831959774671458
24 1 1.504320814970585
25 1 -0.6094789250349182
26 1 1.504320814970585
27 1 -0.6094789250349182
28 1 1.504320814970585
29 1 -0.6094789250349182
30 1 0.1831959774671458
31 1 1.504320814970585
32 1 0.1831959774671458
33 1 -1.137928860036294
34 1 1.504320814970585
35 1 -0.6094789250349182
36 1 -0.6094789250349182
37 1 1.504320814970585
38 1 0.1831959774671458
39 1 0.1831959774671458
40 1 -0.6094789250349182
41 1 0.1831959774671458
42 1 0.1831959774671458
43 1 -1.137928860036294



# name: <cell-element>
# type: sparse matrix
# nnz: 43
# rows: 43
# columns: 1
1 1 -1.137928860036294
2 1 -1.137928860036294
3 1 0.1831959774671458
4 1 1.504320814970585
5 1 1.504320814970585
6 1 0.1831959774671458
7 1 0.1831959774671458
8 1 -1.137928860036294
9 1 -0.6094789250349182
10 1 0.1831959774671458
11 1 -0.6094789250349182
12 1 -1.137928860036294
13 1 -1.137928860036294
14 1 -0.6094789250349182
15 1 0.1831959774671458
16 1 -0.6094789250349182
17 1 0.1831959774671458
18 1 0.1831959774671458
19 1 -1.137928860036294
20 1 -1.137928860036294
21 1 -0.6094789250349182
22 1 0.1831959774671458
23 1 1.504320814970585
24 1 -0.6094789250349182
25 1 1.504320814970585
26 1 -0.6094789250349182
27 1 1.504320814970585
28 1 -0.6094789250349182
29 1 0.1831959774671458
30 1 1.504320814970585
31 1 0.1831959774671458
32 1 -1.137928860036294
33 1 1.504320814970585
34 1 -0.6094789250349182
35 1 -0.6094789250349182
36 1 1.504320814970585
37 1 0.1831959774671458
38 1 0.1831959774671458
39 1 -0.6094789250349182
40 1 1.504320814970585
41 1 0.1831959774671458
42 1 0.1831959774671458
43 1 -1.137928860036294



# name: <cell-element>
# type: sparse matrix
# nnz: 43
# rows: 43
# columns: 1
1 1 -1.137928860036294
2 1 -1.137928860036294
3 1 0.1831959774671458
4 1 1.504320814970585
5 1 1.504320814970585
6 1 0.1831959774671458
7 1 0.1831959774671458
8 1 -1.137928860036294
9 1 -0.6094789250349182
10 1 0.1831959774671458
11 1 -0.6094789250349182
12 1 -1.137928860036294
13 1 -1.137928860036294
14 1 -0.6094789250349182
15 1 0.1831959774671458
16 1 -0.6094789250349182
17 1 0.1831959774671458
18 1 0.1831959774671458
19 1 -1.137928860036294
20 1 -1.137928860036294
21 1 -0.6094789250349182
22 1 0.1831959774671458
23 1 1.504320814970585
24 1 -0.6094789250349182
25 1 1.504320814970585
26 1 -0.6094789250349182
27 1 1.504320814970585
28 1 -0.6094789250349182
29 1 0.1831959774671458
30 1 1.504320814970585
31 1 0.1831959774671458
32 1 -1.137928860036294
33 1 1.504320814970585
34 1 -0.6094789250349182
35 1 -0.6094789250349182
36 1 1.504320814970585
37 1 0.1831959774671458
38 1 0.1831959774671458
39 1 -0.6094789250349182
40 1 1.504320814970585
41 1 0.1831959774671458
42 1 0.1831959774671458
43 1 -1.137928860036294



# name: <cell-element>
# type: sparse matrix
# nnz: 40
# rows: 40
# columns: 1
1 1 -1.137928860036294
2 1 -1.137928860036294
3 1 0.1831959774671458
4 1 1.504320814970585
5 1 1.504320814970585
6 1 0.1831959774671458
7 1 -1.137928860036294
8 1 -0.6094789250349182
9 1 0.1831959774671458
10 1 -0.6094789250349182
11 1 -1.137928860036294
12 1 -1.137928860036294
13 1 -0.6094789250349182
14 1 0.1831959774671458
15 1 0.1831959774671458
16 1 -1.137928860036294
17 1 -1.137928860036294
18 1 -0.6094789250349182
19 1 0.1831959774671458
20 1 1.504320814970585
21 1 -0.6094789250349182
22 1 1.504320814970585
23 1 -0.6094789250349182
24 1 1.504320814970585
25 1 -0.6094789250349182
26 1 0.1831959774671458
27 1 1.504320814970585
28 1 0.1831959774671458
29 1 -1.137928860036294
30 1 1.504320814970585
31 1 -0.6094789250349182
32 1 -0.6094789250349182
33 1 1.504320814970585
34 1 0.1831959774671458
35 1 0.1831959774671458
36 1 -0.6094789250349182
37 1 1.504320814970585
38 1 0.1831959774671458
39 1 0.1831959774671458
40 1 -1.137928860036294



# name: <cell-element>
# type: scalar
0





# name: coefficients
# type: cell
# rows: 1
# columns: 7
# name: <cell-element>
# type: matrix
# rows: 43
# columns: 1
 -0.1
 0.1
 -0.1
 0.1
 0.1
 -0.1
 0.1
 -0.1
 0.1
 0.1
 0.1
 0.1
 -0.1
 -0.1
 0.1
 -0.1
 0.1
 0.1
 -0.02398383934813742
 0.1
 0.1
 -0.1
 -0.1
 -0.1
 -0.1
 -0.1
 -0.1
 -0.1
 0.1
 -0.1
 0.1
 0.1
 0.1
 -0.1
 -0.1
 0.1
 0.1
 0.1
 -0.1
 -0.07601616065186259
 -0.1
 -0.1
 0.1



# name: <cell-element>
# type: matrix
# rows: 42
# columns: 1
 -0.1
 0.1
 -0.1
 0.1
 0.1
 -0.1
 0.1
 -0.1
 0.1
 0.1
 0.1
 0.1
 -0.1
 -0.1
 0.1
 -0.1
 0.1
 0.1
 -0.1
 0.1
 0.1
 -0.1
 -0.1
 -0.1
 -0.1
 -0.1
 -0.1
 -0.1
 0.1
 -0.1
 0.1
 0.1
 0.1
 -0.1
 -0.1
 0.1
 0.1
 0.1
 -0.1
 -0.1
 -0.1
 0.1



# name: <cell-element>
# type: matrix
# rows: 43
# columns: 1
 -5
 5
 -5
 5
 5
 -5
 5
 -5
 5
 5
 5
 5
 -5
 -5
 5
 -5
 5
 5
 -5
 0.3210417412314941
 5
 5
 -5
 -5
 -5
 -5
 -5
 -5
 -5
 5
 -5
 5
 4.678958258768506
 5
 -5
 -5
 5
 5
 5
 -5
 -5
 -5
 5



# name: <cell-element>
# type: matrix
# rows: 43
# columns: 1
 -0.1
 0.1
 -0.1
 0.1
 0.1
 -0.08684493623920359
 0.1
 -0.1
 0.1
 0.1
 0.1
 0.1
 -0.1
 -0.1
 0.1
 -0.1
 0.1
 0.1
 -0.1
 0.1
 0.1
 -0.1
 -0.1
 -0.1
 -0.1
 -0.1
 -0.1
 -0.1
 0.1
 -0.1
 0.1
 0.1
 0.1
 -0.1
 -0.1
 0.1
 0.1
 0.1
 -0.1
 -0.01315506376079642
 -0.1
 -0.1
 0.1



