# Created by Octave 4.0.0, Mon May 23 13:38:18 2016 CEST <peter@Independence>
# name: SVs
# type: cell
# rows: 1
# columns: 7
# name: <cell-element>
# type: sparse matrix
# nnz: 41
# rows: 41
# columns: 1
1 1 -0.6094789250349182
2 1 1.504320814970585
3 1 -0.6094789250349182
4 1 -0.6094789250349182
5 1 0.1831959774671458
6 1 0.1831959774671458
7 1 -0.6094789250349182
8 1 1.504320814970585
9 1 1.504320814970585
10 1 0.1831959774671458
11 1 -1.137928860036294
12 1 -0.6094789250349182
13 1 -1.137928860036294
14 1 -0.6094789250349182
15 1 -1.137928860036294
16 1 -0.6094789250349182
17 1 0.1831959774671458
18 1 0.1831959774671458
19 1 -1.137928860036294
20 1 1.504320814970585
21 1 0.1831959774671458
22 1 0.1831959774671458
23 1 0.1831959774671458
24 1 0.1831959774671458
25 1 1.504320814970585
26 1 -1.137928860036294
27 1 -0.6094789250349182
28 1 1.504320814970585
29 1 1.504320814970585
30 1 0.1831959774671458
31 1 -0.6094789250349182
32 1 1.504320814970585
33 1 1.504320814970585
34 1 1.504320814970585
35 1 0.1831959774671458
36 1 1.504320814970585
37 1 0.1831959774671458
38 1 0.1831959774671458
39 1 -1.137928860036294
40 1 -0.6094789250349182
41 1 -1.137928860036294



# name: <cell-element>
# type: sparse matrix
# nnz: 42
# rows: 42
# columns: 1
1 1 -0.6094789250349182
2 1 1.504320814970585
3 1 -0.6094789250349182
4 1 -0.6094789250349182
5 1 0.1831959774671458
6 1 0.1831959774671458
7 1 -0.6094789250349182
8 1 1.504320814970585
9 1 1.504320814970585
10 1 0.1831959774671458
11 1 -1.137928860036294
12 1 -0.6094789250349182
13 1 -1.137928860036294
14 1 -0.6094789250349182
15 1 -1.137928860036294
16 1 -0.6094789250349182
17 1 0.1831959774671458
18 1 0.1831959774671458
19 1 -1.137928860036294
20 1 1.504320814970585
21 1 0.1831959774671458
22 1 0.1831959774671458
23 1 0.1831959774671458
24 1 0.1831959774671458
25 1 1.504320814970585
26 1 -0.6094789250349182
27 1 1.504320814970585
28 1 1.504320814970585
29 1 0.1831959774671458
30 1 -0.6094789250349182
31 1 1.504320814970585
32 1 1.504320814970585
33 1 1.504320814970585
34 1 0.1831959774671458
35 1 1.504320814970585
36 1 0.1831959774671458
37 1 -1.137928860036294
38 1 0.1831959774671458
39 1 -1.137928860036294
40 1 -0.6094789250349182
41 1 -1.137928860036294
42 1 -1.137928860036294



# name: <cell-element>
# type: sparse matrix
# nnz: 42
# rows: 42
# columns: 1
1 1 -0.6094789250349182
2 1 1.504320814970585
3 1 -0.6094789250349182
4 1 0.1831959774671458
5 1 0.1831959774671458
6 1 -0.6094789250349182
7 1 1.504320814970585
8 1 -0.6094789250349182
9 1 1.504320814970585
10 1 0.1831959774671458
11 1 -1.137928860036294
12 1 -0.6094789250349182
13 1 -1.137928860036294
14 1 -0.6094789250349182
15 1 -1.137928860036294
16 1 -0.6094789250349182
17 1 0.1831959774671458
18 1 0.1831959774671458
19 1 -1.137928860036294
20 1 1.504320814970585
21 1 0.1831959774671458
22 1 0.1831959774671458
23 1 0.1831959774671458
24 1 0.1831959774671458
25 1 1.504320814970585
26 1 -1.137928860036294
27 1 -0.6094789250349182
28 1 1.504320814970585
29 1 1.504320814970585
30 1 0.1831959774671458
31 1 -0.6094789250349182
32 1 1.504320814970585
33 1 1.504320814970585
34 1 1.504320814970585
35 1 0.1831959774671458
36 1 1.504320814970585
37 1 0.1831959774671458
38 1 0.1831959774671458
39 1 -1.137928860036294
40 1 -0.6094789250349182
41 1 -1.137928860036294
42 1 -1.137928860036294



# name: <cell-element>
# type: sparse matrix
# nnz: 42
# rows: 42
# columns: 1
1 1 -0.6094789250349182
2 1 1.504320814970585
3 1 -0.6094789250349182
4 1 -0.6094789250349182
5 1 0.1831959774671458
6 1 0.1831959774671458
7 1 -0.6094789250349182
8 1 1.504320814970585
9 1 1.504320814970585
10 1 0.1831959774671458
11 1 -1.137928860036294
12 1 -0.6094789250349182
13 1 -1.137928860036294
14 1 -0.6094789250349182
15 1 -1.137928860036294
16 1 -0.6094789250349182
17 1 0.1831959774671458
18 1 0.1831959774671458
19 1 -1.137928860036294
20 1 1.504320814970585
21 1 0.1831959774671458
22 1 0.1831959774671458
23 1 0.1831959774671458
24 1 0.1831959774671458
25 1 1.504320814970585
26 1 -0.6094789250349182
27 1 1.504320814970585
28 1 1.504320814970585
29 1 0.1831959774671458
30 1 -0.6094789250349182
31 1 1.504320814970585
32 1 1.504320814970585
33 1 1.504320814970585
34 1 0.1831959774671458
35 1 1.504320814970585
36 1 0.1831959774671458
37 1 -1.137928860036294
38 1 0.1831959774671458
39 1 -1.137928860036294
40 1 -0.6094789250349182
41 1 -1.137928860036294
42 1 -1.137928860036294



# name: <cell-element>
# type: sparse matrix
# nnz: 42
# rows: 42
# columns: 1
1 1 -0.6094789250349182
2 1 1.504320814970585
3 1 -0.6094789250349182
4 1 -0.6094789250349182
5 1 0.1831959774671458
6 1 0.1831959774671458
7 1 -0.6094789250349182
8 1 1.504320814970585
9 1 1.504320814970585
10 1 0.1831959774671458
11 1 -1.137928860036294
12 1 -0.6094789250349182
13 1 -1.137928860036294
14 1 -0.6094789250349182
15 1 -1.137928860036294
16 1 -0.6094789250349182
17 1 0.1831959774671458
18 1 0.1831959774671458
19 1 -1.137928860036294
20 1 1.504320814970585
21 1 0.1831959774671458
22 1 0.1831959774671458
23 1 0.1831959774671458
24 1 0.1831959774671458
25 1 1.504320814970585
26 1 -0.6094789250349182
27 1 1.504320814970585
28 1 1.504320814970585
29 1 0.1831959774671458
30 1 -0.6094789250349182
31 1 1.504320814970585
32 1 1.504320814970585
33 1 1.504320814970585
34 1 0.1831959774671458
35 1 1.504320814970585
36 1 0.1831959774671458
37 1 -1.137928860036294
38 1 0.1831959774671458
39 1 -1.137928860036294
40 1 -0.6094789250349182
41 1 -1.137928860036294
42 1 -1.137928860036294



# name: <cell-element>
# type: sparse matrix
# nnz: 42
# rows: 42
# columns: 1
1 1 -0.6094789250349182
2 1 1.504320814970585
3 1 -0.6094789250349182
4 1 -0.6094789250349182
5 1 0.1831959774671458
6 1 -0.6094789250349182
7 1 1.504320814970585
8 1 -0.6094789250349182
9 1 1.504320814970585
10 1 0.1831959774671458
11 1 -1.137928860036294
12 1 -1.137928860036294
13 1 -0.6094789250349182
14 1 -1.137928860036294
15 1 -0.6094789250349182
16 1 0.1831959774671458
17 1 0.1831959774671458
18 1 -1.137928860036294
19 1 1.504320814970585
20 1 0.1831959774671458
21 1 0.1831959774671458
22 1 0.1831959774671458
23 1 0.1831959774671458
24 1 0.1831959774671458
25 1 -1.137928860036294
26 1 -0.6094789250349182
27 1 1.504320814970585
28 1 1.504320814970585
29 1 0.1831959774671458
30 1 -0.6094789250349182
31 1 1.504320814970585
32 1 1.504320814970585
33 1 1.504320814970585
34 1 0.1831959774671458
35 1 1.504320814970585
36 1 0.1831959774671458
37 1 -1.137928860036294
38 1 0.1831959774671458
39 1 -1.137928860036294
40 1 -0.6094789250349182
41 1 -1.137928860036294
42 1 -1.137928860036294



# name: <cell-element>
# type: scalar
0





# name: coefficients
# type: cell
# rows: 1
# columns: 7
# name: <cell-element>
# type: matrix
# rows: 41
# columns: 1
 -0.1
 -0.1
 0.01922862568141886
 -0.1
 0.1
 0.1
 -0.1
 -0.1
 0.1
 -0.1
 0.1
 -0.1
 0.1
 -0.1
 0.1
 0.1
 -0.1
 0.1
 -0.1
 -0.1
 -0.1
 0.1
 -0.1
 0.1
 0.08077137431858114
 0.1
 -0.1
 0.1
 0.1
 0.1
 -0.1
 -0.1
 0.1
 0.1
 0.1
 -0.1
 -0.1
 0.1
 0.1
 -0.1
 -0.1



# name: <cell-element>
# type: matrix
# rows: 42
# columns: 1
 -0.87368
 -0.87368
 0.8702561929638724
 -0.87368
 0.87368
 0.87368
 -0.87368
 -0.8702561929638721
 0.87368
 -0.87368
 0.87368
 -0.87368
 0.87368
 -0.87368
 0.87368
 0.87368
 -0.87368
 0.87368
 -0.87368
 -0.87368
 -0.87368
 0.87368
 0.87368
 0.87368
 0.87368
 -0.87368
 0.87368
 0.87368
 0.87368
 -0.87368
 -0.87368
 0.87368
 0.87368
 0.87368
 -0.87368
 -0.87368
 -0.87368
 0.87368
 0.87368
 -0.87368
 -0.87368
 -0.87368



# name: <cell-element>
# type: matrix
# rows: 42
# columns: 1
 -0.1
 -0.1
 -0.1
 0.1
 0.1
 -0.1
 -0.1
 -0.1
 0.1
 -0.1
 0.1
 -0.1
 0.1
 -0.1
 0.1
 0.1
 -0.1
 0.1
 -0.1
 -0.1
 -0.1
 0.1
 0.01923772182712061
 0.1
 0.1
 0.1
 -0.1
 0.1
 0.1
 0.1
 -0.1
 -0.1
 0.1
 0.1
 0.1
 -0.1
 -0.1
 0.1
 0.1
 -0.1
 -0.1
 -0.01923772182712062



