# Created by Octave 3.8.2, Wed May 18 17:55:45 2016 CEST <Andrea@Andreas-MacBook-Pro.local>
# name: mu
# type: matrix
# rows: 1
# columns: 2
 25317 0.01192222222222222


# name: sigma
# type: matrix
# rows: 1
# columns: 2
 842.078750249418 0.003153878080545752


