# Created by Octave 4.0.0, Mon May 23 13:38:12 2016 CEST <peter@Independence>
# name: mu
# type: matrix
# rows: 1
# columns: 2
 25317 0.01192222222222222


# name: sigma
# type: matrix
# rows: 1
# columns: 2
 842.078750249418 0.003153878080545752


