# Created by Octave 3.8.2, Wed May 18 17:55:55 2016 CEST <Andrea@Andreas-MacBook-Pro.local>
# name: x
# type: matrix
# rows: 1
# columns: 100
 0.008333333333333333 0.008417508417508417 0.008501683501683501 0.008585858585858586 0.00867003367003367 0.008754208754208754 0.008838383838383838 0.008922558922558922 0.009006734006734006 0.00909090909090909 0.009175084175084175 0.009259259259259259 0.009343434343434343 0.009427609427609427 0.009511784511784511 0.009595959595959595 0.009680134680134679 0.009764309764309764 0.009848484848484848 0.009932659932659932 0.01001683501683502 0.0101010101010101 0.01018518518518518 0.01026936026936027 0.01035353535353535 0.01043771043771044 0.01052188552188552 0.0106060606060606 0.01069023569023569 0.01077441077441077 0.01085858585858586 0.01094276094276094 0.01102693602693603 0.01111111111111111 0.0111952861952862 0.01127946127946128 0.01136363636363636 0.01144781144781145 0.01153198653198653 0.01161616161616162 0.0117003367003367 0.01178451178451178 0.01186868686868687 0.01195286195286195 0.01203703703703704 0.01212121212121212 0.01220538720538721 0.01228956228956229 0.01237373737373737 0.01245791245791246 0.01254208754208754 0.01262626262626263 0.01271043771043771 0.01279461279461279 0.01287878787878788 0.01296296296296296 0.01304713804713805 0.01313131313131313 0.01321548821548822 0.0132996632996633 0.01338383838383838 0.01346801346801347 0.01355218855218855 0.01363636363636364 0.01372053872053872 0.0138047138047138 0.01388888888888889 0.01397306397306397 0.01405723905723906 0.01414141414141414 0.01422558922558922 0.01430976430976431 0.01439393939393939 0.01447811447811448 0.01456228956228956 0.01464646464646465 0.01473063973063973 0.01481481481481481 0.0148989898989899 0.01498316498316498 0.01506734006734007 0.01515151515151515 0.01523569023569023 0.01531986531986532 0.0154040404040404 0.01548821548821549 0.01557239057239057 0.01565656565656566 0.01574074074074074 0.01582491582491583 0.01590909090909091 0.01599326599326599 0.01607744107744108 0.01616161616161616 0.01624579124579124 0.01632996632996633 0.01641414141414142 0.0164983164983165 0.01658249158249158 0.01666666666666667


# name: y
# type: matrix
# rows: 100
# columns: 1
 25281.24579333497
 25283.41029338833
 25285.52342406507
 25287.58518536518
 25289.59557728868
 25291.55459983555
 25293.4622530058
 25295.31853679942
 25297.12345121643
 25298.87699625681
 25300.57917192057
 25302.2299782077
 25303.82941511822
 25305.37748265211
 25306.87418080938
 25308.31950959003
 25309.71346899405
 25311.05605902145
 25312.34727967223
 25313.58713094639
 25314.77561284393
 25315.91272536484
 25316.99846850913
 25318.0328422768
 25319.01584666784
 25319.94748168227
 25320.82774732007
 25321.65664358124
 25322.4341704658
 25323.16032797373
 25323.83511610505
 25324.45853485974
 25325.0305842378
 25325.55126423925
 25326.02057486407
 25326.43851611227
 25326.80508798384
 25327.1202904788
 25327.38412359713
 25327.59658733884
 25327.75768170393
 25327.8674066924
 25327.92576230424
 25327.93274853946
 25327.88836539806
 25327.79261288003
 25327.64549098539
 25327.44699971412
 25327.19713906623
 25326.89590904171
 25326.54330964058
 25326.13934086282
 25325.68400270844
 25325.17729517743
 25324.61921826981
 25324.00977198556
 25323.34895632469
 25322.6367712872
 25321.87321687308
 25321.05829308235
 25320.19199991499
 25319.274337371
 25318.3053054504
 25317.28490415317
 25316.21313347932
 25315.08999342885
 25313.91548400176
 25312.68960519804
 25311.4123570177
 25310.08373946074
 25308.70375252716
 25307.27239621695
 25305.78967053012
 25304.25557546668
 25302.6701110266
 25301.03327720991
 25299.34507401659
 25297.60550144665
 25295.81455950009
 25293.9722481769
 25292.0785674771
 25290.13351740067
 25288.13709794762
 25286.08930911794
 25283.99015091165
 25281.83962332873
 25279.63772636919
 25277.38446003302
 25275.07982432024
 25272.72381923083
 25270.3164447648
 25267.85770092214
 25265.34758770287
 25262.78610510697
 25260.17325313445
 25257.50903178531
 25254.79344105954
 25252.02648095716
 25249.20815147815
 25246.33845262251


# name: QUERY
# type: sq_string
# elements: 1
# length: 2
R5


# name: DATASIZE
# type: sq_string
# elements: 1
# length: 3
250


