# Created by Octave 3.8.2, Wed May 18 17:55:55 2016 CEST <Andrea@Andreas-MacBook-Pro.local>
# name: x
# type: matrix
# rows: 1
# columns: 100
 0.008333333333333333 0.008417508417508417 0.008501683501683501 0.008585858585858586 0.00867003367003367 0.008754208754208754 0.008838383838383838 0.008922558922558922 0.009006734006734006 0.00909090909090909 0.009175084175084175 0.009259259259259259 0.009343434343434343 0.009427609427609427 0.009511784511784511 0.009595959595959595 0.009680134680134679 0.009764309764309764 0.009848484848484848 0.009932659932659932 0.01001683501683502 0.0101010101010101 0.01018518518518518 0.01026936026936027 0.01035353535353535 0.01043771043771044 0.01052188552188552 0.0106060606060606 0.01069023569023569 0.01077441077441077 0.01085858585858586 0.01094276094276094 0.01102693602693603 0.01111111111111111 0.0111952861952862 0.01127946127946128 0.01136363636363636 0.01144781144781145 0.01153198653198653 0.01161616161616162 0.0117003367003367 0.01178451178451178 0.01186868686868687 0.01195286195286195 0.01203703703703704 0.01212121212121212 0.01220538720538721 0.01228956228956229 0.01237373737373737 0.01245791245791246 0.01254208754208754 0.01262626262626263 0.01271043771043771 0.01279461279461279 0.01287878787878788 0.01296296296296296 0.01304713804713805 0.01313131313131313 0.01321548821548822 0.0132996632996633 0.01338383838383838 0.01346801346801347 0.01355218855218855 0.01363636363636364 0.01372053872053872 0.0138047138047138 0.01388888888888889 0.01397306397306397 0.01405723905723906 0.01414141414141414 0.01422558922558922 0.01430976430976431 0.01439393939393939 0.01447811447811448 0.01456228956228956 0.01464646464646465 0.01473063973063973 0.01481481481481481 0.0148989898989899 0.01498316498316498 0.01506734006734007 0.01515151515151515 0.01523569023569023 0.01531986531986532 0.0154040404040404 0.01548821548821549 0.01557239057239057 0.01565656565656566 0.01574074074074074 0.01582491582491583 0.01590909090909091 0.01599326599326599 0.01607744107744108 0.01616161616161616 0.01624579124579124 0.01632996632996633 0.01641414141414142 0.0164983164983165 0.01658249158249158 0.01666666666666667


# name: y
# type: matrix
# rows: 100
# columns: 1
 25196.0434634885
 25191.98006003652
 25188.19912499538
 25184.68725412524
 25181.43136903807
 25178.41871719761
 25175.63687191945
 25173.07373237097
 25170.71752357133
 25168.55679639152
 25166.58042755433
 25164.77761963437
 25163.13790105801
 25161.65112610348
 25160.30747490077
 25159.09745343171
 25158.0118935299
 25157.04195288078
 25156.17911502156
 25155.41518934129
 25154.7423110808
 25154.15294133274
 25153.63986704154
 25153.19620100347
 25152.81538186658
 25152.49117413074
 25152.2176681476
 25151.98928012064
 25151.80075210515
 25151.64715200819
 25151.52387358867
 25151.42663645725
 25151.35148607646
 25151.29479376057
 25151.25325667571
 25151.22389783978
 25151.2040661225
 25151.19143624539
 25151.18400878177
 25151.18011015677
 25151.17839264733
 25151.17783438219
 25151.17773934189
 25151.17773735879
 25151.17778411703
 25151.17816115258
 25151.1794758532
 25151.18266145846
 25151.18897705974
 25151.20000760021
 25151.21766387485
 25151.24418253046
 25151.28212606563
 25151.33438283076
 25151.40416702805
 25151.4950187115
 25151.61080378694
 25151.75571401198
 25151.93426699603
 25152.15130620034
 25152.41200093793
 25152.72184637364
 25153.0866635241
 25153.51259925778
 25154.00612629492
 25154.57404320757
 25155.2234744196
 25155.96187020668
 25156.79700669627
 25157.73698586765
 25158.79023555191
 25159.96550943192
 25161.27188704239
 25162.7187737698
 25164.31590085245
 25166.07332538046
 25168.00143029573
 25170.11092439197
 25172.41284231471
 25174.91854456127
 25177.63971748079
 25180.58837327418
 25183.7768499942
 25187.21781154539
 25190.9242476841
 25194.90947401848
 25199.1871320085
 25203.7711889659
 25208.67593805427
 25213.91599828898
 25219.5063145372
 25225.46215751792
 25231.79912380192
 25238.53313581181
 25245.68044182197
 25253.25761595861
 25261.28155819974
 25269.76949437517
 25278.73897616651
 25288.20788110719


# name: QUERY
# type: sq_string
# elements: 1
# length: 2
R5


# name: DATASIZE
# type: sq_string
# elements: 1
# length: 3
250


