# Created by Octave 4.0.0, Mon May 23 13:38:18 2016 CEST <peter@Independence>
# name: x
# type: matrix
# rows: 1
# columns: 100
 0.008333333333333333 0.008417508417508417 0.008501683501683501 0.008585858585858586 0.00867003367003367 0.008754208754208754 0.008838383838383838 0.008922558922558922 0.009006734006734006 0.00909090909090909 0.009175084175084175 0.009259259259259259 0.009343434343434343 0.009427609427609427 0.009511784511784511 0.009595959595959595 0.009680134680134679 0.009764309764309764 0.009848484848484848 0.009932659932659932 0.01001683501683502 0.0101010101010101 0.01018518518518518 0.01026936026936027 0.01035353535353535 0.01043771043771044 0.01052188552188552 0.0106060606060606 0.01069023569023569 0.01077441077441077 0.01085858585858586 0.01094276094276094 0.01102693602693603 0.01111111111111111 0.0111952861952862 0.01127946127946128 0.01136363636363636 0.01144781144781145 0.01153198653198653 0.01161616161616162 0.0117003367003367 0.01178451178451178 0.01186868686868687 0.01195286195286195 0.01203703703703704 0.01212121212121212 0.01220538720538721 0.01228956228956229 0.01237373737373737 0.01245791245791246 0.01254208754208754 0.01262626262626263 0.01271043771043771 0.01279461279461279 0.01287878787878788 0.01296296296296296 0.01304713804713805 0.01313131313131313 0.01321548821548822 0.0132996632996633 0.01338383838383838 0.01346801346801347 0.01355218855218855 0.01363636363636364 0.01372053872053872 0.0138047138047138 0.01388888888888889 0.01397306397306397 0.01405723905723906 0.01414141414141414 0.01422558922558922 0.01430976430976431 0.01439393939393939 0.01447811447811448 0.01456228956228956 0.01464646464646465 0.01473063973063973 0.01481481481481481 0.0148989898989899 0.01498316498316498 0.01506734006734007 0.01515151515151515 0.01523569023569023 0.01531986531986532 0.0154040404040404 0.01548821548821549 0.01557239057239057 0.01565656565656566 0.01574074074074074 0.01582491582491583 0.01590909090909091 0.01599326599326599 0.01607744107744108 0.01616161616161616 0.01624579124579124 0.01632996632996633 0.01641414141414142 0.0164983164983165 0.01658249158249158 0.01666666666666667


# name: y
# type: matrix
# rows: 100
# columns: 1
 25200.15173198863
 25185.35380418471
 25171.58455768207
 25158.79517749695
 25146.93803531866
 25135.96668950963
 25125.83588510532
 25116.50155381431
 25107.92081401822
 25100.05197077177
 25092.85451580276
 25086.28912751207
 25080.31767097365
 25074.90319793452
 25070.0099468148
 25065.60334270768
 25061.64999737941
 25058.11770926935
 25054.97546348992
 25052.19343182661
 25049.74297273802
 25047.59663135579
 25045.72813948467
 25044.11241560246
 25042.72556486007
 25041.54487908145
 25040.54883676367
 25039.71710307685
 25039.03052986421
 25038.47115564201
 25038.02220559963
 25037.66809159951
 25037.39441217717
 25037.18795254121
 25037.0366845733
 25036.92976682821
 25036.85754453376
 25036.81154959088
 25036.78450057354
 25036.77030272882
 25036.76404797686
 25036.7620149109
 25036.76166879723
 25036.76166157525
 25036.76183185741
 25036.76320492924
 25036.76799274938
 25036.77959394951
 25036.80259383442
 25036.84276438195
 25036.90706424303
 25037.00363874168
 25037.14181987498
 25037.3321263131
 25037.58626339929
 25037.91712314988
 25038.33878425425
 25038.8665120749
 25039.51675864738
 25040.30716268034
 25041.25654955547
 25042.38493132759
 25043.71350672456
 25045.26466114733
 25047.06196666993
 25049.13018203948
 25051.49525267615
 25054.18431067322
 25057.22567479702
 25060.64885048697
 25064.48452985558
 25068.76459168842
 25073.52210144416
 25078.79131125452
 25084.60765992432
 25091.00777293145
 25098.02946242688
 25105.71172723467
 25114.09475285192
 25123.21991144886
 25133.12976186877
 25143.86804962801
 25155.47970691602
 25168.01085259531
 25181.50879220149
 25196.02201794323
 25211.60020870229
 25228.2942300335
 25246.15613416476
 25265.23915999708
 25285.59773310451
 25307.28746573421
 25330.36515680639
 25354.88879191437
 25380.91754332452
 25408.5117699763
 25437.73301748226
 25468.644018128
 25501.30869087222
 25535.7921413467


# name: QUERY
# type: sq_string
# elements: 1
# length: 2
R5


# name: DATASIZE
# type: sq_string
# elements: 1
# length: 3
250


