# Created by Octave 3.8.2, Wed May 18 17:55:55 2016 CEST <Andrea@Andreas-MacBook-Pro.local>
# name: x
# type: matrix
# rows: 1
# columns: 100
 0.008333333333333333 0.008417508417508417 0.008501683501683501 0.008585858585858586 0.00867003367003367 0.008754208754208754 0.008838383838383838 0.008922558922558922 0.009006734006734006 0.00909090909090909 0.009175084175084175 0.009259259259259259 0.009343434343434343 0.009427609427609427 0.009511784511784511 0.009595959595959595 0.009680134680134679 0.009764309764309764 0.009848484848484848 0.009932659932659932 0.01001683501683502 0.0101010101010101 0.01018518518518518 0.01026936026936027 0.01035353535353535 0.01043771043771044 0.01052188552188552 0.0106060606060606 0.01069023569023569 0.01077441077441077 0.01085858585858586 0.01094276094276094 0.01102693602693603 0.01111111111111111 0.0111952861952862 0.01127946127946128 0.01136363636363636 0.01144781144781145 0.01153198653198653 0.01161616161616162 0.0117003367003367 0.01178451178451178 0.01186868686868687 0.01195286195286195 0.01203703703703704 0.01212121212121212 0.01220538720538721 0.01228956228956229 0.01237373737373737 0.01245791245791246 0.01254208754208754 0.01262626262626263 0.01271043771043771 0.01279461279461279 0.01287878787878788 0.01296296296296296 0.01304713804713805 0.01313131313131313 0.01321548821548822 0.0132996632996633 0.01338383838383838 0.01346801346801347 0.01355218855218855 0.01363636363636364 0.01372053872053872 0.0138047138047138 0.01388888888888889 0.01397306397306397 0.01405723905723906 0.01414141414141414 0.01422558922558922 0.01430976430976431 0.01439393939393939 0.01447811447811448 0.01456228956228956 0.01464646464646465 0.01473063973063973 0.01481481481481481 0.0148989898989899 0.01498316498316498 0.01506734006734007 0.01515151515151515 0.01523569023569023 0.01531986531986532 0.0154040404040404 0.01548821548821549 0.01557239057239057 0.01565656565656566 0.01574074074074074 0.01582491582491583 0.01590909090909091 0.01599326599326599 0.01607744107744108 0.01616161616161616 0.01624579124579124 0.01632996632996633 0.01641414141414142 0.0164983164983165 0.01658249158249158 0.01666666666666667


# name: y
# type: matrix
# rows: 100
# columns: 1
 25176.87414153802
 25173.46744779346
 25170.44619621709
 25167.774679972
 25165.41973274685
 25163.35060528116
 25161.53884496702
 25159.95817852711
 25158.58439776926
 25157.39524841728
 25156.37032201835
 25155.49095092664
 25154.74010636354
 25154.10229955412
 25153.56348594011
 25153.11097246925
 25152.73332796102
 25152.42029654885
 25152.16271419868
 25151.95242830394
 25151.78222035695
 25151.64573169674
 25151.53739233323
 25151.45235284789
 25151.3864193707
 25151.3359916337
 25151.29800410072
 25151.2698701737
 25151.24942947536
 25151.2348982082
 25151.22482259009
 25151.21803536606
 25151.21361539665
 25151.2108503226
 25151.20920230598
 25151.20827684768
 25151.20779468138
 25151.20756674385
 25151.20747222175
 25151.20743967474
 25151.20743123507
 25151.20742988354
 25151.2074298019
 25151.20742980163
 25151.20742982913
 25151.20743054737
 25151.20743599385
 25151.20745931506
 25151.20753157732
 25151.207713654
 25151.20811118916
 25151.20889263767
 25151.21031038162
 25151.21272492321
 25151.21663215405
 25151.22269370085
 25151.23177034748
 25151.24495853358
 25151.26362992937
 25151.28947408704
 25151.32454416847
 25151.37130574937
 25151.43268869988
 25151.51214214143
 25151.61369248022
 25151.74200451695
 25151.90244563298
 25152.10115305298
 25152.34510418391
 25152.64219003045
 25153.00129168677
 25153.43235990483
 25153.94649773896
 25154.55604626697
 25155.27467338754
 25156.11746569411
 25157.1010234252
 25158.24355849099
 25159.56499557654
 25161.08707632115
 25162.83346657438
 25164.82986672831
 25167.10412512626
 25169.68635454798
 25172.60905177112
 25175.90722020921
 25179.61849562602
 25183.78327492635
 25188.44484802316
 25193.64953278118
 25199.4468130369
 25205.88947969497
 25213.03377490103
 25220.93953929088
 25229.67036231613
 25239.29373564629
 25249.88120964711
 25261.50855293553
 25274.25591501085
 25288.20799196251


# name: QUERY
# type: sq_string
# elements: 1
# length: 2
R5


# name: DATASIZE
# type: sq_string
# elements: 1
# length: 3
250


