# Created by Octave 3.8.2, Wed May 18 17:55:55 2016 CEST <Andrea@Andreas-MacBook-Pro.local>
# name: x
# type: matrix
# rows: 1
# columns: 100
 0.008333333333333333 0.008417508417508417 0.008501683501683501 0.008585858585858586 0.00867003367003367 0.008754208754208754 0.008838383838383838 0.008922558922558922 0.009006734006734006 0.00909090909090909 0.009175084175084175 0.009259259259259259 0.009343434343434343 0.009427609427609427 0.009511784511784511 0.009595959595959595 0.009680134680134679 0.009764309764309764 0.009848484848484848 0.009932659932659932 0.01001683501683502 0.0101010101010101 0.01018518518518518 0.01026936026936027 0.01035353535353535 0.01043771043771044 0.01052188552188552 0.0106060606060606 0.01069023569023569 0.01077441077441077 0.01085858585858586 0.01094276094276094 0.01102693602693603 0.01111111111111111 0.0111952861952862 0.01127946127946128 0.01136363636363636 0.01144781144781145 0.01153198653198653 0.01161616161616162 0.0117003367003367 0.01178451178451178 0.01186868686868687 0.01195286195286195 0.01203703703703704 0.01212121212121212 0.01220538720538721 0.01228956228956229 0.01237373737373737 0.01245791245791246 0.01254208754208754 0.01262626262626263 0.01271043771043771 0.01279461279461279 0.01287878787878788 0.01296296296296296 0.01304713804713805 0.01313131313131313 0.01321548821548822 0.0132996632996633 0.01338383838383838 0.01346801346801347 0.01355218855218855 0.01363636363636364 0.01372053872053872 0.0138047138047138 0.01388888888888889 0.01397306397306397 0.01405723905723906 0.01414141414141414 0.01422558922558922 0.01430976430976431 0.01439393939393939 0.01447811447811448 0.01456228956228956 0.01464646464646465 0.01473063973063973 0.01481481481481481 0.0148989898989899 0.01498316498316498 0.01506734006734007 0.01515151515151515 0.01523569023569023 0.01531986531986532 0.0154040404040404 0.01548821548821549 0.01557239057239057 0.01565656565656566 0.01574074074074074 0.01582491582491583 0.01590909090909091 0.01599326599326599 0.01607744107744108 0.01616161616161616 0.01624579124579124 0.01632996632996633 0.01641414141414142 0.0164983164983165 0.01658249158249158 0.01666666666666667


# name: y
# type: matrix
# rows: 100
# columns: 1
 25301.79175270871
 25300.21392261381
 25298.71009260693
 25297.27848537788
 25295.91732361641
 25294.62483001234
 25293.39922725546
 25292.23873803551
 25291.14158504233
 25290.10599096568
 25289.13017849534
 25288.21237032111
 25287.35078913279
 25286.54365762015
 25285.78919847296
 25285.08563438105
 25284.43118803418
 25283.82408212214
 25283.26253933472
 25282.7447823617
 25282.26903389288
 25281.83351661804
 25281.43645322696
 25281.07606640944
 25280.75057885526
 25280.45821325421
 25280.19719229607
 25279.96573867063
 25279.76207506769
 25279.58442417702
 25279.43100868841
 25279.30005129166
 25279.18977467654
 25279.09840153285
 25279.02415455036
 25278.96525641888
 25278.91992982819
 25278.88639746806
 25278.8628820283
 25278.84760619868
 25278.838792669
 25278.83466412904
 25278.83344326859
 25278.83335277743
 25278.83261534536
 25278.82945366215
 25278.8220904176
 25278.8087483015
 25278.78765000362
 25278.75701821377
 25278.71507562172
 25278.66004491726
 25278.59014879018
 25278.50360993026
 25278.3986510273
 25278.27349477108
 25278.12636385139
 25277.95548095801
 25277.75906878074
 25277.53535000934
 25277.28254733363
 25276.99888344338
 25276.68258102838
 25276.33186277842
 25275.94495138328
 25275.52006953275
 25275.05543991661
 25274.54928522467
 25273.9998281467
 25273.40529137248
 25272.76389759182
 25272.07386949448
 25271.33342977027
 25270.54080110897
 25269.69420620034
 25268.79186773423
 25267.83200840036
 25266.81285088856
 25265.7326178886
 25264.58953209027
 25263.38181618333
 25262.10769285763
 25260.76538480293
 25259.35311470896
 25257.86910526558
 25256.31157916255
 25254.67875908969
 25252.9688677367
 25251.18012779348
 25249.31076194973
 25247.35899289528
 25245.32304331991
 25243.20113591337
 25240.99149336551
 25238.69233836607
 25236.30189360486
 25233.81838177165
 25231.24002555627
 25228.56504764839
 25225.79167073796


# name: QUERY
# type: sq_string
# elements: 1
# length: 2
R5


# name: DATASIZE
# type: sq_string
# elements: 1
# length: 3
250


