# Created by Octave 4.0.0, Mon May 23 13:38:18 2016 CEST <peter@Independence>
# name: x
# type: matrix
# rows: 1
# columns: 100
 0.008333333333333333 0.008417508417508417 0.008501683501683501 0.008585858585858586 0.00867003367003367 0.008754208754208754 0.008838383838383838 0.008922558922558922 0.009006734006734006 0.00909090909090909 0.009175084175084175 0.009259259259259259 0.009343434343434343 0.009427609427609427 0.009511784511784511 0.009595959595959595 0.009680134680134679 0.009764309764309764 0.009848484848484848 0.009932659932659932 0.01001683501683502 0.0101010101010101 0.01018518518518518 0.01026936026936027 0.01035353535353535 0.01043771043771044 0.01052188552188552 0.0106060606060606 0.01069023569023569 0.01077441077441077 0.01085858585858586 0.01094276094276094 0.01102693602693603 0.01111111111111111 0.0111952861952862 0.01127946127946128 0.01136363636363636 0.01144781144781145 0.01153198653198653 0.01161616161616162 0.0117003367003367 0.01178451178451178 0.01186868686868687 0.01195286195286195 0.01203703703703704 0.01212121212121212 0.01220538720538721 0.01228956228956229 0.01237373737373737 0.01245791245791246 0.01254208754208754 0.01262626262626263 0.01271043771043771 0.01279461279461279 0.01287878787878788 0.01296296296296296 0.01304713804713805 0.01313131313131313 0.01321548821548822 0.0132996632996633 0.01338383838383838 0.01346801346801347 0.01355218855218855 0.01363636363636364 0.01372053872053872 0.0138047138047138 0.01388888888888889 0.01397306397306397 0.01405723905723906 0.01414141414141414 0.01422558922558922 0.01430976430976431 0.01439393939393939 0.01447811447811448 0.01456228956228956 0.01464646464646465 0.01473063973063973 0.01481481481481481 0.0148989898989899 0.01498316498316498 0.01506734006734007 0.01515151515151515 0.01523569023569023 0.01531986531986532 0.0154040404040404 0.01548821548821549 0.01557239057239057 0.01565656565656566 0.01574074074074074 0.01582491582491583 0.01590909090909091 0.01599326599326599 0.01607744107744108 0.01616161616161616 0.01624579124579124 0.01632996632996633 0.01641414141414142 0.0164983164983165 0.01658249158249158 0.01666666666666667


# name: y
# type: matrix
# rows: 100
# columns: 1
 24984.2078460649
 24993.62412580368
 25002.59878287864
 25011.1424240403
 25019.26565603915
 25026.9790856257
 25034.29331955043
 25041.21896456386
 25047.76662741648
 25053.9469148588
 25059.7704336413
 25065.2477905145
 25070.38959222889
 25075.20644553496
 25079.70895718323
 25083.90773392419
 25087.81338250834
 25091.43650968617
 25094.7877222082
 25097.87762682492
 25100.71683028682
 25103.31593934441
 25105.6855607482
 25107.83630124866
 25109.77876759632
 25111.52356654167
 25113.0813048352
 25114.46258922741
 25115.67802646882
 25116.73822330991
 25117.65378650118
 25118.43532279314
 25119.09343893629
 25119.63874168112
 25120.08183777814
 25120.43333397784
 25120.70383703072
 25120.90395368729
 25121.04429069804
 25121.13545481348
 25121.1880527841
 25121.2126913604
 25121.21997729288
 25121.22051733205
 25121.2249182284
 25121.24378673243
 25121.28772959464
 25121.36735356553
 25121.4932653956
 25121.67607183536
 25121.92637963529
 25122.2547955459
 25122.6719263177
 25123.18837870117
 25123.81475944682
 25124.56167530515
 25125.43973302666
 25126.45953936185
 25127.63170106121
 25128.96682487525
 25130.47551755447
 25132.16838584937
 25134.05603651044
 25136.14907628819
 25138.45811193312
 25140.99375019572
 25143.7665978265
 25146.78726157596
 25150.06634819458
 25153.61446443289
 25157.44221704137
 25161.56021277052
 25165.97905837085
 25170.70936059285
 25175.76172618702
 25181.14676190387
 25186.87507449388
 25192.95727070758
 25199.40395729544
 25206.22574100798
 25213.43322859568
 25221.03702680907
 25229.04774239862
 25237.47598211484
 25246.33235270823
 25255.62746092929
 25265.37191352852
 25275.57631725643
 25286.2512788635
 25297.40740510024
 25309.05530271715
 25321.20557846473
 25333.86883909347
 25347.05569135389
 25360.77674199647
 25375.04259777172
 25389.86386543014
 25405.25115172222
 25421.21506339847
 25437.76620720939


# name: QUERY
# type: sq_string
# elements: 1
# length: 2
R5


# name: DATASIZE
# type: sq_string
# elements: 1
# length: 3
250


