# Created by Octave 4.0.0, Mon May 23 13:38:18 2016 CEST <peter@Independence>
# name: x
# type: matrix
# rows: 1
# columns: 100
 0.008333333333333333 0.008417508417508417 0.008501683501683501 0.008585858585858586 0.00867003367003367 0.008754208754208754 0.008838383838383838 0.008922558922558922 0.009006734006734006 0.00909090909090909 0.009175084175084175 0.009259259259259259 0.009343434343434343 0.009427609427609427 0.009511784511784511 0.009595959595959595 0.009680134680134679 0.009764309764309764 0.009848484848484848 0.009932659932659932 0.01001683501683502 0.0101010101010101 0.01018518518518518 0.01026936026936027 0.01035353535353535 0.01043771043771044 0.01052188552188552 0.0106060606060606 0.01069023569023569 0.01077441077441077 0.01085858585858586 0.01094276094276094 0.01102693602693603 0.01111111111111111 0.0111952861952862 0.01127946127946128 0.01136363636363636 0.01144781144781145 0.01153198653198653 0.01161616161616162 0.0117003367003367 0.01178451178451178 0.01186868686868687 0.01195286195286195 0.01203703703703704 0.01212121212121212 0.01220538720538721 0.01228956228956229 0.01237373737373737 0.01245791245791246 0.01254208754208754 0.01262626262626263 0.01271043771043771 0.01279461279461279 0.01287878787878788 0.01296296296296296 0.01304713804713805 0.01313131313131313 0.01321548821548822 0.0132996632996633 0.01338383838383838 0.01346801346801347 0.01355218855218855 0.01363636363636364 0.01372053872053872 0.0138047138047138 0.01388888888888889 0.01397306397306397 0.01405723905723906 0.01414141414141414 0.01422558922558922 0.01430976430976431 0.01439393939393939 0.01447811447811448 0.01456228956228956 0.01464646464646465 0.01473063973063973 0.01481481481481481 0.0148989898989899 0.01498316498316498 0.01506734006734007 0.01515151515151515 0.01523569023569023 0.01531986531986532 0.0154040404040404 0.01548821548821549 0.01557239057239057 0.01565656565656566 0.01574074074074074 0.01582491582491583 0.01590909090909091 0.01599326599326599 0.01607744107744108 0.01616161616161616 0.01624579124579124 0.01632996632996633 0.01641414141414142 0.0164983164983165 0.01658249158249158 0.01666666666666667


# name: y
# type: matrix
# rows: 100
# columns: 1
 25233.05801834954
 25223.80968670089
 25214.78084270292
 25205.97148635561
 25197.38161765898
 25189.01123661302
 25180.86034321772
 25172.9289374731
 25165.21701937914
 25157.72458893586
 25150.45164614325
 25143.39819100131
 25136.56422351003
 25129.94974366943
 25123.5547514795
 25117.37924694024
 25111.42323005165
 25105.68670081373
 25100.16965922648
 25094.8721052899
 25089.79403900399
 25084.93546036875
 25080.29636938418
 25075.87676605029
 25071.67665036706
 25067.6960223345
 25063.93488195261
 25060.39322922139
 25057.07106414085
 25053.96838671097
 25051.08519693177
 25048.42149480323
 25045.97728032537
 25043.75255349817
 25041.74731432165
 25039.96156279579
 25038.39529892061
 25037.0485226961
 25035.92123412226
 25035.01343319908
 25034.32511992658
 25033.85629430475
 25033.60695633359
 25033.57710601309
 25033.76674334328
 25034.17586832412
 25034.80448095564
 25035.65258123783
 25036.72016917069
 25038.00724475423
 25039.51380798843
 25041.2398588733
 25043.18539740884
 25045.35042359505
 25047.73493743193
 25050.33893891949
 25053.16242805771
 25056.20540484661
 25059.46786928617
 25062.94982137641
 25066.65126111731
 25070.57218850889
 25074.71260355113
 25079.07250624405
 25083.65189658763
 25088.45077458189
 25093.46914022681
 25098.70699352241
 25104.16433446868
 25109.84116306562
 25115.73747931323
 25121.85328321151
 25128.18857476045
 25134.74335396008
 25141.51762081036
 25148.51137531133
 25155.72461746295
 25163.15734726525
 25170.80956471823
 25178.68126982187
 25186.77246257618
 25195.08314298116
 25203.61331103681
 25212.36296674314
 25221.33211010013
 25230.52074110779
 25239.92885976613
 25249.55646607513
 25259.40356003481
 25269.47014164515
 25279.75621090617
 25290.26176781785
 25300.98681238021
 25311.93134459323
 25323.09536445693
 25334.4788719713
 25346.08186713634
 25357.90434995204
 25369.94632041842
 25382.20777853547


# name: QUERY
# type: sq_string
# elements: 1
# length: 2
R5


# name: DATASIZE
# type: sq_string
# elements: 1
# length: 3
250


