# Created by Octave 4.0.0, Mon May 23 13:38:18 2016 CEST <peter@Independence>
# name: x
# type: matrix
# rows: 1
# columns: 100
 0.008333333333333333 0.008417508417508417 0.008501683501683501 0.008585858585858586 0.00867003367003367 0.008754208754208754 0.008838383838383838 0.008922558922558922 0.009006734006734006 0.00909090909090909 0.009175084175084175 0.009259259259259259 0.009343434343434343 0.009427609427609427 0.009511784511784511 0.009595959595959595 0.009680134680134679 0.009764309764309764 0.009848484848484848 0.009932659932659932 0.01001683501683502 0.0101010101010101 0.01018518518518518 0.01026936026936027 0.01035353535353535 0.01043771043771044 0.01052188552188552 0.0106060606060606 0.01069023569023569 0.01077441077441077 0.01085858585858586 0.01094276094276094 0.01102693602693603 0.01111111111111111 0.0111952861952862 0.01127946127946128 0.01136363636363636 0.01144781144781145 0.01153198653198653 0.01161616161616162 0.0117003367003367 0.01178451178451178 0.01186868686868687 0.01195286195286195 0.01203703703703704 0.01212121212121212 0.01220538720538721 0.01228956228956229 0.01237373737373737 0.01245791245791246 0.01254208754208754 0.01262626262626263 0.01271043771043771 0.01279461279461279 0.01287878787878788 0.01296296296296296 0.01304713804713805 0.01313131313131313 0.01321548821548822 0.0132996632996633 0.01338383838383838 0.01346801346801347 0.01355218855218855 0.01363636363636364 0.01372053872053872 0.0138047138047138 0.01388888888888889 0.01397306397306397 0.01405723905723906 0.01414141414141414 0.01422558922558922 0.01430976430976431 0.01439393939393939 0.01447811447811448 0.01456228956228956 0.01464646464646465 0.01473063973063973 0.01481481481481481 0.0148989898989899 0.01498316498316498 0.01506734006734007 0.01515151515151515 0.01523569023569023 0.01531986531986532 0.0154040404040404 0.01548821548821549 0.01557239057239057 0.01565656565656566 0.01574074074074074 0.01582491582491583 0.01590909090909091 0.01599326599326599 0.01607744107744108 0.01616161616161616 0.01624579124579124 0.01632996632996633 0.01641414141414142 0.0164983164983165 0.01658249158249158 0.01666666666666667


# name: y
# type: matrix
# rows: 100
# columns: 1
 25139.42760433201
 25127.29931576638
 25116.54325323334
 25107.03229558418
 25098.64836628351
 25091.28199382256
 25084.83188308495
 25079.20449766477
 25074.31365313735
 25070.08012128221
 25066.43124525845
 25063.30056573273
 25060.62745795961
 25058.35677981424
 25056.43853077758
 25054.82752187393
 25053.48305656109
 25052.36862257273
 25051.4515947133
 25050.7029486054
 25050.09698538945
 25049.61106737595
 25049.22536465004
 25048.92261262854
 25048.68788056945
 25048.50835103379
 25048.37311029997
 25048.27294973054
 25048.20017809133
 25048.14844482311
 25048.11257426559
 25048.08841083389
 25048.07267514749
 25048.06283111147
 25048.05696395033
 25048.05366919413
 25048.05195261714
 25048.05114112886
 25048.05080461745
 25048.05068874571
 25048.05065869934
 25048.05065388771
 25048.05065359705
 25048.05065359608
 25048.05065369401
 25048.05065625103
 25048.05067564124
 25048.0507586679
 25048.05101593127
 25048.05166414874
 25048.05307942748
 25048.05586148944
 25048.06090884885
 25048.06950494212
 25048.08341521016
 25048.10499513314
 25048.13730921768
 25048.18426093645
 25048.25073362023
 25048.34274230238
 25048.46759651573
 25048.63407404191
 25048.85260561314
 25049.13547056636
 25049.4970034499
 25049.9538115825
 25050.52500356479
 25051.23242874317
 25052.10092762618
 25053.15859325323
 25054.43704351581
 25055.97170443107
 25057.80210436792
 25059.97217922546
 25062.53058856388
 25065.53104268788
 25069.03264068229
 25073.10021940036
 25077.80471340435
 25083.22352585857
 25089.44091037491
 25096.54836381065
 25104.64503001883
 25113.83811455104
 25124.2433103127
 25135.98523417034
 25149.19787451224
 25164.02504975996
 25180.62087783469
 25199.15025657303
 25219.78935509761
 25242.72611613927
 25268.16076931147
 25296.30635533749
 25327.3892612295
 25361.6497664215
 25399.34259985217
 25440.73750800235
 25486.11983388545
 25535.79110698733


# name: QUERY
# type: sq_string
# elements: 1
# length: 2
R5


# name: DATASIZE
# type: sq_string
# elements: 1
# length: 3
250


