# Created by Octave 4.0.0, Mon May 23 13:37:58 2016 CEST <peter@Independence>
# name: x
# type: matrix
# rows: 1
# columns: 100
 0.008333333333333333 0.008417508417508417 0.008501683501683501 0.008585858585858586 0.00867003367003367 0.008754208754208754 0.008838383838383838 0.008922558922558922 0.009006734006734006 0.00909090909090909 0.009175084175084175 0.009259259259259259 0.009343434343434343 0.009427609427609427 0.009511784511784511 0.009595959595959595 0.009680134680134679 0.009764309764309764 0.009848484848484848 0.009932659932659932 0.01001683501683502 0.0101010101010101 0.01018518518518519 0.01026936026936027 0.01035353535353535 0.01043771043771044 0.01052188552188552 0.01060606060606061 0.01069023569023569 0.01077441077441077 0.01085858585858586 0.01094276094276094 0.01102693602693603 0.01111111111111111 0.0111952861952862 0.01127946127946128 0.01136363636363636 0.01144781144781145 0.01153198653198653 0.01161616161616162 0.0117003367003367 0.01178451178451178 0.01186868686868687 0.01195286195286195 0.01203703703703704 0.01212121212121212 0.01220538720538721 0.01228956228956229 0.01237373737373737 0.01245791245791246 0.01254208754208754 0.01262626262626263 0.01271043771043771 0.01279461279461279 0.01287878787878788 0.01296296296296296 0.01304713804713805 0.01313131313131313 0.01321548821548822 0.0132996632996633 0.01338383838383838 0.01346801346801347 0.01355218855218855 0.01363636363636364 0.01372053872053872 0.0138047138047138 0.01388888888888889 0.01397306397306397 0.01405723905723906 0.01414141414141414 0.01422558922558922 0.01430976430976431 0.01439393939393939 0.01447811447811448 0.01456228956228956 0.01464646464646465 0.01473063973063973 0.01481481481481482 0.0148989898989899 0.01498316498316498 0.01506734006734007 0.01515151515151515 0.01523569023569024 0.01531986531986532 0.0154040404040404 0.01548821548821549 0.01557239057239057 0.01565656565656566 0.01574074074074074 0.01582491582491583 0.01590909090909091 0.01599326599326599 0.01607744107744108 0.01616161616161616 0.01624579124579124 0.01632996632996633 0.01641414141414142 0.0164983164983165 0.01658249158249158 0.01666666666666667


# name: y
# type: matrix
# rows: 100
# columns: 1
 497346.574385217
 496235.9264619229
 495291.5882493394
 494516.2943989462
 493912.2074078479
 493480.9159512295
 493223.4374657797
 493140.2249542429
 493231.1779402975
 493495.6574625963
 493932.5049574889
 494540.064842099
 495316.2105734624
 496258.3739257116
 497363.5771961797
 498628.4680230974
 500049.3564725484
 501622.2540307768
 503342.9141199839
 505206.8737415905
 507209.495840656
 509346.0119788286
 511611.5649008701
 514001.2505814312
 516510.1593443087
 519133.4156557993
 521866.2162068475
 524703.8659153127
 527641.811499683
 530675.6722987046
 533801.2680374729
 537014.6432692792
 540312.0882536622
 543690.156064402
 547145.6757563313
 550675.7614565204
 554277.8172833227
 557949.5380356601
 561688.9056344422
 565494.181337888
 569363.8937924213
 573296.8230204539
 577291.9804854563
 581348.5854129479
 585466.0375831305
 589643.8868465523
 593881.7996481538
 598179.5228770231
 602536.8453889167
 606953.5575758319
 611429.4093813609
 615964.0671820175
 620557.0699729193
 625207.7853109578
 629915.3654796482
 634678.7043470549
 639496.3953913616
 644366.6913676335
 649287.4660840131
 654256.1787458656
 659269.8413122327
 664324.9892902974
 669417.6563704571
 674543.3532770853
 679697.0511782567
 684873.1699617533
 690065.5716447759
 695267.5591412087
 700471.8805633293
 705670.739184887
 710855.809139892
 716018.2568767383
 721148.768330918
 726237.5817221289
 731274.5258236094
 736249.0634936882
 741150.340202422
 745967.2372304979
 750688.4291639569
 755302.4452573999
 759797.7341908475
 764162.7317019607
 768385.9305364985
 772455.9521262553
 776361.6193758079
 780092.0299176585
 783636.6291801762
 786985.2826044345
 790128.3463448404
 793056.7357944925
 795761.9912895574
 798236.3403675375
 800472.7559820102
 802465.0101109804
 804207.7222370763
 805696.4022250078
 806927.4871744674
 807898.3718843898
 808607.4326265338
 809054.0439919522


# name: QUERY
# type: sq_string
# elements: 1
# length: 2
R4


# name: DATASIZE
# type: sq_string
# elements: 1
# length: 3
750


