# Created by Octave 3.8.2, Wed May 18 17:59:21 2016 CEST <Andrea@Andreas-MacBook-Pro.local>
# name: x
# type: matrix
# rows: 1
# columns: 100
 0.008333333333333333 0.008417508417508417 0.008501683501683501 0.008585858585858586 0.00867003367003367 0.008754208754208754 0.008838383838383838 0.008922558922558922 0.009006734006734006 0.00909090909090909 0.009175084175084175 0.009259259259259259 0.009343434343434343 0.009427609427609427 0.009511784511784511 0.009595959595959595 0.009680134680134679 0.009764309764309764 0.009848484848484848 0.009932659932659932 0.01001683501683502 0.0101010101010101 0.01018518518518519 0.01026936026936027 0.01035353535353535 0.01043771043771044 0.01052188552188552 0.01060606060606061 0.01069023569023569 0.01077441077441077 0.01085858585858586 0.01094276094276094 0.01102693602693603 0.01111111111111111 0.0111952861952862 0.01127946127946128 0.01136363636363636 0.01144781144781145 0.01153198653198653 0.01161616161616162 0.0117003367003367 0.01178451178451178 0.01186868686868687 0.01195286195286195 0.01203703703703704 0.01212121212121212 0.01220538720538721 0.01228956228956229 0.01237373737373737 0.01245791245791246 0.01254208754208754 0.01262626262626263 0.01271043771043771 0.01279461279461279 0.01287878787878788 0.01296296296296296 0.01304713804713805 0.01313131313131313 0.01321548821548822 0.0132996632996633 0.01338383838383838 0.01346801346801347 0.01355218855218855 0.01363636363636364 0.01372053872053872 0.0138047138047138 0.01388888888888889 0.01397306397306397 0.01405723905723906 0.01414141414141414 0.01422558922558922 0.01430976430976431 0.01439393939393939 0.01447811447811448 0.01456228956228956 0.01464646464646465 0.01473063973063973 0.01481481481481482 0.0148989898989899 0.01498316498316498 0.01506734006734007 0.01515151515151515 0.01523569023569024 0.01531986531986532 0.0154040404040404 0.01548821548821549 0.01557239057239057 0.01565656565656566 0.01574074074074074 0.01582491582491583 0.01590909090909091 0.01599326599326599 0.01607744107744108 0.01616161616161616 0.01624579124579124 0.01632996632996633 0.01641414141414142 0.0164983164983165 0.01658249158249158 0.01666666666666667


# name: y
# type: matrix
# rows: 100
# columns: 1
 497570.0281060882
 496296.8092891552
 495194.9056997738
 494268.6031836097
 493521.621930137
 492957.1016033363
 492577.5903217648
 492385.0375839309
 492380.7912006989
 492565.59826141
 492939.6101248721
 493502.391390682
 494252.9327708354
 495189.6677466013
 496310.4928615081
 497612.7914683362
 499093.4607165516
 500748.9415369277
 502575.2513524856
 504568.0192195768
 506722.5230801919
 509033.7287866038
 511496.3305424486
 514104.7923904691
 516853.3903665428
 519736.2549323895
 522747.4132956083
 525880.8312254684
 529130.4539762168
 532490.2459365698
 535954.2286344934
 539516.5167403047
 543171.3517284557
 546913.1328789929
 550736.4453234727
 554636.0848669085
 558607.079346931
 562644.7063235458
 566744.5069274436
 570902.2957314786
 575114.1665484172
 579376.4940980298
 583685.9315277697
 588039.4038132566
 592434.0971072349
 596867.444148197
 601337.1058820738
 605840.9494918815
 610377.0230705678
 614943.5272111031
 619538.7838247046
 624161.2025325232
 628809.2450078002
 633481.3876739745
 638176.0831891461
 642891.7211683089
 647626.5886115259
 652378.8305184478
 657146.4111769903
 661927.0766164029
 666718.3187121743
 671517.3414221323
 676321.02961965
 681125.9209710255
 685928.1812799685
 690723.5836927718
 695507.4921234006
 700274.8492186146
 705020.1691396968
 709737.5353897541
 714420.6038643487
 719062.6112488988
 723656.3888294324
 728194.3817244782
 732668.6734857939
 737071.0159549545
 741392.8642022494
 745625.4163146127
 749759.6577411712
 753786.4098491675
 757696.3822902427
 761480.2287280284
 765128.6054333819
 768632.2322140204
 771981.9551113399
 775168.8102693395
 778184.0883592686
 781019.398929192
 783666.7340404164
 786118.5305528104
 788367.7304285344
 790407.8384385863
 792232.9766787019
 793837.9353303316
 795218.2191383017
 796370.0891189614
 797290.5990605849
 797977.6264309859
 798429.8973650105
 798647.0054661158


# name: QUERY
# type: sq_string
# elements: 1
# length: 2
R4


# name: DATASIZE
# type: sq_string
# elements: 1
# length: 3
750


