# Created by Octave 4.0.0, Mon May 23 13:37:58 2016 CEST <peter@Independence>
# name: x
# type: matrix
# rows: 1
# columns: 100
 0.008333333333333333 0.008417508417508417 0.008501683501683501 0.008585858585858586 0.00867003367003367 0.008754208754208754 0.008838383838383838 0.008922558922558922 0.009006734006734006 0.00909090909090909 0.009175084175084175 0.009259259259259259 0.009343434343434343 0.009427609427609427 0.009511784511784511 0.009595959595959595 0.009680134680134679 0.009764309764309764 0.009848484848484848 0.009932659932659932 0.01001683501683502 0.0101010101010101 0.01018518518518519 0.01026936026936027 0.01035353535353535 0.01043771043771044 0.01052188552188552 0.01060606060606061 0.01069023569023569 0.01077441077441077 0.01085858585858586 0.01094276094276094 0.01102693602693603 0.01111111111111111 0.0111952861952862 0.01127946127946128 0.01136363636363636 0.01144781144781145 0.01153198653198653 0.01161616161616162 0.0117003367003367 0.01178451178451178 0.01186868686868687 0.01195286195286195 0.01203703703703704 0.01212121212121212 0.01220538720538721 0.01228956228956229 0.01237373737373737 0.01245791245791246 0.01254208754208754 0.01262626262626263 0.01271043771043771 0.01279461279461279 0.01287878787878788 0.01296296296296296 0.01304713804713805 0.01313131313131313 0.01321548821548822 0.0132996632996633 0.01338383838383838 0.01346801346801347 0.01355218855218855 0.01363636363636364 0.01372053872053872 0.0138047138047138 0.01388888888888889 0.01397306397306397 0.01405723905723906 0.01414141414141414 0.01422558922558922 0.01430976430976431 0.01439393939393939 0.01447811447811448 0.01456228956228956 0.01464646464646465 0.01473063973063973 0.01481481481481482 0.0148989898989899 0.01498316498316498 0.01506734006734007 0.01515151515151515 0.01523569023569024 0.01531986531986532 0.0154040404040404 0.01548821548821549 0.01557239057239057 0.01565656565656566 0.01574074074074074 0.01582491582491583 0.01590909090909091 0.01599326599326599 0.01607744107744108 0.01616161616161616 0.01624579124579124 0.01632996632996633 0.01641414141414142 0.0164983164983165 0.01658249158249158 0.01666666666666667


# name: y
# type: matrix
# rows: 1
# columns: 100
 468771.8735625301 472026.8096386725 475281.7457148148 478536.6817909572 481791.6178670995 485046.5539432419 488301.4900193842 491556.4260955266 494811.362171669 498066.2982478113 501321.2343239536 504576.170400096 507831.1064762383 511086.0425523807 514340.9786285231 517595.9147046654 520850.8507808078 524105.7868569501 527360.7229330925 530615.6590092349 533870.5950853772 537125.5311615196 540380.4672376619 543635.4033138043 546890.3393899467 550145.275466089 553400.2115422314 556655.1476183737 559910.083694516 563165.0197706583 566419.9558468007 569674.8919229431 572929.8279990854 576184.7640752278 579439.7001513701 582694.6362275125 585949.5723036549 589204.5083797972 592459.4444559396 595714.3805320819 598969.3166082243 602224.2526843667 605479.188760509 608734.1248366514 611989.0609127937 615243.9969889361 618498.9330650785 621753.8691412208 625008.8052173632 628263.7412935055 631518.6773696479 634773.6134457903 638028.5495219326 641283.4855980749 644538.4216742172 647793.3577503596 651048.2938265019 654303.2299026443 657558.1659787867 660813.102054929 664068.0381310714 667322.9742072137 670577.9102833561 673832.8463594984 677087.7824356408 680342.7185117832 683597.6545879255 686852.5906640679 690107.5267402102 693362.4628163526 696617.398892495 699872.3349686373 703127.2710447796 706382.2071209219 709637.1431970643 712892.0792732066 716147.015349349 719401.9514254914 722656.8875016337 725911.8235777761 729166.7596539184 732421.6957300608 735676.6318062032 738931.5678823455 742186.5039584879 745441.4400346302 748696.3761107726 751951.312186915 755206.2482630573 758461.1843391997 761716.120415342 764971.0564914844 768225.9925676268 771480.9286437691 774735.8647199115 777990.8007960538 781245.7368721962 784500.6729483386 787755.6090244809 791010.5451006233


# name: QUERY
# type: sq_string
# elements: 1
# length: 2
R4


# name: DATASIZE
# type: sq_string
# elements: 1
# length: 3
750


