# Created by Octave 3.8.2, Wed May 18 17:59:21 2016 CEST <Andrea@Andreas-MacBook-Pro.local>
# name: x
# type: matrix
# rows: 1
# columns: 100
 0.008333333333333333 0.008417508417508417 0.008501683501683501 0.008585858585858586 0.00867003367003367 0.008754208754208754 0.008838383838383838 0.008922558922558922 0.009006734006734006 0.00909090909090909 0.009175084175084175 0.009259259259259259 0.009343434343434343 0.009427609427609427 0.009511784511784511 0.009595959595959595 0.009680134680134679 0.009764309764309764 0.009848484848484848 0.009932659932659932 0.01001683501683502 0.0101010101010101 0.01018518518518519 0.01026936026936027 0.01035353535353535 0.01043771043771044 0.01052188552188552 0.01060606060606061 0.01069023569023569 0.01077441077441077 0.01085858585858586 0.01094276094276094 0.01102693602693603 0.01111111111111111 0.0111952861952862 0.01127946127946128 0.01136363636363636 0.01144781144781145 0.01153198653198653 0.01161616161616162 0.0117003367003367 0.01178451178451178 0.01186868686868687 0.01195286195286195 0.01203703703703704 0.01212121212121212 0.01220538720538721 0.01228956228956229 0.01237373737373737 0.01245791245791246 0.01254208754208754 0.01262626262626263 0.01271043771043771 0.01279461279461279 0.01287878787878788 0.01296296296296296 0.01304713804713805 0.01313131313131313 0.01321548821548822 0.0132996632996633 0.01338383838383838 0.01346801346801347 0.01355218855218855 0.01363636363636364 0.01372053872053872 0.0138047138047138 0.01388888888888889 0.01397306397306397 0.01405723905723906 0.01414141414141414 0.01422558922558922 0.01430976430976431 0.01439393939393939 0.01447811447811448 0.01456228956228956 0.01464646464646465 0.01473063973063973 0.01481481481481482 0.0148989898989899 0.01498316498316498 0.01506734006734007 0.01515151515151515 0.01523569023569024 0.01531986531986532 0.0154040404040404 0.01548821548821549 0.01557239057239057 0.01565656565656566 0.01574074074074074 0.01582491582491583 0.01590909090909091 0.01599326599326599 0.01607744107744108 0.01616161616161616 0.01624579124579124 0.01632996632996633 0.01641414141414142 0.0164983164983165 0.01658249158249158 0.01666666666666667


# name: y
# type: matrix
# rows: 1
# columns: 100
 461731.934928997 465150.8017326266 468569.6685362561 471988.5353398856 475407.4021435151 478826.2689471446 482245.1357507741 485664.0025544036 489082.8693580332 492501.7361616627 495920.6029652922 499339.4697689217 502758.3365725512 506177.2033761807 509596.0701798103 513014.9369834397 516433.8037870693 519852.6705906988 523271.5373943283 526690.4041979578 530109.2710015874 533528.1378052168 536947.0046088464 540365.8714124758 543784.7382161054 547203.6050197349 550622.4718233645 554041.3386269939 557460.2054306235 560879.0722342529 564297.9390378825 567716.805841512 571135.6726451415 574554.539448771 577973.4062524006 581392.27305603 584811.1398596596 588230.0066632892 591648.8734669186 595067.7402705482 598486.6070741777 601905.4738778071 605324.3406814367 608743.2074850663 612162.0742886957 615580.9410923253 618999.8078959547 622418.6746995843 625837.5415032138 629256.4083068433 632675.2751104728 636094.1419141024 639513.0087177318 642931.8755213614 646350.7423249909 649769.6091286204 653188.4759322499 656607.3427358794 660026.2095395089 663445.0763431385 666863.9431467679 670282.8099503975 673701.676754027 677120.5435576565 680539.410361286 683958.2771649156 687377.143968545 690796.0107721746 694214.8775758041 697633.7443794336 701052.6111830631 704471.4779866927 707890.3447903221 711309.2115939517 714728.0783975811 718146.9452012107 721565.8120048402 724984.6788084698 728403.5456120992 731822.4124157288 735241.2792193583 738660.1460229878 742079.0128266173 745497.8796302469 748916.7464338763 752335.6132375059 755754.4800411353 759173.3468447649 762592.2136483944 766011.0804520239 769429.9472556534 772848.8140592829 776267.6808629124 779686.547666542 783105.4144701716 786524.281273801 789943.1480774306 793362.01488106 796780.8816846895 800199.7484883191


# name: QUERY
# type: sq_string
# elements: 1
# length: 2
R4


# name: DATASIZE
# type: sq_string
# elements: 1
# length: 3
750


