# Created by Octave 4.0.0, Mon May 23 13:37:58 2016 CEST <peter@Independence>
# name: x
# type: matrix
# rows: 1
# columns: 100
 0.008333333333333333 0.008417508417508417 0.008501683501683501 0.008585858585858586 0.00867003367003367 0.008754208754208754 0.008838383838383838 0.008922558922558922 0.009006734006734006 0.00909090909090909 0.009175084175084175 0.009259259259259259 0.009343434343434343 0.009427609427609427 0.009511784511784511 0.009595959595959595 0.009680134680134679 0.009764309764309764 0.009848484848484848 0.009932659932659932 0.01001683501683502 0.0101010101010101 0.01018518518518519 0.01026936026936027 0.01035353535353535 0.01043771043771044 0.01052188552188552 0.01060606060606061 0.01069023569023569 0.01077441077441077 0.01085858585858586 0.01094276094276094 0.01102693602693603 0.01111111111111111 0.0111952861952862 0.01127946127946128 0.01136363636363636 0.01144781144781145 0.01153198653198653 0.01161616161616162 0.0117003367003367 0.01178451178451178 0.01186868686868687 0.01195286195286195 0.01203703703703704 0.01212121212121212 0.01220538720538721 0.01228956228956229 0.01237373737373737 0.01245791245791246 0.01254208754208754 0.01262626262626263 0.01271043771043771 0.01279461279461279 0.01287878787878788 0.01296296296296296 0.01304713804713805 0.01313131313131313 0.01321548821548822 0.0132996632996633 0.01338383838383838 0.01346801346801347 0.01355218855218855 0.01363636363636364 0.01372053872053872 0.0138047138047138 0.01388888888888889 0.01397306397306397 0.01405723905723906 0.01414141414141414 0.01422558922558922 0.01430976430976431 0.01439393939393939 0.01447811447811448 0.01456228956228956 0.01464646464646465 0.01473063973063973 0.01481481481481482 0.0148989898989899 0.01498316498316498 0.01506734006734007 0.01515151515151515 0.01523569023569024 0.01531986531986532 0.0154040404040404 0.01548821548821549 0.01557239057239057 0.01565656565656566 0.01574074074074074 0.01582491582491583 0.01590909090909091 0.01599326599326599 0.01607744107744108 0.01616161616161616 0.01624579124579124 0.01632996632996633 0.01641414141414142 0.0164983164983165 0.01658249158249158 0.01666666666666667


# name: y
# type: matrix
# rows: 100
# columns: 1
 478048.7494095964
 481158.9050915499
 484269.0607735034
 487379.2164554569
 490489.3721374103
 493599.5278193639
 496709.6835013173
 499819.8391832708
 502929.9948652243
 506040.1505471778
 509150.3062291313
 512260.4619110848
 515370.6175930383
 518480.7732749918
 521590.9289569453
 524701.0846388987
 527811.2403208523
 530921.3960028058
 534031.5516847593
 537141.7073667129
 540251.8630486663
 543362.0187306198
 546472.1744125733
 549582.3300945268
 552692.4857764803
 555802.6414584338
 558912.7971403872
 562022.9528223408
 565133.1085042943
 568243.2641862477
 571353.4198682013
 574463.5755501548
 577573.7312321082
 580683.8869140617
 583794.0425960153
 586904.1982779688
 590014.3539599222
 593124.5096418757
 596234.6653238293
 599344.8210057827
 602454.9766877362
 605565.1323696898
 608675.2880516433
 611785.4437335967
 614895.5994155502
 618005.7550975038
 621115.9107794572
 624226.0664614107
 627336.2221433643
 630446.3778253177
 633556.5335072712
 636666.6891892247
 639776.8448711782
 642887.0005531317
 645997.1562350852
 649107.3119170386
 652217.4675989922
 655327.6232809457
 658437.7789628992
 661547.9346448526
 664658.0903268062
 667768.2460087597
 670878.4016907131
 673988.5573726667
 677098.7130546202
 680208.8687365736
 683319.0244185271
 686429.1801004807
 689539.3357824341
 692649.4914643876
 695759.6471463412
 698869.8028282947
 701979.9585102481
 705090.1141922016
 708200.2698741551
 711310.4255561086
 714420.5812380621
 717530.7369200157
 720640.8926019692
 723751.0482839226
 726861.2039658761
 729971.3596478297
 733081.5153297831
 736191.6710117366
 739301.8266936901
 742411.9823756436
 745522.1380575971
 748632.2937395506
 751742.449421504
 754852.6051034576
 757962.7607854111
 761072.9164673645
 764183.0721493181
 767293.2278312716
 770403.383513225
 773513.5391951785
 776623.6948771321
 779733.8505590856
 782844.006241039
 785954.1619229926


# name: QUERY
# type: sq_string
# elements: 1
# length: 2
R4


# name: DATASIZE
# type: sq_string
# elements: 1
# length: 3
750


