# Created by Octave 3.8.2, Wed May 18 17:59:21 2016 CEST <Andrea@Andreas-MacBook-Pro.local>
# name: x
# type: matrix
# rows: 1
# columns: 100
 0.008333333333333333 0.008417508417508417 0.008501683501683501 0.008585858585858586 0.00867003367003367 0.008754208754208754 0.008838383838383838 0.008922558922558922 0.009006734006734006 0.00909090909090909 0.009175084175084175 0.009259259259259259 0.009343434343434343 0.009427609427609427 0.009511784511784511 0.009595959595959595 0.009680134680134679 0.009764309764309764 0.009848484848484848 0.009932659932659932 0.01001683501683502 0.0101010101010101 0.01018518518518519 0.01026936026936027 0.01035353535353535 0.01043771043771044 0.01052188552188552 0.01060606060606061 0.01069023569023569 0.01077441077441077 0.01085858585858586 0.01094276094276094 0.01102693602693603 0.01111111111111111 0.0111952861952862 0.01127946127946128 0.01136363636363636 0.01144781144781145 0.01153198653198653 0.01161616161616162 0.0117003367003367 0.01178451178451178 0.01186868686868687 0.01195286195286195 0.01203703703703704 0.01212121212121212 0.01220538720538721 0.01228956228956229 0.01237373737373737 0.01245791245791246 0.01254208754208754 0.01262626262626263 0.01271043771043771 0.01279461279461279 0.01287878787878788 0.01296296296296296 0.01304713804713805 0.01313131313131313 0.01321548821548822 0.0132996632996633 0.01338383838383838 0.01346801346801347 0.01355218855218855 0.01363636363636364 0.01372053872053872 0.0138047138047138 0.01388888888888889 0.01397306397306397 0.01405723905723906 0.01414141414141414 0.01422558922558922 0.01430976430976431 0.01439393939393939 0.01447811447811448 0.01456228956228956 0.01464646464646465 0.01473063973063973 0.01481481481481482 0.0148989898989899 0.01498316498316498 0.01506734006734007 0.01515151515151515 0.01523569023569024 0.01531986531986532 0.0154040404040404 0.01548821548821549 0.01557239057239057 0.01565656565656566 0.01574074074074074 0.01582491582491583 0.01590909090909091 0.01599326599326599 0.01607744107744108 0.01616161616161616 0.01624579124579124 0.01632996632996633 0.01641414141414142 0.0164983164983165 0.01658249158249158 0.01666666666666667


# name: y
# type: matrix
# rows: 100
# columns: 1
 451891.0794142708
 455353.3614773502
 458815.6435404296
 462277.9256035091
 465740.2076665884
 469202.4897296677
 472664.7717927472
 476127.0538558266
 479589.3359189059
 483051.6179819852
 486513.9000450647
 489976.182108144
 493438.4641712235
 496900.746234303
 500363.0282973823
 503825.3103604616
 507287.5924235411
 510749.8744866205
 514212.1565496999
 517674.4386127793
 521136.7206758587
 524599.0027389381
 528061.2848020175
 531523.5668650969
 534985.8489281762
 538448.1309912557
 541910.413054335
 545372.6951174145
 548834.9771804939
 552297.2592435732
 555759.5413066526
 559221.823369732
 562684.1054328114
 566146.3874958908
 569608.6695589703
 573070.9516220496
 576533.233685129
 579995.5157482084
 583457.7978112878
 586920.0798743672
 590382.3619374466
 593844.6440005259
 597306.9260636054
 600769.2081266848
 604231.4901897642
 607693.7722528436
 611156.054315923
 614618.3363790024
 618080.6184420817
 621542.9005051611
 625005.1825682406
 628467.46463132
 631929.7466943994
 635392.0287574787
 638854.3108205581
 642316.5928836375
 645778.8749467169
 649241.1570097964
 652703.4390728757
 656165.7211359551
 659628.0031990345
 663090.2852621139
 666552.5673251933
 670014.8493882727
 673477.131451352
 676939.4135144314
 680401.6955775109
 683863.9776405903
 687326.2597036696
 690788.541766749
 694250.8238298284
 697713.1058929078
 701175.3879559874
 704637.6700190667
 708099.952082146
 711562.2341452254
 715024.5162083049
 718486.7982713841
 721949.0803344635
 725411.3623975429
 728873.6444606226
 732335.9265237018
 735798.2085867811
 739260.4906498605
 742722.77271294
 746185.0547760194
 749647.3368390987
 753109.6189021782
 756571.9009652577
 760034.1830283371
 763496.4650914165
 766958.7471544957
 770421.0292175752
 773883.3112806547
 777345.5933437338
 780807.8754068133
 784270.1574698929
 787732.4395329722
 791194.7215960516
 794657.003659131


# name: QUERY
# type: sq_string
# elements: 1
# length: 2
R4


# name: DATASIZE
# type: sq_string
# elements: 1
# length: 3
750


