# Created by Octave 4.0.0, Mon May 23 13:37:58 2016 CEST <peter@Independence>
# name: SVs
# type: cell
# rows: 1
# columns: 7
# name: <cell-element>
# type: sparse matrix
# nnz: 4
# rows: 4
# columns: 1
1 1 -0.6150938583500315
2 1 -1.141301320984742
3 1 1.489735992188811
4 1 -0.6150938583500315



# name: <cell-element>
# type: sparse matrix
# nnz: 29
# rows: 29
# columns: 1
1 1 -1.141301320984742
2 1 -1.141301320984742
3 1 -1.141301320984742
4 1 1.489735992188811
5 1 1.489735992188811
6 1 -1.141301320984742
7 1 -1.141301320984742
8 1 1.489735992188811
9 1 1.489735992188811
10 1 0.1742173356020346
11 1 1.489735992188811
12 1 1.489735992188811
13 1 -1.141301320984742
14 1 1.489735992188811
15 1 1.489735992188811
16 1 -1.141301320984742
17 1 1.489735992188811
18 1 1.489735992188811
19 1 1.489735992188811
20 1 -1.141301320984742
21 1 1.489735992188811
22 1 0.1742173356020346
23 1 -1.141301320984742
24 1 -1.141301320984742
25 1 -1.141301320984742
26 1 -1.141301320984742
27 1 -1.141301320984742
28 1 0.1742173356020346
29 1 -1.141301320984742



# name: <cell-element>
# type: sparse matrix
# nnz: 22
# rows: 22
# columns: 1
1 1 0.1742173356020346
2 1 -1.141301320984742
3 1 1.489735992188811
4 1 -0.6150938583500315
5 1 1.489735992188811
6 1 1.489735992188811
7 1 -1.141301320984742
8 1 1.489735992188811
9 1 1.489735992188811
10 1 0.1742173356020346
11 1 -0.6150938583500315
12 1 0.1742173356020346
13 1 -0.6150938583500315
14 1 -0.6150938583500315
15 1 -0.6150938583500315
16 1 0.1742173356020346
17 1 1.489735992188811
18 1 -0.6150938583500315
19 1 1.489735992188811
20 1 0.1742173356020346
21 1 0.1742173356020346
22 1 -0.6150938583500315



# name: <cell-element>
# type: sparse matrix
# nnz: 29
# rows: 29
# columns: 1
1 1 -1.141301320984742
2 1 0.1742173356020346
3 1 -1.141301320984742
4 1 -1.141301320984742
5 1 1.489735992188811
6 1 -1.141301320984742
7 1 -1.141301320984742
8 1 1.489735992188811
9 1 0.1742173356020346
10 1 0.1742173356020346
11 1 0.1742173356020346
12 1 1.489735992188811
13 1 -1.141301320984742
14 1 1.489735992188811
15 1 0.1742173356020346
16 1 -1.141301320984742
17 1 1.489735992188811
18 1 1.489735992188811
19 1 -1.141301320984742
20 1 0.1742173356020346
21 1 0.1742173356020346
22 1 -1.141301320984742
23 1 -1.141301320984742
24 1 -0.6150938583500315
25 1 -1.141301320984742
26 1 -1.141301320984742
27 1 -1.141301320984742
28 1 0.1742173356020346
29 1 -1.141301320984742



# name: <cell-element>
# type: sparse matrix
# nnz: 13
# rows: 13
# columns: 1
1 1 -1.141301320984742
2 1 1.489735992188811
3 1 0.1742173356020346
4 1 0.1742173356020346
5 1 0.1742173356020346
6 1 -1.141301320984742
7 1 1.489735992188811
8 1 -1.141301320984742
9 1 0.1742173356020346
10 1 -1.141301320984742
11 1 -1.141301320984742
12 1 -1.141301320984742
13 1 0.1742173356020346



# name: <cell-element>
# type: sparse matrix
# nnz: 13
# rows: 13
# columns: 1
1 1 -1.141301320984742
2 1 1.489735992188811
3 1 -0.6150938583500315
4 1 1.489735992188811
5 1 1.489735992188811
6 1 -1.141301320984742
7 1 1.489735992188811
8 1 1.489735992188811
9 1 0.1742173356020346
10 1 -0.6150938583500315
11 1 1.489735992188811
12 1 -1.141301320984742
13 1 -0.6150938583500315



# name: <cell-element>
# type: scalar
0





# name: coefficients
# type: cell
# rows: 1
# columns: 7
# name: <cell-element>
# type: matrix
# rows: 4
# columns: 1
 -0.5906766703553417
 0.6157899999999999
 0.5906766703553417
 -0.6157899999999999



# name: <cell-element>
# type: matrix
# rows: 29
# columns: 1
 -0.1
 -0.1
 -0.1
 0.1
 0.01797482312187372
 -0.1
 -0.1
 0.1
 0.1
 0.08202517687812629
 0.1
 0.1
 -0.1
 0.1
 0.1
 -0.1
 0.1
 0.1
 0.1
 -0.1
 0.1
 0.1
 -0.1
 -0.1
 -0.1
 -0.1
 -0.1
 0.1
 -0.1



# name: <cell-element>
# type: matrix
# rows: 22
# columns: 1
 5
 0.07245159016231247
 5
 -5
 -5
 -5
 5
 5
 -5
 5
 -5
 5
 -5
 -5
 -5
 5
 5
 -5
 -0.07245159016230077
 5
 5
 -5



# name: <cell-element>
# type: matrix
# rows: 29
# columns: 1
 -0.35789
 0.35789
 -0.35789
 -0.35789
 0.35789
 -0.35789
 -0.35789
 0.35789
 0.35789
 0.35789
 0.35789
 0.35789
 -0.35789
 0.004244958259499899
 0.35789
 -0.35789
 0.35789
 0.35789
 -0.35789
 0.35789
 0.35789
 -0.35789
 -0.35789
 0.3536450417405
 -0.35789
 -0.35789
 -0.35789
 0.35789
 -0.35789



# name: <cell-element>
# type: matrix
# rows: 13
# columns: 1
 -0.35789
 0.35789
 0.2669589075937389
 0.35789
 0.35789
 -0.35789
 0.09093109240626122
 -0.35789
 0.35789
 -0.35789
 -0.35789
 -0.35789
 0.35789



# name: <cell-element>
# type: matrix
# rows: 13
# columns: 1
 -3.4526
 3.4526
 -0.3619065077851732
 -2.105497092636751
 -3.4526
 3.4526
 3.4526
 -3.4526
 -0.1517927063899787
 -3.4526
 3.4526
 -0.833403693188097
 3.4526



# name: <cell-element>
# type: scalar
0





# name: b
# type: cell
# rows: 1
# columns: 7
# name: <cell-element>
# type: scalar
0.02403071522181963



# name: <cell-element>
# type: scalar
-0.6186934292933755



# name: <cell-element>
# type: scalar
-0.1321583656880693



# name: <cell-element>
# type: scalar
-0.6925550218694702



# name: <cell-element>
# type: scalar
-0.6198144771364347



# name: <cell-element>
# type: scalar
0.2598266750266673



# name: <cell-element>
# type: scalar
0





# name: models
# type: cell
# rows: 1
# columns: 7
# name: <cell-element>
# type: scalar struct
# ndims: 2
 1 1
# length: 11
# name: Parameters
# type: matrix
# rows: 5
# columns: 1
 3
 0
 3
 1
 0


# name: nr_class
# type: scalar
2


# name: totalSV
# type: scalar
4


# name: rho
# type: scalar
-0.02403071522181963


# name: Label
# type: matrix
# rows: 0
# columns: 0


# name: sv_indices
# type: matrix
# rows: 4
# columns: 1
 6
 9
 11
 22


# name: ProbA
# type: matrix
# rows: 0
# columns: 0


# name: ProbB
# type: matrix
# rows: 0
# columns: 0


# name: nSV
# type: matrix
# rows: 0
# columns: 0


# name: sv_coef
# type: matrix
# rows: 4
# columns: 1
 -0.5906766703553417
 0.6157899999999999
 0.5906766703553417
 -0.6157899999999999


# name: SVs
# type: sparse matrix
# nnz: 4
# rows: 4
# columns: 1
1 1 -0.6150938583500315
2 1 -1.141301320984742
3 1 1.489735992188811
4 1 -0.6150938583500315





# name: <cell-element>
# type: scalar struct
# ndims: 2
 1 1
# length: 11
# name: Parameters
# type: matrix
# rows: 5
# columns: 1
 3
 1
 2
 1
 0


# name: nr_class
# type: scalar
2


# name: totalSV
# type: scalar
29


# name: rho
# type: scalar
0.6186934292933755


# name: Label
# type: matrix
# rows: 0
# columns: 0


# name: sv_indices
# type: matrix
# rows: 29
# columns: 1
 1
 3
 4
 5
 7
 9
 10
 11
 15
 17
 19
 21
 23
 24
 26
 27
 28
 30
 31
 32
 33
 34
 36
 37
 39
 40
 41
 42
 44


# name: ProbA
# type: matrix
# rows: 0
# columns: 0


# name: ProbB
# type: matrix
# rows: 0
# columns: 0


# name: nSV
# type: matrix
# rows: 0
# columns: 0


# name: sv_coef
# type: matrix
# rows: 29
# columns: 1
 -0.1
 -0.1
 -0.1
 0.1
 0.01797482312187372
 -0.1
 -0.1
 0.1
 0.1
 0.08202517687812629
 0.1
 0.1
 -0.1
 0.1
 0.1
 -0.1
 0.1
 0.1
 0.1
 -0.1
 0.1
 0.1
 -0.1
 -0.1
 -0.1
 -0.1
 -0.1
 0.1
 -0.1


# name: SVs
# type: sparse matrix
# nnz: 29
# rows: 29
# columns: 1
1 1 -1.141301320984742
2 1 -1.141301320984742
3 1 -1.141301320984742
4 1 1.489735992188811
5 1 1.489735992188811
6 1 -1.141301320984742
7 1 -1.141301320984742
8 1 1.489735992188811
9 1 1.489735992188811
10 1 0.1742173356020346
11 1 1.489735992188811
12 1 1.489735992188811
13 1 -1.141301320984742
14 1 1.489735992188811
15 1 1.489735992188811
16 1 -1.141301320984742
17 1 1.489735992188811
18 1 1.489735992188811
19 1 1.489735992188811
20 1 -1.141301320984742
21 1 1.489735992188811
22 1 0.1742173356020346
23 1 -1.141301320984742
24 1 -1.141301320984742
25 1 -1.141301320984742
26 1 -1.141301320984742
27 1 -1.141301320984742
28 1 0.1742173356020346
29 1 -1.141301320984742





# name: <cell-element>
# type: scalar struct
# ndims: 2
 1 1
# length: 11
# name: Parameters
# type: matrix
# rows: 5
# columns: 1
 3
 1
 3
 1
 0


# name: nr_class
# type: scalar
2


# name: totalSV
# type: scalar
22


# name: rho
# type: scalar
0.1321583656880693


