# Created by Octave 3.8.2, Wed May 18 17:59:21 2016 CEST <Andrea@Andreas-MacBook-Pro.local>
# name: SVs
# type: cell
# rows: 1
# columns: 7
# name: <cell-element>
# type: sparse matrix
# nnz: 27
# rows: 27
# columns: 1
1 1 -1.141301320984742
2 1 -1.141301320984742
3 1 1.489735992188811
4 1 -1.141301320984742
5 1 0.1742173356020346
6 1 -0.6150938583500315
7 1 1.489735992188811
8 1 -1.141301320984742
9 1 -0.6150938583500315
10 1 -0.6150938583500315
11 1 0.1742173356020346
12 1 -0.6150938583500315
13 1 0.1742173356020346
14 1 -1.141301320984742
15 1 -1.141301320984742
16 1 -0.6150938583500315
17 1 0.1742173356020346
18 1 -0.6150938583500315
19 1 1.489735992188811
20 1 -0.6150938583500315
21 1 1.489735992188811
22 1 1.489735992188811
23 1 0.1742173356020346
24 1 -1.141301320984742
25 1 -0.6150938583500315
26 1 0.1742173356020346
27 1 -0.6150938583500315



# name: <cell-element>
# type: sparse matrix
# nnz: 15
# rows: 15
# columns: 1
1 1 -1.141301320984742
2 1 -1.141301320984742
3 1 1.489735992188811
4 1 -1.141301320984742
5 1 0.1742173356020346
6 1 1.489735992188811
7 1 -1.141301320984742
8 1 -1.141301320984742
9 1 -1.141301320984742
10 1 0.1742173356020346
11 1 1.489735992188811
12 1 1.489735992188811
13 1 1.489735992188811
14 1 -1.141301320984742
15 1 0.1742173356020346



# name: <cell-element>
# type: sparse matrix
# nnz: 17
# rows: 17
# columns: 1
1 1 0.1742173356020346
2 1 0.1742173356020346
3 1 0.1742173356020346
4 1 0.1742173356020346
5 1 -0.6150938583500315
6 1 -0.6150938583500315
7 1 -0.6150938583500315
8 1 -0.6150938583500315
9 1 -0.6150938583500315
10 1 0.1742173356020346
11 1 -0.6150938583500315
12 1 1.489735992188811
13 1 0.1742173356020346
14 1 -0.6150938583500315
15 1 0.1742173356020346
16 1 0.1742173356020346
17 1 -0.6150938583500315



# name: <cell-element>
# type: sparse matrix
# nnz: 2
# rows: 2
# columns: 1
1 1 -1.141301320984742
2 1 1.489735992188811



# name: <cell-element>
# type: sparse matrix
# nnz: 14
# rows: 14
# columns: 1
1 1 -1.141301320984742
2 1 -1.141301320984742
3 1 1.489735992188811
4 1 0.1742173356020346
5 1 -1.141301320984742
6 1 0.1742173356020346
7 1 -1.141301320984742
8 1 -1.141301320984742
9 1 -1.141301320984742
10 1 0.1742173356020346
11 1 1.489735992188811
12 1 0.1742173356020346
13 1 -1.141301320984742
14 1 0.1742173356020346



# name: <cell-element>
# type: sparse matrix
# nnz: 12
# rows: 12
# columns: 1
1 1 -1.141301320984742
2 1 1.489735992188811
3 1 0.1742173356020346
4 1 -1.141301320984742
5 1 -0.6150938583500315
6 1 0.1742173356020346
7 1 1.489735992188811
8 1 -0.6150938583500315
9 1 1.489735992188811
10 1 0.1742173356020346
11 1 -0.6150938583500315
12 1 0.1742173356020346



# name: <cell-element>
# type: scalar
0





# name: coefficients
# type: cell
# rows: 1
# columns: 7
# name: <cell-element>
# type: matrix
# rows: 27
# columns: 1
 0.6157899999999999
 0.6157899999999999
 0.6157899999999999
 0.6157899999999999
 0.5768581881469264
 -0.6157899999999999
 0.03893181185307361
 0.6157899999999999
 -0.6157899999999999
 -0.6157899999999999
 -0.6157899999999999
 -0.6157899999999999
 -0.6157899999999999
 0.6157899999999999
 0.6157899999999999
 -0.6157899999999999
 -0.6157899999999999
 -0.6157899999999999
 0.6157899999999999
 0.6157899999999999
 0.6157899999999999
 0.6157899999999999
 -0.6157899999999999
 0.6157899999999999
 -0.6157899999999999
 -0.6157899999999999
 -0.6157899999999999



# name: <cell-element>
# type: matrix
# rows: 15
# columns: 1
 -0.35789
 -0.35789
 0.35789
 -0.35789
 0.35789
 0.3184413998281994
 -0.35789
 -0.35789
 -0.35789
 0.03944860017180063
 0.35789
 0.35789
 0.35789
 -0.35789
 0.35789



# name: <cell-element>
# type: matrix
# rows: 17
# columns: 1
 0.1
 0.1
 0.1
 0.1
 -0.1
 -0.1
 -0.1
 -0.1
 -0.1
 0.1
 -0.1
 0.09918538660233316
 0.1
 -0.1
 0.1
 0.0008146133976668617
 -0.1



# name: <cell-element>
# type: matrix
# rows: 2
# columns: 1
 -0.09381751187488768
 0.09381751187488768



# name: <cell-element>
# type: matrix
# rows: 14
# columns: 1
 -0.04416202519020573
 -0.1
 0.04416202519020571
 0.1
 -0.1
 0.1
 -0.1
 -0.1
 -0.1
 0.1
 0.1
 0.1
 -0.1
 0.1



# name: <cell-element>
# type: matrix
# rows: 12
# columns: 1
 -0.1215665041084891
 0.6157899999999999
 0.6157899999999999
 -0.6157899999999999
 -0.5109102679091027
 -0.6157899999999999
 0.0166867720175917
 0.6157899999999999
 0.6157899999999999
 -0.6157899999999999
 -0.6157899999999999
 0.6157899999999999



# name: <cell-element>
# type: scalar
0





# name: b
# type: cell
# rows: 1
# columns: 7
# name: <cell-element>
# type: scalar
-0.0626536050389814



# name: <cell-element>
# type: scalar
-0.7399686741612926



# name: <cell-element>
# type: scalar
-0.3185006812149921



# name: <cell-element>
# type: scalar
-0.6142492477021866



# name: <cell-element>
# type: scalar
-0.5372116870015879



# name: <cell-element>
# type: scalar
0.2517023739528387



# name: <cell-element>
# type: scalar
0





# name: models
# type: cell
# rows: 1
# columns: 7
# name: <cell-element>
# type: scalar struct
# ndims: 2
 1 1
# length: 11
# name: Parameters
# type: matrix
# rows: 5
# columns: 1
 3
 0
 3
 1
 0


# name: nr_class
# type: scalar
2


# name: totalSV
# type: scalar
27


# name: rho
# type: scalar
0.0626536050389814


# name: Label
# type: matrix
# rows: 0
# columns: 0


# name: sv_indices
# type: matrix
# rows: 27
# columns: 1
 1
 2
 4
 8
 10
 11
 12
 13
 14
 16
 17
 18
 19
 20
 22
 23
 25
 26
 27
 28
 29
 32
 33
 34
 37
 40
 44


# name: ProbA
# type: matrix
# rows: 0
# columns: 0


# name: ProbB
# type: matrix
# rows: 0
# columns: 0


# name: nSV
# type: matrix
# rows: 0
# columns: 0


# name: sv_coef
# type: matrix
# rows: 27
# columns: 1
 0.6157899999999999
 0.6157899999999999
 0.6157899999999999
 0.6157899999999999
 0.5768581881469264
 -0.6157899999999999
 0.03893181185307361
 0.6157899999999999
 -0.6157899999999999
 -0.6157899999999999
 -0.6157899999999999
 -0.6157899999999999
 -0.6157899999999999
 0.6157899999999999
 0.6157899999999999
 -0.6157899999999999
 -0.6157899999999999
 -0.6157899999999999
 0.6157899999999999
 0.6157899999999999
 0.6157899999999999
 0.6157899999999999
 -0.6157899999999999
 0.6157899999999999
 -0.6157899999999999
 -0.6157899999999999
 -0.6157899999999999


# name: SVs
# type: sparse matrix
# nnz: 27
# rows: 27
# columns: 1
1 1 -1.141301320984742
2 1 -1.141301320984742
3 1 1.489735992188811
4 1 -1.141301320984742
5 1 0.1742173356020346
6 1 -0.6150938583500315
7 1 1.489735992188811
8 1 -1.141301320984742
9 1 -0.6150938583500315
10 1 -0.6150938583500315
11 1 0.1742173356020346
12 1 -0.6150938583500315
13 1 0.1742173356020346
14 1 -1.141301320984742
15 1 -1.141301320984742
16 1 -0.6150938583500315
17 1 0.1742173356020346
18 1 -0.6150938583500315
19 1 1.489735992188811
20 1 -0.6150938583500315
21 1 1.489735992188811
22 1 1.489735992188811
23 1 0.1742173356020346
24 1 -1.141301320984742
25 1 -0.6150938583500315
26 1 0.1742173356020346
27 1 -0.6150938583500315





# name: <cell-element>
# type: scalar struct
# ndims: 2
 1 1
# length: 11
# name: Parameters
# type: matrix
# rows: 5
# columns: 1
 3
 1
 2
 1
 0


# name: nr_class
# type: scalar
2


# name: totalSV
# type: scalar
15


# name: rho
# type: scalar
0.7399686741612926


# name: Label
# type: matrix
# rows: 0
# columns: 0


# name: sv_indices
# type: matrix
# rows: 15
# columns: 1
 1
 2
 4
 8
 10
 12
 13
 20
 22
 24
 27
 29
 32
 34
 39


# name: ProbA
# type: matrix
# rows: 0
# columns: 0


# name: ProbB
# type: matrix
# rows: 0
# columns: 0


# name: nSV
# type: matrix
# rows: 0
# columns: 0


# name: sv_coef
# type: matrix
# rows: 15
# columns: 1
 -0.35789
 -0.35789
 0.35789
 -0.35789
 0.35789
 0.3184413998281994
 -0.35789
 -0.35789
 -0.35789
 0.03944860017180063
 0.35789
 0.35789
 0.35789
 -0.35789
 0.35789


