# Created by Octave 4.0.0, Mon May 23 13:37:52 2016 CEST <peter@Independence>
# name: mu
# type: matrix
# rows: 1
# columns: 2
 608553.7837837838 0.01194819819819819


# name: sigma
# type: matrix
# rows: 1
# columns: 2
 127309.5904612244 0.003167318567322665


