# Created by Octave 3.8.2, Wed May 18 17:59:11 2016 CEST <Andrea@Andreas-MacBook-Pro.local>
# name: mu
# type: matrix
# rows: 1
# columns: 2
 608553.7837837838 0.01194819819819819


# name: sigma
# type: matrix
# rows: 1
# columns: 2
 127309.5904612244 0.003167318567322665


