# Created by Octave 4.0.0, Mon May 23 13:37:58 2016 CEST <peter@Independence>
# name: x
# type: matrix
# rows: 1
# columns: 100
 0.008333333333333333 0.008417508417508417 0.008501683501683501 0.008585858585858586 0.00867003367003367 0.008754208754208754 0.008838383838383838 0.008922558922558922 0.009006734006734006 0.00909090909090909 0.009175084175084175 0.009259259259259259 0.009343434343434343 0.009427609427609427 0.009511784511784511 0.009595959595959595 0.009680134680134679 0.009764309764309764 0.009848484848484848 0.009932659932659932 0.01001683501683502 0.0101010101010101 0.01018518518518519 0.01026936026936027 0.01035353535353535 0.01043771043771044 0.01052188552188552 0.01060606060606061 0.01069023569023569 0.01077441077441077 0.01085858585858586 0.01094276094276094 0.01102693602693603 0.01111111111111111 0.0111952861952862 0.01127946127946128 0.01136363636363636 0.01144781144781145 0.01153198653198653 0.01161616161616162 0.0117003367003367 0.01178451178451178 0.01186868686868687 0.01195286195286195 0.01203703703703704 0.01212121212121212 0.01220538720538721 0.01228956228956229 0.01237373737373737 0.01245791245791246 0.01254208754208754 0.01262626262626263 0.01271043771043771 0.01279461279461279 0.01287878787878788 0.01296296296296296 0.01304713804713805 0.01313131313131313 0.01321548821548822 0.0132996632996633 0.01338383838383838 0.01346801346801347 0.01355218855218855 0.01363636363636364 0.01372053872053872 0.0138047138047138 0.01388888888888889 0.01397306397306397 0.01405723905723906 0.01414141414141414 0.01422558922558922 0.01430976430976431 0.01439393939393939 0.01447811447811448 0.01456228956228956 0.01464646464646465 0.01473063973063973 0.01481481481481482 0.0148989898989899 0.01498316498316498 0.01506734006734007 0.01515151515151515 0.01523569023569024 0.01531986531986532 0.0154040404040404 0.01548821548821549 0.01557239057239057 0.01565656565656566 0.01574074074074074 0.01582491582491583 0.01590909090909091 0.01599326599326599 0.01607744107744108 0.01616161616161616 0.01624579124579124 0.01632996632996633 0.01641414141414142 0.0164983164983165 0.01658249158249158 0.01666666666666667


# name: y
# type: matrix
# rows: 100
# columns: 1
 603905.9266806395
 596394.0355803472
 589400.6295412248
 582901.2832019288
 576872.160550866
 571290.0149261886
 566132.1890157975
 561376.6148573407
 557001.8138382112
 552986.896695552
 549311.5635162501
 545956.1037369417
 542901.3961440092
 540128.9088735824
 537620.6994115381
 535359.4145934993
 533328.2906048371
 531511.1529806695
 529892.4166058612
 528457.085715024
 527190.7538925172
 526079.6040724462
 525110.4085386647
 524270.5289247724
 523547.9162141166
 522931.1107397912
 522409.2421846379
 521972.0295812447
 521609.781311947
 521313.3951088272
 521074.3580537147
 520884.7465781862
 520737.226463565
 520625.0528409217
 520542.0701910741
 520482.7123445868
 520442.0024817716
 520415.5531326871
 520399.5661771394
 520390.8328446812
 520386.7337146126
 520385.2387159803
 520384.9071275787
 520384.8875779486
 520384.9180453783
 520385.325857903
 520387.0276933048
 520391.5295791131
 520400.9268926042
 520417.9043608014
 520445.7360604752
 520488.2854181431
 520550.0052100697
 520635.9375622665
 520751.7139504921
 520903.5552002522
 521098.2714867995
 521343.2623351339
 521646.5166200022
 522016.6125658981
 522462.7177470628
 522994.5890874841
 523622.572860897
 524357.6046907837
 525211.2095503733
 526195.5017626418
 527323.1850003127
 528607.5522858561
 530062.4859914896
 531702.457839177
 533542.5289006303
 535598.3495973076
 537886.1597004147
 540422.7883309037
 543225.6539594752
 546312.7644065747
 549702.7168423969
 553414.6977868816
 557468.4831097174
 561884.4380303384
 566683.5171179285
 571887.2642914134
 577517.8128194716
 583597.8853205255
 590150.793762746
 597200.4394640482
 604771.3130920981
 612888.4946643064
 621577.6535478322
 630865.0484595791
 640777.5274662011
 651342.5279840955
 662588.0767794133
 674542.7899680429
 687235.8730156268
 700697.1207375565
 714956.9172989633
 730046.2362147227
 745996.6403494745
 762840.2819175905


# name: QUERY
# type: sq_string
# elements: 1
# length: 2
R4


# name: DATASIZE
# type: sq_string
# elements: 1
# length: 3
750


