# Created by Octave 4.0.0, Mon May 23 13:37:58 2016 CEST <peter@Independence>
# name: x
# type: matrix
# rows: 1
# columns: 100
 0.008333333333333333 0.008417508417508417 0.008501683501683501 0.008585858585858586 0.00867003367003367 0.008754208754208754 0.008838383838383838 0.008922558922558922 0.009006734006734006 0.00909090909090909 0.009175084175084175 0.009259259259259259 0.009343434343434343 0.009427609427609427 0.009511784511784511 0.009595959595959595 0.009680134680134679 0.009764309764309764 0.009848484848484848 0.009932659932659932 0.01001683501683502 0.0101010101010101 0.01018518518518519 0.01026936026936027 0.01035353535353535 0.01043771043771044 0.01052188552188552 0.01060606060606061 0.01069023569023569 0.01077441077441077 0.01085858585858586 0.01094276094276094 0.01102693602693603 0.01111111111111111 0.0111952861952862 0.01127946127946128 0.01136363636363636 0.01144781144781145 0.01153198653198653 0.01161616161616162 0.0117003367003367 0.01178451178451178 0.01186868686868687 0.01195286195286195 0.01203703703703704 0.01212121212121212 0.01220538720538721 0.01228956228956229 0.01237373737373737 0.01245791245791246 0.01254208754208754 0.01262626262626263 0.01271043771043771 0.01279461279461279 0.01287878787878788 0.01296296296296296 0.01304713804713805 0.01313131313131313 0.01321548821548822 0.0132996632996633 0.01338383838383838 0.01346801346801347 0.01355218855218855 0.01363636363636364 0.01372053872053872 0.0138047138047138 0.01388888888888889 0.01397306397306397 0.01405723905723906 0.01414141414141414 0.01422558922558922 0.01430976430976431 0.01439393939393939 0.01447811447811448 0.01456228956228956 0.01464646464646465 0.01473063973063973 0.01481481481481482 0.0148989898989899 0.01498316498316498 0.01506734006734007 0.01515151515151515 0.01523569023569024 0.01531986531986532 0.0154040404040404 0.01548821548821549 0.01557239057239057 0.01565656565656566 0.01574074074074074 0.01582491582491583 0.01590909090909091 0.01599326599326599 0.01607744107744108 0.01616161616161616 0.01624579124579124 0.01632996632996633 0.01641414141414142 0.0164983164983165 0.01658249158249158 0.01666666666666667


# name: y
# type: matrix
# rows: 100
# columns: 1
 574758.370522239
 568811.1521117052
 563532.1574169558
 558859.9219370075
 554737.3225911646
 551111.3682871228
 547932.9956673213
 545156.8700335285
 542741.1914496752
 540647.5060229299
 538840.5223630115
 537287.9332197501
 535960.2422988844
 534830.5962561041
 533874.6218693318
 533070.2683892495
 532397.6550680647
 531838.9238665197
 531378.0973391423
 531000.9416977382
 530694.8350531259
 530448.6408351123
 530252.5863907125
 530098.1467606082
 529977.9336338512
 529885.5894808065
 529815.6868643385
 529763.6329292385
 529725.5790698945
 529698.3357762027
 529679.2926577207
 529666.343646063
 529657.8173755377
 529652.412742026
 529649.1396401031
 529647.2648784004
 529646.2632732108
 529645.7739203356
 529645.5616451715
 529645.4836310425
 529645.4612257715
 529645.4569264941
 529645.4565427152
 529645.4565376064
 529645.4565475459
 529645.4570799004
 529645.4623890482
 529645.488530645
 529645.5765941311
 529645.8111134802
 529646.3436561913
 529647.4215905207
 529649.4220309575
 529652.8909619404
 529658.5875398156
 529667.5335730379
 529681.0681806132
 529700.9076287822
 529729.210345947
 529768.6471158387
 529822.476448928
 529894.6251320767
 529989.7739564308
 530113.4486235571
 530272.1158298198
 530473.2845290005
 530725.612373159
 531039.0173317364
 531424.7944889007
 531895.7380191328
 532466.2683410561
 533152.5644495063
 533972.701425845
 534946.793126513
 536097.140049828
 537448.3823810207
 539027.6582155174
 540864.7669604598
 542992.3379144701
 545446.004025657
 548264.5808278624
 551490.2505551497
 555168.7514345391
 559349.5721569776
 564086.1515265551
 569436.08328796
 575461.3261321811
 582228.4188804487
 589808.7008464119
 598278.5373765682
 607719.550568928
 618218.8551699235
 629869.2996495645
 642769.7124548131
 657025.1534412389
 672747.1704828887
 690054.061260392
 709071.1402273225
 729931.0107548377
 752773.84245446


# name: QUERY
# type: sq_string
# elements: 1
# length: 2
R4


# name: DATASIZE
# type: sq_string
# elements: 1
# length: 3
750


