# Created by Octave 3.8.2, Wed May 18 17:59:21 2016 CEST <Andrea@Andreas-MacBook-Pro.local>
# name: x
# type: matrix
# rows: 1
# columns: 100
 0.008333333333333333 0.008417508417508417 0.008501683501683501 0.008585858585858586 0.00867003367003367 0.008754208754208754 0.008838383838383838 0.008922558922558922 0.009006734006734006 0.00909090909090909 0.009175084175084175 0.009259259259259259 0.009343434343434343 0.009427609427609427 0.009511784511784511 0.009595959595959595 0.009680134680134679 0.009764309764309764 0.009848484848484848 0.009932659932659932 0.01001683501683502 0.0101010101010101 0.01018518518518519 0.01026936026936027 0.01035353535353535 0.01043771043771044 0.01052188552188552 0.01060606060606061 0.01069023569023569 0.01077441077441077 0.01085858585858586 0.01094276094276094 0.01102693602693603 0.01111111111111111 0.0111952861952862 0.01127946127946128 0.01136363636363636 0.01144781144781145 0.01153198653198653 0.01161616161616162 0.0117003367003367 0.01178451178451178 0.01186868686868687 0.01195286195286195 0.01203703703703704 0.01212121212121212 0.01220538720538721 0.01228956228956229 0.01237373737373737 0.01245791245791246 0.01254208754208754 0.01262626262626263 0.01271043771043771 0.01279461279461279 0.01287878787878788 0.01296296296296296 0.01304713804713805 0.01313131313131313 0.01321548821548822 0.0132996632996633 0.01338383838383838 0.01346801346801347 0.01355218855218855 0.01363636363636364 0.01372053872053872 0.0138047138047138 0.01388888888888889 0.01397306397306397 0.01405723905723906 0.01414141414141414 0.01422558922558922 0.01430976430976431 0.01439393939393939 0.01447811447811448 0.01456228956228956 0.01464646464646465 0.01473063973063973 0.01481481481481482 0.0148989898989899 0.01498316498316498 0.01506734006734007 0.01515151515151515 0.01523569023569024 0.01531986531986532 0.0154040404040404 0.01548821548821549 0.01557239057239057 0.01565656565656566 0.01574074074074074 0.01582491582491583 0.01590909090909091 0.01599326599326599 0.01607744107744108 0.01616161616161616 0.01624579124579124 0.01632996632996633 0.01641414141414142 0.0164983164983165 0.01658249158249158 0.01666666666666667


# name: y
# type: matrix
# rows: 100
# columns: 1
 582985.9814276041
 577340.4572799013
 572329.2587720376
 567894.0394131711
 563980.5738984291
 560538.5593012053
 557521.4211810203
 554886.1246069319
 552592.9900965064
 550605.5144703463
 548890.1966221728
 547416.3682044677
 546156.0292296695
 545083.6885869283
 544176.2094744159
 543412.6597471937
 542774.1671806368
 542243.7796494154
 541806.3302220321
 541448.3071709167
 541157.7288980773
 540924.0237763084
 540737.9149059559
 540591.3097872382
 540477.1949081251
 540389.535247772
 540323.1786955124
 540273.765385406
 540237.6419463443
 540211.7806677123
 540193.7035806078
 540181.411454616
 540173.3177101429
 540168.1872463037
 540165.0801843683
 540163.3005267648
 540162.3497316379
 540161.8852029652
 540161.6836962302
 540161.6096396514
 540161.5883709691
 540161.5842897882
 540161.5839254778
 540161.5839206282
 540161.5839300635
 540161.5844354123
 540161.5894752344
 540161.6142907037
 540161.6978868494
 540161.9205093525
 540162.4260368996
 540163.4492890935
 540165.3482499206
 540168.6412067752
 540174.0488050394
 540182.5410182215
 540195.3890336502
 540214.222053725
 540241.0890127248
 540278.525209172
 540329.623853754
 540398.1125328009
 540488.4345873205
 540605.8354075904
 540756.4536433051
 540947.4173292823
 541186.9449267237
 541484.4512800343
 541850.658489197
 542297.7116977056
 542839.2997960524
 543490.7810407749
 544269.3135890572
 545193.9909488895
 546285.9823447843
 547568.6779990478
 549067.8393286105
 550811.754057412
 552831.396244345
 555160.5912267542
 557836.1854794928
 560898.2213895348
 564390.1169461464
 568358.8503466111
 572855.1495175138
 577933.6865515802
 583653.2770600744
 590077.0844407524
 597272.8290613709
 605313.0023587567
 614275.0858534286
 624241.7750797787
 635301.2084318118
 647547.2009244331
 661079.4828703068
 676003.9434722607
 692432.8793312476
 710485.247869866
 730286.9256714495
 751970.9717346851


# name: QUERY
# type: sq_string
# elements: 1
# length: 2
R4


# name: DATASIZE
# type: sq_string
# elements: 1
# length: 3
750


