# Created by Octave 3.8.2, Wed May 18 17:59:21 2016 CEST <Andrea@Andreas-MacBook-Pro.local>
# name: x
# type: matrix
# rows: 1
# columns: 100
 0.008333333333333333 0.008417508417508417 0.008501683501683501 0.008585858585858586 0.00867003367003367 0.008754208754208754 0.008838383838383838 0.008922558922558922 0.009006734006734006 0.00909090909090909 0.009175084175084175 0.009259259259259259 0.009343434343434343 0.009427609427609427 0.009511784511784511 0.009595959595959595 0.009680134680134679 0.009764309764309764 0.009848484848484848 0.009932659932659932 0.01001683501683502 0.0101010101010101 0.01018518518518519 0.01026936026936027 0.01035353535353535 0.01043771043771044 0.01052188552188552 0.01060606060606061 0.01069023569023569 0.01077441077441077 0.01085858585858586 0.01094276094276094 0.01102693602693603 0.01111111111111111 0.0111952861952862 0.01127946127946128 0.01136363636363636 0.01144781144781145 0.01153198653198653 0.01161616161616162 0.0117003367003367 0.01178451178451178 0.01186868686868687 0.01195286195286195 0.01203703703703704 0.01212121212121212 0.01220538720538721 0.01228956228956229 0.01237373737373737 0.01245791245791246 0.01254208754208754 0.01262626262626263 0.01271043771043771 0.01279461279461279 0.01287878787878788 0.01296296296296296 0.01304713804713805 0.01313131313131313 0.01321548821548822 0.0132996632996633 0.01338383838383838 0.01346801346801347 0.01355218855218855 0.01363636363636364 0.01372053872053872 0.0138047138047138 0.01388888888888889 0.01397306397306397 0.01405723905723906 0.01414141414141414 0.01422558922558922 0.01430976430976431 0.01439393939393939 0.01447811447811448 0.01456228956228956 0.01464646464646465 0.01473063973063973 0.01481481481481482 0.0148989898989899 0.01498316498316498 0.01506734006734007 0.01515151515151515 0.01523569023569024 0.01531986531986532 0.0154040404040404 0.01548821548821549 0.01557239057239057 0.01565656565656566 0.01574074074074074 0.01582491582491583 0.01590909090909091 0.01599326599326599 0.01607744107744108 0.01616161616161616 0.01624579124579124 0.01632996632996633 0.01641414141414142 0.0164983164983165 0.01658249158249158 0.01666666666666667


# name: y
# type: matrix
# rows: 100
# columns: 1
 595782.8437415516
 589898.1633354725
 584419.6548027025
 579328.1837543937
 574605.0774876926
 570232.1249857392
 566191.5769176676
 562466.1456386059
 559039.005189676
 555893.7912979935
 553014.6013766683
 550385.9945248042
 547992.9915274984
 545821.0748558426
 543856.188666922
 542084.7388038161
 540493.5927955981
 539070.0798573348
 537801.9908900876
 536677.5784809111
 535685.5569028544
 534815.10211496
 534055.8517622647
 533397.9051757992
 532831.8233725878
 532348.6290556489
 531939.8066139949
 531597.3021226319
 531313.5233425603
 531081.3397207737
 530894.0823902604
 530745.5441700022
 530629.9795649748
 530542.1047661479
 530477.0976504851
 530430.5977809441
 530398.7064064759
 530377.9864620261
 530365.462568534
 530358.6210329325
 530355.4098481491
 530354.2386931042
 530353.9789327132
 530353.9636178846
 530353.9874855211
 530354.3069585194
 530355.6401457702
 530359.1668421576
 530366.5285285602
 530379.8283718501
 530401.6312248936
 530434.9636265507
 530483.3138016756
 530550.6316611159
 530641.3288017137
 530760.2785063045
 530912.8157437179
 531104.7371687779
 531342.3011223014
 531632.2276311001
 531981.6984079792
 532398.3568517379
 532890.3080471694
 533466.1187650606
 534134.8174621924
 534905.8942813396
 535789.3010512713
 536795.4512867497
 537935.2201885317
 539219.9446433677
 540661.423224002
 542271.916189173
 544064.145483613
 546051.2947380479
 548247.0092691979
 550665.396079777
 553321.023858493
 556228.9229800475
 559404.5855051365
 562863.9651804494
 566623.4774386698
 570699.9993984749
 575110.8698645363
 579873.8893275192
 585007.3199640827
 590529.8856368798
 596460.7718945575
 602819.6259717568
 609626.5567891124
 616902.134953253
 624667.3927568012
 632943.8241783737
 641753.3848825807
 651118.4922200267
 661062.0252273099
 671607.3246270226
 682778.1928277507
 694598.8939240742
 707094.1536965674
 720289.1596117977


# name: QUERY
# type: sq_string
# elements: 1
# length: 2
R4


# name: DATASIZE
# type: sq_string
# elements: 1
# length: 3
750


