# Created by Octave 4.0.0, Mon May 23 13:37:58 2016 CEST <peter@Independence>
# name: x
# type: matrix
# rows: 1
# columns: 100
 0.008333333333333333 0.008417508417508417 0.008501683501683501 0.008585858585858586 0.00867003367003367 0.008754208754208754 0.008838383838383838 0.008922558922558922 0.009006734006734006 0.00909090909090909 0.009175084175084175 0.009259259259259259 0.009343434343434343 0.009427609427609427 0.009511784511784511 0.009595959595959595 0.009680134680134679 0.009764309764309764 0.009848484848484848 0.009932659932659932 0.01001683501683502 0.0101010101010101 0.01018518518518519 0.01026936026936027 0.01035353535353535 0.01043771043771044 0.01052188552188552 0.01060606060606061 0.01069023569023569 0.01077441077441077 0.01085858585858586 0.01094276094276094 0.01102693602693603 0.01111111111111111 0.0111952861952862 0.01127946127946128 0.01136363636363636 0.01144781144781145 0.01153198653198653 0.01161616161616162 0.0117003367003367 0.01178451178451178 0.01186868686868687 0.01195286195286195 0.01203703703703704 0.01212121212121212 0.01220538720538721 0.01228956228956229 0.01237373737373737 0.01245791245791246 0.01254208754208754 0.01262626262626263 0.01271043771043771 0.01279461279461279 0.01287878787878788 0.01296296296296296 0.01304713804713805 0.01313131313131313 0.01321548821548822 0.0132996632996633 0.01338383838383838 0.01346801346801347 0.01355218855218855 0.01363636363636364 0.01372053872053872 0.0138047138047138 0.01388888888888889 0.01397306397306397 0.01405723905723906 0.01414141414141414 0.01422558922558922 0.01430976430976431 0.01439393939393939 0.01447811447811448 0.01456228956228956 0.01464646464646465 0.01473063973063973 0.01481481481481482 0.0148989898989899 0.01498316498316498 0.01506734006734007 0.01515151515151515 0.01523569023569024 0.01531986531986532 0.0154040404040404 0.01548821548821549 0.01557239057239057 0.01565656565656566 0.01574074074074074 0.01582491582491583 0.01590909090909091 0.01599326599326599 0.01607744107744108 0.01616161616161616 0.01624579124579124 0.01632996632996633 0.01641414141414142 0.0164983164983165 0.01658249158249158 0.01666666666666667


# name: y
# type: matrix
# rows: 100
# columns: 1
 492689.9853845491
 499448.7269941379
 505892.7611913128
 512029.5909073922
 517866.7190736888
 523411.6486215282
 528671.8824822272
 533654.9235871002
 538368.2748674677
 542819.4392546492
 547015.9196799608
 550965.2190747226
 554674.8403702514
 558152.286497866
 561405.0603888849
 564440.6649746257
 567266.6031864076
 569890.3779555475
 572319.4922133648
 574561.4488911775
 576623.7509203035
 578513.9012320611
 580239.4027577691
 581807.7584287449
 583226.4711763073
 584503.0439317747
 585644.9796264649
 586659.7811916964
 587554.9515587873
 588337.9936590559
 589016.4104238205
 589597.7047843994
 590089.3796721107
 590498.9380182726
 590833.8827542035
 591101.7168112217
 591309.9431206452
 591466.0646137926
 591577.5842219818
 591652.0048765312
 591696.8295087591
 591719.5610499836
 591727.702431523
 591728.7565846957
 591730.2264408197
 591739.6149312133
 591764.4249871949
 591812.1595400827
 591890.3215211949
 592006.4138618496
 592167.9394933654
 592382.4013470602
 592657.3023542524
 593000.1454462602
 593418.433554402
 593919.6696099959
 594511.3565443601
 595200.997288813
 595996.0947746728
 596904.1519332576
 597932.6716958858
 599089.1569938754
 600381.1107585452
 601816.0359212132
 603401.435413197
 605144.8121658158
 607053.6691103877
 609135.5091782297
 611397.8353006621
 613848.1504090014
 616493.9574345667
 619342.7593086758
 622402.0589626478
 625679.3593278002
 629182.1633354505
 632917.9739169186
 636894.2940035228
 641118.6265265807
 645598.4744174082
 650341.3406073279
 655354.7280276536
 660646.1396097091
 666223.0782848059
 672093.0469842688
 678263.5486394099
 684742.0861815528
 691536.1625420129
 698653.2806521087
 706100.9434431584
 713886.6538464846
 722017.9147933964
 730502.2292152207
 739347.1000432667
 748560.0302088645
 758148.5226433189
 768120.0802779618
 778482.2060441044
 789242.402873065
 800408.1736961603
 811987.0214447151


# name: QUERY
# type: sq_string
# elements: 1
# length: 2
R4


# name: DATASIZE
# type: sq_string
# elements: 1
# length: 3
750


