# Created by Octave 3.8.2, Wed May 18 17:59:21 2016 CEST <Andrea@Andreas-MacBook-Pro.local>
# name: x
# type: matrix
# rows: 1
# columns: 100
 0.008333333333333333 0.008417508417508417 0.008501683501683501 0.008585858585858586 0.00867003367003367 0.008754208754208754 0.008838383838383838 0.008922558922558922 0.009006734006734006 0.00909090909090909 0.009175084175084175 0.009259259259259259 0.009343434343434343 0.009427609427609427 0.009511784511784511 0.009595959595959595 0.009680134680134679 0.009764309764309764 0.009848484848484848 0.009932659932659932 0.01001683501683502 0.0101010101010101 0.01018518518518519 0.01026936026936027 0.01035353535353535 0.01043771043771044 0.01052188552188552 0.01060606060606061 0.01069023569023569 0.01077441077441077 0.01085858585858586 0.01094276094276094 0.01102693602693603 0.01111111111111111 0.0111952861952862 0.01127946127946128 0.01136363636363636 0.01144781144781145 0.01153198653198653 0.01161616161616162 0.0117003367003367 0.01178451178451178 0.01186868686868687 0.01195286195286195 0.01203703703703704 0.01212121212121212 0.01220538720538721 0.01228956228956229 0.01237373737373737 0.01245791245791246 0.01254208754208754 0.01262626262626263 0.01271043771043771 0.01279461279461279 0.01287878787878788 0.01296296296296296 0.01304713804713805 0.01313131313131313 0.01321548821548822 0.0132996632996633 0.01338383838383838 0.01346801346801347 0.01355218855218855 0.01363636363636364 0.01372053872053872 0.0138047138047138 0.01388888888888889 0.01397306397306397 0.01405723905723906 0.01414141414141414 0.01422558922558922 0.01430976430976431 0.01439393939393939 0.01447811447811448 0.01456228956228956 0.01464646464646465 0.01473063973063973 0.01481481481481482 0.0148989898989899 0.01498316498316498 0.01506734006734007 0.01515151515151515 0.01523569023569024 0.01531986531986532 0.0154040404040404 0.01548821548821549 0.01557239057239057 0.01565656565656566 0.01574074074074074 0.01582491582491583 0.01590909090909091 0.01599326599326599 0.01607744107744108 0.01616161616161616 0.01624579124579124 0.01632996632996633 0.01641414141414142 0.0164983164983165 0.01658249158249158 0.01666666666666667


# name: y
# type: matrix
# rows: 100
# columns: 1
 470005.3701443307
 476693.2376729546
 483069.6979003256
 489142.1750798969
 494918.0934651214
 500404.8773094521
 505609.9508663419
 510540.7383892439
 515204.664131611
 519609.1523468962
 523761.6272885524
 527669.5132100327
 531340.2343647901
 534781.2150062774
 537999.8793879478
 541003.6517632541
 543799.9563856494
 546396.2175085867
 548799.8593855188
 551018.3062698989
 553058.9824151797
 554929.3120748146
 556636.7195022561
 558188.6289509576
 559592.4646743718
 560855.6509259518
 561985.6119591505
 562989.772027421
 563875.5553842162
 564650.3862829892
 565321.6889771927
 565896.88772028
 566383.4067657038
 566788.6703669173
 567120.1027773734
 567385.128250525
 567591.1710398252
 567745.6553987269
 567856.0055806832
 567929.6458391469
 567974.0004275712
 567996.4935994089
 568004.549608113
 568005.5927071365
 568007.0471499325
 568016.3371899538
 568040.8870806535
 568088.1210754844
 568165.4634278998
 568280.3383913523
 568440.1702192952
 568652.3831651814
 568924.4014824637
 569263.6494245953
 569677.5512450291
 570173.531197218
 570759.0135346152
 571441.4225106734
 572228.1823788458
 573126.7173925852
 574144.4518053448
 575288.8098705773
 576567.2158417359
 577987.0939722736
 579555.8685156433
 581280.9637252978
 583169.8038546904
 585229.8131572739
 587468.4158865013
 589893.0362958256
 592511.0986386999
 595330.0271685768
 598357.2461389097
 601600.1798031514
 605066.2524147548
 608762.8882271731
 612697.5114938592
 616877.5464682659
 621310.4174038464
 626003.5485540535
 630964.3641723404
 636200.2885121598
 641718.745826965
 647527.1603702088
 653632.956395344
 660043.558155824
 666766.3899051014
 673808.8758966294
 681178.440383861
 688882.5076202489
 696928.5018592464
 705323.8473543064
 714075.9683588817
 723192.2891264255
 732680.2339103906
 742547.2269642302
 752800.6925413972
 763448.0548953442
 774496.738279525
 785954.1669473918


# name: QUERY
# type: sq_string
# elements: 1
# length: 2
R4


# name: DATASIZE
# type: sq_string
# elements: 1
# length: 3
750


