# Created by Octave 3.8.2, Wed May 18 17:59:21 2016 CEST <Andrea@Andreas-MacBook-Pro.local>
# name: x
# type: matrix
# rows: 1
# columns: 100
 0.008333333333333333 0.008417508417508417 0.008501683501683501 0.008585858585858586 0.00867003367003367 0.008754208754208754 0.008838383838383838 0.008922558922558922 0.009006734006734006 0.00909090909090909 0.009175084175084175 0.009259259259259259 0.009343434343434343 0.009427609427609427 0.009511784511784511 0.009595959595959595 0.009680134680134679 0.009764309764309764 0.009848484848484848 0.009932659932659932 0.01001683501683502 0.0101010101010101 0.01018518518518519 0.01026936026936027 0.01035353535353535 0.01043771043771044 0.01052188552188552 0.01060606060606061 0.01069023569023569 0.01077441077441077 0.01085858585858586 0.01094276094276094 0.01102693602693603 0.01111111111111111 0.0111952861952862 0.01127946127946128 0.01136363636363636 0.01144781144781145 0.01153198653198653 0.01161616161616162 0.0117003367003367 0.01178451178451178 0.01186868686868687 0.01195286195286195 0.01203703703703704 0.01212121212121212 0.01220538720538721 0.01228956228956229 0.01237373737373737 0.01245791245791246 0.01254208754208754 0.01262626262626263 0.01271043771043771 0.01279461279461279 0.01287878787878788 0.01296296296296296 0.01304713804713805 0.01313131313131313 0.01321548821548822 0.0132996632996633 0.01338383838383838 0.01346801346801347 0.01355218855218855 0.01363636363636364 0.01372053872053872 0.0138047138047138 0.01388888888888889 0.01397306397306397 0.01405723905723906 0.01414141414141414 0.01422558922558922 0.01430976430976431 0.01439393939393939 0.01447811447811448 0.01456228956228956 0.01464646464646465 0.01473063973063973 0.01481481481481482 0.0148989898989899 0.01498316498316498 0.01506734006734007 0.01515151515151515 0.01523569023569024 0.01531986531986532 0.0154040404040404 0.01548821548821549 0.01557239057239057 0.01565656565656566 0.01574074074074074 0.01582491582491583 0.01590909090909091 0.01599326599326599 0.01607744107744108 0.01616161616161616 0.01624579124579124 0.01632996632996633 0.01641414141414142 0.0164983164983165 0.01658249158249158 0.01666666666666667


# name: y
# type: matrix
# rows: 100
# columns: 1
 621058.2405492491
 616146.4626233963
 611350.4068047464
 606670.0730932992
 602105.4614890548
 597656.5719920131
 593323.4046021741
 589105.9593195379
 585004.2361441044
 581018.2350758737
 577147.9561148457
 573393.3992610205
 569754.5645143979
 566231.4518749781
 562824.0613427612
 559532.3929177469
 556356.4465999354
 553296.2223893265
 550351.7202859205
 547522.9402897172
 544809.8824007167
 542212.5466189189
 539730.9329443239
 537365.0413769315
 535114.8719167419
 532980.424563755
 530961.699317971
 529058.6961793897
 527271.4151480111
 525599.8562238353
 524044.0194068621
 522603.9046970918
 521279.5120945241
 520070.8415991593
 518977.8932109971
 518000.6669300378
 517139.1627562811
 516393.3806897272
 515763.3207303761
 515248.9828782277
 514850.367133282
 514567.4734955391
 514400.3019649989
 514348.8525416615
 514413.1252255268
 514593.1200165949
 514888.8369148656
 515300.2759203392
 515827.4370330155
 516470.3202528945
 517228.9255799763
 518103.2530142608
 519093.3025557481
 520199.0742044381
 521420.5679603309
 522757.7838234264
 524210.7217937246
 525779.3818712257
 527463.7640559294
 529263.8683478358
 531179.6947469451
 533211.2432532571
 535358.5138667717
 537621.5065874893
 540000.2214154095
 542494.6583505324
 545104.8173928581
 547830.6985423865
 550672.3017991177
 553629.6271630516
 556702.6746341883
 559891.4442125277
 563195.9358980699
 566616.1496908148
 570152.0855907626
 573803.7435979128
 577571.123712266
 581454.2259338219
 585453.0502625805
 589567.5966985418
 593797.865241706
 598143.8558920729
 602605.5686496424
 607183.0035144148
 611876.1604863899
 616685.0395655677
 621609.6407519481
 626649.9640455317
 631806.0094463178
 637077.7769543065
 642465.2665694981
 647968.4782918922
 653587.4121214895
 659322.0680582891
 665172.4461022916
 671138.546253497
 677220.3685119052
 683417.9128775158
 689731.1793503294
 696160.1679303459


# name: QUERY
# type: sq_string
# elements: 1
# length: 2
R4


# name: DATASIZE
# type: sq_string
# elements: 1
# length: 3
750


