# Created by Octave 4.0.0, Mon May 23 13:37:58 2016 CEST <peter@Independence>
# name: x
# type: matrix
# rows: 1
# columns: 100
 0.008333333333333333 0.008417508417508417 0.008501683501683501 0.008585858585858586 0.00867003367003367 0.008754208754208754 0.008838383838383838 0.008922558922558922 0.009006734006734006 0.00909090909090909 0.009175084175084175 0.009259259259259259 0.009343434343434343 0.009427609427609427 0.009511784511784511 0.009595959595959595 0.009680134680134679 0.009764309764309764 0.009848484848484848 0.009932659932659932 0.01001683501683502 0.0101010101010101 0.01018518518518519 0.01026936026936027 0.01035353535353535 0.01043771043771044 0.01052188552188552 0.01060606060606061 0.01069023569023569 0.01077441077441077 0.01085858585858586 0.01094276094276094 0.01102693602693603 0.01111111111111111 0.0111952861952862 0.01127946127946128 0.01136363636363636 0.01144781144781145 0.01153198653198653 0.01161616161616162 0.0117003367003367 0.01178451178451178 0.01186868686868687 0.01195286195286195 0.01203703703703704 0.01212121212121212 0.01220538720538721 0.01228956228956229 0.01237373737373737 0.01245791245791246 0.01254208754208754 0.01262626262626263 0.01271043771043771 0.01279461279461279 0.01287878787878788 0.01296296296296296 0.01304713804713805 0.01313131313131313 0.01321548821548822 0.0132996632996633 0.01338383838383838 0.01346801346801347 0.01355218855218855 0.01363636363636364 0.01372053872053872 0.0138047138047138 0.01388888888888889 0.01397306397306397 0.01405723905723906 0.01414141414141414 0.01422558922558922 0.01430976430976431 0.01439393939393939 0.01447811447811448 0.01456228956228956 0.01464646464646465 0.01473063973063973 0.01481481481481482 0.0148989898989899 0.01498316498316498 0.01506734006734007 0.01515151515151515 0.01523569023569024 0.01531986531986532 0.0154040404040404 0.01548821548821549 0.01557239057239057 0.01565656565656566 0.01574074074074074 0.01582491582491583 0.01590909090909091 0.01599326599326599 0.01607744107744108 0.01616161616161616 0.01624579124579124 0.01632996632996633 0.01641414141414142 0.0164983164983165 0.01658249158249158 0.01666666666666667


# name: y
# type: matrix
# rows: 100
# columns: 1
 640247.2277836748
 635162.8632683065
 630198.2870219498
 625353.499044604
 620628.4993362696
 616023.2878969461
 611537.864726634
 607172.229825333
 602926.3831930432
 598800.3248297647
 594794.0547354972
 590907.572910241
 587140.8793539959
 583493.974066762
 579966.8570485394
 576559.5282993279
 573271.9878191276
 570104.2356079385
 567056.2716657607
 564128.0959925939
 561319.7085884385
 558631.109453294
 556062.2985871609
 553613.2759900389
 551284.0416619282
 549074.5956028285
 546984.9378127401
 545015.068291663
 543164.9870395969
 541434.694056542
 539824.1893424984
 538333.4728974659
 536962.5447214446
 535711.4048144346
 534580.0531764356
 533568.489807448
 532676.7147074714
 531904.727876506
 531252.529314552
 530720.119021609
 530307.4969976773
 530014.6632427566
 529841.6177568472
 529788.360539949
 529854.891592062
 530041.2109131862
 530347.3185033215
 530773.2143624681
 531318.8984906258
 531984.3708877948
 532769.6315539748
 533674.6804891662
 534699.5176933686
 535844.1431665823
 537108.5569088071
 538492.7589200432
 539996.7492002904
 541620.5277495489
 543364.0945678185
 545227.4496550992
 547210.5930113912
 549313.5246366943
 551536.2445310088
 553878.7526943344
 556341.049126671
 558923.133828019
 561625.0067983781
 564446.6680377484
 567388.1175461299
 570449.3553235226
 573630.3813699264
 576931.1956853415
 580351.7982697678
 583892.1891232051
 587552.3682456538
 591332.3356371137
 595232.0912975846
 599251.6352270668
 603390.9674255602
 607650.0878930647
 612028.9966295806
 616527.6936351074
 621146.1789096455
 625884.4524531949
 630742.5142657553
 635720.364347327
 640818.0026979097
 646035.4293175039
 651372.6442061092
 656829.6473637256
 662406.4387903532
 668103.0184859921
 673919.386450642
 679855.5426843031
 685911.4871869755
 692087.2199586591
 698382.740999354
 704798.0503090599
 711333.147887777
 717988.0337355053


# name: QUERY
# type: sq_string
# elements: 1
# length: 2
R4


# name: DATASIZE
# type: sq_string
# elements: 1
# length: 3
750


