# Created by Octave 3.8.2, Mon May 23 11:35:21 2016 CEST <Andrea@Andreas-MacBook-Pro.local>
# name: x
# type: matrix
# rows: 1
# columns: 100
 60 60.60606060606061 61.21212121212121 61.81818181818182 62.42424242424242 63.03030303030303 63.63636363636364 64.24242424242425 64.84848484848484 65.45454545454545 66.06060606060606 66.66666666666667 67.27272727272728 67.87878787878788 68.48484848484848 69.09090909090909 69.6969696969697 70.3030303030303 70.90909090909091 71.51515151515152 72.12121212121212 72.72727272727272 73.33333333333333 73.93939393939394 74.54545454545455 75.15151515151516 75.75757575757575 76.36363636363636 76.96969696969697 77.57575757575758 78.18181818181819 78.78787878787878 79.39393939393939 80 80.60606060606061 81.2121212121212 81.81818181818181 82.42424242424242 83.03030303030303 83.63636363636364 84.24242424242424 84.84848484848484 85.45454545454545 86.06060606060606 86.66666666666667 87.27272727272727 87.87878787878788 88.48484848484848 89.09090909090909 89.69696969696969 90.3030303030303 90.90909090909091 91.51515151515152 92.12121212121211 92.72727272727272 93.33333333333333 93.93939393939394 94.54545454545455 95.15151515151514 95.75757575757575 96.36363636363636 96.96969696969697 97.57575757575758 98.18181818181817 98.78787878787878 99.39393939393939 100 100.6060606060606 101.2121212121212 101.8181818181818 102.4242424242424 103.030303030303 103.6363636363636 104.2424242424242 104.8484848484848 105.4545454545454 106.060606060606 106.6666666666667 107.2727272727273 107.8787878787879 108.4848484848485 109.0909090909091 109.6969696969697 110.3030303030303 110.9090909090909 111.5151515151515 112.1212121212121 112.7272727272727 113.3333333333333 113.9393939393939 114.5454545454545 115.1515151515151 115.7575757575758 116.3636363636364 116.969696969697 117.5757575757576 118.1818181818182 118.7878787878788 119.3939393939394 120


# name: y
# type: matrix
# rows: 100
# columns: 1
 54499.44677279079
 54554.5545080572
 54608.56771617362
 54661.4382136303
 54713.11839280553
 54763.56128641285
 54812.72063163364
 54860.5509338199
 54907.00752965156
 54952.04664963244
 54995.62547981001
 55037.70222260398
 55078.23615662969
 55117.18769540409
 55154.51844482232
 55190.19125929571
 55224.17029644287
 55256.42107022848
 55286.91050244629
 55315.60697244608
 55342.48036500599
 55367.50211625663
 55390.64525756486
 55411.88445728998
 55431.19606032841
 55448.55812536669
 55463.95045976766
 55477.35465201779
 55488.75410166971
 55498.13404671743
 55505.48158834726
 55510.78571301258
 55514.03731178529
 55515.22919694262
 55514.35611575286
 55511.41476142939
 55506.40378122799
 55499.32378166763
 55490.17733086129
 55478.96895794843
 55465.7051496269
 55450.39434378769
 55433.04692026172
 55413.67518869355
 55392.29337356264
 55368.9175963786
 55343.56585508192
 55316.25800068815
 55287.01571121783
 55255.86246296071
 55222.82349912744
 55187.92579594739
 55151.19802627583
 55112.67052077892
 55072.37522676916
 55030.3456647688
 54986.61688288271
 54941.22540906651
 54894.20920137924
 54845.60759631428
 54795.46125530453
 54743.81210950248
 54690.70330293731
 54636.17913415509
 54580.28499644992
 54523.0673167965
 54464.57349359606
 54404.85183335021
 54343.95148637763
 54281.92238169041
 54218.8151611479
 54154.68111300586
 54089.57210497973
 54023.54051694072
 53956.63917336352
 53888.92127564333
 53820.44033440022
 53751.2501018874
 53681.40450461833
 53610.95757632745
 53539.96339137647
 53468.47599871671
 53396.54935651603
 53324.23726755648
 53251.59331550592
 53178.6708021645
 53105.5226857841
 53032.20152055479
 52958.75939735037
 52885.24788582046
 52811.71797791378
 52738.22003291269
 52664.80372405615
 52591.51798682328
 52518.41096894609
 52445.52998221578
 52372.92145614231
 52300.63089352261
 52228.70282796884
 52157.18078344275


# name: TRAIN_QUERIES
# type: cell
# rows: 1
# columns: 2
# name: <cell-element>
# type: sq_string
# elements: 1
# length: 2
R2



# name: <cell-element>
# type: sq_string
# elements: 1
# length: 2
R5





# name: TEST_QUERIES
# type: cell
# rows: 1
# columns: 1
# name: <cell-element>
# type: sq_string
# elements: 1
# length: 2
R3





# name: DATASIZE
# type: sq_string
# elements: 1
# length: 3
500


