# Created by Octave 3.8.2, Mon May 23 11:35:21 2016 CEST <Andrea@Andreas-MacBook-Pro.local>
# name: x
# type: matrix
# rows: 1
# columns: 100
 60 60.60606060606061 61.21212121212121 61.81818181818182 62.42424242424242 63.03030303030303 63.63636363636364 64.24242424242425 64.84848484848484 65.45454545454545 66.06060606060606 66.66666666666667 67.27272727272728 67.87878787878788 68.48484848484848 69.09090909090909 69.6969696969697 70.3030303030303 70.90909090909091 71.51515151515152 72.12121212121212 72.72727272727272 73.33333333333333 73.93939393939394 74.54545454545455 75.15151515151516 75.75757575757575 76.36363636363636 76.96969696969697 77.57575757575758 78.18181818181819 78.78787878787878 79.39393939393939 80 80.60606060606061 81.2121212121212 81.81818181818181 82.42424242424242 83.03030303030303 83.63636363636364 84.24242424242424 84.84848484848484 85.45454545454545 86.06060606060606 86.66666666666667 87.27272727272727 87.87878787878788 88.48484848484848 89.09090909090909 89.69696969696969 90.3030303030303 90.90909090909091 91.51515151515152 92.12121212121211 92.72727272727272 93.33333333333333 93.93939393939394 94.54545454545455 95.15151515151514 95.75757575757575 96.36363636363636 96.96969696969697 97.57575757575758 98.18181818181817 98.78787878787878 99.39393939393939 100 100.6060606060606 101.2121212121212 101.8181818181818 102.4242424242424 103.030303030303 103.6363636363636 104.2424242424242 104.8484848484848 105.4545454545454 106.060606060606 106.6666666666667 107.2727272727273 107.8787878787879 108.4848484848485 109.0909090909091 109.6969696969697 110.3030303030303 110.9090909090909 111.5151515151515 112.1212121212121 112.7272727272727 113.3333333333333 113.9393939393939 114.5454545454545 115.1515151515151 115.7575757575758 116.3636363636364 116.969696969697 117.5757575757576 118.1818181818182 118.7878787878788 119.3939393939394 120


# name: y
# type: matrix
# rows: 1
# columns: 100
 142256.8144738011 142270.1320757553 142283.4496777095 142296.7672796638 142310.084881618 142323.4024835722 142336.7200855265 142350.0376874807 142363.3552894349 142376.6728913892 142389.9904933434 142403.3080952976 142416.6256972518 142429.9432992061 142443.2609011603 142456.5785031145 142469.8961050688 142483.213707023 142496.5313089773 142509.8489109315 142523.1665128857 142536.48411484 142549.8017167942 142563.1193187484 142576.4369207027 142589.7545226569 142603.0721246111 142616.3897265654 142629.7073285196 142643.0249304738 142656.3425324281 142669.6601343823 142682.9777363365 142696.2953382908 142709.612940245 142722.9305421992 142736.2481441535 142749.5657461077 142762.8833480619 142776.2009500162 142789.5185519704 142802.8361539246 142816.1537558789 142829.4713578331 142842.7889597873 142856.1065617416 142869.4241636958 142882.74176565 142896.0593676043 142909.3769695585 142922.6945715127 142936.012173467 142949.3297754212 142962.6473773754 142975.9649793297 142989.2825812839 143002.6001832381 143015.9177851924 143029.2353871466 143042.5529891008 143055.8705910551 143069.1881930093 143082.5057949635 143095.8233969178 143109.140998872 143122.4586008262 143135.7762027805 143149.0938047347 143162.4114066889 143175.7290086432 143189.0466105974 143202.3642125516 143215.6818145059 143228.9994164601 143242.3170184143 143255.6346203686 143268.9522223228 143282.269824277 143295.5874262313 143308.9050281855 143322.2226301397 143335.540232094 143348.8578340482 143362.1754360024 143375.4930379567 143388.8106399109 143402.1282418651 143415.4458438194 143428.7634457736 143442.0810477278 143455.3986496821 143468.7162516363 143482.0338535905 143495.3514555448 143508.669057499 143521.9866594533 143535.3042614075 143548.6218633617 143561.9394653159 143575.2570672702


# name: TRAIN_QUERIES
# type: cell
# rows: 1
# columns: 2
# name: <cell-element>
# type: sq_string
# elements: 1
# length: 2
R2



# name: <cell-element>
# type: sq_string
# elements: 1
# length: 2
R5





# name: TEST_QUERIES
# type: cell
# rows: 1
# columns: 1
# name: <cell-element>
# type: sq_string
# elements: 1
# length: 2
R3





# name: DATASIZE
# type: sq_string
# elements: 1
# length: 3
500


