# Created by Octave 3.8.2, Mon May 23 11:35:21 2016 CEST <Andrea@Andreas-MacBook-Pro.local>
# name: x
# type: matrix
# rows: 1
# columns: 100
 60 60.60606060606061 61.21212121212121 61.81818181818182 62.42424242424242 63.03030303030303 63.63636363636364 64.24242424242425 64.84848484848484 65.45454545454545 66.06060606060606 66.66666666666667 67.27272727272728 67.87878787878788 68.48484848484848 69.09090909090909 69.6969696969697 70.3030303030303 70.90909090909091 71.51515151515152 72.12121212121212 72.72727272727272 73.33333333333333 73.93939393939394 74.54545454545455 75.15151515151516 75.75757575757575 76.36363636363636 76.96969696969697 77.57575757575758 78.18181818181819 78.78787878787878 79.39393939393939 80 80.60606060606061 81.2121212121212 81.81818181818181 82.42424242424242 83.03030303030303 83.63636363636364 84.24242424242424 84.84848484848484 85.45454545454545 86.06060606060606 86.66666666666667 87.27272727272727 87.87878787878788 88.48484848484848 89.09090909090909 89.69696969696969 90.3030303030303 90.90909090909091 91.51515151515152 92.12121212121211 92.72727272727272 93.33333333333333 93.93939393939394 94.54545454545455 95.15151515151514 95.75757575757575 96.36363636363636 96.96969696969697 97.57575757575758 98.18181818181817 98.78787878787878 99.39393939393939 100 100.6060606060606 101.2121212121212 101.8181818181818 102.4242424242424 103.030303030303 103.6363636363636 104.2424242424242 104.8484848484848 105.4545454545454 106.060606060606 106.6666666666667 107.2727272727273 107.8787878787879 108.4848484848485 109.0909090909091 109.6969696969697 110.3030303030303 110.9090909090909 111.5151515151515 112.1212121212121 112.7272727272727 113.3333333333333 113.9393939393939 114.5454545454545 115.1515151515151 115.7575757575758 116.3636363636364 116.969696969697 117.5757575757576 118.1818181818182 118.7878787878788 119.3939393939394 120


# name: y
# type: matrix
# rows: 100
# columns: 1
 98240.73346020663
 98233.64414956092
 98226.55483891514
 98219.46552826944
 98212.37621762372
 98205.28690697791
 98198.19759633223
 98191.10828568629
 98184.01897504064
 98176.92966439479
 98169.84035374915
 98162.75104310329
 98155.66173245764
 98148.57242181178
 98141.48311116602
 98134.39380052022
 98127.30448987451
 98120.21517922872
 98113.1258685831
 98106.03655793724
 98098.94724729143
 98091.85793664574
 98084.76862599989
 98077.67931535421
 98070.59000470846
 98063.50069406268
 98056.41138341693
 98049.32207277115
 98042.23276212538
 98035.14345147961
 98028.05414083389
 98020.96483018808
 98013.87551954237
 98006.78620889655
 97999.6968982508
 97992.60758760505
 97985.51827695929
 97978.42896631357
 97971.33965566776
 97964.250345022
 97957.16103437624
 97950.07172373048
 97942.98241308471
 97935.89310243895
 97928.80379179321
 97921.71448114744
 97914.62517050168
 97907.53585985593
 97900.44654921014
 97893.35723856439
 97886.26792791864
 97879.17861727288
 97872.08930662711
 97864.99999598134
 97857.91068533559
 97850.82137468983
 97843.73206404404
 97836.64275339832
 97829.55344275254
 97822.46413210675
 97815.37482146104
 97808.28551081524
 97801.19620016949
 97794.10688952373
 97787.01757887797
 97779.92826823219
 97772.83895758644
 97765.74964694071
 97758.66033629497
 97751.57102564911
 97744.48171500338
 97737.39240435764
 97730.30309371187
 97723.21378306611
 97716.12447242039
 97709.03516177455
 97701.94585112884
 97694.8565404831
 97687.76722983734
 97680.67791919163
 97673.58860854575
 97666.49929789995
 97659.40998725426
 97652.32067660848
 97645.23136596277
 97638.14205531696
 97631.05274467118
 97623.96343402549
 97616.8741233797
 97609.78481273397
 97602.69550208817
 97595.60619144241
 97588.51688079661
 97581.42757015079
 97574.33825950505
 97567.24894885931
 97560.15963821363
 97553.07032756784
 97545.98101692222
 97538.89170627634


# name: TRAIN_QUERIES
# type: cell
# rows: 1
# columns: 2
# name: <cell-element>
# type: sq_string
# elements: 1
# length: 2
R2



# name: <cell-element>
# type: sq_string
# elements: 1
# length: 2
R5





# name: TEST_QUERIES
# type: cell
# rows: 1
# columns: 1
# name: <cell-element>
# type: sq_string
# elements: 1
# length: 2
R3





# name: DATASIZE
# type: sq_string
# elements: 1
# length: 3
500


