# Created by Octave 3.8.2, Mon May 23 11:35:21 2016 CEST <Andrea@Andreas-MacBook-Pro.local>
# name: SVs
# type: cell
# rows: 1
# columns: 7
# name: <cell-element>
# type: sparse matrix
# nnz: 56
# rows: 8
# columns: 7
1 1 0.968378241141289
2 1 0.8346521153127562
3 1 0.7704859910283475
4 1 0.7994868375935715
5 1 0.8679960838273615
6 1 0.8284176338047732
7 1 1.025329178961403
8 1 1.383006286599165
1 2 0.3940759588402998
2 2 0.3102557229165828
3 2 0.1509297636618362
4 2 0.1553357446938586
5 2 0.4284355044690554
6 2 0.2391915127226726
7 2 0.4284355044690554
8 2 0.4439275022913278
1 3 1.121051777280485
2 3 1.262681501680579
3 3 1.275178242068822
4 3 1.243704969979913
5 3 1.246019181162921
6 3 1.356175633474105
7 3 1.302023091791716
8 3 1.275178242068822
1 4 0.8382621337741005
2 4 1.020767311118865
3 4 1.013747881220989
4 4 1.143607334331687
5 4 0.9619795857241573
6 4 1.069903320403994
7 4 0.9619795857241573
8 4 0.9545214414576645
1 5 0.7400195617841655
2 5 0.7353601205413669
3 5 0.2066178553324355
4 5 0.1252514933313241
5 5 0.6076775217088536
6 5 0.4485610804622359
7 5 0.8131797436860195
8 5 0.02907228081206168
1 6 -0.4355700892083139
2 6 -0.4362593770285059
3 6 -0.4929400447042931
4 6 -0.502423433175506
5 6 -0.4282075863376918
6 6 -0.4700269056264825
7 6 -0.4282075863376918
8 6 -0.5155729238991684
1 7 -0.51806654555573
2 7 -0.51806654555573
3 7 -1.519661866963475
4 7 1.485124097259761
5 7 -0.51806654555573
6 7 0.4835287758520153
7 7 -0.51806654555573
8 7 -1.519661866963475



# name: <cell-element>
# type: sparse matrix
# nnz: 35
# rows: 5
# columns: 7
1 1 -1.150925169448775
2 1 -1.096425994019441
3 1 0.8679960838273615
4 1 -0.8229494119164593
5 1 -1.141188170239678
1 2 -1.14009374293093
2 2 -1.13483499137658
3 2 0.4284355044690554
4 2 -0.8521060311201086
5 2 -1.160169382310709
1 3 -0.9992285085915148
2 3 0.8993503459483109
3 3 1.246019181162921
4 3 -0.7284658001795699
5 3 -1.000154193064718
1 4 -1.174120675073099
2 4 2.309710126116265
3 4 0.9619795857241573
4 4 -0.7634840260473789
5 4 -1.17236581759863
1 5 -1.074450310840618
2 5 -1.047050014576996
3 5 0.6076775217088536
4 5 -0.6345156048414466
5 5 -1.197125748934601
1 6 -0.6348727389323969
2 6 -0.6164437579815496
3 6 -0.4282075863376918
4 6 -0.5885541123337815
5 6 -0.6486660699276673
1 7 0.4835287758520153
2 7 0.4835287758520153
3 7 -0.51806654555573
4 7 0.4835287758520153
5 7 -1.519661866963475



# name: <cell-element>
# type: sparse matrix
# nnz: 35
# rows: 5
# columns: 7
1 1 -1.171379872823281
2 1 -1.096425994019441
3 1 0.8679960838273615
4 1 -0.8229494119164593
5 1 1.117375344146679
1 2 -1.195026377410822
2 2 -1.13483499137658
3 2 0.4284355044690554
4 2 -0.8521060311201086
5 2 0.4884847620829094
1 3 -0.8765753158920867
2 3 0.8993503459483109
3 3 1.246019181162921
4 3 -0.7284658001795699
5 3 1.318685412309374
1 4 -1.067951797867731
2 4 2.309710126116265
3 4 0.9619795857241573
4 4 -0.7634840260473789
5 4 0.9768958742571429
1 5 -1.26500059450134
2 5 -1.047050014576996
3 5 0.6076775217088536
4 5 -0.6345156048414466
5 5 0.8696493897927737
1 6 -0.6566724130698973
2 6 -0.6164437579815496
3 6 -0.4282075863376918
4 6 -0.5885541123337815
5 6 -0.424473312762366
1 7 -1.519661866963475
2 7 0.4835287758520153
3 7 -0.51806654555573
4 7 0.4835287758520153
5 7 -1.519661866963475



# name: <cell-element>
# type: sparse matrix
# nnz: 49
# rows: 7
# columns: 7
1 1 -1.150925169448775
2 1 -1.171379872823281
3 1 -1.096425994019441
4 1 0.8679960838273615
5 1 -0.8229494119164593
6 1 -1.146091695021238
7 1 1.024488574713135
1 2 -1.14009374293093
2 2 -1.195026377410822
3 2 -1.13483499137658
4 2 0.4284355044690554
5 2 -0.8521060311201086
6 2 -1.176300958024727
7 2 0.5055046404243509
1 3 -0.9992285085915148
2 3 -0.8765753158920867
3 3 0.8993503459483109
4 3 1.246019181162921
5 3 -0.7284658001795699
6 3 -0.9362819644136952
7 3 1.224728438279246
1 4 -1.174120675073099
2 4 -1.067951797867731
3 4 2.309710126116265
4 4 0.9619795857241573
5 4 -0.7634840260473789
6 4 -1.153062385379472
7 4 0.933901866132655
1 5 -1.074450310840618
2 5 -1.26500059450134
3 5 -1.047050014576996
4 5 0.6076775217088536
5 5 -0.6345156048414466
6 5 -1.22125748193835
7 5 1.175503458237977
1 6 -0.6348727389323969
2 6 -0.6566724130698973
3 6 -0.6164437579815496
4 6 -0.4282075863376918
5 6 -0.5885541123337815
6 6 -0.652521536965884
7 6 -0.3899937725699053
1 7 0.4835287758520153
2 7 -1.519661866963475
3 7 0.4835287758520153
4 7 -0.51806654555573
5 7 0.4835287758520153
6 7 -0.51806654555573
7 7 1.485124097259761



# name: <cell-element>
# type: sparse matrix
# nnz: 49
# rows: 7
# columns: 7
1 1 -1.171379872823281
2 1 -1.096425994019441
3 1 0.8679960838273615
4 1 -0.8229494119164593
5 1 -1.08409713171152
6 1 0.9797964488469206
7 1 1.117375344146679
1 2 -1.195026377410822
2 2 -1.13483499137658
3 2 0.4284355044690554
4 2 -0.8521060311201086
5 2 -1.126271754048214
6 2 0.4126947819111043
7 2 0.4884847620829094
1 3 -0.8765753158920867
2 3 0.8993503459483109
3 3 1.246019181162921
4 3 -0.7284658001795699
5 3 -0.9413732290163129
6 3 1.268235608519798
7 3 1.318685412309374
1 4 -1.067951797867731
2 4 2.309710126116265
3 4 0.9619795857241573
4 4 -0.7634840260473789
5 4 -1.168856102649692
6 4 0.9466245828225545
7 4 0.9768958742571429
1 5 -1.26500059450134
2 5 -1.047050014576996
3 5 0.6076775217088536
4 5 -0.6345156048414466
5 5 -1.192744483288388
6 5 0.8868962767810435
7 5 0.8696493897927737
1 6 -0.6566724130698973
2 6 -0.6164437579815496
3 6 -0.4282075863376918
4 6 -0.5885541123337815
5 6 -0.6494235290707354
6 6 -0.4196331488381607
7 6 -0.424473312762366
1 7 -1.519661866963475
2 7 0.4835287758520153
3 7 -0.51806654555573
4 7 0.4835287758520153
5 7 -0.51806654555573
6 7 1.485124097259761
7 7 -1.519661866963475



# name: <cell-element>
# type: sparse matrix
# nnz: 35
# rows: 5
# columns: 7
1 1 -1.096425994019441
2 1 0.8679960838273615
3 1 -1.197228453457502
4 1 -1.223217134799768
5 1 1.024488574713135
1 2 -1.13483499137658
2 2 0.4284355044690554
3 2 -1.207213889459078
4 2 -1.238588738259689
5 2 0.5055046404243509
1 3 0.8993503459483109
2 3 1.246019181162921
3 3 -0.9534071271679548
4 3 -1.060323683822928
5 3 1.224728438279246
1 4 2.309710126116265
2 4 0.9619795857241573
3 4 -1.171488388861396
4 4 -1.281166981015701
5 4 0.933901866132655
1 5 -1.047050014576996
2 5 0.6076775217088536
3 5 -1.276962145154495
4 5 -1.335726739933076
5 5 1.175503458237977
1 6 -0.6164437579815496
2 6 -0.4282075863376918
3 6 -0.6577328558701927
4 6 -0.6648832701807557
5 6 -0.3899937725699053
1 7 0.4835287758520153
2 7 -0.51806654555573
3 7 1.485124097259761
4 7 -1.519661866963475
5 7 1.485124097259761



# name: <cell-element>
# type: scalar
0





# name: coefficients
# type: cell
# rows: 1
# columns: 7
# name: <cell-element>
# type: matrix
# rows: 8
# columns: 1
 -1.561871173100493
 -1.500901139972554
 -0.5458128695783885
 -0.01488956010111161
 5
 -0.6663967768021061
 -0.5611147124565241
 -0.1490137679888229



# name: <cell-element>
# type: matrix
# rows: 5
# columns: 1
 -0.2327011902051961
 -0.04494285724646391
 0.6157899999999999
 -0.3289801746487084
 -0.00916577789963155



# name: <cell-element>
# type: matrix
# rows: 5
# columns: 1
 -0.02029785531115675
 -0.02356781038304704
 0.35789
 -0.2896427187899308
 -0.02438161551586546



# name: <cell-element>
# type: matrix
# rows: 7
# columns: 1
 -0.03048999404615698
 -0.006641035646748711
 -0.007841162837965961
 0.87368
 -0.8084696423533045
 -0.02344727435848074
 0.003209109242656845



# name: <cell-element>
# type: matrix
# rows: 7
# columns: 1
 -0.01085302730790522
 -0.002432514913218028
 1.9053
 -1.87420324407162
 -0.01451375459419795
 0.02412579843010391
 -0.0274232575431625



# name: <cell-element>
# type: matrix
# rows: 5
# columns: 1
 -0.01168931909301014
 0.1
 -0.04701524684039188
 -0.05359681001100346
 0.01230137594440548



# name: <cell-element>
# type: scalar
0





# name: b
# type: cell
# rows: 1
# columns: 7
# name: <cell-element>
# type: scalar
-0.2605791048520025



# name: <cell-element>
# type: scalar
-0.4551342120459938



