# Created by Octave 3.8.2, Mon May 23 11:35:14 2016 CEST <Andrea@Andreas-MacBook-Pro.local>
# name: mu
# type: matrix
# rows: 1
# columns: 8
 142923.6130268199 28198.969348659 47958.29885057471 3455.896551724138 4088.275862068966 21861.95785440613 90465.10344827586 90.34482758620689


# name: sigma
# type: matrix
# rows: 1
# columns: 8
 172837.4730677518 14275.44534153162 28143.56192157315 2160.563407830767 2279.387390825346 14379.40656587324 132020.3220400063 19.96814439177885


