# Created by Octave 3.8.2, Mon May 23 11:35:21 2016 CEST <Andrea@Andreas-MacBook-Pro.local>
# name: x
# type: matrix
# rows: 1
# columns: 100
 60 60.60606060606061 61.21212121212121 61.81818181818182 62.42424242424242 63.03030303030303 63.63636363636364 64.24242424242425 64.84848484848484 65.45454545454545 66.06060606060606 66.66666666666667 67.27272727272728 67.87878787878788 68.48484848484848 69.09090909090909 69.6969696969697 70.3030303030303 70.90909090909091 71.51515151515152 72.12121212121212 72.72727272727272 73.33333333333333 73.93939393939394 74.54545454545455 75.15151515151516 75.75757575757575 76.36363636363636 76.96969696969697 77.57575757575758 78.18181818181819 78.78787878787878 79.39393939393939 80 80.60606060606061 81.2121212121212 81.81818181818181 82.42424242424242 83.03030303030303 83.63636363636364 84.24242424242424 84.84848484848484 85.45454545454545 86.06060606060606 86.66666666666667 87.27272727272727 87.87878787878788 88.48484848484848 89.09090909090909 89.69696969696969 90.3030303030303 90.90909090909091 91.51515151515152 92.12121212121211 92.72727272727272 93.33333333333333 93.93939393939394 94.54545454545455 95.15151515151514 95.75757575757575 96.36363636363636 96.96969696969697 97.57575757575758 98.18181818181817 98.78787878787878 99.39393939393939 100 100.6060606060606 101.2121212121212 101.8181818181818 102.4242424242424 103.030303030303 103.6363636363636 104.2424242424242 104.8484848484848 105.4545454545454 106.060606060606 106.6666666666667 107.2727272727273 107.8787878787879 108.4848484848485 109.0909090909091 109.6969696969697 110.3030303030303 110.9090909090909 111.5151515151515 112.1212121212121 112.7272727272727 113.3333333333333 113.9393939393939 114.5454545454545 115.1515151515151 115.7575757575758 116.3636363636364 116.969696969697 117.5757575757576 118.1818181818182 118.7878787878788 119.3939393939394 120


# name: y
# type: matrix
# rows: 100
# columns: 1
 64277.9197624966
 64277.1860317619
 64276.46710324724
 64275.76297695261
 64275.07365287803
 64274.39913102349
 64273.73941138897
 64273.09449397451
 64272.46437878007
 64271.84906580568
 64271.24855505134
 64270.66284651702
 64270.09194020275
 64269.53583610852
 64268.99453423433
 64268.46803458018
 64267.95633714605
 64267.45944193198
 64266.97734893794
 64266.51005816394
 64266.05756960998
 64265.61988327607
 64265.19699916219
 64264.78891726835
 64264.39563759454
 64264.01716014079
 64263.65348490706
 64263.30461189339
 64262.97054109973
 64262.65127252614
 64262.34680617257
 64262.05714203903
 64261.78228012555
 64261.5222204321
 64261.2769629587
 64261.04650770532
 64260.83085467199
 64260.63000385871
 64260.44395526545
 64260.27270889224
 64260.11626473906
 64259.97462280594
 64259.84778309285
 64259.73574559978
 64259.63851032677
 64259.55607727378
 64259.48844644085
 64259.43561782796
 64259.3975914351
 64259.37436726228
 64259.36594530949
 64259.37232557675
 64259.39350806405
 64259.42949277138
 64259.48027969875
 64259.54586884618
 64259.62626021363
 64259.72145380113
 64259.83144960865
 64259.95624763623
 64260.09584788384
 64260.2502503515
 64260.41945503918
 64260.60346194691
 64260.80227107469
 64261.01588242249
 64261.24429599033
 64261.48751177822
 64261.74552978615
 64262.01835001411
 64262.30597246211
 64262.60839713016
 64262.92562401824
 64263.25765312636
 64263.60448445451
 64263.96611800272
 64264.34255377096
 64264.73379175924
 64265.13983196756
 64265.56067439591
 64265.99631904431
 64266.44676591274
 64266.91201500122
 64267.39206630972
 64267.88691983829
 64268.39657558688
 64268.92103355551
 64269.46029374418
 64270.0143561529
 64270.58322078164
 64271.16688763043
 64271.76535669925
 64272.37862798813
 64273.00670149703
 64273.64957722598
 64274.30725517495
 64274.97973534398
 64275.66701773305
 64276.36910234214
 64277.08598917129


# name: TRAIN_QUERIES
# type: cell
# rows: 1
# columns: 2
# name: <cell-element>
# type: sq_string
# elements: 1
# length: 2
R2



# name: <cell-element>
# type: sq_string
# elements: 1
# length: 2
R5





# name: TEST_QUERIES
# type: cell
# rows: 1
# columns: 1
# name: <cell-element>
# type: sq_string
# elements: 1
# length: 2
R3





# name: DATASIZE
# type: sq_string
# elements: 1
# length: 3
500


