# Created by Octave 3.8.2, Mon May 23 11:35:21 2016 CEST <Andrea@Andreas-MacBook-Pro.local>
# name: x
# type: matrix
# rows: 1
# columns: 100
 60 60.60606060606061 61.21212121212121 61.81818181818182 62.42424242424242 63.03030303030303 63.63636363636364 64.24242424242425 64.84848484848484 65.45454545454545 66.06060606060606 66.66666666666667 67.27272727272728 67.87878787878788 68.48484848484848 69.09090909090909 69.6969696969697 70.3030303030303 70.90909090909091 71.51515151515152 72.12121212121212 72.72727272727272 73.33333333333333 73.93939393939394 74.54545454545455 75.15151515151516 75.75757575757575 76.36363636363636 76.96969696969697 77.57575757575758 78.18181818181819 78.78787878787878 79.39393939393939 80 80.60606060606061 81.2121212121212 81.81818181818181 82.42424242424242 83.03030303030303 83.63636363636364 84.24242424242424 84.84848484848484 85.45454545454545 86.06060606060606 86.66666666666667 87.27272727272727 87.87878787878788 88.48484848484848 89.09090909090909 89.69696969696969 90.3030303030303 90.90909090909091 91.51515151515152 92.12121212121211 92.72727272727272 93.33333333333333 93.93939393939394 94.54545454545455 95.15151515151514 95.75757575757575 96.36363636363636 96.96969696969697 97.57575757575758 98.18181818181817 98.78787878787878 99.39393939393939 100 100.6060606060606 101.2121212121212 101.8181818181818 102.4242424242424 103.030303030303 103.6363636363636 104.2424242424242 104.8484848484848 105.4545454545454 106.060606060606 106.6666666666667 107.2727272727273 107.8787878787879 108.4848484848485 109.0909090909091 109.6969696969697 110.3030303030303 110.9090909090909 111.5151515151515 112.1212121212121 112.7272727272727 113.3333333333333 113.9393939393939 114.5454545454545 115.1515151515151 115.7575757575758 116.3636363636364 116.969696969697 117.5757575757576 118.1818181818182 118.7878787878788 119.3939393939394 120


# name: y
# type: matrix
# rows: 100
# columns: 1
 56120.91938403835
 56121.06370146565
 56121.1994601468
 56121.32700534882
 56121.44667523001
 56121.55880083972
 56121.66370611869
 56121.76170789872
 56121.85311590288
 56121.93823274539
 56122.01735393173
 56122.09076785854
 56122.15875581367
 56122.22159197615
 56122.27954341624
 56122.33287009543
 56122.38182486632
 56122.42665347275
 56122.46759454983
 56122.50487962378
 56122.53873311204
 56122.56937232328
 56122.59700745737
 56122.62184160532
 56122.6440707494
 56122.6638837631
 56122.68146241103
 56122.69698134903
 56122.71060812419
 56122.72250317478
 56122.73281983021
 56122.74170431116
 56122.74929572949
 56122.75572608825
 56122.76112028169
 56122.76559609527
 56122.76926420566
 56122.77222818069
 56122.77458447946
 56122.77642245218
 56122.77782434034
 56122.77886527659
 56122.77961328479
 56122.78012927998
 56122.78046706847
 56122.78067334766
 56122.78078770626
 56122.7808426241
 56122.78086347225
 56122.78086851297
 56122.78086889972
 56122.78086867718
 56122.78086478118
 56122.78084703878
 56122.7807981683
 56122.78069377913
 56122.780502372
 56122.78018533872
 56122.77969696239
 56122.77898441727
 56122.77798776879
 56122.77663997367
 56122.77486687973
 56122.77258722605
 56122.7697126429
 56122.76614765174
 56122.76178966525
 56122.75652898729
 56122.75024881291
 56122.7428252284
 56122.73412721122
 56122.72401663003
 56122.71234824472
 56122.69896970635
 56122.68372155719
 56122.66643723067
 56122.64694305153
 56122.62505823559
 56122.60059488995
 56122.57335801284
 56122.54314549379
 56122.50974811341
 56122.47294954362
 56122.43252634746
 56122.38824797924
 56122.33987678438
 56122.28716799957
 56122.22986975273
 56122.16772306287
 56122.10046184031
 56122.02781288649
 56121.94949589412
 56121.86522344704
 56121.77470102035
 56121.67762698029
 56121.5736925844
 56121.46258198129
 56121.34397221087
 56121.21753320422
 56121.08292778359


# name: TRAIN_QUERIES
# type: cell
# rows: 1
# columns: 2
# name: <cell-element>
# type: sq_string
# elements: 1
# length: 2
R2



# name: <cell-element>
# type: sq_string
# elements: 1
# length: 2
R5





# name: TEST_QUERIES
# type: cell
# rows: 1
# columns: 1
# name: <cell-element>
# type: sq_string
# elements: 1
# length: 2
R3





# name: DATASIZE
# type: sq_string
# elements: 1
# length: 3
500


