# Created by Octave 3.8.2, Mon May 23 11:35:21 2016 CEST <Andrea@Andreas-MacBook-Pro.local>
# name: x
# type: matrix
# rows: 1
# columns: 100
 60 60.60606060606061 61.21212121212121 61.81818181818182 62.42424242424242 63.03030303030303 63.63636363636364 64.24242424242425 64.84848484848484 65.45454545454545 66.06060606060606 66.66666666666667 67.27272727272728 67.87878787878788 68.48484848484848 69.09090909090909 69.6969696969697 70.3030303030303 70.90909090909091 71.51515151515152 72.12121212121212 72.72727272727272 73.33333333333333 73.93939393939394 74.54545454545455 75.15151515151516 75.75757575757575 76.36363636363636 76.96969696969697 77.57575757575758 78.18181818181819 78.78787878787878 79.39393939393939 80 80.60606060606061 81.2121212121212 81.81818181818181 82.42424242424242 83.03030303030303 83.63636363636364 84.24242424242424 84.84848484848484 85.45454545454545 86.06060606060606 86.66666666666667 87.27272727272727 87.87878787878788 88.48484848484848 89.09090909090909 89.69696969696969 90.3030303030303 90.90909090909091 91.51515151515152 92.12121212121211 92.72727272727272 93.33333333333333 93.93939393939394 94.54545454545455 95.15151515151514 95.75757575757575 96.36363636363636 96.96969696969697 97.57575757575758 98.18181818181817 98.78787878787878 99.39393939393939 100 100.6060606060606 101.2121212121212 101.8181818181818 102.4242424242424 103.030303030303 103.6363636363636 104.2424242424242 104.8484848484848 105.4545454545454 106.060606060606 106.6666666666667 107.2727272727273 107.8787878787879 108.4848484848485 109.0909090909091 109.6969696969697 110.3030303030303 110.9090909090909 111.5151515151515 112.1212121212121 112.7272727272727 113.3333333333333 113.9393939393939 114.5454545454545 115.1515151515151 115.7575757575758 116.3636363636364 116.969696969697 117.5757575757576 118.1818181818182 118.7878787878788 119.3939393939394 120


# name: y
# type: matrix
# rows: 100
# columns: 1
 62561.9442235038
 62569.38347016057
 62576.52559713894
 62583.37665958343
 62589.94271263863
 62596.22981144903
 62602.24401115917
 62607.99136691359
 62613.47793385683
 62618.70976713342
 62623.69292188789
 62628.43345326479
 62632.93741640865
 62637.210866464
 62641.25985857537
 62645.09044788731
 62648.70868954435
 62652.12063869101
 62655.33235047184
 62658.34988003138
 62661.17928251415
 62663.82661306468
 62666.29792682754
 62668.59927894724
 62670.73672456831
 62672.7163188353
 62674.54411689274
 62676.22617388515
 62677.76854495709
 62679.17728525307
 62680.45844991766
 62681.61809409535
 62682.66227293071
 62683.59704156825
 62684.42845515255
 62685.16256882809
 62685.80543773943
 62686.36311703111
 62686.84166184766
 62687.2471273336
 62687.5855686335
 62687.86304089185
 62688.08559925323
 62688.25929886215
 62688.39019486314
 62688.48434240076
 62688.54779661952
 62688.58661266396
 62688.60684567863
 62688.61455080805
 62688.61578319676
 62688.6165979893
 62688.62305033019
 62688.64119536399
 62688.67708823521
 62688.73678408841
 62688.82633806809
 62688.95180531881
 62689.11924098511
 62689.3347002115
 62689.60423814255
 62689.93390992277
 62690.3297706967
 62690.79787560887
 62691.34427980383
 62691.9750384261
 62692.69620662022
 62693.51383953074
 62694.43399230218
 62695.46272007907
 62696.60607800595
 62697.87012122734
 62699.26090488782
 62700.7844841319
 62702.44691410409
 62704.25424994895
 62706.21254681103
 62708.32785983484
 62710.60624416491
 62713.05375494579
 62715.67644732204
 62718.48037643814
 62721.47159743866
 62724.65616546813
 62728.04013567108
 62731.62956319205
 62735.43050317558
 62739.44901076618
 62743.69114110841
 62748.16294934681
 62752.87049062591
 62757.81982009023
 62763.0169928843
 62768.46806415268
 62774.17908903988
 62780.15612269047
 62786.40522024895
 62792.93243685988
 62799.74382766777
 62806.84544781719


# name: TRAIN_QUERIES
# type: cell
# rows: 1
# columns: 2
# name: <cell-element>
# type: sq_string
# elements: 1
# length: 2
R2



# name: <cell-element>
# type: sq_string
# elements: 1
# length: 2
R5





# name: TEST_QUERIES
# type: cell
# rows: 1
# columns: 1
# name: <cell-element>
# type: sq_string
# elements: 1
# length: 2
R3





# name: DATASIZE
# type: sq_string
# elements: 1
# length: 3
500


