# Created by Octave 3.8.2, Mon May 23 11:35:21 2016 CEST <Andrea@Andreas-MacBook-Pro.local>
# name: x
# type: matrix
# rows: 1
# columns: 100
 60 60.60606060606061 61.21212121212121 61.81818181818182 62.42424242424242 63.03030303030303 63.63636363636364 64.24242424242425 64.84848484848484 65.45454545454545 66.06060606060606 66.66666666666667 67.27272727272728 67.87878787878788 68.48484848484848 69.09090909090909 69.6969696969697 70.3030303030303 70.90909090909091 71.51515151515152 72.12121212121212 72.72727272727272 73.33333333333333 73.93939393939394 74.54545454545455 75.15151515151516 75.75757575757575 76.36363636363636 76.96969696969697 77.57575757575758 78.18181818181819 78.78787878787878 79.39393939393939 80 80.60606060606061 81.2121212121212 81.81818181818181 82.42424242424242 83.03030303030303 83.63636363636364 84.24242424242424 84.84848484848484 85.45454545454545 86.06060606060606 86.66666666666667 87.27272727272727 87.87878787878788 88.48484848484848 89.09090909090909 89.69696969696969 90.3030303030303 90.90909090909091 91.51515151515152 92.12121212121211 92.72727272727272 93.33333333333333 93.93939393939394 94.54545454545455 95.15151515151514 95.75757575757575 96.36363636363636 96.96969696969697 97.57575757575758 98.18181818181817 98.78787878787878 99.39393939393939 100 100.6060606060606 101.2121212121212 101.8181818181818 102.4242424242424 103.030303030303 103.6363636363636 104.2424242424242 104.8484848484848 105.4545454545454 106.060606060606 106.6666666666667 107.2727272727273 107.8787878787879 108.4848484848485 109.0909090909091 109.6969696969697 110.3030303030303 110.9090909090909 111.5151515151515 112.1212121212121 112.7272727272727 113.3333333333333 113.9393939393939 114.5454545454545 115.1515151515151 115.7575757575758 116.3636363636364 116.969696969697 117.5757575757576 118.1818181818182 118.7878787878788 119.3939393939394 120


# name: y
# type: matrix
# rows: 100
# columns: 1
 54201.97696983922
 54202.38953096131
 54202.76212801419
 54203.09791990137
 54203.3998744376
 54203.67077621559
 54203.91323430747
 54204.12968980076
 54204.32242316905
 54204.49356147725
 54204.64508542149
 54204.77883620364
 54204.89652224042
 54204.99972570725
 54205.08990891653
 54205.1684205307
 54205.23650160994
 54205.29529149432
 54205.34583352074
 54205.38908057443
 54205.42590047512
 54205.45708119772
 54205.48333592773
 54205.50530795132
 54205.5235753798
 54205.53865570904
 54205.55101021318
 54205.56104817329
 54205.56913094036
 54205.57557583314
 54205.58065987042
 54205.58462333813
 54205.58767319086
 54205.58998628816
 54205.59171246536
 54205.59297743911
 54205.59388554747
 54205.59452232462
 54205.59495691027
 54205.59524429357
 54205.59542739183
 54205.59553896367
 54205.59560335684
 54205.59563809079
 54205.59565527376
 54205.59566285442
 54205.59566570833
 54205.59566655886
 54205.59566673274
 54205.59566675042
 54205.59566675077
 54205.59566675061
 54205.59566673885
 54205.59566660512
 54205.59566590318
 54205.59566344882
 54205.59565675253
 54205.59564128664
 54205.59560958717
 54205.59555019035
 54205.59544640362
 54205.59527491138
 54205.59500421533
 54205.59459290943
 54205.59398778941
 54205.59312179704
 54205.59191179898
 54205.59025620016
 54205.58803239185
 54205.58509403447
 54205.58126817479
 54205.57635219794
 54205.5701106139
 54205.56227167882
 54205.55252385078
 54205.54051208014
 54205.52583393479
 54205.50803555964
 54205.4866074711
 54205.4609801859
 54205.43051968468
 54205.39452271027
 54205.35221190027
 54205.30273075479
 54205.24513843821
 54205.17840441606
 54205.10140292623
 54205.01290728492
 54204.91158402717
 54204.79598688209
 54204.66455058262
 54204.51558450989
 54204.34726617241
 54204.15763451961
 54203.94458309017
 54203.705852995
 54203.4390257347
 54203.14151585173
 54202.81056341725
 54202.44322635251


# name: TRAIN_QUERIES
# type: cell
# rows: 1
# columns: 2
# name: <cell-element>
# type: sq_string
# elements: 1
# length: 2
R2



# name: <cell-element>
# type: sq_string
# elements: 1
# length: 2
R5





# name: TEST_QUERIES
# type: cell
# rows: 1
# columns: 1
# name: <cell-element>
# type: sq_string
# elements: 1
# length: 2
R3





# name: DATASIZE
# type: sq_string
# elements: 1
# length: 3
500


