# Created by Octave 3.8.2, Mon May 23 11:06:47 2016 CEST <Andrea@Andreas-MacBook-Pro.local>
# name: x
# type: matrix
# rows: 1
# columns: 100
 60 60.60606060606061 61.21212121212122 61.81818181818182 62.42424242424242 63.03030303030303 63.63636363636364 64.24242424242425 64.84848484848484 65.45454545454545 66.06060606060606 66.66666666666667 67.27272727272728 67.87878787878788 68.48484848484848 69.09090909090909 69.6969696969697 70.30303030303031 70.90909090909091 71.51515151515152 72.12121212121212 72.72727272727273 73.33333333333333 73.93939393939394 74.54545454545455 75.15151515151516 75.75757575757575 76.36363636363636 76.96969696969697 77.57575757575758 78.18181818181819 78.78787878787878 79.39393939393939 80 80.60606060606061 81.21212121212122 81.81818181818183 82.42424242424242 83.03030303030303 83.63636363636364 84.24242424242425 84.84848484848484 85.45454545454545 86.06060606060606 86.66666666666667 87.27272727272728 87.87878787878788 88.48484848484848 89.09090909090909 89.6969696969697 90.3030303030303 90.90909090909091 91.51515151515152 92.12121212121212 92.72727272727273 93.33333333333333 93.93939393939394 94.54545454545455 95.15151515151516 95.75757575757575 96.36363636363636 96.96969696969697 97.57575757575758 98.18181818181819 98.78787878787878 99.39393939393939 100 100.6060606060606 101.2121212121212 101.8181818181818 102.4242424242424 103.030303030303 103.6363636363636 104.2424242424242 104.8484848484848 105.4545454545455 106.0606060606061 106.6666666666667 107.2727272727273 107.8787878787879 108.4848484848485 109.0909090909091 109.6969696969697 110.3030303030303 110.9090909090909 111.5151515151515 112.1212121212121 112.7272727272727 113.3333333333333 113.9393939393939 114.5454545454545 115.1515151515152 115.7575757575758 116.3636363636364 116.969696969697 117.5757575757576 118.1818181818182 118.7878787878788 119.3939393939394 120


# name: y
# type: matrix
# rows: 100
# columns: 1
 26610.90570117667
 26611.93858666183
 26613.0960958975
 26614.37941742134
 26615.78961911826
 26617.32764478504
 26618.99431084632
 26620.79030323116
 26622.71617441823
 26624.77234065818
 26626.95907938103
 26629.27652679637
 26631.72467569361
 26634.30337344943
 26637.01232024913
 26639.85106752805
 26642.81901663903
 26645.91541775144
 26649.13936898664
 26652.48981579464
 26655.96555057589
 26659.56521255185
 26663.28728788754
 26667.13011006844
 26671.09186053395
 26675.17056956882
 26679.36411745358
 26683.67023587424
 26688.08650959116
 26692.61037836634
 26697.23913914775
 26701.96994850885
 26706.79982534075
 26711.72565379405
 26716.74418646664
 26721.85204783328
 26727.04573791222
 26732.32163616351
 26737.67600561319
 26743.10499719684
 26748.60465431572
 26754.17091759796
 26759.79962985685
 26765.48654123799
 26771.22731454616
 26777.01753074291
 26782.85269460492
 26788.72824053311
 26794.63953850195
 26800.58190013823
 26806.55058491801
 26812.5408064703
 26818.54773897578
 26824.56652364861
 26830.59227528901
 26836.62008889438
 26842.64504631628
 26848.6622229508
 26854.66669444941
 26860.65354343757
 26866.61786622822
 26872.55477951736
 26878.45942704886
 26884.32698623586
 26890.15267472598
 26895.93175689797
 26901.65955027731
 26907.33143185872
 26912.94284432354
 26918.4893021403
 26923.96639753706
 26929.36980633442
 26934.69529362835
 26939.93871931239
 26945.09604342925
 26950.16333134206
 26955.13675871609
 26960.01261630205
 26964.78731451287
 26969.45738778583
 26974.01949872299
 26978.47044200283
 26982.8071480571
 26987.02668650688
 26991.12626935283
 26995.10325391496
 26998.95514551781
 27002.67959991771
 27006.27442546907
 27009.73758502754
 27013.06719758825
 27016.26153965798
 27019.31904636089
 27022.23831227759
 27025.01809201842
 27027.65730053202
 27030.1550131509
 27032.51046537651
 27034.7230524064
 27036.79232840716


# name: TRAIN_QUERIES
# type: cell
# rows: 1
# columns: 1
# name: <cell-element>
# type: sq_string
# elements: 1
# length: 2
R5





# name: TEST_QUERIES
# type: cell
# rows: 1
# columns: 1
# name: <cell-element>
# type: sq_string
# elements: 1
# length: 2
R2





# name: DATASIZE
# type: sq_string
# elements: 1
# length: 3
250


