# Created by Octave 3.8.2, Mon May 23 11:06:47 2016 CEST <Andrea@Andreas-MacBook-Pro.local>
# name: x
# type: matrix
# rows: 1
# columns: 100
 60 60.60606060606061 61.21212121212122 61.81818181818182 62.42424242424242 63.03030303030303 63.63636363636364 64.24242424242425 64.84848484848484 65.45454545454545 66.06060606060606 66.66666666666667 67.27272727272728 67.87878787878788 68.48484848484848 69.09090909090909 69.6969696969697 70.30303030303031 70.90909090909091 71.51515151515152 72.12121212121212 72.72727272727273 73.33333333333333 73.93939393939394 74.54545454545455 75.15151515151516 75.75757575757575 76.36363636363636 76.96969696969697 77.57575757575758 78.18181818181819 78.78787878787878 79.39393939393939 80 80.60606060606061 81.21212121212122 81.81818181818183 82.42424242424242 83.03030303030303 83.63636363636364 84.24242424242425 84.84848484848484 85.45454545454545 86.06060606060606 86.66666666666667 87.27272727272728 87.87878787878788 88.48484848484848 89.09090909090909 89.6969696969697 90.3030303030303 90.90909090909091 91.51515151515152 92.12121212121212 92.72727272727273 93.33333333333333 93.93939393939394 94.54545454545455 95.15151515151516 95.75757575757575 96.36363636363636 96.96969696969697 97.57575757575758 98.18181818181819 98.78787878787878 99.39393939393939 100 100.6060606060606 101.2121212121212 101.8181818181818 102.4242424242424 103.030303030303 103.6363636363636 104.2424242424242 104.8484848484848 105.4545454545455 106.0606060606061 106.6666666666667 107.2727272727273 107.8787878787879 108.4848484848485 109.0909090909091 109.6969696969697 110.3030303030303 110.9090909090909 111.5151515151515 112.1212121212121 112.7272727272727 113.3333333333333 113.9393939393939 114.5454545454545 115.1515151515152 115.7575757575758 116.3636363636364 116.969696969697 117.5757575757576 118.1818181818182 118.7878787878788 119.3939393939394 120


# name: y
# type: matrix
# rows: 1
# columns: 100
 53860.56771773958 53857.01180596281 53853.45589418605 53849.89998240929 53846.34407063253 53842.78815885576 53839.232247079 53835.67633530224 53832.12042352548 53828.56451174871 53825.00859997195 53821.45268819519 53817.89677641843 53814.34086464166 53810.78495286489 53807.22904108813 53803.67312931137 53800.11721753461 53796.56130575784 53793.00539398108 53789.44948220432 53785.89357042756 53782.33765865079 53778.78174687403 53775.22583509727 53771.66992332051 53768.11401154374 53764.55809976698 53761.00218799022 53757.44627621345 53753.89036443669 53750.33445265992 53746.77854088316 53743.2226291064 53739.66671732964 53736.11080555287 53732.55489377611 53728.99898199935 53725.44307022259 53721.88715844582 53718.33124666906 53714.7753348923 53711.21942311554 53707.66351133877 53704.10759956201 53700.55168778524 53696.99577600848 53693.43986423172 53689.88395245495 53686.32804067819 53682.77212890143 53679.21621712467 53675.6603053479 53672.10439357114 53668.54848179438 53664.99257001762 53661.43665824085 53657.88074646409 53654.32483468733 53650.76892291057 53647.2130111338 53643.65709935704 53640.10118758027 53636.54527580351 53632.98936402675 53629.43345224998 53625.87754047322 53622.32162869646 53618.7657169197 53615.20980514293 53611.65389336617 53608.09798158941 53604.54206981265 53600.98615803588 53597.43024625912 53593.87433448236 53590.3184227056 53586.76251092883 53583.20659915206 53579.6506873753 53576.09477559854 53572.53886382178 53568.98295204501 53565.42704026825 53561.87112849149 53558.31521671473 53554.75930493796 53551.2033931612 53547.64748138444 53544.09156960768 53540.53565783091 53536.97974605415 53533.42383427739 53529.86792250063 53526.31201072386 53522.75609894709 53519.20018717033 53515.64427539357 53512.08836361681 53508.53245184004


# name: TRAIN_QUERIES
# type: cell
# rows: 1
# columns: 1
# name: <cell-element>
# type: sq_string
# elements: 1
# length: 2
R5





# name: TEST_QUERIES
# type: cell
# rows: 1
# columns: 1
# name: <cell-element>
# type: sq_string
# elements: 1
# length: 2
R2





# name: DATASIZE
# type: sq_string
# elements: 1
# length: 3
250


