# Created by Octave 3.8.2, Mon May 23 11:06:47 2016 CEST <Andrea@Andreas-MacBook-Pro.local>
# name: x
# type: matrix
# rows: 1
# columns: 100
 60 60.60606060606061 61.21212121212122 61.81818181818182 62.42424242424242 63.03030303030303 63.63636363636364 64.24242424242425 64.84848484848484 65.45454545454545 66.06060606060606 66.66666666666667 67.27272727272728 67.87878787878788 68.48484848484848 69.09090909090909 69.6969696969697 70.30303030303031 70.90909090909091 71.51515151515152 72.12121212121212 72.72727272727273 73.33333333333333 73.93939393939394 74.54545454545455 75.15151515151516 75.75757575757575 76.36363636363636 76.96969696969697 77.57575757575758 78.18181818181819 78.78787878787878 79.39393939393939 80 80.60606060606061 81.21212121212122 81.81818181818183 82.42424242424242 83.03030303030303 83.63636363636364 84.24242424242425 84.84848484848484 85.45454545454545 86.06060606060606 86.66666666666667 87.27272727272728 87.87878787878788 88.48484848484848 89.09090909090909 89.6969696969697 90.3030303030303 90.90909090909091 91.51515151515152 92.12121212121212 92.72727272727273 93.33333333333333 93.93939393939394 94.54545454545455 95.15151515151516 95.75757575757575 96.36363636363636 96.96969696969697 97.57575757575758 98.18181818181819 98.78787878787878 99.39393939393939 100 100.6060606060606 101.2121212121212 101.8181818181818 102.4242424242424 103.030303030303 103.6363636363636 104.2424242424242 104.8484848484848 105.4545454545455 106.0606060606061 106.6666666666667 107.2727272727273 107.8787878787879 108.4848484848485 109.0909090909091 109.6969696969697 110.3030303030303 110.9090909090909 111.5151515151515 112.1212121212121 112.7272727272727 113.3333333333333 113.9393939393939 114.5454545454545 115.1515151515152 115.7575757575758 116.3636363636364 116.969696969697 117.5757575757576 118.1818181818182 118.7878787878788 119.3939393939394 120


# name: y
# type: matrix
# rows: 100
# columns: 1
 33539.903024769
 33554.59207531207
 33569.28112585514
 33583.97017639823
 33598.65922694129
 33613.34827748437
 33628.03732802744
 33642.72637857051
 33657.41542911359
 33672.10447965666
 33686.79353019973
 33701.48258074281
 33716.17163128588
 33730.86068182896
 33745.54973237203
 33760.2387829151
 33774.92783345818
 33789.61688400125
 33804.30593454432
 33818.9949850874
 33833.68403563047
 33848.37308617354
 33863.06213671662
 33877.75118725968
 33892.44023780276
 33907.12928834584
 33921.81833888891
 33936.50738943198
 33951.19643997506
 33965.88549051812
 33980.5745410612
 33995.26359160427
 34009.95264214735
 34024.64169269042
 34039.33074323349
 34054.01979377656
 34068.70884431964
 34083.39789486272
 34098.08694540579
 34112.77599594886
 34127.46504649194
 34142.15409703501
 34156.84314757808
 34171.53219812115
 34186.22124866422
 34200.9102992073
 34215.59934975038
 34230.28840029344
 34244.97745083652
 34259.6665013796
 34274.35555192267
 34289.04460246574
 34303.73365300882
 34318.42270355189
 34333.11175409496
 34347.80080463803
 34362.48985518111
 34377.17890572418
 34391.86795626726
 34406.55700681033
 34421.2460573534
 34435.93510789648
 34450.62415843955
 34465.31320898262
 34480.0022595257
 34494.69131006877
 34509.38036061185
 34524.06941115492
 34538.75846169799
 34553.44751224107
 34568.13656278414
 34582.82561332722
 34597.51466387029
 34612.20371441336
 34626.89276495643
 34641.58181549951
 34656.27086604257
 34670.95991658566
 34685.64896712873
 34700.33801767179
 34715.02706821487
 34729.71611875795
 34744.40516930102
 34759.09421984409
 34773.78327038716
 34788.47232093025
 34803.16137147331
 34817.85042201639
 34832.53947255947
 34847.22852310253
 34861.91757364561
 34876.60662418867
 34891.29567473175
 34905.98472527483
 34920.67377581791
 34935.36282636096
 34950.05187690405
 34964.74092744712
 34979.4299779902
 34994.11902853327


# name: TRAIN_QUERIES
# type: cell
# rows: 1
# columns: 1
# name: <cell-element>
# type: sq_string
# elements: 1
# length: 2
R5





# name: TEST_QUERIES
# type: cell
# rows: 1
# columns: 1
# name: <cell-element>
# type: sq_string
# elements: 1
# length: 2
R2





# name: DATASIZE
# type: sq_string
# elements: 1
# length: 3
250


