# Created by Octave 3.8.2, Mon May 23 11:06:47 2016 CEST <Andrea@Andreas-MacBook-Pro.local>
# name: SVs
# type: cell
# rows: 1
# columns: 7
# name: <cell-element>
# type: sparse matrix
# nnz: 28
# rows: 4
# columns: 7
1 1 -1.002711087603532
2 1 -1.00183718935469
3 1 -0.9960878587702032
4 1 -0.9810936046058626
1 2 -1.003299256134283
2 2 -1.02037805075271
3 2 -1.020095422945786
4 2 -0.9953856775404022
1 3 -0.9874747233509537
2 3 -0.5768660540672432
3 3 -0.9425466279584147
4 3 -1.004536025398753
1 4 -0.9959434423148068
2 4 0.4376765937609876
3 4 -0.965367982821372
4 4 -0.9975249315989501
1 5 -0.950908060207028
2 5 -0.7729568258491986
3 5 -0.91979922583885
4 5 -0.9264343268754195
1 6 -0.9640203392160467
2 6 -0.420577439328735
3 6 -0.9089277442963193
4 6 -0.9077347944063251
1 7 0.161092545382633
2 7 1.699394310716792
3 7 0.6738598004940193
4 7 1.699394310716792



# name: <cell-element>
# type: sparse matrix
# nnz: 28
# rows: 4
# columns: 7
1 1 -0.9422281298547343
2 1 -1.002711087603532
3 1 -0.9960878587702032
4 1 -0.9810936046058626
1 2 -0.9248902274132775
2 2 -1.003299256134283
3 2 -1.020095422945786
4 2 -0.9953856775404022
1 3 -0.9658637407570742
2 3 -0.9874747233509537
3 3 -0.9425466279584147
4 3 -1.004536025398753
1 4 -0.9946255345780208
2 4 -0.9959434423148068
3 4 -0.965367982821372
4 4 -0.9975249315989501
1 5 -0.9385080353190131
2 5 -0.950908060207028
3 5 -0.91979922583885
4 5 -0.9264343268754195
1 6 -0.9658639890460375
2 6 -0.9640203392160467
3 6 -0.9089277442963193
4 6 -0.9077347944063251
1 7 -1.377209219951526
2 7 0.161092545382633
3 7 0.6738598004940193
4 7 1.699394310716792



# name: <cell-element>
# type: sparse matrix
# nnz: 35
# rows: 5
# columns: 7
1 1 -0.9443438835098252
2 1 -1.002711087603532
3 1 -0.9960878587702032
4 1 -0.9810936046058626
5 1 -0.9846811868905821
1 2 -0.9300179033389046
2 2 -1.003299256134283
3 2 -1.020095422945786
4 2 -0.9953856775404022
5 2 -0.9758843588626237
1 3 -0.9894652085898636
2 3 -0.9874747233509537
3 3 -0.9425466279584147
4 3 -1.004536025398753
5 3 -0.972972616610324
1 4 -0.9922533006518061
2 4 -0.9959434423148068
3 4 -0.965367982821372
4 4 -0.9975249315989501
5 4 -0.9959434423148068
1 5 -0.9494940222812017
2 5 -0.950908060207028
3 5 -0.91979922583885
4 5 -0.9264343268754195
5 5 -0.9329606557638485
1 6 -0.9644541391760446
2 6 -0.9640203392160467
3 6 -0.9089277442963193
4 6 -0.9077347944063251
5 6 -0.9171699435362785
1 7 -1.377209219951526
2 7 0.161092545382633
3 7 0.6738598004940193
4 7 1.699394310716792
5 7 0.6738598004940193



# name: <cell-element>
# type: sparse matrix
# nnz: 35
# rows: 5
# columns: 7
1 1 -0.9443438835098252
2 1 -1.002711087603532
3 1 -0.9960878587702032
4 1 -0.9810936046058626
5 1 -0.9846811868905821
1 2 -0.9300179033389046
2 2 -1.003299256134283
3 2 -1.020095422945786
4 2 -0.9953856775404022
5 2 -0.9758843588626237
1 3 -0.9894652085898636
2 3 -0.9874747233509537
3 3 -0.9425466279584147
4 3 -1.004536025398753
5 3 -0.972972616610324
1 4 -0.9922533006518061
2 4 -0.9959434423148068
3 4 -0.965367982821372
4 4 -0.9975249315989501
5 4 -0.9959434423148068
1 5 -0.9494940222812017
2 5 -0.950908060207028
3 5 -0.91979922583885
4 5 -0.9264343268754195
5 5 -0.9329606557638485
1 6 -0.9644541391760446
2 6 -0.9640203392160467
3 6 -0.9089277442963193
4 6 -0.9077347944063251
5 6 -0.9171699435362785
1 7 -1.377209219951526
2 7 0.161092545382633
3 7 0.6738598004940193
4 7 1.699394310716792
5 7 0.6738598004940193



# name: <cell-element>
# type: sparse matrix
# nnz: 28
# rows: 4
# columns: 7
1 1 -1.002711087603532
2 1 -0.9960878587702032
3 1 -0.9810936046058626
4 1 -0.9846811868905821
1 2 -1.003299256134283
2 2 -1.020095422945786
3 2 -0.9953856775404022
4 2 -0.9758843588626237
1 3 -0.9874747233509537
2 3 -0.9425466279584147
3 3 -1.004536025398753
4 3 -0.972972616610324
1 4 -0.9959434423148068
2 4 -0.965367982821372
3 4 -0.9975249315989501
4 4 -0.9959434423148068
1 5 -0.950908060207028
2 5 -0.91979922583885
3 5 -0.9264343268754195
4 5 -0.9329606557638485
1 6 -0.9640203392160467
2 6 -0.9089277442963193
3 6 -0.9077347944063251
4 6 -0.9171699435362785
1 7 0.161092545382633
2 7 0.6738598004940193
3 7 1.699394310716792
4 7 0.6738598004940193



# name: <cell-element>
# type: sparse matrix
# nnz: 28
# rows: 4
# columns: 7
1 1 -1.002711087603532
2 1 -1.00183718935469
3 1 -0.9960878587702032
4 1 -0.9810936046058626
1 2 -1.003299256134283
2 2 -1.02037805075271
3 2 -1.020095422945786
4 2 -0.9953856775404022
1 3 -0.9874747233509537
2 3 -0.5768660540672432
3 3 -0.9425466279584147
4 3 -1.004536025398753
1 4 -0.9959434423148068
2 4 0.4376765937609876
3 4 -0.965367982821372
4 4 -0.9975249315989501
1 5 -0.950908060207028
2 5 -0.7729568258491986
3 5 -0.91979922583885
4 5 -0.9264343268754195
1 6 -0.9640203392160467
2 6 -0.420577439328735
3 6 -0.9089277442963193
4 6 -0.9077347944063251
1 7 0.161092545382633
2 7 1.699394310716792
3 7 0.6738598004940193
4 7 1.699394310716792



# name: <cell-element>
# type: scalar
0





# name: coefficients
# type: cell
# rows: 1
# columns: 7
# name: <cell-element>
# type: matrix
# rows: 4
# columns: 1
 -1.624640465176378
 -0.005550851517688143
 2.4211
 -0.7909086833059341



# name: <cell-element>
# type: matrix
# rows: 4
# columns: 1
 0.3429663886328903
 -4.155859060497753
 5
 -1.187107328135137



# name: <cell-element>
# type: matrix
# rows: 5
# columns: 1
 0.1237120655979533
 -1.957805801091256
 5
 -0.4903535665608227
 -2.675552697945873



# name: <cell-element>
# type: matrix
# rows: 5
# columns: 1
 0.01103151851464828
 -0.9256221373721351
 5
 -0.1984436371308352
 -3.886965744011678



# name: <cell-element>
# type: matrix
# rows: 4
# columns: 1
 -0.6342648142917277
 5
 -0.07989821809142063
 -4.285836967616851



# name: <cell-element>
# type: matrix
# rows: 4
# columns: 1
 -0.1
 0.003702723149513696
 0.1
 -0.003702723149513696



# name: <cell-element>
# type: scalar
0





# name: b
# type: cell
# rows: 1
# columns: 7
# name: <cell-element>
# type: scalar
-0.6714590580530641



# name: <cell-element>
# type: scalar
-0.7863054082857222



# name: <cell-element>
# type: scalar
-0.8404582323776862



# name: <cell-element>
# type: scalar
-0.8743768255789361



# name: <cell-element>
# type: scalar
-0.8848016215112994



# name: <cell-element>
# type: scalar
-0.9262841937683457



# name: <cell-element>
# type: scalar
0





# name: models
# type: cell
# rows: 1
# columns: 7
# name: <cell-element>
# type: scalar struct
# ndims: 2
 1 1
# length: 11
# name: Parameters
# type: matrix
# rows: 5
# columns: 1
 3
 0
 3
 0.1428571428571428
 0


# name: nr_class
# type: scalar
2


# name: totalSV
# type: scalar
4


# name: rho
# type: scalar
0.6714590580530641


# name: Label
# type: matrix
# rows: 0
# columns: 0


# name: sv_indices
# type: matrix
# rows: 4
# columns: 1
 38
 55
 56
 75


# name: ProbA
# type: matrix
# rows: 0
# columns: 0


# name: ProbB
# type: matrix
# rows: 0
# columns: 0


# name: nSV
# type: matrix
# rows: 0
# columns: 0


# name: sv_coef
# type: matrix
# rows: 4
# columns: 1
 -1.624640465176378
 -0.005550851517688143
 2.4211
 -0.7909086833059341


# name: SVs
# type: sparse matrix
# nnz: 28
# rows: 4
# columns: 7
1 1 -1.002711087603532
2 1 -1.00183718935469
3 1 -0.9960878587702032
4 1 -0.9810936046058626
1 2 -1.003299256134283
2 2 -1.02037805075271
3 2 -1.020095422945786
4 2 -0.9953856775404022
1 3 -0.9874747233509537
2 3 -0.5768660540672432
3 3 -0.9425466279584147
4 3 -1.004536025398753
1 4 -0.9959434423148068
2 4 0.4376765937609876
3 4 -0.965367982821372
4 4 -0.9975249315989501
1 5 -0.950908060207028
2 5 -0.7729568258491986
3 5 -0.91979922583885
4 5 -0.9264343268754195
1 6 -0.9640203392160467
2 6 -0.420577439328735
3 6 -0.9089277442963193
4 6 -0.9077347944063251
1 7 0.161092545382633
2 7 1.699394310716792
3 7 0.6738598004940193
4 7 1.699394310716792





# name: <cell-element>
# type: scalar struct
# ndims: 2
 1 1
# length: 11
# name: Parameters
# type: matrix
# rows: 5
# columns: 1
 3
 1
 2
 0.1428571428571428
 0


# name: nr_class
# type: scalar
2


