# Created by Octave 3.8.2, Mon May 23 11:06:40 2016 CEST <Andrea@Andreas-MacBook-Pro.local>
# name: mu
# type: matrix
# rows: 1
# columns: 8
 53702.98283261803 34480.60515021459 38942.27038626609 4804.682403433477 5195.502145922746 11437.2017167382 11778.07725321888 86.85836909871244


# name: sigma
# type: matrix
# rows: 1
# columns: 8
 29059.27780831938 21741.66160096803 24767.55587561227 3516.730424905537 3793.892288843851 9193.529934781371 9220.839946642196 19.50202533472568


