# Created by Octave 3.8.2, Mon May 23 11:06:47 2016 CEST <Andrea@Andreas-MacBook-Pro.local>
# name: x
# type: matrix
# rows: 1
# columns: 100
 60 60.60606060606061 61.21212121212122 61.81818181818182 62.42424242424242 63.03030303030303 63.63636363636364 64.24242424242425 64.84848484848484 65.45454545454545 66.06060606060606 66.66666666666667 67.27272727272728 67.87878787878788 68.48484848484848 69.09090909090909 69.6969696969697 70.30303030303031 70.90909090909091 71.51515151515152 72.12121212121212 72.72727272727273 73.33333333333333 73.93939393939394 74.54545454545455 75.15151515151516 75.75757575757575 76.36363636363636 76.96969696969697 77.57575757575758 78.18181818181819 78.78787878787878 79.39393939393939 80 80.60606060606061 81.21212121212122 81.81818181818183 82.42424242424242 83.03030303030303 83.63636363636364 84.24242424242425 84.84848484848484 85.45454545454545 86.06060606060606 86.66666666666667 87.27272727272728 87.87878787878788 88.48484848484848 89.09090909090909 89.6969696969697 90.3030303030303 90.90909090909091 91.51515151515152 92.12121212121212 92.72727272727273 93.33333333333333 93.93939393939394 94.54545454545455 95.15151515151516 95.75757575757575 96.36363636363636 96.96969696969697 97.57575757575758 98.18181818181819 98.78787878787878 99.39393939393939 100 100.6060606060606 101.2121212121212 101.8181818181818 102.4242424242424 103.030303030303 103.6363636363636 104.2424242424242 104.8484848484848 105.4545454545455 106.0606060606061 106.6666666666667 107.2727272727273 107.8787878787879 108.4848484848485 109.0909090909091 109.6969696969697 110.3030303030303 110.9090909090909 111.5151515151515 112.1212121212121 112.7272727272727 113.3333333333333 113.9393939393939 114.5454545454545 115.1515151515152 115.7575757575758 116.3636363636364 116.969696969697 117.5757575757576 118.1818181818182 118.7878787878788 119.3939393939394 120


# name: y
# type: matrix
# rows: 100
# columns: 1
 29728.37244067404
 29698.69118342774
 29670.34921209145
 29643.31560792022
 29617.55945216912
 29593.0498260932
 29569.75581094754
 29547.6464879872
 29526.69093846724
 29506.85824364271
 29488.11748476869
 29470.43774310024
 29453.78809989241
 29438.13763640027
 29423.45543387889
 29409.71057358332
 29396.87213676863
 29384.90920468988
 29373.79085860213
 29363.48617976045
 29353.9642494199
 29345.19414883553
 29337.14495926242
 29329.78576195563
 29323.08563817021
 29317.01366916124
 29311.53893618377
 29306.63052049286
 29302.25750334358
 29298.38896599099
 29294.99398969016
 29292.04165569613
 29289.50104526399
 29287.34123964879
 29285.53132010559
 29284.04036788946
 29282.83746425545
 29281.89169045864
 29281.17212775408
 29280.64785739683
 29280.28796064196
 29280.06151874454
 29279.93761295961
 29279.88532454225
 29279.87373474752
 29279.87192483048
 29279.8489760462
 29279.77396964972
 29279.61598689613
 29279.34410904048
 29278.92741733783
 29278.33499304325
 29277.53591741179
 29276.49927169852
 29275.19413715851
 29273.58959504681
 29271.65472661849
 29269.35861312861
 29266.67033583223
 29263.55897598443
 29259.99361484024
 29255.94333365476
 29251.37721368302
 29246.26433618009
 29240.57378240105
 29234.27463360094
 29227.33597103484
 29219.7268759578
 29211.4164296249
 29202.37371329118
 29192.56780821172
 29181.96779564157
 29170.54275683579
 29158.26177304946
 29145.09392553764
 29131.00829555538
 29115.97396435774
 29099.9600131998
 29082.93552333661
 29064.86957602323
 29045.73125251474
 29025.48963406618
 29004.11380193263
 28981.57283736914
 28957.83582163078
 28932.87183597261
 28906.64996164969
 28879.1392799171
 28850.30887202987
 28820.12781924309
 28788.56520281181
 28755.5901039911
 28721.17160403602
 28685.27878420162
 28647.88072574298
 28608.94650991515
 28568.4452179732
 28526.3459311722
 28482.61773076719
 28437.22969801325


# name: TRAIN_QUERIES
# type: cell
# rows: 1
# columns: 1
# name: <cell-element>
# type: sq_string
# elements: 1
# length: 2
R5





# name: TEST_QUERIES
# type: cell
# rows: 1
# columns: 1
# name: <cell-element>
# type: sq_string
# elements: 1
# length: 2
R2





# name: DATASIZE
# type: sq_string
# elements: 1
# length: 3
250


