# Created by Octave 3.8.2, Mon May 23 11:06:47 2016 CEST <Andrea@Andreas-MacBook-Pro.local>
# name: x
# type: matrix
# rows: 1
# columns: 100
 60 60.60606060606061 61.21212121212122 61.81818181818182 62.42424242424242 63.03030303030303 63.63636363636364 64.24242424242425 64.84848484848484 65.45454545454545 66.06060606060606 66.66666666666667 67.27272727272728 67.87878787878788 68.48484848484848 69.09090909090909 69.6969696969697 70.30303030303031 70.90909090909091 71.51515151515152 72.12121212121212 72.72727272727273 73.33333333333333 73.93939393939394 74.54545454545455 75.15151515151516 75.75757575757575 76.36363636363636 76.96969696969697 77.57575757575758 78.18181818181819 78.78787878787878 79.39393939393939 80 80.60606060606061 81.21212121212122 81.81818181818183 82.42424242424242 83.03030303030303 83.63636363636364 84.24242424242425 84.84848484848484 85.45454545454545 86.06060606060606 86.66666666666667 87.27272727272728 87.87878787878788 88.48484848484848 89.09090909090909 89.6969696969697 90.3030303030303 90.90909090909091 91.51515151515152 92.12121212121212 92.72727272727273 93.33333333333333 93.93939393939394 94.54545454545455 95.15151515151516 95.75757575757575 96.36363636363636 96.96969696969697 97.57575757575758 98.18181818181819 98.78787878787878 99.39393939393939 100 100.6060606060606 101.2121212121212 101.8181818181818 102.4242424242424 103.030303030303 103.6363636363636 104.2424242424242 104.8484848484848 105.4545454545455 106.0606060606061 106.6666666666667 107.2727272727273 107.8787878787879 108.4848484848485 109.0909090909091 109.6969696969697 110.3030303030303 110.9090909090909 111.5151515151515 112.1212121212121 112.7272727272727 113.3333333333333 113.9393939393939 114.5454545454545 115.1515151515152 115.7575757575758 116.3636363636364 116.969696969697 117.5757575757576 118.1818181818182 118.7878787878788 119.3939393939394 120


# name: y
# type: matrix
# rows: 100
# columns: 1
 27988.15600334871
 27988.5566663758
 27988.91365579953
 27989.23086607903
 27989.5119251966
 27989.76020710106
 27989.97884385363
 27990.1707374761
 27990.33857150156
 27990.48482222747
 27990.61176967123
 27990.72150822807
 27990.81595703151
 27990.89687001609
 27990.96584568267
 27991.02433656609
 27991.0736584052
 27991.11499901548
 27991.14942686388
 27991.17789934629
 27991.20127076726
 27991.22030002231
 27991.23565798249
 27991.24793458157
 27991.25764560545
 27991.26523918417
 27991.27110198625
 27991.27556511548
 27991.27890971013
 27991.28137224461
 27991.28314953358
 27991.28440343836
 27991.28526527596
 27991.28583993037
 27991.28620966637
 27991.28643764573
 27991.28657114587
 27991.28664448088
 27991.28668162507
 27991.28669853885
 27991.28670519711
 27991.28670731994
 27991.28670780589
 27991.28670786757
 27991.28670786972
 27991.28670786968
 27991.2867078603
 27991.28670771532
 27991.28670683705
 27991.28670350667
 27991.28669393676
 27991.2866710264
 27991.28662281862
 27991.28653066032
 27991.28636706459
 27991.28609327546
 27991.28565653511
 27991.28498705344
 27991.28399468016
 27991.28256527921
 27991.28055680566
 27991.27779508509
 27991.27406929525
 27991.26912715028
 27991.26266978734
 27991.25434635558
 27991.24374830763
 27991.23040339349
 27991.21376935684
 27991.19322733376
 27991.1680749539
 27991.13751914411
 27991.10066863442
 27991.05652616649
 27991.00398040452
 27990.94179754851
 27990.86861265003
 27990.78292063035
 27990.68306700103
 27990.56723828695
 27990.43345215172
 27990.27954722557
 27990.10317263563
 27989.90177723867
 27989.67259855622
 27989.41265141217
 27989.11871627278
 27988.78732728907
 27988.41476004172
 27987.99701898835
 27987.52982461319
 27987.00860027928
 27986.428458783
 27985.78418861107
 27985.07023989997
 27984.28071009781
 27983.40932932859
 27982.44944545888
 27981.39400886699
 27980.23555691452


# name: TRAIN_QUERIES
# type: cell
# rows: 1
# columns: 1
# name: <cell-element>
# type: sq_string
# elements: 1
# length: 2
R5





# name: TEST_QUERIES
# type: cell
# rows: 1
# columns: 1
# name: <cell-element>
# type: sq_string
# elements: 1
# length: 2
R2





# name: DATASIZE
# type: sq_string
# elements: 1
# length: 3
250


