# Created by Octave 3.8.2, Mon May 23 11:06:47 2016 CEST <Andrea@Andreas-MacBook-Pro.local>
# name: x
# type: matrix
# rows: 1
# columns: 100
 60 60.60606060606061 61.21212121212122 61.81818181818182 62.42424242424242 63.03030303030303 63.63636363636364 64.24242424242425 64.84848484848484 65.45454545454545 66.06060606060606 66.66666666666667 67.27272727272728 67.87878787878788 68.48484848484848 69.09090909090909 69.6969696969697 70.30303030303031 70.90909090909091 71.51515151515152 72.12121212121212 72.72727272727273 73.33333333333333 73.93939393939394 74.54545454545455 75.15151515151516 75.75757575757575 76.36363636363636 76.96969696969697 77.57575757575758 78.18181818181819 78.78787878787878 79.39393939393939 80 80.60606060606061 81.21212121212122 81.81818181818183 82.42424242424242 83.03030303030303 83.63636363636364 84.24242424242425 84.84848484848484 85.45454545454545 86.06060606060606 86.66666666666667 87.27272727272728 87.87878787878788 88.48484848484848 89.09090909090909 89.6969696969697 90.3030303030303 90.90909090909091 91.51515151515152 92.12121212121212 92.72727272727273 93.33333333333333 93.93939393939394 94.54545454545455 95.15151515151516 95.75757575757575 96.36363636363636 96.96969696969697 97.57575757575758 98.18181818181819 98.78787878787878 99.39393939393939 100 100.6060606060606 101.2121212121212 101.8181818181818 102.4242424242424 103.030303030303 103.6363636363636 104.2424242424242 104.8484848484848 105.4545454545455 106.0606060606061 106.6666666666667 107.2727272727273 107.8787878787879 108.4848484848485 109.0909090909091 109.6969696969697 110.3030303030303 110.9090909090909 111.5151515151515 112.1212121212121 112.7272727272727 113.3333333333333 113.9393939393939 114.5454545454545 115.1515151515152 115.7575757575758 116.3636363636364 116.969696969697 117.5757575757576 118.1818181818182 118.7878787878788 119.3939393939394 120


# name: y
# type: matrix
# rows: 100
# columns: 1
 28233.85518052298
 28239.12238843874
 28244.03716117109
 28248.61558208873
 28252.8733589238
 28256.82582377197
 28260.48793309239
 28263.87426770771
 28266.99903280409
 28269.87605793115
 28272.51879700203
 28274.94032829336
 28277.15335444527
 28279.17020246138
 28281.00282370881
 28282.66279391816
 28284.16131318354
 28285.50920596255
 28286.71692107629
 28287.79453170935
 28288.75173540982
 28289.59785408926
 28290.34183402278
 28290.99224584893
 28291.55728456978
 28292.0447695509
 28292.46214452134
 28292.81647757365
 28293.11446116388
 28293.36241211158
 28293.56627159978
 28293.73160517501
 28293.8636027473
 28293.96707859018
 28294.04647134066
 28294.10584399926
 28294.14888392998
 28294.17890286033
 28294.19883688131
 28294.2112464474
 28294.21831637661
 28294.2218558504
 28294.22329841378
 28294.22370197519
 28294.22374880662
 28294.22374554354
 28294.22362318489
 28294.22293709314
 28294.22086699423
 28294.21621697762
 28294.20741549623
 28294.1925153665
 28294.16919376838
 28294.13475224527
 28294.08611670411
 28294.0198374153
 28293.93208901276
 28293.81867049389
 28293.6750052196
 28293.49614091428
 28293.27674966583
 28293.01112792562
 28292.69319650854
 28292.31650059297
 28291.87420972079
 28291.35911779734
 28290.76364309151
 28290.07982823564
 28289.29934022559
 28288.41347042071
 28287.41313454383
 28286.2888726813
 28285.03084928295
 28283.62885316211
 28282.0722974956
 28280.35021982373
 28278.45128205033
 28276.36377044269
 28274.07559563163
 28271.57429261145
 28268.84702073993
 28265.88056373836
 28262.66132969153
 28259.17535104773
 28255.40828461872
 28251.34541157976
 28246.97163746964
 28242.2714921906
 28237.22913000841
 28231.82832955231
 28226.05249381504
 28219.88465015285
 28213.30745028547
 28206.30317029614
 28198.85371063157
 28190.940596102
 28182.54497588113
 28173.64762350617
 28164.22893687784
 28154.26893826033


# name: TRAIN_QUERIES
# type: cell
# rows: 1
# columns: 1
# name: <cell-element>
# type: sq_string
# elements: 1
# length: 2
R5





# name: TEST_QUERIES
# type: cell
# rows: 1
# columns: 1
# name: <cell-element>
# type: sq_string
# elements: 1
# length: 2
R2





# name: DATASIZE
# type: sq_string
# elements: 1
# length: 3
250


