# Created by Octave 3.8.2, Mon May 23 11:06:47 2016 CEST <Andrea@Andreas-MacBook-Pro.local>
# name: x
# type: matrix
# rows: 1
# columns: 100
 60 60.60606060606061 61.21212121212122 61.81818181818182 62.42424242424242 63.03030303030303 63.63636363636364 64.24242424242425 64.84848484848484 65.45454545454545 66.06060606060606 66.66666666666667 67.27272727272728 67.87878787878788 68.48484848484848 69.09090909090909 69.6969696969697 70.30303030303031 70.90909090909091 71.51515151515152 72.12121212121212 72.72727272727273 73.33333333333333 73.93939393939394 74.54545454545455 75.15151515151516 75.75757575757575 76.36363636363636 76.96969696969697 77.57575757575758 78.18181818181819 78.78787878787878 79.39393939393939 80 80.60606060606061 81.21212121212122 81.81818181818183 82.42424242424242 83.03030303030303 83.63636363636364 84.24242424242425 84.84848484848484 85.45454545454545 86.06060606060606 86.66666666666667 87.27272727272728 87.87878787878788 88.48484848484848 89.09090909090909 89.6969696969697 90.3030303030303 90.90909090909091 91.51515151515152 92.12121212121212 92.72727272727273 93.33333333333333 93.93939393939394 94.54545454545455 95.15151515151516 95.75757575757575 96.36363636363636 96.96969696969697 97.57575757575758 98.18181818181819 98.78787878787878 99.39393939393939 100 100.6060606060606 101.2121212121212 101.8181818181818 102.4242424242424 103.030303030303 103.6363636363636 104.2424242424242 104.8484848484848 105.4545454545455 106.0606060606061 106.6666666666667 107.2727272727273 107.8787878787879 108.4848484848485 109.0909090909091 109.6969696969697 110.3030303030303 110.9090909090909 111.5151515151515 112.1212121212121 112.7272727272727 113.3333333333333 113.9393939393939 114.5454545454545 115.1515151515152 115.7575757575758 116.3636363636364 116.969696969697 117.5757575757576 118.1818181818182 118.7878787878788 119.3939393939394 120


# name: y
# type: matrix
# rows: 100
# columns: 1
 30161.5145501015
 30192.39227776935
 30222.56529688543
 30252.03360744976
 30280.79720946233
 30308.85610292315
 30336.2102878322
 30362.85976418949
 30388.80453199503
 30414.04459124881
 30438.57994195083
 30462.4105841011
 30485.5365176996
 30507.95774274635
 30529.67425924134
 30550.68606718458
 30570.99316657605
 30590.59555741577
 30609.49323970372
 30627.68621343992
 30645.17447862437
 30661.95803525705
 30678.03688333798
 30693.41102286715
 30708.08045384456
 30722.04517627021
 30735.3051901441
 30747.86049546624
 30759.71109223662
 30770.85698045524
 30781.2981601221
 30791.0346312372
 30800.06639380055
 30808.39344781214
 30816.01579327197
 30822.93343018004
 30829.14635853636
 30834.65457834091
 30839.45808959371
 30843.55689229475
 30846.95098644403
 30849.64037204156
 30851.62504908732
 30852.90501758133
 30853.48027752358
 30853.35082891407
 30852.51667175281
 30850.97780603979
 30848.734231775
 30845.78594895846
 30842.13295759017
 30837.77525767011
 30832.7128491983
 30826.94573217473
 30820.4739065994
 30813.29737247231
 30805.41612979347
 30796.83017856286
 30787.5395187805
 30777.54415044638
 30766.84407356051
 30755.43928812287
 30743.32979413347
 30730.51559159232
 30716.99668049941
 30702.77306085475
 30687.84473265832
 30672.21169591014
 30655.8739506102
 30638.8314967585
 30621.08433435504
 30602.63246339983
 30583.47588389285
 30563.61459583412
 30543.04859922363
 30521.77789406139
 30499.80248034738
 30477.12235808162
 30453.7375272641
 30429.64798789482
 30404.85373997378
 30379.35478350098
 30353.15111847643
 30326.24274490012
 30298.62966277205
 30270.31187209222
 30241.28937286064
 30211.5621650773
 30181.1302487422
 30149.99362385534
 30118.15229041672
 30085.60624842635
 30052.35549788421
 30018.40003879033
 29983.73987114468
 29948.37499494727
 29912.3054101981
 29875.53111689718
 29838.0521150445
 29799.86840464006


# name: TRAIN_QUERIES
# type: cell
# rows: 1
# columns: 1
# name: <cell-element>
# type: sq_string
# elements: 1
# length: 2
R5





# name: TEST_QUERIES
# type: cell
# rows: 1
# columns: 1
# name: <cell-element>
# type: sq_string
# elements: 1
# length: 2
R2





# name: DATASIZE
# type: sq_string
# elements: 1
# length: 3
250


