# Created by Octave 3.8.2, Mon May 23 10:02:18 2016 CEST <Andrea@Andreas-MacBook-Pro.local>
# name: x
# type: matrix
# rows: 1
# columns: 100
 0.05 0.05075757575757577 0.05151515151515151 0.05227272727272728 0.05303030303030303 0.05378787878787879 0.05454545454545455 0.05530303030303031 0.05606060606060606 0.05681818181818182 0.05757575757575757 0.05833333333333333 0.0590909090909091 0.05984848484848485 0.06060606060606061 0.06136363636363636 0.06212121212121212 0.06287878787878788 0.06363636363636364 0.06439393939393939 0.06515151515151515 0.06590909090909092 0.06666666666666667 0.06742424242424243 0.06818181818181818 0.06893939393939394 0.0696969696969697 0.07045454545454545 0.07121212121212121 0.07196969696969698 0.07272727272727272 0.07348484848484849 0.07424242424242425 0.075 0.07575757575757576 0.07651515151515151 0.07727272727272727 0.07803030303030303 0.07878787878787878 0.07954545454545454 0.08030303030303031 0.08106060606060606 0.08181818181818182 0.08257575757575758 0.08333333333333333 0.08409090909090909 0.08484848484848484 0.0856060606060606 0.08636363636363636 0.08712121212121211 0.08787878787878788 0.08863636363636364 0.0893939393939394 0.09015151515151515 0.09090909090909091 0.09166666666666667 0.09242424242424242 0.09318181818181819 0.09393939393939393 0.0946969696969697 0.09545454545454546 0.09621212121212121 0.09696969696969697 0.09772727272727272 0.09848484848484848 0.09924242424242424 0.09999999999999999 0.1007575757575758 0.1015151515151515 0.1022727272727273 0.103030303030303 0.1037878787878788 0.1045454545454546 0.1053030303030303 0.1060606060606061 0.1068181818181818 0.1075757575757576 0.1083333333333333 0.1090909090909091 0.1098484848484848 0.1106060606060606 0.1113636363636364 0.1121212121212121 0.1128787878787879 0.1136363636363636 0.1143939393939394 0.1151515151515151 0.1159090909090909 0.1166666666666667 0.1174242424242424 0.1181818181818182 0.1189393939393939 0.1196969696969697 0.1204545454545455 0.1212121212121212 0.121969696969697 0.1227272727272727 0.1234848484848485 0.1242424242424242 0.125


# name: y
# type: matrix
# rows: 100
# columns: 1
 184662.832406082
 185111.3179186347
 185565.5679822024
 186025.3790492922
 186490.5432983192
 186960.8487911539
 187436.0796351637
 187916.0161495747
 188400.4350359718
 188889.1095527517
 189381.8096933368
 189878.3023679505
 190378.3515887542
 190881.7186581364
 191388.1623599434
 191897.4391534348
 192409.3033697454
 192923.5074106284
 193439.8019492555
 193957.9361328433
 194477.6577868739
 194998.7136206781
 195520.849434142
 196043.8103253032
 196567.3408985954
 197091.1854735048
 197615.0882933967
 198138.7937342738
 198662.0465132274
 199184.5918963416
 199706.1759058135
 200226.545526054
 200745.4489085333
 201262.6355751391
 201777.8566198176
 202290.8649082701
 202801.4152754801
 203309.2647208503
 203814.1726007327
 204315.9008181379
 204814.2140094145
 205308.879727695
 205799.6686229081
 206286.3546181632
 206768.7150823186
 207246.5309985492
 207719.5871287381
 208187.6721735193
 208650.5789278077
 209108.1044316588
 209560.0501163062
 210006.2219452319
 210446.4305501348
 210880.4913616652
 211308.2247348044
 211729.4560687754
 212144.015921376
 212551.7401176378
 212952.4698527188
 213346.051788947
 213732.338146941
 214111.1867907402
 214482.4613068871
 214846.0310774119
 215201.7713466772
 215549.5632820494
 215889.294028373
 216220.8567562294
 216544.1507039726
 216859.0812135412
 217165.5597600541
 217463.5039752071
 217752.8376644913
 218033.4908182675
 218305.3996167353
 218568.5064288423
 218822.7598051894
 219068.1144649934
 219304.5312771755
 219531.9772356515
 219750.4254289066
 219959.8550039442
 220160.2511247039
 220351.604925051
 220533.9134564461
 220707.1796304067
 220871.4121558824
 221026.6254716666
 221172.8396739761
 221310.0804393312
 221438.3789428775
 221557.771772292
 221668.3008374207
 221770.0132758007
 221862.9613542204
 221947.2023664763
 222022.7985274889
 222089.8168639403
 222148.3291016009
 222198.4115495139


# name: QUERY
# type: sq_string
# elements: 1
# length: 2
Q3


# name: DATASIZE
# type: sq_string
# elements: 1
# length: 2
50


