# Created by Octave 3.8.2, Mon May 23 10:02:18 2016 CEST <Andrea@Andreas-MacBook-Pro.local>
# name: x
# type: matrix
# rows: 1
# columns: 100
 0.05 0.05075757575757577 0.05151515151515151 0.05227272727272728 0.05303030303030303 0.05378787878787879 0.05454545454545455 0.05530303030303031 0.05606060606060606 0.05681818181818182 0.05757575757575757 0.05833333333333333 0.0590909090909091 0.05984848484848485 0.06060606060606061 0.06136363636363636 0.06212121212121212 0.06287878787878788 0.06363636363636364 0.06439393939393939 0.06515151515151515 0.06590909090909092 0.06666666666666667 0.06742424242424243 0.06818181818181818 0.06893939393939394 0.0696969696969697 0.07045454545454545 0.07121212121212121 0.07196969696969698 0.07272727272727272 0.07348484848484849 0.07424242424242425 0.075 0.07575757575757576 0.07651515151515151 0.07727272727272727 0.07803030303030303 0.07878787878787878 0.07954545454545454 0.08030303030303031 0.08106060606060606 0.08181818181818182 0.08257575757575758 0.08333333333333333 0.08409090909090909 0.08484848484848484 0.0856060606060606 0.08636363636363636 0.08712121212121211 0.08787878787878788 0.08863636363636364 0.0893939393939394 0.09015151515151515 0.09090909090909091 0.09166666666666667 0.09242424242424242 0.09318181818181819 0.09393939393939393 0.0946969696969697 0.09545454545454546 0.09621212121212121 0.09696969696969697 0.09772727272727272 0.09848484848484848 0.09924242424242424 0.09999999999999999 0.1007575757575758 0.1015151515151515 0.1022727272727273 0.103030303030303 0.1037878787878788 0.1045454545454546 0.1053030303030303 0.1060606060606061 0.1068181818181818 0.1075757575757576 0.1083333333333333 0.1090909090909091 0.1098484848484848 0.1106060606060606 0.1113636363636364 0.1121212121212121 0.1128787878787879 0.1136363636363636 0.1143939393939394 0.1151515151515151 0.1159090909090909 0.1166666666666667 0.1174242424242424 0.1181818181818182 0.1189393939393939 0.1196969696969697 0.1204545454545455 0.1212121212121212 0.121969696969697 0.1227272727272727 0.1234848484848485 0.1242424242424242 0.125


# name: y
# type: matrix
# rows: 1
# columns: 100
 145714.0236765211 147002.9843025716 148291.944928622 149580.9055546726 150869.866180723 152158.8268067735 153447.787432824 154736.7480588745 156025.708684925 157314.6693109755 158603.629937026 159892.5905630765 161181.5511891269 162470.5118151775 163759.4724412279 165048.4330672784 166337.3936933289 167626.3543193794 168915.3149454299 170204.2755714804 171493.2361975308 172782.1968235814 174071.1574496318 175360.1180756823 176649.0787017328 177938.0393277833 179226.9999538338 180515.9605798843 181804.9212059348 183093.8818319853 184382.8424580357 185671.8030840862 186960.7637101367 188249.7243361872 189538.6849622377 190827.6455882882 192116.6062143387 193405.5668403892 194694.5274664396 195983.4880924901 197272.4487185406 198561.4093445911 199850.3699706416 201139.3305966921 202428.2912227426 203717.2518487931 205006.2124748435 206295.1731008941 207584.1337269445 208873.094352995 210162.0549790455 211451.015605096 212739.9762311465 214028.936857197 215317.8974832474 216606.858109298 217895.8187353484 219184.7793613989 220473.7399874494 221762.7006134999 223051.6612395504 224340.6218656009 225629.5824916514 226918.5431177019 228207.5037437523 229496.4643698029 230785.4249958533 232074.3856219038 233363.3462479543 234652.3068740048 235941.2675000553 237230.2281261058 238519.1887521562 239808.1493782068 241097.1100042572 242386.0706303077 243675.0312563582 244963.9918824087 246252.9525084592 247541.9131345097 248830.8737605601 250119.8343866107 251408.7950126611 252697.7556387116 253986.7162647621 255275.6768908126 256564.6375168631 257853.5981429136 259142.5587689641 260431.5193950146 261720.480021065 263009.4406471155 264298.401273166 265587.3618992165 266876.322525267 268165.2831513175 269454.243777368 270743.2044034185 272032.1650294689 273321.1256555194


# name: QUERY
# type: sq_string
# elements: 1
# length: 2
Q3


# name: DATASIZE
# type: sq_string
# elements: 1
# length: 2
50


