# Created by Octave 3.8.2, Mon May 23 10:02:18 2016 CEST <Andrea@Andreas-MacBook-Pro.local>
# name: x
# type: matrix
# rows: 1
# columns: 100
 0.05 0.05075757575757577 0.05151515151515151 0.05227272727272728 0.05303030303030303 0.05378787878787879 0.05454545454545455 0.05530303030303031 0.05606060606060606 0.05681818181818182 0.05757575757575757 0.05833333333333333 0.0590909090909091 0.05984848484848485 0.06060606060606061 0.06136363636363636 0.06212121212121212 0.06287878787878788 0.06363636363636364 0.06439393939393939 0.06515151515151515 0.06590909090909092 0.06666666666666667 0.06742424242424243 0.06818181818181818 0.06893939393939394 0.0696969696969697 0.07045454545454545 0.07121212121212121 0.07196969696969698 0.07272727272727272 0.07348484848484849 0.07424242424242425 0.075 0.07575757575757576 0.07651515151515151 0.07727272727272727 0.07803030303030303 0.07878787878787878 0.07954545454545454 0.08030303030303031 0.08106060606060606 0.08181818181818182 0.08257575757575758 0.08333333333333333 0.08409090909090909 0.08484848484848484 0.0856060606060606 0.08636363636363636 0.08712121212121211 0.08787878787878788 0.08863636363636364 0.0893939393939394 0.09015151515151515 0.09090909090909091 0.09166666666666667 0.09242424242424242 0.09318181818181819 0.09393939393939393 0.0946969696969697 0.09545454545454546 0.09621212121212121 0.09696969696969697 0.09772727272727272 0.09848484848484848 0.09924242424242424 0.09999999999999999 0.1007575757575758 0.1015151515151515 0.1022727272727273 0.103030303030303 0.1037878787878788 0.1045454545454546 0.1053030303030303 0.1060606060606061 0.1068181818181818 0.1075757575757576 0.1083333333333333 0.1090909090909091 0.1098484848484848 0.1106060606060606 0.1113636363636364 0.1121212121212121 0.1128787878787879 0.1136363636363636 0.1143939393939394 0.1151515151515151 0.1159090909090909 0.1166666666666667 0.1174242424242424 0.1181818181818182 0.1189393939393939 0.1196969696969697 0.1204545454545455 0.1212121212121212 0.121969696969697 0.1227272727272727 0.1234848484848485 0.1242424242424242 0.125


# name: y
# type: matrix
# rows: 100
# columns: 1
 183020.8040450359
 183310.6195696799
 183600.4350943239
 183890.2506189679
 184180.0661436118
 184469.8816682558
 184759.6971928997
 185049.5127175436
 185339.3282421876
 185629.1437668316
 185918.9592914755
 186208.7748161194
 186498.5903407634
 186788.4058654073
 187078.2213900513
 187368.0369146952
 187657.8524393392
 187947.6679639832
 188237.4834886271
 188527.299013271
 188817.114537915
 189106.9300625589
 189396.7455872029
 189686.5611118468
 189976.3766364908
 190266.1921611347
 190556.0076857787
 190845.8232104226
 191135.6387350665
 191425.4542597105
 191715.2697843545
 192005.0853089984
 192294.9008336424
 192584.7163582863
 192874.5318829303
 193164.3474075742
 193454.1629322182
 193743.9784568621
 194033.7939815061
 194323.60950615
 194613.425030794
 194903.2405554379
 195193.0560800819
 195482.8716047258
 195772.6871293698
 196062.5026540137
 196352.3181786577
 196642.1337033016
 196931.9492279456
 197221.7647525895
 197511.5802772335
 197801.3958018774
 198091.2113265214
 198381.0268511653
 198670.8423758092
 198960.6579004532
 199250.4734250972
 199540.2889497411
 199830.1044743851
 200119.919999029
 200409.7355236729
 200699.5510483169
 200989.3665729609
 201279.1820976048
 201568.9976222488
 201858.8131468926
 202148.6286715367
 202438.4441961806
 202728.2597208246
 203018.0752454684
 203307.8907701125
 203597.7062947564
 203887.5218194004
 204177.3373440443
 204467.1528686883
 204756.9683933322
 205046.7839179762
 205336.5994426201
 205626.414967264
 205916.230491908
 206206.046016552
 206495.8615411959
 206785.6770658399
 207075.4925904838
 207365.3081151277
 207655.1236397717
 207944.9391644155
 208234.7546890596
 208524.5702137034
 208814.3857383474
 209104.2012629914
 209394.0167876353
 209683.8323122792
 209973.6478369234
 210263.4633615673
 210553.2788862111
 210843.0944108551
 211132.909935499
 211422.725460143
 211712.540984787


# name: QUERY
# type: sq_string
# elements: 1
# length: 2
Q3


# name: DATASIZE
# type: sq_string
# elements: 1
# length: 2
50


