# Created by Octave 3.8.2, Mon May 23 10:02:18 2016 CEST <Andrea@Andreas-MacBook-Pro.local>
# name: SVs
# type: cell
# rows: 1
# columns: 7
# name: <cell-element>
# type: sparse matrix
# nnz: 238
# rows: 34
# columns: 8
1 1 0.4192135218864088
2 1 0.4192135218864088
3 1 -0.318668207987047
4 1 -1.403788398977423
5 1 -0.318668207987047
6 1 1.28730967467871
7 1 -1.403788398977423
8 1 1.28730967467871
9 1 -0.318668207987047
10 1 1.28730967467871
11 1 -0.318668207987047
12 1 1.28730967467871
13 1 -0.318668207987047
14 1 1.28730967467871
15 1 -0.318668207987047
16 1 0.4192135218864088
17 1 -1.403788398977423
18 1 -1.403788398977423
19 1 -0.318668207987047
20 1 1.28730967467871
21 1 0.4192135218864088
22 1 1.28730967467871
23 1 0.4192135218864088
24 1 -1.403788398977423
25 1 -1.403788398977423
26 1 -1.403788398977423
27 1 0.4192135218864088
28 1 -0.318668207987047
29 1 0.4192135218864088
30 1 -0.318668207987047
31 1 -1.403788398977423
32 1 -0.318668207987047
33 1 0.4192135218864088
34 1 0.4192135218864088
1 3 -0.6316057749786483
2 3 -0.9777860055188934
3 3 0.1661599151853626
4 3 1.504438096671551
5 3 0.1969529711927318
6 3 -0.75767779352003
7 3 1.501354188222382
8 3 -1.113385920313676
9 3 0.1291990422796563
10 3 -1.146480400536843
11 3 0.03138851310826676
12 3 -1.237524742513788
13 3 0.3965785076709983
14 3 -1.148367568393797
15 3 0.1762401532505551
16 3 0.5649967317830521
17 3 1.749309633232394
18 3 1.537762719316297
19 3 0.2971109530642346
20 3 -1.122591617176866
21 3 -0.4591370442467912
22 3 -0.9794430309542675
23 3 -0.7504052929981102
24 3 1.385592550167773
25 3 1.376709052694795
26 3 1.49127395015719
27 3 -0.3874706941668601
28 3 0.2778710466201684
29 3 -0.9562446748590298
30 3 0.1645949467186203
31 3 1.587289368440257
32 3 0.1274959883599662
33 3 -0.7520162899491684
34 3 -0.6422843833399483
1 4 -0.8130554104438755
2 4 -1.87255647512369
3 4 0.2514434893649994
4 4 1.65651486620858
5 4 0.1474485359995065
6 4 -0.07089688511889289
7 4 1.564234838385605
8 4 -0.5713201209214724
9 4 0.2926256508284588
10 4 -0.5060683854764573
11 4 0.5234456684289934
12 4 -1.020765438407634
13 4 0.2833496688289223
14 4 -1.145911230039311
15 4 0.1308957060520578
16 4 0.8362301821461219
17 4 1.841634679388984
18 4 1.306586441812273
19 4 0.2936652005353034
20 4 -0.3927574674303954
21 4 -0.6941868997342983
22 4 -0.1962825728367652
23 4 -1.45209860138608
24 4 1.105313625494744
25 4 1.52409222662899
26 4 1.37927495592933
27 4 -0.2979185480213415
28 4 0.02238270972989411
29 4 -2.062714106114187
30 4 0.5112909333951181
31 4 1.58394630013462
32 4 0.1244584944058278
33 4 -1.193090793657643
34 4 -0.9513155214542078
1 5 -1.659137152615402
2 5 -0.1738604049550133
3 5 -0.009789136318109801
4 5 -0.06735800250649698
5 5 -0.5211925642916159
6 5 -0.09326399229127121
7 5 -0.2928360617443468
8 5 -0.8848359023815949
9 5 -0.174819886058153
10 5 1.328687002561892
11 5 -0.7274810014666699
12 5 0.1926613764443851
13 5 -0.1018993222195293
14 5 -0.2765248829909704
15 5 1.905335145548904
16 5 -1.482592629637682
17 5 -0.07887177574417442
18 5 -0.3532833712421533
19 5 -0.1786578104707122
20 5 0.3346645797090735
21 5 0.00556256133212678
22 5 1.552246099593462
23 5 0.5419124979872674
24 5 -0.7984826030990142
25 5 1.191481204812903
26 5 0.4737893396643425
27 5 0.5457504223998265
28 5 0.7299707942026654
29 5 0.6743208902205579
30 5 2.495416023979872
31 5 -0.50296242333196
32 5 -2.362436801216866
33 5 -0.9942167481395305
34 5 1.098411537808343
1 6 -0.8158273144015358
2 6 -0.5373418438121592
3 6 -1.594356928413101
4 6 0.4533116478733087
5 6 -1.398558426632142
6 6 -0.03719169145560083
7 6 0.6345869256456095
8 6 1.420325147194319
9 6 0.3362777843290866
10 6 -1.008127521348292
11 6 0.9461471837583532
12 6 -1.218661265006648
13 6 -0.4708742419623156
14 6 2.278573479851948
15 6 -1.013427968066781
16 6 -0.939221714007944
17 6 1.223572565004032
18 6 0.4948671501462572
19 6 -0.4427818743543275
20 6 -0.3156771620449774
21 6 0.3660662948869909
22 6 -0.2537679443730338
23 6 -0.1635543412243625
24 6 0.4751494883534806
25 6 -0.1299495090291465
26 6 0.4882945962153317
27 6 1.686937617134282
28 6 -1.785809063884899
29 6 0.5824305299356843
30 6 -0.3775863797169211
31 6 0.6108409243467817
32 6 0.09023104765685849
33 6 -0.434831204276595
34 6 0.7060369474108321
1 7 0.4227830389031459
2 7 0.4227830389031459
3 7 -0.3049917902003814
4 7 -1.412632520161591
5 7 -0.3049917902003814
6 7 1.279591681948806
7 7 -1.412632520161591
8 7 1.279591681948806
9 7 -0.3049917902003814
10 7 1.279591681948806
11 7 -0.3049917902003814
12 7 1.279591681948806
13 7 -0.3049917902003814
14 7 1.279591681948806
15 7 -0.3049917902003814
16 7 0.4227830389031459
17 7 -1.412632520161591
18 7 -1.412632520161591
19 7 -0.3049917902003814
20 7 1.279591681948806
21 7 0.4227830389031459
22 7 1.279591681948806
23 7 0.4227830389031459
24 7 -1.412632520161591
25 7 -1.412632520161591
26 7 -1.412632520161591
27 7 0.4227830389031459
28 7 -0.3049917902003814
29 7 0.4227830389031459
30 7 -0.3049917902003814
31 7 -1.412632520161591
32 7 -0.3049917902003814
33 7 0.4227830389031459
34 7 0.4227830389031459
1 8 -1.046415237738842
2 8 -1.046415237738842
3 8 0.1097638361264526
4 8 1.554987678458071
5 8 0.1097638361264526
6 8 -0.6128480850393565
7 8 1.554987678458071
8 8 -0.6128480850393565
9 8 0.1097638361264526
10 8 -0.6128480850393565
11 8 0.1097638361264526
12 8 -0.6128480850393565
13 8 0.1097638361264526
14 8 -0.6128480850393565
15 8 0.1097638361264526
16 8 -1.046415237738842
17 8 1.554987678458071
18 8 1.554987678458071
19 8 0.1097638361264526
20 8 -0.6128480850393565
21 8 -1.046415237738842
22 8 -0.6128480850393565
23 8 -1.046415237738842
24 8 1.554987678458071
25 8 1.554987678458071
26 8 1.554987678458071
27 8 -1.046415237738842
28 8 0.1097638361264526
29 8 -1.046415237738842
30 8 0.1097638361264526
31 8 1.554987678458071
32 8 0.1097638361264526
33 8 -1.046415237738842
34 8 -1.046415237738842



