# Created by Octave 3.8.2, Mon May 23 10:02:18 2016 CEST <Andrea@Andreas-MacBook-Pro.local>
# name: x
# type: matrix
# rows: 1
# columns: 100
 0.05 0.05075757575757577 0.05151515151515151 0.05227272727272728 0.05303030303030303 0.05378787878787879 0.05454545454545455 0.05530303030303031 0.05606060606060606 0.05681818181818182 0.05757575757575757 0.05833333333333333 0.0590909090909091 0.05984848484848485 0.06060606060606061 0.06136363636363636 0.06212121212121212 0.06287878787878788 0.06363636363636364 0.06439393939393939 0.06515151515151515 0.06590909090909092 0.06666666666666667 0.06742424242424243 0.06818181818181818 0.06893939393939394 0.0696969696969697 0.07045454545454545 0.07121212121212121 0.07196969696969698 0.07272727272727272 0.07348484848484849 0.07424242424242425 0.075 0.07575757575757576 0.07651515151515151 0.07727272727272727 0.07803030303030303 0.07878787878787878 0.07954545454545454 0.08030303030303031 0.08106060606060606 0.08181818181818182 0.08257575757575758 0.08333333333333333 0.08409090909090909 0.08484848484848484 0.0856060606060606 0.08636363636363636 0.08712121212121211 0.08787878787878788 0.08863636363636364 0.0893939393939394 0.09015151515151515 0.09090909090909091 0.09166666666666667 0.09242424242424242 0.09318181818181819 0.09393939393939393 0.0946969696969697 0.09545454545454546 0.09621212121212121 0.09696969696969697 0.09772727272727272 0.09848484848484848 0.09924242424242424 0.09999999999999999 0.1007575757575758 0.1015151515151515 0.1022727272727273 0.103030303030303 0.1037878787878788 0.1045454545454546 0.1053030303030303 0.1060606060606061 0.1068181818181818 0.1075757575757576 0.1083333333333333 0.1090909090909091 0.1098484848484848 0.1106060606060606 0.1113636363636364 0.1121212121212121 0.1128787878787879 0.1136363636363636 0.1143939393939394 0.1151515151515151 0.1159090909090909 0.1166666666666667 0.1174242424242424 0.1181818181818182 0.1189393939393939 0.1196969696969697 0.1204545454545455 0.1212121212121212 0.121969696969697 0.1227272727272727 0.1234848484848485 0.1242424242424242 0.125


# name: y
# type: matrix
# rows: 100
# columns: 1
 188880.6363059764
 188846.8467913268
 188813.9165625801
 188781.8456197363
 188750.6339627954
 188720.2815917573
 188690.7885066221
 188662.1547073899
 188634.3801940605
 188607.464966634
 188581.4090251104
 188556.2123694896
 188531.8749997718
 188508.3969159568
 188485.7781180447
 188464.0186060356
 188443.1183799293
 188423.0774397259
 188403.8957854254
 188385.5734170277
 188368.110334533
 188351.5065379411
 188335.7620272521
 188320.8768024661
 188306.8508635829
 188293.6842106025
 188281.3768435251
 188269.9287623506
 188259.3399670789
 188249.6104577102
 188240.7402342443
 188232.7292966813
 188225.5776450212
 188219.285279264
 188213.8521994097
 188209.2784054582
 188205.5638974097
 188202.708675264
 188200.7127390212
 188199.5760886813
 188199.2987242443
 188199.8806457102
 188201.321853079
 188203.6223463506
 188206.7821255251
 188210.8011906026
 188215.6795415829
 188221.4171784661
 188228.0141012522
 188235.4703099412
 188243.785804533
 188252.9605850278
 188262.9946514254
 188273.8880037259
 188285.6406419293
 188298.2525660356
 188311.7237760448
 188326.0542719569
 188341.2440537718
 188357.2931214897
 188374.2014751104
 188391.969114634
 188410.5960400605
 188430.0822513899
 188450.4277486222
 188471.6325317574
 188493.6966007954
 188516.6199557364
 188540.4025965802
 188565.0445233269
 188590.5457359765
 188616.906234529
 188644.1260189844
 188672.2050893426
 188701.1434456038
 188730.9410877678
 188761.5980158347
 188793.1142298045
 188825.4897296772
 188858.7245154528
 188892.8185871313
 188927.7719447126
 188963.5845881969
 189000.256517584
 189037.787732874
 189076.1782340669
 189115.4280211627
 189155.5370941614
 189196.505453063
 189238.3330978674
 189281.0200285748
 189324.566245185
 189368.9717476981
 189414.2365361141
 189460.360610433
 189507.3439706548
 189555.1866167794
 189603.888548807
 189653.4497667374
 189703.8702705707


# name: QUERY
# type: sq_string
# elements: 1
# length: 2
Q3


# name: DATASIZE
# type: sq_string
# elements: 1
# length: 2
50


