# Created by Octave 3.8.2, Mon May 23 10:02:18 2016 CEST <Andrea@Andreas-MacBook-Pro.local>
# name: x
# type: matrix
# rows: 1
# columns: 100
 0.05 0.05075757575757577 0.05151515151515151 0.05227272727272728 0.05303030303030303 0.05378787878787879 0.05454545454545455 0.05530303030303031 0.05606060606060606 0.05681818181818182 0.05757575757575757 0.05833333333333333 0.0590909090909091 0.05984848484848485 0.06060606060606061 0.06136363636363636 0.06212121212121212 0.06287878787878788 0.06363636363636364 0.06439393939393939 0.06515151515151515 0.06590909090909092 0.06666666666666667 0.06742424242424243 0.06818181818181818 0.06893939393939394 0.0696969696969697 0.07045454545454545 0.07121212121212121 0.07196969696969698 0.07272727272727272 0.07348484848484849 0.07424242424242425 0.075 0.07575757575757576 0.07651515151515151 0.07727272727272727 0.07803030303030303 0.07878787878787878 0.07954545454545454 0.08030303030303031 0.08106060606060606 0.08181818181818182 0.08257575757575758 0.08333333333333333 0.08409090909090909 0.08484848484848484 0.0856060606060606 0.08636363636363636 0.08712121212121211 0.08787878787878788 0.08863636363636364 0.0893939393939394 0.09015151515151515 0.09090909090909091 0.09166666666666667 0.09242424242424242 0.09318181818181819 0.09393939393939393 0.0946969696969697 0.09545454545454546 0.09621212121212121 0.09696969696969697 0.09772727272727272 0.09848484848484848 0.09924242424242424 0.09999999999999999 0.1007575757575758 0.1015151515151515 0.1022727272727273 0.103030303030303 0.1037878787878788 0.1045454545454546 0.1053030303030303 0.1060606060606061 0.1068181818181818 0.1075757575757576 0.1083333333333333 0.1090909090909091 0.1098484848484848 0.1106060606060606 0.1113636363636364 0.1121212121212121 0.1128787878787879 0.1136363636363636 0.1143939393939394 0.1151515151515151 0.1159090909090909 0.1166666666666667 0.1174242424242424 0.1181818181818182 0.1189393939393939 0.1196969696969697 0.1204545454545455 0.1212121212121212 0.121969696969697 0.1227272727272727 0.1234848484848485 0.1242424242424242 0.125


# name: y
# type: matrix
# rows: 100
# columns: 1
 179541.3102700862
 179541.223954052
 179541.1480669765
 179541.0815754822
 179541.0235249677
 179540.9730354984
 179540.9292978072
 179540.891569405
 179540.8591708015
 179540.8314818362
 179540.8079381193
 179540.7880275831
 179540.7712871429
 179540.7572994683
 179540.7456898651
 179540.7361232664
 179540.7283013345
 179540.7219596725
 179540.7168651464
 179540.7128133168
 179540.7096259813
 179540.7071488264
 179540.7052491901
 179540.7038139341
 179540.7027474263
 179540.7019696336
 179540.7014143245
 179540.7010273822
 179540.700765227
 179540.70059335
 179540.7004849558
 179540.700419716
 179540.7003826327
 179540.7003630116
 179540.7003535459
 179540.7003495098
 179540.7003480628
 179540.7003476629
 179540.7003475911
 179540.7003475856
 179540.7003475855
 179540.700347586
 179540.7003476018
 179540.7003477429
 179540.700348398
 179540.7003505304
 179540.7003560821
 179540.7003684891
 179540.7003933067
 179540.7004389443
 179540.7005175111
 179540.7006457711
 179540.7008462091
 179540.7011482061
 179540.701589325
 179540.7022167066
 179540.7030885757
 179540.7042758564
 179540.7058638996
 179540.707954318
 179540.7106669333
 179540.7141418323
 179540.7185415339
 179540.7240532652
 179540.7308913491
 179540.7392997006
 179540.7495544342
 179540.7619665807
 179540.7768849151
 179540.7946988932
 179540.8158416996
 179540.840793405
 179540.8700842341
 179540.9042979432
 179540.9440753081
 179540.9901177226
 179541.0431909057
 179541.1041287207
 179541.173837103
 179541.2532980989
 179541.3435740139
 179541.4458116711
 179541.5612467809
 179541.6912084187
 179541.8371236149
 179542.000522053
 179542.1830408799
 179542.3864296243
 179542.6125552263
 179542.8634071773
 179543.1411027694
 179543.4478924549
 179543.7861653165
 179544.1584546471
 179544.5674436397
 179545.0159711878
 179545.5070377956
 179546.0438115985
 179546.6296344931
 179547.2680283785


# name: QUERY
# type: sq_string
# elements: 1
# length: 2
Q3


# name: DATASIZE
# type: sq_string
# elements: 1
# length: 2
50


