# Created by Octave 3.8.2, Mon May 23 10:02:18 2016 CEST <Andrea@Andreas-MacBook-Pro.local>
# name: x
# type: matrix
# rows: 1
# columns: 100
 0.05 0.05075757575757577 0.05151515151515151 0.05227272727272728 0.05303030303030303 0.05378787878787879 0.05454545454545455 0.05530303030303031 0.05606060606060606 0.05681818181818182 0.05757575757575757 0.05833333333333333 0.0590909090909091 0.05984848484848485 0.06060606060606061 0.06136363636363636 0.06212121212121212 0.06287878787878788 0.06363636363636364 0.06439393939393939 0.06515151515151515 0.06590909090909092 0.06666666666666667 0.06742424242424243 0.06818181818181818 0.06893939393939394 0.0696969696969697 0.07045454545454545 0.07121212121212121 0.07196969696969698 0.07272727272727272 0.07348484848484849 0.07424242424242425 0.075 0.07575757575757576 0.07651515151515151 0.07727272727272727 0.07803030303030303 0.07878787878787878 0.07954545454545454 0.08030303030303031 0.08106060606060606 0.08181818181818182 0.08257575757575758 0.08333333333333333 0.08409090909090909 0.08484848484848484 0.0856060606060606 0.08636363636363636 0.08712121212121211 0.08787878787878788 0.08863636363636364 0.0893939393939394 0.09015151515151515 0.09090909090909091 0.09166666666666667 0.09242424242424242 0.09318181818181819 0.09393939393939393 0.0946969696969697 0.09545454545454546 0.09621212121212121 0.09696969696969697 0.09772727272727272 0.09848484848484848 0.09924242424242424 0.09999999999999999 0.1007575757575758 0.1015151515151515 0.1022727272727273 0.103030303030303 0.1037878787878788 0.1045454545454546 0.1053030303030303 0.1060606060606061 0.1068181818181818 0.1075757575757576 0.1083333333333333 0.1090909090909091 0.1098484848484848 0.1106060606060606 0.1113636363636364 0.1121212121212121 0.1128787878787879 0.1136363636363636 0.1143939393939394 0.1151515151515151 0.1159090909090909 0.1166666666666667 0.1174242424242424 0.1181818181818182 0.1189393939393939 0.1196969696969697 0.1204545454545455 0.1212121212121212 0.121969696969697 0.1227272727272727 0.1234848484848485 0.1242424242424242 0.125


# name: y
# type: matrix
# rows: 100
# columns: 1
 178709.4503068791
 178706.3063004845
 178703.3960825422
 178700.7077656017
 178698.2297724055
 178695.9508358884
 178693.8599991782
 178691.9466155956
 178690.2003486539
 178688.6111720591
 178687.16936971
 178685.8655356983
 178684.6905743083
 178683.6357000173
 178682.692437495
 178681.8526216041
 178681.1083974001
 178680.4522201311
 178679.876855238
 178679.3753783547
 178678.9411753075
 178678.5679421157
 178678.2496849913
 178677.9807203391
 178677.7556747565
 178677.5694850339
 178677.4173981542
 178677.2949712934
 178677.1980718199
 178677.1228772952
 178677.0658754733
 178677.023864301
 178676.9939519181
 178676.9735566568
 178676.9604070424
 178676.9525417927
 178676.9483098185
 178676.9463702231
 178676.9456923027
 178676.9455555464
 178676.9455496358
 178676.9455744455
 178676.9458400426
 178676.9468666873
 178676.9494848322
 178676.9548351229
 178676.9643683977
 178676.9798456877
 178677.0033382168
 178677.0372274014
 178677.084204851
 178677.1472723676
 178677.2297419462
 178677.3352357743
 178677.4676862324
 178677.6313358937
 178677.8307375241
 178678.0707540822
 178678.3565587196
 178678.6936347804
 178679.0877758016
 178679.545085513
 178680.071977837
 178680.675176889
 178681.361716977
 178682.1389426017
 178683.0145084567
 178683.9963794284
 178685.0928305957
 178686.3124472307
 178687.6641247978
 178689.1570689544
 178690.8007955507
 178692.6051306296
 178694.5802104267
 178696.7364813704
 178699.0847000819
 178701.6359333752
 178704.4015582571
 178707.3932619268
 178710.6230417767
 178714.1032053918
 178717.8463705498
 178721.8654652213
 178726.1737275696
 178730.7847059506
 178735.7122589133
 178740.9705551991
 178746.5740737424
 178752.5376036704
 178758.8762443028
 178765.6054051523
 178772.7408059242
 178780.2984765168
 178788.294757021
 178796.7462977203
 178805.6700590914
 178815.0833118032
 178825.0036367179
 178835.4489248901


# name: QUERY
# type: sq_string
# elements: 1
# length: 2
Q3


# name: DATASIZE
# type: sq_string
# elements: 1
# length: 2
50


