# Created by Octave 3.8.2, Mon May 23 10:02:18 2016 CEST <Andrea@Andreas-MacBook-Pro.local>
# name: x
# type: matrix
# rows: 1
# columns: 100
 0.05 0.05075757575757577 0.05151515151515151 0.05227272727272728 0.05303030303030303 0.05378787878787879 0.05454545454545455 0.05530303030303031 0.05606060606060606 0.05681818181818182 0.05757575757575757 0.05833333333333333 0.0590909090909091 0.05984848484848485 0.06060606060606061 0.06136363636363636 0.06212121212121212 0.06287878787878788 0.06363636363636364 0.06439393939393939 0.06515151515151515 0.06590909090909092 0.06666666666666667 0.06742424242424243 0.06818181818181818 0.06893939393939394 0.0696969696969697 0.07045454545454545 0.07121212121212121 0.07196969696969698 0.07272727272727272 0.07348484848484849 0.07424242424242425 0.075 0.07575757575757576 0.07651515151515151 0.07727272727272727 0.07803030303030303 0.07878787878787878 0.07954545454545454 0.08030303030303031 0.08106060606060606 0.08181818181818182 0.08257575757575758 0.08333333333333333 0.08409090909090909 0.08484848484848484 0.0856060606060606 0.08636363636363636 0.08712121212121211 0.08787878787878788 0.08863636363636364 0.0893939393939394 0.09015151515151515 0.09090909090909091 0.09166666666666667 0.09242424242424242 0.09318181818181819 0.09393939393939393 0.0946969696969697 0.09545454545454546 0.09621212121212121 0.09696969696969697 0.09772727272727272 0.09848484848484848 0.09924242424242424 0.09999999999999999 0.1007575757575758 0.1015151515151515 0.1022727272727273 0.103030303030303 0.1037878787878788 0.1045454545454546 0.1053030303030303 0.1060606060606061 0.1068181818181818 0.1075757575757576 0.1083333333333333 0.1090909090909091 0.1098484848484848 0.1106060606060606 0.1113636363636364 0.1121212121212121 0.1128787878787879 0.1136363636363636 0.1143939393939394 0.1151515151515151 0.1159090909090909 0.1166666666666667 0.1174242424242424 0.1181818181818182 0.1189393939393939 0.1196969696969697 0.1204545454545455 0.1212121212121212 0.121969696969697 0.1227272727272727 0.1234848484848485 0.1242424242424242 0.125


# name: y
# type: matrix
# rows: 100
# columns: 1
 190453.481757059
 190544.3383353711
 190630.6328523526
 190712.4828178976
 190790.0057419001
 190863.3191342542
 190932.540504854
 190997.7873635935
 191059.1772203668
 191116.8275850681
 191170.8559675913
 191221.3798778305
 191268.5168256798
 191312.3843210333
 191353.0998737851
 191390.7809938292
 191425.5451910597
 191457.5099753706
 191486.7928566561
 191513.5113448102
 191537.782949727
 191559.7251813005
 191579.4555494249
 191597.0915639942
 191612.7507349024
 191626.5505720436
 191638.608585312
 191649.0422846016
 191657.9691798064
 191665.5067808205
 191671.7725975381
 191676.8841398531
 191680.9589176596
 191684.1144408518
 191686.4682193237
 191688.1377629693
 191689.2405816828
 191689.8941853581
 191690.2160838894
 191690.3237871708
 191690.3348050963
 191690.36664756
 191690.536824456
 191690.9628456782
 191691.7622211209
 191693.0524606781
 191694.9510742438
 191697.5755717121
 191701.0434629772
 191705.472257933
 191710.9794664736
 191717.6825984931
 191725.6991638856
 191735.1466725452
 191746.1426343659
 191758.8045592418
 191773.2499570669
 191789.5963377354
 191807.9612111413
 191828.4620871787
 191851.2164757416
 191876.3418867242
 191903.9558300205
 191934.1758155245
 191967.1193531304
 192002.9039527322
 192041.647124224
 192083.4663774998
 192128.4792224538
 192176.8031689799
 192228.5557269724
 192283.8544063251
 192342.8167169323
 192405.560168688
 192472.2022714863
 192542.8605352212
 192617.6524697868
 192696.6955850771
 192780.1073909863
 192868.0053974084
 192960.5071142376
 193057.7300513677
 193159.7917186931
 193266.8096261076
 193378.9012835054
 193496.1842007805
 193618.7758878271
 193746.7938545392
 193880.3556108108
 194019.5786665361
 194164.5805316091
 194315.4787159238
 194472.3907293744
 194635.434081855
 194804.7262832595
 194980.3848434821
 195162.5272724169
 195351.2710799578
 195546.7337759991
 195749.0328704347


# name: QUERY
# type: sq_string
# elements: 1
# length: 2
Q3


# name: DATASIZE
# type: sq_string
# elements: 1
# length: 2
50


