# Created by Octave 4.0.0, Wed May 11 16:45:21 2016 CEST <peter@Independence>
# name: mu
# type: matrix
# rows: 1
# columns: 2
 225304.7430939226 559.3922651933701


