# Created by Octave 4.0.0, Wed May 11 16:45:21 2016 CEST <peter@Independence>
# name: sigma
# type: matrix
# rows: 1
# columns: 2
 341631.503624164 273.345267336869


