# Created by Octave 4.0.0, Wed May 11 16:45:27 2016 CEST <peter@Independence>
# name: y
# type: matrix
# rows: 100
# columns: 1
 -37482.04593816141
 -22769.70470685395
 -8777.706635537819
 4512.029278718779
 17117.58403880036
 29057.038647646
 40348.47410811772
 51009.97142316075
 61059.61159563399
 70515.47562849609
 79395.64452461721
 87718.19928691277
 95501.22091831615
 102762.7904216839
 109520.9887999457
 115793.8970560173
 121599.5961927965
 126956.1672131979
 131881.6911201038
 136394.2489164451
 140511.9216051197
 144252.7901890241
 147634.9356710776
 150676.4390541816
 153395.3813412461
 155809.8435351665
 157937.9066388588
 159797.6516552229
 161407.1595871716
 162784.5114376064
 163947.788209435
 164915.0709055619
 165704.4405288947
 166333.9780823394
 166821.7645688017
 167185.8809911878
 167444.4083524041
 167615.4276553564
 167717.0199029509
 167767.2660980939
 167784.2472436912
 167786.0443426492
 167790.7383978739
 167816.4104122715
 167881.1413887481
 168003.0123302097
 168200.1042395625
 168490.4981197128
 168892.2749735666
 169423.5158040298
 170102.3016140087
 170946.7134064092
 171974.8321841375
 173204.738950102
 174654.5147072025
 176342.2404583523
 178285.997206454
 180503.8659544153
 183013.927705142
 185834.2634615368
 188982.9542265088
 192478.0810029643
 196337.7247938112
 200579.9666019469
 205222.8874302876
 210284.5682817406
 215783.0901592025
 221736.5340655841
 228162.9810037994
 235080.5119767284
 242507.2079873091
 250461.1500384387
 258960.419133003
 268023.096273926
 277667.2624641187
 287910.9987064659
 298772.3860039349
 310269.5053593458
 322420.4377756479
 335243.264255778
 348756.0658025787
 362976.9234189562
 377923.9181079008
 393615.1308722046
 410068.642714879
 427302.5346387398
 445334.8876467729
 464183.7827418574
 483867.3009268176
 504403.5232047231
 525810.5305783291
 548106.4040506337
 571309.2246244721
 595437.0733027755
 620508.0310885712
 646540.1789845292
 673551.5979938103
 701560.3691190265
 730584.5733633528
 760642.2917297096


