# Created by Octave 4.0.0, Wed May 11 13:54:54 2016 CEST <peter@Independence>
# name: y
# type: matrix
# rows: 1
# columns: 100
 2143454.007633495 2137796.5708977 2132139.134161905 2126481.697426111 2120824.260690316 2115166.823954521 2109509.387218726 2103851.950482931 2098194.513747136 2092537.077011341 2086879.640275546 2081222.203539751 2075564.766803957 2069907.330068162 2064249.893332367 2058592.456596572 2052935.019860777 2047277.583124982 2041620.146389187 2035962.709653392 2030305.272917598 2024647.836181802 2018990.399446008 2013332.962710213 2007675.525974418 2002018.089238623 1996360.652502828 1990703.215767033 1985045.779031238 1979388.342295443 1973730.905559649 1968073.468823854 1962416.032088059 1956758.595352264 1951101.158616469 1945443.721880674 1939786.285144879 1934128.848409084 1928471.411673289 1922813.974937495 1917156.5382017 1911499.101465905 1905841.66473011 1900184.227994315 1894526.79125852 1888869.354522725 1883211.91778693 1877554.481051136 1871897.044315341 1866239.607579546 1860582.170843751 1854924.734107956 1849267.297372161 1843609.860636366 1837952.423900571 1832294.987164777 1826637.550428982 1820980.113693187 1815322.676957392 1809665.240221597 1804007.803485802 1798350.366750007 1792692.930014212 1787035.493278418 1781378.056542623 1775720.619806828 1770063.183071033 1764405.746335238 1758748.309599443 1753090.872863648 1747433.436127853 1741775.999392058 1736118.562656264 1730461.125920468 1724803.689184674 1719146.252448879 1713488.815713084 1707831.378977289 1702173.942241494 1696516.505505699 1690859.068769904 1685201.632034109 1679544.195298315 1673886.75856252 1668229.321826725 1662571.88509093 1656914.448355135 1651257.01161934 1645599.574883545 1639942.13814775 1634284.701411956 1628627.264676161 1622969.827940366 1617312.391204571 1611654.954468776 1605997.517732981 1600340.080997186 1594682.644261391 1589025.207525596 1583367.770789802


