# Created by Octave 4.0.0, Wed May 11 13:54:54 2016 CEST <peter@Independence>
# name: y
# type: matrix
# rows: 100
# columns: 1
 1851101.903838702
 1847948.972122628
 1844894.982466778
 1841942.333117484
 1839093.362161815
 1836350.34475621
 1833715.490411444
 1831190.940338194
 1828778.764857382
 1826480.960879437
 1824299.449456494
 1822236.073411468
 1820292.595047854
 1818470.693943949
 1816771.964835142
 1815197.915587736
 1813749.965267656
 1812429.442307264
 1811237.58277336
 1810175.528739264
 1809244.326763779
 1808444.926479597
 1807778.179293606
 1807244.837201348
 1806845.551717699
 1806580.872925696
 1806451.248645183
 1806457.023722834
 1806598.439444853
 1806875.633073498
 1807288.637508351
 1807837.381073068
 1808521.687428141
 1809341.275609977
 1810295.760196438
 1811384.651598724
 1812607.356479333
 1813963.17829558
 1815451.317967975
 1817070.874672557
 1818820.84675607
 1820700.132772669
 1822707.532640661
 1824841.748917563
 1827101.388191596
 1829484.962587531
 1831990.891384622
 1834617.502744179
 1837363.03554417
 1840225.64131805
 1843203.386294889
 1846294.253537652
 1849496.145176403
 1852806.884732997
 1856224.219533722
 1859745.823206211
 1863369.298256809
 1867092.178724469
 1870911.932907149
 1874825.966156562
 1878831.623737044
 1882926.19374423
 1887106.91007912
 1891370.955473088
 1895715.464559278
 1900137.526985821
 1904634.190566242
 1909202.464462382
 1913839.322395151
 1918541.705878403
 1923306.527471212
 1928130.674043833
 1933011.01005262
 1937944.380819229
 1942927.615809417
 1947957.531906801
 1953030.936676992
 1958144.631617538
 1963295.415389205
 1968480.087024156
 1973695.449106687
 1978938.310922245
 1984205.491570537
 1989493.823038649
 1994800.153230183
 2000121.34894652
 2005454.298816462
 2010795.916170571
 2016143.141856712
 2021492.946993384
 2026842.335657579
 2032188.347504064
 2037528.060313092
 2042858.592463709
 2048177.105330003
 2053480.805597737
 2058766.947499026
 2064032.834962837
 2069275.82367927
 2074493.323075737


