# Created by Octave 4.0.0, Wed May 11 13:54:54 2016 CEST <peter@Independence>
# name: y
# type: matrix
# rows: 100
# columns: 1
 1679708.700667194
 1681070.402075987
 1682375.876188258
 1683626.308519296
 1684822.884584389
 1685966.789898824
 1687059.209977891
 1688101.330336877
 1689094.33649107
 1690039.413955758
 1690937.74824623
 1691790.524877773
 1692598.929365676
 1693364.147225226
 1694087.363971713
 1694769.765120423
 1695412.536186645
 1696016.862685667
 1696583.930132778
 1697114.924043265
 1697611.029932416
 1698073.43331552
 1698503.319707864
 1698901.874624738
 1699270.283581428
 1699609.732093222
 1699921.405675411
 1700206.48984328
 1700466.170112118
 1700701.631997214
 1700914.061013855
 1701104.64267733
 1701274.562502926
 1701425.006005932
 1701557.158701636
 1701672.206105326
 1701771.33373229
 1701855.727097816
 1701926.571717193
 1701985.053105708
 1702032.356778649
 1702069.668251304
 1702098.173038963
 1702119.056656912
 1702133.50462044
 1702142.702444836
 1702147.835645386
 1702150.089737379
 1702150.650236104
 1702150.702656848
 1702151.432514899
 1702154.025325546
 1702159.666604077
 1702169.54186578
 1702184.836625942
 1702206.736399853
 1702236.426702799
 1702275.09305007
 1702323.920956953
 1702384.095938737
 1702456.803510709
 1702543.229188157
 1702644.558486371
 1702761.976920637
 1702896.670006244
 1703049.82325848
 1703222.622192633
 1703416.252323991
 1703631.899167843
 1703870.748239476
 1704133.985054179
 1704422.795127239
 1704738.363973945
 1705081.877109585
 1705454.520049447
 1705857.478308819
 1706291.937402989
 1706759.082847245
 1707260.100156876
 1707796.174847169
 1708368.492433412
 1708978.238430895
 1709626.598354904
 1710314.757720727
 1711043.902043654
 1711815.216838972
 1712629.887621969
 1713489.099907934
 1714394.039212153
 1715345.891049916
 1716345.840936511
 1717395.074387225
 1718494.776917347
 1719646.134042165
 1720850.331276967
 1722108.554137042
 1723421.988137676
 1724791.818794158
 1726219.231621777
 1727705.412135821


