# Created by Octave 4.0.0, Wed May 11 13:54:54 2016 CEST <peter@Independence>
# name: y
# type: matrix
# rows: 100
# columns: 1
 2031095.215809264
 2027535.529165228
 2023975.84252119
 2020416.155877153
 2016856.469233117
 2013296.782589079
 2009737.095945043
 2006177.409301006
 2002617.722656969
 1999058.036012932
 1995498.349368894
 1991938.662724859
 1988378.976080821
 1984819.289436784
 1981259.602792748
 1977699.916148709
 1974140.229504674
 1970580.542860637
 1967020.856216599
 1963461.169572562
 1959901.482928525
 1956341.796284488
 1952782.109640452
 1949222.422996415
 1945662.736352378
 1942103.049708341
 1938543.363064304
 1934983.676420267
 1931423.98977623
 1927864.303132193
 1924304.616488156
 1920744.929844118
 1917185.243200083
 1913625.556556045
 1910065.869912008
 1906506.183267971
 1902946.496623934
 1899386.809979898
 1895827.12333586
 1892267.436691823
 1888707.750047787
 1885148.06340375
 1881588.376759713
 1878028.690115676
 1874469.003471639
 1870909.316827602
 1867349.630183565
 1863789.943539528
 1860230.256895491
 1856670.570251454
 1853110.883607417
 1849551.19696338
 1845991.510319343
 1842431.823675306
 1838872.137031269
 1835312.450387232
 1831752.763743195
 1828193.077099159
 1824633.390455121
 1821073.703811084
 1817514.017167048
 1813954.330523011
 1810394.643878974
 1806834.957234937
 1803275.2705909
 1799715.583946863
 1796155.897302826
 1792596.210658788
 1789036.524014752
 1785476.837370715
 1781917.150726678
 1778357.464082641
 1774797.777438604
 1771238.090794567
 1767678.40415053
 1764118.717506493
 1760559.030862456
 1756999.34421842
 1753439.657574383
 1749879.970930345
 1746320.284286309
 1742760.597642272
 1739200.910998234
 1735641.224354198
 1732081.537710161
 1728521.851066123
 1724962.164422087
 1721402.47777805
 1717842.791134013
 1714283.104489976
 1710723.417845939
 1707163.731201902
 1703604.044557865
 1700044.357913829
 1696484.671269792
 1692924.984625754
 1689365.297981717
 1685805.61133768
 1682245.924693643
 1678686.238049608


