# Created by Octave 3.8.2, Wed May 18 21:51:03 2016 CEST <Andrea@Andreas-MacBook-Pro.local>
# name: SVs
# type: cell
# rows: 1
# columns: 7
# name: <cell-element>
# type: sparse matrix
# nnz: 88
# rows: 8
# columns: 20
1 2 0.8678295844714853
2 2 0.4093832337587974
3 2 0.2086858469770346
4 2 0.3968597168236154
5 2 -0.2781257344008091
6 2 0.1440345287817361
7 2 0.5983063738493634
8 2 0.6108298907845454
1 3 0.1201071842267067
2 3 0.9136687882501687
3 3 -2.129949345952708
4 3 0.5897023156178549
5 3 0.2821945898266682
6 3 -1.207842845714366
7 3 1.0614850019689
8 3 1.894214256702892
1 4 -0.02451779138863404
2 4 0.4413202449953994
3 4 0.9071582813794328
4 4 0.9071582813794328
5 4 -1.887869936924768
6 4 -0.4903558277726675
7 4 -0.02451779138863404
8 4 0.4413202449953994
1 5 0.286566002909895
2 5 0.176252606710138
3 5 0.1112464982352811
4 5 0.8952595640835542
5 5 -1.236152841061751
6 5 -0.7298931477878662
7 5 1.035121191408246
8 5 0.07578862088535925
1 6 -0.02072984254786623
2 6 -0.005890269232596044
3 6 1.160871182680522
4 6 0.0658343351245432
5 6 -1.228300121077978
6 6 -0.3292693043945256
7 6 1.625226164337519
8 6 -0.5197104952738263
1 7 0.02099655264929367
2 7 -0.4092351103705928
3 7 -0.5166191529995461
4 7 -0.07456411741040955
5 7 1.836649283783655
6 7 -1.485440211173975
7 7 1.067712771279958
8 7 0.4713974982873126
1 8 0.9409937561804917
2 8 -0.4126633265850224
3 8 1.642283002940552
4 8 0.7850052848518301
5 8 0.06699710478674414
6 8 -0.3196797024403238
7 8 1.359378885192953
8 8 0.4224597458926068
1 12 -1.052852902340764
2 12 0.7019425495180119
3 12 0.912610605084171
4 12 2.887334246819707
5 12 -0.3907532991328353
6 12 -1.082948338850215
7 12 0.3292221435163458
8 12 -0.543545515257742
1 13 -1.052852902340764
2 13 0.7019425495180119
3 13 0.912610605084171
4 13 2.887334246819707
5 13 -0.3907532991328353
6 13 -1.082948338850215
7 13 0.3292221435163458
8 13 -0.543545515257742
1 14 -1.400542711282721
2 14 0.4349160050043891
3 14 1.316360731950599
4 14 -1.564664871894732
5 14 -1.490369824425257
6 14 -0.7890107700328152
7 14 0.8480689519078108
8 14 -0.3302108079013421
1 15 -1.400542711282721
2 15 0.4349160050043891
3 15 1.316360731950599
4 15 -1.564664871894732
5 15 -1.490369824425257
6 15 -0.7890107700328152
7 15 0.8480689519078108
8 15 -0.3302108079013421



# name: <cell-element>
# type: sparse matrix
# nnz: 44
# rows: 4
# columns: 20
1 2 0.4548746414293303
2 2 -0.2781257344008091
3 2 0.1440345287817361
4 2 0.5983063738493634
1 3 0.1188571528210515
2 3 0.2821945898266682
3 3 -1.207842845714366
4 3 1.0614850019689
1 4 0.4413202449953994
2 4 -1.887869936924768
3 4 -0.4903558277726675
4 4 -0.02451779138863404
1 5 1.226199752682825
2 5 -1.236152841061751
3 5 -0.7298931477878662
4 5 1.035121191408246
1 6 1.260419987003793
2 6 -1.228300121077978
3 6 -0.3292693043945256
4 6 1.625226164337519
1 7 0.3616487811445093
2 7 1.836649283783655
3 7 -1.485440211173975
4 7 1.067712771279958
1 8 1.376262537052708
2 8 0.06699710478674414
3 8 -0.3196797024403238
4 8 1.359378885192953
1 12 0.3755228150693478
2 12 -0.3907532991328353
3 12 -1.082948338850215
4 12 0.3292221435163458
1 13 0.3755228150693478
2 13 -0.3907532991328353
3 13 -1.082948338850215
4 13 0.3292221435163458
1 14 0.7501306489137876
2 14 -1.490369824425257
3 14 -0.7890107700328152
4 14 0.8480689519078108
1 15 0.7501306489137876
2 15 -1.490369824425257
3 15 -0.7890107700328152
4 15 0.8480689519078108



# name: <cell-element>
# type: sparse matrix
# nnz: 121
# rows: 11
# columns: 20
1 2 0.8678295844714853
2 2 0.4093832337587974
3 2 0.2086858469770346
4 2 0.3968597168236154
5 2 0.2577095286549265
6 2 0.4548746414293303
7 2 -0.2781257344008091
8 2 0.1440345287817361
9 2 0.5983063738493634
10 2 0.6108298907845454
11 2 -0.05709101242516108
1 3 0.1201071842267067
2 3 0.9136687882501687
3 3 -2.129949345952708
4 3 0.5897023156178549
5 3 -1.080235473053728
6 3 0.1188571528210515
7 3 0.2821945898266682
8 3 -1.207842845714366
9 3 1.0614850019689
10 3 1.894214256702892
11 3 0.06781420375679624
1 4 -0.02451779138863404
2 4 0.4413202449953994
3 4 0.9071582813794328
4 4 0.9071582813794328
5 4 0.9071582813794328
6 4 0.4413202449953994
7 4 -1.887869936924768
8 4 -0.4903558277726675
9 4 -0.02451779138863404
10 4 0.4413202449953994
11 4 0.9071582813794328
1 5 0.286566002909895
2 5 0.176252606710138
3 5 0.1112464982352811
4 5 0.8952595640835542
5 5 0.855861922583641
6 5 1.226199752682825
7 5 -1.236152841061751
8 5 -0.7298931477878662
9 5 1.035121191408246
10 5 0.07578862088535925
11 5 0.3358130547847865
1 6 -0.02072984254786623
2 6 -0.005890269232596044
3 6 1.160871182680522
4 6 0.0658343351245432
5 6 -0.3577118199154601
6 6 1.260419987003793
7 6 -1.228300121077978
8 6 -0.3292693043945256
9 6 1.625226164337519
10 6 -0.5197104952738263
11 6 0.2377260593597562
1 7 0.02099655264929367
2 7 -0.4092351103705928
3 7 -0.5166191529995461
4 7 -0.07456411741040955
5 7 -1.712031669001132
6 7 0.3616487811445093
7 7 1.836649283783655
8 7 -1.485440211173975
9 7 1.067712771279958
10 7 0.4713974982873126
11 7 -0.3113097657970396
1 8 0.9409937561804917
2 8 -0.4126633265850224
3 8 1.642283002940552
4 8 0.7850052848518301
5 8 -1.187664126586451
6 8 1.376262537052708
7 8 0.06699710478674414
8 8 -0.3196797024403238
9 8 1.359378885192953
10 8 0.4224597458926068
11 8 -0.3859789207188732
1 12 -1.052852902340764
2 12 0.7019425495180119
3 12 0.912610605084171
4 12 2.887334246819707
5 12 0.03752791273243321
6 12 0.3755228150693478
7 12 -0.3907532991328353
8 12 -1.082948338850215
9 12 0.3292221435163458
10 12 -0.543545515257742
11 12 -0.3050970567597816
1 13 -1.052852902340764
2 13 0.7019425495180119
3 13 0.912610605084171
4 13 2.887334246819707
5 13 0.03752791273243321
6 13 0.3755228150693478
7 13 -0.3907532991328353
8 13 -1.082948338850215
9 13 0.3292221435163458
10 13 -0.543545515257742
11 13 -0.3050970567597816
1 14 -1.400542711282721
2 14 0.4349160050043891
3 14 1.316360731950599
4 14 -1.564664871894732
5 14 0.6387312223364447
6 14 0.7501306489137876
7 14 -1.490369824425257
8 14 -0.7890107700328152
9 14 0.8480689519078108
10 14 -0.3302108079013421
11 14 -0.1370954580329507
1 15 -1.400542711282721
2 15 0.4349160050043891
3 15 1.316360731950599
4 15 -1.564664871894732
5 15 0.6387312223364447
6 15 0.7501306489137876
7 15 -1.490369824425257
8 15 -0.7890107700328152
9 15 0.8480689519078108
10 15 -0.3302108079013421
11 15 -0.1370954580329507



# name: <cell-element>
# type: sparse matrix
# nnz: 44
# rows: 4
# columns: 20
1 2 0.4548746414293303
2 2 -0.2781257344008091
3 2 0.1440345287817361
4 2 0.5983063738493634
1 3 0.1188571528210515
2 3 0.2821945898266682
3 3 -1.207842845714366
4 3 1.0614850019689
1 4 0.4413202449953994
2 4 -1.887869936924768
3 4 -0.4903558277726675
4 4 -0.02451779138863404
1 5 1.226199752682825
2 5 -1.236152841061751
3 5 -0.7298931477878662
4 5 1.035121191408246
1 6 1.260419987003793
2 6 -1.228300121077978
3 6 -0.3292693043945256
4 6 1.625226164337519
1 7 0.3616487811445093
2 7 1.836649283783655
3 7 -1.485440211173975
4 7 1.067712771279958
1 8 1.376262537052708
2 8 0.06699710478674414
3 8 -0.3196797024403238
4 8 1.359378885192953
1 12 0.3755228150693478
2 12 -0.3907532991328353
3 12 -1.082948338850215
4 12 0.3292221435163458
1 13 0.3755228150693478
2 13 -0.3907532991328353
3 13 -1.082948338850215
4 13 0.3292221435163458
1 14 0.7501306489137876
2 14 -1.490369824425257
3 14 -0.7890107700328152
4 14 0.8480689519078108
1 15 0.7501306489137876
2 15 -1.490369824425257
3 15 -0.7890107700328152
4 15 0.8480689519078108



