# Created by Octave 3.8.2, Wed May 18 21:50:51 2016 CEST <Andrea@Andreas-MacBook-Pro.local>
# name: mu
# type: matrix
# rows: 1
# columns: 21
 369250.5263157895 25 102637.3684210526 160537 18.05263157894737 3041.526315789474 6922.526315789473 71427.05263157895 120880.5263157895 17589384 17720077 1 849.7894736842105 849.7894736842105 32034.78947368421 32034.78947368421 5069 5069 1 50 8


# name: sigma
# type: matrix
# rows: 1
# columns: 21
 25274.69673489547 0 9342.423586406059 9599.7588106276 2.146668846027007 507.6446010110542 1617.297174933161 7189.150092509655 12141.9229502507 0 0 0 431.9591774625839 431.9591774625839 11588.92859384406 11588.92859384406 0 0 0 0 0


