# Created by Octave 3.8.2, Wed May 18 17:58:02 2016 CEST <Andrea@Andreas-MacBook-Pro.local>
# name: x
# type: matrix
# rows: 1
# columns: 100
 0.008333333333333333 0.008417508417508417 0.008501683501683501 0.008585858585858586 0.00867003367003367 0.008754208754208754 0.008838383838383838 0.008922558922558922 0.009006734006734006 0.00909090909090909 0.009175084175084175 0.009259259259259259 0.009343434343434343 0.009427609427609427 0.009511784511784511 0.009595959595959595 0.009680134680134679 0.009764309764309764 0.009848484848484848 0.009932659932659932 0.01001683501683502 0.0101010101010101 0.01018518518518518 0.01026936026936027 0.01035353535353535 0.01043771043771044 0.01052188552188552 0.0106060606060606 0.01069023569023569 0.01077441077441077 0.01085858585858586 0.01094276094276094 0.01102693602693603 0.01111111111111111 0.01119528619528619 0.01127946127946128 0.01136363636363636 0.01144781144781145 0.01153198653198653 0.01161616161616161 0.0117003367003367 0.01178451178451178 0.01186868686868687 0.01195286195286195 0.01203703703703704 0.01212121212121212 0.01220538720538721 0.01228956228956229 0.01237373737373737 0.01245791245791246 0.01254208754208754 0.01262626262626263 0.01271043771043771 0.01279461279461279 0.01287878787878788 0.01296296296296296 0.01304713804713805 0.01313131313131313 0.01321548821548822 0.0132996632996633 0.01338383838383838 0.01346801346801347 0.01355218855218855 0.01363636363636364 0.01372053872053872 0.0138047138047138 0.01388888888888889 0.01397306397306397 0.01405723905723906 0.01414141414141414 0.01422558922558922 0.01430976430976431 0.01439393939393939 0.01447811447811448 0.01456228956228956 0.01464646464646465 0.01473063973063973 0.01481481481481481 0.0148989898989899 0.01498316498316498 0.01506734006734007 0.01515151515151515 0.01523569023569023 0.01531986531986532 0.0154040404040404 0.01548821548821549 0.01557239057239057 0.01565656565656566 0.01574074074074074 0.01582491582491583 0.01590909090909091 0.01599326599326599 0.01607744107744108 0.01616161616161616 0.01624579124579124 0.01632996632996633 0.01641414141414141 0.0164983164983165 0.01658249158249158 0.01666666666666667


# name: y
# type: matrix
# rows: 100
# columns: 1
 23863.7383677976
 23864.01955134204
 23863.54762244992
 23862.30625222108
 23860.28223343182
 23857.46561334841
 23853.84980826478
 23849.43169877314
 23844.21170489997
 23838.19384036642
 23831.38574536137
 23823.79869734711
 23815.44759955026
 23806.35094692533
 23796.53076951353
 23786.01255325666
 23774.82513846347
 23763.00059626555
 23750.57408353993
 23737.58367691757
 23724.07018664008
 23710.07695117079
 23695.64961361148
 23680.83588112065
 23665.68526867416
 23650.24882865165
 23634.57886787297
 23618.72865384491
 23602.75211210964
 23586.70351670933
 23570.63717589555
 23554.60711531449
 23538.66676098737
 23522.86862447826
 23507.26399269572
 23491.90262480818
 23476.83245876458
 23462.09932989815
 23447.74670405217
 23433.81542760003
 23420.34349663695
 23407.36584749738
 23394.91417059996
 23383.01674944148
 23371.6983263536
 23360.97999640288
 23350.87913055758
 23341.40932896663
 23332.58040489994
 23324.39839958855
 23316.86562788158
 23309.9807543089
 23303.73889880841
 23298.13177104933
 23293.14783196279
 23288.77248078275
 23284.98826560931
 23281.7751152361
 23279.11058973913
 23276.97014710967
 23275.32742303127
 23274.15452075558
 23273.42230792362
 23273.10071711255
 23273.15904686225
 23273.56625995282
 23274.29127576326
 23275.30325364185
 23276.57186435903
 23278.06754689187
 23279.76174800287
 23281.62714232106
 23283.63783090725
 23285.76951658333
 23287.9996546228
 23290.30757773209
 23292.67459459447
 23295.08406159489
 23297.52142769068
 23299.97425273402
 23302.43219988218
 23304.88700304752
 23307.33241063477
 23309.76410708599
 23312.17961399884
 23314.57817279946
 23316.96061113409
 23319.32919529141
 23321.68747108028
 23324.04009566233
 23326.39266287763
 23328.75152460285
 23331.1236106476
 23333.51624962611
 23335.9369931408
 23338.39344548395
 23340.89310090634
 23343.44319032053
 23346.05053910496
 23348.72143745702


# name: QUERY
# type: sq_string
# elements: 1
# length: 2
R5


# name: DATASIZE
# type: sq_string
# elements: 1
# length: 3
500


