# Created by Octave 4.0.0, Mon May 23 13:38:29 2016 CEST <peter@Independence>
# name: x
# type: matrix
# rows: 1
# columns: 100
 0.008333333333333333 0.008417508417508417 0.008501683501683501 0.008585858585858586 0.00867003367003367 0.008754208754208754 0.008838383838383838 0.008922558922558922 0.009006734006734006 0.00909090909090909 0.009175084175084175 0.009259259259259259 0.009343434343434343 0.009427609427609427 0.009511784511784511 0.009595959595959595 0.009680134680134679 0.009764309764309764 0.009848484848484848 0.009932659932659932 0.01001683501683502 0.0101010101010101 0.01018518518518518 0.01026936026936027 0.01035353535353535 0.01043771043771044 0.01052188552188552 0.0106060606060606 0.01069023569023569 0.01077441077441077 0.01085858585858586 0.01094276094276094 0.01102693602693603 0.01111111111111111 0.01119528619528619 0.01127946127946128 0.01136363636363636 0.01144781144781145 0.01153198653198653 0.01161616161616161 0.0117003367003367 0.01178451178451178 0.01186868686868687 0.01195286195286195 0.01203703703703704 0.01212121212121212 0.01220538720538721 0.01228956228956229 0.01237373737373737 0.01245791245791246 0.01254208754208754 0.01262626262626263 0.01271043771043771 0.01279461279461279 0.01287878787878788 0.01296296296296296 0.01304713804713805 0.01313131313131313 0.01321548821548822 0.0132996632996633 0.01338383838383838 0.01346801346801347 0.01355218855218855 0.01363636363636364 0.01372053872053872 0.0138047138047138 0.01388888888888889 0.01397306397306397 0.01405723905723906 0.01414141414141414 0.01422558922558922 0.01430976430976431 0.01439393939393939 0.01447811447811448 0.01456228956228956 0.01464646464646465 0.01473063973063973 0.01481481481481481 0.0148989898989899 0.01498316498316498 0.01506734006734007 0.01515151515151515 0.01523569023569023 0.01531986531986532 0.0154040404040404 0.01548821548821549 0.01557239057239057 0.01565656565656566 0.01574074074074074 0.01582491582491583 0.01590909090909091 0.01599326599326599 0.01607744107744108 0.01616161616161616 0.01624579124579124 0.01632996632996633 0.01641414141414141 0.0164983164983165 0.01658249158249158 0.01666666666666667


# name: y
# type: matrix
# rows: 100
# columns: 1
 23710.14926158933
 23711.58665320495
 23713.12034040758
 23714.75311628098
 23716.48745780334
 23718.3254783567
 23720.26887928525
 23722.31890093475
 23724.47627364669
 23726.74116921907
 23729.11315338002
 23731.59113984895
 23734.17334658305
 23736.85725482308
 23739.63957156083
 23742.51619605138
 23745.48219098503
 23748.53175891656
 23751.65822452318
 23754.85402322639
 23758.11069666799
 23761.41889547584
 23764.76838969188
 23768.14808716385
 23771.54606012312
 23774.94958008601
 23778.34516112533
 23781.71861146419
 23785.05509324604
 23788.33919023644
 23791.55498311222
 23794.68613189707
 23797.71596500781
 23800.6275742863
 23803.40391530888
 23806.02791218944
 23808.48256602566
 23810.75106608157
 23812.81690275408
 23814.66398133779
 23816.2767355813
 23817.64024002019
 23818.74032007661
 23819.56365893341
 23820.09790022043
 23820.33174559338
 23820.25504633818
 23819.85888819783
 23819.13566869037
 23818.07916626677
 23816.68460074359
 23814.94868453566
 23812.86966430791
 23810.44735276068
 23807.68315035763
 23804.5800568995
 23801.14267293693
 23797.37719110252
 23793.29137752327
 23788.89454354942
 23784.19750810395
 23779.21255101762
 23773.95335776731
 23768.43495608046
 23762.67364490616
 23756.68691628316
 23750.49337065843
 23744.11262622671
 23737.56522287281
 23730.87252130511
 23724.05659797139
 23717.14013634808
 23710.14631519182
 23703.09869433883
 23696.02109863386
 23688.93750056684
 23681.87190219254
 23674.84821690697
 23667.8901516538
 23661.02109013503
 23654.26397760268
 23647.64120781134
 23641.17451271508
 23634.8848554963
 23628.79232751636
 23622.91604977974
 23617.27407950171
 23611.88332236521
 23606.75945104381
 23601.91683055331
 23597.36845097493
 23593.12586806631
 23589.199152243
 23585.59684637158
 23582.32593276689
 23579.39180972873
 23576.79827788906
 23574.54753656933
 23572.64019026897
 23571.07526532268


# name: QUERY
# type: sq_string
# elements: 1
# length: 2
R5


# name: DATASIZE
# type: sq_string
# elements: 1
# length: 3
500


