# Created by Octave 4.0.0, Mon May 23 13:38:29 2016 CEST <peter@Independence>
# name: x
# type: matrix
# rows: 1
# columns: 100
 0.008333333333333333 0.008417508417508417 0.008501683501683501 0.008585858585858586 0.00867003367003367 0.008754208754208754 0.008838383838383838 0.008922558922558922 0.009006734006734006 0.00909090909090909 0.009175084175084175 0.009259259259259259 0.009343434343434343 0.009427609427609427 0.009511784511784511 0.009595959595959595 0.009680134680134679 0.009764309764309764 0.009848484848484848 0.009932659932659932 0.01001683501683502 0.0101010101010101 0.01018518518518518 0.01026936026936027 0.01035353535353535 0.01043771043771044 0.01052188552188552 0.0106060606060606 0.01069023569023569 0.01077441077441077 0.01085858585858586 0.01094276094276094 0.01102693602693603 0.01111111111111111 0.01119528619528619 0.01127946127946128 0.01136363636363636 0.01144781144781145 0.01153198653198653 0.01161616161616161 0.0117003367003367 0.01178451178451178 0.01186868686868687 0.01195286195286195 0.01203703703703704 0.01212121212121212 0.01220538720538721 0.01228956228956229 0.01237373737373737 0.01245791245791246 0.01254208754208754 0.01262626262626263 0.01271043771043771 0.01279461279461279 0.01287878787878788 0.01296296296296296 0.01304713804713805 0.01313131313131313 0.01321548821548822 0.0132996632996633 0.01338383838383838 0.01346801346801347 0.01355218855218855 0.01363636363636364 0.01372053872053872 0.0138047138047138 0.01388888888888889 0.01397306397306397 0.01405723905723906 0.01414141414141414 0.01422558922558922 0.01430976430976431 0.01439393939393939 0.01447811447811448 0.01456228956228956 0.01464646464646465 0.01473063973063973 0.01481481481481481 0.0148989898989899 0.01498316498316498 0.01506734006734007 0.01515151515151515 0.01523569023569023 0.01531986531986532 0.0154040404040404 0.01548821548821549 0.01557239057239057 0.01565656565656566 0.01574074074074074 0.01582491582491583 0.01590909090909091 0.01599326599326599 0.01607744107744108 0.01616161616161616 0.01624579124579124 0.01632996632996633 0.01641414141414141 0.0164983164983165 0.01658249158249158 0.01666666666666667


# name: y
# type: matrix
# rows: 1
# columns: 100
 23943.53423522154 23936.6209475672 23929.70765991287 23922.79437225854 23915.88108460421 23908.96779694987 23902.05450929554 23895.14122164121 23888.22793398688 23881.31464633254 23874.40135867821 23867.48807102388 23860.57478336955 23853.66149571521 23846.74820806088 23839.83492040655 23832.92163275222 23826.00834509789 23819.09505744355 23812.18176978922 23805.26848213488 23798.35519448055 23791.44190682622 23784.52861917189 23777.61533151756 23770.70204386322 23763.78875620889 23756.87546855456 23749.96218090023 23743.04889324589 23736.13560559156 23729.22231793723 23722.3090302829 23715.39574262856 23708.48245497423 23701.5691673199 23694.65587966557 23687.74259201123 23680.8293043569 23673.91601670257 23667.00272904824 23660.0894413939 23653.17615373957 23646.26286608524 23639.34957843091 23632.43629077657 23625.52300312224 23618.60971546791 23611.69642781357 23604.78314015924 23597.86985250491 23590.95656485058 23584.04327719624 23577.12998954191 23570.21670188758 23563.30341423325 23556.39012657892 23549.47683892458 23542.56355127025 23535.65026361592 23528.73697596159 23521.82368830725 23514.91040065292 23507.99711299859 23501.08382534426 23494.17053768992 23487.25725003559 23480.34396238126 23473.43067472693 23466.51738707259 23459.60409941826 23452.69081176393 23445.7775241096 23438.86423645526 23431.95094880093 23425.0376611466 23418.12437349226 23411.21108583793 23404.2977981836 23397.38451052927 23390.47122287493 23383.5579352206 23376.64464756627 23369.73135991194 23362.81807225761 23355.90478460327 23348.99149694894 23342.07820929461 23335.16492164028 23328.25163398594 23321.33834633161 23314.42505867728 23307.51177102295 23300.59848336861 23293.68519571428 23286.77190805995 23279.85862040562 23272.94533275128 23266.03204509695 23259.11875744262


# name: QUERY
# type: sq_string
# elements: 1
# length: 2
R5


# name: DATASIZE
# type: sq_string
# elements: 1
# length: 3
500


