# Created by Octave 3.8.2, Wed May 18 17:58:02 2016 CEST <Andrea@Andreas-MacBook-Pro.local>
# name: x
# type: matrix
# rows: 1
# columns: 100
 0.008333333333333333 0.008417508417508417 0.008501683501683501 0.008585858585858586 0.00867003367003367 0.008754208754208754 0.008838383838383838 0.008922558922558922 0.009006734006734006 0.00909090909090909 0.009175084175084175 0.009259259259259259 0.009343434343434343 0.009427609427609427 0.009511784511784511 0.009595959595959595 0.009680134680134679 0.009764309764309764 0.009848484848484848 0.009932659932659932 0.01001683501683502 0.0101010101010101 0.01018518518518518 0.01026936026936027 0.01035353535353535 0.01043771043771044 0.01052188552188552 0.0106060606060606 0.01069023569023569 0.01077441077441077 0.01085858585858586 0.01094276094276094 0.01102693602693603 0.01111111111111111 0.01119528619528619 0.01127946127946128 0.01136363636363636 0.01144781144781145 0.01153198653198653 0.01161616161616161 0.0117003367003367 0.01178451178451178 0.01186868686868687 0.01195286195286195 0.01203703703703704 0.01212121212121212 0.01220538720538721 0.01228956228956229 0.01237373737373737 0.01245791245791246 0.01254208754208754 0.01262626262626263 0.01271043771043771 0.01279461279461279 0.01287878787878788 0.01296296296296296 0.01304713804713805 0.01313131313131313 0.01321548821548822 0.0132996632996633 0.01338383838383838 0.01346801346801347 0.01355218855218855 0.01363636363636364 0.01372053872053872 0.0138047138047138 0.01388888888888889 0.01397306397306397 0.01405723905723906 0.01414141414141414 0.01422558922558922 0.01430976430976431 0.01439393939393939 0.01447811447811448 0.01456228956228956 0.01464646464646465 0.01473063973063973 0.01481481481481481 0.0148989898989899 0.01498316498316498 0.01506734006734007 0.01515151515151515 0.01523569023569023 0.01531986531986532 0.0154040404040404 0.01548821548821549 0.01557239057239057 0.01565656565656566 0.01574074074074074 0.01582491582491583 0.01590909090909091 0.01599326599326599 0.01607744107744108 0.01616161616161616 0.01624579124579124 0.01632996632996633 0.01641414141414141 0.0164983164983165 0.01658249158249158 0.01666666666666667


# name: y
# type: matrix
# rows: 100
# columns: 1
 23798.36907484971
 23792.83172775418
 23787.29438065864
 23781.75703356311
 23776.21968646758
 23770.68233937205
 23765.14499227651
 23759.60764518098
 23754.07029808545
 23748.53295098991
 23742.99560389438
 23737.45825679885
 23731.92090970331
 23726.38356260778
 23720.84621551225
 23715.30886841671
 23709.77152132118
 23704.23417422565
 23698.69682713011
 23693.15948003458
 23687.62213293905
 23682.08478584351
 23676.54743874798
 23671.01009165245
 23665.47274455691
 23659.93539746138
 23654.39805036585
 23648.86070327031
 23643.32335617478
 23637.78600907925
 23632.24866198371
 23626.71131488818
 23621.17396779265
 23615.63662069711
 23610.09927360158
 23604.56192650604
 23599.02457941051
 23593.48723231498
 23587.94988521945
 23582.41253812391
 23576.87519102838
 23571.33784393285
 23565.80049683731
 23560.26314974178
 23554.72580264625
 23549.18845555071
 23543.65110845518
 23538.11376135965
 23532.57641426411
 23527.03906716858
 23521.50172007305
 23515.96437297751
 23510.42702588198
 23504.88967878645
 23499.35233169091
 23493.81498459538
 23488.27763749985
 23482.74029040432
 23477.20294330878
 23471.66559621325
 23466.12824911772
 23460.59090202218
 23455.05355492665
 23449.51620783112
 23443.97886073558
 23438.44151364005
 23432.90416654451
 23427.36681944898
 23421.82947235345
 23416.29212525791
 23410.75477816238
 23405.21743106685
 23399.68008397131
 23394.14273687578
 23388.60538978025
 23383.06804268471
 23377.53069558918
 23371.99334849365
 23366.45600139811
 23360.91865430258
 23355.38130720705
 23349.84396011151
 23344.30661301598
 23338.76926592045
 23333.23191882491
 23327.69457172938
 23322.15722463385
 23316.61987753831
 23311.08253044278
 23305.54518334725
 23300.00783625172
 23294.47048915618
 23288.93314206065
 23283.39579496512
 23277.85844786958
 23272.32110077405
 23266.78375367852
 23261.24640658298
 23255.70905948745
 23250.17171239192


# name: QUERY
# type: sq_string
# elements: 1
# length: 2
R5


# name: DATASIZE
# type: sq_string
# elements: 1
# length: 3
500


