# Created by Octave 4.0.0, Mon May 23 13:38:29 2016 CEST <peter@Independence>
# name: x
# type: matrix
# rows: 1
# columns: 100
 0.008333333333333333 0.008417508417508417 0.008501683501683501 0.008585858585858586 0.00867003367003367 0.008754208754208754 0.008838383838383838 0.008922558922558922 0.009006734006734006 0.00909090909090909 0.009175084175084175 0.009259259259259259 0.009343434343434343 0.009427609427609427 0.009511784511784511 0.009595959595959595 0.009680134680134679 0.009764309764309764 0.009848484848484848 0.009932659932659932 0.01001683501683502 0.0101010101010101 0.01018518518518518 0.01026936026936027 0.01035353535353535 0.01043771043771044 0.01052188552188552 0.0106060606060606 0.01069023569023569 0.01077441077441077 0.01085858585858586 0.01094276094276094 0.01102693602693603 0.01111111111111111 0.01119528619528619 0.01127946127946128 0.01136363636363636 0.01144781144781145 0.01153198653198653 0.01161616161616161 0.0117003367003367 0.01178451178451178 0.01186868686868687 0.01195286195286195 0.01203703703703704 0.01212121212121212 0.01220538720538721 0.01228956228956229 0.01237373737373737 0.01245791245791246 0.01254208754208754 0.01262626262626263 0.01271043771043771 0.01279461279461279 0.01287878787878788 0.01296296296296296 0.01304713804713805 0.01313131313131313 0.01321548821548822 0.0132996632996633 0.01338383838383838 0.01346801346801347 0.01355218855218855 0.01363636363636364 0.01372053872053872 0.0138047138047138 0.01388888888888889 0.01397306397306397 0.01405723905723906 0.01414141414141414 0.01422558922558922 0.01430976430976431 0.01439393939393939 0.01447811447811448 0.01456228956228956 0.01464646464646465 0.01473063973063973 0.01481481481481481 0.0148989898989899 0.01498316498316498 0.01506734006734007 0.01515151515151515 0.01523569023569023 0.01531986531986532 0.0154040404040404 0.01548821548821549 0.01557239057239057 0.01565656565656566 0.01574074074074074 0.01582491582491583 0.01590909090909091 0.01599326599326599 0.01607744107744108 0.01616161616161616 0.01624579124579124 0.01632996632996633 0.01641414141414141 0.0164983164983165 0.01658249158249158 0.01666666666666667


# name: y
# type: matrix
# rows: 100
# columns: 1
 23857.01511057552
 23853.77016087462
 23850.52521117373
 23847.28026147284
 23844.03531177195
 23840.79036207106
 23837.54541237017
 23834.30046266928
 23831.05551296839
 23827.81056326749
 23824.5656135666
 23821.32066386571
 23818.07571416482
 23814.83076446393
 23811.58581476304
 23808.34086506215
 23805.09591536125
 23801.85096566036
 23798.60601595947
 23795.36106625858
 23792.11611655769
 23788.8711668568
 23785.62621715591
 23782.38126745501
 23779.13631775412
 23775.89136805323
 23772.64641835234
 23769.40146865145
 23766.15651895056
 23762.91156924967
 23759.66661954877
 23756.42166984788
 23753.17672014699
 23749.9317704461
 23746.68682074521
 23743.44187104432
 23740.19692134343
 23736.95197164254
 23733.70702194165
 23730.46207224076
 23727.21712253986
 23723.97217283897
 23720.72722313808
 23717.48227343719
 23714.2373237363
 23710.99237403541
 23707.74742433452
 23704.50247463362
 23701.25752493273
 23698.01257523184
 23694.76762553095
 23691.52267583006
 23688.27772612917
 23685.03277642828
 23681.78782672738
 23678.5428770265
 23675.2979273256
 23672.05297762471
 23668.80802792382
 23665.56307822293
 23662.31812852204
 23659.07317882115
 23655.82822912026
 23652.58327941936
 23649.33832971847
 23646.09338001758
 23642.84843031669
 23639.6034806158
 23636.35853091491
 23633.11358121402
 23629.86863151313
 23626.62368181223
 23623.37873211134
 23620.13378241045
 23616.88883270956
 23613.64388300867
 23610.39893330778
 23607.15398360689
 23603.90903390599
 23600.6640842051
 23597.41913450421
 23594.17418480332
 23590.92923510243
 23587.68428540154
 23584.43933570065
 23581.19438599976
 23577.94943629887
 23574.70448659797
 23571.45953689708
 23568.21458719619
 23564.9696374953
 23561.72468779441
 23558.47973809352
 23555.23478839263
 23551.98983869173
 23548.74488899084
 23545.49993928996
 23542.25498958906
 23539.01003988817
 23535.76509018728


# name: QUERY
# type: sq_string
# elements: 1
# length: 2
R5


# name: DATASIZE
# type: sq_string
# elements: 1
# length: 3
500


