# Created by Octave 3.8.2, Wed May 18 17:58:02 2016 CEST <Andrea@Andreas-MacBook-Pro.local>
# name: x
# type: matrix
# rows: 1
# columns: 100
 0.008333333333333333 0.008417508417508417 0.008501683501683501 0.008585858585858586 0.00867003367003367 0.008754208754208754 0.008838383838383838 0.008922558922558922 0.009006734006734006 0.00909090909090909 0.009175084175084175 0.009259259259259259 0.009343434343434343 0.009427609427609427 0.009511784511784511 0.009595959595959595 0.009680134680134679 0.009764309764309764 0.009848484848484848 0.009932659932659932 0.01001683501683502 0.0101010101010101 0.01018518518518518 0.01026936026936027 0.01035353535353535 0.01043771043771044 0.01052188552188552 0.0106060606060606 0.01069023569023569 0.01077441077441077 0.01085858585858586 0.01094276094276094 0.01102693602693603 0.01111111111111111 0.01119528619528619 0.01127946127946128 0.01136363636363636 0.01144781144781145 0.01153198653198653 0.01161616161616161 0.0117003367003367 0.01178451178451178 0.01186868686868687 0.01195286195286195 0.01203703703703704 0.01212121212121212 0.01220538720538721 0.01228956228956229 0.01237373737373737 0.01245791245791246 0.01254208754208754 0.01262626262626263 0.01271043771043771 0.01279461279461279 0.01287878787878788 0.01296296296296296 0.01304713804713805 0.01313131313131313 0.01321548821548822 0.0132996632996633 0.01338383838383838 0.01346801346801347 0.01355218855218855 0.01363636363636364 0.01372053872053872 0.0138047138047138 0.01388888888888889 0.01397306397306397 0.01405723905723906 0.01414141414141414 0.01422558922558922 0.01430976430976431 0.01439393939393939 0.01447811447811448 0.01456228956228956 0.01464646464646465 0.01473063973063973 0.01481481481481481 0.0148989898989899 0.01498316498316498 0.01506734006734007 0.01515151515151515 0.01523569023569023 0.01531986531986532 0.0154040404040404 0.01548821548821549 0.01557239057239057 0.01565656565656566 0.01574074074074074 0.01582491582491583 0.01590909090909091 0.01599326599326599 0.01607744107744108 0.01616161616161616 0.01624579124579124 0.01632996632996633 0.01641414141414141 0.0164983164983165 0.01658249158249158 0.01666666666666667


# name: y
# type: matrix
# rows: 1
# columns: 100
 24074.34133274095 24064.47421348471 24054.60709422846 24044.73997497222 24034.87285571598 24025.00573645974 24015.13861720349 24005.27149794725 23995.40437869101 23985.53725943477 23975.67014017852 23965.80302092229 23955.93590166604 23946.0687824098 23936.20166315356 23926.33454389732 23916.46742464107 23906.60030538483 23896.73318612859 23886.86606687235 23876.9989476161 23867.13182835986 23857.26470910362 23847.39758984738 23837.53047059113 23827.66335133489 23817.79623207865 23807.92911282241 23798.06199356616 23788.19487430992 23778.32775505368 23768.46063579744 23758.59351654119 23748.72639728495 23738.85927802871 23728.99215877247 23719.12503951622 23709.25792025998 23699.39080100374 23689.5236817475 23679.65656249125 23669.78944323501 23659.92232397877 23650.05520472253 23640.18808546628 23630.32096621005 23620.4538469538 23610.58672769756 23600.71960844132 23590.85248918508 23580.98536992883 23571.11825067259 23561.25113141635 23551.38401216011 23541.51689290386 23531.64977364762 23521.78265439138 23511.91553513514 23502.04841587889 23492.18129662265 23482.31417736641 23472.44705811017 23462.57993885392 23452.71281959768 23442.84570034144 23432.9785810852 23423.11146182895 23413.24434257271 23403.37722331647 23393.51010406023 23383.64298480398 23373.77586554774 23363.9087462915 23354.04162703526 23344.17450777901 23334.30738852277 23324.44026926653 23314.57315001029 23304.70603075405 23294.83891149781 23284.97179224156 23275.10467298532 23265.23755372908 23255.37043447284 23245.50331521659 23235.63619596035 23225.76907670411 23215.90195744787 23206.03483819162 23196.16771893538 23186.30059967914 23176.4334804229 23166.56636116665 23156.69924191041 23146.83212265417 23136.96500339793 23127.09788414168 23117.23076488544 23107.3636456292 23097.49652637296


# name: QUERY
# type: sq_string
# elements: 1
# length: 2
R5


# name: DATASIZE
# type: sq_string
# elements: 1
# length: 3
500


