# Created by Octave 3.8.2, Wed May 18 17:58:01 2016 CEST <Andrea@Andreas-MacBook-Pro.local>
# name: SVs
# type: cell
# rows: 1
# columns: 7
# name: <cell-element>
# type: sparse matrix
# nnz: 24
# rows: 24
# columns: 1
1 1 1.627342564436123
2 1 0.1551357697614244
3 1 0.1551357697614244
4 1 0.1551357697614244
5 1 0.1551357697614244
6 1 1.627342564436123
7 1 -1.317071024913274
8 1 -0.7281883070433949
9 1 0.1551357697614244
10 1 0.1551357697614244
11 1 0.1551357697614244
12 1 -1.317071024913274
13 1 0.1551357697614244
14 1 -1.317071024913274
15 1 0.1551357697614244
16 1 0.1551357697614244
17 1 -1.317071024913274
18 1 0.1551357697614244
19 1 -1.317071024913274
20 1 1.627342564436123
21 1 -1.317071024913274
22 1 -1.317071024913274
23 1 -0.7281883070433949
24 1 -1.317071024913274



# name: <cell-element>
# type: sparse matrix
# nnz: 55
# rows: 55
# columns: 1
1 1 -1.317071024913274
2 1 -1.317071024913274
3 1 0.1551357697614244
4 1 1.627342564436123
5 1 1.627342564436123
6 1 0.1551357697614244
7 1 0.1551357697614244
8 1 1.627342564436123
9 1 0.1551357697614244
10 1 0.1551357697614244
11 1 0.1551357697614244
12 1 1.627342564436123
13 1 -1.317071024913274
14 1 -0.7281883070433949
15 1 0.1551357697614244
16 1 -0.7281883070433949
17 1 0.1551357697614244
18 1 0.1551357697614244
19 1 0.1551357697614244
20 1 -0.7281883070433949
21 1 1.627342564436123
22 1 -1.317071024913274
23 1 0.1551357697614244
24 1 0.1551357697614244
25 1 0.1551357697614244
26 1 0.1551357697614244
27 1 -1.317071024913274
28 1 -0.7281883070433949
29 1 -1.317071024913274
30 1 0.1551357697614244
31 1 0.1551357697614244
32 1 1.627342564436123
33 1 0.1551357697614244
34 1 -0.7281883070433949
35 1 1.627342564436123
36 1 -0.7281883070433949
37 1 0.1551357697614244
38 1 1.627342564436123
39 1 -0.7281883070433949
40 1 -1.317071024913274
41 1 0.1551357697614244
42 1 -1.317071024913274
43 1 0.1551357697614244
44 1 -1.317071024913274
45 1 1.627342564436123
46 1 -1.317071024913274
47 1 1.627342564436123
48 1 -1.317071024913274
49 1 -1.317071024913274
50 1 1.627342564436123
51 1 1.627342564436123
52 1 -0.7281883070433949
53 1 -1.317071024913274
54 1 0.1551357697614244
55 1 0.1551357697614244



# name: <cell-element>
# type: sparse matrix
# nnz: 23
# rows: 23
# columns: 1
1 1 1.627342564436123
2 1 0.1551357697614244
3 1 0.1551357697614244
4 1 1.627342564436123
5 1 0.1551357697614244
6 1 0.1551357697614244
7 1 1.627342564436123
8 1 -1.317071024913274
9 1 -0.7281883070433949
10 1 0.1551357697614244
11 1 0.1551357697614244
12 1 0.1551357697614244
13 1 -1.317071024913274
14 1 0.1551357697614244
15 1 -1.317071024913274
16 1 0.1551357697614244
17 1 -1.317071024913274
18 1 0.1551357697614244
19 1 -1.317071024913274
20 1 1.627342564436123
21 1 -1.317071024913274
22 1 -1.317071024913274
23 1 -1.317071024913274



# name: <cell-element>
# type: sparse matrix
# nnz: 56
# rows: 56
# columns: 1
1 1 -1.317071024913274
2 1 -1.317071024913274
3 1 0.1551357697614244
4 1 1.627342564436123
5 1 1.627342564436123
6 1 0.1551357697614244
7 1 0.1551357697614244
8 1 1.627342564436123
9 1 0.1551357697614244
10 1 0.1551357697614244
11 1 0.1551357697614244
12 1 1.627342564436123
13 1 -1.317071024913274
14 1 -0.7281883070433949
15 1 0.1551357697614244
16 1 -0.7281883070433949
17 1 0.1551357697614244
18 1 0.1551357697614244
19 1 0.1551357697614244
20 1 -0.7281883070433949
21 1 1.627342564436123
22 1 -1.317071024913274
23 1 0.1551357697614244
24 1 0.1551357697614244
25 1 0.1551357697614244
26 1 0.1551357697614244
27 1 -1.317071024913274
28 1 -0.7281883070433949
29 1 -1.317071024913274
30 1 0.1551357697614244
31 1 0.1551357697614244
32 1 1.627342564436123
33 1 0.1551357697614244
34 1 -0.7281883070433949
35 1 1.627342564436123
36 1 -0.7281883070433949
37 1 0.1551357697614244
38 1 1.627342564436123
39 1 -0.7281883070433949
40 1 -1.317071024913274
41 1 0.1551357697614244
42 1 0.1551357697614244
43 1 -1.317071024913274
44 1 0.1551357697614244
45 1 -1.317071024913274
46 1 1.627342564436123
47 1 -1.317071024913274
48 1 1.627342564436123
49 1 -1.317071024913274
50 1 -1.317071024913274
51 1 1.627342564436123
52 1 1.627342564436123
53 1 -0.7281883070433949
54 1 -1.317071024913274
55 1 0.1551357697614244
56 1 0.1551357697614244



# name: <cell-element>
# type: sparse matrix
# nnz: 49
# rows: 49
# columns: 1
1 1 -1.317071024913274
2 1 -1.317071024913274
3 1 0.1551357697614244
4 1 1.627342564436123
5 1 1.627342564436123
6 1 0.1551357697614244
7 1 0.1551357697614244
8 1 1.627342564436123
9 1 0.1551357697614244
10 1 0.1551357697614244
11 1 0.1551357697614244
12 1 1.627342564436123
13 1 -1.317071024913274
14 1 -0.7281883070433949
15 1 0.1551357697614244
16 1 -0.7281883070433949
17 1 0.1551357697614244
18 1 0.1551357697614244
19 1 0.1551357697614244
20 1 -0.7281883070433949
21 1 -1.317071024913274
22 1 0.1551357697614244
23 1 0.1551357697614244
24 1 0.1551357697614244
25 1 -1.317071024913274
26 1 -0.7281883070433949
27 1 -1.317071024913274
28 1 0.1551357697614244
29 1 0.1551357697614244
30 1 1.627342564436123
31 1 0.1551357697614244
32 1 1.627342564436123
33 1 0.1551357697614244
34 1 -0.7281883070433949
35 1 -1.317071024913274
36 1 0.1551357697614244
37 1 0.1551357697614244
38 1 -1.317071024913274
39 1 1.627342564436123
40 1 -1.317071024913274
41 1 1.627342564436123
42 1 -1.317071024913274
43 1 -1.317071024913274
44 1 1.627342564436123
45 1 1.627342564436123
46 1 -0.7281883070433949
47 1 -1.317071024913274
48 1 0.1551357697614244
49 1 0.1551357697614244



# name: <cell-element>
# type: sparse matrix
# nnz: 38
# rows: 38
# columns: 1
1 1 -1.317071024913274
2 1 -1.317071024913274
3 1 0.1551357697614244
4 1 1.627342564436123
5 1 0.1551357697614244
6 1 0.1551357697614244
7 1 1.627342564436123
8 1 0.1551357697614244
9 1 0.1551357697614244
10 1 0.1551357697614244
11 1 1.627342564436123
12 1 -1.317071024913274
13 1 -0.7281883070433949
14 1 0.1551357697614244
15 1 -0.7281883070433949
16 1 0.1551357697614244
17 1 0.1551357697614244
18 1 -0.7281883070433949
19 1 -1.317071024913274
20 1 0.1551357697614244
21 1 0.1551357697614244
22 1 -1.317071024913274
23 1 -0.7281883070433949
24 1 0.1551357697614244
25 1 0.1551357697614244
26 1 0.1551357697614244
27 1 -1.317071024913274
28 1 0.1551357697614244
29 1 0.1551357697614244
30 1 1.627342564436123
31 1 -1.317071024913274
32 1 1.627342564436123
33 1 -1.317071024913274
34 1 -1.317071024913274
35 1 -0.7281883070433949
36 1 -1.317071024913274
37 1 0.1551357697614244
38 1 0.1551357697614244



# name: <cell-element>
# type: scalar
0





# name: coefficients
# type: cell
# rows: 1
# columns: 7
# name: <cell-element>
# type: matrix
# rows: 24
# columns: 1
 -0.1
 -0.1
 0.1
 0.1
 -0.1
 -0.1
 0.1
 0.08486295428936043
 -0.1
 -0.1
 -0.08486295428936043
 0.1
 0.1
 -0.1
 0.1
 0.1
 0.1
 0.1
 -0.1
 0.1
 0.1
 -0.1
 -0.1
 -0.1



# name: <cell-element>
# type: matrix
# rows: 55
# columns: 1
 0.1
 0.1
 -0.1
 -0.1
 -0.1
 -0.1
 0.1
 0.1
 0.1
 -0.1
 -0.1
 -0.1
 0.1
 0.1
 -0.1
 -0.1
 -0.1
 -0.1
 -0.1
 0.1
 -0.1
 0.1
 -0.1
 -0.1
 0.1
 0.1
 -0.1
 0.1
 0.1
 0.1
 0.1
 0.1
 -0.1
 -0.05997592328953473
 -0.1
 0.1
 -0.1
 -0.04002407671046528
 0.1
 0.1
 0.1
 0.1
 0.1
 0.1
 -0.1
 -0.1
 0.1
 0.1
 -0.1
 -0.1
 0.1
 -0.1
 -0.1
 0.1
 -0.1



# name: <cell-element>
# type: matrix
# rows: 23
# columns: 1
 -1.3895
 -1.3895
 1.3895
 0.9771361816524907
 1.3895
 -1.3895
 -1.3895
 0.4123638183475077
 1.3895
 -1.3895
 -1.3895
 -1.3895
 1.3895
 1.3895
 -1.3895
 1.3895
 1.3895
 1.3895
 -1.3895
 1.3895
 1.3895
 -1.3895
 -1.3895



# name: <cell-element>
# type: matrix
# rows: 56
# columns: 1
 0.1
 0.1
 -0.1
 -0.1
 -0.1
 -0.1
 0.1
 0.1
 0.1
 -0.1
 -0.1
 -0.1
 0.1
 0.1
 -0.1
 -0.1
 -0.1
 -0.1
 -0.1
 0.1
 -0.1
 0.1
 -0.1
 -0.1
 0.1
 0.1
 -0.1
 0.1
 0.1
 0.1
 0.1
 0.1
 -0.1
 -0.1
 -0.1
 0.1
 -0.1
 0.0763026156709319
 0.1
 0.1
 -0.07630261567093188
 0.1
 0.1
 0.1
 0.1
 -0.1
 -0.1
 0.1
 0.1
 -0.1
 -0.1
 0.1
 -0.1
 -0.1
 0.1
 -0.1



