# Created by Octave 4.0.0, Mon May 23 13:38:29 2016 CEST <peter@Independence>
# name: SVs
# type: cell
# rows: 1
# columns: 7
# name: <cell-element>
# type: sparse matrix
# nnz: 5
# rows: 5
# columns: 1
1 1 0.1551357697614244
2 1 1.627342564436123
3 1 1.627342564436123
4 1 -0.7281883070433949
5 1 1.627342564436123



# name: <cell-element>
# type: sparse matrix
# nnz: 5
# rows: 5
# columns: 1
1 1 0.1551357697614244
2 1 1.627342564436123
3 1 1.627342564436123
4 1 -0.7281883070433949
5 1 1.627342564436123



# name: <cell-element>
# type: sparse matrix
# nnz: 5
# rows: 5
# columns: 1
1 1 0.1551357697614244
2 1 1.627342564436123
3 1 1.627342564436123
4 1 -0.7281883070433949
5 1 1.627342564436123



# name: <cell-element>
# type: sparse matrix
# nnz: 4
# rows: 4
# columns: 1
1 1 0.1551357697614244
2 1 1.627342564436123
3 1 -0.7281883070433949
4 1 1.627342564436123



# name: <cell-element>
# type: sparse matrix
# nnz: 4
# rows: 4
# columns: 1
1 1 0.1551357697614244
2 1 1.627342564436123
3 1 -0.7281883070433949
4 1 1.627342564436123



# name: <cell-element>
# type: sparse matrix
# nnz: 4
# rows: 4
# columns: 1
1 1 0.1551357697614244
2 1 1.627342564436123
3 1 1.627342564436123
4 1 1.627342564436123



# name: <cell-element>
# type: scalar
0





# name: coefficients
# type: cell
# rows: 1
# columns: 7
# name: <cell-element>
# type: matrix
# rows: 5
# columns: 1
 4.2263
 -4.2263
 -1.618161794074012
 -2.608138205925989
 4.2263



# name: <cell-element>
# type: matrix
# rows: 5
# columns: 1
 0.1
 -0.1
 -0.01728796212689578
 -0.08271203787310423
 0.1



# name: <cell-element>
# type: matrix
# rows: 5
# columns: 1
 4.2263
 -4.2263
 -0.3592666733478089
 -3.867033326652191
 4.2263



# name: <cell-element>
# type: matrix
# rows: 4
# columns: 1
 0.1
 -0.1
 -0.1
 0.1



# name: <cell-element>
# type: matrix
# rows: 4
# columns: 1
 0.1
 -0.1
 -0.1
 0.1



# name: <cell-element>
# type: matrix
# rows: 4
# columns: 1
 0.1
 -0.1
 -0.1
 0.1



# name: <cell-element>
# type: scalar
0





# name: b
# type: cell
# rows: 1
# columns: 7
# name: <cell-element>
# type: scalar
0.05458679730400842



# name: <cell-element>
# type: scalar
0.1579610232370427



# name: <cell-element>
# type: scalar
0.09651117938179372



# name: <cell-element>
# type: scalar
0.1216610923369913



# name: <cell-element>
# type: scalar
0.1937597472487639



# name: <cell-element>
# type: scalar
0.04087964926334416



# name: <cell-element>
# type: scalar
0





# name: models
# type: cell
# rows: 1
# columns: 7
# name: <cell-element>
# type: scalar struct
# ndims: 2
 1 1
# length: 11
# name: Parameters
# type: matrix
# rows: 5
# columns: 1
 3
 0
 3
 1
 0


# name: nr_class
# type: scalar
2


# name: totalSV
# type: scalar
5


# name: rho
# type: scalar
-0.05458679730400842


# name: Label
# type: matrix
# rows: 0
# columns: 0


# name: sv_indices
# type: matrix
# rows: 5
# columns: 1
 3
 9
 20
 33
 51


# name: ProbA
# type: matrix
# rows: 0
# columns: 0


# name: ProbB
# type: matrix
# rows: 0
# columns: 0


# name: nSV
# type: matrix
# rows: 0
# columns: 0


# name: sv_coef
# type: matrix
# rows: 5
# columns: 1
 4.2263
 -4.2263
 -1.618161794074012
 -2.608138205925989
 4.2263


# name: SVs
# type: sparse matrix
# nnz: 5
# rows: 5
# columns: 1
1 1 0.1551357697614244
2 1 1.627342564436123
3 1 1.627342564436123
4 1 -0.7281883070433949
5 1 1.627342564436123





# name: <cell-element>
# type: scalar struct
# ndims: 2
 1 1
# length: 11
# name: Parameters
# type: matrix
# rows: 5
# columns: 1
 3
 1
 2
 1
 0


# name: nr_class
# type: scalar
2


# name: totalSV
# type: scalar
5


# name: rho
# type: scalar
-0.1579610232370427


# name: Label
# type: matrix
# rows: 0
# columns: 0


# name: sv_indices
# type: matrix
# rows: 5
# columns: 1
 3
 9
 20
 33
 51


# name: ProbA
# type: matrix
# rows: 0
# columns: 0


# name: ProbB
# type: matrix
# rows: 0
# columns: 0


# name: nSV
# type: matrix
# rows: 0
# columns: 0


# name: sv_coef
# type: matrix
# rows: 5
# columns: 1
 0.1
 -0.1
 -0.01728796212689578
 -0.08271203787310423
 0.1


# name: SVs
# type: sparse matrix
# nnz: 5
# rows: 5
# columns: 1
1 1 0.1551357697614244
2 1 1.627342564436123
3 1 1.627342564436123
4 1 -0.7281883070433949
5 1 1.627342564436123





# name: <cell-element>
# type: scalar struct
# ndims: 2
 1 1
# length: 11
# name: Parameters
# type: matrix
# rows: 5
# columns: 1
 3
 1
 3
 1
 0


# name: nr_class
# type: scalar
2


# name: totalSV
# type: scalar
5


# name: rho
# type: scalar
-0.09651117938179372


# name: Label
# type: matrix
# rows: 0
# columns: 0


# name: sv_indices
# type: matrix
# rows: 5
# columns: 1
 3
 9
 20
 33
 51


# name: ProbA
# type: matrix
# rows: 0
# columns: 0


# name: ProbB
# type: matrix
# rows: 0
# columns: 0


# name: nSV
# type: matrix
# rows: 0
# columns: 0


# name: sv_coef
# type: matrix
# rows: 5
# columns: 1
 4.2263
 -4.2263
 -0.3592666733478089
 -3.867033326652191
 4.2263


# name: SVs
# type: sparse matrix
# nnz: 5
# rows: 5
# columns: 1
1 1 0.1551357697614244
2 1 1.627342564436123
3 1 1.627342564436123
4 1 -0.7281883070433949
5 1 1.627342564436123





# name: <cell-element>
# type: scalar struct
# ndims: 2
 1 1
# length: 11
# name: Parameters
# type: matrix
# rows: 5
# columns: 1
 3
 1
 4
 1
 0


# name: nr_class
# type: scalar
2


# name: totalSV
# type: scalar
4


# name: rho
# type: scalar
-0.1216610923369913


# name: Label
# type: matrix
# rows: 0
# columns: 0


# name: sv_indices
# type: matrix
# rows: 4
# columns: 1
 3
 9
 33
 51


# name: ProbA
# type: matrix
# rows: 0
# columns: 0


# name: ProbB
# type: matrix
# rows: 0
# columns: 0


# name: nSV
# type: matrix
# rows: 0
# columns: 0


# name: sv_coef
# type: matrix
# rows: 4
# columns: 1
 0.1
 -0.1
 -0.1
 0.1


# name: SVs
# type: sparse matrix
# nnz: 4
# rows: 4
# columns: 1
1 1 0.1551357697614244
2 1 1.627342564436123
3 1 -0.7281883070433949
4 1 1.627342564436123





# name: <cell-element>
# type: scalar struct
# ndims: 2
 1 1
# length: 11
# name: Parameters
# type: matrix
# rows: 5
# columns: 1
 3
 1
 6
 1
 0


# name: nr_class
# type: scalar
2


# name: totalSV
# type: scalar
4


# name: rho
# type: scalar
-0.1937597472487639


# name: Label
# type: matrix
# rows: 0
# columns: 0


# name: sv_indices
# type: matrix
# rows: 4
# columns: 1
 3
 9
 33
 51


# name: ProbA
# type: matrix
# rows: 0
# columns: 0


# name: ProbB
# type: matrix
# rows: 0
# columns: 0


# name: nSV
# type: matrix
# rows: 0
# columns: 0


# name: sv_coef
# type: matrix
# rows: 4
# columns: 1
 0.1
 -0.1
 -0.1
 0.1


# name: SVs
# type: sparse matrix
# nnz: 4
# rows: 4
# columns: 1
1 1 0.1551357697614244
2 1 1.627342564436123
3 1 -0.7281883070433949
4 1 1.627342564436123





# name: <cell-element>
# type: scalar struct
# ndims: 2
 1 1
# length: 11
# name: Parameters
# type: matrix
# rows: 5
# columns: 1
 3
 2
 3
 1
 0


# name: nr_class
# type: scalar
2


# name: totalSV
# type: scalar
4


# name: rho
# type: scalar
-0.04087964926334416


# name: Label
# type: matrix
# rows: 0
# columns: 0


# name: sv_indices
# type: matrix
# rows: 4
# columns: 1
 3
 9
 20
 51


# name: ProbA
# type: matrix
# rows: 0
# columns: 0


# name: ProbB
# type: matrix
# rows: 0
# columns: 0


# name: nSV
# type: matrix
# rows: 0
# columns: 0


# name: sv_coef
# type: matrix
# rows: 4
# columns: 1
 0.1
 -0.1
 -0.1
 0.1


# name: SVs
# type: sparse matrix
# nnz: 4
# rows: 4
# columns: 1
1 1 0.1551357697614244
2 1 1.627342564436123
3 1 1.627342564436123
4 1 1.627342564436123





# name: <cell-element>
# type: cell
# rows: 0
# columns: 0





# name: Cs
# type: matrix
# rows: 1
# columns: 7
 4.226315789473684 0.1 4.226315789473684 0.1 0.1 0.1 0


# name: Es
# type: matrix
# rows: 1
# columns: 7
 1.389473684210527 1.389473684210527 1.389473684210527 1.389473684210527 1.389473684210527 1.389473684210527 0


# name: theta
# type: matrix
# rows: 2
# columns: 1
 -0.1135090190186468
 -0.1671092483341977


