# Created by Octave 3.8.2, Wed May 18 17:57:51 2016 CEST <Andrea@Andreas-MacBook-Pro.local>
# name: mu
# type: matrix
# rows: 1
# columns: 2
 23637.38709677419 0.01206093189964156


# name: sigma
# type: matrix
# rows: 1
# columns: 2
 1390.978839212173 0.002830218337354801


