# Created by Octave 4.0.0, Mon May 23 13:38:22 2016 CEST <peter@Independence>
# name: mu
# type: matrix
# rows: 1
# columns: 2
 23637.38709677419 0.01206093189964156


# name: sigma
# type: matrix
# rows: 1
# columns: 2
 1390.978839212173 0.002830218337354801


