# Created by Octave 3.8.2, Wed May 18 17:58:02 2016 CEST <Andrea@Andreas-MacBook-Pro.local>
# name: x
# type: matrix
# rows: 1
# columns: 100
 0.008333333333333333 0.008417508417508417 0.008501683501683501 0.008585858585858586 0.00867003367003367 0.008754208754208754 0.008838383838383838 0.008922558922558922 0.009006734006734006 0.00909090909090909 0.009175084175084175 0.009259259259259259 0.009343434343434343 0.009427609427609427 0.009511784511784511 0.009595959595959595 0.009680134680134679 0.009764309764309764 0.009848484848484848 0.009932659932659932 0.01001683501683502 0.0101010101010101 0.01018518518518518 0.01026936026936027 0.01035353535353535 0.01043771043771044 0.01052188552188552 0.0106060606060606 0.01069023569023569 0.01077441077441077 0.01085858585858586 0.01094276094276094 0.01102693602693603 0.01111111111111111 0.01119528619528619 0.01127946127946128 0.01136363636363636 0.01144781144781145 0.01153198653198653 0.01161616161616161 0.0117003367003367 0.01178451178451178 0.01186868686868687 0.01195286195286195 0.01203703703703704 0.01212121212121212 0.01220538720538721 0.01228956228956229 0.01237373737373737 0.01245791245791246 0.01254208754208754 0.01262626262626263 0.01271043771043771 0.01279461279461279 0.01287878787878788 0.01296296296296296 0.01304713804713805 0.01313131313131313 0.01321548821548822 0.0132996632996633 0.01338383838383838 0.01346801346801347 0.01355218855218855 0.01363636363636364 0.01372053872053872 0.0138047138047138 0.01388888888888889 0.01397306397306397 0.01405723905723906 0.01414141414141414 0.01422558922558922 0.01430976430976431 0.01439393939393939 0.01447811447811448 0.01456228956228956 0.01464646464646465 0.01473063973063973 0.01481481481481481 0.0148989898989899 0.01498316498316498 0.01506734006734007 0.01515151515151515 0.01523569023569023 0.01531986531986532 0.0154040404040404 0.01548821548821549 0.01557239057239057 0.01565656565656566 0.01574074074074074 0.01582491582491583 0.01590909090909091 0.01599326599326599 0.01607744107744108 0.01616161616161616 0.01624579124579124 0.01632996632996633 0.01641414141414141 0.0164983164983165 0.01658249158249158 0.01666666666666667


# name: y
# type: matrix
# rows: 100
# columns: 1
 23481.69471257514
 23472.5882924598
 23463.68985806874
 23454.99940940198
 23446.5169464595
 23438.24246924132
 23430.17597774741
 23422.3174719778
 23414.66695193248
 23407.22441761144
 23399.98986901468
 23392.96330614222
 23386.14472899404
 23379.53413757016
 23373.13153187056
 23366.93691189524
 23360.95027764422
 23355.17162911748
 23349.60096631503
 23344.23828923687
 23339.08359788299
 23334.1368922534
 23329.3981723481
 23324.86743816709
 23320.54468971036
 23316.42992697793
 23312.52314996978
 23308.82435868591
 23305.33355312634
 23302.05073329105
 23298.97589918005
 23296.10905079334
 23293.45018813092
 23290.99931119278
 23288.75641997893
 23286.72151448937
 23284.89459472409
 23283.27566068311
 23281.86471236641
 23280.661749774
 23279.66677290587
 23278.87978176204
 23278.30077634249
 23277.92975664723
 23277.76672267625
 23277.81167442957
 23278.06461190717
 23278.52553510906
 23279.19444403523
 23280.0713386857
 23281.15621906045
 23282.44908515949
 23283.94993698282
 23285.65877453043
 23287.57559780233
 23289.70040679852
 23292.033201519
 23294.57398196376
 23297.32274813281
 23300.27950002615
 23303.44423764378
 23306.8169609857
 23310.3976700519
 23314.18636484239
 23318.18304535716
 23322.38771159623
 23326.80036355958
 23331.42100124722
 23336.24962465915
 23341.28623379537
 23346.53082865587
 23351.98340924066
 23357.64397554974
 23363.5125275831
 23369.58906534076
 23375.8735888227
 23382.36609802892
 23389.06659295944
 23395.97507361425
 23403.09153999334
 23410.41599209671
 23417.94842992438
 23425.68885347633
 23433.63726275257
 23441.7936577531
 23450.15803847792
 23458.73040492702
 23467.51075710042
 23476.4990949981
 23485.69541862006
 23495.09972796632
 23504.71202303686
 23514.53230383169
 23524.5605703508
 23534.79682259421
 23545.2410605619
 23555.89328425388
 23566.75349367015
 23577.8216888107
 23589.09786967554


# name: QUERY
# type: sq_string
# elements: 1
# length: 2
R5


# name: DATASIZE
# type: sq_string
# elements: 1
# length: 3
500


