# Created by Octave 4.0.0, Mon May 23 13:38:29 2016 CEST <peter@Independence>
# name: x
# type: matrix
# rows: 1
# columns: 100
 0.008333333333333333 0.008417508417508417 0.008501683501683501 0.008585858585858586 0.00867003367003367 0.008754208754208754 0.008838383838383838 0.008922558922558922 0.009006734006734006 0.00909090909090909 0.009175084175084175 0.009259259259259259 0.009343434343434343 0.009427609427609427 0.009511784511784511 0.009595959595959595 0.009680134680134679 0.009764309764309764 0.009848484848484848 0.009932659932659932 0.01001683501683502 0.0101010101010101 0.01018518518518518 0.01026936026936027 0.01035353535353535 0.01043771043771044 0.01052188552188552 0.0106060606060606 0.01069023569023569 0.01077441077441077 0.01085858585858586 0.01094276094276094 0.01102693602693603 0.01111111111111111 0.01119528619528619 0.01127946127946128 0.01136363636363636 0.01144781144781145 0.01153198653198653 0.01161616161616161 0.0117003367003367 0.01178451178451178 0.01186868686868687 0.01195286195286195 0.01203703703703704 0.01212121212121212 0.01220538720538721 0.01228956228956229 0.01237373737373737 0.01245791245791246 0.01254208754208754 0.01262626262626263 0.01271043771043771 0.01279461279461279 0.01287878787878788 0.01296296296296296 0.01304713804713805 0.01313131313131313 0.01321548821548822 0.0132996632996633 0.01338383838383838 0.01346801346801347 0.01355218855218855 0.01363636363636364 0.01372053872053872 0.0138047138047138 0.01388888888888889 0.01397306397306397 0.01405723905723906 0.01414141414141414 0.01422558922558922 0.01430976430976431 0.01439393939393939 0.01447811447811448 0.01456228956228956 0.01464646464646465 0.01473063973063973 0.01481481481481481 0.0148989898989899 0.01498316498316498 0.01506734006734007 0.01515151515151515 0.01523569023569023 0.01531986531986532 0.0154040404040404 0.01548821548821549 0.01557239057239057 0.01565656565656566 0.01574074074074074 0.01582491582491583 0.01590909090909091 0.01599326599326599 0.01607744107744108 0.01616161616161616 0.01624579124579124 0.01632996632996633 0.01641414141414141 0.0164983164983165 0.01658249158249158 0.01666666666666667


# name: y
# type: matrix
# rows: 100
# columns: 1
 23798.66043483551
 23812.52271317934
 23824.8728890643
 23835.84589705606
 23845.56743204367
 23854.15438102198
 23861.71524454045
 23868.35054781811
 23874.153241525
 23879.20909222967
 23883.59706251318
 23887.38968074926
 23890.6534005508
 23893.44894988262
 23895.83166984054
 23897.85184309672
 23899.55501201131
 23900.98228641039
 23902.17064103015
 23903.15320262742
 23903.95952675648
 23904.6158642121
 23905.14541713895
 23905.56858480724
 23905.90319905466
 23906.16474939466
 23906.3665977909
 23906.52018309815
 23906.63521516931
 23906.71985862888
 23906.78090631258
 23906.82394237333
 23906.85349505353
 23906.87317912359
 23906.88582798675
 23906.89361545023
 23906.89816716262
 23906.90066171759
 23906.90192142387
 23906.90249274153
 23906.90271638455
 23906.90278708966
 23906.9028030515
 23906.90280502404
 23906.90280508831
 23906.90280508639
 23906.9028047217
 23906.90279932562
 23906.90276729035
 23906.90264716804
 23906.9023044363
 23906.90148792987
 23906.89977593872
 23906.8965119723
 23906.89073019018
 23906.88107049896
 23906.8656833154
 23906.84212399594
 23906.80723693244
 23906.75702931421
 23906.68653455638
 23906.58966539451
 23906.45905664548
 23906.28589763475
 23906.05975428977
 23905.76838089984
 23905.39752154213
 23904.93070117402
 23904.34900639182
 23903.63085585562
 23902.75176038055
 23901.68407269429
 23900.39672686088
 23898.85496737077
 23897.02006789724
 23894.84903971902
 23892.29432980929
 23889.30350859088
 23885.81894735784
 23881.77748536323
 23877.11008657321
 23871.7414860875
 23865.58982622599
 23858.56628228179
 23850.57467794041
 23841.51109036538
 23831.26344495003
 23819.71109973567
 23806.72441949598
 23792.16433948771
 23775.88191886767
 23757.71788377604
 23737.50216008593
 23715.05339581919
 23690.17847322863
 23662.67201054642
 23632.31585339881
 23598.87855588715
 23562.11485133519
 23521.76511270269


# name: QUERY
# type: sq_string
# elements: 1
# length: 2
R5


# name: DATASIZE
# type: sq_string
# elements: 1
# length: 3
500


