# Created by Octave 4.0.0, Mon May 23 13:38:29 2016 CEST <peter@Independence>
# name: x
# type: matrix
# rows: 1
# columns: 100
 0.008333333333333333 0.008417508417508417 0.008501683501683501 0.008585858585858586 0.00867003367003367 0.008754208754208754 0.008838383838383838 0.008922558922558922 0.009006734006734006 0.00909090909090909 0.009175084175084175 0.009259259259259259 0.009343434343434343 0.009427609427609427 0.009511784511784511 0.009595959595959595 0.009680134680134679 0.009764309764309764 0.009848484848484848 0.009932659932659932 0.01001683501683502 0.0101010101010101 0.01018518518518518 0.01026936026936027 0.01035353535353535 0.01043771043771044 0.01052188552188552 0.0106060606060606 0.01069023569023569 0.01077441077441077 0.01085858585858586 0.01094276094276094 0.01102693602693603 0.01111111111111111 0.01119528619528619 0.01127946127946128 0.01136363636363636 0.01144781144781145 0.01153198653198653 0.01161616161616161 0.0117003367003367 0.01178451178451178 0.01186868686868687 0.01195286195286195 0.01203703703703704 0.01212121212121212 0.01220538720538721 0.01228956228956229 0.01237373737373737 0.01245791245791246 0.01254208754208754 0.01262626262626263 0.01271043771043771 0.01279461279461279 0.01287878787878788 0.01296296296296296 0.01304713804713805 0.01313131313131313 0.01321548821548822 0.0132996632996633 0.01338383838383838 0.01346801346801347 0.01355218855218855 0.01363636363636364 0.01372053872053872 0.0138047138047138 0.01388888888888889 0.01397306397306397 0.01405723905723906 0.01414141414141414 0.01422558922558922 0.01430976430976431 0.01439393939393939 0.01447811447811448 0.01456228956228956 0.01464646464646465 0.01473063973063973 0.01481481481481481 0.0148989898989899 0.01498316498316498 0.01506734006734007 0.01515151515151515 0.01523569023569023 0.01531986531986532 0.0154040404040404 0.01548821548821549 0.01557239057239057 0.01565656565656566 0.01574074074074074 0.01582491582491583 0.01590909090909091 0.01599326599326599 0.01607744107744108 0.01616161616161616 0.01624579124579124 0.01632996632996633 0.01641414141414141 0.0164983164983165 0.01658249158249158 0.01666666666666667


# name: y
# type: matrix
# rows: 100
# columns: 1
 23896.67466325369
 23888.39353398877
 23880.48634174523
 23872.94444734609
 23865.75921161434
 23858.92199537305
 23852.42415944523
 23846.25706465391
 23840.41207182213
 23834.88054177288
 23829.65383532923
 23824.72331331418
 23820.08033655077
 23815.71626586201
 23811.62246207095
 23807.7902860006
 23804.211098474
 23800.87626031417
 23797.77713234413
 23794.90507538692
 23792.25145026556
 23789.80761780308
 23787.5649388225
 23785.51477414685
 23783.64848459917
 23781.95743100247
 23780.43297417979
 23779.06647495415
 23777.84929414857
 23776.77279258609
 23775.82833108974
 23775.00727048253
 23774.30097158749
 23773.70079522766
 23773.19810222606
 23772.78425340572
 23772.45060958966
 23772.18853160091
 23771.98938026251
 23771.84451639746
 23771.74530082881
 23771.68309437958
 23771.6492578728
 23771.63515213149
 23771.63213797868
 23771.6315762374
 23771.62482773067
 23771.60325328153
 23771.55821371299
 23771.48106984809
 23771.36318250985
 23771.19591252131
 23770.97062070548
 23770.67866788539
 23770.31141488408
 23769.86022252456
 23769.31645162987
 23768.67146302303
 23767.91661752707
 23767.04327596502
 23766.04279915991
 23764.90654793475
 23763.62588311258
 23762.19216551642
 23760.59675596931
 23758.83101529426
 23756.88630431432
 23754.75398385249
 23752.42541473182
 23749.89195777532
 23747.14497380603
 23744.17582364696
 23740.97586812116
 23737.53646805164
 23733.84898426143
 23729.90477757356
 23725.69520881106
 23721.21163879696
 23716.44542835427
 23711.38793830603
 23706.03052947527
 23700.36456268501
 23694.38139875828
 23688.0723985181
 23681.42892278749
 23674.44233238951
 23667.10398814717
 23659.40525088349
 23651.3374814215
 23642.89204058423
 23634.0602891947
 23624.83358807593
 23615.20329805097
 23605.16077994285
 23594.69739457456
 23583.80450276916
 23572.47346534969
 23560.69564313913
 23548.46239696054
 23535.76508763692


# name: QUERY
# type: sq_string
# elements: 1
# length: 2
R5


# name: DATASIZE
# type: sq_string
# elements: 1
# length: 3
500


