# Created by Octave 4.0.0, Mon May 23 13:38:29 2016 CEST <peter@Independence>
# name: x
# type: matrix
# rows: 1
# columns: 100
 0.008333333333333333 0.008417508417508417 0.008501683501683501 0.008585858585858586 0.00867003367003367 0.008754208754208754 0.008838383838383838 0.008922558922558922 0.009006734006734006 0.00909090909090909 0.009175084175084175 0.009259259259259259 0.009343434343434343 0.009427609427609427 0.009511784511784511 0.009595959595959595 0.009680134680134679 0.009764309764309764 0.009848484848484848 0.009932659932659932 0.01001683501683502 0.0101010101010101 0.01018518518518518 0.01026936026936027 0.01035353535353535 0.01043771043771044 0.01052188552188552 0.0106060606060606 0.01069023569023569 0.01077441077441077 0.01085858585858586 0.01094276094276094 0.01102693602693603 0.01111111111111111 0.01119528619528619 0.01127946127946128 0.01136363636363636 0.01144781144781145 0.01153198653198653 0.01161616161616161 0.0117003367003367 0.01178451178451178 0.01186868686868687 0.01195286195286195 0.01203703703703704 0.01212121212121212 0.01220538720538721 0.01228956228956229 0.01237373737373737 0.01245791245791246 0.01254208754208754 0.01262626262626263 0.01271043771043771 0.01279461279461279 0.01287878787878788 0.01296296296296296 0.01304713804713805 0.01313131313131313 0.01321548821548822 0.0132996632996633 0.01338383838383838 0.01346801346801347 0.01355218855218855 0.01363636363636364 0.01372053872053872 0.0138047138047138 0.01388888888888889 0.01397306397306397 0.01405723905723906 0.01414141414141414 0.01422558922558922 0.01430976430976431 0.01439393939393939 0.01447811447811448 0.01456228956228956 0.01464646464646465 0.01473063973063973 0.01481481481481481 0.0148989898989899 0.01498316498316498 0.01506734006734007 0.01515151515151515 0.01523569023569023 0.01531986531986532 0.0154040404040404 0.01548821548821549 0.01557239057239057 0.01565656565656566 0.01574074074074074 0.01582491582491583 0.01590909090909091 0.01599326599326599 0.01607744107744108 0.01616161616161616 0.01624579124579124 0.01632996632996633 0.01641414141414141 0.0164983164983165 0.01658249158249158 0.01666666666666667


# name: y
# type: matrix
# rows: 100
# columns: 1
 23646.61897043992
 23656.0179674014
 23665.20229634122
 23674.17195725937
 23682.92695015586
 23691.46727503068
 23699.79293188384
 23707.90392071533
 23715.80024152515
 23723.48189431331
 23730.94887907981
 23738.20119582464
 23745.23884454781
 23752.06182524931
 23758.67013792914
 23765.06378258732
 23771.24275922382
 23777.20706783867
 23782.95670843184
 23788.49168100335
 23793.8119855532
 23798.91762208138
 23803.80859058789
 23808.48489107275
 23812.94652353593
 23817.19348797745
 23821.22578439731
 23825.0434127955
 23828.64637317203
 23832.03466552689
 23835.20828986009
 23838.16724617162
 23840.91153446148
 23843.44115472968
 23845.75610697622
 23847.85639120109
 23849.74200740429
 23851.41295558583
 23852.86923574571
 23854.11084788392
 23855.13779200047
 23855.95006809535
 23856.54767616856
 23856.93061622012
 23857.09888825
 23857.05249225822
 23856.79142824478
 23856.31569620967
 23855.6252961529
 23854.72022807446
 23853.60049197435
 23852.26608785258
 23850.71701570915
 23848.95327554405
 23846.97486735728
 23844.78179114885
 23842.37404691876
 23839.751634667
 23836.91455439357
 23833.86280609848
 23830.59638978173
 23827.11530544331
 23823.41955308323
 23819.50913270148
 23815.38404429806
 23811.04428787298
 23806.48986342624
 23801.72077095783
 23796.73701046775
 23791.53858195601
 23786.12548542261
 23780.49772086754
 23774.65528829081
 23768.59818769241
 23762.32641907234
 23755.83998243061
 23749.13887776722
 23742.22310508216
 23735.09266437543
 23727.74755564704
 23720.18777889699
 23712.41333412527
 23704.42422133188
 23696.22044051683
 23687.80199168012
 23679.16887482174
 23670.32108994169
 23661.25863703998
 23651.98151611661
 23642.48972717157
 23632.78327020486
 23622.86214521649
 23612.72635220646
 23602.37589117476
 23591.81076212139
 23581.03096504636
 23570.03649994967
 23558.82736683131
 23547.40356569128
 23535.76509652959


# name: QUERY
# type: sq_string
# elements: 1
# length: 2
R5


# name: DATASIZE
# type: sq_string
# elements: 1
# length: 3
500


