# Created by Octave 3.8.2, Wed May 18 17:58:02 2016 CEST <Andrea@Andreas-MacBook-Pro.local>
# name: x
# type: matrix
# rows: 1
# columns: 100
 0.008333333333333333 0.008417508417508417 0.008501683501683501 0.008585858585858586 0.00867003367003367 0.008754208754208754 0.008838383838383838 0.008922558922558922 0.009006734006734006 0.00909090909090909 0.009175084175084175 0.009259259259259259 0.009343434343434343 0.009427609427609427 0.009511784511784511 0.009595959595959595 0.009680134680134679 0.009764309764309764 0.009848484848484848 0.009932659932659932 0.01001683501683502 0.0101010101010101 0.01018518518518518 0.01026936026936027 0.01035353535353535 0.01043771043771044 0.01052188552188552 0.0106060606060606 0.01069023569023569 0.01077441077441077 0.01085858585858586 0.01094276094276094 0.01102693602693603 0.01111111111111111 0.01119528619528619 0.01127946127946128 0.01136363636363636 0.01144781144781145 0.01153198653198653 0.01161616161616161 0.0117003367003367 0.01178451178451178 0.01186868686868687 0.01195286195286195 0.01203703703703704 0.01212121212121212 0.01220538720538721 0.01228956228956229 0.01237373737373737 0.01245791245791246 0.01254208754208754 0.01262626262626263 0.01271043771043771 0.01279461279461279 0.01287878787878788 0.01296296296296296 0.01304713804713805 0.01313131313131313 0.01321548821548822 0.0132996632996633 0.01338383838383838 0.01346801346801347 0.01355218855218855 0.01363636363636364 0.01372053872053872 0.0138047138047138 0.01388888888888889 0.01397306397306397 0.01405723905723906 0.01414141414141414 0.01422558922558922 0.01430976430976431 0.01439393939393939 0.01447811447811448 0.01456228956228956 0.01464646464646465 0.01473063973063973 0.01481481481481481 0.0148989898989899 0.01498316498316498 0.01506734006734007 0.01515151515151515 0.01523569023569023 0.01531986531986532 0.0154040404040404 0.01548821548821549 0.01557239057239057 0.01565656565656566 0.01574074074074074 0.01582491582491583 0.01590909090909091 0.01599326599326599 0.01607744107744108 0.01616161616161616 0.01624579124579124 0.01632996632996633 0.01641414141414141 0.0164983164983165 0.01658249158249158 0.01666666666666667


# name: y
# type: matrix
# rows: 100
# columns: 1
 23357.26357995481
 23360.305638475
 23363.14400191429
 23365.7879727751
 23368.24663612973
 23370.52885962036
 23372.64329345905
 23374.59837042771
 23376.40230587815
 23378.06309773203
 23379.58852648092
 23380.98615518623
 23382.26332947926
 23383.42717756119
 23384.48461020306
 23385.4423207458
 23386.3067851002
 23387.08426174694
 23387.78079173655
 23388.40219868948
 23388.954088796
 23389.44185081629
 23389.87065608039
 23390.24545848823
 23390.5709945096
 23390.85178318417
 23391.09212612149
 23391.29610750096
 23391.46759407189
 23391.61023515344
 23391.72746263466
 23391.82249097446
 23391.89831720164
 23391.95772091486
 23392.00326428266
 23392.03729204346
 23392.06193150556
 23392.0790925471
 23392.09046761615
 23392.0975317306
 23392.10154247825
 23392.10354001677
 23392.10434707369
 23392.10456894643
 23392.10459350226
 23392.10459117837
 23392.10451498178
 23392.10410048941
 23392.10286584804
 23392.10011177433
 23392.09492155482
 23392.08616104593
 23392.07247867393
 23392.05230543499
 23392.02385489515
 23391.9851231903
 23391.93388902623
 23391.86771367862
 23391.78394099298
 23391.67969738472
 23391.55189183914
 23391.39721591138
 23391.21214372648
 23390.99293197934
 23390.73561993475
 23390.43602942736
 23390.08976486171
 23389.6922132122
 23389.23854402311
 23388.72370940859
 23388.14244405267
 23387.48926520926
 23386.75847270215
 23385.94414892497
 23385.04015884125
 23384.04014998442
 23382.93755245772
 23381.72557893434
 23380.39722465727
 23378.94526743945
 23377.36226766362
 23375.64056828245
 23373.77229481847
 23371.74935536406
 23369.56344058152
 23367.20602370299
 23364.66836053049
 23361.94148943591
 23359.01623136104
 23355.88318981752
 23352.53275088689
 23348.95508322051
 23345.1401380397
 23341.07764913557
 23336.75713286916
 23332.16788817135
 23327.29899654293
 23322.13932205453
 23316.67751134669
 23310.90199362979


# name: QUERY
# type: sq_string
# elements: 1
# length: 2
R5


# name: DATASIZE
# type: sq_string
# elements: 1
# length: 3
500


