# Created by Octave 3.8.2, Wed May 18 17:58:02 2016 CEST <Andrea@Andreas-MacBook-Pro.local>
# name: x
# type: matrix
# rows: 1
# columns: 100
 0.008333333333333333 0.008417508417508417 0.008501683501683501 0.008585858585858586 0.00867003367003367 0.008754208754208754 0.008838383838383838 0.008922558922558922 0.009006734006734006 0.00909090909090909 0.009175084175084175 0.009259259259259259 0.009343434343434343 0.009427609427609427 0.009511784511784511 0.009595959595959595 0.009680134680134679 0.009764309764309764 0.009848484848484848 0.009932659932659932 0.01001683501683502 0.0101010101010101 0.01018518518518518 0.01026936026936027 0.01035353535353535 0.01043771043771044 0.01052188552188552 0.0106060606060606 0.01069023569023569 0.01077441077441077 0.01085858585858586 0.01094276094276094 0.01102693602693603 0.01111111111111111 0.01119528619528619 0.01127946127946128 0.01136363636363636 0.01144781144781145 0.01153198653198653 0.01161616161616161 0.0117003367003367 0.01178451178451178 0.01186868686868687 0.01195286195286195 0.01203703703703704 0.01212121212121212 0.01220538720538721 0.01228956228956229 0.01237373737373737 0.01245791245791246 0.01254208754208754 0.01262626262626263 0.01271043771043771 0.01279461279461279 0.01287878787878788 0.01296296296296296 0.01304713804713805 0.01313131313131313 0.01321548821548822 0.0132996632996633 0.01338383838383838 0.01346801346801347 0.01355218855218855 0.01363636363636364 0.01372053872053872 0.0138047138047138 0.01388888888888889 0.01397306397306397 0.01405723905723906 0.01414141414141414 0.01422558922558922 0.01430976430976431 0.01439393939393939 0.01447811447811448 0.01456228956228956 0.01464646464646465 0.01473063973063973 0.01481481481481481 0.0148989898989899 0.01498316498316498 0.01506734006734007 0.01515151515151515 0.01523569023569023 0.01531986531986532 0.0154040404040404 0.01548821548821549 0.01557239057239057 0.01565656565656566 0.01574074074074074 0.01582491582491583 0.01590909090909091 0.01599326599326599 0.01607744107744108 0.01616161616161616 0.01624579124579124 0.01632996632996633 0.01641414141414141 0.0164983164983165 0.01658249158249158 0.01666666666666667


# name: y
# type: matrix
# rows: 100
# columns: 1
 23802.10116645491
 23785.01291558588
 23768.69629011067
 23753.1334629409
 23738.30660698815
 23724.19789516402
 23710.78950038015
 23698.06359554811
 23686.00235357952
 23674.58794738598
 23663.8025498791
 23653.62833397048
 23644.04747257173
 23635.04213859446
 23626.59450495026
 23618.68674455074
 23611.30103030751
 23604.41953513218
 23598.02443193634
 23592.09789363161
 23586.62209312958
 23581.57920334187
 23576.95139718008
 23572.72084755581
 23568.86972738066
 23565.38020956626
 23562.23446702419
 23559.41467266606
 23556.90299940349
 23554.68162014806
 23552.7327078114
 23551.0384353051
 23549.58097554077
 23548.34250143001
 23547.30518588443
 23546.45120181564
 23545.76272213523
 23545.22191975482
 23544.81096758601
 23544.5120385404
 23544.30730552961
 23544.17894146523
 23544.10911925886
 23544.08001182212
 23544.07379206661
 23544.07263290394
 23544.05870724571
 23544.01418800352
 23543.92124808897
 23543.76206041369
 23543.51879788926
 23543.1736334273
 23542.70873993941
 23542.1062903372
 23541.34845753227
 23540.41741443622
 23539.29533396065
 23537.96438901719
 23536.40675251743
 23534.60459737297
 23532.54009649542
 23530.19542279639
 23527.55274918748
 23524.5942485803
 23521.30209388644
 23517.65845801752
 23513.64551388514
 23509.24543440091
 23504.44039247643
 23499.2125610233
 23493.54411295314
 23487.41722117754
 23480.81405860812
 23473.71679815646
 23466.10761273419
 23457.96867525291
 23449.28215862422
 23440.03023575972
 23430.19507957103
 23419.75886296974
 23408.70375886747
 23397.01194017581
 23384.66557980638
 23371.64685067076
 23357.93792568058
 23343.52097774744
 23328.37817978295
 23312.4917046987
 23295.84372540629
 23278.41641481735
 23260.19194584347
 23241.15249139625
 23221.28022438731
 23200.55731772826
 23178.96594433067
 23156.48827710617
 23133.10648896637
 23108.80275282287
 23083.55924158727
 23057.35812817117


# name: QUERY
# type: sq_string
# elements: 1
# length: 2
R5


# name: DATASIZE
# type: sq_string
# elements: 1
# length: 3
500


