# Created by Octave 4.0.0, Mon May 23 13:38:29 2016 CEST <peter@Independence>
# name: x
# type: matrix
# rows: 1
# columns: 100
 0.008333333333333333 0.008417508417508417 0.008501683501683501 0.008585858585858586 0.00867003367003367 0.008754208754208754 0.008838383838383838 0.008922558922558922 0.009006734006734006 0.00909090909090909 0.009175084175084175 0.009259259259259259 0.009343434343434343 0.009427609427609427 0.009511784511784511 0.009595959595959595 0.009680134680134679 0.009764309764309764 0.009848484848484848 0.009932659932659932 0.01001683501683502 0.0101010101010101 0.01018518518518518 0.01026936026936027 0.01035353535353535 0.01043771043771044 0.01052188552188552 0.0106060606060606 0.01069023569023569 0.01077441077441077 0.01085858585858586 0.01094276094276094 0.01102693602693603 0.01111111111111111 0.01119528619528619 0.01127946127946128 0.01136363636363636 0.01144781144781145 0.01153198653198653 0.01161616161616161 0.0117003367003367 0.01178451178451178 0.01186868686868687 0.01195286195286195 0.01203703703703704 0.01212121212121212 0.01220538720538721 0.01228956228956229 0.01237373737373737 0.01245791245791246 0.01254208754208754 0.01262626262626263 0.01271043771043771 0.01279461279461279 0.01287878787878788 0.01296296296296296 0.01304713804713805 0.01313131313131313 0.01321548821548822 0.0132996632996633 0.01338383838383838 0.01346801346801347 0.01355218855218855 0.01363636363636364 0.01372053872053872 0.0138047138047138 0.01388888888888889 0.01397306397306397 0.01405723905723906 0.01414141414141414 0.01422558922558922 0.01430976430976431 0.01439393939393939 0.01447811447811448 0.01456228956228956 0.01464646464646465 0.01473063973063973 0.01481481481481481 0.0148989898989899 0.01498316498316498 0.01506734006734007 0.01515151515151515 0.01523569023569023 0.01531986531986532 0.0154040404040404 0.01548821548821549 0.01557239057239057 0.01565656565656566 0.01574074074074074 0.01582491582491583 0.01590909090909091 0.01599326599326599 0.01607744107744108 0.01616161616161616 0.01624579124579124 0.01632996632996633 0.01641414141414141 0.0164983164983165 0.01658249158249158 0.01666666666666667


# name: y
# type: matrix
# rows: 100
# columns: 1
 23689.16956212598
 23699.42403429981
 23708.99187091906
 23717.90442978032
 23726.19233574517
 23733.88548074019
 23741.01302375696
 23747.60339085206
 23753.68427514705
 23759.28263682852
 23764.42470314802
 23769.13596842212
 23773.44119403238
 23777.36440842535
 23780.92890711261
 23784.15725267069
 23787.07127474115
 23789.69207003054
 23792.0400023104
 23794.13470241727
 23795.99506825269
 23797.63926478321
 23799.08472404035
 23800.34814512064
 23801.44549418561
 23802.39200446179
 23803.2021762407
 23803.88977687886
 23804.46784079778
 23804.94866948399
 23805.34383148899
 23805.66416242929
 23805.9197649864
 23806.12000890682
 23806.27353100205
 23806.38823514859
 23806.47129228793
 23806.52914042657
 23806.567484636
 23806.59129705269
 23806.60481687814
 23806.61155037883
 23806.61427088623
 23806.61501879682
 23806.61510157208
 23806.61509373847
 23806.61483688745
 23806.61343967551
 23806.60927782409
 23806.59999411965
 23806.58249841365
 23806.55296762255
 23806.50684572779
 23806.43884377582
 23806.34293987809
 23806.21237921104
 23806.03967401611
 23805.81660359973
 23805.53421433335
 23805.18281965338
 23804.75200006126
 23804.23060312342
 23803.60674347127
 23802.86780280124
 23802.00042987474
 23800.9905405182
 23799.82331762301
 23798.48321114559
 23796.95393810735
 23795.21848259469
 23793.259095759
 23791.05729581669
 23788.59386804915
 23785.84886480278
 23782.80160548896
 23779.43067658408
 23775.71393162953
 23771.62849123168
 23767.15074306191
 23762.25634185661
 23756.92020941713
 23751.11653460986
 23744.81877336615
 23737.99964868239
 23730.63115061991
 23722.6845363051
 23714.13032992929
 23704.93832274884
 23695.07757308511
 23684.51640632445
 23673.22241491819
 23661.16245838268
 23648.30266329926
 23634.60842331427
 23620.04439913903
 23604.5745185499
 23588.16197638818
 23570.7692345602
 23552.35802203729
 23532.88933485578


# name: QUERY
# type: sq_string
# elements: 1
# length: 2
R5


# name: DATASIZE
# type: sq_string
# elements: 1
# length: 3
500


