# Created by Octave 3.8.2, Wed May 18 17:58:02 2016 CEST <Andrea@Andreas-MacBook-Pro.local>
# name: x
# type: matrix
# rows: 1
# columns: 100
 0.008333333333333333 0.008417508417508417 0.008501683501683501 0.008585858585858586 0.00867003367003367 0.008754208754208754 0.008838383838383838 0.008922558922558922 0.009006734006734006 0.00909090909090909 0.009175084175084175 0.009259259259259259 0.009343434343434343 0.009427609427609427 0.009511784511784511 0.009595959595959595 0.009680134680134679 0.009764309764309764 0.009848484848484848 0.009932659932659932 0.01001683501683502 0.0101010101010101 0.01018518518518518 0.01026936026936027 0.01035353535353535 0.01043771043771044 0.01052188552188552 0.0106060606060606 0.01069023569023569 0.01077441077441077 0.01085858585858586 0.01094276094276094 0.01102693602693603 0.01111111111111111 0.01119528619528619 0.01127946127946128 0.01136363636363636 0.01144781144781145 0.01153198653198653 0.01161616161616161 0.0117003367003367 0.01178451178451178 0.01186868686868687 0.01195286195286195 0.01203703703703704 0.01212121212121212 0.01220538720538721 0.01228956228956229 0.01237373737373737 0.01245791245791246 0.01254208754208754 0.01262626262626263 0.01271043771043771 0.01279461279461279 0.01287878787878788 0.01296296296296296 0.01304713804713805 0.01313131313131313 0.01321548821548822 0.0132996632996633 0.01338383838383838 0.01346801346801347 0.01355218855218855 0.01363636363636364 0.01372053872053872 0.0138047138047138 0.01388888888888889 0.01397306397306397 0.01405723905723906 0.01414141414141414 0.01422558922558922 0.01430976430976431 0.01439393939393939 0.01447811447811448 0.01456228956228956 0.01464646464646465 0.01473063973063973 0.01481481481481481 0.0148989898989899 0.01498316498316498 0.01506734006734007 0.01515151515151515 0.01523569023569023 0.01531986531986532 0.0154040404040404 0.01548821548821549 0.01557239057239057 0.01565656565656566 0.01574074074074074 0.01582491582491583 0.01590909090909091 0.01599326599326599 0.01607744107744108 0.01616161616161616 0.01624579124579124 0.01632996632996633 0.01641414141414141 0.0164983164983165 0.01658249158249158 0.01666666666666667


# name: y
# type: matrix
# rows: 100
# columns: 1
 23320.65328714058
 23324.90052315217
 23328.68446908565
 23332.0464672754
 23335.02502912958
 23337.6559674231
 23339.97252542445
 23342.00550285641
 23343.78337869072
 23345.33243077649
 23346.67685230256
 23347.83886509374
 23348.83882974089
 23349.69535256489
 23350.42538941452
 23351.04434629812
 23351.56617684923
 23352.00347662606
 23352.36757424482
 23352.66861934693
 23352.91566740015
 23353.11676133349
 23353.27901000612
 23353.40866351005
 23353.51118530671
 23353.59132119746
 23353.65316512788
 23353.70022182603
 23353.73546627453
 23353.7614000165
 23353.78010429542
 23353.79329002885
 23353.80234461602
 23353.80837557926
 23353.8122510394
 23353.81463702492
 23353.81603161506
 23353.81679591682
 23353.81718187573
 23353.81735692062
 23353.81742544216
 23353.81744710536
 23353.81745199588
 23353.81745260024
 23353.81745261993
 23353.81745261934
 23353.81745250761
 23353.81745085431
 23353.81744103909
 23353.81740423505
 23353.81729922615
 23353.81704905837
 23353.81652452479
 23353.81552448458
 23353.81375301581
 23353.81079340214
 23353.80607895344
 23353.7988606602
 23353.7881716819
 23353.77278866917
 23353.75118991992
 23353.72151036923
 23353.68149341325
 23353.62843956684
 23353.55915195519
 23353.46987863922
 23353.35625177499
 23353.21322360681
 23353.03499929437
 23352.81496657367
 23352.54562225185
 23352.2184955359
 23351.82406819522
 23351.35169155805
 23350.78950034183
 23350.1243233174
 23349.34159080701
 23348.42523901635
 23347.35761120032
 23346.11935566272
 23344.68932058987
 23343.044445718
 23341.1596508346
 23339.00772111361
 23336.5591892845
 23333.78221463517
 23330.64245884884
 23327.10295867465
 23323.12399543236
 23318.66296135059
 23313.67422273941
 23308.10897999625
 23301.91512444618
 23295.03709201572
 23287.41571374073
 23278.98806310802
 23269.6873002311
 23259.44251285929
 23248.17855422145
 23235.81587770272


# name: QUERY
# type: sq_string
# elements: 1
# length: 2
R5


# name: DATASIZE
# type: sq_string
# elements: 1
# length: 3
500


