# Created by Octave 4.0.0, Mon May 23 13:47:04 2016 CEST <peter@Independence>
# name: x
# type: matrix
# rows: 1
# columns: 100
 60 60.60606060606061 61.2121212121212 61.81818181818181 62.42424242424242 63.03030303030303 63.63636363636364 64.24242424242424 64.84848484848484 65.45454545454545 66.06060606060606 66.66666666666666 67.27272727272727 67.87878787878788 68.48484848484848 69.09090909090909 69.69696969696969 70.3030303030303 70.90909090909091 71.51515151515152 72.12121212121212 72.72727272727272 73.33333333333333 73.93939393939394 74.54545454545455 75.15151515151516 75.75757575757575 76.36363636363636 76.96969696969697 77.57575757575758 78.18181818181819 78.78787878787878 79.39393939393939 80 80.60606060606061 81.21212121212122 81.81818181818181 82.42424242424242 83.03030303030303 83.63636363636363 84.24242424242424 84.84848484848484 85.45454545454545 86.06060606060606 86.66666666666667 87.27272727272727 87.87878787878788 88.48484848484848 89.09090909090909 89.6969696969697 90.3030303030303 90.90909090909091 91.51515151515152 92.12121212121212 92.72727272727273 93.33333333333333 93.93939393939394 94.54545454545455 95.15151515151516 95.75757575757575 96.36363636363636 96.96969696969697 97.57575757575758 98.18181818181819 98.78787878787878 99.39393939393939 100 100.6060606060606 101.2121212121212 101.8181818181818 102.4242424242424 103.030303030303 103.6363636363636 104.2424242424242 104.8484848484848 105.4545454545455 106.0606060606061 106.6666666666667 107.2727272727273 107.8787878787879 108.4848484848485 109.0909090909091 109.6969696969697 110.3030303030303 110.9090909090909 111.5151515151515 112.1212121212121 112.7272727272727 113.3333333333333 113.9393939393939 114.5454545454545 115.1515151515152 115.7575757575758 116.3636363636364 116.969696969697 117.5757575757576 118.1818181818182 118.7878787878788 119.3939393939394 120


# name: y
# type: matrix
# rows: 100
# columns: 1
 547564.9786465708
 546291.8402726587
 544792.7578848629
 543070.1905459175
 541127.5288030133
 538969.0766082593
 536600.0268793773
 534026.4309081169
 531255.1618835469
 528293.8728540267
 525150.9495046189
 521835.4581753067
 518357.0895890607
 514726.0987970338
 510953.2418805325
 507049.7099755453
 503027.0612052655
 498897.1511190318
 494672.0622423645
 490364.0333422958
 485985.3890051063
 481548.4701100467
 477065.5657629679
 472548.8472283132
 468010.3043671101
 463461.6850529094
 458914.4379976097
 454379.6593753716
 449868.0435860011
 445389.8384499094
 440954.805075728
 436572.1825895292
 432250.6578620468
 427998.3403179786
 423822.741859981
 419730.7618899531
 415728.6773621981
 411822.1377575363
 408016.1648248941
 404315.156897676
 400722.8975566815
 397242.5683797139
 393876.7654905315
 390627.5195965566
 387496.3191858331
 384484.1365391238
 381591.4562027025
 378818.3055612078
 376164.2871477332
 373628.6123299195
 371210.1360159446
 368907.3920327072
 366718.6288398613
 364641.8452573693
 362674.8259005632
 360815.1760350046
 359060.3555833804
 357407.7120379194
 355854.5120540652
 354397.9715240761
 353035.2839525581
 351763.6469794215
 350580.2869191351
 349482.481208233
 348467.578675615
 347533.0175721231
 346676.3413170369
 345895.2119394059
 345187.4212114486
 344550.8994895317
 343983.7222954587
 343484.1146869253
 343050.4534810218
 342681.2674085857
 342375.2352900357
 342131.1823350702
 341948.0746792913
 341825.0122804579
 341761.2203056663
 341756.0391483416
 341808.9132204791
 341919.3786711326
 342087.0501866708
 342311.6070318343
 342592.7784930915
 342930.3288872038
 343324.0422982469
 343773.7072055776
 344279.1011633633
 344839.9756892841
 345456.0415158794
 346126.9543527084
 346852.3013010634
 347631.5880554052
 348464.227017021
 349349.5264356679
 350286.6806842246
 351274.7617596838
 352312.7120912739
 353399.3387231959


# name: QUERY
# type: sq_string
# elements: 1
# length: 2
R1


# name: DATASIZE
# type: sq_string
# elements: 1
# length: 4
1000


