# Created by Octave 4.0.0, Wed May 18 23:46:58 2016 CEST <peter@Independence>
# name: x
# type: matrix
# rows: 1
# columns: 100
 60 60.60606060606061 61.2121212121212 61.81818181818181 62.42424242424242 63.03030303030303 63.63636363636364 64.24242424242424 64.84848484848484 65.45454545454545 66.06060606060606 66.66666666666666 67.27272727272727 67.87878787878788 68.48484848484848 69.09090909090909 69.69696969696969 70.3030303030303 70.90909090909091 71.51515151515152 72.12121212121212 72.72727272727272 73.33333333333333 73.93939393939394 74.54545454545455 75.15151515151516 75.75757575757575 76.36363636363636 76.96969696969697 77.57575757575758 78.18181818181819 78.78787878787878 79.39393939393939 80 80.60606060606061 81.21212121212122 81.81818181818181 82.42424242424242 83.03030303030303 83.63636363636363 84.24242424242424 84.84848484848484 85.45454545454545 86.06060606060606 86.66666666666667 87.27272727272727 87.87878787878788 88.48484848484848 89.09090909090909 89.6969696969697 90.3030303030303 90.90909090909091 91.51515151515152 92.12121212121212 92.72727272727273 93.33333333333333 93.93939393939394 94.54545454545455 95.15151515151516 95.75757575757575 96.36363636363636 96.96969696969697 97.57575757575758 98.18181818181819 98.78787878787878 99.39393939393939 100 100.6060606060606 101.2121212121212 101.8181818181818 102.4242424242424 103.030303030303 103.6363636363636 104.2424242424242 104.8484848484848 105.4545454545455 106.0606060606061 106.6666666666667 107.2727272727273 107.8787878787879 108.4848484848485 109.0909090909091 109.6969696969697 110.3030303030303 110.9090909090909 111.5151515151515 112.1212121212121 112.7272727272727 113.3333333333333 113.9393939393939 114.5454545454545 115.1515151515152 115.7575757575758 116.3636363636364 116.969696969697 117.5757575757576 118.1818181818182 118.7878787878788 119.3939393939394 120


# name: y
# type: matrix
# rows: 100
# columns: 1
 554356.5467349407
 553007.312319114
 551427.9126768766
 549621.216914315
 547591.0631029485
 545342.238111951
 542880.4507113225
 540212.2981619395
 537345.2265718371
 534287.4853584759
 531048.0762134199
 527636.6970180869
 524063.6812064289
 520339.9331119834
 516476.8598722541
 512486.30049242
 508380.4526926516
 504171.798178615
 499873.0269829636
 495496.9615267268
 491056.4810436023
 486564.4469973936
 482033.6301034875
 477476.639539663
 472905.8549001003
 468333.3614096897
 463770.8888741868
 459229.7547960139
 454720.8120362178
 450254.4013509226
 445840.3090762657
 441487.7301799688
 437205.236841072
 433000.7526626475
 428881.5325661603
 424854.1483612023
 420924.4799311956
 417097.7119248771
 413378.3357954563
 409770.156984709
 406276.307008329
 402899.2601619003
 399640.8545341545
 396502.3169858992
 393484.2917292777
 390586.8721228989
 387809.6352838533
 385151.6791076351
 382611.6612814144
 380187.8398747823
 377878.1150947938
 375680.0717986535
 373591.022367412
 371608.0495572919
 369728.0489614157
 367947.7707334268
 366263.8602454641
 364672.8973758038
 363171.4341459222
 361756.0304524095
 360423.2876657838
 359169.8798955214
 357992.5827482546
 356888.2994338446
 355854.0841016815
 354887.1623168854
 353984.9486129
 353145.0610831131
 352365.3329994774
 351643.821470496
 350978.8131742976
 350368.8272247552
 349812.6152496208
 349309.1587794119
 348857.6640642174
 348457.5544526635
 348108.4604829469
 347810.2078500665
 347562.8034261366
 347366.419521916
 347221.3765873993
 347128.124557472
 347087.2230551979
 347099.3206702572
 347165.1335333652
 347285.42340916
 347460.9755300251
 347692.5763916101
 347980.9917274241
 348326.944874808
 348731.095737859
 349194.0205445244
 349716.1925851269
 350297.9641081158
 350939.5495359002
 351641.0101493405
 352402.2403739213
 353222.9557839731
 354102.6829236443
 355040.7510248548


# name: QUERY
# type: sq_string
# elements: 1
# length: 2
R1


# name: DATASIZE
# type: sq_string
# elements: 1
# length: 4
1000


