# Created by Octave 4.0.0, Mon May 23 13:47:04 2016 CEST <peter@Independence>
# name: x
# type: matrix
# rows: 1
# columns: 100
 60 60.60606060606061 61.2121212121212 61.81818181818181 62.42424242424242 63.03030303030303 63.63636363636364 64.24242424242424 64.84848484848484 65.45454545454545 66.06060606060606 66.66666666666666 67.27272727272727 67.87878787878788 68.48484848484848 69.09090909090909 69.69696969696969 70.3030303030303 70.90909090909091 71.51515151515152 72.12121212121212 72.72727272727272 73.33333333333333 73.93939393939394 74.54545454545455 75.15151515151516 75.75757575757575 76.36363636363636 76.96969696969697 77.57575757575758 78.18181818181819 78.78787878787878 79.39393939393939 80 80.60606060606061 81.21212121212122 81.81818181818181 82.42424242424242 83.03030303030303 83.63636363636363 84.24242424242424 84.84848484848484 85.45454545454545 86.06060606060606 86.66666666666667 87.27272727272727 87.87878787878788 88.48484848484848 89.09090909090909 89.6969696969697 90.3030303030303 90.90909090909091 91.51515151515152 92.12121212121212 92.72727272727273 93.33333333333333 93.93939393939394 94.54545454545455 95.15151515151516 95.75757575757575 96.36363636363636 96.96969696969697 97.57575757575758 98.18181818181819 98.78787878787878 99.39393939393939 100 100.6060606060606 101.2121212121212 101.8181818181818 102.4242424242424 103.030303030303 103.6363636363636 104.2424242424242 104.8484848484848 105.4545454545455 106.0606060606061 106.6666666666667 107.2727272727273 107.8787878787879 108.4848484848485 109.0909090909091 109.6969696969697 110.3030303030303 110.9090909090909 111.5151515151515 112.1212121212121 112.7272727272727 113.3333333333333 113.9393939393939 114.5454545454545 115.1515151515152 115.7575757575758 116.3636363636364 116.969696969697 117.5757575757576 118.1818181818182 118.7878787878788 119.3939393939394 120


# name: y
# type: matrix
# rows: 100
# columns: 1
 519074.264087036
 517157.8446107405
 515241.4251344448
 513325.0056581492
 511408.5861818537
 509492.166705558
 507575.7472292624
 505659.3277529669
 503742.9082766712
 501826.4888003756
 499910.06932408
 497993.6498477844
 496077.2303714888
 494160.8108951933
 492244.3914188975
 490327.971942602
 488411.5524663064
 486495.1329900108
 484578.7135137152
 482662.2940374195
 480745.874561124
 478829.4550848284
 476913.0356085327
 474996.6161322371
 473080.1966559415
 471163.777179646
 469247.3577033504
 467330.9382270547
 465414.5187507591
 463498.0992744635
 461581.6797981679
 459665.2603218723
 457748.8408455767
 455832.4213692811
 453916.0018929855
 451999.5824166899
 450083.1629403942
 448166.7434640987
 446250.3239878031
 444333.9045115075
 442417.4850352118
 440501.0655589162
 438584.6460826207
 436668.226606325
 434751.8071300294
 432835.3876537338
 430918.9681774382
 429002.5487011426
 427086.129224847
 425169.7097485514
 423253.2902722558
 421336.8707959602
 419420.4513196646
 417504.031843369
 415587.6123670734
 413671.1928907778
 411754.7734144822
 409838.3539381865
 407921.934461891
 406005.5149855954
 404089.0955092998
 402172.6760330041
 400256.2565567085
 398339.8370804129
 396423.4176041174
 394506.9981278217
 392590.5786515261
 390674.1591752305
 388757.739698935
 386841.3202226392
 384924.9007463437
 383008.4812700481
 381092.0617937525
 379175.6423174569
 377259.2228411612
 375342.8033648656
 373426.3838885701
 371509.9644122745
 369593.5449359789
 367677.1254596832
 365760.7059833877
 363844.286507092
 361927.8670307964
 360011.4475545008
 358095.0280782052
 356178.6086019096
 354262.189125614
 352345.7696493184
 350429.3501730228
 348512.9306967272
 346596.5112204316
 344680.091744136
 342763.6722678404
 340847.2527915448
 338930.8333152492
 337014.4138389536
 335097.9943626579
 333181.5748863624
 331265.1554100668
 329348.7359337711


# name: QUERY
# type: sq_string
# elements: 1
# length: 2
R1


# name: DATASIZE
# type: sq_string
# elements: 1
# length: 4
1000


