# Created by Octave 4.0.0, Mon May 23 13:47:04 2016 CEST <peter@Independence>
# name: x
# type: matrix
# rows: 1
# columns: 100
 60 60.60606060606061 61.2121212121212 61.81818181818181 62.42424242424242 63.03030303030303 63.63636363636364 64.24242424242424 64.84848484848484 65.45454545454545 66.06060606060606 66.66666666666666 67.27272727272727 67.87878787878788 68.48484848484848 69.09090909090909 69.69696969696969 70.3030303030303 70.90909090909091 71.51515151515152 72.12121212121212 72.72727272727272 73.33333333333333 73.93939393939394 74.54545454545455 75.15151515151516 75.75757575757575 76.36363636363636 76.96969696969697 77.57575757575758 78.18181818181819 78.78787878787878 79.39393939393939 80 80.60606060606061 81.21212121212122 81.81818181818181 82.42424242424242 83.03030303030303 83.63636363636363 84.24242424242424 84.84848484848484 85.45454545454545 86.06060606060606 86.66666666666667 87.27272727272727 87.87878787878788 88.48484848484848 89.09090909090909 89.6969696969697 90.3030303030303 90.90909090909091 91.51515151515152 92.12121212121212 92.72727272727273 93.33333333333333 93.93939393939394 94.54545454545455 95.15151515151516 95.75757575757575 96.36363636363636 96.96969696969697 97.57575757575758 98.18181818181819 98.78787878787878 99.39393939393939 100 100.6060606060606 101.2121212121212 101.8181818181818 102.4242424242424 103.030303030303 103.6363636363636 104.2424242424242 104.8484848484848 105.4545454545455 106.0606060606061 106.6666666666667 107.2727272727273 107.8787878787879 108.4848484848485 109.0909090909091 109.6969696969697 110.3030303030303 110.9090909090909 111.5151515151515 112.1212121212121 112.7272727272727 113.3333333333333 113.9393939393939 114.5454545454545 115.1515151515152 115.7575757575758 116.3636363636364 116.969696969697 117.5757575757576 118.1818181818182 118.7878787878788 119.3939393939394 120


# name: y
# type: matrix
# rows: 1
# columns: 100
 529009.2036613273 526875.4078774011 524741.6120934748 522607.8163095487 520474.0205256224 518340.2247416962 516206.42895777 514072.6331738438 511938.8373899176 509805.0416059913 507671.2458220651 505537.4500381389 503403.6542542127 501269.8584702865 499136.0626863602 497002.266902434 494868.4711185078 492734.6753345816 490600.8795506554 488467.0837667291 486333.2879828029 484199.4921988767 482065.6964149505 479931.9006310243 477798.1048470981 475664.3090631719 473530.5132792456 471396.7174953194 469262.9217113932 467129.125927467 464995.3301435407 462861.5343596145 460727.7385756883 458593.9427917621 456460.1470078359 454326.3512239096 452192.5554399834 450058.7596560572 447924.963872131 445791.1680882048 443657.3723042785 441523.5765203523 439389.7807364261 437255.9849524999 435122.1891685736 432988.3933846474 430854.5976007212 428720.801816795 426587.0060328688 424453.2102489425 422319.4144650163 420185.6186810901 418051.8228971639 415918.0271132377 413784.2313293114 411650.4355453852 409516.639761459 407382.8439775328 405249.0481936065 403115.2524096803 400981.4566257541 398847.6608418279 396713.8650579017 394580.0692739755 392446.2734900492 390312.477706123 388178.6819221968 386044.8861382706 383911.0903543444 381777.2945704182 379643.4987864919 377509.7030025657 375375.9072186395 373242.1114347133 371108.3156507871 368974.5198668608 366840.7240829346 364706.9282990084 362573.1325150822 360439.3367311559 358305.5409472297 356171.7451633035 354037.9493793773 351904.1535954511 349770.3578115249 347636.5620275986 345502.7662436724 343368.9704597462 341235.17467582 339101.3788918938 336967.5831079676 334833.7873240414 332699.9915401151 330566.1957561889 328432.3999722627 326298.6041883364 324164.8084044103 322031.012620484 319897.2168365578 317763.4210526316


# name: QUERY
# type: sq_string
# elements: 1
# length: 2
R1


# name: DATASIZE
# type: sq_string
# elements: 1
# length: 4
1000


