# Created by Octave 4.0.0, Wed May 18 23:46:57 2016 CEST <peter@Independence>
# name: x
# type: matrix
# rows: 1
# columns: 100
 60 60.60606060606061 61.2121212121212 61.81818181818181 62.42424242424242 63.03030303030303 63.63636363636364 64.24242424242424 64.84848484848484 65.45454545454545 66.06060606060606 66.66666666666666 67.27272727272727 67.87878787878788 68.48484848484848 69.09090909090909 69.69696969696969 70.3030303030303 70.90909090909091 71.51515151515152 72.12121212121212 72.72727272727272 73.33333333333333 73.93939393939394 74.54545454545455 75.15151515151516 75.75757575757575 76.36363636363636 76.96969696969697 77.57575757575758 78.18181818181819 78.78787878787878 79.39393939393939 80 80.60606060606061 81.21212121212122 81.81818181818181 82.42424242424242 83.03030303030303 83.63636363636363 84.24242424242424 84.84848484848484 85.45454545454545 86.06060606060606 86.66666666666667 87.27272727272727 87.87878787878788 88.48484848484848 89.09090909090909 89.6969696969697 90.3030303030303 90.90909090909091 91.51515151515152 92.12121212121212 92.72727272727273 93.33333333333333 93.93939393939394 94.54545454545455 95.15151515151516 95.75757575757575 96.36363636363636 96.96969696969697 97.57575757575758 98.18181818181819 98.78787878787878 99.39393939393939 100 100.6060606060606 101.2121212121212 101.8181818181818 102.4242424242424 103.030303030303 103.6363636363636 104.2424242424242 104.8484848484848 105.4545454545455 106.0606060606061 106.6666666666667 107.2727272727273 107.8787878787879 108.4848484848485 109.0909090909091 109.6969696969697 110.3030303030303 110.9090909090909 111.5151515151515 112.1212121212121 112.7272727272727 113.3333333333333 113.9393939393939 114.5454545454545 115.1515151515152 115.7575757575758 116.3636363636364 116.969696969697 117.5757575757576 118.1818181818182 118.7878787878788 119.3939393939394 120


# name: y
# type: matrix
# rows: 1
# columns: 100
 529715.7549999036 527567.5591350624 525419.3632702213 523271.1674053801 521122.9715405389 518974.7756756978 516826.5798108567 514678.3839460155 512530.1880811743 510381.9922163332 508233.7963514921 506085.6004866509 503937.4046218097 501789.2087569686 499641.0128921274 497492.8170272863 495344.6211624451 493196.4252976039 491048.2294327628 488900.0335679216 486751.8377030805 484603.6418382393 482455.4459733982 480307.250108557 478159.0542437158 476010.8583788747 473862.6625140336 471714.4666491924 469566.2707843512 467418.0749195101 465269.8790546689 463121.6831898278 460973.4873249866 458825.2914601454 456677.0955953043 454528.8997304632 452380.703865622 450232.5080007808 448084.3121359397 445936.1162710985 443787.9204062574 441639.7245414162 439491.528676575 437343.3328117339 435195.1369468927 433046.9410820516 430898.7452172104 428750.5493523693 426602.3534875281 424454.1576226869 422305.9617578458 420157.7658930047 418009.5700281635 415861.3741633223 413713.1782984812 411564.98243364 409416.7865687989 407268.5907039577 405120.3948391165 402972.1989742754 400824.0031094342 398675.8072445931 396527.6113797519 394379.4155149108 392231.2196500696 390083.0237852284 387934.8279203873 385786.6320555462 383638.436190705 381490.2403258638 379342.0444610227 377193.8485961815 375045.6527313404 372897.4568664992 370749.261001658 368601.0651368169 366452.8692719757 364304.6734071346 362156.4775422934 360008.2816774523 357860.0858126112 355711.88994777 353563.6940829288 351415.4982180877 349267.3023532465 347119.1064884053 344970.9106235642 342822.714758723 340674.5188938818 338526.3230290407 336378.1271641996 334229.9312993584 332081.7354345173 329933.5395696761 327785.3437048349 325637.1478399938 323488.9519751526 321340.7561103115 319192.5602454703 317044.3643806292


# name: QUERY
# type: sq_string
# elements: 1
# length: 2
R1


# name: DATASIZE
# type: sq_string
# elements: 1
# length: 4
1000


