# Created by Octave 4.0.0, Wed May 18 23:46:57 2016 CEST <peter@Independence>
# name: x
# type: matrix
# rows: 1
# columns: 100
 60 60.60606060606061 61.2121212121212 61.81818181818181 62.42424242424242 63.03030303030303 63.63636363636364 64.24242424242424 64.84848484848484 65.45454545454545 66.06060606060606 66.66666666666666 67.27272727272727 67.87878787878788 68.48484848484848 69.09090909090909 69.69696969696969 70.3030303030303 70.90909090909091 71.51515151515152 72.12121212121212 72.72727272727272 73.33333333333333 73.93939393939394 74.54545454545455 75.15151515151516 75.75757575757575 76.36363636363636 76.96969696969697 77.57575757575758 78.18181818181819 78.78787878787878 79.39393939393939 80 80.60606060606061 81.21212121212122 81.81818181818181 82.42424242424242 83.03030303030303 83.63636363636363 84.24242424242424 84.84848484848484 85.45454545454545 86.06060606060606 86.66666666666667 87.27272727272727 87.87878787878788 88.48484848484848 89.09090909090909 89.6969696969697 90.3030303030303 90.90909090909091 91.51515151515152 92.12121212121212 92.72727272727273 93.33333333333333 93.93939393939394 94.54545454545455 95.15151515151516 95.75757575757575 96.36363636363636 96.96969696969697 97.57575757575758 98.18181818181819 98.78787878787878 99.39393939393939 100 100.6060606060606 101.2121212121212 101.8181818181818 102.4242424242424 103.030303030303 103.6363636363636 104.2424242424242 104.8484848484848 105.4545454545455 106.0606060606061 106.6666666666667 107.2727272727273 107.8787878787879 108.4848484848485 109.0909090909091 109.6969696969697 110.3030303030303 110.9090909090909 111.5151515151515 112.1212121212121 112.7272727272727 113.3333333333333 113.9393939393939 114.5454545454545 115.1515151515152 115.7575757575758 116.3636363636364 116.969696969697 117.5757575757576 118.1818181818182 118.7878787878788 119.3939393939394 120


# name: y
# type: matrix
# rows: 100
# columns: 1
 529208.5750292699
 527145.3843224897
 525082.1936157091
 523019.0029089284
 520955.812202148
 518892.6214953675
 516829.430788587
 514766.2400818065
 512703.049375026
 510639.8586682455
 508576.667961465
 506513.4772546844
 504450.2865479039
 502387.0958411234
 500323.9051343429
 498260.7144275624
 496197.5237207819
 494134.3330140013
 492071.1423072208
 490007.9516004403
 487944.7608936598
 485881.5701868794
 483818.3794800988
 481755.1887733183
 479691.9980665378
 477628.8073597573
 475565.6166529768
 473502.4259461963
 471439.2352394157
 469376.0445326353
 467312.8538258547
 465249.6631190742
 463186.4724122937
 461123.2817055132
 459060.0909987327
 456996.9002919522
 454933.7095851717
 452870.5188783912
 450807.3281716107
 448744.1374648302
 446680.9467580497
 444617.7560512691
 442554.5653444887
 440491.3746377081
 438428.1839309276
 436364.9932241471
 434301.8025173666
 432238.6118105861
 430175.4211038055
 428112.2303970251
 426049.0396902445
 423985.848983464
 421922.6582766835
 419859.467569903
 417796.2768631225
 415733.086156342
 413669.8954495615
 411606.7047427809
 409543.5140360005
 407480.3233292199
 405417.1326224394
 403353.9419156589
 401290.7512088784
 399227.5605020979
 397164.3697953174
 395101.1790885369
 393037.9883817564
 390974.7976749759
 388911.6069681954
 386848.4162614148
 384785.2255546344
 382722.0348478538
 380658.8441410734
 378595.6534342928
 376532.4627275123
 374469.2720207318
 372406.0813139512
 370342.8906071708
 368279.6999003903
 366216.5091936097
 364153.3184868292
 362090.1277800488
 360026.9370732682
 357963.7463664877
 355900.5556597072
 353837.3649529267
 351774.1742461461
 349710.9835393657
 347647.7928325851
 345584.6021258046
 343521.4114190241
 341458.2207122436
 339395.0300054631
 337331.8392986826
 335268.6485919021
 333205.4578851215
 331142.2671783411
 329079.0764715606
 327015.88576478
 324952.6950579995


# name: QUERY
# type: sq_string
# elements: 1
# length: 2
R1


# name: DATASIZE
# type: sq_string
# elements: 1
# length: 4
1000


