# Created by Octave 4.0.0, Mon May 23 13:47:04 2016 CEST <peter@Independence>
# name: SVs
# type: cell
# rows: 1
# columns: 7
# name: <cell-element>
# type: sparse matrix
# nnz: 44
# rows: 44
# columns: 1
1 1 -0.423769824665299
2 1 1.317122428013766
3 1 -0.423769824665299
4 1 0.4466763016742335
5 1 0.4466763016742335
6 1 -1.294215951004832
7 1 -0.423769824665299
8 1 -1.294215951004832
9 1 -1.294215951004832
10 1 -1.294215951004832
11 1 -0.423769824665299
12 1 -0.423769824665299
13 1 -1.294215951004832
14 1 -0.423769824665299
15 1 1.317122428013766
16 1 -0.423769824665299
17 1 -0.423769824665299
18 1 1.317122428013766
19 1 -0.423769824665299
20 1 1.317122428013766
21 1 1.317122428013766
22 1 0.4466763016742335
23 1 0.4466763016742335
24 1 -1.294215951004832
25 1 0.4466763016742335
26 1 -1.294215951004832
27 1 0.4466763016742335
28 1 -0.423769824665299
29 1 -1.294215951004832
30 1 -1.294215951004832
31 1 -0.423769824665299
32 1 1.317122428013766
33 1 1.317122428013766
34 1 0.4466763016742335
35 1 -1.294215951004832
36 1 -0.423769824665299
37 1 -1.294215951004832
38 1 0.4466763016742335
39 1 -0.423769824665299
40 1 1.317122428013766
41 1 1.317122428013766
42 1 0.4466763016742335
43 1 0.4466763016742335
44 1 1.317122428013766



# name: <cell-element>
# type: sparse matrix
# nnz: 16
# rows: 16
# columns: 1
1 1 1.317122428013766
2 1 0.4466763016742335
3 1 1.317122428013766
4 1 -1.294215951004832
5 1 -1.294215951004832
6 1 -1.294215951004832
7 1 1.317122428013766
8 1 -1.294215951004832
9 1 -1.294215951004832
10 1 -0.423769824665299
11 1 -1.294215951004832
12 1 1.317122428013766
13 1 -1.294215951004832
14 1 1.317122428013766
15 1 0.4466763016742335
16 1 1.317122428013766



# name: <cell-element>
# type: sparse matrix
# nnz: 17
# rows: 17
# columns: 1
1 1 0.4466763016742335
2 1 0.4466763016742335
3 1 -1.294215951004832
4 1 -0.423769824665299
5 1 -1.294215951004832
6 1 -1.294215951004832
7 1 1.317122428013766
8 1 0.4466763016742335
9 1 0.4466763016742335
10 1 0.4466763016742335
11 1 -0.423769824665299
12 1 0.4466763016742335
13 1 -1.294215951004832
14 1 1.317122428013766
15 1 1.317122428013766
16 1 0.4466763016742335
17 1 0.4466763016742335



# name: <cell-element>
# type: sparse matrix
# nnz: 17
# rows: 17
# columns: 1
1 1 1.317122428013766
2 1 0.4466763016742335
3 1 1.317122428013766
4 1 -1.294215951004832
5 1 -1.294215951004832
6 1 -1.294215951004832
7 1 -1.294215951004832
8 1 1.317122428013766
9 1 -1.294215951004832
10 1 -1.294215951004832
11 1 -0.423769824665299
12 1 -1.294215951004832
13 1 1.317122428013766
14 1 -1.294215951004832
15 1 1.317122428013766
16 1 0.4466763016742335
17 1 1.317122428013766



# name: <cell-element>
# type: sparse matrix
# nnz: 19
# rows: 19
# columns: 1
1 1 1.317122428013766
2 1 0.4466763016742335
3 1 1.317122428013766
4 1 -1.294215951004832
5 1 -1.294215951004832
6 1 -1.294215951004832
7 1 -1.294215951004832
8 1 1.317122428013766
9 1 1.317122428013766
10 1 -1.294215951004832
11 1 -1.294215951004832
12 1 -0.423769824665299
13 1 -1.294215951004832
14 1 -1.294215951004832
15 1 1.317122428013766
16 1 -1.294215951004832
17 1 1.317122428013766
18 1 0.4466763016742335
19 1 1.317122428013766



# name: <cell-element>
# type: sparse matrix
# nnz: 30
# rows: 30
# columns: 1
1 1 1.317122428013766
2 1 0.4466763016742335
3 1 0.4466763016742335
4 1 1.317122428013766
5 1 -1.294215951004832
6 1 -0.423769824665299
7 1 -1.294215951004832
8 1 -1.294215951004832
9 1 -0.423769824665299
10 1 1.317122428013766
11 1 -0.423769824665299
12 1 1.317122428013766
13 1 0.4466763016742335
14 1 0.4466763016742335
15 1 -1.294215951004832
16 1 0.4466763016742335
17 1 0.4466763016742335
18 1 -0.423769824665299
19 1 1.317122428013766
20 1 1.317122428013766
21 1 0.4466763016742335
22 1 -1.294215951004832
23 1 1.317122428013766
24 1 -0.423769824665299
25 1 0.4466763016742335
26 1 -0.423769824665299
27 1 1.317122428013766
28 1 1.317122428013766
29 1 0.4466763016742335
30 1 1.317122428013766



# name: <cell-element>
# type: scalar
0





# name: coefficients
# type: cell
# rows: 1
# columns: 7
# name: <cell-element>
# type: matrix
# rows: 44
# columns: 1
 -0.1
 -0.1
 -0.1
 -0.1
 -0.1
 0.1
 0.1
 0.1
 0.1
 0.1
 -0.1
 -0.1
 0.1
 -0.1
 -0.1
 -0.1
 -0.1
 0.1
 -0.1
 0.1
 0.1
 -0.1
 0.1
 0.1
 -0.1
 0.1
 -0.1
 0.1
 0.1
 0.1
 -0.1
 0.1
 0.1
 -0.1
 0.1
 -0.1
 0.1
 0.1
 -0.1
 0.1
 0.1
 -0.1
 -0.1
 -0.1



# name: <cell-element>
# type: matrix
# rows: 16
# columns: 1
 -0.35789
 -0.35789
 -0.35789
 0.35789
 0.35789
 0.35789
 -0.35789
 0.35789
 0.35789
 0.3238067103083682
 0.35789
 -0.3238067103083682
 0.35789
 -0.35789
 -0.35789
 -0.35789



# name: <cell-element>
# type: matrix
# rows: 17
# columns: 1
 -0.1
 -0.1
 0.09313453538693534
 0.1
 0.1
 0.1
 0.00686546461306467
 -0.1
 -0.1
 -0.1
 0.1
 -0.1
 0.1
 0.1
 0.1
 -0.1
 -0.1



# name: <cell-element>
# type: matrix
# rows: 17
# columns: 1
 -0.1
 -0.1
 -0.1
 0.1
 0.1
 0.03049415270268498
 0.1
 -0.1
 0.1
 0.1
 0.06950584729731503
 0.1
 -0.1
 0.1
 -0.1
 -0.1
 -0.1



# name: <cell-element>
# type: matrix
# rows: 19
# columns: 1
 -0.1
 -0.1
 -0.1
 0.1
 0.1
 0.1
 0.1
 -0.1
 -0.1
 0.1
 0.1
 0.09260598213823708
 0.1
 0.007394017861762908
 -0.1
 0.1
 -0.1
 -0.1
 -0.1



# name: <cell-element>
# type: matrix
# rows: 30
# columns: 1
 -0.35789
 -0.35789
 -0.35789
 -0.35789
 0.35789
 0.35789
 0.35789
 0.35789
 -0.1225420410541201
 -0.35789
 -0.35789
 0.35789
 -0.35789
 0.35789
 0.09321673605948175
 0.35789
 -0.35789
 0.35789
 0.35789
 -0.2184616701083338
 0.2477869751029721
 0.35789
 -0.35789
 -0.35789
 0.35789
 -0.35789
 0.35789
 0.35789
 -0.35789
 -0.35789



# name: <cell-element>
# type: scalar
0





# name: b
# type: cell
# rows: 1
# columns: 7
# name: <cell-element>
# type: scalar
0.007879899280035369



# name: <cell-element>
# type: scalar
-0.506171120962942



# name: <cell-element>
# type: scalar
0.09662359497842429



# name: <cell-element>
# type: scalar
-0.4338467875150041



# name: <cell-element>
# type: scalar
-0.4269728268480826



# name: <cell-element>
# type: scalar
0.05262648693468843



# name: <cell-element>
# type: scalar
0





# name: models
# type: cell
# rows: 1
# columns: 7
# name: <cell-element>
# type: scalar struct
# ndims: 2
 1 1
# length: 11
# name: Parameters
# type: matrix
# rows: 5
# columns: 1
 3
 0
 3
 1
 0


# name: nr_class
# type: scalar
2


# name: totalSV
# type: scalar
44


# name: rho
# type: scalar
-0.007879899280035369


# name: Label
# type: matrix
# rows: 0
# columns: 0


# name: sv_indices
# type: matrix
# rows: 44
# columns: 1
 1
 2
 3
 4
 5
 7
 8
 9
 10
 11
 12
 13
 14
 15
 16
 17
 18
 19
 20
 21
 22
 23
 24
 25
 26
 27
 28
 29
 30
 31
 32
 33
 34
 35
 36
 38
 39
 40
 41
 42
 43
 44
 45
 46


# name: ProbA
# type: matrix
# rows: 0
# columns: 0


# name: ProbB
# type: matrix
# rows: 0
# columns: 0


# name: nSV
# type: matrix
# rows: 0
# columns: 0


# name: sv_coef
# type: matrix
# rows: 44
# columns: 1
 -0.1
 -0.1
 -0.1
 -0.1
 -0.1
 0.1
 0.1
 0.1
 0.1
 0.1
 -0.1
 -0.1
 0.1
 -0.1
 -0.1
 -0.1
 -0.1
 0.1
 -0.1
 0.1
 0.1
 -0.1
 0.1
 0.1
 -0.1
 0.1
 -0.1
 0.1
 0.1
 0.1
 -0.1
 0.1
 0.1
 -0.1
 0.1
 -0.1
 0.1
 0.1
 -0.1
 0.1
 0.1
 -0.1
 -0.1
 -0.1


