# Created by Octave 4.0.0, Wed May 18 23:46:56 2016 CEST <peter@Independence>
# name: SVs
# type: cell
# rows: 1
# columns: 7
# name: <cell-element>
# type: sparse matrix
# nnz: 22
# rows: 22
# columns: 1
1 1 1.317122428013766
2 1 -1.294215951004832
3 1 -0.423769824665299
4 1 0.4466763016742335
5 1 0.4466763016742335
6 1 1.317122428013766
7 1 -1.294215951004832
8 1 1.317122428013766
9 1 -0.423769824665299
10 1 0.4466763016742335
11 1 -0.423769824665299
12 1 -1.294215951004832
13 1 -0.423769824665299
14 1 1.317122428013766
15 1 -1.294215951004832
16 1 0.4466763016742335
17 1 -0.423769824665299
18 1 0.4466763016742335
19 1 -1.294215951004832
20 1 -0.423769824665299
21 1 1.317122428013766
22 1 -0.423769824665299



# name: <cell-element>
# type: sparse matrix
# nnz: 5
# rows: 5
# columns: 1
1 1 -1.294215951004832
2 1 0.4466763016742335
3 1 -1.294215951004832
4 1 1.317122428013766
5 1 -0.423769824665299



# name: <cell-element>
# type: sparse matrix
# nnz: 31
# rows: 31
# columns: 1
1 1 1.317122428013766
2 1 1.317122428013766
3 1 -0.423769824665299
4 1 -1.294215951004832
5 1 -0.423769824665299
6 1 -0.423769824665299
7 1 -1.294215951004832
8 1 0.4466763016742335
9 1 0.4466763016742335
10 1 0.4466763016742335
11 1 -0.423769824665299
12 1 1.317122428013766
13 1 -1.294215951004832
14 1 1.317122428013766
15 1 -0.423769824665299
16 1 0.4466763016742335
17 1 0.4466763016742335
18 1 -1.294215951004832
19 1 -0.423769824665299
20 1 -1.294215951004832
21 1 -0.423769824665299
22 1 1.317122428013766
23 1 -1.294215951004832
24 1 0.4466763016742335
25 1 -0.423769824665299
26 1 1.317122428013766
27 1 0.4466763016742335
28 1 -1.294215951004832
29 1 -0.423769824665299
30 1 1.317122428013766
31 1 -0.423769824665299



# name: <cell-element>
# type: sparse matrix
# nnz: 5
# rows: 5
# columns: 1
1 1 -1.294215951004832
2 1 0.4466763016742335
3 1 -1.294215951004832
4 1 1.317122428013766
5 1 -0.423769824665299



# name: <cell-element>
# type: sparse matrix
# nnz: 5
# rows: 5
# columns: 1
1 1 -1.294215951004832
2 1 0.4466763016742335
3 1 -1.294215951004832
4 1 1.317122428013766
5 1 -0.423769824665299



# name: <cell-element>
# type: sparse matrix
# nnz: 28
# rows: 28
# columns: 1
1 1 1.317122428013766
2 1 1.317122428013766
3 1 -0.423769824665299
4 1 -1.294215951004832
5 1 -0.423769824665299
6 1 -0.423769824665299
7 1 -1.294215951004832
8 1 0.4466763016742335
9 1 1.317122428013766
10 1 1.317122428013766
11 1 1.317122428013766
12 1 0.4466763016742335
13 1 1.317122428013766
14 1 -1.294215951004832
15 1 1.317122428013766
16 1 -1.294215951004832
17 1 0.4466763016742335
18 1 0.4466763016742335
19 1 -0.423769824665299
20 1 -1.294215951004832
21 1 -1.294215951004832
22 1 0.4466763016742335
23 1 -0.423769824665299
24 1 1.317122428013766
25 1 0.4466763016742335
26 1 -0.423769824665299
27 1 1.317122428013766
28 1 -0.423769824665299



# name: <cell-element>
# type: scalar
0





# name: coefficients
# type: cell
# rows: 1
# columns: 7
# name: <cell-element>
# type: matrix
# rows: 22
# columns: 1
 0.6157899999999999
 0.6157899999999999
 -0.6157899999999999
 -0.6157899999999999
 -0.6157899999999999
 0.6157899999999999
 0.6157899999999999
 0.6157899999999999
 -0.1313262228702273
 -0.6157899999999999
 -0.6157899999999999
 0.6157899999999999
 -0.6157899999999999
 0.1313262228702274
 0.6157899999999999
 -0.6157899999999999
 -0.6157899999999999
 -0.6157899999999999
 0.6157899999999999
 0.6157899999999999
 0.6157899999999999
 -0.6157899999999999



# name: <cell-element>
# type: matrix
# rows: 5
# columns: 1
 0.3302790177600911
 -0.35789
 0.35789
 -0.35789
 0.02761098223990888



# name: <cell-element>
# type: matrix
# rows: 31
# columns: 1
 0.35789
 0.35789
 0.35789
 0.35789
 -0.35789
 0.35789
 -0.06063710354978714
 -0.35789
 -0.35789
 -0.35789
 -0.2972528964502127
 0.35789
 0.35789
 0.35789
 -0.35789
 -0.35789
 -0.35789
 0.35789
 -0.35789
 0.35789
 -0.35789
 0.35789
 0.35789
 -0.35789
 -0.35789
 -0.35789
 -0.35789
 0.35789
 0.35789
 0.35789
 -0.35789



# name: <cell-element>
# type: matrix
# rows: 5
# columns: 1
 0.09810401343025615
 -0.1
 0.1
 -0.1
 0.001895986569743854



# name: <cell-element>
# type: matrix
# rows: 5
# columns: 1
 0.04274948217012946
 -0.1
 0.1
 -0.1
 0.05725051782987054



# name: <cell-element>
# type: matrix
# rows: 28
# columns: 1
 -0.6473708188966107
 1.1316
 1.1316
 1.1316
 -1.1316
 1.1316
 -1.1316
 1.1316
 -1.1316
 -1.1316
 -1.1316
 0.7462580415340798
 1.1316
 1.1316
 1.1316
 -1.1316
 -1.1316
 1.1316
 -1.1316
 1.1316
 0.4350721201736347
 -1.1316
 -0.5339593428111039
 -1.1316
 -1.1316
 1.1316
 1.1316
 -1.1316



# name: <cell-element>
# type: scalar
0





# name: b
# type: cell
# rows: 1
# columns: 7
# name: <cell-element>
# type: scalar
0.03950368131641233



# name: <cell-element>
# type: scalar
-0.6055896305606517



# name: <cell-element>
# type: scalar
0.1513291310903181



# name: <cell-element>
# type: scalar
-0.5301119975230796



# name: <cell-element>
# type: scalar
-0.5228785061772571



# name: <cell-element>
# type: scalar
0.1051398141132779



# name: <cell-element>
# type: scalar
0





# name: models
# type: cell
# rows: 1
# columns: 7
# name: <cell-element>
# type: scalar struct
# ndims: 2
 1 1
# length: 11
# name: Parameters
# type: matrix
# rows: 5
# columns: 1
 3
 0
 3
 1
 0


# name: nr_class
# type: scalar
2


# name: totalSV
# type: scalar
22


# name: rho
# type: scalar
-0.03950368131641233


# name: Label
# type: matrix
# rows: 0
# columns: 0


# name: sv_indices
# type: matrix
# rows: 22
# columns: 1
 2
 5
 6
 9
 16
 20
 21
 22
 25
 26
 31
 32
 33
 34
 37
 38
 39
 41
 42
 43
 45
 46


# name: ProbA
# type: matrix
# rows: 0
# columns: 0


# name: ProbB
# type: matrix
# rows: 0
# columns: 0


# name: nSV
# type: matrix
# rows: 0
# columns: 0


# name: sv_coef
# type: matrix
# rows: 22
# columns: 1
 0.6157899999999999
 0.6157899999999999
 -0.6157899999999999
 -0.6157899999999999
 -0.6157899999999999
 0.6157899999999999
 0.6157899999999999
 0.6157899999999999
 -0.1313262228702273
 -0.6157899999999999
 -0.6157899999999999
 0.6157899999999999
 -0.6157899999999999
 0.1313262228702274
 0.6157899999999999
 -0.6157899999999999
 -0.6157899999999999
 -0.6157899999999999
 0.6157899999999999
 0.6157899999999999
 0.6157899999999999
 -0.6157899999999999


# name: SVs
# type: sparse matrix
# nnz: 22
# rows: 22
# columns: 1
1 1 1.317122428013766
2 1 -1.294215951004832
3 1 -0.423769824665299
4 1 0.4466763016742335
5 1 0.4466763016742335
6 1 1.317122428013766
7 1 -1.294215951004832
8 1 1.317122428013766
9 1 -0.423769824665299
10 1 0.4466763016742335
11 1 -0.423769824665299
12 1 -1.294215951004832
13 1 -0.423769824665299
14 1 1.317122428013766
15 1 -1.294215951004832
16 1 0.4466763016742335
17 1 -0.423769824665299
18 1 0.4466763016742335
19 1 -1.294215951004832
20 1 -0.423769824665299
21 1 1.317122428013766
22 1 -0.423769824665299





# name: <cell-element>
# type: scalar struct
# ndims: 2
 1 1
# length: 11
# name: Parameters
# type: matrix
# rows: 5
# columns: 1
 3
 1
 2
 1
 0


# name: nr_class
# type: scalar
2


# name: totalSV
# type: scalar
5


# name: rho
# type: scalar
0.6055896305606517


# name: Label
# type: matrix
# rows: 0
# columns: 0


# name: sv_indices
# type: matrix
# rows: 5
# columns: 1
 5
 26
 32
 40
 43


# name: ProbA
# type: matrix
# rows: 0
# columns: 0


# name: ProbB
# type: matrix
# rows: 0
# columns: 0


# name: nSV
# type: matrix
# rows: 0
# columns: 0


# name: sv_coef
# type: matrix
# rows: 5
# columns: 1
 0.3302790177600911
 -0.35789
 0.35789
 -0.35789
 0.02761098223990888


# name: SVs
# type: sparse matrix
# nnz: 5
# rows: 5
# columns: 1
1 1 -1.294215951004832
2 1 0.4466763016742335
3 1 -1.294215951004832
4 1 1.317122428013766
5 1 -0.423769824665299





# name: <cell-element>
# type: scalar struct
# ndims: 2
 1 1
# length: 11
# name: Parameters
# type: matrix
# rows: 5
# columns: 1
 3
 1
 3
 1
 0


# name: nr_class
# type: scalar
2


# name: totalSV
# type: scalar
31


# name: rho
# type: scalar
-0.1513291310903181


