# Created by Octave 4.0.0, Mon May 23 13:46:58 2016 CEST <peter@Independence>
# name: mu
# type: matrix
# rows: 1
# columns: 2
 424312.8289473684 89.73684210526316


# name: sigma
# type: matrix
# rows: 1
# columns: 2
 92742.37480812293 22.97672353842914


