# Created by Octave 4.0.0, Mon May 23 13:47:04 2016 CEST <peter@Independence>
# name: x
# type: matrix
# rows: 1
# columns: 100
 60 60.60606060606061 61.2121212121212 61.81818181818181 62.42424242424242 63.03030303030303 63.63636363636364 64.24242424242424 64.84848484848484 65.45454545454545 66.06060606060606 66.66666666666666 67.27272727272727 67.87878787878788 68.48484848484848 69.09090909090909 69.69696969696969 70.3030303030303 70.90909090909091 71.51515151515152 72.12121212121212 72.72727272727272 73.33333333333333 73.93939393939394 74.54545454545455 75.15151515151516 75.75757575757575 76.36363636363636 76.96969696969697 77.57575757575758 78.18181818181819 78.78787878787878 79.39393939393939 80 80.60606060606061 81.21212121212122 81.81818181818181 82.42424242424242 83.03030303030303 83.63636363636363 84.24242424242424 84.84848484848484 85.45454545454545 86.06060606060606 86.66666666666667 87.27272727272727 87.87878787878788 88.48484848484848 89.09090909090909 89.6969696969697 90.3030303030303 90.90909090909091 91.51515151515152 92.12121212121212 92.72727272727273 93.33333333333333 93.93939393939394 94.54545454545455 95.15151515151516 95.75757575757575 96.36363636363636 96.96969696969697 97.57575757575758 98.18181818181819 98.78787878787878 99.39393939393939 100 100.6060606060606 101.2121212121212 101.8181818181818 102.4242424242424 103.030303030303 103.6363636363636 104.2424242424242 104.8484848484848 105.4545454545455 106.0606060606061 106.6666666666667 107.2727272727273 107.8787878787879 108.4848484848485 109.0909090909091 109.6969696969697 110.3030303030303 110.9090909090909 111.5151515151515 112.1212121212121 112.7272727272727 113.3333333333333 113.9393939393939 114.5454545454545 115.1515151515152 115.7575757575758 116.3636363636364 116.969696969697 117.5757575757576 118.1818181818182 118.7878787878788 119.3939393939394 120


# name: y
# type: matrix
# rows: 100
# columns: 1
 526977.4415706045
 521364.1578383942
 515979.6481878905
 510819.1530159698
 505877.912719509
 501151.1676953844
 496634.1583404729
 492322.125051651
 488210.3082257953
 484293.9482597825
 480568.2855504891
 477028.5604947918
 473670.0134895673
 470487.884931692
 467477.4152180429
 464633.8447454962
 461952.4139109288
 459428.3631112173
 457056.9327432382
 454833.3632038682
 452752.8948899839
 450810.768198462
 449002.223526179
 447322.5012700117
 445766.8418268365
 444330.4855935302
 443008.6729669693
 441796.6443440305
 440689.6401215905
 439682.9006965258
 438771.6664657129
 437951.1778260288
 437216.6751743497
 436563.3989075526
 435986.5894225138
 435481.4871161102
 435043.3323852183
 434667.3656267147
 434348.827237476
 434082.9576143789
 433864.9971542999
 433690.1862541158
 433553.7653107032
 433450.9747209386
 433377.0548816987
 433327.2461898602
 433296.7890422995
 433280.9238358934
 433274.8909675185
 433273.9308340514
 433273.2838323687
 433268.1903593472
 433253.8908118632
 433225.6255867936
 433178.6350810149
 433108.1596914038
 433009.4398148368
 432877.7158481907
 432708.2281883419
 432496.2172321673
 432236.9233765432
 431925.5870183465
 431557.4485544537
 431127.7483817414
 430631.7268970863
 430064.624497365
 429421.6815794541
 428698.1385402302
 427889.23577657
 426990.2136853501
 425996.3126634472
 424902.7731077377
 423704.8354150984
 422397.7399824059
 420976.7272065367
 419437.0374843677
 417773.9112127752
 415982.588788636
 414058.3106088268
 411996.317070224
 409791.8485697045
 407440.1455041446
 404936.4482704212
 402275.9972654108
 399454.03288599
 396465.7955290356
 393306.525591424
 389971.4634700319
 386455.8495617359
 382754.9242634127
 378863.9279719389
 374778.1010841912
 370492.683997046
 366002.9171073801
 361304.0408120701
 356391.2955079925
 351259.9215920242
 345905.1594610416
 340322.2495119213
 334506.43214154


# name: QUERY
# type: sq_string
# elements: 1
# length: 2
R1


# name: DATASIZE
# type: sq_string
# elements: 1
# length: 4
1000


