# Created by Octave 4.0.0, Wed May 18 23:46:58 2016 CEST <peter@Independence>
# name: x
# type: matrix
# rows: 1
# columns: 100
 60 60.60606060606061 61.2121212121212 61.81818181818181 62.42424242424242 63.03030303030303 63.63636363636364 64.24242424242424 64.84848484848484 65.45454545454545 66.06060606060606 66.66666666666666 67.27272727272727 67.87878787878788 68.48484848484848 69.09090909090909 69.69696969696969 70.3030303030303 70.90909090909091 71.51515151515152 72.12121212121212 72.72727272727272 73.33333333333333 73.93939393939394 74.54545454545455 75.15151515151516 75.75757575757575 76.36363636363636 76.96969696969697 77.57575757575758 78.18181818181819 78.78787878787878 79.39393939393939 80 80.60606060606061 81.21212121212122 81.81818181818181 82.42424242424242 83.03030303030303 83.63636363636363 84.24242424242424 84.84848484848484 85.45454545454545 86.06060606060606 86.66666666666667 87.27272727272727 87.87878787878788 88.48484848484848 89.09090909090909 89.6969696969697 90.3030303030303 90.90909090909091 91.51515151515152 92.12121212121212 92.72727272727273 93.33333333333333 93.93939393939394 94.54545454545455 95.15151515151516 95.75757575757575 96.36363636363636 96.96969696969697 97.57575757575758 98.18181818181819 98.78787878787878 99.39393939393939 100 100.6060606060606 101.2121212121212 101.8181818181818 102.4242424242424 103.030303030303 103.6363636363636 104.2424242424242 104.8484848484848 105.4545454545455 106.0606060606061 106.6666666666667 107.2727272727273 107.8787878787879 108.4848484848485 109.0909090909091 109.6969696969697 110.3030303030303 110.9090909090909 111.5151515151515 112.1212121212121 112.7272727272727 113.3333333333333 113.9393939393939 114.5454545454545 115.1515151515152 115.7575757575758 116.3636363636364 116.969696969697 117.5757575757576 118.1818181818182 118.7878787878788 119.3939393939394 120


# name: y
# type: matrix
# rows: 100
# columns: 1
 440439.4651701873
 432929.314349638
 426161.0633121846
 420074.8845324469
 414614.6442585965
 409727.7472410546
 405364.9847956437
 401480.3862011842
 398031.0734315462
 394977.1192221477
 392281.4084709045
 389909.5029736297
 387829.5094938841
 386011.9511672755
 384429.6422402086
 383057.5661430855
 381872.7568979555
 380854.1838606154
 379982.6397971598
 379240.6322949816
 378612.2785082223
 378083.2032376727
 377640.4403451236
 377272.3375021666
 376968.4642734446
 376719.5235343532
 376517.2662231913
 376354.4094277626
 376224.5578064264
 376122.1283435993
 376042.2784397063
 375980.8373355824
 375934.2408713237
 375899.46957959
 375873.9901133556
 375855.7000081115
 375842.8757785175
 375834.1243495037
 375828.337821823
 375824.6515720532
 375822.4056870491
 375821.1097328451
 375820.4108580073
 375820.0652314363
 375819.9128146198
 375819.8554683354
 375819.8383938028
 375819.8349082876
 375819.8345551535
 375819.8345483658
 375819.8345514445
 375819.8347908672
 375819.8375039229
 375819.8517210151
 375819.9013824156
 375820.0367894674
 375820.3493902396
 375820.9898996299
 375822.1897539193
 375824.2858997755
 375827.7489177074
 375833.2144799691
 375841.5181429138
 375853.7334737987
 375871.2135120387
 375895.6355649114
 375929.0493377113
 375973.928398355
 376033.2249764354
 376110.4280967267
 376209.6250471392
 376335.5661811251
 376493.7330545323
 376690.4098969106
 376932.7584172666
 377228.8959442691
 377587.9769009047
 378020.277613583
 378537.2844556926
 379151.7853256067
 379877.9644591389
 380731.500576449
 381729.6683633993
 382891.4432873603
 384237.6097474669
 385790.8725593252
 387575.9717741681
 389619.8008324621
 391951.5280519641
 394602.7214502274
 397607.4769015586
 401002.5496284249
 404827.4890273105
 409124.7768290231
 413939.9685934523
 419321.8385387755
 425322.5277051153
 431997.6954526477
 439406.6742941589
 447612.628062052


# name: QUERY
# type: sq_string
# elements: 1
# length: 2
R1


# name: DATASIZE
# type: sq_string
# elements: 1
# length: 4
1000


