# Created by Octave 4.0.0, Wed May 18 23:46:58 2016 CEST <peter@Independence>
# name: x
# type: matrix
# rows: 1
# columns: 100
 60 60.60606060606061 61.2121212121212 61.81818181818181 62.42424242424242 63.03030303030303 63.63636363636364 64.24242424242424 64.84848484848484 65.45454545454545 66.06060606060606 66.66666666666666 67.27272727272727 67.87878787878788 68.48484848484848 69.09090909090909 69.69696969696969 70.3030303030303 70.90909090909091 71.51515151515152 72.12121212121212 72.72727272727272 73.33333333333333 73.93939393939394 74.54545454545455 75.15151515151516 75.75757575757575 76.36363636363636 76.96969696969697 77.57575757575758 78.18181818181819 78.78787878787878 79.39393939393939 80 80.60606060606061 81.21212121212122 81.81818181818181 82.42424242424242 83.03030303030303 83.63636363636363 84.24242424242424 84.84848484848484 85.45454545454545 86.06060606060606 86.66666666666667 87.27272727272727 87.87878787878788 88.48484848484848 89.09090909090909 89.6969696969697 90.3030303030303 90.90909090909091 91.51515151515152 92.12121212121212 92.72727272727273 93.33333333333333 93.93939393939394 94.54545454545455 95.15151515151516 95.75757575757575 96.36363636363636 96.96969696969697 97.57575757575758 98.18181818181819 98.78787878787878 99.39393939393939 100 100.6060606060606 101.2121212121212 101.8181818181818 102.4242424242424 103.030303030303 103.6363636363636 104.2424242424242 104.8484848484848 105.4545454545455 106.0606060606061 106.6666666666667 107.2727272727273 107.8787878787879 108.4848484848485 109.0909090909091 109.6969696969697 110.3030303030303 110.9090909090909 111.5151515151515 112.1212121212121 112.7272727272727 113.3333333333333 113.9393939393939 114.5454545454545 115.1515151515152 115.7575757575758 116.3636363636364 116.969696969697 117.5757575757576 118.1818181818182 118.7878787878788 119.3939393939394 120


# name: y
# type: matrix
# rows: 100
# columns: 1
 549664.2962545117
 542995.890504497
 536599.2612180789
 530468.7541354068
 524598.7149966316
 518983.4895419016
 513617.4235113675
 508494.8626451783
 503610.1526834838
 498957.6393664339
 494531.6684341778
 490326.5856268652
 486336.736684646
 482556.4673476698
 478980.123356086
 475602.0504500446
 472416.5943696948
 469418.1008551865
 466600.9156466697
 463959.3844842933
 461487.8531082075
 459180.6672585616
 457032.1726755055
 455036.7150991887
 453188.6402697609
 451482.2939273717
 449912.0218121707
 448472.1696643076
 447157.0832239321
 445961.1082311937
 444878.5904262421
 443903.875549227
 443031.309340298
 442255.2375396047
 441570.0058872969
 440969.960123524
 440449.4459884358
 440002.8092221819
 439624.3955649119
 439308.5507567755
 439049.6205379223
 438841.950648502
 438679.8868286642
 438557.7748185585
 438469.9603583346
 438410.7891881422
 438374.6070481308
 438355.7596784501
 438348.5928192498
 438347.4522106794
 438346.6835928887
 438340.6327060272
 438323.6452902447
 438290.0670856907
 438234.243832515
 438150.521270867
 438033.2451408965
 437876.7611827531
 437675.4151365865
 437423.5527425463
 437115.5197407821
 436745.6618714436
 436308.3248746804
 435797.8544906422
 435208.5964594785
 434534.8965213391
 433771.1004163736
 432911.5538847316
 431950.6026665628
 430882.5925020167
 429701.8691312432
 428402.7782943917
 426979.6657316119
 425426.8771830535
 423738.7583888661
 421909.6550891994
 419933.9130242028
 417805.8779340264
 415519.8955588194
 413070.3116387316
 410451.4719139127
 407657.7221245122
 404683.4080106799
 401522.8753125654
 398170.4697703184
 394620.5371240883
 390867.423114025
 386905.4734802779
 382729.0339629969
 378332.4503023314
 373710.0682384311
 368856.233511446
 363765.2918615253
 358431.5890288188
 352849.4707534759
 347013.2827756467
 340917.3708354807
 334556.0806731274
 327923.7580287361
 321014.7486424572


# name: QUERY
# type: sq_string
# elements: 1
# length: 2
R1


# name: DATASIZE
# type: sq_string
# elements: 1
# length: 4
1000


