# Created by Octave 4.0.0, Wed May 18 23:46:58 2016 CEST <peter@Independence>
# name: x
# type: matrix
# rows: 1
# columns: 100
 60 60.60606060606061 61.2121212121212 61.81818181818181 62.42424242424242 63.03030303030303 63.63636363636364 64.24242424242424 64.84848484848484 65.45454545454545 66.06060606060606 66.66666666666666 67.27272727272727 67.87878787878788 68.48484848484848 69.09090909090909 69.69696969696969 70.3030303030303 70.90909090909091 71.51515151515152 72.12121212121212 72.72727272727272 73.33333333333333 73.93939393939394 74.54545454545455 75.15151515151516 75.75757575757575 76.36363636363636 76.96969696969697 77.57575757575758 78.18181818181819 78.78787878787878 79.39393939393939 80 80.60606060606061 81.21212121212122 81.81818181818181 82.42424242424242 83.03030303030303 83.63636363636363 84.24242424242424 84.84848484848484 85.45454545454545 86.06060606060606 86.66666666666667 87.27272727272727 87.87878787878788 88.48484848484848 89.09090909090909 89.6969696969697 90.3030303030303 90.90909090909091 91.51515151515152 92.12121212121212 92.72727272727273 93.33333333333333 93.93939393939394 94.54545454545455 95.15151515151516 95.75757575757575 96.36363636363636 96.96969696969697 97.57575757575758 98.18181818181819 98.78787878787878 99.39393939393939 100 100.6060606060606 101.2121212121212 101.8181818181818 102.4242424242424 103.030303030303 103.6363636363636 104.2424242424242 104.8484848484848 105.4545454545455 106.0606060606061 106.6666666666667 107.2727272727273 107.8787878787879 108.4848484848485 109.0909090909091 109.6969696969697 110.3030303030303 110.9090909090909 111.5151515151515 112.1212121212121 112.7272727272727 113.3333333333333 113.9393939393939 114.5454545454545 115.1515151515152 115.7575757575758 116.3636363636364 116.969696969697 117.5757575757576 118.1818181818182 118.7878787878788 119.3939393939394 120


# name: y
# type: matrix
# rows: 100
# columns: 1
 440439.4712259514
 435277.3032855543
 430427.4695040618
 425877.1098894165
 421613.6348117734
 417624.725003499
 413898.331559172
 410422.6759355831
 407186.249951735
 404177.8157888423
 401386.4059903317
 398801.3234618419
 396412.1414712235
 394208.7036485391
 392181.1239860634
 390319.786838283
 388615.3469218964
 387058.7293158145
 385641.1294611597
 384354.0131612665
 383189.1165816817
 382138.4462501638
 381194.2790566833
 380349.1622534229
 379595.913454777
 378927.6206373523
 378337.6421399673
 377819.6066636525
 377367.4132716504
 376975.2313894157
 376637.5008046147
 376348.9316671261
 376104.5044890402
 375899.4701446596
 375729.3498704989
 375589.9352652844
 375477.2882899546
 375387.7412676601
 375317.8968837631
 375264.6281858383
 375225.0785836722
 375196.6618492629
 375177.0621168212
 375164.2338827692
 375156.4020057415
 375152.0617065846
 375149.9785683567
 375149.1885363282
 375148.9979179816
 375148.9833830113
 375148.9919633236
 375149.1410530368
 375149.8184084814
 375151.6821481996
 375155.6607529459
 375162.9530656866
 375175.0282915999
 375193.6259980763
 375220.7561147179
 375258.6989333393
 375310.0051079665
 375377.495654838
 375464.261952404
 375573.6657413269
 375709.3391244808
 375875.184566952
 376075.3748960388
 376314.3533012515
 376596.8333343123
 376927.7989091553
 377312.5043019269
 377756.4741509853
 378265.5034569007
 378845.6575824553
 379503.2722526432
 380244.9535546707
 381077.5779379561
 382008.2922141294
 383044.5135570327
 384193.9295027204
 385464.4979494585
 386864.4471577252
 388402.2757502107
 390086.752711817
 391926.9173896583
 393932.0794930607
 396111.8190935624
 398475.9866249133
 401034.7028830758
 403798.3590262238
 406777.6165747433
 409983.4074112326
 413426.9337805017
 417119.6682895725
 421073.3539076792
 425300.0039662679
 429811.9021589966
 434621.6025417352
 439741.9295325659
 445185.9779117826


# name: QUERY
# type: sq_string
# elements: 1
# length: 2
R1


# name: DATASIZE
# type: sq_string
# elements: 1
# length: 4
1000


