# Created by Octave 4.0.0, Mon May 23 13:47:04 2016 CEST <peter@Independence>
# name: x
# type: matrix
# rows: 1
# columns: 100
 60 60.60606060606061 61.2121212121212 61.81818181818181 62.42424242424242 63.03030303030303 63.63636363636364 64.24242424242424 64.84848484848484 65.45454545454545 66.06060606060606 66.66666666666666 67.27272727272727 67.87878787878788 68.48484848484848 69.09090909090909 69.69696969696969 70.3030303030303 70.90909090909091 71.51515151515152 72.12121212121212 72.72727272727272 73.33333333333333 73.93939393939394 74.54545454545455 75.15151515151516 75.75757575757575 76.36363636363636 76.96969696969697 77.57575757575758 78.18181818181819 78.78787878787878 79.39393939393939 80 80.60606060606061 81.21212121212122 81.81818181818181 82.42424242424242 83.03030303030303 83.63636363636363 84.24242424242424 84.84848484848484 85.45454545454545 86.06060606060606 86.66666666666667 87.27272727272727 87.87878787878788 88.48484848484848 89.09090909090909 89.6969696969697 90.3030303030303 90.90909090909091 91.51515151515152 92.12121212121212 92.72727272727273 93.33333333333333 93.93939393939394 94.54545454545455 95.15151515151516 95.75757575757575 96.36363636363636 96.96969696969697 97.57575757575758 98.18181818181819 98.78787878787878 99.39393939393939 100 100.6060606060606 101.2121212121212 101.8181818181818 102.4242424242424 103.030303030303 103.6363636363636 104.2424242424242 104.8484848484848 105.4545454545455 106.0606060606061 106.6666666666667 107.2727272727273 107.8787878787879 108.4848484848485 109.0909090909091 109.6969696969697 110.3030303030303 110.9090909090909 111.5151515151515 112.1212121212121 112.7272727272727 113.3333333333333 113.9393939393939 114.5454545454545 115.1515151515152 115.7575757575758 116.3636363636364 116.969696969697 117.5757575757576 118.1818181818182 118.7878787878788 119.3939393939394 120


# name: y
# type: matrix
# rows: 100
# columns: 1
 445064.7042628415
 438050.7331116123
 431729.6460049332
 426045.5680946046
 420946.0742662275
 416382.0441263408
 412307.5201037273
 408679.5686648428
 405458.1446434213
 402605.9586842143
 400088.3478008818
 397873.1490480404
 395930.5763074548
 394233.1001883828
 392755.3310420673
 391473.9050903833
 390367.3736686285
 389416.0955824711
 388602.1325790416
 387909.1479321774
 387322.3081418183
 386828.18774755
 386414.6772562989
 386070.8941841772
 385787.0972124764
 385554.6034578136
 385365.7088564251
 385213.6116626119
 385092.3390613347
 384996.6768949587
 384922.1025041486
 384864.7206829145
 384821.2027478066
 384788.7287212606
 384764.9326290932
 384747.8509121477
 384735.8739520894
 384727.7007113514
 384722.2964872302
 384718.8537801316
 384716.7562759664
 384715.5459426964
 384714.8932410306
 384714.5704492711
 384714.4281023091
 384714.3745447715
 384714.3585983169
 384714.3553430823
 384714.355013279
 384714.3550069398
 384714.355009815
 384714.3552334196
 384714.3577672295
 384714.3710450287
 384714.4174254062
 384714.5438864026
 384714.8358343075
 384715.4340266066
 384716.5546090784
 384718.5122670424
 384721.7464907552
 384726.8509549591
 384734.6060125785
 384746.0143025685
 384762.3394719115
 384785.1480117659
 384816.3542077629
 384858.2682044549
 384913.6471839136
 384985.7496584772
 385078.3928776494
 385196.0133491468
 385343.7304740977
 385527.4132963896
 385753.7503661684
 386030.3227174865
 386365.679960101
 386769.4194854225
 387252.2687866141
 387826.1708928396
 388504.3729176623
 389301.5177215944
 390233.7386887954
 391318.7576179213
 392575.9857271232
 394026.6277731983
 395693.7892848864
 397602.5869103214
 399780.2618786292
 402256.2965756784
 405062.5342339788
 408233.3017367316
 411805.5355360293
 415818.9106852046
 420315.9729853304
 425342.2742458703
 430946.5106594781
 437180.6642909487
 444100.1476803171
 451763.9515601075


# name: QUERY
# type: sq_string
# elements: 1
# length: 2
R1


# name: DATASIZE
# type: sq_string
# elements: 1
# length: 4
1000


