# Created by Octave 4.0.0, Mon May 23 13:47:04 2016 CEST <peter@Independence>
# name: x
# type: matrix
# rows: 1
# columns: 100
 60 60.60606060606061 61.2121212121212 61.81818181818181 62.42424242424242 63.03030303030303 63.63636363636364 64.24242424242424 64.84848484848484 65.45454545454545 66.06060606060606 66.66666666666666 67.27272727272727 67.87878787878788 68.48484848484848 69.09090909090909 69.69696969696969 70.3030303030303 70.90909090909091 71.51515151515152 72.12121212121212 72.72727272727272 73.33333333333333 73.93939393939394 74.54545454545455 75.15151515151516 75.75757575757575 76.36363636363636 76.96969696969697 77.57575757575758 78.18181818181819 78.78787878787878 79.39393939393939 80 80.60606060606061 81.21212121212122 81.81818181818181 82.42424242424242 83.03030303030303 83.63636363636363 84.24242424242424 84.84848484848484 85.45454545454545 86.06060606060606 86.66666666666667 87.27272727272727 87.87878787878788 88.48484848484848 89.09090909090909 89.6969696969697 90.3030303030303 90.90909090909091 91.51515151515152 92.12121212121212 92.72727272727273 93.33333333333333 93.93939393939394 94.54545454545455 95.15151515151516 95.75757575757575 96.36363636363636 96.96969696969697 97.57575757575758 98.18181818181819 98.78787878787878 99.39393939393939 100 100.6060606060606 101.2121212121212 101.8181818181818 102.4242424242424 103.030303030303 103.6363636363636 104.2424242424242 104.8484848484848 105.4545454545455 106.0606060606061 106.6666666666667 107.2727272727273 107.8787878787879 108.4848484848485 109.0909090909091 109.6969696969697 110.3030303030303 110.9090909090909 111.5151515151515 112.1212121212121 112.7272727272727 113.3333333333333 113.9393939393939 114.5454545454545 115.1515151515152 115.7575757575758 116.3636363636364 116.969696969697 117.5757575757576 118.1818181818182 118.7878787878788 119.3939393939394 120


# name: y
# type: matrix
# rows: 100
# columns: 1
 446008.7270809227
 441112.1062490181
 436511.7527928874
 432195.4682513935
 428151.3106179074
 424367.5943403071
 420832.8903209797
 417536.0259168195
 414466.0849392289
 411612.407654119
 408964.590781908
 406512.4874975226
 404246.2074303975
 402156.1166644754
 400232.8377382066
 398467.2496445503
 396850.4878309727
 395373.9441994486
 394029.2671064609
 392808.3613629999
 391703.3882345644
 390706.7654411612
 389811.1671573049
 389009.5240120182
 388295.0230888319
 387661.1079257847
 387101.4785154231
 386610.0913048022
 386181.1591954844
 385809.1515435407
 385488.7941595497
 385215.0693085982
 384983.2157102809
 384788.7285387007
 384627.3594224683
 384495.1164447026
 384388.2641430302
 384303.323509586
 384237.0719910128
 384186.5434884615
 384149.0283575908
 384122.0734085675
 384103.4819060666
 384091.3135692708
 384083.884571871
 384079.767542066
 384077.7915625628
 384077.0421705761
 384076.8613578289
 384076.847570552
 384076.8557094844
 384076.9971298729
 384077.6396414725
 384079.407508546
 384083.1814498643
 384090.0986387065
 384101.5527028593
 384119.1937246179
 384144.928240785
 384180.9192426717
 384229.586176097
 384293.6049413877
 384375.9078933789
 384479.6838414136
 384608.3780493427
 384765.6922355252
 384955.5845728281
 385182.2696886266
 385450.2186648034
 385764.1590377497
 386129.0747983647
 386550.206392055
 387033.050718736
 387583.3611328307
 388207.14744327
 388910.6759134931
 389700.4692614471
 390583.306659587
 391566.2237348758
 392656.5125687849
 393861.721697293
 395189.6561108875
 396648.3772545635
 398246.2030278239
 399991.70778468
 401893.7223336509
 403961.3339377637
 406203.8863145537
 408630.9796360639
 411252.4705288455
 414078.4720739577
 417119.3538069676
 420385.7417179505
 423888.5182514896
 427638.8223066759
 431648.0492371087
 435927.8508508952
 440490.1354106507
 445347.0676334986
 450511.0686910697


# name: QUERY
# type: sq_string
# elements: 1
# length: 2
R1


# name: DATASIZE
# type: sq_string
# elements: 1
# length: 4
1000


