# Created by Octave 4.0.0, Wed May 18 23:46:57 2016 CEST <peter@Independence>
# name: x
# type: matrix
# rows: 1
# columns: 100
 60 60.60606060606061 61.2121212121212 61.81818181818181 62.42424242424242 63.03030303030303 63.63636363636364 64.24242424242424 64.84848484848484 65.45454545454545 66.06060606060606 66.66666666666666 67.27272727272727 67.87878787878788 68.48484848484848 69.09090909090909 69.69696969696969 70.3030303030303 70.90909090909091 71.51515151515152 72.12121212121212 72.72727272727272 73.33333333333333 73.93939393939394 74.54545454545455 75.15151515151516 75.75757575757575 76.36363636363636 76.96969696969697 77.57575757575758 78.18181818181819 78.78787878787878 79.39393939393939 80 80.60606060606061 81.21212121212122 81.81818181818181 82.42424242424242 83.03030303030303 83.63636363636363 84.24242424242424 84.84848484848484 85.45454545454545 86.06060606060606 86.66666666666667 87.27272727272727 87.87878787878788 88.48484848484848 89.09090909090909 89.6969696969697 90.3030303030303 90.90909090909091 91.51515151515152 92.12121212121212 92.72727272727273 93.33333333333333 93.93939393939394 94.54545454545455 95.15151515151516 95.75757575757575 96.36363636363636 96.96969696969697 97.57575757575758 98.18181818181819 98.78787878787878 99.39393939393939 100 100.6060606060606 101.2121212121212 101.8181818181818 102.4242424242424 103.030303030303 103.6363636363636 104.2424242424242 104.8484848484848 105.4545454545455 106.0606060606061 106.6666666666667 107.2727272727273 107.8787878787879 108.4848484848485 109.0909090909091 109.6969696969697 110.3030303030303 110.9090909090909 111.5151515151515 112.1212121212121 112.7272727272727 113.3333333333333 113.9393939393939 114.5454545454545 115.1515151515152 115.7575757575758 116.3636363636364 116.969696969697 117.5757575757576 118.1818181818182 118.7878787878788 119.3939393939394 120


# name: y
# type: matrix
# rows: 100
# columns: 1
 440439.4648530534
 437522.8181004105
 434666.2269297781
 431869.6913411561
 429133.2113345448
 426456.786909944
 423840.4180673537
 421284.1048067739
 418787.8471282047
 416351.645031646
 413975.4985170978
 411659.4075845602
 409403.3722340331
 407207.3924655165
 405071.4682790104
 402995.5996745149
 400979.7866520299
 399024.0292115554
 397128.3273530915
 395292.6810766381
 393517.0903821952
 391801.5552697628
 390146.075739341
 388550.6517909297
 387015.283424529
 385539.9706401387
 384124.713437759
 382769.5118173898
 381474.3657790312
 380239.275322683
 379064.2404483454
 377949.2611560184
 376894.3374457018
 375899.4693173958
 374964.6567711004
 374089.8998068154
 373275.198424541
 372520.5526242771
 371825.9624060238
 371191.4277697809
 370616.9487155486
 370102.5252433268
 369648.1573531156
 369253.8450449149
 368919.5883187247
 368645.3871745451
 368431.2416123759
 368277.1516322173
 368183.1172340693
 368149.1384179317
 368175.2151838047
 368261.3475316883
 368407.5354615823
 368613.7789734869
 368880.078067402
 369206.4327433276
 369592.8430012638
 370039.3088412105
 370545.8302631677
 371112.4072671355
 371739.0398531138
 372425.7280211026
 373172.4717711019
 373979.2711031118
 374846.1260171322
 375773.0365131631
 376760.0025912046
 377807.0242512566
 378914.1014933191
 380081.2343173922
 381308.4227234757
 382595.6667115698
 383942.9662816745
 385350.3214337896
 386817.7321679153
 388345.1984840515
 389932.7203821983
 391580.2978623555
 393287.9309245234
 395055.6195687017
 396883.3637948906
 398771.16360309
 400719.0189932999
 402726.9299655204
 404794.8965197513
 406922.9186559929
 409110.9963742449
 411359.1296745075
 413667.3185567806
 416035.5630210642
 418463.8630673584
 420952.218695663
 423500.6299059783
 426109.0966983041
 428777.6190726403
 431506.1970289872
 434294.8305673444
 437143.5196877123
 440052.2643900907
 443021.0646744797


# name: QUERY
# type: sq_string
# elements: 1
# length: 2
R1


# name: DATASIZE
# type: sq_string
# elements: 1
# length: 4
1000


