# Created by Octave 4.0.0, Mon May 23 13:47:04 2016 CEST <peter@Independence>
# name: x
# type: matrix
# rows: 1
# columns: 100
 60 60.60606060606061 61.2121212121212 61.81818181818181 62.42424242424242 63.03030303030303 63.63636363636364 64.24242424242424 64.84848484848484 65.45454545454545 66.06060606060606 66.66666666666666 67.27272727272727 67.87878787878788 68.48484848484848 69.09090909090909 69.69696969696969 70.3030303030303 70.90909090909091 71.51515151515152 72.12121212121212 72.72727272727272 73.33333333333333 73.93939393939394 74.54545454545455 75.15151515151516 75.75757575757575 76.36363636363636 76.96969696969697 77.57575757575758 78.18181818181819 78.78787878787878 79.39393939393939 80 80.60606060606061 81.21212121212122 81.81818181818181 82.42424242424242 83.03030303030303 83.63636363636363 84.24242424242424 84.84848484848484 85.45454545454545 86.06060606060606 86.66666666666667 87.27272727272727 87.87878787878788 88.48484848484848 89.09090909090909 89.6969696969697 90.3030303030303 90.90909090909091 91.51515151515152 92.12121212121212 92.72727272727273 93.33333333333333 93.93939393939394 94.54545454545455 95.15151515151516 95.75757575757575 96.36363636363636 96.96969696969697 97.57575757575758 98.18181818181819 98.78787878787878 99.39393939393939 100 100.6060606060606 101.2121212121212 101.8181818181818 102.4242424242424 103.030303030303 103.6363636363636 104.2424242424242 104.8484848484848 105.4545454545455 106.0606060606061 106.6666666666667 107.2727272727273 107.8787878787879 108.4848484848485 109.0909090909091 109.6969696969697 110.3030303030303 110.9090909090909 111.5151515151515 112.1212121212121 112.7272727272727 113.3333333333333 113.9393939393939 114.5454545454545 115.1515151515152 115.7575757575758 116.3636363636364 116.969696969697 117.5757575757576 118.1818181818182 118.7878787878788 119.3939393939394 120


# name: y
# type: matrix
# rows: 100
# columns: 1
 446571.9526517007
 443779.8878037019
 441045.3133183275
 438368.2291955777
 435748.635435453
 433186.5320379528
 430681.9190030776
 428234.7963308271
 425845.1640212012
 423513.0220742002
 421238.3704898239
 419021.2092680722
 416861.5384089453
 414759.3579124432
 412714.6677785657
 410727.4680073133
 408797.7585986853
 406925.5395526821
 405110.8108693039
 403353.5725485501
 401653.8245904213
 400011.5669949171
 398426.7997620376
 396899.522891783
 395429.736384153
 394017.4402391478
 392662.6344567674
 391365.3190370116
 390125.4939798806
 388943.1592853745
 387818.314953493
 386750.9609842362
 385741.0973776042
 384788.7241335969
 383893.8412522144
 383056.4487334567
 382276.5465773236
 381554.1347838154
 380889.2133529318
 380281.782284673
 379731.8415790389
 379239.3912360296
 378804.4312556451
 378426.9616378853
 378106.9823827501
 377844.4934902398
 377639.4949603542
 377491.9867930934
 377401.9689884573
 377369.4415464459
 377394.4044670592
 377476.8577502974
 377616.8013961603
 377814.2354046478
 378069.1597757602
 378381.5745094973
 378751.4796058591
 379178.8750648457
 379663.760886457
 380206.1370706931
 380806.0036175539
 381463.3605270394
 382178.2077991497
 382950.5454338847
 383780.3734312445
 384667.6917912291
 385612.5005138383
 386614.7995990723
 387674.5890469311
 388791.8688574146
 389966.6390305228
 391198.8995662557
 392488.6504646135
 393835.8917255959
 395240.6233492031
 396702.845335435
 398222.5576842919
 399799.7603957732
 401434.4534698794
 403126.6369066103
 404876.310705966
 406683.4748679464
 408548.1293925515
 410470.2742797815
 412449.909529636
 414487.0351421154
 416581.6511172196
 418733.7574549484
 420943.354155302
 423210.4412182805
 425535.0186438835
 427917.0864321114
 430356.6445829639
 432853.6930964413
 435408.2319725434
 438020.2612112701
 440689.7808126216
 443416.7907765979
 446201.2911031989
 449043.2817924249


# name: QUERY
# type: sq_string
# elements: 1
# length: 2
R1


# name: DATASIZE
# type: sq_string
# elements: 1
# length: 4
1000


