# Created by Octave 4.0.0, Wed May 11 16:25:23 2016 CEST <peter@Independence>
# name: y
# type: matrix
# rows: 1
# columns: 100
 575144.5885732236 580129.2834406581 585113.9783080926 590098.673175527 595083.3680429615 600068.062910396 605052.7577778305 610037.452645265 615022.1475126995 620006.8423801339 624991.5372475685 629976.2321150029 634960.9269824375 639945.6218498719 644930.3167173065 649915.0115847409 654899.7064521755 659884.40131961 664869.0961870444 669853.791054479 674838.4859219134 679823.180789348 684807.8756567824 689792.5705242169 694777.2653916514 699761.9602590859 704746.6551265204 709731.3499939549 714716.0448613893 719700.7397288239 724685.4345962583 729670.1294636929 734654.8243311273 739639.5191985618 744624.2140659963 749608.9089334308 754593.6038008654 759578.2986682998 764562.9935357342 769547.6884031688 774532.3832706033 779517.0781380377 784501.7730054723 789486.4678729067 794471.1627403413 799455.8576077757 804440.5524752102 809425.2473426447 814409.9422100792 819394.6370775137 824379.3319449482 829364.0268123826 834348.7216798172 839333.4165472516 844318.1114146862 849302.8062821206 854287.5011495552 859272.1960169896 864256.8908844241 869241.5857518587 874226.2806192931 879210.9754867277 884195.6703541621 889180.3652215966 894165.0600890311 899149.7549564656 904134.4498239001 909119.1446913346 914103.839558769 919088.5344262036 924073.229293638 929057.9241610726 934042.619028507 939027.3138959415 944012.008763376 948996.7036308106 953981.398498245 958966.0933656795 963950.7882331139 968935.4831005485 973920.1779679831 978904.8728354175 983889.567702852 988874.2625702864 993858.957437721 998843.6523051555 1003828.34717259 1008813.042040024 1013797.736907459 1018782.431774893 1023767.126642328 1028751.821509762 1033736.516377197 1038721.211244631 1043705.906112066 1048690.6009795 1053675.295846935 1058659.990714369 1063644.685581804 1068629.380449238


