# Created by Octave 4.0.0, Wed May 11 16:25:23 2016 CEST <peter@Independence>
# name: y
# type: matrix
# rows: 100
# columns: 1
 468795.5745917296
 466950.9506606658
 465262.123296096
 463730.4170377479
 462357.068100247
 461143.223014973
 460089.9373508925
 459198.1745161353
 458468.8046419877
 457902.6035508813
 457500.2518098498
 457262.3338708282
 457189.3372990649
 457281.6520908045
 457539.5700812946
 457963.2844440569
 458552.8892822522
 459308.3793128536
 460229.6496442261
 461316.4956475947
 462568.6129227687
 463985.5973583687
 465566.9452866809
 467312.0537331539
 469220.2207604236
 471290.6459066373
 473522.4307177301
 475914.5793731828
 478465.9994046772
 481175.5025069437
 484041.8054399806
 487063.5310217071
 490239.2092100004
 493567.2782729501
 497046.0860460555
 500673.891274977
 504448.8650423491
 508369.0922770536
 512432.5733442512
 516637.2257143614
 520980.8857090934
 525461.3103225207
 530076.1791151117
 534823.0961785309
 539699.5921689392
 544703.1264064402
 549831.0890382375
 555080.8032629903
 560449.5276137856
 565934.458297065
 571532.7315847966
 577241.4262570974
 583057.566092478
 588978.1224028051
 595000.0166100471
 601120.1228618074
 607335.2706826183
 613642.247657932
 620037.8021477017
 626518.6460264332
 633081.4574465549
 639722.8836219343
 646439.5436283619
 653228.031217803
 660084.9176432267
 667006.7544908035
 673990.0765162811
 681031.4044823516
 688127.2479938261
 695274.1083274708
 702468.4812533573
 709706.8598446208
 716985.7372725445
 724301.6095839228
 731650.9784576936
 739030.3539378766
 746436.2571398946
 753865.2229274109
 761313.8025568658
 768778.5662869578
 776256.1059503688
 783743.0374851071
 791236.0034229037
 798731.6753321717
 806226.7562131085
 813717.9828426095
 821202.128066727
 828676.0030385058
 836136.4593991033
 843580.391400192
 851004.7379657361
 858406.4846913241
 865782.6657793315
 873130.3659082911
 880446.7220349342
 887728.925127482
 894974.2218288495
 902179.9160485412
 909343.3704821095
 916462.008057157


