# Created by Octave 4.0.0, Wed May 11 16:25:23 2016 CEST <peter@Independence>
# name: y
# type: matrix
# rows: 100
# columns: 1
 595521.1271254568
 600082.5972149635
 604644.0673044701
 609205.5373939769
 613767.0074834835
 618328.4775729902
 622889.9476624969
 627451.4177520038
 632012.8878415104
 636574.3579310171
 641135.8280205238
 645697.2981100305
 650258.7681995372
 654820.2382890439
 659381.7083785506
 663943.1784680573
 668504.648557564
 673066.1186470707
 677627.5887365774
 682189.0588260841
 686750.5289155908
 691311.9990050975
 695873.4690946043
 700434.939184111
 704996.4092736177
 709557.8793631243
 714119.349452631
 718680.8195421377
 723242.2896316444
 727803.7597211511
 732365.2298106578
 736926.6999001645
 741488.1699896712
 746049.6400791779
 750611.1101686846
 755172.5802581913
 759734.050347698
 764295.5204372047
 768856.9905267115
 773418.4606162182
 777979.9307057249
 782541.4007952315
 787102.8708847383
 791664.340974245
 796225.8110637516
 800787.2811532583
 805348.751242765
 809910.2213322717
 814471.6914217784
 819033.1615112851
 823594.6316007918
 828156.1016902985
 832717.5717798052
 837279.0418693119
 841840.5119588186
 846401.9820483254
 850963.4521378321
 855524.9222273388
 860086.3923168455
 864647.8624063522
 869209.3324958589
 873770.8025853655
 878332.2726748723
 882893.7427643789
 887455.2128538856
 892016.6829433923
 896578.153032899
 901139.6231224057
 905701.0932119124
 910262.5633014191
 914824.0333909258
 919385.5034804326
 923946.9735699393
 928508.443659446
 933069.9137489527
 937631.3838384594
 942192.8539279662
 946754.3240174728
 951315.7941069794
 955877.2641964862
 960438.7342859929
 965000.2043754996
 969561.6744650062
 974123.1445545129
 978684.6146440196
 983246.0847335265
 987807.554823033
 992369.0249125398
 996930.4950020465
 1001491.965091553
 1006053.43518106
 1010614.905270567
 1015176.375360073
 1019737.84544958
 1024299.315539087
 1028860.785628593
 1033422.2557181
 1037983.725807607
 1042545.195897114
 1047106.66598662


