# Created by Octave 4.0.0, Wed May 11 16:25:23 2016 CEST <peter@Independence>
# name: y
# type: matrix
# rows: 100
# columns: 1
 445578.1806745499
 447283.6885704427
 448918.4839981399
 450484.0641271636
 451981.9261270358
 453413.5671672786
 454780.4844174141
 456084.1750469643
 457326.1362254514
 458507.8651223972
 459630.8589073239
 460696.6147497535
 461706.6298192082
 462662.4012852099
 463565.4263172807
 464417.2020849427
 465219.2257577179
 465972.9945051284
 466680.0054966962
 467341.7559019434
 467959.7428903921
 468535.4636315643
 469070.415294982
 469566.0950501673
 470024.0000666424
 470445.6275139291
 470832.4745615495
 471186.0383790259
 471507.8161358801
 471799.3050016343
 472062.0021458105
 472297.4047379307
 472507.0099475171
 472692.3149440916
 472854.8168971763
 472996.0129762934
 473117.4003509647
 473220.4761907125
 473306.7376650588
 473377.6819435255
 473434.8061956348
 473479.6075909087
 473513.5832988693
 473538.2304890386
 473555.0463309386
 473565.5279940916
 473571.1726480194
 473573.4774622442
 473573.939606288
 473574.0562496729
 473575.3245619208
 473579.241712554
 473587.3048710944
 473601.011207064
 473621.857889985
 473651.3420893795
 473690.9609747693
 473742.2117156767
 473806.5914816236
 473885.5974421322
 473980.7267667244
 474093.4766249224
 474225.3441862482
 474377.8266202238
 474552.4210963713
 474750.6247842128
 474973.9348532703
 475223.8484730658
 475501.8628131215
 475809.4750429593
 476148.1823321015
 476519.4818500698
 476924.8707663866
 477365.8462505737
 477843.9054721533
 478360.5456006474
 478917.2638055781
 479515.5572564674
 480156.9231228374
 480842.8585742101
 481574.8607801077
 482354.4269100521
 483183.0541335653
 484062.2396201696
 484993.4805393868
 485978.2740607391
 487018.1173537486
 488114.5075879372
 489268.9419328271
 490482.9175579404
 491757.9316327989
 493095.4813269248
 494497.0638098402
 495964.1762510671
 497498.3158201277
 499100.9796865438
 500773.6650198376
 502517.8689895312
 504335.0887651466
 506226.8215162058


