# Created by Octave 3.8.2, Wed May 18 09:25:30 2016 CEST <Andrea@Andreas-MacBook-Pro.local>
# name: x
# type: matrix
# rows: 1
# columns: 100
 0.008333333333333333 0.008417508417508417 0.008501683501683501 0.008585858585858586 0.00867003367003367 0.008754208754208754 0.008838383838383838 0.008922558922558922 0.009006734006734006 0.00909090909090909 0.009175084175084175 0.009259259259259259 0.009343434343434343 0.009427609427609427 0.009511784511784511 0.009595959595959595 0.009680134680134679 0.009764309764309764 0.009848484848484848 0.009932659932659932 0.01001683501683502 0.0101010101010101 0.01018518518518518 0.01026936026936027 0.01035353535353535 0.01043771043771044 0.01052188552188552 0.01060606060606061 0.01069023569023569 0.01077441077441077 0.01085858585858586 0.01094276094276094 0.01102693602693603 0.01111111111111111 0.0111952861952862 0.01127946127946128 0.01136363636363636 0.01144781144781145 0.01153198653198653 0.01161616161616162 0.0117003367003367 0.01178451178451178 0.01186868686868687 0.01195286195286195 0.01203703703703704 0.01212121212121212 0.01220538720538721 0.01228956228956229 0.01237373737373737 0.01245791245791246 0.01254208754208754 0.01262626262626263 0.01271043771043771 0.01279461279461279 0.01287878787878788 0.01296296296296296 0.01304713804713805 0.01313131313131313 0.01321548821548822 0.0132996632996633 0.01338383838383838 0.01346801346801347 0.01355218855218855 0.01363636363636364 0.01372053872053872 0.0138047138047138 0.01388888888888889 0.01397306397306397 0.01405723905723906 0.01414141414141414 0.01422558922558923 0.01430976430976431 0.01439393939393939 0.01447811447811448 0.01456228956228956 0.01464646464646465 0.01473063973063973 0.01481481481481482 0.0148989898989899 0.01498316498316498 0.01506734006734007 0.01515151515151515 0.01523569023569024 0.01531986531986532 0.0154040404040404 0.01548821548821549 0.01557239057239057 0.01565656565656566 0.01574074074074074 0.01582491582491583 0.01590909090909091 0.01599326599326599 0.01607744107744108 0.01616161616161616 0.01624579124579125 0.01632996632996633 0.01641414141414142 0.0164983164983165 0.01658249158249158 0.01666666666666667


# name: y
# type: matrix
# rows: 100
# columns: 1
 865320.1836280946
 866912.679326816
 868574.5714768237
 870305.6179402809
 872105.5266498543
 873973.9554331282
 875910.5118871466
 877914.7533036377
 879986.1866454151
 882124.2685743809
 884328.4055314908
 886597.9538689714
 888932.220035013
 891330.4608110893
 893791.8836019867
 896315.6467785526
 898900.860073104
 901546.5850273605
 904251.8354926988
 907015.5781824511
 909836.7332758951
 912714.175073519
 915646.7327030601
 918633.1908757589
 921672.2906921859
 924762.730496939
 927903.1667814307
 931092.2151339212
 934328.4512358848
 937610.4119037249
 940936.5961747969
 944305.4664366245
 947715.4495981373
 951164.9383016953
 954652.2921746066
 958175.8391187831
 961733.8766371312
 965324.6731952088
 968946.46961664
 972597.4805107196
 976275.8957305964
 979979.8818603801
 983707.5837294681
 987457.1259523553
 991226.6144921463
 995014.1382459578
 998817.7706503639
 1002635.57130501
 1006465.58761249
 1010305.856432564
 1014154.405748762
 1018009.256345414
 1021868.423493115
 1025729.918640646
 1029591.751111327
 1033451.929801811
 1037308.464881288
 1041159.369489106
 1045002.661428772
 1048836.36485635
 1052658.511961255
 1056467.144637442
 1060260.316143044
 1064036.092746489
 1067792.555357177
 1071527.801138792
 1075239.945103397
 1078927.121684417
 1082587.486286739
 1086219.216812096
 1089820.515158025
 1093389.608688661
 1096924.751675722
 1100424.226708047
 1103886.346068122
 1107309.453074063
 1110691.923385583
 1114032.166272525
 1117328.625844585
 1120579.78224093
 1123784.152778449
 1126940.293057456
 1130046.798023711
 1133102.302985707
 1136105.484586203
 1139055.061727099
 1141949.79644676
 1144788.49474901
 1147570.007383062
 1150293.23057372
 1152957.106701275
 1155560.624930569
 1158102.821788786
 1160582.781691591
 1162999.637417322
 1165352.570528988
 1167640.811743935
 1169863.641251068
 1172020.388975635
 1174110.434791601


# name: QUERY
# type: sq_string
# elements: 1
# length: 2
R3


# name: DATASIZE
# type: sq_string
# elements: 1
# length: 4
1000


