# Created by Octave 4.0.0, Mon May 23 11:56:16 2016 CEST <peter@Independence>
# name: x
# type: matrix
# rows: 1
# columns: 100
 0.008333333333333333 0.008417508417508417 0.008501683501683501 0.008585858585858586 0.00867003367003367 0.008754208754208754 0.008838383838383838 0.008922558922558922 0.009006734006734006 0.00909090909090909 0.009175084175084175 0.009259259259259259 0.009343434343434343 0.009427609427609427 0.009511784511784511 0.009595959595959595 0.009680134680134679 0.009764309764309764 0.009848484848484848 0.009932659932659932 0.01001683501683502 0.0101010101010101 0.01018518518518518 0.01026936026936027 0.01035353535353535 0.01043771043771044 0.01052188552188552 0.01060606060606061 0.01069023569023569 0.01077441077441077 0.01085858585858586 0.01094276094276094 0.01102693602693603 0.01111111111111111 0.0111952861952862 0.01127946127946128 0.01136363636363636 0.01144781144781145 0.01153198653198653 0.01161616161616162 0.0117003367003367 0.01178451178451178 0.01186868686868687 0.01195286195286195 0.01203703703703704 0.01212121212121212 0.01220538720538721 0.01228956228956229 0.01237373737373737 0.01245791245791246 0.01254208754208754 0.01262626262626263 0.01271043771043771 0.01279461279461279 0.01287878787878788 0.01296296296296296 0.01304713804713805 0.01313131313131313 0.01321548821548822 0.0132996632996633 0.01338383838383838 0.01346801346801347 0.01355218855218855 0.01363636363636364 0.01372053872053872 0.0138047138047138 0.01388888888888889 0.01397306397306397 0.01405723905723906 0.01414141414141414 0.01422558922558923 0.01430976430976431 0.01439393939393939 0.01447811447811448 0.01456228956228956 0.01464646464646465 0.01473063973063973 0.01481481481481482 0.0148989898989899 0.01498316498316498 0.01506734006734007 0.01515151515151515 0.01523569023569024 0.01531986531986532 0.0154040404040404 0.01548821548821549 0.01557239057239057 0.01565656565656566 0.01574074074074074 0.01582491582491583 0.01590909090909091 0.01599326599326599 0.01607744107744108 0.01616161616161616 0.01624579124579125 0.01632996632996633 0.01641414141414142 0.0164983164983165 0.01658249158249158 0.01666666666666667


# name: y
# type: matrix
# rows: 100
# columns: 1
 857031.7892801717
 858506.0782859953
 860053.7344630661
 861674.6234371589
 863368.5591686517
 865135.3036548503
 866974.5666830853
 868886.0056353091
 870869.2253448592
 872923.7780059846
 875049.1631366719
 877244.8275952295
 879510.165651031
 881844.5191097383
 884247.1774932574
 886717.3782746098
 889254.3071678235
 891857.0984728802
 894524.8354756737
 897256.5509028684
 900051.2274314616
 902907.798252787
 905825.1476906157
 908802.1118729389
 911837.4794569371
 914929.9924065722
 918078.3468221601
 921281.1938212056
 924537.1404697169
 927844.7507631335
 931202.5466559401
 934609.0091389625
 938062.579363274
 941561.6598095775
 945104.6155018527
 948689.7752640045
 952315.4330181774
 955979.8491233428
 959681.2517527067
 963417.8383084282
 967187.7768720816
 970989.2076892467
 974820.2446865563
 978678.9770194836
 982563.4706491076
 986471.7699460499
 990401.8993197352
 994351.8648710906
 998319.6560667653
 1002303.247432916
 1006300.600266578
 1010309.664362612
 1014328.379754201
 1018354.678464832
 1022386.486269708
 1026421.7244645
 1030458.311639341
 1034494.165455965
 1038527.204425883
 1042555.349687483
 1046576.526779953
 1050588.667411916
 1054589.711222694
 1058577.607534105
 1062550.317090736
 1066505.813786629
 1070442.086376359
 1074357.140168492
 1078248.998699435
 1082115.705385744
 1085955.325152947
 1089765.946039023
 1093545.680770669
 1097292.668310565
 1101005.075373865
 1104681.097912206
 1108318.962563563
 1111916.928066324
 1115473.286636046
 1118986.365303355
 1122454.527211552
 1125876.172872538
 1129249.741379718
 1132573.711576616
 1135846.603180005
 1139066.977856412
 1142233.440250921
 1145344.638967294
 1148399.267498454
 1151396.065106492
 1154333.817651401
 1157211.358367831
 1160027.568589221
 1162781.378418734
 1165471.767346532
 1168097.764812944
 1170658.450717208
 1173152.955871514
 1175580.462400166
 1177940.204083743


# name: QUERY
# type: sq_string
# elements: 1
# length: 2
R3


# name: DATASIZE
# type: sq_string
# elements: 1
# length: 4
1000


