# Created by Octave 4.0.0, Mon May 23 11:56:15 2016 CEST <peter@Independence>
# name: x
# type: matrix
# rows: 1
# columns: 100
 0.008333333333333333 0.008417508417508417 0.008501683501683501 0.008585858585858586 0.00867003367003367 0.008754208754208754 0.008838383838383838 0.008922558922558922 0.009006734006734006 0.00909090909090909 0.009175084175084175 0.009259259259259259 0.009343434343434343 0.009427609427609427 0.009511784511784511 0.009595959595959595 0.009680134680134679 0.009764309764309764 0.009848484848484848 0.009932659932659932 0.01001683501683502 0.0101010101010101 0.01018518518518518 0.01026936026936027 0.01035353535353535 0.01043771043771044 0.01052188552188552 0.01060606060606061 0.01069023569023569 0.01077441077441077 0.01085858585858586 0.01094276094276094 0.01102693602693603 0.01111111111111111 0.0111952861952862 0.01127946127946128 0.01136363636363636 0.01144781144781145 0.01153198653198653 0.01161616161616162 0.0117003367003367 0.01178451178451178 0.01186868686868687 0.01195286195286195 0.01203703703703704 0.01212121212121212 0.01220538720538721 0.01228956228956229 0.01237373737373737 0.01245791245791246 0.01254208754208754 0.01262626262626263 0.01271043771043771 0.01279461279461279 0.01287878787878788 0.01296296296296296 0.01304713804713805 0.01313131313131313 0.01321548821548822 0.0132996632996633 0.01338383838383838 0.01346801346801347 0.01355218855218855 0.01363636363636364 0.01372053872053872 0.0138047138047138 0.01388888888888889 0.01397306397306397 0.01405723905723906 0.01414141414141414 0.01422558922558923 0.01430976430976431 0.01439393939393939 0.01447811447811448 0.01456228956228956 0.01464646464646465 0.01473063973063973 0.01481481481481482 0.0148989898989899 0.01498316498316498 0.01506734006734007 0.01515151515151515 0.01523569023569024 0.01531986531986532 0.0154040404040404 0.01548821548821549 0.01557239057239057 0.01565656565656566 0.01574074074074074 0.01582491582491583 0.01590909090909091 0.01599326599326599 0.01607744107744108 0.01616161616161616 0.01624579124579125 0.01632996632996633 0.01641414141414142 0.0164983164983165 0.01658249158249158 0.01666666666666667


# name: y
# type: matrix
# rows: 1
# columns: 100
 1000423.208570845 1000877.193927573 1001331.179284301 1001785.164641029 1002239.149997757 1002693.135354485 1003147.120711213 1003601.106067941 1004055.091424669 1004509.076781397 1004963.062138125 1005417.047494853 1005871.032851581 1006325.018208309 1006779.003565037 1007232.988921765 1007686.974278493 1008140.959635221 1008594.944991949 1009048.930348677 1009502.915705406 1009956.901062134 1010410.886418862 1010864.87177559 1011318.857132318 1011772.842489046 1012226.827845774 1012680.813202502 1013134.79855923 1013588.783915958 1014042.769272686 1014496.754629414 1014950.739986142 1015404.72534287 1015858.710699598 1016312.696056326 1016766.681413054 1017220.666769782 1017674.65212651 1018128.637483238 1018582.622839966 1019036.608196694 1019490.593553422 1019944.578910151 1020398.564266879 1020852.549623607 1021306.534980335 1021760.520337063 1022214.505693791 1022668.491050519 1023122.476407247 1023576.461763975 1024030.447120703 1024484.432477431 1024938.417834159 1025392.403190887 1025846.388547615 1026300.373904343 1026754.359261071 1027208.344617799 1027662.329974527 1028116.315331255 1028570.300687983 1029024.286044711 1029478.271401439 1029932.256758167 1030386.242114895 1030840.227471624 1031294.212828352 1031748.19818508 1032202.183541808 1032656.168898536 1033110.154255264 1033564.139611992 1034018.12496872 1034472.110325448 1034926.095682176 1035380.081038904 1035834.066395632 1036288.05175236 1036742.037109088 1037196.022465816 1037650.007822544 1038103.993179272 1038557.978536 1039011.963892728 1039465.949249456 1039919.934606184 1040373.919962912 1040827.905319641 1041281.890676368 1041735.876033097 1042189.861389825 1042643.846746553 1043097.832103281 1043551.817460009 1044005.802816737 1044459.788173465 1044913.773530193 1045367.758886921


# name: QUERY
# type: sq_string
# elements: 1
# length: 2
R3


# name: DATASIZE
# type: sq_string
# elements: 1
# length: 4
1000


