# Created by Octave 3.8.2, Wed May 18 09:25:30 2016 CEST <Andrea@Andreas-MacBook-Pro.local>
# name: x
# type: matrix
# rows: 1
# columns: 100
 0.008333333333333333 0.008417508417508417 0.008501683501683501 0.008585858585858586 0.00867003367003367 0.008754208754208754 0.008838383838383838 0.008922558922558922 0.009006734006734006 0.00909090909090909 0.009175084175084175 0.009259259259259259 0.009343434343434343 0.009427609427609427 0.009511784511784511 0.009595959595959595 0.009680134680134679 0.009764309764309764 0.009848484848484848 0.009932659932659932 0.01001683501683502 0.0101010101010101 0.01018518518518518 0.01026936026936027 0.01035353535353535 0.01043771043771044 0.01052188552188552 0.01060606060606061 0.01069023569023569 0.01077441077441077 0.01085858585858586 0.01094276094276094 0.01102693602693603 0.01111111111111111 0.0111952861952862 0.01127946127946128 0.01136363636363636 0.01144781144781145 0.01153198653198653 0.01161616161616162 0.0117003367003367 0.01178451178451178 0.01186868686868687 0.01195286195286195 0.01203703703703704 0.01212121212121212 0.01220538720538721 0.01228956228956229 0.01237373737373737 0.01245791245791246 0.01254208754208754 0.01262626262626263 0.01271043771043771 0.01279461279461279 0.01287878787878788 0.01296296296296296 0.01304713804713805 0.01313131313131313 0.01321548821548822 0.0132996632996633 0.01338383838383838 0.01346801346801347 0.01355218855218855 0.01363636363636364 0.01372053872053872 0.0138047138047138 0.01388888888888889 0.01397306397306397 0.01405723905723906 0.01414141414141414 0.01422558922558923 0.01430976430976431 0.01439393939393939 0.01447811447811448 0.01456228956228956 0.01464646464646465 0.01473063973063973 0.01481481481481482 0.0148989898989899 0.01498316498316498 0.01506734006734007 0.01515151515151515 0.01523569023569024 0.01531986531986532 0.0154040404040404 0.01548821548821549 0.01557239057239057 0.01565656565656566 0.01574074074074074 0.01582491582491583 0.01590909090909091 0.01599326599326599 0.01607744107744108 0.01616161616161616 0.01624579124579125 0.01632996632996633 0.01641414141414142 0.0164983164983165 0.01658249158249158 0.01666666666666667


# name: y
# type: matrix
# rows: 100
# columns: 1
 929392.5313929005
 931363.2470004943
 933333.962608088
 935304.6782156818
 937275.3938232756
 939246.1094308692
 941216.825038463
 943187.5406460568
 945158.2562536505
 947128.9718612442
 949099.6874688379
 951070.4030764317
 953041.1186840255
 955011.8342916192
 956982.549899213
 958953.2655068068
 960923.9811144006
 962894.6967219942
 964865.412329588
 966836.1279371817
 968806.8435447755
 970777.5591523693
 972748.274759963
 974718.9903675567
 976689.7059751505
 978660.4215827442
 980631.137190338
 982601.8527979318
 984572.5684055255
 986543.2840131192
 988513.9996207129
 990484.7152283067
 992455.4308359005
 994426.1464434942
 996396.862051088
 998367.5776586818
 1000338.293266275
 1002309.008873869
 1004279.724481463
 1006250.440089057
 1008221.155696651
 1010191.871304244
 1012162.586911838
 1014133.302519432
 1016104.018127025
 1018074.733734619
 1020045.449342213
 1022016.164949807
 1023986.880557401
 1025957.596164994
 1027928.311772588
 1029899.027380182
 1031869.742987775
 1033840.458595369
 1035811.174202963
 1037781.889810557
 1039752.60541815
 1041723.321025744
 1043694.036633338
 1045664.752240932
 1047635.467848525
 1049606.183456119
 1051576.899063713
 1053547.614671307
 1055518.3302789
 1057489.045886494
 1059459.761494088
 1061430.477101682
 1063401.192709276
 1065371.908316869
 1067342.623924463
 1069313.339532057
 1071284.05513965
 1073254.770747244
 1075225.486354838
 1077196.201962432
 1079166.917570025
 1081137.633177619
 1083108.348785213
 1085079.064392807
 1087049.7800004
 1089020.495607994
 1090991.211215588
 1092961.926823182
 1094932.642430775
 1096903.358038369
 1098874.073645963
 1100844.789253557
 1102815.50486115
 1104786.220468744
 1106756.936076338
 1108727.651683932
 1110698.367291525
 1112669.082899119
 1114639.798506713
 1116610.514114307
 1118581.229721901
 1120551.945329494
 1122522.660937088
 1124493.376544682


# name: QUERY
# type: sq_string
# elements: 1
# length: 2
R3


# name: DATASIZE
# type: sq_string
# elements: 1
# length: 4
1000


