# Created by Octave 4.0.0, Mon May 23 11:56:15 2016 CEST <peter@Independence>
# name: x
# type: matrix
# rows: 1
# columns: 100
 0.008333333333333333 0.008417508417508417 0.008501683501683501 0.008585858585858586 0.00867003367003367 0.008754208754208754 0.008838383838383838 0.008922558922558922 0.009006734006734006 0.00909090909090909 0.009175084175084175 0.009259259259259259 0.009343434343434343 0.009427609427609427 0.009511784511784511 0.009595959595959595 0.009680134680134679 0.009764309764309764 0.009848484848484848 0.009932659932659932 0.01001683501683502 0.0101010101010101 0.01018518518518518 0.01026936026936027 0.01035353535353535 0.01043771043771044 0.01052188552188552 0.01060606060606061 0.01069023569023569 0.01077441077441077 0.01085858585858586 0.01094276094276094 0.01102693602693603 0.01111111111111111 0.0111952861952862 0.01127946127946128 0.01136363636363636 0.01144781144781145 0.01153198653198653 0.01161616161616162 0.0117003367003367 0.01178451178451178 0.01186868686868687 0.01195286195286195 0.01203703703703704 0.01212121212121212 0.01220538720538721 0.01228956228956229 0.01237373737373737 0.01245791245791246 0.01254208754208754 0.01262626262626263 0.01271043771043771 0.01279461279461279 0.01287878787878788 0.01296296296296296 0.01304713804713805 0.01313131313131313 0.01321548821548822 0.0132996632996633 0.01338383838383838 0.01346801346801347 0.01355218855218855 0.01363636363636364 0.01372053872053872 0.0138047138047138 0.01388888888888889 0.01397306397306397 0.01405723905723906 0.01414141414141414 0.01422558922558923 0.01430976430976431 0.01439393939393939 0.01447811447811448 0.01456228956228956 0.01464646464646465 0.01473063973063973 0.01481481481481482 0.0148989898989899 0.01498316498316498 0.01506734006734007 0.01515151515151515 0.01523569023569024 0.01531986531986532 0.0154040404040404 0.01548821548821549 0.01557239057239057 0.01565656565656566 0.01574074074074074 0.01582491582491583 0.01590909090909091 0.01599326599326599 0.01607744107744108 0.01616161616161616 0.01624579124579125 0.01632996632996633 0.01641414141414142 0.0164983164983165 0.01658249158249158 0.01666666666666667


# name: y
# type: matrix
# rows: 100
# columns: 1
 931178.4091236914
 933338.7120206919
 935499.0149176924
 937659.317814693
 939819.6207116935
 941979.923608694
 944140.2265056946
 946300.5294026951
 948460.8322996957
 950621.1351966962
 952781.4380936967
 954941.7409906973
 957102.0438876977
 959262.3467846983
 961422.6496816989
 963582.9525786994
 965743.2554756999
 967903.5583727005
 970063.861269701
 972224.1641667015
 974384.4670637021
 976544.7699607026
 978705.0728577031
 980865.3757547037
 983025.6786517042
 985185.9815487047
 987346.2844457052
 989506.5873427058
 991666.8902397063
 993827.1931367068
 995987.4960337074
 998147.798930708
 1000308.101827708
 1002468.404724709
 1004628.70762171
 1006789.01051871
 1008949.313415711
 1011109.616312711
 1013269.919209712
 1015430.222106712
 1017590.525003713
 1019750.827900713
 1021911.130797714
 1024071.433694714
 1026231.736591715
 1028392.039488715
 1030552.342385716
 1032712.645282716
 1034872.948179717
 1037033.251076718
 1039193.553973718
 1041353.856870719
 1043514.159767719
 1045674.46266472
 1047834.76556172
 1049995.068458721
 1052155.371355721
 1054315.674252722
 1056475.977149722
 1058636.280046723
 1060796.582943723
 1062956.885840724
 1065117.188737724
 1067277.491634725
 1069437.794531726
 1071598.097428726
 1073758.400325726
 1075918.703222727
 1078079.006119728
 1080239.309016728
 1082399.611913729
 1084559.914810729
 1086720.21770773
 1088880.52060473
 1091040.823501731
 1093201.126398731
 1095361.429295732
 1097521.732192732
 1099682.035089733
 1101842.337986734
 1104002.640883734
 1106162.943780734
 1108323.246677735
 1110483.549574736
 1112643.852471736
 1114804.155368737
 1116964.458265737
 1119124.761162738
 1121285.064059738
 1123445.366956739
 1125605.669853739
 1127765.97275074
 1129926.27564774
 1132086.578544741
 1134246.881441741
 1136407.184338742
 1138567.487235743
 1140727.790132743
 1142888.093029744
 1145048.395926744


# name: QUERY
# type: sq_string
# elements: 1
# length: 2
R3


# name: DATASIZE
# type: sq_string
# elements: 1
# length: 4
1000


