# Created by Octave 4.0.0, Mon May 23 11:56:15 2016 CEST <peter@Independence>
# name: SVs
# type: cell
# rows: 1
# columns: 7
# name: <cell-element>
# type: sparse matrix
# nnz: 56
# rows: 8
# columns: 7
1 1 -0.3683014746117623
2 1 -1.687712166418825
3 1 1.29808227109612
4 1 0.1612889760789621
5 1 0.009107812087374639
6 1 -0.8994137369424025
7 1 1.322431257334774
8 1 1.576573801200726
1 2 1.363662760733748
2 2 -0.6353157701610874
3 2 1.052498507847175
4 2 1.443176624333384
5 2 -0.7842717413044046
6 2 1.591072410628706
7 2 -0.404195473298147
8 2 0.973514736671537
1 3 2.715816920786017
2 3 0.3494143407775528
3 3 0.7836979603296681
4 3 -0.5014270363041424
5 3 2.715816920786017
6 3 -0.6609597945069602
7 3 -0.9622994488900606
8 3 0.003760031338114163
1 4 2.216005417035474
2 4 -0.5089384931870117
3 4 -0.4592492320178656
4 4 -0.335974347437923
5 4 1.931524914158683
6 4 -0.6405581391846735
7 4 -0.4873179749683756
8 4 -0.4615250760408799
1 5 -0.9846213524067272
2 5 -0.2449706908569157
3 5 -0.1178903500548223
4 5 0.3090134388769559
5 5 -0.7110755340700177
6 5 0.02900590829607208
7 5 1.676742530560503
8 5 0.6351145167996158
1 6 -0.9991225828697662
2 6 -0.07482941468023019
3 6 -0.8886723208573931
4 6 -0.8924661475708338
5 6 -0.04704915881674793
6 6 1.278944255400298
7 6 -0.6936202597444481
8 6 -0.8129996980668143
1 7 -1.159170837519139
2 7 0.1375287434344756
3 7 -1.159170837519139
4 7 -0.6404910051376929
5 7 0.1375287434344756
6 7 1.434228324388089
7 7 -1.159170837519139
8 7 -0.6404910051376929



# name: <cell-element>
# type: sparse matrix
# nnz: 168
# rows: 24
# columns: 7
1 1 -0.3256907486941177
2 1 0.1947688321571113
3 1 -1.054638524213822
4 1 0.1232436850810652
5 1 0.1080255686819065
6 1 -0.3683014746117623
7 1 -1.687712166418825
8 1 -0.6239658301176292
9 1 0.6908794267696864
10 1 -1.330086431038595
11 1 0.4930439135806228
12 1 -0.1324206704248017
13 1 0.4823912321012117
14 1 1.29808227109612
15 1 -0.1963367593012684
16 1 -0.8370194597058516
17 1 1.973766639218769
18 1 -0.2724273412970621
19 1 -0.8994137369424025
20 1 0.9785018267137867
21 1 0.7867535600843866
22 1 -0.3409088650932765
23 1 1.576573801200726
24 1 -0.383519591010921
1 2 1.646732115148451
2 2 -0.7720796155524605
3 2 0.5637532929214155
4 2 -0.1216562113074423
5 2 -0.3225612400025212
6 2 1.363662760733748
7 2 -0.6353157701610874
8 2 -0.8563643109680741
9 2 -0.4375912960099939
10 2 -0.4566746232739064
11 2 -1.385926642541646
12 2 -1.674296921196324
13 2 2.295035149697479
14 2 1.052498507847175
15 2 0.02782985225987242
16 2 0.2552395021548299
17 2 1.429924313733445
18 2 -0.9454198381996658
19 2 1.591072410628706
20 2 0.3024177278906136
21 2 -1.08854479267901
22 2 0.1900381340031288
23 2 0.973514736671537
24 2 -0.5563319989854496
1 3 2.370162611346579
2 3 -0.5989192774280866
3 3 0.7925608913409358
4 3 0.5266729610029061
5 3 0.0392117553831848
6 3 2.715816920786017
7 3 0.3494143407775528
8 3 -0.3418942781013245
9 3 -0.3862089331576628
10 3 -1.316816689340767
11 3 0.08352641043952309
12 3 0.7216574432507945
13 3 -1.485212378554853
14 3 0.7836979603296681
15 3 -0.08486927877456242
16 3 0.7039315812282592
17 3 0.2519220996536086
18 3 -0.3773460021463951
19 3 -0.6609597945069602
20 3 0.2076074445972703
21 3 0.1012522724620584
22 3 -0.2444020369773803
23 3 0.003760031338114163
24 3 -1.19273565518302
1 4 2.167074770540666
2 4 -0.5650759790880318
3 4 -0.4213184983009602
4 4 -0.2438026645058428
5 4 -0.5984550247589085
6 4 2.216005417035474
7 4 -0.5089384931870117
8 4 -0.4436976311939344
9 4 2.405279778282832
10 4 -0.6272823823837567
11 4 -0.5263866306967883
12 4 2.399210860888127
13 4 -0.5199384059649143
14 4 -0.4592492320178656
15 4 -0.5654552864252008
16 4 2.217901953721319
17 4 -0.4228357276496364
18 4 -0.3488707969016708
19 4 -0.6405581391846735
20 4 -0.3799739985495333
21 4 -0.4281460303700032
22 4 -0.5028695757923068
23 4 -0.4615250760408799
24 4 -0.4133530442204101
1 5 0.3055671923467296
2 5 -0.4138367708380026
3 5 0.1685788927702357
4 5 -0.1971540202500263
5 5 -0.274263786363839
6 5 -0.9846213524067272
7 5 -0.2449706908569157
8 5 0.4589251629417982
9 5 -0.8006779438559005
10 5 0.4416939302906669
11 5 -0.2557402112638728
12 5 0.08414585277969228
13 5 0.3120289045909038
14 5 -0.1178903500548223
15 5 0.7492714331133609
16 5 -1.391278442973426
17 5 0.06691462012856096
18 5 -0.9716979279183787
19 5 0.02900590829607208
20 5 -0.4263294145100728
21 5 -0.6955674246839995
22 5 0.00186671687054027
23 5 0.6351145167996158
24 5 -0.3285421692149026
1 6 1.620587204996652
2 6 -0.9450323802226923
3 6 -0.9420059045983918
4 6 -0.009202115238393607
5 6 1.555335531962087
6 6 -0.9991225828697662
7 6 -0.07482941468023019
8 6 0.05988094715033936
9 6 -0.9288965429846219
10 6 1.624423960442352
11 6 0.0229515052240336
12 6 1.649000659660963
13 6 -0.8523438811827215
14 6 -0.8886723208573931
15 6 -0.8673743035651078
16 6 -0.1215573397447856
17 6 0.1056215113729244
18 6 -1.012323168039588
19 6 1.278944255400298
20 6 -0.9241260876122758
21 6 -0.9362427222925429
22 6 1.567055075868953
23 6 -0.8129996980668143
24 6 1.548295219871515
1 7 1.434228324388089
2 7 -0.6404910051376929
3 7 -1.159170837519139
4 7 0.1375287434344756
5 7 1.434228324388089
6 7 -1.159170837519139
7 7 0.1375287434344756
8 7 0.1375287434344756
9 7 -0.6404910051376929
10 7 1.434228324388089
11 7 0.1375287434344756
12 7 1.434228324388089
13 7 -1.159170837519139
14 7 -1.159170837519139
15 7 -1.159170837519139
16 7 0.1375287434344756
17 7 0.1375287434344756
18 7 -0.6404910051376929
19 7 1.434228324388089
20 7 -0.6404910051376929
21 7 -0.6404910051376929
22 7 1.434228324388089
23 7 -0.6404910051376929
24 7 1.434228324388089



# name: <cell-element>
# type: sparse matrix
# nnz: 84
# rows: 12
# columns: 7
1 1 -0.3256907486941177
2 1 0.1947688321571113
3 1 0.1080255686819065
4 1 -0.3683014746117623
5 1 -0.1324206704248017
6 1 -0.2465565434184923
7 1 1.973766639218769
8 1 -0.01524117415127935
9 1 -0.2724273412970621
10 1 -0.8994137369424025
11 1 0.9785018267137867
12 1 -0.3409088650932765
1 2 1.646732115148451
2 2 -0.7720796155524605
3 2 -0.3225612400025212
4 2 1.363662760733748
5 2 -1.674296921196324
6 2 -0.6538690050010024
7 2 1.429924313733445
8 2 1.160107269918682
9 2 -0.9454198381996658
10 2 1.591072410628706
11 2 0.3024177278906136
12 2 0.1900381340031288
1 3 2.370162611346579
2 3 -0.5989192774280866
3 3 0.0392117553831848
4 3 2.715816920786017
5 3 0.7216574432507945
6 3 1.864975543704323
7 3 0.2519220996536086
8 3 0.5266729610029061
9 3 -0.3773460021463951
10 3 -0.6609597945069602
11 3 0.2076074445972703
12 3 -0.2444020369773803
1 4 2.167074770540666
2 4 -0.5650759790880318
3 4 -0.5984550247589085
4 4 2.216005417035474
5 4 2.399210860888127
6 4 2.405659085620001
7 4 -0.4228357276496364
8 4 -0.09170042230105205
9 4 -0.3488707969016708
10 4 -0.6405581391846735
11 4 -0.3799739985495333
12 4 -0.5028695757923068
1 5 0.3055671923467296
2 5 -0.4138367708380026
3 5 -0.274263786363839
4 5 -0.9846213524067272
5 5 0.08414585277969228
6 5 0.07036086665878723
7 5 0.06691462012856096
8 5 -0.8308326009953803
9 5 -0.9716979279183787
10 5 0.02900590829607208
11 5 -0.4263294145100728
12 5 0.00186671687054027
1 6 1.620587204996652
2 6 -0.9450323802226923
3 6 1.555335531962087
4 6 -0.9991225828697662
5 6 1.649000659660963
6 6 1.591293711321019
7 6 0.1056215113729244
8 6 -0.9949316653829244
9 6 -1.012323168039588
10 6 1.278944255400298
11 6 -0.9241260876122758
12 6 1.567055075868953
1 7 1.434228324388089
2 7 -0.6404910051376929
3 7 1.434228324388089
4 7 -1.159170837519139
5 7 1.434228324388089
6 7 1.434228324388089
7 7 0.1375287434344756
8 7 -0.6404910051376929
9 7 -0.6404910051376929
10 7 1.434228324388089
11 7 -0.6404910051376929
12 7 1.434228324388089



