# Created by Octave 3.8.2, Wed May 18 09:25:25 2016 CEST <Andrea@Andreas-MacBook-Pro.local>
# name: SVs
# type: cell
# rows: 1
# columns: 7
# name: <cell-element>
# type: sparse matrix
# nnz: 56
# rows: 8
# columns: 7
1 1 -0.3256907486941177
2 1 0.8871931283188342
3 1 -0.01524117415127935
4 1 0.7867535600843866
5 1 0.733490152687331
6 1 1.75919119799063
7 1 0.6908794267696864
8 1 -0.1339424820647176
1 2 1.646732115148451
2 2 1.286799359254101
3 2 1.160107269918682
4 2 -1.08854479267901
5 2 -0.5881375444253037
6 2 0.1338483370593864
7 2 -0.4375912960099939
8 2 0.2149524779310146
1 3 2.370162611346579
2 3 -0.5811934154055513
3 3 0.5266729610029061
4 3 0.1012522724620584
5 3 -1.538389964622458
6 3 -1.387720137430908
7 3 -0.3862089331576628
8 3 -0.7761778976534398
1 4 2.167074770540666
2 4 -0.566593208436708
3 4 -0.09170042230105205
4 4 -0.4281460303700032
5 4 -0.5536967589729601
6 4 -0.5009730391064616
7 4 2.405279778282832
8 4 -0.5768345065402725
1 5 0.3055671923467296
2 5 2.795049529618926
3 5 -0.8308326009953803
4 5 -0.6955674246839995
5 5 -0.7735387524303686
6 5 0.4024928760093432
7 5 -0.8006779438559005
8 5 -0.3496504292125384
1 6 1.620587204996652
2 6 -0.6288676332224005
3 6 -0.9949316653829244
4 6 -0.9362427222925429
5 6 -0.9425371476601041
6 6 -0.8029973034503316
7 6 -0.9288965429846219
8 6 1.534885357131928
1 7 1.434228324388089
2 7 -0.6404910051376929
3 7 -0.6404910051376929
4 7 -0.6404910051376929
5 7 -1.159170837519139
6 7 -1.159170837519139
7 7 -0.6404910051376929
8 7 1.434228324388089



# name: <cell-element>
# type: sparse matrix
# nnz: 161
# rows: 23
# columns: 7
1 1 0.4823912321012117
2 1 -0.3256907486941177
3 1 0.4930439135806228
4 1 -0.5159172036836021
5 1 -1.054638524213822
6 1 -0.01524117415127935
7 1 -0.2815582111365574
8 1 0.3530372427083623
9 1 -0.2465565434184923
10 1 0.1080255686819065
11 1 0.733490152687331
12 1 -0.674185614234853
13 1 1.75919119799063
14 1 0.1612889760789621
15 1 -0.2100330640605113
16 1 -0.3409088650932765
17 1 0.6908794267696864
18 1 -1.687712166418825
19 1 0.1947688321571113
20 1 -0.3119944439348749
21 1 -0.1963367593012684
22 1 -0.6239658301176292
23 1 0.9785018267137867
1 2 2.295035149697479
2 2 1.646732115148451
3 2 -1.385926642541646
4 2 1.038716104823238
5 2 0.5637532929214155
6 2 1.160107269918682
7 2 1.139433665382776
8 2 0.3384640127224484
9 2 -0.6538690050010024
10 2 -0.3225612400025212
11 2 -0.5881375444253037
12 2 -0.5208158065776124
13 2 0.1338483370593864
14 2 1.443176624333384
15 2 -0.9427693760796779
16 2 0.1900381340031288
17 2 -0.4375912960099939
18 2 -0.6353157701610874
19 2 -0.7720796155524605
20 2 1.681188122708293
21 2 0.02782985225987242
22 2 -0.8563643109680741
23 2 0.3024177278906136
1 3 -1.485212378554853
2 3 2.370162611346579
3 3 0.08352641043952309
4 3 -0.0671434167520271
5 3 0.7925608913409358
6 3 0.5266729610029061
7 3 1.262296234938122
8 3 1.147078131791642
9 3 1.864975543704323
10 3 0.0392117553831848
11 3 -1.538389964622458
12 3 0.8191496843747388
13 3 -1.387720137430908
14 3 -0.5014270363041424
15 3 -2.016988239230912
16 3 -0.2444020369773803
17 3 -0.3862089331576628
18 3 0.3494143407775528
19 3 -0.5989192774280866
20 3 0.7305203742620622
21 3 -0.08486927877456242
22 3 -0.3418942781013245
23 3 0.2076074445972703
1 4 -0.5199384059649143
2 4 2.167074770540666
3 4 -0.5263866306967883
4 4 -0.5305590114056479
5 4 -0.4213184983009602
6 4 -0.09170042230105205
7 4 -0.4008359020938312
8 4 -0.5499036856012696
9 4 2.405659085620001
10 4 -0.5984550247589085
11 4 -0.5536967589729601
12 4 -0.573420740505751
13 4 -0.5009730391064616
14 4 -0.335974347437923
15 4 -0.5696276671340604
16 4 -0.5028695757923068
17 4 2.405279778282832
18 4 -0.5089384931870117
19 4 -0.5650759790880318
20 4 -0.2741472514793671
21 4 -0.5654552864252008
22 4 -0.4436976311939344
23 4 -0.3799739985495333
1 5 0.3120289045909038
2 5 0.3055671923467296
3 5 -0.2557402112638728
4 5 0.1267931535912423
5 5 0.1685788927702357
6 5 -0.8308326009953803
7 5 4.533680904118075
8 5 0.3697535339721937
9 5 0.07036086665878723
10 5 -0.274263786363839
11 5 -0.7735387524303686
12 5 -0.3315576349288505
13 5 0.4024928760093432
14 5 0.3090134388769559
15 5 -0.6843671234607641
16 5 0.00186671687054027
17 5 -0.8006779438559005
18 5 -0.2449706908569157
19 5 -0.4138367708380026
20 5 -0.0661966521014284
21 5 0.7492714331133609
22 5 0.4589251629417982
23 5 -0.4263294145100728
1 6 -0.8523438811827215
2 6 1.620587204996652
3 6 0.0229515052240336
4 6 0.001170539693827988
5 6 -0.9420059045983918
6 6 -0.9949316653829244
7 6 -0.5389587695962377
8 6 0.06802130800506266
9 6 1.591293711321019
10 6 1.555335531962087
11 6 -0.9425371476601041
12 6 1.510297925730252
13 6 -0.8029973034503316
14 6 -0.8924661475708338
15 6 -0.9519922009402771
16 6 1.567055075868953
17 6 -0.9288965429846219
18 6 -0.07482941468023019
19 6 -0.9450323802226923
20 6 0.009868974067925869
21 6 -0.8673743035651078
22 6 0.05988094715033936
23 6 -0.9241260876122758
1 7 -1.159170837519139
2 7 1.434228324388089
3 7 0.1375287434344756
4 7 0.1375287434344756
5 7 -1.159170837519139
6 7 -0.6404910051376929
7 7 -1.159170837519139
8 7 0.1375287434344756
9 7 1.434228324388089
10 7 1.434228324388089
11 7 -1.159170837519139
12 7 1.434228324388089
13 7 -1.159170837519139
14 7 -0.6404910051376929
15 7 -0.6404910051376929
16 7 1.434228324388089
17 7 -0.6404910051376929
18 7 0.1375287434344756
19 7 -0.6404910051376929
20 7 0.1375287434344756
21 7 -1.159170837519139
22 7 0.1375287434344756
23 7 -0.6404910051376929



