# Created by Octave 3.8.2, Wed May 18 09:25:16 2016 CEST <Andrea@Andreas-MacBook-Pro.local>
# name: mu
# type: matrix
# rows: 1
# columns: 8
 1020512.060606061 42647.01515151515 86957.5 3185.575757575758 6611.757575757576 46403.66666666666 813421.8636363636 0.0120580808080808


# name: sigma
# type: matrix
# rows: 1
# columns: 8
 218997.6370434431 657.1115463772375 1886.463482082484 112.8294915901608 2636.384540999026 2321.366138444763 186355.3750347303 0.003213286043944298


