# Created by Octave 3.8.2, Wed May 18 09:25:30 2016 CEST <Andrea@Andreas-MacBook-Pro.local>
# name: x
# type: matrix
# rows: 1
# columns: 100
 0.008333333333333333 0.008417508417508417 0.008501683501683501 0.008585858585858586 0.00867003367003367 0.008754208754208754 0.008838383838383838 0.008922558922558922 0.009006734006734006 0.00909090909090909 0.009175084175084175 0.009259259259259259 0.009343434343434343 0.009427609427609427 0.009511784511784511 0.009595959595959595 0.009680134680134679 0.009764309764309764 0.009848484848484848 0.009932659932659932 0.01001683501683502 0.0101010101010101 0.01018518518518518 0.01026936026936027 0.01035353535353535 0.01043771043771044 0.01052188552188552 0.01060606060606061 0.01069023569023569 0.01077441077441077 0.01085858585858586 0.01094276094276094 0.01102693602693603 0.01111111111111111 0.0111952861952862 0.01127946127946128 0.01136363636363636 0.01144781144781145 0.01153198653198653 0.01161616161616162 0.0117003367003367 0.01178451178451178 0.01186868686868687 0.01195286195286195 0.01203703703703704 0.01212121212121212 0.01220538720538721 0.01228956228956229 0.01237373737373737 0.01245791245791246 0.01254208754208754 0.01262626262626263 0.01271043771043771 0.01279461279461279 0.01287878787878788 0.01296296296296296 0.01304713804713805 0.01313131313131313 0.01321548821548822 0.0132996632996633 0.01338383838383838 0.01346801346801347 0.01355218855218855 0.01363636363636364 0.01372053872053872 0.0138047138047138 0.01388888888888889 0.01397306397306397 0.01405723905723906 0.01414141414141414 0.01422558922558923 0.01430976430976431 0.01439393939393939 0.01447811447811448 0.01456228956228956 0.01464646464646465 0.01473063973063973 0.01481481481481482 0.0148989898989899 0.01498316498316498 0.01506734006734007 0.01515151515151515 0.01523569023569024 0.01531986531986532 0.0154040404040404 0.01548821548821549 0.01557239057239057 0.01565656565656566 0.01574074074074074 0.01582491582491583 0.01590909090909091 0.01599326599326599 0.01607744107744108 0.01616161616161616 0.01624579124579125 0.01632996632996633 0.01641414141414142 0.0164983164983165 0.01658249158249158 0.01666666666666667


# name: y
# type: matrix
# rows: 100
# columns: 1
 976674.6895829515
 977638.0162134826
 978557.8102395016
 979435.0781952171
 980270.826614837
 981066.0620325701
 981821.7909826246
 982539.0199992089
 983218.7556165312
 983862.0043688002
 984469.7727902241
 985043.0674150111
 985582.8947773698
 986090.2614115085
 986566.1738516357
 987011.6386319596
 987427.6622866886
 987815.251350031
 988175.4123561954
 988509.15183939
 988817.4763338233
 989101.3923737034
 989361.906493239
 989600.0252266383
 989816.7551081097
 990013.1026718615
 990190.0744521022
 990348.6769830402
 990489.9167988836
 990614.8004338411
 990724.3344221208
 990819.5252979314
 990901.379595481
 990970.903848978
 991029.1045926308
 991076.9883606478
 991115.5616872374
 991145.8311066079
 991168.8031529677
 991185.4843605253
 991196.8812634888
 991204.0003960667
 991207.8482924674
 991209.4314868994
 991209.7565135709
 991209.8299066902
 991210.6582004658
 991213.2479291061
 991218.6056268194
 991227.7378278142
 991241.6510662986
 991261.3518764812
 991287.8467925703
 991322.1423487744
 991365.2450793016
 991418.1615183605
 991481.8982001594
 991557.4616589067
 991645.8584288106
 991748.0950440797
 991865.1780389223
 991998.1139475467
 992147.9093041613
 992315.5706429747
 992502.1044981949
 992708.5174040304
 992935.8158946898
 993185.0065043811
 993457.0957673129
 993753.0902176936
 994073.9963897315
 994420.8208176349
 994794.5700356123
 995196.250577872
 995626.8689786224
 996087.4317720719
 996578.9454924287
 997102.4166739014
 997658.8518506982
 998249.2575570277
 998874.6403270981
 999536.0066951177
 1000234.363195295
 1000970.716361838
 1001746.072728956
 1002561.438830856
 1003417.821201748
 1004316.226375839
 1005257.660887338
 1006243.131270454
 1007273.644059394
 1008350.205788367
 1009473.822991581
 1010645.502203245
 1011866.249957567
 1013137.072788756
 1014458.97723102
 1015832.969818567
 1017260.057085605
 1018741.245566343


# name: QUERY
# type: sq_string
# elements: 1
# length: 2
R3


# name: DATASIZE
# type: sq_string
# elements: 1
# length: 4
1000


