# Created by Octave 3.8.2, Wed May 18 09:25:30 2016 CEST <Andrea@Andreas-MacBook-Pro.local>
# name: x
# type: matrix
# rows: 1
# columns: 100
 0.008333333333333333 0.008417508417508417 0.008501683501683501 0.008585858585858586 0.00867003367003367 0.008754208754208754 0.008838383838383838 0.008922558922558922 0.009006734006734006 0.00909090909090909 0.009175084175084175 0.009259259259259259 0.009343434343434343 0.009427609427609427 0.009511784511784511 0.009595959595959595 0.009680134680134679 0.009764309764309764 0.009848484848484848 0.009932659932659932 0.01001683501683502 0.0101010101010101 0.01018518518518518 0.01026936026936027 0.01035353535353535 0.01043771043771044 0.01052188552188552 0.01060606060606061 0.01069023569023569 0.01077441077441077 0.01085858585858586 0.01094276094276094 0.01102693602693603 0.01111111111111111 0.0111952861952862 0.01127946127946128 0.01136363636363636 0.01144781144781145 0.01153198653198653 0.01161616161616162 0.0117003367003367 0.01178451178451178 0.01186868686868687 0.01195286195286195 0.01203703703703704 0.01212121212121212 0.01220538720538721 0.01228956228956229 0.01237373737373737 0.01245791245791246 0.01254208754208754 0.01262626262626263 0.01271043771043771 0.01279461279461279 0.01287878787878788 0.01296296296296296 0.01304713804713805 0.01313131313131313 0.01321548821548822 0.0132996632996633 0.01338383838383838 0.01346801346801347 0.01355218855218855 0.01363636363636364 0.01372053872053872 0.0138047138047138 0.01388888888888889 0.01397306397306397 0.01405723905723906 0.01414141414141414 0.01422558922558923 0.01430976430976431 0.01439393939393939 0.01447811447811448 0.01456228956228956 0.01464646464646465 0.01473063973063973 0.01481481481481482 0.0148989898989899 0.01498316498316498 0.01506734006734007 0.01515151515151515 0.01523569023569024 0.01531986531986532 0.0154040404040404 0.01548821548821549 0.01557239057239057 0.01565656565656566 0.01574074074074074 0.01582491582491583 0.01590909090909091 0.01599326599326599 0.01607744107744108 0.01616161616161616 0.01624579124579125 0.01632996632996633 0.01641414141414142 0.0164983164983165 0.01658249158249158 0.01666666666666667


# name: y
# type: matrix
# rows: 100
# columns: 1
 952290.9165077955
 952167.0208468141
 952051.4274658404
 951943.7569166069
 951843.6386268295
 951750.7109002067
 951664.6209164198
 951585.0247311331
 951511.5872759938
 951443.9823586318
 951381.8926626599
 951325.0097476739
 951273.0340492522
 951225.6748789563
 951182.6504243305
 951143.6877489019
 951108.5227921803
 951076.9003696588
 951048.574172813
 951023.3067691014
 951000.8696019654
 950981.0429908294
 950963.6161311005
 950948.3870941685
 950935.1628274063
 950923.7591541698
 950914.0007737973
 950905.7212616105
 950898.7630689134
 950892.9775229932
 950888.22482712
 950884.3740605465
 950881.3031785085
 950878.8990122246
 950877.0572688961
 950875.6825317075
 950874.6882598256
 950873.9967884006
 950873.5393285654
 950873.2559674355
 950873.0956681097
 950873.0162696693
 950872.9844871786
 950872.9759116847
 950872.9750102177
 950872.9751257905
 950872.9784773985
 950872.9961600206
 950873.0481446182
 950873.1632781354
 950873.3792834994
 950873.7427596204
 950874.309181391
 950875.1428996872
 950876.3171413672
 950877.9140092728
 950880.0244822281
 950882.7484150403
 950886.1945384993
 950890.4804593782
 950895.7326604326
 950902.086500401
 950909.686214005
 950918.6849119489
 950929.2445809195
 950941.5360835872
 950955.7391586049
 950972.042420608
 950990.6433602154
 951011.7483440284
 951035.5726146311
 951062.3402905911
 951092.2843664582
 951125.6467127653
 951162.678076028
 951203.6380787451
 951248.7952193979
 951298.4268724507
 951352.8192883509
 951412.2675935281
 951477.0757903956
 951547.5567573491
 951624.0322487669
 951706.8328950106
 951796.2982024245
 951892.7765533359
 951996.6252060548
 952108.2102948739
 952227.9068300691
 952356.098697899
 952493.1786606051
 952639.5483564115
 952795.6182995256
 952961.8078801373
 953138.5453644196
 953326.2678945282
 953525.4214886017
 953736.4610407616
 953959.8503211122
 954196.0619757406


# name: QUERY
# type: sq_string
# elements: 1
# length: 2
R3


# name: DATASIZE
# type: sq_string
# elements: 1
# length: 4
1000


