# Created by Octave 3.8.2, Wed May 18 09:25:30 2016 CEST <Andrea@Andreas-MacBook-Pro.local>
# name: x
# type: matrix
# rows: 1
# columns: 100
 0.008333333333333333 0.008417508417508417 0.008501683501683501 0.008585858585858586 0.00867003367003367 0.008754208754208754 0.008838383838383838 0.008922558922558922 0.009006734006734006 0.00909090909090909 0.009175084175084175 0.009259259259259259 0.009343434343434343 0.009427609427609427 0.009511784511784511 0.009595959595959595 0.009680134680134679 0.009764309764309764 0.009848484848484848 0.009932659932659932 0.01001683501683502 0.0101010101010101 0.01018518518518518 0.01026936026936027 0.01035353535353535 0.01043771043771044 0.01052188552188552 0.01060606060606061 0.01069023569023569 0.01077441077441077 0.01085858585858586 0.01094276094276094 0.01102693602693603 0.01111111111111111 0.0111952861952862 0.01127946127946128 0.01136363636363636 0.01144781144781145 0.01153198653198653 0.01161616161616162 0.0117003367003367 0.01178451178451178 0.01186868686868687 0.01195286195286195 0.01203703703703704 0.01212121212121212 0.01220538720538721 0.01228956228956229 0.01237373737373737 0.01245791245791246 0.01254208754208754 0.01262626262626263 0.01271043771043771 0.01279461279461279 0.01287878787878788 0.01296296296296296 0.01304713804713805 0.01313131313131313 0.01321548821548822 0.0132996632996633 0.01338383838383838 0.01346801346801347 0.01355218855218855 0.01363636363636364 0.01372053872053872 0.0138047138047138 0.01388888888888889 0.01397306397306397 0.01405723905723906 0.01414141414141414 0.01422558922558923 0.01430976430976431 0.01439393939393939 0.01447811447811448 0.01456228956228956 0.01464646464646465 0.01473063973063973 0.01481481481481482 0.0148989898989899 0.01498316498316498 0.01506734006734007 0.01515151515151515 0.01523569023569024 0.01531986531986532 0.0154040404040404 0.01548821548821549 0.01557239057239057 0.01565656565656566 0.01574074074074074 0.01582491582491583 0.01590909090909091 0.01599326599326599 0.01607744107744108 0.01616161616161616 0.01624579124579125 0.01632996632996633 0.01641414141414142 0.0164983164983165 0.01658249158249158 0.01666666666666667


# name: y
# type: matrix
# rows: 100
# columns: 1
 953996.6131567786
 953948.2975699122
 953905.256157567
 953867.0179158807
 953833.1441180299
 953803.2268046874
 953776.8873106352
 953753.7748275336
 953733.5650028491
 953715.9585749366
 953700.6800442806
 953687.4763808908
 953676.1157678568
 953666.3863810577
 953658.0952050291
 953651.0668849876
 953645.1426150103
 953640.1790623725
 953636.0473280421
 953632.631943329
 953629.8299026943
 953627.5497327127
 953625.7105971944
 953624.2414384627
 953623.0801547879
 953622.1728139785
 953621.4729031293
 953620.9406145257
 953620.542167705
 953620.2491676743
 953620.0379992857
 953619.889257767
 953619.7872154105
 953619.7193244179
 953619.6757559016
 953619.6489750436
 953619.63335241
 953619.6248114236
 953619.6205119918
 953619.6185702924
 953619.6178147155
 953619.6175779621
 953619.6175253001
 953619.6175189761
 953619.6175187846
 953619.6175187936
 953619.617520227
 953619.6175405042
 953619.6176584356
 953619.6180955754
 953619.6193337308
 953619.6222686282
 953619.6283997365
 953619.6400562458
 953619.6606592046
 953619.6950198121
 953619.7496738684
 953619.8332523811
 953619.956888328
 953620.1346595774
 953620.3840679653
 953620.7265545278
 953621.188050892
 953621.7995668228
 953622.5978139262
 953623.6258655101
 953624.9338526011
 953626.5796961184
 953628.6298752042
 953631.1602317115
 953634.2568108476
 953638.0167379748
 953642.5491315686
 953647.976052331
 953654.4334884621
 953662.0723770875
 953671.0596618429
 953681.5793866148
 953693.8338254391
 953708.0446485549
 953724.4541246167
 953743.3263590618
 953764.9485686352
 953789.6323920714
 953817.7152369329
 953849.5616626041
 953885.5647994445
 953926.1478040961
 953971.7653509489
 954022.9051597631
 954080.0895594475
 954143.8770879947
 954214.8641285737
 954293.6865817787
 954381.021574034
 954477.5892021575
 954584.1543140784
 954701.5283257143
 954830.5710740028
 954972.1927060911


# name: QUERY
# type: sq_string
# elements: 1
# length: 2
R3


# name: DATASIZE
# type: sq_string
# elements: 1
# length: 4
1000


