# Created by Octave 4.0.0, Mon May 23 11:56:15 2016 CEST <peter@Independence>
# name: x
# type: matrix
# rows: 1
# columns: 100
 0.008333333333333333 0.008417508417508417 0.008501683501683501 0.008585858585858586 0.00867003367003367 0.008754208754208754 0.008838383838383838 0.008922558922558922 0.009006734006734006 0.00909090909090909 0.009175084175084175 0.009259259259259259 0.009343434343434343 0.009427609427609427 0.009511784511784511 0.009595959595959595 0.009680134680134679 0.009764309764309764 0.009848484848484848 0.009932659932659932 0.01001683501683502 0.0101010101010101 0.01018518518518518 0.01026936026936027 0.01035353535353535 0.01043771043771044 0.01052188552188552 0.01060606060606061 0.01069023569023569 0.01077441077441077 0.01085858585858586 0.01094276094276094 0.01102693602693603 0.01111111111111111 0.0111952861952862 0.01127946127946128 0.01136363636363636 0.01144781144781145 0.01153198653198653 0.01161616161616162 0.0117003367003367 0.01178451178451178 0.01186868686868687 0.01195286195286195 0.01203703703703704 0.01212121212121212 0.01220538720538721 0.01228956228956229 0.01237373737373737 0.01245791245791246 0.01254208754208754 0.01262626262626263 0.01271043771043771 0.01279461279461279 0.01287878787878788 0.01296296296296296 0.01304713804713805 0.01313131313131313 0.01321548821548822 0.0132996632996633 0.01338383838383838 0.01346801346801347 0.01355218855218855 0.01363636363636364 0.01372053872053872 0.0138047138047138 0.01388888888888889 0.01397306397306397 0.01405723905723906 0.01414141414141414 0.01422558922558923 0.01430976430976431 0.01439393939393939 0.01447811447811448 0.01456228956228956 0.01464646464646465 0.01473063973063973 0.01481481481481482 0.0148989898989899 0.01498316498316498 0.01506734006734007 0.01515151515151515 0.01523569023569024 0.01531986531986532 0.0154040404040404 0.01548821548821549 0.01557239057239057 0.01565656565656566 0.01574074074074074 0.01582491582491583 0.01590909090909091 0.01599326599326599 0.01607744107744108 0.01616161616161616 0.01624579124579125 0.01632996632996633 0.01641414141414142 0.0164983164983165 0.01658249158249158 0.01666666666666667


# name: y
# type: matrix
# rows: 100
# columns: 1
 948346.2141716996
 948076.5527900014
 947824.9614866283
 947590.6143848449
 947372.7049266702
 947170.4458728767
 946983.0693029914
 946809.8266152951
 946649.9885268228
 946502.8450733633
 946367.7056094597
 946243.8988084089
 946130.7726622622
 946027.6944818246
 945934.0508966553
 945849.2478550675
 945772.7106241283
 945703.8837896594
 945642.2312562356
 945587.2362471867
 945538.4013045959
 945495.2482893006
 945457.3183808925
 945424.172077717
 945395.3891968738
 945370.5688742164
 945349.3295643525
 945331.309040644
 945316.1643952064
 945303.5720389095
 945293.2277013774
 945284.8464309877
 945278.1625948724
 945272.9298789175
 945268.921287763
 945265.929144803
 945263.7650921855
 945262.2600908127
 945261.2644203407
 945260.6476791797
 945260.2987844942
 945260.125972202
 945260.056796976
 945260.0381322423
 945260.0361701814
 945260.0364217276
 945260.0437165697
 945260.08220315
 945260.1953486651
 945260.4459390659
 945260.9160790569
 945261.7071920967
 945262.9400203984
 945264.7546249283
 945267.3103854078
 945270.7860003114
 945275.3794868682
 945281.3081810612
 945288.8087376272
 945298.1371300576
 945309.5686505971
 945323.3979102452
 945339.9388387549
 945359.5246846335
 945382.5080151422
 945409.2607162963
 945440.1739928653
 945475.6583683724
 945516.1436850951
 945562.079104065
 945613.9331050673
 945672.1934866421
 945737.3673660825
 945809.9811794363
 945890.5806815053
 945979.7309458451
 946078.0163647656
 946186.0406493306
 946304.4268293577
 946433.8172534192
 946574.8735888407
 946728.2768217024
 946894.7272568382
 947074.9445178363
 947269.6675470386
 947479.6546055415
 947705.6832731951
 947948.5504486035
 948209.0723491251
 948488.0845108723
 948786.4417887112
 949105.0183562625
 949444.7077059004
 949806.4226487536
 950191.0953147046
 950599.6771523898
 951033.1389291999
 951492.4707312797
 951978.6819635277
 952492.8013495967


# name: QUERY
# type: sq_string
# elements: 1
# length: 2
R3


# name: DATASIZE
# type: sq_string
# elements: 1
# length: 4
1000


