# Created by Octave 4.0.0, Mon May 23 11:56:15 2016 CEST <peter@Independence>
# name: x
# type: matrix
# rows: 1
# columns: 100
 0.008333333333333333 0.008417508417508417 0.008501683501683501 0.008585858585858586 0.00867003367003367 0.008754208754208754 0.008838383838383838 0.008922558922558922 0.009006734006734006 0.00909090909090909 0.009175084175084175 0.009259259259259259 0.009343434343434343 0.009427609427609427 0.009511784511784511 0.009595959595959595 0.009680134680134679 0.009764309764309764 0.009848484848484848 0.009932659932659932 0.01001683501683502 0.0101010101010101 0.01018518518518518 0.01026936026936027 0.01035353535353535 0.01043771043771044 0.01052188552188552 0.01060606060606061 0.01069023569023569 0.01077441077441077 0.01085858585858586 0.01094276094276094 0.01102693602693603 0.01111111111111111 0.0111952861952862 0.01127946127946128 0.01136363636363636 0.01144781144781145 0.01153198653198653 0.01161616161616162 0.0117003367003367 0.01178451178451178 0.01186868686868687 0.01195286195286195 0.01203703703703704 0.01212121212121212 0.01220538720538721 0.01228956228956229 0.01237373737373737 0.01245791245791246 0.01254208754208754 0.01262626262626263 0.01271043771043771 0.01279461279461279 0.01287878787878788 0.01296296296296296 0.01304713804713805 0.01313131313131313 0.01321548821548822 0.0132996632996633 0.01338383838383838 0.01346801346801347 0.01355218855218855 0.01363636363636364 0.01372053872053872 0.0138047138047138 0.01388888888888889 0.01397306397306397 0.01405723905723906 0.01414141414141414 0.01422558922558923 0.01430976430976431 0.01439393939393939 0.01447811447811448 0.01456228956228956 0.01464646464646465 0.01473063973063973 0.01481481481481482 0.0148989898989899 0.01498316498316498 0.01506734006734007 0.01515151515151515 0.01523569023569024 0.01531986531986532 0.0154040404040404 0.01548821548821549 0.01557239057239057 0.01565656565656566 0.01574074074074074 0.01582491582491583 0.01590909090909091 0.01599326599326599 0.01607744107744108 0.01616161616161616 0.01624579124579125 0.01632996632996633 0.01641414141414142 0.0164983164983165 0.01658249158249158 0.01666666666666667


# name: y
# type: matrix
# rows: 100
# columns: 1
 937479.0348828775
 938367.0807246986
 939214.995891009
 940023.7082586993
 940794.1457046597
 941527.2361057808
 942223.9073389529
 942885.0872810665
 943511.703809012
 944104.6847996798
 944664.9581299603
 945193.4516767439
 945691.0933169211
 946158.8109273823
 946597.532385018
 947008.1855667183
 947391.698349374
 947748.9986098753
 948081.0142251127
 948388.6730719766
 948672.9030273574
 948934.6319681455
 949174.7877712315
 949394.2983135055
 949594.0914718581
 949775.0951231798
 949938.2371443609
 950084.4454122919
 950214.647803863
 950329.7721959651
 950430.746465488
 950518.4984893225
 950593.956144359
 950658.0473074878
 950711.6998555996
 950755.8416655844
 950791.4006143328
 950819.3045787353
 950840.4814356823
 950855.8590620641
 950866.3653347712
 950872.9281306941
 950876.4753267231
 950877.9347997487
 950878.2344266612
 950878.3020843511
 950879.0656497088
 950881.4529996249
 950886.3920109895
 950894.8105606931
 950907.6365256264
 950925.7977826794
 950950.2222087429
 950981.8376807071
 951021.5720754624
 951070.3532698994
 951129.1091409083
 951198.7675653796
 951280.2564202038
 951374.5035822713
 951482.4369284725
 951604.9843356977
 951743.0736808375
 951897.6328407823
 952069.5896924223
 952259.8721126482
 952469.4079783503
 952699.125166419
 952949.9515537446
 953222.8150172178
 953518.6434337288
 953838.3646801682
 954182.9066334262
 954553.1971703934
 954950.1641679602
 955374.7355030169
 955827.839052454
 956310.4026931619
 956823.354302031
 957367.6217559518
 957944.1329318146
 958553.81570651
 959197.5979569282
 959876.4075599598
 960591.1723924951
 961342.8203314246
 962132.2792536386
 962960.4770360277
 963828.3415554821
 964736.8006888925
 965686.782313149
 966679.2143051423
 967715.0245417627
 968795.1408999005
 969920.4912564462
 971092.0034882904
 972310.6054723234
 973577.2250854354
 974892.7902045172
 976258.2287064589


# name: QUERY
# type: sq_string
# elements: 1
# length: 2
R3


# name: DATASIZE
# type: sq_string
# elements: 1
# length: 4
1000


