# Created by Octave 4.0.0, Mon May 23 11:56:15 2016 CEST <peter@Independence>
# name: x
# type: matrix
# rows: 1
# columns: 100
 0.008333333333333333 0.008417508417508417 0.008501683501683501 0.008585858585858586 0.00867003367003367 0.008754208754208754 0.008838383838383838 0.008922558922558922 0.009006734006734006 0.00909090909090909 0.009175084175084175 0.009259259259259259 0.009343434343434343 0.009427609427609427 0.009511784511784511 0.009595959595959595 0.009680134680134679 0.009764309764309764 0.009848484848484848 0.009932659932659932 0.01001683501683502 0.0101010101010101 0.01018518518518518 0.01026936026936027 0.01035353535353535 0.01043771043771044 0.01052188552188552 0.01060606060606061 0.01069023569023569 0.01077441077441077 0.01085858585858586 0.01094276094276094 0.01102693602693603 0.01111111111111111 0.0111952861952862 0.01127946127946128 0.01136363636363636 0.01144781144781145 0.01153198653198653 0.01161616161616162 0.0117003367003367 0.01178451178451178 0.01186868686868687 0.01195286195286195 0.01203703703703704 0.01212121212121212 0.01220538720538721 0.01228956228956229 0.01237373737373737 0.01245791245791246 0.01254208754208754 0.01262626262626263 0.01271043771043771 0.01279461279461279 0.01287878787878788 0.01296296296296296 0.01304713804713805 0.01313131313131313 0.01321548821548822 0.0132996632996633 0.01338383838383838 0.01346801346801347 0.01355218855218855 0.01363636363636364 0.01372053872053872 0.0138047138047138 0.01388888888888889 0.01397306397306397 0.01405723905723906 0.01414141414141414 0.01422558922558923 0.01430976430976431 0.01439393939393939 0.01447811447811448 0.01456228956228956 0.01464646464646465 0.01473063973063973 0.01481481481481482 0.0148989898989899 0.01498316498316498 0.01506734006734007 0.01515151515151515 0.01523569023569024 0.01531986531986532 0.0154040404040404 0.01548821548821549 0.01557239057239057 0.01565656565656566 0.01574074074074074 0.01582491582491583 0.01590909090909091 0.01599326599326599 0.01607744107744108 0.01616161616161616 0.01624579124579125 0.01632996632996633 0.01641414141414142 0.0164983164983165 0.01658249158249158 0.01666666666666667


# name: y
# type: matrix
# rows: 100
# columns: 1
 953869.2605467674
 953819.5221501681
 953775.2132433275
 953735.8489521409
 953700.977630046
 953670.1793040249
 953643.0641578295
 953619.271052427
 953598.4660836672
 953580.3411771723
 953564.6127204462
 953551.0202322071
 953539.3250689411
 953529.3091686765
 953520.7738319803
 953513.5385401763
 953507.4398107848
 953502.3300901823
 953498.0766834847
 953494.560721651
 953491.6761658085
 953489.3288487993
 953487.435553949
 953485.923131056
 953484.727649603
 953483.79358919
 953483.0730671874
 953482.5251036133
 953482.1149232289
 953481.8132948586
 953481.5959079292
 953481.4427862323
 953481.3377389065
 953481.2678486427
 953481.2229971095
 953481.1954276019
 953481.1793449091
 953481.1705524055
 953481.166126363
 953481.164127484
 953481.1633496566
 953481.1631059312
 953481.1630517185
 953481.1630452083
 953481.1630450111
 953481.1630450203
 953481.163046496
 953481.1630673703
 953481.1631887746
 953481.1636387873
 953481.1649134043
 953481.1679347293
 953481.174246388
 953481.1862461612
 953481.2074558412
 953481.2428283086
 953481.2990918315
 953481.3851315856
 953481.5124083953
 953481.695414698
 953481.9521677276
 953482.3047399219
 953482.7798265489
 953483.4093505568
 953484.2311046447
 953485.289430554
 953486.6359355826
 953488.3302463198
 953490.4407996025
 953493.0456706941
 953496.2334386829
 953500.1040891038
 953504.7699537808
 953510.3566878909
 953517.0042842493
 953524.8681248165
 953534.120069427
 953544.9495817388
 953557.5648924049
 953572.1941994667
 953589.0869059676
 953608.514894789
 953630.7738407082
 953656.1845596767
 953685.0943953207
 953717.8786426629
 953754.9420090654
 953796.7201123954
 953843.6810164101
 953896.3268033658
 953955.1951838464
 954020.8611438137
 954093.9386288807
 954175.0822658042
 954264.9891212006
 954364.4004974824
 954474.1037660162
 954594.9342375023
 954727.7770695759
 954873.5692116298


# name: QUERY
# type: sq_string
# elements: 1
# length: 2
R3


# name: DATASIZE
# type: sq_string
# elements: 1
# length: 4
1000


