# Created by Octave 4.0.0, Mon May 23 11:56:15 2016 CEST <peter@Independence>
# name: x
# type: matrix
# rows: 1
# columns: 100
 0.008333333333333333 0.008417508417508417 0.008501683501683501 0.008585858585858586 0.00867003367003367 0.008754208754208754 0.008838383838383838 0.008922558922558922 0.009006734006734006 0.00909090909090909 0.009175084175084175 0.009259259259259259 0.009343434343434343 0.009427609427609427 0.009511784511784511 0.009595959595959595 0.009680134680134679 0.009764309764309764 0.009848484848484848 0.009932659932659932 0.01001683501683502 0.0101010101010101 0.01018518518518518 0.01026936026936027 0.01035353535353535 0.01043771043771044 0.01052188552188552 0.01060606060606061 0.01069023569023569 0.01077441077441077 0.01085858585858586 0.01094276094276094 0.01102693602693603 0.01111111111111111 0.0111952861952862 0.01127946127946128 0.01136363636363636 0.01144781144781145 0.01153198653198653 0.01161616161616162 0.0117003367003367 0.01178451178451178 0.01186868686868687 0.01195286195286195 0.01203703703703704 0.01212121212121212 0.01220538720538721 0.01228956228956229 0.01237373737373737 0.01245791245791246 0.01254208754208754 0.01262626262626263 0.01271043771043771 0.01279461279461279 0.01287878787878788 0.01296296296296296 0.01304713804713805 0.01313131313131313 0.01321548821548822 0.0132996632996633 0.01338383838383838 0.01346801346801347 0.01355218855218855 0.01363636363636364 0.01372053872053872 0.0138047138047138 0.01388888888888889 0.01397306397306397 0.01405723905723906 0.01414141414141414 0.01422558922558923 0.01430976430976431 0.01439393939393939 0.01447811447811448 0.01456228956228956 0.01464646464646465 0.01473063973063973 0.01481481481481482 0.0148989898989899 0.01498316498316498 0.01506734006734007 0.01515151515151515 0.01523569023569024 0.01531986531986532 0.0154040404040404 0.01548821548821549 0.01557239057239057 0.01565656565656566 0.01574074074074074 0.01582491582491583 0.01590909090909091 0.01599326599326599 0.01607744107744108 0.01616161616161616 0.01624579124579125 0.01632996632996633 0.01641414141414142 0.0164983164983165 0.01658249158249158 0.01666666666666667


# name: y
# type: matrix
# rows: 100
# columns: 1
 920504.9826721044
 919176.4021860608
 917878.1892539841
 916610.3438758741
 915372.8660517307
 914165.755781554
 912989.0130653441
 911842.6379031008
 910726.6302948244
 909640.9902405145
 908585.7177401714
 907560.812793795
 906566.2754013854
 905602.1055629423
 904668.3032784661
 903764.8685479566
 902891.8013714136
 902049.1017488375
 901236.7696802281
 900454.8051655854
 899703.2082049093
 898981.9787982
 898291.1169454574
 897630.6226466815
 897000.4959018723
 896400.7367110299
 895831.3450741541
 895292.320991245
 894783.6644623026
 894305.375487327
 893857.454066318
 893439.9001992758
 893052.7138862002
 892695.8951270914
 892369.4439219494
 892073.360270774
 891807.6441735652
 891572.2956303232
 891367.314641048
 891192.7012057394
 891048.4553243975
 890934.5769970224
 890851.0662236139
 890797.9230041722
 890775.1473386972
 890782.7392271889
 890820.6986696472
 890889.0256660724
 890987.7202164641
 891116.7823208226
 891276.2119791479
 891466.0091914398
 891686.1739576984
 891936.7062779238
 892217.6061521159
 892528.8735802746
 892870.5085624
 893242.5110984922
 893644.8811885511
 894077.6188325767
 894540.724030569
 895034.196782528
 895558.0370884538
 896112.2449483462
 896696.8203622053
 897311.7633300312
 897957.0738518237
 898632.7519275829
 899338.7975573089
 900075.2107410015
 900841.991478661
 901639.1397702871
 902466.6556158798
 903324.5390154393
 904212.7899689656
 905131.4084764585
 906080.394537918
 907059.7481533444
 908069.4693227375
 909109.5580460973
 910180.0143234237
 911280.8381547169
 912412.0295399767
 913573.5884792033
 914765.5149723967
 915987.8090195566
 917240.4706206834
 918523.4997757768
 919836.8964848369
 921180.6607478637
 922554.7925648573
 923959.2919358176
 925394.1588607444
 926859.3933396381
 928354.9953724985
 929880.9649593256
 931437.3021001193
 933024.0067948799
 934641.0790436071
 936288.518846301


# name: QUERY
# type: sq_string
# elements: 1
# length: 2
R3


# name: DATASIZE
# type: sq_string
# elements: 1
# length: 4
1000


