# Created by Octave 3.8.2, Wed May 18 09:25:30 2016 CEST <Andrea@Andreas-MacBook-Pro.local>
# name: x
# type: matrix
# rows: 1
# columns: 100
 0.008333333333333333 0.008417508417508417 0.008501683501683501 0.008585858585858586 0.00867003367003367 0.008754208754208754 0.008838383838383838 0.008922558922558922 0.009006734006734006 0.00909090909090909 0.009175084175084175 0.009259259259259259 0.009343434343434343 0.009427609427609427 0.009511784511784511 0.009595959595959595 0.009680134680134679 0.009764309764309764 0.009848484848484848 0.009932659932659932 0.01001683501683502 0.0101010101010101 0.01018518518518518 0.01026936026936027 0.01035353535353535 0.01043771043771044 0.01052188552188552 0.01060606060606061 0.01069023569023569 0.01077441077441077 0.01085858585858586 0.01094276094276094 0.01102693602693603 0.01111111111111111 0.0111952861952862 0.01127946127946128 0.01136363636363636 0.01144781144781145 0.01153198653198653 0.01161616161616162 0.0117003367003367 0.01178451178451178 0.01186868686868687 0.01195286195286195 0.01203703703703704 0.01212121212121212 0.01220538720538721 0.01228956228956229 0.01237373737373737 0.01245791245791246 0.01254208754208754 0.01262626262626263 0.01271043771043771 0.01279461279461279 0.01287878787878788 0.01296296296296296 0.01304713804713805 0.01313131313131313 0.01321548821548822 0.0132996632996633 0.01338383838383838 0.01346801346801347 0.01355218855218855 0.01363636363636364 0.01372053872053872 0.0138047138047138 0.01388888888888889 0.01397306397306397 0.01405723905723906 0.01414141414141414 0.01422558922558923 0.01430976430976431 0.01439393939393939 0.01447811447811448 0.01456228956228956 0.01464646464646465 0.01473063973063973 0.01481481481481482 0.0148989898989899 0.01498316498316498 0.01506734006734007 0.01515151515151515 0.01523569023569024 0.01531986531986532 0.0154040404040404 0.01548821548821549 0.01557239057239057 0.01565656565656566 0.01574074074074074 0.01582491582491583 0.01590909090909091 0.01599326599326599 0.01607744107744108 0.01616161616161616 0.01624579124579125 0.01632996632996633 0.01641414141414142 0.0164983164983165 0.01658249158249158 0.01666666666666667


# name: y
# type: matrix
# rows: 100
# columns: 1
 923537.2770313458
 922077.5351938515
 920651.1588840713
 919258.1481020052
 917898.5028476535
 916572.2231210157
 915279.3089220922
 914019.7602508828
 912793.5771073876
 911600.7594916065
 910441.3074035395
 909315.2208431868
 908222.4998105483
 907163.1443056238
 906137.1543284135
 905144.5298789174
 904185.2709571354
 903259.3775630676
 902366.849696714
 901507.6873580744
 900681.8905471491
 899889.4592639379
 899130.3935084408
 898404.693280658
 897712.3585805892
 897053.3894082346
 896427.7857635942
 895835.5476466679
 895276.6750574559
 894751.1679959579
 894259.026462174
 893800.2504561044
 893374.8399777489
 892982.7950271076
 892624.1156041805
 892298.8017089674
 892006.8533414686
 891748.2705016839
 891523.0531896134
 891331.201405257
 891172.7151486147
 891047.5944196866
 890955.8392184727
 890897.449544973
 890872.4253991873
 890880.7667811159
 890922.4736907586
 890997.5461281154
 891105.9840931864
 891247.7875859715
 891422.9566064709
 891631.4911546843
 891873.3912306119
 892148.6568342538
 892457.2879656097
 892799.2846246798
 893174.6468114641
 893583.3745259625
 894025.4677681751
 894500.9265381017
 895009.7508357426
 895551.9406610976
 896127.4960141669
 896736.4168949502
 897378.7033034477
 898054.3552396593
 898763.3727035852
 899505.7556952251
 900281.5042145792
 901090.6182616475
 901933.09783643
 902808.9429389265
 903718.1535691373
 904660.7297270622
 905636.6714127013
 906645.9786260545
 907688.6513671218
 908764.6896359033
 909874.0934323991
 911016.8627566089
 912192.9976085329
 913402.4979881711
 914645.3638955234
 915921.5953305898
 917231.1922933704
 918574.1547838652
 919950.4828020742
 921360.1763479972
 922803.2354216344
 924279.6600229859
 925789.4501520514
 927332.6058088311
 928909.126993325
 930519.013705533
 932162.2659454552
 933838.8837130915
 935548.8670084419
 937292.2158315065
 939068.9301822854
 940879.0100607784


# name: QUERY
# type: sq_string
# elements: 1
# length: 2
R3


# name: DATASIZE
# type: sq_string
# elements: 1
# length: 4
1000


