# Created by Octave 3.8.2, Wed May 18 09:25:30 2016 CEST <Andrea@Andreas-MacBook-Pro.local>
# name: x
# type: matrix
# rows: 1
# columns: 100
 0.008333333333333333 0.008417508417508417 0.008501683501683501 0.008585858585858586 0.00867003367003367 0.008754208754208754 0.008838383838383838 0.008922558922558922 0.009006734006734006 0.00909090909090909 0.009175084175084175 0.009259259259259259 0.009343434343434343 0.009427609427609427 0.009511784511784511 0.009595959595959595 0.009680134680134679 0.009764309764309764 0.009848484848484848 0.009932659932659932 0.01001683501683502 0.0101010101010101 0.01018518518518518 0.01026936026936027 0.01035353535353535 0.01043771043771044 0.01052188552188552 0.01060606060606061 0.01069023569023569 0.01077441077441077 0.01085858585858586 0.01094276094276094 0.01102693602693603 0.01111111111111111 0.0111952861952862 0.01127946127946128 0.01136363636363636 0.01144781144781145 0.01153198653198653 0.01161616161616162 0.0117003367003367 0.01178451178451178 0.01186868686868687 0.01195286195286195 0.01203703703703704 0.01212121212121212 0.01220538720538721 0.01228956228956229 0.01237373737373737 0.01245791245791246 0.01254208754208754 0.01262626262626263 0.01271043771043771 0.01279461279461279 0.01287878787878788 0.01296296296296296 0.01304713804713805 0.01313131313131313 0.01321548821548822 0.0132996632996633 0.01338383838383838 0.01346801346801347 0.01355218855218855 0.01363636363636364 0.01372053872053872 0.0138047138047138 0.01388888888888889 0.01397306397306397 0.01405723905723906 0.01414141414141414 0.01422558922558923 0.01430976430976431 0.01439393939393939 0.01447811447811448 0.01456228956228956 0.01464646464646465 0.01473063973063973 0.01481481481481482 0.0148989898989899 0.01498316498316498 0.01506734006734007 0.01515151515151515 0.01523569023569024 0.01531986531986532 0.0154040404040404 0.01548821548821549 0.01557239057239057 0.01565656565656566 0.01574074074074074 0.01582491582491583 0.01590909090909091 0.01599326599326599 0.01607744107744108 0.01616161616161616 0.01624579124579125 0.01632996632996633 0.01641414141414142 0.0164983164983165 0.01658249158249158 0.01666666666666667


# name: y
# type: matrix
# rows: 1
# columns: 100
 1015944.301426344 1016047.527622496 1016150.753818647 1016253.980014799 1016357.206210951 1016460.432407103 1016563.658603255 1016666.884799406 1016770.110995558 1016873.33719171 1016976.563387862 1017079.789584014 1017183.015780165 1017286.241976317 1017389.468172469 1017492.694368621 1017595.920564772 1017699.146760924 1017802.372957076 1017905.599153228 1018008.82534938 1018112.051545531 1018215.277741683 1018318.503937835 1018421.730133987 1018524.956330139 1018628.18252629 1018731.408722442 1018834.634918594 1018937.861114746 1019041.087310898 1019144.313507049 1019247.539703201 1019350.765899353 1019453.992095505 1019557.218291656 1019660.444487808 1019763.67068396 1019866.896880112 1019970.123076264 1020073.349272415 1020176.575468567 1020279.801664719 1020383.027860871 1020486.254057023 1020589.480253174 1020692.706449326 1020795.932645478 1020899.15884163 1021002.385037782 1021105.611233933 1021208.837430085 1021312.063626237 1021415.289822389 1021518.51601854 1021621.742214692 1021724.968410844 1021828.194606996 1021931.420803148 1022034.646999299 1022137.873195451 1022241.099391603 1022344.325587755 1022447.551783907 1022550.777980058 1022654.00417621 1022757.230372362 1022860.456568514 1022963.682764666 1023066.908960817 1023170.135156969 1023273.361353121 1023376.587549273 1023479.813745425 1023583.039941576 1023686.266137728 1023789.49233388 1023892.718530032 1023995.944726183 1024099.170922335 1024202.397118487 1024305.623314639 1024408.849510791 1024512.075706942 1024615.301903094 1024718.528099246 1024821.754295398 1024924.98049155 1025028.206687701 1025131.432883853 1025234.659080005 1025337.885276157 1025441.111472309 1025544.33766846 1025647.563864612 1025750.790060764 1025854.016256916 1025957.242453067 1026060.468649219 1026163.694845371


# name: QUERY
# type: sq_string
# elements: 1
# length: 2
R3


# name: DATASIZE
# type: sq_string
# elements: 1
# length: 4
1000


