# Created by Octave 3.8.2, Wed May 18 09:21:40 2016 CEST <Andrea@Andreas-MacBook-Pro.local>
# name: x
# type: matrix
# rows: 1
# columns: 100
 0.008333333333333333 0.008417508417508417 0.008501683501683501 0.008585858585858586 0.00867003367003367 0.008754208754208754 0.008838383838383838 0.008922558922558922 0.009006734006734006 0.00909090909090909 0.009175084175084175 0.009259259259259259 0.009343434343434343 0.009427609427609427 0.009511784511784513 0.009595959595959595 0.009680134680134679 0.009764309764309764 0.009848484848484848 0.009932659932659932 0.01001683501683502 0.0101010101010101 0.01018518518518519 0.01026936026936027 0.01035353535353535 0.01043771043771044 0.01052188552188552 0.01060606060606061 0.01069023569023569 0.01077441077441077 0.01085858585858586 0.01094276094276094 0.01102693602693603 0.01111111111111111 0.0111952861952862 0.01127946127946128 0.01136363636363636 0.01144781144781145 0.01153198653198653 0.01161616161616162 0.0117003367003367 0.01178451178451178 0.01186868686868687 0.01195286195286195 0.01203703703703704 0.01212121212121212 0.01220538720538721 0.01228956228956229 0.01237373737373737 0.01245791245791246 0.01254208754208754 0.01262626262626263 0.01271043771043771 0.01279461279461279 0.01287878787878788 0.01296296296296296 0.01304713804713805 0.01313131313131313 0.01321548821548822 0.0132996632996633 0.01338383838383838 0.01346801346801347 0.01355218855218855 0.01363636363636364 0.01372053872053872 0.0138047138047138 0.01388888888888889 0.01397306397306397 0.01405723905723906 0.01414141414141414 0.01422558922558922 0.01430976430976431 0.01439393939393939 0.01447811447811448 0.01456228956228956 0.01464646464646465 0.01473063973063973 0.01481481481481481 0.0148989898989899 0.01498316498316498 0.01506734006734007 0.01515151515151515 0.01523569023569024 0.01531986531986532 0.0154040404040404 0.01548821548821549 0.01557239057239057 0.01565656565656566 0.01574074074074074 0.01582491582491583 0.01590909090909091 0.01599326599326599 0.01607744107744108 0.01616161616161616 0.01624579124579124 0.01632996632996633 0.01641414141414141 0.0164983164983165 0.01658249158249158 0.01666666666666667


# name: y
# type: matrix
# rows: 100
# columns: 1
 73242.35594582136
 73234.07521213025
 73225.58573439695
 73216.89741294678
 73208.02045400272
 73198.96535638627
 73189.74289758757
 73180.36411922614
 73170.84031192509
 73161.18299962273
 73151.403923348
 73141.51502448619
 73131.52842756399
 73121.45642258348
 73111.31144693618
 73101.10606692958
 73090.85295895929
 73080.56489036148
 73070.25469998085
 73059.93527849062
 73049.61954850142
 73039.32044449702
 73029.05089263554
 73018.82379045484
 73008.65198652195
 72998.54826006608
 72988.52530063567
 72978.59568781959
 72968.77187107295
 72959.06614968802
 72949.49065295047
 72940.0573205211
 72930.7778830827
 72921.66384329172
 72912.72645707324
 72903.97671529793
 72895.42532587836
 72887.08269632159
 72878.95891677402
 72871.06374359323
 72863.40658348131
 72855.99647821177
 72848.84208998224
 72841.95168742278
 72835.33313228904
 72828.99386686756
 72822.94090211912
 72817.18080658464
 72811.71969607632
 72806.56322417487
 72801.71657355237
 72797.18444813801
 72792.97106614236
 72789.08015395411
 72785.51494092081
 72782.27815502361
 72779.37201945408
 72776.79825009873
 72774.55805393538
 72772.65212834321
 72771.08066132638
 72769.84333264921
 72768.93931587868
 72768.36728132842
 72768.12539989568
 72768.21134778195
 72768.62231208463
 72769.35499724647
 72770.40563234701
 72771.76997921836
 72773.44334136652
 72775.42057367718
 72777.69609288336
 72780.26388877105
 72783.11753609705
 72786.25020719209
 72789.65468522058
 72793.32337806752
 72797.24833282147
 72801.42125082134
 72805.83350323421
 72810.4761471297
 72815.339942016
 72820.41536680183
 72825.6926371477
 72831.16172316941
 72836.81236745611
 72842.63410336494
 72848.61627355372
 72854.74804871324
 72861.01844646024
 72867.4163503523
 72873.93052898606
 72880.54965513984
 72887.2623249225
 72894.05707689056
 72900.92241109563
 72907.84680802529
 72914.81874740083
 72921.82672679565


# name: QUERY
# type: sq_string
# elements: 1
# length: 2
R2


# name: DATASIZE
# type: sq_string
# elements: 1
# length: 3
500


