# Created by Octave 4.0.0, Mon May 23 11:55:19 2016 CEST <peter@Independence>
# name: x
# type: matrix
# rows: 1
# columns: 100
 0.008333333333333333 0.008417508417508417 0.008501683501683501 0.008585858585858586 0.00867003367003367 0.008754208754208754 0.008838383838383838 0.008922558922558922 0.009006734006734006 0.00909090909090909 0.009175084175084175 0.009259259259259259 0.009343434343434343 0.009427609427609427 0.009511784511784513 0.009595959595959595 0.009680134680134679 0.009764309764309764 0.009848484848484848 0.009932659932659932 0.01001683501683502 0.0101010101010101 0.01018518518518519 0.01026936026936027 0.01035353535353535 0.01043771043771044 0.01052188552188552 0.01060606060606061 0.01069023569023569 0.01077441077441077 0.01085858585858586 0.01094276094276094 0.01102693602693603 0.01111111111111111 0.0111952861952862 0.01127946127946128 0.01136363636363636 0.01144781144781145 0.01153198653198653 0.01161616161616162 0.0117003367003367 0.01178451178451178 0.01186868686868687 0.01195286195286195 0.01203703703703704 0.01212121212121212 0.01220538720538721 0.01228956228956229 0.01237373737373737 0.01245791245791246 0.01254208754208754 0.01262626262626263 0.01271043771043771 0.01279461279461279 0.01287878787878788 0.01296296296296296 0.01304713804713805 0.01313131313131313 0.01321548821548822 0.0132996632996633 0.01338383838383838 0.01346801346801347 0.01355218855218855 0.01363636363636364 0.01372053872053872 0.0138047138047138 0.01388888888888889 0.01397306397306397 0.01405723905723906 0.01414141414141414 0.01422558922558922 0.01430976430976431 0.01439393939393939 0.01447811447811448 0.01456228956228956 0.01464646464646465 0.01473063973063973 0.01481481481481481 0.0148989898989899 0.01498316498316498 0.01506734006734007 0.01515151515151515 0.01523569023569024 0.01531986531986532 0.0154040404040404 0.01548821548821549 0.01557239057239057 0.01565656565656566 0.01574074074074074 0.01582491582491583 0.01590909090909091 0.01599326599326599 0.01607744107744108 0.01616161616161616 0.01624579124579124 0.01632996632996633 0.01641414141414141 0.0164983164983165 0.01658249158249158 0.01666666666666667


# name: y
# type: matrix
# rows: 100
# columns: 1
 72770.45791835904
 72775.0501334915
 72779.50713821949
 72783.82047320406
 72787.98184880358
 72791.98315964587
 72795.81649895982
 72799.47417263669
 72802.94871299132
 72806.23289219462
 72809.31973534875
 72812.20253317736
 72814.87485430388
 72817.33055709154
 72819.56380101986
 72821.56905757313
 72823.34112061744
 72824.87511624368
 72826.16651205542
 72827.21112588127
 72828.00513389292
 72828.54507811087
 72828.82787328184
 72828.85081311234
 72828.61157584487
 72828.1082291645
 72827.3392344249
 72826.30345018435
 72825.00013504399
 72823.42894978175
 72821.58995877732
 72819.48363072459
 72817.11083862987
 72814.47285909597
 72811.57137089281
 72808.40845281817
 72804.98658085258
 72801.30862461419
 72797.37784312153
 72793.19787987268
 72788.77275725127
 72784.1068702716
 72779.20497967544
 72774.07220439576
 72768.71401340287
 72763.13621695047
 72757.34495723997
 72751.34669852284
 72745.14821666172
 72738.75658817217
 72732.1791787681
 72725.42363143491
 72718.49785405469
 72711.41000660982
 72704.16848799087
 72696.78192243644
 72689.25914563224
 72681.60919049858
 72673.84127269444
 72665.96477586796
 72657.98923668296
 72649.92432965151
 72641.77985180284
 72633.56570721902
 72625.29189146783
 72616.96847596337
 72608.6055922848
 72600.21341648368
 72591.8021534096
 72583.38202108449
 72574.96323515438
 72566.55599344848
 72558.1704606734
 72549.81675327109
 72541.50492446779
 72533.24494954079
 72525.04671132901
 72516.91998601308
 72508.87442918899
 72500.91956225931
 72493.06475916463
 72485.31923347697
 72477.69202587608
 72470.19199202827
 72462.82779088676
 72455.60787343085
 72448.54047186067
 72441.63358926277
 72434.89498976081
 72428.33218916433
 72421.9524461274
 72415.76275382783
 72409.76983217635
 72403.9801205637
 72398.39977115298
 72393.03464272252
 72387.89029506415
 72382.97198393999
 72378.2846565997
 72373.83294785938


# name: QUERY
# type: sq_string
# elements: 1
# length: 2
R2


# name: DATASIZE
# type: sq_string
# elements: 1
# length: 3
500


