# Created by Octave 3.8.2, Wed May 18 09:21:40 2016 CEST <Andrea@Andreas-MacBook-Pro.local>
# name: x
# type: matrix
# rows: 1
# columns: 100
 0.008333333333333333 0.008417508417508417 0.008501683501683501 0.008585858585858586 0.00867003367003367 0.008754208754208754 0.008838383838383838 0.008922558922558922 0.009006734006734006 0.00909090909090909 0.009175084175084175 0.009259259259259259 0.009343434343434343 0.009427609427609427 0.009511784511784513 0.009595959595959595 0.009680134680134679 0.009764309764309764 0.009848484848484848 0.009932659932659932 0.01001683501683502 0.0101010101010101 0.01018518518518519 0.01026936026936027 0.01035353535353535 0.01043771043771044 0.01052188552188552 0.01060606060606061 0.01069023569023569 0.01077441077441077 0.01085858585858586 0.01094276094276094 0.01102693602693603 0.01111111111111111 0.0111952861952862 0.01127946127946128 0.01136363636363636 0.01144781144781145 0.01153198653198653 0.01161616161616162 0.0117003367003367 0.01178451178451178 0.01186868686868687 0.01195286195286195 0.01203703703703704 0.01212121212121212 0.01220538720538721 0.01228956228956229 0.01237373737373737 0.01245791245791246 0.01254208754208754 0.01262626262626263 0.01271043771043771 0.01279461279461279 0.01287878787878788 0.01296296296296296 0.01304713804713805 0.01313131313131313 0.01321548821548822 0.0132996632996633 0.01338383838383838 0.01346801346801347 0.01355218855218855 0.01363636363636364 0.01372053872053872 0.0138047138047138 0.01388888888888889 0.01397306397306397 0.01405723905723906 0.01414141414141414 0.01422558922558922 0.01430976430976431 0.01439393939393939 0.01447811447811448 0.01456228956228956 0.01464646464646465 0.01473063973063973 0.01481481481481481 0.0148989898989899 0.01498316498316498 0.01506734006734007 0.01515151515151515 0.01523569023569024 0.01531986531986532 0.0154040404040404 0.01548821548821549 0.01557239057239057 0.01565656565656566 0.01574074074074074 0.01582491582491583 0.01590909090909091 0.01599326599326599 0.01607744107744108 0.01616161616161616 0.01624579124579124 0.01632996632996633 0.01641414141414141 0.0164983164983165 0.01658249158249158 0.01666666666666667


# name: y
# type: matrix
# rows: 100
# columns: 1
 72908.02613640155
 72904.18405472253
 72900.3419730435
 72896.49989136448
 72892.65780968545
 72888.81572800643
 72884.97364632742
 72881.13156464839
 72877.28948296937
 72873.44740129034
 72869.60531961132
 72865.7632379323
 72861.92115625327
 72858.07907457426
 72854.23699289522
 72850.39491121621
 72846.55282953718
 72842.71074785816
 72838.86866617914
 72835.02658450011
 72831.1845028211
 72827.34242114206
 72823.50033946305
 72819.65825778403
 72815.816176105
 72811.97409442598
 72808.13201274695
 72804.28993106793
 72800.44784938892
 72796.60576770989
 72792.76368603087
 72788.92160435184
 72785.07952267282
 72781.23744099381
 72777.39535931477
 72773.55327763576
 72769.71119595673
 72765.86911427771
 72762.02703259868
 72758.18495091966
 72754.34286924065
 72750.50078756161
 72746.6587058826
 72742.81662420357
 72738.97454252455
 72735.13246084552
 72731.2903791665
 72727.44829748748
 72723.60621580845
 72719.76413412944
 72715.92205245041
 72712.07997077139
 72708.23788909237
 72704.39580741334
 72700.55372573432
 72696.71164405529
 72692.86956237628
 72689.02748069726
 72685.18539901823
 72681.34331733921
 72677.50123566018
 72673.65915398116
 72669.81707230213
 72665.97499062312
 72662.1329089441
 72658.29082726507
 72654.44874558605
 72650.60666390702
 72646.764582228
 72642.92250054899
 72639.08041886995
 72635.23833719094
 72631.39625551191
 72627.55417383289
 72623.71209215386
 72619.87001047484
 72616.02792879583
 72612.18584711681
 72608.34376543778
 72604.50168375875
 72600.65960207973
 72596.81752040071
 72592.97543872168
 72589.13335704267
 72585.29127536363
 72581.44919368462
 72577.6071120056
 72573.76503032657
 72569.92294864755
 72566.08086696852
 72562.2387852895
 72558.39670361049
 72554.55462193146
 72550.71254025243
 72546.87045857342
 72543.02837689439
 72539.18629521538
 72535.34421353634
 72531.50213185733
 72527.6600501783


# name: QUERY
# type: sq_string
# elements: 1
# length: 2
R2


# name: DATASIZE
# type: sq_string
# elements: 1
# length: 3
500


