# Created by Octave 4.0.0, Mon May 23 11:55:19 2016 CEST <peter@Independence>
# name: x
# type: matrix
# rows: 1
# columns: 100
 0.008333333333333333 0.008417508417508417 0.008501683501683501 0.008585858585858586 0.00867003367003367 0.008754208754208754 0.008838383838383838 0.008922558922558922 0.009006734006734006 0.00909090909090909 0.009175084175084175 0.009259259259259259 0.009343434343434343 0.009427609427609427 0.009511784511784513 0.009595959595959595 0.009680134680134679 0.009764309764309764 0.009848484848484848 0.009932659932659932 0.01001683501683502 0.0101010101010101 0.01018518518518519 0.01026936026936027 0.01035353535353535 0.01043771043771044 0.01052188552188552 0.01060606060606061 0.01069023569023569 0.01077441077441077 0.01085858585858586 0.01094276094276094 0.01102693602693603 0.01111111111111111 0.0111952861952862 0.01127946127946128 0.01136363636363636 0.01144781144781145 0.01153198653198653 0.01161616161616162 0.0117003367003367 0.01178451178451178 0.01186868686868687 0.01195286195286195 0.01203703703703704 0.01212121212121212 0.01220538720538721 0.01228956228956229 0.01237373737373737 0.01245791245791246 0.01254208754208754 0.01262626262626263 0.01271043771043771 0.01279461279461279 0.01287878787878788 0.01296296296296296 0.01304713804713805 0.01313131313131313 0.01321548821548822 0.0132996632996633 0.01338383838383838 0.01346801346801347 0.01355218855218855 0.01363636363636364 0.01372053872053872 0.0138047138047138 0.01388888888888889 0.01397306397306397 0.01405723905723906 0.01414141414141414 0.01422558922558922 0.01430976430976431 0.01439393939393939 0.01447811447811448 0.01456228956228956 0.01464646464646465 0.01473063973063973 0.01481481481481481 0.0148989898989899 0.01498316498316498 0.01506734006734007 0.01515151515151515 0.01523569023569024 0.01531986531986532 0.0154040404040404 0.01548821548821549 0.01557239057239057 0.01565656565656566 0.01574074074074074 0.01582491582491583 0.01590909090909091 0.01599326599326599 0.01607744107744108 0.01616161616161616 0.01624579124579124 0.01632996632996633 0.01641414141414141 0.0164983164983165 0.01658249158249158 0.01666666666666667


# name: y
# type: matrix
# rows: 100
# columns: 1
 72945.11156335149
 72940.00842228411
 72934.90528121675
 72929.80214014938
 72924.69899908203
 72919.59585801467
 72914.49271694729
 72909.38957587996
 72904.28643481259
 72899.18329374524
 72894.0801526779
 72888.97701161052
 72883.87387054318
 72878.77072947579
 72873.66758840843
 72868.56444734108
 72863.4613062737
 72858.35816520636
 72853.255024139
 72848.15188307164
 72843.04874200426
 72837.94560093693
 72832.84245986956
 72827.7393188022
 72822.63617773482
 72817.53303666748
 72812.42989560011
 72807.32675453275
 72802.22361346539
 72797.12047239803
 72792.01733133067
 72786.91419026331
 72781.81104919595
 72776.70790812859
 72771.60476706123
 72766.50162599387
 72761.39848492651
 72756.29534385915
 72751.19220279179
 72746.08906172443
 72740.98592065707
 72735.88277958971
 72730.77963852235
 72725.67649745499
 72720.57335638763
 72715.47021532027
 72710.36707425291
 72705.26393318555
 72700.16079211819
 72695.05765105083
 72689.95450998346
 72684.85136891612
 72679.74822784874
 72674.6450867814
 72669.54194571404
 72664.43880464668
 72659.33566357932
 72654.23252251194
 72649.12938144458
 72644.02624037722
 72638.92309930986
 72633.8199582425
 72628.71681717515
 72623.61367610779
 72618.51053504043
 72613.40739397307
 72608.30425290571
 72603.20111183835
 72598.09797077099
 72592.99482970362
 72587.89168863626
 72582.78854756891
 72577.68540650155
 72572.58226543419
 72567.47912436682
 72562.37598329947
 72557.27284223211
 72552.16970116475
 72547.0665600974
 72541.96341903006
 72536.86027796268
 72531.75713689531
 72526.65399582795
 72521.5508547606
 72516.44771369323
 72511.34457262588
 72506.24143155852
 72501.13829049116
 72496.0351494238
 72490.93200835644
 72485.82886728908
 72480.7257262217
 72475.62258515434
 72470.519444087
 72465.41630301962
 72460.31316195226
 72455.2100208849
 72450.10687981757
 72445.00373875019
 72439.90059768283


# name: QUERY
# type: sq_string
# elements: 1
# length: 2
R2


# name: DATASIZE
# type: sq_string
# elements: 1
# length: 3
500


