# Created by Octave 4.0.0, Mon May 23 11:55:19 2016 CEST <peter@Independence>
# name: x
# type: matrix
# rows: 1
# columns: 100
 0.008333333333333333 0.008417508417508417 0.008501683501683501 0.008585858585858586 0.00867003367003367 0.008754208754208754 0.008838383838383838 0.008922558922558922 0.009006734006734006 0.00909090909090909 0.009175084175084175 0.009259259259259259 0.009343434343434343 0.009427609427609427 0.009511784511784513 0.009595959595959595 0.009680134680134679 0.009764309764309764 0.009848484848484848 0.009932659932659932 0.01001683501683502 0.0101010101010101 0.01018518518518519 0.01026936026936027 0.01035353535353535 0.01043771043771044 0.01052188552188552 0.01060606060606061 0.01069023569023569 0.01077441077441077 0.01085858585858586 0.01094276094276094 0.01102693602693603 0.01111111111111111 0.0111952861952862 0.01127946127946128 0.01136363636363636 0.01144781144781145 0.01153198653198653 0.01161616161616162 0.0117003367003367 0.01178451178451178 0.01186868686868687 0.01195286195286195 0.01203703703703704 0.01212121212121212 0.01220538720538721 0.01228956228956229 0.01237373737373737 0.01245791245791246 0.01254208754208754 0.01262626262626263 0.01271043771043771 0.01279461279461279 0.01287878787878788 0.01296296296296296 0.01304713804713805 0.01313131313131313 0.01321548821548822 0.0132996632996633 0.01338383838383838 0.01346801346801347 0.01355218855218855 0.01363636363636364 0.01372053872053872 0.0138047138047138 0.01388888888888889 0.01397306397306397 0.01405723905723906 0.01414141414141414 0.01422558922558922 0.01430976430976431 0.01439393939393939 0.01447811447811448 0.01456228956228956 0.01464646464646465 0.01473063973063973 0.01481481481481481 0.0148989898989899 0.01498316498316498 0.01506734006734007 0.01515151515151515 0.01523569023569024 0.01531986531986532 0.0154040404040404 0.01548821548821549 0.01557239057239057 0.01565656565656566 0.01574074074074074 0.01582491582491583 0.01590909090909091 0.01599326599326599 0.01607744107744108 0.01616161616161616 0.01624579124579124 0.01632996632996633 0.01641414141414141 0.0164983164983165 0.01658249158249158 0.01666666666666667


# name: y
# type: matrix
# rows: 1
# columns: 100
 72922.78485877378 72918.28433849981 72913.78381822584 72909.28329795187 72904.78277767792 72900.28225740395 72895.78173712998 72891.281216856 72886.78069658203 72882.28017630806 72877.77965603409 72873.27913576014 72868.77861548617 72864.2780952122 72859.77757493823 72855.27705466426 72850.77653439029 72846.27601411632 72841.77549384236 72837.27497356839 72832.77445329442 72828.27393302045 72823.77341274648 72819.27289247251 72814.77237219854 72810.27185192458 72805.77133165061 72801.27081137664 72796.77029110267 72792.2697708287 72787.76925055473 72783.26873028078 72778.76821000681 72774.26768973283 72769.76716945886 72765.26664918489 72760.76612891092 72756.26560863695 72751.765088363 72747.26456808903 72742.76404781506 72738.26352754109 72733.76300726712 72729.26248699315 72724.76196671918 72720.26144644522 72715.76092617125 72711.26040589728 72706.75988562331 72702.25936534934 72697.75884507537 72693.2583248014 72688.75780452744 72684.25728425347 72679.7567639795 72675.25624370553 72670.75572343156 72666.25520315759 72661.75468288363 72657.25416260966 72652.75364233569 72648.25312206172 72643.75260178775 72639.25208151378 72634.75156123981 72630.25104096586 72625.75052069189 72621.25000041792 72616.74948014395 72612.24895986998 72607.74843959601 72603.24791932204 72598.74739904808 72594.24687877411 72589.74635850014 72585.24583822617 72580.7453179522 72576.24479767823 72571.74427740426 72567.2437571303 72562.74323685633 72558.24271658236 72553.74219630839 72549.24167603442 72544.74115576045 72540.24063548648 72535.74011521252 72531.23959493855 72526.73907466458 72522.23855439061 72517.73803411664 72513.23751384267 72508.73699356872 72504.23647329475 72499.73595302078 72495.23543274681 72490.73491247284 72486.23439219886 72481.73387192489 72477.23335165094


# name: QUERY
# type: sq_string
# elements: 1
# length: 2
R2


# name: DATASIZE
# type: sq_string
# elements: 1
# length: 3
500


