# Created by Octave 4.0.0, Mon May 23 11:55:13 2016 CEST <peter@Independence>
# name: mu
# type: matrix
# rows: 1
# columns: 8
 72729.375 41562.59090909091 57445.59090909091 6156.977272727273 6344.613636363636 31386.96590909091 31628.26136363636 0.01195075757575756


# name: sigma
# type: matrix
# rows: 1
# columns: 8
 2718.461081358729 1368.548115947529 2556.799848033653 145.1206376692645 256.8225574571065 3254.590965873638 3236.662746642222 0.00283340760449298


