# Created by Octave 3.8.2, Wed May 18 09:21:40 2016 CEST <Andrea@Andreas-MacBook-Pro.local>
# name: x
# type: matrix
# rows: 1
# columns: 100
 0.008333333333333333 0.008417508417508417 0.008501683501683501 0.008585858585858586 0.00867003367003367 0.008754208754208754 0.008838383838383838 0.008922558922558922 0.009006734006734006 0.00909090909090909 0.009175084175084175 0.009259259259259259 0.009343434343434343 0.009427609427609427 0.009511784511784513 0.009595959595959595 0.009680134680134679 0.009764309764309764 0.009848484848484848 0.009932659932659932 0.01001683501683502 0.0101010101010101 0.01018518518518519 0.01026936026936027 0.01035353535353535 0.01043771043771044 0.01052188552188552 0.01060606060606061 0.01069023569023569 0.01077441077441077 0.01085858585858586 0.01094276094276094 0.01102693602693603 0.01111111111111111 0.0111952861952862 0.01127946127946128 0.01136363636363636 0.01144781144781145 0.01153198653198653 0.01161616161616162 0.0117003367003367 0.01178451178451178 0.01186868686868687 0.01195286195286195 0.01203703703703704 0.01212121212121212 0.01220538720538721 0.01228956228956229 0.01237373737373737 0.01245791245791246 0.01254208754208754 0.01262626262626263 0.01271043771043771 0.01279461279461279 0.01287878787878788 0.01296296296296296 0.01304713804713805 0.01313131313131313 0.01321548821548822 0.0132996632996633 0.01338383838383838 0.01346801346801347 0.01355218855218855 0.01363636363636364 0.01372053872053872 0.0138047138047138 0.01388888888888889 0.01397306397306397 0.01405723905723906 0.01414141414141414 0.01422558922558922 0.01430976430976431 0.01439393939393939 0.01447811447811448 0.01456228956228956 0.01464646464646465 0.01473063973063973 0.01481481481481481 0.0148989898989899 0.01498316498316498 0.01506734006734007 0.01515151515151515 0.01523569023569024 0.01531986531986532 0.0154040404040404 0.01548821548821549 0.01557239057239057 0.01565656565656566 0.01574074074074074 0.01582491582491583 0.01590909090909091 0.01599326599326599 0.01607744107744108 0.01616161616161616 0.01624579124579124 0.01632996632996633 0.01641414141414141 0.0164983164983165 0.01658249158249158 0.01666666666666667


# name: y
# type: matrix
# rows: 100
# columns: 1
 72758.23650383382
 72753.7578017729
 72749.58801228
 72745.71259317637
 72742.11735290843
 72738.78845054779
 72735.71239579117
 72732.87604896049
 72730.26662100285
 72727.8716734905
 72725.67911862083
 72723.67721921644
 72721.85458872507
 72720.20019121963
 72718.7033413982
 72717.35370458401
 72716.14129672547
 72715.05648439618
 72714.08998479485
 72713.23286574539
 72712.47654569687
 72711.81279372354
 72711.2337295248
 72710.73182342519
 72710.29989637448
 72709.93111994755
 72709.61901634446
 72709.35745839044
 72709.1406695359
 72708.96322385639
 72708.82004605266
 72708.70641145056
 72708.61794600118
 72708.55062628073
 72708.50077949061
 72708.46508345738
 72708.44056663275
 72708.4246080936
 72708.41493754199
 72708.40963530514
 72708.40713233544
 72708.40621021044
 72708.40600113283
 72708.40598793051
 72708.40600405654
 72708.40623358909
 72708.40721123159
 72708.40982231255
 72708.41530278567
 72708.42523922985
 72708.44156884913
 72708.46657947269
 72708.50290955494
 72708.55354817538
 72708.62183503874
 72708.71146047486
 72708.8264654388
 72708.97124151075
 72709.15053089608
 72709.36942642531
 72709.63337155416
 72709.94816036346
 72710.31993755927
 72710.75519847276
 72711.26078906031
 72711.84390590341
 72712.5120962088
 72713.27325780829
 72714.13563915895
 72715.10783934292
 72716.19880806758
 72717.41784566545
 72718.77460309419
 72720.27908193669
 72721.94163440094
 72723.77296332011
 72725.78412215259
 72727.98651498185
 72730.39189651658
 72733.01237209064
 72735.86039766303
 72738.94877981793
 72742.29067576467
 72745.89959333776
 72749.78939099688
 72753.97427782687
 72758.46881353774
 72763.28790846463
 72768.44682356789
 72773.96117043305
 72779.84691127072
 72786.12035891679
 72792.79817683222
 72799.89737910319
 72807.43533044102
 72815.42974618221
 72823.89869228842
 72832.86058534648
 72842.33419256838
 72852.33863179127


# name: QUERY
# type: sq_string
# elements: 1
# length: 2
R2


# name: DATASIZE
# type: sq_string
# elements: 1
# length: 3
500


