# Created by Octave 4.0.0, Mon May 23 11:55:19 2016 CEST <peter@Independence>
# name: x
# type: matrix
# rows: 1
# columns: 100
 0.008333333333333333 0.008417508417508417 0.008501683501683501 0.008585858585858586 0.00867003367003367 0.008754208754208754 0.008838383838383838 0.008922558922558922 0.009006734006734006 0.00909090909090909 0.009175084175084175 0.009259259259259259 0.009343434343434343 0.009427609427609427 0.009511784511784513 0.009595959595959595 0.009680134680134679 0.009764309764309764 0.009848484848484848 0.009932659932659932 0.01001683501683502 0.0101010101010101 0.01018518518518519 0.01026936026936027 0.01035353535353535 0.01043771043771044 0.01052188552188552 0.01060606060606061 0.01069023569023569 0.01077441077441077 0.01085858585858586 0.01094276094276094 0.01102693602693603 0.01111111111111111 0.0111952861952862 0.01127946127946128 0.01136363636363636 0.01144781144781145 0.01153198653198653 0.01161616161616162 0.0117003367003367 0.01178451178451178 0.01186868686868687 0.01195286195286195 0.01203703703703704 0.01212121212121212 0.01220538720538721 0.01228956228956229 0.01237373737373737 0.01245791245791246 0.01254208754208754 0.01262626262626263 0.01271043771043771 0.01279461279461279 0.01287878787878788 0.01296296296296296 0.01304713804713805 0.01313131313131313 0.01321548821548822 0.0132996632996633 0.01338383838383838 0.01346801346801347 0.01355218855218855 0.01363636363636364 0.01372053872053872 0.0138047138047138 0.01388888888888889 0.01397306397306397 0.01405723905723906 0.01414141414141414 0.01422558922558922 0.01430976430976431 0.01439393939393939 0.01447811447811448 0.01456228956228956 0.01464646464646465 0.01473063973063973 0.01481481481481481 0.0148989898989899 0.01498316498316498 0.01506734006734007 0.01515151515151515 0.01523569023569024 0.01531986531986532 0.0154040404040404 0.01548821548821549 0.01557239057239057 0.01565656565656566 0.01574074074074074 0.01582491582491583 0.01590909090909091 0.01599326599326599 0.01607744107744108 0.01616161616161616 0.01624579124579124 0.01632996632996633 0.01641414141414141 0.0164983164983165 0.01658249158249158 0.01666666666666667


# name: y
# type: matrix
# rows: 100
# columns: 1
 73405.82597917059
 73405.81921765982
 73405.81321534782
 73405.80790245079
 73405.80321411039
 73405.79909015642
 73405.79547487517
 73405.79231678371
 73405.78956841014
 73405.78718607951
 73405.78512970581
 73405.78336258966
 73405.78185122198
 73405.7805650935
 73405.77947651006
 73405.77856041389
 73405.77779421069
 73405.77715760257
 73405.77663242693
 73405.77620250107
 73405.77585347282
 73405.77557267694
 73405.77534899738
 73405.77517273551
 73405.77503548407
 73405.77493000707
 73405.77485012561
 73405.77479060943
 73405.77474707442
 73405.77471588599
 73405.77469406826
 73405.77467921919
 73405.77466943147
 73405.77466321943
 73405.77465945162
 73405.77465728945
 73405.77465613156
 73405.77465556409
 73405.7746553169
 73405.77465522551
 73405.77465519901
 73405.77465519385
 73405.77465519338
 73405.77465519337
 73405.77465519338
 73405.77465519393
 73405.77465519961
 73405.77465522802
 73405.77465532454
 73405.77465558311
 73405.77465617264
 73405.77465736955
 73405.77465959596
 73405.77466346386
 73405.77466982513
 73405.7746798274
 73405.77469497581
 73405.77471720058
 73405.77474893055
 73405.77479317244
 73405.77485359613
 73405.77493462569
 73405.77504153631
 73405.77518055716
 73405.77535898001
 73405.77558527378
 73405.77586920494
 73405.77622196381
 73405.77665629667
 73405.77718664375
 73405.77782928315
 73405.77860248051
 73405.77952664463
 73405.78062448899
 73405.78192119904
 73405.78344460536
 73405.78522536281
 73405.78729713541
 73405.78969678713
 73405.79246457861
 73405.79564436963
 73405.79928382754
 73405.80343464151
 73405.80815274267
 73405.8134985301
 73405.8195371027
 73405.82633849689
 73405.83397793025
 73405.84253605094
 73405.85209919304
 73405.86275963775
 73405.87461588044
 73405.8877729036
 73405.90234245559
 73405.91844333531
 73405.93620168275
 73405.95575127538
 73405.97723383034
 73406.00079931266
 73406.02660624919


# name: QUERY
# type: sq_string
# elements: 1
# length: 2
R2


# name: DATASIZE
# type: sq_string
# elements: 1
# length: 3
500


