# Created by Octave 4.0.0, Mon May 23 11:55:19 2016 CEST <peter@Independence>
# name: x
# type: matrix
# rows: 1
# columns: 100
 0.008333333333333333 0.008417508417508417 0.008501683501683501 0.008585858585858586 0.00867003367003367 0.008754208754208754 0.008838383838383838 0.008922558922558922 0.009006734006734006 0.00909090909090909 0.009175084175084175 0.009259259259259259 0.009343434343434343 0.009427609427609427 0.009511784511784513 0.009595959595959595 0.009680134680134679 0.009764309764309764 0.009848484848484848 0.009932659932659932 0.01001683501683502 0.0101010101010101 0.01018518518518519 0.01026936026936027 0.01035353535353535 0.01043771043771044 0.01052188552188552 0.01060606060606061 0.01069023569023569 0.01077441077441077 0.01085858585858586 0.01094276094276094 0.01102693602693603 0.01111111111111111 0.0111952861952862 0.01127946127946128 0.01136363636363636 0.01144781144781145 0.01153198653198653 0.01161616161616162 0.0117003367003367 0.01178451178451178 0.01186868686868687 0.01195286195286195 0.01203703703703704 0.01212121212121212 0.01220538720538721 0.01228956228956229 0.01237373737373737 0.01245791245791246 0.01254208754208754 0.01262626262626263 0.01271043771043771 0.01279461279461279 0.01287878787878788 0.01296296296296296 0.01304713804713805 0.01313131313131313 0.01321548821548822 0.0132996632996633 0.01338383838383838 0.01346801346801347 0.01355218855218855 0.01363636363636364 0.01372053872053872 0.0138047138047138 0.01388888888888889 0.01397306397306397 0.01405723905723906 0.01414141414141414 0.01422558922558922 0.01430976430976431 0.01439393939393939 0.01447811447811448 0.01456228956228956 0.01464646464646465 0.01473063973063973 0.01481481481481481 0.0148989898989899 0.01498316498316498 0.01506734006734007 0.01515151515151515 0.01523569023569024 0.01531986531986532 0.0154040404040404 0.01548821548821549 0.01557239057239057 0.01565656565656566 0.01574074074074074 0.01582491582491583 0.01590909090909091 0.01599326599326599 0.01607744107744108 0.01616161616161616 0.01624579124579124 0.01632996632996633 0.01641414141414141 0.0164983164983165 0.01658249158249158 0.01666666666666667


# name: y
# type: matrix
# rows: 100
# columns: 1
 72791.65519094747
 72791.7391009383
 72791.81722334816
 72791.88983062971
 72791.95718866642
 72792.01955677279
 72792.07718769419
 72792.13032760689
 72792.17921611812
 72792.22408626601
 72792.26516451959
 72792.30267077885
 72792.33681837468
 72792.36781406889
 72792.39585805419
 72792.42114395426
 72792.44385882362
 72792.46418314781
 72792.4822908432
 72792.49834925713
 72792.51251916785
 72792.52495478452
 72792.53580374722
 72792.54520712695
 72792.55329942566
 72792.56020857616
 72792.56605594224
 72792.57095631855
 72792.57501793072
 72792.57834243527
 72792.58102491962
 72792.58315390215
 72792.58481133211
 72792.58607258974
 72792.58700648614
 72792.58767526333
 72792.58813459429
 72792.5884335829
 72792.58861476394
 72792.58871410313
 72792.58876099711
 72792.58877827344
 72792.58878219058
 72792.58878243793
 72792.5887821358
 72792.58877783542
 72792.58875951897
 72792.58871059949
 72792.58860792097
 72792.58842175835
 72792.58811581743
 72792.58764723498
 72792.58696657866
 72792.58601784706
 72792.58473846968
 72792.58305930697
 72792.58090465025
 72792.57819222182
 72792.57483317482
 72792.57073209339
 72792.56578699255
 72792.55988931823
 72792.55292394731
 72792.54476918757
 72792.53529677771
 72792.52437188735
 72792.51185311704
 72792.49759249824
 72792.48143549332
 72792.46322099559
 72792.44278132927
 72792.4199422495
 72792.39452294233
 72792.36633602474
 72792.33518754464
 72792.30087698084
 72792.26319724308
 72792.22193467201
 72792.17686903921
 72792.12777354715
 72792.0744148293
 72792.01655294995
 72791.95394140437
 72791.88632711873
 72791.81345045011
 72791.73504518655
 72791.65083854695
 72791.56055118119
 72791.46389717003
 72791.36058402515
 72791.25031268918
 72791.13277753563
 72791.00766636895
 72790.87466042452
 72790.73343436862
 72790.58365629846
 72790.42498774215
 72790.25708365877
 72790.07959243827
 72789.89215590151


# name: QUERY
# type: sq_string
# elements: 1
# length: 2
R2


# name: DATASIZE
# type: sq_string
# elements: 1
# length: 3
500


