# Created by Octave 4.0.0, Mon May 23 11:55:19 2016 CEST <peter@Independence>
# name: x
# type: matrix
# rows: 1
# columns: 100
 0.008333333333333333 0.008417508417508417 0.008501683501683501 0.008585858585858586 0.00867003367003367 0.008754208754208754 0.008838383838383838 0.008922558922558922 0.009006734006734006 0.00909090909090909 0.009175084175084175 0.009259259259259259 0.009343434343434343 0.009427609427609427 0.009511784511784513 0.009595959595959595 0.009680134680134679 0.009764309764309764 0.009848484848484848 0.009932659932659932 0.01001683501683502 0.0101010101010101 0.01018518518518519 0.01026936026936027 0.01035353535353535 0.01043771043771044 0.01052188552188552 0.01060606060606061 0.01069023569023569 0.01077441077441077 0.01085858585858586 0.01094276094276094 0.01102693602693603 0.01111111111111111 0.0111952861952862 0.01127946127946128 0.01136363636363636 0.01144781144781145 0.01153198653198653 0.01161616161616162 0.0117003367003367 0.01178451178451178 0.01186868686868687 0.01195286195286195 0.01203703703703704 0.01212121212121212 0.01220538720538721 0.01228956228956229 0.01237373737373737 0.01245791245791246 0.01254208754208754 0.01262626262626263 0.01271043771043771 0.01279461279461279 0.01287878787878788 0.01296296296296296 0.01304713804713805 0.01313131313131313 0.01321548821548822 0.0132996632996633 0.01338383838383838 0.01346801346801347 0.01355218855218855 0.01363636363636364 0.01372053872053872 0.0138047138047138 0.01388888888888889 0.01397306397306397 0.01405723905723906 0.01414141414141414 0.01422558922558922 0.01430976430976431 0.01439393939393939 0.01447811447811448 0.01456228956228956 0.01464646464646465 0.01473063973063973 0.01481481481481481 0.0148989898989899 0.01498316498316498 0.01506734006734007 0.01515151515151515 0.01523569023569024 0.01531986531986532 0.0154040404040404 0.01548821548821549 0.01557239057239057 0.01565656565656566 0.01574074074074074 0.01582491582491583 0.01590909090909091 0.01599326599326599 0.01607744107744108 0.01616161616161616 0.01624579124579124 0.01632996632996633 0.01641414141414141 0.0164983164983165 0.01658249158249158 0.01666666666666667


# name: y
# type: matrix
# rows: 100
# columns: 1
 73009.62013430952
 73006.0573622955
 73002.66036637366
 72999.42519714334
 72996.34790520389
 72993.42454115469
 72990.65115559506
 72988.02379912436
 72985.53852234197
 72983.19137584721
 72980.97841023945
 72978.89567611803
 72976.93922408232
 72975.10510473166
 72973.38936866539
 72971.7880664829
 72970.29724878351
 72968.91296616658
 72967.63126923145
 72966.44820857751
 72965.3598348041
 72964.36219851054
 72963.45135029622
 72962.62334076047
 72961.87422050265
 72961.20004012213
 72960.59685021824
 72960.06070139034
 72959.58764423776
 72959.1737293599
 72958.81500735608
 72958.50752882565
 72958.24734436798
 72958.03050458242
 72957.85306006832
 72957.71106142501
 72957.60055925188
 72957.51760414826
 72957.45824671352
 72957.41853754698
 72957.39452724802
 72957.382266416
 72957.37780565025
 72957.37719555013
 72957.37648671499
 72957.37172974419
 72957.35897523708
 72957.33427379301
 72957.29367601132
 72957.2332324914
 72957.14899383257
 72957.0370106342
 72956.89333349562
 72956.7140130162
 72956.4950997953
 72956.23264443227
 72955.92269752643
 72955.56130967717
 72955.14453148383
 72954.66841354578
 72954.12900646233
 72953.52236083288
 72952.84452725675
 72952.0915563333
 72951.25949866189
 72950.34440484188
 72949.34232547259
 72948.24931115341
 72947.06141248367
 72945.77468006274
 72944.38516448994
 72942.88891636467
 72941.28198628624
 72939.56042485403
 72937.72028266737
 72935.75761032564
 72933.66845842818
 72931.44887757432
 72929.09491836345
 72926.6026313949
 72923.96806726803
 72921.18727658219
 72918.25630993674
 72915.17121793101
 72911.92805116439
 72908.52286023619
 72904.9516957458
 72901.21060829255
 72897.2956484758
 72893.20286689491
 72888.92831414922
 72884.46804083808
 72879.81809756086
 72874.9745349169
 72869.93340350554
 72864.69075392616
 72859.2426367781
 72853.58510266071
 72847.71420217336
 72841.62598591537


# name: QUERY
# type: sq_string
# elements: 1
# length: 2
R2


# name: DATASIZE
# type: sq_string
# elements: 1
# length: 3
500


