# Created by Octave 3.8.2, Wed May 18 09:21:40 2016 CEST <Andrea@Andreas-MacBook-Pro.local>
# name: x
# type: matrix
# rows: 1
# columns: 100
 0.008333333333333333 0.008417508417508417 0.008501683501683501 0.008585858585858586 0.00867003367003367 0.008754208754208754 0.008838383838383838 0.008922558922558922 0.009006734006734006 0.00909090909090909 0.009175084175084175 0.009259259259259259 0.009343434343434343 0.009427609427609427 0.009511784511784513 0.009595959595959595 0.009680134680134679 0.009764309764309764 0.009848484848484848 0.009932659932659932 0.01001683501683502 0.0101010101010101 0.01018518518518519 0.01026936026936027 0.01035353535353535 0.01043771043771044 0.01052188552188552 0.01060606060606061 0.01069023569023569 0.01077441077441077 0.01085858585858586 0.01094276094276094 0.01102693602693603 0.01111111111111111 0.0111952861952862 0.01127946127946128 0.01136363636363636 0.01144781144781145 0.01153198653198653 0.01161616161616162 0.0117003367003367 0.01178451178451178 0.01186868686868687 0.01195286195286195 0.01203703703703704 0.01212121212121212 0.01220538720538721 0.01228956228956229 0.01237373737373737 0.01245791245791246 0.01254208754208754 0.01262626262626263 0.01271043771043771 0.01279461279461279 0.01287878787878788 0.01296296296296296 0.01304713804713805 0.01313131313131313 0.01321548821548822 0.0132996632996633 0.01338383838383838 0.01346801346801347 0.01355218855218855 0.01363636363636364 0.01372053872053872 0.0138047138047138 0.01388888888888889 0.01397306397306397 0.01405723905723906 0.01414141414141414 0.01422558922558922 0.01430976430976431 0.01439393939393939 0.01447811447811448 0.01456228956228956 0.01464646464646465 0.01473063973063973 0.01481481481481481 0.0148989898989899 0.01498316498316498 0.01506734006734007 0.01515151515151515 0.01523569023569024 0.01531986531986532 0.0154040404040404 0.01548821548821549 0.01557239057239057 0.01565656565656566 0.01574074074074074 0.01582491582491583 0.01590909090909091 0.01599326599326599 0.01607744107744108 0.01616161616161616 0.01624579124579124 0.01632996632996633 0.01641414141414141 0.0164983164983165 0.01658249158249158 0.01666666666666667


# name: y
# type: matrix
# rows: 100
# columns: 1
 72582.4845396413
 72589.53052108985
 72596.2486524078
 72602.64674419982
 72608.73260707057
 72614.5140516247
 72619.99888846689
 72625.19492820177
 72630.10998143403
 72634.75185876832
 72639.12837080928
 72643.24732816158
 72647.1165414299
 72650.74382121889
 72654.13697813319
 72657.30382277748
 72660.25216575641
 72662.98981767465
 72665.52458913685
 72667.86429074768
 72670.01673311177
 72671.98972683382
 72673.79108251848
 72675.4286107704
 72676.91012219423
 72678.24342739464
 72679.4363369763
 72680.49666154386
 72681.43221170198
 72682.25079805532
 72682.96023120853
 72683.5683217663
 72684.08288033326
 72684.51171751408
 72684.86264391342
 72685.14347013594
 72685.36200678629
 72685.52606446914
 72685.64345378916
 72685.72198535099
 72685.7694697593
 72685.79371761874
 72685.80253953398
 72685.80374610968
 72685.80514795049
 72685.81455566108
 72685.83977984612
 72685.88863111024
 72685.96892005812
 72686.08845729442
 72686.25505342378
 72686.47651905089
 72686.76066478039
 72687.11530121694
 72687.5482389652
 72688.06728862984
 72688.68026081551
 72689.39496612689
 72690.2192151686
 72691.16081854534
 72692.22758686173
 72693.42733072246
 72694.7678607322
 72696.25698749558
 72697.90252161726
 72699.71227370192
 72701.69405435422
 72703.85567417879
 72706.20494378032
 72708.74967376346
 72711.49767473288
 72714.45675729321
 72717.63473204915
 72721.03940960534
 72724.67860056642
 72728.56011553707
 72732.69176512196
 72737.08135992572
 72741.73671055304
 72746.66562760857
 72751.87592169696
 72757.37540342288
 72763.17188339098
 72769.27317220594
 72775.68708047239
 72782.42141879501
 72789.48399777846
 72796.88262802739
 72804.62512014648
 72812.71928474036
 72821.17293241371
 72829.99387377118
 72839.18991941743
 72848.76887995713
 72858.73856599494
 72869.1067881355
 72879.88135698347
 72891.07008314355
 72902.68077722036
 72914.72124981857


# name: QUERY
# type: sq_string
# elements: 1
# length: 2
R2


# name: DATASIZE
# type: sq_string
# elements: 1
# length: 3
500


