# Created by Octave 4.0.0, Mon May 23 11:55:19 2016 CEST <peter@Independence>
# name: x
# type: matrix
# rows: 1
# columns: 100
 0.008333333333333333 0.008417508417508417 0.008501683501683501 0.008585858585858586 0.00867003367003367 0.008754208754208754 0.008838383838383838 0.008922558922558922 0.009006734006734006 0.00909090909090909 0.009175084175084175 0.009259259259259259 0.009343434343434343 0.009427609427609427 0.009511784511784513 0.009595959595959595 0.009680134680134679 0.009764309764309764 0.009848484848484848 0.009932659932659932 0.01001683501683502 0.0101010101010101 0.01018518518518519 0.01026936026936027 0.01035353535353535 0.01043771043771044 0.01052188552188552 0.01060606060606061 0.01069023569023569 0.01077441077441077 0.01085858585858586 0.01094276094276094 0.01102693602693603 0.01111111111111111 0.0111952861952862 0.01127946127946128 0.01136363636363636 0.01144781144781145 0.01153198653198653 0.01161616161616162 0.0117003367003367 0.01178451178451178 0.01186868686868687 0.01195286195286195 0.01203703703703704 0.01212121212121212 0.01220538720538721 0.01228956228956229 0.01237373737373737 0.01245791245791246 0.01254208754208754 0.01262626262626263 0.01271043771043771 0.01279461279461279 0.01287878787878788 0.01296296296296296 0.01304713804713805 0.01313131313131313 0.01321548821548822 0.0132996632996633 0.01338383838383838 0.01346801346801347 0.01355218855218855 0.01363636363636364 0.01372053872053872 0.0138047138047138 0.01388888888888889 0.01397306397306397 0.01405723905723906 0.01414141414141414 0.01422558922558922 0.01430976430976431 0.01439393939393939 0.01447811447811448 0.01456228956228956 0.01464646464646465 0.01473063973063973 0.01481481481481481 0.0148989898989899 0.01498316498316498 0.01506734006734007 0.01515151515151515 0.01523569023569024 0.01531986531986532 0.0154040404040404 0.01548821548821549 0.01557239057239057 0.01565656565656566 0.01574074074074074 0.01582491582491583 0.01590909090909091 0.01599326599326599 0.01607744107744108 0.01616161616161616 0.01624579124579124 0.01632996632996633 0.01641414141414141 0.0164983164983165 0.01658249158249158 0.01666666666666667


# name: y
# type: matrix
# rows: 100
# columns: 1
 72652.25751628273
 72657.03494907019
 72661.69990551188
 72666.25238560776
 72670.69238935786
 72675.01991676216
 72679.23496782068
 72683.33754253339
 72687.32764090033
 72691.20526292147
 72694.97040859683
 72698.62307792639
 72702.16327091015
 72705.59098754813
 72708.90622784031
 72712.10899178671
 72715.19927938732
 72718.17709064213
 72721.04242555116
 72723.79528411439
 72726.43566633183
 72728.96357220349
 72731.37900172934
 72733.68195490941
 72735.87243174369
 72737.95043223217
 72739.91595637487
 72741.76900417177
 72743.50957562288
 72745.13767072822
 72746.65328948775
 72748.05643190148
 72749.34709796944
 72750.52528769159
 72751.59100106797
 72752.54423809855
 72753.38499878332
 72754.11328312232
 72754.72909111553
 72755.23242276294
 72755.62327806457
 72755.9016570204
 72756.06755963044
 72756.1209858947
 72756.06193581315
 72755.89040938583
 72755.6064066127
 72755.20992749379
 72754.70097202908
 72754.07954021859
 72753.34563206231
 72752.49924756022
 72751.54038671235
 72750.4690495187
 72749.28523597925
 72747.98894609402
 72746.58017986298
 72745.05893728616
 72743.42521836354
 72741.67902309514
 72739.82035148094
 72737.84920352096
 72735.76557921518
 72733.56947856362
 72731.26090156626
 72728.83984822311
 72726.30631853417
 72723.66031249944
 72720.90183011892
 72718.03087139261
 72715.0474363205
 72711.9515249026
 72708.74313713892
 72705.42227302944
 72701.98893257418
 72698.44311577312
 72694.78482262627
 72691.01405313362
 72687.13080729519
 72683.13508511097
 72679.02688658096
 72674.80621170516
 72670.47306048356
 72666.02743291618
 72661.469329003
 72656.79874874404
 72652.01569213928
 72647.12015918872
 72642.11214989239
 72636.99166425026
 72631.75870226233
 72626.41326392863
 72620.95534924912
 72615.38495822383
 72609.70209085273
 72603.90674713586
 72597.9989270732
 72591.97863066474
 72585.84585791049
 72579.60060881045


# name: QUERY
# type: sq_string
# elements: 1
# length: 2
R2


# name: DATASIZE
# type: sq_string
# elements: 1
# length: 3
500


