# Created by Octave 3.8.2, Wed May 18 09:21:40 2016 CEST <Andrea@Andreas-MacBook-Pro.local>
# name: x
# type: matrix
# rows: 1
# columns: 100
 0.008333333333333333 0.008417508417508417 0.008501683501683501 0.008585858585858586 0.00867003367003367 0.008754208754208754 0.008838383838383838 0.008922558922558922 0.009006734006734006 0.00909090909090909 0.009175084175084175 0.009259259259259259 0.009343434343434343 0.009427609427609427 0.009511784511784513 0.009595959595959595 0.009680134680134679 0.009764309764309764 0.009848484848484848 0.009932659932659932 0.01001683501683502 0.0101010101010101 0.01018518518518519 0.01026936026936027 0.01035353535353535 0.01043771043771044 0.01052188552188552 0.01060606060606061 0.01069023569023569 0.01077441077441077 0.01085858585858586 0.01094276094276094 0.01102693602693603 0.01111111111111111 0.0111952861952862 0.01127946127946128 0.01136363636363636 0.01144781144781145 0.01153198653198653 0.01161616161616162 0.0117003367003367 0.01178451178451178 0.01186868686868687 0.01195286195286195 0.01203703703703704 0.01212121212121212 0.01220538720538721 0.01228956228956229 0.01237373737373737 0.01245791245791246 0.01254208754208754 0.01262626262626263 0.01271043771043771 0.01279461279461279 0.01287878787878788 0.01296296296296296 0.01304713804713805 0.01313131313131313 0.01321548821548822 0.0132996632996633 0.01338383838383838 0.01346801346801347 0.01355218855218855 0.01363636363636364 0.01372053872053872 0.0138047138047138 0.01388888888888889 0.01397306397306397 0.01405723905723906 0.01414141414141414 0.01422558922558922 0.01430976430976431 0.01439393939393939 0.01447811447811448 0.01456228956228956 0.01464646464646465 0.01473063973063973 0.01481481481481481 0.0148989898989899 0.01498316498316498 0.01506734006734007 0.01515151515151515 0.01523569023569024 0.01531986531986532 0.0154040404040404 0.01548821548821549 0.01557239057239057 0.01565656565656566 0.01574074074074074 0.01582491582491583 0.01590909090909091 0.01599326599326599 0.01607744107744108 0.01616161616161616 0.01624579124579124 0.01632996632996633 0.01641414141414141 0.0164983164983165 0.01658249158249158 0.01666666666666667


# name: y
# type: matrix
# rows: 100
# columns: 1
 72786.23007911672
 72786.16408289317
 72786.10549688511
 72786.05363996245
 72786.00787907092
 72785.96762691464
 72785.93233969579
 72785.90151491172
 72785.87468920914
 72785.85143629574
 72785.83136490884
 72785.81411684159
 72785.79936502618
 72785.78681167445
 72785.77618647563
 72785.76724485154
 72785.75976626878
 72785.75355260842
 72785.74842659288
 72785.74423026988
 72785.74082355398
 72785.73808282508
 72785.73589958435
 72785.73417916737
 72785.73283951452
 72785.73180999859
 72785.73103030973
 72785.73044939767
 72785.73002447101
 72785.72972005399
 72785.72950710043
 72785.72936216493
 72785.72926663126
 72785.72920599814
 72785.72916922221
 72785.7291481182
 72785.72913681646
 72785.72913127769
 72785.72912886494
 72785.7291279729
 72785.72912771432
 72785.72912766392
 72785.72912765926
 72785.7291276592
 72785.72912765929
 72785.72912766467
 72785.72912772013
 72785.72912799733
 72785.72912893951
 72785.72913146322
 72785.72913721744
 72785.72914889998
 72785.72917063099
 72785.72920838393
 72785.72927047357
 72785.72936810147
 72785.72951595859
 72785.72973288516
 72785.73004258782
 72785.73047441409
 72785.73106418396
 72785.73185507889
 72785.73289858793
 72785.73425551118
 72785.7359970205
 72785.73820577744
 72785.74097710845
 72785.7444202374
 72785.74865957526
 72785.75383606704
 72785.76010859617
 72785.76765544582
 72785.77667581782
 72785.78739140856
 72785.80004804237
 72785.8149173619
 72785.83229857606
 72785.85252026496
 72785.87594224226
 72785.90295747473
 72785.93399405903
 72785.96951725583
 72786.01003158113
 72786.05608295482
 72786.10826090656
 72786.1672008389
 72786.23358634759
 72786.30815159921
 72786.39168376612
 72786.48502551852
 72786.58907757381
 72786.70480130338
 72786.83322139639
 72786.97542858096
 72787.13258240264
 72787.30591406007
 72787.49672929787
 72787.70641135691
 72787.93642398169
 72788.18831448517


# name: QUERY
# type: sq_string
# elements: 1
# length: 2
R2


# name: DATASIZE
# type: sq_string
# elements: 1
# length: 3
500


