# Created by Octave 3.8.2, Wed May 18 09:21:40 2016 CEST <Andrea@Andreas-MacBook-Pro.local>
# name: x
# type: matrix
# rows: 1
# columns: 100
 0.008333333333333333 0.008417508417508417 0.008501683501683501 0.008585858585858586 0.00867003367003367 0.008754208754208754 0.008838383838383838 0.008922558922558922 0.009006734006734006 0.00909090909090909 0.009175084175084175 0.009259259259259259 0.009343434343434343 0.009427609427609427 0.009511784511784513 0.009595959595959595 0.009680134680134679 0.009764309764309764 0.009848484848484848 0.009932659932659932 0.01001683501683502 0.0101010101010101 0.01018518518518519 0.01026936026936027 0.01035353535353535 0.01043771043771044 0.01052188552188552 0.01060606060606061 0.01069023569023569 0.01077441077441077 0.01085858585858586 0.01094276094276094 0.01102693602693603 0.01111111111111111 0.0111952861952862 0.01127946127946128 0.01136363636363636 0.01144781144781145 0.01153198653198653 0.01161616161616162 0.0117003367003367 0.01178451178451178 0.01186868686868687 0.01195286195286195 0.01203703703703704 0.01212121212121212 0.01220538720538721 0.01228956228956229 0.01237373737373737 0.01245791245791246 0.01254208754208754 0.01262626262626263 0.01271043771043771 0.01279461279461279 0.01287878787878788 0.01296296296296296 0.01304713804713805 0.01313131313131313 0.01321548821548822 0.0132996632996633 0.01338383838383838 0.01346801346801347 0.01355218855218855 0.01363636363636364 0.01372053872053872 0.0138047138047138 0.01388888888888889 0.01397306397306397 0.01405723905723906 0.01414141414141414 0.01422558922558922 0.01430976430976431 0.01439393939393939 0.01447811447811448 0.01456228956228956 0.01464646464646465 0.01473063973063973 0.01481481481481481 0.0148989898989899 0.01498316498316498 0.01506734006734007 0.01515151515151515 0.01523569023569024 0.01531986531986532 0.0154040404040404 0.01548821548821549 0.01557239057239057 0.01565656565656566 0.01574074074074074 0.01582491582491583 0.01590909090909091 0.01599326599326599 0.01607744107744108 0.01616161616161616 0.01624579124579124 0.01632996632996633 0.01641414141414141 0.0164983164983165 0.01658249158249158 0.01666666666666667


# name: y
# type: matrix
# rows: 100
# columns: 1
 72593.49496729867
 72602.72450527181
 72611.73674982593
 72620.53170096102
 72629.10935867707
 72637.46972297411
 72645.61279385212
 72653.53857131112
 72661.24705535106
 72668.738245972
 72676.01214317391
 72683.06874695678
 72689.90805732063
 72696.53007426547
 72702.93479779127
 72709.12222789804
 72715.09236458578
 72720.84520785451
 72726.3807577042
 72731.69901413487
 72736.79997714651
 72741.68364673913
 72746.35002291272
 72750.79910566728
 72755.03089500281
 72759.04539091933
 72762.84259341682
 72766.42250249528
 72769.7851181547
 72772.93044039511
 72775.85846921649
 72778.56920461885
 72781.06264660216
 72783.33879516648
 72785.39765031174
 72787.239212038
 72788.86348034522
 72790.2704552334
 72791.46013670258
 72792.43252475272
 72793.18761938384
 72793.72542059593
 72794.04592838899
 72794.14914276302
 72794.03506371804
 72793.70369125402
 72793.15502537099
 72792.38906606892
 72791.40581334782
 72790.2052672077
 72788.78742764855
 72787.15229467038
 72785.29986827318
 72783.23014845696
 72780.94313522171
 72778.43882856742
 72775.71722849412
 72772.77833500179
 72769.62214809044
 72766.24866776005
 72762.65789401064
 72758.84982684221
 72754.82446625474
 72750.58181224826
 72746.12186482274
 72741.4446239782
 72736.55008971463
 72731.43826203204
 72726.10914093042
 72720.56272640977
 72714.7990184701
 72708.81801711139
 72702.61972233368
 72696.20413413692
 72689.57125252114
 72682.72107748633
 72675.65360903251
 72668.36884715965
 72660.86679186777
 72653.14744315686
 72645.21080102693
 72637.05686547796
 72628.68563650998
 72620.09711412297
 72611.29129831692
 72602.26818909185
 72593.02778644775
 72583.57009038464
 72573.89510090249
 72564.00281800132
 72553.89324168113
 72543.5663719419
 72533.02220878364
 72522.26075220636
 72511.28200221006
 72500.08595879473
 72488.67262196037
 72477.041991707
 72465.19406803459
 72453.12885094315


# name: QUERY
# type: sq_string
# elements: 1
# length: 2
R2


# name: DATASIZE
# type: sq_string
# elements: 1
# length: 3
500


