# Created by Octave 3.8.2, Wed May 18 09:21:40 2016 CEST <Andrea@Andreas-MacBook-Pro.local>
# name: x
# type: matrix
# rows: 1
# columns: 100
 0.008333333333333333 0.008417508417508417 0.008501683501683501 0.008585858585858586 0.00867003367003367 0.008754208754208754 0.008838383838383838 0.008922558922558922 0.009006734006734006 0.00909090909090909 0.009175084175084175 0.009259259259259259 0.009343434343434343 0.009427609427609427 0.009511784511784513 0.009595959595959595 0.009680134680134679 0.009764309764309764 0.009848484848484848 0.009932659932659932 0.01001683501683502 0.0101010101010101 0.01018518518518519 0.01026936026936027 0.01035353535353535 0.01043771043771044 0.01052188552188552 0.01060606060606061 0.01069023569023569 0.01077441077441077 0.01085858585858586 0.01094276094276094 0.01102693602693603 0.01111111111111111 0.0111952861952862 0.01127946127946128 0.01136363636363636 0.01144781144781145 0.01153198653198653 0.01161616161616162 0.0117003367003367 0.01178451178451178 0.01186868686868687 0.01195286195286195 0.01203703703703704 0.01212121212121212 0.01220538720538721 0.01228956228956229 0.01237373737373737 0.01245791245791246 0.01254208754208754 0.01262626262626263 0.01271043771043771 0.01279461279461279 0.01287878787878788 0.01296296296296296 0.01304713804713805 0.01313131313131313 0.01321548821548822 0.0132996632996633 0.01338383838383838 0.01346801346801347 0.01355218855218855 0.01363636363636364 0.01372053872053872 0.0138047138047138 0.01388888888888889 0.01397306397306397 0.01405723905723906 0.01414141414141414 0.01422558922558922 0.01430976430976431 0.01439393939393939 0.01447811447811448 0.01456228956228956 0.01464646464646465 0.01473063973063973 0.01481481481481481 0.0148989898989899 0.01498316498316498 0.01506734006734007 0.01515151515151515 0.01523569023569024 0.01531986531986532 0.0154040404040404 0.01548821548821549 0.01557239057239057 0.01565656565656566 0.01574074074074074 0.01582491582491583 0.01590909090909091 0.01599326599326599 0.01607744107744108 0.01616161616161616 0.01624579124579124 0.01632996632996633 0.01641414141414141 0.0164983164983165 0.01658249158249158 0.01666666666666667


# name: y
# type: matrix
# rows: 1
# columns: 100
 72813.6275096343 72811.66700911925 72809.7065086042 72807.74600808915 72805.7855075741 72803.82500705904 72801.86450654399 72799.90400602894 72797.94350551389 72795.98300499884 72794.02250448379 72792.06200396875 72790.1015034537 72788.14100293865 72786.18050242359 72784.22000190854 72782.25950139349 72780.29900087844 72778.33850036339 72776.37799984834 72774.41749933329 72772.45699881823 72770.49649830318 72768.53599778813 72766.57549727308 72764.61499675803 72762.65449624298 72760.69399572794 72758.73349521289 72756.77299469784 72754.81249418278 72752.85199366773 72750.89149315268 72748.93099263763 72746.97049212258 72745.00999160753 72743.04949109248 72741.08899057742 72739.12849006237 72737.16798954732 72735.20748903227 72733.24698851722 72731.28648800218 72729.32598748713 72727.36548697208 72725.40498645703 72723.44448594197 72721.48398542692 72719.52348491187 72717.56298439682 72715.60248388177 72713.64198336672 72711.68148285167 72709.72098233661 72707.76048182156 72705.79998130651 72703.83948079146 72701.87898027642 72699.91847976137 72697.95797924632 72695.99747873127 72694.03697821622 72692.07647770116 72690.11597718611 72688.15547667106 72686.19497615601 72684.23447564096 72682.27397512591 72680.31347461086 72678.3529740958 72676.39247358075 72674.4319730657 72672.47147255066 72670.51097203561 72668.55047152056 72666.58997100551 72664.62947049046 72662.66896997541 72660.70846946035 72658.7479689453 72656.78746843025 72654.8269679152 72652.86646740015 72650.9059668851 72648.94546637005 72646.98496585499 72645.02446533994 72643.06396482489 72641.10346430985 72639.1429637948 72637.18246327975 72635.2219627647 72633.26146224965 72631.3009617346 72629.34046121954 72627.37996070449 72625.41946018944 72623.45895967439 72621.49845915934 72619.53795864429


# name: QUERY
# type: sq_string
# elements: 1
# length: 2
R2


# name: DATASIZE
# type: sq_string
# elements: 1
# length: 3
500


