# Created by Octave 3.8.2, Mon May 23 09:41:59 2016 CEST <Andrea@Andreas-MacBook-Pro.local>
# name: x
# type: matrix
# rows: 1
# columns: 100
 8 8.121212121212121 8.242424242424242 8.363636363636363 8.484848484848484 8.606060606060606 8.727272727272727 8.848484848484848 8.969696969696971 9.090909090909092 9.212121212121213 9.333333333333334 9.454545454545455 9.575757575757576 9.696969696969697 9.818181818181818 9.939393939393941 10.06060606060606 10.18181818181818 10.3030303030303 10.42424242424243 10.54545454545455 10.66666666666667 10.78787878787879 10.90909090909091 11.03030303030303 11.15151515151515 11.27272727272727 11.39393939393939 11.51515151515152 11.63636363636364 11.75757575757576 11.87878787878788 12 12.12121212121212 12.24242424242424 12.36363636363637 12.48484848484849 12.60606060606061 12.72727272727273 12.84848484848485 12.96969696969697 13.09090909090909 13.21212121212121 13.33333333333333 13.45454545454546 13.57575757575758 13.6969696969697 13.81818181818182 13.93939393939394 14.06060606060606 14.18181818181818 14.3030303030303 14.42424242424243 14.54545454545455 14.66666666666667 14.78787878787879 14.90909090909091 15.03030303030303 15.15151515151515 15.27272727272727 15.39393939393939 15.51515151515152 15.63636363636364 15.75757575757576 15.87878787878788 16 16.12121212121212 16.24242424242424 16.36363636363636 16.48484848484848 16.60606060606061 16.72727272727273 16.84848484848485 16.96969696969697 17.09090909090909 17.21212121212121 17.33333333333334 17.45454545454546 17.57575757575758 17.6969696969697 17.81818181818182 17.93939393939394 18.06060606060606 18.18181818181818 18.3030303030303 18.42424242424243 18.54545454545455 18.66666666666667 18.78787878787879 18.90909090909091 19.03030303030303 19.15151515151516 19.27272727272727 19.39393939393939 19.51515151515152 19.63636363636364 19.75757575757576 19.87878787878788 20


# name: y
# type: matrix
# rows: 100
# columns: 1
 220865.3495551169
 220730.2471173338
 220585.6279094651
 220431.4621675909
 220267.726061288
 220094.4017757537
 219911.4775889024
 219718.9479432959
 219516.8135127699
 219305.0812636276
 219083.7645102742
 218852.8829651757
 218612.4627830271
 218362.5365990267
 218103.1435611548
 217834.3293563658
 217556.1462306078
 217268.6530025924
 216971.9150712423
 216666.0044167558
 216350.9995952319
 216026.9857268079
 215694.0544772728
 215352.3040331224
 215001.8390700354
 214642.7707147559
 214275.2165003757
 213899.3003150199
 213515.1523439467
 213122.9090050815
 212722.7128780148
 212314.7126264994
 211899.0629144958
 211475.9243158183
 211045.4632174469
 210607.8517165765
 210163.2675114848
 209711.8937863076
 209253.9190898206
 208789.5372083323
 208318.9470328041
 207842.3524203194
 207359.9620500319
 206871.989273733
 206378.6519611828
 205880.17234036
 205376.7768327898
 204868.6958841202
 204356.1637901193
 203839.418518277
 203318.7015251982
 202794.2575699823
 202266.3345237893
 201735.1831757967
 201201.0570357612
 200664.2121333987
 200124.9068148047
 199583.4015361413
 199039.9586548186
 198494.8422184057
 197948.3177515058
 197400.652040839
 196852.1129187704
 196302.9690455349
 195753.4896903993
 195203.9445120168
 194654.6033382191
 194105.7359455014
 193557.6118384499
 193010.5000293641
 192464.668818327
 191920.3855739743
 191377.9165152128
 190837.5264941381
 190299.4787803992
 189764.0348472561
 189231.4541595737
 188701.9939639931
 188175.9090815183
 187653.451702753
 187134.8711860173
 186620.4138585726
 186110.3228211754
 185604.8377561794
 185104.1947393969
 184608.6260559281
 184118.360020159
 183633.620800125
 183154.6282464284
 182681.5977258937
 182214.7399601381
 181754.2608692246
 181300.3614205625
 180853.2374832089
 180413.0796877187
 179980.0732916842
 179554.3980510936
 179136.2280976346
 178725.7318220567
 178323.0717636998


# name: QUERY
# type: sq_string
# elements: 1
# length: 2
Q3


# name: DATASIZE
# type: sq_string
# elements: 1
# length: 2
50


