# Created by Octave 3.8.2, Mon May 23 09:41:59 2016 CEST <Andrea@Andreas-MacBook-Pro.local>
# name: x
# type: matrix
# rows: 1
# columns: 100
 8 8.121212121212121 8.242424242424242 8.363636363636363 8.484848484848484 8.606060606060606 8.727272727272727 8.848484848484848 8.969696969696971 9.090909090909092 9.212121212121213 9.333333333333334 9.454545454545455 9.575757575757576 9.696969696969697 9.818181818181818 9.939393939393941 10.06060606060606 10.18181818181818 10.3030303030303 10.42424242424243 10.54545454545455 10.66666666666667 10.78787878787879 10.90909090909091 11.03030303030303 11.15151515151515 11.27272727272727 11.39393939393939 11.51515151515152 11.63636363636364 11.75757575757576 11.87878787878788 12 12.12121212121212 12.24242424242424 12.36363636363637 12.48484848484849 12.60606060606061 12.72727272727273 12.84848484848485 12.96969696969697 13.09090909090909 13.21212121212121 13.33333333333333 13.45454545454546 13.57575757575758 13.6969696969697 13.81818181818182 13.93939393939394 14.06060606060606 14.18181818181818 14.3030303030303 14.42424242424243 14.54545454545455 14.66666666666667 14.78787878787879 14.90909090909091 15.03030303030303 15.15151515151515 15.27272727272727 15.39393939393939 15.51515151515152 15.63636363636364 15.75757575757576 15.87878787878788 16 16.12121212121212 16.24242424242424 16.36363636363636 16.48484848484848 16.60606060606061 16.72727272727273 16.84848484848485 16.96969696969697 17.09090909090909 17.21212121212121 17.33333333333334 17.45454545454546 17.57575757575758 17.6969696969697 17.81818181818182 17.93939393939394 18.06060606060606 18.18181818181818 18.3030303030303 18.42424242424243 18.54545454545455 18.66666666666667 18.78787878787879 18.90909090909091 19.03030303030303 19.15151515151516 19.27272727272727 19.39393939393939 19.51515151515152 19.63636363636364 19.75757575757576 19.87878787878788 20


# name: y
# type: matrix
# rows: 1
# columns: 100
 236855.3991832265 236054.5082905668 235253.617397907 234452.7265052472 233651.8356125875 232850.9447199277 232050.053827268 231249.1629346082 230448.2720419484 229647.3811492886 228846.4902566289 228045.5993639691 227244.7084713094 226443.8175786496 225642.9266859898 224842.0357933301 224041.1449006703 223240.2540080106 222439.3631153508 221638.472222691 220837.5813300312 220036.6904373715 219235.7995447117 218434.9086520519 217634.0177593922 216833.1268667324 216032.2359740727 215231.3450814129 214430.4541887531 213629.5632960933 212828.6724034336 212027.7815107738 211226.8906181141 210425.9997254543 209625.1088327945 208824.2179401348 208023.327047475 207222.4361548152 206421.5452621555 205620.6543694957 204819.7634768359 204018.8725841762 203217.9816915164 202417.0907988566 201616.1999061969 200815.3090135371 200014.4181208774 199213.5272282176 198412.6363355578 197611.745442898 196810.8545502383 196009.9636575785 195209.0727649188 194408.181872259 193607.2909795992 192806.4000869395 192005.5091942797 191204.6183016199 190403.7274089602 189602.8365163004 188801.9456236406 188001.0547309809 187200.1638383211 186399.2729456613 185598.3820530016 184797.4911603418 183996.600267682 183195.7093750223 182394.8184823625 181593.9275897027 180793.036697043 179992.1458043832 179191.2549117235 178390.3640190637 177589.4731264039 176788.5822337441 175987.6913410844 175186.8004484246 174385.9095557649 173585.0186631051 172784.1277704453 171983.2368777856 171182.3459851258 170381.455092466 169580.5641998063 168779.6733071465 167978.7824144867 167177.891521827 166377.0006291672 165576.1097365074 164775.2188438477 163974.3279511879 163173.4370585281 162372.5461658684 161571.6552732086 160770.7643805488 159969.8734878891 159168.9825952293 158368.0917025696 157567.2008099098


# name: QUERY
# type: sq_string
# elements: 1
# length: 2
Q3


# name: DATASIZE
# type: sq_string
# elements: 1
# length: 2
50


