# Created by Octave 3.8.2, Mon May 23 09:41:59 2016 CEST <Andrea@Andreas-MacBook-Pro.local>
# name: x
# type: matrix
# rows: 1
# columns: 100
 8 8.121212121212121 8.242424242424242 8.363636363636363 8.484848484848484 8.606060606060606 8.727272727272727 8.848484848484848 8.969696969696971 9.090909090909092 9.212121212121213 9.333333333333334 9.454545454545455 9.575757575757576 9.696969696969697 9.818181818181818 9.939393939393941 10.06060606060606 10.18181818181818 10.3030303030303 10.42424242424243 10.54545454545455 10.66666666666667 10.78787878787879 10.90909090909091 11.03030303030303 11.15151515151515 11.27272727272727 11.39393939393939 11.51515151515152 11.63636363636364 11.75757575757576 11.87878787878788 12 12.12121212121212 12.24242424242424 12.36363636363637 12.48484848484849 12.60606060606061 12.72727272727273 12.84848484848485 12.96969696969697 13.09090909090909 13.21212121212121 13.33333333333333 13.45454545454546 13.57575757575758 13.6969696969697 13.81818181818182 13.93939393939394 14.06060606060606 14.18181818181818 14.3030303030303 14.42424242424243 14.54545454545455 14.66666666666667 14.78787878787879 14.90909090909091 15.03030303030303 15.15151515151515 15.27272727272727 15.39393939393939 15.51515151515152 15.63636363636364 15.75757575757576 15.87878787878788 16 16.12121212121212 16.24242424242424 16.36363636363636 16.48484848484848 16.60606060606061 16.72727272727273 16.84848484848485 16.96969696969697 17.09090909090909 17.21212121212121 17.33333333333334 17.45454545454546 17.57575757575758 17.6969696969697 17.81818181818182 17.93939393939394 18.06060606060606 18.18181818181818 18.3030303030303 18.42424242424243 18.54545454545455 18.66666666666667 18.78787878787879 18.90909090909091 19.03030303030303 19.15151515151516 19.27272727272727 19.39393939393939 19.51515151515152 19.63636363636364 19.75757575757576 19.87878787878788 20


# name: y
# type: matrix
# rows: 100
# columns: 1
 232978.0884656163
 232296.4622116635
 231614.8359577107
 230933.2097037579
 230251.583449805
 229569.9571958523
 228888.3309418994
 228206.7046879467
 227525.0784339937
 226843.452180041
 226161.8259260881
 225480.1996721353
 224798.5734181826
 224116.9471642297
 223435.3209102769
 222753.694656324
 222072.0684023713
 221390.4421484185
 220708.8158944656
 220027.1896405128
 219345.56338656
 218663.9371326072
 217982.3108786543
 217300.6846247015
 216619.0583707487
 215937.4321167959
 215255.8058628431
 214574.1796088903
 213892.5533549374
 213210.9271009846
 212529.3008470318
 211847.674593079
 211166.0483391262
 210484.4220851734
 209802.7958312205
 209121.1695772677
 208439.5433233149
 207757.9170693621
 207076.2908154093
 206394.6645614565
 205713.0383075037
 205031.4120535509
 204349.785799598
 203668.1595456452
 202986.5332916924
 202304.9070377396
 201623.2807837868
 200941.6545298339
 200260.0282758811
 199578.4020219283
 198896.7757679755
 198215.1495140227
 197533.5232600699
 196851.897006117
 196170.2707521642
 195488.6444982114
 194807.0182442586
 194125.3919903058
 193443.765736353
 192762.1394824001
 192080.5132284473
 191398.8869744945
 190717.2607205417
 190035.6344665889
 189354.0082126361
 188672.3819586833
 187990.7557047304
 187309.1294507776
 186627.5031968248
 185945.876942872
 185264.2506889192
 184582.6244349663
 183900.9981810136
 183219.3719270607
 182537.7456731079
 181856.1194191551
 181174.4931652023
 180492.8669112495
 179811.2406572966
 179129.6144033438
 178447.988149391
 177766.3618954381
 177084.7356414854
 176403.1093875326
 175721.4831335797
 175039.856879627
 174358.2306256741
 173676.6043717213
 172994.9781177685
 172313.3518638157
 171631.7256098628
 170950.0993559101
 170268.4731019572
 169586.8468480044
 168905.2205940516
 168223.5943400988
 167541.9680861459
 166860.3418321932
 166178.7155782403
 165497.0893242875


# name: QUERY
# type: sq_string
# elements: 1
# length: 2
Q3


# name: DATASIZE
# type: sq_string
# elements: 1
# length: 2
50


