# Created by Octave 3.8.2, Mon May 23 09:41:58 2016 CEST <Andrea@Andreas-MacBook-Pro.local>
# name: SVs
# type: cell
# rows: 1
# columns: 7
# name: <cell-element>
# type: sparse matrix
# nnz: 77
# rows: 11
# columns: 8
1 1 0.4192135218864088
2 1 1.28730967467871
3 1 -0.318668207987047
4 1 1.28730967467871
5 1 -0.318668207987047
6 1 1.28730967467871
7 1 0.4192135218864088
8 1 -1.403788398977423
9 1 -0.318668207987047
10 1 -1.403788398977423
11 1 -0.318668207987047
1 3 -0.6316057749786483
2 3 -1.146480400536843
3 3 0.03138851310826676
4 3 -1.237524742513788
5 3 0.3965785076709983
6 3 -1.148367568393797
7 3 0.5649967317830521
8 3 1.537762719316297
9 3 0.2971109530642346
10 3 1.376709052694795
11 3 0.2778710466201684
1 4 -0.8130554104438755
2 4 -0.5060683854764573
3 4 0.5234456684289934
4 4 -1.020765438407634
5 4 0.2833496688289223
6 4 -1.145911230039311
7 4 0.8362301821461219
8 4 1.306586441812273
9 4 0.2936652005353034
10 4 1.52409222662899
11 4 0.02238270972989411
1 5 -1.659137152615402
2 5 1.328687002561892
3 5 -0.7274810014666699
4 5 0.1926613764443851
5 5 -0.1018993222195293
6 5 -0.2765248829909704
7 5 -1.482592629637682
8 5 -0.3532833712421533
9 5 -0.1786578104707122
10 5 1.191481204812903
11 5 0.7299707942026654
1 6 -0.8158273144015358
2 6 -1.008127521348292
3 6 0.9461471837583532
4 6 -1.218661265006648
5 6 -0.4708742419623156
6 6 2.278573479851948
7 6 -0.939221714007944
8 6 0.4948671501462572
9 6 -0.4427818743543275
10 6 -0.1299495090291465
11 6 -1.785809063884899
1 7 0.4227830389031459
2 7 1.279591681948806
3 7 -0.3049917902003814
4 7 1.279591681948806
5 7 -0.3049917902003814
6 7 1.279591681948806
7 7 0.4227830389031459
8 7 -1.412632520161591
9 7 -0.3049917902003814
10 7 -1.412632520161591
11 7 -0.3049917902003814
1 8 1.320847426192585
2 8 0.4365512679789051
3 8 -0.4477448902347745
4 8 0.4365512679789051
5 8 -0.4477448902347745
6 8 0.4365512679789051
7 8 1.320847426192585
8 8 -1.332041048448454
9 8 -0.4477448902347745
10 8 -1.332041048448454
11 8 -0.4477448902347745



# name: <cell-element>
# type: sparse matrix
# nnz: 126
# rows: 18
# columns: 8
1 1 0.4192135218864088
2 1 0.4192135218864088
3 1 1.28730967467871
4 1 -0.318668207987047
5 1 1.28730967467871
6 1 -0.318668207987047
7 1 -1.403788398977423
8 1 -1.403788398977423
9 1 -0.318668207987047
10 1 0.4192135218864088
11 1 0.4192135218864088
12 1 -0.318668207987047
13 1 1.28730967467871
14 1 1.28730967467871
15 1 -0.318668207987047
16 1 -1.403788398977423
17 1 1.28730967467871
18 1 0.4192135218864088
1 3 -0.6316057749786483
2 3 -0.9777860055188934
3 3 -1.113385920313676
4 3 0.03138851310826676
5 3 -1.237524742513788
6 3 0.3965785076709983
7 3 1.749309633232394
8 3 1.561099160864483
9 3 0.2971109530642346
10 3 -0.4591370442467912
11 3 -0.7504052929981102
12 3 0.2778710466201684
13 3 -1.147124799317266
14 3 -1.217042066993191
15 3 0.1645949467186203
16 3 1.587289368440257
17 3 -1.146664514474107
18 3 -0.7520162899491684
1 4 -0.8130554104438755
2 4 -1.87255647512369
3 4 -0.5713201209214724
4 4 0.5234456684289934
5 4 -1.020765438407634
6 4 0.2833496688289223
7 4 1.841634679388984
8 4 1.524931862930672
9 4 0.2936652005353034
10 4 -0.6941868997342983
11 4 -1.45209860138608
12 4 0.02238270972989411
13 4 -0.5595652126979219
14 4 -1.00381278164986
15 4 0.5112909333951181
16 4 1.58394630013462
17 4 -0.6900287009069198
18 4 -1.193090793657643
1 5 -1.659137152615402
2 5 -0.1738604049550133
3 5 -0.8848359023815949
4 5 -0.7274810014666699
5 5 0.1926613764443851
6 5 -0.1018993222195293
7 5 -0.07887177574417442
8 5 0.5582236767406437
9 5 -0.1786578104707122
10 5 0.00556256133212678
11 5 0.5419124979872674
12 5 0.7299707942026654
13 5 0.8096077257632677
14 5 1.028369417279139
15 5 2.495416023979872
16 5 -0.50296242333196
17 5 0.9352997502745797
18 5 -0.9942167481395305
1 6 -0.8158273144015358
2 6 -0.5373418438121592
3 6 1.420325147194319
4 6 0.9461471837583532
5 6 -1.218661265006648
6 6 -0.4708742419623156
7 6 1.223572565004032
8 6 1.073993958608292
9 6 -0.4427818743543275
10 6 0.3660662948869909
11 6 -0.1635543412243625
12 6 -1.785809063884899
13 6 -1.719659488838165
14 6 -1.439795902101981
15 6 -0.3775863797169211
16 6 0.6108409243467817
17 6 -0.2029896648099156
18 6 -0.434831204276595
1 7 0.4227830389031459
2 7 0.4227830389031459
3 7 1.279591681948806
4 7 -0.3049917902003814
5 7 1.279591681948806
6 7 -0.3049917902003814
7 7 -1.412632520161591
8 7 -1.412632520161591
9 7 -0.3049917902003814
10 7 0.4227830389031459
11 7 0.4227830389031459
12 7 -0.3049917902003814
13 7 1.279591681948806
14 7 1.279591681948806
15 7 -0.3049917902003814
16 7 -1.412632520161591
17 7 1.279591681948806
18 7 0.4227830389031459
1 8 1.320847426192585
2 8 1.320847426192585
3 8 0.4365512679789051
4 8 -0.4477448902347745
5 8 0.4365512679789051
6 8 -0.4477448902347745
7 8 -1.332041048448454
8 8 -1.332041048448454
9 8 -0.4477448902347745
10 8 1.320847426192585
11 8 1.320847426192585
12 8 -0.4477448902347745
13 8 0.4365512679789051
14 8 0.4365512679789051
15 8 -0.4477448902347745
16 8 -1.332041048448454
17 8 0.4365512679789051
18 8 1.320847426192585



