# Created by Octave 3.8.2, Mon May 23 09:41:49 2016 CEST <Andrea@Andreas-MacBook-Pro.local>
# name: mu
# type: matrix
# rows: 1
# columns: 9
 197044.0253164557 57.34177215189873 1 55200.06329113924 101609.1898734177 3289.20253164557 34952.83544303798 4168.822784810127 14.0253164556962


# name: sigma
# type: matrix
# rows: 1
# columns: 9
 34841.20401153941 23.03892251528635 0 21725.67736829689 25010.82904339328 1042.230010291626 9433.167175437598 1658.48000196267 4.523371455192331


