# Created by Octave 3.8.2, Mon May 23 09:41:59 2016 CEST <Andrea@Andreas-MacBook-Pro.local>
# name: x
# type: matrix
# rows: 1
# columns: 100
 8 8.121212121212121 8.242424242424242 8.363636363636363 8.484848484848484 8.606060606060606 8.727272727272727 8.848484848484848 8.969696969696971 9.090909090909092 9.212121212121213 9.333333333333334 9.454545454545455 9.575757575757576 9.696969696969697 9.818181818181818 9.939393939393941 10.06060606060606 10.18181818181818 10.3030303030303 10.42424242424243 10.54545454545455 10.66666666666667 10.78787878787879 10.90909090909091 11.03030303030303 11.15151515151515 11.27272727272727 11.39393939393939 11.51515151515152 11.63636363636364 11.75757575757576 11.87878787878788 12 12.12121212121212 12.24242424242424 12.36363636363637 12.48484848484849 12.60606060606061 12.72727272727273 12.84848484848485 12.96969696969697 13.09090909090909 13.21212121212121 13.33333333333333 13.45454545454546 13.57575757575758 13.6969696969697 13.81818181818182 13.93939393939394 14.06060606060606 14.18181818181818 14.3030303030303 14.42424242424243 14.54545454545455 14.66666666666667 14.78787878787879 14.90909090909091 15.03030303030303 15.15151515151515 15.27272727272727 15.39393939393939 15.51515151515152 15.63636363636364 15.75757575757576 15.87878787878788 16 16.12121212121212 16.24242424242424 16.36363636363636 16.48484848484848 16.60606060606061 16.72727272727273 16.84848484848485 16.96969696969697 17.09090909090909 17.21212121212121 17.33333333333334 17.45454545454546 17.57575757575758 17.6969696969697 17.81818181818182 17.93939393939394 18.06060606060606 18.18181818181818 18.3030303030303 18.42424242424243 18.54545454545455 18.66666666666667 18.78787878787879 18.90909090909091 19.03030303030303 19.15151515151516 19.27272727272727 19.39393939393939 19.51515151515152 19.63636363636364 19.75757575757576 19.87878787878788 20


# name: y
# type: matrix
# rows: 100
# columns: 1
 182256.8315894321
 182257.1031500831
 182257.3482205023
 182257.5689095681
 182257.7671976561
 182257.9449419682
 182258.10388175
 182258.2456433942
 182258.3717454321
 182258.4836034114
 182258.5825346615
 182258.6697629464
 182258.7464230033
 182258.8135649696
 182258.8721586968
 182258.9230979507
 182258.9672044997
 182259.0052320898
 182259.0378703061
 182259.0657483229
 182259.089438539
 182259.109460102
 182259.1262823179
 182259.1403279495
 182259.1519764007
 182259.161566788
 182259.1694009
 182259.1757460432
 182259.1808377748
 182259.1848825233
 182259.1880600957
 182259.1905260716
 182259.1924140853
 182259.1938379939
 182259.1948939334
 182259.1956622613
 182259.1962093865
 182259.1965894865
 182259.1968461116
 182259.1970136757
 182259.1971188352
 182259.197181754
 182259.1972172566
 182259.1972358668
 182259.1972447357
 182259.1972484543
 182259.1972497556
 182259.1972501018
 182259.1972501598
 182259.1972501637
 182259.1972501637
 182259.197250163
 182259.1972501411
 182259.1972499645
 182259.1972491847
 182259.1972467231
 182259.1972404424
 182259.1972266066
 182259.1971992266
 182259.1971492934
 182259.1970638991
 182259.1969252439
 182259.1967095309
 182259.1963857476
 182259.1959143352
 182259.195245744
 182259.1943188768
 182259.1930594186
 182259.1913780544
 182259.189168573
 182259.1863058587
 182259.1826437701
 182259.1780129049
 182259.1722182536
 182259.1650367388
 182259.1562146423
 182259.1454649191
 182259.1324643986
 182259.1168508729
 182259.0982200721
 182259.0761225267
 182259.0500603174
 182259.0194837115
 182258.9837876869
 182258.9423083428
 182258.8943191977
 182258.8390273746
 182258.7755696733
 182258.7030085292
 182258.6203278603
 182258.5264288002
 182258.4201253191
 182258.3001397312
 182258.1650980896
 182258.0135254682
 182257.8438411309
 182257.6543535874
 182257.4432555367
 182257.2086186972
 182256.9483885243


# name: QUERY
# type: sq_string
# elements: 1
# length: 2
Q3


# name: DATASIZE
# type: sq_string
# elements: 1
# length: 2
50


