# Created by Octave 3.8.2, Mon May 23 09:41:59 2016 CEST <Andrea@Andreas-MacBook-Pro.local>
# name: x
# type: matrix
# rows: 1
# columns: 100
 8 8.121212121212121 8.242424242424242 8.363636363636363 8.484848484848484 8.606060606060606 8.727272727272727 8.848484848484848 8.969696969696971 9.090909090909092 9.212121212121213 9.333333333333334 9.454545454545455 9.575757575757576 9.696969696969697 9.818181818181818 9.939393939393941 10.06060606060606 10.18181818181818 10.3030303030303 10.42424242424243 10.54545454545455 10.66666666666667 10.78787878787879 10.90909090909091 11.03030303030303 11.15151515151515 11.27272727272727 11.39393939393939 11.51515151515152 11.63636363636364 11.75757575757576 11.87878787878788 12 12.12121212121212 12.24242424242424 12.36363636363637 12.48484848484849 12.60606060606061 12.72727272727273 12.84848484848485 12.96969696969697 13.09090909090909 13.21212121212121 13.33333333333333 13.45454545454546 13.57575757575758 13.6969696969697 13.81818181818182 13.93939393939394 14.06060606060606 14.18181818181818 14.3030303030303 14.42424242424243 14.54545454545455 14.66666666666667 14.78787878787879 14.90909090909091 15.03030303030303 15.15151515151515 15.27272727272727 15.39393939393939 15.51515151515152 15.63636363636364 15.75757575757576 15.87878787878788 16 16.12121212121212 16.24242424242424 16.36363636363636 16.48484848484848 16.60606060606061 16.72727272727273 16.84848484848485 16.96969696969697 17.09090909090909 17.21212121212121 17.33333333333334 17.45454545454546 17.57575757575758 17.6969696969697 17.81818181818182 17.93939393939394 18.06060606060606 18.18181818181818 18.3030303030303 18.42424242424243 18.54545454545455 18.66666666666667 18.78787878787879 18.90909090909091 19.03030303030303 19.15151515151516 19.27272727272727 19.39393939393939 19.51515151515152 19.63636363636364 19.75757575757576 19.87878787878788 20


# name: y
# type: matrix
# rows: 100
# columns: 1
 180983.2233872122
 181044.6387542005
 181102.3857777351
 181156.6135244357
 181207.4679688219
 181255.0919933134
 181299.6253882298
 181341.2048517907
 181379.9639901155
 181416.033317224
 181449.5402550354
 181480.6091333695
 181509.3611899455
 181535.9145703829
 181560.384328201
 181582.8824248193
 181603.5177295571
 181622.3960196336
 181639.6199801682
 181655.2892041801
 181669.5001925885
 181682.3463542127
 181693.9180057717
 181704.3023718847
 181713.5835850709
 181721.8426857493
 181729.157622239
 181735.603250759
 181741.2513354283
 181746.1705482658
 181750.4264691906
 181754.0815860215
 181757.1952944774
 181759.8238981772
 181762.0206086397
 181763.8355452837
 181765.315735428
 181766.5051142914
 181767.4445249925
 181768.1717185501
 181768.7213538829
 181769.1249978094
 181769.4111250482
 181769.6051182181
 181769.7292678374
 181769.8027723248
 181769.8417379986
 181769.8591790776
 181769.86501768
 181769.8660838242
 181769.8661154287
 181769.8657583118
 181769.8625661919
 181769.8510006872
 181769.8224313161
 181769.7651354967
 181769.6642985473
 181769.5020136862
 181769.2572820314
 181768.9060126011
 181768.4210223134
 181767.7720359864
 181766.9256863381
 181765.8455139866
 181764.4919674499
 181762.8224031459
 181760.7910853926
 181758.349186408
 181755.4447863098
 181752.0228731159
 181748.0253427442
 181743.3909990125
 181738.0555536386
 181731.9516262402
 181725.008744335
 181717.1533433408
 181708.3087665751
 181698.3952652557
 181687.3299985001
 181675.0270333259
 181661.3973446507
 181646.348815292
 181629.7862359673
 181611.611305294
 181591.7226297897
 181570.0157238717
 181546.3830098574
 181520.7138179642
 181492.8943863094
 181462.8078609103
 181430.3342956842
 181395.3506524483
 181357.7308009199
 181317.3455187161
 181274.0624913541
 181227.7463122511
 181178.2584827242
 181125.4574119904
 181069.1984171667
 181009.3337232703


# name: QUERY
# type: sq_string
# elements: 1
# length: 2
Q3


# name: DATASIZE
# type: sq_string
# elements: 1
# length: 2
50


