# Created by Octave 3.8.2, Mon May 23 09:41:59 2016 CEST <Andrea@Andreas-MacBook-Pro.local>
# name: x
# type: matrix
# rows: 1
# columns: 100
 8 8.121212121212121 8.242424242424242 8.363636363636363 8.484848484848484 8.606060606060606 8.727272727272727 8.848484848484848 8.969696969696971 9.090909090909092 9.212121212121213 9.333333333333334 9.454545454545455 9.575757575757576 9.696969696969697 9.818181818181818 9.939393939393941 10.06060606060606 10.18181818181818 10.3030303030303 10.42424242424243 10.54545454545455 10.66666666666667 10.78787878787879 10.90909090909091 11.03030303030303 11.15151515151515 11.27272727272727 11.39393939393939 11.51515151515152 11.63636363636364 11.75757575757576 11.87878787878788 12 12.12121212121212 12.24242424242424 12.36363636363637 12.48484848484849 12.60606060606061 12.72727272727273 12.84848484848485 12.96969696969697 13.09090909090909 13.21212121212121 13.33333333333333 13.45454545454546 13.57575757575758 13.6969696969697 13.81818181818182 13.93939393939394 14.06060606060606 14.18181818181818 14.3030303030303 14.42424242424243 14.54545454545455 14.66666666666667 14.78787878787879 14.90909090909091 15.03030303030303 15.15151515151515 15.27272727272727 15.39393939393939 15.51515151515152 15.63636363636364 15.75757575757576 15.87878787878788 16 16.12121212121212 16.24242424242424 16.36363636363636 16.48484848484848 16.60606060606061 16.72727272727273 16.84848484848485 16.96969696969697 17.09090909090909 17.21212121212121 17.33333333333334 17.45454545454546 17.57575757575758 17.6969696969697 17.81818181818182 17.93939393939394 18.06060606060606 18.18181818181818 18.3030303030303 18.42424242424243 18.54545454545455 18.66666666666667 18.78787878787879 18.90909090909091 19.03030303030303 19.15151515151516 19.27272727272727 19.39393939393939 19.51515151515152 19.63636363636364 19.75757575757576 19.87878787878788 20


# name: y
# type: matrix
# rows: 100
# columns: 1
 179408.3646508438
 179803.607669611
 180190.8187402155
 180569.9978626573
 180941.1450369363
 181304.2602630526
 181659.3435410062
 182006.3948707971
 182345.4142524252
 182676.4016858906
 182999.3571711933
 183314.2807083332
 183621.1722973104
 183920.0319381249
 184210.8596307767
 184493.6553752657
 184768.419171592
 185035.1510197555
 185293.8509197563
 185544.5188715945
 185787.1548752698
 186021.7589307825
 186248.3310381324
 186466.8711973196
 186677.379408344
 186879.8556712057
 187074.2999859047
 187260.712352441
 187439.0927708145
 187609.4412410253
 187771.7577630734
 187926.0423369588
 188072.2949626814
 188210.5156402412
 188340.7043696384
 188462.8611508728
 188576.9859839445
 188683.0788688535
 188781.1398055997
 188871.1687941832
 188953.165834604
 189027.1309268621
 189093.0640709574
 189150.96526689
 189200.8345146598
 189242.671814267
 189276.4771657114
 189302.250568993
 189319.992024112
 189329.7015310682
 189331.3790898617
 189325.0247004924
 189310.6383629605
 189288.2200772657
 189257.7698434083
 189219.2876613881
 189172.7735312052
 189118.2274528596
 189055.6494263512
 188985.0394516802
 188906.3975288463
 188819.7236578498
 188725.0178386905
 188622.2800713685
 188511.5103558838
 188392.7086922363
 188265.8750804261
 188131.0095204532
 187988.1120123176
 187837.1825560192
 187678.2211515581
 187511.2277989342
 187336.2024981476
 187153.1452491984
 186962.0560520863
 186762.9349068116
 186555.7818133741
 186340.5967717739
 186117.3797820109
 185886.1308440852
 185646.8499579968
 185399.5371237457
 185144.1923413318
 184880.8156107552
 184609.4069320159
 184329.9663051138
 184042.493730049
 183746.9892068215
 183443.4527354313
 183131.8843158783
 182812.2839481626
 182484.6516322842
 182148.987368243
 181805.2911560391
 181453.5629956725
 181093.8028871431
 180726.010830451
 180350.1868255962
 179966.3308725787
 179574.4429713984


# name: QUERY
# type: sq_string
# elements: 1
# length: 2
Q3


# name: DATASIZE
# type: sq_string
# elements: 1
# length: 2
50


