# Created by Octave 3.8.2, Mon May 23 09:41:59 2016 CEST <Andrea@Andreas-MacBook-Pro.local>
# name: x
# type: matrix
# rows: 1
# columns: 100
 8 8.121212121212121 8.242424242424242 8.363636363636363 8.484848484848484 8.606060606060606 8.727272727272727 8.848484848484848 8.969696969696971 9.090909090909092 9.212121212121213 9.333333333333334 9.454545454545455 9.575757575757576 9.696969696969697 9.818181818181818 9.939393939393941 10.06060606060606 10.18181818181818 10.3030303030303 10.42424242424243 10.54545454545455 10.66666666666667 10.78787878787879 10.90909090909091 11.03030303030303 11.15151515151515 11.27272727272727 11.39393939393939 11.51515151515152 11.63636363636364 11.75757575757576 11.87878787878788 12 12.12121212121212 12.24242424242424 12.36363636363637 12.48484848484849 12.60606060606061 12.72727272727273 12.84848484848485 12.96969696969697 13.09090909090909 13.21212121212121 13.33333333333333 13.45454545454546 13.57575757575758 13.6969696969697 13.81818181818182 13.93939393939394 14.06060606060606 14.18181818181818 14.3030303030303 14.42424242424243 14.54545454545455 14.66666666666667 14.78787878787879 14.90909090909091 15.03030303030303 15.15151515151515 15.27272727272727 15.39393939393939 15.51515151515152 15.63636363636364 15.75757575757576 15.87878787878788 16 16.12121212121212 16.24242424242424 16.36363636363636 16.48484848484848 16.60606060606061 16.72727272727273 16.84848484848485 16.96969696969697 17.09090909090909 17.21212121212121 17.33333333333334 17.45454545454546 17.57575757575758 17.6969696969697 17.81818181818182 17.93939393939394 18.06060606060606 18.18181818181818 18.3030303030303 18.42424242424243 18.54545454545455 18.66666666666667 18.78787878787879 18.90909090909091 19.03030303030303 19.15151515151516 19.27272727272727 19.39393939393939 19.51515151515152 19.63636363636364 19.75757575757576 19.87878787878788 20


# name: y
# type: matrix
# rows: 100
# columns: 1
 201365.1086264116
 201072.0896785499
 200790.8585129564
 200521.1731247455
 200262.7915090318
 200015.4716609299
 199778.9715755543
 199553.0492480196
 199337.4626734403
 199131.9698469311
 198936.3287636065
 198750.2974185809
 198573.633806969
 198406.0959238854
 198247.4417644446
 198097.4293237611
 197955.8165969496
 197822.3615791245
 197696.8222654005
 197578.956650892
 197468.5227307137
 197365.2784999801
 197268.9819538057
 197179.3910873052
 197096.2638955931
 197019.3583737839
 196948.4325169922
 196883.2443203325
 196823.5517789195
 196769.1128878676
 196719.6856422915
 196675.0280373057
 196634.8980680247
 196599.0537295631
 196567.2530170355
 196539.2539255563
 196514.8144502403
 196493.6925862019
 196475.6463285557
 196460.4336724163
 196447.8126128982
 196437.5411451159
 196429.3772641841
 196423.0789652173
 196418.40424333
 196415.1110936368
 196412.9575112523
 196411.701491291
 196411.1010288674
 196410.9141190962
 196410.898757092
 196410.8129379691
 196410.4146568423
 196409.4619088261
 196407.7126890349
 196404.9249925835
 196400.8568145863
 196395.2661501579
 196387.9109944128
 196378.5493424657
 196366.9391894311
 196352.8385304235
 196336.0053605575
 196316.1976749477
 196293.1734687085
 196266.6907369547
 196236.5074748006
 196202.381677361
 196164.0713397503
 196121.334457083
 196073.9290244739
 196021.6130370373
 195964.144489888
 195901.2813781404
 195832.781696909
 195758.4034413086
 195677.9046064535
 195591.0431874584
 195497.5771794379
 195397.2645775064
 195289.8633767786
 195175.1315723689
 195052.827159392
 194922.7081329625
 194784.5324881948
 194638.0582202035
 194483.0433241033
 194319.2457950086
 194146.423628034
 193964.334818294
 193772.7373609033
 193571.3892509764
 193360.0484836278
 193138.4730539722
 192906.4209571239
 192663.6501881977
 192409.9187423081
 192144.9846145696
 191868.6058000968
 191580.5402940043


# name: QUERY
# type: sq_string
# elements: 1
# length: 2
Q3


# name: DATASIZE
# type: sq_string
# elements: 1
# length: 2
50


