# Created by Octave 4.0.0, Wed May 11 16:45:56 2016 CEST <peter@Independence>
# name: mu
# type: matrix
# rows: 1
# columns: 2
 606285.6216931217 578.042328042328


