# Created by Octave 4.0.0, Wed May 11 16:46:02 2016 CEST <peter@Independence>
# name: y
# type: matrix
# rows: 1
# columns: 100
 271782.010229053 279506.9836609578 287231.9570928626 294956.9305247674 302681.9039566723 310406.8773885771 318131.8508204819 325856.8242523867 333581.7976842915 341306.7711161964 349031.7445481012 356756.717980006 364481.6914119107 372206.6648438156 379931.6382757204 387656.6117076252 395381.58513953 403106.5585714348 410831.5320033397 418556.5054352445 426281.4788671493 434006.4522990541 441731.4257309589 449456.3991628637 457181.3725947685 464906.3460266733 472631.3194585782 480356.292890483 488081.2663223878 495806.2397542926 503531.2131861974 511256.1866181022 518981.160050007 526706.1334819118 534431.1069138166 542156.0803457214 549881.0537776264 557606.0272095312 565331.000641436 573055.9740733408 580780.9475052456 588505.9209371504 596230.8943690552 603955.86780096 611680.8412328648 619405.8146647696 627130.7880966745 634855.7615285793 642580.7349604841 650305.7083923889 658030.6818242937 665755.6552561986 673480.6286881034 681205.6021200082 688930.575551913 696655.5489838178 704380.5224157226 712105.4958476274 719830.4692795322 727555.442711437 735280.4161433418 743005.3895752467 750730.3630071515 758455.3364390563 766180.3098709611 773905.2833028659 781630.2567347707 789355.2301666755 797080.2035985803 804805.1770304852 812530.15046239 820255.1238942948 827980.0973261996 835705.0707581044 843430.0441900092 851155.017621914 858879.9910538188 866604.9644857236 874329.9379176286 882054.9113495334 889779.8847814382 897504.858213343 905229.8316452478 912954.8050771526 920679.7785090574 928404.7519409622 936129.725372867 943854.6988047718 951579.6722366767 959304.6456685814 967029.6191004863 974754.5925323912 982479.565964296 990204.5393962008 997929.5128281056 1005654.48626001 1013379.459691915 1021104.43312382 1028829.406555725 1036554.37998763


