# Created by Octave 4.0.0, Wed May 11 16:45:56 2016 CEST <peter@Independence>
# name: sigma
# type: matrix
# rows: 1
# columns: 2
 340445.6576684947 281.8457133985625


