# Created by Octave 4.0.0, Mon May 09 11:32:15 2016 CEST <peter@Independence>
# name: y
# type: matrix
# rows: 1
# columns: 100
 83697.04178707021 83683.35187879004 83669.66197050986 83655.97206222969 83642.28215394952 83628.59224566935 83614.90233738918 83601.21242910901 83587.52252082883 83573.83261254866 83560.1427042685 83546.45279598833 83532.76288770816 83519.07297942799 83505.38307114781 83491.69316286764 83478.00325458747 83464.3133463073 83450.62343802713 83436.93352974697 83423.24362146678 83409.55371318661 83395.86380490645 83382.17389662628 83368.48398834611 83354.79408006594 83341.10417178576 83327.41426350559 83313.72435522542 83300.03444694525 83286.34453866509 83272.65463038492 83258.96472210473 83245.27481382457 83231.5849055444 83217.89499726423 83204.20508898406 83190.51518070389 83176.82527242371 83163.13536414354 83149.44545586337 83135.75554758321 83122.06563930304 83108.37573102287 83094.68582274269 83080.99591446252 83067.30600618235 83053.61609790218 83039.92618962201 83026.23628134184 83012.54637306166 82998.85646478149 82985.16655650132 82971.47664822116 82957.78673994099 82944.09683166082 82930.40692338064 82916.71701510047 82903.0271068203 82889.33719854013 82875.64729025996 82861.9573819798 82848.26747369961 82834.57756541944 82820.88765713928 82807.19774885911 82793.50784057894 82779.81793229877 82766.12802401859 82752.43811573842 82738.74820745825 82725.05829917808 82711.36839089791 82697.67848261775 82683.98857433756 82670.2986660574 82656.60875777723 82642.91884949706 82629.22894121689 82615.53903293672 82601.84912465654 82588.15921637637 82574.4693080962 82560.77939981603 82547.08949153587 82533.3995832557 82519.70967497553 82506.01976669535 82492.32985841518 82478.63995013501 82464.95004185484 82451.26013357467 82437.57022529449 82423.88031701432 82410.19040873415 82396.50050045399 82382.81059217382 82369.12068389365 82355.43077561348 82341.7408673333


