# Created by Octave 4.0.0, Mon May 09 11:32:15 2016 CEST <peter@Independence>
# name: y
# type: matrix
# rows: 100
# columns: 1
 82660.83003195059
 82661.39838829651
 82661.94347374668
 82662.46577473287
 82662.96577768687
 82663.44396904043
 82663.90083522531
 82664.33686267328
 82664.75253781614
 82665.1483470856
 82665.52477691349
 82665.88231373152
 82666.22144397149
 82666.54265406515
 82666.84643044429
 82667.13325954067
 82667.40362778604
 82667.65802161218
 82667.89692745084
 82668.12083173382
 82668.33022089287
 82668.52558135975
 82668.70739956624
 82668.87616194409
 82669.03235492508
 82669.17646494097
 82669.30897842355
 82669.43038180454
 82669.54116151576
 82669.64180398895
 82669.73279565587
 82669.81462294831
 82669.88777229803
 82669.95273013678
 82670.00998289633
 82670.06001700847
 82670.10331890495
 82670.14037501754
 82670.17167177801
 82670.19769561812
 82670.21893296964
 82670.23587026434
 82670.24899393399
 82670.25879041034
 82670.26574612518
 82670.27034751028
 82670.27308099737
 82670.27443301825
 82670.27489000469
 82670.27493838844
 82670.27506460126
 82670.27575507494
 82670.27749624124
 82670.28077453192
 82670.28607637875
 82670.29388821349
 82670.30469646792
 82670.31898757382
 82670.33724796293
 82670.35996406701
 82670.38762231787
 82670.42070914723
 82670.45971098689
 82670.50511426861
 82670.55740542414
 82670.61707088527
 82670.68459708375
 82670.76047045135
 82670.84517741985
 82670.939204421
 82671.04303788659
 82671.15716424835
 82671.28206993808
 82671.41824138754
 82671.56616502849
 82671.72632729271
 82671.89921461194
 82672.08531341798
 82672.28511014258
 82672.4990912175
 82672.72774307453
 82672.97155214541
 82673.23100486193
 82673.50658765584
 82673.79878695891
 82674.10808920293
 82674.43498081964
 82674.77994824082
 82675.14347789822
 82675.52605622364
 82675.92816964882
 82676.35030460553
 82676.79294752554
 82677.25658484062
 82677.74170298254
 82678.24878838306
 82678.77832747395
 82679.33080668698
 82679.90671245391
 82680.50653120653


