# Created by Octave 4.0.0, Mon May 09 11:32:15 2016 CEST <peter@Independence>
# name: y
# type: matrix
# rows: 100
# columns: 1
 83194.89494011074
 83185.37656586006
 83175.86492467113
 83166.36262374349
 83156.87231091154
 83147.39667406103
 83137.93844049476
 83128.50037624709
 83119.08528534572
 83109.69600902074
 83100.33542485912
 83091.00644590508
 83081.71201970468
 83072.45512729489
 83063.23878213594
 83054.06602898722
 83044.93994272579
 83035.86362710787
 83026.84021347246
 83017.87285938786
 83008.96474724027
 83000.11908276538
 82991.33909352256
 82982.6280273124
 82973.98915053786
 82965.42574650959
 82956.94111369594
 82948.53856391886
 82940.22142049586
 82931.99301632955
 82923.85669194574
 82915.81579348093
 82907.87367062097
 82900.03367449205
 82892.29915550534
 82884.67346115742
 82877.1599337877
 82869.76190829492
 82862.48270981469
 82855.32565136004
 82848.29403142695
 82841.39113156768
 82834.62021393341
 82827.98451878931
 82821.4872620043
 82815.13163251802
 82808.92078978795
 82802.85786121915
 82796.94593957986
 82791.1880804056
 82785.58729939479
 82780.14656979914
 82774.8688198118
 82769.75692995651
 82764.81373048082
 82760.04199875709
 82755.44445669402
 82751.02376816254
 82746.7825364392
 82742.7233016706
 82738.84853836214
 82735.16065289473
 82731.66198107271
 82728.35478570672
 82725.24125423448
 82722.32349638347
 82719.60354187849
 82717.08333819784
 82714.76474838109
 82712.64954889211
 82710.73942754045
 82709.03598146442
 82707.54071517875
 82706.25503869056
 82705.18026568573
 82704.31761178978
 82703.66819290505
 82703.23302362778
 82703.01301574739
 82703.00897683078
 82703.2216088939
 82703.6515071633
 82704.29915892977
 82705.16494249625
 82706.24912622212
 82707.55186766569
 82709.07321282694
 82710.81309549173
 82712.77133667941
 82714.94764419502
 82717.3416122874
 82719.95272141407
 82722.78033811408
 82725.82371498966
 82729.08199079685
 82732.55419064611
 82736.23922631294
 82740.13589665858
 82744.24288816116
 82748.55877555664


