# Created by Octave 4.0.0, Mon May 09 11:32:15 2016 CEST <peter@Independence>
# name: y
# type: matrix
# rows: 100
# columns: 1
 83093.53835018916
 83088.37883989407
 83083.21932959894
 83078.05981930386
 83072.90030900875
 83067.74079871365
 83062.58128841854
 83057.42177812346
 83052.26226782835
 83047.10275753327
 83041.94324723816
 83036.78373694305
 83031.62422664795
 83026.46471635284
 83021.30520605775
 83016.14569576264
 83010.98618546755
 83005.82667517244
 83000.66716487735
 82995.50765458224
 82990.34814428714
 82985.18863399205
 82980.02912369695
 82974.86961340184
 82969.71010310674
 82964.55059281165
 82959.39108251654
 82954.23157222144
 82949.07206192634
 82943.91255163125
 82938.75304133614
 82933.59353104104
 82928.43402074595
 82923.27451045084
 82918.11500015574
 82912.95548986063
 82907.79597956553
 82902.63646927044
 82897.47695897534
 82892.31744868023
 82887.15793838513
 82881.99842809004
 82876.83891779493
 82871.67940749983
 82866.51989720474
 82861.36038690964
 82856.20087661453
 82851.04136631943
 82845.88185602434
 82840.72234572923
 82835.56283543413
 82830.40332513904
 82825.24381484393
 82820.08430454883
 82814.92479425373
 82809.76528395862
 82804.60577366353
 82799.44626336843
 82794.28675307333
 82789.12724277822
 82783.96773248313
 82778.80822218803
 82773.64871189292
 82768.48920159783
 82763.32969130272
 82758.17018100762
 82753.01067071252
 82747.85116041741
 82742.69165012232
 82737.53213982722
 82732.37262953212
 82727.21311923701
 82722.05360894192
 82716.89409864682
 82711.73458835171
 82706.57507805662
 82701.41556776152
 82696.25605746642
 82691.09654717133
 82685.93703687622
 82680.77752658112
 82675.61801628601
 82670.45850599092
 82665.2989956958
 82660.13948540072
 82654.97997510563
 82649.82046481052
 82644.66095451541
 82639.50144422031
 82634.34193392521
 82629.18242363012
 82624.02291333501
 82618.8634030399
 82613.70389274482
 82608.54438244971
 82603.38487215461
 82598.22536185951
 82593.0658515644
 82587.90634126932
 82582.74683097421


