# Created by Octave 4.0.0, Wed May 11 16:46:10 2016 CEST <peter@Independence>
# name: mu
# type: matrix
# rows: 1
# columns: 2
 638834.8401084011 567.7506775067751


