# Created by Octave 4.0.0, Wed May 11 16:46:16 2016 CEST <peter@Independence>
# name: y
# type: matrix
# rows: 1
# columns: 100
 81356.256770454 94647.5662782205 107938.8757859869 121230.1852937535 134521.4948015201 147812.8043092866 161104.1138170531 174395.4233248197 187686.7328325862 200978.0423403527 214269.3518481192 227560.6613558857 240851.9708636522 254143.2803714187 267434.5898791853 280725.8993869518 294017.2088947183 307308.5184024848 320599.8279102514 333891.1374180179 347182.4469257844 360473.756433551 373765.0659413175 387056.375449084 400347.6849568505 413638.9944646171 426930.3039723836 440221.6134801501 453512.9229879166 466804.2324956831 480095.5420034496 493386.8515112163 506678.1610189827 519969.4705267492 533260.7800345158 546552.0895422823 559843.3990500488 573134.7085578153 586426.0180655819 599717.3275733484 613008.6370811149 626299.9465888814 639591.2560966481 652882.5656044144 666173.8751121811 679465.1846199476 692756.4941277141 706047.8036354806 719339.1131432472 732630.4226510136 745921.7321587802 759213.0416665466 772504.3511743131 785795.6606820797 799086.9701898461 812378.2796976127 825669.5892053794 838960.8987131458 852252.2082209124 865543.5177286789 878834.8272364454 892126.1367442119 905417.4462519784 918708.7557597449 932000.0652675114 945291.3747752781 958582.6842830444 971873.993790811 985165.3032985777 998456.6128063441 1011747.922314111 1025039.231821877 1038330.541329644 1051621.85083741 1064913.160345177 1078204.469852943 1091495.77936071 1104787.088868476 1118078.398376243 1131369.707884009 1144661.017391776 1157952.326899542 1171243.636407309 1184534.945915075 1197826.255422842 1211117.564930608 1224408.874438375 1237700.183946142 1250991.493453908 1264282.802961675 1277574.112469441 1290865.421977208 1304156.731484974 1317448.040992741 1330739.350500507 1344030.660008274 1357321.96951604 1370613.279023807 1383904.588531573 1397195.89803934


