# Created by Octave 4.0.0, Wed May 11 16:46:10 2016 CEST <peter@Independence>
# name: sigma
# type: matrix
# rows: 1
# columns: 2
 607498.2417557746 277.3429494009538


