# Created by Octave 4.0.0, Wed May 11 16:46:16 2016 CEST <peter@Independence>
# name: y
# type: matrix
# rows: 100
# columns: 1
 210634.5517316755
 236112.1647226662
 260375.1476540779
 283453.1668279896
 305375.888546503
 326172.9791116996
 345874.1048256772
 364508.9319905216
 382107.1269083269
 398698.3558811815
 414312.2852111771
 428978.5812004054
 442726.9101509554
 455586.9383649176
 467588.3321443852
 478760.7577914465
 489133.8816081942
 498737.3698967166
 507600.8889591061
 515754.1050974538
 523226.6846138494
 530048.2938103841
 536248.5989891487
 541857.2664522337
 546903.96250173
 551418.3534397281
 555430.1055683192
 558968.8851895938
 562064.3586056425
 564746.192118556
 567044.0520304253
 568987.6046433409
 570606.5162593938
 571930.4531806745
 572989.0817092739
 573812.0681472825
 574429.0787967913
 574869.7799598909
 575163.8379386719
 575340.9190352254
 575430.6895516419
 575462.8157900121
 575466.964052427
 575472.800640977
 575509.9918577529
 575608.2040048457
 575797.1033843458
 576106.3562983442
 576565.6290489314
 577204.5879381984
 578052.8992682358
 579140.2293411342
 580496.2444589846
 582150.6109238776
 584132.9950379039
 586473.0631031542
 589200.4814217195
 592344.9162956902
 595936.0340271575
 600003.5009182113
 604576.9832709432
 609686.1473874437
 615360.6595698034
 621630.1861201125
 628524.3933404628
 636072.9475329448
 644305.5149996489
 653251.7620426659
 662941.3549640862
 673403.9600660009
 684669.2436505008
 696766.8720196764
 709726.5114756193
 723577.8283204196
 738350.4888561672
 754074.1593849525
 770778.5062088707
 788493.1956300079
 807247.8939504534
 827072.2674723036
 847995.9824976444
 870048.7053285693
 893260.1022671699
 917659.8396155336
 943277.5836757508
 970143.0007499165
 998285.7571401191
 1027735.519148446
 1058521.953076999
 1090674.725227856
 1124223.501903113
 1159197.949404863
 1195627.73403519
 1233542.522096191
 1272971.979889959
 1313945.773718575
 1356493.569884134
 1400645.034688731
 1446429.834434453
 1493877.635423391


