# Created by Octave 4.0.0, Wed May 11 16:46:16 2016 CEST <peter@Independence>
# name: y
# type: matrix
# rows: 100
# columns: 1
 200874.6038980522
 210706.8533719404
 220539.1028458027
 230371.3523197168
 240203.6017935926
 250035.8512674808
 259868.1007413881
 269700.350215286
 279532.599689172
 289364.8491630446
 299197.0986369546
 309029.3481108471
 318861.597584717
 328693.8470586051
 338526.0965324958
 348358.3460063674
 358190.5954802669
 368022.8449541656
 377855.0944280528
 387687.3439019378
 397519.593375815
 407351.8428497091
 417184.0923236104
 427016.3417975031
 436848.5912713939
 446680.8407452696
 456513.0902191545
 466345.339693055
 476177.5891669415
 486009.8386408243
 495842.0881147154
 505674.3375886063
 515506.5870624955
 525338.8365363867
 535171.086010272
 545003.3354841608
 554835.5849580506
 564667.8344319388
 574500.0839058273
 584332.333379715
 594164.5828536052
 603996.8323274938
 613829.0818013827
 623661.3312752708
 633493.58074916
 643325.8302230482
 653158.0796969387
 662990.3291708303
 672822.5786447112
 682654.828118601
 692487.0775924947
 702319.3270663838
 712151.5765402721
 721983.8260141619
 731816.0754880551
 741648.3249619303
 751480.5744358234
 761312.8239097127
 771145.0733836025
 780977.3228574902
 790809.5723313816
 800641.821805269
 810474.0712791565
 820306.3207530446
 830138.570226948
 839970.819700838
 849803.0691747314
 859635.3186485958
 869467.5681224824
 879299.8175963872
 889132.0670702895
 898964.316544167
 908796.566018047
 918628.8154919303
 928461.0649658302
 938293.314439693
 948125.5639136119
 957957.813387499
 967790.0628613839
 977622.312335283
 987454.5618091749
 997286.8112830431
 1007119.060756963
 1016951.310230828
 1026783.559704712
 1036615.809178594
 1046448.058652469
 1056280.308126372
 1066112.557600245
 1075944.807074154
 1085777.056548013
 1095609.306021962
 1105441.55549586
 1115273.80496973
 1125106.054443621
 1134938.303917506
 1144770.55339137
 1154602.802865253
 1164435.052339156
 1174267.301813012


