# Created by Octave 4.0.0, Wed May 11 16:46:16 2016 CEST <peter@Independence>
# name: y
# type: matrix
# rows: 100
# columns: 1
 185079.7893880748
 188064.4321702628
 191796.0421533918
 196245.9222492879
 201380.654093816
 207162.2864138386
 213548.5676865012
 220493.2220940733
 227946.2673301381
 235854.3723709388
 244161.2528941876
 252808.1016110383
 261734.0503799814
 270876.6605983972
 280172.4380223759
 289557.3678522983
 298967.4656438247
 308339.3393645097
 317610.757718297
 326721.2197056319
 335612.5202780431
 344229.3068843429
 352519.6216917994
 360435.4243008929
 367933.0898561014
 374973.8775880728
 381524.3650028487
 387556.8431614808
 393049.6687657853
 397987.5690820755
 402361.8960915616
 406170.8266512241
 409419.5058795871
 412120.131443903
 414291.9769160934
 415961.3528795552
 417161.5050040605
 417932.4488568724
 418320.7417801718
 418379.192733294
 418166.511568356
 417746.89977415
 417189.5852812364
 416568.3044652496
 415960.7350109714
 415447.8838011109
 415113.4344666098
 415043.0596739468
 415323.7036255888
 416042.840607164
 417287.7157253199
 419144.5742395448
 421697.8860959249
 425029.5724178276
 429218.2407950644
 434338.4362371474
 440459.9146161211
 447646.9453192399
 455957.6496609054
 465443.3813671484
 476148.1551456496
 488108.1289910647
 501351.145452082
 515896.3366061298
 531753.7969532367
 548924.3278578597
 567399.2565399645
 587160.3319518591
 608179.6991797878
 630419.9532872238
 653834.2727766363
 678366.6320961056
 703952.0918643916
 730517.164741235
 757980.2541362324
 786252.1622390262
 815236.6631723113
 844831.136426585
 874927.2551381201
 905411.7232269425
 936167.0549261976
 967072.3898138434
 998004.3361075874
 1028837.834708895
 1059447.036284855
 1089706.183560824
 1119490.490963302
 1148677.013802571
 1177145.499316977
 1204779.212114881
 1231465.726843382
 1257097.68128063
 1281573.483488478
 1304797.967166508
 1326682.989912944
 1347147.969714784
 1366120.355651057
 1383536.029491557
 1399339.635600066
 1413484.837297115


