# Created by Octave 3.8.2, Wed May 11 13:49:30 2016 CEST <Andrea@Andreas-MacBook-Pro.local>
# name: mu
# type: matrix
# rows: 1
# columns: 2
 220371.3192612137 88.54881266490766


