# Created by Octave 3.8.2, Wed May 11 13:49:30 2016 CEST <Andrea@Andreas-MacBook-Pro.local>
# name: sigma
# type: matrix
# rows: 1
# columns: 2
 153023.8146860646 21.05559829323257


