# Created by Octave 3.8.2, Wed May 11 13:49:42 2016 CEST <Andrea@Andreas-MacBook-Pro.local>
# name: ysvr
# type: matrix
# rows: 100
# columns: 1
 286793.4831991377
 284474.5810825171
 282046.4526574429
 279523.0275605834
 276918.7837698898
 274248.6039870084
 271527.626357659
 268771.091417388
 265994.1872310414
 263211.8947451815
 260438.8353921554
 257689.122971802
 254976.2217916835
 252312.8129696289
 249710.6706942995
 247180.550102014
 244732.0882633612
 242373.7195838552
 240112.6067122155
 237954.58782133
 235904.1408845157
 233964.3653174933
 232136.9810989159
 230422.3452237921
 228819.485089203
 227326.1481647196
 225938.8670651113
 224653.0389242769
 223463.0177704753
 222362.218427137
 221343.2303135948
 220397.9393982694
 219517.6564649086
 218693.2497915751
 217915.2803127735
 217174.1373373553
 216460.1729280562
 215763.8331114937
 215075.7841785084
 214387.0324516548
 213689.0360368317
 212973.8072364828
 212234.0044792087
 211463.0128114776
 210655.0121977284
 209805.0330817596
 208908.9988711333
 207963.755213701
 206967.0861377258
 205917.7173210959
 204815.306937722
 203660.4246976142
 202454.5198489765
 201199.8790438937
 199899.5750822843
 198557.4076405629
 197177.8371612297
 195765.9131270861
 194327.19796915
 192867.6878611518
 191393.7316366879
 189911.9490289649
 188429.149379172
 186952.251889703
 185488.2084147688
 184043.9296855895
 182626.2157626579
 181241.6913958817
 179896.746857116
 178597.4846910387
 177349.6727117313
 176158.703455847
 175029.5601908394
 173966.7894701594
 172974.4801281771
 172056.2485171568
 171215.2297080126
 170454.0743065884
 169774.9504784425
 169179.5507278534
 168669.1029410954
 168244.3851797759
 167905.7436968274
 167653.1136450144
 167486.0419548279
 167403.711874511
 167404.9686886815
 167488.3461625284
 167652.0932946797
 167894.2010024255
 168212.4284068236
 168604.3284311655
 169067.2724732106
 169598.4739584563
 170195.0106275177
 170853.8454545742
 171571.8461350258
 172345.8031183462
 173172.446196091
 174048.4596847204


