# Created by Octave 3.8.2, Wed May 11 13:49:42 2016 CEST <Andrea@Andreas-MacBook-Pro.local>
# name: ysvr
# type: matrix
# rows: 100
# columns: 1
 277563.0764229656
 276498.3165260509
 275433.5566291513
 274368.7967322504
 273304.0368353461
 272239.2769384308
 271174.5170415305
 270109.7571446262
 269044.9972477188
 267980.2373508146
 266915.4774539085
 265850.7175570044
 264785.9576600978
 263721.1977631919
 262656.4378662907
 261591.6779693817
 260526.9180724741
 259462.1581755733
 258397.3982786659
 257332.6383817605
 256267.8784848526
 255203.1185879487
 254138.3586910439
 253073.5987941396
 252008.8388972339
 250944.0790003288
 249879.3191034225
 248814.5592065167
 247749.7993096117
 246685.039412707
 245620.2795158012
 244555.5196188977
 243490.7597219902
 242425.9998250855
 241361.2399281776
 240296.4800312755
 239231.7201343698
 238166.9602374641
 237102.2003405585
 236037.4404436533
 234972.6805467469
 233907.9206498421
 232843.1607529368
 231778.4008560313
 230713.640959126
 229648.8810622206
 228584.1211653153
 227519.3612684099
 226454.6013715046
 225389.841474599
 224325.0815776938
 223260.3216807883
 222195.5617838832
 221130.8018869772
 220066.0419900723
 219001.2820931668
 217936.522196262
 216871.7622993565
 215807.0024024504
 214742.2425055448
 213677.4826086399
 212612.7227117339
 211547.9628148293
 210483.2029179253
 209418.4430210188
 208353.6831241118
 207288.9232272093
 206224.1633303038
 205159.4034333981
 204094.6435364919
 203029.8836395871
 201965.1237426835
 200900.363845772
 199835.6039488705
 198770.8440519655
 197706.0841550579
 196641.3242581532
 195576.5643612498
 194511.8044643422
 193447.0445674358
 192382.2846705307
 191317.5247736277
 190252.7648767207
 189188.0049798165
 188123.2450829135
 187058.4851860031
 185993.7252891046
 184928.965392196
 183864.2054952932
 182799.445598383
 181734.6857014818
 180669.9258045793
 179605.1659076669
 178540.4060107605
 177475.6461138577
 176410.886216959
 175346.1263200431
 174281.3664231389
 173216.6065262352
 172151.8466293297


