# Created by Octave 3.8.2, Wed May 11 13:49:42 2016 CEST <Andrea@Andreas-MacBook-Pro.local>
# name: ysvr
# type: matrix
# rows: 100
# columns: 1
 276812.8140459123
 274018.9696886949
 271343.7277535714
 268784.5158290482
 266338.7615037279
 264003.8923660551
 261777.336004587
 259656.5200078938
 257638.87196447
 255721.8194628578
 253902.7900916059
 252179.2114392451
 250548.5110942805
 249008.1166452641
 247555.4556807432
 246187.9557892315
 244903.0445592628
 243698.1495793848
 242570.6984381215
 241518.1187240003
 240537.838025561
 239627.2839313441
 238783.8840298704
 238005.0659096783
 237288.2571593023
 236630.885367275
 236030.3781221276
 235484.1630123967
 234989.6676266135
 234544.3195533117
 234145.546381024
 233790.7756982862
 233477.4350936274
 233202.9521555847
 232964.7544726891
 232760.2696334746
 232586.9252264753
 232442.1488402229
 232323.368063252
 232228.0104840953
 232153.5036912861
 232097.2752733578
 232056.7528188436
 232029.3639162769
 232012.536154191
 232003.6971211191
 232000.2744055945
 231999.6955961506
 231999.3882813205
 231996.7800496377
 231989.2984896353
 231974.3711898467
 231949.4257388051
 231911.8897250439
 231859.1907370963
 231788.7563634956
 231698.0141927752
 231584.3918134681
 231445.3168141079
 231278.2167832279
 231080.5193093617
 230849.6519810412
 230583.0423868008
 230278.1181151735
 229932.3067546942
 229543.0358938927
 229107.733121306
 228623.8260254666
 228088.7421949038
 227499.9092181541
 226854.7546837509
 226150.7061802298
 225385.1912961175
 224555.6376199554
 223659.4727402724
 222694.1242455986
 221657.019724477
 220545.5867654271
 219357.2529569965
 218089.4458877011
 216739.5931460969
 215305.1223206981
 213783.4610000502
 212172.0367726776
 210468.27722712
 208669.609951905
 206773.4625355687
 204777.2625666511
 202678.4376336651
 200474.4153251774
 198162.6232296844
 195740.4889357426
 193205.4400318695
 190554.9041066135
 187786.3087485048
 184897.0815461072
 181884.6500878575
 178746.4419624175
 175479.8847582196
 172082.4060638418


