# Created by Octave 4.0.0, Mon May 23 13:49:12 2016 CEST <peter@Independence>
# name: x
# type: matrix
# rows: 1
# columns: 100
 60 60.60606060606061 61.21212121212122 61.81818181818181 62.42424242424242 63.03030303030303 63.63636363636364 64.24242424242425 64.84848484848484 65.45454545454545 66.06060606060606 66.66666666666667 67.27272727272728 67.87878787878788 68.48484848484848 69.09090909090909 69.6969696969697 70.30303030303031 70.90909090909091 71.51515151515152 72.12121212121212 72.72727272727272 73.33333333333333 73.93939393939394 74.54545454545455 75.15151515151516 75.75757575757575 76.36363636363636 76.96969696969697 77.57575757575758 78.18181818181819 78.78787878787878 79.39393939393939 80 80.60606060606061 81.21212121212122 81.81818181818181 82.42424242424242 83.03030303030303 83.63636363636364 84.24242424242424 84.84848484848484 85.45454545454545 86.06060606060606 86.66666666666667 87.27272727272728 87.87878787878788 88.48484848484848 89.09090909090909 89.6969696969697 90.3030303030303 90.90909090909091 91.51515151515152 92.12121212121212 92.72727272727273 93.33333333333333 93.93939393939394 94.54545454545455 95.15151515151516 95.75757575757576 96.36363636363636 96.96969696969697 97.57575757575758 98.18181818181819 98.78787878787878 99.39393939393939 100 100.6060606060606 101.2121212121212 101.8181818181818 102.4242424242424 103.030303030303 103.6363636363636 104.2424242424242 104.8484848484848 105.4545454545455 106.0606060606061 106.6666666666667 107.2727272727273 107.8787878787879 108.4848484848485 109.0909090909091 109.6969696969697 110.3030303030303 110.9090909090909 111.5151515151515 112.1212121212121 112.7272727272727 113.3333333333333 113.9393939393939 114.5454545454545 115.1515151515152 115.7575757575758 116.3636363636364 116.969696969697 117.5757575757576 118.1818181818182 118.7878787878788 119.3939393939394 120


# name: y
# type: matrix
# rows: 100
# columns: 1
 1292647.912019616
 1270832.887946709
 1249073.35634154
 1227438.552096638
 1206001.340941486
 1184838.023800393
 1164028.102943173
 1143654.009671255
 1123800.793693349
 1104555.774778692
 1086008.157727138
 1068248.612158396
 1051368.819091335
 1035460.986752203
 1020617.338510864
 1006929.576289933
 994488.3232158468
 983382.5496764705
 973698.9873099509
 965521.5357675815
 958930.6673633403
 954002.8349387592
 950809.8884290133
 949418.5057101806
 949889.6433352589
 952278.0127251385
 956631.5872689182
 962991.1456052528
 971389.8561035045
 981852.9072421199
 994397.1881946923
 1009031.02348561
 1025753.96507195
 1044556.644652365
 1065420.688403942
 1088318.695712052
 1113214.282794402
 1140062.191437665
 1168808.462372564
 1199390.672120645
 1231738.231462819
 1265772.743015772
 1301408.414766842
 1338552.525820049
 1377105.940054061
 1416963.662894875
 1458015.43596887
 1500146.364031808
 1543237.568271274
 1587166.859858104
 1631809.427479085
 1677038.532520416
 1722726.205589148
 1768743.938157307
 1814963.363288306
 1861256.919654191
 1907498.493370799
 1953564.03256032
 1999332.129990566
 2044684.569630172
 2089506.833490766
 2133688.565692378
 2177123.991277878
 2219712.28790685
 2261357.909169609
 2301970.858868841
 2341466.916210473
 2379767.812418296
 2416801.359830438
 2452501.53504246
 2486808.51812518
 2519668.690359264
 2551034.593288625
 2580864.852196722
 2609124.067351466
 2635782.676543852
 2660816.792562373
 2684208.019300095
 2705943.250185946
 2726014.452568728
 2744418.441565308
 2761156.646717862
 2776234.874593964
 2789663.070213648
 2801455.079905551
 2811628.417886447
 2820204.038531886
 2827206.115967114
 2832661.832263893
 2836601.175187053
 2839056.746100954
 2840063.578326543
 2839658.965939959
 2837882.302728429
 2834774.930772831
 2830379.99791224
 2824742.323166743
 2817908.269052568
 2809925.619619482
 2800843.462974402


# name: QUERY
# type: sq_string
# elements: 1
# length: 2
R4


# name: DATASIZE
# type: sq_string
# elements: 1
# length: 4
1000


