# Created by Octave 4.0.0, Wed May 18 23:52:15 2016 CEST <peter@Independence>
# name: x
# type: matrix
# rows: 1
# columns: 100
 60 60.60606060606061 61.21212121212122 61.81818181818181 62.42424242424242 63.03030303030303 63.63636363636364 64.24242424242425 64.84848484848484 65.45454545454545 66.06060606060606 66.66666666666667 67.27272727272728 67.87878787878788 68.48484848484848 69.09090909090909 69.6969696969697 70.30303030303031 70.90909090909091 71.51515151515152 72.12121212121212 72.72727272727272 73.33333333333333 73.93939393939394 74.54545454545455 75.15151515151516 75.75757575757575 76.36363636363636 76.96969696969697 77.57575757575758 78.18181818181819 78.78787878787878 79.39393939393939 80 80.60606060606061 81.21212121212122 81.81818181818181 82.42424242424242 83.03030303030303 83.63636363636364 84.24242424242424 84.84848484848484 85.45454545454545 86.06060606060606 86.66666666666667 87.27272727272728 87.87878787878788 88.48484848484848 89.09090909090909 89.6969696969697 90.3030303030303 90.90909090909091 91.51515151515152 92.12121212121212 92.72727272727273 93.33333333333333 93.93939393939394 94.54545454545455 95.15151515151516 95.75757575757576 96.36363636363636 96.96969696969697 97.57575757575758 98.18181818181819 98.78787878787878 99.39393939393939 100 100.6060606060606 101.2121212121212 101.8181818181818 102.4242424242424 103.030303030303 103.6363636363636 104.2424242424242 104.8484848484848 105.4545454545455 106.0606060606061 106.6666666666667 107.2727272727273 107.8787878787879 108.4848484848485 109.0909090909091 109.6969696969697 110.3030303030303 110.9090909090909 111.5151515151515 112.1212121212121 112.7272727272727 113.3333333333333 113.9393939393939 114.5454545454545 115.1515151515152 115.7575757575758 116.3636363636364 116.969696969697 117.5757575757576 118.1818181818182 118.7878787878788 119.3939393939394 120


# name: y
# type: matrix
# rows: 100
# columns: 1
 1294844.359094646
 1271895.826996726
 1248964.694374064
 1226125.855053601
 1203458.321914578
 1181045.006655927
 1158972.456284853
 1137330.546118749
 1116212.129556531
 1095712.645363006
 1075929.683715104
 1056962.5127758
 1038911.56808334
 1021877.907563101
 1005962.635479495
 991266.2991382487
 977888.2626174261
 965926.0622411644
 955474.7489057198
 946626.22271608
 939468.5656862959
 934085.3784918345
 930555.1274321898
 928950.5078621298
 929337.8303767096
 931776.435985764
 936318.1463865181
 943006.7552377187
 951877.5660560242
 962956.9819971938
 976262.1523540404
 991800.6801043006
 1009570.394280088
 1029559.190312696
 1051744.940839714
 1076095.478754027
 1102568.653535141
 1131112.461142277
 1161665.246975712
 1194155.980638409
 1228504.600464604
 1264622.425036193
 1302412.628191804
 1341770.77335729
 1382585.402399419
 1424738.673635525
 1468107.043128561
 1512561.982966503
 1557970.729872883
 1604197.057226354
 1651102.063384715
 1698544.96911498
 1746383.916926548
 1794476.765188582
 1842681.870083589
 1890858.848703344
 1938869.316926457
 1986577.596123233
 2033851.383206268
 2080562.379076898
 2126586.871099558
 2171806.265859272
 2216107.569112201
 2259383.810515468
 2301534.41141021
 2342465.494620893
 2382090.135914347
 2420328.557424211
 2457108.263981356
 2492364.123889899
 2526038.396244003
 2558080.707385883
 2588447.979554538
 2617104.315162935
 2644020.840465004
 2669175.512630441
 2692552.894433632
 2714143.900882801
 2733945.52216787
 2751960.527292495
 2768197.152680377
 2782668.779912518
 2795393.606565129
 2806394.313883413
 2815697.73475032
 2823334.525098545
 2829338.841575367
 2833748.027910779
 2836602.312066832
 2837944.515867643
 2837819.778431856
 2836275.294359272
 2833360.067267129
 2829124.678934642
 2823621.07400206
 2816902.359886969
 2809022.621329384
 2800036.748761201
 2790000.279516696
 2778969.250760224


# name: QUERY
# type: sq_string
# elements: 1
# length: 2
R4


# name: DATASIZE
# type: sq_string
# elements: 1
# length: 4
1000


