# Created by Octave 4.0.0, Wed May 18 23:52:15 2016 CEST <peter@Independence>
# name: x
# type: matrix
# rows: 1
# columns: 100
 60 60.60606060606061 61.21212121212122 61.81818181818181 62.42424242424242 63.03030303030303 63.63636363636364 64.24242424242425 64.84848484848484 65.45454545454545 66.06060606060606 66.66666666666667 67.27272727272728 67.87878787878788 68.48484848484848 69.09090909090909 69.6969696969697 70.30303030303031 70.90909090909091 71.51515151515152 72.12121212121212 72.72727272727272 73.33333333333333 73.93939393939394 74.54545454545455 75.15151515151516 75.75757575757575 76.36363636363636 76.96969696969697 77.57575757575758 78.18181818181819 78.78787878787878 79.39393939393939 80 80.60606060606061 81.21212121212122 81.81818181818181 82.42424242424242 83.03030303030303 83.63636363636364 84.24242424242424 84.84848484848484 85.45454545454545 86.06060606060606 86.66666666666667 87.27272727272728 87.87878787878788 88.48484848484848 89.09090909090909 89.6969696969697 90.3030303030303 90.90909090909091 91.51515151515152 92.12121212121212 92.72727272727273 93.33333333333333 93.93939393939394 94.54545454545455 95.15151515151516 95.75757575757576 96.36363636363636 96.96969696969697 97.57575757575758 98.18181818181819 98.78787878787878 99.39393939393939 100 100.6060606060606 101.2121212121212 101.8181818181818 102.4242424242424 103.030303030303 103.6363636363636 104.2424242424242 104.8484848484848 105.4545454545455 106.0606060606061 106.6666666666667 107.2727272727273 107.8787878787879 108.4848484848485 109.0909090909091 109.6969696969697 110.3030303030303 110.9090909090909 111.5151515151515 112.1212121212121 112.7272727272727 113.3333333333333 113.9393939393939 114.5454545454545 115.1515151515152 115.7575757575758 116.3636363636364 116.969696969697 117.5757575757576 118.1818181818182 118.7878787878788 119.3939393939394 120


# name: y
# type: matrix
# rows: 1
# columns: 100
 1064388.054978172 1080079.309302117 1095770.563626062 1111461.817950007 1127153.072273951 1142844.326597896 1158535.580921841 1174226.835245786 1189918.089569731 1205609.343893676 1221300.598217621 1236991.852541566 1252683.106865511 1268374.361189456 1284065.615513401 1299756.869837346 1315448.12416129 1331139.378485235 1346830.63280918 1362521.887133125 1378213.14145707 1393904.395781015 1409595.65010496 1425286.904428905 1440978.15875285 1456669.413076795 1472360.66740074 1488051.921724685 1503743.176048629 1519434.430372574 1535125.684696519 1550816.939020464 1566508.193344409 1582199.447668354 1597890.701992299 1613581.956316244 1629273.210640189 1644964.464964134 1660655.719288079 1676346.973612024 1692038.227935969 1707729.482259914 1723420.736583858 1739111.990907803 1754803.245231748 1770494.499555693 1786185.753879638 1801877.008203583 1817568.262527528 1833259.516851473 1848950.771175418 1864642.025499363 1880333.279823308 1896024.534147253 1911715.788471197 1927407.042795143 1943098.297119087 1958789.551443032 1974480.805766977 1990172.060090922 2005863.314414867 2021554.568738812 2037245.823062757 2052937.077386702 2068628.331710647 2084319.586034592 2100010.840358537 2115702.094682482 2131393.349006427 2147084.603330371 2162775.857654316 2178467.111978261 2194158.366302206 2209849.620626151 2225540.874950096 2241232.129274041 2256923.383597986 2272614.637921931 2288305.892245876 2303997.146569821 2319688.400893766 2335379.65521771 2351070.909541655 2366762.1638656 2382453.418189545 2398144.67251349 2413835.926837435 2429527.18116138 2445218.435485325 2460909.68980927 2476600.944133215 2492292.19845716 2507983.452781104 2523674.70710505 2539365.961428994 2555057.215752939 2570748.470076884 2586439.724400829 2602130.978724774 2617822.233048719


# name: QUERY
# type: sq_string
# elements: 1
# length: 2
R4


# name: DATASIZE
# type: sq_string
# elements: 1
# length: 4
1000


