# Created by Octave 4.0.0, Mon May 23 13:49:12 2016 CEST <peter@Independence>
# name: x
# type: matrix
# rows: 1
# columns: 100
 60 60.60606060606061 61.21212121212122 61.81818181818181 62.42424242424242 63.03030303030303 63.63636363636364 64.24242424242425 64.84848484848484 65.45454545454545 66.06060606060606 66.66666666666667 67.27272727272728 67.87878787878788 68.48484848484848 69.09090909090909 69.6969696969697 70.30303030303031 70.90909090909091 71.51515151515152 72.12121212121212 72.72727272727272 73.33333333333333 73.93939393939394 74.54545454545455 75.15151515151516 75.75757575757575 76.36363636363636 76.96969696969697 77.57575757575758 78.18181818181819 78.78787878787878 79.39393939393939 80 80.60606060606061 81.21212121212122 81.81818181818181 82.42424242424242 83.03030303030303 83.63636363636364 84.24242424242424 84.84848484848484 85.45454545454545 86.06060606060606 86.66666666666667 87.27272727272728 87.87878787878788 88.48484848484848 89.09090909090909 89.6969696969697 90.3030303030303 90.90909090909091 91.51515151515152 92.12121212121212 92.72727272727273 93.33333333333333 93.93939393939394 94.54545454545455 95.15151515151516 95.75757575757576 96.36363636363636 96.96969696969697 97.57575757575758 98.18181818181819 98.78787878787878 99.39393939393939 100 100.6060606060606 101.2121212121212 101.8181818181818 102.4242424242424 103.030303030303 103.6363636363636 104.2424242424242 104.8484848484848 105.4545454545455 106.0606060606061 106.6666666666667 107.2727272727273 107.8787878787879 108.4848484848485 109.0909090909091 109.6969696969697 110.3030303030303 110.9090909090909 111.5151515151515 112.1212121212121 112.7272727272727 113.3333333333333 113.9393939393939 114.5454545454545 115.1515151515152 115.7575757575758 116.3636363636364 116.969696969697 117.5757575757576 118.1818181818182 118.7878787878788 119.3939393939394 120


# name: y
# type: matrix
# rows: 1
# columns: 100
 1047158.663435157 1063202.566124017 1079246.468812878 1095290.371501738 1111334.274190599 1127378.176879459 1143422.079568319 1159465.98225718 1175509.88494604 1191553.787634901 1207597.690323761 1223641.593012622 1239685.495701482 1255729.398390342 1271773.301079203 1287817.203768063 1303861.106456924 1319905.009145784 1335948.911834645 1351992.814523505 1368036.717212365 1384080.619901226 1400124.522590086 1416168.425278947 1432212.327967807 1448256.230656668 1464300.133345528 1480344.036034388 1496387.938723249 1512431.841412109 1528475.74410097 1544519.64678983 1560563.549478691 1576607.452167551 1592651.354856411 1608695.257545272 1624739.160234132 1640783.062922993 1656826.965611853 1672870.868300714 1688914.770989574 1704958.673678435 1721002.576367295 1737046.479056156 1753090.381745016 1769134.284433876 1785178.187122737 1801222.089811597 1817265.992500457 1833309.895189318 1849353.797878178 1865397.700567039 1881441.603255899 1897485.50594476 1913529.40863362 1929573.311322481 1945617.214011341 1961661.116700202 1977705.019389062 1993748.922077922 2009792.824766783 2025836.727455643 2041880.630144504 2057924.532833364 2073968.435522225 2090012.338211085 2106056.240899945 2122100.143588806 2138144.046277666 2154187.948966526 2170231.851655387 2186275.754344247 2202319.657033108 2218363.559721968 2234407.462410829 2250451.365099689 2266495.267788549 2282539.17047741 2298583.073166271 2314626.975855131 2330670.878543991 2346714.781232852 2362758.683921712 2378802.586610572 2394846.489299433 2410890.391988294 2426934.294677154 2442978.197366014 2459022.100054875 2475066.002743735 2491109.905432596 2507153.808121456 2523197.710810316 2539241.613499177 2555285.516188038 2571329.418876898 2587373.321565758 2603417.224254618 2619461.126943479 2635505.029632339


# name: QUERY
# type: sq_string
# elements: 1
# length: 2
R4


# name: DATASIZE
# type: sq_string
# elements: 1
# length: 4
1000


