# Created by Octave 4.0.0, Mon May 23 13:49:12 2016 CEST <peter@Independence>
# name: x
# type: matrix
# rows: 1
# columns: 100
 60 60.60606060606061 61.21212121212122 61.81818181818181 62.42424242424242 63.03030303030303 63.63636363636364 64.24242424242425 64.84848484848484 65.45454545454545 66.06060606060606 66.66666666666667 67.27272727272728 67.87878787878788 68.48484848484848 69.09090909090909 69.6969696969697 70.30303030303031 70.90909090909091 71.51515151515152 72.12121212121212 72.72727272727272 73.33333333333333 73.93939393939394 74.54545454545455 75.15151515151516 75.75757575757575 76.36363636363636 76.96969696969697 77.57575757575758 78.18181818181819 78.78787878787878 79.39393939393939 80 80.60606060606061 81.21212121212122 81.81818181818181 82.42424242424242 83.03030303030303 83.63636363636364 84.24242424242424 84.84848484848484 85.45454545454545 86.06060606060606 86.66666666666667 87.27272727272728 87.87878787878788 88.48484848484848 89.09090909090909 89.6969696969697 90.3030303030303 90.90909090909091 91.51515151515152 92.12121212121212 92.72727272727273 93.33333333333333 93.93939393939394 94.54545454545455 95.15151515151516 95.75757575757576 96.36363636363636 96.96969696969697 97.57575757575758 98.18181818181819 98.78787878787878 99.39393939393939 100 100.6060606060606 101.2121212121212 101.8181818181818 102.4242424242424 103.030303030303 103.6363636363636 104.2424242424242 104.8484848484848 105.4545454545455 106.0606060606061 106.6666666666667 107.2727272727273 107.8787878787879 108.4848484848485 109.0909090909091 109.6969696969697 110.3030303030303 110.9090909090909 111.5151515151515 112.1212121212121 112.7272727272727 113.3333333333333 113.9393939393939 114.5454545454545 115.1515151515152 115.7575757575758 116.3636363636364 116.969696969697 117.5757575757576 118.1818181818182 118.7878787878788 119.3939393939394 120


# name: y
# type: matrix
# rows: 100
# columns: 1
 873805.3700753022
 891812.2010193391
 909819.031963376
 927825.8629074128
 945832.6938514493
 963839.5247954865
 981846.3557395233
 999853.1866835604
 1017860.017627597
 1035866.848571634
 1053873.679515671
 1071880.510459708
 1089887.341403744
 1107894.172347781
 1125901.003291818
 1143907.834235855
 1161914.665179892
 1179921.496123929
 1197928.327067966
 1215935.158012002
 1233941.988956039
 1251948.819900076
 1269955.650844113
 1287962.48178815
 1305969.312732186
 1323976.143676223
 1341982.97462026
 1359989.805564297
 1377996.636508334
 1396003.467452371
 1414010.298396408
 1432017.129340444
 1450023.960284481
 1468030.791228518
 1486037.622172555
 1504044.453116592
 1522051.284060629
 1540058.115004666
 1558064.945948702
 1576071.776892739
 1594078.607836776
 1612085.438780813
 1630092.26972485
 1648099.100668887
 1666105.931612923
 1684112.76255696
 1702119.593500997
 1720126.424445034
 1738133.255389071
 1756140.086333108
 1774146.917277144
 1792153.748221181
 1810160.579165218
 1828167.410109255
 1846174.241053292
 1864181.071997329
 1882187.902941365
 1900194.733885402
 1918201.564829439
 1936208.395773476
 1954215.226717513
 1972222.05766155
 1990228.888605586
 2008235.719549623
 2026242.55049366
 2044249.381437697
 2062256.212381734
 2080263.043325771
 2098269.874269808
 2116276.705213844
 2134283.536157881
 2152290.367101918
 2170297.198045955
 2188304.028989992
 2206310.859934029
 2224317.690878065
 2242324.521822102
 2260331.352766139
 2278338.183710176
 2296345.014654213
 2314351.84559825
 2332358.676542286
 2350365.507486323
 2368372.33843036
 2386379.169374397
 2404386.000318434
 2422392.83126247
 2440399.662206507
 2458406.493150544
 2476413.324094581
 2494420.155038618
 2512426.985982655
 2530433.816926692
 2548440.647870728
 2566447.478814765
 2584454.309758803
 2602461.140702839
 2620467.971646876
 2638474.802590913
 2656481.633534949


# name: QUERY
# type: sq_string
# elements: 1
# length: 2
R4


# name: DATASIZE
# type: sq_string
# elements: 1
# length: 4
1000


