# Created by Octave 4.0.0, Wed May 18 23:52:15 2016 CEST <peter@Independence>
# name: x
# type: matrix
# rows: 1
# columns: 100
 60 60.60606060606061 61.21212121212122 61.81818181818181 62.42424242424242 63.03030303030303 63.63636363636364 64.24242424242425 64.84848484848484 65.45454545454545 66.06060606060606 66.66666666666667 67.27272727272728 67.87878787878788 68.48484848484848 69.09090909090909 69.6969696969697 70.30303030303031 70.90909090909091 71.51515151515152 72.12121212121212 72.72727272727272 73.33333333333333 73.93939393939394 74.54545454545455 75.15151515151516 75.75757575757575 76.36363636363636 76.96969696969697 77.57575757575758 78.18181818181819 78.78787878787878 79.39393939393939 80 80.60606060606061 81.21212121212122 81.81818181818181 82.42424242424242 83.03030303030303 83.63636363636364 84.24242424242424 84.84848484848484 85.45454545454545 86.06060606060606 86.66666666666667 87.27272727272728 87.87878787878788 88.48484848484848 89.09090909090909 89.6969696969697 90.3030303030303 90.90909090909091 91.51515151515152 92.12121212121212 92.72727272727273 93.33333333333333 93.93939393939394 94.54545454545455 95.15151515151516 95.75757575757576 96.36363636363636 96.96969696969697 97.57575757575758 98.18181818181819 98.78787878787878 99.39393939393939 100 100.6060606060606 101.2121212121212 101.8181818181818 102.4242424242424 103.030303030303 103.6363636363636 104.2424242424242 104.8484848484848 105.4545454545455 106.0606060606061 106.6666666666667 107.2727272727273 107.8787878787879 108.4848484848485 109.0909090909091 109.6969696969697 110.3030303030303 110.9090909090909 111.5151515151515 112.1212121212121 112.7272727272727 113.3333333333333 113.9393939393939 114.5454545454545 115.1515151515152 115.7575757575758 116.3636363636364 116.969696969697 117.5757575757576 118.1818181818182 118.7878787878788 119.3939393939394 120


# name: y
# type: matrix
# rows: 100
# columns: 1
 1169967.831777767
 1186218.94003799
 1202470.048298195
 1218721.156558404
 1234972.264818626
 1251223.373078828
 1267474.481339034
 1283725.589599258
 1299976.697859466
 1316227.806119678
 1332478.914379886
 1348730.022640093
 1364981.130900306
 1381232.239160518
 1397483.347420731
 1413734.455680945
 1429985.563941151
 1446236.672201351
 1462487.780461567
 1478738.888721784
 1494989.996981994
 1511241.105242206
 1527492.213502413
 1543743.321762629
 1559994.430022835
 1576245.538283047
 1592496.646543265
 1608747.754803469
 1624998.863063678
 1641249.97132389
 1657501.079584104
 1673752.18784431
 1690003.296104529
 1706254.404364736
 1722505.512624943
 1738756.620885157
 1755007.729145369
 1771258.837405579
 1787509.945665791
 1803761.053925999
 1820012.162186211
 1836263.270446423
 1852514.378706633
 1868765.486966844
 1885016.595227055
 1901267.703487264
 1917518.811747476
 1933769.920007687
 1950021.028267898
 1966272.136528109
 1982523.24478832
 1998774.353048531
 2015025.461308742
 2031276.569568952
 2047527.677829162
 2063778.786089374
 2080029.894349586
 2096281.002609795
 2112532.110870007
 2128783.219130218
 2145034.327390426
 2161285.435650639
 2177536.543910848
 2193787.652171059
 2210038.760431274
 2226289.868691483
 2242540.976951695
 2258792.085211902
 2275043.193472119
 2291294.301732326
 2307545.409992539
 2323796.51825275
 2340047.626512952
 2356298.734773167
 2372549.843033378
 2388800.951293591
 2405052.059553802
 2421303.167814014
 2437554.276074222
 2453805.38433444
 2470056.492594638
 2486307.600854855
 2502558.709115072
 2518809.817375276
 2535060.925635485
 2551312.033895704
 2567563.142155913
 2583814.250416119
 2600065.358676342
 2616316.466936537
 2632567.575196752
 2648818.683456964
 2665069.791717184
 2681320.899977386
 2697572.008237601
 2713823.116497812
 2730074.224758028
 2746325.333018231
 2762576.441278444
 2778827.54953865


# name: QUERY
# type: sq_string
# elements: 1
# length: 2
R4


# name: DATASIZE
# type: sq_string
# elements: 1
# length: 4
1000


