# Created by Octave 4.0.0, Wed May 18 23:52:13 2016 CEST <peter@Independence>
# name: SVs
# type: cell
# rows: 1
# columns: 7
# name: <cell-element>
# type: sparse matrix
# nnz: 41
# rows: 41
# columns: 1
1 1 1.371973011456718
2 1 1.371973011456718
3 1 -0.4338718070418677
4 1 -1.336794216291161
5 1 -0.4338718070418677
6 1 -0.4338718070418677
7 1 -1.336794216291161
8 1 0.4690506022074252
9 1 -0.4338718070418677
10 1 0.4690506022074252
11 1 1.371973011456718
12 1 1.371973011456718
13 1 0.4690506022074252
14 1 -0.4338718070418677
15 1 0.4690506022074252
16 1 -0.4338718070418677
17 1 -0.4338718070418677
18 1 1.371973011456718
19 1 0.4690506022074252
20 1 -1.336794216291161
21 1 -1.336794216291161
22 1 0.4690506022074252
23 1 1.371973011456718
24 1 0.4690506022074252
25 1 -1.336794216291161
26 1 -0.4338718070418677
27 1 0.4690506022074252
28 1 -0.4338718070418677
29 1 1.371973011456718
30 1 -0.4338718070418677
31 1 0.4690506022074252
32 1 -1.336794216291161
33 1 0.4690506022074252
34 1 -0.4338718070418677
35 1 1.371973011456718
36 1 0.4690506022074252
37 1 -0.4338718070418677
38 1 -0.4338718070418677
39 1 -1.336794216291161
40 1 -0.4338718070418677
41 1 1.371973011456718



# name: <cell-element>
# type: sparse matrix
# nnz: 8
# rows: 8
# columns: 1
1 1 -1.336794216291161
2 1 0.4690506022074252
3 1 1.371973011456718
4 1 1.371973011456718
5 1 -1.336794216291161
6 1 -1.336794216291161
7 1 1.371973011456718
8 1 -1.336794216291161



# name: <cell-element>
# type: sparse matrix
# nnz: 37
# rows: 37
# columns: 1
1 1 1.371973011456718
2 1 1.371973011456718
3 1 -0.4338718070418677
4 1 -0.4338718070418677
5 1 -0.4338718070418677
6 1 -1.336794216291161
7 1 0.4690506022074252
8 1 -0.4338718070418677
9 1 0.4690506022074252
10 1 1.371973011456718
11 1 1.371973011456718
12 1 -0.4338718070418677
13 1 0.4690506022074252
14 1 -0.4338718070418677
15 1 -0.4338718070418677
16 1 0.4690506022074252
17 1 1.371973011456718
18 1 0.4690506022074252
19 1 -1.336794216291161
20 1 0.4690506022074252
21 1 1.371973011456718
22 1 0.4690506022074252
23 1 -1.336794216291161
24 1 -0.4338718070418677
25 1 0.4690506022074252
26 1 -0.4338718070418677
27 1 1.371973011456718
28 1 -0.4338718070418677
29 1 0.4690506022074252
30 1 0.4690506022074252
31 1 -0.4338718070418677
32 1 1.371973011456718
33 1 0.4690506022074252
34 1 -0.4338718070418677
35 1 -0.4338718070418677
36 1 -0.4338718070418677
37 1 1.371973011456718



# name: <cell-element>
# type: sparse matrix
# nnz: 8
# rows: 8
# columns: 1
1 1 -1.336794216291161
2 1 0.4690506022074252
3 1 1.371973011456718
4 1 1.371973011456718
5 1 -1.336794216291161
6 1 -1.336794216291161
7 1 1.371973011456718
8 1 -1.336794216291161



# name: <cell-element>
# type: sparse matrix
# nnz: 8
# rows: 8
# columns: 1
1 1 -1.336794216291161
2 1 0.4690506022074252
3 1 1.371973011456718
4 1 1.371973011456718
5 1 -1.336794216291161
6 1 -1.336794216291161
7 1 1.371973011456718
8 1 -1.336794216291161



# name: <cell-element>
# type: sparse matrix
# nnz: 23
# rows: 23
# columns: 1
1 1 1.371973011456718
2 1 1.371973011456718
3 1 -0.4338718070418677
4 1 -1.336794216291161
5 1 -1.336794216291161
6 1 0.4690506022074252
7 1 1.371973011456718
8 1 1.371973011456718
9 1 0.4690506022074252
10 1 -1.336794216291161
11 1 0.4690506022074252
12 1 1.371973011456718
13 1 -1.336794216291161
14 1 0.4690506022074252
15 1 1.371973011456718
16 1 0.4690506022074252
17 1 -1.336794216291161
18 1 1.371973011456718
19 1 -0.4338718070418677
20 1 0.4690506022074252
21 1 1.371973011456718
22 1 0.4690506022074252
23 1 1.371973011456718



# name: <cell-element>
# type: scalar
0





# name: coefficients
# type: cell
# rows: 1
# columns: 7
# name: <cell-element>
# type: matrix
# rows: 41
# columns: 1
 -5
 5
 -5
 5
 -5
 -5
 5
 5
 -5
 5
 5
 5
 -5
 -5
 5
 -5
 -5
 5
 5
 5
 5
 5
 -5
 -5
 5
 -5
 5
 -5
 -5
 -5
 5
 5
 5
 -5
 0.2713358474239252
 5
 -5
 -5
 4.728664152576078
 -5
 -5



# name: <cell-element>
# type: matrix
# rows: 8
# columns: 1
 -1.1316
 0.02627666869993085
 1.1316
 1.1316
 -1.1316
 -0.02627666869993085
 1.1316
 -1.1316



# name: <cell-element>
# type: matrix
# rows: 37
# columns: 1
 -5
 5
 -5
 -5
 -5
 5
 5
 -5
 5
 5
 5
 -5
 5
 -5
 -5
 5
 5
 5
 5
 5
 -5
 5
 0.005341213618479878
 -5
 5
 -5
 -5
 -5
 5
 5
 -5
 4.994658786381524
 5
 -5
 -5
 -5
 -5



# name: <cell-element>
# type: matrix
# rows: 8
# columns: 1
 -0.35789
 0.07464110117728975
 0.35789
 0.35789
 -0.35789
 -0.07464110117728977
 0.35789
 -0.35789



# name: <cell-element>
# type: matrix
# rows: 8
# columns: 1
 -5
 2.520907646531775
 5
 5
 -5
 -2.520907646531773
 5
 -5



# name: <cell-element>
# type: matrix
# rows: 23
# columns: 1
 -0.87368
 0.87368
 -0.5842211133799285
 -0.1645373349226291
 0.87368
 0.87368
 0.87368
 0.87368
 -0.87368
 -0.87368
 -0.8425735698013953
 0.87368
 0.87368
 0.87368
 -0.87368
 -0.87368
 -0.87368
 -0.87368
 -0.87368
 0.87368
 0.7176520181039528
 0.87368
 -0.87368



# name: <cell-element>
# type: scalar
0





# name: b
# type: cell
# rows: 1
# columns: 7
# name: <cell-element>
# type: scalar
0.1644992796848139



# name: <cell-element>
# type: scalar
-0.122931561921516



# name: <cell-element>
# type: scalar
0.1657355457143669



# name: <cell-element>
# type: scalar
-0.06762779364627028



# name: <cell-element>
# type: scalar
-0.0616462498136542



# name: <cell-element>
# type: scalar
0.1110300983501456



# name: <cell-element>
# type: scalar
0





# name: models
# type: cell
# rows: 1
# columns: 7
# name: <cell-element>
# type: scalar struct
# ndims: 2
 1 1
# length: 11
# name: Parameters
# type: matrix
# rows: 5
# columns: 1
 3
 0
 3
 1
 0


# name: nr_class
# type: scalar
2


# name: totalSV
# type: scalar
41


# name: rho
# type: scalar
-0.1644992796848139


# name: Label
# type: matrix
# rows: 0
# columns: 0


# name: sv_indices
# type: matrix
# rows: 41
# columns: 1
 1
 2
 3
 5
 6
 7
 8
 9
 10
 11
 12
 13
 14
 15
 16
 17
 19
 22
 23
 24
 25
 26
 27
 28
 29
 30
 32
 33
 34
 35
 36
 37
 38
 39
 40
 41
 42
 43
 44
 45
 46


# name: ProbA
# type: matrix
# rows: 0
# columns: 0


# name: ProbB
# type: matrix
# rows: 0
# columns: 0


# name: nSV
# type: matrix
# rows: 0
# columns: 0


# name: sv_coef
# type: matrix
# rows: 41
# columns: 1
 -5
 5
 -5
 5
 -5
 -5
 5
 5
 -5
 5
 5
 5
 -5
 -5
 5
 -5
 -5
 5
 5
 5
 5
 5
 -5
 -5
 5
 -5
 5
 -5
 -5
 -5
 5
 5
 5
 -5
 0.2713358474239252
 5
 -5
 -5
 4.728664152576078
 -5
 -5


# name: SVs
# type: sparse matrix
# nnz: 41
# rows: 41
# columns: 1
1 1 1.371973011456718
2 1 1.371973011456718
3 1 -0.4338718070418677
4 1 -1.336794216291161
5 1 -0.4338718070418677
6 1 -0.4338718070418677
7 1 -1.336794216291161
8 1 0.4690506022074252
9 1 -0.4338718070418677
10 1 0.4690506022074252
11 1 1.371973011456718
12 1 1.371973011456718
13 1 0.4690506022074252
14 1 -0.4338718070418677
15 1 0.4690506022074252
16 1 -0.4338718070418677
17 1 -0.4338718070418677
18 1 1.371973011456718
19 1 0.4690506022074252
20 1 -1.336794216291161
21 1 -1.336794216291161
22 1 0.4690506022074252
23 1 1.371973011456718
24 1 0.4690506022074252
25 1 -1.336794216291161
26 1 -0.4338718070418677
27 1 0.4690506022074252
28 1 -0.4338718070418677
29 1 1.371973011456718
30 1 -0.4338718070418677
31 1 0.4690506022074252
32 1 -1.336794216291161
33 1 0.4690506022074252
34 1 -0.4338718070418677
35 1 1.371973011456718
36 1 0.4690506022074252
37 1 -0.4338718070418677
38 1 -0.4338718070418677
39 1 -1.336794216291161
40 1 -0.4338718070418677
41 1 1.371973011456718





# name: <cell-element>
# type: scalar struct
# ndims: 2
 1 1
# length: 11
# name: Parameters
# type: matrix
# rows: 5
# columns: 1
 3
 1
 2
 1
 0


# name: nr_class
# type: scalar
2


# name: totalSV
# type: scalar
8


# name: rho
# type: scalar
0.122931561921516


# name: Label
# type: matrix
# rows: 0
# columns: 0


# name: sv_indices
# type: matrix
# rows: 8
# columns: 1
 4
 9
 12
 13
 18
 21
 22
 31


# name: ProbA
# type: matrix
# rows: 0
# columns: 0


# name: ProbB
# type: matrix
# rows: 0
# columns: 0


