# Created by Octave 4.0.0, Mon May 23 13:49:12 2016 CEST <peter@Independence>
# name: SVs
# type: cell
# rows: 1
# columns: 7
# name: <cell-element>
# type: sparse matrix
# nnz: 22
# rows: 22
# columns: 1
1 1 -0.4338718070418677
2 1 1.371973011456718
3 1 -0.4338718070418677
4 1 -0.4338718070418677
5 1 -1.336794216291161
6 1 -1.336794216291161
7 1 1.371973011456718
8 1 0.4690506022074252
9 1 0.4690506022074252
10 1 1.371973011456718
11 1 1.371973011456718
12 1 1.371973011456718
13 1 -0.4338718070418677
14 1 1.371973011456718
15 1 1.371973011456718
16 1 1.371973011456718
17 1 1.371973011456718
18 1 1.371973011456718
19 1 -0.4338718070418677
20 1 0.4690506022074252
21 1 1.371973011456718
22 1 -0.4338718070418677



# name: <cell-element>
# type: sparse matrix
# nnz: 30
# rows: 30
# columns: 1
1 1 -0.4338718070418677
2 1 1.371973011456718
3 1 -0.4338718070418677
4 1 1.371973011456718
5 1 -0.4338718070418677
6 1 -1.336794216291161
7 1 1.371973011456718
8 1 0.4690506022074252
9 1 0.4690506022074252
10 1 0.4690506022074252
11 1 1.371973011456718
12 1 1.371973011456718
13 1 1.371973011456718
14 1 -1.336794216291161
15 1 -1.336794216291161
16 1 0.4690506022074252
17 1 -0.4338718070418677
18 1 -1.336794216291161
19 1 -1.336794216291161
20 1 -1.336794216291161
21 1 0.4690506022074252
22 1 1.371973011456718
23 1 -1.336794216291161
24 1 -1.336794216291161
25 1 1.371973011456718
26 1 1.371973011456718
27 1 -0.4338718070418677
28 1 0.4690506022074252
29 1 -0.4338718070418677
30 1 -1.336794216291161



# name: <cell-element>
# type: sparse matrix
# nnz: 22
# rows: 22
# columns: 1
1 1 -0.4338718070418677
2 1 1.371973011456718
3 1 -0.4338718070418677
4 1 -0.4338718070418677
5 1 -1.336794216291161
6 1 -1.336794216291161
7 1 0.4690506022074252
8 1 0.4690506022074252
9 1 1.371973011456718
10 1 1.371973011456718
11 1 0.4690506022074252
12 1 -0.4338718070418677
13 1 1.371973011456718
14 1 1.371973011456718
15 1 -0.4338718070418677
16 1 1.371973011456718
17 1 1.371973011456718
18 1 1.371973011456718
19 1 -0.4338718070418677
20 1 0.4690506022074252
21 1 1.371973011456718
22 1 -0.4338718070418677



# name: <cell-element>
# type: sparse matrix
# nnz: 30
# rows: 30
# columns: 1
1 1 -0.4338718070418677
2 1 1.371973011456718
3 1 -0.4338718070418677
4 1 1.371973011456718
5 1 -0.4338718070418677
6 1 -1.336794216291161
7 1 1.371973011456718
8 1 0.4690506022074252
9 1 0.4690506022074252
10 1 0.4690506022074252
11 1 1.371973011456718
12 1 1.371973011456718
13 1 1.371973011456718
14 1 -1.336794216291161
15 1 -1.336794216291161
16 1 0.4690506022074252
17 1 -0.4338718070418677
18 1 -1.336794216291161
19 1 -1.336794216291161
20 1 -1.336794216291161
21 1 0.4690506022074252
22 1 1.371973011456718
23 1 -1.336794216291161
24 1 -1.336794216291161
25 1 1.371973011456718
26 1 1.371973011456718
27 1 -0.4338718070418677
28 1 0.4690506022074252
29 1 -0.4338718070418677
30 1 -1.336794216291161



# name: <cell-element>
# type: sparse matrix
# nnz: 28
# rows: 28
# columns: 1
1 1 -0.4338718070418677
2 1 1.371973011456718
3 1 -0.4338718070418677
4 1 -1.336794216291161
5 1 1.371973011456718
6 1 0.4690506022074252
7 1 0.4690506022074252
8 1 0.4690506022074252
9 1 1.371973011456718
10 1 1.371973011456718
11 1 1.371973011456718
12 1 -1.336794216291161
13 1 -1.336794216291161
14 1 0.4690506022074252
15 1 -0.4338718070418677
16 1 -1.336794216291161
17 1 -1.336794216291161
18 1 -1.336794216291161
19 1 0.4690506022074252
20 1 1.371973011456718
21 1 -1.336794216291161
22 1 -1.336794216291161
23 1 1.371973011456718
24 1 1.371973011456718
25 1 -0.4338718070418677
26 1 0.4690506022074252
27 1 -0.4338718070418677
28 1 -1.336794216291161



# name: <cell-element>
# type: sparse matrix
# nnz: 30
# rows: 30
# columns: 1
1 1 -0.4338718070418677
2 1 1.371973011456718
3 1 -0.4338718070418677
4 1 0.4690506022074252
5 1 0.4690506022074252
6 1 -1.336794216291161
7 1 -1.336794216291161
8 1 1.371973011456718
9 1 0.4690506022074252
10 1 0.4690506022074252
11 1 1.371973011456718
12 1 1.371973011456718
13 1 1.371973011456718
14 1 0.4690506022074252
15 1 1.371973011456718
16 1 1.371973011456718
17 1 0.4690506022074252
18 1 -0.4338718070418677
19 1 -1.336794216291161
20 1 -1.336794216291161
21 1 1.371973011456718
22 1 0.4690506022074252
23 1 1.371973011456718
24 1 1.371973011456718
25 1 -1.336794216291161
26 1 1.371973011456718
27 1 1.371973011456718
28 1 0.4690506022074252
29 1 1.371973011456718
30 1 -0.4338718070418677



# name: <cell-element>
# type: scalar
0





# name: coefficients
# type: cell
# rows: 1
# columns: 7
# name: <cell-element>
# type: matrix
# rows: 22
# columns: 1
 -0.35789
 0.35789
 -0.35789
 -0.1861705603040375
 0.35789
 0.35789
 0.35789
 0.35789
 0.1861705603040375
 0.35789
 -0.35789
 -0.35789
 -0.35789
 -0.35789
 -0.35789
 0.35789
 0.35789
 0.35789
 -0.35789
 0.35789
 -0.35789
 -0.35789



# name: <cell-element>
# type: matrix
# rows: 30
# columns: 1
 -0.35789
 0.35789
 -0.35789
 0.342202460282497
 -0.342202460282497
 -0.35789
 0.35789
 0.35789
 0.35789
 0.35789
 0.35789
 0.35789
 0.35789
 -0.35789
 -0.35789
 0.35789
 -0.35789
 -0.35789
 -0.35789
 -0.35789
 0.35789
 0.35789
 -0.35789
 -0.35789
 0.35789
 0.35789
 -0.35789
 0.35789
 -0.35789
 -0.35789



# name: <cell-element>
# type: matrix
# rows: 22
# columns: 1
 -5
 5
 -5
 -5
 5
 5
 5
 5
 5
 -5
 2.417334440217696
 -5
 -5
 -2.417334440217696
 -5
 5
 5
 5
 -5
 5
 -5
 -5



# name: <cell-element>
# type: matrix
# rows: 30
# columns: 1
 -0.1
 0.1
 -0.1
 0.05606026023955867
 -0.05606026023955867
 -0.1
 0.1
 0.1
 0.1
 0.1
 0.1
 0.1
 0.1
 -0.1
 -0.1
 0.1
 -0.1
 -0.1
 -0.1
 -0.1
 0.1
 0.1
 -0.1
 -0.1
 0.1
 0.1
 -0.1
 0.1
 -0.1
 -0.1



# name: <cell-element>
# type: matrix
# rows: 28
# columns: 1
 -5
 5
 -5
 -5
 5
 5
 5
 5
 3.495325590798965
 5
 5
 -5
 -5
 5
 -5
 -5
 -5
 -5
 5
 5
 -5
 -5
 5
 5
 -3.495325590798966
 5
 -5
 -5



# name: <cell-element>
# type: matrix
# rows: 30
# columns: 1
 -0.35789
 0.35789
 -0.3005232983940562
 -0.2904340297938372
 -0.35789
 0.35789
 0.35789
 0.35789
 0.35789
 0.35789
 0.07720327460484756
 0.35789
 0.35789
 -0.35789
 -0.35789
 -0.35789
 0.35789
 -0.35789
 -0.35789
 -0.35789
 -0.35789
 0.35789
 -0.35789
 0.35789
 -0.2020259464169541
 0.35789
 0.35789
 0.35789
 -0.35789
 -0.35789



# name: <cell-element>
# type: scalar
0





# name: b
# type: cell
# rows: 1
# columns: 7
# name: <cell-element>
# type: scalar
-0.09584182282272814



# name: <cell-element>
# type: scalar
-0.2569088799220581



# name: <cell-element>
# type: scalar
-0.01987423252855343



# name: <cell-element>
# type: scalar
-0.1972587485015719



# name: <cell-element>
# type: scalar
-0.1921975388083539



# name: <cell-element>
# type: scalar
0.11337036878589



# name: <cell-element>
# type: scalar
0





# name: models
# type: cell
# rows: 1
# columns: 7
# name: <cell-element>
# type: scalar struct
# ndims: 2
 1 1
# length: 11
# name: Parameters
# type: matrix
# rows: 5
# columns: 1
 3
 0
 3
 1
 0


# name: nr_class
# type: scalar
2


# name: totalSV
# type: scalar
22


# name: rho
# type: scalar
0.09584182282272814


# name: Label
# type: matrix
# rows: 0
# columns: 0


# name: sv_indices
# type: matrix
# rows: 22
# columns: 1
 1
 2
 3
 9
 10
 11
 14
 15
 17
 19
 23
 25
 27
 31
 34
 37
 40
 41
 42
 43
 44
 45


# name: ProbA
# type: matrix
# rows: 0
# columns: 0


# name: ProbB
# type: matrix
# rows: 0
# columns: 0


# name: nSV
# type: matrix
# rows: 0
# columns: 0


# name: sv_coef
# type: matrix
# rows: 22
# columns: 1
 -0.35789
 0.35789
 -0.35789
 -0.1861705603040375
 0.35789
 0.35789
 0.35789
 0.35789
 0.1861705603040375
 0.35789
 -0.35789
 -0.35789
 -0.35789
 -0.35789
 -0.35789
 0.35789
 0.35789
 0.35789
 -0.35789
 0.35789
 -0.35789
 -0.35789


