# Created by Octave 4.0.0, Mon May 23 13:49:06 2016 CEST <peter@Independence>
# name: mu
# type: matrix
# rows: 1
# columns: 2
 1831017.909090909 89.6103896103896


# name: sigma
# type: matrix
# rows: 1
# columns: 2
 808104.6968569531 22.15029751740062


