# Created by Octave 4.0.0, Wed May 18 23:52:15 2016 CEST <peter@Independence>
# name: x
# type: matrix
# rows: 1
# columns: 100
 60 60.60606060606061 61.21212121212122 61.81818181818181 62.42424242424242 63.03030303030303 63.63636363636364 64.24242424242425 64.84848484848484 65.45454545454545 66.06060606060606 66.66666666666667 67.27272727272728 67.87878787878788 68.48484848484848 69.09090909090909 69.6969696969697 70.30303030303031 70.90909090909091 71.51515151515152 72.12121212121212 72.72727272727272 73.33333333333333 73.93939393939394 74.54545454545455 75.15151515151516 75.75757575757575 76.36363636363636 76.96969696969697 77.57575757575758 78.18181818181819 78.78787878787878 79.39393939393939 80 80.60606060606061 81.21212121212122 81.81818181818181 82.42424242424242 83.03030303030303 83.63636363636364 84.24242424242424 84.84848484848484 85.45454545454545 86.06060606060606 86.66666666666667 87.27272727272728 87.87878787878788 88.48484848484848 89.09090909090909 89.6969696969697 90.3030303030303 90.90909090909091 91.51515151515152 92.12121212121212 92.72727272727273 93.33333333333333 93.93939393939394 94.54545454545455 95.15151515151516 95.75757575757576 96.36363636363636 96.96969696969697 97.57575757575758 98.18181818181819 98.78787878787878 99.39393939393939 100 100.6060606060606 101.2121212121212 101.8181818181818 102.4242424242424 103.030303030303 103.6363636363636 104.2424242424242 104.8484848484848 105.4545454545455 106.0606060606061 106.6666666666667 107.2727272727273 107.8787878787879 108.4848484848485 109.0909090909091 109.6969696969697 110.3030303030303 110.9090909090909 111.5151515151515 112.1212121212121 112.7272727272727 113.3333333333333 113.9393939393939 114.5454545454545 115.1515151515152 115.7575757575758 116.3636363636364 116.969696969697 117.5757575757576 118.1818181818182 118.7878787878788 119.3939393939394 120


# name: y
# type: matrix
# rows: 100
# columns: 1
 2139372.201775292
 2122853.694324355
 2106676.780823659
 2090841.461273205
 2075347.735672988
 2060195.604023017
 2045385.066323283
 2030916.122573789
 2016788.772774542
 2003003.016925531
 1989558.855026763
 1976456.287078234
 1963695.313079948
 1951275.933031904
 1939198.146934099
 1927461.954786535
 1916067.356589212
 1905014.35234213
 1894302.942045289
 1883933.125698688
 1873904.903302329
 1864218.274856211
 1854873.240360333
 1845869.799814697
 1837207.953219302
 1828887.700574148
 1820909.041879234
 1813271.977134561
 1805976.506340129
 1799022.629495939
 1792410.346601989
 1786139.657658281
 1780210.562664813
 1774623.061621586
 1769377.1545286
 1764472.841385855
 1759910.122193351
 1755688.996951088
 1751809.465659066
 1748271.528317284
 1745075.184925744
 1742220.435484445
 1739707.279993386
 1737535.718452569
 1735705.750861993
 1734217.377221657
 1733070.597531562
 1732265.411791709
 1731801.820002096
 1731679.822162724
 1731899.418273593
 1732460.608334704
 1733363.392346055
 1734607.770307647
 1736193.74221948
 1738121.308081554
 1740390.467893868
 1743001.221656424
 1745953.569369221
 1749247.511032258
 1752883.046645537
 1756860.176209057
 1761178.899722817
 1765839.217186818
 1770841.128601061
 1776184.633965544
 1781869.733280268
 1787896.426545234
 1794264.71376044
 1800974.594925887
 1808026.070041576
 1815419.139107505
 1823153.802123674
 1831230.059090086
 1839647.910006738
 1848407.35487363
 1857508.393690764
 1866951.02645814
 1876735.253175752
 1886861.073843611
 1897328.488461709
 1908137.497030047
 1919288.099548627
 1930780.296017446
 1942614.086436507
 1954789.470805811
 1967306.449125354
 1980165.021395137
 1993365.187615164
 2006906.947785429
 2020790.301905935
 2035015.249976684
 2049581.791997673
 2064489.927968901
 2079739.657890373
 2095330.981762085
 2111263.899584035
 2127538.411356232
 2144154.517078667
 2161112.21675134


# name: QUERY
# type: sq_string
# elements: 1
# length: 2
R4


# name: DATASIZE
# type: sq_string
# elements: 1
# length: 4
1000


