# Created by Octave 4.0.0, Mon May 23 13:49:12 2016 CEST <peter@Independence>
# name: x
# type: matrix
# rows: 1
# columns: 100
 60 60.60606060606061 61.21212121212122 61.81818181818181 62.42424242424242 63.03030303030303 63.63636363636364 64.24242424242425 64.84848484848484 65.45454545454545 66.06060606060606 66.66666666666667 67.27272727272728 67.87878787878788 68.48484848484848 69.09090909090909 69.6969696969697 70.30303030303031 70.90909090909091 71.51515151515152 72.12121212121212 72.72727272727272 73.33333333333333 73.93939393939394 74.54545454545455 75.15151515151516 75.75757575757575 76.36363636363636 76.96969696969697 77.57575757575758 78.18181818181819 78.78787878787878 79.39393939393939 80 80.60606060606061 81.21212121212122 81.81818181818181 82.42424242424242 83.03030303030303 83.63636363636364 84.24242424242424 84.84848484848484 85.45454545454545 86.06060606060606 86.66666666666667 87.27272727272728 87.87878787878788 88.48484848484848 89.09090909090909 89.6969696969697 90.3030303030303 90.90909090909091 91.51515151515152 92.12121212121212 92.72727272727273 93.33333333333333 93.93939393939394 94.54545454545455 95.15151515151516 95.75757575757576 96.36363636363636 96.96969696969697 97.57575757575758 98.18181818181819 98.78787878787878 99.39393939393939 100 100.6060606060606 101.2121212121212 101.8181818181818 102.4242424242424 103.030303030303 103.6363636363636 104.2424242424242 104.8484848484848 105.4545454545455 106.0606060606061 106.6666666666667 107.2727272727273 107.8787878787879 108.4848484848485 109.0909090909091 109.6969696969697 110.3030303030303 110.9090909090909 111.5151515151515 112.1212121212121 112.7272727272727 113.3333333333333 113.9393939393939 114.5454545454545 115.1515151515152 115.7575757575758 116.3636363636364 116.969696969697 117.5757575757576 118.1818181818182 118.7878787878788 119.3939393939394 120


# name: y
# type: matrix
# rows: 100
# columns: 1
 1140679.036579891
 1181240.447590185
 1220141.686640149
 1257417.443890134
 1293102.409500516
 1327231.27363163
 1359838.726443889
 1390959.458097642
 1420628.158753213
 1448879.518571033
 1475748.227711405
 1501268.976334736
 1525476.454601373
 1548405.352671695
 1570090.360706055
 1590566.168864829
 1609867.46730837
 1628028.94619705
 1645085.295691239
 1661071.2059513
 1676021.367137593
 1689970.469410483
 1702953.202930341
 1715004.25785753
 1726158.324352411
 1736450.092575357
 1745914.252686732
 1754585.494846896
 1762498.50921622
 1769687.985955064
 1776188.615223798
 1782035.087182785
 1787262.091992393
 1791904.319812983
 1795996.460804922
 1799573.205128577
 1802669.242944313
 1805319.264412494
 1807557.959693486
 1809420.018947654
 1810940.132335363
 1812152.99001698
 1813093.28215287
 1813795.698903396
 1814294.930428926
 1814625.666889824
 1814822.598446456
 1814920.415259187
 1814953.807488382
 1814957.465294407
 1814966.078837627
 1815014.338278407
 1815136.933777113
 1815368.55549411
 1815743.893589764
 1816297.638224439
 1817064.479558502
 1818079.107752317
 1819376.212966249
 1820990.485360665
 1822956.615095929
 1825309.292332407
 1828083.207230465
 1831313.049950465
 1835033.510652777
 1839279.279497764
 1844085.04664579
 1849485.502257224
 1855515.336492429
 1862209.239511767
 1869601.901475611
 1877728.012544322
 1886622.262878262
 1896319.342637803
 1906853.941983307
 1918260.751075136
 1930574.460073666
 1943829.75913925
 1958061.338432254
 1973303.888113058
 1989592.098342016
 2006960.659279482
 2025444.261085849
 2045077.593921462
 2065895.347946687
 2087932.213321913
 2111222.880207463
 2135802.038763727
 2161704.379151093
 2188964.591529876
 2217617.366060473
 2247697.392903253
 2279239.362218563
 2312277.964166777
 2346847.888908272
 2382983.826603401
 2420720.467412523
 2460092.501496021
 2501134.619014245
 2543881.510127553


# name: QUERY
# type: sq_string
# elements: 1
# length: 2
R4


# name: DATASIZE
# type: sq_string
# elements: 1
# length: 4
1000


