# Created by Octave 4.0.0, Wed May 18 23:52:15 2016 CEST <peter@Independence>
# name: x
# type: matrix
# rows: 1
# columns: 100
 60 60.60606060606061 61.21212121212122 61.81818181818181 62.42424242424242 63.03030303030303 63.63636363636364 64.24242424242425 64.84848484848484 65.45454545454545 66.06060606060606 66.66666666666667 67.27272727272728 67.87878787878788 68.48484848484848 69.09090909090909 69.6969696969697 70.30303030303031 70.90909090909091 71.51515151515152 72.12121212121212 72.72727272727272 73.33333333333333 73.93939393939394 74.54545454545455 75.15151515151516 75.75757575757575 76.36363636363636 76.96969696969697 77.57575757575758 78.18181818181819 78.78787878787878 79.39393939393939 80 80.60606060606061 81.21212121212122 81.81818181818181 82.42424242424242 83.03030303030303 83.63636363636364 84.24242424242424 84.84848484848484 85.45454545454545 86.06060606060606 86.66666666666667 87.27272727272728 87.87878787878788 88.48484848484848 89.09090909090909 89.6969696969697 90.3030303030303 90.90909090909091 91.51515151515152 92.12121212121212 92.72727272727273 93.33333333333333 93.93939393939394 94.54545454545455 95.15151515151516 95.75757575757576 96.36363636363636 96.96969696969697 97.57575757575758 98.18181818181819 98.78787878787878 99.39393939393939 100 100.6060606060606 101.2121212121212 101.8181818181818 102.4242424242424 103.030303030303 103.6363636363636 104.2424242424242 104.8484848484848 105.4545454545455 106.0606060606061 106.6666666666667 107.2727272727273 107.8787878787879 108.4848484848485 109.0909090909091 109.6969696969697 110.3030303030303 110.9090909090909 111.5151515151515 112.1212121212121 112.7272727272727 113.3333333333333 113.9393939393939 114.5454545454545 115.1515151515152 115.7575757575758 116.3636363636364 116.969696969697 117.5757575757576 118.1818181818182 118.7878787878788 119.3939393939394 120


# name: y
# type: matrix
# rows: 100
# columns: 1
 2139410.007658644
 2097609.946062996
 2059956.231715473
 2026113.087807584
 1995765.557869859
 1968618.626715798
 1944396.360346019
 1922841.064818966
 1903712.464081455
 1886786.896761709
 1871856.531927918
 1858728.603806274
 1847224.665463935
 1837179.861453459
 1828442.219420593
 1820871.960674587
 1814340.829721013
 1808731.44275751
 1803936.655132217
 1799858.947764754
 1796409.832530215
 1793509.276605444
 1791085.14577833
 1789072.666719763
 1787413.908218146
 1786057.281376778
 1784957.05877383
 1784072.912585091
 1783369.471669366
 1782815.897616626
 1782385.479758814
 1782055.249143397
 1781805.611469595
 1781619.998987325
 1781484.541358843
 1781387.755483091
 1781320.254282752
 1781274.474454005
 1781244.423178981
 1781225.443800927
 1781214.000462071
 1781207.481704195
 1781204.023031906
 1781202.348438611
 1781201.6308952
 1781201.371801432
 1781201.299400018
 1781201.286153415
 1781201.285083323
 1781201.285072878
 1781201.285131562
 1781201.287622801
 1781201.31045428
 1781201.418230953
 1781201.772370762
 1781202.700183055
 1781204.782909711
 1781208.962728969
 1781216.668721957
 1781229.961801928
 1781251.698606196
 1781285.714350782
 1781337.024647757
 1781412.046285291
 1781518.83697041
 1781667.354034445
 1781869.732101196
 1782140.579717802
 1782497.294948295
 1782960.399929877
 1783553.894391911
 1784305.628137566
 1785247.692488217
 1786416.830690551
 1787854.867286311
 1789609.156444816
 1791733.049258183
 1794286.379999162
 1797335.971341739
 1800956.158544646
 1805229.332596993
 1810246.502327281
 1816107.875474846
 1822923.458723607
 1830813.676699396
 1839910.00992925
 1850355.651763399
 1862306.184260542
 1875930.273035744
 1891410.381069592
 1908943.501482944
 1928741.909271397
 1951033.932004086
 1976064.739484805
 2004097.152376887
 2035412.469787308
 2070311.31581869
 2109114.505080044
 2152163.927160502
 2199823.450068033


# name: QUERY
# type: sq_string
# elements: 1
# length: 2
R4


# name: DATASIZE
# type: sq_string
# elements: 1
# length: 4
1000


