# Created by Octave 4.0.0, Mon May 23 13:49:12 2016 CEST <peter@Independence>
# name: x
# type: matrix
# rows: 1
# columns: 100
 60 60.60606060606061 61.21212121212122 61.81818181818181 62.42424242424242 63.03030303030303 63.63636363636364 64.24242424242425 64.84848484848484 65.45454545454545 66.06060606060606 66.66666666666667 67.27272727272728 67.87878787878788 68.48484848484848 69.09090909090909 69.6969696969697 70.30303030303031 70.90909090909091 71.51515151515152 72.12121212121212 72.72727272727272 73.33333333333333 73.93939393939394 74.54545454545455 75.15151515151516 75.75757575757575 76.36363636363636 76.96969696969697 77.57575757575758 78.18181818181819 78.78787878787878 79.39393939393939 80 80.60606060606061 81.21212121212122 81.81818181818181 82.42424242424242 83.03030303030303 83.63636363636364 84.24242424242424 84.84848484848484 85.45454545454545 86.06060606060606 86.66666666666667 87.27272727272728 87.87878787878788 88.48484848484848 89.09090909090909 89.6969696969697 90.3030303030303 90.90909090909091 91.51515151515152 92.12121212121212 92.72727272727273 93.33333333333333 93.93939393939394 94.54545454545455 95.15151515151516 95.75757575757576 96.36363636363636 96.96969696969697 97.57575757575758 98.18181818181819 98.78787878787878 99.39393939393939 100 100.6060606060606 101.2121212121212 101.8181818181818 102.4242424242424 103.030303030303 103.6363636363636 104.2424242424242 104.8484848484848 105.4545454545455 106.0606060606061 106.6666666666667 107.2727272727273 107.8787878787879 108.4848484848485 109.0909090909091 109.6969696969697 110.3030303030303 110.9090909090909 111.5151515151515 112.1212121212121 112.7272727272727 113.3333333333333 113.9393939393939 114.5454545454545 115.1515151515152 115.7575757575758 116.3636363636364 116.969696969697 117.5757575757576 118.1818181818182 118.7878787878788 119.3939393939394 120


# name: y
# type: matrix
# rows: 100
# columns: 1
 2126771.615445694
 2106376.988407189
 2086404.11141084
 2066852.98445665
 2047723.607544609
 2029015.980674729
 2010730.103847
 1992865.977061425
 1975423.600318009
 1958402.973616745
 1941804.096957639
 1925626.970340687
 1909871.593765892
 1894537.967233248
 1879626.090742762
 1865135.964294431
 1851067.587888255
 1837420.961524234
 1824196.085202369
 1811392.958922657
 1799011.582685101
 1787051.956489701
 1775514.080336456
 1764397.954225366
 1753703.578156432
 1743430.952129653
 1733580.076145028
 1724150.950202558
 1715143.574302244
 1706557.948444085
 1698394.072628081
 1690651.946854233
 1683331.571122539
 1676432.945433001
 1669956.069785618
 1663900.944180391
 1658267.568617318
 1653055.9430964
 1648266.067617638
 1643897.942181031
 1639951.566786579
 1636426.941434282
 1633324.06612414
 1630642.940856154
 1628383.565630323
 1626545.940446646
 1625130.065305125
 1624135.94020576
 1623563.565148549
 1623412.940133494
 1623684.065160593
 1624376.940229848
 1625491.565341259
 1627027.940494824
 1628986.065690544
 1631365.94092842
 1634167.566208451
 1637390.941530637
 1641036.066894978
 1645102.942301474
 1649591.567750126
 1654501.943240932
 1659834.068773894
 1665587.944349011
 1671763.569966283
 1678360.945625711
 1685380.071327293
 1692820.947071031
 1700683.572856924
 1708967.948684972
 1717674.074555176
 1726801.950467534
 1736351.576422047
 1746322.952418717
 1756716.07845754
 1767530.954538519
 1778767.580661654
 1790425.956826943
 1802506.083034386
 1815007.959283988
 1827931.585575743
 1841276.961909652
 1855044.088285719
 1869232.964703937
 1883843.591164313
 1898875.967666845
 1914330.094211531
 1930205.970798373
 1946503.59742737
 1963222.974098521
 1980364.100811827
 1997926.977567289
 2015911.604364907
 2034317.981204676
 2053146.108086606
 2072395.985010688
 2092067.611976925
 2112160.98898532
 2132676.116035867
 2153612.993128569


# name: QUERY
# type: sq_string
# elements: 1
# length: 2
R4


# name: DATASIZE
# type: sq_string
# elements: 1
# length: 4
1000


