# Created by Octave 4.0.0, Mon May 23 13:49:12 2016 CEST <peter@Independence>
# name: x
# type: matrix
# rows: 1
# columns: 100
 60 60.60606060606061 61.21212121212122 61.81818181818181 62.42424242424242 63.03030303030303 63.63636363636364 64.24242424242425 64.84848484848484 65.45454545454545 66.06060606060606 66.66666666666667 67.27272727272728 67.87878787878788 68.48484848484848 69.09090909090909 69.6969696969697 70.30303030303031 70.90909090909091 71.51515151515152 72.12121212121212 72.72727272727272 73.33333333333333 73.93939393939394 74.54545454545455 75.15151515151516 75.75757575757575 76.36363636363636 76.96969696969697 77.57575757575758 78.18181818181819 78.78787878787878 79.39393939393939 80 80.60606060606061 81.21212121212122 81.81818181818181 82.42424242424242 83.03030303030303 83.63636363636364 84.24242424242424 84.84848484848484 85.45454545454545 86.06060606060606 86.66666666666667 87.27272727272728 87.87878787878788 88.48484848484848 89.09090909090909 89.6969696969697 90.3030303030303 90.90909090909091 91.51515151515152 92.12121212121212 92.72727272727273 93.33333333333333 93.93939393939394 94.54545454545455 95.15151515151516 95.75757575757576 96.36363636363636 96.96969696969697 97.57575757575758 98.18181818181819 98.78787878787878 99.39393939393939 100 100.6060606060606 101.2121212121212 101.8181818181818 102.4242424242424 103.030303030303 103.6363636363636 104.2424242424242 104.8484848484848 105.4545454545455 106.0606060606061 106.6666666666667 107.2727272727273 107.8787878787879 108.4848484848485 109.0909090909091 109.6969696969697 110.3030303030303 110.9090909090909 111.5151515151515 112.1212121212121 112.7272727272727 113.3333333333333 113.9393939393939 114.5454545454545 115.1515151515152 115.7575757575758 116.3636363636364 116.969696969697 117.5757575757576 118.1818181818182 118.7878787878788 119.3939393939394 120


# name: y
# type: matrix
# rows: 100
# columns: 1
 2103265.535172259
 2053372.348173365
 2008428.304087727
 1968032.614627858
 1931809.342978436
 1899406.354542607
 1870494.290316138
 1844765.562905144
 1821933.375171957
 1801730.761512669
 1783909.65177806
 1768239.957818897
 1754508.682671825
 1742519.052376394
 1732089.670427357
 1723053.694861155
 1715258.037975976
 1708562.588686323
 1702839.457511968
 1697972.244200647
 1693855.327985499
 1690393.180475908
 1687499.701183048
 1685097.575679713
 1683117.656393765
 1681498.366036292
 1680185.123663582
 1679129.793373505
 1678290.155635875
 1677629.401257135
 1677115.647979086
 1676721.479711892
 1676423.508401194
 1676201.958529407
 1676040.274251197
 1675924.749163113
 1675844.178707411
 1675789.535210027
 1675753.665552733
 1675731.011479455
 1675717.352536774
 1675709.571648582
 1675705.443324921
 1675703.444504986
 1675702.588034297
 1675702.278776048
 1675702.192356623
 1675702.176545277
 1675702.175267999
 1675702.175255532
 1675702.175325578
 1675702.178299159
 1675702.205551158
 1675702.334195028
 1675702.756901671
 1675703.864352484
 1675706.350326585
 1675711.339422197
 1675720.537412211
 1675736.40423392
 1675762.349612914
 1675802.95132116
 1675864.196069235
 1675953.743032745
 1676081.210012912
 1676258.482231313
 1676500.043758818
 1676823.331578685
 1677249.112283805
 1677801.881408155
 1678510.285392426
 1679407.566183736
 1680532.02846961
 1681927.529546161
 1683643.991820245
 1685737.937946005
 1688273.048595559
 1691320.74286362
 1694960.781306501
 1699281.891615722
 1704382.416924382
 1710370.98674941
 1717367.210567277
 1725502.3940228
 1734920.277774588
 1745777.798972367
 1758245.875368903
 1772510.212067203
 1788772.130902012
 1807249.422451459
 1828177.220690513
 1851808.900270937
 1878416.996439376
 1908294.147588843
 1941754.060447223
 1979132.497890431
 2020788.289403907
 2067104.36416745
 2118488.806774848
 2175375.935594448


# name: QUERY
# type: sq_string
# elements: 1
# length: 2
R4


# name: DATASIZE
# type: sq_string
# elements: 1
# length: 4
1000


