# Created by Octave 4.0.0, Wed May 18 23:52:15 2016 CEST <peter@Independence>
# name: x
# type: matrix
# rows: 1
# columns: 100
 60 60.60606060606061 61.21212121212122 61.81818181818181 62.42424242424242 63.03030303030303 63.63636363636364 64.24242424242425 64.84848484848484 65.45454545454545 66.06060606060606 66.66666666666667 67.27272727272728 67.87878787878788 68.48484848484848 69.09090909090909 69.6969696969697 70.30303030303031 70.90909090909091 71.51515151515152 72.12121212121212 72.72727272727272 73.33333333333333 73.93939393939394 74.54545454545455 75.15151515151516 75.75757575757575 76.36363636363636 76.96969696969697 77.57575757575758 78.18181818181819 78.78787878787878 79.39393939393939 80 80.60606060606061 81.21212121212122 81.81818181818181 82.42424242424242 83.03030303030303 83.63636363636364 84.24242424242424 84.84848484848484 85.45454545454545 86.06060606060606 86.66666666666667 87.27272727272728 87.87878787878788 88.48484848484848 89.09090909090909 89.6969696969697 90.3030303030303 90.90909090909091 91.51515151515152 92.12121212121212 92.72727272727273 93.33333333333333 93.93939393939394 94.54545454545455 95.15151515151516 95.75757575757576 96.36363636363636 96.96969696969697 97.57575757575758 98.18181818181819 98.78787878787878 99.39393939393939 100 100.6060606060606 101.2121212121212 101.8181818181818 102.4242424242424 103.030303030303 103.6363636363636 104.2424242424242 104.8484848484848 105.4545454545455 106.0606060606061 106.6666666666667 107.2727272727273 107.8787878787879 108.4848484848485 109.0909090909091 109.6969696969697 110.3030303030303 110.9090909090909 111.5151515151515 112.1212121212121 112.7272727272727 113.3333333333333 113.9393939393939 114.5454545454545 115.1515151515152 115.7575757575758 116.3636363636364 116.969696969697 117.5757575757576 118.1818181818182 118.7878787878788 119.3939393939394 120


# name: y
# type: matrix
# rows: 100
# columns: 1
 1212084.073470828
 1257372.913793514
 1300808.089242468
 1342428.333113502
 1382272.37870252
 1420378.959305391
 1456786.808217966
 1491534.658736145
 1524661.244155753
 1556205.297772712
 1586205.552882838
 1614700.742782027
 1641729.600766159
 1667330.86013109
 1691543.254172691
 1714405.516186836
 1735956.379469389
 1756234.577316223
 1775278.843023213
 1793127.909886225
 1809820.511201121
 1825395.38026378
 1839891.250370065
 1853346.854815854
 1865800.926897003
 1877292.199909397
 1887859.407148903
 1897541.281911382
 1906376.557492708
 1914403.967188753
 1921662.244295386
 1928190.122108476
 1934026.333923892
 1939209.613037504
 1943778.692745182
 1947772.306342796
 1951229.187126216
 1954188.068391311
 1956687.68343395
 1958766.765550004
 1960464.048035342
 1961818.264185835
 1962868.147297351
 1963652.43066576
 1964209.847586933
 1964579.131356739
 1964799.015271046
 1964908.232625727
 1964945.516716649
 1964949.600839683
 1964959.218290698
 1965013.102365564
 1965149.986360152
 1965408.603570329
 1965827.687291967
 1966445.970820935
 1967302.187453103
 1968435.070484339
 1969883.353210516
 1971685.7689275
 1973881.050931163
 1976507.932517375
 1979605.146982004
 1983211.427620921
 1987365.507729995
 1992106.120605096
 1997471.999542095
 2003501.87783686
 2010234.48878526
 2017708.565683165
 2025962.84182645
 2035036.050510978
 2044966.925032618
 2055794.198687243
 2067556.60477073
 2080292.876578931
 2094041.74740773
 2108841.950552995
 2124732.219310591
 2141751.286976391
 2159937.886846267
 2179330.75221607
 2199968.61638171
 2221890.212639014
 2245134.27428387
 2269739.534612161
 2295744.726919725
 2323188.584502458
 2352109.840656232
 2382547.228676895
 2414539.481860318
 2448125.333502394
 2483343.516898974
 2520232.765345921
 2558831.81213914
 2599179.390574482
 2641314.233947805
 2685275.075554963
 2731100.648691871
 2778829.686654372


# name: QUERY
# type: sq_string
# elements: 1
# length: 2
R4


# name: DATASIZE
# type: sq_string
# elements: 1
# length: 4
1000


