# Created by Octave 4.0.0, Mon May 23 13:49:12 2016 CEST <peter@Independence>
# name: x
# type: matrix
# rows: 1
# columns: 100
 60 60.60606060606061 61.21212121212122 61.81818181818181 62.42424242424242 63.03030303030303 63.63636363636364 64.24242424242425 64.84848484848484 65.45454545454545 66.06060606060606 66.66666666666667 67.27272727272728 67.87878787878788 68.48484848484848 69.09090909090909 69.6969696969697 70.30303030303031 70.90909090909091 71.51515151515152 72.12121212121212 72.72727272727272 73.33333333333333 73.93939393939394 74.54545454545455 75.15151515151516 75.75757575757575 76.36363636363636 76.96969696969697 77.57575757575758 78.18181818181819 78.78787878787878 79.39393939393939 80 80.60606060606061 81.21212121212122 81.81818181818181 82.42424242424242 83.03030303030303 83.63636363636364 84.24242424242424 84.84848484848484 85.45454545454545 86.06060606060606 86.66666666666667 87.27272727272728 87.87878787878788 88.48484848484848 89.09090909090909 89.6969696969697 90.3030303030303 90.90909090909091 91.51515151515152 92.12121212121212 92.72727272727273 93.33333333333333 93.93939393939394 94.54545454545455 95.15151515151516 95.75757575757576 96.36363636363636 96.96969696969697 97.57575757575758 98.18181818181819 98.78787878787878 99.39393939393939 100 100.6060606060606 101.2121212121212 101.8181818181818 102.4242424242424 103.030303030303 103.6363636363636 104.2424242424242 104.8484848484848 105.4545454545455 106.0606060606061 106.6666666666667 107.2727272727273 107.8787878787879 108.4848484848485 109.0909090909091 109.6969696969697 110.3030303030303 110.9090909090909 111.5151515151515 112.1212121212121 112.7272727272727 113.3333333333333 113.9393939393939 114.5454545454545 115.1515151515152 115.7575757575758 116.3636363636364 116.969696969697 117.5757575757576 118.1818181818182 118.7878787878788 119.3939393939394 120


# name: y
# type: matrix
# rows: 100
# columns: 1
 2106046.682314766
 2071556.113609678
 2039161.193303036
 2008775.263372922
 1980313.495680231
 1953692.891968677
 1928832.283864782
 1905652.332877888
 1884075.530400163
 1864026.197706571
 1845430.485954909
 1828216.376185781
 1812313.679322609
 1797654.03617163
 1784170.917421897
 1771799.62364528
 1760477.285296466
 1750142.862712954
 1740737.146115061
 1732202.75560592
 1724484.14117148
 1717527.582680504
 1711281.189884573
 1705694.902418083
 1700720.489798245
 1696311.551425087
 1692423.516581452
 1689013.644433
 1686041.024028205
 1683466.574298359
 1681253.044057567
 1679365.012002753
 1677768.886713654
 1676432.906652824
 1675327.140165634
 1674423.485480269
 1673695.670707731
 1673119.253841836
 1672671.622759219
 1672331.995219328
 1672081.418864427
 1671902.771219597
 1671780.759692736
 1671701.921574554
 1671654.624038581
 1671629.064141159
 1671617.268821448
 1671613.094901425
 1671612.22908588
 1671612.18796242
 1671612.318001468
 1671613.795556264
 1671619.626862861
 1671634.64804013
 1671665.525089757
 1671720.753896245
 1671810.66022691
 1671947.399731887
 1672144.957944125
 1672419.150279389
 1672787.62203626
 1673269.848396136
 1673887.134423229
 1674662.615064567
 1675621.255149995
 1676789.849392174
 1678197.022386578
 1679873.2286115
 1681850.752428047
 1684163.708080143
 1686848.039694528
 1689941.521280755
 1693483.756731196
 1697516.179821038
 1702082.054208283
 1707226.47343375
 1712996.360921072
 1719440.4699767
 1726609.383789898
 1734555.515432751
 1743333.107860153
 1752998.233909818
 1763608.796302278
 1775224.527640872
 1787906.990411765
 1801719.576983935
 1816727.50960917
 1832997.840422078
 1850599.45144009
 1869603.054563436
 1890081.191575177
 1912108.234141185
 1935760.383810144
 1961115.672013556
 1988253.960065749
 2017256.939163846
 2048208.130387803
 2081192.884700392
 2116298.382947183
 2153613.635856575


# name: QUERY
# type: sq_string
# elements: 1
# length: 2
R4


# name: DATASIZE
# type: sq_string
# elements: 1
# length: 4
1000


