# Created by Octave 4.0.0, Wed May 18 23:52:15 2016 CEST <peter@Independence>
# name: x
# type: matrix
# rows: 1
# columns: 100
 60 60.60606060606061 61.21212121212122 61.81818181818181 62.42424242424242 63.03030303030303 63.63636363636364 64.24242424242425 64.84848484848484 65.45454545454545 66.06060606060606 66.66666666666667 67.27272727272728 67.87878787878788 68.48484848484848 69.09090909090909 69.6969696969697 70.30303030303031 70.90909090909091 71.51515151515152 72.12121212121212 72.72727272727272 73.33333333333333 73.93939393939394 74.54545454545455 75.15151515151516 75.75757575757575 76.36363636363636 76.96969696969697 77.57575757575758 78.18181818181819 78.78787878787878 79.39393939393939 80 80.60606060606061 81.21212121212122 81.81818181818181 82.42424242424242 83.03030303030303 83.63636363636364 84.24242424242424 84.84848484848484 85.45454545454545 86.06060606060606 86.66666666666667 87.27272727272728 87.87878787878788 88.48484848484848 89.09090909090909 89.6969696969697 90.3030303030303 90.90909090909091 91.51515151515152 92.12121212121212 92.72727272727273 93.33333333333333 93.93939393939394 94.54545454545455 95.15151515151516 95.75757575757576 96.36363636363636 96.96969696969697 97.57575757575758 98.18181818181819 98.78787878787878 99.39393939393939 100 100.6060606060606 101.2121212121212 101.8181818181818 102.4242424242424 103.030303030303 103.6363636363636 104.2424242424242 104.8484848484848 105.4545454545455 106.0606060606061 106.6666666666667 107.2727272727273 107.8787878787879 108.4848484848485 109.0909090909091 109.6969696969697 110.3030303030303 110.9090909090909 111.5151515151515 112.1212121212121 112.7272727272727 113.3333333333333 113.9393939393939 114.5454545454545 115.1515151515152 115.7575757575758 116.3636363636364 116.969696969697 117.5757575757576 118.1818181818182 118.7878787878788 119.3939393939394 120


# name: y
# type: matrix
# rows: 100
# columns: 1
 2139371.973316743
 2110552.37352401
 2083483.853821198
 2058094.004572737
 2034311.945154968
 2012068.323956149
 1991295.318376437
 1971926.634827914
 1953897.508734579
 1937144.704532328
 1921606.515668981
 1907222.764604267
 1893934.802809826
 1881685.510769213
 1870419.297977892
 1860082.102943245
 1850621.393184562
 1841986.165233049
 1834126.94463182
 1826995.785935905
 1820546.272712246
 1814733.517539697
 1809514.162009025
 1804846.376722909
 1800689.861295939
 1797005.844354622
 1793757.083537372
 1790907.86549452
 1788424.005888306
 1786272.849392886
 1784423.269694326
 1782845.669490605
 1781511.980491615
 1780395.66341916
 1779471.708006957
 1778716.633000635
 1778108.486157735
 1777626.844247714
 1777252.813051936
 1776969.027363681
 1776759.650988142
 1776610.376742422
 1776508.426455539
 1776442.550968422
 1776403.030133912
 1776381.672816764
 1776371.816893645
 1776368.329253135
 1776367.605795725
 1776367.57143382
 1776367.680091736
 1776368.914705704
 1776373.787223865
 1776386.338606274
 1776412.138824897
 1776458.286863615
 1776533.410718218
 1776647.667396413
 1776812.742917816
 1777041.852313956
 1777349.739628275
 1777752.677916129
 1778268.469244784
 1778916.444693419
 1779717.464353128
 1780693.917326914
 1781869.721729696
 1783270.324688301
 1784922.702341474
 1786855.359839867
 1789098.331346049
 1791683.1800345
 1794642.99809161
 1798012.406715687
 1801827.556116946
 1806126.125517516
 1810947.323151442
 1816331.886264677
 1822322.081115087
 1828961.702972456
 1836296.076118473
 1844372.053846743
 1853238.018462786
 1862943.881284027
 1873541.082639811
 1885082.591871397
 1897622.907331946
 1911218.056386539
 1925925.595412176
 1941804.60979775
 1958915.713944084
 1977321.051263911
 1997084.294181871
 2018270.644134512
 2040946.831570319
 2065181.115949654
 2091043.285744817
 2118604.658440019
 2147938.080531365
 2179117.927526889


# name: QUERY
# type: sq_string
# elements: 1
# length: 2
R4


# name: DATASIZE
# type: sq_string
# elements: 1
# length: 4
1000


