# Created by Octave 3.8.2, Wed May 18 09:29:36 2016 CEST <Andrea@Andreas-MacBook-Pro.local>
# name: x
# type: matrix
# rows: 1
# columns: 100
 0.008333333333333333 0.008417508417508417 0.008501683501683501 0.008585858585858586 0.00867003367003367 0.008754208754208754 0.008838383838383838 0.008922558922558922 0.009006734006734006 0.00909090909090909 0.009175084175084175 0.009259259259259259 0.009343434343434343 0.009427609427609427 0.009511784511784511 0.009595959595959595 0.009680134680134679 0.009764309764309764 0.009848484848484848 0.009932659932659932 0.01001683501683502 0.0101010101010101 0.01018518518518519 0.01026936026936027 0.01035353535353535 0.01043771043771044 0.01052188552188552 0.01060606060606061 0.01069023569023569 0.01077441077441077 0.01085858585858586 0.01094276094276094 0.01102693602693603 0.01111111111111111 0.0111952861952862 0.01127946127946128 0.01136363636363636 0.01144781144781145 0.01153198653198653 0.01161616161616162 0.0117003367003367 0.01178451178451178 0.01186868686868687 0.01195286195286195 0.01203703703703704 0.01212121212121212 0.01220538720538721 0.01228956228956229 0.01237373737373737 0.01245791245791246 0.01254208754208754 0.01262626262626263 0.01271043771043771 0.01279461279461279 0.01287878787878788 0.01296296296296296 0.01304713804713805 0.01313131313131313 0.01321548821548822 0.0132996632996633 0.01338383838383838 0.01346801346801347 0.01355218855218855 0.01363636363636364 0.01372053872053872 0.0138047138047138 0.01388888888888889 0.01397306397306397 0.01405723905723906 0.01414141414141414 0.01422558922558922 0.01430976430976431 0.01439393939393939 0.01447811447811448 0.01456228956228956 0.01464646464646465 0.01473063973063973 0.01481481481481482 0.0148989898989899 0.01498316498316498 0.01506734006734007 0.01515151515151515 0.01523569023569024 0.01531986531986532 0.0154040404040404 0.01548821548821549 0.01557239057239057 0.01565656565656566 0.01574074074074074 0.01582491582491583 0.01590909090909091 0.01599326599326599 0.01607744107744108 0.01616161616161616 0.01624579124579124 0.01632996632996633 0.01641414141414142 0.0164983164983165 0.01658249158249158 0.01666666666666667


# name: y
# type: matrix
# rows: 100
# columns: 1
 23628.18847768205
 23628.02400799005
 23627.96229135125
 23628.00132932744
 23628.13904354926
 23628.37327877865
 23628.70180609511
 23629.12232620106
 23629.63247284131
 23630.2298163311
 23630.91186718739
 23631.67607985737
 23632.51985653843
 23633.44055108321
 23634.43547298342
 23635.50189142585
 23636.63703941383
 23637.8381179473
 23639.10230025434
 23640.42673606715
 23641.8085559351
 23643.24487556757
 23644.73280019907
 23646.26942896911
 23647.85185930939
 23649.47719133043
 23651.14253220032
 23652.84500050772
 23654.58173060153
 23656.34987689972
 23658.14661815967
 23659.96916170239
 23661.8147475835
 23663.68065270324
 23665.56419484851
 23667.46273665973
 23669.37368951543
 23671.29451732785
 23673.22274024275
 23675.15593823696
 23677.09175460725
 23679.0278993445
 23680.96215238716
 23682.89236674839
 23684.81647151127
 23686.7324746871
 23688.63846593163
 23690.53261911474
 23692.413194739
 23694.27854220314
 23696.12710190663
 23697.95740719175
 23699.76808612013
 23701.55786308081
 23703.32556022731
 23705.07009874149
 23706.79049992237
 23708.48588609837
 23710.15548136178
 23711.79861212456
 23713.41470749515
 23715.00329947587
 23716.56402298138
 23718.09661567853
 23719.60091764861
 23721.07687087306
 23722.52451854444
 23723.94400420431
 23725.3355707103
 23726.69955903502
 23728.0364068995
 23729.34664724436
 23730.63090654226
 23731.88990295527
 23733.12444434117
 23734.33542611319
 23735.52382895747
 23736.6907164133
 23737.83723232108
 23738.96459814337
 23740.07411016444
 23741.1671365742
 23742.24511444226
 23743.30954658835
 23744.36199835522
 23745.40409429062
 23746.43751474474
 23747.4639923898
 23748.48530866876
 23749.50329017979
 23750.51980500361
 23751.5367589806
 23752.55609194499
 23753.57977392292
 23754.60980130174
 23755.64819297762
 23756.69698648851
 23757.75823413967
 23758.8339991288
 23759.92635167767


# name: QUERY
# type: sq_string
# elements: 1
# length: 2
R5


# name: DATASIZE
# type: sq_string
# elements: 1
# length: 3
750


