# Created by Octave 4.0.0, Mon May 23 11:57:22 2016 CEST <peter@Independence>
# name: x
# type: matrix
# rows: 1
# columns: 100
 0.008333333333333333 0.008417508417508417 0.008501683501683501 0.008585858585858586 0.00867003367003367 0.008754208754208754 0.008838383838383838 0.008922558922558922 0.009006734006734006 0.00909090909090909 0.009175084175084175 0.009259259259259259 0.009343434343434343 0.009427609427609427 0.009511784511784511 0.009595959595959595 0.009680134680134679 0.009764309764309764 0.009848484848484848 0.009932659932659932 0.01001683501683502 0.0101010101010101 0.01018518518518519 0.01026936026936027 0.01035353535353535 0.01043771043771044 0.01052188552188552 0.01060606060606061 0.01069023569023569 0.01077441077441077 0.01085858585858586 0.01094276094276094 0.01102693602693603 0.01111111111111111 0.0111952861952862 0.01127946127946128 0.01136363636363636 0.01144781144781145 0.01153198653198653 0.01161616161616162 0.0117003367003367 0.01178451178451178 0.01186868686868687 0.01195286195286195 0.01203703703703704 0.01212121212121212 0.01220538720538721 0.01228956228956229 0.01237373737373737 0.01245791245791246 0.01254208754208754 0.01262626262626263 0.01271043771043771 0.01279461279461279 0.01287878787878788 0.01296296296296296 0.01304713804713805 0.01313131313131313 0.01321548821548822 0.0132996632996633 0.01338383838383838 0.01346801346801347 0.01355218855218855 0.01363636363636364 0.01372053872053872 0.0138047138047138 0.01388888888888889 0.01397306397306397 0.01405723905723906 0.01414141414141414 0.01422558922558922 0.01430976430976431 0.01439393939393939 0.01447811447811448 0.01456228956228956 0.01464646464646465 0.01473063973063973 0.01481481481481482 0.0148989898989899 0.01498316498316498 0.01506734006734007 0.01515151515151515 0.01523569023569024 0.01531986531986532 0.0154040404040404 0.01548821548821549 0.01557239057239057 0.01565656565656566 0.01574074074074074 0.01582491582491583 0.01590909090909091 0.01599326599326599 0.01607744107744108 0.01616161616161616 0.01624579124579124 0.01632996632996633 0.01641414141414142 0.0164983164983165 0.01658249158249158 0.01666666666666667


# name: y
# type: matrix
# rows: 100
# columns: 1
 23794.73701712851
 23795.09804272577
 23795.45906832303
 23795.82009392029
 23796.18111951757
 23796.54214511482
 23796.90317071209
 23797.26419630935
 23797.62522190661
 23797.98624750387
 23798.34727310114
 23798.7082986984
 23799.06932429567
 23799.43034989292
 23799.79137549019
 23800.15240108745
 23800.51342668471
 23800.87445228198
 23801.23547787924
 23801.5965034765
 23801.95752907376
 23802.31855467103
 23802.67958026829
 23803.04060586555
 23803.40163146281
 23803.76265706007
 23804.12368265734
 23804.4847082546
 23804.84573385186
 23805.20675944913
 23805.56778504639
 23805.92881064365
 23806.28983624092
 23806.65086183818
 23807.01188743544
 23807.3729130327
 23807.73393862997
 23808.09496422723
 23808.45598982449
 23808.81701542176
 23809.17804101902
 23809.53906661628
 23809.90009221355
 23810.26111781081
 23810.62214340807
 23810.98316900533
 23811.3441946026
 23811.70522019986
 23812.06624579712
 23812.42727139438
 23812.78829699165
 23813.14932258891
 23813.51034818617
 23813.87137378343
 23814.2323993807
 23814.59342497796
 23814.95445057522
 23815.31547617249
 23815.67650176975
 23816.03752736701
 23816.39855296427
 23816.75957856154
 23817.1206041588
 23817.48162975606
 23817.84265535332
 23818.20368095059
 23818.56470654785
 23818.92573214511
 23819.28675774238
 23819.64778333964
 23820.0088089369
 23820.36983453416
 23820.73086013143
 23821.09188572869
 23821.45291132596
 23821.81393692322
 23822.17496252048
 23822.53598811774
 23822.897013715
 23823.25803931227
 23823.61906490953
 23823.98009050679
 23824.34111610405
 23824.70214170132
 23825.06316729859
 23825.42419289584
 23825.78521849311
 23826.14624409037
 23826.50726968764
 23826.8682952849
 23827.22932088216
 23827.59034647942
 23827.95137207668
 23828.31239767395
 23828.67342327121
 23829.03444886847
 23829.39547446575
 23829.756500063
 23830.11752566026
 23830.47855125753


# name: QUERY
# type: sq_string
# elements: 1
# length: 2
R5


# name: DATASIZE
# type: sq_string
# elements: 1
# length: 3
750


