# Created by Octave 4.0.0, Mon May 23 11:57:22 2016 CEST <peter@Independence>
# name: x
# type: matrix
# rows: 1
# columns: 100
 0.008333333333333333 0.008417508417508417 0.008501683501683501 0.008585858585858586 0.00867003367003367 0.008754208754208754 0.008838383838383838 0.008922558922558922 0.009006734006734006 0.00909090909090909 0.009175084175084175 0.009259259259259259 0.009343434343434343 0.009427609427609427 0.009511784511784511 0.009595959595959595 0.009680134680134679 0.009764309764309764 0.009848484848484848 0.009932659932659932 0.01001683501683502 0.0101010101010101 0.01018518518518519 0.01026936026936027 0.01035353535353535 0.01043771043771044 0.01052188552188552 0.01060606060606061 0.01069023569023569 0.01077441077441077 0.01085858585858586 0.01094276094276094 0.01102693602693603 0.01111111111111111 0.0111952861952862 0.01127946127946128 0.01136363636363636 0.01144781144781145 0.01153198653198653 0.01161616161616162 0.0117003367003367 0.01178451178451178 0.01186868686868687 0.01195286195286195 0.01203703703703704 0.01212121212121212 0.01220538720538721 0.01228956228956229 0.01237373737373737 0.01245791245791246 0.01254208754208754 0.01262626262626263 0.01271043771043771 0.01279461279461279 0.01287878787878788 0.01296296296296296 0.01304713804713805 0.01313131313131313 0.01321548821548822 0.0132996632996633 0.01338383838383838 0.01346801346801347 0.01355218855218855 0.01363636363636364 0.01372053872053872 0.0138047138047138 0.01388888888888889 0.01397306397306397 0.01405723905723906 0.01414141414141414 0.01422558922558922 0.01430976430976431 0.01439393939393939 0.01447811447811448 0.01456228956228956 0.01464646464646465 0.01473063973063973 0.01481481481481482 0.0148989898989899 0.01498316498316498 0.01506734006734007 0.01515151515151515 0.01523569023569024 0.01531986531986532 0.0154040404040404 0.01548821548821549 0.01557239057239057 0.01565656565656566 0.01574074074074074 0.01582491582491583 0.01590909090909091 0.01599326599326599 0.01607744107744108 0.01616161616161616 0.01624579124579124 0.01632996632996633 0.01641414141414142 0.0164983164983165 0.01658249158249158 0.01666666666666667


# name: y
# type: matrix
# rows: 1
# columns: 100
 23927.80610097469 23928.79585789841 23929.78561482212 23930.77537174584 23931.76512866955 23932.75488559327 23933.74464251698 23934.73439944069 23935.72415636441 23936.71391328812 23937.70367021184 23938.69342713555 23939.68318405927 23940.67294098298 23941.6626979067 23942.65245483041 23943.64221175413 23944.63196867784 23945.62172560156 23946.61148252527 23947.60123944898 23948.5909963727 23949.58075329641 23950.57051022013 23951.56026714384 23952.55002406756 23953.53978099127 23954.52953791499 23955.5192948387 23956.50905176242 23957.49880868613 23958.48856560984 23959.47832253356 23960.46807945727 23961.45783638099 23962.4475933047 23963.43735022842 23964.42710715213 23965.41686407585 23966.40662099956 23967.39637792328 23968.38613484699 23969.37589177071 23970.36564869442 23971.35540561813 23972.34516254185 23973.33491946556 23974.32467638928 23975.31443331299 23976.30419023671 23977.29394716042 23978.28370408414 23979.27346100785 23980.26321793157 23981.25297485528 23982.242731779 23983.23248870271 23984.22224562642 23985.21200255014 23986.20175947385 23987.19151639757 23988.18127332128 23989.171030245 23990.16078716871 23991.15054409243 23992.14030101614 23993.13005793986 23994.11981486357 23995.10957178728 23996.099328711 23997.08908563471 23998.07884255843 23999.06859948214 24000.05835640586 24001.04811332957 24002.03787025329 24003.027627177 24004.01738410072 24005.00714102443 24005.99689794815 24006.98665487186 24007.97641179558 24008.96616871929 24009.95592564301 24010.94568256672 24011.93543949044 24012.92519641415 24013.91495333787 24014.90471026158 24015.8944671853 24016.88422410901 24017.87398103272 24018.86373795644 24019.85349488015 24020.84325180387 24021.83300872758 24022.8227656513 24023.81252257501 24024.80227949873 24025.79203642244


# name: QUERY
# type: sq_string
# elements: 1
# length: 2
R5


# name: DATASIZE
# type: sq_string
# elements: 1
# length: 3
750


