# Created by Octave 3.8.2, Wed May 18 09:29:36 2016 CEST <Andrea@Andreas-MacBook-Pro.local>
# name: x
# type: matrix
# rows: 1
# columns: 100
 0.008333333333333333 0.008417508417508417 0.008501683501683501 0.008585858585858586 0.00867003367003367 0.008754208754208754 0.008838383838383838 0.008922558922558922 0.009006734006734006 0.00909090909090909 0.009175084175084175 0.009259259259259259 0.009343434343434343 0.009427609427609427 0.009511784511784511 0.009595959595959595 0.009680134680134679 0.009764309764309764 0.009848484848484848 0.009932659932659932 0.01001683501683502 0.0101010101010101 0.01018518518518519 0.01026936026936027 0.01035353535353535 0.01043771043771044 0.01052188552188552 0.01060606060606061 0.01069023569023569 0.01077441077441077 0.01085858585858586 0.01094276094276094 0.01102693602693603 0.01111111111111111 0.0111952861952862 0.01127946127946128 0.01136363636363636 0.01144781144781145 0.01153198653198653 0.01161616161616162 0.0117003367003367 0.01178451178451178 0.01186868686868687 0.01195286195286195 0.01203703703703704 0.01212121212121212 0.01220538720538721 0.01228956228956229 0.01237373737373737 0.01245791245791246 0.01254208754208754 0.01262626262626263 0.01271043771043771 0.01279461279461279 0.01287878787878788 0.01296296296296296 0.01304713804713805 0.01313131313131313 0.01321548821548822 0.0132996632996633 0.01338383838383838 0.01346801346801347 0.01355218855218855 0.01363636363636364 0.01372053872053872 0.0138047138047138 0.01388888888888889 0.01397306397306397 0.01405723905723906 0.01414141414141414 0.01422558922558922 0.01430976430976431 0.01439393939393939 0.01447811447811448 0.01456228956228956 0.01464646464646465 0.01473063973063973 0.01481481481481482 0.0148989898989899 0.01498316498316498 0.01506734006734007 0.01515151515151515 0.01523569023569024 0.01531986531986532 0.0154040404040404 0.01548821548821549 0.01557239057239057 0.01565656565656566 0.01574074074074074 0.01582491582491583 0.01590909090909091 0.01599326599326599 0.01607744107744108 0.01616161616161616 0.01624579124579124 0.01632996632996633 0.01641414141414142 0.0164983164983165 0.01658249158249158 0.01666666666666667


# name: y
# type: matrix
# rows: 100
# columns: 1
 24111.40940608914
 24112.72397730046
 24114.03854851179
 24115.35311972312
 24116.66769093444
 24117.98226214577
 24119.2968333571
 24120.61140456843
 24121.92597577975
 24123.24054699108
 24124.55511820241
 24125.86968941373
 24127.18426062506
 24128.49883183639
 24129.81340304772
 24131.12797425904
 24132.44254547037
 24133.7571166817
 24135.07168789303
 24136.38625910435
 24137.70083031568
 24139.01540152701
 24140.32997273833
 24141.64454394966
 24142.95911516099
 24144.27368637231
 24145.58825758364
 24146.90282879497
 24148.2174000063
 24149.53197121762
 24150.84654242895
 24152.16111364028
 24153.4756848516
 24154.79025606293
 24156.10482727426
 24157.41939848558
 24158.73396969691
 24160.04854090824
 24161.36311211956
 24162.67768333089
 24163.99225454222
 24165.30682575355
 24166.62139696487
 24167.9359681762
 24169.25053938753
 24170.56511059885
 24171.87968181018
 24173.19425302151
 24174.50882423284
 24175.82339544416
 24177.13796665549
 24178.45253786682
 24179.76710907814
 24181.08168028947
 24182.3962515008
 24183.71082271213
 24185.02539392345
 24186.33996513478
 24187.65453634611
 24188.96910755743
 24190.28367876876
 24191.59824998009
 24192.91282119142
 24194.22739240274
 24195.54196361407
 24196.8565348254
 24198.17110603672
 24199.48567724805
 24200.80024845938
 24202.11481967071
 24203.42939088203
 24204.74396209336
 24206.05853330469
 24207.37310451601
 24208.68767572734
 24210.00224693867
 24211.31681815
 24212.63138936132
 24213.94596057265
 24215.26053178398
 24216.57510299531
 24217.88967420663
 24219.20424541796
 24220.51881662929
 24221.83338784061
 24223.14795905194
 24224.46253026327
 24225.7771014746
 24227.09167268592
 24228.40624389725
 24229.72081510858
 24231.0353863199
 24232.34995753123
 24233.66452874256
 24234.97909995389
 24236.29367116521
 24237.60824237654
 24238.92281358787
 24240.23738479919
 24241.55195601052


# name: QUERY
# type: sq_string
# elements: 1
# length: 2
R5


# name: DATASIZE
# type: sq_string
# elements: 1
# length: 3
750


