# Created by Octave 4.0.0, Mon May 23 11:57:22 2016 CEST <peter@Independence>
# name: SVs
# type: cell
# rows: 1
# columns: 7
# name: <cell-element>
# type: sparse matrix
# nnz: 217
# rows: 31
# columns: 7
1 1 0.4850394058435192
2 1 -0.9406958771425056
3 1 1.800543668649656
4 1 -0.8389441662072243
5 1 -0.5385343529697272
6 1 -0.7359811253798564
7 1 -0.6487653731496152
8 1 1.387480175448097
9 1 0.7369960233975491
10 1 -1.546360823185847
11 1 -0.8486348053439178
12 1 -0.1182028804156485
13 1 -0.7178111769985561
14 1 1.234852609045175
15 1 -0.6887392595884757
16 1 -0.8292535270705309
17 1 0.314241891059297
18 1 -1.087266794084994
19 1 0.314241891059297
20 1 -0.02856446840123402
21 1 0.4838280759514325
22 1 -1.087266794084994
23 1 0.2124901801240157
24 1 -0.2405471995164034
25 1 -0.5651836105956342
26 1 1.472273267894165
27 1 0.3299891796564239
28 1 -0.4113447143006256
29 1 -0.5918328682215411
30 1 -0.5579156312431141
31 1 1.213048670987615
1 2 1.225836519439171
2 2 -1.192580209047923
3 2 1.369117941414169
4 2 -1.135267640257924
5 2 -0.8261271176936846
6 2 -0.8608620078694419
7 2 -0.8313373512200483
8 2 0.9514308870506892
9 2 1.292701183027503
10 2 -1.17434439170565
11 2 -0.4492535592867192
12 2 0.1091098002885775
13 2 -0.4622791431026282
14 2 1.483743078994168
15 2 -0.5551949743227786
16 2 -1.171739274942469
17 2 1.140736038508566
18 2 -1.62937145300807
19 2 1.063450907867506
20 2 0.01532559681403311
21 2 1.126842082438263
22 2 -1.233393705004438
23 2 0.571952211880542
24 2 -0.2964200425133876
25 2 -0.08106372342369308
26 2 1.382143525230078
27 2 0.6231861748897838
28 2 -0.7757615269388367
29 2 -0.4865935662256582
30 2 -0.9155694598962594
31 2 0.9687983321385678
1 3 0.004209223649797177
2 3 -0.02693903135870972
3 3 0.5804519413071748
4 3 -1.194998594177718
5 3 -1.148276211664958
6 3 0.06650573366681098
7 3 -1.070405574143691
8 3 0.5025813037859076
9 3 2.558366134347363
10 3 -0.8056454065713822
11 3 0.2845435187263592
12 3 0.2533952637178524
13 3 -0.8367936615798891
14 3 0.7517673438539627
15 3 -0.8056454065713822
16 3 -0.7900712790671287
17 3 0.4091365387603869
18 3 0.1443763711880782
19 3 2.215735329253787
20 3 -2.534373559543515
21 3 0.004209223649797177
22 3 -1.039257319135184
23 3 -0.5876076215118339
24 3 0.2689693912221058
25 3 -0.5720334940075804
26 3 0.4714330487774007
27 3 0.2533952637178524
28 3 -0.2605509439225115
29 3 -0.727774769050115
30 3 -1.226146849186225
31 3 0.5181554312901611
1 4 -0.4815157826380508
2 4 -0.5286171281968292
3 4 0.01304834572912123
4 4 -0.2813350640132431
5 4 -0.2813350640132431
6 4 -0.3048857367926323
7 4 -0.4344144370792725
8 4 -0.1518063637266028
9 4 4.369922809916113
10 4 -0.3166610731823268
11 4 -0.3755377551307997
12 4 -0.2106830456750756
13 4 -0.3166610731823268
14 4 0.1072510368466778
15 4 -0.1164803545575191
16 4 -0.1282556909472136
17 4 -0.09292968177812992
18 4 -0.1047050181678245
19 4 3.545649262637493
20 4 -0.5639431373659128
21 4 -0.5757184737556074
22 4 -0.3166610731823268
23 4 -0.6228198193143857
24 4 -0.3637624187411051
25 4 -0.1753570365059919
26 4 -0.1282556909472136
27 4 -0.2106830456750756
28 4 -0.5168417918071345
29 4 -0.1518063637266028
30 4 -0.5168417918071345
31 4 -0.1047050181678245
1 5 0.3513984068307276
2 5 -1.405453423144099
3 5 0.4355520706024877
4 5 -1.604886078384024
5 5 -1.819305002514809
6 5 -0.9454902471861226
7 5 -0.8624893733290443
8 5 0.489733196592525
9 5 0.6430542552451838
10 5 0.119687633979717
11 5 -0.2699553571826789
12 5 1.237893851220912
13 5 1.158351347107879
14 5 2.390683765902557
15 5 -0.6838069365533893
16 5 -1.348966717324698
17 5 1.697857027178889
18 5 -1.611802817872113
19 5 0.1438962221880316
20 5 -0.9823795244559353
21 5 0.6096233477194161
22 5 -0.9016842304282202
23 5 -0.03478621458762334
24 5 -0.2492051387184093
25 5 1.10993417069125
26 5 1.825816707708551
27 5 0.9543075322092278
28 5 -1.499982196147994
29 5 -0.5074300796070976
30 5 -1.053852499166197
31 5 1.295533346954995
1 6 0.1636952326598256
2 6 -1.138962688462706
3 6 0.1740980022162611
4 6 -1.314653907638061
5 6 -1.913391088775125
6 6 -0.9251279809137544
7 6 -0.9794535552640286
8 6 0.2434497992591642
9 6 0.8040434920226317
10 6 -0.02817807249220655
11 6 -0.1472319907491904
12 6 1.139243844396664
13 6 0.9762671213458413
14 6 2.269678136195985
15 6 -0.8291913283377383
16 6 -1.064987438283609
17 6 1.852411490654518
18 6 -1.362044302284044
19 6 0.1717862756481643
20 6 -1.204846895653464
21 6 0.8387193905440833
22 6 -1.15745650100748
23 6 0.07584962307214822
24 6 -0.2859355848349967
25 6 1.173919742918115
26 6 2.021167530125583
27 6 0.9855140276182283
28 6 -1.344706353023319
29 6 -0.2200513776442387
30 6 -1.251081427015399
31 6 1.347299235525373
1 7 1.489735992188811
2 7 1.489735992188811
3 7 -0.6150938583500315
4 7 0.1742173356020346
5 7 0.1742173356020346
6 7 -1.141301320984742
7 7 -0.6150938583500315
8 7 -0.6150938583500315
9 7 -1.141301320984742
10 7 1.489735992188811
11 7 0.1742173356020346
12 7 0.1742173356020346
13 7 -1.141301320984742
14 7 -1.141301320984742
15 7 1.489735992188811
16 7 1.489735992188811
17 7 -1.141301320984742
18 7 1.489735992188811
19 7 1.489735992188811
20 7 -0.6150938583500315
21 7 1.489735992188811
22 7 0.1742173356020346
23 7 1.489735992188811
24 7 -1.141301320984742
25 7 -0.6150938583500315
26 7 -1.141301320984742
27 7 1.489735992188811
28 7 -0.6150938583500315
29 7 1.489735992188811
30 7 -0.6150938583500315
31 7 -0.6150938583500315



