# Created by Octave 3.8.2, Wed May 18 09:29:29 2016 CEST <Andrea@Andreas-MacBook-Pro.local>
# name: SVs
# type: cell
# rows: 1
# columns: 7
# name: <cell-element>
# type: sparse matrix
# nnz: 49
# rows: 7
# columns: 7
1 1 -0.7214451666748162
2 1 -0.6184821258474482
3 1 -0.5021944562071267
4 1 -1.105436742466294
5 1 -1.063040196243261
6 1 2.107010131347586
7 1 -1.28229090671095
1 2 -0.9190429489138351
2 2 -0.7445001257806553
3 2 -1.452223513111708
4 2 -1.387095594032163
5 2 -1.019774130423531
6 2 2.142837620079161
7 2 -1.267260222925801
1 3 -1.085979701647944
2 3 0.2689693912221058
3 3 0.8763603638879903
4 3 -1.085979701647944
5 3 0.3156917737348662
6 3 0.01978335115405063
7 3 0.09765398867531787
1 4 -0.2695597276235485
2 4 -0.4108637642998834
3 4 3.887134017938636
4 4 -0.3637624187411051
5 4 -0.1400310273369082
6 4 -0.3755377551307997
7 4 -0.3873130915204943
1 5 -1.116103154559006
2 5 -0.7183906339938386
3 5 -1.757054347122001
4 5 -1.339744398007245
5 5 0.1116181045769455
6 5 -1.25213236449144
7 5 0.07357603739245126
1 6 -1.364356028852141
2 6 -0.9355307504701899
3 6 -1.612866634922544
4 6 -1.310030454501867
5 6 0.007653689313293426
6 6 -1.313498044354012
7 6 -0.02933393577625494
1 7 0.1742173356020346
2 7 0.1742173356020346
3 7 -0.6150938583500315
4 7 0.1742173356020346
5 7 -0.6150938583500315
6 7 1.489735992188811
7 7 1.489735992188811



# name: <cell-element>
# type: sparse matrix
# nnz: 28
# rows: 4
# columns: 7
1 1 -1.105436742466294
2 1 -1.063040196243261
3 1 2.107010131347586
4 1 -1.28229090671095
1 2 -1.387095594032163
2 2 -1.019774130423531
3 2 2.142837620079161
4 2 -1.267260222925801
1 3 -1.085979701647944
2 3 0.3156917737348662
3 3 0.01978335115405063
4 3 0.09765398867531787
1 4 -0.3637624187411051
2 4 -0.1400310273369082
3 4 -0.3755377551307997
4 4 -0.3873130915204943
1 5 -1.339744398007245
2 5 0.1116181045769455
3 5 -1.25213236449144
4 5 0.07357603739245126
1 6 -1.310030454501867
2 6 0.007653689313293426
3 6 -1.313498044354012
4 6 -0.02933393577625494
1 7 0.1742173356020346
2 7 -0.6150938583500315
3 7 1.489735992188811
4 7 1.489735992188811



# name: <cell-element>
# type: sparse matrix
# nnz: 245
# rows: 35
# columns: 7
1 1 1.456525979297038
2 1 -0.7214451666748162
3 1 -0.9406958771425056
4 1 0.2124901801240157
5 1 1.0870703622106
6 1 -1.495484967718206
7 1 0.3735970557715445
8 1 -0.1969393234012828
9 1 -0.6887392595884757
10 1 -0.2405471995164034
11 1 1.30268708300203
12 1 -0.9406958771425056
13 1 -0.5651836105956342
14 1 -0.6184821258474482
15 1 -0.02856446840123402
16 1 -0.8389441662072243
17 1 -1.434918473113872
18 1 1.472273267894165
19 1 -0.5021944562071267
20 1 -1.105436742466294
21 1 -0.5809308991927611
22 1 -0.1533314472861623
23 1 -1.063040196243261
24 1 -0.5918328682215411
25 1 -1.546360823185847
26 1 -0.8486348053439178
27 1 -0.7686870324661967
28 1 1.243331918289782
29 1 2.107010131347586
30 1 -0.7577850634374166
31 1 0.8775102908796042
32 1 -1.087266794084994
33 1 0.4850394058435192
34 1 -1.28229090671095
35 1 1.387480175448097
1 2 0.9488257702875075
2 2 -0.9190429489138351
3 2 -1.192580209047923
4 2 0.571952211880542
5 2 0.9983229887879614
6 2 -1.302863485355952
7 2 0.4660107968444825
8 2 0.3357549586853931
9 2 -0.5551949743227786
10 2 -0.2964200425133876
11 2 1.036531367981294
12 2 -0.5291438066909607
13 2 -0.08106372342369308
14 2 -0.7445001257806553
15 2 0.01532559681403311
16 2 -1.135267640257924
17 2 -0.8990703870627748
18 2 1.382143525230078
19 2 -1.452223513111708
20 2 -1.387095594032163
21 2 -0.8704141026677751
22 2 0.533743832687209
23 2 -1.019774130423531
24 2 -0.4865935662256582
25 2 -1.17434439170565
26 2 -0.4492535592867192
27 2 -0.983302495738986
28 2 0.9349318142172045
29 2 2.142837620079161
30 2 -0.5803777697002026
31 2 0.7794931806806912
32 2 -1.233393705004438
33 2 1.225836519439171
34 2 -1.267260222925801
35 2 0.9514308870506892
1 3 0.1755246261965851
2 3 -1.085979701647944
3 3 -0.02693903135870972
4 3 -0.5876076215118339
5 3 0.4091365387603869
6 3 0.4091365387603869
7 3 0.5337295587944144
8 3 -0.6499041315288477
9 3 -0.8056454065713822
10 3 0.2689693912221058
11 3 0.4247106662646403
12 3 0.4247106662646403
13 3 -0.5720334940075804
14 3 0.2689693912221058
15 3 -2.534373559543515
16 3 -1.194998594177718
17 3 0.3468400287433731
18 3 0.4714330487774007
19 3 0.8763603638879903
20 3 -1.085979701647944
21 3 -0.8990901715969029
22 3 -1.023683191630931
23 3 0.3156917737348662
24 3 -0.727774769050115
25 3 -0.8056454065713822
26 3 0.2845435187263592
27 3 -1.039257319135184
28 3 0.3001176462306127
29 3 0.01978335115405063
30 3 -0.6654782590331012
31 3 0.1599504986923317
32 3 -1.039257319135184
33 3 0.004209223649797177
34 3 0.09765398867531787
35 3 0.5025813037859076
1 4 -0.5168417918071345
2 4 -0.2695597276235485
3 4 -0.5286171281968292
4 4 -0.6228198193143857
5 4 -0.09292968177812992
6 4 -0.08115434538843536
7 4 -0.2106830456750756
8 4 -0.02227766343996249
9 4 -0.1164803545575191
10 4 -0.3637624187411051
11 4 -0.09292968177812992
12 4 0.0248236821188158
13 4 -0.1753570365059919
14 4 -0.4108637642998834
15 4 -0.5639431373659128
16 4 -0.2813350640132431
17 4 -0.2106830456750756
18 4 -0.1282556909472136
19 4 3.887134017938636
20 4 -0.3637624187411051
21 4 -0.2931104004029377
22 4 -0.3990884279101888
23 4 -0.1400310273369082
24 4 -0.1518063637266028
25 4 -0.3166610731823268
26 4 -0.3755377551307997
27 4 -0.1400310273369082
28 4 -0.2931104004029377
29 4 -0.3755377551307997
30 4 -0.1282556909472136
31 4 -0.4461897734689671
32 4 -0.3166610731823268
33 4 -0.4815157826380508
34 4 -0.3873130915204943
35 4 -0.1518063637266028
1 5 0.3075923900728251
2 5 -1.116103154559006
3 5 -1.405453423144099
4 5 -0.03478621458762334
5 5 1.28515823772286
6 5 0.1023957852594924
7 5 -0.3644841301865737
8 5 0.6707212131975432
9 5 -0.6838069365533893
10 5 -0.2492051387184093
11 5 0.4159546420528997
12 5 -0.4509433737876971
13 5 1.10993417069125
14 5 -0.7183906339938386
15 5 -0.9823795244559353
16 5 -1.604886078384024
17 5 0.1289099532971702
18 5 1.825816707708551
19 5 -1.757054347122001
20 5 -1.339744398007245
21 5 -0.8740172724758607
22 5 0.9520019523798645
23 5 0.1116181045769455
24 5 -0.5074300796070976
25 5 0.119687633979717
26 5 -0.2699553571826789
27 5 -0.8832395917933139
28 5 0.4424688100905776
29 5 -1.25213236449144
30 5 0.5358447931797908
31 5 0.191160608689979
32 5 -0.9016842304282202
33 5 0.3513984068307276
34 5 0.07357603739245126
35 5 0.489733196592525
1 6 0.2538525688155998
2 6 -1.364356028852141
3 6 -1.138962688462706
4 6 0.07584962307214822
5 6 1.292973661175099
6 6 -0.06747742414985169
7 6 -0.02355461935601301
8 6 0.9358119064041477
9 6 -0.8291913283377383
10 6 -0.2859355848349967
11 6 0.6006115540301157
12 6 -0.3818722374110128
13 6 1.173919742918115
14 6 -0.9355307504701899
15 6 -1.204846895653464
16 6 -1.314653907638061
17 6 -0.06863328743390007
18 6 2.021167530125583
19 6 -1.612866634922544
20 6 -1.310030454501867
21 6 -0.9309072973339964
22 6 1.059489277797325
23 6 0.007653689313293426
24 6 -0.2200513776442387
25 6 -0.02817807249220655
26 6 -0.1472319907491904
27 6 -0.9366866137542382
28 6 0.1694745490800675
29 6 -1.313498044354012
30 6 0.8606807929410026
31 6 0.07700548635619661
32 6 -1.15745650100748
33 6 0.1636952326598256
34 6 -0.02933393577625494
35 6 0.2434497992591642
1 7 -1.141301320984742
2 7 0.1742173356020346
3 7 1.489735992188811
4 7 1.489735992188811
5 7 0.1742173356020346
6 7 0.1742173356020346
7 7 -0.6150938583500315
8 7 0.1742173356020346
9 7 1.489735992188811
10 7 -1.141301320984742
11 7 -0.6150938583500315
12 7 0.1742173356020346
13 7 -0.6150938583500315
14 7 0.1742173356020346
15 7 -0.6150938583500315
16 7 0.1742173356020346
17 7 -1.141301320984742
18 7 -1.141301320984742
19 7 -0.6150938583500315
20 7 0.1742173356020346
21 7 -0.6150938583500315
22 7 1.489735992188811
23 7 -0.6150938583500315
24 7 1.489735992188811
25 7 1.489735992188811
26 7 0.1742173356020346
27 7 1.489735992188811
28 7 0.1742173356020346
29 7 1.489735992188811
30 7 1.489735992188811
31 7 0.1742173356020346
