# Created by Octave 4.0.0, Mon May 23 11:57:22 2016 CEST <peter@Independence>
# name: x
# type: matrix
# rows: 1
# columns: 100
 0.008333333333333333 0.008417508417508417 0.008501683501683501 0.008585858585858586 0.00867003367003367 0.008754208754208754 0.008838383838383838 0.008922558922558922 0.009006734006734006 0.00909090909090909 0.009175084175084175 0.009259259259259259 0.009343434343434343 0.009427609427609427 0.009511784511784511 0.009595959595959595 0.009680134680134679 0.009764309764309764 0.009848484848484848 0.009932659932659932 0.01001683501683502 0.0101010101010101 0.01018518518518519 0.01026936026936027 0.01035353535353535 0.01043771043771044 0.01052188552188552 0.01060606060606061 0.01069023569023569 0.01077441077441077 0.01085858585858586 0.01094276094276094 0.01102693602693603 0.01111111111111111 0.0111952861952862 0.01127946127946128 0.01136363636363636 0.01144781144781145 0.01153198653198653 0.01161616161616162 0.0117003367003367 0.01178451178451178 0.01186868686868687 0.01195286195286195 0.01203703703703704 0.01212121212121212 0.01220538720538721 0.01228956228956229 0.01237373737373737 0.01245791245791246 0.01254208754208754 0.01262626262626263 0.01271043771043771 0.01279461279461279 0.01287878787878788 0.01296296296296296 0.01304713804713805 0.01313131313131313 0.01321548821548822 0.0132996632996633 0.01338383838383838 0.01346801346801347 0.01355218855218855 0.01363636363636364 0.01372053872053872 0.0138047138047138 0.01388888888888889 0.01397306397306397 0.01405723905723906 0.01414141414141414 0.01422558922558922 0.01430976430976431 0.01439393939393939 0.01447811447811448 0.01456228956228956 0.01464646464646465 0.01473063973063973 0.01481481481481482 0.0148989898989899 0.01498316498316498 0.01506734006734007 0.01515151515151515 0.01523569023569024 0.01531986531986532 0.0154040404040404 0.01548821548821549 0.01557239057239057 0.01565656565656566 0.01574074074074074 0.01582491582491583 0.01590909090909091 0.01599326599326599 0.01607744107744108 0.01616161616161616 0.01624579124579124 0.01632996632996633 0.01641414141414142 0.0164983164983165 0.01658249158249158 0.01666666666666667


# name: y
# type: matrix
# rows: 100
# columns: 1
 23841.08874107446
 23840.99849183555
 23840.91838291395
 23840.84748158378
 23840.7849210004
 23840.72989702218
 23840.68166511104
 23840.63953731141
 23840.60287930785
 23840.57110756126
 23840.54368652359
 23840.52012593126
 23840.49997817699
 23840.48283576039
 23840.46832881699
 23840.45612272595
 23840.44591579623
 23840.43743703151
 23840.43044397349
 23840.42472062398
 23840.42007544538
 23840.41633943986
 23840.41336430709
 23840.41102068052
 23840.40919644229
 23840.40779511667
 23840.40673434212
 23840.40594442191
 23840.40536695331
 23840.40495353542
 23840.40466455546
 23840.40446805377
 23840.40433866733
 23840.40425665183
 23840.4042069824
 23840.40417853283
 23840.40416333343
 23840.40415590749
 23840.40415268621
 23840.40415150234
 23840.40415116234
 23840.4041510971
 23840.40415109127
 23840.4041510912
 23840.40415109135
 23840.40415109942
 23840.40415117999
 23840.40415157669
 23840.40415291306
 23840.4041564719
 23840.40416455325
 23840.40418091094
 23840.40421126769
 23840.40426390884
 23840.40435035459
 23840.40448611095
 23840.40469149907
 23840.40499256337
 23840.40542205805
 23840.40602051235
 23840.40683737429
 23840.40793223298
 23840.40937611958
 23840.4112528868
 23840.41366066698
 23840.41671340874
 23840.42054249224
 23840.425298423
 23840.43115260431
 23840.43829918818
 23840.44695700495
 23840.45737157143
 23840.46981717756
 23840.48459905179
 23840.50205560495
 23840.52256075266
 23840.54652631643
 23840.57440450327
 23840.60669046388
 23840.64392492944
 23840.68669692698
 23840.73564657331
 23840.79146794757
 23840.8549120423
 23840.92678979315
 23841.00797518712
 23841.09940844943
 23841.20209930892
 23841.31713034207
 23841.44566039558
 23841.58892808752
 23841.7482553871
 23841.92505127295
 23842.12081547008
 23842.33714226533
 23842.57572440141
 23842.83835704961
 23843.12694186096
 23843.44349109607
 23843.79013183349


# name: QUERY
# type: sq_string
# elements: 1
# length: 2
R5


# name: DATASIZE
# type: sq_string
# elements: 1
# length: 3
750


