# Created by Octave 4.0.0, Mon May 23 11:57:22 2016 CEST <peter@Independence>
# name: x
# type: matrix
# rows: 1
# columns: 100
 0.008333333333333333 0.008417508417508417 0.008501683501683501 0.008585858585858586 0.00867003367003367 0.008754208754208754 0.008838383838383838 0.008922558922558922 0.009006734006734006 0.00909090909090909 0.009175084175084175 0.009259259259259259 0.009343434343434343 0.009427609427609427 0.009511784511784511 0.009595959595959595 0.009680134680134679 0.009764309764309764 0.009848484848484848 0.009932659932659932 0.01001683501683502 0.0101010101010101 0.01018518518518519 0.01026936026936027 0.01035353535353535 0.01043771043771044 0.01052188552188552 0.01060606060606061 0.01069023569023569 0.01077441077441077 0.01085858585858586 0.01094276094276094 0.01102693602693603 0.01111111111111111 0.0111952861952862 0.01127946127946128 0.01136363636363636 0.01144781144781145 0.01153198653198653 0.01161616161616162 0.0117003367003367 0.01178451178451178 0.01186868686868687 0.01195286195286195 0.01203703703703704 0.01212121212121212 0.01220538720538721 0.01228956228956229 0.01237373737373737 0.01245791245791246 0.01254208754208754 0.01262626262626263 0.01271043771043771 0.01279461279461279 0.01287878787878788 0.01296296296296296 0.01304713804713805 0.01313131313131313 0.01321548821548822 0.0132996632996633 0.01338383838383838 0.01346801346801347 0.01355218855218855 0.01363636363636364 0.01372053872053872 0.0138047138047138 0.01388888888888889 0.01397306397306397 0.01405723905723906 0.01414141414141414 0.01422558922558922 0.01430976430976431 0.01439393939393939 0.01447811447811448 0.01456228956228956 0.01464646464646465 0.01473063973063973 0.01481481481481482 0.0148989898989899 0.01498316498316498 0.01506734006734007 0.01515151515151515 0.01523569023569024 0.01531986531986532 0.0154040404040404 0.01548821548821549 0.01557239057239057 0.01565656565656566 0.01574074074074074 0.01582491582491583 0.01590909090909091 0.01599326599326599 0.01607744107744108 0.01616161616161616 0.01624579124579124 0.01632996632996633 0.01641414141414142 0.0164983164983165 0.01658249158249158 0.01666666666666667


# name: y
# type: matrix
# rows: 100
# columns: 1
 23750.76570626742
 23750.77851938345
 23750.79044811375
 23750.80153412094
 23750.81181806236
 23750.8213395901
 23750.83013735101
 23750.83824898663
 23750.84571113328
 23750.85255942202
 23750.85882847861
 23750.8645519236
 23750.86976237224
 23750.87449143456
 23750.87876971527
 23750.88262681388
 23750.88609132461
 23750.88919083643
 23750.89195193303
 23750.89440019286
 23750.8965601891
 23750.89845548969
 23750.90010865726
 23750.90154124924
 23750.90277381776
 23750.90382590971
 23750.9047160667
 23750.90546182508
 23750.90607971598
 23750.90658526521
 23750.90699299337
 23750.90731641577
 23750.90756804247
 23750.90775937826
 23750.90790092269
 23750.90800217002
 23750.90807160929
 23750.90811672424
 23750.90814399337
 23750.90815888991
 23750.90816588184
 23750.90816843187
 23750.90816899747
 23750.90816903082
 23750.90816897885
 23750.90816828324
 23750.9081653804
 23750.90815770148
 23750.90814167238
 23750.90811271372
 23750.90806524088
 23750.90799266397
 23750.90788738784
 23750.90774081207
 23750.907543331
 23750.90728433369
 23750.90695220396
 23750.90653432035
 23750.90601705616
 23750.90538577939
 23750.90462485284
 23750.90371763398
 23750.90264647509
 23750.90139272314
 23750.89993671986
 23750.89825780171
 23750.89633429989
 23750.89414354036
 23750.89166184379
 23750.88886452561
 23750.88572589598
 23750.88221925979
 23750.87831691671
 23750.8739901611
 23750.86920928209
 23750.86394356354
 23750.85816128404
 23750.85182971695
 23750.84491513033
 23750.83738278701
 23750.82919694454
 23750.82032085523
 23750.81071676611
 23750.80034591897
 23750.78916855031
 23750.77714389139
 23750.76423016822
 23750.75038460152
 23750.73556340677
 23750.71972179419
 23750.70281396873
 23750.68479313008
 23750.66561147269
 23750.64522018572
 23750.62356945308
 23750.60060845344
 23750.57628536018
 23750.55054734143
 23750.52334056006
 23750.49461017369


# name: QUERY
# type: sq_string
# elements: 1
# length: 2
R5


# name: DATASIZE
# type: sq_string
# elements: 1
# length: 3
750


