# Created by Octave 3.8.2, Wed May 18 09:29:36 2016 CEST <Andrea@Andreas-MacBook-Pro.local>
# name: x
# type: matrix
# rows: 1
# columns: 100
 0.008333333333333333 0.008417508417508417 0.008501683501683501 0.008585858585858586 0.00867003367003367 0.008754208754208754 0.008838383838383838 0.008922558922558922 0.009006734006734006 0.00909090909090909 0.009175084175084175 0.009259259259259259 0.009343434343434343 0.009427609427609427 0.009511784511784511 0.009595959595959595 0.009680134680134679 0.009764309764309764 0.009848484848484848 0.009932659932659932 0.01001683501683502 0.0101010101010101 0.01018518518518519 0.01026936026936027 0.01035353535353535 0.01043771043771044 0.01052188552188552 0.01060606060606061 0.01069023569023569 0.01077441077441077 0.01085858585858586 0.01094276094276094 0.01102693602693603 0.01111111111111111 0.0111952861952862 0.01127946127946128 0.01136363636363636 0.01144781144781145 0.01153198653198653 0.01161616161616162 0.0117003367003367 0.01178451178451178 0.01186868686868687 0.01195286195286195 0.01203703703703704 0.01212121212121212 0.01220538720538721 0.01228956228956229 0.01237373737373737 0.01245791245791246 0.01254208754208754 0.01262626262626263 0.01271043771043771 0.01279461279461279 0.01287878787878788 0.01296296296296296 0.01304713804713805 0.01313131313131313 0.01321548821548822 0.0132996632996633 0.01338383838383838 0.01346801346801347 0.01355218855218855 0.01363636363636364 0.01372053872053872 0.0138047138047138 0.01388888888888889 0.01397306397306397 0.01405723905723906 0.01414141414141414 0.01422558922558922 0.01430976430976431 0.01439393939393939 0.01447811447811448 0.01456228956228956 0.01464646464646465 0.01473063973063973 0.01481481481481482 0.0148989898989899 0.01498316498316498 0.01506734006734007 0.01515151515151515 0.01523569023569024 0.01531986531986532 0.0154040404040404 0.01548821548821549 0.01557239057239057 0.01565656565656566 0.01574074074074074 0.01582491582491583 0.01590909090909091 0.01599326599326599 0.01607744107744108 0.01616161616161616 0.01624579124579124 0.01632996632996633 0.01641414141414142 0.0164983164983165 0.01658249158249158 0.01666666666666667


# name: y
# type: matrix
# rows: 100
# columns: 1
 24193.27989391016
 24193.26361226551
 24193.24845441106
 24193.23436740606
 24193.22129958715
 24193.20920056838
 24193.19802124117
 24193.18771377431
 24193.17823161401
 24193.16952948384
 24193.16156338476
 24193.15429059512
 24193.14766967067
 24193.1416604445
 24193.13622402715
 24193.13132280649
 24193.12692044781
 24193.12298189376
 24193.11947336441
 24193.11636235718
 24193.1136176469
 24193.11120928577
 24193.1091086034
 24193.10728820674
 24193.10572198018
 24193.10438508546
 24193.10325396172
 24193.10230632548
 24193.10152117065
 24193.10087876852
 24193.10036066777
 24193.09994969447
 24193.09962995207
 24193.09938682141
 24193.09920696071
 24193.09907830557
 24193.098990069
 24193.09893274137
 24193.09889809045
 24193.09887916139
 24193.09887027674
 24193.0988670364
 24193.0988663177
 24193.09886627533
 24193.09886634137
 24193.09886722528
 24193.09887091392
 24193.09888067153
 24193.09890103974
 24193.09893783754
 24193.09899816134
 24193.09909038493
 24193.09922415946
 24193.09941041349
 24193.09966135297
 24193.09999046121
 24193.10041249893
 24193.10094350422
 24193.10160079257
 24193.10240295685
 24193.1033698673
 24193.10452267157
 24193.10588379469
 24193.10747693907
 24193.1093270845
 24193.11146048817
 24193.11390468464
 24193.11668848588
 24193.11984198122
 24193.12339653739
 24193.1273847985
 24193.13184068605
 24193.13679939892
 24193.14229741339
 24193.14837248311
 24193.15506363912
 24193.16241118985
 24193.17045672111
 24193.1792430961
 24193.1888144554
 24193.19921621699
 24193.21049507623
 24193.22269900584
 24193.23587725597
 24193.25008035413
 24193.26536010521
 24193.28176959151
 24193.29936317269
 24193.3181964858
 24193.3383264453
 24193.35981124302
 24193.38271034816
 24193.40708450732
 24193.4329957445
 24193.46050736107
 24193.48968393577
 24193.52059132476
 24193.55329666157
 24193.58786835711
 24193.62437609969


# name: QUERY
# type: sq_string
# elements: 1
# length: 2
R5


# name: DATASIZE
# type: sq_string
# elements: 1
# length: 3
750


