# Created by Octave 3.8.2, Wed May 18 09:29:36 2016 CEST <Andrea@Andreas-MacBook-Pro.local>
# name: x
# type: matrix
# rows: 1
# columns: 100
 0.008333333333333333 0.008417508417508417 0.008501683501683501 0.008585858585858586 0.00867003367003367 0.008754208754208754 0.008838383838383838 0.008922558922558922 0.009006734006734006 0.00909090909090909 0.009175084175084175 0.009259259259259259 0.009343434343434343 0.009427609427609427 0.009511784511784511 0.009595959595959595 0.009680134680134679 0.009764309764309764 0.009848484848484848 0.009932659932659932 0.01001683501683502 0.0101010101010101 0.01018518518518519 0.01026936026936027 0.01035353535353535 0.01043771043771044 0.01052188552188552 0.01060606060606061 0.01069023569023569 0.01077441077441077 0.01085858585858586 0.01094276094276094 0.01102693602693603 0.01111111111111111 0.0111952861952862 0.01127946127946128 0.01136363636363636 0.01144781144781145 0.01153198653198653 0.01161616161616162 0.0117003367003367 0.01178451178451178 0.01186868686868687 0.01195286195286195 0.01203703703703704 0.01212121212121212 0.01220538720538721 0.01228956228956229 0.01237373737373737 0.01245791245791246 0.01254208754208754 0.01262626262626263 0.01271043771043771 0.01279461279461279 0.01287878787878788 0.01296296296296296 0.01304713804713805 0.01313131313131313 0.01321548821548822 0.0132996632996633 0.01338383838383838 0.01346801346801347 0.01355218855218855 0.01363636363636364 0.01372053872053872 0.0138047138047138 0.01388888888888889 0.01397306397306397 0.01405723905723906 0.01414141414141414 0.01422558922558922 0.01430976430976431 0.01439393939393939 0.01447811447811448 0.01456228956228956 0.01464646464646465 0.01473063973063973 0.01481481481481482 0.0148989898989899 0.01498316498316498 0.01506734006734007 0.01515151515151515 0.01523569023569024 0.01531986531986532 0.0154040404040404 0.01548821548821549 0.01557239057239057 0.01565656565656566 0.01574074074074074 0.01582491582491583 0.01590909090909091 0.01599326599326599 0.01607744107744108 0.01616161616161616 0.01624579124579124 0.01632996632996633 0.01641414141414142 0.0164983164983165 0.01658249158249158 0.01666666666666667


# name: y
# type: matrix
# rows: 100
# columns: 1
 24217.52779038433
 24217.08804088221
 24216.65865193381
 24216.23962353911
 24215.83095569813
 24215.43264841086
 24215.04470167731
 24214.66711549747
 24214.29988987134
 24213.94302479893
 24213.59652028022
 24213.26037631523
 24212.93459290395
 24212.61917004639
 24212.31410774254
 24212.0194059924
 24211.73506479597
 24211.46108415326
 24211.19746406426
 24210.94420452897
 24210.7013055474
 24210.46876711954
 24210.24658924539
 24210.03477192495
 24209.83331515823
 24209.64221894522
 24209.46148328592
 24209.29110818034
 24209.13109362847
 24208.98143963031
 24208.84214618586
 24208.71321329513
 24208.59464095811
 24208.48642917481
 24208.38857794521
 24208.30108726933
 24208.22395714716
 24208.15718757871
 24208.10077856397
 24208.05473010294
 24208.01904219562
 24207.99371484202
 24207.97874804213
 24207.97414179595
 24207.97989610348
 24207.99601096473
 24208.02248637969
 24208.05932234837
 24208.10651887075
 24208.16407594685
 24208.23199357666
 24208.31027176019
 24208.39891049743
 24208.49790978838
 24208.60726963304
 24208.72699003142
 24208.85707098351
 24208.99751248931
 24209.14831454883
 24209.30947716206
 24209.481000329
 24209.66288404965
 24209.85512832402
 24210.0577331521
 24210.27069853389
 24210.4940244694
 24210.72771095862
 24210.97175800155
 24211.22616559819
 24211.49093374855
 24211.76606245262
 24212.0515517104
 24212.3474015219
 24212.65361188711
 24212.97018280603
 24213.29711427867
 24213.63440630501
 24213.98205888507
 24214.34007201885
 24214.70844570634
 24215.08717994754
 24215.47627474245
 24215.87573009107
 24216.28554599341
 24216.70572244946
 24217.13625945922
 24217.5771570227
 24218.02841513989
 24218.49003381079
 24218.96201303541
 24219.44435281373
 24219.93705314578
 24220.44011403153
 24220.953535471
 24221.47731746418
 24222.01146001107
 24222.55596311167
 24223.11082676599
 24223.67605097402
 24224.25163573577


# name: QUERY
# type: sq_string
# elements: 1
# length: 2
R5


# name: DATASIZE
# type: sq_string
# elements: 1
# length: 3
750


