# Created by Octave 4.0.0, Mon May 23 11:57:22 2016 CEST <peter@Independence>
# name: x
# type: matrix
# rows: 1
# columns: 100
 0.008333333333333333 0.008417508417508417 0.008501683501683501 0.008585858585858586 0.00867003367003367 0.008754208754208754 0.008838383838383838 0.008922558922558922 0.009006734006734006 0.00909090909090909 0.009175084175084175 0.009259259259259259 0.009343434343434343 0.009427609427609427 0.009511784511784511 0.009595959595959595 0.009680134680134679 0.009764309764309764 0.009848484848484848 0.009932659932659932 0.01001683501683502 0.0101010101010101 0.01018518518518519 0.01026936026936027 0.01035353535353535 0.01043771043771044 0.01052188552188552 0.01060606060606061 0.01069023569023569 0.01077441077441077 0.01085858585858586 0.01094276094276094 0.01102693602693603 0.01111111111111111 0.0111952861952862 0.01127946127946128 0.01136363636363636 0.01144781144781145 0.01153198653198653 0.01161616161616162 0.0117003367003367 0.01178451178451178 0.01186868686868687 0.01195286195286195 0.01203703703703704 0.01212121212121212 0.01220538720538721 0.01228956228956229 0.01237373737373737 0.01245791245791246 0.01254208754208754 0.01262626262626263 0.01271043771043771 0.01279461279461279 0.01287878787878788 0.01296296296296296 0.01304713804713805 0.01313131313131313 0.01321548821548822 0.0132996632996633 0.01338383838383838 0.01346801346801347 0.01355218855218855 0.01363636363636364 0.01372053872053872 0.0138047138047138 0.01388888888888889 0.01397306397306397 0.01405723905723906 0.01414141414141414 0.01422558922558922 0.01430976430976431 0.01439393939393939 0.01447811447811448 0.01456228956228956 0.01464646464646465 0.01473063973063973 0.01481481481481482 0.0148989898989899 0.01498316498316498 0.01506734006734007 0.01515151515151515 0.01523569023569024 0.01531986531986532 0.0154040404040404 0.01548821548821549 0.01557239057239057 0.01565656565656566 0.01574074074074074 0.01582491582491583 0.01590909090909091 0.01599326599326599 0.01607744107744108 0.01616161616161616 0.01624579124579124 0.01632996632996633 0.01641414141414142 0.0164983164983165 0.01658249158249158 0.01666666666666667


# name: y
# type: matrix
# rows: 100
# columns: 1
 23643.53311638055
 23650.77220977313
 23657.84074921269
 23664.73873469922
 23671.46616623273
 23678.02304381322
 23684.40936744068
 23690.62513711512
 23696.67035283654
 23702.54501460493
 23708.2491224203
 23713.78267628264
 23719.14567619197
 23724.33812214827
 23729.36001415155
 23734.2113522018
 23738.89213629903
 23743.40236644324
 23747.74204263442
 23751.91116487258
 23755.90973315771
 23759.73774748983
 23763.39520786892
 23766.88211429499
 23770.19846676803
 23773.34426528805
 23776.31950985505
 23779.12420046902
 23781.75833712997
 23784.2219198379
 23786.5149485928
 23788.63742339468
 23790.58934424354
 23792.37071113937
 23793.98152408218
 23795.42178307197
 23796.69148810874
 23797.79063919248
 23798.7192363232
 23799.47727950089
 23800.06476872556
 23800.48170399721
 23800.72808531583
 23800.80391268143
 23800.70918609401
 23800.44390555356
 23800.0080710601
 23799.4016826136
 23798.62474021409
 23797.67724386155
 23796.55919355599
 23795.2705892974
 23793.81143108579
 23792.18171892116
 23790.3814528035
 23788.41063273283
 23786.26925870912
 23783.9573307324
 23781.47484880265
 23778.82181291988
 23775.99822308408
 23773.00407929526
 23769.83938155342
 23766.50412985856
 23762.99832421067
 23759.32196460976
 23755.47505105582
 23751.45758354886
 23747.26956208888
 23742.91098667587
 23738.38185730985
 23733.68217399079
 23728.81193671872
 23723.77114549362
 23718.5598003155
 23713.17790118436
 23707.62544810019
 23701.902441063
 23696.00888007278
 23689.94476512954
 23683.71009623328
 23677.304873384
 23670.72909658169
 23663.98276582636
 23657.065881118
 23649.97844245663
 23642.72044984223
 23635.2919032748
 23627.69280275435
 23619.92314828088
 23611.98293985439
 23603.87217747487
 23595.59086114233
 23587.13899085677
 23578.51656661818
 23569.72358842656
 23560.76005628193
 23551.62597018428
 23542.32133013359
 23532.84613612989


# name: QUERY
# type: sq_string
# elements: 1
# length: 2
R5


# name: DATASIZE
# type: sq_string
# elements: 1
# length: 3
750


