# Created by Octave 3.8.2, Wed May 18 09:29:36 2016 CEST <Andrea@Andreas-MacBook-Pro.local>
# name: x
# type: matrix
# rows: 1
# columns: 100
 0.008333333333333333 0.008417508417508417 0.008501683501683501 0.008585858585858586 0.00867003367003367 0.008754208754208754 0.008838383838383838 0.008922558922558922 0.009006734006734006 0.00909090909090909 0.009175084175084175 0.009259259259259259 0.009343434343434343 0.009427609427609427 0.009511784511784511 0.009595959595959595 0.009680134680134679 0.009764309764309764 0.009848484848484848 0.009932659932659932 0.01001683501683502 0.0101010101010101 0.01018518518518519 0.01026936026936027 0.01035353535353535 0.01043771043771044 0.01052188552188552 0.01060606060606061 0.01069023569023569 0.01077441077441077 0.01085858585858586 0.01094276094276094 0.01102693602693603 0.01111111111111111 0.0111952861952862 0.01127946127946128 0.01136363636363636 0.01144781144781145 0.01153198653198653 0.01161616161616162 0.0117003367003367 0.01178451178451178 0.01186868686868687 0.01195286195286195 0.01203703703703704 0.01212121212121212 0.01220538720538721 0.01228956228956229 0.01237373737373737 0.01245791245791246 0.01254208754208754 0.01262626262626263 0.01271043771043771 0.01279461279461279 0.01287878787878788 0.01296296296296296 0.01304713804713805 0.01313131313131313 0.01321548821548822 0.0132996632996633 0.01338383838383838 0.01346801346801347 0.01355218855218855 0.01363636363636364 0.01372053872053872 0.0138047138047138 0.01388888888888889 0.01397306397306397 0.01405723905723906 0.01414141414141414 0.01422558922558922 0.01430976430976431 0.01439393939393939 0.01447811447811448 0.01456228956228956 0.01464646464646465 0.01473063973063973 0.01481481481481482 0.0148989898989899 0.01498316498316498 0.01506734006734007 0.01515151515151515 0.01523569023569024 0.01531986531986532 0.0154040404040404 0.01548821548821549 0.01557239057239057 0.01565656565656566 0.01574074074074074 0.01582491582491583 0.01590909090909091 0.01599326599326599 0.01607744107744108 0.01616161616161616 0.01624579124579124 0.01632996632996633 0.01641414141414142 0.0164983164983165 0.01658249158249158 0.01666666666666667


# name: y
# type: matrix
# rows: 100
# columns: 1
 23897.07593113952
 23894.95225723549
 23892.92746799931
 23890.99920592416
 23889.16511350322
 23887.42283322967
 23885.77000759668
 23884.20427909744
 23882.72329022513
 23881.32468347293
 23880.006101334
 23878.76518630154
 23877.59958086872
 23876.50692752873
 23875.48486877474
 23874.53104709992
 23873.64310499747
 23872.81868496056
 23872.05542948236
 23871.35098105606
 23870.70298217484
 23870.10907533187
 23869.56690302034
 23869.07410773343
 23868.6283319643
 23868.22721820616
 23867.86840895216
 23867.54954669549
 23867.26827392934
 23867.02223314688
 23866.80906684128
 23866.62641750573
 23866.47192763341
 23866.34323971751
 23866.23799625118
 23866.15383972762
 23866.08841264001
 23866.03935748152
 23866.00431674533
 23865.98093292462
 23865.96684851258
 23865.95970600238
 23865.9571478872
 23865.95681666021
 23865.95635481461
 23865.95340484357
 23865.94560924026
 23865.93061049787
 23865.90605110957
 23865.86957356855
 23865.81882036799
 23865.75143400106
 23865.66505696094
 23865.55733174081
 23865.42590083386
 23865.26840673325
 23865.08249193218
 23864.86579892381
 23864.61597020133
 23864.33064825792
 23864.00747558676
 23863.64409468103
 23863.23814803389
 23862.78727813854
 23862.28912748816
 23861.74133857592
 23861.14155389501
 23860.48741593859
 23859.77656719986
 23859.00665017198
 23858.17530734814
 23857.28018122153
 23856.31891428531
 23855.28914903267
 23854.18852795678
 23853.01469355083
 23851.765288308
 23850.43795472146
 23849.03033528439
 23847.54007248998
 23845.9648088314
 23844.30218680183
 23842.54984889444
 23840.70543760243
 23838.76659541897
 23836.73096483724
 23834.59618835041
 23832.35990845167
 23830.0197676342
 23827.57340839117
 23825.01847321576
 23822.35260460116
 23819.57344504055
 23816.67863702709
 23813.66582305398
 23810.53264561438
 23807.27674720149
 23803.89577030848
 23800.38735742852
 23796.74915105481


# name: QUERY
# type: sq_string
# elements: 1
# length: 2
R5


# name: DATASIZE
# type: sq_string
# elements: 1
# length: 3
750


