# Created by Octave 3.8.2, Wed May 18 09:29:36 2016 CEST <Andrea@Andreas-MacBook-Pro.local>
# name: x
# type: matrix
# rows: 1
# columns: 100
 0.008333333333333333 0.008417508417508417 0.008501683501683501 0.008585858585858586 0.00867003367003367 0.008754208754208754 0.008838383838383838 0.008922558922558922 0.009006734006734006 0.00909090909090909 0.009175084175084175 0.009259259259259259 0.009343434343434343 0.009427609427609427 0.009511784511784511 0.009595959595959595 0.009680134680134679 0.009764309764309764 0.009848484848484848 0.009932659932659932 0.01001683501683502 0.0101010101010101 0.01018518518518519 0.01026936026936027 0.01035353535353535 0.01043771043771044 0.01052188552188552 0.01060606060606061 0.01069023569023569 0.01077441077441077 0.01085858585858586 0.01094276094276094 0.01102693602693603 0.01111111111111111 0.0111952861952862 0.01127946127946128 0.01136363636363636 0.01144781144781145 0.01153198653198653 0.01161616161616162 0.0117003367003367 0.01178451178451178 0.01186868686868687 0.01195286195286195 0.01203703703703704 0.01212121212121212 0.01220538720538721 0.01228956228956229 0.01237373737373737 0.01245791245791246 0.01254208754208754 0.01262626262626263 0.01271043771043771 0.01279461279461279 0.01287878787878788 0.01296296296296296 0.01304713804713805 0.01313131313131313 0.01321548821548822 0.0132996632996633 0.01338383838383838 0.01346801346801347 0.01355218855218855 0.01363636363636364 0.01372053872053872 0.0138047138047138 0.01388888888888889 0.01397306397306397 0.01405723905723906 0.01414141414141414 0.01422558922558922 0.01430976430976431 0.01439393939393939 0.01447811447811448 0.01456228956228956 0.01464646464646465 0.01473063973063973 0.01481481481481482 0.0148989898989899 0.01498316498316498 0.01506734006734007 0.01515151515151515 0.01523569023569024 0.01531986531986532 0.0154040404040404 0.01548821548821549 0.01557239057239057 0.01565656565656566 0.01574074074074074 0.01582491582491583 0.01590909090909091 0.01599326599326599 0.01607744107744108 0.01616161616161616 0.01624579124579124 0.01632996632996633 0.01641414141414142 0.0164983164983165 0.01658249158249158 0.01666666666666667


# name: y
# type: matrix
# rows: 100
# columns: 1
 24155.59079521215
 24155.59046333475
 24155.59016874677
 24155.58990801826
 24155.58967796154
 24155.5894756195
 24155.58929825422
 24155.58914333586
 24155.58900853181
 24155.5888916962
 24155.58879085964
 24155.58870421926
 24155.58863012906
 24155.58856709051
 24155.58851374351
 24155.58846885752
 24155.58843132314
 24155.58840014382
 24155.58837442795
 24155.58835338123
 24155.58833629931
 24155.58832256074
 24155.58831162015
 24155.58830300183
 24155.58829629348
 24155.58829114033
 24155.5882872395
 24155.58828433469
 24155.58828221114
 24155.58828069086
 24155.58827962818
 24155.58827890558
 24155.58827842978
 24155.58827812818
 24155.58827794553
 24155.58827784091
 24155.58827778502
 24155.58827775771
 24155.58827774586
 24155.58827774151
 24155.58827774026
 24155.58827774002
 24155.58827774
 24155.58827774
 24155.58827774
 24155.58827774003
 24155.58827774032
 24155.58827774178
 24155.5882777467
 24155.58827775979
 24155.5882777895
 24155.58827784966
 24155.58827796129
 24155.58827815487
 24155.58827847276
 24155.58827897198
 24155.58827972726
 24155.58828083438
 24155.58828241378
 24155.5882846145
 24155.58828761838
 24155.58829164456
 24155.58829695422
 24155.58830385574
 24155.58831270997
 24155.58832393595
 24155.5883380168
 24155.58835550599
 24155.58837703382
 24155.58840331426
 24155.58843515203
 24155.58847344996
 24155.58851921672
 24155.58857357474
 24155.58863776847
 24155.58871317293
 24155.58880130253
 24155.58890382018
 24155.58902254673
 24155.58915947063
 24155.58931675794
 24155.58949676257
 24155.58970203691
 24155.58993534261
 24155.59019966175
 24155.59049820828
 24155.59083443974
 24155.59121206925
 24155.59163507781
 24155.5921077269
 24155.59263457133
 24155.59322047246
 24155.59387061156
 24155.59459050365
 24155.59538601147
 24155.5962633598
 24155.59722915012
 24155.59829037544
 24155.59945443554
 24155.60072915241


# name: QUERY
# type: sq_string
# elements: 1
# length: 2
R5


# name: DATASIZE
# type: sq_string
# elements: 1
# length: 3
750


