# Created by Octave 4.0.0, Mon May 23 11:57:22 2016 CEST <peter@Independence>
# name: x
# type: matrix
# rows: 1
# columns: 100
 0.008333333333333333 0.008417508417508417 0.008501683501683501 0.008585858585858586 0.00867003367003367 0.008754208754208754 0.008838383838383838 0.008922558922558922 0.009006734006734006 0.00909090909090909 0.009175084175084175 0.009259259259259259 0.009343434343434343 0.009427609427609427 0.009511784511784511 0.009595959595959595 0.009680134680134679 0.009764309764309764 0.009848484848484848 0.009932659932659932 0.01001683501683502 0.0101010101010101 0.01018518518518519 0.01026936026936027 0.01035353535353535 0.01043771043771044 0.01052188552188552 0.01060606060606061 0.01069023569023569 0.01077441077441077 0.01085858585858586 0.01094276094276094 0.01102693602693603 0.01111111111111111 0.0111952861952862 0.01127946127946128 0.01136363636363636 0.01144781144781145 0.01153198653198653 0.01161616161616162 0.0117003367003367 0.01178451178451178 0.01186868686868687 0.01195286195286195 0.01203703703703704 0.01212121212121212 0.01220538720538721 0.01228956228956229 0.01237373737373737 0.01245791245791246 0.01254208754208754 0.01262626262626263 0.01271043771043771 0.01279461279461279 0.01287878787878788 0.01296296296296296 0.01304713804713805 0.01313131313131313 0.01321548821548822 0.0132996632996633 0.01338383838383838 0.01346801346801347 0.01355218855218855 0.01363636363636364 0.01372053872053872 0.0138047138047138 0.01388888888888889 0.01397306397306397 0.01405723905723906 0.01414141414141414 0.01422558922558922 0.01430976430976431 0.01439393939393939 0.01447811447811448 0.01456228956228956 0.01464646464646465 0.01473063973063973 0.01481481481481482 0.0148989898989899 0.01498316498316498 0.01506734006734007 0.01515151515151515 0.01523569023569024 0.01531986531986532 0.0154040404040404 0.01548821548821549 0.01557239057239057 0.01565656565656566 0.01574074074074074 0.01582491582491583 0.01590909090909091 0.01599326599326599 0.01607744107744108 0.01616161616161616 0.01624579124579124 0.01632996632996633 0.01641414141414142 0.0164983164983165 0.01658249158249158 0.01666666666666667


# name: y
# type: matrix
# rows: 100
# columns: 1
 23835.3639108692
 23835.69076946184
 23836.0024085317
 23836.29919092702
 23836.58147949607
 23836.84963708708
 23837.10402654832
 23837.34501072802
 23837.57295247445
 23837.78821463585
 23837.99116006047
 23838.18215159656
 23838.36155209238
 23838.52972439618
 23838.68703135621
 23838.83383582071
 23838.97050063794
 23839.09738865616
 23839.2148627236
 23839.32328568853
 23839.42302039919
 23839.51442970383
 23839.5978764507
 23839.67372348806
 23839.74233366416
 23839.80406982725
 23839.85929482557
 23839.90837150738
 23839.95166272093
 23839.98953131448
 23840.02234013626
 23840.05045203454
 23840.07422985756
 23840.09403645357
 23840.11023467083
 23840.12318735759
 23840.13325736209
 23840.1408075326
 23840.14620071735
 23840.1497997646
 23840.1519675226
 23840.1530668396
 23840.15346056386
 23840.15351154362
 23840.15358262713
 23840.15403666265
 23840.15523649843
 23840.15754498271
 23840.16132496375
 23840.1669392898
 23840.17475080911
 23840.18512236993
 23840.19841682051
 23840.21499700911
 23840.23522578397
 23840.25946599334
 23840.28808048548
 23840.32143210863
 23840.35988371105
 23840.40379814099
 23840.4535382467
 23840.50946687643
 23840.57194687843
 23840.64134110095
 23840.71801239224
 23840.80232360056
 23840.89463757415
 23840.99531716127
 23841.10472521016
 23841.22322456908
 23841.35117808628
 23841.48894861001
 23841.63689898851
 23841.79539207005
 23841.96479070287
 23842.14545773522
 23842.33775601536
 23842.54204839153
 23842.75869771198
 23842.98806682498
 23843.23051857875
 23843.48641582157
 23843.75612140168
 23844.03999816732
 23844.33840896676
 23844.65171664823
 23844.98028406
 23845.32447405032
 23845.68464946742
 23846.06117315958
 23846.45440797503
 23846.86471676202
 23847.29246236882
 23847.73800764366
 23848.2017154348
 23848.6839485905
 23849.185069959
 23849.70544238854
 23850.24542872739
 23850.8053918238


# name: QUERY
# type: sq_string
# elements: 1
# length: 2
R5


# name: DATASIZE
# type: sq_string
# elements: 1
# length: 3
750


