# Created by Octave 3.8.2, Wed May 18 09:29:36 2016 CEST <Andrea@Andreas-MacBook-Pro.local>
# name: x
# type: matrix
# rows: 1
# columns: 100
 0.008333333333333333 0.008417508417508417 0.008501683501683501 0.008585858585858586 0.00867003367003367 0.008754208754208754 0.008838383838383838 0.008922558922558922 0.009006734006734006 0.00909090909090909 0.009175084175084175 0.009259259259259259 0.009343434343434343 0.009427609427609427 0.009511784511784511 0.009595959595959595 0.009680134680134679 0.009764309764309764 0.009848484848484848 0.009932659932659932 0.01001683501683502 0.0101010101010101 0.01018518518518519 0.01026936026936027 0.01035353535353535 0.01043771043771044 0.01052188552188552 0.01060606060606061 0.01069023569023569 0.01077441077441077 0.01085858585858586 0.01094276094276094 0.01102693602693603 0.01111111111111111 0.0111952861952862 0.01127946127946128 0.01136363636363636 0.01144781144781145 0.01153198653198653 0.01161616161616162 0.0117003367003367 0.01178451178451178 0.01186868686868687 0.01195286195286195 0.01203703703703704 0.01212121212121212 0.01220538720538721 0.01228956228956229 0.01237373737373737 0.01245791245791246 0.01254208754208754 0.01262626262626263 0.01271043771043771 0.01279461279461279 0.01287878787878788 0.01296296296296296 0.01304713804713805 0.01313131313131313 0.01321548821548822 0.0132996632996633 0.01338383838383838 0.01346801346801347 0.01355218855218855 0.01363636363636364 0.01372053872053872 0.0138047138047138 0.01388888888888889 0.01397306397306397 0.01405723905723906 0.01414141414141414 0.01422558922558922 0.01430976430976431 0.01439393939393939 0.01447811447811448 0.01456228956228956 0.01464646464646465 0.01473063973063973 0.01481481481481482 0.0148989898989899 0.01498316498316498 0.01506734006734007 0.01515151515151515 0.01523569023569024 0.01531986531986532 0.0154040404040404 0.01548821548821549 0.01557239057239057 0.01565656565656566 0.01574074074074074 0.01582491582491583 0.01590909090909091 0.01599326599326599 0.01607744107744108 0.01616161616161616 0.01624579124579124 0.01632996632996633 0.01641414141414142 0.0164983164983165 0.01658249158249158 0.01666666666666667


# name: y
# type: matrix
# rows: 1
# columns: 100
 23907.24638887542 23908.7148955066 23910.18340213778 23911.65190876896 23913.12041540013 23914.58892203131 23916.05742866249 23917.52593529366 23918.99444192484 23920.46294855602 23921.9314551872 23923.39996181837 23924.86846844955 23926.33697508073 23927.8054817119 23929.27398834308 23930.74249497426 23932.21100160544 23933.67950823662 23935.14801486779 23936.61652149897 23938.08502813015 23939.55353476133 23941.0220413925 23942.49054802368 23943.95905465486 23945.42756128604 23946.89606791721 23948.36457454839 23949.83308117957 23951.30158781074 23952.77009444192 23954.2386010731 23955.70710770428 23957.17561433545 23958.64412096663 23960.11262759781 23961.58113422899 23963.04964086016 23964.51814749134 23965.98665412252 23967.4551607537 23968.92366738487 23970.39217401605 23971.86068064723 23973.32918727841 23974.79769390958 23976.26620054076 23977.73470717194 23979.20321380311 23980.67172043429 23982.14022706547 23983.60873369665 23985.07724032782 23986.545746959 23988.01425359018 23989.48276022136 23990.95126685253 23992.41977348371 23993.88828011489 23995.35678674607 23996.82529337725 23998.29380000842 23999.7623066396 24001.23081327078 24002.69931990195 24004.16782653313 24005.63633316431 24007.10483979549 24008.57334642666 24010.04185305784 24011.51035968902 24012.97886632019 24014.44737295137 24015.91587958255 24017.38438621373 24018.8528928449 24020.32139947608 24021.78990610726 24023.25841273844 24024.72691936962 24026.19542600079 24027.66393263197 24029.13243926315 24030.60094589433 24032.0694525255 24033.53795915668 24035.00646578786 24036.47497241903 24037.94347905021 24039.41198568139 24040.88049231257 24042.34899894374 24043.81750557492 24045.2860122061 24046.75451883728 24048.22302546845 24049.69153209963 24051.16003873081 24052.62854536199


# name: QUERY
# type: sq_string
# elements: 1
# length: 2
R5


# name: DATASIZE
# type: sq_string
# elements: 1
# length: 3
750


