# Created by Octave 4.0.0, Mon May 23 13:47:46 2016 CEST <peter@Independence>
# name: x
# type: matrix
# rows: 1
# columns: 100
 60 60.60606060606061 61.21212121212121 61.81818181818181 62.42424242424242 63.03030303030303 63.63636363636364 64.24242424242425 64.84848484848484 65.45454545454545 66.06060606060606 66.66666666666667 67.27272727272728 67.87878787878788 68.48484848484848 69.09090909090909 69.6969696969697 70.30303030303031 70.90909090909091 71.51515151515152 72.12121212121212 72.72727272727272 73.33333333333333 73.93939393939394 74.54545454545455 75.15151515151516 75.75757575757575 76.36363636363636 76.96969696969697 77.57575757575758 78.18181818181819 78.78787878787878 79.39393939393939 80 80.60606060606061 81.21212121212122 81.81818181818181 82.42424242424242 83.03030303030303 83.63636363636364 84.24242424242424 84.84848484848484 85.45454545454545 86.06060606060606 86.66666666666667 87.27272727272727 87.87878787878788 88.48484848484848 89.09090909090909 89.6969696969697 90.3030303030303 90.90909090909091 91.51515151515152 92.12121212121212 92.72727272727272 93.33333333333333 93.93939393939394 94.54545454545455 95.15151515151516 95.75757575757575 96.36363636363636 96.96969696969697 97.57575757575758 98.18181818181819 98.78787878787878 99.39393939393939 100 100.6060606060606 101.2121212121212 101.8181818181818 102.4242424242424 103.030303030303 103.6363636363636 104.2424242424242 104.8484848484848 105.4545454545455 106.0606060606061 106.6666666666667 107.2727272727273 107.8787878787879 108.4848484848485 109.0909090909091 109.6969696969697 110.3030303030303 110.9090909090909 111.5151515151515 112.1212121212121 112.7272727272727 113.3333333333333 113.9393939393939 114.5454545454545 115.1515151515152 115.7575757575758 116.3636363636364 116.969696969697 117.5757575757576 118.1818181818182 118.7878787878788 119.3939393939394 120


# name: y
# type: matrix
# rows: 100
# columns: 1
 1877334.043027651
 1870219.962071597
 1861723.923276885
 1851858.978711882
 1840644.111421126
 1828104.125706633
 1814269.495142228
 1799176.169783821
 1782865.344458333
 1765383.1904102
 1746780.552951916
 1727112.618099029
 1706438.551466135
 1684821.11295504
 1662326.250976234
 1639022.68010777
 1614981.446209984
 1590275.48307911
 1564979.164737722
 1539167.857425514
 1512917.475271527
 1486304.043500518
 1459403.272854355
 1432290.148697329
 1405038.538025924
 1377720.817323014
 1350407.523888353
 1323167.032946549
 1296065.262485457
 1269165.407417602
 1242527.704289905
 1216209.227398132
 1190263.716797038
 1164741.438340227
 1139689.075539707
 1115149.652708462
 1091162.488543688
 1067763.179027169
 1044983.608265334
 1022851.985667187
 1001392.907665216
 980627.4420237308
 960573.2326514949
 941244.6227408758
 922652.793993732
 904805.9196637088
 887709.3291441497
 871365.6818585461
 855775.1482640974
 840935.5958560295
 826842.7781580193
 813490.5247994952
 800870.9309106595
 788974.544207715
 777790.5482909516
 767306.940834013
 757510.7055010102
 748387.9765864918
 739924.195529168
 732104.2586015207
 724912.6552221405
 718333.5964741861
 712351.1335404997
 706949.2658826729
 702112.0390971154
 697823.6324755761
 694068.436380586
 690831.1196181551
 688096.6870511951
 685850.5277482682
 684078.4540041549
 682766.7316023926
 681902.1017164041
 681471.794866171
 681463.5373628077
 681865.5506848304
 682666.5442385422
 683855.7019616093
 685422.6632344795
 687357.4985694624
 689650.6805525916
 692293.0505192261
 695275.7814509312
 698590.3375885694
 702228.4312646466
 706181.9774665292
 710443.0466508416
 715003.8163376309
 719856.5220202517
 724993.4079326519
 730406.6782192392
 736088.4490530374
 742030.7022447509
 748225.2408780227
 754663.6474940225
 761337.2453310706
 768237.0631019252
 775353.8037623928
 782677.8176899635
 790199.080650261


# name: QUERY
# type: sq_string
# elements: 1
# length: 2
R2


# name: DATASIZE
# type: sq_string
# elements: 1
# length: 4
1000


