# Created by Octave 4.0.0, Wed May 18 23:48:21 2016 CEST <peter@Independence>
# name: x
# type: matrix
# rows: 1
# columns: 100
 60 60.60606060606061 61.21212121212121 61.81818181818181 62.42424242424242 63.03030303030303 63.63636363636364 64.24242424242425 64.84848484848484 65.45454545454545 66.06060606060606 66.66666666666667 67.27272727272728 67.87878787878788 68.48484848484848 69.09090909090909 69.6969696969697 70.30303030303031 70.90909090909091 71.51515151515152 72.12121212121212 72.72727272727272 73.33333333333333 73.93939393939394 74.54545454545455 75.15151515151516 75.75757575757575 76.36363636363636 76.96969696969697 77.57575757575758 78.18181818181819 78.78787878787878 79.39393939393939 80 80.60606060606061 81.21212121212122 81.81818181818181 82.42424242424242 83.03030303030303 83.63636363636364 84.24242424242424 84.84848484848484 85.45454545454545 86.06060606060606 86.66666666666667 87.27272727272727 87.87878787878788 88.48484848484848 89.09090909090909 89.6969696969697 90.3030303030303 90.90909090909091 91.51515151515152 92.12121212121212 92.72727272727272 93.33333333333333 93.93939393939394 94.54545454545455 95.15151515151516 95.75757575757575 96.36363636363636 96.96969696969697 97.57575757575758 98.18181818181819 98.78787878787878 99.39393939393939 100 100.6060606060606 101.2121212121212 101.8181818181818 102.4242424242424 103.030303030303 103.6363636363636 104.2424242424242 104.8484848484848 105.4545454545455 106.0606060606061 106.6666666666667 107.2727272727273 107.8787878787879 108.4848484848485 109.0909090909091 109.6969696969697 110.3030303030303 110.9090909090909 111.5151515151515 112.1212121212121 112.7272727272727 113.3333333333333 113.9393939393939 114.5454545454545 115.1515151515152 115.7575757575758 116.3636363636364 116.969696969697 117.5757575757576 118.1818181818182 118.7878787878788 119.3939393939394 120


# name: y
# type: matrix
# rows: 100
# columns: 1
 1944159.284534929
 1934802.462767775
 1923904.61172243
 1911485.406753088
 1897571.424517135
 1882196.003911829
 1865399.056776863
 1847226.82999369
 1827731.621113515
 1806971.450122091
 1785009.690394735
 1761914.662303445
 1737759.193304526
 1712620.148654992
 1686577.937175398
 1659715.996692368
 1632120.263953682
 1603878.63391069
 1575080.413306428
 1545815.773493198
 1516175.20733156
 1486248.994895438
 1456126.682527962
 1425896.579562999
 1395645.276752063
 1365457.190119951
 1335414.133620049
 1305594.923577275
 1276075.017498821
 1246926.189406243
 1218216.243403075
 1190008.766746245
 1162362.923243075
 1135333.287354561
 1108969.718955439
 1083317.278287636
 1058416.180250845
 1034301.786806559
 1011004.635933762
 988550.5052688498
 966960.5082918671
 946251.2206878019
 926434.8343168226
 907519.3360716843
 889508.7087841931
 872403.151265061
 856199.3145216815
 840890.551194728
 826467.175284955
 812916.7293037898
 800224.2560723779
 788372.5725107228
 777342.5428981002
 767113.3492447145
 757662.7565890707
 748967.3712223752
 741002.8900369836
 733744.3393972948
 727166.3021353502
 721243.1314769657
 715949.1509047562
 711258.8391596763
 707146.9997705832
 703588.9146801811
 700560.4817040979
 698038.3357167672
 695999.9536024681
 694423.7431419089
 693289.1161239455
 692576.5460785218
 692267.6111210135
 692345.022480364
 692792.6393543754
 693595.4707960454
 694739.6653857501
 696212.4894862915
 698002.2949122153
 700098.4768722821
 702491.4230653301
 705172.4548257706
 708133.7612262624
 711368.3270522661
 714869.8555666055
 718632.68698219
 722651.7135578503
 726922.2922258887
 731440.1556504243
 736201.3226027952
 741202.0085239538
 746438.5371237502
 751907.2538428876
 757604.441974934
 763526.242212744
 769668.5763457457
 776027.0757915881
 782597.0155974814
 789373.2544931573
 796350.1815188052
 803521.6696877378
 810881.0370752306


# name: QUERY
# type: sq_string
# elements: 1
# length: 2
R2


# name: DATASIZE
# type: sq_string
# elements: 1
# length: 4
1000


