# Created by Octave 4.0.0, Mon May 23 13:47:46 2016 CEST <peter@Independence>
# name: x
# type: matrix
# rows: 1
# columns: 100
 60 60.60606060606061 61.21212121212121 61.81818181818181 62.42424242424242 63.03030303030303 63.63636363636364 64.24242424242425 64.84848484848484 65.45454545454545 66.06060606060606 66.66666666666667 67.27272727272728 67.87878787878788 68.48484848484848 69.09090909090909 69.6969696969697 70.30303030303031 70.90909090909091 71.51515151515152 72.12121212121212 72.72727272727272 73.33333333333333 73.93939393939394 74.54545454545455 75.15151515151516 75.75757575757575 76.36363636363636 76.96969696969697 77.57575757575758 78.18181818181819 78.78787878787878 79.39393939393939 80 80.60606060606061 81.21212121212122 81.81818181818181 82.42424242424242 83.03030303030303 83.63636363636364 84.24242424242424 84.84848484848484 85.45454545454545 86.06060606060606 86.66666666666667 87.27272727272727 87.87878787878788 88.48484848484848 89.09090909090909 89.6969696969697 90.3030303030303 90.90909090909091 91.51515151515152 92.12121212121212 92.72727272727272 93.33333333333333 93.93939393939394 94.54545454545455 95.15151515151516 95.75757575757575 96.36363636363636 96.96969696969697 97.57575757575758 98.18181818181819 98.78787878787878 99.39393939393939 100 100.6060606060606 101.2121212121212 101.8181818181818 102.4242424242424 103.030303030303 103.6363636363636 104.2424242424242 104.8484848484848 105.4545454545455 106.0606060606061 106.6666666666667 107.2727272727273 107.8787878787879 108.4848484848485 109.0909090909091 109.6969696969697 110.3030303030303 110.9090909090909 111.5151515151515 112.1212121212121 112.7272727272727 113.3333333333333 113.9393939393939 114.5454545454545 115.1515151515152 115.7575757575758 116.3636363636364 116.969696969697 117.5757575757576 118.1818181818182 118.7878787878788 119.3939393939394 120


# name: y
# type: matrix
# rows: 100
# columns: 1
 1645923.446053554
 1637173.175197925
 1628422.904342296
 1619672.633486667
 1610922.362631038
 1602172.091775409
 1593421.820919781
 1584671.550064152
 1575921.279208523
 1567171.008352894
 1558420.737497265
 1549670.466641636
 1540920.195786007
 1532169.924930379
 1523419.65407475
 1514669.383219121
 1505919.112363492
 1497168.841507863
 1488418.570652234
 1479668.299796605
 1470918.028940976
 1462167.758085347
 1453417.487229719
 1444667.21637409
 1435916.945518461
 1427166.674662832
 1418416.403807203
 1409666.132951574
 1400915.862095946
 1392165.591240317
 1383415.320384688
 1374665.049529059
 1365914.77867343
 1357164.507817801
 1348414.236962172
 1339663.966106543
 1330913.695250914
 1322163.424395286
 1313413.153539657
 1304662.882684028
 1295912.611828399
 1287162.34097277
 1278412.070117141
 1269661.799261512
 1260911.528405883
 1252161.257550254
 1243410.986694626
 1234660.715838997
 1225910.444983368
 1217160.174127739
 1208409.90327211
 1199659.632416481
 1190909.361560852
 1182159.090705224
 1173408.819849595
 1164658.548993966
 1155908.278138337
 1147158.007282708
 1138407.736427079
 1129657.46557145
 1120907.194715821
 1112156.923860193
 1103406.653004564
 1094656.382148935
 1085906.111293306
 1077155.840437677
 1068405.569582048
 1059655.298726419
 1050905.027870791
 1042154.757015162
 1033404.486159533
 1024654.215303904
 1015903.944448275
 1007153.673592646
 998403.4027370173
 989653.1318813884
 980902.8610257595
 972152.5901701307
 963402.3193145018
 954652.0484588729
 945901.7776032442
 937151.5067476152
 928401.2358919864
 919650.9650363575
 910900.6941807286
 902150.4233250997
 893400.1524694709
 884649.8816138419
 875899.6107582131
 867149.3399025842
 858399.0690469553
 849648.7981913264
 840898.5273356976
 832148.2564800687
 823397.9856244398
 814647.7147688109
 805897.4439131822
 797147.1730575532
 788396.9022019242
 779646.6313462956


# name: QUERY
# type: sq_string
# elements: 1
# length: 2
R2


# name: DATASIZE
# type: sq_string
# elements: 1
# length: 4
1000


