# Created by Octave 4.0.0, Wed May 18 23:48:21 2016 CEST <peter@Independence>
# name: x
# type: matrix
# rows: 1
# columns: 100
 60 60.60606060606061 61.21212121212121 61.81818181818181 62.42424242424242 63.03030303030303 63.63636363636364 64.24242424242425 64.84848484848484 65.45454545454545 66.06060606060606 66.66666666666667 67.27272727272728 67.87878787878788 68.48484848484848 69.09090909090909 69.6969696969697 70.30303030303031 70.90909090909091 71.51515151515152 72.12121212121212 72.72727272727272 73.33333333333333 73.93939393939394 74.54545454545455 75.15151515151516 75.75757575757575 76.36363636363636 76.96969696969697 77.57575757575758 78.18181818181819 78.78787878787878 79.39393939393939 80 80.60606060606061 81.21212121212122 81.81818181818181 82.42424242424242 83.03030303030303 83.63636363636364 84.24242424242424 84.84848484848484 85.45454545454545 86.06060606060606 86.66666666666667 87.27272727272727 87.87878787878788 88.48484848484848 89.09090909090909 89.6969696969697 90.3030303030303 90.90909090909091 91.51515151515152 92.12121212121212 92.72727272727272 93.33333333333333 93.93939393939394 94.54545454545455 95.15151515151516 95.75757575757575 96.36363636363636 96.96969696969697 97.57575757575758 98.18181818181819 98.78787878787878 99.39393939393939 100 100.6060606060606 101.2121212121212 101.8181818181818 102.4242424242424 103.030303030303 103.6363636363636 104.2424242424242 104.8484848484848 105.4545454545455 106.0606060606061 106.6666666666667 107.2727272727273 107.8787878787879 108.4848484848485 109.0909090909091 109.6969696969697 110.3030303030303 110.9090909090909 111.5151515151515 112.1212121212121 112.7272727272727 113.3333333333333 113.9393939393939 114.5454545454545 115.1515151515152 115.7575757575758 116.3636363636364 116.969696969697 117.5757575757576 118.1818181818182 118.7878787878788 119.3939393939394 120


# name: y
# type: matrix
# rows: 100
# columns: 1
 1778381.003569119
 1765940.918483754
 1753500.833398387
 1741060.748313023
 1728620.663227656
 1716180.578142291
 1703740.493056923
 1691300.407971558
 1678860.322886193
 1666420.237800827
 1653980.152715461
 1641540.067630096
 1629099.982544728
 1616659.897459361
 1604219.812373997
 1591779.72728863
 1579339.642203266
 1566899.557117899
 1554459.472032533
 1542019.386947168
 1529579.3018618
 1517139.216776435
 1504699.131691069
 1492259.046605704
 1479818.961520338
 1467378.876434972
 1454938.791349607
 1442498.706264241
 1430058.621178875
 1417618.536093509
 1405178.451008143
 1392738.365922777
 1380298.28083741
 1367858.195752045
 1355418.11066668
 1342978.025581314
 1330537.940495948
 1318097.855410582
 1305657.770325216
 1293217.68523985
 1280777.600154484
 1268337.515069118
 1255897.429983753
 1243457.344898386
 1231017.259813021
 1218577.174727655
 1206137.089642289
 1193697.004556923
 1181256.919471557
 1168816.834386191
 1156376.749300825
 1143936.664215459
 1131496.579130094
 1119056.494044728
 1106616.408959362
 1094176.323873996
 1081736.23878863
 1069296.153703264
 1056856.068617899
 1044415.983532533
 1031975.898447167
 1019535.813361801
 1007095.728276435
 994655.6431910684
 982215.558105703
 969775.4730203375
 957335.3879349716
 944895.3028496059
 932455.2177642391
 920015.1326788736
 907575.0475935081
 895134.9625081433
 882694.8774227761
 870254.7923374109
 857814.7072520449
 845374.6221666778
 832934.5370813115
 820494.4519959472
 808054.3669105798
 795614.2818252151
 783174.1967398501
 770734.1116544837
 758294.026569118
 745853.9414837526
 733413.8563983855
 720973.7713130207
 708533.6862276557
 696093.6011422873
 683653.5160569246
 671213.4309715552
 658773.3458861902
 646333.2608008259
 633893.175715459
 621453.0906300934
 609013.0055447288
 596572.9204593608
 584132.8353739969
 571692.7502886275
 559252.665203262
 546812.5801178971


# name: QUERY
# type: sq_string
# elements: 1
# length: 2
R2


# name: DATASIZE
# type: sq_string
# elements: 1
# length: 4
1000


