# Created by Octave 4.0.0, Wed May 18 23:48:21 2016 CEST <peter@Independence>
# name: x
# type: matrix
# rows: 1
# columns: 100
 60 60.60606060606061 61.21212121212121 61.81818181818181 62.42424242424242 63.03030303030303 63.63636363636364 64.24242424242425 64.84848484848484 65.45454545454545 66.06060606060606 66.66666666666667 67.27272727272728 67.87878787878788 68.48484848484848 69.09090909090909 69.6969696969697 70.30303030303031 70.90909090909091 71.51515151515152 72.12121212121212 72.72727272727272 73.33333333333333 73.93939393939394 74.54545454545455 75.15151515151516 75.75757575757575 76.36363636363636 76.96969696969697 77.57575757575758 78.18181818181819 78.78787878787878 79.39393939393939 80 80.60606060606061 81.21212121212122 81.81818181818181 82.42424242424242 83.03030303030303 83.63636363636364 84.24242424242424 84.84848484848484 85.45454545454545 86.06060606060606 86.66666666666667 87.27272727272727 87.87878787878788 88.48484848484848 89.09090909090909 89.6969696969697 90.3030303030303 90.90909090909091 91.51515151515152 92.12121212121212 92.72727272727272 93.33333333333333 93.93939393939394 94.54545454545455 95.15151515151516 95.75757575757575 96.36363636363636 96.96969696969697 97.57575757575758 98.18181818181819 98.78787878787878 99.39393939393939 100 100.6060606060606 101.2121212121212 101.8181818181818 102.4242424242424 103.030303030303 103.6363636363636 104.2424242424242 104.8484848484848 105.4545454545455 106.0606060606061 106.6666666666667 107.2727272727273 107.8787878787879 108.4848484848485 109.0909090909091 109.6969696969697 110.3030303030303 110.9090909090909 111.5151515151515 112.1212121212121 112.7272727272727 113.3333333333333 113.9393939393939 114.5454545454545 115.1515151515152 115.7575757575758 116.3636363636364 116.969696969697 117.5757575757576 118.1818181818182 118.7878787878788 119.3939393939394 120


# name: y
# type: matrix
# rows: 1
# columns: 100
 1734955.576959675 1722688.705062722 1710421.833165769 1698154.961268817 1685888.089371864 1673621.217474912 1661354.345577959 1649087.473681006 1636820.601784054 1624553.729887101 1612286.857990148 1600019.986093196 1587753.114196243 1575486.24229929 1563219.370402338 1550952.498505385 1538685.626608433 1526418.75471148 1514151.882814527 1501885.010917575 1489618.139020622 1477351.267123669 1465084.395226717 1452817.523329764 1440550.651432811 1428283.779535859 1416016.907638906 1403750.035741953 1391483.163845001 1379216.291948048 1366949.420051096 1354682.548154143 1342415.67625719 1330148.804360237 1317881.932463285 1305615.060566332 1293348.18866938 1281081.316772427 1268814.444875474 1256547.572978522 1244280.701081569 1232013.829184616 1219746.957287664 1207480.085390711 1195213.213493758 1182946.341596806 1170679.469699853 1158412.5978029 1146145.725905948 1133878.854008995 1121611.982112043 1109345.11021509 1097078.238318137 1084811.366421185 1072544.494524232 1060277.622627279 1048010.750730327 1035743.878833374 1023477.006936421 1011210.135039469 998943.2631425161 986676.3912455634 974409.5193486108 962142.6474516582 949875.7755547055 937608.9036577528 925342.0317608002 913075.1598638475 900808.2879668949 888541.4160699423 876274.5441729896 864007.6722760369 851740.8003790843 839473.9284821317 827207.0565851791 814940.1846882266 802673.3127912738 790406.4408943212 778139.5689973684 765872.6971004158 753605.8252034632 741338.9533065106 729072.081409558 716805.2095126053 704538.3376156527 692271.4657187 680004.5938217473 667737.7219247946 655470.850027842 643203.9781308894 630937.1062339367 618670.2343369841 606403.3624400315 594136.4905430787 581869.6186461261 569602.7467491735 557335.8748522208 545069.0029552683 532802.1310583156 520535.2591613629


# name: QUERY
# type: sq_string
# elements: 1
# length: 2
R2


# name: DATASIZE
# type: sq_string
# elements: 1
# length: 4
1000


