# Created by Octave 4.0.0, Mon May 23 13:47:46 2016 CEST <peter@Independence>
# name: x
# type: matrix
# rows: 1
# columns: 100
 60 60.60606060606061 61.21212121212121 61.81818181818181 62.42424242424242 63.03030303030303 63.63636363636364 64.24242424242425 64.84848484848484 65.45454545454545 66.06060606060606 66.66666666666667 67.27272727272728 67.87878787878788 68.48484848484848 69.09090909090909 69.6969696969697 70.30303030303031 70.90909090909091 71.51515151515152 72.12121212121212 72.72727272727272 73.33333333333333 73.93939393939394 74.54545454545455 75.15151515151516 75.75757575757575 76.36363636363636 76.96969696969697 77.57575757575758 78.18181818181819 78.78787878787878 79.39393939393939 80 80.60606060606061 81.21212121212122 81.81818181818181 82.42424242424242 83.03030303030303 83.63636363636364 84.24242424242424 84.84848484848484 85.45454545454545 86.06060606060606 86.66666666666667 87.27272727272727 87.87878787878788 88.48484848484848 89.09090909090909 89.6969696969697 90.3030303030303 90.90909090909091 91.51515151515152 92.12121212121212 92.72727272727272 93.33333333333333 93.93939393939394 94.54545454545455 95.15151515151516 95.75757575757575 96.36363636363636 96.96969696969697 97.57575757575758 98.18181818181819 98.78787878787878 99.39393939393939 100 100.6060606060606 101.2121212121212 101.8181818181818 102.4242424242424 103.030303030303 103.6363636363636 104.2424242424242 104.8484848484848 105.4545454545455 106.0606060606061 106.6666666666667 107.2727272727273 107.8787878787879 108.4848484848485 109.0909090909091 109.6969696969697 110.3030303030303 110.9090909090909 111.5151515151515 112.1212121212121 112.7272727272727 113.3333333333333 113.9393939393939 114.5454545454545 115.1515151515152 115.7575757575758 116.3636363636364 116.969696969697 117.5757575757576 118.1818181818182 118.7878787878788 119.3939393939394 120


# name: y
# type: matrix
# rows: 1
# columns: 100
 1778497.422981972 1765358.566816852 1752219.710651732 1739080.854486612 1725941.998321492 1712803.142156372 1699664.285991252 1686525.429826133 1673386.573661013 1660247.717495893 1647108.861330773 1633970.005165653 1620831.149000533 1607692.292835413 1594553.436670294 1581414.580505174 1568275.724340054 1555136.868174934 1541998.012009814 1528859.155844694 1515720.299679575 1502581.443514455 1489442.587349335 1476303.731184215 1463164.875019095 1450026.018853975 1436887.162688856 1423748.306523736 1410609.450358616 1397470.594193496 1384331.738028376 1371192.881863256 1358054.025698136 1344915.169533016 1331776.313367896 1318637.457202777 1305498.601037657 1292359.744872537 1279220.888707417 1266082.032542297 1252943.176377177 1239804.320212058 1226665.464046938 1213526.607881818 1200387.751716698 1187248.895551578 1174110.039386458 1160971.183221339 1147832.327056219 1134693.470891099 1121554.614725979 1108415.758560859 1095276.902395739 1082138.046230619 1068999.190065499 1055860.33390038 1042721.47773526 1029582.62157014 1016443.76540502 1003304.9092399 990166.0530747804 977027.1969096605 963888.3407445407 950749.4845794208 937610.628414301 924471.7722491811 911332.9160840613 898194.0599189413 885055.2037538216 871916.3475887016 858777.4914235817 845638.6352584619 832499.7790933421 819360.9229282222 806222.0667631025 793083.2105979826 779944.3544328627 766805.4982677429 753666.642102623 740527.7859375032 727388.9297723833 714250.0736072634 701111.2174421436 687972.3612770238 674833.5051119039 661694.648946784 648555.7927816643 635416.9366165444 622278.0804514245 609139.2242863046 596000.3681211848 582861.5119560648 569722.655790945 556583.7996258253 543444.9434607053 530306.0872955854 517167.2311304656 504028.3749653457 490889.5188002259 477750.6626351061


# name: QUERY
# type: sq_string
# elements: 1
# length: 2
R2


# name: DATASIZE
# type: sq_string
# elements: 1
# length: 4
1000


