# Created by Octave 4.0.0, Mon May 23 13:47:45 2016 CEST <peter@Independence>
# name: SVs
# type: cell
# rows: 1
# columns: 7
# name: <cell-element>
# type: sparse matrix
# nnz: 6
# rows: 6
# columns: 1
1 1 -1.358952041021156
2 1 1.335318092481658
3 1 -1.358952041021156
4 1 0.43722804798072
5 1 0.43722804798072
6 1 0.43722804798072



# name: <cell-element>
# type: sparse matrix
# nnz: 6
# rows: 6
# columns: 1
1 1 1.335318092481658
2 1 -1.358952041021156
3 1 -1.358952041021156
4 1 1.335318092481658
5 1 1.335318092481658
6 1 -1.358952041021156



# name: <cell-element>
# type: sparse matrix
# nnz: 2
# rows: 2
# columns: 1
1 1 -1.358952041021156
2 1 0.43722804798072



# name: <cell-element>
# type: sparse matrix
# nnz: 6
# rows: 6
# columns: 1
1 1 1.335318092481658
2 1 -1.358952041021156
3 1 -1.358952041021156
4 1 1.335318092481658
5 1 1.335318092481658
6 1 -1.358952041021156



# name: <cell-element>
# type: sparse matrix
# nnz: 6
# rows: 6
# columns: 1
1 1 1.335318092481658
2 1 -1.358952041021156
3 1 -1.358952041021156
4 1 1.335318092481658
5 1 1.335318092481658
6 1 -1.358952041021156



# name: <cell-element>
# type: sparse matrix
# nnz: 34
# rows: 34
# columns: 1
1 1 1.335318092481658
2 1 -1.358952041021156
3 1 -1.358952041021156
4 1 1.335318092481658
5 1 -1.358952041021156
6 1 0.43722804798072
7 1 -0.4608619965202178
8 1 1.335318092481658
9 1 -1.358952041021156
10 1 -1.358952041021156
11 1 0.43722804798072
12 1 -1.358952041021156
13 1 -0.4608619965202178
14 1 -1.358952041021156
15 1 0.43722804798072
16 1 -0.4608619965202178
17 1 -0.4608619965202178
18 1 0.43722804798072
19 1 -0.4608619965202178
20 1 -1.358952041021156
21 1 0.43722804798072
22 1 0.43722804798072
23 1 1.335318092481658
24 1 0.43722804798072
25 1 1.335318092481658
26 1 0.43722804798072
27 1 -0.4608619965202178
28 1 1.335318092481658
29 1 1.335318092481658
30 1 1.335318092481658
31 1 0.43722804798072
32 1 0.43722804798072
33 1 -1.358952041021156
34 1 1.335318092481658



# name: <cell-element>
# type: scalar
0





# name: coefficients
# type: cell
# rows: 1
# columns: 7
# name: <cell-element>
# type: matrix
# rows: 6
# columns: 1
 0.6157899999999999
 0.6157899999999999
 0.04062256456863124
 -0.6157899999999999
 -0.6157899999999999
 -0.04062256456863124



# name: <cell-element>
# type: matrix
# rows: 6
# columns: 1
 -1.9053
 1.9053
 1.9053
 -1.9053
 -1.9053
 1.9053



# name: <cell-element>
# type: matrix
# rows: 2
# columns: 1
 0.1479157228502287
 -0.1479157228502287



# name: <cell-element>
# type: matrix
# rows: 6
# columns: 1
 -0.35789
 0.35789
 0.35789
 -0.35789
 -0.35789
 0.35789



# name: <cell-element>
# type: matrix
# rows: 6
# columns: 1
 -0.1
 0.1
 0.1
 -0.1
 -0.07815308304910849
 0.07815308304910849



# name: <cell-element>
# type: matrix
# rows: 34
# columns: 1
 -0.35789
 0.35789
 0.35789
 -0.35789
 0.35789
 -0.2467343662304487
 -0.35789
 0.35789
 0.1324476921366197
 0.35789
 -0.35789
 0.35789
 0.35789
 -0.35789
 0.35789
 -0.35789
 0.35789
 0.35789
 -0.1050526455016978
 -0.35789
 0.35789
 -0.35789
 -0.35789
 -0.35789
 0.2193393195955268
 0.35789
 -0.35789
 0.35789
 -0.35789
 -0.35789
 -0.35789
 -0.35789
 0.35789
 0.35789



# name: <cell-element>
# type: scalar
0





# name: b
# type: cell
# rows: 1
# columns: 7
# name: <cell-element>
# type: scalar
0.1685424036694616



# name: <cell-element>
# type: scalar
-0.2606459046084414



# name: <cell-element>
# type: scalar
0.01903429366182265



# name: <cell-element>
# type: scalar
-0.4177492829854016



# name: <cell-element>
# type: scalar
-0.6474632178009007



# name: <cell-element>
# type: scalar
0.1367969232182817



# name: <cell-element>
# type: scalar
0





# name: models
# type: cell
# rows: 1
# columns: 7
# name: <cell-element>
# type: scalar struct
# ndims: 2
 1 1
# length: 11
# name: Parameters
# type: matrix
# rows: 5
# columns: 1
 3
 0
 3
 1
 0


# name: nr_class
# type: scalar
2


# name: totalSV
# type: scalar
6


# name: rho
# type: scalar
-0.1685424036694616


# name: Label
# type: matrix
# rows: 0
# columns: 0


# name: sv_indices
# type: matrix
# rows: 6
# columns: 1
 3
 10
 14
 31
 42
 44


# name: ProbA
# type: matrix
# rows: 0
# columns: 0


# name: ProbB
# type: matrix
# rows: 0
# columns: 0


# name: nSV
# type: matrix
# rows: 0
# columns: 0


# name: sv_coef
# type: matrix
# rows: 6
# columns: 1
 0.6157899999999999
 0.6157899999999999
 0.04062256456863124
 -0.6157899999999999
 -0.6157899999999999
 -0.04062256456863124


# name: SVs
# type: sparse matrix
# nnz: 6
# rows: 6
# columns: 1
1 1 -1.358952041021156
2 1 1.335318092481658
3 1 -1.358952041021156
4 1 0.43722804798072
5 1 0.43722804798072
6 1 0.43722804798072





# name: <cell-element>
# type: scalar struct
# ndims: 2
 1 1
# length: 11
# name: Parameters
# type: matrix
# rows: 5
# columns: 1
 3
 1
 2
 1
 0


# name: nr_class
# type: scalar
2


# name: totalSV
# type: scalar
6


# name: rho
# type: scalar
0.2606459046084414


# name: Label
# type: matrix
# rows: 0
# columns: 0


# name: sv_indices
# type: matrix
# rows: 6
# columns: 1
 1
 3
 14
 30
 40
 45


# name: ProbA
# type: matrix
# rows: 0
# columns: 0


# name: ProbB
# type: matrix
# rows: 0
# columns: 0


# name: nSV
# type: matrix
# rows: 0
# columns: 0


# name: sv_coef
# type: matrix
# rows: 6
# columns: 1
 -1.9053
 1.9053
 1.9053
 -1.9053
 -1.9053
 1.9053


# name: SVs
# type: sparse matrix
# nnz: 6
# rows: 6
# columns: 1
1 1 1.335318092481658
2 1 -1.358952041021156
3 1 -1.358952041021156
4 1 1.335318092481658
5 1 1.335318092481658
6 1 -1.358952041021156





# name: <cell-element>
# type: scalar struct
# ndims: 2
 1 1
# length: 11
# name: Parameters
# type: matrix
# rows: 5
# columns: 1
 3
 1
 3
 1
 0


# name: nr_class
# type: scalar
2


# name: totalSV
# type: scalar
2


# name: rho
# type: scalar
-0.01903429366182265


# name: Label
# type: matrix
# rows: 0
# columns: 0


# name: sv_indices
# type: matrix
# rows: 2
# columns: 1
 3
 31


# name: ProbA
# type: matrix
# rows: 0
# columns: 0


# name: ProbB
# type: matrix
# rows: 0
# columns: 0


# name: nSV
# type: matrix
# rows: 0
# columns: 0


# name: sv_coef
# type: matrix
# rows: 2
# columns: 1
 0.1479157228502287
 -0.1479157228502287


# name: SVs
# type: sparse matrix
# nnz: 2
# rows: 2
# columns: 1
1 1 -1.358952041021156
2 1 0.43722804798072





# name: <cell-element>
# type: scalar struct
# ndims: 2
 1 1
# length: 11
# name: Parameters
# type: matrix
# rows: 5
# columns: 1
 3
 1
 4
 1
 0


# name: nr_class
# type: scalar
2


# name: totalSV
# type: scalar
6


# name: rho
# type: scalar
0.4177492829854016


# name: Label
# type: matrix
# rows: 0
# columns: 0


# name: sv_indices
# type: matrix
# rows: 6
# columns: 1
 1
 3
 14
 30
 40
 45


# name: ProbA
# type: matrix
# rows: 0
# columns: 0


# name: ProbB
# type: matrix
# rows: 0
# columns: 0


# name: nSV
# type: matrix
# rows: 0
# columns: 0


# name: sv_coef
# type: matrix
# rows: 6
# columns: 1
 -0.35789
 0.35789
 0.35789
 -0.35789
 -0.35789
 0.35789


# name: SVs
# type: sparse matrix
# nnz: 6
# rows: 6
# columns: 1
1 1 1.335318092481658
2 1 -1.358952041021156
3 1 -1.358952041021156
4 1 1.335318092481658
5 1 1.335318092481658
6 1 -1.358952041021156





# name: <cell-element>
# type: scalar struct
# ndims: 2
 1 1
# length: 11
# name: Parameters
# type: matrix
# rows: 5
# columns: 1
 3
 1
 6
 1
 0


# name: nr_class
# type: scalar
2


# name: totalSV
# type: scalar
6


# name: rho
# type: scalar
0.6474632178009007


# name: Label
# type: matrix
# rows: 0
# columns: 0


# name: sv_indices
# type: matrix
# rows: 6
# columns: 1
 1
 3
 14
 30
 40
 45


# name: ProbA
# type: matrix
# rows: 0
# columns: 0


# name: ProbB
# type: matrix
# rows: 0
# columns: 0


# name: nSV
# type: matrix
# rows: 0
# columns: 0


# name: sv_coef
# type: matrix
# rows: 6
# columns: 1
 -0.1
 0.1
 0.1
 -0.1
 -0.07815308304910849
 0.07815308304910849


