# Created by Octave 4.0.0, Wed May 18 23:48:14 2016 CEST <peter@Independence>
# name: SVs
# type: cell
# rows: 1
# columns: 7
# name: <cell-element>
# type: sparse matrix
# nnz: 12
# rows: 12
# columns: 1
1 1 0.43722804798072
2 1 0.43722804798072
3 1 -0.4608619965202178
4 1 1.335318092481658
5 1 -1.358952041021156
6 1 1.335318092481658
7 1 -0.4608619965202178
8 1 -1.358952041021156
9 1 1.335318092481658
10 1 -1.358952041021156
11 1 0.43722804798072
12 1 0.43722804798072



# name: <cell-element>
# type: sparse matrix
# nnz: 10
# rows: 10
# columns: 1
1 1 1.335318092481658
2 1 -1.358952041021156
3 1 -1.358952041021156
4 1 1.335318092481658
5 1 1.335318092481658
6 1 -1.358952041021156
7 1 -1.358952041021156
8 1 -1.358952041021156
9 1 1.335318092481658
10 1 1.335318092481658



# name: <cell-element>
# type: sparse matrix
# nnz: 16
# rows: 16
# columns: 1
1 1 1.335318092481658
2 1 -1.358952041021156
3 1 0.43722804798072
4 1 0.43722804798072
5 1 0.43722804798072
6 1 0.43722804798072
7 1 -0.4608619965202178
8 1 1.335318092481658
9 1 -1.358952041021156
10 1 1.335318092481658
11 1 0.43722804798072
12 1 -1.358952041021156
13 1 1.335318092481658
14 1 -1.358952041021156
15 1 0.43722804798072
16 1 0.43722804798072



# name: <cell-element>
# type: sparse matrix
# nnz: 11
# rows: 11
# columns: 1
1 1 1.335318092481658
2 1 -1.358952041021156
3 1 -1.358952041021156
4 1 1.335318092481658
5 1 1.335318092481658
6 1 -0.4608619965202178
7 1 -1.358952041021156
8 1 -1.358952041021156
9 1 -1.358952041021156
10 1 1.335318092481658
11 1 1.335318092481658



# name: <cell-element>
# type: sparse matrix
# nnz: 2
# rows: 2
# columns: 1
1 1 1.335318092481658
2 1 -1.358952041021156



# name: <cell-element>
# type: sparse matrix
# nnz: 30
# rows: 30
# columns: 1
1 1 1.335318092481658
2 1 -1.358952041021156
3 1 -1.358952041021156
4 1 0.43722804798072
5 1 0.43722804798072
6 1 1.335318092481658
7 1 0.43722804798072
8 1 -0.4608619965202178
9 1 0.43722804798072
10 1 0.43722804798072
11 1 -0.4608619965202178
12 1 1.335318092481658
13 1 -1.358952041021156
14 1 1.335318092481658
15 1 -1.358952041021156
16 1 -1.358952041021156
17 1 0.43722804798072
18 1 0.43722804798072
19 1 -0.4608619965202178
20 1 -0.4608619965202178
21 1 -1.358952041021156
22 1 -0.4608619965202178
23 1 1.335318092481658
24 1 -1.358952041021156
25 1 0.43722804798072
26 1 1.335318092481658
27 1 0.43722804798072
28 1 -1.358952041021156
29 1 -1.358952041021156
30 1 1.335318092481658



# name: <cell-element>
# type: scalar
0





# name: coefficients
# type: cell
# rows: 1
# columns: 7
# name: <cell-element>
# type: matrix
# rows: 12
# columns: 1
 -2.995480451806733
 -5
 -5
 5
 2.99548045180673
 5
 -5
 5
 5
 5
 -5
 -5



# name: <cell-element>
# type: matrix
# rows: 10
# columns: 1
 -2.4211
 2.4211
 2.4211
 -2.4211
 -2.4211
 2.4211
 2.4211
 2.4211
 -2.4211
 -2.4211



# name: <cell-element>
# type: matrix
# rows: 16
# columns: 1
 0.6157899999999999
 0.5745974963089049
 -0.574597496308905
 -0.6157899999999999
 -0.6157899999999999
 -0.6157899999999999
 -0.6157899999999999
 0.6157899999999999
 0.6157899999999999
 0.6157899999999999
 -0.6157899999999999
 0.6157899999999999
 0.6157899999999999
 0.6157899999999999
 -0.6157899999999999
 -0.6157899999999999



# name: <cell-element>
# type: matrix
# rows: 11
# columns: 1
 -5
 5
 3.411658226189128
 -5
 -5
 1.588341773810872
 5
 5
 5
 -5
 -5



# name: <cell-element>
# type: matrix
# rows: 2
# columns: 1
 -0.35789
 0.35789



# name: <cell-element>
# type: matrix
# rows: 30
# columns: 1
 -0.87368
 0.87368
 0.87368
 0.87368
 -0.5548046498084392
 -0.5166602649252415
 -0.87368
 0.87368
 -0.87368
 0.87368
 -0.87368
 0.87368
 0.87368
 0.87368
 -0.87368
 -0.87368
 0.87368
 0.87368
 -0.6645484590336187
 -0.87368
 0.87368
 0.87368
 0.87368
 0.87368
 -0.87368
 -0.87368
 -0.87368
 -0.87368
 -0.01134662623270065
 -0.87368



# name: <cell-element>
# type: scalar
0





# name: b
# type: cell
# rows: 1
# columns: 7
# name: <cell-element>
# type: scalar
0.06770810429512877



# name: <cell-element>
# type: scalar
-0.8683846228541102



# name: <cell-element>
# type: scalar
-0.05155992352152607



# name: <cell-element>
# type: scalar
-0.8689383197934917



# name: <cell-element>
# type: scalar
-0.7829868822917044



# name: <cell-element>
# type: scalar
0.1829285178762884



# name: <cell-element>
# type: scalar
0





# name: models
# type: cell
# rows: 1
# columns: 7
# name: <cell-element>
# type: scalar struct
# ndims: 2
 1 1
# length: 11
# name: Parameters
# type: matrix
# rows: 5
# columns: 1
 3
 0
 3
 1
 0


# name: nr_class
# type: scalar
2


# name: totalSV
# type: scalar
12


# name: rho
# type: scalar
-0.06770810429512877


# name: Label
# type: matrix
# rows: 0
# columns: 0


# name: sv_indices
# type: matrix
# rows: 12
# columns: 1
 14
 16
 19
 20
 21
 22
 31
 32
 34
 37
 38
 41


# name: ProbA
# type: matrix
# rows: 0
# columns: 0


# name: ProbB
# type: matrix
# rows: 0
# columns: 0


# name: nSV
# type: matrix
# rows: 0
# columns: 0


# name: sv_coef
# type: matrix
# rows: 12
# columns: 1
 -2.995480451806733
 -5
 -5
 5
 2.99548045180673
 5
 -5
 5
 5
 5
 -5
 -5


# name: SVs
# type: sparse matrix
# nnz: 12
# rows: 12
# columns: 1
1 1 0.43722804798072
2 1 0.43722804798072
3 1 -0.4608619965202178
4 1 1.335318092481658
5 1 -1.358952041021156
6 1 1.335318092481658
7 1 -0.4608619965202178
8 1 -1.358952041021156
9 1 1.335318092481658
10 1 -1.358952041021156
11 1 0.43722804798072
12 1 0.43722804798072





# name: <cell-element>
# type: scalar struct
# ndims: 2
 1 1
# length: 11
# name: Parameters
# type: matrix
# rows: 5
# columns: 1
 3
 1
 2
 1
 0


# name: nr_class
# type: scalar
2


# name: totalSV
# type: scalar
10


# name: rho
# type: scalar
0.8683846228541102


# name: Label
# type: matrix
# rows: 0
# columns: 0


# name: sv_indices
# type: matrix
# rows: 10
# columns: 1
 1
 4
 5
 12
 13
 21
 32
 37
 40
 45


# name: ProbA
# type: matrix
# rows: 0
# columns: 0


# name: ProbB
# type: matrix
# rows: 0
# columns: 0


# name: nSV
# type: matrix
# rows: 0
# columns: 0


# name: sv_coef
# type: matrix
# rows: 10
# columns: 1
 -2.4211
 2.4211
 2.4211
 -2.4211
 -2.4211
 2.4211
 2.4211
 2.4211
 -2.4211
 -2.4211


# name: SVs
# type: sparse matrix
# nnz: 10
# rows: 10
# columns: 1
1 1 1.335318092481658
2 1 -1.358952041021156
3 1 -1.358952041021156
4 1 1.335318092481658
5 1 1.335318092481658
6 1 -1.358952041021156
7 1 -1.358952041021156
8 1 -1.358952041021156
9 1 1.335318092481658
10 1 1.335318092481658





# name: <cell-element>
# type: scalar struct
# ndims: 2
 1 1
# length: 11
# name: Parameters
# type: matrix
# rows: 5
# columns: 1
 3
 1
 3
 1
 0


# name: nr_class
# type: scalar
2


# name: totalSV
# type: scalar
16


# name: rho
# type: scalar
0.05155992352152607


# name: Label
# type: matrix
# rows: 0
# columns: 0


# name: sv_indices
# type: matrix
# rows: 16
# columns: 1
 2
 4
 9
 11
 14
 16
 19
 20
 21
 22
 28
 32
 34
 37
 38
 41


# name: ProbA
# type: matrix
# rows: 0
# columns: 0


# name: ProbB
# type: matrix
# rows: 0
# columns: 0


# name: nSV
# type: matrix
# rows: 0
# columns: 0


# name: sv_coef
# type: matrix
# rows: 16
# columns: 1
 0.6157899999999999
 0.5745974963089049
 -0.574597496308905
 -0.6157899999999999
 -0.6157899999999999
 -0.6157899999999999
 -0.6157899999999999
 0.6157899999999999
 0.6157899999999999
 0.6157899999999999
 -0.6157899999999999
 0.6157899999999999
 0.6157899999999999
 0.6157899999999999
 -0.6157899999999999
 -0.6157899999999999


# name: SVs
# type: sparse matrix
# nnz: 16
# rows: 16
# columns: 1
1 1 1.335318092481658
2 1 -1.358952041021156
3 1 0.43722804798072
4 1 0.43722804798072
5 1 0.43722804798072
6 1 0.43722804798072
7 1 -0.4608619965202178
8 1 1.335318092481658
9 1 -1.358952041021156
10 1 1.335318092481658
11 1 0.43722804798072
12 1 -1.358952041021156
13 1 1.335318092481658
14 1 -1.358952041021156
15 1 0.43722804798072
16 1 0.43722804798072





# name: <cell-element>
# type: scalar struct
# ndims: 2
 1 1
# length: 11
