# Created by Octave 4.0.0, Wed May 18 23:48:05 2016 CEST <peter@Independence>
# name: mu
# type: matrix
# rows: 1
# columns: 2
 1122419.013157895 90.26315789473684


# name: sigma
# type: matrix
# rows: 1
# columns: 2
 513618.9109903306 22.26948191048466


