# Created by Octave 4.0.0, Mon May 23 13:47:46 2016 CEST <peter@Independence>
# name: x
# type: matrix
# rows: 1
# columns: 100
 60 60.60606060606061 61.21212121212121 61.81818181818181 62.42424242424242 63.03030303030303 63.63636363636364 64.24242424242425 64.84848484848484 65.45454545454545 66.06060606060606 66.66666666666667 67.27272727272728 67.87878787878788 68.48484848484848 69.09090909090909 69.6969696969697 70.30303030303031 70.90909090909091 71.51515151515152 72.12121212121212 72.72727272727272 73.33333333333333 73.93939393939394 74.54545454545455 75.15151515151516 75.75757575757575 76.36363636363636 76.96969696969697 77.57575757575758 78.18181818181819 78.78787878787878 79.39393939393939 80 80.60606060606061 81.21212121212122 81.81818181818181 82.42424242424242 83.03030303030303 83.63636363636364 84.24242424242424 84.84848484848484 85.45454545454545 86.06060606060606 86.66666666666667 87.27272727272727 87.87878787878788 88.48484848484848 89.09090909090909 89.6969696969697 90.3030303030303 90.90909090909091 91.51515151515152 92.12121212121212 92.72727272727272 93.33333333333333 93.93939393939394 94.54545454545455 95.15151515151516 95.75757575757575 96.36363636363636 96.96969696969697 97.57575757575758 98.18181818181819 98.78787878787878 99.39393939393939 100 100.6060606060606 101.2121212121212 101.8181818181818 102.4242424242424 103.030303030303 103.6363636363636 104.2424242424242 104.8484848484848 105.4545454545455 106.0606060606061 106.6666666666667 107.2727272727273 107.8787878787879 108.4848484848485 109.0909090909091 109.6969696969697 110.3030303030303 110.9090909090909 111.5151515151515 112.1212121212121 112.7272727272727 113.3333333333333 113.9393939393939 114.5454545454545 115.1515151515152 115.7575757575758 116.3636363636364 116.969696969697 117.5757575757576 118.1818181818182 118.7878787878788 119.3939393939394 120


# name: y
# type: matrix
# rows: 100
# columns: 1
 1626629.84405984
 1597515.605546509
 1569567.311866428
 1542761.136236232
 1517073.251872561
 1492479.831992049
 1468957.049811335
 1446481.078547055
 1425028.091415847
 1404574.261634347
 1385095.762419192
 1366568.76698702
 1348969.448554468
 1332273.980338171
 1316458.535554769
 1301499.287420896
 1287372.409153191
 1274054.073968291
 1261520.455082832
 1249747.725713452
 1238712.059076787
 1228389.628389475
 1218756.606868152
 1209789.167729456
 1201463.484190023
 1193755.729466491
 1186642.076775497
 1180098.699333678
 1174101.77035767
 1168627.46306411
 1163651.950669637
 1159151.406390886
 1155102.003444494
 1151479.9150471
 1148261.314415339
 1145422.374765849
 1142939.269315267
 1140788.171280229
 1138945.253877373
 1137386.690323337
 1136088.653834755
 1135027.317628267
 1134178.854920509
 1133519.438928117
 1133025.242867729
 1132672.439955982
 1132437.203409513
 1132295.706444959
 1132224.122278957
 1132198.624128144
 1132195.385209157
 1132190.578738632
 1132160.377933208
 1132080.956009521
 1131928.486184207
 1131679.141673905
 1131309.095695251
 1130794.521464881
 1130111.592199434
 1129236.481115546
 1128145.361429854
 1126814.406358995
 1125219.789119606
 1123337.682928324
 1121144.261001787
 1118615.69655663
 1115728.162809492
 1112457.832977009
 1108780.880275818
 1104673.477922556
 1100111.799133861
 1095072.017126369
 1089530.305116717
 1083462.836321542
 1076845.783957482
 1069655.321241172
 1061867.621389252
 1053458.857618356
 1044405.203145123
 1034682.831186189
 1024267.914958191
 1013136.627677767
 1001265.142561554
 988629.6328261872
 975206.2716883051
 960971.2323645445
 945900.6880715424
 929970.8120259357
 913157.7774443616
 895437.7575434569
 876786.9255398586
 857181.4546502039
 836597.5180911296
 815011.2890792731
 792398.940831271
 768736.6465637604
 744000.5794933784
 718166.9128367619
 691211.8198105482
 663111.4736313741


# name: QUERY
# type: sq_string
# elements: 1
# length: 2
R2


# name: DATASIZE
# type: sq_string
# elements: 1
# length: 4
1000


