# Created by Octave 4.0.0, Mon May 23 13:47:46 2016 CEST <peter@Independence>
# name: x
# type: matrix
# rows: 1
# columns: 100
 60 60.60606060606061 61.21212121212121 61.81818181818181 62.42424242424242 63.03030303030303 63.63636363636364 64.24242424242425 64.84848484848484 65.45454545454545 66.06060606060606 66.66666666666667 67.27272727272728 67.87878787878788 68.48484848484848 69.09090909090909 69.6969696969697 70.30303030303031 70.90909090909091 71.51515151515152 72.12121212121212 72.72727272727272 73.33333333333333 73.93939393939394 74.54545454545455 75.15151515151516 75.75757575757575 76.36363636363636 76.96969696969697 77.57575757575758 78.18181818181819 78.78787878787878 79.39393939393939 80 80.60606060606061 81.21212121212122 81.81818181818181 82.42424242424242 83.03030303030303 83.63636363636364 84.24242424242424 84.84848484848484 85.45454545454545 86.06060606060606 86.66666666666667 87.27272727272727 87.87878787878788 88.48484848484848 89.09090909090909 89.6969696969697 90.3030303030303 90.90909090909091 91.51515151515152 92.12121212121212 92.72727272727272 93.33333333333333 93.93939393939394 94.54545454545455 95.15151515151516 95.75757575757575 96.36363636363636 96.96969696969697 97.57575757575758 98.18181818181819 98.78787878787878 99.39393939393939 100 100.6060606060606 101.2121212121212 101.8181818181818 102.4242424242424 103.030303030303 103.6363636363636 104.2424242424242 104.8484848484848 105.4545454545455 106.0606060606061 106.6666666666667 107.2727272727273 107.8787878787879 108.4848484848485 109.0909090909091 109.6969696969697 110.3030303030303 110.9090909090909 111.5151515151515 112.1212121212121 112.7272727272727 113.3333333333333 113.9393939393939 114.5454545454545 115.1515151515152 115.7575757575758 116.3636363636364 116.969696969697 117.5757575757576 118.1818181818182 118.7878787878788 119.3939393939394 120


# name: y
# type: matrix
# rows: 100
# columns: 1
 1356114.539448378
 1291392.454236451
 1232956.278079832
 1180307.824532596
 1132979.125573346
 1090531.184108748
 1052552.752776545
 1018659.139048077
 988491.0366303287
 961713.3831674628
 938014.2442418974
 917103.7236748601
 898712.9001264692
 882592.7899953236
 868513.3366175997
 856262.4257656585
 845644.9274461635
 836481.7639977073
 828609.0044879513
 821876.9854102728
 816149.4576799204
 811302.7599296849
 807225.018105073
 803815.3713589977
 800983.2242459739
 798647.525215826
 796736.0714069053
 795184.8397388174
 793937.3443046587
 792944.0200627636
 792161.6328279622
 791552.7155623462
 791085.0309655467
 790731.0603645206
 790467.5189028475
 790274.8970295368
 790137.0282873434
 790040.683400596
 789975.1906625323
 789932.0826221462
 789904.7690705445
 789888.2363268125
 789878.7728233915
 789873.7209909647
 789871.2554428536
 789870.1874589237
 789869.7957690018
 789869.6836358019
 789869.6622373603
 789869.660348983
 789869.660324701
 789869.6603782368
 789869.6631634797
 789869.6906544721
 789869.8253249056
 789870.2776271261
 789871.4797706502
 789874.2058001906
 789879.7179731915
 789889.9394368748
 789907.6532047952
 789936.7274329059
 789982.3669951339
 790051.3913584655
 790152.5387575419
 790296.796668764
 790497.7585839077
 790772.0070832502
 791139.5232082033
 791624.1221334602
 792253.9151386495
 793061.7978795009
 794085.9649585197
 795370.4507951717
 796965.6967955786
 798929.1448217225
 801325.8569601602
 804229.1615902487
 807721.32575188
 811894.2538127245
 816850.2124349861
 822702.5818416693
 829576.6333823474
 837610.3333984542
 846955.1733880753
 857777.0264702486
 870257.0301487867
 884592.4953755932
 900997.8419135015
 919705.5599986205
 940967.19830218
 965054.3781919046
 992259.8342928885
 1022898.481347962
 1057308.507377609
 1095852.49313936
 1138918.557886698
 1186921.531427499
 1240304.152481947
 1299538.293339999


# name: QUERY
# type: sq_string
# elements: 1
# length: 2
R2


# name: DATASIZE
# type: sq_string
# elements: 1
# length: 4
1000


