# Created by Octave 4.0.0, Wed May 18 23:48:21 2016 CEST <peter@Independence>
# name: x
# type: matrix
# rows: 1
# columns: 100
 60 60.60606060606061 61.21212121212121 61.81818181818181 62.42424242424242 63.03030303030303 63.63636363636364 64.24242424242425 64.84848484848484 65.45454545454545 66.06060606060606 66.66666666666667 67.27272727272728 67.87878787878788 68.48484848484848 69.09090909090909 69.6969696969697 70.30303030303031 70.90909090909091 71.51515151515152 72.12121212121212 72.72727272727272 73.33333333333333 73.93939393939394 74.54545454545455 75.15151515151516 75.75757575757575 76.36363636363636 76.96969696969697 77.57575757575758 78.18181818181819 78.78787878787878 79.39393939393939 80 80.60606060606061 81.21212121212122 81.81818181818181 82.42424242424242 83.03030303030303 83.63636363636364 84.24242424242424 84.84848484848484 85.45454545454545 86.06060606060606 86.66666666666667 87.27272727272727 87.87878787878788 88.48484848484848 89.09090909090909 89.6969696969697 90.3030303030303 90.90909090909091 91.51515151515152 92.12121212121212 92.72727272727272 93.33333333333333 93.93939393939394 94.54545454545455 95.15151515151516 95.75757575757575 96.36363636363636 96.96969696969697 97.57575757575758 98.18181818181819 98.78787878787878 99.39393939393939 100 100.6060606060606 101.2121212121212 101.8181818181818 102.4242424242424 103.030303030303 103.6363636363636 104.2424242424242 104.8484848484848 105.4545454545455 106.0606060606061 106.6666666666667 107.2727272727273 107.8787878787879 108.4848484848485 109.0909090909091 109.6969696969697 110.3030303030303 110.9090909090909 111.5151515151515 112.1212121212121 112.7272727272727 113.3333333333333 113.9393939393939 114.5454545454545 115.1515151515152 115.7575757575758 116.3636363636364 116.969696969697 117.5757575757576 118.1818181818182 118.7878787878788 119.3939393939394 120


# name: y
# type: matrix
# rows: 100
# columns: 1
 1753506.880360847
 1714786.580687806
 1677616.922063648
 1641966.216206652
 1607802.774835093
 1575094.909667257
 1543810.932421421
 1513919.154815868
 1485387.888568879
 1458185.445398731
 1432280.137023708
 1407640.275162089
 1384234.171532155
 1362030.137852183
 1340996.485840458
 1321101.52721526
 1302313.573694869
 1284600.936997564
 1267931.928841627
 1252274.860945339
 1237598.045026976
 1223869.792804825
 1211058.415997162
 1199132.22632227
 1188059.535498428
 1177808.655243917
 1168347.897277017
 1159645.573316009
 1151669.995079174
 1144389.474284792
 1137772.322651142
 1131786.851896508
 1126401.373739167
 1121584.199897401
 1117303.64208949
 1113528.012033716
 1110225.621448357
 1107364.782051696
 1104913.805562012
 1102841.003697585
 1101114.688176697
 1099703.170717628
 1098574.763038658
 1097697.776858068
 1097040.523894138
 1096571.315865149
 1096258.464489381
 1096070.281485115
 1095975.078570631
 1095941.16746421
 1095936.859884132
 1095930.467548677
 1095890.302176128
 1095784.675484762
 1095581.899192862
 1095250.285018708
 1094758.144680579
 1094073.789896758
 1093165.532385523
 1092001.683865157
 1090550.556053938
 1088780.460670148
 1086659.709432067
 1084156.614057976
 1081239.486266155
 1077876.637774884
 1074036.380302445
 1069687.025567117
 1064796.885287181
 1059334.271180918
 1053267.494966607
 1046564.868362531
 1039194.703086968
 1031125.3108582
 1022325.003394507
 1012762.092414169
 1002404.889635468
 991221.7067766833
 979180.8555560944
 966250.6476919838
 952399.3949026321
 937595.4089063163
 921807.001421322
 905002.4841659274
 887150.1688584094
 868218.3672170553
 848175.3909601404
 826989.551805947
 804629.1614727576
 781062.5316788469
 756257.9741425009
 730183.800582001
 702808.3227156189
 674099.852261646
 644026.7009383572
 612557.1804640314
 579659.602556956
 545302.2789354016
 509453.5213176573
 472081.6414219999


# name: QUERY
# type: sq_string
# elements: 1
# length: 2
R2


# name: DATASIZE
# type: sq_string
# elements: 1
# length: 4
1000


