# Created by Octave 4.0.0, Wed May 18 23:48:21 2016 CEST <peter@Independence>
# name: x
# type: matrix
# rows: 1
# columns: 100
 60 60.60606060606061 61.21212121212121 61.81818181818181 62.42424242424242 63.03030303030303 63.63636363636364 64.24242424242425 64.84848484848484 65.45454545454545 66.06060606060606 66.66666666666667 67.27272727272728 67.87878787878788 68.48484848484848 69.09090909090909 69.6969696969697 70.30303030303031 70.90909090909091 71.51515151515152 72.12121212121212 72.72727272727272 73.33333333333333 73.93939393939394 74.54545454545455 75.15151515151516 75.75757575757575 76.36363636363636 76.96969696969697 77.57575757575758 78.18181818181819 78.78787878787878 79.39393939393939 80 80.60606060606061 81.21212121212122 81.81818181818181 82.42424242424242 83.03030303030303 83.63636363636364 84.24242424242424 84.84848484848484 85.45454545454545 86.06060606060606 86.66666666666667 87.27272727272727 87.87878787878788 88.48484848484848 89.09090909090909 89.6969696969697 90.3030303030303 90.90909090909091 91.51515151515152 92.12121212121212 92.72727272727272 93.33333333333333 93.93939393939394 94.54545454545455 95.15151515151516 95.75757575757575 96.36363636363636 96.96969696969697 97.57575757575758 98.18181818181819 98.78787878787878 99.39393939393939 100 100.6060606060606 101.2121212121212 101.8181818181818 102.4242424242424 103.030303030303 103.6363636363636 104.2424242424242 104.8484848484848 105.4545454545455 106.0606060606061 106.6666666666667 107.2727272727273 107.8787878787879 108.4848484848485 109.0909090909091 109.6969696969697 110.3030303030303 110.9090909090909 111.5151515151515 112.1212121212121 112.7272727272727 113.3333333333333 113.9393939393939 114.5454545454545 115.1515151515152 115.7575757575758 116.3636363636364 116.969696969697 117.5757575757576 118.1818181818182 118.7878787878788 119.3939393939394 120


# name: y
# type: matrix
# rows: 100
# columns: 1
 1407555.192348476
 1378563.695204441
 1350158.664332148
 1322340.099731606
 1295108.001402806
 1268462.369345751
 1242403.203560439
 1216930.504046872
 1192044.270805058
 1167744.50383498
 1144031.203136653
 1120904.368710071
 1098364.000555231
 1076410.098672136
 1055042.663060786
 1034261.693721185
 1014067.19065333
 994459.1538572168
 975437.5833328477
 957002.4790802289
 939153.8410993482
 921891.6693902203
 905215.9639528308
 889126.7247871896
 873623.9518932938
 858707.6452711434
 844377.8049207369
 830634.4308420769
 817477.523035161
 804907.0814999908
 792923.1062365655
 781525.597244887
 770714.5545249521
 760489.9780767632
 750851.8679003187
 741800.2239956199
 733335.0463626656
 725456.335001457
 718164.0899119941
 711458.3110942757
 705338.9985483031
 699806.1522740752
 694859.7722715929
 690499.8585408552
 686726.4110818633
 683539.4298946162
 680938.9149791144
 678924.866335358
 677497.2839633466
 676656.1678630805
 676401.5180345597
 676733.3344777839
 677651.6171927534
 679156.366179468
 681247.5814379279
 683925.262968133
 687189.4107700832
 691040.0248437787
 695477.1051892191
 700500.6518064053
 706110.6646953363
 712307.1438560125
 719090.089288434
 726459.5009926006
 734415.3789685126
 742957.7232161697
 752086.5337355719
 761801.8105267192
 772103.553589612
 782991.7629242504
 794466.4385306332
 806527.5804087606
 819175.1885586346
 832409.2629802537
 846229.8036736174
 860636.8106387269
 875630.2838755804
 891210.2233841782
 907376.6291645253
 924129.5012166152
 941468.8395404463
 959394.6441360335
 977906.9150033554
 997005.6521424234
 1016690.855553245
 1036962.525235803
 1057820.661190111
 1079265.26341616
 1101296.331913955
 1123913.866683502
 1147117.867724788
 1170908.335037816
 1195285.268622599
 1220248.668479118
 1245798.534607387
 1271934.867007401
 1298657.665679157
 1325966.930622663
 1353862.661837908
 1382344.859324906


# name: QUERY
# type: sq_string
# elements: 1
# length: 2
R2


# name: DATASIZE
# type: sq_string
# elements: 1
# length: 4
1000


