# Created by Octave 4.0.0, Mon May 23 13:47:46 2016 CEST <peter@Independence>
# name: x
# type: matrix
# rows: 1
# columns: 100
 60 60.60606060606061 61.21212121212121 61.81818181818181 62.42424242424242 63.03030303030303 63.63636363636364 64.24242424242425 64.84848484848484 65.45454545454545 66.06060606060606 66.66666666666667 67.27272727272728 67.87878787878788 68.48484848484848 69.09090909090909 69.6969696969697 70.30303030303031 70.90909090909091 71.51515151515152 72.12121212121212 72.72727272727272 73.33333333333333 73.93939393939394 74.54545454545455 75.15151515151516 75.75757575757575 76.36363636363636 76.96969696969697 77.57575757575758 78.18181818181819 78.78787878787878 79.39393939393939 80 80.60606060606061 81.21212121212122 81.81818181818181 82.42424242424242 83.03030303030303 83.63636363636364 84.24242424242424 84.84848484848484 85.45454545454545 86.06060606060606 86.66666666666667 87.27272727272727 87.87878787878788 88.48484848484848 89.09090909090909 89.6969696969697 90.3030303030303 90.90909090909091 91.51515151515152 92.12121212121212 92.72727272727272 93.33333333333333 93.93939393939394 94.54545454545455 95.15151515151516 95.75757575757575 96.36363636363636 96.96969696969697 97.57575757575758 98.18181818181819 98.78787878787878 99.39393939393939 100 100.6060606060606 101.2121212121212 101.8181818181818 102.4242424242424 103.030303030303 103.6363636363636 104.2424242424242 104.8484848484848 105.4545454545455 106.0606060606061 106.6666666666667 107.2727272727273 107.8787878787879 108.4848484848485 109.0909090909091 109.6969696969697 110.3030303030303 110.9090909090909 111.5151515151515 112.1212121212121 112.7272727272727 113.3333333333333 113.9393939393939 114.5454545454545 115.1515151515152 115.7575757575758 116.3636363636364 116.969696969697 117.5757575757576 118.1818181818182 118.7878787878788 119.3939393939394 120


# name: y
# type: matrix
# rows: 100
# columns: 1
 1342556.904853677
 1308767.080296992
 1276986.512116602
 1247133.924339575
 1219129.719062497
 1192895.976451494
 1168356.454742221
 1145436.590239864
 1124063.49731914
 1104165.968424294
 1085674.474069106
 1068521.162836886
 1052639.861380471
 1037966.074422233
 1024436.984754075
 1011991.45323743
 1000570.018803262
 990114.8984520638
 980569.9872538616
 971880.8583482136
 963994.762944204
 956860.6303204547
 950429.0678251123
 944652.3608758582
 939484.4729599031
 934881.0456339889
 930799.3985243887
 927198.5293269062
 924039.1138068761
 921283.5057991642
 918895.7372081669
 916841.5180078116
 915088.2362415568
 913604.958022392
 912362.427532837
 911333.0670249434
 910490.9768202929
 909811.9353099985
 909273.3989547043
 908854.5022845848
 908536.057899346
 908300.5564682244
 908132.1667299875
 908016.7354929339
 907941.7876348929
 907896.5261032246
 907871.8319148205
 907860.2641561027
 907856.059983024
 907855.1346210686
 907855.0813652512
 907855.1715801178
 907856.354699745
 907861.2582277402
 907874.1877372422
 907901.1268709204
 907949.7373409751
 908029.3589291377
 908151.0094866701
 908327.3849343659
 908572.8592625486
 908903.4845310736
 909336.9908693265
 909892.7864762241
 910591.9576202141
 911457.2686392751
 912513.1619409168
 913785.7580021793
 915302.8553696342
 917093.9306593839
 919190.1385570611
 921624.3118178303
 924430.9612663864
 927646.2757969555
 931308.1223732941
 935456.0460286903
 940131.2698659624
 945376.6950574601
 951236.9008450645
 957758.1445401865
 964988.3615237676
 972977.1652462841
 981775.8472277359
 991437.3770576604
 1002016.402395125
 1013569.248968723
 1026153.920576586
 1039830.09908637
 1054659.144435265
 1070704.094629996
 1088029.665746807
 1106702.251931483
 1126789.925399344
 1148362.436435224
 1171491.213393504
 1196249.36269809
 1222711.668842417
 1250954.594389456
 1281056.279971701
 1313096.544291186


# name: QUERY
# type: sq_string
# elements: 1
# length: 2
R2


# name: DATASIZE
# type: sq_string
# elements: 1
# length: 4
1000


