# Created by Octave 4.0.0, Wed May 18 23:48:21 2016 CEST <peter@Independence>
# name: x
# type: matrix
# rows: 1
# columns: 100
 60 60.60606060606061 61.21212121212121 61.81818181818181 62.42424242424242 63.03030303030303 63.63636363636364 64.24242424242425 64.84848484848484 65.45454545454545 66.06060606060606 66.66666666666667 67.27272727272728 67.87878787878788 68.48484848484848 69.09090909090909 69.6969696969697 70.30303030303031 70.90909090909091 71.51515151515152 72.12121212121212 72.72727272727272 73.33333333333333 73.93939393939394 74.54545454545455 75.15151515151516 75.75757575757575 76.36363636363636 76.96969696969697 77.57575757575758 78.18181818181819 78.78787878787878 79.39393939393939 80 80.60606060606061 81.21212121212122 81.81818181818181 82.42424242424242 83.03030303030303 83.63636363636364 84.24242424242424 84.84848484848484 85.45454545454545 86.06060606060606 86.66666666666667 87.27272727272727 87.87878787878788 88.48484848484848 89.09090909090909 89.6969696969697 90.3030303030303 90.90909090909091 91.51515151515152 92.12121212121212 92.72727272727272 93.33333333333333 93.93939393939394 94.54545454545455 95.15151515151516 95.75757575757575 96.36363636363636 96.96969696969697 97.57575757575758 98.18181818181819 98.78787878787878 99.39393939393939 100 100.6060606060606 101.2121212121212 101.8181818181818 102.4242424242424 103.030303030303 103.6363636363636 104.2424242424242 104.8484848484848 105.4545454545455 106.0606060606061 106.6666666666667 107.2727272727273 107.8787878787879 108.4848484848485 109.0909090909091 109.6969696969697 110.3030303030303 110.9090909090909 111.5151515151515 112.1212121212121 112.7272727272727 113.3333333333333 113.9393939393939 114.5454545454545 115.1515151515152 115.7575757575758 116.3636363636364 116.969696969697 117.5757575757576 118.1818181818182 118.7878787878788 119.3939393939394 120


# name: y
# type: matrix
# rows: 100
# columns: 1
 1434548.739320044
 1375594.963287789
 1320146.776643822
 1268062.375588845
 1219202.884084356
 1173432.353853212
 1130617.764379365
 1090629.022907941
 1053338.964445235
 1018623.351758506
 986360.8753763471
 956433.1535884221
 928724.7324455117
 903123.0857595351
 879518.6151036124
 857804.6498119659
 837877.4469799787
 819636.1914641197
 802982.9958820386
 787822.9006125511
 774063.8737955444
 761616.8113321445
 750395.5368845082
 740316.8018760179
 731300.2854911576
 723268.5946755578
 716147.264135994
 709864.7563403803
 704352.4615177722
 699544.6976583657
 695378.7105134977
 691794.673595648
 688735.688178431
 686147.7832966098
 683979.9157460816
 682183.9700838902
 680714.7586282147
 679530.0214583806
 678590.4264148502
 677859.569099227
 677303.972874257
 676893.0888638257
 676599.2959529603
 676397.9007878278
 676267.1377757371
 676188.1690851372
 676145.0846456182
 676124.9021479107
 676117.5670438866
 676115.9525465585
 676115.8596300792
 676116.0170297434
 676118.0812419858
 676126.636524382
 676149.1948956487
 676196.1961356434
 676281.0077853643
 676419.9251469502
 676632.1712836809
 676939.8970199777
 677368.1809414013
 677945.0293946544
 678701.3764875801
 679671.0840891623
 680890.9418295259
 682400.6670999364
 684242.9050527997
 686463.2286016629
 689110.1384212158
 692235.0629472865
 695892.3583768426
 700139.3086679955
 705036.1255399989
 710645.9484732428
 717034.844709263
 724271.8092507295
 732428.7648614557
 741580.5620663941
 751804.9791516626
 763182.722164474
 775797.4249131957
 789735.6489674081
 805086.8836576878
 821943.5460758704
 840400.981074949
 860557.4612689066
 882514.1870330523
 906375.2865036901
 932247.8155783485
 960241.7579157222
 990470.0249354931
 1023048.455818621
 1058095.817507302
 1095733.804704544
 1136087.039874798
 1179283.073243592
 1225452.382797464
 1274728.374284294
 1327247.381212853
 1383148.664853321


# name: QUERY
# type: sq_string
# elements: 1
# length: 2
R2


# name: DATASIZE
# type: sq_string
# elements: 1
# length: 4
1000


