# Created by Octave 4.0.0, Mon May 23 13:47:46 2016 CEST <peter@Independence>
# name: x
# type: matrix
# rows: 1
# columns: 100
 60 60.60606060606061 61.21212121212121 61.81818181818181 62.42424242424242 63.03030303030303 63.63636363636364 64.24242424242425 64.84848484848484 65.45454545454545 66.06060606060606 66.66666666666667 67.27272727272728 67.87878787878788 68.48484848484848 69.09090909090909 69.6969696969697 70.30303030303031 70.90909090909091 71.51515151515152 72.12121212121212 72.72727272727272 73.33333333333333 73.93939393939394 74.54545454545455 75.15151515151516 75.75757575757575 76.36363636363636 76.96969696969697 77.57575757575758 78.18181818181819 78.78787878787878 79.39393939393939 80 80.60606060606061 81.21212121212122 81.81818181818181 82.42424242424242 83.03030303030303 83.63636363636364 84.24242424242424 84.84848484848484 85.45454545454545 86.06060606060606 86.66666666666667 87.27272727272727 87.87878787878788 88.48484848484848 89.09090909090909 89.6969696969697 90.3030303030303 90.90909090909091 91.51515151515152 92.12121212121212 92.72727272727272 93.33333333333333 93.93939393939394 94.54545454545455 95.15151515151516 95.75757575757575 96.36363636363636 96.96969696969697 97.57575757575758 98.18181818181819 98.78787878787878 99.39393939393939 100 100.6060606060606 101.2121212121212 101.8181818181818 102.4242424242424 103.030303030303 103.6363636363636 104.2424242424242 104.8484848484848 105.4545454545455 106.0606060606061 106.6666666666667 107.2727272727273 107.8787878787879 108.4848484848485 109.0909090909091 109.6969696969697 110.3030303030303 110.9090909090909 111.5151515151515 112.1212121212121 112.7272727272727 113.3333333333333 113.9393939393939 114.5454545454545 115.1515151515152 115.7575757575758 116.3636363636364 116.969696969697 117.5757575757576 118.1818181818182 118.7878787878788 119.3939393939394 120


# name: y
# type: matrix
# rows: 100
# columns: 1
 1333778.55941233
 1320089.533884628
 1306677.422368132
 1293542.224862846
 1280683.941368767
 1268102.571885894
 1255798.116414227
 1243770.574953766
 1232019.947504516
 1220546.234066471
 1209349.434639634
 1198429.549224005
 1187786.577819582
 1177420.520426366
 1167331.377044356
 1157519.147673555
 1147983.832313963
 1138725.430965575
 1129743.943628395
 1121039.370302423
 1112611.710987655
 1104460.965684099
 1096587.134391747
 1088990.217110603
 1081670.213840666
 1074627.124581936
 1067860.949334414
 1061371.688098098
 1055159.34087299
 1049223.907659089
 1043565.388456395
 1038183.783264908
 1033079.092084629
 1028251.314915557
 1023700.451757691
 1019426.502611033
 1015429.467475582
 1011709.346351339
 1008266.139238302
 1005099.846136473
 1002210.467045851
 999598.0019664357
 997262.4508982279
 995203.8138412271
 993422.0907954337
 991917.2817608474
 990689.3867374682
 989738.4057252962
 989064.3387243313
 988667.1857345738
 988546.9467560232
 988703.62178868
 989137.2108325438
 989847.7138876149
 990835.1309538931
 992099.4620313784
 993640.7071200709
 995458.8662199707
 997553.9393310775
 999925.9264533916
 1002574.827586913
 1005500.642731641
 1008703.371887577
 1012183.015054719
 1015939.572233069
 1019973.043422627
 1024283.428623391
 1028870.727835362
 1033734.941058541
 1038876.068292927
 1044294.109538519
 1049989.064795319
 1055960.934063327
 1062209.717342541
 1068735.414632963
 1075538.025934592
 1082617.551247427
 1089973.99057147
 1097607.343906721
 1105517.611253179
 1113704.792610841
 1122168.887979716
 1130909.897359794
 1139927.820751078
 1149222.658153574
 1158794.409567272
 1168643.074992182
 1178768.654428296
 1189171.147875616
 1199850.555334148
 1210806.876803884
 1222040.112284824
 1233550.261776978
 1245337.325280335
 1257401.3027949
 1269742.194320672
 1282359.999857651
 1295254.71940584
 1308426.352965232
 1321874.900535833


# name: QUERY
# type: sq_string
# elements: 1
# length: 2
R2


# name: DATASIZE
# type: sq_string
# elements: 1
# length: 4
1000


