# Created by Octave 4.0.0, Wed May 18 23:48:21 2016 CEST <peter@Independence>
# name: x
# type: matrix
# rows: 1
# columns: 100
 60 60.60606060606061 61.21212121212121 61.81818181818181 62.42424242424242 63.03030303030303 63.63636363636364 64.24242424242425 64.84848484848484 65.45454545454545 66.06060606060606 66.66666666666667 67.27272727272728 67.87878787878788 68.48484848484848 69.09090909090909 69.6969696969697 70.30303030303031 70.90909090909091 71.51515151515152 72.12121212121212 72.72727272727272 73.33333333333333 73.93939393939394 74.54545454545455 75.15151515151516 75.75757575757575 76.36363636363636 76.96969696969697 77.57575757575758 78.18181818181819 78.78787878787878 79.39393939393939 80 80.60606060606061 81.21212121212122 81.81818181818181 82.42424242424242 83.03030303030303 83.63636363636364 84.24242424242424 84.84848484848484 85.45454545454545 86.06060606060606 86.66666666666667 87.27272727272727 87.87878787878788 88.48484848484848 89.09090909090909 89.6969696969697 90.3030303030303 90.90909090909091 91.51515151515152 92.12121212121212 92.72727272727272 93.33333333333333 93.93939393939394 94.54545454545455 95.15151515151516 95.75757575757575 96.36363636363636 96.96969696969697 97.57575757575758 98.18181818181819 98.78787878787878 99.39393939393939 100 100.6060606060606 101.2121212121212 101.8181818181818 102.4242424242424 103.030303030303 103.6363636363636 104.2424242424242 104.8484848484848 105.4545454545455 106.0606060606061 106.6666666666667 107.2727272727273 107.8787878787879 108.4848484848485 109.0909090909091 109.6969696969697 110.3030303030303 110.9090909090909 111.5151515151515 112.1212121212121 112.7272727272727 113.3333333333333 113.9393939393939 114.5454545454545 115.1515151515152 115.7575757575758 116.3636363636364 116.969696969697 117.5757575757576 118.1818181818182 118.7878787878788 119.3939393939394 120


# name: y
# type: matrix
# rows: 100
# columns: 1
 1448829.94338883
 1365554.263599197
 1290366.446676816
 1222625.493265584
 1161729.285016345
 1107112.979476124
 1058247.438815974
 1014637.692397525
 975821.4331782022
 941367.5479551036
 910874.6814475872
 883969.8342184962
 860306.9944340759
 839565.8034625662
 821450.2553114643
 805687.4299034597
 792026.2601910495
 780236.3331098205
 770106.7243704158
 761444.8670891686
 754075.4542574079
 747839.3750494508
 742592.6849692524
 738205.609835746
 734561.5836068469
 731556.3200421354
 729096.9182042135
 727101.0017987356
 725495.8923531133
 724217.8162338957
 723211.1455028234
 722427.6726115565
 721825.9189350782
 721370.4771437719
 721031.3874141732
 720783.5474783956
 720606.1565122318
 720482.1928619279
 720397.9256096341
 720342.4599775274
 720307.3165706105
 720286.0444581844
 720273.8680939961
 720267.368075059
 720264.19573915
 720262.8216009797
 720262.3176270365
 720262.1733491068
 720262.1458164683
 720262.1433867582
 720262.1433555154
 720262.143424398
 720262.1470080742
 720262.1823797881
 720262.3556556005
 720262.9376173029
 720264.4843740065
 720267.9918624064
 720275.0841857188
 720288.2357912933
 720311.0274869004
 720348.4362956919
 720407.1591498365
 720495.9704228304
 720626.1133004811
 720811.7249905667
 721070.2957711685
 721423.1618776799
 721896.032228487
 722519.548989326
 723329.8819763144
 724369.3568976556
 725687.1174340193
 727339.8211575954
 729392.3692898224
 731918.6702977913
 735002.437329322
 738738.019486716
 743231.2669391829
 748600.4298739397
 754977.0912859869
 762507.1336065606
 771351.7391702493
 781688.4245208009
 793712.1085555921
 807636.2145087703
 823693.8057730866
 842138.7555603803
 863246.9504007569
 887317.5274804335
 914674.1458182482
 945666.2912808659
 980670.6154366478
 1020092.308248171
 1064366.50460348
 1113959.724685953
 1169371.348182873
 1231135.122332679
 1299820.703810859
 1376035.234454566


# name: QUERY
# type: sq_string
# elements: 1
# length: 2
R2


# name: DATASIZE
# type: sq_string
# elements: 1
# length: 4
1000


