# Created by Octave 3.8.2, Wed May 18 21:53:51 2016 CEST <Andrea@Andreas-MacBook-Pro.local>
# name: SVs
# type: cell
# rows: 1
# columns: 7
# name: <cell-element>
# type: sparse matrix
# nnz: 48
# rows: 8
# columns: 13
1 3 -0.1305171451025344
2 3 0.5211380242727139
3 3 -0.2179096600652615
4 3 -0.5548507437654868
5 3 -0.05221749296829912
6 3 -1.60962283187054
7 3 1.095503859605782
8 3 -0.1476925526674634
1 4 0.2280284259271233
2 4 0.05565999503241735
3 4 -0.6556325172672552
4 4 -0.3050213662068456
5 4 0.8505352518165725
6 4 1.369822423372775
7 4 -0.7335088093170543
8 4 1.318800025133252
1 5 0.180457535520436
2 5 -0.08822646500825747
3 5 1.32573299500115
4 5 -1.762944143819848
5 5 0.01956416647228031
6 5 -0.4123909376225218
7 5 0.7915353066343671
8 5 2.249879144312231
1 6 0.180457535520436
2 6 -0.08822646500825747
3 6 1.32573299500115
4 6 -1.762944143819848
5 6 0.01956416647228031
6 6 -0.4123909376225218
7 6 0.7915353066343671
8 6 2.249879144312231
1 7 -0.9432075741119006
2 7 -0.184802851308892
3 7 -0.4625617090562141
4 7 1.136842382750821
5 7 0.2978064363981657
6 7 2.193687348562262
7 7 -1.179603661337001
8 7 0.5592034387173939
1 8 -0.9432075741119006
2 8 -0.184802851308892
3 8 -0.4625617090562141
4 8 1.136842382750821
5 8 0.2978064363981657
6 8 2.193687348562262
7 8 -1.179603661337001
8 8 0.5592034387173939



# name: <cell-element>
# type: sparse matrix
# nnz: 0
# rows: 0
# columns: 13



# name: <cell-element>
# type: sparse matrix
# nnz: 30
# rows: 5
# columns: 13
1 3 -0.1305171451025344
2 3 -1.691963756372994
3 3 -0.5548507437654868
4 3 -1.60962283187054
5 3 1.095503859605782
1 4 0.2280284259271233
2 4 -1.472494399608574
3 4 -0.3050213662068456
4 4 1.369822423372775
5 4 -0.7335088093170543
1 5 0.180457535520436
2 5 -0.7642956462795717
3 5 -1.762944143819848
4 5 -0.4123909376225218
5 5 0.7915353066343671
1 6 0.180457535520436
2 6 -0.7642956462795717
3 6 -1.762944143819848
4 6 -0.4123909376225218
5 6 0.7915353066343671
1 7 -0.9432075741119006
2 7 -2.027147772512266
3 7 1.136842382750821
4 7 2.193687348562262
5 7 -1.179603661337001
1 8 -0.9432075741119006
2 8 -2.027147772512266
3 8 1.136842382750821
4 8 2.193687348562262
5 8 -1.179603661337001



# name: <cell-element>
# type: sparse matrix
# nnz: 42
# rows: 7
# columns: 13
1 3 -0.1305171451025344
2 3 0.5211380242727139
3 3 -1.691963756372994
4 3 -0.5548507437654868
5 3 -0.05221749296829912
6 3 -1.60962283187054
7 3 1.095503859605782
1 4 0.2280284259271233
2 4 0.05565999503241735
3 4 -1.472494399608574
4 4 -0.3050213662068456
5 4 0.8505352518165725
6 4 1.369822423372775
7 4 -0.7335088093170543
1 5 0.180457535520436
2 5 -0.08822646500825747
3 5 -0.7642956462795717
4 5 -1.762944143819848
5 5 0.01956416647228031
6 5 -0.4123909376225218
7 5 0.7915353066343671
1 6 0.180457535520436
2 6 -0.08822646500825747
3 6 -0.7642956462795717
4 6 -1.762944143819848
5 6 0.01956416647228031
6 6 -0.4123909376225218
7 6 0.7915353066343671
1 7 -0.9432075741119006
2 7 -0.184802851308892
3 7 -2.027147772512266
4 7 1.136842382750821
5 7 0.2978064363981657
6 7 2.193687348562262
7 7 -1.179603661337001
1 8 -0.9432075741119006
2 8 -0.184802851308892
3 8 -2.027147772512266
4 8 1.136842382750821
5 8 0.2978064363981657
6 8 2.193687348562262
7 8 -1.179603661337001



# name: <cell-element>
# type: sparse matrix
# nnz: 42
# rows: 7
# columns: 13
1 3 -0.1305171451025344
2 3 0.5211380242727139
3 3 -1.691963756372994
4 3 -0.5548507437654868
5 3 -0.05221749296829912
6 3 -1.60962283187054
7 3 1.095503859605782
1 4 0.2280284259271233
2 4 0.05565999503241735
3 4 -1.472494399608574
4 4 -0.3050213662068456
5 4 0.8505352518165725
6 4 1.369822423372775
7 4 -0.7335088093170543
1 5 0.180457535520436
2 5 -0.08822646500825747
3 5 -0.7642956462795717
4 5 -1.762944143819848
5 5 0.01956416647228031
6 5 -0.4123909376225218
7 5 0.7915353066343671
1 6 0.180457535520436
2 6 -0.08822646500825747
3 6 -0.7642956462795717
4 6 -1.762944143819848
5 6 0.01956416647228031
6 6 -0.4123909376225218
7 6 0.7915353066343671
1 7 -0.9432075741119006
2 7 -0.184802851308892
3 7 -2.027147772512266
4 7 1.136842382750821
5 7 0.2978064363981657
6 7 2.193687348562262
7 7 -1.179603661337001
1 8 -0.9432075741119006
2 8 -0.184802851308892
3 8 -2.027147772512266
4 8 1.136842382750821
5 8 0.2978064363981657
6 8 2.193687348562262
7 8 -1.179603661337001



# name: <cell-element>
# type: sparse matrix
# nnz: 36
# rows: 6
# columns: 13
1 3 -0.1305171451025344
2 3 -0.5548507437654868
3 3 -0.05221749296829912
4 3 -1.60962283187054
5 3 1.095503859605782
6 3 -0.1476925526674634
1 4 0.2280284259271233
2 4 -0.3050213662068456
3 4 0.8505352518165725
4 4 1.369822423372775
5 4 -0.7335088093170543
6 4 1.318800025133252
1 5 0.180457535520436
2 5 -1.762944143819848
3 5 0.01956416647228031
4 5 -0.4123909376225218
5 5 0.7915353066343671
6 5 2.249879144312231
1 6 0.180457535520436
2 6 -1.762944143819848
3 6 0.01956416647228031
4 6 -0.4123909376225218
5 6 0.7915353066343671
6 6 2.249879144312231
1 7 -0.9432075741119006
2 7 1.136842382750821
3 7 0.2978064363981657
4 7 2.193687348562262
5 7 -1.179603661337001
6 7 0.5592034387173939
1 8 -0.9432075741119006
2 8 1.136842382750821
3 8 0.2978064363981657
4 8 2.193687348562262
5 8 -1.179603661337001
6 8 0.5592034387173939



# name: <cell-element>
# type: scalar
0





# name: coefficients
# type: cell
# rows: 1
# columns: 7
# name: <cell-element>
# type: matrix
# rows: 8
# columns: 1
 -1.3895
 -0.1233037328093766
 0.2725406417724276
 -1.3895
 1.3895
 1.240263091036949
 1.3895
 -1.3895



# name: <cell-element>
# type: matrix
# rows: 0
# columns: 1



# name: <cell-element>
# type: matrix
# rows: 5
# columns: 1
 -4.2263
 -0.3580359854777856
 -0.4523052103986347
 0.8482906819901742
 4.188350513886246



# name: <cell-element>
# type: matrix
# rows: 7
# columns: 1
 -3.7105
 -0.9019233731659948
 -0.4998560898180258
 -2.348870679899054
 3.7105
 0.04015014288307418
 3.7105



# name: <cell-element>
# type: matrix
# rows: 7
# columns: 1
 -5
 -0.8465680652857006
 -0.4081399852230977
 -3.848297704835167
 5
 0.1030057553439654
 5



# name: <cell-element>
# type: matrix
# rows: 6
# columns: 1
 -5
 -1.006080115047756
 2.671651067326498
 0.3446457984604547
 3.281841044907808
 -0.2920577956470042



# name: <cell-element>
# type: scalar
0





# name: b
# type: cell
# rows: 1
# columns: 7
# name: <cell-element>
# type: scalar
-0.06727443798756863



# name: <cell-element>
# type: scalar
-0.08567542824807095



# name: <cell-element>
# type: scalar
0.2371883343858888



# name: <cell-element>
# type: scalar
0.04563234022399605



# name: <cell-element>
# type: scalar
0.04497865359615514



# name: <cell-element>
# type: scalar
0.1321749279871069



# name: <cell-element>
# type: scalar
0





# name: models
# type: cell
# rows: 1
# columns: 7
# name: <cell-element>
# type: scalar struct
# ndims: 2
 1 1
# length: 11
# name: Parameters
# type: matrix
# rows: 5
# columns: 1
 3
 0
 3
 0.07692307692307693
 0


# name: nr_class
# type: scalar
2


# name: totalSV
# type: scalar
8


# name: rho
# type: scalar
0.06727443798756863


# name: Label
# type: matrix
# rows: 0
# columns: 0


# name: sv_indices
# type: matrix
# rows: 8
# columns: 1
 1
 2
 3
 6
 7
 8
 9
 11


# name: ProbA
# type: matrix
# rows: 0
# columns: 0


# name: ProbB
# type: matrix
# rows: 0
# columns: 0


# name: nSV
# type: matrix
# rows: 0
# columns: 0


# name: sv_coef
# type: matrix
# rows: 8
# columns: 1
 -1.3895
 -0.1233037328093766
 0.2725406417724276
 -1.3895
 1.3895
 1.240263091036949
 1.3895
 -1.3895


