# Created by Octave 3.8.2, Wed May 18 21:53:42 2016 CEST <Andrea@Andreas-MacBook-Pro.local>
# name: mu
# type: matrix
# rows: 1
# columns: 14
 217308.2105263158 50 1 59068.36842105263 106539.3684210526 3051.315789473684 3051.315789473684 27118.84210526316 27118.84210526316 3663 3663 1 50 12


# name: sigma
# type: matrix
# rows: 1
# columns: 14
 7274.08708727194 0 0 1979.574567384684 5958.167598725544 1261.705197678108 1261.705197678108 7639.720357470611 7639.720357470611 0 0 0 0 0


