# Created by Octave 4.0.0, Wed May 11 16:45:27 2016 CEST <peter@Independence>
# name: y
# type: matrix
# rows: 100
# columns: 1
 110800.3322715178
 109392.3532167204
 108158.2346977162
 107083.6189461657
 106152.3729342058
 105346.689899312
 104647.2115366839
 104033.1705596055
 103482.553122195
 102972.280390813
 102478.408341983
 101976.3446578407
 101441.0813867515
 100847.4418386859
 100170.3399941014
 99385.05052329181
 98467.4873422657
 97394.48847299829
 96144.10483211733
 94695.89044442981
 93031.19146781534
 91133.43132546486
 88988.38917171952
 86584.46887025025
 83912.95563929764
 80968.25751933234
 77748.12884481158
 74253.8729545828
 70490.52145560877
 66466.98746257322
 62196.19037186215
 57695.14989247755
 52985.04724842013
 48091.25168653566
 43043.31066998476
 37874.90240931846
 32623.74967923411
 27331.49418773197
 22043.53110353684
 16808.80370488283
 11679.55848534542
 6711.061437252094
 1961.276626927924
 -2509.491425090964
 -6638.989645673922
 -10363.44028230276
 -13617.99404806329
 -16337.20946106329
 -18455.55494009861
 -19907.92987901502
 -20630.20060897942
 -20559.74687544245
 -19636.01420939172
 -17801.06736483143
 -15000.13983022576
 -11182.17430449251
 -6300.348961212701
 -312.5843106228858
 6817.974490166147
 15122.50493106031
 24626.08894483518
 35347.33389112729
 47298.03714639746
 60482.8983941625
 74899.28333326001
 90537.04209531649
 107378.38518958
 125397.8192783807
 144562.1445346945
 164830.5147503651
 186154.5607558299
 208478.5770863376
 231739.7711930246
 255868.5738570737
 280789.0088294728
 306419.1190951723
 332671.4465567303
 359453.5613562894
 386668.6365135795
 414216.0630584974
 441992.1003864224
 469890.5561688108
 497803.4898161711
 525621.9332199247
 553236.6222977599
 580538.7327368582
 607420.6132727331
 633776.5098595507
 659503.2741806362
 684501.0501144271
 708673.9320095747
 731930.588930073
 754184.84940352
 775356.2416380474
 795370.4846604464
 814159.9263635094
 831663.9250273269
 847829.1714901017
 862609.9497808609
 875968.3346811265


