# Created by Octave 4.0.0, Wed May 11 16:46:02 2016 CEST <peter@Independence>
# name: y
# type: matrix
# rows: 100
# columns: 1
 258743.2878354808
 260539.022811426
 262912.9390432633
 265857.8270524406
 269363.9014438059
 273418.8665488567
 278008.0018786938
 283114.2667471392
 288718.4232307497
 294799.1764470427
 301333.3309573805
 308295.9619386635
 315660.5996201636
 323399.4253501193
 331483.4775426066
 339882.86565985
 348566.9903095416
 357504.7674815604
 366664.8549141387
 376015.8785661827
 385526.6571800004
 395166.4229467385
 404905.0363348074
 414713.1932086076
 424562.6224499417
 434426.2723963648
 444278.4845279881
 454095.1529653955
 463853.868484677
 473534.0459094392
 483117.0339021756
 492586.206346801
 501927.0346885653
 511127.1407752319
 520176.329922455
 529066.6041050645
 537792.1553527829
 546349.3396021806
 554736.6314249856
 562954.5602148399
 571005.6285689909
 578894.2137471366
 586626.4532256987
 594210.1154913376
 601654.4573318025
 608970.0689845969
 616168.7085939683
 623263.1275039589
 630266.8879794298
 637194.1749978641
 644059.6037922601
 650878.0248495289
 657664.3280795035
 664433.2478671037
 671199.1707045108
 677975.9470716299
 684776.7091919137
 691613.6962371421
 698498.0884893481
 705439.8518912055
 712447.5943283164
 719528.4348884998
 726687.8872349954
 733929.758113091
 741256.0618838123
 748666.9518447409
 756160.6689576381
 763733.5084562642
 771379.8046566043
 779091.9341367384
 786860.3372959555
 794673.5581436434
 802518.3020092726
 810379.5107067506
 818240.4545309716
 826082.840312904
 833886.9346135157
 841631.7009976661
 849294.950198225
 856853.5018595336
 864283.3564392355
 871559.8757497916
 878657.9705368364
 885552.293422017
 892217.4354840715
 898628.1247144383
 904759.4245632961
 910586.9307890915
 916086.9648395849
 921236.7620252965
 926014.6527968189
 930400.2355054152
 934374.5391110587
 937920.1744027582
 941021.4724116925
 943664.6088270501
 945837.7133662093
 947530.9632033354
 948736.6597219643
 949449.2880257319


