# Created by Octave 4.0.0, Mon May 09 11:27:53 2016 CEST <peter@Independence>
# name: y
# type: matrix
# rows: 100
# columns: 1
 57137.01170910081
 56946.89560044686
 56764.42070957156
 56589.43030591143
 56421.76765890303
 56261.27603798288
 56107.79871258753
 55961.17895215352
 55821.26002611737
 55687.88520391564
 55560.89775498485
 55440.14094876155
 55325.45805468227
 55216.69234218355
 55113.68708070193
 55016.28553967395
 54924.33098853613
 54837.66669672503
 54756.13593367718
 54679.58196882911
 54607.84807161737
 54540.77751147849
 54478.21355784901
 54419.99948016547
 54365.9785478644
 54315.99403038235
 54269.88919715585
 54227.50731762144
 54188.69166121564
 54153.28549737502
 54121.1320955361
 54092.07472513542
 54065.95665560951
 54042.62115639492
 54021.91149692818
 54003.67094664583
 53987.74277498441
 53973.97025138046
 53962.1966452705
 53952.2652260911
 53944.01926327877
 53937.30202627005
 53931.95678450149
 53927.82680740962
 53924.75536443098
 53922.58572500211
 53921.16115855955
 53920.32493453982
 53919.92032237948
 53919.79059151506
 53919.77901138309
 53919.72885142012
 53919.48338106268
 53918.8858697473
 53917.77958691054
 53916.00780198892
 53913.41378441898
 53909.84080363726
 53905.1321290803
 53899.13103018464
 53891.68077638681
 53882.62463712335
 53871.80588183081
 53859.0677799457
 53844.25360090458
 53827.20661414398
 53807.77008910044
 53785.7872952105
 53761.1015019107
 53733.55597863757
 53702.99399482764
 53669.25881991748
 53632.19372334359
 53591.64197454253
 53547.44684295083
 53499.45159800503
 53447.49950914166
 53391.43384579727
 53331.09787740839
 53266.33487341156
 53196.98810324333
 53122.90083634022
 53043.91634213876
 52959.87789007552
 52870.62874958701
 52776.01219010977
 52675.87148108036
 52570.04989193529
 52458.39069211111
 52340.73715104436
 52216.93253817158
 52086.8201229293
 51950.24317475405
 51807.04496308239
 51657.06875735085
 51500.15782699596
 51336.15544145426
 51164.90487016229
 50986.24938255658
 50800.03224807369


