# Created by Octave 4.0.0, Mon May 09 11:27:53 2016 CEST <peter@Independence>
# name: y
# type: matrix
# rows: 100
# columns: 1
 60723.49666171322
 60571.50244978996
 60416.80381503106
 60259.47101789837
 60099.57681280462
 59937.19639294635
 59772.4073320177
 59605.28952286764
 59435.9251131684
 59264.39843816732
 59090.79595059967
 58915.20614784406
 58737.71949640725
 58558.42835382903
 58377.42688810246
 58194.81099470874
 58010.67821136997
 57825.1276306269
 57638.25981035233
 57450.17668231424
 57260.98145890611
 57070.77853816484
 56879.67340719944
 56687.77254415666
 56495.18331885156
 56302.013892194
 56108.37311454337
 55914.37042312584
 55720.11573865028
 55525.71936125976
 55331.29186595701
 55136.94399764289
 54942.78656590755
 54748.93033971434
 54555.48594211662
 54362.56374514734
 54170.2737650214
 53978.7255577895
 53788.02811558181
 53598.28976357882
 53409.61805784489
 53222.11968415904
 53035.90035797538
 52851.06472564401
 52667.71626702032
 52485.95719958918
 52305.88838422684
 52127.60923272151
 51951.21761716973
 51776.80978136313
 51604.48025427626
 51434.32176576295
 51266.42516456472
 51100.87933873103
 50937.77113854689
 50777.18530205947
 50619.20438329071
 50463.90868321862
 50311.37618360554
 50161.68248374658
 50014.90074020706
 49871.10160961262
 49730.35319455108
 49592.72099263949
 49458.2678488055
 49327.05391082654
 49199.13658816515
 49074.57051413395
 48953.40751141815
 48835.69656097843
 48721.48377435197
 48610.81236936367
 48503.72264925513
 48400.2519852331
 48300.43480243442
 48204.30256929936
 48111.88379033983
 48023.20400228456
 47938.28577357806
 47857.14870720547
 47779.8094468107
 47706.28168607072
 47636.57618128418
 47570.70076712833
 47508.66037553379
 47450.45705762268
 47396.09000865144
 47345.55559589614
 47298.84738941384
 47255.95619561046
 47216.87009354199
 47181.57447387246
 47150.05208040937
 47122.28305413394
 47098.24497964108
 47077.91293390131
 47061.25953725431
 47048.25500654185
 47038.8672102854
 47033.06172581239


