# Created by Octave 4.0.0, Wed May 11 16:25:44 2016 CEST <peter@Independence>
# name: y
# type: matrix
# rows: 1
# columns: 100
 748695.1911632989 752349.7562408079 756004.3213183171 759658.8863958262 763313.4514733353 766968.0165508444 770622.5816283536 774277.1467058626 777931.7117833717 781586.2768608809 785240.8419383899 788895.4070158991 792549.9720934082 796204.5371709173 799859.1022484264 803513.6673259356 807168.2324034447 810822.7974809537 814477.3625584629 818131.927635972 821786.4927134812 825441.0577909902 829095.6228684994 832750.1879460085 836404.7530235176 840059.3181010267 843713.8831785358 847368.4482560449 851023.013333554 854677.5784110632 858332.1434885722 861986.7085660814 865641.2736435905 869295.8387210995 872950.4037986087 876604.9688761178 880259.533953627 883914.099031136 887568.6641086452 891223.2291861543 894877.7942636634 898532.3593411725 902186.9244186817 905841.4894961907 909496.0545736998 913150.619651209 916805.1847287181 920459.7498062272 924114.3148837363 927768.8799612453 931423.4450387545 935078.0101162636 938732.5751937728 942387.1402712818 946041.705348791 949696.2704263001 953350.8355038092 957005.4005813183 960659.9656588275 964314.5307363365 967969.0958138456 971623.6608913548 975278.2259688639 978932.791046373 982587.3561238821 986241.9212013913 989896.4862789003 993551.0513564094 997205.6164339186 1000860.181511428 1004514.746588937 1008169.311666446 1011823.876743955 1015478.441821464 1019133.006898973 1022787.571976482 1026442.137053991 1030096.702131501 1033751.26720901 1037405.832286519 1041060.397364028 1044714.962441537 1048369.527519046 1052024.092596555 1055678.657674064 1059333.222751573 1062987.787829083 1066642.352906592 1070296.917984101 1073951.48306161 1077606.048139119 1081260.613216628 1084915.178294137 1088569.743371646 1092224.308449155 1095878.873526665 1099533.438604174 1103188.003681683 1106842.568759192 1110497.133836701


