# Created by Octave 4.0.0, Wed May 11 16:25:44 2016 CEST <peter@Independence>
# name: y
# type: matrix
# rows: 100
# columns: 1
 422901.8579379701
 420328.0835953717
 417956.0604227969
 415787.584633754
 413824.3429474824
 412067.9108077227
 410519.7506941513
 409181.2105287136
 408053.5221789723
 407137.8000604937
 406435.0398401804
 405946.1172423339
 405671.786959141
 405612.6816671272
 405769.3111510284
 406142.0615363827
 406731.1946320459
 407536.8473836779
 408559.0314391393
 409797.6328265996
 411252.4117460209
 412923.002474553
 414808.9133862421
 416909.5270863111
 419224.1006601435
 421751.7660369597
 424491.5304680339
 427442.2771191744
 430602.765777039
 433971.6336687287
 437547.3963939621
 441328.4489690012
 445313.0669813593
 449499.4078541873
 453885.5122191121
 458469.3053961518
 463248.59897922
 468221.0925255909
 473384.3753475794
 478735.9284045626
 484273.1262933417
 489993.2393347418
 495893.4357542135
 501970.7839540897
 508222.2548750535
 514644.724444249
 521234.9761073738
 527989.7034419902
 534905.5128491907
 541978.9263206671
 549206.384278141
 556584.2484820227
 564108.8050060996
 571776.2672749645
 579582.7791608251
 587524.4181362798
 595597.1984795651
 603797.0745287362
 612119.9439811802
 620561.6512348186
 629117.9907673082
 637784.7105495118
 646557.5154894835
 655432.0709031699
 664404.0060080253
 673468.9174356993
 682622.3727599655
 691859.9140360304
 701177.0613473749
 710569.316356275
 720032.165854163
 729561.0853079936
 739151.5423988109
 748799.0005487241
 758498.9224325353
 768246.7734702894
 778038.0252970654
 787868.1592063621
 797732.6695634794
 807627.0671853578
 817546.8826833896
 827487.6697657747
 837445.0084960711
 847414.5085046465
 857391.8121498304
 867372.5976256263
 877352.5820129374
 887327.5242713522
 897293.2281686083
 907245.5451449655
 917180.3771098081
 927093.679167895
 936981.4622727878
 946839.7958050863
 956664.8100732141
 966452.6987346087
 976199.7211352839
 985902.2045658472
 995556.5464321793
 1005159.216339094


