# Created by Octave 4.0.0, Wed May 11 16:25:44 2016 CEST <peter@Independence>
# name: y
# type: matrix
# rows: 100
# columns: 1
 518228.636489201
 525160.9673492594
 531813.2429175706
 538191.2375300472
 544300.7255226013
 550147.4812311452
 555737.2789915914
 561075.893139852
 566169.0980118394
 571022.667943466
 575642.3772706441
 580034.0003292859
 584203.3114553036
 588156.0849846099
 591898.0952531166
 595435.1165967365
 598772.9233513814
 601917.2898529642
 604873.9904373968
 607648.7994405916
 610247.491198461
 612675.8400469171
 614939.6203218726
 617044.6063592394
 618996.5724949299
 620801.2930648567
 622464.5424049317
 623992.0948510675
 625389.7247391763
 626663.2064051705
 627818.3141849622
 628860.8224144639
 629796.5054295878
 630631.1375662463
 631370.4931603519
 632020.3465478164
 632586.4720645526
 633074.6440464724
 633490.6368294884
 633840.224749513
 634129.1821424582
 634363.2833442363
 634548.30269076
 634690.0145179413
 634794.1931616925
 634866.6129579261
 634913.0482425543
 634939.2733514893
 634951.0626206435
 634954.1903859295
 634954.4309832591
 634957.558748545
 634969.3480176993
 634995.5731266344
 635042.0084112625
 635114.4282074961
 635218.6068512474
 635360.3186784287
 635545.3380249522
 635779.4392267305
 636068.3966196757
 636417.9845397002
 636833.9773227163
 637322.1493046361
 637888.2748213722
 638538.1282088368
 639277.4838029422
 640112.1159396007
 641047.7989547247
 642090.3071842263
 643245.4149640182
 644518.8966300122
 645916.5265181211
 647444.0789642569
 649107.328304332
 650912.0488742586
 652864.0150099492
 654969.001047316
 657232.7813222714
 659661.1301707276
 662259.8219285971
 665034.6309317918
 667991.3315162244
 671135.6980178071
 674473.5047724522
 678010.526116072
 681752.5363845788
 685705.309913885
 689874.6210399028
 694266.2440985446
 698885.9534257225
 703739.5233573491
 708832.7282293366
 714171.3423775972
 719761.1401380433
 725607.8958465873
 731717.3838391415
 738095.3784516179
 744747.6540199291
 751679.9848799875


