# Created by Octave 4.0.0, Wed May 11 16:25:44 2016 CEST <peter@Independence>
# name: y
# type: matrix
# rows: 100
# columns: 1
 855200.9691291706
 856577.2662038492
 857953.5632785278
 859329.8603532065
 860706.1574278855
 862082.4545025644
 863458.751577243
 864835.0486519219
 866211.3457266006
 867587.6428012796
 868963.9398759581
 870340.2369506371
 871716.5340253158
 873092.8310999947
 874469.1281746734
 875845.4252493521
 877221.7223240311
 878598.0193987099
 879974.3164733887
 881350.6135480674
 882726.9106227462
 884103.2076974249
 885479.5047721037
 886855.8018467826
 888232.0989214614
 889608.3959961401
 890984.6930708189
 892360.9901454977
 893737.2872201765
 895113.5842948554
 896489.8813695342
 897866.1784442129
 899242.4755188916
 900618.7725935705
 901995.0696682492
 903371.366742928
 904747.6638176069
 906123.9608922857
 907500.2579669644
 908876.5550416432
 910252.852116322
 911629.1491910008
 913005.4462656797
 914381.7433403584
 915758.0404150372
 917134.337489716
 918510.6345643948
 919886.9316390735
 921263.2287137524
 922639.5257884312
 924015.82286311
 925392.1199377887
 926768.4170124675
 928144.7140871463
 929521.0111618252
 930897.308236504
 932273.6053111827
 933649.9023858615
 935026.1994605403
 936402.496535219
 937778.7936098978
 939155.0906845767
 940531.3877592555
 941907.6848339342
 943283.981908613
 944660.2789832919
 946036.5760579706
 947412.8731326495
 948789.1702073283
 950165.467282007
 951541.7643566858
 952918.0614313646
 954294.3585060434
 955670.6555807221
 957046.9526554008
 958423.2497300798
 959799.5468047585
 961175.8438794373
 962552.1409541161
 963928.4380287949
 965304.7351034738
 966681.0321781525
 968057.3292528312
 969433.62632751
 970809.923402189
 972186.2204768677
 973562.5175515466
 974938.8146262252
 976315.111700904
 977691.4087755829
 979067.7058502617
 980444.0029249404
 981820.2999996193
 983196.5970742982
 984572.8941489769
 985949.1912236556
 987325.4882983345
 988701.7853730134
 990078.0824476919
 991454.3795223705


