# Created by Octave 4.0.0, Wed May 11 14:03:13 2016 CEST <peter@Independence>
# name: y
# type: matrix
# rows: 1
# columns: 100
 38202.77503310477 38222.16132365802 38241.54761421126 38260.9339047645 38280.32019531775 38299.70648587099 38319.09277642424 38338.47906697748 38357.86535753073 38377.25164808397 38396.63793863721 38416.02422919046 38435.4105197437 38454.79681029695 38474.18310085019 38493.56939140343 38512.95568195668 38532.34197250992 38551.72826306317 38571.11455361641 38590.50084416966 38609.8871347229 38629.27342527614 38648.65971582939 38668.04600638263 38687.43229693588 38706.81858748912 38726.20487804236 38745.59116859561 38764.97745914885 38784.3637497021 38803.75004025534 38823.13633080859 38842.52262136183 38861.90891191507 38881.29520246832 38900.68149302156 38920.0677835748 38939.45407412804 38958.84036468129 38978.22665523453 38997.61294578778 39016.99923634102 39036.38552689426 39055.77181744751 39075.15810800075 39094.544398554 39113.93068910724 39133.31697966049 39152.70327021373 39172.08956076697 39191.47585132022 39210.86214187346 39230.24843242671 39249.63472297995 39269.02101353319 39288.40730408644 39307.79359463968 39327.17988519293 39346.56617574617 39365.95246629942 39385.33875685266 39404.7250474059 39424.11133795915 39443.49762851239 39462.88391906564 39482.27020961888 39501.65650017212 39521.04279072537 39540.42908127861 39559.81537183186 39579.2016623851 39598.58795293835 39617.97424349159 39637.36053404483 39656.74682459808 39676.13311515132 39695.51940570457 39714.90569625781 39734.29198681105 39753.6782773643 39773.06456791754 39792.45085847079 39811.83714902403 39831.22343957727 39850.60973013051 39869.99602068376 39889.382311237 39908.76860179025 39928.15489234349 39947.54118289673 39966.92747344998 39986.31376400322 40005.70005455647 40025.08634510971 40044.47263566295 40063.8589262162 40083.24521676944 40102.63150732269 40122.01779787593


