# Created by Octave 4.0.0, Wed May 11 14:03:13 2016 CEST <peter@Independence>
# name: y
# type: matrix
# rows: 100
# columns: 1
 39411.20929301684
 39418.68812408973
 39426.16695516261
 39433.6457862355
 39441.1246173084
 39448.60344838128
 39456.08227945417
 39463.56111052707
 39471.03994159996
 39478.51877267285
 39485.99760374574
 39493.47643481863
 39500.95526589151
 39508.43409696441
 39515.9129280373
 39523.39175911019
 39530.87059018308
 39538.34942125597
 39545.82825232886
 39553.30708340175
 39560.78591447464
 39568.26474554753
 39575.74357662042
 39583.22240769331
 39590.7012387662
 39598.18006983909
 39605.65890091199
 39613.13773198487
 39620.61656305777
 39628.09539413065
 39635.57422520354
 39643.05305627643
 39650.53188734932
 39658.01071842221
 39665.48954949511
 39672.968380568
 39680.44721164089
 39687.92604271378
 39695.40487378667
 39702.88370485956
 39710.36253593245
 39717.84136700534
 39725.32019807823
 39732.79902915112
 39740.27786022401
 39747.7566912969
 39755.23552236979
 39762.71435344268
 39770.19318451557
 39777.67201558846
 39785.15084666135
 39792.62967773424
 39800.10850880713
 39807.58733988002
 39815.06617095291
 39822.5450020258
 39830.02383309869
 39837.50266417158
 39844.98149524447
 39852.46032631736
 39859.93915739025
 39867.41798846314
 39874.89681953604
 39882.37565060893
 39889.85448168182
 39897.33331275471
 39904.8121438276
 39912.29097490049
 39919.76980597337
 39927.24863704626
 39934.72746811916
 39942.20629919205
 39949.68513026494
 39957.16396133783
 39964.64279241072
 39972.12162348361
 39979.6004545565
 39987.07928562939
 39994.55811670228
 40002.03694777517
 40009.51577884806
 40016.99460992095
 40024.47344099384
 40031.95227206673
 40039.43110313962
 40046.90993421251
 40054.3887652854
 40061.86759635829
 40069.34642743118
 40076.82525850408
 40084.30408957697
 40091.78292064986
 40099.26175172274
 40106.74058279564
 40114.21941386852
 40121.69824494141
 40129.1770760143
 40136.6559070872
 40144.13473816009
 40151.61356923298


