# Created by Octave 4.0.0, Wed May 11 14:03:13 2016 CEST <peter@Independence>
# name: y
# type: matrix
# rows: 100
# columns: 1
 38815.22496498537
 38752.10009244566
 38689.2373521935
 38626.65934448321
 38564.38876945622
 38502.44841504828
 38440.86114473004
 38379.64988508841
 38318.8376132563
 38258.44734419826
 38198.50211786006
 38139.02498618999
 38080.03900004007
 38021.56719595528
 37963.63258285938
 37906.25812864559
 37849.4667466808
 37793.28128223215
 37737.7244988246
 37682.81906453869
 37628.5875382574
 37575.05235587135
 37522.23581645168
 37470.16006839983
 37418.84709558403
 37368.3187034718
 37318.59650526826
 37269.70190807014
 37221.65609904524
 37174.48003164736
 37128.19441187669
 37082.81968459603
 37038.37601991261
 36994.88329963633
 36952.36110382426
 36910.82869742221
 36870.30501701365
 36830.80865768647
 36792.35786002831
 36754.97049726108
 36718.66406252501
 36683.45565632344
 36649.36197413858
 36616.39929422937
 36584.58346562172
 36553.92989630245
 36524.45354162709
 36496.16889295268
 36469.08996650606
 36443.23029249835
 36418.60290449625
 36395.22032906071
 36373.09457566356
 36352.23712689222
 36332.65892895337
 36314.37038248516
 36297.38133368857
 36281.70106578778
 36267.33829082926
 36254.30114182948
 36242.59716528069
 36232.23331402415
 36223.21594049994
 36215.5507903824
 36209.24299660978
 36204.29707381679
 36200.71691317818
 36198.50577767126
 36197.66629776519
 36198.20046754447
 36200.10964127335
 36203.39453040848
 36208.05520106556
 36214.09107194666
 36221.50091273332
 36230.28284295102
 36240.43433130986
 36251.9521955257
 36264.83260262605
 36279.07106974393
 36294.66246540315
 36311.60101129735
 36329.88028456501
 36349.4932205622
 36370.43211613387
 36392.68863338469
 36416.25380394911
 36441.11803376037
 36467.27110831744
 36494.70219844812
 36523.39986656644
 36553.35207342127
 36584.54618533309
 36616.968981915
 36650.60666427336
 36685.44486368314
 36721.46865073223
 36758.66254492851
 36797.0105247629
 36836.49603822083


