# Created by Octave 4.0.0, Wed May 11 14:03:13 2016 CEST <peter@Independence>
# name: y
# type: matrix
# rows: 100
# columns: 1
 38105.43622877975
 38103.67619282072
 38101.98200545039
 38100.35241123114
 38098.7861547253
 38097.28198049522
 38095.83863310327
 38094.4548571118
 38093.12939708315
 38091.86099757968
 38090.64840316374
 38089.49035839769
 38088.38560784388
 38087.33289606466
 38086.33096762239
 38085.3785670794
 38084.47443899807
 38083.61732794074
 38082.80597846976
 38082.0391351475
 38081.31554253629
 38080.63394519849
 38079.99308769646
 38079.39171459254
 38078.82857044911
 38078.30239982848
 38077.81194729305
 38077.35595740513
 38076.9331747271
 38076.5423438213
 38076.1822092501
 38075.85151557582
 38075.54900736085
 38075.27342916752
 38075.02352555818
 38074.79804109519
 38074.59572034091
 38074.41530785769
 38074.25554820788
 38074.11518595382
 38073.99296565788
 38073.8876318824
 38073.79792918976
 38073.72260214228
 38073.66039530232
 38073.61005323224
 38073.57032049439
 38073.53994165113
 38073.5176612648
 38073.50222389776
 38073.49237411236
 38073.48685647096
 38073.4844155359
 38073.48379586955
 38073.48374203424
 38073.48299859234
 38073.4803101062
 38073.47442113817
 38073.4640762506
 38073.44802000585
 38073.42499696626
 38073.3937516942
 38073.35302875201
 38073.30157270205
 38073.23812810667
 38073.16143952822
 38073.07025152905
 38072.96330867153
 38072.83935551799
 38072.69713663079
 38072.5353965723
 38072.35287990484
 38072.14833119079
 38071.9204949925
 38071.66811587231
 38071.38993839258
 38071.08470711567
 38070.75116660391
 38070.38806141968
 38069.99413612531
 38069.56813528317
 38069.10880345561
 38068.61488520497
 38068.08512509362
 38067.5182676839
 38066.91305753816
 38066.26823921876
 38065.58255728806
 38064.85475630839
 38064.08358084213
 38063.26777545162
 38062.40608469921
 38061.49725314725
 38060.54002535811
 38059.53314589412
 38058.47535931765
 38057.36541019105
 38056.20204307666
 38054.98400253685
 38053.71003313396


