# Created by Octave 3.8.2, Wed May 18 17:58:27 2016 CEST <Andrea@Andreas-MacBook-Pro.local>
# name: x
# type: matrix
# rows: 1
# columns: 100
 0.008333333333333333 0.008417508417508417 0.008501683501683501 0.008585858585858586 0.00867003367003367 0.008754208754208754 0.008838383838383838 0.008922558922558922 0.009006734006734006 0.00909090909090909 0.009175084175084176 0.009259259259259259 0.009343434343434345 0.009427609427609427 0.009511784511784511 0.009595959595959595 0.009680134680134679 0.009764309764309764 0.009848484848484849 0.009932659932659932 0.01001683501683502 0.0101010101010101 0.01018518518518519 0.01026936026936027 0.01035353535353535 0.01043771043771044 0.01052188552188552 0.01060606060606061 0.01069023569023569 0.01077441077441077 0.01085858585858586 0.01094276094276094 0.01102693602693603 0.01111111111111111 0.0111952861952862 0.01127946127946128 0.01136363636363636 0.01144781144781145 0.01153198653198653 0.01161616161616162 0.0117003367003367 0.01178451178451178 0.01186868686868687 0.01195286195286195 0.01203703703703704 0.01212121212121212 0.01220538720538721 0.01228956228956229 0.01237373737373737 0.01245791245791246 0.01254208754208754 0.01262626262626263 0.01271043771043771 0.01279461279461279 0.01287878787878788 0.01296296296296296 0.01304713804713805 0.01313131313131313 0.01321548821548822 0.0132996632996633 0.01338383838383838 0.01346801346801347 0.01355218855218855 0.01363636363636364 0.01372053872053872 0.0138047138047138 0.01388888888888889 0.01397306397306397 0.01405723905723906 0.01414141414141414 0.01422558922558922 0.01430976430976431 0.01439393939393939 0.01447811447811448 0.01456228956228956 0.01464646464646465 0.01473063973063973 0.01481481481481482 0.0148989898989899 0.01498316498316498 0.01506734006734007 0.01515151515151515 0.01523569023569023 0.01531986531986532 0.0154040404040404 0.01548821548821549 0.01557239057239057 0.01565656565656566 0.01574074074074074 0.01582491582491583 0.01590909090909091 0.01599326599326599 0.01607744107744108 0.01616161616161616 0.01624579124579124 0.01632996632996633 0.01641414141414142 0.0164983164983165 0.01658249158249158 0.01666666666666667


# name: y
# type: matrix
# rows: 100
# columns: 1
 212432.3194335441
 211270.513833541
 210199.2714497204
 209222.6482586627
 208344.4290960364
 207568.1088480712
 206896.8754116957
 206333.5945771251
 205880.7969719535
 205540.667189372
 205315.035205131
 205205.370168434
 205212.7766312549
 205337.9932588009
 205581.3940411861
 205942.9920030681
 206422.4453842364
 207019.0662402032
 207731.8313879257
 208559.395598204
 209500.1069132484
 210552.0239456928
 211712.9349941851
 212980.3787908598
 214351.6666777513
 215823.9059927543
 217394.0244313084
 219058.7951377772
 220814.8622706941
 222658.766778809
 224586.972120346
 226595.8896561579
 228681.9034486523
 230841.394202483
 233070.7620900987
 235366.4482152876
 237724.9544808137
 240142.8616420267
 242616.8453468207
 245143.689983391
 247720.3001806801
 250343.7098320374
 253011.0885401683
 255719.7454106704
 258467.1301520367
 261250.8314716319
 264068.5727894838
 266918.2053244082
 269797.6986396461
 272705.1287674415
 275638.6640634581
 278596.5489722179
 281577.0859134829
 284578.6155262952
 287599.4955319049
 290638.078498678
 293692.6888109925
 296761.5991597869
 299843.0068845709
 302935.0105051053
 306035.5867854363
 309142.5686733646
 312253.6244546635
 315366.2384533752
 318477.6935973135
 321585.056151552
 324685.1629022784
 327774.6110491208
 330849.7510361195
 333906.6825201983
 336941.253641605
 339949.0637237163
 342925.4694902407
 345865.5948466758
 348764.3442303493
 351616.4194900343
 354416.3402125008
 357158.4673700095
 359837.0301202314
 362446.1555489424
 364979.9011066583
 367432.2894536668
 369797.345394208
 372069.1345503077
 374241.8033994489
 376309.6202782363
 378267.0169368327
 380108.6302164753
 381829.3434150548
 383424.3269036796
 384889.0775604366
 386219.4565961948
 387411.7253611932
 388462.5787401655
 389369.1757676484
 390129.1671236037
 390740.7192021986
 391202.5344830994
 391513.8679744739
 391674.5395395338


# name: QUERY
# type: sq_string
# elements: 1
# length: 2
R1


# name: DATASIZE
# type: sq_string
# elements: 1
# length: 3
750


