# Created by Octave 4.0.0, Mon May 23 13:35:59 2016 CEST <peter@Independence>
# name: x
# type: matrix
# rows: 1
# columns: 100
 0.008333333333333333 0.008417508417508417 0.008501683501683501 0.008585858585858586 0.00867003367003367 0.008754208754208754 0.008838383838383838 0.008922558922558922 0.009006734006734006 0.00909090909090909 0.009175084175084175 0.009259259259259259 0.009343434343434343 0.009427609427609427 0.009511784511784511 0.009595959595959595 0.009680134680134679 0.009764309764309764 0.009848484848484849 0.009932659932659932 0.01001683501683502 0.0101010101010101 0.01018518518518518 0.01026936026936027 0.01035353535353535 0.01043771043771044 0.01052188552188552 0.0106060606060606 0.01069023569023569 0.01077441077441077 0.01085858585858586 0.01094276094276094 0.01102693602693603 0.01111111111111111 0.0111952861952862 0.01127946127946128 0.01136363636363636 0.01144781144781145 0.01153198653198653 0.01161616161616162 0.0117003367003367 0.01178451178451178 0.01186868686868687 0.01195286195286195 0.01203703703703704 0.01212121212121212 0.01220538720538721 0.01228956228956229 0.01237373737373737 0.01245791245791246 0.01254208754208754 0.01262626262626263 0.01271043771043771 0.01279461279461279 0.01287878787878788 0.01296296296296296 0.01304713804713805 0.01313131313131313 0.01321548821548822 0.0132996632996633 0.01338383838383838 0.01346801346801347 0.01355218855218855 0.01363636363636364 0.01372053872053872 0.0138047138047138 0.01388888888888889 0.01397306397306397 0.01405723905723906 0.01414141414141414 0.01422558922558922 0.01430976430976431 0.01439393939393939 0.01447811447811448 0.01456228956228956 0.01464646464646465 0.01473063973063973 0.01481481481481481 0.0148989898989899 0.01498316498316498 0.01506734006734007 0.01515151515151515 0.01523569023569023 0.01531986531986532 0.0154040404040404 0.01548821548821549 0.01557239057239057 0.01565656565656566 0.01574074074074074 0.01582491582491583 0.01590909090909091 0.01599326599326599 0.01607744107744108 0.01616161616161616 0.01624579124579124 0.01632996632996633 0.01641414141414141 0.0164983164983165 0.01658249158249158 0.01666666666666667


# name: y
# type: matrix
# rows: 100
# columns: 1
 214437.1340756702
 214619.7272358228
 214896.6743966056
 215265.424305931
 215723.0129381542
 216266.0918483614
 216890.960165904
 217593.5999324914
 218369.7144503468
 219214.7692698117
 220124.035413836
 221092.6344094597
 222115.5846740424
 223187.8487869199
 224304.3811656023
 225460.1756596967
 226650.3125755224
 227870.004649861
 229114.6415023463
 230379.8321124866
 231661.4448889628
 232955.6449253489
 234258.9280673722
 235568.1514518327
 236880.5602158465
 238193.810116645
 239505.9858461804
 240815.6148707034
 242121.6766726706
 243423.6073202378
 244721.2993376037
 246015.096897011
 247305.7863997511
 248594.5825585305
 249883.1101365611
 251173.3815393102
 252467.770492584
 253768.9820752087
 255080.0194057186
 256404.1473099517
 257744.8533201216
 259105.8063756659
 260490.8136119259
 261903.7756344706
 263348.6406847038
 264829.3581063675
 266349.8315228097
 267913.8721315943
 269525.1525163766
 271187.1613661821
 272903.1594795336
 274676.1374155252
 276508.7751361969
 278403.4039646741
 280361.9711617563
 282386.0074002194
 284476.5973912666
 286634.3538915551
 288859.395292249
 291151.3269637894
 293509.2265017218
 295931.6329901307
 298416.5403701545
 300961.3949718207
 303563.0972381787
 306218.0076415241
 308921.9567625095
 311670.2594742294
 314457.7331450419
 317278.7197460632
 320127.1117220298
 322996.3814576951
 325879.6141462263
 328769.5438413188
 331658.5924510959
 334538.9114094544
 337402.4257395227
 340240.880204472
 343045.8872232566
 345808.9762131291
 348521.6440071686
 351175.4059837619
 353761.8475361696
 356272.6755041599
 358699.7691863642
 361035.2305516456
 363271.4332704862
 365401.0701932927
 367417.198911652
 369313.2850509722
 371083.242958603
 372721.47347041
 374222.8984607771
 375582.9919059999
 376797.807218844
 377864.0006424424
 378778.8505244454
 379540.2723271111
 380146.8292654959
 380597.7385037128


# name: QUERY
# type: sq_string
# elements: 1
# length: 2
R1


# name: DATASIZE
# type: sq_string
# elements: 1
# length: 3
750


