# Created by Octave 4.0.0, Mon May 23 13:35:59 2016 CEST <peter@Independence>
# name: x
# type: matrix
# rows: 1
# columns: 100
 0.008333333333333333 0.008417508417508417 0.008501683501683501 0.008585858585858586 0.00867003367003367 0.008754208754208754 0.008838383838383838 0.008922558922558922 0.009006734006734006 0.00909090909090909 0.009175084175084175 0.009259259259259259 0.009343434343434343 0.009427609427609427 0.009511784511784511 0.009595959595959595 0.009680134680134679 0.009764309764309764 0.009848484848484849 0.009932659932659932 0.01001683501683502 0.0101010101010101 0.01018518518518518 0.01026936026936027 0.01035353535353535 0.01043771043771044 0.01052188552188552 0.0106060606060606 0.01069023569023569 0.01077441077441077 0.01085858585858586 0.01094276094276094 0.01102693602693603 0.01111111111111111 0.0111952861952862 0.01127946127946128 0.01136363636363636 0.01144781144781145 0.01153198653198653 0.01161616161616162 0.0117003367003367 0.01178451178451178 0.01186868686868687 0.01195286195286195 0.01203703703703704 0.01212121212121212 0.01220538720538721 0.01228956228956229 0.01237373737373737 0.01245791245791246 0.01254208754208754 0.01262626262626263 0.01271043771043771 0.01279461279461279 0.01287878787878788 0.01296296296296296 0.01304713804713805 0.01313131313131313 0.01321548821548822 0.0132996632996633 0.01338383838383838 0.01346801346801347 0.01355218855218855 0.01363636363636364 0.01372053872053872 0.0138047138047138 0.01388888888888889 0.01397306397306397 0.01405723905723906 0.01414141414141414 0.01422558922558922 0.01430976430976431 0.01439393939393939 0.01447811447811448 0.01456228956228956 0.01464646464646465 0.01473063973063973 0.01481481481481481 0.0148989898989899 0.01498316498316498 0.01506734006734007 0.01515151515151515 0.01523569023569023 0.01531986531986532 0.0154040404040404 0.01548821548821549 0.01557239057239057 0.01565656565656566 0.01574074074074074 0.01582491582491583 0.01590909090909091 0.01599326599326599 0.01607744107744108 0.01616161616161616 0.01624579124579124 0.01632996632996633 0.01641414141414141 0.0164983164983165 0.01658249158249158 0.01666666666666667


# name: y
# type: matrix
# rows: 1
# columns: 100
 186615.262066216 188375.3928574829 190135.5236487499 191895.6544400168 193655.7852312837 195415.9160225507 197176.0468138176 198936.1776050846 200696.3083963515 202456.4391876184 204216.5699788854 205976.7007701523 207736.8315614192 209496.9623526862 211257.0931439531 213017.2239352201 214777.354726487 216537.485517754 218297.6163090209 220057.7471002878 221817.8778915548 223578.0086828217 225338.1394740886 227098.2702653556 228858.4010566225 230618.5318478895 232378.6626391564 234138.7934304234 235898.9242216903 237659.0550129573 239419.1858042242 241179.3165954911 242939.4473867581 244699.578178025 246459.7089692919 248219.8397605589 249979.9705518258 251740.1013430928 253500.2321343597 255260.3629256267 257020.4937168936 258780.6245081605 260540.7552994275 262300.8860906944 264061.0168819613 265821.1476732283 267581.2784644952 269341.4092557622 271101.5400470291 272861.6708382961 274621.801629563 276381.93242083 278142.0632120969 279902.1940033638 281662.3247946308 283422.4555858977 285182.5863771646 286942.7171684316 288702.8479596985 290462.9787509654 292223.1095422324 293983.2403334993 295743.3711247663 297503.5019160332 299263.6327073001 301023.7634985671 302783.894289834 304544.025081101 306304.1558723679 308064.2866636349 309824.4174549018 311584.5482461688 313344.6790374357 315104.8098287026 316864.9406199696 318625.0714112365 320385.2022025035 322145.3329937704 323905.4637850373 325665.5945763043 327425.7253675712 329185.8561588381 330945.9869501051 332706.117741372 334466.248532639 336226.3793239059 337986.5101151728 339746.6409064398 341506.7716977067 343266.9024889737 345027.0332802406 346787.1640715076 348547.2948627745 350307.4256540415 352067.5564453084 353827.6872365753 355587.8180278423 357347.9488191092 359108.0796103762 360868.2104016431


# name: QUERY
# type: sq_string
# elements: 1
# length: 2
R1


# name: DATASIZE
# type: sq_string
# elements: 1
# length: 3
750


