# Created by Octave 3.8.2, Wed May 18 17:58:27 2016 CEST <Andrea@Andreas-MacBook-Pro.local>
# name: x
# type: matrix
# rows: 1
# columns: 100
 0.008333333333333333 0.008417508417508417 0.008501683501683501 0.008585858585858586 0.00867003367003367 0.008754208754208754 0.008838383838383838 0.008922558922558922 0.009006734006734006 0.00909090909090909 0.009175084175084176 0.009259259259259259 0.009343434343434345 0.009427609427609427 0.009511784511784511 0.009595959595959595 0.009680134680134679 0.009764309764309764 0.009848484848484849 0.009932659932659932 0.01001683501683502 0.0101010101010101 0.01018518518518519 0.01026936026936027 0.01035353535353535 0.01043771043771044 0.01052188552188552 0.01060606060606061 0.01069023569023569 0.01077441077441077 0.01085858585858586 0.01094276094276094 0.01102693602693603 0.01111111111111111 0.0111952861952862 0.01127946127946128 0.01136363636363636 0.01144781144781145 0.01153198653198653 0.01161616161616162 0.0117003367003367 0.01178451178451178 0.01186868686868687 0.01195286195286195 0.01203703703703704 0.01212121212121212 0.01220538720538721 0.01228956228956229 0.01237373737373737 0.01245791245791246 0.01254208754208754 0.01262626262626263 0.01271043771043771 0.01279461279461279 0.01287878787878788 0.01296296296296296 0.01304713804713805 0.01313131313131313 0.01321548821548822 0.0132996632996633 0.01338383838383838 0.01346801346801347 0.01355218855218855 0.01363636363636364 0.01372053872053872 0.0138047138047138 0.01388888888888889 0.01397306397306397 0.01405723905723906 0.01414141414141414 0.01422558922558922 0.01430976430976431 0.01439393939393939 0.01447811447811448 0.01456228956228956 0.01464646464646465 0.01473063973063973 0.01481481481481482 0.0148989898989899 0.01498316498316498 0.01506734006734007 0.01515151515151515 0.01523569023569023 0.01531986531986532 0.0154040404040404 0.01548821548821549 0.01557239057239057 0.01565656565656566 0.01574074074074074 0.01582491582491583 0.01590909090909091 0.01599326599326599 0.01607744107744108 0.01616161616161616 0.01624579124579124 0.01632996632996633 0.01641414141414142 0.0164983164983165 0.01658249158249158 0.01666666666666667


# name: y
# type: matrix
# rows: 1
# columns: 100
 175857.5507965215 177915.1439148362 179972.7370331509 182030.3301514655 184087.9232697802 186145.5163880949 188203.1095064096 190260.7026247243 192318.2957430391 194375.8888613537 196433.4819796684 198491.0750979831 200548.6682162978 202606.2613346125 204663.8544529272 206721.4475712419 208779.0406895566 210836.6338078713 212894.226926186 214951.8200445007 217009.4131628154 219067.0062811301 221124.5993994448 223182.1925177595 225239.7856360742 227297.3787543889 229354.9718727036 231412.5649910182 233470.158109333 235527.7512276476 237585.3443459623 239642.937464277 241700.5305825917 243758.1237009064 245815.7168192211 247873.3099375358 249930.9030558505 251988.4961741652 254046.0892924799 256103.6824107946 258161.2755291093 260218.868647424 262276.4617657387 264334.0548840534 266391.648002368 268449.2411206828 270506.8342389975 272564.4273573122 274622.0204756269 276679.6135939416 278737.2067122562 280794.7998305709 282852.3929488856 284909.9860672003 286967.5791855151 289025.1723038297 291082.7654221444 293140.3585404591 295197.9516587738 297255.5447770885 299313.1378954032 301370.7310137179 303428.3241320326 305485.9172503473 307543.510368662 309601.1034869767 311658.6966052914 313716.2897236061 315773.8828419208 317831.4759602355 319889.0690785502 321946.6621968648 324004.2553151796 326061.8484334943 328119.441551809 330177.0346701237 332234.6277884383 334292.220906753 336349.8140250677 338407.4071433824 340465.0002616971 342522.5933800119 344580.1864983265 346637.7796166412 348695.3727349559 350752.9658532706 352810.5589715853 354868.1520899 356925.7452082147 358983.3383265294 361040.9314448441 363098.5245631588 365156.1176814735 367213.7107997882 369271.3039181029 371328.8970364176 373386.4901547323 375444.083273047 377501.6763913616 379559.2695096764


# name: QUERY
# type: sq_string
# elements: 1
# length: 2
R1


# name: DATASIZE
# type: sq_string
# elements: 1
# length: 3
750


