# Created by Octave 3.8.2, Wed May 18 17:58:27 2016 CEST <Andrea@Andreas-MacBook-Pro.local>
# name: x
# type: matrix
# rows: 1
# columns: 100
 0.008333333333333333 0.008417508417508417 0.008501683501683501 0.008585858585858586 0.00867003367003367 0.008754208754208754 0.008838383838383838 0.008922558922558922 0.009006734006734006 0.00909090909090909 0.009175084175084176 0.009259259259259259 0.009343434343434345 0.009427609427609427 0.009511784511784511 0.009595959595959595 0.009680134680134679 0.009764309764309764 0.009848484848484849 0.009932659932659932 0.01001683501683502 0.0101010101010101 0.01018518518518519 0.01026936026936027 0.01035353535353535 0.01043771043771044 0.01052188552188552 0.01060606060606061 0.01069023569023569 0.01077441077441077 0.01085858585858586 0.01094276094276094 0.01102693602693603 0.01111111111111111 0.0111952861952862 0.01127946127946128 0.01136363636363636 0.01144781144781145 0.01153198653198653 0.01161616161616162 0.0117003367003367 0.01178451178451178 0.01186868686868687 0.01195286195286195 0.01203703703703704 0.01212121212121212 0.01220538720538721 0.01228956228956229 0.01237373737373737 0.01245791245791246 0.01254208754208754 0.01262626262626263 0.01271043771043771 0.01279461279461279 0.01287878787878788 0.01296296296296296 0.01304713804713805 0.01313131313131313 0.01321548821548822 0.0132996632996633 0.01338383838383838 0.01346801346801347 0.01355218855218855 0.01363636363636364 0.01372053872053872 0.0138047138047138 0.01388888888888889 0.01397306397306397 0.01405723905723906 0.01414141414141414 0.01422558922558922 0.01430976430976431 0.01439393939393939 0.01447811447811448 0.01456228956228956 0.01464646464646465 0.01473063973063973 0.01481481481481482 0.0148989898989899 0.01498316498316498 0.01506734006734007 0.01515151515151515 0.01523569023569023 0.01531986531986532 0.0154040404040404 0.01548821548821549 0.01557239057239057 0.01565656565656566 0.01574074074074074 0.01582491582491583 0.01590909090909091 0.01599326599326599 0.01607744107744108 0.01616161616161616 0.01624579124579124 0.01632996632996633 0.01641414141414142 0.0164983164983165 0.01658249158249158 0.01666666666666667


# name: y
# type: matrix
# rows: 100
# columns: 1
 191271.579642431
 193295.9612007255
 195320.3427590201
 197344.7243173144
 199369.1058756097
 201393.4874339043
 203417.8689921983
 205442.2505504937
 207466.6321087884
 209491.0136670825
 211515.3952253772
 213539.7767836725
 215564.1583419662
 217588.5399002616
 219612.9214585556
 221637.3030168509
 223661.6845751457
 225686.0661334399
 227710.4476917348
 229734.8292500293
 231759.2108083242
 233783.5923666186
 235807.9739249134
 237832.3554832078
 239856.7370415029
 241881.1185997975
 243905.5001580919
 245929.8817163866
 247954.2632746811
 249978.6448329759
 252003.0263912707
 254027.4079495654
 256051.7895078602
 258076.1710661547
 260100.5526244494
 262124.934182744
 264149.3157410388
 266173.6972993335
 268198.078857628
 270222.4604159227
 272246.8419742174
 274271.223532512
 276295.6050908067
 278319.9866491014
 280344.368207396
 282368.7497656906
 284393.1313239854
 286417.51288228
 288441.8944405747
 290466.2759988693
 292490.6575571641
 294515.0391154587
 296539.4206737535
 298563.8022320479
 300588.1837903428
 302612.5653486375
 304636.9469069319
 306661.3284652268
 308685.7100235214
 310710.0915818161
 312734.4731401104
 314758.8546984054
 316783.2362567002
 318807.6178149946
 320831.9993732895
 322856.3809315843
 324880.7624898785
 326905.1440481734
 328929.5256064679
 330953.9071647624
 332978.288723057
 335002.6702813521
 337027.0518396467
 339051.4333979415
 341075.8149562359
 343100.1965145303
 345124.5780728247
 347148.9596311196
 349173.3411894145
 351197.7227477096
 353222.1043060034
 355246.4858642984
 357270.8674225937
 359295.248980888
 361319.6305391828
 363344.0120974771
 365368.3936557717
 367392.775214067
 369417.1567723611
 371441.5383306555
 373465.9198889511
 375490.3014472445
 377514.6830055394
 379539.0645638345
 381563.4461221294
 383587.827680423
 385612.2092387187
 387636.5907970145
 389660.9723553083
 391685.3539136025


# name: QUERY
# type: sq_string
# elements: 1
# length: 2
R1


# name: DATASIZE
# type: sq_string
# elements: 1
# length: 3
750


