# Created by Octave 4.0.0, Mon May 23 13:35:59 2016 CEST <peter@Independence>
# name: x
# type: matrix
# rows: 1
# columns: 100
 0.008333333333333333 0.008417508417508417 0.008501683501683501 0.008585858585858586 0.00867003367003367 0.008754208754208754 0.008838383838383838 0.008922558922558922 0.009006734006734006 0.00909090909090909 0.009175084175084175 0.009259259259259259 0.009343434343434343 0.009427609427609427 0.009511784511784511 0.009595959595959595 0.009680134680134679 0.009764309764309764 0.009848484848484849 0.009932659932659932 0.01001683501683502 0.0101010101010101 0.01018518518518518 0.01026936026936027 0.01035353535353535 0.01043771043771044 0.01052188552188552 0.0106060606060606 0.01069023569023569 0.01077441077441077 0.01085858585858586 0.01094276094276094 0.01102693602693603 0.01111111111111111 0.0111952861952862 0.01127946127946128 0.01136363636363636 0.01144781144781145 0.01153198653198653 0.01161616161616162 0.0117003367003367 0.01178451178451178 0.01186868686868687 0.01195286195286195 0.01203703703703704 0.01212121212121212 0.01220538720538721 0.01228956228956229 0.01237373737373737 0.01245791245791246 0.01254208754208754 0.01262626262626263 0.01271043771043771 0.01279461279461279 0.01287878787878788 0.01296296296296296 0.01304713804713805 0.01313131313131313 0.01321548821548822 0.0132996632996633 0.01338383838383838 0.01346801346801347 0.01355218855218855 0.01363636363636364 0.01372053872053872 0.0138047138047138 0.01388888888888889 0.01397306397306397 0.01405723905723906 0.01414141414141414 0.01422558922558922 0.01430976430976431 0.01439393939393939 0.01447811447811448 0.01456228956228956 0.01464646464646465 0.01473063973063973 0.01481481481481481 0.0148989898989899 0.01498316498316498 0.01506734006734007 0.01515151515151515 0.01523569023569023 0.01531986531986532 0.0154040404040404 0.01548821548821549 0.01557239057239057 0.01565656565656566 0.01574074074074074 0.01582491582491583 0.01590909090909091 0.01599326599326599 0.01607744107744108 0.01616161616161616 0.01624579124579124 0.01632996632996633 0.01641414141414141 0.0164983164983165 0.01658249158249158 0.01666666666666667


# name: y
# type: matrix
# rows: 100
# columns: 1
 194940.4676452397
 196831.1551452386
 198721.8426452378
 200612.530145237
 202503.2176452363
 204393.9051452354
 206284.5926452345
 208175.280145234
 210065.9676452331
 211956.6551452323
 213847.3426452312
 215738.0301452307
 217628.7176452299
 219519.4051452288
 221410.0926452283
 223300.7801452272
 225191.4676452264
 227082.1551452255
 228972.8426452248
 230863.5301452237
 232754.217645223
 234644.9051452222
 236535.5926452213
 238426.2801452207
 240316.9676452199
 242207.6551452189
 244098.3426452181
 245989.0301452174
 247879.7176452166
 249770.4051452157
 251661.0926452148
 253551.7801452141
 255442.4676452132
 257333.1551452124
 259223.8426452115
 261114.5301452108
 263005.2176452099
 264895.9051452091
 266786.5926452083
 268677.2801452075
 270567.9676452066
 272458.6551452058
 274349.342645205
 276240.0301452042
 278130.7176452033
 280021.4051452025
 281912.0926452017
 283802.7801452008
 285693.4676452001
 287584.1551451992
 289474.8426451984
 291365.5301451976
 293256.2176451967
 295146.905145196
 297037.5926451951
 298928.2801451943
 300818.9676451933
 302709.6551451925
 304600.3426451918
 306491.0301451909
 308381.7176451901
 310272.4051451894
 312163.0926451886
 314053.7801451876
 315944.4676451869
 317835.1551451861
 319725.8426451852
 321616.5301451843
 323507.2176451836
 325397.9051451827
 327288.5926451822
 329179.2801451812
 331069.9676451804
 332960.6551451797
 334851.3426451785
 336742.0301451777
 338632.717645177
 340523.4051451761
 342414.0926451755
 344304.7801451745
 346195.4676451737
 348086.1551451726
 349976.8426451721
 351867.5301451708
 353758.2176451703
 355648.9051451695
 357539.5926451688
 359430.2801451676
 361320.967645167
 363211.6551451664
 365102.342645165
 366993.0301451647
 368883.7176451639
 370774.4051451628
 372665.092645162
 374555.7801451613
 376446.4676451605
 378337.15514516
 380227.8426451589
 382118.5301451581


# name: QUERY
# type: sq_string
# elements: 1
# length: 2
R1


# name: DATASIZE
# type: sq_string
# elements: 1
# length: 3
750


