# Created by Octave 4.0.0, Mon May 23 13:35:58 2016 CEST <peter@Independence>
# name: SVs
# type: cell
# rows: 1
# columns: 7
# name: <cell-element>
# type: sparse matrix
# nnz: 38
# rows: 38
# columns: 1
1 1 -0.5882317789301041
2 1 0.2063971154140747
3 1 1.530778605987705
4 1 0.2063971154140747
5 1 -1.117984375159557
6 1 0.2063971154140747
7 1 0.2063971154140747
8 1 -0.5882317789301041
9 1 -0.5882317789301041
10 1 -0.5882317789301041
11 1 -1.117984375159557
12 1 0.2063971154140747
13 1 -1.117984375159557
14 1 0.2063971154140747
15 1 -0.5882317789301041
16 1 0.2063971154140747
17 1 0.2063971154140747
18 1 -1.117984375159557
19 1 -1.117984375159557
20 1 -1.117984375159557
21 1 1.530778605987705
22 1 1.530778605987705
23 1 -0.5882317789301041
24 1 0.2063971154140747
25 1 -0.5882317789301041
26 1 -0.5882317789301041
27 1 -0.5882317789301041
28 1 1.530778605987705
29 1 1.530778605987705
30 1 -0.5882317789301041
31 1 1.530778605987705
32 1 0.2063971154140747
33 1 0.2063971154140747
34 1 1.530778605987705
35 1 1.530778605987705
36 1 0.2063971154140747
37 1 -1.117984375159557
38 1 0.2063971154140747



# name: <cell-element>
# type: sparse matrix
# nnz: 22
# rows: 22
# columns: 1
1 1 0.2063971154140747
2 1 1.530778605987705
3 1 -0.5882317789301041
4 1 -1.117984375159557
5 1 -1.117984375159557
6 1 0.2063971154140747
7 1 -0.5882317789301041
8 1 0.2063971154140747
9 1 0.2063971154140747
10 1 -1.117984375159557
11 1 -1.117984375159557
12 1 1.530778605987705
13 1 1.530778605987705
14 1 0.2063971154140747
15 1 -1.117984375159557
16 1 -0.5882317789301041
17 1 1.530778605987705
18 1 0.2063971154140747
19 1 1.530778605987705
20 1 1.530778605987705
21 1 -1.117984375159557
22 1 0.2063971154140747



# name: <cell-element>
# type: sparse matrix
# nnz: 37
# rows: 37
# columns: 1
1 1 -0.5882317789301041
2 1 0.2063971154140747
3 1 1.530778605987705
4 1 0.2063971154140747
5 1 -1.117984375159557
6 1 0.2063971154140747
7 1 0.2063971154140747
8 1 -0.5882317789301041
9 1 -0.5882317789301041
10 1 -1.117984375159557
11 1 0.2063971154140747
12 1 -1.117984375159557
13 1 0.2063971154140747
14 1 -0.5882317789301041
15 1 -0.5882317789301041
16 1 0.2063971154140747
17 1 0.2063971154140747
18 1 -1.117984375159557
19 1 -1.117984375159557
20 1 -1.117984375159557
21 1 1.530778605987705
22 1 1.530778605987705
23 1 0.2063971154140747
24 1 -0.5882317789301041
25 1 -0.5882317789301041
26 1 -0.5882317789301041
27 1 1.530778605987705
28 1 1.530778605987705
29 1 -0.5882317789301041
30 1 1.530778605987705
31 1 0.2063971154140747
32 1 0.2063971154140747
33 1 1.530778605987705
34 1 1.530778605987705
35 1 0.2063971154140747
36 1 -1.117984375159557
37 1 0.2063971154140747



# name: <cell-element>
# type: sparse matrix
# nnz: 42
# rows: 42
# columns: 1
1 1 -0.5882317789301041
2 1 1.530778605987705
3 1 -0.5882317789301041
4 1 0.2063971154140747
5 1 1.530778605987705
6 1 0.2063971154140747
7 1 -1.117984375159557
8 1 0.2063971154140747
9 1 -0.5882317789301041
10 1 -0.5882317789301041
11 1 -0.5882317789301041
12 1 -1.117984375159557
13 1 0.2063971154140747
14 1 -1.117984375159557
15 1 0.2063971154140747
16 1 -0.5882317789301041
17 1 0.2063971154140747
18 1 0.2063971154140747
19 1 -1.117984375159557
20 1 -1.117984375159557
21 1 -1.117984375159557
22 1 1.530778605987705
23 1 1.530778605987705
24 1 0.2063971154140747
25 1 -1.117984375159557
26 1 -0.5882317789301041
27 1 0.2063971154140747
28 1 -0.5882317789301041
29 1 -0.5882317789301041
30 1 -0.5882317789301041
31 1 1.530778605987705
32 1 1.530778605987705
33 1 -0.5882317789301041
34 1 1.530778605987705
35 1 0.2063971154140747
36 1 0.2063971154140747
37 1 1.530778605987705
38 1 1.530778605987705
39 1 0.2063971154140747
40 1 -1.117984375159557
41 1 0.2063971154140747
42 1 -0.5882317789301041



# name: <cell-element>
# type: sparse matrix
# nnz: 40
# rows: 40
# columns: 1
1 1 -0.5882317789301041
2 1 -0.5882317789301041
3 1 0.2063971154140747
4 1 1.530778605987705
5 1 0.2063971154140747
6 1 -1.117984375159557
7 1 0.2063971154140747
8 1 -0.5882317789301041
9 1 -0.5882317789301041
10 1 -0.5882317789301041
11 1 -1.117984375159557
12 1 0.2063971154140747
13 1 -1.117984375159557
14 1 0.2063971154140747
15 1 -0.5882317789301041
16 1 0.2063971154140747
17 1 0.2063971154140747
18 1 -1.117984375159557
19 1 -1.117984375159557
20 1 1.530778605987705
21 1 1.530778605987705
22 1 0.2063971154140747
23 1 -1.117984375159557
24 1 -0.5882317789301041
25 1 0.2063971154140747
26 1 -0.5882317789301041
27 1 -0.5882317789301041
28 1 -0.5882317789301041
29 1 1.530778605987705
30 1 1.530778605987705
31 1 -0.5882317789301041
32 1 1.530778605987705
33 1 0.2063971154140747
34 1 0.2063971154140747
35 1 1.530778605987705
36 1 1.530778605987705
37 1 0.2063971154140747
38 1 -1.117984375159557
39 1 0.2063971154140747
40 1 -0.5882317789301041



# name: <cell-element>
# type: sparse matrix
# nnz: 40
# rows: 40
# columns: 1
1 1 -0.5882317789301041
2 1 1.530778605987705
3 1 0.2063971154140747
4 1 1.530778605987705
5 1 0.2063971154140747
6 1 -1.117984375159557
7 1 0.2063971154140747
8 1 0.2063971154140747
9 1 -0.5882317789301041
10 1 -0.5882317789301041
11 1 -0.5882317789301041
12 1 -1.117984375159557
13 1 -1.117984375159557
14 1 0.2063971154140747
15 1 -0.5882317789301041
16 1 0.2063971154140747
17 1 0.2063971154140747
18 1 -1.117984375159557
19 1 -1.117984375159557
20 1 -1.117984375159557
21 1 1.530778605987705
22 1 1.530778605987705
23 1 0.2063971154140747
24 1 -1.117984375159557
25 1 -0.5882317789301041
26 1 0.2063971154140747
27 1 -0.5882317789301041
28 1 -0.5882317789301041
29 1 -0.5882317789301041
30 1 1.530778605987705
31 1 1.530778605987705
32 1 -0.5882317789301041
33 1 1.530778605987705
34 1 0.2063971154140747
35 1 0.2063971154140747
36 1 1.530778605987705
37 1 1.530778605987705
38 1 0.2063971154140747
39 1 0.2063971154140747
40 1 -0.5882317789301041



# name: <cell-element>
# type: scalar
0





# name: coefficients
# type: cell
# rows: 1
# columns: 7
# name: <cell-element>
# type: matrix
# rows: 38
# columns: 1
 -2.6789
 2.6789
 2.6789
 -2.6789
 2.6789
 -2.6789
 -2.6789
 2.6789
 -2.6789
 2.6789
 -2.6789
 -2.6789
 -2.6789
 2.6789
 -2.6789
 2.6789
 2.6789
 2.6789
 -1.63794338454612
 2.6789
 2.6789
 1.63794338454612
 2.6789
 -2.6789
 -2.6789
 2.6789
 -2.6789
 -2.6789
 -2.6789
 2.6789
 2.6789
 2.6789
 -2.6789
 2.6789
 -2.6789
 -2.6789
 2.6789
 -2.6789



# name: <cell-element>
# type: matrix
# rows: 22
# columns: 1
 0.6157899999999999
 0.6157899999999999
 -0.6157899999999999
 -0.6157899999999999
 -0.6157899999999999
 0.6157899999999999
 -0.6157899999999999
 0.6157899999999999
 0.6157899999999999
 -0.6157899999999999
 -0.6157899999999999
 0.6157899999999999
 0.5870370278038841
 0.6157899999999999
 -0.6157899999999999
 -0.6157899999999999
 0.6157899999999999
 0.6157899999999999
 0.6157899999999999
 -0.6157899999999999
 -0.6157899999999999
 -0.5870370278038841



# name: <cell-element>
# type: matrix
# rows: 37
# columns: 1
 -0.1
 0.1
 0.1
 -0.1
 0.1
 -0.1
 -0.1
 -0.1
 0.1
 -0.1
 0.1
 -0.1
 0.1
 -0.1
 -0.1
 0.1
 0.1
 0.1
 -0.1
 0.1
 0.1
 0.03577710655495259
 0.1
 0.0642228934450474
 -0.1
 -0.1
 -0.1
 -0.1
 0.1
 0.1
 0.1
 -0.1
 0.1
 -0.1
 -0.1
 0.1
 -0.1



# name: <cell-element>
# type: matrix
# rows: 42
# columns: 1
 -5
 1.213736936679099
 5
 5
 5
 -5
 -5
 -5
 5
 -5
 5
 -5
 5
 -5
 5
 -5
 5
 5
 -5
 -5
 -5
 5
 5
 5
 -5
 5
 5
 -5
 5
 -5
 -5
 -5
 5
 5
 5
 -5
 5
 -5
 -1.213736936679098
 -5
 -5
 5



# name: <cell-element>
# type: matrix
# rows: 40
# columns: 1
 -0.1
 0.1
 0.1
 0.1
 -0.1
 -0.1
 -0.1
 0.1
 -0.1
 0.1
 -0.1
 0.1
 -0.1
 0.1
 -0.1
 0.1
 0.1
 -0.1
 -0.1
 0.1
 0.01613482345419093
 0.1
 -0.1
 0.1
 0.1
 -0.1
 0.1
 -0.1
 -0.1
 -0.1
 0.1
 0.1
 0.1
 -0.1
 0.1
 -0.1
 -0.01613482345419094
 -0.1
 -0.1
 0.1



