# Created by Octave 3.8.2, Wed May 18 17:58:27 2016 CEST <Andrea@Andreas-MacBook-Pro.local>
# name: SVs
# type: cell
# rows: 1
# columns: 7
# name: <cell-element>
# type: sparse matrix
# nnz: 39
# rows: 39
# columns: 1
1 1 -1.108039977164238
2 1 0.2286431698910354
3 1 1.565326316946308
4 1 0.2286431698910354
5 1 -0.5733667183421287
6 1 1.565326316946308
7 1 -0.5733667183421287
8 1 -1.108039977164238
9 1 -1.108039977164238
10 1 -0.5733667183421287
11 1 0.2286431698910354
12 1 -0.5733667183421287
13 1 -0.5733667183421287
14 1 0.2286431698910354
15 1 -1.108039977164238
16 1 -1.108039977164238
17 1 1.565326316946308
18 1 1.565326316946308
19 1 -0.5733667183421287
20 1 -0.5733667183421287
21 1 1.565326316946308
22 1 1.565326316946308
23 1 0.2286431698910354
24 1 0.2286431698910354
25 1 1.565326316946308
26 1 0.2286431698910354
27 1 -1.108039977164238
28 1 0.2286431698910354
29 1 1.565326316946308
30 1 1.565326316946308
31 1 -0.5733667183421287
32 1 0.2286431698910354
33 1 -1.108039977164238
34 1 -0.5733667183421287
35 1 1.565326316946308
36 1 0.2286431698910354
37 1 1.565326316946308
38 1 -1.108039977164238
39 1 0.2286431698910354



# name: <cell-element>
# type: sparse matrix
# nnz: 29
# rows: 29
# columns: 1
1 1 -1.108039977164238
2 1 -1.108039977164238
3 1 -0.5733667183421287
4 1 1.565326316946308
5 1 0.2286431698910354
6 1 -0.5733667183421287
7 1 -1.108039977164238
8 1 -0.5733667183421287
9 1 0.2286431698910354
10 1 -0.5733667183421287
11 1 0.2286431698910354
12 1 0.2286431698910354
13 1 -1.108039977164238
14 1 -1.108039977164238
15 1 1.565326316946308
16 1 1.565326316946308
17 1 1.565326316946308
18 1 0.2286431698910354
19 1 1.565326316946308
20 1 -1.108039977164238
21 1 0.2286431698910354
22 1 1.565326316946308
23 1 1.565326316946308
24 1 0.2286431698910354
25 1 -1.108039977164238
26 1 -0.5733667183421287
27 1 0.2286431698910354
28 1 -1.108039977164238
29 1 0.2286431698910354



# name: <cell-element>
# type: sparse matrix
# nnz: 4
# rows: 4
# columns: 1
1 1 1.565326316946308
2 1 -0.5733667183421287
3 1 0.2286431698910354
4 1 0.2286431698910354



# name: <cell-element>
# type: sparse matrix
# nnz: 42
# rows: 42
# columns: 1
1 1 -1.108039977164238
2 1 -1.108039977164238
3 1 0.2286431698910354
4 1 1.565326316946308
5 1 0.2286431698910354
6 1 -0.5733667183421287
7 1 1.565326316946308
8 1 -0.5733667183421287
9 1 0.2286431698910354
10 1 -0.5733667183421287
11 1 -1.108039977164238
12 1 -0.5733667183421287
13 1 0.2286431698910354
14 1 -0.5733667183421287
15 1 0.2286431698910354
16 1 -0.5733667183421287
17 1 0.2286431698910354
18 1 -1.108039977164238
19 1 -1.108039977164238
20 1 1.565326316946308
21 1 1.565326316946308
22 1 -0.5733667183421287
23 1 -0.5733667183421287
24 1 1.565326316946308
25 1 -0.5733667183421287
26 1 1.565326316946308
27 1 0.2286431698910354
28 1 0.2286431698910354
29 1 1.565326316946308
30 1 0.2286431698910354
31 1 -1.108039977164238
32 1 0.2286431698910354
33 1 1.565326316946308
34 1 1.565326316946308
35 1 -0.5733667183421287
36 1 0.2286431698910354
37 1 -1.108039977164238
38 1 -0.5733667183421287
39 1 1.565326316946308
40 1 0.2286431698910354
41 1 1.565326316946308
42 1 0.2286431698910354



# name: <cell-element>
# type: sparse matrix
# nnz: 41
# rows: 41
# columns: 1
1 1 -1.108039977164238
2 1 -1.108039977164238
3 1 0.2286431698910354
4 1 0.2286431698910354
5 1 -0.5733667183421287
6 1 1.565326316946308
7 1 -0.5733667183421287
8 1 0.2286431698910354
9 1 -0.5733667183421287
10 1 -1.108039977164238
11 1 -1.108039977164238
12 1 -0.5733667183421287
13 1 0.2286431698910354
14 1 -0.5733667183421287
15 1 0.2286431698910354
16 1 -0.5733667183421287
17 1 0.2286431698910354
18 1 -1.108039977164238
19 1 -1.108039977164238
20 1 1.565326316946308
21 1 -0.5733667183421287
22 1 -0.5733667183421287
23 1 1.565326316946308
24 1 -0.5733667183421287
25 1 1.565326316946308
26 1 0.2286431698910354
27 1 0.2286431698910354
28 1 1.565326316946308
29 1 0.2286431698910354
30 1 -1.108039977164238
31 1 0.2286431698910354
32 1 1.565326316946308
33 1 1.565326316946308
34 1 -0.5733667183421287
35 1 0.2286431698910354
36 1 -0.5733667183421287
37 1 1.565326316946308
38 1 0.2286431698910354
39 1 1.565326316946308
40 1 -1.108039977164238
41 1 0.2286431698910354



# name: <cell-element>
# type: sparse matrix
# nnz: 41
# rows: 41
# columns: 1
1 1 -1.108039977164238
2 1 0.2286431698910354
3 1 0.2286431698910354
4 1 -0.5733667183421287
5 1 1.565326316946308
6 1 -0.5733667183421287
7 1 0.2286431698910354
8 1 -0.5733667183421287
9 1 -1.108039977164238
10 1 -1.108039977164238
11 1 -0.5733667183421287
12 1 0.2286431698910354
13 1 -0.5733667183421287
14 1 0.2286431698910354
15 1 -0.5733667183421287
16 1 0.2286431698910354
17 1 -1.108039977164238
18 1 1.565326316946308
19 1 1.565326316946308
20 1 -0.5733667183421287
21 1 -0.5733667183421287
22 1 1.565326316946308
23 1 -0.5733667183421287
24 1 1.565326316946308
25 1 0.2286431698910354
26 1 0.2286431698910354
27 1 1.565326316946308
28 1 0.2286431698910354
29 1 -1.108039977164238
30 1 0.2286431698910354
31 1 1.565326316946308
32 1 1.565326316946308
33 1 -0.5733667183421287
34 1 0.2286431698910354
35 1 -1.108039977164238
36 1 -0.5733667183421287
37 1 1.565326316946308
38 1 0.2286431698910354
39 1 1.565326316946308
40 1 -1.108039977164238
41 1 0.2286431698910354



# name: <cell-element>
# type: scalar
0





# name: coefficients
# type: cell
# rows: 1
# columns: 7
# name: <cell-element>
# type: matrix
# rows: 39
# columns: 1
 5
 -5
 1.01462076056994
 -5
 -5
 5
 -5
 5
 -5
 -5
 -5
 5
 -5
 -5
 -5
 5
 -5
 5
 3.98537923943006
 5
 5
 5
 -5
 5
 -5
 -5
 5
 -5
 5
 5
 -5
 5
 5
 -5
 -5
 5
 -5
 5
 5



# name: <cell-element>
# type: matrix
# rows: 29
# columns: 1
 -0.6157899999999999
 -0.6157899999999999
 -0.6157899999999999
 0.6157899999999999
 0.6157899999999999
 -0.6157899999999999
 -0.6157899999999999
 -0.6157899999999999
 0.6157899999999999
 0.0531789897435664
 0.6157899999999999
 -0.6157899999999999
 -0.6157899999999999
 -0.6157899999999999
 0.5626110102564336
 0.6157899999999999
 0.6157899999999999
 0.6157899999999999
 -0.6157899999999999
 -0.6157899999999999
 0.6157899999999999
 0.6157899999999999
 0.6157899999999999
 0.6157899999999999
 -0.6157899999999999
 -0.6157899999999999
 0.6157899999999999
 -0.6157899999999999
 0.6157899999999999



# name: <cell-element>
# type: matrix
# rows: 4
# columns: 1
 -0.1416073712814533
 -5
 5
 0.141607371281453



# name: <cell-element>
# type: matrix
# rows: 42
# columns: 1
 -0.1
 -0.1
 0.1
 0.03527201386208204
 -0.1
 -0.1
 0.1
 0.1
 0.1
 -0.1
 -0.1
 -0.1
 0.1
 0.1
 0.1
 -0.03527201386208204
 -0.1
 -0.1
 -0.1
 -0.1
 0.1
 0.1
 0.1
 0.1
 0.1
 0.1
 -0.1
 0.1
 -0.1
 -0.1
 -0.1
 0.1
 0.1
 0.1
 -0.1
 0.1
 -0.1
 -0.1
 -0.1
 0.1
 -0.1
 0.1



# name: <cell-element>
# type: matrix
# rows: 41
# columns: 1
 -5
 -5
 5
 -5
 -5
 5
 5
 5
 -5
 5
 -5
 -5
 5
 5
 5
 -5
 -5
 -5
 -5
 -5
 5
 5
 2.902789066382901
 5
 5
 -5
 5
 -5
 -5
 -5
 5
 5
 5
 -5
 5
 -5
 -5
 5
 -5
 2.097210933617098
 5



# name: <cell-element>
# type: matrix
# rows: 41
# columns: 1
 -0.6157899999999999
 -0.6157899999999999
 -0.6157899999999999
 -0.6157899999999999
 0.6157899999999999
 0.6157899999999999
 0.6157899999999999
 -0.6157899999999999
 0.6157899999999999
 -0.6157899999999999
 -0.6157899999999999
 -0.6157899999999999
 0.6157899999999999
 0.6157899999999999
 -0.6157899999999999
 -0.6157899999999999
 -0.6157899999999999
 -0.6157899999999999
 0.4675000807978627
 0.6157899999999999
 0.6157899999999999
 0.6157899999999999
 0.6157899999999999
 0.6157899999999999
 -0.6157899999999999
 0.6157899999999999
 -0.6157899999999999
 -0.6157899999999999
 -0.4539276241305873
 -0.01357245666727545
 0.6157899999999999
 0.6157899999999999
 -0.6157899999999999
 0.6157899999999999
 0.6157899999999999
 -0.6157899999999999
 -0.6157899999999999
 0.6157899999999999
 -0.6157899999999999
 0.6157899999999999
 0.6157899999999999



# name: <cell-element>
# type: scalar
0





# name: b
# type: cell
# rows: 1
# columns: 7
