# Created by Octave 4.0.0, Mon May 23 13:35:53 2016 CEST <peter@Independence>
# name: mu
# type: matrix
# rows: 1
# columns: 2
 260163.5844155844 0.01185064935064934


# name: sigma
# type: matrix
# rows: 1
# columns: 2
 89378.70149660799 0.003146122696763115


