# Created by Octave 3.8.2, Wed May 18 17:58:18 2016 CEST <Andrea@Andreas-MacBook-Pro.local>
# name: mu
# type: matrix
# rows: 1
# columns: 2
 260286.552631579 0.01178728070175438


# name: sigma
# type: matrix
# rows: 1
# columns: 2
 89966.02945666319 0.003117168549514428


