# Created by Octave 4.0.0, Mon May 23 13:35:59 2016 CEST <peter@Independence>
# name: x
# type: matrix
# rows: 1
# columns: 100
 0.008333333333333333 0.008417508417508417 0.008501683501683501 0.008585858585858586 0.00867003367003367 0.008754208754208754 0.008838383838383838 0.008922558922558922 0.009006734006734006 0.00909090909090909 0.009175084175084175 0.009259259259259259 0.009343434343434343 0.009427609427609427 0.009511784511784511 0.009595959595959595 0.009680134680134679 0.009764309764309764 0.009848484848484849 0.009932659932659932 0.01001683501683502 0.0101010101010101 0.01018518518518518 0.01026936026936027 0.01035353535353535 0.01043771043771044 0.01052188552188552 0.0106060606060606 0.01069023569023569 0.01077441077441077 0.01085858585858586 0.01094276094276094 0.01102693602693603 0.01111111111111111 0.0111952861952862 0.01127946127946128 0.01136363636363636 0.01144781144781145 0.01153198653198653 0.01161616161616162 0.0117003367003367 0.01178451178451178 0.01186868686868687 0.01195286195286195 0.01203703703703704 0.01212121212121212 0.01220538720538721 0.01228956228956229 0.01237373737373737 0.01245791245791246 0.01254208754208754 0.01262626262626263 0.01271043771043771 0.01279461279461279 0.01287878787878788 0.01296296296296296 0.01304713804713805 0.01313131313131313 0.01321548821548822 0.0132996632996633 0.01338383838383838 0.01346801346801347 0.01355218855218855 0.01363636363636364 0.01372053872053872 0.0138047138047138 0.01388888888888889 0.01397306397306397 0.01405723905723906 0.01414141414141414 0.01422558922558922 0.01430976430976431 0.01439393939393939 0.01447811447811448 0.01456228956228956 0.01464646464646465 0.01473063973063973 0.01481481481481481 0.0148989898989899 0.01498316498316498 0.01506734006734007 0.01515151515151515 0.01523569023569023 0.01531986531986532 0.0154040404040404 0.01548821548821549 0.01557239057239057 0.01565656565656566 0.01574074074074074 0.01582491582491583 0.01590909090909091 0.01599326599326599 0.01607744107744108 0.01616161616161616 0.01624579124579124 0.01632996632996633 0.01641414141414141 0.0164983164983165 0.01658249158249158 0.01666666666666667


# name: y
# type: matrix
# rows: 100
# columns: 1
 249636.8578382494
 246431.2831286441
 243595.5007576117
 241094.5662551339
 238896.0725668822
 236970.0241296381
 235288.7141520679
 233826.6051008503
 232560.2123921567
 231467.9912884839
 230530.2270008408
 229728.9279962868
 229047.7225108244
 228471.7582676433
 227987.6054007187
 227583.1625837614
 227247.5663645218
 226971.1037044459
 226745.127723685
 226561.9766514578
 226414.8959817653
 226297.9638344593
 226206.0195216632
 226134.5953195455
 226079.8514454472
 226038.514240361
 226007.8175567639
 225985.4473518032
 225969.4894858341
 225958.3807263116
 225950.8629570346
 225945.9405927426
 225942.8411990665
 225940.9793178308
 225939.9234977095
 225939.3665302354
 225939.0988911611
 225938.985387174
 225938.9450079633
 225938.9339836408
 225938.9320475139
 225938.9319042119
 225938.9319031649
 225938.9319174359
 225938.9324279058
 225938.9368128109
 225938.956842634
 225939.0213803473
 225939.1882870098
 225939.5595327162
 225940.2995128991
 225941.6565699846
 225943.9877204001
 225947.7865869357
 225953.7145364576
 225962.6350229757
 225975.6511360627
 225994.1463546267
 226019.8285060376
 226054.7769306046
 226101.4928514082
 226162.9529494842
 226242.666144361
 226344.7335799496
 226473.9118157866
 226635.6792236303
 226836.3055894094
 227082.9249205245
 227383.6114585029
 227747.4588970063
 228184.6628051911
 228706.6062564214
 229325.9486623358
 230056.7178122661
 230914.4051180099
 231916.0640639549
 233080.4118625572
 234427.9343151717
 235980.9938782365
 237763.9409348085
 239803.2282714541
 242127.5287604901
 244767.8562475802
 247757.6896446829
 251133.1002283526
 254932.8821433925
 259198.6861118643
 263975.1563474452
 269310.0706751418
 275254.4838563552
 281862.8741193023
 289193.2928947812
 297307.5177573033
 306271.2085715624
 316154.0668442748
 327029.9982813497
 338977.2785504379
 352078.7222488101
 366421.8550766095
 382099.089215436


# name: QUERY
# type: sq_string
# elements: 1
# length: 2
R1


# name: DATASIZE
# type: sq_string
# elements: 1
# length: 3
750


