# Created by Octave 3.8.2, Wed May 18 17:58:27 2016 CEST <Andrea@Andreas-MacBook-Pro.local>
# name: x
# type: matrix
# rows: 1
# columns: 100
 0.008333333333333333 0.008417508417508417 0.008501683501683501 0.008585858585858586 0.00867003367003367 0.008754208754208754 0.008838383838383838 0.008922558922558922 0.009006734006734006 0.00909090909090909 0.009175084175084176 0.009259259259259259 0.009343434343434345 0.009427609427609427 0.009511784511784511 0.009595959595959595 0.009680134680134679 0.009764309764309764 0.009848484848484849 0.009932659932659932 0.01001683501683502 0.0101010101010101 0.01018518518518519 0.01026936026936027 0.01035353535353535 0.01043771043771044 0.01052188552188552 0.01060606060606061 0.01069023569023569 0.01077441077441077 0.01085858585858586 0.01094276094276094 0.01102693602693603 0.01111111111111111 0.0111952861952862 0.01127946127946128 0.01136363636363636 0.01144781144781145 0.01153198653198653 0.01161616161616162 0.0117003367003367 0.01178451178451178 0.01186868686868687 0.01195286195286195 0.01203703703703704 0.01212121212121212 0.01220538720538721 0.01228956228956229 0.01237373737373737 0.01245791245791246 0.01254208754208754 0.01262626262626263 0.01271043771043771 0.01279461279461279 0.01287878787878788 0.01296296296296296 0.01304713804713805 0.01313131313131313 0.01321548821548822 0.0132996632996633 0.01338383838383838 0.01346801346801347 0.01355218855218855 0.01363636363636364 0.01372053872053872 0.0138047138047138 0.01388888888888889 0.01397306397306397 0.01405723905723906 0.01414141414141414 0.01422558922558922 0.01430976430976431 0.01439393939393939 0.01447811447811448 0.01456228956228956 0.01464646464646465 0.01473063973063973 0.01481481481481482 0.0148989898989899 0.01498316498316498 0.01506734006734007 0.01515151515151515 0.01523569023569023 0.01531986531986532 0.0154040404040404 0.01548821548821549 0.01557239057239057 0.01565656565656566 0.01574074074074074 0.01582491582491583 0.01590909090909091 0.01599326599326599 0.01607744107744108 0.01616161616161616 0.01624579124579124 0.01632996632996633 0.01641414141414142 0.0164983164983165 0.01658249158249158 0.01666666666666667


# name: y
# type: matrix
# rows: 100
# columns: 1
 280653.4688152417
 276406.1211962014
 272263.5612476843
 268225.7889696906
 264292.8043622198
 260464.6074252726
 256741.1981588491
 253122.5765629484
 249608.7426375713
 246199.6963827173
 242895.4377983866
 239695.9668845795
 236601.2836412955
 233611.3880685348
 230726.2801662975
 227945.9599345835
 225270.4273733928
 222699.6824827255
 220233.7252625813
 217872.5557129605
 215616.1738338632
 213464.5796252891
 211417.7730872383
 209475.7542197108
 207638.5230227066
 205906.0794962257
 204278.4236402682
 202755.555454834
 201337.474939923
 200024.1820955354
 198815.6769216712
 197711.9594183302
 196713.0295855125
 195818.8874232182
 195029.5329314472
 194344.9661101995
 193765.1869594751
 193290.195479274
 192919.9916695963
 192654.5755304418
 192493.9470618107
 192438.1062637029
 192487.0531361184
 192640.7876790572
 192899.3098925193
 193262.6197765048
 193730.7173310135
 194303.6025560456
 194981.275451601
 195763.7360176797
 196650.9842542817
 197643.0201614071
 198739.8437390557
 199941.4549872277
 201247.853905923
 202659.0404951416
 204175.0147548835
 205795.7766851487
 207521.3262859373
 209351.6635572492
 211286.7884990844
 213326.7011114428
 215471.4013943246
 217720.8893477298
 220075.1649716582
 222534.2282661099
 225098.0792310851
 227766.7178665834
 230540.1441726051
 233418.3581491501
 236401.3597962184
 239489.1491138101
 242681.7261019252
 245979.0907605634
 249381.243089725
 252888.1830894098
 256499.910759618
 260216.4261003496
 264037.7291116044
 267963.8197933826
 271994.6981456841
 276130.3641685087
 280370.8178618571
 284716.0592257284
 289166.0882601234
 293720.9049650413
 298380.5093404826
 303144.9013864475
 308014.0811029353
 312988.0484899466
 318066.8035474817
 323250.3462755393
 328538.6766741205
 333931.7947432253
 339429.7004828523
 345032.3938930042
 350739.8749736788
 356552.1437248771
 362469.2001465977
 368491.0442388424


# name: QUERY
# type: sq_string
# elements: 1
# length: 2
R1


# name: DATASIZE
# type: sq_string
# elements: 1
# length: 3
750


