# Created by Octave 4.0.0, Mon May 23 13:35:59 2016 CEST <peter@Independence>
# name: x
# type: matrix
# rows: 1
# columns: 100
 0.008333333333333333 0.008417508417508417 0.008501683501683501 0.008585858585858586 0.00867003367003367 0.008754208754208754 0.008838383838383838 0.008922558922558922 0.009006734006734006 0.00909090909090909 0.009175084175084175 0.009259259259259259 0.009343434343434343 0.009427609427609427 0.009511784511784511 0.009595959595959595 0.009680134680134679 0.009764309764309764 0.009848484848484849 0.009932659932659932 0.01001683501683502 0.0101010101010101 0.01018518518518518 0.01026936026936027 0.01035353535353535 0.01043771043771044 0.01052188552188552 0.0106060606060606 0.01069023569023569 0.01077441077441077 0.01085858585858586 0.01094276094276094 0.01102693602693603 0.01111111111111111 0.0111952861952862 0.01127946127946128 0.01136363636363636 0.01144781144781145 0.01153198653198653 0.01161616161616162 0.0117003367003367 0.01178451178451178 0.01186868686868687 0.01195286195286195 0.01203703703703704 0.01212121212121212 0.01220538720538721 0.01228956228956229 0.01237373737373737 0.01245791245791246 0.01254208754208754 0.01262626262626263 0.01271043771043771 0.01279461279461279 0.01287878787878788 0.01296296296296296 0.01304713804713805 0.01313131313131313 0.01321548821548822 0.0132996632996633 0.01338383838383838 0.01346801346801347 0.01355218855218855 0.01363636363636364 0.01372053872053872 0.0138047138047138 0.01388888888888889 0.01397306397306397 0.01405723905723906 0.01414141414141414 0.01422558922558922 0.01430976430976431 0.01439393939393939 0.01447811447811448 0.01456228956228956 0.01464646464646465 0.01473063973063973 0.01481481481481481 0.0148989898989899 0.01498316498316498 0.01506734006734007 0.01515151515151515 0.01523569023569023 0.01531986531986532 0.0154040404040404 0.01548821548821549 0.01557239057239057 0.01565656565656566 0.01574074074074074 0.01582491582491583 0.01590909090909091 0.01599326599326599 0.01607744107744108 0.01616161616161616 0.01624579124579124 0.01632996632996633 0.01641414141414141 0.0164983164983165 0.01658249158249158 0.01666666666666667


# name: y
# type: matrix
# rows: 100
# columns: 1
 279350.8987756359
 276288.5801584889
 273300.4353486781
 270386.4643462027
 267546.667151063
 264781.0437632592
 262089.5941827912
 259472.3184096585
 256929.2164438619
 254460.288285401
 252065.5339342759
 249744.9533904863
 247498.5466540326
 245326.3137249146
 243228.2546031324
 241204.3692886859
 239254.657781575
 237379.1200818
 235577.7561893607
 233850.5661042572
 232197.5498264893
 230618.7073560572
 229114.0386929609
 227683.5438372002
 226327.2227887753
 225045.0755476862
 223837.1021139328
 222703.3024875151
 221643.6766684332
 220658.2246566869
 219746.9464522765
 218909.8420552017
 218146.9114654627
 217458.1546830595
 216843.5717079919
 216303.1625402602
 215836.9271798641
 215444.8656268038
 215126.9778810792
 214883.2639426904
 214713.7238116373
 214618.3574879199
 214597.1649715383
 214650.1462624924
 214777.3013607822
 214978.6302664078
 215254.1329793691
 215603.8094996662
 216027.6598272989
 216525.6839622674
 217097.8819045717
 217744.2536542117
 218464.7992111874
 219259.5185754989
 220128.4117471461
 221071.478726129
 222088.7195124477
 223180.1341061021
 224345.7225070923
 225585.4847154182
 226899.4207310798
 228287.5305540771
 229749.8141844102
 231286.271622079
 232896.9028670836
 234581.7079194239
 236340.6867791
 238173.8394461117
 240081.1659204593
 242062.6662021425
 244118.3402911615
 246248.1881875163
 248452.2098912067
 250730.4054022329
 253082.7747205948
 255509.3178462925
 258010.0347793259
 260584.925519695
 263233.9900674
 265957.2284224405
 268754.6405848169
 271626.2265545289
 274571.9863315767
 277591.9199159603
 280686.0273076796
 283854.3085067346
 287096.7635131252
 290413.3923268519
 293804.1949479142
 297269.1713763119
 300808.3216120459
 304421.6456551153
 308109.1435055207
 311870.8151632613
 315706.6606283382
 319616.6799007506
 323600.8729804988
 327659.2398675822
 331791.780562002
 335998.4950637575


# name: QUERY
# type: sq_string
# elements: 1
# length: 2
R1


# name: DATASIZE
# type: sq_string
# elements: 1
# length: 3
750


