# Created by Octave 4.0.0, Mon May 23 13:35:59 2016 CEST <peter@Independence>
# name: x
# type: matrix
# rows: 1
# columns: 100
 0.008333333333333333 0.008417508417508417 0.008501683501683501 0.008585858585858586 0.00867003367003367 0.008754208754208754 0.008838383838383838 0.008922558922558922 0.009006734006734006 0.00909090909090909 0.009175084175084175 0.009259259259259259 0.009343434343434343 0.009427609427609427 0.009511784511784511 0.009595959595959595 0.009680134680134679 0.009764309764309764 0.009848484848484849 0.009932659932659932 0.01001683501683502 0.0101010101010101 0.01018518518518518 0.01026936026936027 0.01035353535353535 0.01043771043771044 0.01052188552188552 0.0106060606060606 0.01069023569023569 0.01077441077441077 0.01085858585858586 0.01094276094276094 0.01102693602693603 0.01111111111111111 0.0111952861952862 0.01127946127946128 0.01136363636363636 0.01144781144781145 0.01153198653198653 0.01161616161616162 0.0117003367003367 0.01178451178451178 0.01186868686868687 0.01195286195286195 0.01203703703703704 0.01212121212121212 0.01220538720538721 0.01228956228956229 0.01237373737373737 0.01245791245791246 0.01254208754208754 0.01262626262626263 0.01271043771043771 0.01279461279461279 0.01287878787878788 0.01296296296296296 0.01304713804713805 0.01313131313131313 0.01321548821548822 0.0132996632996633 0.01338383838383838 0.01346801346801347 0.01355218855218855 0.01363636363636364 0.01372053872053872 0.0138047138047138 0.01388888888888889 0.01397306397306397 0.01405723905723906 0.01414141414141414 0.01422558922558922 0.01430976430976431 0.01439393939393939 0.01447811447811448 0.01456228956228956 0.01464646464646465 0.01473063973063973 0.01481481481481481 0.0148989898989899 0.01498316498316498 0.01506734006734007 0.01515151515151515 0.01523569023569023 0.01531986531986532 0.0154040404040404 0.01548821548821549 0.01557239057239057 0.01565656565656566 0.01574074074074074 0.01582491582491583 0.01590909090909091 0.01599326599326599 0.01607744107744108 0.01616161616161616 0.01624579124579124 0.01632996632996633 0.01641414141414141 0.0164983164983165 0.01658249158249158 0.01666666666666667


# name: y
# type: matrix
# rows: 100
# columns: 1
 196537.0011840753
 200183.2131352861
 203654.9396674183
 206956.4588818154
 210092.0488798208
 213065.9877627778
 215882.5536320301
 218546.0245889209
 221060.6787347937
 223430.7941709921
 225660.6489988593
 227754.5213197388
 229716.6892349741
 231551.4308459085
 233263.0242538856
 234855.7475602487
 236333.8788663413
 237701.6962735068
 238963.4778830887
 240123.5017964303
 241186.0461148751
 242155.3889397666
 243035.8083724482
 243831.5825142633
 244546.9894665554
 245186.3073306678
 245753.814207944
 246253.7881997275
 246690.5074073616
 247068.2499321898
 247391.2938755556
 247663.9173388024
 247890.3984232735
 248075.0152303125
 248222.0458612628
 248335.7684174678
 248420.4610002709
 248480.4017110156
 248519.8686510452
 248543.1399217033
 248554.4936243333
 248558.2078602786
 248558.5607308826
 248559.8303374888
 248566.2947814405
 248582.2321640813
 248611.9205867546
 248659.6381508037
 248729.6629575722
 248826.2731084035
 248953.7467046409
 249116.361847628
 249318.3966387081
 249564.1291792247
 249857.8375705213
 250203.7999139412
 250606.2943108278
 251069.5988625247
 251597.9916703753
 252195.7508357229
 252867.1544599111
 253616.4806442832
 254448.0074901827
 255366.0130989531
 256374.7755719376
 257478.5730104799
 258681.6835159232
 259988.3851896112
 261402.9561328871
 262929.6744470944
 264572.8182335765
 266336.665593677
 268225.4946287391
 270243.5834401064
 272395.2101291223
 274684.6527971302
 277116.1895454735
 279694.0984754957
 282422.6576885403
 285306.1452859505
 288348.8393690699
 291555.018039242
 294928.95939781
 298474.9415461175
 302197.242585508
 306100.1406173247
 310187.9137429113
 314464.840063611
 318935.1976807674
 323603.2646957238
 328473.3192098239
 333549.6393244108
 338836.503140828
 344338.188760419
 350058.9742845274
 356003.1378144963
 362174.9574516693
 368578.7112973899
 375218.6774530013
 382099.1340198474


# name: QUERY
# type: sq_string
# elements: 1
# length: 2
R1


# name: DATASIZE
# type: sq_string
# elements: 1
# length: 3
750


