# Created by Octave 3.8.2, Wed May 18 17:58:27 2016 CEST <Andrea@Andreas-MacBook-Pro.local>
# name: x
# type: matrix
# rows: 1
# columns: 100
 0.008333333333333333 0.008417508417508417 0.008501683501683501 0.008585858585858586 0.00867003367003367 0.008754208754208754 0.008838383838383838 0.008922558922558922 0.009006734006734006 0.00909090909090909 0.009175084175084176 0.009259259259259259 0.009343434343434345 0.009427609427609427 0.009511784511784511 0.009595959595959595 0.009680134680134679 0.009764309764309764 0.009848484848484849 0.009932659932659932 0.01001683501683502 0.0101010101010101 0.01018518518518519 0.01026936026936027 0.01035353535353535 0.01043771043771044 0.01052188552188552 0.01060606060606061 0.01069023569023569 0.01077441077441077 0.01085858585858586 0.01094276094276094 0.01102693602693603 0.01111111111111111 0.0111952861952862 0.01127946127946128 0.01136363636363636 0.01144781144781145 0.01153198653198653 0.01161616161616162 0.0117003367003367 0.01178451178451178 0.01186868686868687 0.01195286195286195 0.01203703703703704 0.01212121212121212 0.01220538720538721 0.01228956228956229 0.01237373737373737 0.01245791245791246 0.01254208754208754 0.01262626262626263 0.01271043771043771 0.01279461279461279 0.01287878787878788 0.01296296296296296 0.01304713804713805 0.01313131313131313 0.01321548821548822 0.0132996632996633 0.01338383838383838 0.01346801346801347 0.01355218855218855 0.01363636363636364 0.01372053872053872 0.0138047138047138 0.01388888888888889 0.01397306397306397 0.01405723905723906 0.01414141414141414 0.01422558922558922 0.01430976430976431 0.01439393939393939 0.01447811447811448 0.01456228956228956 0.01464646464646465 0.01473063973063973 0.01481481481481482 0.0148989898989899 0.01498316498316498 0.01506734006734007 0.01515151515151515 0.01523569023569023 0.01531986531986532 0.0154040404040404 0.01548821548821549 0.01557239057239057 0.01565656565656566 0.01574074074074074 0.01582491582491583 0.01590909090909091 0.01599326599326599 0.01607744107744108 0.01616161616161616 0.01624579124579124 0.01632996632996633 0.01641414141414142 0.0164983164983165 0.01658249158249158 0.01666666666666667


# name: y
# type: matrix
# rows: 100
# columns: 1
 230220.5212589759
 226973.4502776747
 224107.5700304025
 221586.2074151828
 219375.4016518365
 217443.7671160477
 215762.3597331212
 214304.5469314142
 213045.8811555785
 211963.9769394082
 211038.3915384519
 210250.5091223264
 209583.4285267406
 209021.8545652192
 208551.992900565
 208161.4484759902
 207839.1275059992
 207575.1430269533
 207360.7240073609
 207188.1280178725
 207050.5574609873
 206942.0793604707
 206857.5487104823
 206792.5353844139
 206743.2546034385
 206706.5009647697
 206679.5860296317
 206660.2794709399
 206646.7537806914
 206637.5325370671
 206631.4422312435
 206627.5676539154
 206625.2108415288
 206623.8535822248
 206623.1234814939
 206622.7635875405
 206622.6055763582
 206622.5464965156
 206622.5290736527
 206622.5255746878
 206622.5252317348
 206622.5252257311
 206622.5252297762
 206622.5255121804
 206622.5285992249
 206622.5444976311
 206622.5994767418
 206622.748410412
 206623.0906786108
 206623.7896287333
 206625.0955966235
 206627.3724873075
 206631.1279154374
 206637.0469054455
 206646.029151409
 206659.2298366258
 206678.1040128999
 206704.4545395384
 206740.483582058
 206788.8476706029
 206852.7163180724
 206935.83419796
 207042.5868819019
 207178.0701369372
 207348.1627824786
 207559.6031069908
 207820.0688443843
 208138.2607101156
 208523.9894970026
 208988.2667307404
 209543.3988851422
 210203.0851570818
 210982.5188011446
 211898.4920239877
 212969.5044384359
 214215.8750772425
 215659.8579666052
 217325.7612593579
 219240.0699279008
 221431.5720168219
 223931.4884552391
 226773.6064288418
 229994.4163116795
 233633.2521575548
 237732.4357513213
 242337.42421968
 247496.9612018002
 253263.2315797038
 259692.0197681524
 266842.8715644853
 274779.2595581125
 283568.7520994283
 293283.1858290175
 303998.8417659805
 315796.6249561837
 328762.2476805649
 342986.4162226102
 358565.0211956016
 375599.331430084
 394196.1914207021


# name: QUERY
# type: sq_string
# elements: 1
# length: 2
R1


# name: DATASIZE
# type: sq_string
# elements: 1
# length: 3
750


