# Created by Octave 4.0.0, Mon May 23 13:35:59 2016 CEST <peter@Independence>
# name: x
# type: matrix
# rows: 1
# columns: 100
 0.008333333333333333 0.008417508417508417 0.008501683501683501 0.008585858585858586 0.00867003367003367 0.008754208754208754 0.008838383838383838 0.008922558922558922 0.009006734006734006 0.00909090909090909 0.009175084175084175 0.009259259259259259 0.009343434343434343 0.009427609427609427 0.009511784511784511 0.009595959595959595 0.009680134680134679 0.009764309764309764 0.009848484848484849 0.009932659932659932 0.01001683501683502 0.0101010101010101 0.01018518518518518 0.01026936026936027 0.01035353535353535 0.01043771043771044 0.01052188552188552 0.0106060606060606 0.01069023569023569 0.01077441077441077 0.01085858585858586 0.01094276094276094 0.01102693602693603 0.01111111111111111 0.0111952861952862 0.01127946127946128 0.01136363636363636 0.01144781144781145 0.01153198653198653 0.01161616161616162 0.0117003367003367 0.01178451178451178 0.01186868686868687 0.01195286195286195 0.01203703703703704 0.01212121212121212 0.01220538720538721 0.01228956228956229 0.01237373737373737 0.01245791245791246 0.01254208754208754 0.01262626262626263 0.01271043771043771 0.01279461279461279 0.01287878787878788 0.01296296296296296 0.01304713804713805 0.01313131313131313 0.01321548821548822 0.0132996632996633 0.01338383838383838 0.01346801346801347 0.01355218855218855 0.01363636363636364 0.01372053872053872 0.0138047138047138 0.01388888888888889 0.01397306397306397 0.01405723905723906 0.01414141414141414 0.01422558922558922 0.01430976430976431 0.01439393939393939 0.01447811447811448 0.01456228956228956 0.01464646464646465 0.01473063973063973 0.01481481481481481 0.0148989898989899 0.01498316498316498 0.01506734006734007 0.01515151515151515 0.01523569023569023 0.01531986531986532 0.0154040404040404 0.01548821548821549 0.01557239057239057 0.01565656565656566 0.01574074074074074 0.01582491582491583 0.01590909090909091 0.01599326599326599 0.01607744107744108 0.01616161616161616 0.01624579124579124 0.01632996632996633 0.01641414141414141 0.0164983164983165 0.01658249158249158 0.01666666666666667


# name: y
# type: matrix
# rows: 100
# columns: 1
 270125.8029479927
 266040.7228108204
 262245.3225921385
 258725.5728693081
 255467.7924678136
 252458.6484611964
 249685.156171081
 247134.6791671633
 244794.9292672372
 242653.9665371581
 240700.1992908666
 238922.3840903813
 237309.6257458029
 235851.3773153087
 234537.4401051532
 233357.9636696751
 232303.4458112844
 231364.7325804807
 230533.0182758323
 229799.8454439931
 229157.1048796931
 228597.0356257423
 228112.2249730302
 227695.6084605241
 227340.4698752711
 227040.4412523978
 226789.5028751086
 226581.9832746881
 226412.5592304994
 226276.2557699847
 226168.4461686653
 226084.8519501415
 226021.5428860926
 225974.9369962771
 225941.8005485324
 225919.2480587751
 225904.7422910006
 225896.0942572836
 225891.4632177777
 225889.3566807155
 225888.6304024087
 225888.4883872482
 225888.4828877038
 225888.5144043241
 225888.8316857372
 225890.03172865
 225893.0597778485
 225899.2093261977
 225910.1221146415
 225927.7881322033
 225954.545615985
 225993.0810511679
 226046.4291710123
 226117.9729568574
 226211.4436381214
 226330.9206923019
 226480.8318449752
 226665.9530697967
 226891.4085885011
 227162.6708709017
 227485.5606348912
 227866.2468464413
 228311.2467196026
 228827.4257165047
 229421.9975473565
 230102.5241704455
 230876.9157921396
 231753.4308668824
 232740.6760972023
 233847.6064336995
 235083.5250750609
 236458.0834680454
 237981.2813074948
 239663.46653633
 241515.3353455487
 243547.9321742317
 245772.649709536
 248201.2288866943
 250845.7588890276
 253718.6771479216
 256832.7693428622
 260201.169401387
 263837.3594991421
 267755.1700598306
 271968.7797552482
 276492.7155052454
 281341.8524777892
 286531.4140889039
 292076.9720026946
 297994.446131326
 304300.1046350958
 311010.5639223249
 318142.7886494475
 325714.0917209353
 333742.1342894189
 342244.9257555199
 351240.8237679899
 360748.5342236126
 370787.1112673432
 381375.9572921285


# name: QUERY
# type: sq_string
# elements: 1
# length: 2
R1


# name: DATASIZE
# type: sq_string
# elements: 1
# length: 3
750


