# Created by Octave 3.8.2, Wed May 18 17:58:27 2016 CEST <Andrea@Andreas-MacBook-Pro.local>
# name: x
# type: matrix
# rows: 1
# columns: 100
 0.008333333333333333 0.008417508417508417 0.008501683501683501 0.008585858585858586 0.00867003367003367 0.008754208754208754 0.008838383838383838 0.008922558922558922 0.009006734006734006 0.00909090909090909 0.009175084175084176 0.009259259259259259 0.009343434343434345 0.009427609427609427 0.009511784511784511 0.009595959595959595 0.009680134680134679 0.009764309764309764 0.009848484848484849 0.009932659932659932 0.01001683501683502 0.0101010101010101 0.01018518518518519 0.01026936026936027 0.01035353535353535 0.01043771043771044 0.01052188552188552 0.01060606060606061 0.01069023569023569 0.01077441077441077 0.01085858585858586 0.01094276094276094 0.01102693602693603 0.01111111111111111 0.0111952861952862 0.01127946127946128 0.01136363636363636 0.01144781144781145 0.01153198653198653 0.01161616161616162 0.0117003367003367 0.01178451178451178 0.01186868686868687 0.01195286195286195 0.01203703703703704 0.01212121212121212 0.01220538720538721 0.01228956228956229 0.01237373737373737 0.01245791245791246 0.01254208754208754 0.01262626262626263 0.01271043771043771 0.01279461279461279 0.01287878787878788 0.01296296296296296 0.01304713804713805 0.01313131313131313 0.01321548821548822 0.0132996632996633 0.01338383838383838 0.01346801346801347 0.01355218855218855 0.01363636363636364 0.01372053872053872 0.0138047138047138 0.01388888888888889 0.01397306397306397 0.01405723905723906 0.01414141414141414 0.01422558922558922 0.01430976430976431 0.01439393939393939 0.01447811447811448 0.01456228956228956 0.01464646464646465 0.01473063973063973 0.01481481481481482 0.0148989898989899 0.01498316498316498 0.01506734006734007 0.01515151515151515 0.01523569023569023 0.01531986531986532 0.0154040404040404 0.01548821548821549 0.01557239057239057 0.01565656565656566 0.01574074074074074 0.01582491582491583 0.01590909090909091 0.01599326599326599 0.01607744107744108 0.01616161616161616 0.01624579124579124 0.01632996632996633 0.01641414141414142 0.0164983164983165 0.01658249158249158 0.01666666666666667


# name: y
# type: matrix
# rows: 100
# columns: 1
 181886.6339745539
 185910.2869110806
 189737.8612311992
 193374.2548724107
 196824.3657722162
 200093.0918681169
 203185.3310976138
 206105.9813982078
 208859.9407074003
 211452.1069626922
 213887.3781015845
 216170.6520615784
 218306.8267801749
 220300.800194875
 222157.47024318
 223881.7348625908
 225478.4919906086
 226952.6395647343
 228309.0755224691
 229552.697801314
 230688.4043387702
 231721.0930723386
 232655.6619395204
 233497.0088778166
 234250.0318247284
 234919.6287177567
 235510.6974944027
 236028.1360921674
 236476.8424485519
 236861.7145010573
 237187.6501871846
 237459.547444435
 237682.3042103094
 237860.8184223091
 237999.9880179349
 238104.7109346881
 238179.8851100697
 238230.4084815807
 238261.1789867223
 238277.0945629955
 238283.0531479014
 238283.9526789411
 238284.6910936155
 238290.1663294259
 238305.2763238733
 238334.9190144587
 238383.9923386833
 238457.394234048
 238560.022638054
 238696.7754882024
 238872.5507219942
 239092.2462769305
 239360.7600905124
 239682.9901002409
 240063.8342436171
 240508.1904581421
 241020.956681317
 241607.0308506428
 242271.3109036206
 243018.6947777515
 243854.0804105366
 244782.3657394769
 245808.4487020735
 246937.2272358275
 248173.5992782399
 249522.4627668119
 250988.7156390444
 252577.2558324387
 254292.9812844956
 256140.7899327165
 258125.5797146022
 260252.2485676538
 262525.6944293726
 264950.8152372594
 267532.5089288154
 270275.6734415416
 273185.2067129393
 276266.0066805093
 279522.9712817528
 282960.9984541708
 286584.9861352645
 290399.8322625349
 294410.4347734831
 298621.6916056101
 303038.5006964171
 307665.759983405
 312508.367404075
 317571.2208959282
 322859.2183964656
 328377.2578431882
 334130.2371735973
 340123.0543251939
 346360.6072354788
 352847.7938419534
 359589.5120821187
 366590.6598934757
 373856.1352135254
 381390.8359797691
 389199.6601297078
 397287.5056008424


# name: QUERY
# type: sq_string
# elements: 1
# length: 2
R1


# name: DATASIZE
# type: sq_string
# elements: 1
# length: 3
750


