# Created by Octave 3.8.2, Wed May 18 17:58:27 2016 CEST <Andrea@Andreas-MacBook-Pro.local>
# name: x
# type: matrix
# rows: 1
# columns: 100
 0.008333333333333333 0.008417508417508417 0.008501683501683501 0.008585858585858586 0.00867003367003367 0.008754208754208754 0.008838383838383838 0.008922558922558922 0.009006734006734006 0.00909090909090909 0.009175084175084176 0.009259259259259259 0.009343434343434345 0.009427609427609427 0.009511784511784511 0.009595959595959595 0.009680134680134679 0.009764309764309764 0.009848484848484849 0.009932659932659932 0.01001683501683502 0.0101010101010101 0.01018518518518519 0.01026936026936027 0.01035353535353535 0.01043771043771044 0.01052188552188552 0.01060606060606061 0.01069023569023569 0.01077441077441077 0.01085858585858586 0.01094276094276094 0.01102693602693603 0.01111111111111111 0.0111952861952862 0.01127946127946128 0.01136363636363636 0.01144781144781145 0.01153198653198653 0.01161616161616162 0.0117003367003367 0.01178451178451178 0.01186868686868687 0.01195286195286195 0.01203703703703704 0.01212121212121212 0.01220538720538721 0.01228956228956229 0.01237373737373737 0.01245791245791246 0.01254208754208754 0.01262626262626263 0.01271043771043771 0.01279461279461279 0.01287878787878788 0.01296296296296296 0.01304713804713805 0.01313131313131313 0.01321548821548822 0.0132996632996633 0.01338383838383838 0.01346801346801347 0.01355218855218855 0.01363636363636364 0.01372053872053872 0.0138047138047138 0.01388888888888889 0.01397306397306397 0.01405723905723906 0.01414141414141414 0.01422558922558922 0.01430976430976431 0.01439393939393939 0.01447811447811448 0.01456228956228956 0.01464646464646465 0.01473063973063973 0.01481481481481482 0.0148989898989899 0.01498316498316498 0.01506734006734007 0.01515151515151515 0.01523569023569023 0.01531986531986532 0.0154040404040404 0.01548821548821549 0.01557239057239057 0.01565656565656566 0.01574074074074074 0.01582491582491583 0.01590909090909091 0.01599326599326599 0.01607744107744108 0.01616161616161616 0.01624579124579124 0.01632996632996633 0.01641414141414142 0.0164983164983165 0.01658249158249158 0.01666666666666667


# name: y
# type: matrix
# rows: 100
# columns: 1
 248124.1962737544
 243601.2556732966
 239404.8520342186
 235518.8773496117
 231927.6310708874
 228615.8201077791
 225568.5588283403
 222771.3690589454
 220210.1800842901
 217871.3286473907
 215741.5589495844
 213808.0226505294
 212058.2788682046
 210480.2941789098
 209062.4426172659
 207793.5056762144
 206662.6723070178
 205659.5389192596
 204774.109380844
 203996.795017996
 203318.4146152618
 202730.1944155082
 202223.7681199229
 201791.1768880146
 201424.8693376129
 201117.701544868
 200862.9370442514
 200654.2468285551
 200485.7093488922
 200351.8105146966
 200247.4436937231
 200167.9097120473
 200108.9168540658
 200066.5808624961
 200037.4249383764
 200018.3797410658
 200006.7833882445
 200000.3814559133
 199997.3269783942
 199996.1804483297
 199995.9098166834
 199995.8904927398
 199995.9053441043
 199996.1446967029
 199997.2063347828
 200000.095500912
 200006.2248959792
 200017.4146791942
 200035.8924680876
 200064.2933385108
 200105.6598246362
 200163.441918957
 200241.4970722873
 200344.0901937621
 200475.8936508372
 200641.9872692894
 200847.8583332163
 201099.4015850364
 201402.919225489
 201765.1209136343
 202193.1237668536
 202694.4523608488
 203277.0387296428
 203949.2223655793
 204719.750219323
 205597.7766998594
 206592.8636744948
 207714.9804688566
 208974.5038668929
 210382.2181108728
 211949.314901386
 213687.3933973434
 215608.4602159768
 217724.9294328384
 220049.6225818019
 222595.7686550615
 225377.0041031323
 228407.3728348505
 231701.3262173728
 235273.7230761772
 239139.8296950624
 243315.3198161478
 247816.2746398739
 252659.1828250021
 257860.9404886145
 263438.8512061141
 269410.6260112248
 275794.3833959919
 282608.6493107804
 289872.3571642773
 297604.8478234903
 305825.8696137472
 314555.5783186975
 323814.5371803113
 333623.7168988792
 344004.4956330137
 354978.6589996471
 366568.4000740333
 378796.3193897459
 391685.4249386815


# name: QUERY
# type: sq_string
# elements: 1
# length: 2
R1


# name: DATASIZE
# type: sq_string
# elements: 1
# length: 3
750


