# Created by Octave 4.0.0, Wed May 18 23:53:29 2016 CEST <peter@Independence>
# name: x
# type: matrix
# rows: 1
# columns: 100
 60 60.60606060606061 61.21212121212122 61.81818181818182 62.42424242424242 63.03030303030303 63.63636363636364 64.24242424242425 64.84848484848484 65.45454545454547 66.06060606060606 66.66666666666667 67.27272727272728 67.87878787878788 68.48484848484848 69.09090909090909 69.6969696969697 70.30303030303031 70.90909090909091 71.51515151515152 72.12121212121212 72.72727272727273 73.33333333333334 73.93939393939394 74.54545454545455 75.15151515151516 75.75757575757576 76.36363636363637 76.96969696969697 77.57575757575758 78.18181818181819 78.7878787878788 79.39393939393941 80 80.60606060606061 81.21212121212122 81.81818181818183 82.42424242424244 83.03030303030303 83.63636363636364 84.24242424242425 84.84848484848486 85.45454545454545 86.06060606060606 86.66666666666667 87.27272727272728 87.87878787878789 88.48484848484848 89.09090909090909 89.6969696969697 90.30303030303031 90.90909090909092 91.51515151515153 92.12121212121212 92.72727272727273 93.33333333333334 93.93939393939394 94.54545454545455 95.15151515151516 95.75757575757576 96.36363636363637 96.96969696969697 97.57575757575758 98.18181818181819 98.7878787878788 99.39393939393941 100 100.6060606060606 101.2121212121212 101.8181818181818 102.4242424242424 103.030303030303 103.6363636363636 104.2424242424242 104.8484848484849 105.4545454545455 106.0606060606061 106.6666666666667 107.2727272727273 107.8787878787879 108.4848484848485 109.0909090909091 109.6969696969697 110.3030303030303 110.9090909090909 111.5151515151515 112.1212121212121 112.7272727272727 113.3333333333333 113.9393939393939 114.5454545454546 115.1515151515152 115.7575757575758 116.3636363636364 116.969696969697 117.5757575757576 118.1818181818182 118.7878787878788 119.3939393939394 120


# name: y
# type: matrix
# rows: 100
# columns: 1
 23681.71525330498
 23681.87185427088
 23682.29508973646
 23682.98369251868
 23683.93532386214
 23685.14659748395
 23686.6131115739
 23688.32948846299
 23690.28942159659
 23692.48572937636
 23694.91041536742
 23697.55473430571
 23700.40926328532
 23703.46397745738
 23706.7083295315
 23710.1313323381
 23713.72164368563
 23717.46765273012
 23721.35756706716
 23725.37949975673
 23729.52155549994
 23733.77191520323
 23738.11891818988
 23742.55114134911
 23747.05747455135
 23751.62719170109
 23756.25001684794
 23760.91618482978
 23765.61649597924
 23770.34236448538
 23775.0858600654
 23779.83974266642
 23784.59748998279
 23789.35331764152
 23794.10219197408
 23798.8398353587
 23803.56272418129
 23808.26807952542
 23812.95385076215
 23817.61869226745
 23822.26193355
 23826.88354312275
 23831.48408649969
 23836.06467874284
 23840.62693202463
 23845.17289870691
 23849.7050104695
 23854.22601404899
 23858.7389041722
 23863.24685428747
 23867.75314571253
 23872.2610958278
 23876.77398595101
 23881.29498953051
 23885.82710129309
 23890.37306797537
 23894.93532125716
 23899.5159135003
 23904.11645687725
 23908.73806645
 23913.38130773254
 23918.04614923785
 23922.73192047458
 23927.43727581871
 23932.1601646413
 23936.89780802592
 23941.64668235848
 23946.40251001721
 23951.16025733358
 23955.9141399346
 23960.65763551462
 23965.38350402076
 23970.08381517022
 23974.74998315206
 23979.37280829891
 23983.94252544865
 23988.44885865089
 23992.88108181012
 23997.22808479677
 24001.47844450006
 24005.62050024326
 24009.64243293284
 24013.53234726988
 24017.27835631437
 24020.8686676619
 24024.29167046851
 24027.53602254262
 24030.59073671468
 24033.4452656943
 24036.08958463258
 24038.51427062364
 24040.71057840341
 24042.67051153701
 24044.3868884261
 24045.85340251605
 24047.06467613786
 24048.01630748132
 24048.70491026354
 24049.12814572912
 24049.28474669502


# name: QUERY
# type: sq_string
# elements: 1
# length: 2
R5


# name: DATASIZE
# type: sq_string
# elements: 1
# length: 3
750


