# Created by Octave 4.0.0, Wed May 18 23:53:29 2016 CEST <peter@Independence>
# name: x
# type: matrix
# rows: 1
# columns: 100
 60 60.60606060606061 61.21212121212122 61.81818181818182 62.42424242424242 63.03030303030303 63.63636363636364 64.24242424242425 64.84848484848484 65.45454545454547 66.06060606060606 66.66666666666667 67.27272727272728 67.87878787878788 68.48484848484848 69.09090909090909 69.6969696969697 70.30303030303031 70.90909090909091 71.51515151515152 72.12121212121212 72.72727272727273 73.33333333333334 73.93939393939394 74.54545454545455 75.15151515151516 75.75757575757576 76.36363636363637 76.96969696969697 77.57575757575758 78.18181818181819 78.7878787878788 79.39393939393941 80 80.60606060606061 81.21212121212122 81.81818181818183 82.42424242424244 83.03030303030303 83.63636363636364 84.24242424242425 84.84848484848486 85.45454545454545 86.06060606060606 86.66666666666667 87.27272727272728 87.87878787878789 88.48484848484848 89.09090909090909 89.6969696969697 90.30303030303031 90.90909090909092 91.51515151515153 92.12121212121212 92.72727272727273 93.33333333333334 93.93939393939394 94.54545454545455 95.15151515151516 95.75757575757576 96.36363636363637 96.96969696969697 97.57575757575758 98.18181818181819 98.7878787878788 99.39393939393941 100 100.6060606060606 101.2121212121212 101.8181818181818 102.4242424242424 103.030303030303 103.6363636363636 104.2424242424242 104.8484848484849 105.4545454545455 106.0606060606061 106.6666666666667 107.2727272727273 107.8787878787879 108.4848484848485 109.0909090909091 109.6969696969697 110.3030303030303 110.9090909090909 111.5151515151515 112.1212121212121 112.7272727272727 113.3333333333333 113.9393939393939 114.5454545454546 115.1515151515152 115.7575757575758 116.3636363636364 116.969696969697 117.5757575757576 118.1818181818182 118.7878787878788 119.3939393939394 120


# name: y
# type: matrix
# rows: 1
# columns: 100
 23875.70863534676 23877.97482916412 23880.24102298149 23882.50721679886 23884.77341061623 23887.0396044336 23889.30579825096 23891.57199206833 23893.8381858857 23896.10437970307 23898.37057352044 23900.63676733781 23902.90296115517 23905.16915497254 23907.43534878991 23909.70154260728 23911.96773642465 23914.23393024202 23916.50012405938 23918.76631787675 23921.03251169412 23923.29870551149 23925.56489932886 23927.83109314623 23930.0972869636 23932.36348078096 23934.62967459833 23936.8958684157 23939.16206223307 23941.42825605044 23943.69444986781 23945.96064368517 23948.22683750254 23950.49303131991 23952.75922513728 23955.02541895465 23957.29161277201 23959.55780658938 23961.82400040675 23964.09019422412 23966.35638804149 23968.62258185886 23970.88877567622 23973.15496949359 23975.42116331096 23977.68735712833 23979.9535509457 23982.21974476306 23984.48593858043 23986.7521323978 23989.01832621517 23991.28452003254 23993.55071384991 23995.81690766727 23998.08310148464 24000.34929530201 24002.61548911938 24004.88168293675 24007.14787675412 24009.41407057149 24011.68026438885 24013.94645820622 24016.21265202359 24018.47884584096 24020.74503965833 24023.0112334757 24025.27742729306 24027.54362111043 24029.8098149278 24032.07600874517 24034.34220256254 24036.60839637991 24038.87459019727 24041.14078401464 24043.40697783201 24045.67317164938 24047.93936546675 24050.20555928411 24052.47175310148 24054.73794691885 24057.00414073622 24059.27033455359 24061.53652837096 24063.80272218832 24066.06891600569 24068.33510982306 24070.60130364043 24072.8674974578 24075.13369127516 24077.39988509253 24079.6660789099 24081.93227272727 24084.19846654464 24086.46466036201 24088.73085417938 24090.99704799675 24093.26324181411 24095.52943563148 24097.79562944885 24100.06182326622


# name: QUERY
# type: sq_string
# elements: 1
# length: 2
R5


# name: DATASIZE
# type: sq_string
# elements: 1
# length: 3
750


