# Created by Octave 4.0.0, Wed May 18 23:53:29 2016 CEST <peter@Independence>
# name: x
# type: matrix
# rows: 1
# columns: 100
 60 60.60606060606061 61.21212121212122 61.81818181818182 62.42424242424242 63.03030303030303 63.63636363636364 64.24242424242425 64.84848484848484 65.45454545454547 66.06060606060606 66.66666666666667 67.27272727272728 67.87878787878788 68.48484848484848 69.09090909090909 69.6969696969697 70.30303030303031 70.90909090909091 71.51515151515152 72.12121212121212 72.72727272727273 73.33333333333334 73.93939393939394 74.54545454545455 75.15151515151516 75.75757575757576 76.36363636363637 76.96969696969697 77.57575757575758 78.18181818181819 78.7878787878788 79.39393939393941 80 80.60606060606061 81.21212121212122 81.81818181818183 82.42424242424244 83.03030303030303 83.63636363636364 84.24242424242425 84.84848484848486 85.45454545454545 86.06060606060606 86.66666666666667 87.27272727272728 87.87878787878789 88.48484848484848 89.09090909090909 89.6969696969697 90.30303030303031 90.90909090909092 91.51515151515153 92.12121212121212 92.72727272727273 93.33333333333334 93.93939393939394 94.54545454545455 95.15151515151516 95.75757575757576 96.36363636363637 96.96969696969697 97.57575757575758 98.18181818181819 98.7878787878788 99.39393939393941 100 100.6060606060606 101.2121212121212 101.8181818181818 102.4242424242424 103.030303030303 103.6363636363636 104.2424242424242 104.8484848484849 105.4545454545455 106.0606060606061 106.6666666666667 107.2727272727273 107.8787878787879 108.4848484848485 109.0909090909091 109.6969696969697 110.3030303030303 110.9090909090909 111.5151515151515 112.1212121212121 112.7272727272727 113.3333333333333 113.9393939393939 114.5454545454546 115.1515151515152 115.7575757575758 116.3636363636364 116.969696969697 117.5757575757576 118.1818181818182 118.7878787878788 119.3939393939394 120


# name: y
# type: matrix
# rows: 100
# columns: 1
 23681.7152562907
 23685.42807940972
 23689.14090252875
 23692.85372564778
 23696.5665487668
 23700.27937188583
 23703.99219500486
 23707.70501812388
 23711.41784124291
 23715.13066436193
 23718.84348748096
 23722.55631059999
 23726.26913371901
 23729.98195683804
 23733.69477995707
 23737.40760307609
 23741.12042619512
 23744.83324931415
 23748.54607243317
 23752.25889555219
 23755.97171867122
 23759.68454179025
 23763.39736490927
 23767.1101880283
 23770.82301114732
 23774.53583426635
 23778.24865738538
 23781.9614805044
 23785.67430362343
 23789.38712674245
 23793.09994986148
 23796.81277298051
 23800.52559609953
 23804.23841921856
 23807.95124233759
 23811.66406545661
 23815.37688857564
 23819.08971169466
 23822.80253481369
 23826.51535793271
 23830.22818105174
 23833.94100417077
 23837.65382728979
 23841.36665040882
 23845.07947352784
 23848.79229664687
 23852.50511976589
 23856.21794288492
 23859.93076600395
 23863.64358912297
 23867.356412242
 23871.06923536102
 23874.78205848005
 23878.49488159908
 23882.2077047181
 23885.92052783713
 23889.63335095616
 23893.34617407518
 23897.05899719421
 23900.77182031323
 23904.48464343226
 23908.19746655128
 23911.91028967031
 23915.62311278934
 23919.33593590836
 23923.04875902739
 23926.76158214641
 23930.47440526544
 23934.18722838446
 23937.90005150349
 23941.61287462252
 23945.32569774154
 23949.03852086057
 23952.75134397959
 23956.46416709862
 23960.17699021765
 23963.88981333667
 23967.6026364557
 23971.31545957472
 23975.02828269375
 23978.74110581278
 23982.4539289318
 23986.16675205083
 23989.87957516985
 23993.59239828888
 23997.30522140791
 24001.01804452693
 24004.73086764596
 24008.44369076498
 24012.15651388401
 24015.86933700303
 24019.58216012206
 24023.29498324109
 24027.00780636011
 24030.72062947914
 24034.43345259816
 24038.14627571719
 24041.85909883622
 24045.57192195524
 24049.28474507427


# name: QUERY
# type: sq_string
# elements: 1
# length: 2
R5


# name: DATASIZE
# type: sq_string
# elements: 1
# length: 3
750


