# Created by Octave 4.0.0, Mon May 23 13:49:44 2016 CEST <peter@Independence>
# name: x
# type: matrix
# rows: 1
# columns: 100
 60 60.60606060606061 61.21212121212122 61.81818181818182 62.42424242424242 63.03030303030303 63.63636363636364 64.24242424242425 64.84848484848484 65.45454545454547 66.06060606060606 66.66666666666667 67.27272727272728 67.87878787878788 68.48484848484848 69.09090909090909 69.6969696969697 70.30303030303031 70.90909090909091 71.51515151515152 72.12121212121212 72.72727272727273 73.33333333333334 73.93939393939394 74.54545454545455 75.15151515151516 75.75757575757576 76.36363636363637 76.96969696969697 77.57575757575758 78.18181818181819 78.7878787878788 79.39393939393941 80 80.60606060606061 81.21212121212122 81.81818181818183 82.42424242424244 83.03030303030303 83.63636363636364 84.24242424242425 84.84848484848486 85.45454545454545 86.06060606060606 86.66666666666667 87.27272727272728 87.87878787878789 88.48484848484848 89.09090909090909 89.6969696969697 90.30303030303031 90.90909090909092 91.51515151515153 92.12121212121212 92.72727272727273 93.33333333333334 93.93939393939394 94.54545454545455 95.15151515151516 95.75757575757576 96.36363636363637 96.96969696969697 97.57575757575758 98.18181818181819 98.7878787878788 99.39393939393941 100 100.6060606060606 101.2121212121212 101.8181818181818 102.4242424242424 103.030303030303 103.6363636363636 104.2424242424242 104.8484848484849 105.4545454545455 106.0606060606061 106.6666666666667 107.2727272727273 107.8787878787879 108.4848484848485 109.0909090909091 109.6969696969697 110.3030303030303 110.9090909090909 111.5151515151515 112.1212121212121 112.7272727272727 113.3333333333333 113.9393939393939 114.5454545454546 115.1515151515152 115.7575757575758 116.3636363636364 116.969696969697 117.5757575757576 118.1818181818182 118.7878787878788 119.3939393939394 120


# name: y
# type: matrix
# rows: 1
# columns: 100
 23821.56574980575 23824.93062230698 23828.29549480822 23831.66036730946 23835.02523981069 23838.39011231193 23841.75498481316 23845.1198573144 23848.48472981564 23851.84960231687 23855.21447481811 23858.57934731934 23861.94421982058 23865.30909232182 23868.67396482305 23872.03883732429 23875.40370982553 23878.76858232676 23882.133454828 23885.49832732923 23888.86319983047 23892.22807233171 23895.59294483294 23898.95781733418 23902.32268983542 23905.68756233665 23909.05243483789 23912.41730733912 23915.78217984036 23919.1470523416 23922.51192484283 23925.87679734407 23929.24166984531 23932.60654234654 23935.97141484778 23939.33628734902 23942.70115985025 23946.06603235149 23949.43090485272 23952.79577735396 23956.1606498552 23959.52552235643 23962.89039485767 23966.2552673589 23969.62013986014 23972.98501236138 23976.34988486261 23979.71475736385 23983.07962986508 23986.44450236632 23989.80937486756 23993.17424736879 23996.53911987003 23999.90399237126 24003.2688648725 24006.63373737374 24009.99860987497 24013.36348237621 24016.72835487744 24020.09322737868 24023.45809987992 24026.82297238115 24030.18784488239 24033.55271738362 24036.91758988486 24040.2824623861 24043.64733488733 24047.01220738857 24050.37707988981 24053.74195239104 24057.10682489228 24060.47169739351 24063.83656989475 24067.20144239599 24070.56631489722 24073.93118739846 24077.29605989969 24080.66093240093 24084.02580490217 24087.3906774034 24090.75554990464 24094.12042240587 24097.48529490711 24100.85016740835 24104.21503990958 24107.57991241082 24110.94478491206 24114.30965741329 24117.67452991453 24121.03940241576 24124.404274917 24127.76914741824 24131.13401991947 24134.49889242071 24137.86376492195 24141.22863742318 24144.59350992442 24147.95838242566 24151.32325492689 24154.68812742813


# name: QUERY
# type: sq_string
# elements: 1
# length: 2
R5


# name: DATASIZE
# type: sq_string
# elements: 1
# length: 3
750


