# Created by Octave 4.0.0, Wed May 18 23:53:27 2016 CEST <peter@Independence>
# name: SVs
# type: cell
# rows: 1
# columns: 7
# name: <cell-element>
# type: sparse matrix
# nnz: 16
# rows: 16
# columns: 1
1 1 1.331530350535512
2 1 -0.4359878138921585
3 1 -1.319746896105994
4 1 -0.4359878138921585
5 1 1.331530350535512
6 1 -0.4359878138921585
7 1 1.331530350535512
8 1 -1.319746896105994
9 1 1.331530350535512
10 1 -0.4359878138921585
11 1 -1.319746896105994
12 1 0.4477712683216769
13 1 -1.319746896105994
14 1 1.331530350535512
15 1 -1.319746896105994
16 1 0.4477712683216769



# name: <cell-element>
# type: sparse matrix
# nnz: 13
# rows: 13
# columns: 1
1 1 1.331530350535512
2 1 -0.4359878138921585
3 1 1.331530350535512
4 1 -0.4359878138921585
5 1 -1.319746896105994
6 1 1.331530350535512
7 1 -0.4359878138921585
8 1 -1.319746896105994
9 1 0.4477712683216769
10 1 -1.319746896105994
11 1 1.331530350535512
12 1 -1.319746896105994
13 1 0.4477712683216769



# name: <cell-element>
# type: sparse matrix
# nnz: 16
# rows: 16
# columns: 1
1 1 1.331530350535512
2 1 -0.4359878138921585
3 1 -1.319746896105994
4 1 -0.4359878138921585
5 1 1.331530350535512
6 1 -0.4359878138921585
7 1 1.331530350535512
8 1 -1.319746896105994
9 1 1.331530350535512
10 1 -0.4359878138921585
11 1 -1.319746896105994
12 1 0.4477712683216769
13 1 -1.319746896105994
14 1 1.331530350535512
15 1 -1.319746896105994
16 1 0.4477712683216769



# name: <cell-element>
# type: sparse matrix
# nnz: 13
# rows: 13
# columns: 1
1 1 1.331530350535512
2 1 -0.4359878138921585
3 1 1.331530350535512
4 1 -0.4359878138921585
5 1 -1.319746896105994
6 1 1.331530350535512
7 1 -0.4359878138921585
8 1 -1.319746896105994
9 1 0.4477712683216769
10 1 -1.319746896105994
11 1 1.331530350535512
12 1 -1.319746896105994
13 1 0.4477712683216769



# name: <cell-element>
# type: sparse matrix
# nnz: 13
# rows: 13
# columns: 1
1 1 1.331530350535512
2 1 -0.4359878138921585
3 1 1.331530350535512
4 1 -0.4359878138921585
5 1 -1.319746896105994
6 1 1.331530350535512
7 1 -0.4359878138921585
8 1 -1.319746896105994
9 1 0.4477712683216769
10 1 -1.319746896105994
11 1 1.331530350535512
12 1 -1.319746896105994
13 1 0.4477712683216769



# name: <cell-element>
# type: sparse matrix
# nnz: 16
# rows: 16
# columns: 1
1 1 1.331530350535512
2 1 -0.4359878138921585
3 1 -1.319746896105994
4 1 -0.4359878138921585
5 1 1.331530350535512
6 1 -0.4359878138921585
7 1 1.331530350535512
8 1 -1.319746896105994
9 1 1.331530350535512
10 1 -0.4359878138921585
11 1 -1.319746896105994
12 1 0.4477712683216769
13 1 -1.319746896105994
14 1 1.331530350535512
15 1 -1.319746896105994
16 1 0.4477712683216769



# name: <cell-element>
# type: scalar
0





# name: coefficients
# type: cell
# rows: 1
# columns: 7
# name: <cell-element>
# type: matrix
# rows: 16
# columns: 1
 3.4526
 -3.4526
 -0.04029745037877625
 3.4526
 -3.4526
 3.4526
 0.04029745037877791
 -3.4526
 3.4526
 -3.4526
 3.4526
 -3.4526
 -3.4526
 -3.4526
 3.4526
 3.4526



# name: <cell-element>
# type: matrix
# rows: 13
# columns: 1
 0.1
 -0.1
 -0.03334362996683983
 0.1
 -0.1
 0.1
 -0.1
 0.1
 -0.06665637003316018
 -0.1
 -0.1
 0.1
 0.1



# name: <cell-element>
# type: matrix
# rows: 16
# columns: 1
 4.4842
 -4.4842
 -0.01304744547146287
 4.4842
 -4.4842
 4.4842
 0.01304744547146073
 -4.4842
 4.4842
 -4.4842
 4.4842
 -4.4842
 -4.4842
 -4.4842
 4.4842
 4.4842



# name: <cell-element>
# type: matrix
# rows: 13
# columns: 1
 5
 -5
 -4.989268404520784
 5
 -5
 5
 -5
 5
 -0.01073159547921611
 -5
 -5
 5
 5



# name: <cell-element>
# type: matrix
# rows: 13
# columns: 1
 5
 -5
 -4.995696158380559
 5
 -5
 5
 -5
 5
 -0.004303841619440587
 -5
 -5
 5
 5



# name: <cell-element>
# type: matrix
# rows: 16
# columns: 1
 4.4842
 -4.4842
 -0.1417563884235313
 4.4842
 -4.4842
 4.4842
 0.1417563884235314
 -4.4842
 4.4842
 -4.4842
 4.4842
 -4.4842
 -4.4842
 -4.4842
 4.4842
 4.4842



# name: <cell-element>
# type: scalar
0





# name: b
# type: cell
# rows: 1
# columns: 7
# name: <cell-element>
# type: scalar
-0.09455953094993842



# name: <cell-element>
# type: scalar
-0.186899900922553



# name: <cell-element>
# type: scalar
-0.09581837233983637



# name: <cell-element>
# type: scalar
-0.167832032513102



# name: <cell-element>
# type: scalar
-0.1659167953865187



# name: <cell-element>
# type: scalar
-0.09393006102949607



# name: <cell-element>
# type: scalar
0





# name: models
# type: cell
# rows: 1
# columns: 7
# name: <cell-element>
# type: scalar struct
# ndims: 2
 1 1
# length: 11
# name: Parameters
# type: matrix
# rows: 5
# columns: 1
 3
 0
 3
 1
 0


# name: nr_class
# type: scalar
2


# name: totalSV
# type: scalar
16


# name: rho
# type: scalar
0.09455953094993842


# name: Label
# type: matrix
# rows: 0
# columns: 0


# name: sv_indices
# type: matrix
# rows: 16
# columns: 1
 1
 3
 4
 10
 14
 17
 20
 21
 22
 24
 25
 28
 32
 34
 35
 36


# name: ProbA
# type: matrix
# rows: 0
# columns: 0


# name: ProbB
# type: matrix
# rows: 0
# columns: 0


# name: nSV
# type: matrix
# rows: 0
# columns: 0


# name: sv_coef
# type: matrix
# rows: 16
# columns: 1
 3.4526
 -3.4526
 -0.04029745037877625
 3.4526
 -3.4526
 3.4526
 0.04029745037877791
 -3.4526
 3.4526
 -3.4526
 3.4526
 -3.4526
 -3.4526
 -3.4526
 3.4526
 3.4526


# name: SVs
# type: sparse matrix
# nnz: 16
# rows: 16
# columns: 1
1 1 1.331530350535512
2 1 -0.4359878138921585
3 1 -1.319746896105994
4 1 -0.4359878138921585
5 1 1.331530350535512
6 1 -0.4359878138921585
7 1 1.331530350535512
8 1 -1.319746896105994
9 1 1.331530350535512
10 1 -0.4359878138921585
11 1 -1.319746896105994
12 1 0.4477712683216769
13 1 -1.319746896105994
14 1 1.331530350535512
15 1 -1.319746896105994
16 1 0.4477712683216769





# name: <cell-element>
# type: scalar struct
# ndims: 2
 1 1
# length: 11
# name: Parameters
# type: matrix
# rows: 5
# columns: 1
 3
 1
 2
 1
 0


# name: nr_class
# type: scalar
2


# name: totalSV
# type: scalar
13


# name: rho
# type: scalar
0.186899900922553


# name: Label
# type: matrix
# rows: 0
# columns: 0


# name: sv_indices
# type: matrix
# rows: 13
# columns: 1
 1
 3
 14
 17
 21
 22
 24
 25
 28
 32
 34
 35
 36


# name: ProbA
# type: matrix
# rows: 0
# columns: 0


# name: ProbB
# type: matrix
# rows: 0
# columns: 0


# name: nSV
# type: matrix
# rows: 0
# columns: 0


# name: sv_coef
# type: matrix
# rows: 13
# columns: 1
 0.1
 -0.1
 -0.03334362996683983
 0.1
 -0.1
 0.1
 -0.1
 0.1
 -0.06665637003316018
 -0.1
 -0.1
 0.1
 0.1


# name: SVs
# type: sparse matrix
# nnz: 13
# rows: 13
# columns: 1
1 1 1.331530350535512
2 1 -0.4359878138921585
3 1 1.331530350535512
4 1 -0.4359878138921585
5 1 -1.319746896105994
6 1 1.331530350535512
7 1 -0.4359878138921585
8 1 -1.319746896105994
9 1 0.4477712683216769
10 1 -1.319746896105994
11 1 1.331530350535512
12 1 -1.319746896105994
13 1 0.4477712683216769





# name: <cell-element>
# type: scalar struct
# ndims: 2
 1 1
# length: 11
# name: Parameters
# type: matrix
# rows: 5
# columns: 1
 3
 1
 3
 1
 0


# name: nr_class
# type: scalar
2


# name: totalSV
# type: scalar
16


# name: rho
# type: scalar
0.09581837233983637


# name: Label
# type: matrix
# rows: 0
# columns: 0


# name: sv_indices
# type: matrix
# rows: 16
# columns: 1
 1
 3
 4
 10
 14
 17
 20
 21
 22
 24
 25
 28
 32
 34
 35
 36


# name: ProbA
# type: matrix
# rows: 0
# columns: 0


# name: ProbB
# type: matrix
# rows: 0
# columns: 0


# name: nSV
# type: matrix
# rows: 0
# columns: 0


# name: sv_coef
# type: matrix
# rows: 16
# columns: 1
 4.4842
 -4.4842
 -0.01304744547146287
 4.4842
 -4.4842
 4.4842
 0.01304744547146073
 -4.4842
 4.4842
 -4.4842
 4.4842
 -4.4842
 -4.4842
 -4.4842
 4.4842
 4.4842


