# Created by Octave 4.0.0, Wed May 18 23:53:18 2016 CEST <peter@Independence>
# name: mu
# type: matrix
# rows: 1
# columns: 2
 23987.38666666667 89.86666666666666


# name: sigma
# type: matrix
# rows: 1
# columns: 2
 1297.632145989882 22.63060193950095


