# Created by Octave 4.0.0, Wed May 18 23:53:29 2016 CEST <peter@Independence>
# name: x
# type: matrix
# rows: 1
# columns: 100
 60 60.60606060606061 61.21212121212122 61.81818181818182 62.42424242424242 63.03030303030303 63.63636363636364 64.24242424242425 64.84848484848484 65.45454545454547 66.06060606060606 66.66666666666667 67.27272727272728 67.87878787878788 68.48484848484848 69.09090909090909 69.6969696969697 70.30303030303031 70.90909090909091 71.51515151515152 72.12121212121212 72.72727272727273 73.33333333333334 73.93939393939394 74.54545454545455 75.15151515151516 75.75757575757576 76.36363636363637 76.96969696969697 77.57575757575758 78.18181818181819 78.7878787878788 79.39393939393941 80 80.60606060606061 81.21212121212122 81.81818181818183 82.42424242424244 83.03030303030303 83.63636363636364 84.24242424242425 84.84848484848486 85.45454545454545 86.06060606060606 86.66666666666667 87.27272727272728 87.87878787878789 88.48484848484848 89.09090909090909 89.6969696969697 90.30303030303031 90.90909090909092 91.51515151515153 92.12121212121212 92.72727272727273 93.33333333333334 93.93939393939394 94.54545454545455 95.15151515151516 95.75757575757576 96.36363636363637 96.96969696969697 97.57575757575758 98.18181818181819 98.7878787878788 99.39393939393941 100 100.6060606060606 101.2121212121212 101.8181818181818 102.4242424242424 103.030303030303 103.6363636363636 104.2424242424242 104.8484848484849 105.4545454545455 106.0606060606061 106.6666666666667 107.2727272727273 107.8787878787879 108.4848484848485 109.0909090909091 109.6969696969697 110.3030303030303 110.9090909090909 111.5151515151515 112.1212121212121 112.7272727272727 113.3333333333333 113.9393939393939 114.5454545454546 115.1515151515152 115.7575757575758 116.3636363636364 116.969696969697 117.5757575757576 118.1818181818182 118.7878787878788 119.3939393939394 120


# name: y
# type: matrix
# rows: 100
# columns: 1
 23984.10914171881
 23974.49784539987
 23965.0835826258
 23955.86635339661
 23946.84615771229
 23938.02299557284
 23929.39686697827
 23920.96777192857
 23912.73571042374
 23904.70068246379
 23896.86268804871
 23889.22172717851
 23881.77779985318
 23874.53090607272
 23867.48104583714
 23860.62821914643
 23853.97242600059
 23847.51366639963
 23841.25194034354
 23835.18724783233
 23829.31958886599
 23823.64896344452
 23818.17537156793
 23812.89881323621
 23807.81928844936
 23802.93679720739
 23798.25133951029
 23793.76291535807
 23789.47152475072
 23785.37716768824
 23781.47984417064
 23777.77955419791
 23774.27629777005
 23770.97007488707
 23767.86088554896
 23764.94872975573
 23762.23360750737
 23759.71551880388
 23757.39446364527
 23755.27044203153
 23753.34345396267
 23751.61349943867
 23750.08057845955
 23748.74469102531
 23747.60583713594
 23746.66401679144
 23745.91922999182
 23745.37147673707
 23745.0207570272
 23744.86707086219
 23744.91041824207
 23745.15079916681
 23745.58821363643
 23746.22266165093
 23747.05414321029
 23748.08265831454
 23749.30820696365
 23750.73078915764
 23752.3504048965
 23754.16705418024
 23756.18073700885
 23758.39145338233
 23760.79920330069
 23763.40398676392
 23766.20580377202
 23769.204654325
 23772.40053842285
 23775.79345606558
 23779.38340725318
 23783.17039198566
 23787.154410263
 23791.33546208522
 23795.71354745232
 23800.28866636429
 23805.06081882113
 23810.03000482285
 23815.19622436944
 23820.5594774609
 23826.11976409724
 23831.87708427845
 23837.83143800453
 23843.98282527549
 23850.33124609133
 23856.87670045203
 23863.61918835761
 23870.55870980807
 23877.69526480339
 23885.0288533436
 23892.55947542867
 23900.28713105862
 23908.21182023344
 23916.33354295314
 23924.65229921771
 23933.16808902715
 23941.88091238147
 23950.79076928066
 23959.89765972473
 23969.20158371366
 23978.70254124748
 23988.40053232616


# name: QUERY
# type: sq_string
# elements: 1
# length: 2
R5


# name: DATASIZE
# type: sq_string
# elements: 1
# length: 3
750


