# Created by Octave 4.0.0, Wed May 18 23:53:29 2016 CEST <peter@Independence>
# name: x
# type: matrix
# rows: 1
# columns: 100
 60 60.60606060606061 61.21212121212122 61.81818181818182 62.42424242424242 63.03030303030303 63.63636363636364 64.24242424242425 64.84848484848484 65.45454545454547 66.06060606060606 66.66666666666667 67.27272727272728 67.87878787878788 68.48484848484848 69.09090909090909 69.6969696969697 70.30303030303031 70.90909090909091 71.51515151515152 72.12121212121212 72.72727272727273 73.33333333333334 73.93939393939394 74.54545454545455 75.15151515151516 75.75757575757576 76.36363636363637 76.96969696969697 77.57575757575758 78.18181818181819 78.7878787878788 79.39393939393941 80 80.60606060606061 81.21212121212122 81.81818181818183 82.42424242424244 83.03030303030303 83.63636363636364 84.24242424242425 84.84848484848486 85.45454545454545 86.06060606060606 86.66666666666667 87.27272727272728 87.87878787878789 88.48484848484848 89.09090909090909 89.6969696969697 90.30303030303031 90.90909090909092 91.51515151515153 92.12121212121212 92.72727272727273 93.33333333333334 93.93939393939394 94.54545454545455 95.15151515151516 95.75757575757576 96.36363636363637 96.96969696969697 97.57575757575758 98.18181818181819 98.7878787878788 99.39393939393941 100 100.6060606060606 101.2121212121212 101.8181818181818 102.4242424242424 103.030303030303 103.6363636363636 104.2424242424242 104.8484848484849 105.4545454545455 106.0606060606061 106.6666666666667 107.2727272727273 107.8787878787879 108.4848484848485 109.0909090909091 109.6969696969697 110.3030303030303 110.9090909090909 111.5151515151515 112.1212121212121 112.7272727272727 113.3333333333333 113.9393939393939 114.5454545454546 115.1515151515152 115.7575757575758 116.3636363636364 116.969696969697 117.5757575757576 118.1818181818182 118.7878787878788 119.3939393939394 120


# name: y
# type: matrix
# rows: 100
# columns: 1
 23980.75766584196
 23964.13310920463
 23948.51008700357
 23933.84754325595
 23920.10528125023
 23907.24396354617
 23895.22511197485
 23884.01110763863
 23873.56519091121
 23863.85146143753
 23854.83487813391
 23846.4812591879
 23838.75728205841
 23831.6304834756
 23825.069259441
 23819.04286522737
 23813.52141537882
 23808.47588371074
 23803.87810330984
 23799.70076653412
 23795.91742501288
 23792.50248964674
 23789.4312306076
 23786.67977733869
 23784.22511855451
 23782.04510224089
 23780.11843565494
 23778.4246853251
 23776.94427705109
 23775.65849590393
 23774.54948622596
 23773.60025163082
 23772.79465500344
 23772.11741850006
 23771.55412354823
 23771.09121084679
 23770.71598036588
 23770.41659134697
 23770.18206230279
 23770.00227101741
 23769.86795454618
 23769.77070921576
 23769.70299062413
 23769.65811364054
 23769.63025240555
 23769.61444033106
 23769.60657010022
 23769.60339366751
 23769.60252225871
 23769.60242637091
 23769.60243577249
 23769.60273950312
 23769.60438587381
 23769.60928246684
 23769.62019613582
 23769.64075300563
 23769.67543847247
 23769.72959720385
 23769.80943313858
 23769.92200948675
 23770.07524872978
 23770.27793262039
 23770.53970218258
 23770.87105771168
 23771.2833587743
 23771.78882420836
 23772.40053212311
 23773.13241989905
 23773.99928418803
 23775.01678091317
 23776.20142526891
 23777.57059172099
 23779.14251400645
 23780.93628513364
 23782.9718573822
 23785.27004230308
 23787.85251071852
 23790.7417927221
 23793.96127767865
 23797.53521422434
 23801.48871026664
 23805.8477329843
 23810.6391088274
 23815.8905235173
 23821.63052204667
 23827.8885086795
 23834.69474695106
 23842.08035966792
 23850.07732890797
 23858.71849602039
 23868.03756162569
 23878.06908561563
 23888.84848715331
 23900.41204467314
 23912.79689588082
 23926.04103775332
 23940.18332653899
 23955.26347775739
 23971.32206619945
 23988.40052592737


# name: QUERY
# type: sq_string
# elements: 1
# length: 2
R5


# name: DATASIZE
# type: sq_string
# elements: 1
# length: 3
750


