# Created by Octave 4.0.0, Wed May 18 23:53:29 2016 CEST <peter@Independence>
# name: x
# type: matrix
# rows: 1
# columns: 100
 60 60.60606060606061 61.21212121212122 61.81818181818182 62.42424242424242 63.03030303030303 63.63636363636364 64.24242424242425 64.84848484848484 65.45454545454547 66.06060606060606 66.66666666666667 67.27272727272728 67.87878787878788 68.48484848484848 69.09090909090909 69.6969696969697 70.30303030303031 70.90909090909091 71.51515151515152 72.12121212121212 72.72727272727273 73.33333333333334 73.93939393939394 74.54545454545455 75.15151515151516 75.75757575757576 76.36363636363637 76.96969696969697 77.57575757575758 78.18181818181819 78.7878787878788 79.39393939393941 80 80.60606060606061 81.21212121212122 81.81818181818183 82.42424242424244 83.03030303030303 83.63636363636364 84.24242424242425 84.84848484848486 85.45454545454545 86.06060606060606 86.66666666666667 87.27272727272728 87.87878787878789 88.48484848484848 89.09090909090909 89.6969696969697 90.30303030303031 90.90909090909092 91.51515151515153 92.12121212121212 92.72727272727273 93.33333333333334 93.93939393939394 94.54545454545455 95.15151515151516 95.75757575757576 96.36363636363637 96.96969696969697 97.57575757575758 98.18181818181819 98.7878787878788 99.39393939393941 100 100.6060606060606 101.2121212121212 101.8181818181818 102.4242424242424 103.030303030303 103.6363636363636 104.2424242424242 104.8484848484849 105.4545454545455 106.0606060606061 106.6666666666667 107.2727272727273 107.8787878787879 108.4848484848485 109.0909090909091 109.6969696969697 110.3030303030303 110.9090909090909 111.5151515151515 112.1212121212121 112.7272727272727 113.3333333333333 113.9393939393939 114.5454545454546 115.1515151515152 115.7575757575758 116.3636363636364 116.969696969697 117.5757575757576 118.1818181818182 118.7878787878788 119.3939393939394 120


# name: y
# type: matrix
# rows: 100
# columns: 1
 23681.71526139115
 23692.53179665705
 23702.90941065378
 23712.85719454268
 23722.38423948507
 23731.49963664229
 23740.21247717567
 23748.53185224655
 23756.46685301626
 23764.02657064613
 23771.2200962975
 23778.05652113171
 23784.54493631006
 23790.69443299392
 23796.5141023446
 23802.01303552346
 23807.20032369181
 23812.08505801098
 23816.67632964231
 23820.98322974715
 23825.01484948681
 23828.78028002263
 23832.28861251595
 23835.5489381281
 23838.5703480204
 23841.36193335421
 23843.93278529084
 23846.29199499164
 23848.44865361792
 23850.41185233104
 23852.19068229232
 23853.7942346631
 23855.2316006047
 23856.51187127846
 23857.64413784572
 23858.6374914678
 23859.50102330605
 23860.24382452179
 23860.87498627636
 23861.40359973109
 23861.83875604731
 23862.18954638636
 23862.46506190957
 23862.67439377827
 23862.82663315381
 23862.9308711975
 23862.99619907068
 23863.0317079347
 23863.04648895087
 23863.04963328054
 23863.05023208503
 23863.05737652568
 23863.08015776383
 23863.1276669608
 23863.20899527794
 23863.33323387656
 23863.50947391801
 23863.74680656362
 23864.05432297473
 23864.44111431266
 23864.91627173875
 23865.48888641433
 23866.16804950073
 23866.9628521593
 23867.88238555136
 23868.93574083825
 23870.13200918129
 23871.48028174183
 23872.98964968119
 23874.66920416071
 23876.52803634172
 23878.57523738556
 23880.81989845355
 23883.27111070704
 23885.93796530735
 23888.82955341582
 23891.95496619378
 23895.32329480257
 23898.94363040351
 23902.82506415795
 23906.97668722721
 23911.40759077263
 23916.12686595554
 23921.14360393727
 23926.46689587915
 23932.10583294254
 23938.06950628875
 23944.36700707911
 23951.00742647496
 23957.99985563764
 23965.35338572847
 23973.0771079088
 23981.18011333995
 23989.67149318325
 23998.56033860005
 24007.85574075167
 24017.56679079944
 24027.70257990471
 24038.2721992288
 24049.28473993305


# name: QUERY
# type: sq_string
# elements: 1
# length: 2
R5


# name: DATASIZE
# type: sq_string
# elements: 1
# length: 3
750


