# Created by Octave 4.0.0, Wed May 18 23:53:29 2016 CEST <peter@Independence>
# name: x
# type: matrix
# rows: 1
# columns: 100
 60 60.60606060606061 61.21212121212122 61.81818181818182 62.42424242424242 63.03030303030303 63.63636363636364 64.24242424242425 64.84848484848484 65.45454545454547 66.06060606060606 66.66666666666667 67.27272727272728 67.87878787878788 68.48484848484848 69.09090909090909 69.6969696969697 70.30303030303031 70.90909090909091 71.51515151515152 72.12121212121212 72.72727272727273 73.33333333333334 73.93939393939394 74.54545454545455 75.15151515151516 75.75757575757576 76.36363636363637 76.96969696969697 77.57575757575758 78.18181818181819 78.7878787878788 79.39393939393941 80 80.60606060606061 81.21212121212122 81.81818181818183 82.42424242424244 83.03030303030303 83.63636363636364 84.24242424242425 84.84848484848486 85.45454545454545 86.06060606060606 86.66666666666667 87.27272727272728 87.87878787878789 88.48484848484848 89.09090909090909 89.6969696969697 90.30303030303031 90.90909090909092 91.51515151515153 92.12121212121212 92.72727272727273 93.33333333333334 93.93939393939394 94.54545454545455 95.15151515151516 95.75757575757576 96.36363636363637 96.96969696969697 97.57575757575758 98.18181818181819 98.7878787878788 99.39393939393941 100 100.6060606060606 101.2121212121212 101.8181818181818 102.4242424242424 103.030303030303 103.6363636363636 104.2424242424242 104.8484848484849 105.4545454545455 106.0606060606061 106.6666666666667 107.2727272727273 107.8787878787879 108.4848484848485 109.0909090909091 109.6969696969697 110.3030303030303 110.9090909090909 111.5151515151515 112.1212121212121 112.7272727272727 113.3333333333333 113.9393939393939 114.5454545454546 115.1515151515152 115.7575757575758 116.3636363636364 116.969696969697 117.5757575757576 118.1818181818182 118.7878787878788 119.3939393939394 120


# name: y
# type: matrix
# rows: 100
# columns: 1
 23977.16603310052
 23953.43001359935
 23932.0289149668
 23912.77525591806
 23895.49307955413
 23880.01747109335
 23866.1940859134
 23853.87868790162
 23842.93669811517
 23833.24275375028
 23824.68027742072
 23817.14105674569
 23810.52483424681
 23804.73890755458
 23799.69773992389
 23795.32258105903
 23791.54109824782
 23788.28701780502
 23785.49977682516
 23783.12418524443
 23781.11009821202
 23779.41209877064
 23777.98919084635
 23776.80450254767
 23775.82499977391
 23775.02121013284
 23774.36695716761
 23773.83910489292
 23773.41731264051
 23773.08380021387
 23772.8231233523
 23772.62195950412
 23772.46890390932
 23772.35427599132
 23772.26993605813
 23772.20911231271
 23772.16623817261
 23772.13679989894
 23772.11719453455
 23772.10459815151
 23772.09684440786
 23772.09231341366
 23772.08983090625
 23772.08857773486
 23772.08800965444
 23772.0877874288
 23772.08771724297
 23772.08770142492
 23772.08769947647
 23772.0876994135
 23772.08769941549
 23772.08769978423
 23772.0877052119
 23772.08773735838
 23772.08785773779
 23772.08820091444
 23772.08901800788
 23772.09073050737
 23772.09399439552
 23772.0997745813
 23772.1094296422
 23772.12480687582
 23772.14834766058
 23772.18320312581
 23772.23336013107
 23772.30377755475
 23772.40053289195
 23772.53097916163
 23772.70391212303
 23772.92974780137
 23773.2207103228
 23773.59103005871
 23774.05715207917
 23774.63795491577
 23775.3549796337
 23776.23266921303
 23777.29861823941
 23778.58383290387
 23780.12300131208
 23781.95477410271
 23784.12205537515
 23786.67230392654
 23789.65784479801
 23793.13619113019
 23797.17037632804
 23801.82929653493
 23807.18806341599
 23813.32836725075
 23820.33885033501
 23828.31549069207
 23837.36199609315
 23847.59020838709
 23859.12051813944
 23872.08228958063
 23886.61429586353
 23902.86516463033
 23920.99383388869
 23941.17001819682
 23963.57468515856
 23988.40054222701


# name: QUERY
# type: sq_string
# elements: 1
# length: 2
R5


# name: DATASIZE
# type: sq_string
# elements: 1
# length: 3
750


