# Created by Octave 4.0.0, Thu May 19 00:54:32 2016 CEST <peter@Independence>
# name: x
# type: matrix
# rows: 1
# columns: 100
 60 60.60606060606061 61.21212121212122 61.81818181818181 62.42424242424242 63.03030303030303 63.63636363636364 64.24242424242425 64.84848484848484 65.45454545454545 66.06060606060606 66.66666666666666 67.27272727272728 67.87878787878788 68.48484848484848 69.09090909090909 69.69696969696969 70.3030303030303 70.90909090909091 71.51515151515152 72.12121212121212 72.72727272727272 73.33333333333333 73.93939393939394 74.54545454545455 75.15151515151516 75.75757575757575 76.36363636363636 76.96969696969697 77.57575757575758 78.18181818181819 78.78787878787878 79.39393939393939 80 80.60606060606061 81.21212121212122 81.81818181818181 82.42424242424242 83.03030303030303 83.63636363636363 84.24242424242424 84.84848484848484 85.45454545454545 86.06060606060606 86.66666666666666 87.27272727272727 87.87878787878788 88.48484848484848 89.09090909090909 89.69696969696969 90.3030303030303 90.90909090909091 91.51515151515152 92.12121212121212 92.72727272727272 93.33333333333333 93.93939393939394 94.54545454545455 95.15151515151516 95.75757575757575 96.36363636363636 96.96969696969697 97.57575757575758 98.18181818181819 98.78787878787878 99.39393939393939 100 100.6060606060606 101.2121212121212 101.8181818181818 102.4242424242424 103.030303030303 103.6363636363636 104.2424242424242 104.8484848484848 105.4545454545455 106.0606060606061 106.6666666666667 107.2727272727273 107.8787878787879 108.4848484848485 109.0909090909091 109.6969696969697 110.3030303030303 110.9090909090909 111.5151515151515 112.1212121212121 112.7272727272727 113.3333333333333 113.9393939393939 114.5454545454545 115.1515151515152 115.7575757575758 116.3636363636364 116.969696969697 117.5757575757576 118.1818181818182 118.7878787878788 119.3939393939394 120


# name: y
# type: matrix
# rows: 100
# columns: 1
 357455.1496361605
 357391.5133660916
 357320.1718773934
 357240.8541002157
 357153.2958934565
 357057.2405014209
 356952.4390045214
 356838.6507632307
 356715.643854512
 356583.1954999492
 356441.0924848197
 356289.1315673444
 356127.1198773784
 355954.8753038066
 355772.2268699261
 355579.0150961115
 355375.0923490791
 355160.3231770825
 354934.584630385
 354697.7665663921
 354449.7719388299
 354190.5170703947
 353919.9319083115
 353637.9602622783
 353344.5600242899
 353039.7033698633
 352723.3769402276
 352395.5820050593
 352056.3346053806
 351705.6656762696
 351343.6211490696
 350970.2620328053
 350585.6644745694
 350189.9197986524
 349783.1345242499
 349365.4303615972
 348936.9441864318
 348497.8279927142
 348048.248823576
 347588.3886805038
 347118.4444107999
 346638.6275734106
 346149.1642832305
 345650.2950340477
 345142.2745003256
 344625.3713180421
 344099.8678448707
 343566.0598999925
 343024.2564838883
 342474.7794784823
 341917.9633280459
 341354.1547013127
 340783.7121352628
 340207.0056611125
 339624.416413016
 339036.336220079
 338443.1671822615
 337845.3212308066
 337243.2196738475
 336637.2927278671
 336027.9790357225
 335415.7251719498
 334800.9851361077
 334184.2198349209
 333565.8965540132
 332946.4884200343
 332326.4738540034
 331706.336016695
 331086.5622469272
 330467.643493599
 329850.0737423475
 329234.3494377065
 328620.9689016377
 328010.4317493279
 327403.2383031386
 326799.8890055981
 326200.8838323251
 325606.721705772
 325017.8999106754
 324434.91351208
 323858.2547768239
 323288.4125993371
 322725.8719326079
 322171.1132251605
 321624.6118648691
 321086.8376304283
 320558.2541512641
 320039.3183766804
 319530.4800549934
 319032.1812233965
 318544.8557092731
 318068.9286436641
 317604.8159875469
 317152.9240715935
 316713.6491500138
 316287.3769690925
 315874.482350978
 315475.3287932714
 315090.2680849199
 314719.6399388968


# name: TRAIN_QUERIES
# type: cell
# rows: 1
# columns: 3
# name: <cell-element>
# type: sq_string
# elements: 1
# length: 2
R1



# name: <cell-element>
# type: sq_string
# elements: 1
# length: 2
R2



# name: <cell-element>
# type: sq_string
# elements: 1
# length: 2
R4





# name: TEST_QUERIES
# type: cell
# rows: 1
# columns: 1
# name: <cell-element>
# type: sq_string
# elements: 1
# length: 2
R3





