# Created by Octave 4.0.0, Thu May 19 00:54:32 2016 CEST <peter@Independence>
# name: x
# type: matrix
# rows: 1
# columns: 100
 60 60.60606060606061 61.21212121212122 61.81818181818181 62.42424242424242 63.03030303030303 63.63636363636364 64.24242424242425 64.84848484848484 65.45454545454545 66.06060606060606 66.66666666666666 67.27272727272728 67.87878787878788 68.48484848484848 69.09090909090909 69.69696969696969 70.3030303030303 70.90909090909091 71.51515151515152 72.12121212121212 72.72727272727272 73.33333333333333 73.93939393939394 74.54545454545455 75.15151515151516 75.75757575757575 76.36363636363636 76.96969696969697 77.57575757575758 78.18181818181819 78.78787878787878 79.39393939393939 80 80.60606060606061 81.21212121212122 81.81818181818181 82.42424242424242 83.03030303030303 83.63636363636363 84.24242424242424 84.84848484848484 85.45454545454545 86.06060606060606 86.66666666666666 87.27272727272727 87.87878787878788 88.48484848484848 89.09090909090909 89.69696969696969 90.3030303030303 90.90909090909091 91.51515151515152 92.12121212121212 92.72727272727272 93.33333333333333 93.93939393939394 94.54545454545455 95.15151515151516 95.75757575757575 96.36363636363636 96.96969696969697 97.57575757575758 98.18181818181819 98.78787878787878 99.39393939393939 100 100.6060606060606 101.2121212121212 101.8181818181818 102.4242424242424 103.030303030303 103.6363636363636 104.2424242424242 104.8484848484848 105.4545454545455 106.0606060606061 106.6666666666667 107.2727272727273 107.8787878787879 108.4848484848485 109.0909090909091 109.6969696969697 110.3030303030303 110.9090909090909 111.5151515151515 112.1212121212121 112.7272727272727 113.3333333333333 113.9393939393939 114.5454545454545 115.1515151515152 115.7575757575758 116.3636363636364 116.969696969697 117.5757575757576 118.1818181818182 118.7878787878788 119.3939393939394 120


# name: y
# type: matrix
# rows: 100
# columns: 1
 368238.4017522825
 368245.2000182709
 368251.9982842646
 368258.79655026
 368265.5948162509
 368272.3930822416
 368279.1913482329
 368285.9896142271
 368292.787880216
 368299.5861462071
 368306.3844121974
 368313.1826781904
 368319.9809441792
 368326.7792101756
 368333.5774761647
 368340.3757421577
 368347.1740081466
 368353.9722741414
 368360.7705401296
 368367.56880612
 368374.3670721146
 368381.1653381016
 368387.9636040991
 368394.7618700869
 368401.5601360803
 368408.3584020701
 368415.1566680634
 368421.9549340544
 368428.7532000447
 368435.5514660376
 368442.3497320283
 368449.1479980204
 368455.9462640114
 368462.7445300025
 368469.5427959932
 368476.3410619864
 368483.1393279777
 368489.9375939697
 368496.7358599613
 368503.5341259525
 368510.3323919437
 368517.1306579357
 368523.9289239275
 368530.7271899184
 368537.52545591
 368544.3237219015
 368551.1219878934
 368557.9202538849
 368564.7185198763
 368571.5167858678
 368578.3150518593
 368585.1133178511
 368591.9115838424
 368598.7098498337
 368605.5081158254
 368612.306381817
 368619.1046478088
 368625.9029137992
 368632.7011797918
 368639.4994457835
 368646.2977117741
 368653.0959777651
 368659.8942437567
 368666.6925097493
 368673.4907757405
 368680.2890417329
 368687.0873077245
 368693.8855737157
 368700.6838397076
 368707.4821056983
 368714.2803716887
 368721.0786376831
 368727.8769036728
 368734.6751696629
 368741.4734356562
 368748.2717016457
 368755.0699676418
 368761.8682336278
 368768.6664996242
 368775.464765612
 368782.2630316062
 368789.0612975986
 368795.8595635893
 368802.6578295806
 368809.4560955679
 368816.2543615643
 368823.0526275543
 368829.8508935478
 368836.6491595395
 368843.4474255305
 368850.2456915207
 368857.0439575093
 368863.8422235007
 368870.6404894974
 368877.4387554872
 368884.2370214751
 368891.0352874676
 368897.8335534642
 368904.6318194541
 368911.4300854427


# name: TRAIN_QUERIES
# type: cell
# rows: 1
# columns: 3
# name: <cell-element>
# type: sq_string
# elements: 1
# length: 2
R1



# name: <cell-element>
# type: sq_string
# elements: 1
# length: 2
R2



# name: <cell-element>
# type: sq_string
# elements: 1
# length: 2
R4





# name: TEST_QUERIES
# type: cell
# rows: 1
# columns: 1
# name: <cell-element>
# type: sq_string
# elements: 1
# length: 2
R3





