# Created by Octave 4.0.0, Thu May 19 00:54:32 2016 CEST <peter@Independence>
# name: x
# type: matrix
# rows: 1
# columns: 100
 60 60.60606060606061 61.21212121212122 61.81818181818181 62.42424242424242 63.03030303030303 63.63636363636364 64.24242424242425 64.84848484848484 65.45454545454545 66.06060606060606 66.66666666666666 67.27272727272728 67.87878787878788 68.48484848484848 69.09090909090909 69.69696969696969 70.3030303030303 70.90909090909091 71.51515151515152 72.12121212121212 72.72727272727272 73.33333333333333 73.93939393939394 74.54545454545455 75.15151515151516 75.75757575757575 76.36363636363636 76.96969696969697 77.57575757575758 78.18181818181819 78.78787878787878 79.39393939393939 80 80.60606060606061 81.21212121212122 81.81818181818181 82.42424242424242 83.03030303030303 83.63636363636363 84.24242424242424 84.84848484848484 85.45454545454545 86.06060606060606 86.66666666666666 87.27272727272727 87.87878787878788 88.48484848484848 89.09090909090909 89.69696969696969 90.3030303030303 90.90909090909091 91.51515151515152 92.12121212121212 92.72727272727272 93.33333333333333 93.93939393939394 94.54545454545455 95.15151515151516 95.75757575757575 96.36363636363636 96.96969696969697 97.57575757575758 98.18181818181819 98.78787878787878 99.39393939393939 100 100.6060606060606 101.2121212121212 101.8181818181818 102.4242424242424 103.030303030303 103.6363636363636 104.2424242424242 104.8484848484848 105.4545454545455 106.0606060606061 106.6666666666667 107.2727272727273 107.8787878787879 108.4848484848485 109.0909090909091 109.6969696969697 110.3030303030303 110.9090909090909 111.5151515151515 112.1212121212121 112.7272727272727 113.3333333333333 113.9393939393939 114.5454545454545 115.1515151515152 115.7575757575758 116.3636363636364 116.969696969697 117.5757575757576 118.1818181818182 118.7878787878788 119.3939393939394 120


# name: y
# type: matrix
# rows: 1
# columns: 100
 356551.2404069342 356547.0205234241 356542.8006399139 356538.5807564038 356534.3608728937 356530.1409893835 356525.9211058734 356521.7012223632 356517.4813388531 356513.2614553429 356509.0415718328 356504.8216883226 356500.6018048125 356496.3819213024 356492.1620377922 356487.9421542821 356483.7222707719 356479.5023872618 356475.2825037516 356471.0626202415 356466.8427367313 356462.6228532212 356458.4029697111 356454.1830862009 356449.9632026907 356445.7433191806 356441.5234356704 356437.3035521603 356433.0836686501 356428.86378514 356424.6439016298 356420.4240181197 356416.2041346096 356411.9842510994 356407.7643675893 356403.5444840791 356399.324600569 356395.1047170588 356390.8848335487 356386.6649500385 356382.4450665284 356378.2251830183 356374.0052995081 356369.785415998 356365.5655324878 356361.3456489777 356357.1257654675 356352.9058819574 356348.6859984472 356344.466114937 356340.2462314269 356336.0263479167 356331.8064644066 356327.5865808965 356323.3666973863 356319.1468138762 356314.926930366 356310.7070468559 356306.4871633457 356302.2672798356 356298.0473963254 356293.8275128153 356289.6076293052 356285.387745795 356281.1678622849 356276.9479787747 356272.7280952646 356268.5082117544 356264.2883282443 356260.0684447341 356255.848561224 356251.6286777139 356247.4087942037 356243.1889106936 356238.9690271834 356234.7491436733 356230.5292601631 356226.3093766529 356222.0894931428 356217.8696096326 356213.6497261225 356209.4298426124 356205.2099591022 356200.9900755921 356196.7701920819 356192.5503085718 356188.3304250616 356184.1105415515 356179.8906580413 356175.6707745312 356171.4508910211 356167.2310075109 356163.0111240008 356158.7912404906 356154.5713569805 356150.3514734703 356146.1315899602 356141.91170645 356137.6918229399 356133.4719394298


# name: TRAIN_QUERIES
# type: cell
# rows: 1
# columns: 3
# name: <cell-element>
# type: sq_string
# elements: 1
# length: 2
R1



# name: <cell-element>
# type: sq_string
# elements: 1
# length: 2
R2



# name: <cell-element>
# type: sq_string
# elements: 1
# length: 2
R4





# name: TEST_QUERIES
# type: cell
# rows: 1
# columns: 1
# name: <cell-element>
# type: sq_string
# elements: 1
# length: 2
R3





