# Created by Octave 4.0.0, Thu May 19 00:51:59 2016 CEST <peter@Independence>
# name: mu
# type: matrix
# rows: 1
# columns: 9
 356347.2514474773 37082.06286186932 69789.07775020678 3728.564102564103 5980.90570719603 31916.26799007444 247748.9578163772 573.2009925558312 89.29693961952026


# name: sigma
# type: matrix
# rows: 1
# columns: 9
 308333.2612645894 12405.76021702299 21923.01479928448 2103.347856717789 3159.989224147867 16304.28071621544 234450.4353021972 253.1207734645238 21.61336964123892


