# Created by Octave 4.0.0, Thu May 19 00:54:32 2016 CEST <peter@Independence>
# name: x
# type: matrix
# rows: 1
# columns: 100
 60 60.60606060606061 61.21212121212122 61.81818181818181 62.42424242424242 63.03030303030303 63.63636363636364 64.24242424242425 64.84848484848484 65.45454545454545 66.06060606060606 66.66666666666666 67.27272727272728 67.87878787878788 68.48484848484848 69.09090909090909 69.69696969696969 70.3030303030303 70.90909090909091 71.51515151515152 72.12121212121212 72.72727272727272 73.33333333333333 73.93939393939394 74.54545454545455 75.15151515151516 75.75757575757575 76.36363636363636 76.96969696969697 77.57575757575758 78.18181818181819 78.78787878787878 79.39393939393939 80 80.60606060606061 81.21212121212122 81.81818181818181 82.42424242424242 83.03030303030303 83.63636363636363 84.24242424242424 84.84848484848484 85.45454545454545 86.06060606060606 86.66666666666666 87.27272727272727 87.87878787878788 88.48484848484848 89.09090909090909 89.69696969696969 90.3030303030303 90.90909090909091 91.51515151515152 92.12121212121212 92.72727272727272 93.33333333333333 93.93939393939394 94.54545454545455 95.15151515151516 95.75757575757575 96.36363636363636 96.96969696969697 97.57575757575758 98.18181818181819 98.78787878787878 99.39393939393939 100 100.6060606060606 101.2121212121212 101.8181818181818 102.4242424242424 103.030303030303 103.6363636363636 104.2424242424242 104.8484848484848 105.4545454545455 106.0606060606061 106.6666666666667 107.2727272727273 107.8787878787879 108.4848484848485 109.0909090909091 109.6969696969697 110.3030303030303 110.9090909090909 111.5151515151515 112.1212121212121 112.7272727272727 113.3333333333333 113.9393939393939 114.5454545454545 115.1515151515152 115.7575757575758 116.3636363636364 116.969696969697 117.5757575757576 118.1818181818182 118.7878787878788 119.3939393939394 120


# name: y
# type: matrix
# rows: 100
# columns: 1
 313595.7139177646
 314017.9526842967
 314431.3653804984
 314835.9520063724
 315231.7125619166
 315618.6470471317
 315996.7554620176
 316366.0378065743
 316726.4940808013
 317078.1242846987
 317420.9284182677
 317754.9064815077
 318080.0584744182
 318396.3843969994
 318703.8842492509
 319002.5580311735
 319292.4057427673
 319573.4273840314
 319845.6229549664
 320108.9924555724
 320363.5358858486
 320609.2532457961
 320846.1445354141
 321074.209754703
 321293.4489036626
 321503.8619822931
 321705.4489905945
 321898.2099285662
 322082.1447962089
 322257.2535935224
 322423.5363205067
 322580.9929771617
 322729.6235634876
 322869.4280794841
 323000.4065251515
 323122.5589004896
 323235.8852054985
 323340.3854401782
 323436.0596045287
 323522.9076985499
 323600.9297222418
 323670.1256756046
 323730.4955586381
 323782.0393713425
 323824.7571137176
 323858.6487857634
 323883.71438748
 323899.9539188674
 323907.3673799256
 323905.9547706546
 323895.7160910543
 323876.6513411247
 323848.760520866
 323812.043630278
 323766.5006693609
 323712.1316381145
 323648.9365365388
 323576.9153646339
 323496.0681223998
 323406.3948098365
 323307.8954269439
 323200.569973722
 323084.4184501711
 322959.4408562909
 322825.6371920814
 322683.0074575428
 322531.5516526748
 322371.2697774776
 322202.1618319514
 322024.2278160957
 321837.4677299108
 321641.8815733968
 321437.4693465534
 321224.231049381
 321002.166681879
 320771.2762440483
 320531.5597358881
 320283.0171573986
 320025.6485085801
 319759.4537894319
 319484.4329999546
 319200.586140149
 318907.913210013
 318606.4142095484
 318296.0891387544
 317976.9379976314
 317648.9607861787
 317312.157504397
 316966.5281522856
 316612.0727298461
 316248.7912370764
 315876.6836739777
 315495.7500405498
 315105.9903367927
 314707.4045627071
 314299.9927182913
 313883.7548035462
 313458.6908184718
 313024.8007630691
 312582.0846373365


# name: TRAIN_QUERIES
# type: cell
# rows: 1
# columns: 3
# name: <cell-element>
# type: sq_string
# elements: 1
# length: 2
R1



# name: <cell-element>
# type: sq_string
# elements: 1
# length: 2
R2



# name: <cell-element>
# type: sq_string
# elements: 1
# length: 2
R4





# name: TEST_QUERIES
# type: cell
# rows: 1
# columns: 1
# name: <cell-element>
# type: sq_string
# elements: 1
# length: 2
R3





