# Created by Octave 4.0.0, Thu May 19 00:54:32 2016 CEST <peter@Independence>
# name: x
# type: matrix
# rows: 1
# columns: 100
 60 60.60606060606061 61.21212121212122 61.81818181818181 62.42424242424242 63.03030303030303 63.63636363636364 64.24242424242425 64.84848484848484 65.45454545454545 66.06060606060606 66.66666666666666 67.27272727272728 67.87878787878788 68.48484848484848 69.09090909090909 69.69696969696969 70.3030303030303 70.90909090909091 71.51515151515152 72.12121212121212 72.72727272727272 73.33333333333333 73.93939393939394 74.54545454545455 75.15151515151516 75.75757575757575 76.36363636363636 76.96969696969697 77.57575757575758 78.18181818181819 78.78787878787878 79.39393939393939 80 80.60606060606061 81.21212121212122 81.81818181818181 82.42424242424242 83.03030303030303 83.63636363636363 84.24242424242424 84.84848484848484 85.45454545454545 86.06060606060606 86.66666666666666 87.27272727272727 87.87878787878788 88.48484848484848 89.09090909090909 89.69696969696969 90.3030303030303 90.90909090909091 91.51515151515152 92.12121212121212 92.72727272727272 93.33333333333333 93.93939393939394 94.54545454545455 95.15151515151516 95.75757575757575 96.36363636363636 96.96969696969697 97.57575757575758 98.18181818181819 98.78787878787878 99.39393939393939 100 100.6060606060606 101.2121212121212 101.8181818181818 102.4242424242424 103.030303030303 103.6363636363636 104.2424242424242 104.8484848484848 105.4545454545455 106.0606060606061 106.6666666666667 107.2727272727273 107.8787878787879 108.4848484848485 109.0909090909091 109.6969696969697 110.3030303030303 110.9090909090909 111.5151515151515 112.1212121212121 112.7272727272727 113.3333333333333 113.9393939393939 114.5454545454545 115.1515151515152 115.7575757575758 116.3636363636364 116.969696969697 117.5757575757576 118.1818181818182 118.7878787878788 119.3939393939394 120


# name: y
# type: matrix
# rows: 100
# columns: 1
 403387.0029814399
 402784.0018704443
 402205.9454805378
 401652.3068842334
 401122.5591540437
 400616.1753624819
 400132.6285820608
 399671.3918852932
 399231.9383446922
 398813.7410327707
 398416.2730220412
 398039.0073850171
 397681.417194211
 397342.9755221359
 397023.1554413048
 396721.4300242303
 396437.2723434257
 396170.1554714035
 395919.5524806769
 395684.9364437586
 395465.7804331616
 395261.5575213989
 395071.7407809831
 394895.8032844274
 394733.2181042446
 394583.4583129475
 394445.9969830491
 394320.3071870623
 394205.8619975
 394102.1344868751
 394008.5977277004
 393924.724792489
 393849.9887537535
 393783.8626840071
 393725.8196557626
 393675.3327415328
 393631.8750138307
 393594.9195451692
 393563.9394080611
 393538.4076750194
 393517.797418557
 393501.5817111868
 393489.2336254216
 393480.2262337744
 393474.0326087581
 393470.1258228855
 393467.9789486696
 393467.0650586233
 393466.8572252595
 393466.828521091
 393466.4520186307
 393465.2007903917
 393462.5479088867
 393457.9664466287
 393450.9294761305
 393440.9100699051
 393427.3813004654
 393409.8162403242
 393387.6879619945
 393360.4695379891
 393327.6340408211
 393288.6545430031
 393243.0041170482
 393190.1558354693
 393129.5827707793
 393060.757995491
 392983.1545821173
 392896.2456031712
 392799.5041311656
 392692.4032386133
 392574.4159980273
 392445.0154819204
 392303.6747628056
 392149.8669131957
 391983.0650056037
 391802.7421125424
 391608.3713065248
 391399.4256600637
 391175.3782456721
 390935.7021358628
 390679.8704031488
 390407.3561200429
 390117.6323590581
 389810.1721927072
 389484.4486935032
 389139.9349339589
 388776.1039865871
 388392.4289239011
 387988.3828184134
 387563.4387426371
 387117.069769085
 386648.74897027
 386157.9494187051
 385644.1441869031
 385106.806347377
 384545.4089726395
 383959.4251352039
 383348.3279075827
 382711.5903622889
 382048.6855718354


# name: TRAIN_QUERIES
# type: cell
# rows: 1
# columns: 3
# name: <cell-element>
# type: sq_string
# elements: 1
# length: 2
R1



# name: <cell-element>
# type: sq_string
# elements: 1
# length: 2
R2



# name: <cell-element>
# type: sq_string
# elements: 1
# length: 2
R4





# name: TEST_QUERIES
# type: cell
# rows: 1
# columns: 1
# name: <cell-element>
# type: sq_string
# elements: 1
# length: 2
R3





