# Created by Octave 4.0.0, Thu May 19 00:54:32 2016 CEST <peter@Independence>
# name: x
# type: matrix
# rows: 1
# columns: 100
 60 60.60606060606061 61.21212121212122 61.81818181818181 62.42424242424242 63.03030303030303 63.63636363636364 64.24242424242425 64.84848484848484 65.45454545454545 66.06060606060606 66.66666666666666 67.27272727272728 67.87878787878788 68.48484848484848 69.09090909090909 69.69696969696969 70.3030303030303 70.90909090909091 71.51515151515152 72.12121212121212 72.72727272727272 73.33333333333333 73.93939393939394 74.54545454545455 75.15151515151516 75.75757575757575 76.36363636363636 76.96969696969697 77.57575757575758 78.18181818181819 78.78787878787878 79.39393939393939 80 80.60606060606061 81.21212121212122 81.81818181818181 82.42424242424242 83.03030303030303 83.63636363636363 84.24242424242424 84.84848484848484 85.45454545454545 86.06060606060606 86.66666666666666 87.27272727272727 87.87878787878788 88.48484848484848 89.09090909090909 89.69696969696969 90.3030303030303 90.90909090909091 91.51515151515152 92.12121212121212 92.72727272727272 93.33333333333333 93.93939393939394 94.54545454545455 95.15151515151516 95.75757575757575 96.36363636363636 96.96969696969697 97.57575757575758 98.18181818181819 98.78787878787878 99.39393939393939 100 100.6060606060606 101.2121212121212 101.8181818181818 102.4242424242424 103.030303030303 103.6363636363636 104.2424242424242 104.8484848484848 105.4545454545455 106.0606060606061 106.6666666666667 107.2727272727273 107.8787878787879 108.4848484848485 109.0909090909091 109.6969696969697 110.3030303030303 110.9090909090909 111.5151515151515 112.1212121212121 112.7272727272727 113.3333333333333 113.9393939393939 114.5454545454545 115.1515151515152 115.7575757575758 116.3636363636364 116.969696969697 117.5757575757576 118.1818181818182 118.7878787878788 119.3939393939394 120


# name: y
# type: matrix
# rows: 100
# columns: 1
 309904.2008460438
 309669.8993873533
 309459.0800987793
 309269.8212564226
 309100.3215825744
 308948.8951042308
 308813.966123768
 308694.0643017793
 308587.8198520748
 308493.9588488414
 308411.2986459653
 308338.7434085163
 308275.279756393
 308219.9725201307
 308171.9606088701
 308130.4529904883
 308094.7247838909
 308064.1134634665
 308038.0151757024
 308015.8811679621
 307997.2143294243
 307981.5658441841
 307968.5319565153
 307957.7508482947
 307948.899628588
 307941.6914353976
 307935.8726495717
 307931.2202208753
 307927.539106223
 307924.6598200732
 307922.4360969842
 307920.7426663319
 307919.4731391895
 307918.5380073679
 307917.8627546193
 307917.3860800011
 307917.0582334023
 307916.8394632313
 307916.6985762653
 307916.6116096618
 307916.5606151312
 307916.5325552714
 307916.5183120643
 307916.5118075337
 307916.5092365645
 307916.5084118847
 307916.5082212079
 307916.5081965383
 307916.5081956369
 307916.5081956495
 307916.5081988968
 307916.5082508254
 307916.5085701212
 307916.5097909841
 307916.5133175646
 307916.5217905618
 307916.5396659836
 307916.5739060676
 307916.6347823652
 307916.7367909856
 307916.8996800034
 307917.149589026
 307917.520300924
 307918.0546057229
 307918.8057766563
 307919.8391583809
 307921.2338673536
 307923.0846043693
 307925.5035792614
 307928.6225477635
 307932.5949605328
 307937.5982243354
 307943.8360753928
 307951.5410648909
 307960.9771566496
 307972.4424369555
 307986.2719365544
 308002.8405648077
 308022.5661560085
 308045.9126278606
 308073.3932521188
 308105.5740373908
 308143.0772241009
 308186.5848916156
 308236.8426775303
 308294.6636091181
 308360.9320469407
 308436.6077406199
 308522.7299967716
 308620.4219591016
 308730.8950006624
 308855.453228272
 308995.4980990948
 309152.5331493837
 309328.1688353838
 309524.1274863982
 309742.2483700154
 309984.4928694977
 310252.9497733329
 310549.8406769453


# name: TRAIN_QUERIES
# type: cell
# rows: 1
# columns: 3
# name: <cell-element>
# type: sq_string
# elements: 1
# length: 2
R1



# name: <cell-element>
# type: sq_string
# elements: 1
# length: 2
R2



# name: <cell-element>
# type: sq_string
# elements: 1
# length: 2
R4





# name: TEST_QUERIES
# type: cell
# rows: 1
# columns: 1
# name: <cell-element>
# type: sq_string
# elements: 1
# length: 2
R3





