# Created by Octave 4.0.0, Thu May 19 00:54:32 2016 CEST <peter@Independence>
# name: x
# type: matrix
# rows: 1
# columns: 100
 60 60.60606060606061 61.21212121212122 61.81818181818181 62.42424242424242 63.03030303030303 63.63636363636364 64.24242424242425 64.84848484848484 65.45454545454545 66.06060606060606 66.66666666666666 67.27272727272728 67.87878787878788 68.48484848484848 69.09090909090909 69.69696969696969 70.3030303030303 70.90909090909091 71.51515151515152 72.12121212121212 72.72727272727272 73.33333333333333 73.93939393939394 74.54545454545455 75.15151515151516 75.75757575757575 76.36363636363636 76.96969696969697 77.57575757575758 78.18181818181819 78.78787878787878 79.39393939393939 80 80.60606060606061 81.21212121212122 81.81818181818181 82.42424242424242 83.03030303030303 83.63636363636363 84.24242424242424 84.84848484848484 85.45454545454545 86.06060606060606 86.66666666666666 87.27272727272727 87.87878787878788 88.48484848484848 89.09090909090909 89.69696969696969 90.3030303030303 90.90909090909091 91.51515151515152 92.12121212121212 92.72727272727272 93.33333333333333 93.93939393939394 94.54545454545455 95.15151515151516 95.75757575757575 96.36363636363636 96.96969696969697 97.57575757575758 98.18181818181819 98.78787878787878 99.39393939393939 100 100.6060606060606 101.2121212121212 101.8181818181818 102.4242424242424 103.030303030303 103.6363636363636 104.2424242424242 104.8484848484848 105.4545454545455 106.0606060606061 106.6666666666667 107.2727272727273 107.8787878787879 108.4848484848485 109.0909090909091 109.6969696969697 110.3030303030303 110.9090909090909 111.5151515151515 112.1212121212121 112.7272727272727 113.3333333333333 113.9393939393939 114.5454545454545 115.1515151515152 115.7575757575758 116.3636363636364 116.969696969697 117.5757575757576 118.1818181818182 118.7878787878788 119.3939393939394 120


# name: y
# type: matrix
# rows: 100
# columns: 1
 344351.7061500529
 344971.5233544176
 345553.2819265343
 346098.5726522002
 346608.9523550547
 347085.943896579
 347531.0361760963
 347945.6841307717
 348331.3087356124
 348689.2970034673
 349021.0019850276
 349327.7427688262
 349610.804481238
 349871.4382864799
 350110.8613866107
 350330.2570215313
 350530.7744689844
 350713.5290445547
 350879.6021016688
 351030.0410315955
 351165.8592634451
 351288.0362641704
 351397.5175385657
 351495.2146292676
 351582.0051167543
 351658.7326193464
 351726.2067932059
 351785.2033323374
 351836.4639685868
 351880.6964716425
 351918.5746490345
 351950.7383461351
 351977.7934461581
 352000.3118701595
 352018.8315770375
 352033.8565635317
 352045.8568642242
 352055.2685515388
 352062.4937357411
 352067.900564939
 352071.8232250821
 352074.5619399622
 352076.3829712126
 352077.5186183092
 352078.1672185693
 352078.4931471524
 352078.6268170599
 352078.6646791353
 352078.6692220639
 352078.6689723728
 352078.6584944315
 352078.598390451
 352078.4153004846
 352078.0019024274
 352077.2169120164
 352075.8850828307
 352073.7972062911
 352070.7101116608
 352066.3466660446
 352060.3957743892
 352052.5123794836
 352042.3174619584
 352029.3980402864
 352013.3071707823
 351993.5639476027
 351969.6535027461
 351941.0270060532
 351907.1016652064
 351867.26072573
 351820.8534709907
 351767.1952221967
 351705.5673383983
 351635.2172164878
 351555.3582911994
 351465.1700351094
 351363.7979586358
 351250.3536100388
 351123.9145754203
 350983.5244787245
 350828.1929817372
 350656.8957840864
 350468.574623242
 350262.1372745158
 350036.4575510615
 349790.375303875
 349522.6964217938
 349232.1928314978
 348917.6024975084
 348577.6294221893
 348210.9436457459
 347816.1812462257
 347391.9443395181
 346936.8010793547
 346449.2856573086
 345927.8983027953
 345371.1052830719
 344777.3389032375
 344144.9975062336
 343472.4454728431
 342758.0132216911


# name: TRAIN_QUERIES
# type: cell
# rows: 1
# columns: 3
# name: <cell-element>
# type: sq_string
# elements: 1
# length: 2
R1



# name: <cell-element>
# type: sq_string
# elements: 1
# length: 2
R2



# name: <cell-element>
# type: sq_string
# elements: 1
# length: 2
R4





# name: TEST_QUERIES
# type: cell
# rows: 1
# columns: 1
# name: <cell-element>
# type: sq_string
# elements: 1
# length: 2
R3





