# Created by Octave 3.8.2, Wed May 18 09:28:28 2016 CEST <Andrea@Andreas-MacBook-Pro.local>
# name: x
# type: matrix
# rows: 1
# columns: 100
 0.008333333333333333 0.008417508417508417 0.008501683501683501 0.008585858585858586 0.00867003367003367 0.008754208754208754 0.008838383838383838 0.008922558922558922 0.009006734006734006 0.00909090909090909 0.009175084175084176 0.009259259259259259 0.009343434343434343 0.009427609427609427 0.009511784511784513 0.009595959595959595 0.009680134680134681 0.009764309764309764 0.009848484848484849 0.009932659932659932 0.01001683501683502 0.0101010101010101 0.01018518518518519 0.01026936026936027 0.01035353535353535 0.01043771043771044 0.01052188552188552 0.01060606060606061 0.01069023569023569 0.01077441077441077 0.01085858585858586 0.01094276094276094 0.01102693602693603 0.01111111111111111 0.0111952861952862 0.01127946127946128 0.01136363636363636 0.01144781144781145 0.01153198653198653 0.01161616161616162 0.0117003367003367 0.01178451178451178 0.01186868686868687 0.01195286195286195 0.01203703703703704 0.01212121212121212 0.01220538720538721 0.01228956228956229 0.01237373737373737 0.01245791245791246 0.01254208754208754 0.01262626262626263 0.01271043771043771 0.01279461279461279 0.01287878787878788 0.01296296296296296 0.01304713804713805 0.01313131313131313 0.01321548821548822 0.0132996632996633 0.01338383838383838 0.01346801346801347 0.01355218855218855 0.01363636363636364 0.01372053872053872 0.01380471380471381 0.01388888888888889 0.01397306397306397 0.01405723905723906 0.01414141414141414 0.01422558922558922 0.01430976430976431 0.01439393939393939 0.01447811447811448 0.01456228956228956 0.01464646464646465 0.01473063973063973 0.01481481481481482 0.0148989898989899 0.01498316498316498 0.01506734006734007 0.01515151515151515 0.01523569023569023 0.01531986531986532 0.0154040404040404 0.01548821548821549 0.01557239057239057 0.01565656565656566 0.01574074074074074 0.01582491582491583 0.01590909090909091 0.01599326599326599 0.01607744107744108 0.01616161616161616 0.01624579124579125 0.01632996632996633 0.01641414141414142 0.0164983164983165 0.01658249158249158 0.01666666666666667


# name: y
# type: matrix
# rows: 100
# columns: 1
 24787.19390330402
 24791.43414208101
 24796.0353261457
 24800.99807789792
 24806.32265766364
 24812.00895933047
 24818.05650649863
 24824.46444915992
 24831.23156091593
 24838.35623674616
 24845.83649133541
 24853.66995796884
 24861.85388800198
 24870.3851509119
 24879.26023493466
 24888.47524829278
 24898.02592101561
 24907.90760735406
 24918.11528878988
 24928.64357763895
 24939.486721246
 24950.63860676784
 24962.09276654017
 24973.84238402249
 24985.8803003139
 24998.19902123157
 25010.79072494262
 25023.64727013857
 25036.76020474085
 25050.12077512425
 25063.71993584436
 25077.54835985396
 25091.59644919205
 25105.85434612832
 25120.311944745
 25134.95890293681
 25149.78465480888
 25164.77842345195
 25179.92923407277
 25195.22592745744
 25210.65717374425
 25226.21148648216
 25241.87723695035
 25257.64266871368
 25273.49591238856
 25289.42500059292
 25305.4178830541
 25321.46244184758
 25337.54650673972
 25353.65787060713
 25369.78430490517
 25385.91357515836
 25402.03345644481
 25418.13174884761
 25434.19629284546
 25450.21498461558
 25466.17579122189
 25482.06676566177
 25497.87606174505
 25513.59194877952
 25529.20282603726
 25544.69723697714
 25560.06388319896
 25575.29163810582
 25590.36956025138
 25605.28690634998
 25620.03314392818
 25634.59796359685
 25648.97129092422
 25663.14329789096
 25677.10441390935
 25690.84533638965
 25704.35704083771
 25717.63079046899
 25730.65814532518
 25743.43097088065
 25755.94144612732
 25768.1820711273
 25780.14567402415
 25791.82541750459
 25803.21480470373
 25814.30768454789
 25825.09825653071
 25835.58107491884
 25845.75105238515
 25855.60346306831
 25865.13394505893
 25874.3385023134
 25883.21350599789
 25891.75569526603
 25899.96217747483
 25907.8304278446
 25915.35828856945
 25922.54396738641
 25929.38603561167
 25935.88342565375
 25942.03542801441
 25947.84168778856
 25953.30220067592
 25958.41730851731


# name: QUERY
# type: sq_string
# elements: 1
# length: 2
R5


# name: DATASIZE
# type: sq_string
# elements: 1
# length: 3
250


