# Created by Octave 4.0.0, Mon May 23 11:57:02 2016 CEST <peter@Independence>
# name: x
# type: matrix
# rows: 1
# columns: 100
 0.008333333333333333 0.008417508417508417 0.008501683501683501 0.008585858585858586 0.00867003367003367 0.008754208754208754 0.008838383838383838 0.008922558922558922 0.009006734006734006 0.00909090909090909 0.009175084175084175 0.009259259259259259 0.009343434343434343 0.009427609427609427 0.009511784511784513 0.009595959595959595 0.009680134680134681 0.009764309764309764 0.009848484848484849 0.009932659932659934 0.01001683501683502 0.0101010101010101 0.01018518518518519 0.01026936026936027 0.01035353535353535 0.01043771043771044 0.01052188552188552 0.01060606060606061 0.01069023569023569 0.01077441077441077 0.01085858585858586 0.01094276094276094 0.01102693602693603 0.01111111111111111 0.0111952861952862 0.01127946127946128 0.01136363636363636 0.01144781144781145 0.01153198653198653 0.01161616161616162 0.0117003367003367 0.01178451178451178 0.01186868686868687 0.01195286195286195 0.01203703703703704 0.01212121212121212 0.01220538720538721 0.01228956228956229 0.01237373737373737 0.01245791245791246 0.01254208754208754 0.01262626262626263 0.01271043771043771 0.01279461279461279 0.01287878787878788 0.01296296296296296 0.01304713804713805 0.01313131313131313 0.01321548821548822 0.0132996632996633 0.01338383838383839 0.01346801346801347 0.01355218855218855 0.01363636363636364 0.01372053872053872 0.01380471380471381 0.01388888888888889 0.01397306397306397 0.01405723905723906 0.01414141414141414 0.01422558922558923 0.01430976430976431 0.01439393939393939 0.01447811447811448 0.01456228956228956 0.01464646464646465 0.01473063973063973 0.01481481481481482 0.0148989898989899 0.01498316498316498 0.01506734006734007 0.01515151515151515 0.01523569023569024 0.01531986531986532 0.0154040404040404 0.01548821548821549 0.01557239057239057 0.01565656565656566 0.01574074074074074 0.01582491582491583 0.01590909090909091 0.01599326599326599 0.01607744107744108 0.01616161616161616 0.01624579124579125 0.01632996632996633 0.01641414141414142 0.0164983164983165 0.01658249158249158 0.01666666666666667


# name: y
# type: matrix
# rows: 100
# columns: 1
 25110.66194344078
 25117.50106441576
 25124.47452936097
 25131.58040243834
 25138.81661664974
 25146.18097428209
 25153.67114751192
 25161.28467917022
 25169.01898366817
 25176.87134808397
 25184.83893341087
 25192.91877596608
 25201.10778896033
 25209.40276422703
 25217.80037411035
 25226.29717351078
 25234.88960208686
 25243.57398661113
 25252.3465434785
 25261.2033813647
 25270.1405040322
 25279.15381328113
 25288.23911204197
 25297.39210760682
 25306.6084149959
 25315.88356045547
 25325.2129850833
 25334.59204857752
 25344.01603310457
 25353.48014728155
 25362.97953026838
 25372.50925596467
 25382.06433730627
 25391.63973065611
 25401.23034028391
 25410.83102292903
 25420.43659244082
 25430.04182449039
 25439.6414613478
 25449.23021671851
 25458.80278063278
 25468.35382438166
 25477.87800549297
 25487.36997274097
 25496.82437118276
 25506.23584721511
 25515.59905364468
 25524.90865476506
 25534.15933143382
 25543.34578614279
 25552.46274807483
 25561.50497814019
 25570.46727398602
 25579.34447497194
 25588.13146710544
 25596.82318793017
 25605.4146313609
 25613.90085245845
 25622.27697213852
 25630.53818180798
 25638.67974792267
 25646.69701646056
 25654.5854173046
 25662.34046852936
 25669.95778058612
 25677.43306038081
 25684.76211523974
 25691.94085675804
 25698.96530452594
 25705.83158972826
 25712.53595861269
 25719.07477582258
 25725.44452759028
 25731.64182478718
 25737.66340582699
 25743.5061394187
 25749.16702716649
 25754.64320601338
 25759.93195052626
 25765.03067501981
 25769.93693551734
 25774.64843154654
 25779.16300776871
 25783.47865543999
 25787.5935137037
 25791.50587071272
 25795.21416458164
 25798.71698416812
 25802.01306968357
 25805.10131313333
 25807.98075858676
 25810.65060227805
 25813.11019253852
 25815.35902956188
 25817.39676500365
 25819.22320141652
 25820.83829152356
 25822.24213733138
 25823.43498908558
 25824.41724407116


# name: QUERY
# type: sq_string
# elements: 1
# length: 2
R5


# name: DATASIZE
# type: sq_string
# elements: 1
# length: 3
250


