# Created by Octave 3.8.2, Wed May 18 09:28:28 2016 CEST <Andrea@Andreas-MacBook-Pro.local>
# name: x
# type: matrix
# rows: 1
# columns: 100
 0.008333333333333333 0.008417508417508417 0.008501683501683501 0.008585858585858586 0.00867003367003367 0.008754208754208754 0.008838383838383838 0.008922558922558922 0.009006734006734006 0.00909090909090909 0.009175084175084176 0.009259259259259259 0.009343434343434343 0.009427609427609427 0.009511784511784513 0.009595959595959595 0.009680134680134681 0.009764309764309764 0.009848484848484849 0.009932659932659932 0.01001683501683502 0.0101010101010101 0.01018518518518519 0.01026936026936027 0.01035353535353535 0.01043771043771044 0.01052188552188552 0.01060606060606061 0.01069023569023569 0.01077441077441077 0.01085858585858586 0.01094276094276094 0.01102693602693603 0.01111111111111111 0.0111952861952862 0.01127946127946128 0.01136363636363636 0.01144781144781145 0.01153198653198653 0.01161616161616162 0.0117003367003367 0.01178451178451178 0.01186868686868687 0.01195286195286195 0.01203703703703704 0.01212121212121212 0.01220538720538721 0.01228956228956229 0.01237373737373737 0.01245791245791246 0.01254208754208754 0.01262626262626263 0.01271043771043771 0.01279461279461279 0.01287878787878788 0.01296296296296296 0.01304713804713805 0.01313131313131313 0.01321548821548822 0.0132996632996633 0.01338383838383838 0.01346801346801347 0.01355218855218855 0.01363636363636364 0.01372053872053872 0.01380471380471381 0.01388888888888889 0.01397306397306397 0.01405723905723906 0.01414141414141414 0.01422558922558922 0.01430976430976431 0.01439393939393939 0.01447811447811448 0.01456228956228956 0.01464646464646465 0.01473063973063973 0.01481481481481482 0.0148989898989899 0.01498316498316498 0.01506734006734007 0.01515151515151515 0.01523569023569023 0.01531986531986532 0.0154040404040404 0.01548821548821549 0.01557239057239057 0.01565656565656566 0.01574074074074074 0.01582491582491583 0.01590909090909091 0.01599326599326599 0.01607744107744108 0.01616161616161616 0.01624579124579125 0.01632996632996633 0.01641414141414142 0.0164983164983165 0.01658249158249158 0.01666666666666667


# name: y
# type: matrix
# rows: 100
# columns: 1
 24977.39108248883
 24983.0212565036
 24988.65143051837
 24994.28160453314
 24999.91177854791
 25005.54195256269
 25011.17212657746
 25016.80230059223
 25022.432474607
 25028.06264862177
 25033.69282263654
 25039.32299665131
 25044.95317066609
 25050.58334468086
 25056.21351869563
 25061.8436927104
 25067.47386672517
 25073.10404073995
 25078.73421475472
 25084.36438876949
 25089.99456278426
 25095.62473679903
 25101.2549108138
 25106.88508482858
 25112.51525884334
 25118.14543285812
 25123.77560687289
 25129.40578088766
 25135.03595490243
 25140.6661289172
 25146.29630293198
 25151.92647694675
 25157.55665096152
 25163.18682497629
 25168.81699899106
 25174.44717300584
 25180.07734702061
 25185.70752103538
 25191.33769505015
 25196.96786906492
 25202.59804307969
 25208.22821709446
 25213.85839110924
 25219.48856512401
 25225.11873913878
 25230.74891315355
 25236.37908716832
 25242.0092611831
 25247.63943519787
 25253.26960921264
 25258.89978322741
 25264.52995724218
 25270.16013125695
 25275.79030527173
 25281.4204792865
 25287.05065330127
 25292.68082731604
 25298.31100133081
 25303.94117534558
 25309.57134936035
 25315.20152337513
 25320.8316973899
 25326.46187140467
 25332.09204541944
 25337.72221943421
 25343.35239344899
 25348.98256746376
 25354.61274147853
 25360.2429154933
 25365.87308950807
 25371.50326352285
 25377.13343753762
 25382.76361155239
 25388.39378556716
 25394.02395958193
 25399.6541335967
 25405.28430761147
 25410.91448162625
 25416.54465564102
 25422.17482965579
 25427.80500367056
 25433.43517768533
 25439.0653517001
 25444.69552571488
 25450.32569972965
 25455.95587374442
 25461.58604775919
 25467.21622177396
 25472.84639578874
 25478.4765698035
 25484.10674381828
 25489.73691783305
 25495.36709184782
 25500.99726586259
 25506.62743987736
 25512.25761389214
 25517.88778790691
 25523.51796192168
 25529.14813593645
 25534.77830995122


# name: QUERY
# type: sq_string
# elements: 1
# length: 2
R5


# name: DATASIZE
# type: sq_string
# elements: 1
# length: 3
250


