# Created by Octave 4.0.0, Mon May 23 11:57:02 2016 CEST <peter@Independence>
# name: x
# type: matrix
# rows: 1
# columns: 100
 0.008333333333333333 0.008417508417508417 0.008501683501683501 0.008585858585858586 0.00867003367003367 0.008754208754208754 0.008838383838383838 0.008922558922558922 0.009006734006734006 0.00909090909090909 0.009175084175084175 0.009259259259259259 0.009343434343434343 0.009427609427609427 0.009511784511784513 0.009595959595959595 0.009680134680134681 0.009764309764309764 0.009848484848484849 0.009932659932659934 0.01001683501683502 0.0101010101010101 0.01018518518518519 0.01026936026936027 0.01035353535353535 0.01043771043771044 0.01052188552188552 0.01060606060606061 0.01069023569023569 0.01077441077441077 0.01085858585858586 0.01094276094276094 0.01102693602693603 0.01111111111111111 0.0111952861952862 0.01127946127946128 0.01136363636363636 0.01144781144781145 0.01153198653198653 0.01161616161616162 0.0117003367003367 0.01178451178451178 0.01186868686868687 0.01195286195286195 0.01203703703703704 0.01212121212121212 0.01220538720538721 0.01228956228956229 0.01237373737373737 0.01245791245791246 0.01254208754208754 0.01262626262626263 0.01271043771043771 0.01279461279461279 0.01287878787878788 0.01296296296296296 0.01304713804713805 0.01313131313131313 0.01321548821548822 0.0132996632996633 0.01338383838383839 0.01346801346801347 0.01355218855218855 0.01363636363636364 0.01372053872053872 0.01380471380471381 0.01388888888888889 0.01397306397306397 0.01405723905723906 0.01414141414141414 0.01422558922558923 0.01430976430976431 0.01439393939393939 0.01447811447811448 0.01456228956228956 0.01464646464646465 0.01473063973063973 0.01481481481481482 0.0148989898989899 0.01498316498316498 0.01506734006734007 0.01515151515151515 0.01523569023569024 0.01531986531986532 0.0154040404040404 0.01548821548821549 0.01557239057239057 0.01565656565656566 0.01574074074074074 0.01582491582491583 0.01590909090909091 0.01599326599326599 0.01607744107744108 0.01616161616161616 0.01624579124579125 0.01632996632996633 0.01641414141414142 0.0164983164983165 0.01658249158249158 0.01666666666666667


# name: y
# type: matrix
# rows: 1
# columns: 100
 25151.68797995943 25154.90055291724 25158.11312587505 25161.32569883286 25164.53827179068 25167.75084474849 25170.9634177063 25174.17599066411 25177.38856362193 25180.60113657974 25183.81370953755 25187.02628249536 25190.23885545318 25193.45142841099 25196.6640013688 25199.87657432662 25203.08914728443 25206.30172024224 25209.51429320005 25212.72686615786 25215.93943911568 25219.15201207349 25222.3645850313 25225.57715798912 25228.78973094693 25232.00230390474 25235.21487686255 25238.42744982037 25241.64002277818 25244.85259573599 25248.0651686938 25251.27774165161 25254.49031460943 25257.70288756724 25260.91546052505 25264.12803348287 25267.34060644068 25270.55317939849 25273.7657523563 25276.97832531411 25280.19089827193 25283.40347122974 25286.61604418755 25289.82861714537 25293.04119010318 25296.25376306099 25299.4663360188 25302.67890897662 25305.89148193443 25309.10405489224 25312.31662785005 25315.52920080786 25318.74177376568 25321.95434672349 25325.16691968131 25328.37949263912 25331.59206559693 25334.80463855474 25338.01721151255 25341.22978447037 25344.44235742818 25347.65493038599 25350.8675033438 25354.08007630162 25357.29264925943 25360.50522221724 25363.71779517505 25366.93036813287 25370.14294109068 25373.35551404849 25376.5680870063 25379.78065996412 25382.99323292193 25386.20580587974 25389.41837883756 25392.63095179537 25395.84352475318 25399.05609771099 25402.2686706688 25405.48124362662 25408.69381658443 25411.90638954224 25415.11896250006 25418.33153545787 25421.54410841568 25424.75668137349 25427.96925433131 25431.18182728912 25434.39440024693 25437.60697320474 25440.81954616255 25444.03211912037 25447.24469207818 25450.45726503599 25453.66983799381 25456.88241095162 25460.09498390943 25463.30755686724 25466.52012982505 25469.73270278287


# name: QUERY
# type: sq_string
# elements: 1
# length: 2
R5


# name: DATASIZE
# type: sq_string
# elements: 1
# length: 3
250


