# Created by Octave 4.0.0, Mon May 23 11:57:02 2016 CEST <peter@Independence>
# name: SVs
# type: cell
# rows: 1
# columns: 7
# name: <cell-element>
# type: sparse matrix
# nnz: 273
# rows: 39
# columns: 7
1 1 0.2934651236879323
2 1 -0.7632814264784585
3 1 2.349353618842471
4 1 1.544875512042869
5 1 0.4682653049184631
6 1 -0.1415489636925933
7 1 1.530970952172258
8 1 0.05510124019175386
9 1 -0.5427948342444936
10 1 -1.545909510624244
11 1 0.9430067062150184
12 1 0.6808064343692221
13 1 -1.087059034894101
14 1 1.189316052494403
15 1 -0.9400679734047909
16 1 0.4166197968276244
17 1 0.472238036310066
18 1 1.380007159291345
19 1 0.05112850880015089
20 1 -0.1137398439513725
21 1 1.805089418192863
22 1 -0.916231585055173
23 1 0.7145746511978474
24 1 -1.261859216124632
25 1 -0.6897858957338036
26 1 -0.6440994847303694
27 1 0.6549836803238028
28 1 1.050270453788299
29 1 -1.257886484733029
30 1 -0.2825809280944989
31 1 -0.189221740391829
32 1 -2.090173711273851
33 1 0.8357429586417381
34 1 1.364116233724934
35 1 -0.2647036368322855
36 1 -1.708791497679966
37 1 -0.3461446303601464
38 1 -0.9817816530166221
39 1 0.09284218841198211
1 2 -0.1724558872386072
2 2 -0.3913092606962101
3 2 1.076050500390956
4 2 -0.08387237893433934
5 2 0.5143268418497754
6 2 -0.5455487810377589
7 2 1.942084563930328
8 2 -0.4673868619457578
9 2 0.2360704098822516
10 2 -1.575201795209719
11 2 0.754023393731912
12 2 1.117736857240023
13 2 -1.346968991461077
14 2 1.114610380476343
15 2 -0.8008777167382957
16 2 1.167760485458904
17 2 1.287608761399972
18 2 1.375150110783014
19 2 0.3288225538714262
20 2 0.5132846829285487
21 2 0.9395276817102611
22 2 -1.36468569312193
23 2 0.6383437534757505
24 2 -1.279228661581342
25 2 -0.2870933685735421
26 2 -0.2016363370329543
27 2 0.9582865422923414
28 2 1.067713229021143
29 2 -1.442847612213931
30 2 0.5268327489044956
31 2 -0.2224795154574879
32 2 -1.791970850824869
33 2 0.8801246232003404
34 2 1.077092659312183
35 2 0.4038579961997473
36 2 -1.39595046075873
37 2 -0.87487100014539
38 2 -1.38031807694033
39 2 -0.05990272374612569
1 3 -0.9940398901181248
2 3 -0.02616359660990333
3 3 1.044952834872528
4 3 0.5932772312353584
5 3 -0.374599062272863
6 3 -0.3616940450260868
7 3 -0.2326438725583239
8 3 0.6190872657289109
9 3 -0.1552137690776662
10 3 -2.568451994224831
11 3 -0.1164987173373373
12 3 -0.1294037345841136
13 3 -0.6714144589487175
14 3 0.6707073347160161
15 3 -0.3229789932857579
16 3 4.180872025839165
17 3 0.7610424554434501
18 3 0.08998155861108324
19 3 1.0062377831322
20 3 0.8384725589241078
21 3 0.8384725589241078
22 3 -0.0519736311034559
23 3 -0.06487864835023219
24 3 -1.742530890431149
25 3 0.6061822484821346
26 3 0.348081903546609
27 3 0.8384725589241078
28 3 -0.7617495796761515
29 3 0.8900926279112129
30 3 0.6061822484821346
31 3 0.4771320760143718
32 3 -0.374599062272863
33 3 -0.09068868284378476
34 3 0.7352324209498975
35 3 -0.2455488898051002
36 3 -0.1552137690776662
37 3 0.3867969552869378
38 3 -0.5681743209745073
39 3 -2.232921545808648
1 4 -0.2859906073803116
2 4 0.1610352204751406
3 4 0.4993250361495368
4 4 -0.06851858301819976
5 4 -0.1893363743304841
6 4 0.00397209176917088
7 4 -0.020191466493286
8 4 1.961220311028178
9 4 -0.09268214128065663
10 4 -3.113126924087766
11 4 -0.03227324562451443
12 4 -0.1047639204118851
13 4 0.2576894535249681
14 4 -0.1047639204118851
15 4 -0.213499932592941
16 4 5.706571841708993
17 4 0.1006263248189984
18 4 -0.1530910369367988
19 4 0.3905890239684809
20 4 0.2214441161312828
21 4 0.3180983491811103
22 4 -0.1047639204118851
23 4 -0.1893363743304841
24 4 -0.4430537360862813
25 4 0.07646276655654151
26 4 -0.1651728160680273
27 4 0.1851987787375975
28 4 -0.1168456995431135
29 4 0.2335258952625112
30 4 -0.09268214128065663
31 4 -0.06851858301819976
32 4 -0.213499932592941
33 4 0.1006263248189984
34 4 -0.04435502475574287
35 4 -0.1772545951992557
36 4 -0.3463995030364538
37 4 0.05229920829408463
38 4 0.2093623370000543
39 4 -2.762755329282141
1 5 0.2096484637734075
2 5 -0.1310969719397332
3 5 1.037173093362463
4 5 0.000333410406763901
5 5 -1.260424701731857
6 5 -0.5594626625505387
7 5 -0.7639099239784231
8 5 0.08308587336566949
9 5 -0.4231644882652824
10 5 -1.143597695201637
11 5 0.05387912173311458
12 5 0.4725092284664017
13 5 0.2291196315284441
14 5 -0.5838016222443344
15 5 0.5601294833640664
16 5 -0.6616862932644808
17 5 2.453700547541377
18 5 -0.5984049980606119
19 5 0.1999128798958892
20 5 1.816019803563928
21 5 3.110852459273862
22 5 0.7158988254043593
23 5 -0.1213613880622149
24 5 0.3313432622423862
25 5 0.1074248330594652
26 5 -0.3355442333676176
27 5 2.20544315866466
28 5 -1.289631453364412
29 5 -0.4864457834691513
30 5 0.2972687186710722
31 5 0.01980457816180051
32 5 -1.158201071017914
33 5 -0.6519507093869625
34 5 -0.3744865688776908
35 5 -0.9586216015287891
36 5 -1.138729903262878
37 5 -0.2576595623474712
38 5 -0.8077200514272553
39 5 -2.087949331320913
1 6 0.1020898002793293
2 6 0.2363419507094995
3 6 0.392449102372488
4 6 0.1301890875786672
5 6 -1.27477527738823
6 6 0.461136249104203
7 6 -1.018759548660929
8 6 0.529823395835918
9 6 0.4548919630376835
10 6 0.3862048163059685
11 6 0.5953883995343732
12 6 0.4798691073037616
13 6 0.5329455388691777
14 6 -1.156133842124359
15 6 2.812109953148811
16 6 0.3331283847405524
17 6 1.419634160314953
18 6 -1.093690981459163
19 6 0.2332198076762397
20 6 0.9638012774590262
21 6 2.250124207162052
22 6 0.5079683946030996
23 6 0.3986933884390076
24 6 -0.1976359309136088
25 6 0.06462408388021203
26 6 0.2457083798092788
27 6 1.447733447614291
28 6 -1.025003834727448
29 6 -1.028125977760708
30 6 0.3612276720398903
31 6 0.7452512651308422
32 6 -1.096813124492423
33 6 -0.7564995338671079
34 6 -1.093690981459163
35 6 -1.087446695392644
36 6 -1.159255985157619
37 6 0.03340265354761431
38 6 -1.040614549893747
39 6 -1.849249595508028
1 7 -0.5877334040448841
2 7 -0.5877334040448841
3 7 0.2067950866083874
4 7 0.2067950866083874
5 7 1.531009237697172
6 7 0.2067950866083874
7 7 0.2067950866083874
8 7 0.2067950866083874
9 7 0.2067950866083874
10 7 -0.5877334040448841
11 7 -1.117419064480398
12 7 -1.117419064480398
13 7 -1.117419064480398
14 7 1.531009237697172
15 7 0.2067950866083874
16 7 -1.117419064480398
17 7 1.531009237697172
18 7 -0.5877334040448841
19 7 -1.117419064480398
20 7 -1.117419064480398
21 7 0.2067950866083874
22 7 -1.117419064480398
23 7 -0.5877334040448841
24 7 1.531009237697172
25 7 -0.5877334040448841
26 7 -0.5877334040448841
27 7 1.531009237697172
28 7 -1.117419064480398
29 7 -1.117419064480398
30 7 0.2067950866083874
31 7 0.2067950866083874
32 7 1.531009237697172
33 7 0.2067950866083874
34 7 1.531009237697172
35 7 1.531009237697172
36 7 1.531009237697172
37 7 -0.5877334040448841
38 7 1.531009237697172
39 7 -0.5877334040448841



