# Created by Octave 3.8.2, Wed May 18 09:28:22 2016 CEST <Andrea@Andreas-MacBook-Pro.local>
# name: SVs
# type: cell
# rows: 1
# columns: 7
# name: <cell-element>
# type: sparse matrix
# nnz: 98
# rows: 14
# columns: 7
1 1 0.4744212320988384
2 1 -0.7897475744481292
3 1 -1.418697674895463
4 1 1.822171447343126
5 1 -0.07930560052090774
6 1 1.976797053433168
7 1 -0.9109406170592433
8 1 -2.120781507952953
9 1 0.4117351755758482
10 1 1.751127249950404
11 1 -0.4972126440075085
12 1 0.2090502594848468
13 1 1.232922516027019
14 1 2.031124969086426
1 2 1.38814818556433
2 2 -1.490413171881285
3 2 -0.8750761300675284
4 2 0.988755659276355
5 2 0.1323155176037157
6 2 0.9845625618875049
7 2 -0.7660555979574249
8 2 -1.762964502156544
9 2 -0.07209798010272822
10 2 1.246631148690638
11 2 -1.668619810907416
12 2 0.573639017780192
13 2 1.027541810123219
14 2 1.170107121344123
1 3 0.9650308391706354
2 3 -0.1980317469097841
3 3 -0.0688025706786264
4 3 1.985941331396781
5 3 -1.012175557166078
6 3 1.081337097778677
7 3 -0.08172548830174217
8 3 -0.1334171587942053
9 3 0.7194954043314357
10 3 1.003799592039983
11 3 0.4351912166228887
12 3 -1.296479744874625
13 3 -0.1592629940404368
14 3 -0.9604838866736146
1 4 -0.04545538066853952
2 4 0.2100910333913097
3 4 -0.1530538707990023
4 4 3.128700078180113
5 4 -0.462399529924083
6 4 0.3849385798533118
7 4 -0.2068531158642337
8 4 -0.2068531158642337
9 4 -0.1396040595326945
10 4 0.2907899009891568
11 4 0.1024925432608468
12 4 -1.134890093239475
13 4 0.03524348692930759
14 4 -0.03200556940223167
1 5 1.262496988243298
2 5 -0.4446412809757467
3 5 -0.8677360681597174
4 5 -0.09042238937986422
5 5 -0.956290791058688
6 5 3.427167992440357
7 5 0.8492416147147684
8 5 -0.8874148954705997
9 5 -0.3708456785599378
10 5 -0.6463492609122908
11 5 -0.405283626353982
12 5 -0.2084953532451584
13 5 -0.8037798793993497
14 5 -1.2219549597556
1 6 0.8042111190688686
2 6 -0.7522718367030596
3 6 -0.767531473524353
4 6 -0.08695167129466677
5 6 -0.9811663890224608
6 6 2.510238515689472
7 6 3.059585441256035
8 6 -0.7614276187958356
9 6 -0.8804527860019242
10 6 -0.883504713366183
11 6 -0.7309083451532489
12 6 -0.691233289417886
13 6 -0.7797391829813878
14 6 -0.8529854397235961
1 7 -1.382387065170426
2 7 0.6572004080318515
3 7 -0.3625933285692867
4 7 0.1473035397312828
5 7 -0.3625933285692867
6 7 0.1473035397312828
7 7 0.1473035397312828
8 7 1.676994144632991
9 7 1.676994144632991
10 7 0.6572004080318515
11 7 -0.3625933285692867
12 7 0.6572004080318515
13 7 1.676994144632991
14 7 0.6572004080318515



# name: <cell-element>
# type: sparse matrix
# nnz: 84
# rows: 12
# columns: 7
1 1 -1.418697674895463
2 1 -0.4366161227019514
3 1 0.5162119364474984
4 1 -0.219304460088919
5 1 1.822171447343126
6 1 -0.07930560052090774
7 1 -0.1106486287824028
8 1 1.976797053433168
9 1 -2.120781507952953
10 1 0.4117351755758482
11 1 -0.4972126440075085
12 1 1.703067939949445
1 2 -0.8750761300675284
2 2 -0.6696143580138719
3 2 1.21413464392705
4 2 0.8807834015134641
5 2 0.988755659276355
6 2 0.1323155176037157
7 2 0.5925079560300176
8 2 0.9845625618875049
9 2 -1.762964502156544
10 2 -0.07209798010272822
11 2 -1.668619810907416
12 2 -0.04484284707520237
1 3 -0.0688025706786264
2 3 -0.8441776280655727
3 3 4.428372762165662
4 3 -1.12848181577412
5 3 1.985941331396781
6 3 -1.012175557166078
7 3 -0.4823359346183311
8 3 1.081337097778677
9 3 -0.1334171587942053
10 3 0.7194954043314357
11 3 0.4351912166228887
12 3 0.8358016629394777
1 4 -0.1530538707990023
2 4 -0.2337527383968495
3 4 6.383554404626613
4 4 0.1966412221250018
5 4 3.128700078180113
6 4 -0.462399529924083
7 4 -0.04545538066853952
8 4 0.3849385798533118
9 4 -0.2068531158642337
10 4 -0.1396040595326945
11 4 0.1024925432608468
12 4 -0.04545538066853952
1 5 -0.8677360681597174
2 5 0.2391979680774153
3 5 -0.3856047990430996
4 5 1.985693891918225
5 5 -0.09042238937986422
6 5 -0.956290791058688
7 5 -0.07074356206898184
8 5 3.427167992440357
9 5 -0.8874148954705997
10 5 -0.3708456785599378
11 5 -0.405283626353982
12 5 0.2834753295269006
1 6 -0.767531473524353
2 6 0.8164188285259033
3 6 0.6363551140346411
4 6 1.738100892532026
5 6 -0.08695167129466677
6 6 -0.9811663890224608
7 6 0.8347303927114554
8 6 2.510238515689472
9 6 -0.7614276187958356
10 6 -0.8804527860019242
11 6 -0.7309083451532489
12 6 0.4379798353578266
1 7 -0.3625933285692867
2 7 -1.382387065170426
3 7 -1.382387065170426
4 7 -0.3625933285692867
5 7 0.1473035397312828
6 7 -0.3625933285692867
7 7 0.6572004080318515
8 7 0.1473035397312828
9 7 1.676994144632991
10 7 1.676994144632991
11 7 -0.3625933285692867
12 7 0.1473035397312828



# name: <cell-element>
# type: sparse matrix
# nnz: 105
# rows: 15
# columns: 7
1 1 -0.7897475744481292
2 1 -1.418697674895463
3 1 0.5162119364474984
4 1 0.3824816825317862
5 1 -0.07930560052090774
6 1 -0.1106486287824028
7 1 1.976797053433168
8 1 -2.120781507952953
9 1 0.4117351755758482
10 1 0.0920362873085986
11 1 -0.4972126440075085
12 1 0.5705398521007565
13 1 0.2090502594848468
14 1 1.703067939949445
15 1 2.549329703009811
1 2 -1.490413171881285
2 2 -0.8750761300675284
3 2 1.21413464392705
4 2 1.169058846996911
5 2 0.1323155176037157
6 2 0.5925079560300176
7 2 0.9845625618875049
8 2 -1.762964502156544
9 2 -0.07209798010272822
10 2 -1.100455114718223
11 2 -1.668619810907416
12 2 0.5568666282247915
13 2 0.573639017780192
14 2 -0.04484284707520237
15 2 1.121886501372347
1 3 -0.1980317469097841
2 3 -0.0688025706786264
3 3 4.428372762165662
4 3 0.9004162510550565
5 3 -1.012175557166078
6 3 -0.4823359346183311
7 3 1.081337097778677
8 3 -0.1334171587942053
9 3 0.7194954043314357
10 3 0.008734935060068233
11 3 0.4351912166228887
12 3 -0.1334171587942053
13 3 -1.296479744874625
14 3 0.8358016629394777
15 3 1.28810377974853
1 4 0.2100910333913097
2 4 -0.1530538707990023
3 4 6.383554404626613
4 4 -0.1665036820653102
5 4 -0.462399529924083
6 4 -0.04545538066853952
7 4 0.3849385798533118
8 4 -0.2068531158642337
9 4 -0.1396040595326945
10 4 0.2638902784565411
11 4 0.1024925432608468
12 4 -0.179953493331618
13 4 -1.134890093239475
14 4 -0.04545538066853952
15 4 0.5866857488479296
1 5 -0.4446412809757467
2 5 -0.8677360681597174
3 5 -0.3856047990430996
4 5 3.314014735402784
5 5 -0.956290791058688
6 5 -0.07074356206898184
7 5 3.427167992440357
8 5 -0.8874148954705997
9 5 -0.3708456785599378
10 5 -0.3413274375936143
11 5 -0.405283626353982
12 5 -0.9907287388527322
13 5 -0.2084953532451584
14 5 0.2834753295269006
15 5 1.331372883831386
1 6 -0.7522718367030596
2 6 -0.767531473524353
3 6 0.6363551140346411
4 6 1.759464384081836
5 6 -0.9811663890224608
6 6 0.8347303927114554
7 6 2.510238515689472
8 6 -0.7614276187958356
9 6 -0.8804527860019242
10 6 -0.6515582336825231
11 6 -0.7309083451532489
12 6 -0.9353874785585806
13 6 -0.691233289417886
14 6 0.4379798353578266
15 6 0.694341733955556
1 7 0.6572004080318515
2 7 -0.3625933285692867
3 7 -1.382387065170426
4 7 -1.382387065170426
5 7 -0.3625933285692867
6 7 0.6572004080318515
7 7 0.1473035397312828
8 7 1.676994144632991
9 7 1.676994144632991
10 7 0.6572004080318515
11 7 -0.3625933285692867
12 7 1.676994144632991
13 7 0.6572004080318515
14 7 0.1473035397312828
15 7 0.1473035397312828



