# Created by Octave 3.8.2, Wed May 18 09:28:11 2016 CEST <Andrea@Andreas-MacBook-Pro.local>
# name: mu
# type: matrix
# rows: 1
# columns: 8
 25242 13358.9537037037 14927.77777777778 1337.324074074074 1428.37962962963 2871.37962962963 3140.490740740741 0.01209876543209875


# name: sigma
# type: matrix
# rows: 1
# columns: 8
 877.6550958603952 478.5753270186568 953.9487469660025 77.38190625089628 74.35048568339599 203.2641445960556 327.661795529954 0.002723862363614635


