# Created by Octave 4.0.0, Mon May 23 11:56:56 2016 CEST <peter@Independence>
# name: mu
# type: matrix
# rows: 1
# columns: 8
 25285.87671232877 13396.2602739726 14965.47945205479 1356.027397260274 1430.671232876712 2928.931506849315 3242.301369863014 0.01184931506849315


# name: sigma
# type: matrix
# rows: 1
# columns: 8
 822.8490300509005 503.4319723269818 959.5465524806358 77.48924165520222 82.76926677257698 205.431952018662 320.2928210998452 0.003146520268825689


