# Created by Octave 3.8.2, Wed May 18 09:28:28 2016 CEST <Andrea@Andreas-MacBook-Pro.local>
# name: x
# type: matrix
# rows: 1
# columns: 100
 0.008333333333333333 0.008417508417508417 0.008501683501683501 0.008585858585858586 0.00867003367003367 0.008754208754208754 0.008838383838383838 0.008922558922558922 0.009006734006734006 0.00909090909090909 0.009175084175084176 0.009259259259259259 0.009343434343434343 0.009427609427609427 0.009511784511784513 0.009595959595959595 0.009680134680134681 0.009764309764309764 0.009848484848484849 0.009932659932659932 0.01001683501683502 0.0101010101010101 0.01018518518518519 0.01026936026936027 0.01035353535353535 0.01043771043771044 0.01052188552188552 0.01060606060606061 0.01069023569023569 0.01077441077441077 0.01085858585858586 0.01094276094276094 0.01102693602693603 0.01111111111111111 0.0111952861952862 0.01127946127946128 0.01136363636363636 0.01144781144781145 0.01153198653198653 0.01161616161616162 0.0117003367003367 0.01178451178451178 0.01186868686868687 0.01195286195286195 0.01203703703703704 0.01212121212121212 0.01220538720538721 0.01228956228956229 0.01237373737373737 0.01245791245791246 0.01254208754208754 0.01262626262626263 0.01271043771043771 0.01279461279461279 0.01287878787878788 0.01296296296296296 0.01304713804713805 0.01313131313131313 0.01321548821548822 0.0132996632996633 0.01338383838383838 0.01346801346801347 0.01355218855218855 0.01363636363636364 0.01372053872053872 0.01380471380471381 0.01388888888888889 0.01397306397306397 0.01405723905723906 0.01414141414141414 0.01422558922558922 0.01430976430976431 0.01439393939393939 0.01447811447811448 0.01456228956228956 0.01464646464646465 0.01473063973063973 0.01481481481481482 0.0148989898989899 0.01498316498316498 0.01506734006734007 0.01515151515151515 0.01523569023569023 0.01531986531986532 0.0154040404040404 0.01548821548821549 0.01557239057239057 0.01565656565656566 0.01574074074074074 0.01582491582491583 0.01590909090909091 0.01599326599326599 0.01607744107744108 0.01616161616161616 0.01624579124579125 0.01632996632996633 0.01641414141414142 0.0164983164983165 0.01658249158249158 0.01666666666666667


# name: y
# type: matrix
# rows: 100
# columns: 1
 25340.04669246536
 25348.72858682519
 25357.02238511937
 25364.93696149572
 25372.48119010212
 25379.66394508638
 25386.49410059636
 25392.98053077989
 25399.13210978482
 25404.957711759
 25410.46621085026
 25415.66648120644
 25420.56739697541
 25425.17783230498
 25429.50666134301
 25433.56275823733
 25437.3549971358
 25440.89225218626
 25444.18339753654
 25447.23730733449
 25450.06285572796
 25452.66891686478
 25455.0643648928
 25457.25807395986
 25459.2589182138
 25461.07577180247
 25462.71750887371
 25464.19300357536
 25465.51113005527
 25466.68076246127
 25467.71077494122
 25468.61004164295
 25469.3874367143
 25470.05183430313
 25470.61210855726
 25471.07713362455
 25471.45578365284
 25471.75693278997
 25471.98945518378
 25472.16222498211
 25472.28411633281
 25472.36400338373
 25472.41076028269
 25472.43326117755
 25472.44038021616
 25472.44099154634
 25472.44396931595
 25472.45818767283
 25472.49252076482
 25472.55584273976
 25472.65702774549
 25472.80494992986
 25473.00848344072
 25473.2765024259
 25473.61788103325
 25474.0414934106
 25474.55621370582
 25475.17091606672
 25475.89447464116
 25476.73576357698
 25477.70365702203
 25478.80702912414
 25480.05475403116
 25481.45570589094
 25483.0187588513
 25484.75278706011
 25486.66666466519
 25488.7692658144
 25491.06946465557
 25493.57613533656
 25496.29815200519
 25499.24438880931
 25502.42371989678
 25505.84501941542
 25509.51716151309
 25513.44902033762
 25517.64947003685
 25522.12738475864
 25526.89163865082
 25531.95110586124
 25537.31466053773
 25542.99117682815
 25548.98952888033
 25555.31859084212
 25561.98723686136
 25569.00434108589
 25576.37877766355
 25584.1194207422
 25592.23514446966
 25600.73482299379
 25609.62733046243
 25618.92154102341
 25628.62632882459
 25638.7505680138
 25649.30313273889
 25660.29289714769
 25671.72873538806
 25683.61952160784
 25695.97412995487
 25708.80143457698


# name: QUERY
# type: sq_string
# elements: 1
# length: 2
R5


# name: DATASIZE
# type: sq_string
# elements: 1
# length: 3
250


