# Created by Octave 4.0.0, Mon May 23 11:57:02 2016 CEST <peter@Independence>
# name: x
# type: matrix
# rows: 1
# columns: 100
 0.008333333333333333 0.008417508417508417 0.008501683501683501 0.008585858585858586 0.00867003367003367 0.008754208754208754 0.008838383838383838 0.008922558922558922 0.009006734006734006 0.00909090909090909 0.009175084175084175 0.009259259259259259 0.009343434343434343 0.009427609427609427 0.009511784511784513 0.009595959595959595 0.009680134680134681 0.009764309764309764 0.009848484848484849 0.009932659932659934 0.01001683501683502 0.0101010101010101 0.01018518518518519 0.01026936026936027 0.01035353535353535 0.01043771043771044 0.01052188552188552 0.01060606060606061 0.01069023569023569 0.01077441077441077 0.01085858585858586 0.01094276094276094 0.01102693602693603 0.01111111111111111 0.0111952861952862 0.01127946127946128 0.01136363636363636 0.01144781144781145 0.01153198653198653 0.01161616161616162 0.0117003367003367 0.01178451178451178 0.01186868686868687 0.01195286195286195 0.01203703703703704 0.01212121212121212 0.01220538720538721 0.01228956228956229 0.01237373737373737 0.01245791245791246 0.01254208754208754 0.01262626262626263 0.01271043771043771 0.01279461279461279 0.01287878787878788 0.01296296296296296 0.01304713804713805 0.01313131313131313 0.01321548821548822 0.0132996632996633 0.01338383838383839 0.01346801346801347 0.01355218855218855 0.01363636363636364 0.01372053872053872 0.01380471380471381 0.01388888888888889 0.01397306397306397 0.01405723905723906 0.01414141414141414 0.01422558922558923 0.01430976430976431 0.01439393939393939 0.01447811447811448 0.01456228956228956 0.01464646464646465 0.01473063973063973 0.01481481481481482 0.0148989898989899 0.01498316498316498 0.01506734006734007 0.01515151515151515 0.01523569023569024 0.01531986531986532 0.0154040404040404 0.01548821548821549 0.01557239057239057 0.01565656565656566 0.01574074074074074 0.01582491582491583 0.01590909090909091 0.01599326599326599 0.01607744107744108 0.01616161616161616 0.01624579124579125 0.01632996632996633 0.01641414141414142 0.0164983164983165 0.01658249158249158 0.01666666666666667


# name: y
# type: matrix
# rows: 100
# columns: 1
 25326.16497222541
 25326.81223736785
 25327.42851660678
 25328.01456996201
 25328.57115745334
 25329.0990391006
 25329.59897492358
 25330.0717249421
 25330.51804917597
 25330.93870764499
 25331.33446036897
 25331.70606736773
 25332.05428866107
 25332.37988426881
 25332.68361421075
 25332.96623850669
 25333.22851717646
 25333.47121023985
 25333.69507771668
 25333.90087962676
 25334.0893759899
 25334.2613268259
 25334.41749215458
 25334.55863199574
 25334.68550636919
 25334.79887529475
 25334.89949879222
 25334.98813688141
 25335.06554958213
 25335.13249691419
 25335.1897388974
 25335.23803555156
 25335.2781468965
 25335.31083295201
 25335.3368537379
 25335.35696927399
 25335.37193958009
 25335.38252467599
 25335.38948458152
 25335.39357931648
 25335.39556890068
 25335.39621335394
 25335.39627269605
 25335.39650694683
 25335.39767612609
 25335.40054025363
 25335.40585934927
 25335.41439343281
 25335.42690252407
 25335.44414664285
 25335.46688580897
 25335.49588004223
 25335.53188936244
 25335.57567378941
 25335.62799334295
 25335.68960804287
 25335.76127790898
 25335.84376296108
 25335.93782321899
 25336.04421870252
 25336.16370943147
 25336.29705542566
 25336.44501670489
 25336.60835328897
 25336.78782519771
 25336.98419245093
 25337.19821506842
 25337.43065307001
 25337.68226647549
 25337.95381530469
 25338.24605957739
 25338.55975931343
 25338.8956745326
 25339.25456525472
 25339.63719149958
 25340.04431328702
 25340.47669063682
 25340.93508356881
 25341.42025210279
 25341.93295625857
 25342.47395605595
 25343.04401151476
 25343.64388265479
 25344.27432949586
 25344.93611205778
 25345.62999036035
 25346.35672442339
 25347.11707426669
 25347.91179991009
 25348.74166137337
 25349.60741867636
 25350.50983183886
 25351.44966088067
 25352.42766582162
 25353.4446066815
 25354.50124348014
 25355.59833623732
 25356.73664497288
 25357.91692970661
 25359.13995045832


# name: QUERY
# type: sq_string
# elements: 1
# length: 2
R5


# name: DATASIZE
# type: sq_string
# elements: 1
# length: 3
250


