# Created by Octave 4.0.0, Mon May 23 11:57:02 2016 CEST <peter@Independence>
# name: x
# type: matrix
# rows: 1
# columns: 100
 0.008333333333333333 0.008417508417508417 0.008501683501683501 0.008585858585858586 0.00867003367003367 0.008754208754208754 0.008838383838383838 0.008922558922558922 0.009006734006734006 0.00909090909090909 0.009175084175084175 0.009259259259259259 0.009343434343434343 0.009427609427609427 0.009511784511784513 0.009595959595959595 0.009680134680134681 0.009764309764309764 0.009848484848484849 0.009932659932659934 0.01001683501683502 0.0101010101010101 0.01018518518518519 0.01026936026936027 0.01035353535353535 0.01043771043771044 0.01052188552188552 0.01060606060606061 0.01069023569023569 0.01077441077441077 0.01085858585858586 0.01094276094276094 0.01102693602693603 0.01111111111111111 0.0111952861952862 0.01127946127946128 0.01136363636363636 0.01144781144781145 0.01153198653198653 0.01161616161616162 0.0117003367003367 0.01178451178451178 0.01186868686868687 0.01195286195286195 0.01203703703703704 0.01212121212121212 0.01220538720538721 0.01228956228956229 0.01237373737373737 0.01245791245791246 0.01254208754208754 0.01262626262626263 0.01271043771043771 0.01279461279461279 0.01287878787878788 0.01296296296296296 0.01304713804713805 0.01313131313131313 0.01321548821548822 0.0132996632996633 0.01338383838383839 0.01346801346801347 0.01355218855218855 0.01363636363636364 0.01372053872053872 0.01380471380471381 0.01388888888888889 0.01397306397306397 0.01405723905723906 0.01414141414141414 0.01422558922558923 0.01430976430976431 0.01439393939393939 0.01447811447811448 0.01456228956228956 0.01464646464646465 0.01473063973063973 0.01481481481481482 0.0148989898989899 0.01498316498316498 0.01506734006734007 0.01515151515151515 0.01523569023569024 0.01531986531986532 0.0154040404040404 0.01548821548821549 0.01557239057239057 0.01565656565656566 0.01574074074074074 0.01582491582491583 0.01590909090909091 0.01599326599326599 0.01607744107744108 0.01616161616161616 0.01624579124579125 0.01632996632996633 0.01641414141414142 0.0164983164983165 0.01658249158249158 0.01666666666666667


# name: y
# type: matrix
# rows: 100
# columns: 1
 25282.50388163323
 25281.97690745192
 25281.46270225366
 25280.96126603845
 25280.47259880629
 25279.99670055718
 25279.53357129113
 25279.08321100812
 25278.64561970816
 25278.22079739125
 25277.80874405739
 25277.40945970659
 25277.02294433883
 25276.64919795413
 25276.28822055247
 25275.94001213387
 25275.60457269831
 25275.28190224581
 25274.97200077635
 25274.67486828995
 25274.39050478659
 25274.11891026629
 25273.86008472904
 25273.61402817483
 25273.38074060368
 25273.16022201558
 25272.95247241052
 25272.75749178852
 25272.57528014957
 25272.40583749367
 25272.24916382082
 25272.10525913102
 25271.97412342426
 25271.85575670057
 25271.75015895992
 25271.65733020232
 25271.57727042777
 25271.50997963627
 25271.45545782782
 25271.41370500242
 25271.38472116007
 25271.36850630077
 25271.36506042453
 25271.37438353133
 25271.39647562118
 25271.43133669408
 25271.47896675004
 25271.53936578904
 25271.61253381109
 25271.6984708162
 25271.79717680435
 25271.90865177556
 25272.03289572981
 25272.16990866712
 25272.31969058747
 25272.48224149088
 25272.65756137733
 25272.84565024684
 25273.0465080994
 25273.260134935
 25273.48653075366
 25273.72569555537
 25273.97762934013
 25274.24233210794
 25274.5198038588
 25274.8100445927
 25275.11305430966
 25275.42883300967
 25275.75738069273
 25276.09869735884
 25276.452783008
 25276.81963764021
 25277.19926125547
 25277.59165385378
 25277.99681543514
 25278.41474599955
 25278.84544554702
 25279.28891407753
 25279.74515159109
 25280.2141580877
 25280.69593356737
 25281.19047803008
 25281.69779147584
 25282.21787390466
 25282.75072531652
 25283.29634571143
 25283.8547350894
 25284.42589345041
 25285.00982079448
 25285.6065171216
 25286.21598243176
 25286.83821672498
 25287.47322000124
 25288.12099226056
 25288.78153350293
 25289.45484372834
 25290.14092293681
 25290.83977112833
 25291.5513883029
 25292.27577446052


# name: QUERY
# type: sq_string
# elements: 1
# length: 2
R5


# name: DATASIZE
# type: sq_string
# elements: 1
# length: 3
250


