# Created by Octave 4.0.0, Mon May 23 11:57:02 2016 CEST <peter@Independence>
# name: x
# type: matrix
# rows: 1
# columns: 100
 0.008333333333333333 0.008417508417508417 0.008501683501683501 0.008585858585858586 0.00867003367003367 0.008754208754208754 0.008838383838383838 0.008922558922558922 0.009006734006734006 0.00909090909090909 0.009175084175084175 0.009259259259259259 0.009343434343434343 0.009427609427609427 0.009511784511784513 0.009595959595959595 0.009680134680134681 0.009764309764309764 0.009848484848484849 0.009932659932659934 0.01001683501683502 0.0101010101010101 0.01018518518518519 0.01026936026936027 0.01035353535353535 0.01043771043771044 0.01052188552188552 0.01060606060606061 0.01069023569023569 0.01077441077441077 0.01085858585858586 0.01094276094276094 0.01102693602693603 0.01111111111111111 0.0111952861952862 0.01127946127946128 0.01136363636363636 0.01144781144781145 0.01153198653198653 0.01161616161616162 0.0117003367003367 0.01178451178451178 0.01186868686868687 0.01195286195286195 0.01203703703703704 0.01212121212121212 0.01220538720538721 0.01228956228956229 0.01237373737373737 0.01245791245791246 0.01254208754208754 0.01262626262626263 0.01271043771043771 0.01279461279461279 0.01287878787878788 0.01296296296296296 0.01304713804713805 0.01313131313131313 0.01321548821548822 0.0132996632996633 0.01338383838383839 0.01346801346801347 0.01355218855218855 0.01363636363636364 0.01372053872053872 0.01380471380471381 0.01388888888888889 0.01397306397306397 0.01405723905723906 0.01414141414141414 0.01422558922558923 0.01430976430976431 0.01439393939393939 0.01447811447811448 0.01456228956228956 0.01464646464646465 0.01473063973063973 0.01481481481481482 0.0148989898989899 0.01498316498316498 0.01506734006734007 0.01515151515151515 0.01523569023569024 0.01531986531986532 0.0154040404040404 0.01548821548821549 0.01557239057239057 0.01565656565656566 0.01574074074074074 0.01582491582491583 0.01590909090909091 0.01599326599326599 0.01607744107744108 0.01616161616161616 0.01624579124579125 0.01632996632996633 0.01641414141414142 0.0164983164983165 0.01658249158249158 0.01666666666666667


# name: y
# type: matrix
# rows: 100
# columns: 1
 25365.55790246685
 25365.52911293251
 25365.50364574741
 25365.48118684018
 25365.46144495384
 25365.44415051307
 25365.42905452044
 25365.41592748141
 25365.40455835826
 25365.39475355272
 25365.38633591762
 25365.37914379723
 25365.37303009653
 25365.36786137928
 25365.36351699498
 25365.35988823463
 25365.35687751531
 25365.35439759372
 25365.3523708084
 25365.35072835092
 25365.34940956585
 25365.3483612796
 25365.3475371581
 25365.3468970933
 25365.34640661855
 25365.34603635275
 25365.34576147348
 25365.34556121882
 25365.3454184181
 25365.34531905147
 25365.34525183833
 25365.3452078546
 25365.34518017877
 25365.34516356689
 25365.34515415636
 25365.34514919853
 25365.34514682018
 25365.34514581388
 25365.34514545709
 25365.34514536019
 25365.34514534333
 25365.34514534211
 25365.3451453421
 25365.34514534224
 25365.34514534703
 25365.3451453876
 25365.34514557162
 25365.34514616204
 25365.34514768466
 25365.34515106459
 25365.34515779149
 25365.34517011373
 25365.34519126132
 25365.3452256977
 25365.34527940041
 25365.34536017058
 25365.34547797124
 25365.34564529451
 25365.3458775576
 25365.3461935277
 25365.34661577563
 25365.34717115846
 25365.34789133081
 25365.34881328516
 25365.34997992086
 25365.35144064211
 25365.35325198464
 25365.35547827139
 25365.35819229693
 25365.3614760407
 25365.36542140921
 25365.37013100698
 25365.37571893635
 25365.38231162616
 25365.39004868924
 25365.39908380874
 25365.40958565337
 25365.42173882137
 25365.4357448134
 25365.45182303428
 25365.47021182354
 25365.4911695148
 25365.51497552406
 25365.54193146672
 25365.57236230358
 25365.60661751557
 25365.64507230739
 25365.68812883996
 25365.7362174917
 25365.78979814873
 25365.84936152379
 25365.91543050413
 25365.98856152817
 25366.06934599096
 25366.15841167864
 25366.25642423153
 25366.36408863629
 25366.4821507467
 25366.61139883347
 25366.75266516278


# name: QUERY
# type: sq_string
# elements: 1
# length: 2
R5


# name: DATASIZE
# type: sq_string
# elements: 1
# length: 3
250


