# Created by Octave 4.0.0, Mon May 23 11:57:02 2016 CEST <peter@Independence>
# name: x
# type: matrix
# rows: 1
# columns: 100
 0.008333333333333333 0.008417508417508417 0.008501683501683501 0.008585858585858586 0.00867003367003367 0.008754208754208754 0.008838383838383838 0.008922558922558922 0.009006734006734006 0.00909090909090909 0.009175084175084175 0.009259259259259259 0.009343434343434343 0.009427609427609427 0.009511784511784513 0.009595959595959595 0.009680134680134681 0.009764309764309764 0.009848484848484849 0.009932659932659934 0.01001683501683502 0.0101010101010101 0.01018518518518519 0.01026936026936027 0.01035353535353535 0.01043771043771044 0.01052188552188552 0.01060606060606061 0.01069023569023569 0.01077441077441077 0.01085858585858586 0.01094276094276094 0.01102693602693603 0.01111111111111111 0.0111952861952862 0.01127946127946128 0.01136363636363636 0.01144781144781145 0.01153198653198653 0.01161616161616162 0.0117003367003367 0.01178451178451178 0.01186868686868687 0.01195286195286195 0.01203703703703704 0.01212121212121212 0.01220538720538721 0.01228956228956229 0.01237373737373737 0.01245791245791246 0.01254208754208754 0.01262626262626263 0.01271043771043771 0.01279461279461279 0.01287878787878788 0.01296296296296296 0.01304713804713805 0.01313131313131313 0.01321548821548822 0.0132996632996633 0.01338383838383839 0.01346801346801347 0.01355218855218855 0.01363636363636364 0.01372053872053872 0.01380471380471381 0.01388888888888889 0.01397306397306397 0.01405723905723906 0.01414141414141414 0.01422558922558923 0.01430976430976431 0.01439393939393939 0.01447811447811448 0.01456228956228956 0.01464646464646465 0.01473063973063973 0.01481481481481482 0.0148989898989899 0.01498316498316498 0.01506734006734007 0.01515151515151515 0.01523569023569024 0.01531986531986532 0.0154040404040404 0.01548821548821549 0.01557239057239057 0.01565656565656566 0.01574074074074074 0.01582491582491583 0.01590909090909091 0.01599326599326599 0.01607744107744108 0.01616161616161616 0.01624579124579125 0.01632996632996633 0.01641414141414142 0.0164983164983165 0.01658249158249158 0.01666666666666667


# name: y
# type: matrix
# rows: 100
# columns: 1
 25316.03630196434
 25315.73963775603
 25315.46401838792
 25315.20842425086
 25314.97186105508
 25314.75335983025
 25314.55197692542
 25314.36679400906
 25314.19691806906
 25314.0414814127
 25313.8996416667
 25313.77058177715
 25313.65351000959
 25313.54765994893
 25313.45229049954
 25313.36668588515
 25313.29015564892
 25313.22203465343
 25313.16168308067
 25313.10848643201
 25313.06185552826
 25313.02122650962
 25312.98606083573
 25312.95584528561
 25312.93009195769
 25312.90833826984
 25312.89014695931
 25312.87510608276
 25312.86282901629
 25312.85295445537
 25312.84514641491
 25312.83909422921
 25312.834512552
 25312.83114135641
 25312.82874593497
 25312.82711689963
 25312.82607018175
 25312.8254470321
 25312.82511402086
 25312.82496303761
 25312.82491129135
 25312.8249013105
 25312.82490094287
 25312.82490335568
 25312.82492703558
 25312.82501578861
 25312.82523874024
 25312.82569033531
 25312.82649033812
 25312.82778383236
 25312.82974122111
 25312.83255822689
 25312.8364558916
 25312.84168057659
 25312.84850396258
 25312.85722304972
 25312.86816015757
 25312.88166292509
 25312.89810431067
 25312.91788259207
 25312.94142136651
 25312.96916955058
 25313.0016013803
 25313.03921641111
 25313.08253951782
 25313.13212089469
 25313.18853605538
 25313.25238583294
 25313.32429637985
 25313.404919168
 25313.49493098868
 25313.5950339526
 25313.70595548987
 25313.82844835001
 25313.96329060197
 25314.11128563407
 25314.27326215408
 25314.45007418916
 25314.64260108588
 25314.85174751023
 25315.0784434476
 25315.3236442028
 25315.58833040003
 25315.87350798292
 25316.1802082145
 25316.50948767722
 25316.86242827293
 25317.24013722288
 25317.64374706776
 25318.07441566764
 25318.53332620203
 25319.02168716981
 25319.5407323893
 25320.09172099823
 25320.67593745372
 25321.29469153232
 25321.94931832997
 25322.64117826205
 25323.37165706331
 25324.14216578795


# name: QUERY
# type: sq_string
# elements: 1
# length: 2
R5


# name: DATASIZE
# type: sq_string
# elements: 1
# length: 3
250


