# Created by Octave 3.8.2, Wed May 18 09:28:28 2016 CEST <Andrea@Andreas-MacBook-Pro.local>
# name: x
# type: matrix
# rows: 1
# columns: 100
 0.008333333333333333 0.008417508417508417 0.008501683501683501 0.008585858585858586 0.00867003367003367 0.008754208754208754 0.008838383838383838 0.008922558922558922 0.009006734006734006 0.00909090909090909 0.009175084175084176 0.009259259259259259 0.009343434343434343 0.009427609427609427 0.009511784511784513 0.009595959595959595 0.009680134680134681 0.009764309764309764 0.009848484848484849 0.009932659932659932 0.01001683501683502 0.0101010101010101 0.01018518518518519 0.01026936026936027 0.01035353535353535 0.01043771043771044 0.01052188552188552 0.01060606060606061 0.01069023569023569 0.01077441077441077 0.01085858585858586 0.01094276094276094 0.01102693602693603 0.01111111111111111 0.0111952861952862 0.01127946127946128 0.01136363636363636 0.01144781144781145 0.01153198653198653 0.01161616161616162 0.0117003367003367 0.01178451178451178 0.01186868686868687 0.01195286195286195 0.01203703703703704 0.01212121212121212 0.01220538720538721 0.01228956228956229 0.01237373737373737 0.01245791245791246 0.01254208754208754 0.01262626262626263 0.01271043771043771 0.01279461279461279 0.01287878787878788 0.01296296296296296 0.01304713804713805 0.01313131313131313 0.01321548821548822 0.0132996632996633 0.01338383838383838 0.01346801346801347 0.01355218855218855 0.01363636363636364 0.01372053872053872 0.01380471380471381 0.01388888888888889 0.01397306397306397 0.01405723905723906 0.01414141414141414 0.01422558922558922 0.01430976430976431 0.01439393939393939 0.01447811447811448 0.01456228956228956 0.01464646464646465 0.01473063973063973 0.01481481481481482 0.0148989898989899 0.01498316498316498 0.01506734006734007 0.01515151515151515 0.01523569023569023 0.01531986531986532 0.0154040404040404 0.01548821548821549 0.01557239057239057 0.01565656565656566 0.01574074074074074 0.01582491582491583 0.01590909090909091 0.01599326599326599 0.01607744107744108 0.01616161616161616 0.01624579124579125 0.01632996632996633 0.01641414141414142 0.0164983164983165 0.01658249158249158 0.01666666666666667


# name: y
# type: matrix
# rows: 100
# columns: 1
 25341.16072373743
 25340.11991403981
 25339.14810466086
 25338.24217644665
 25337.3990823902
 25336.61584763149
 25335.8895694575
 25335.21741730215
 25334.59663274634
 25334.02452951794
 25333.49849349179
 25333.01598268969
 25332.57452728042
 25332.17172957972
 25331.80526405029
 25331.47287730183
 25331.17238809097
 25330.90168732134
 25330.65873804352
 25330.44157545506
 25330.24830690049
 25330.0771118713
 25329.92624200595
 25329.79402108987
 25329.67884505545
 25329.57918198207
 25329.49357209605
 25329.4206277707
 25329.35903352629
 25329.30754603006
 25329.26499409623
 25329.23027868597
 25329.20237290742
 25329.1803220157
 25329.1632434129
 25329.15032664806
 25329.14083341722
 25329.13409756335
 25329.12952507641
 25329.12659409334
 25329.12485489803
 25329.12392992134
 25329.12351374111
 25329.12337308213
 25329.12334681618
 25329.12334596199
 25329.12335368529
 25329.12342529872
 25329.12368826195
 25329.12434218159
 25329.12565881122
 25329.12798205138
 25329.1317279496
 25329.13738470037
 25329.14551264514
 25329.15674427234
 25329.17178421736
 25329.19140926256
 25329.21646833728
 25329.24788251781
 25329.28664502742
 25329.33382123635
 25329.39054866181
 25329.45803696796
 25329.53756796595
 25329.63049561389
 25329.73824601687
 25329.86231742692
 25330.00428024308
 25330.16577701132
 25330.34852242459
 25330.55430332283
 25330.78497869291
 25331.04247966872
 25331.32880953106
 25331.64604370774
 25331.99632977353
 25332.38188745017
 25332.80500860634
 25333.26805725773
 25333.77346956698
 25334.32375384369
 25334.92149054445
 25335.5693322728
 25336.27000377926
 25337.02630196131
 25337.8410958634
 25338.71732667695
 25339.65800774036
 25340.66622453898
 25341.74513470514
 25342.89796801814
 25344.12802640424
 25345.43868393666
 25346.83338683563
 25348.3156534683
 25349.8890743488
 25351.55731213827
 25353.32410164475
 25355.19324982331


# name: QUERY
# type: sq_string
# elements: 1
# length: 2
R5


# name: DATASIZE
# type: sq_string
# elements: 1
# length: 3
250


