# Created by Octave 3.8.2, Wed May 18 09:28:28 2016 CEST <Andrea@Andreas-MacBook-Pro.local>
# name: x
# type: matrix
# rows: 1
# columns: 100
 0.008333333333333333 0.008417508417508417 0.008501683501683501 0.008585858585858586 0.00867003367003367 0.008754208754208754 0.008838383838383838 0.008922558922558922 0.009006734006734006 0.00909090909090909 0.009175084175084176 0.009259259259259259 0.009343434343434343 0.009427609427609427 0.009511784511784513 0.009595959595959595 0.009680134680134681 0.009764309764309764 0.009848484848484849 0.009932659932659932 0.01001683501683502 0.0101010101010101 0.01018518518518519 0.01026936026936027 0.01035353535353535 0.01043771043771044 0.01052188552188552 0.01060606060606061 0.01069023569023569 0.01077441077441077 0.01085858585858586 0.01094276094276094 0.01102693602693603 0.01111111111111111 0.0111952861952862 0.01127946127946128 0.01136363636363636 0.01144781144781145 0.01153198653198653 0.01161616161616162 0.0117003367003367 0.01178451178451178 0.01186868686868687 0.01195286195286195 0.01203703703703704 0.01212121212121212 0.01220538720538721 0.01228956228956229 0.01237373737373737 0.01245791245791246 0.01254208754208754 0.01262626262626263 0.01271043771043771 0.01279461279461279 0.01287878787878788 0.01296296296296296 0.01304713804713805 0.01313131313131313 0.01321548821548822 0.0132996632996633 0.01338383838383838 0.01346801346801347 0.01355218855218855 0.01363636363636364 0.01372053872053872 0.01380471380471381 0.01388888888888889 0.01397306397306397 0.01405723905723906 0.01414141414141414 0.01422558922558922 0.01430976430976431 0.01439393939393939 0.01447811447811448 0.01456228956228956 0.01464646464646465 0.01473063973063973 0.01481481481481482 0.0148989898989899 0.01498316498316498 0.01506734006734007 0.01515151515151515 0.01523569023569023 0.01531986531986532 0.0154040404040404 0.01548821548821549 0.01557239057239057 0.01565656565656566 0.01574074074074074 0.01582491582491583 0.01590909090909091 0.01599326599326599 0.01607744107744108 0.01616161616161616 0.01624579124579125 0.01632996632996633 0.01641414141414142 0.0164983164983165 0.01658249158249158 0.01666666666666667


# name: y
# type: matrix
# rows: 100
# columns: 1
 25546.99714652931
 25541.24441892072
 25535.62174544043
 25530.12912608845
 25524.76656086477
 25519.53404976939
 25514.43159280232
 25509.45918996354
 25504.61684125307
 25499.90454667091
 25495.32230621704
 25490.87011989148
 25486.54798769422
 25482.35590962526
 25478.29388568461
 25474.36191587226
 25470.56000018821
 25466.88813863246
 25463.34633120502
 25459.93457790588
 25456.65287873504
 25453.50123369251
 25450.47964277827
 25447.58810599234
 25444.82662333472
 25442.19519480539
 25439.69382040437
 25437.32250013165
 25435.08123398724
 25432.97002197112
 25430.98886408331
 25429.1377603238
 25427.4167106926
 25425.82571518969
 25424.36477381509
 25423.0338865688
 25421.8330534508
 25420.76227446111
 25419.82154959972
 25419.01087886663
 25418.33026226185
 25417.77969978537
 25417.35919143719
 25417.06873721731
 25416.90833712574
 25416.87799116247
 25416.9776993275
 25417.20746162084
 25417.56727804248
 25418.05714859242
 25418.67707327066
 25419.4270520772
 25420.30708501205
 25421.3171720752
 25422.45731326666
 25423.72750858641
 25425.12775803447
 25426.65806161083
 25428.3184193155
 25430.10883114846
 25432.02929710973
 25434.0798171993
 25436.26039141718
 25438.57101976336
 25441.01170223784
 25443.58243884062
 25446.28322957171
 25449.1140744311
 25452.07497341879
 25455.16592653478
 25458.38693377908
 25461.73799515168
 25465.21911065258
 25468.83028028179
 25472.57150403929
 25476.4427819251
 25480.44411393921
 25484.57550008163
 25488.83694035235
 25493.22843475137
 25497.74998327869
 25502.40158593432
 25507.18324271825
 25512.09495363048
 25517.13671867101
 25522.30853783985
 25527.61041113699
 25533.04233856243
 25538.60432011618
 25544.29635579823
 25550.11844560858
 25556.07058954723
 25562.15278761418
 25568.36503980944
 25574.707346133
 25581.17970658487
 25587.78212116503
 25594.5145898735
 25601.37711271028
 25608.36968967535


# name: QUERY
# type: sq_string
# elements: 1
# length: 2
R5


# name: DATASIZE
# type: sq_string
# elements: 1
# length: 3
250


