# Created by Octave 3.8.2, Wed May 18 09:28:28 2016 CEST <Andrea@Andreas-MacBook-Pro.local>
# name: x
# type: matrix
# rows: 1
# columns: 100
 0.008333333333333333 0.008417508417508417 0.008501683501683501 0.008585858585858586 0.00867003367003367 0.008754208754208754 0.008838383838383838 0.008922558922558922 0.009006734006734006 0.00909090909090909 0.009175084175084176 0.009259259259259259 0.009343434343434343 0.009427609427609427 0.009511784511784513 0.009595959595959595 0.009680134680134681 0.009764309764309764 0.009848484848484849 0.009932659932659932 0.01001683501683502 0.0101010101010101 0.01018518518518519 0.01026936026936027 0.01035353535353535 0.01043771043771044 0.01052188552188552 0.01060606060606061 0.01069023569023569 0.01077441077441077 0.01085858585858586 0.01094276094276094 0.01102693602693603 0.01111111111111111 0.0111952861952862 0.01127946127946128 0.01136363636363636 0.01144781144781145 0.01153198653198653 0.01161616161616162 0.0117003367003367 0.01178451178451178 0.01186868686868687 0.01195286195286195 0.01203703703703704 0.01212121212121212 0.01220538720538721 0.01228956228956229 0.01237373737373737 0.01245791245791246 0.01254208754208754 0.01262626262626263 0.01271043771043771 0.01279461279461279 0.01287878787878788 0.01296296296296296 0.01304713804713805 0.01313131313131313 0.01321548821548822 0.0132996632996633 0.01338383838383838 0.01346801346801347 0.01355218855218855 0.01363636363636364 0.01372053872053872 0.01380471380471381 0.01388888888888889 0.01397306397306397 0.01405723905723906 0.01414141414141414 0.01422558922558922 0.01430976430976431 0.01439393939393939 0.01447811447811448 0.01456228956228956 0.01464646464646465 0.01473063973063973 0.01481481481481482 0.0148989898989899 0.01498316498316498 0.01506734006734007 0.01515151515151515 0.01523569023569023 0.01531986531986532 0.0154040404040404 0.01548821548821549 0.01557239057239057 0.01565656565656566 0.01574074074074074 0.01582491582491583 0.01590909090909091 0.01599326599326599 0.01607744107744108 0.01616161616161616 0.01624579124579125 0.01632996632996633 0.01641414141414142 0.0164983164983165 0.01658249158249158 0.01666666666666667


# name: y
# type: matrix
# rows: 100
# columns: 1
 25222.09196716054
 25221.74015539001
 25221.4263471925
 25221.14718490213
 25220.89953843674
 25220.68049477306
 25220.48734767114
 25220.31758764794
 25220.16889220017
 25220.03911627632
 25219.92628299787
 25219.82857462976
 25219.74432380002
 25219.67200496862
 25219.61022614552
 25219.55772085797
 25219.51334036692
 25219.47604613274
 25219.44490253008
 25219.41906981198
 25219.39779732312
 25219.38041696237
 25219.36633689444
 25219.35503551085
 25219.34605563998
 25219.33899900646
 25219.33352093965
 25219.32932533137
 25219.32615984289
 25219.32381136102
 25219.3221017035
 25219.32088357353
 25219.32003676355
 25219.31946460822
 25219.31909068656
 25219.31885577336
 25219.31871503975
 25219.31863550302
 25219.31859372557
 25219.31857376318
 25219.31856536236
 25219.31856240701
 25219.3185616142
 25219.31856147925
 25219.31856146992
 25219.31856146987
 25219.3185614713
 25219.31856151681
 25219.31856189045
 25219.318563558
 25219.3185688564
 25219.31858243248
 25219.31861243079
 25219.31867193072
 25219.31878063279
 25219.31896679413
 25219.31926941322
 25219.31974066375
 25219.3204485778
 25219.32147997809
 25219.32294365958
 25219.32497382017
 25219.32773374061
 25219.33141971373
 25219.33626522271
 25219.34254536867
 25219.35058154743
 25219.36074637553
 25219.37346886529
 25219.38923984932
 25219.40861765401
 25219.43223402241
 25219.46080028613
 25219.49511378664
 25219.53606454562
 25219.5846421846
 25219.6419430938
 25219.70917785011
 25219.78767888437
 25219.87890839781
 25219.98446652766
 25220.10609976204
 25220.245709604
 25220.40536148479
 25220.58729392632
 25220.79392795288
 25221.02787675195
 25221.29195558434
 25221.58919194347
 25221.92283596389
 25222.29637107893
 25222.71352492768
 25223.17828051107
 25223.69488759719
 25224.26787437584
 25224.90205936224
 25225.60256355002
 25226.37482281328
 25227.22460055806
 25228.15800062279


# name: QUERY
# type: sq_string
# elements: 1
# length: 2
R5


# name: DATASIZE
# type: sq_string
# elements: 1
# length: 3
250


