# Created by Octave 3.8.2, Wed May 18 09:28:28 2016 CEST <Andrea@Andreas-MacBook-Pro.local>
# name: x
# type: matrix
# rows: 1
# columns: 100
 0.008333333333333333 0.008417508417508417 0.008501683501683501 0.008585858585858586 0.00867003367003367 0.008754208754208754 0.008838383838383838 0.008922558922558922 0.009006734006734006 0.00909090909090909 0.009175084175084176 0.009259259259259259 0.009343434343434343 0.009427609427609427 0.009511784511784513 0.009595959595959595 0.009680134680134681 0.009764309764309764 0.009848484848484849 0.009932659932659932 0.01001683501683502 0.0101010101010101 0.01018518518518519 0.01026936026936027 0.01035353535353535 0.01043771043771044 0.01052188552188552 0.01060606060606061 0.01069023569023569 0.01077441077441077 0.01085858585858586 0.01094276094276094 0.01102693602693603 0.01111111111111111 0.0111952861952862 0.01127946127946128 0.01136363636363636 0.01144781144781145 0.01153198653198653 0.01161616161616162 0.0117003367003367 0.01178451178451178 0.01186868686868687 0.01195286195286195 0.01203703703703704 0.01212121212121212 0.01220538720538721 0.01228956228956229 0.01237373737373737 0.01245791245791246 0.01254208754208754 0.01262626262626263 0.01271043771043771 0.01279461279461279 0.01287878787878788 0.01296296296296296 0.01304713804713805 0.01313131313131313 0.01321548821548822 0.0132996632996633 0.01338383838383838 0.01346801346801347 0.01355218855218855 0.01363636363636364 0.01372053872053872 0.01380471380471381 0.01388888888888889 0.01397306397306397 0.01405723905723906 0.01414141414141414 0.01422558922558922 0.01430976430976431 0.01439393939393939 0.01447811447811448 0.01456228956228956 0.01464646464646465 0.01473063973063973 0.01481481481481482 0.0148989898989899 0.01498316498316498 0.01506734006734007 0.01515151515151515 0.01523569023569023 0.01531986531986532 0.0154040404040404 0.01548821548821549 0.01557239057239057 0.01565656565656566 0.01574074074074074 0.01582491582491583 0.01590909090909091 0.01599326599326599 0.01607744107744108 0.01616161616161616 0.01624579124579125 0.01632996632996633 0.01641414141414142 0.0164983164983165 0.01658249158249158 0.01666666666666667


# name: y
# type: matrix
# rows: 1
# columns: 100
 25029.26118085956 25034.01689216673 25038.77260347389 25043.52831478106 25048.28402608822 25053.03973739538 25057.79544870255 25062.55116000971 25067.30687131687 25072.06258262404 25076.8182939312 25081.57400523836 25086.32971654553 25091.08542785269 25095.84113915985 25100.59685046702 25105.35256177418 25110.10827308134 25114.8639843885 25119.61969569567 25124.37540700283 25129.13111830999 25133.88682961716 25138.64254092432 25143.39825223148 25148.15396353865 25152.90967484581 25157.66538615297 25162.42109746014 25167.1768087673 25171.93252007446 25176.68823138163 25181.44394268879 25186.19965399595 25190.95536530311 25195.71107661028 25200.46678791744 25205.2224992246 25209.97821053177 25214.73392183893 25219.4896331461 25224.24534445326 25229.00105576042 25233.75676706759 25238.51247837475 25243.26818968191 25248.02390098908 25252.77961229624 25257.5353236034 25262.29103491057 25267.04674621773 25271.80245752489 25276.55816883205 25281.31388013922 25286.06959144638 25290.82530275354 25295.58101406071 25300.33672536787 25305.09243667503 25309.8481479822 25314.60385928936 25319.35957059652 25324.11528190369 25328.87099321085 25333.62670451801 25338.38241582518 25343.13812713234 25347.8938384395 25352.64954974666 25357.40526105383 25362.16097236099 25366.91668366815 25371.67239497532 25376.42810628248 25381.18381758964 25385.93952889681 25390.69524020397 25395.45095151113 25400.2066628183 25404.96237412546 25409.71808543263 25414.47379673979 25419.22950804695 25423.98521935411 25428.74093066128 25433.49664196844 25438.2523532756 25443.00806458277 25447.76377588993 25452.51948719709 25457.27519850426 25462.03090981142 25466.78662111858 25471.54233242575 25476.29804373291 25481.05375504007 25485.80946634724 25490.5651776544 25495.32088896156 25500.07660026873


# name: QUERY
# type: sq_string
# elements: 1
# length: 2
R5


# name: DATASIZE
# type: sq_string
# elements: 1
# length: 3
250


