# Created by Octave 4.0.0, Wed May 11 16:21:51 2016 CEST <peter@Independence>
# name: y
# type: matrix
# rows: 1
# columns: 100
 240861.0141800324 240754.5391385538 240648.0640970751 240541.5890555965 240435.1140141179 240328.6389726393 240222.1639311607 240115.6888896821 240009.2138482035 239902.7388067249 239796.2637652463 239689.7887237677 239583.3136822891 239476.8386408105 239370.3635993318 239263.8885578532 239157.4135163746 239050.938474896 238944.4634334174 238837.9883919388 238731.5133504602 238625.0383089816 238518.563267503 238412.0882260244 238305.6131845458 238199.1381430672 238092.6631015886 237986.1880601099 237879.7130186313 237773.2379771527 237666.7629356741 237560.2878941955 237453.8128527169 237347.3378112383 237240.8627697597 237134.3877282811 237027.9126868025 236921.4376453239 236814.9626038453 236708.4875623666 236602.012520888 236495.5374794094 236389.0624379308 236282.5873964522 236176.1123549736 236069.637313495 235963.1622720164 235856.6872305378 235750.2121890592 235643.7371475806 235537.262106102 235430.7870646233 235324.3120231447 235217.8369816661 235111.3619401875 235004.8868987089 234898.4118572303 234791.9368157517 234685.4617742731 234578.9867327945 234472.5116913159 234366.0366498373 234259.5616083587 234153.0865668801 234046.6115254014 233940.1364839228 233833.6614424442 233727.1864009656 233620.711359487 233514.2363180084 233407.7612765298 233301.2862350512 233194.8111935726 233088.336152094 232981.8611106154 232875.3860691368 232768.9110276581 232662.4359861795 232555.9609447009 232449.4859032223 232343.0108617437 232236.5358202651 232130.0607787865 232023.5857373079 231917.1106958293 231810.6356543507 231704.1606128721 231597.6855713935 231491.2105299149 231384.7354884362 231278.2604469576 231171.785405479 231065.3103640004 230958.8353225218 230852.3602810432 230745.8852395646 230639.410198086 230532.9351566074 230426.4601151288 230319.9850736502


