# Created by Octave 4.0.0, Wed May 11 16:21:51 2016 CEST <peter@Independence>
# name: y
# type: matrix
# rows: 100
# columns: 1
 148662.9486031145
 146713.7735013475
 144826.0298736882
 143000.683287663
 141238.6696002201
 139540.8941699177
 137908.2310934755
 136341.5224675782
 134841.5776767805
 133409.1727083454
 132045.0494948059
 130749.9152850171
 129524.4420444224
 128369.2658852345
 127284.9865271856
 126272.1667894738
 125331.3321144884
 124462.9701238645
 123667.530207374
 122945.4231451227
 122297.0207634838
 121722.6556251553
 121222.6207536882
 120797.1693927902
 120446.5148006701
 120170.8300796412
 119970.2480411615
 119844.8611064468
 119794.7212427461
 119819.8399353296
 119920.1881951926
 120095.6966024361
 120346.2553852466
 120671.7145343459
 121071.883952748
 121546.5336406102
 122095.3939149299
 122718.1556637932
 123414.4706348409
 124183.9517575787
 125026.1734991157
 125940.6722528808
 126926.9467598205
 127984.4585615538
 129112.6324849149
 130310.8571572805
 131578.4855520495
 132914.8355635962
 134319.1906110019
 135790.8002698206
 137328.8809311193
 138932.6164869904
 140601.1590417174
 142333.6296477384
 144129.1190655306
 145986.6885465169
 147905.3706380639
 149884.1700096319
 151922.0642991005
 154018.0049782936
 156170.9182366914
 158379.7058823145
 160643.2462587445
 162960.3951772325
 165329.9868628376
 167750.8349135246
 170221.7332711438
 172741.4572032081
 175308.7642943751
 177922.3954465398
 180581.0758864417
 183283.5161796857
 186028.4132500791
 188814.4514031892
 191640.3033530265
 194504.6312507665
 197406.0877144273
 200343.316858428
 203314.9553219627
 206319.6332951339
 209355.9755418018
 212422.6024181195
 215518.1308857354
 218641.1755186637
 221790.3495028367
 224964.2656273734
 228161.5372666158
 231380.7793520069
 234620.6093328992
 237879.6481254161
 241156.5210484993
 244449.8587463056
 247758.2980961442
 251080.4831011635
 254415.0657670286
 257760.7069618583
 261116.0772587145
 264479.8577599676
 267850.7409028928
 271227.4312458776


