# Created by Octave 4.0.0, Wed May 11 16:21:51 2016 CEST <peter@Independence>
# name: y
# type: matrix
# rows: 100
# columns: 1
 119287.8471939498
 118658.705071502
 118055.6479601123
 117478.1235712729
 116925.5796164762
 116397.4638072144
 115893.2238549797
 115412.3074712644
 114954.1623675608
 114518.2362553611
 114103.9768461575
 113710.8318514424
 113338.2489827079
 112985.6759514463
 112652.56046915
 112338.3502473111
 112042.4929974218
 111764.4364309745
 111503.6282594614
 111259.5161943748
 111031.5479472068
 110819.1712294499
 110621.8337525961
 110438.9832281378
 110270.0673675673
 110114.5338823767
 109971.8304840584
 109841.4048841045
 109722.7047940074
 109615.1779252593
 109518.2719893525
 109431.4346977792
 109354.1137620316
 109285.7568936021
 109225.8118039828
 109173.7262046661
 109128.9478071441
 109090.9243229092
 109059.1034634536
 109032.9329402695
 109011.8604648492
 108995.333748685
 108982.8005032691
 108973.7084400937
 108967.5052706512
 108963.6387064338
 108961.5564589337
 108960.7062396432
 108960.5357600545
 108960.4927316599
 108960.0248659517
 108958.579874422
 108955.6054685633
 108950.5493598676
 108942.8592598273
 108931.9828799346
 108917.3679316818
 108898.4621265612
 108874.7131760649
 108845.5687916853
 108810.4766849145
 108768.884567245
 108720.2401501688
 108663.9911451783
 108599.5852637657
 108526.4702174233
 108444.0937176433
 108351.9034759179
 108249.3472037395
 108135.8726126003
 108010.9274139926
 107873.9593194085
 107724.4160403404
 107561.7452882805
 107385.3947747211
 107194.8122111544
 106989.4453090726
 106768.7417799681
 106532.1493353331
 106279.1156866598
 106009.0885454405
 105721.5156231674
 105415.8446313329
 105091.5232814291
 104747.9992849483
 104384.7203533827
 104001.1341982247
 103596.6885309665
 103170.8310631003
 102723.0095061183
 102252.6715715129
 101759.2649707764
 101242.2374154008
 100701.0366168786
 100135.1102867018
 99543.90613636296
 98926.87187735416
 98283.45522116765
 97613.10387929576
 96915.2655632307


