# Created by Octave 4.0.0, Wed May 11 16:21:51 2016 CEST <peter@Independence>
# name: y
# type: matrix
# rows: 100
# columns: 1
 201088.5546881365
 201812.6190811138
 202536.6834740912
 203260.7478670685
 203984.8122600459
 204708.8766530233
 205432.9410460007
 206157.005438978
 206881.0698319554
 207605.1342249328
 208329.1986179101
 209053.2630108875
 209777.3274038648
 210501.3917968422
 211225.4561898196
 211949.5205827969
 212673.5849757743
 213397.6493687517
 214121.713761729
 214845.7781547064
 215569.8425476838
 216293.9069406611
 217017.9713336385
 217742.0357266159
 218466.1001195932
 219190.1645125706
 219914.228905548
 220638.2932985253
 221362.3576915027
 222086.4220844801
 222810.4864774574
 223534.5508704348
 224258.6152634122
 224982.6796563895
 225706.7440493669
 226430.8084423442
 227154.8728353216
 227878.937228299
 228603.0016212763
 229327.0660142537
 230051.1304072311
 230775.1948002084
 231499.2591931858
 232223.3235861632
 232947.3879791405
 233671.4523721179
 234395.5167650953
 235119.5811580726
 235843.64555105
 236567.7099440274
 237291.7743370047
 238015.8387299821
 238739.9031229595
 239463.9675159368
 240188.0319089142
 240912.0963018915
 241636.1606948689
 242360.2250878463
 243084.2894808236
 243808.353873801
 244532.4182667784
 245256.4826597557
 245980.5470527331
 246704.6114457105
 247428.6758386878
 248152.7402316652
 248876.8046246426
 249600.8690176199
 250324.9334105973
 251048.9978035747
 251773.062196552
 252497.1265895294
 253221.1909825068
 253945.2553754842
 254669.3197684615
 255393.3841614389
 256117.4485544162
 256841.5129473936
 257565.5773403709
 258289.6417333483
 259013.7061263257
 259737.770519303
 260461.8349122804
 261185.8993052578
 261909.9636982352
 262634.0280912125
 263358.0924841899
 264082.1568771672
 264806.2212701446
 265530.285663122
 266254.3500560994
 266978.4144490767
 267702.4788420541
 268426.5432350314
 269150.6076280088
 269874.6720209862
 270598.7364139635
 271322.8008069409
 272046.8651999183
 272770.9295928956


