# Created by Octave 4.0.0, Mon May 23 13:36:48 2016 CEST <peter@Independence>
# name: x
# type: matrix
# rows: 1
# columns: 100
 0.008333333333333333 0.008417508417508417 0.008501683501683501 0.008585858585858586 0.00867003367003367 0.008754208754208754 0.008838383838383838 0.008922558922558922 0.009006734006734006 0.00909090909090909 0.009175084175084175 0.009259259259259259 0.009343434343434343 0.009427609427609427 0.009511784511784511 0.009595959595959595 0.009680134680134681 0.009764309764309764 0.009848484848484849 0.009932659932659932 0.01001683501683502 0.0101010101010101 0.01018518518518519 0.01026936026936027 0.01035353535353535 0.01043771043771044 0.01052188552188552 0.0106060606060606 0.01069023569023569 0.01077441077441077 0.01085858585858586 0.01094276094276094 0.01102693602693603 0.01111111111111111 0.0111952861952862 0.01127946127946128 0.01136363636363636 0.01144781144781145 0.01153198653198653 0.01161616161616162 0.0117003367003367 0.01178451178451178 0.01186868686868687 0.01195286195286195 0.01203703703703704 0.01212121212121212 0.01220538720538721 0.01228956228956229 0.01237373737373737 0.01245791245791246 0.01254208754208754 0.01262626262626263 0.01271043771043771 0.01279461279461279 0.01287878787878788 0.01296296296296296 0.01304713804713805 0.01313131313131313 0.01321548821548822 0.0132996632996633 0.01338383838383838 0.01346801346801347 0.01355218855218855 0.01363636363636364 0.01372053872053872 0.01380471380471381 0.01388888888888889 0.01397306397306397 0.01405723905723906 0.01414141414141414 0.01422558922558922 0.01430976430976431 0.01439393939393939 0.01447811447811448 0.01456228956228956 0.01464646464646465 0.01473063973063973 0.01481481481481482 0.0148989898989899 0.01498316498316498 0.01506734006734007 0.01515151515151515 0.01523569023569024 0.01531986531986532 0.0154040404040404 0.01548821548821549 0.01557239057239057 0.01565656565656566 0.01574074074074074 0.01582491582491583 0.01590909090909091 0.01599326599326599 0.01607744107744108 0.01616161616161616 0.01624579124579124 0.01632996632996633 0.01641414141414142 0.0164983164983165 0.01658249158249158 0.01666666666666667


# name: y
# type: matrix
# rows: 100
# columns: 1
 763122.9539872418
 753685.0277112292
 744785.2755379031
 736458.5975769823
 728738.5082056824
 721656.9525929976
 715244.1310047957
 709528.332488723
 704535.779486309
 700290.4848494862
 696814.1226502049
 694125.9140654127
 692242.5294960227
 691178.0079386728
 690943.694474168
 691548.1965680434
 692997.3596982819
 695294.2626347806
 698439.2324967395
 702429.8795099703
 707261.1511785716
 712925.4053769598
 719412.5016614632
 726709.9098981462
 734802.8351078862
 743674.3572435406
 753305.5844398295
 763675.8181167801
 774762.72817448
 786542.5363926026
 798990.2060446303
 812079.6356555501
 825783.8547745112
 840075.2196015868
 854925.6063012653
 870306.5998550754
 886189.6763520384
 902546.376688235
 919348.4697451981
 936568.1032402354
 954177.9405889289
 972151.2822894896
 990462.1705284729
 1009085.475915525
 1027996.965478886
 1047173.351290756
 1066592.319339428
 1086232.538520367
 1106073.649877938
 1126096.236490087
 1146281.774646551
 1166612.567223871
 1187071.660404279
 1207642.745117099
 1228310.0447977
 1249058.191257076
 1269872.090632214
 1290736.781540851
 1311637.287691824
 1332558.467301965
 1353484.861740741
 1374400.545863306
 1395288.982500409
 1416132.883549179
 1436914.080052102
 1457613.403562814
 1478210.580977466
 1498684.144860465
 1519011.361115048
 1539168.175644261
 1559129.181419006
 1578867.607119448
 1598355.328247422
 1617562.901323769
 1636459.621489374
 1655013.6035259
 1673191.886005597
 1690960.557973306
 1708284.907261818
 1725129.589248178
 1741458.814577356
 1757236.554114762
 1772426.759144011
 1786993.594604679
 1800901.682969515
 1814116.356194594
 1826603.913041641
 1838331.878971034
 1849269.265738599
 1859386.827799978
 1868657.3126339
 1877055.702139878
 1884559.442346389
 1891148.658781268
 1896806.355005536
 1901518.59199295
 1905274.646247968
 1908067.144791516
 1909892.175403822
 1910749.370792956


# name: QUERY
# type: sq_string
# elements: 1
# length: 2
R2


# name: DATASIZE
# type: sq_string
# elements: 1
# length: 4
1000


