# Created by Octave 3.8.2, Wed May 18 18:00:25 2016 CEST <Andrea@Andreas-MacBook-Pro.local>
# name: x
# type: matrix
# rows: 1
# columns: 100
 0.008333333333333333 0.008417508417508417 0.008501683501683501 0.008585858585858586 0.00867003367003367 0.008754208754208754 0.008838383838383838 0.008922558922558922 0.009006734006734006 0.00909090909090909 0.009175084175084175 0.009259259259259259 0.009343434343434343 0.009427609427609427 0.009511784511784511 0.009595959595959595 0.009680134680134679 0.009764309764309764 0.009848484848484849 0.009932659932659932 0.01001683501683502 0.0101010101010101 0.01018518518518519 0.01026936026936027 0.01035353535353535 0.01043771043771044 0.01052188552188552 0.0106060606060606 0.01069023569023569 0.01077441077441077 0.01085858585858586 0.01094276094276094 0.01102693602693603 0.01111111111111111 0.0111952861952862 0.01127946127946128 0.01136363636363636 0.01144781144781145 0.01153198653198653 0.01161616161616162 0.0117003367003367 0.01178451178451178 0.01186868686868687 0.01195286195286195 0.01203703703703704 0.01212121212121212 0.01220538720538721 0.01228956228956229 0.01237373737373737 0.01245791245791246 0.01254208754208754 0.01262626262626263 0.01271043771043771 0.01279461279461279 0.01287878787878788 0.01296296296296296 0.01304713804713805 0.01313131313131313 0.01321548821548822 0.0132996632996633 0.01338383838383838 0.01346801346801347 0.01355218855218855 0.01363636363636364 0.01372053872053872 0.0138047138047138 0.01388888888888889 0.01397306397306397 0.01405723905723906 0.01414141414141414 0.01422558922558922 0.01430976430976431 0.01439393939393939 0.01447811447811448 0.01456228956228956 0.01464646464646465 0.01473063973063973 0.01481481481481481 0.0148989898989899 0.01498316498316498 0.01506734006734007 0.01515151515151515 0.01523569023569023 0.01531986531986532 0.0154040404040404 0.01548821548821549 0.01557239057239057 0.01565656565656566 0.01574074074074074 0.01582491582491583 0.01590909090909091 0.01599326599326599 0.01607744107744108 0.01616161616161616 0.01624579124579124 0.01632996632996633 0.01641414141414141 0.0164983164983165 0.01658249158249158 0.01666666666666667


# name: y
# type: matrix
# rows: 100
# columns: 1
 830785.5382235518
 819332.6008817928
 808284.1819011706
 797682.0468239564
 787567.2839798208
 777980.0770890617
 768959.4801831879
 760543.1968648155
 752767.3659307085
 745666.3553594863
 739272.5666186623
 733616.2511741631
 728725.3409896152
 724625.2946830913
 721338.9608667033
 718886.4600307479
 717285.0861507586
 716549.2289947947
 716690.3178919381
 717716.7874938294
 719634.0658220032
 722444.5846477642
 726147.8120015808
 730740.3063587223
 736215.7918004729
 742565.253209092
 749777.0503230444
 757837.049260148
 766728.7699132615
 776433.5474388602
 786930.7058960008
 798197.7419541852
 810210.5164755299
 822943.4516912607
 836369.7316361893
 850461.503478521
 865190.0773866364
 880526.1226095506
 896439.8575133013
 912901.231410844
 929880.0961470461
 947346.3655515217
 965270.1610484656
 983621.9419120455
 1002372.618875734
 1021493.650041314
 1040957.11828505
 1060735.789621351
 1080803.15225465
 1101133.43632457
 1121701.61462404
 1142483.384841212
 1163455.134140033
 1184593.887147663
 1205877.238656093
 1227283.272566966
 1248790.468809802
 1270377.600141625
 1292023.620888011
 1313707.549809576
 1335408.349372142
 1357104.803761837
 1378775.398017201
 1400398.200648441
 1421950.752079125
 1443409.961178199
 1464752.012050933
 1485952.283127509
 1506985.280428971
 1527824.586704259
 1548442.827921317
 1568811.658362661
 1588901.765324176
 1608682.894148798
 1628123.894047473
 1647192.784872244
 1665856.844714297
 1684082.717907196
 1701836.542726467
 1719084.097794904
 1735790.965932491
 1751922.713934317
 1767445.086522785
 1782324.212505231
 1796526.82097754
 1810020.465251419
 1822773.752049662
 1834756.573412131
 1845940.338686601
 1856298.203944049
 1865805.296157994
 1874438.92952201
 1882178.811348187
 1889007.235091015
 1894909.258174641
 1899872.862464688
 1903889.095416592
 1906952.190148117
 1909059.662921141
 1910212.386773879


# name: QUERY
# type: sq_string
# elements: 1
# length: 2
R2


# name: DATASIZE
# type: sq_string
# elements: 1
# length: 4
1000


