# Created by Octave 4.0.0, Mon May 23 13:36:48 2016 CEST <peter@Independence>
# name: x
# type: matrix
# rows: 1
# columns: 100
 0.008333333333333333 0.008417508417508417 0.008501683501683501 0.008585858585858586 0.00867003367003367 0.008754208754208754 0.008838383838383838 0.008922558922558922 0.009006734006734006 0.00909090909090909 0.009175084175084175 0.009259259259259259 0.009343434343434343 0.009427609427609427 0.009511784511784511 0.009595959595959595 0.009680134680134681 0.009764309764309764 0.009848484848484849 0.009932659932659932 0.01001683501683502 0.0101010101010101 0.01018518518518519 0.01026936026936027 0.01035353535353535 0.01043771043771044 0.01052188552188552 0.0106060606060606 0.01069023569023569 0.01077441077441077 0.01085858585858586 0.01094276094276094 0.01102693602693603 0.01111111111111111 0.0111952861952862 0.01127946127946128 0.01136363636363636 0.01144781144781145 0.01153198653198653 0.01161616161616162 0.0117003367003367 0.01178451178451178 0.01186868686868687 0.01195286195286195 0.01203703703703704 0.01212121212121212 0.01220538720538721 0.01228956228956229 0.01237373737373737 0.01245791245791246 0.01254208754208754 0.01262626262626263 0.01271043771043771 0.01279461279461279 0.01287878787878788 0.01296296296296296 0.01304713804713805 0.01313131313131313 0.01321548821548822 0.0132996632996633 0.01338383838383838 0.01346801346801347 0.01355218855218855 0.01363636363636364 0.01372053872053872 0.01380471380471381 0.01388888888888889 0.01397306397306397 0.01405723905723906 0.01414141414141414 0.01422558922558922 0.01430976430976431 0.01439393939393939 0.01447811447811448 0.01456228956228956 0.01464646464646465 0.01473063973063973 0.01481481481481482 0.0148989898989899 0.01498316498316498 0.01506734006734007 0.01515151515151515 0.01523569023569024 0.01531986531986532 0.0154040404040404 0.01548821548821549 0.01557239057239057 0.01565656565656566 0.01574074074074074 0.01582491582491583 0.01590909090909091 0.01599326599326599 0.01607744107744108 0.01616161616161616 0.01624579124579124 0.01632996632996633 0.01641414141414142 0.0164983164983165 0.01658249158249158 0.01666666666666667


# name: y
# type: matrix
# rows: 1
# columns: 100
 564169.2933730849 577645.8764058165 591122.4594385481 604599.0424712796 618075.6255040112 631552.2085367427 645028.7915694744 658505.3746022061 671981.9576349377 685458.5406676693 698935.1237004008 712411.7067331325 725888.289765864 739364.8727985956 752841.4558313272 766318.0388640589 779794.6218967905 793271.204929522 806747.7879622537 820224.3709949853 833700.9540277168 847177.5370604484 860654.1200931801 874130.7031259116 887607.2861586432 901083.8691913749 914560.4522241064 928037.035256838 941513.6182895696 954990.2013223013 968466.7843550328 981943.3673877644 995419.9504204961 1008896.533453228 1022373.116485959 1035849.699518691 1049326.282551422 1062802.865584154 1076279.448616886 1089756.031649617 1103232.614682349 1116709.19771508 1130185.780747812 1143662.363780544 1157138.946813275 1170615.529846007 1184092.112878738 1197568.69591147 1211045.278944202 1224521.861976933 1237998.445009665 1251475.028042397 1264951.611075128 1278428.19410786 1291904.777140591 1305381.360173323 1318857.943206054 1332334.526238786 1345811.109271518 1359287.692304249 1372764.275336981 1386240.858369712 1399717.441402444 1413194.024435176 1426670.607467907 1440147.190500639 1453623.77353337 1467100.356566102 1480576.939598834 1494053.522631565 1507530.105664297 1521006.688697028 1534483.27172976 1547959.854762492 1561436.437795223 1574913.020827955 1588389.603860687 1601866.186893418 1615342.76992615 1628819.352958881 1642295.935991613 1655772.519024344 1669249.102057076 1682725.685089807 1696202.268122539 1709678.851155271 1723155.434188002 1736632.017220734 1750108.600253466 1763585.183286197 1777061.766318929 1790538.34935166 1804014.932384392 1817491.515417124 1830968.098449855 1844444.681482587 1857921.264515318 1871397.84754805 1884874.430580782 1898351.013613513


# name: QUERY
# type: sq_string
# elements: 1
# length: 2
R2


# name: DATASIZE
# type: sq_string
# elements: 1
# length: 4
1000


