# Created by Octave 3.8.2, Wed May 18 18:00:25 2016 CEST <Andrea@Andreas-MacBook-Pro.local>
# name: x
# type: matrix
# rows: 1
# columns: 100
 0.008333333333333333 0.008417508417508417 0.008501683501683501 0.008585858585858586 0.00867003367003367 0.008754208754208754 0.008838383838383838 0.008922558922558922 0.009006734006734006 0.00909090909090909 0.009175084175084175 0.009259259259259259 0.009343434343434343 0.009427609427609427 0.009511784511784511 0.009595959595959595 0.009680134680134679 0.009764309764309764 0.009848484848484849 0.009932659932659932 0.01001683501683502 0.0101010101010101 0.01018518518518519 0.01026936026936027 0.01035353535353535 0.01043771043771044 0.01052188552188552 0.0106060606060606 0.01069023569023569 0.01077441077441077 0.01085858585858586 0.01094276094276094 0.01102693602693603 0.01111111111111111 0.0111952861952862 0.01127946127946128 0.01136363636363636 0.01144781144781145 0.01153198653198653 0.01161616161616162 0.0117003367003367 0.01178451178451178 0.01186868686868687 0.01195286195286195 0.01203703703703704 0.01212121212121212 0.01220538720538721 0.01228956228956229 0.01237373737373737 0.01245791245791246 0.01254208754208754 0.01262626262626263 0.01271043771043771 0.01279461279461279 0.01287878787878788 0.01296296296296296 0.01304713804713805 0.01313131313131313 0.01321548821548822 0.0132996632996633 0.01338383838383838 0.01346801346801347 0.01355218855218855 0.01363636363636364 0.01372053872053872 0.0138047138047138 0.01388888888888889 0.01397306397306397 0.01405723905723906 0.01414141414141414 0.01422558922558922 0.01430976430976431 0.01439393939393939 0.01447811447811448 0.01456228956228956 0.01464646464646465 0.01473063973063973 0.01481481481481481 0.0148989898989899 0.01498316498316498 0.01506734006734007 0.01515151515151515 0.01523569023569023 0.01531986531986532 0.0154040404040404 0.01548821548821549 0.01557239057239057 0.01565656565656566 0.01574074074074074 0.01582491582491583 0.01590909090909091 0.01599326599326599 0.01607744107744108 0.01616161616161616 0.01624579124579124 0.01632996632996633 0.01641414141414141 0.0164983164983165 0.01658249158249158 0.01666666666666667


# name: y
# type: matrix
# rows: 1
# columns: 100
 591074.2445093953 604039.6140714039 617004.9836334122 629970.3531954206 642935.722757429 655901.0923194373 668866.4618814457 681831.8314434541 694797.2010054626 707762.570567471 720727.9401294794 733693.3096914877 746658.6792534961 759624.0488155044 772589.4183775128 785554.7879395214 798520.1575015297 811485.5270635381 824450.8966255465 837416.2661875549 850381.6357495633 863347.0053115716 876312.3748735801 889277.7444355884 902243.1139975968 915208.4835596052 928173.8531216136 941139.222683622 954104.5922456305 967069.9618076389 980035.3313696472 993000.7009316556 1005966.070493664 1018931.440055672 1031896.809617681 1044862.179179689 1057827.548741698 1070792.918303706 1083758.287865714 1096723.657427723 1109689.026989731 1122654.396551739 1135619.766113748 1148585.135675756 1161550.505237765 1174515.874799773 1187481.244361782 1200446.61392379 1213411.983485798 1226377.353047807 1239342.722609815 1252308.092171824 1265273.461733832 1278238.83129584 1291204.200857849 1304169.570419857 1317134.939981865 1330100.309543874 1343065.679105882 1356031.04866789 1368996.418229899 1381961.787791907 1394927.157353916 1407892.526915924 1420857.896477933 1433823.266039941 1446788.635601949 1459754.005163958 1472719.374725966 1485684.744287975 1498650.113849983 1511615.483411991 1524580.852974 1537546.222536008 1550511.592098017 1563476.961660025 1576442.331222033 1589407.700784042 1602373.07034605 1615338.439908058 1628303.809470067 1641269.179032075 1654234.548594084 1667199.918156092 1680165.2877181 1693130.657280109 1706096.026842117 1719061.396404126 1732026.765966134 1744992.135528142 1757957.505090151 1770922.874652159 1783888.244214168 1796853.613776176 1809818.983338184 1822784.352900193 1835749.722462201 1848715.092024209 1861680.461586218 1874645.831148226


# name: QUERY
# type: sq_string
# elements: 1
# length: 2
R2


# name: DATASIZE
# type: sq_string
# elements: 1
# length: 4
1000


