# Created by Octave 4.0.0, Mon May 23 13:36:48 2016 CEST <peter@Independence>
# name: x
# type: matrix
# rows: 1
# columns: 100
 0.008333333333333333 0.008417508417508417 0.008501683501683501 0.008585858585858586 0.00867003367003367 0.008754208754208754 0.008838383838383838 0.008922558922558922 0.009006734006734006 0.00909090909090909 0.009175084175084175 0.009259259259259259 0.009343434343434343 0.009427609427609427 0.009511784511784511 0.009595959595959595 0.009680134680134681 0.009764309764309764 0.009848484848484849 0.009932659932659932 0.01001683501683502 0.0101010101010101 0.01018518518518519 0.01026936026936027 0.01035353535353535 0.01043771043771044 0.01052188552188552 0.0106060606060606 0.01069023569023569 0.01077441077441077 0.01085858585858586 0.01094276094276094 0.01102693602693603 0.01111111111111111 0.0111952861952862 0.01127946127946128 0.01136363636363636 0.01144781144781145 0.01153198653198653 0.01161616161616162 0.0117003367003367 0.01178451178451178 0.01186868686868687 0.01195286195286195 0.01203703703703704 0.01212121212121212 0.01220538720538721 0.01228956228956229 0.01237373737373737 0.01245791245791246 0.01254208754208754 0.01262626262626263 0.01271043771043771 0.01279461279461279 0.01287878787878788 0.01296296296296296 0.01304713804713805 0.01313131313131313 0.01321548821548822 0.0132996632996633 0.01338383838383838 0.01346801346801347 0.01355218855218855 0.01363636363636364 0.01372053872053872 0.01380471380471381 0.01388888888888889 0.01397306397306397 0.01405723905723906 0.01414141414141414 0.01422558922558922 0.01430976430976431 0.01439393939393939 0.01447811447811448 0.01456228956228956 0.01464646464646465 0.01473063973063973 0.01481481481481482 0.0148989898989899 0.01498316498316498 0.01506734006734007 0.01515151515151515 0.01523569023569024 0.01531986531986532 0.0154040404040404 0.01548821548821549 0.01557239057239057 0.01565656565656566 0.01574074074074074 0.01582491582491583 0.01590909090909091 0.01599326599326599 0.01607744107744108 0.01616161616161616 0.01624579124579124 0.01632996632996633 0.01641414141414142 0.0164983164983165 0.01658249158249158 0.01666666666666667


# name: y
# type: matrix
# rows: 100
# columns: 1
 789293.8442341902
 799089.8904967934
 808885.9367593966
 818681.9830219999
 828478.029284603
 838274.0755472062
 848070.1218098094
 857866.1680724127
 867662.2143350159
 877458.2605976191
 887254.3068602222
 897050.3531228255
 906846.3993854286
 916642.445648032
 926438.4919106351
 936234.5381732384
 946030.5844358417
 955826.6306984448
 965622.676961048
 975418.7232236513
 985214.7694862544
 995010.8157488577
 1004806.862011461
 1014602.908274064
 1024398.954536667
 1034195.000799271
 1043991.047061874
 1053787.093324477
 1063583.13958708
 1073379.185849683
 1083175.232112287
 1092971.27837489
 1102767.324637493
 1112563.370900096
 1122359.417162699
 1132155.463425303
 1141951.509687906
 1151747.555950509
 1161543.602213112
 1171339.648475716
 1181135.694738319
 1190931.741000922
 1200727.787263525
 1210523.833526128
 1220319.879788732
 1230115.926051335
 1239911.972313938
 1249708.018576541
 1259504.064839144
 1269300.111101748
 1279096.157364351
 1288892.203626954
 1298688.249889557
 1308484.296152161
 1318280.342414764
 1328076.388677367
 1337872.43493997
 1347668.481202574
 1357464.527465177
 1367260.57372778
 1377056.619990383
 1386852.666252986
 1396648.71251559
 1406444.758778193
 1416240.805040796
 1426036.851303399
 1435832.897566002
 1445628.943828606
 1455424.990091209
 1465221.036353812
 1475017.082616415
 1484813.128879019
 1494609.175141622
 1504405.221404225
 1514201.267666828
 1523997.313929431
 1533793.360192035
 1543589.406454638
 1553385.452717241
 1563181.498979844
 1572977.545242447
 1582773.591505051
 1592569.637767654
 1602365.684030257
 1612161.73029286
 1621957.776555463
 1631753.822818067
 1641549.86908067
 1651345.915343273
 1661141.961605876
 1670938.007868479
 1680734.054131083
 1690530.100393686
 1700326.146656289
 1710122.192918892
 1719918.239181496
 1729714.285444099
 1739510.331706702
 1749306.377969305
 1759102.424231909


# name: QUERY
# type: sq_string
# elements: 1
# length: 2
R2


# name: DATASIZE
# type: sq_string
# elements: 1
# length: 4
1000


