# Created by Octave 3.8.2, Wed May 18 18:00:25 2016 CEST <Andrea@Andreas-MacBook-Pro.local>
# name: x
# type: matrix
# rows: 1
# columns: 100
 0.008333333333333333 0.008417508417508417 0.008501683501683501 0.008585858585858586 0.00867003367003367 0.008754208754208754 0.008838383838383838 0.008922558922558922 0.009006734006734006 0.00909090909090909 0.009175084175084175 0.009259259259259259 0.009343434343434343 0.009427609427609427 0.009511784511784511 0.009595959595959595 0.009680134680134679 0.009764309764309764 0.009848484848484849 0.009932659932659932 0.01001683501683502 0.0101010101010101 0.01018518518518519 0.01026936026936027 0.01035353535353535 0.01043771043771044 0.01052188552188552 0.0106060606060606 0.01069023569023569 0.01077441077441077 0.01085858585858586 0.01094276094276094 0.01102693602693603 0.01111111111111111 0.0111952861952862 0.01127946127946128 0.01136363636363636 0.01144781144781145 0.01153198653198653 0.01161616161616162 0.0117003367003367 0.01178451178451178 0.01186868686868687 0.01195286195286195 0.01203703703703704 0.01212121212121212 0.01220538720538721 0.01228956228956229 0.01237373737373737 0.01245791245791246 0.01254208754208754 0.01262626262626263 0.01271043771043771 0.01279461279461279 0.01287878787878788 0.01296296296296296 0.01304713804713805 0.01313131313131313 0.01321548821548822 0.0132996632996633 0.01338383838383838 0.01346801346801347 0.01355218855218855 0.01363636363636364 0.01372053872053872 0.0138047138047138 0.01388888888888889 0.01397306397306397 0.01405723905723906 0.01414141414141414 0.01422558922558922 0.01430976430976431 0.01439393939393939 0.01447811447811448 0.01456228956228956 0.01464646464646465 0.01473063973063973 0.01481481481481481 0.0148989898989899 0.01498316498316498 0.01506734006734007 0.01515151515151515 0.01523569023569023 0.01531986531986532 0.0154040404040404 0.01548821548821549 0.01557239057239057 0.01565656565656566 0.01574074074074074 0.01582491582491583 0.01590909090909091 0.01599326599326599 0.01607744107744108 0.01616161616161616 0.01624579124579124 0.01632996632996633 0.01641414141414141 0.0164983164983165 0.01658249158249158 0.01666666666666667


# name: y
# type: matrix
# rows: 100
# columns: 1
 657206.0866644697
 668519.4099325316
 679832.7332005935
 691146.0564686552
 702459.3797367172
 713772.7030047789
 725086.0262728408
 736399.3495409025
 747712.6728089643
 759025.9960770262
 770339.3193450881
 781652.6426131498
 792965.9658812117
 804279.2891492735
 815592.6124173354
 826905.9356853972
 838219.2589534591
 849532.5822215208
 860845.9054895828
 872159.2287576445
 883472.5520257064
 894785.8752937682
 906099.19856183
 917412.5218298918
 928725.8450979536
 940039.1683660155
 951352.4916340773
 962665.8149021391
 973979.138170201
 985292.4614382628
 996605.7847063246
 1007919.107974387
 1019232.431242448
 1030545.75451051
 1041859.077778572
 1053172.401046634
 1064485.724314696
 1075799.047582757
 1087112.370850819
 1098425.694118881
 1109739.017386943
 1121052.340655005
 1132365.663923067
 1143678.987191129
 1154992.31045919
 1166305.633727252
 1177618.956995314
 1188932.280263376
 1200245.603531437
 1211558.926799499
 1222872.250067561
 1234185.573335623
 1245498.896603685
 1256812.219871747
 1268125.543139809
 1279438.86640787
 1290752.189675932
 1302065.512943994
 1313378.836212056
 1324692.159480118
 1336005.482748179
 1347318.806016241
 1358632.129284303
 1369945.452552365
 1381258.775820427
 1392572.099088489
 1403885.422356551
 1415198.745624612
 1426512.068892674
 1437825.392160736
 1449138.715428798
 1460452.038696859
 1471765.361964921
 1483078.685232983
 1494392.008501045
 1505705.331769107
 1517018.655037169
 1528331.978305231
 1539645.301573292
 1550958.624841354
 1562271.948109416
 1573585.271377478
 1584898.59464554
 1596211.917913602
 1607525.241181663
 1618838.564449725
 1630151.887717787
 1641465.210985849
 1652778.534253911
 1664091.857521972
 1675405.180790034
 1686718.504058096
 1698031.827326158
 1709345.15059422
 1720658.473862282
 1731971.797130344
 1743285.120398405
 1754598.443666467
 1765911.766934529
 1777225.090202591


# name: QUERY
# type: sq_string
# elements: 1
# length: 2
R2


# name: DATASIZE
# type: sq_string
# elements: 1
# length: 4
1000


