# Created by Octave 3.8.2, Wed May 18 18:00:25 2016 CEST <Andrea@Andreas-MacBook-Pro.local>
# name: SVs
# type: cell
# rows: 1
# columns: 7
# name: <cell-element>
# type: sparse matrix
# nnz: 17
# rows: 17
# columns: 1
1 1 -1.110691471002432
2 1 1.550709817342058
3 1 1.550709817342058
4 1 -1.110691471002432
5 1 -0.5784112133335341
6 1 -1.110691471002432
7 1 -0.5784112133335341
8 1 1.550709817342058
9 1 -1.110691471002432
10 1 -0.5784112133335341
11 1 -0.5784112133335341
12 1 1.550709817342058
13 1 -0.5784112133335341
14 1 0.2200091731698132
15 1 1.550709817342058
16 1 -0.5784112133335341
17 1 -0.5784112133335341



# name: <cell-element>
# type: sparse matrix
# nnz: 3
# rows: 3
# columns: 1
1 1 0.2200091731698132
2 1 1.550709817342058
3 1 -1.110691471002432



# name: <cell-element>
# type: sparse matrix
# nnz: 16
# rows: 16
# columns: 1
1 1 -1.110691471002432
2 1 -1.110691471002432
3 1 -0.5784112133335341
4 1 -0.5784112133335341
5 1 -1.110691471002432
6 1 0.2200091731698132
7 1 -0.5784112133335341
8 1 1.550709817342058
9 1 -1.110691471002432
10 1 -0.5784112133335341
11 1 -0.5784112133335341
12 1 -0.5784112133335341
13 1 1.550709817342058
14 1 0.2200091731698132
15 1 -0.5784112133335341
16 1 -0.5784112133335341



# name: <cell-element>
# type: sparse matrix
# nnz: 38
# rows: 38
# columns: 1
1 1 -1.110691471002432
2 1 -1.110691471002432
3 1 0.2200091731698132
4 1 1.550709817342058
5 1 1.550709817342058
6 1 0.2200091731698132
7 1 -1.110691471002432
8 1 0.2200091731698132
9 1 -0.5784112133335341
10 1 -1.110691471002432
11 1 -1.110691471002432
12 1 -1.110691471002432
13 1 0.2200091731698132
14 1 -0.5784112133335341
15 1 0.2200091731698132
16 1 1.550709817342058
17 1 0.2200091731698132
18 1 -1.110691471002432
19 1 1.550709817342058
20 1 -1.110691471002432
21 1 -0.5784112133335341
22 1 0.2200091731698132
23 1 1.550709817342058
24 1 -0.5784112133335341
25 1 1.550709817342058
26 1 -0.5784112133335341
27 1 0.2200091731698132
28 1 1.550709817342058
29 1 0.2200091731698132
30 1 -1.110691471002432
31 1 0.2200091731698132
32 1 -0.5784112133335341
33 1 -0.5784112133335341
34 1 0.2200091731698132
35 1 0.2200091731698132
36 1 0.2200091731698132
37 1 0.2200091731698132
38 1 -1.110691471002432



# name: <cell-element>
# type: sparse matrix
# nnz: 39
# rows: 39
# columns: 1
1 1 -1.110691471002432
2 1 -1.110691471002432
3 1 0.2200091731698132
4 1 1.550709817342058
5 1 1.550709817342058
6 1 0.2200091731698132
7 1 -0.5784112133335341
8 1 0.2200091731698132
9 1 -0.5784112133335341
10 1 -1.110691471002432
11 1 -1.110691471002432
12 1 -1.110691471002432
13 1 0.2200091731698132
14 1 -0.5784112133335341
15 1 0.2200091731698132
16 1 1.550709817342058
17 1 0.2200091731698132
18 1 -1.110691471002432
19 1 1.550709817342058
20 1 -1.110691471002432
21 1 -0.5784112133335341
22 1 0.2200091731698132
23 1 1.550709817342058
24 1 -0.5784112133335341
25 1 -0.5784112133335341
26 1 0.2200091731698132
27 1 1.550709817342058
28 1 0.2200091731698132
29 1 -1.110691471002432
30 1 0.2200091731698132
31 1 -0.5784112133335341
32 1 -0.5784112133335341
33 1 1.550709817342058
34 1 0.2200091731698132
35 1 0.2200091731698132
36 1 1.550709817342058
37 1 0.2200091731698132
38 1 0.2200091731698132
39 1 -1.110691471002432



# name: <cell-element>
# type: sparse matrix
# nnz: 5
# rows: 5
# columns: 1
1 1 1.550709817342058
2 1 -1.110691471002432
3 1 -0.5784112133335341
4 1 1.550709817342058
5 1 -1.110691471002432



# name: <cell-element>
# type: scalar
0





# name: coefficients
# type: cell
# rows: 1
# columns: 7
# name: <cell-element>
# type: matrix
# rows: 17
# columns: 1
 0.003361770309155875
 0.1
 0.1
 0.1
 -0.1
 0.1
 -0.1
 0.1
 0.1
 -0.1
 -0.1
 0.09663822969084412
 -0.1
 -0.1
 0.1
 -0.1
 -0.1



# name: <cell-element>
# type: matrix
# rows: 3
# columns: 1
 0.09805189676785003
 0.77562810323215
 -0.87368



# name: <cell-element>
# type: matrix
# rows: 16
# columns: 1
 0.002099141734735667
 0.1
 -0.002099141734735667
 -0.1
 0.1
 0.1
 -0.1
 0.1
 0.1
 -0.1
 -0.1
 -0.1
 0.1
 0.1
 -0.1
 -0.1



# name: <cell-element>
# type: matrix
# rows: 38
# columns: 1
 -5
 -5
 5
 5
 5
 5
 -5
 5
 -5
 -5
 -5
 -5
 5
 -5
 5
 -5
 5
 -5
 5
 -3.472397782220765
 -5
 5
 -5
 -5
 3.472397782220768
 -5
 5
 5
 5
 -5
 5
 -5
 -5
 5
 5
 5
 5
 -5



# name: <cell-element>
# type: matrix
# rows: 39
# columns: 1
 -2.4211
 -2.4211
 2.4211
 2.4211
 2.4211
 2.4211
 -2.35128486104601
 2.4211
 -2.4211
 -2.4211
 -2.4211
 -2.4211
 2.4211
 -2.4211
 2.4211
 -2.4211
 2.4211
 -2.4211
 2.4211
 2.4211
 -2.4211
 2.4211
 -2.4211
 -2.4211
 -2.4211
 2.4211
 2.4211
 2.4211
 -2.4211
 2.4211
 -2.4211
 -2.4211
 -0.06981513895398998
 2.4211
 2.4211
 -2.4211
 2.4211
 2.4211
 -2.4211



# name: <cell-element>
# type: matrix
# rows: 5
# columns: 1
 0.05121591968275275
 1.002543120070634
 -1.053759039753387
 1.1316
 -1.1316



# name: <cell-element>
# type: scalar
0





# name: b
# type: cell
# rows: 1
# columns: 7
# name: <cell-element>
# type: scalar
-0.004119050422920354



# name: <cell-element>
# type: scalar
-0.8972751483988504



# name: <cell-element>
# type: scalar
-0.2667421072727235



# name: <cell-element>
# type: scalar
-0.699603854290569



# name: <cell-element>
# type: scalar
-0.6219223096842903



# name: <cell-element>
# type: scalar
0.3479008704263477



# name: <cell-element>
# type: scalar
0





# name: models
# type: cell
# rows: 1
# columns: 7
# name: <cell-element>
# type: scalar struct
# ndims: 2
 1 1
# length: 11
# name: Parameters
# type: matrix
# rows: 5
# columns: 1
 3
 0
 3
 1
 0


# name: nr_class
# type: scalar
2


# name: totalSV
# type: scalar
17


# name: rho
# type: scalar
0.004119050422920354


# name: Label
# type: matrix
# rows: 0
# columns: 0


# name: sv_indices
# type: matrix
# rows: 17
# columns: 1
 2
 4
 5
 8
 11
 14
 16
 21
 22
 23
 26
 27
 28
 31
 32
 36
 37


# name: ProbA
# type: matrix
# rows: 0
# columns: 0


# name: ProbB
# type: matrix
# rows: 0
# columns: 0


# name: nSV
# type: matrix
# rows: 0
# columns: 0


# name: sv_coef
# type: matrix
# rows: 17
# columns: 1
 0.003361770309155875
 0.1
 0.1
 0.1
 -0.1
 0.1
 -0.1
 0.1
 0.1
 -0.1
 -0.1
 0.09663822969084412
 -0.1
 -0.1
 0.1
 -0.1
 -0.1


# name: SVs
# type: sparse matrix
# nnz: 17
# rows: 17
# columns: 1
1 1 -1.110691471002432
2 1 1.550709817342058
3 1 1.550709817342058
4 1 -1.110691471002432
5 1 -0.5784112133335341
6 1 -1.110691471002432
7 1 -0.5784112133335341
8 1 1.550709817342058
9 1 -1.110691471002432
10 1 -0.5784112133335341
11 1 -0.5784112133335341
12 1 1.550709817342058
13 1 -0.5784112133335341
14 1 0.2200091731698132
15 1 1.550709817342058
16 1 -0.5784112133335341
17 1 -0.5784112133335341





# name: <cell-element>
# type: scalar struct
# ndims: 2
 1 1
# length: 11
# name: Parameters
# type: matrix
# rows: 5
# columns: 1
 3
 1
 2
 1
 0


# name: nr_class
# type: scalar
2


# name: totalSV
# type: scalar
3


# name: rho
# type: scalar
0.8972751483988504


# name: Label
# type: matrix
# rows: 0
# columns: 0


# name: sv_indices
# type: matrix
# rows: 3
# columns: 1
 15
 32
 34


# name: ProbA
# type: matrix
# rows: 0
# columns: 0


# name: ProbB
# type: matrix
# rows: 0
# columns: 0


# name: nSV
# type: matrix
# rows: 0
# columns: 0


# name: sv_coef
# type: matrix
# rows: 3
# columns: 1
 0.09805189676785003
 0.77562810323215
 -0.87368


# name: SVs
# type: sparse matrix
# nnz: 3
# rows: 3
# columns: 1
1 1 0.2200091731698132
2 1 1.550709817342058
3 1 -1.110691471002432





# name: <cell-element>
# type: scalar struct
# ndims: 2
 1 1
# length: 11
# name: Parameters
# type: matrix
# rows: 5
# columns: 1
 3
 1
 3
 1
 0


# name: nr_class
# type: scalar
2


# name: totalSV
# type: scalar
16


# name: rho
# type: scalar
0.2667421072727235


# name: Label
# type: matrix
# rows: 0
# columns: 0


# name: sv_indices
# type: matrix
# rows: 16
# columns: 1
 2
 8
 9
 11
 14
 15
 16
 21
 22
 23
 26
 28
 32
 33
 36
 37


# name: ProbA
# type: matrix
# rows: 0
# columns: 0


# name: ProbB
# type: matrix
# rows: 0
# columns: 0


