# Created by Octave 4.0.0, Mon May 23 13:36:48 2016 CEST <peter@Independence>
# name: SVs
# type: cell
# rows: 1
# columns: 7
# name: <cell-element>
# type: sparse matrix
# nnz: 2
# rows: 2
# columns: 1
1 1 1.557735394455039
2 1 -0.5850318449763243



# name: <cell-element>
# type: sparse matrix
# nnz: 11
# rows: 11
# columns: 1
1 1 -1.120723654834165
2 1 1.557735394455039
3 1 -1.120723654834165
4 1 1.557735394455039
5 1 0.218505869810437
6 1 0.218505869810437
7 1 -1.120723654834165
8 1 0.218505869810437
9 1 -1.120723654834165
10 1 -1.120723654834165
11 1 1.557735394455039



# name: <cell-element>
# type: sparse matrix
# nnz: 3
# rows: 3
# columns: 1
1 1 1.557735394455039
2 1 -1.120723654834165
3 1 -0.5850318449763243



# name: <cell-element>
# type: sparse matrix
# nnz: 6
# rows: 6
# columns: 1
1 1 -1.120723654834165
2 1 1.557735394455039
3 1 0.218505869810437
4 1 0.218505869810437
5 1 -1.120723654834165
6 1 -1.120723654834165



# name: <cell-element>
# type: sparse matrix
# nnz: 10
# rows: 10
# columns: 1
1 1 -1.120723654834165
2 1 1.557735394455039
3 1 -1.120723654834165
4 1 0.218505869810437
5 1 0.218505869810437
6 1 0.218505869810437
7 1 -1.120723654834165
8 1 0.218505869810437
9 1 -1.120723654834165
10 1 -1.120723654834165



# name: <cell-element>
# type: sparse matrix
# nnz: 31
# rows: 31
# columns: 1
1 1 -1.120723654834165
2 1 1.557735394455039
3 1 1.557735394455039
4 1 -1.120723654834165
5 1 1.557735394455039
6 1 -0.5850318449763243
7 1 0.218505869810437
8 1 -1.120723654834165
9 1 1.557735394455039
10 1 -0.5850318449763243
11 1 1.557735394455039
12 1 0.218505869810437
13 1 1.557735394455039
14 1 -0.5850318449763243
15 1 0.218505869810437
16 1 0.218505869810437
17 1 -0.5850318449763243
18 1 1.557735394455039
19 1 -0.5850318449763243
20 1 -0.5850318449763243
21 1 -1.120723654834165
22 1 -0.5850318449763243
23 1 -1.120723654834165
24 1 -0.5850318449763243
25 1 -1.120723654834165
26 1 -1.120723654834165
27 1 -1.120723654834165
28 1 -0.5850318449763243
29 1 -0.5850318449763243
30 1 1.557735394455039
31 1 -1.120723654834165



# name: <cell-element>
# type: scalar
0





# name: coefficients
# type: cell
# rows: 1
# columns: 7
# name: <cell-element>
# type: matrix
# rows: 2
# columns: 1
 0.3289917501276994
 -0.3289917501276994



# name: <cell-element>
# type: matrix
# rows: 11
# columns: 1
 -4.4842
 4.4842
 -4.4842
 4.4842
 4.4842
 4.4842
 -4.4842
 1.757483368644159
 -4.4842
 -4.4842
 2.726716631355842



# name: <cell-element>
# type: matrix
# rows: 3
# columns: 1
 0.09354514969515633
 0.006454850304843676
 -0.1



# name: <cell-element>
# type: matrix
# rows: 6
# columns: 1
 -0.35789
 0.3375051304547279
 0.35789
 0.35789
 -0.35789
 -0.3375051304547278



# name: <cell-element>
# type: matrix
# rows: 10
# columns: 1
 -0.1
 0.07606657131845783
 -0.07606657131845782
 0.1
 0.1
 0.1
 -0.1
 0.1
 -0.1
 -0.1



# name: <cell-element>
# type: matrix
# rows: 31
# columns: 1
 -0.35789
 0.35789
 0.35789
 -0.35789
 0.35789
 -0.35789
 -0.3281943258379434
 0.35789
 0.144846587061244
 -0.35789
 0.35789
 0.35789
 -0.35789
 0.35789
 -0.35789
 0.35789
 0.35789
 -0.35789
 0.1833477387766994
 -0.35789
 -0.35789
 -0.35789
 0.35789
 0.35789
 0.35789
 -0.35789
 -0.35789
 -0.35789
 -0.35789
 0.35789
 0.35789



# name: <cell-element>
# type: scalar
0





# name: b
# type: cell
# rows: 1
# columns: 7
# name: <cell-element>
# type: scalar
0.1414729022145464



# name: <cell-element>
# type: scalar
-0.7993671167850607



# name: <cell-element>
# type: scalar
-0.1382834752446204



# name: <cell-element>
# type: scalar
-0.687226935461845



# name: <cell-element>
# type: scalar
-0.5533579826933687



# name: <cell-element>
# type: scalar
0.3206979355722202



# name: <cell-element>
# type: scalar
0





# name: models
# type: cell
# rows: 1
# columns: 7
# name: <cell-element>
# type: scalar struct
# ndims: 2
 1 1
# length: 11
# name: Parameters
# type: matrix
# rows: 5
# columns: 1
 3
 0
 3
 1
 0


# name: nr_class
# type: scalar
2


# name: totalSV
# type: scalar
2


# name: rho
# type: scalar
-0.1414729022145464


# name: Label
# type: matrix
# rows: 0
# columns: 0


# name: sv_indices
# type: matrix
# rows: 2
# columns: 1
 3
 31


# name: ProbA
# type: matrix
# rows: 0
# columns: 0


# name: ProbB
# type: matrix
# rows: 0
# columns: 0


# name: nSV
# type: matrix
# rows: 0
# columns: 0


# name: sv_coef
# type: matrix
# rows: 2
# columns: 1
 0.3289917501276994
 -0.3289917501276994


# name: SVs
# type: sparse matrix
# nnz: 2
# rows: 2
# columns: 1
1 1 1.557735394455039
2 1 -0.5850318449763243





# name: <cell-element>
# type: scalar struct
# ndims: 2
 1 1
# length: 11
# name: Parameters
# type: matrix
# rows: 5
# columns: 1
 3
 1
 2
 1
 0


# name: nr_class
# type: scalar
2


# name: totalSV
# type: scalar
11


# name: rho
# type: scalar
0.7993671167850607


# name: Label
# type: matrix
# rows: 0
# columns: 0


# name: sv_indices
# type: matrix
# rows: 11
# columns: 1
 1
 3
 4
 14
 15
 19
 30
 34
 39
 40
 45


# name: ProbA
# type: matrix
# rows: 0
# columns: 0


# name: ProbB
# type: matrix
# rows: 0
# columns: 0


# name: nSV
# type: matrix
# rows: 0
# columns: 0


# name: sv_coef
# type: matrix
# rows: 11
# columns: 1
 -4.4842
 4.4842
 -4.4842
 4.4842
 4.4842
 4.4842
 -4.4842
 1.757483368644159
 -4.4842
 -4.4842
 2.726716631355842


# name: SVs
# type: sparse matrix
# nnz: 11
# rows: 11
# columns: 1
1 1 -1.120723654834165
2 1 1.557735394455039
3 1 -1.120723654834165
4 1 1.557735394455039
5 1 0.218505869810437
6 1 0.218505869810437
7 1 -1.120723654834165
8 1 0.218505869810437
9 1 -1.120723654834165
10 1 -1.120723654834165
11 1 1.557735394455039





# name: <cell-element>
# type: scalar struct
# ndims: 2
 1 1
# length: 11
# name: Parameters
# type: matrix
# rows: 5
# columns: 1
 3
 1
 3
 1
 0


# name: nr_class
# type: scalar
2


# name: totalSV
# type: scalar
3


# name: rho
# type: scalar
0.1382834752446204


# name: Label
# type: matrix
# rows: 0
# columns: 0


# name: sv_indices
# type: matrix
# rows: 3
# columns: 1
 3
 10
 31


# name: ProbA
# type: matrix
# rows: 0
# columns: 0


# name: ProbB
# type: matrix
# rows: 0
# columns: 0


# name: nSV
# type: matrix
# rows: 0
# columns: 0


# name: sv_coef
# type: matrix
# rows: 3
# columns: 1
 0.09354514969515633
 0.006454850304843676
 -0.1


# name: SVs
# type: sparse matrix
# nnz: 3
# rows: 3
# columns: 1
1 1 1.557735394455039
2 1 -1.120723654834165
3 1 -0.5850318449763243





# name: <cell-element>
# type: scalar struct
# ndims: 2
 1 1
# length: 11
# name: Parameters
# type: matrix
# rows: 5
# columns: 1
 3
 1
 4
 1
 0


# name: nr_class
# type: scalar
2


# name: totalSV
# type: scalar
6


# name: rho
# type: scalar
0.687226935461845


# name: Label
# type: matrix
# rows: 0
# columns: 0


# name: sv_indices
# type: matrix
# rows: 6
# columns: 1
 1
 3
 15
 19
 30
 40


# name: ProbA
# type: matrix
# rows: 0
# columns: 0


# name: ProbB
# type: matrix
# rows: 0
# columns: 0


# name: nSV
# type: matrix
# rows: 0
# columns: 0


# name: sv_coef
# type: matrix
# rows: 6
# columns: 1
 -0.35789
 0.3375051304547279
 0.35789
 0.35789
 -0.35789
 -0.3375051304547278


# name: SVs
# type: sparse matrix
# nnz: 6
# rows: 6
# columns: 1
1 1 -1.120723654834165
2 1 1.557735394455039
3 1 0.218505869810437
4 1 0.218505869810437
5 1 -1.120723654834165
6 1 -1.120723654834165





# name: <cell-element>
# type: scalar struct
# ndims: 2
 1 1
# length: 11
# name: Parameters
# type: matrix
# rows: 5
# columns: 1
 3
 1
 6
 1
 0


# name: nr_class
# type: scalar
2


# name: totalSV
# type: scalar
10


# name: rho
# type: scalar
0.5533579826933687


# name: Label
# type: matrix
# rows: 0
# columns: 0


# name: sv_indices
# type: matrix
# rows: 10
# columns: 1
 1
 3
 4
 15
 19
 23
 30
 34
 39
 40


# name: ProbA
# type: matrix
# rows: 0
# columns: 0


# name: ProbB
# type: matrix
# rows: 0
# columns: 0


# name: nSV
# type: matrix
# rows: 0
# columns: 0


