# Created by Octave 4.0.0, Mon May 23 13:36:43 2016 CEST <peter@Independence>
# name: mu
# type: matrix
# rows: 1
# columns: 2
 1122419.013157895 0.01182017543859649


# name: sigma
# type: matrix
# rows: 1
# columns: 2
 513618.9109903306 0.003111241643042776


