# Created by Octave 3.8.2, Wed May 18 18:00:15 2016 CEST <Andrea@Andreas-MacBook-Pro.local>
# name: mu
# type: matrix
# rows: 1
# columns: 2
 1126751.453333333 0.01181111111111111


# name: sigma
# type: matrix
# rows: 1
# columns: 2
 515677.718777666 0.00313118257281563


