# Created by Octave 4.0.0, Mon May 23 13:36:48 2016 CEST <peter@Independence>
# name: x
# type: matrix
# rows: 1
# columns: 100
 0.008333333333333333 0.008417508417508417 0.008501683501683501 0.008585858585858586 0.00867003367003367 0.008754208754208754 0.008838383838383838 0.008922558922558922 0.009006734006734006 0.00909090909090909 0.009175084175084175 0.009259259259259259 0.009343434343434343 0.009427609427609427 0.009511784511784511 0.009595959595959595 0.009680134680134681 0.009764309764309764 0.009848484848484849 0.009932659932659932 0.01001683501683502 0.0101010101010101 0.01018518518518519 0.01026936026936027 0.01035353535353535 0.01043771043771044 0.01052188552188552 0.0106060606060606 0.01069023569023569 0.01077441077441077 0.01085858585858586 0.01094276094276094 0.01102693602693603 0.01111111111111111 0.0111952861952862 0.01127946127946128 0.01136363636363636 0.01144781144781145 0.01153198653198653 0.01161616161616162 0.0117003367003367 0.01178451178451178 0.01186868686868687 0.01195286195286195 0.01203703703703704 0.01212121212121212 0.01220538720538721 0.01228956228956229 0.01237373737373737 0.01245791245791246 0.01254208754208754 0.01262626262626263 0.01271043771043771 0.01279461279461279 0.01287878787878788 0.01296296296296296 0.01304713804713805 0.01313131313131313 0.01321548821548822 0.0132996632996633 0.01338383838383838 0.01346801346801347 0.01355218855218855 0.01363636363636364 0.01372053872053872 0.01380471380471381 0.01388888888888889 0.01397306397306397 0.01405723905723906 0.01414141414141414 0.01422558922558922 0.01430976430976431 0.01439393939393939 0.01447811447811448 0.01456228956228956 0.01464646464646465 0.01473063973063973 0.01481481481481482 0.0148989898989899 0.01498316498316498 0.01506734006734007 0.01515151515151515 0.01523569023569024 0.01531986531986532 0.0154040404040404 0.01548821548821549 0.01557239057239057 0.01565656565656566 0.01574074074074074 0.01582491582491583 0.01590909090909091 0.01599326599326599 0.01607744107744108 0.01616161616161616 0.01624579124579124 0.01632996632996633 0.01641414141414142 0.0164983164983165 0.01658249158249158 0.01666666666666667


# name: y
# type: matrix
# rows: 100
# columns: 1
 1182467.930633977
 1160019.978940912
 1138120.559280733
 1116769.67165343
 1095967.316059018
 1075713.492497489
 1056008.200968836
 1036851.441473066
 1018243.214010187
 1000183.518580187
 982672.355183068
 965709.7238188343
 949295.6244874864
 933430.0571890161
 918113.0219234298
 903344.5186907282
 889124.5474909102
 875453.1083239759
 862330.2011899244
 849755.8260887533
 837729.9830204677
 826252.6719850649
 815323.8929825437
 804943.6460129061
 795111.9310761529
 785828.7481722818
 777094.0973012934
 768907.9784631883
 761270.3916579672
 754181.3368856278
 747640.8141461716
 741648.8234395992
 736205.36476591
 731310.4381251034
 726964.0435171799
 723166.1809421396
 719916.8503999822
 717216.0518907079
 715063.7854143168
 713460.0509708087
 712404.8485601838
 711898.1781824417
 711940.0398375829
 712530.433525607
 713669.3592465143
 715356.8170003046
 717592.806786978
 720377.3286065345
 723710.3824589739
 727591.9683442966
 732022.0862625025
 737000.7362135909
 742527.9181975628
 748603.6322144177
 755227.8782641559
 762400.6563467764
 770121.9664622808
 778391.8086106682
 787210.1827919381
 796577.0890060901
 806492.527253127
 816956.4975330478
 827968.99984585
 839530.0341915351
 851639.6005701015
 864297.6989815554
 877504.3294258891
 891259.4919031062
 905563.1864132086
 920415.4129561945
 935816.1715320599
 951765.4621408101
 968263.2847824411
 985309.6394569596
 1002904.526164358
 1021047.944904641
 1039739.895677805
 1058980.378483856
 1078769.39332279
 1099106.940194598
 1119993.019099301
 1141427.630036883
 1163410.773007342
 1185942.448010691
 1209022.655046916
 1232651.394116033
 1256828.665218032
 1281554.468352909
 1306828.803520669
 1332651.67072131
 1359023.069954841
 1385943.001221253
 1413411.464520547
 1441428.459852733
 1469993.987217789
 1499108.046615729
 1528770.638046565
 1558981.761510271
 1589741.41700686
 1621049.604536338


# name: QUERY
# type: sq_string
# elements: 1
# length: 2
R2


# name: DATASIZE
# type: sq_string
# elements: 1
# length: 4
1000


