# Created by Octave 3.8.2, Wed May 18 18:00:25 2016 CEST <Andrea@Andreas-MacBook-Pro.local>
# name: x
# type: matrix
# rows: 1
# columns: 100
 0.008333333333333333 0.008417508417508417 0.008501683501683501 0.008585858585858586 0.00867003367003367 0.008754208754208754 0.008838383838383838 0.008922558922558922 0.009006734006734006 0.00909090909090909 0.009175084175084175 0.009259259259259259 0.009343434343434343 0.009427609427609427 0.009511784511784511 0.009595959595959595 0.009680134680134679 0.009764309764309764 0.009848484848484849 0.009932659932659932 0.01001683501683502 0.0101010101010101 0.01018518518518519 0.01026936026936027 0.01035353535353535 0.01043771043771044 0.01052188552188552 0.0106060606060606 0.01069023569023569 0.01077441077441077 0.01085858585858586 0.01094276094276094 0.01102693602693603 0.01111111111111111 0.0111952861952862 0.01127946127946128 0.01136363636363636 0.01144781144781145 0.01153198653198653 0.01161616161616162 0.0117003367003367 0.01178451178451178 0.01186868686868687 0.01195286195286195 0.01203703703703704 0.01212121212121212 0.01220538720538721 0.01228956228956229 0.01237373737373737 0.01245791245791246 0.01254208754208754 0.01262626262626263 0.01271043771043771 0.01279461279461279 0.01287878787878788 0.01296296296296296 0.01304713804713805 0.01313131313131313 0.01321548821548822 0.0132996632996633 0.01338383838383838 0.01346801346801347 0.01355218855218855 0.01363636363636364 0.01372053872053872 0.0138047138047138 0.01388888888888889 0.01397306397306397 0.01405723905723906 0.01414141414141414 0.01422558922558922 0.01430976430976431 0.01439393939393939 0.01447811447811448 0.01456228956228956 0.01464646464646465 0.01473063973063973 0.01481481481481481 0.0148989898989899 0.01498316498316498 0.01506734006734007 0.01515151515151515 0.01523569023569023 0.01531986531986532 0.0154040404040404 0.01548821548821549 0.01557239057239057 0.01565656565656566 0.01574074074074074 0.01582491582491583 0.01590909090909091 0.01599326599326599 0.01607744107744108 0.01616161616161616 0.01624579124579124 0.01632996632996633 0.01641414141414141 0.0164983164983165 0.01658249158249158 0.01666666666666667


# name: y
# type: matrix
# rows: 100
# columns: 1
 1167945.803401744
 1143848.550996696
 1120341.685998671
 1097425.208407669
 1075099.118223689
 1053363.415446733
 1032218.1000768
 1011663.172113889
 991698.6315580019
 972324.478409137
 953540.7126672956
 935347.3343324768
 917744.3434046811
 900731.7398839083
 884309.5237701583
 868477.6950634313
 853236.2537637274
 838585.1998710462
 824524.5333853881
 811054.2543067529
 798174.3626351405
 785884.8583705513
 774185.7415129849
 763077.0120624413
 752558.6700189209
 742630.7153824233
 733293.1481529486
 724545.9683304967
 716389.1759150679
 708822.7709066621
 701846.7533052791
 695461.123110919
 689665.8803235821
 684461.0249432678
 679846.5569699766
 675822.4764037083
 672388.783244463
 669545.4774922406
 667292.5591470411
 665630.0282088646
 664557.8846777109
 664076.1285535803
 664184.7598364726
 664883.7785263876
 666173.1846233259
 668052.9781272869
 670523.1590382708
 673583.7273562779
 677234.6830813077
 681476.0262133605
 686307.7567524363
 691729.8746985348
 697742.3800516564
 704345.2728118009
 711538.5529789685
 719322.2205531589
 727696.2755343721
 736660.7179226084
 746215.5477178677
 756360.7649201498
 767096.3695294549
 778422.3615457828
 790338.7409691338
 802845.5077995076
 815942.6620369046
 829630.2036813244
 843908.1327327669
 858776.4491912324
 874235.1530567209
 890284.2443292324
 906923.7230087669
 924153.5890953244
 941973.8425889045
 960384.4834895076
 979385.5117971338
 998976.9275117827
 1019158.730633455
 1039930.92116215
 1061293.499097868
 1083246.464440609
 1105789.817190372
 1128923.557347159
 1152647.684910968
 1176962.199881801
 1201867.102259657
 1227362.392044535
 1253448.069236436
 1280124.133835361
 1307390.585841308
 1335247.425254278
 1363694.65207427
 1392732.266301287
 1422360.267935326
 1452578.656976389
 1483387.433424473
 1514786.597279581
 1546776.148541711
 1579356.087210865
 1612526.413287041
 1646287.126770241


# name: QUERY
# type: sq_string
# elements: 1
# length: 2
R2


# name: DATASIZE
# type: sq_string
# elements: 1
# length: 4
1000


