# Created by Octave 3.8.2, Wed May 18 18:00:25 2016 CEST <Andrea@Andreas-MacBook-Pro.local>
# name: x
# type: matrix
# rows: 1
# columns: 100
 0.008333333333333333 0.008417508417508417 0.008501683501683501 0.008585858585858586 0.00867003367003367 0.008754208754208754 0.008838383838383838 0.008922558922558922 0.009006734006734006 0.00909090909090909 0.009175084175084175 0.009259259259259259 0.009343434343434343 0.009427609427609427 0.009511784511784511 0.009595959595959595 0.009680134680134679 0.009764309764309764 0.009848484848484849 0.009932659932659932 0.01001683501683502 0.0101010101010101 0.01018518518518519 0.01026936026936027 0.01035353535353535 0.01043771043771044 0.01052188552188552 0.0106060606060606 0.01069023569023569 0.01077441077441077 0.01085858585858586 0.01094276094276094 0.01102693602693603 0.01111111111111111 0.0111952861952862 0.01127946127946128 0.01136363636363636 0.01144781144781145 0.01153198653198653 0.01161616161616162 0.0117003367003367 0.01178451178451178 0.01186868686868687 0.01195286195286195 0.01203703703703704 0.01212121212121212 0.01220538720538721 0.01228956228956229 0.01237373737373737 0.01245791245791246 0.01254208754208754 0.01262626262626263 0.01271043771043771 0.01279461279461279 0.01287878787878788 0.01296296296296296 0.01304713804713805 0.01313131313131313 0.01321548821548822 0.0132996632996633 0.01338383838383838 0.01346801346801347 0.01355218855218855 0.01363636363636364 0.01372053872053872 0.0138047138047138 0.01388888888888889 0.01397306397306397 0.01405723905723906 0.01414141414141414 0.01422558922558922 0.01430976430976431 0.01439393939393939 0.01447811447811448 0.01456228956228956 0.01464646464646465 0.01473063973063973 0.01481481481481481 0.0148989898989899 0.01498316498316498 0.01506734006734007 0.01515151515151515 0.01523569023569023 0.01531986531986532 0.0154040404040404 0.01548821548821549 0.01557239057239057 0.01565656565656566 0.01574074074074074 0.01582491582491583 0.01590909090909091 0.01599326599326599 0.01607744107744108 0.01616161616161616 0.01624579124579124 0.01632996632996633 0.01641414141414141 0.0164983164983165 0.01658249158249158 0.01666666666666667


# name: y
# type: matrix
# rows: 100
# columns: 1
 657206.0894818952
 680733.6662804184
 703122.5622055423
 724401.0211523308
 744597.2870158486
 763739.6036911588
 781856.2150733264
 798975.3650574142
 815125.2975384868
 830334.2564116081
 844630.4855718419
 858042.2289142527
 870597.7303339038
 882325.2337258596
 893252.9829851839
 903409.2220069409
 912822.1946861942
 921520.1449180079
 929531.3165974462
 936883.9536195729
 943606.299879452
 949726.5992721474
 955273.0956927231
 960274.0330362432
 964757.6551977715
 968752.206072372
 972285.9295551088
 975387.0695410458
 978083.869925247
 980404.5746027762
 982377.4274686977
 984030.6724180751
 985392.5533459727
 986491.3141474543
 987355.1987175839
 988012.4509514255
 988491.3147440429
 988820.0339905004
 989026.8525858617
 989140.014425191
 989187.763403552
 989198.3434160089
 989199.9983576254
 989220.972123466
 989289.5086085941
 989433.8517080739
 989682.2453169695
 990062.9333303445
 990604.1596432633
 991334.1681507897
 992281.2027479877
 993473.5073299212
 994939.3257916542
 996706.9020282506
 998804.4799347746
 1001260.30340629
 1004102.616337861
 1007359.662624551
 1011059.686161424
 1015230.930843545
 1019901.640565977
 1025100.059223785
 1030854.430712032
 1037192.998925781
 1044144.007760098
 1051735.701110047
 1059996.32287069
 1068954.116937093
 1078637.327204318
 1089074.197567431
 1100292.971921494
 1112321.894161573
 1125189.20818273
 1138923.157880031
 1153551.987148538
 1169103.939883316
 1185607.25997943
 1203090.191331942
 1221580.977835917
 1241107.863386418
 1261699.091878511
 1283382.907207258
 1306187.553267723
 1330141.273954972
 1355272.313164067
 1381608.914790073
 1409179.322728053
 1438011.780873072
 1468134.533120193
 1499575.823364481
 1532363.895500999
 1566526.993424812
 1602093.361030984
 1639091.242214578
 1677548.880870658
 1717494.520894288
 1758956.406180531
 1801962.780624455
 1846541.88812112
 1892721.972565592


# name: QUERY
# type: sq_string
# elements: 1
# length: 2
R2


# name: DATASIZE
# type: sq_string
# elements: 1
# length: 4
1000


