# Created by Octave 3.8.2, Wed May 18 18:00:25 2016 CEST <Andrea@Andreas-MacBook-Pro.local>
# name: x
# type: matrix
# rows: 1
# columns: 100
 0.008333333333333333 0.008417508417508417 0.008501683501683501 0.008585858585858586 0.00867003367003367 0.008754208754208754 0.008838383838383838 0.008922558922558922 0.009006734006734006 0.00909090909090909 0.009175084175084175 0.009259259259259259 0.009343434343434343 0.009427609427609427 0.009511784511784511 0.009595959595959595 0.009680134680134679 0.009764309764309764 0.009848484848484849 0.009932659932659932 0.01001683501683502 0.0101010101010101 0.01018518518518519 0.01026936026936027 0.01035353535353535 0.01043771043771044 0.01052188552188552 0.0106060606060606 0.01069023569023569 0.01077441077441077 0.01085858585858586 0.01094276094276094 0.01102693602693603 0.01111111111111111 0.0111952861952862 0.01127946127946128 0.01136363636363636 0.01144781144781145 0.01153198653198653 0.01161616161616162 0.0117003367003367 0.01178451178451178 0.01186868686868687 0.01195286195286195 0.01203703703703704 0.01212121212121212 0.01220538720538721 0.01228956228956229 0.01237373737373737 0.01245791245791246 0.01254208754208754 0.01262626262626263 0.01271043771043771 0.01279461279461279 0.01287878787878788 0.01296296296296296 0.01304713804713805 0.01313131313131313 0.01321548821548822 0.0132996632996633 0.01338383838383838 0.01346801346801347 0.01355218855218855 0.01363636363636364 0.01372053872053872 0.0138047138047138 0.01388888888888889 0.01397306397306397 0.01405723905723906 0.01414141414141414 0.01422558922558922 0.01430976430976431 0.01439393939393939 0.01447811447811448 0.01456228956228956 0.01464646464646465 0.01473063973063973 0.01481481481481481 0.0148989898989899 0.01498316498316498 0.01506734006734007 0.01515151515151515 0.01523569023569023 0.01531986531986532 0.0154040404040404 0.01548821548821549 0.01557239057239057 0.01565656565656566 0.01574074074074074 0.01582491582491583 0.01590909090909091 0.01599326599326599 0.01607744107744108 0.01616161616161616 0.01624579124579124 0.01632996632996633 0.01641414141414141 0.0164983164983165 0.01658249158249158 0.01666666666666667


# name: y
# type: matrix
# rows: 100
# columns: 1
 1067119.609494925
 1039006.468737168
 1012909.249095144
 988729.1949638942
 966370.0310378904
 945737.9623111422
 926741.6740771371
 909292.3319289953
 893303.5817591371
 878691.5497596187
 865374.8424219838
 853274.5465372321
 842314.2291959163
 832419.9377880561
 823520.2000031974
 815546.0238303653
 808430.897558125
 802110.7897744931
 796524.1493670286
 791611.9055227796
 787317.467728294
 783586.7257696292
 780368.04973234
 777612.2900014811
 775272.7772616169
 773305.3224968102
 771668.2169906276
 770322.2323261361
 769230.620385907
 768359.1133520156
 767675.9237060358
 767151.7442290466
 766759.7480016294
 766475.5884038671
 766277.3991153458
 766145.7941151542
 766063.8676818832
 766017.1943936259
 765993.8291279788
 765984.3070620401
 765981.6436724106
 765981.334735194
 765981.3563259961
 765982.1648199254
 765986.696891593
 766000.3695151121
 766031.079964099
 766089.2058116719
 766187.6049304518
 766341.6154925623
 766569.0559696292
 766890.2251327808
 767327.9020526486
 767907.3460993655
 768656.2969425677
 769604.9745513943
 770786.0791944847
 772234.7914399834
 773988.772155537
 776088.1625082932
 778575.5839649029
 781496.1382915168
 784897.4075537974
 788829.4541168966
 793344.8206454841
 798498.5301037149
 804348.0857552569
 810953.4711632745
 818377.1501904402
 826684.0669989398
 835941.6460504454
 846219.7921061266
 857590.8902266616
 870129.8057722363
 883913.8844025509
 899022.9520767845
 915539.3150536078
 933547.7598912467
 953135.5534473918
 974392.4428792271
 997410.6556434878
 1022284.899496322
 1049112.362493452
 1077992.712990099
 1109028.099640998
 1142323.15140033
 1177984.9775218
 1216123.167558629
 1256849.791363594
 1300279.399088899
 1346529.021186141
 1395718.168406742
 1447968.831801399
 1503405.48272028
 1562155.07281298
 1624347.034029138
 1690113.278616935
 1759588.199125201
 1832908.668401329
 1910214.039592629


# name: QUERY
# type: sq_string
# elements: 1
# length: 2
R2


# name: DATASIZE
# type: sq_string
# elements: 1
# length: 4
1000


