# Created by Octave 4.0.0, Mon May 23 13:36:48 2016 CEST <peter@Independence>
# name: x
# type: matrix
# rows: 1
# columns: 100
 0.008333333333333333 0.008417508417508417 0.008501683501683501 0.008585858585858586 0.00867003367003367 0.008754208754208754 0.008838383838383838 0.008922558922558922 0.009006734006734006 0.00909090909090909 0.009175084175084175 0.009259259259259259 0.009343434343434343 0.009427609427609427 0.009511784511784511 0.009595959595959595 0.009680134680134681 0.009764309764309764 0.009848484848484849 0.009932659932659932 0.01001683501683502 0.0101010101010101 0.01018518518518519 0.01026936026936027 0.01035353535353535 0.01043771043771044 0.01052188552188552 0.0106060606060606 0.01069023569023569 0.01077441077441077 0.01085858585858586 0.01094276094276094 0.01102693602693603 0.01111111111111111 0.0111952861952862 0.01127946127946128 0.01136363636363636 0.01144781144781145 0.01153198653198653 0.01161616161616162 0.0117003367003367 0.01178451178451178 0.01186868686868687 0.01195286195286195 0.01203703703703704 0.01212121212121212 0.01220538720538721 0.01228956228956229 0.01237373737373737 0.01245791245791246 0.01254208754208754 0.01262626262626263 0.01271043771043771 0.01279461279461279 0.01287878787878788 0.01296296296296296 0.01304713804713805 0.01313131313131313 0.01321548821548822 0.0132996632996633 0.01338383838383838 0.01346801346801347 0.01355218855218855 0.01363636363636364 0.01372053872053872 0.01380471380471381 0.01388888888888889 0.01397306397306397 0.01405723905723906 0.01414141414141414 0.01422558922558922 0.01430976430976431 0.01439393939393939 0.01447811447811448 0.01456228956228956 0.01464646464646465 0.01473063973063973 0.01481481481481482 0.0148989898989899 0.01498316498316498 0.01506734006734007 0.01515151515151515 0.01523569023569024 0.01531986531986532 0.0154040404040404 0.01548821548821549 0.01557239057239057 0.01565656565656566 0.01574074074074074 0.01582491582491583 0.01590909090909091 0.01599326599326599 0.01607744107744108 0.01616161616161616 0.01624579124579124 0.01632996632996633 0.01641414141414142 0.0164983164983165 0.01658249158249158 0.01666666666666667


# name: y
# type: matrix
# rows: 100
# columns: 1
 787840.4342175047
 806470.5284553928
 824201.3117441023
 841055.0312134221
 857053.9339931409
 872220.2672130478
 886576.278002932
 900144.2134925821
 912946.3208117873
 925004.8470903363
 936342.0394580179
 946980.1450446215
 956941.4109799357
 966248.0843937497
 974922.4124158522
 982986.6421760322
 990463.0208040787
 997373.7954297805
 1003741.213182927
 1009587.521193306
 1014934.966590708
 1019805.796504921
 1024222.258065734
 1028206.598402936
 1031781.064646316
 1034967.903925663
 1037789.363370766
 1040267.690111413
 1042425.131277395
 1044283.933998499
 1045866.345404514
 1047194.612625231
 1048290.982790436
 1049177.703029921
 1049877.020473472
 1050411.18225088
 1050802.435491933
 1051073.027326421
 1051245.204884131
 1051341.215294854
 1051383.305688377
 1051393.723194491
 1051394.714942983
 1051408.528063643
 1051457.40968626
 1051563.606940623
 1051749.366956521
 1052036.936863742
 1052448.563792075
 1053006.49487131
 1053732.977231236
 1054650.25800164
 1055780.584312313
 1057146.203293044
 1058769.36207362
 1060672.307783832
 1062877.287553468
 1065406.548512316
 1068282.337790167
 1071526.902516808
 1075162.48982203
 1079211.34683562
 1083695.720687367
 1088637.858507062
 1094060.007424492
 1099984.414569446
 1106433.327071714
 1113428.992061084
 1120993.656667346
 1129149.568020288
 1137918.973249699
 1147324.119485368
 1157387.253857084
 1168130.623494637
 1179576.475527814
 1191747.057086405
 1204664.615300199
 1218351.397298985
 1232829.650212552
 1248121.621170688
 1264249.557303183
 1281235.705739825
 1299102.313610404
 1317871.628044708
 1337565.896172527
 1358207.365123649
 1379818.282027863
 1402420.894014959
 1426037.448214724
 1450690.191756949
 1476401.371771422
 1503193.235387931
 1531088.029736267
 1560108.001946217
 1590275.399147571
 1621612.468470118
 1654141.457043646
 1687884.611997945
 1722864.180462803
 1759102.40956801


# name: QUERY
# type: sq_string
# elements: 1
# length: 2
R2


# name: DATASIZE
# type: sq_string
# elements: 1
# length: 4
1000


