# Created by Octave 4.0.0, Mon May 23 13:36:48 2016 CEST <peter@Independence>
# name: x
# type: matrix
# rows: 1
# columns: 100
 0.008333333333333333 0.008417508417508417 0.008501683501683501 0.008585858585858586 0.00867003367003367 0.008754208754208754 0.008838383838383838 0.008922558922558922 0.009006734006734006 0.00909090909090909 0.009175084175084175 0.009259259259259259 0.009343434343434343 0.009427609427609427 0.009511784511784511 0.009595959595959595 0.009680134680134681 0.009764309764309764 0.009848484848484849 0.009932659932659932 0.01001683501683502 0.0101010101010101 0.01018518518518519 0.01026936026936027 0.01035353535353535 0.01043771043771044 0.01052188552188552 0.0106060606060606 0.01069023569023569 0.01077441077441077 0.01085858585858586 0.01094276094276094 0.01102693602693603 0.01111111111111111 0.0111952861952862 0.01127946127946128 0.01136363636363636 0.01144781144781145 0.01153198653198653 0.01161616161616162 0.0117003367003367 0.01178451178451178 0.01186868686868687 0.01195286195286195 0.01203703703703704 0.01212121212121212 0.01220538720538721 0.01228956228956229 0.01237373737373737 0.01245791245791246 0.01254208754208754 0.01262626262626263 0.01271043771043771 0.01279461279461279 0.01287878787878788 0.01296296296296296 0.01304713804713805 0.01313131313131313 0.01321548821548822 0.0132996632996633 0.01338383838383838 0.01346801346801347 0.01355218855218855 0.01363636363636364 0.01372053872053872 0.01380471380471381 0.01388888888888889 0.01397306397306397 0.01405723905723906 0.01414141414141414 0.01422558922558922 0.01430976430976431 0.01439393939393939 0.01447811447811448 0.01456228956228956 0.01464646464646465 0.01473063973063973 0.01481481481481482 0.0148989898989899 0.01498316498316498 0.01506734006734007 0.01515151515151515 0.01523569023569024 0.01531986531986532 0.0154040404040404 0.01548821548821549 0.01557239057239057 0.01565656565656566 0.01574074074074074 0.01582491582491583 0.01590909090909091 0.01599326599326599 0.01607744107744108 0.01616161616161616 0.01624579124579124 0.01632996632996633 0.01641414141414142 0.0164983164983165 0.01658249158249158 0.01666666666666667


# name: y
# type: matrix
# rows: 100
# columns: 1
 1034603.574911883
 1009911.49299695
 986985.4734764796
 965739.2283168987
 946088.6308090549
 927951.7155682121
 911248.6785340526
 895901.8769706798
 881835.8294666156
 868977.2159347986
 857254.8776125881
 846599.8170617616
 836945.1981685156
 828226.3461434643
 820380.7475216428
 813348.0501625037
 807070.0632499182
 801490.7572921767
 796556.2641219886
 792214.8768964816
 788417.0500972029
 785115.3995301176
 782264.7023256104
 779821.8969384846
 777746.0831479621
 775998.5220576837
 774542.6360957089
 773344.0090145164
 772370.3858910032
 771591.6731264854
 770979.938446698
 770509.4109017947
 770156.4808663477
 769899.7000393482
 769719.7814442067
 769599.5994287517
 769524.1896652313
 769480.7491503115
 769458.6362050779
 769449.3704750345
 769446.6329301044
 769446.2658646291
 769446.272897369
 769446.8189715038
 769450.2303546316
 769460.994638769
 769485.7607403519
 769533.338900235
 769614.7006836915
 769742.9789804139
 769933.4680045126
 770203.6232945179
 770573.0617133779
 771063.5614484604
 771699.0620115516
 772505.6642388562
 773511.6302909981
 774747.38365302
 776245.5091343834
 778040.7528689683
 780170.022315074
 782672.3862554182
 785589.0747971374
 788963.4793717873
 792841.1527353419
 797269.8089681946
 802299.3234751569
 807981.7329854597
 814371.2355527526
 821524.1905551038
 829499.118695
 838356.7019993475
 848159.7838194708
 858973.3688311138
 870864.6230344384
 883902.8737540259
 898159.6096388766
 913708.4806624083
 930625.2981224596
 948988.0346412851
 968876.8241655627
 990373.9619663843
 1013563.904639262
 1038533.27010413
 1065370.837605336
 1094167.547711652
 1125016.502316264
 1158012.964636779
 1193254.359215222
 1230840.271918038
 1270872.449936092
 1313454.801784663
 1358693.397303456
 1406696.467656586
 1457574.405332593
 1511439.764144435
 1568407.25922949
 1628593.767049545
 1692118.325390825
 1759102.133363951


# name: QUERY
# type: sq_string
# elements: 1
# length: 2
R2


# name: DATASIZE
# type: sq_string
# elements: 1
# length: 4
1000


