# Created by Octave 4.0.0, Mon May 23 13:36:48 2016 CEST <peter@Independence>
# name: x
# type: matrix
# rows: 1
# columns: 100
 0.008333333333333333 0.008417508417508417 0.008501683501683501 0.008585858585858586 0.00867003367003367 0.008754208754208754 0.008838383838383838 0.008922558922558922 0.009006734006734006 0.00909090909090909 0.009175084175084175 0.009259259259259259 0.009343434343434343 0.009427609427609427 0.009511784511784511 0.009595959595959595 0.009680134680134681 0.009764309764309764 0.009848484848484849 0.009932659932659932 0.01001683501683502 0.0101010101010101 0.01018518518518519 0.01026936026936027 0.01035353535353535 0.01043771043771044 0.01052188552188552 0.0106060606060606 0.01069023569023569 0.01077441077441077 0.01085858585858586 0.01094276094276094 0.01102693602693603 0.01111111111111111 0.0111952861952862 0.01127946127946128 0.01136363636363636 0.01144781144781145 0.01153198653198653 0.01161616161616162 0.0117003367003367 0.01178451178451178 0.01186868686868687 0.01195286195286195 0.01203703703703704 0.01212121212121212 0.01220538720538721 0.01228956228956229 0.01237373737373737 0.01245791245791246 0.01254208754208754 0.01262626262626263 0.01271043771043771 0.01279461279461279 0.01287878787878788 0.01296296296296296 0.01304713804713805 0.01313131313131313 0.01321548821548822 0.0132996632996633 0.01338383838383838 0.01346801346801347 0.01355218855218855 0.01363636363636364 0.01372053872053872 0.01380471380471381 0.01388888888888889 0.01397306397306397 0.01405723905723906 0.01414141414141414 0.01422558922558922 0.01430976430976431 0.01439393939393939 0.01447811447811448 0.01456228956228956 0.01464646464646465 0.01473063973063973 0.01481481481481482 0.0148989898989899 0.01498316498316498 0.01506734006734007 0.01515151515151515 0.01523569023569024 0.01531986531986532 0.0154040404040404 0.01548821548821549 0.01557239057239057 0.01565656565656566 0.01574074074074074 0.01582491582491583 0.01590909090909091 0.01599326599326599 0.01607744107744108 0.01616161616161616 0.01624579124579124 0.01632996632996633 0.01641414141414142 0.0164983164983165 0.01658249158249158 0.01666666666666667


# name: y
# type: matrix
# rows: 100
# columns: 1
 984288.3996391377
 964365.4899332594
 946760.2009511531
 931251.6359943573
 917635.0799802114
 905721.1891186462
 895335.2014072405
 886316.167944532
 878516.205061581
 871799.7672717889
 866042.9410389763
 861132.7593637134
 856966.5371879064
 853451.2276176395
 850502.7989642733
 848045.6326037971
 846011.9416544378
 844341.2104725235
 842979.6549666033
 841879.7037298223
 840999.499990552
 840302.4243812754
 839756.6385257295
 839334.6494443014
 839012.8947776803
 838771.3488287661
 838593.1494228319
 838464.245585943
 838373.0660416305
 838310.2085258218
 838268.1499200248
 838240.9772027689
 838224.1392193011
 838214.2192695367
 838208.7285142672
 838205.9201996225
 838204.6246997879
 838204.1053779786
 838203.9352656677
 838203.8945600709
 838203.8889398859
 838203.8886992878
 838203.88870018
 838203.8891426998
 838203.8971539803
 838203.9491951676
 838204.1542866931
 838204.7580518015
 838206.2275783344
 838209.3570987692
 838215.3944885137
 838226.1885824553
 838244.3573097673
 838273.4766469686
 838318.2903892415
 838384.9407400016
 838481.2197187264
 838616.8413870373
 838803.7348930381
 839056.3583339083
 839392.0334367524
 839831.3010577043
 840398.2974992874
 841121.1516460299
 842032.4029183363
 843169.4400446131
 844574.9606516506
 846297.4516732611
 848391.6905771713
 850919.2674101701
 853949.1276615129
 857558.1359445807
 861831.6604967947
 866864.1784977868
 872759.9022058239
 879633.4259124913
 887610.3937156268
 896828.1881105143
 907436.6393993308
 919598.7559188489
 933491.4750863971
 949306.4352640709
 967250.7684412019
 987547.9137350892
 1010438.451709969
 1036180.959514262
 1065052.886836052
 1097351.452676842
 1133394.562943558
 1173521.748858793
 1218095.126189343
 1267500.375292944
 1322147.74198333
 1382473.059213488
 1448938.7895772
 1522035.088628842
 1602280.889021421
 1690225.005462861
 1786447.260490607
 1891559.631064383


# name: QUERY
# type: sq_string
# elements: 1
# length: 2
R2


# name: DATASIZE
# type: sq_string
# elements: 1
# length: 4
1000


