# Created by Octave 3.8.2, Wed May 18 18:00:25 2016 CEST <Andrea@Andreas-MacBook-Pro.local>
# name: x
# type: matrix
# rows: 1
# columns: 100
 0.008333333333333333 0.008417508417508417 0.008501683501683501 0.008585858585858586 0.00867003367003367 0.008754208754208754 0.008838383838383838 0.008922558922558922 0.009006734006734006 0.00909090909090909 0.009175084175084175 0.009259259259259259 0.009343434343434343 0.009427609427609427 0.009511784511784511 0.009595959595959595 0.009680134680134679 0.009764309764309764 0.009848484848484849 0.009932659932659932 0.01001683501683502 0.0101010101010101 0.01018518518518519 0.01026936026936027 0.01035353535353535 0.01043771043771044 0.01052188552188552 0.0106060606060606 0.01069023569023569 0.01077441077441077 0.01085858585858586 0.01094276094276094 0.01102693602693603 0.01111111111111111 0.0111952861952862 0.01127946127946128 0.01136363636363636 0.01144781144781145 0.01153198653198653 0.01161616161616162 0.0117003367003367 0.01178451178451178 0.01186868686868687 0.01195286195286195 0.01203703703703704 0.01212121212121212 0.01220538720538721 0.01228956228956229 0.01237373737373737 0.01245791245791246 0.01254208754208754 0.01262626262626263 0.01271043771043771 0.01279461279461279 0.01287878787878788 0.01296296296296296 0.01304713804713805 0.01313131313131313 0.01321548821548822 0.0132996632996633 0.01338383838383838 0.01346801346801347 0.01355218855218855 0.01363636363636364 0.01372053872053872 0.0138047138047138 0.01388888888888889 0.01397306397306397 0.01405723905723906 0.01414141414141414 0.01422558922558922 0.01430976430976431 0.01439393939393939 0.01447811447811448 0.01456228956228956 0.01464646464646465 0.01473063973063973 0.01481481481481481 0.0148989898989899 0.01498316498316498 0.01506734006734007 0.01515151515151515 0.01523569023569023 0.01531986531986532 0.0154040404040404 0.01548821548821549 0.01557239057239057 0.01565656565656566 0.01574074074074074 0.01582491582491583 0.01590909090909091 0.01599326599326599 0.01607744107744108 0.01616161616161616 0.01624579124579124 0.01632996632996633 0.01641414141414141 0.0164983164983165 0.01658249158249158 0.01666666666666667


# name: y
# type: matrix
# rows: 100
# columns: 1
 959776.035011736
 938758.2576971817
 920191.598602819
 903841.8368127749
 889491.9542819092
 876941.2720435756
 866004.6086705934
 856511.460989897
 848305.2070505072
 841242.331345188
 835191.6722856581
 830033.6919310589
 825659.7679702262
 821971.5079572846
 818880.0858008794
 816305.6005068428
 814176.4571744202
 812428.7702459663
 811005.789010237
 809857.3453591063
 808939.3237978576
 808213.1537089733
 807645.3238694347
 807206.9192215428
 806873.1798972564
 806623.0824960446
 806438.9436162489
 806306.0456399703
 806212.284771465
 806147.8413290589
 806104.8722905762
 806077.2260922849
 806060.1796813563
 806050.1978218411
 806044.7146541609
 806041.9375081151
 806040.672969403
 806040.1751996619
 806040.0165100215
 806039.9801881716
 806039.9755789482
 806039.9754184322
 806039.9754215666
 806039.976123287
 806039.9869731686
 806040.0526835888
 806040.3018314047
 806041.0177131472
 806042.7314537298
 806046.3373686729
 806053.2305798447
 806065.4668847162
 806085.9448791327
 806118.6103336008
 806168.6828230902
 806242.9046103527
 806349.8117827543
 806500.0276426254
 806706.5783511244
 806985.2308256187
 807354.8528905794
 807837.7956819925
 808460.2983052885
 809252.9147467792
 810250.9630386243
 811494.9966772879
 813031.2982955553
 814912.3955880005
 817197.5994900488
 819953.5646104764
 823254.8719174839
 827184.6336782314
 831835.1206519787
 837308.4115366291
 843717.0646688635
 851184.8119777804
 859847.2751919851
 869852.7043003596
 881362.73826612
 894553.1879945672
 909614.8415543251
 926754.2916519702
 946194.7853603056
 968177.0961001723
 992960.4178757407
 1020823.281763051
 1052064.494652795
 1087004.100245337
 1125984.362301166
 1169370.770142458
 1217553.066410621
 1270946.297075345
 1329991.883698609
 1395158.717950929
 1466944.278381969
 1545875.769445719
 1632511.282774867
 1727440.980716441
 1831288.302110653
 1944711.190334691


# name: QUERY
# type: sq_string
# elements: 1
# length: 2
R2


# name: DATASIZE
# type: sq_string
# elements: 1
# length: 4
1000


