# Created by Octave 4.0.0, Mon May 09 11:28:29 2016 CEST <peter@Independence>
# name: y
# type: matrix
# rows: 100
# columns: 1
 165124.3366978791
 164762.9264558127
 164416.9459360018
 164086.0585294458
 163769.9276271442
 163468.2166200962
 163180.5888993012
 162906.7078557585
 162646.2368804675
 162398.8393644275
 162164.178698638
 161941.9182740982
 161731.7214818074
 161533.2517127651
 161346.1723579706
 161170.1468084233
 161004.8384551224
 160849.9106890674
 160705.0269012576
 160569.8504826923
 160444.0448243709
 160327.2733172928
 160219.1993524572
 160119.4863208636
 160027.7976135113
 159943.7966213996
 159867.146735528
 159797.5113468956
 159734.553846502
 159677.9376253464
 159627.3260744282
 159582.3825847468
 159542.7705473015
 159508.1533530915
 159478.1943931164
 159452.5570583755
 159430.904739868
 159412.9008285934
 159398.208715551
 159386.4917917402
 159377.4134481602
 159370.6370758105
 159365.8260656904
 159362.6438087992
 159360.7536961364
 159359.8191187012
 159359.503467493
 159359.4701335111
 159359.382507755
 159358.9039812238
 159357.6979449172
 159355.4277898342
 159351.7569069744
 159346.348687337
 159338.8665219214
 159328.973801727
 159316.333917753
 159300.6102609989
 159281.4662224641
 159258.5651931478
 159231.5705640494
 159200.1457261682
 159163.9540705036
 159122.6589880551
 159075.9238698218
 159023.4121068032
 158964.7870899985
 158899.7122104073
 158827.8508590287
 158748.8664268622
 158662.4223049071
 158568.1818841628
 158465.8085556286
 158354.9657103038
 158235.3167391878
 158106.52503328
 157968.2539835798
 157820.1669810863
 157661.9274167991
 157493.1986817174
 157313.6441668407
 157122.9272631682
 156920.7113616993
 156706.6598534334
 156480.4361293698
 156241.7035805079
 155990.125597847
 155725.3655723864
 155447.0868951255
 155154.9529570638
 154848.6271492004
 154527.7728625348
 154192.0534880663
 153841.1324167943
 153474.6730397181
 153092.338747837
 152693.7929321505
 152278.6989836578
 151846.7202933583
 151397.5202522515


