# Created by Octave 4.0.0, Wed May 11 16:15:54 2016 CEST <peter@Independence>
# name: y
# type: matrix
# rows: 1
# columns: 100
 144104.5680536927 144859.2289119395 145613.8897701864 146368.5506284333 147123.2114866801 147877.872344927 148632.5332031739 149387.1940614208 150141.8549196676 150896.5157779145 151651.1766361614 152405.8374944082 153160.4983526551 153915.159210902 154669.8200691489 155424.4809273957 156179.1417856426 156933.8026438895 157688.4635021364 158443.1243603832 159197.7852186301 159952.4460768769 160707.1069351238 161461.7677933707 162216.4286516176 162971.0895098645 163725.7503681113 164480.4112263582 165235.0720846051 165989.7329428519 166744.3938010988 167499.0546593457 168253.7155175926 169008.3763758394 169763.0372340863 170517.6980923332 171272.35895058 172027.0198088269 172781.6806670738 173536.3415253206 174291.0023835675 175045.6632418144 175800.3241000613 176554.9849583081 177309.645816555 178064.3066748019 178818.9675330487 179573.6283912956 180328.2892495425 181082.9501077894 181837.6109660362 182592.2718242831 183346.93268253 184101.5935407768 184856.2543990237 185610.9152572706 186365.5761155175 187120.2369737643 187874.8978320112 188629.5586902581 189384.2195485049 190138.8804067518 190893.5412649987 191648.2021232455 192402.8629814924 193157.5238397393 193912.1846979862 194666.845556233 195421.5064144799 196176.1672727268 196930.8281309736 197685.4889892205 198440.1498474674 199194.8107057143 199949.4715639611 200704.132422208 201458.7932804549 202213.4541387018 202968.1149969486 203722.7758551955 204477.4367134424 205232.0975716892 205986.7584299361 206741.419288183 207496.0801464299 208250.7410046767 209005.4018629236 209760.0627211705 210514.7235794173 211269.3844376642 212024.0452959111 212778.706154158 213533.3670124048 214288.0278706517 215042.6887288986 215797.3495871454 216552.0104453923 217306.6713036392 218061.332161886 218815.9930201329


