# Created by Octave 4.0.0, Wed May 11 16:15:54 2016 CEST <peter@Independence>
# name: y
# type: matrix
# rows: 100
# columns: 1
 147436.5579556157
 147733.8583742703
 148019.4163405776
 148293.4684537708
 148556.2513130827
 148808.0015177465
 149048.9556669952
 149279.3503600619
 149499.4221961796
 149709.4077745815
 149909.5436945004
 150100.0665551696
 150281.212955822
 150453.2194956907
 150616.3227740087
 150770.7593900092
 150916.7659429251
 151054.5790319895
 151184.4352564355
 151306.5712154961
 151421.2235084044
 151528.6287343934
 151629.0234926962
 151722.6443825458
 151809.7280031753
 151890.5109538178
 151965.2298337062
 152034.1212420737
 152097.4217781533
 152155.368041178
 152208.196630381
 152256.1441449951
 152299.4471842537
 152338.3423473895
 152373.0662336358
 152403.8554422256
 152430.9465723918
 152454.5762233677
 152474.9809943862
 152492.3974846803
 152507.0622934833
 152519.2120200279
 152529.0832635475
 152536.9126232749
 152542.9366984433
 152547.3920882857
 152550.5153920352
 152552.5432089247
 152553.7121381874
 152554.2587790564
 152554.4197307646
 152554.4315925451
 152554.530963631
 152554.9544432553
 152555.9386306512
 152557.7201250515
 152560.5355256894
 152564.621431798
 152570.2144426103
 152577.5511573593
 152586.8681752782
 152598.4020955998
 152612.3895175574
 152629.067040384
 152648.6712633125
 152671.4387855762
 152697.6062064079
 152727.4101250409
 152761.087140708
 152798.8738526425
 152841.0068600772
 152887.7227622454
 152939.25815838
 152995.8496477141
 153057.7338294807
 153125.147302913
 153198.3266672439
 153277.5085217065
 153362.9294655338
 153454.826097959
 153553.4350182151
 153658.992825535
 153771.736119152
 153891.9014982989
 154019.725562209
 154155.4449101152
 154299.2961412505
 154451.5158548481
 154612.340650141
 154782.0071263622
 154960.7518827449
 155148.811518522
 155346.4226329266
 155553.8218251917
 155771.2456945505
 155998.930840236
 156237.1138614811
 156486.031357519
 156745.9199275828
 157017.0161709054


