# Created by Octave 4.0.0, Wed May 11 16:15:54 2016 CEST <peter@Independence>
# name: y
# type: matrix
# rows: 100
# columns: 1
 136317.0288297707
 137200.6194603126
 138084.2100908548
 138967.8007213967
 139851.3913519389
 140734.9819824808
 141618.572613023
 142502.1632435651
 143385.753874107
 144269.3445046491
 145152.9351351911
 146036.5257657332
 146920.1163962753
 147803.7070268171
 148687.2976573593
 149570.8882879014
 150454.4789184434
 151338.0695489855
 152221.6601795275
 153105.2508100695
 153988.8414406116
 154872.4320711537
 155756.0227016957
 156639.6133322377
 157523.2039627798
 158406.7945933219
 159290.3852238639
 160173.975854406
 161057.5664849479
 161941.15711549
 162824.7477460321
 163708.3383765741
 164591.9290071162
 165475.5196376582
 166359.1102682003
 167242.7008987423
 168126.2915292844
 169009.8821598264
 169893.4727903685
 170777.0634209105
 171660.6540514525
 172544.2446819945
 173427.8353125366
 174311.4259430786
 175195.0165736207
 176078.6072041628
 176962.1978347048
 177845.7884652468
 178729.3790957889
 179612.9697263309
 180496.560356873
 181380.1509874151
 182263.7416179571
 183147.3322484992
 184030.9228790412
 184914.5135095832
 185798.1041401253
 186681.6947706673
 187565.2854012094
 188448.8760317514
 189332.4666622935
 190216.0572928355
 191099.6479233775
 191983.2385539196
 192866.8291844616
 193750.4198150037
 194634.0104455457
 195517.6010760878
 196401.1917066299
 197284.7823371719
 198168.372967714
 199051.963598256
 199935.554228798
 200819.1448593401
 201702.7354898821
 202586.3261204241
 203469.9167509662
 204353.5073815082
 205237.0980120502
 206120.6886425923
 207004.2792731344
 207887.8699036765
 208771.4605342185
 209655.0511647605
 210538.6417953026
 211422.2324258446
 212305.8230563867
 213189.4136869288
 214073.0043174708
 214956.5949480127
 215840.1855785548
 216723.7762090969
 217607.3668396389
 218490.9574701809
 219374.5481007232
 220258.1387312652
 221141.7293618072
 222025.3199923491
 222908.9106228911
 223792.5012534334


