# Created by Octave 4.0.0, Wed May 11 16:15:55 2016 CEST <peter@Independence>
# name: y
# type: matrix
# rows: 100
# columns: 1
 114889.8879385331
 115037.9054635916
 115215.5224610251
 115422.7570308526
 115659.6075470202
 115926.0525709621
 116222.0507855311
 116547.5409494745
 116902.4418726065
 117286.6524117963
 117700.0514878662
 118142.4981234594
 118613.8315019145
 119113.8710471462
 119642.4165245102
 120199.2481625929
 120784.1267958427
 121396.7940279259
 122036.9724156632
 122704.3656733703
 123398.658897401
 124119.5188106569
 124866.5940268041
 125639.5153339048
 126437.8959971462
 127261.3320803206
 128109.402785683
 128981.6708117877
 129877.6827288769
 130796.9693713723
 131739.0462469922
 132703.4139619975
 133689.5586620414
 134696.9524880816
 135725.054046786
 136773.3088948484
 137841.1500366067
 138927.9984343396
 140033.2635306009
 141156.3437819321
 142296.6272032791
 143453.4919224268
 144626.3067437483
 145814.4317205559
 147017.2187353303
 148234.0120870922
 149464.1490851757
 150706.9606486513
 151961.7719106441
 153227.9028267848
 154504.6687870292
 155791.3812300784
 157087.3482596327
 158391.8752617072
 159704.2655222463
 161023.8208442682
 162349.84216378
 163681.6301637071
 165018.4858850855
 166359.7113347745
 167704.6100889549
 169052.487891687
 170402.6532478138
 171754.4180095068
 173107.0979557634
 174460.0133641797
 175812.4895743372
 177163.8575421568
 178513.454384592
 179860.6239140483
 181204.7171619369
 182545.0928907872
 183881.1180943671
 185212.1684852749
 186537.6289694937
 187856.8941074184
 189169.3685608892
 190474.4675257884
 191771.6171497814
 193060.2549348085
 194339.8301239559
 195609.804072363
 196869.6506018471
 198118.8563389515
 199356.9210361509
 200583.3578759732
 201797.6937578244
 202999.4695673283
 204188.2404280196
 205363.5759352583
 206525.060372255
 207672.2929081276
 208804.8877779345
 209922.4744446549
 211024.6977431131
 212111.2180058717
 213181.7111711395
 214235.8688727691
 215273.3985124413
 216294.0233141583


