# Created by Octave 4.0.0, Wed May 11 16:22:53 2016 CEST <peter@Independence>
# name: y
# type: matrix
# rows: 1
# columns: 100
 1292588.010209411 1279304.52674647 1266021.043283529 1252737.559820589 1239454.076357648 1226170.592894707 1212887.109431766 1199603.625968826 1186320.142505885 1173036.659042944 1159753.175580003 1146469.692117063 1133186.208654122 1119902.725191181 1106619.24172824 1093335.758265299 1080052.274802359 1066768.791339418 1053485.307876477 1040201.824413537 1026918.340950596 1013634.857487655 1000351.374024714 987067.8905617736 973784.4070988328 960500.9236358921 947217.4401729514 933933.9567100105 920650.4732470699 907366.989784129 894083.5063211883 880800.0228582475 867516.5393953067 854233.0559323661 840949.5724694253 827666.0890064845 814382.6055435438 801099.1220806029 787815.6386176622 774532.1551547215 761248.6716917807 747965.18822884 734681.7047658992 721398.2213029584 708114.7378400177 694831.2543770769 681547.7709141362 668264.2874511954 654980.8039882546 641697.320525314 628413.8370623732 615130.3535994325 601846.8701364917 588563.3866735508 575279.9032106102 561996.4197476694 548712.9362847286 535429.4528217879 522145.9693588471 508862.4858959064 495579.0024329656 482295.5189700248 469012.0355070841 455728.5520441433 442445.0685812026 429161.5851182617 415878.1016553211 402594.6181923803 389311.1347294396 376027.6512664988 362744.1678035581 349460.6843406173 336177.2008776767 322893.7174147358 309610.233951795 296326.7504888544 283043.2670259135 269759.7835629729 256476.300100032 243192.8166370913 229909.3331741505 216625.8497112097 203342.366248269 190058.8827853282 176775.3993223875 163491.9158594467 150208.4323965061 136924.9489335652 123641.4654706244 110357.9820076837 97074.49854474282 83791.01508180215 70507.53161886137 57224.0481559207 43940.56469297991 30657.08123003936 17373.59776709846 4090.114304157672 -9193.369158782996 -22476.8526217239


