# Created by Octave 4.0.0, Wed May 11 16:22:53 2016 CEST <peter@Independence>
# name: y
# type: matrix
# rows: 100
# columns: 1
 530990.893779635
 533649.0640657288
 536343.9264240683
 539074.2127401804
 541838.6140820509
 544635.7818341337
 547464.328885708
 550322.8308718202
 553209.8274649541
 556123.8237154938
 559063.2914389595
 562026.6706479192
 565012.3710264125
 568018.7734446558
 571044.2315117338
 574087.0731639313
 577145.6022863083
 580218.1003650727
 583302.8281682723
 586398.0274522853
 589501.9226915695
 592612.7228291
 595728.6230449105
 598847.8065401417
 601968.4463339944
 605088.7070709788
 608206.7468358631
 611320.7189737263
 614428.7739125384
 617529.0609857097
 620619.7302520733
 623698.9343107956
 626764.8301087405
 629815.5807378528
 632849.3572201652
 635864.3402780812
 638858.7220876357
 641830.7080124853
 644778.5183164402
 647700.3898524079
 650594.5777256801
 653459.3569295632
 656293.0239514149
 659093.8983472288
 661860.3242829704
 664590.6720409506
 667283.3394895957
 669936.7535150497
 672549.3714131238
 675119.6822401886
 677646.2081216845
 680127.5055170045
 682562.1664395896
 684948.8196311527
 687286.1316890366
 689572.8081457813
 691807.594500071
 693989.2771982998
 696116.6845660784
 698188.6876890911
 700204.201242774
 702162.1842703802
 704061.6409090584
 705901.6210636563
 707681.2210280253
 709399.5840536817
 711055.9008657399
 712649.4101261116
 714179.3988440206
 715645.2027339564
 717046.206521245
 718381.8441954794
 719651.5992121097
 720855.0046425507
 721991.6432732148
 723061.1476539375
 724063.2000963055
 724997.5326224528
 725863.9268649318
 726662.2139183132
 727392.2741432079
 728054.0369234543
 728647.4803772356
 729172.6310229484
 729629.5634006658
 730018.3996500726
 730339.3090457923
 730592.5074910405
 730778.2569705788
 730896.8649639684
 730948.6838201417
 730934.1100943435
 730853.5838485087
 730707.5879161665
 730496.6471329858
 730221.3275340861
 729882.2355192659
 729480.0169873077
 729015.3564405433
 728488.9760608671


