# Created by Octave 4.0.0, Wed May 11 16:22:53 2016 CEST <peter@Independence>
# name: y
# type: matrix
# rows: 100
# columns: 1
 608509.4593391836
 609720.3406227233
 610881.5688084598
 611994.1833890198
 613059.22385703
 614077.7297051172
 615050.740425908
 615979.2955120293
 616864.4344561077
 617707.1967507699
 618508.6218886427
 619269.7493623528
 619991.6186645268
 620675.2692877918
 621321.7407247741
 621932.0724681006
 622507.3040103981
 623048.4748442932
 623556.6244624127
 624032.7923573833
 624478.0180218318
 624893.3409483847
 625279.8006296689
 625638.4365583111
 625970.2882269381
 626276.3951281765
 626557.7967546531
 626815.5325989946
 627050.6421538277
 627264.1649117791
 627457.1403654757
 627630.608007544
 627785.6073306109
 627923.1778273029
 628044.358990247
 628150.1903120697
 628241.7112853979
 628319.9614028583
 628385.9801570774
 628440.8070406823
 628485.4815462994
 628521.0431665555
 628548.5313940775
 628568.9857214919
 628583.4456414256
 628592.9506465051
 628598.5402293574
 628601.2538826091
 628602.1310988868
 628602.2113708174
 628602.5341910276
 628604.1390521441
 628608.0654467936
 628615.3528676028
 628627.0408071985
 628644.1687582075
 628667.7762132563
 628698.9026649718
 628738.5876059806
 628787.8705289095
 628847.7909263853
 628919.3882910345
 629003.7021154842
 629101.7718923606
 629214.637114291
 629343.3372739017
 629488.9118638195
 629652.4003766712
 629834.8423050836
 630037.2771416834
 630260.7443790971
 630506.2835099517
 630774.9340268738
 631067.7354224902
 631385.7271894275
 631729.9488203124
 632101.4398077718
 632501.2396444323
 632930.3878229208
 633389.9238358637
 633880.8871758881
 634404.3173356204
 634961.2538076875
 635552.7360847162
 636179.8036593329
 636843.4960241647
 637544.8526718381
 638284.9130949799
 639064.7167862168
 639885.3032381756
 640747.7119434829
 641652.9823947655
 642602.1540846501
 643596.2665057635
 644636.3591507323
 645723.4715121833
 646858.6430827432
 648042.9133550387
 649277.3218216967
 650562.9079753436


