# Created by Octave 4.0.0, Wed May 11 16:22:53 2016 CEST <peter@Independence>
# name: y
# type: matrix
# rows: 100
# columns: 1
 506762.4095664556
 509574.5937516883
 512386.7779369211
 515198.9621221538
 518011.1463073865
 520823.3304926192
 523635.5146778518
 526447.6988630845
 529259.8830483173
 532072.06723355
 534884.2514187827
 537696.4356040155
 540508.6197892481
 543320.8039744808
 546132.9881597136
 548945.1723449463
 551757.356530179
 554569.5407154117
 557381.7249006444
 560193.9090858771
 563006.0932711099
 565818.2774563426
 568630.4616415752
 571442.6458268079
 574254.8300120407
 577067.0141972734
 579879.198382506
 582691.3825677388
 585503.5667529715
 588315.7509382042
 591127.9351234369
 593940.1193086696
 596752.3034939023
 599564.4876791351
 602376.6718643678
 605188.8560496005
 608001.0402348331
 610813.2244200659
 613625.4086052986
 616437.5927905313
 619249.776975764
 622061.9611609967
 624874.1453462294
 627686.3295314622
 630498.5137166949
 633310.6979019276
 636122.8820871603
 638935.066272393
 641747.2504576257
 644559.4346428585
 647371.6188280911
 650183.8030133238
 652995.9871985565
 655808.1713837893
 658620.355569022
 661432.5397542546
 664244.7239394874
 667056.9081247201
 669869.0923099528
 672681.2764951856
 675493.4606804182
 678305.6448656509
 681117.8290508837
 683930.0132361164
 686742.197421349
 689554.3816065817
 692366.5657918145
 695178.7499770472
 697990.9341622799
 700803.1183475127
 703615.3025327453
 706427.486717978
 709239.6709032108
 712051.8550884434
 714864.0392736762
 717676.2234589088
 720488.4076441416
 723300.5918293743
 726112.7760146071
 728924.9601998397
 731737.1443850724
 734549.3285703051
 737361.5127555379
 740173.6969407706
 742985.8811260032
 745798.065311236
 748610.2494964687
 751422.4336817014
 754234.6178669342
 757046.8020521668
 759858.9862373995
 762671.1704226322
 765483.354607865
 768295.5387930977
 771107.7229783305
 773919.9071635631
 776732.0913487958
 779544.2755340284
 782356.4597192612
 785168.6439044939


