# Created by Octave 4.0.0, Sun May 22 18:33:20 2016 CEST <peter@Independence>
# name: x
# type: matrix
# rows: 1
# columns: 100
 60 60.6060606060606 61.2121212121212 61.81818181818181 62.42424242424242 63.03030303030303 63.63636363636363 64.24242424242424 64.84848484848484 65.45454545454545 66.06060606060606 66.66666666666666 67.27272727272727 67.87878787878788 68.48484848484848 69.09090909090909 69.69696969696969 70.3030303030303 70.90909090909091 71.51515151515152 72.12121212121212 72.72727272727272 73.33333333333333 73.93939393939394 74.54545454545455 75.15151515151516 75.75757575757575 76.36363636363636 76.96969696969697 77.57575757575758 78.18181818181817 78.78787878787878 79.39393939393939 80 80.60606060606061 81.2121212121212 81.81818181818181 82.42424242424242 83.03030303030303 83.63636363636363 84.24242424242424 84.84848484848484 85.45454545454545 86.06060606060606 86.66666666666666 87.27272727272727 87.87878787878788 88.48484848484848 89.09090909090909 89.69696969696969 90.3030303030303 90.90909090909091 91.51515151515152 92.12121212121211 92.72727272727272 93.33333333333333 93.93939393939394 94.54545454545455 95.15151515151514 95.75757575757575 96.36363636363636 96.96969696969697 97.57575757575758 98.18181818181817 98.78787878787878 99.39393939393939 100 100.6060606060606 101.2121212121212 101.8181818181818 102.4242424242424 103.030303030303 103.6363636363636 104.2424242424242 104.8484848484848 105.4545454545455 106.0606060606061 106.6666666666667 107.2727272727273 107.8787878787879 108.4848484848485 109.0909090909091 109.6969696969697 110.3030303030303 110.9090909090909 111.5151515151515 112.1212121212121 112.7272727272727 113.3333333333333 113.9393939393939 114.5454545454545 115.1515151515151 115.7575757575758 116.3636363636364 116.969696969697 117.5757575757576 118.1818181818182 118.7878787878788 119.3939393939394 120


# name: y
# type: matrix
# rows: 100
# columns: 1
 78613.59868312016
 78611.75896147052
 78609.97118934109
 78608.23873576566
 78606.56494483832
 78604.95313087812
 78603.40657358445
 78601.92851319112
 78600.52214562711
 78599.19061769242
 78597.93702225699
 78596.76439349091
 78595.67570213457
 78594.67385081641
 78593.7616694272
 78592.94191055845
 78592.21724501367
 78591.5902574002
 78591.06344180982
 78590.63919759619
 78590.31982525667
 78590.10752242639
 78590.0043799922
 78590.01237833357
 78590.13338369809
 78590.36914471809
 78590.72128907553
 78591.19132032162
 78591.78061485747
 78592.49041908181
 78593.32184671165
 78594.27587628148
 78595.35334882594
 78596.55496575127
 78597.88128689984
 78599.33272881206
 78600.9095631899
 78602.6119155651
 78604.43976417575
 78606.39293905391
 78608.4711213266
 78610.67384273255
 78613.00048535634
 78615.45028158111
 78618.02231426089
 78620.71551711317
 78623.52867533171
 78626.4604264193
 78629.50926124012
 78632.67352529007
 78635.95142018424
 78639.34100535914
 78642.8401999878
 78646.44678510485
 78650.1584059387
 78653.97257444721
 78657.88667205346
 78661.89795257691
 78666.00354535597
 78670.20045855669
 78674.48558266267
 78678.85569414054
 78683.30745927506
 78687.83743816792
 78692.44208889344
 78697.11777180487
 78701.86075398388
 78706.66721382618
 78711.53324575572
 78716.45486505986
 78721.42801283736
 78726.44856105126
 78731.51231767821
 78736.61503194585
 78741.75239964982
 78746.92006854116
 78752.11364377593
 78757.32869341754
 78762.56075398323
 78767.8053360254
 78773.05792973873
 78778.31401058414
 78783.56904492037
 78788.81849563404
 78794.05782775932
 78799.28251407815
 78804.48804069197
 78809.6699125564
 78814.82365896985
 78819.94483900769
 78825.02904689341
 78830.07191729861
 78835.0691305634
 78840.01641782961
 78844.90956607886
 78849.744423068
 78854.51690215466
 78859.22298700584
 78863.85873618265
 78868.42028759484


# name: QUERY
# type: sq_string
# elements: 1
# length: 2
R2


# name: DATASIZE
# type: sq_string
# elements: 1
# length: 3
750


