# Created by Octave 4.0.0, Wed May 18 23:31:59 2016 CEST <peter@Independence>
# name: x
# type: matrix
# rows: 1
# columns: 100
 60 60.6060606060606 61.2121212121212 61.81818181818181 62.42424242424242 63.03030303030303 63.63636363636363 64.24242424242424 64.84848484848484 65.45454545454545 66.06060606060606 66.66666666666666 67.27272727272727 67.87878787878788 68.48484848484848 69.09090909090909 69.69696969696969 70.3030303030303 70.90909090909091 71.51515151515152 72.12121212121212 72.72727272727272 73.33333333333333 73.93939393939394 74.54545454545455 75.15151515151516 75.75757575757575 76.36363636363636 76.96969696969697 77.57575757575758 78.18181818181817 78.78787878787878 79.39393939393939 80 80.60606060606061 81.2121212121212 81.81818181818181 82.42424242424242 83.03030303030303 83.63636363636363 84.24242424242424 84.84848484848484 85.45454545454545 86.06060606060606 86.66666666666666 87.27272727272727 87.87878787878788 88.48484848484848 89.09090909090909 89.69696969696969 90.3030303030303 90.90909090909091 91.51515151515152 92.12121212121211 92.72727272727272 93.33333333333333 93.93939393939394 94.54545454545455 95.15151515151514 95.75757575757575 96.36363636363636 96.96969696969697 97.57575757575758 98.18181818181817 98.78787878787878 99.39393939393939 100 100.6060606060606 101.2121212121212 101.8181818181818 102.4242424242424 103.030303030303 103.6363636363636 104.2424242424242 104.8484848484848 105.4545454545455 106.0606060606061 106.6666666666667 107.2727272727273 107.8787878787879 108.4848484848485 109.0909090909091 109.6969696969697 110.3030303030303 110.9090909090909 111.5151515151515 112.1212121212121 112.7272727272727 113.3333333333333 113.9393939393939 114.5454545454545 115.1515151515151 115.7575757575758 116.3636363636364 116.969696969697 117.5757575757576 118.1818181818182 118.7878787878788 119.3939393939394 120


# name: y
# type: matrix
# rows: 100
# columns: 1
 78686.76826710175
 78684.68485795004
 78682.62503707536
 78680.59022756583
 78678.58187646896
 78676.60145371247
 78674.65045095298
 78672.73038035296
 78670.84277328679
 78668.9891789765
 78667.17116305858
 78665.39030608279
 78663.64820194442
 78661.9464562517
 78660.28668462989
 78658.67051096412
 78657.099565583
 78655.57548338524
 78654.09990191177
 78652.67445936584
 78651.30079258401
 78649.98053496073
 78648.71531432988
 78647.50675080596
 78646.35645458901
 78645.266023736
 78644.23704190284
 78643.27107606051
 78642.36967418921
 78641.53436295451
 78640.76664536957
 78640.06799844757
 78639.43987084863
 78638.88368052544
 78638.40081237213
 78637.99261588071
 78637.66040280953
 78637.40544486855
 78637.2289714255
 78637.13216723793
 78637.11617021555
 78637.18206921735
 78637.33090188814
 78637.5636525391
 78637.88125007656
 78638.28456598385
 78638.77441236014
 78639.35154002096
 78640.01663666444
 78640.77032510738
 78641.61316159533
 78642.54563419042
 78643.56816124085
 78644.68108993584
 78645.88469494914
 78647.17917717509
 78648.56466255982
 78650.04120103117
 78651.60876552991
 78653.26725114496
 78655.01647435529
 78656.85617238065
 78658.7860026433
 78660.80554234263
 78662.91428814425
 78665.11165598527
 78667.39698099661
 78669.76951754375
 78672.22843938644
 78674.77283995788
 78677.40173276387
 78680.11405190191
 78682.9086526999
 78685.78431247431
 78688.73973140691
 78691.77353353938
 78694.88426788447
 78698.0704096524
 78701.33036159101
 78704.66245543766
 78708.06495348092
 78711.53605022968
 78715.07387418725
 78718.67648972775
 78722.34189907175
 78726.06804435812
 78729.85280980887
 78733.69402398312
 78737.58946211699
 78741.53684854523
 78745.53385920067
 78749.57812418725
 78753.66723042243
 78757.79872434458
 78761.97011468044
 78766.17887526836
 78770.42244793235
 78774.69824540196
 78779.00365427326
 78783.33603800563


# name: QUERY
# type: sq_string
# elements: 1
# length: 2
R2


# name: DATASIZE
# type: sq_string
# elements: 1
# length: 3
750


