# Created by Octave 4.0.0, Sun May 22 18:33:20 2016 CEST <peter@Independence>
# name: x
# type: matrix
# rows: 1
# columns: 100
 60 60.6060606060606 61.2121212121212 61.81818181818181 62.42424242424242 63.03030303030303 63.63636363636363 64.24242424242424 64.84848484848484 65.45454545454545 66.06060606060606 66.66666666666666 67.27272727272727 67.87878787878788 68.48484848484848 69.09090909090909 69.69696969696969 70.3030303030303 70.90909090909091 71.51515151515152 72.12121212121212 72.72727272727272 73.33333333333333 73.93939393939394 74.54545454545455 75.15151515151516 75.75757575757575 76.36363636363636 76.96969696969697 77.57575757575758 78.18181818181817 78.78787878787878 79.39393939393939 80 80.60606060606061 81.2121212121212 81.81818181818181 82.42424242424242 83.03030303030303 83.63636363636363 84.24242424242424 84.84848484848484 85.45454545454545 86.06060606060606 86.66666666666666 87.27272727272727 87.87878787878788 88.48484848484848 89.09090909090909 89.69696969696969 90.3030303030303 90.90909090909091 91.51515151515152 92.12121212121211 92.72727272727272 93.33333333333333 93.93939393939394 94.54545454545455 95.15151515151514 95.75757575757575 96.36363636363636 96.96969696969697 97.57575757575758 98.18181818181817 98.78787878787878 99.39393939393939 100 100.6060606060606 101.2121212121212 101.8181818181818 102.4242424242424 103.030303030303 103.6363636363636 104.2424242424242 104.8484848484848 105.4545454545455 106.0606060606061 106.6666666666667 107.2727272727273 107.8787878787879 108.4848484848485 109.0909090909091 109.6969696969697 110.3030303030303 110.9090909090909 111.5151515151515 112.1212121212121 112.7272727272727 113.3333333333333 113.9393939393939 114.5454545454545 115.1515151515151 115.7575757575758 116.3636363636364 116.969696969697 117.5757575757576 118.1818181818182 118.7878787878788 119.3939393939394 120


# name: y
# type: matrix
# rows: 100
# columns: 1
 78192.69130064148
 78197.0848062118
 78201.47831178212
 78205.87181735245
 78210.26532292277
 78214.65882849309
 78219.05233406342
 78223.44583963376
 78227.83934520408
 78232.2328507744
 78236.62635634471
 78241.01986191505
 78245.41336748538
 78249.8068730557
 78254.20037862602
 78258.59388419635
 78262.98738976667
 78267.38089533699
 78271.77440090732
 78276.16790647764
 78280.56141204796
 78284.95491761829
 78289.34842318861
 78293.74192875894
 78298.13543432926
 78302.52893989958
 78306.92244546991
 78311.31595104023
 78315.70945661055
 78320.10296218088
 78324.4964677512
 78328.88997332154
 78333.28347889186
 78337.67698446217
 78342.07049003249
 78346.46399560283
 78350.85750117314
 78355.25100674348
 78359.6445123138
 78364.03801788412
 78368.43152345445
 78372.82502902477
 78377.2185345951
 78381.61204016542
 78386.00554573574
 78390.39905130607
 78394.79255687639
 78399.18606244672
 78403.57956801704
 78407.97307358736
 78412.36657915769
 78416.76008472801
 78421.15359029833
 78425.54709586866
 78429.94060143898
 78434.33410700932
 78438.72761257963
 78443.12111814995
 78447.51462372029
 78451.9081292906
 78456.30163486092
 78460.69514043126
 78465.08864600158
 78469.48215157191
 78473.87565714223
 78478.26916271255
 78482.66266828288
 78487.0561738532
 78491.44967942352
 78495.84318499385
 78500.23669056417
 78504.6301961345
 78509.02370170482
 78513.41720727514
 78517.81071284547
 78522.20421841579
 78526.59772398612
 78530.99122955644
 78535.38473512676
 78539.77824069709
 78544.17174626741
 78548.56525183775
 78552.95875740807
 78557.35226297838
 78561.74576854872
 78566.13927411904
 78570.53277968935
 78574.92628525967
 78579.31979083001
 78583.71329640032
 78588.10680197066
 78592.50030754098
 78596.8938131113
 78601.28731868163
 78605.68082425195
 78610.07432982227
 78614.4678353926
 78618.86134096292
 78623.25484653325
 78627.64835210357


# name: QUERY
# type: sq_string
# elements: 1
# length: 2
R2


# name: DATASIZE
# type: sq_string
# elements: 1
# length: 3
750


