# Created by Octave 4.0.0, Sun May 22 18:33:20 2016 CEST <peter@Independence>
# name: x
# type: matrix
# rows: 1
# columns: 100
 60 60.6060606060606 61.2121212121212 61.81818181818181 62.42424242424242 63.03030303030303 63.63636363636363 64.24242424242424 64.84848484848484 65.45454545454545 66.06060606060606 66.66666666666666 67.27272727272727 67.87878787878788 68.48484848484848 69.09090909090909 69.69696969696969 70.3030303030303 70.90909090909091 71.51515151515152 72.12121212121212 72.72727272727272 73.33333333333333 73.93939393939394 74.54545454545455 75.15151515151516 75.75757575757575 76.36363636363636 76.96969696969697 77.57575757575758 78.18181818181817 78.78787878787878 79.39393939393939 80 80.60606060606061 81.2121212121212 81.81818181818181 82.42424242424242 83.03030303030303 83.63636363636363 84.24242424242424 84.84848484848484 85.45454545454545 86.06060606060606 86.66666666666666 87.27272727272727 87.87878787878788 88.48484848484848 89.09090909090909 89.69696969696969 90.3030303030303 90.90909090909091 91.51515151515152 92.12121212121211 92.72727272727272 93.33333333333333 93.93939393939394 94.54545454545455 95.15151515151514 95.75757575757575 96.36363636363636 96.96969696969697 97.57575757575758 98.18181818181817 98.78787878787878 99.39393939393939 100 100.6060606060606 101.2121212121212 101.8181818181818 102.4242424242424 103.030303030303 103.6363636363636 104.2424242424242 104.8484848484848 105.4545454545455 106.0606060606061 106.6666666666667 107.2727272727273 107.8787878787879 108.4848484848485 109.0909090909091 109.6969696969697 110.3030303030303 110.9090909090909 111.5151515151515 112.1212121212121 112.7272727272727 113.3333333333333 113.9393939393939 114.5454545454545 115.1515151515151 115.7575757575758 116.3636363636364 116.969696969697 117.5757575757576 118.1818181818182 118.7878787878788 119.3939393939394 120


# name: y
# type: matrix
# rows: 1
# columns: 100
 78226.70680259491 78230.16939483637 78233.63198707784 78237.0945793193 78240.55717156077 78244.01976380222 78247.48235604369 78250.94494828516 78254.40754052662 78257.87013276809 78261.33272500955 78264.79531725102 78268.25790949247 78271.72050173394 78275.1830939754 78278.64568621687 78282.10827845833 78285.5708706998 78289.03346294125 78292.49605518272 78295.9586474242 78299.42123966565 78302.88383190712 78306.34642414858 78309.80901639005 78313.2716086315 78316.73420087298 78320.19679311443 78323.6593853559 78327.12197759736 78330.58456983883 78334.04716208029 78337.50975432176 78340.97234656323 78344.43493880468 78347.89753104615 78351.36012328761 78354.82271552908 78358.28530777054 78361.74790001201 78365.21049225346 78368.67308449493 78372.13567673639 78375.59826897786 78379.06086121932 78382.52345346079 78385.98604570226 78389.44863794371 78392.91123018519 78396.37382242664 78399.83641466811 78403.29900690957 78406.76159915104 78410.2241913925 78413.68678363397 78417.14937587542 78420.61196811689 78424.07456035835 78427.53715259982 78430.99974484129 78434.46233708275 78437.92492932422 78441.38752156567 78444.85011380714 78448.3127060486 78451.77529829007 78455.23789053153 78458.700482773 78462.16307501445 78465.62566725592 78469.08825949738 78472.55085173885 78476.01344398032 78479.47603622178 78482.93862846325 78486.40122070471 78489.86381294618 78493.32640518763 78496.7889974291 78500.25158967056 78503.71418191203 78507.17677415349 78510.63936639496 78514.10195863641 78517.56455087788 78521.02714311935 78524.48973536081 78527.95232760228 78531.41491984374 78534.87751208521 78538.34010432666 78541.80269656813 78545.26528880959 78548.72788105106 78552.19047329252 78555.65306553399 78559.11565777544 78562.57825001692 78566.04084225839 78569.50343449984


# name: QUERY
# type: sq_string
# elements: 1
# length: 2
R2


# name: DATASIZE
# type: sq_string
# elements: 1
# length: 3
750


