# Created by Octave 4.0.0, Wed May 18 23:31:59 2016 CEST <peter@Independence>
# name: x
# type: matrix
# rows: 1
# columns: 100
 60 60.6060606060606 61.2121212121212 61.81818181818181 62.42424242424242 63.03030303030303 63.63636363636363 64.24242424242424 64.84848484848484 65.45454545454545 66.06060606060606 66.66666666666666 67.27272727272727 67.87878787878788 68.48484848484848 69.09090909090909 69.69696969696969 70.3030303030303 70.90909090909091 71.51515151515152 72.12121212121212 72.72727272727272 73.33333333333333 73.93939393939394 74.54545454545455 75.15151515151516 75.75757575757575 76.36363636363636 76.96969696969697 77.57575757575758 78.18181818181817 78.78787878787878 79.39393939393939 80 80.60606060606061 81.2121212121212 81.81818181818181 82.42424242424242 83.03030303030303 83.63636363636363 84.24242424242424 84.84848484848484 85.45454545454545 86.06060606060606 86.66666666666666 87.27272727272727 87.87878787878788 88.48484848484848 89.09090909090909 89.69696969696969 90.3030303030303 90.90909090909091 91.51515151515152 92.12121212121211 92.72727272727272 93.33333333333333 93.93939393939394 94.54545454545455 95.15151515151514 95.75757575757575 96.36363636363636 96.96969696969697 97.57575757575758 98.18181818181817 98.78787878787878 99.39393939393939 100 100.6060606060606 101.2121212121212 101.8181818181818 102.4242424242424 103.030303030303 103.6363636363636 104.2424242424242 104.8484848484848 105.4545454545455 106.0606060606061 106.6666666666667 107.2727272727273 107.8787878787879 108.4848484848485 109.0909090909091 109.6969696969697 110.3030303030303 110.9090909090909 111.5151515151515 112.1212121212121 112.7272727272727 113.3333333333333 113.9393939393939 114.5454545454545 115.1515151515151 115.7575757575758 116.3636363636364 116.969696969697 117.5757575757576 118.1818181818182 118.7878787878788 119.3939393939394 120


# name: y
# type: matrix
# rows: 100
# columns: 1
 78233.72515830895
 78236.26320639552
 78238.80125448208
 78241.33930256865
 78243.87735065522
 78246.41539874178
 78248.95344682835
 78251.49149491492
 78254.0295430015
 78256.56759108805
 78259.10563917462
 78261.6436872612
 78264.18173534775
 78266.71978343432
 78269.2578315209
 78271.79587960745
 78274.33392769402
 78276.8719757806
 78279.41002386715
 78281.94807195372
 78284.4861200403
 78287.02416812685
 78289.56221621342
 78292.1002643
 78294.63831238655
 78297.17636047312
 78299.7144085597
 78302.25245664625
 78304.79050473282
 78307.3285528194
 78309.86660090595
 78312.40464899252
 78314.9426970791
 78317.48074516567
 78320.01879325222
 78322.5568413388
 78325.09488942537
 78327.63293751192
 78330.1709855985
 78332.70903368507
 78335.24708177162
 78337.7851298582
 78340.32317794477
 78342.86122603132
 78345.3992741179
 78347.93732220447
 78350.47537029102
 78353.0134183776
 78355.55146646417
 78358.08951455072
 78360.6275626373
 78363.16561072387
 78365.70365881042
 78368.241706897
 78370.77975498357
 78373.31780307012
 78375.8558511567
 78378.39389924327
 78380.93194732984
 78383.4699954164
 78386.00804350297
 78388.54609158954
 78391.0841396761
 78393.62218776267
 78396.16023584924
 78398.6982839358
 78401.23633202237
 78403.77438010894
 78406.3124281955
 78408.85047628207
 78411.38852436864
 78413.9265724552
 78416.46462054177
 78419.00266862834
 78421.5407167149
 78424.07876480147
 78426.61681288804
 78429.1548609746
 78431.69290906117
 78434.23095714774
 78436.7690052343
 78439.30705332087
 78441.84510140744
 78444.38314949401
 78446.92119758057
 78449.45924566714
 78451.99729375371
 78454.53534184027
 78457.07338992684
 78459.61143801341
 78462.14948609997
 78464.68753418654
 78467.22558227311
 78469.76363035967
 78472.30167844624
 78474.83972653281
 78477.37777461937
 78479.91582270594
 78482.45387079251
 78484.99191887907


# name: QUERY
# type: sq_string
# elements: 1
# length: 2
R2


# name: DATASIZE
# type: sq_string
# elements: 1
# length: 3
750


