# Created by Octave 4.0.0, Wed May 18 23:31:51 2016 CEST <peter@Independence>
# name: SVs
# type: cell
# rows: 1
# columns: 7
# name: <cell-element>
# type: sparse matrix
# nnz: 63
# rows: 9
# columns: 7
1 1 -0.2849948062183358
2 1 0.7794710859371455
3 1 1.926822570272001
4 1 -1.179852218080838
5 1 -0.04708245829605804
6 1 0.4863016765619517
7 1 0.4870691357487977
8 1 1.632885701709961
9 1 -1.658746750672778
1 2 -0.77020093201197
2 2 0.08750058387275113
3 2 1.110827220066246
4 2 -0.280150782087384
5 2 1.175894231616121
6 2 0.5265891583177145
7 2 -0.4339455366598168
8 2 2.094112618382895
9 2 -1.733465711390195
1 3 -0.6038638810677919
2 3 1.010731655945035
3 3 -0.09399160622163595
4 3 -0.1695282395321776
5 3 0.08540789789090039
6 3 0.009871264580358774
7 3 1.775540068214269
8 3 0.009871264580358774
9 3 -0.2450648728427192
1 4 -0.6282563935157971
2 4 1.07748802779772
3 4 0.4354381613482504
4 4 -0.910949991430116
5 4 -0.2161945389288237
6 4 -0.5755508074639749
7 4 1.05353094322871
8 4 -0.3599370463428842
9 4 -0.297648626463458
1 5 -0.4492879739578141
2 5 0.4575937790996346
3 5 -0.8643912836663256
4 5 0.02794863370069756
5 5 -0.5519621471659703
6 5 -0.1514006731478844
7 5 0.04425311614147773
8 5 0.8083604824202028
9 5 -1.8479481703642
1 6 -0.3927995459567374
2 6 0.5332929141785586
3 6 -0.7450638118467703
4 6 0.003777505604341521
5 6 -0.4823203250901638
6 6 -0.160940728001163
7 6 0.007805940665345709
8 6 0.988953679967699
9 6 -1.82513201209156
1 7 1.311816692604812
2 7 -0.5109180802776638
3 7 0.4004493061635739
4 7 0.4004493061635739
5 7 1.311816692604812
6 7 -0.5109180802776638
7 7 1.311816692604812
8 7 -0.5109180802776638
9 7 -0.5109180802776638



# name: <cell-element>
# type: sparse matrix
# nnz: 21
# rows: 3
# columns: 7
1 1 0.4218351048668829
2 1 1.632885701709961
3 1 -1.658746750672778
1 2 2.018580283297025
2 2 2.094112618382895
3 2 -1.733465711390195
1 3 1.511161851627373
2 3 0.009871264580358774
3 3 -0.2450648728427192
1 4 1.024782441745898
2 4 -0.3599370463428842
3 4 -0.297648626463458
1 5 2.278848533903539
2 5 0.8083604824202028
3 5 -1.8479481703642
1 6 2.248958646270676
2 6 0.988953679967699
3 6 -1.82513201209156
1 7 -1.422285466718902
2 7 -0.5109180802776638
3 7 -0.5109180802776638



# name: <cell-element>
# type: sparse matrix
# nnz: 77
# rows: 11
# columns: 7
1 1 -0.2849948062183358
2 1 1.926822570272001
3 1 -1.446928015103266
4 1 -0.08775779519889906
5 1 -0.04708245829605804
6 1 0.7940528104872207
7 1 0.4863016765619517
8 1 0.4218351048668829
9 1 0.4870691357487977
10 1 -2.22666654893886
11 1 0.6674220446576212
1 2 -0.77020093201197
2 2 1.110827220066246
3 2 -1.342153613957378
4 2 1.022099477043689
5 2 1.175894231616121
6 2 1.003898914372395
7 2 0.5265891583177145
8 2 2.018580283297025
9 2 -0.4339455366598168
10 2 -2.114767499353801
11 2 1.973078876618791
1 3 -0.6038638810677919
2 3 -0.09399160622163595
3 3 0.2081549270205305
4 3 -0.188412397859813
5 3 0.08540789789090039
6 3 -0.7738213060165106
7 3 0.009871264580358774
8 3 1.511161851627373
9 3 1.775540068214269
10 3 0.41588066862452
11 3 -0.4150222977914378
1 4 -0.6282563935157971
2 4 0.4354381613482504
3 4 -0.06286919768715925
4 4 -0.609090725860589
5 4 -0.2161945389288237
6 4 -0.9684469943957401
7 4 -0.5755508074639749
8 4 1.024782441745898
9 4 1.05353094322871
10 4 -0.01974644546294111
11 4 -0.609090725860589
1 5 -0.4492879739578141
2 5 -0.8643912836663256
3 5 -0.3990525415727076
4 5 1.756223772423396
5 5 -0.5519621471659703
6 5 0.96303273476382
7 5 -0.1514006731478844
8 5 2.278848533903539
9 5 0.04425311614147773
10 5 -1.129669619594695
11 5 1.601551520079779
1 6 -0.3927995459567374
2 6 -0.7450638118467703
3 6 -0.2750797213962817
4 6 1.667521185799071
5 6 -0.4823203250901638
6 6 0.9083849787476153
7 6 -0.160940728001163
8 6 2.248958646270676
9 6 0.007805940665345709
10 6 -1.078976318014451
11 6 1.597694978074998
1 7 1.311816692604812
2 7 0.4004493061635739
3 7 -0.5109180802776638
4 7 1.311816692604812
5 7 1.311816692604812
6 7 1.311816692604812
7 7 -0.5109180802776638
8 7 -1.422285466718902
9 7 1.311816692604812
10 7 -0.5109180802776638
11 7 -0.5109180802776638



# name: <cell-element>
# type: sparse matrix
# nnz: 0
# rows: 0
# columns: 7



# name: <cell-element>
# type: sparse matrix
# nnz: 0
# rows: 0
# columns: 7



