# Created by Octave 4.0.0, Wed May 18 23:31:59 2016 CEST <peter@Independence>
# name: x
# type: matrix
# rows: 1
# columns: 100
 60 60.6060606060606 61.2121212121212 61.81818181818181 62.42424242424242 63.03030303030303 63.63636363636363 64.24242424242424 64.84848484848484 65.45454545454545 66.06060606060606 66.66666666666666 67.27272727272727 67.87878787878788 68.48484848484848 69.09090909090909 69.69696969696969 70.3030303030303 70.90909090909091 71.51515151515152 72.12121212121212 72.72727272727272 73.33333333333333 73.93939393939394 74.54545454545455 75.15151515151516 75.75757575757575 76.36363636363636 76.96969696969697 77.57575757575758 78.18181818181817 78.78787878787878 79.39393939393939 80 80.60606060606061 81.2121212121212 81.81818181818181 82.42424242424242 83.03030303030303 83.63636363636363 84.24242424242424 84.84848484848484 85.45454545454545 86.06060606060606 86.66666666666666 87.27272727272727 87.87878787878788 88.48484848484848 89.09090909090909 89.69696969696969 90.3030303030303 90.90909090909091 91.51515151515152 92.12121212121211 92.72727272727272 93.33333333333333 93.93939393939394 94.54545454545455 95.15151515151514 95.75757575757575 96.36363636363636 96.96969696969697 97.57575757575758 98.18181818181817 98.78787878787878 99.39393939393939 100 100.6060606060606 101.2121212121212 101.8181818181818 102.4242424242424 103.030303030303 103.6363636363636 104.2424242424242 104.8484848484848 105.4545454545455 106.0606060606061 106.6666666666667 107.2727272727273 107.8787878787879 108.4848484848485 109.0909090909091 109.6969696969697 110.3030303030303 110.9090909090909 111.5151515151515 112.1212121212121 112.7272727272727 113.3333333333333 113.9393939393939 114.5454545454545 115.1515151515151 115.7575757575758 116.3636363636364 116.969696969697 117.5757575757576 118.1818181818182 118.7878787878788 119.3939393939394 120


# name: y
# type: matrix
# rows: 100
# columns: 1
 78113.81721610045
 78113.11333016193
 78112.4367760966
 78111.78701267923
 78111.1634986846
 78110.56569288753
 78109.99305406278
 78109.44504098517
 78108.92111242945
 78108.42072717044
 78107.9433439829
 78107.48842164165
 78107.05541892146
 78106.64379459711
 78106.25300744342
 78105.88251623514
 78105.53177974708
 78105.20025675403
 78104.88740603077
 78104.5926863521
 78104.3155564928
 78104.05547522767
 78103.81190133147
 78103.58429357901
 78103.37211074508
 78103.17481160446
 78102.99185493196
 78102.82269950233
 78102.66680409039
 78102.52362747092
 78102.39262841869
 78102.27326570853
 78102.16499811519
 78102.06728441348
 78101.97958337817
 78101.90135378407
 78101.83205440595
 78101.77114401862
 78101.71808139686
 78101.67232531543
 78101.63333454916
 78101.60056787283
 78101.5734840612
 78101.55154188909
 78101.53420013127
 78101.52091756254
 78101.51115295768
 78101.50436509149
 78101.50001273875
 78101.49755467425
 78101.49644967278
 78101.49615650912
 78101.49613395806
 78101.49584079441
 78101.49473579293
 78101.49227772844
 78101.4879253757
 78101.4811375095
 78101.47137290465
 78101.45809033592
 78101.4407485781
 78101.41880640599
 78101.39172259436
 78101.35895591803
 78101.31996515175
 78101.27420907033
 78101.22114644856
 78101.16023606122
 78101.0909366831
 78101.012707089
 78100.9250060537
 78100.827292352
 78100.71902475865
 78100.59966204848
 78100.46866299627
 78100.32548637679
 78100.16959096486
 78100.00043553523
 78099.81747886272
 78099.6201797221
 78099.40799688817
 78099.18038913571
 78098.93681523952
 78098.67673397438
 78098.39960411508
 78098.1048844364
 78097.79203371315
 78097.46051072009
 78097.10977423204
 78096.73928302377
 78096.34849587007
 78095.93687154572
 78095.50386882553
 78095.04894648427
 78094.57156329675
 78094.07117803773
 78093.54724948201
 78092.99923640439
 78092.42659757964
 78091.82879178258


# name: QUERY
# type: sq_string
# elements: 1
# length: 2
R2


# name: DATASIZE
# type: sq_string
# elements: 1
# length: 3
750


