# Created by Octave 4.0.0, Wed May 18 23:31:59 2016 CEST <peter@Independence>
# name: x
# type: matrix
# rows: 1
# columns: 100
 60 60.6060606060606 61.2121212121212 61.81818181818181 62.42424242424242 63.03030303030303 63.63636363636363 64.24242424242424 64.84848484848484 65.45454545454545 66.06060606060606 66.66666666666666 67.27272727272727 67.87878787878788 68.48484848484848 69.09090909090909 69.69696969696969 70.3030303030303 70.90909090909091 71.51515151515152 72.12121212121212 72.72727272727272 73.33333333333333 73.93939393939394 74.54545454545455 75.15151515151516 75.75757575757575 76.36363636363636 76.96969696969697 77.57575757575758 78.18181818181817 78.78787878787878 79.39393939393939 80 80.60606060606061 81.2121212121212 81.81818181818181 82.42424242424242 83.03030303030303 83.63636363636363 84.24242424242424 84.84848484848484 85.45454545454545 86.06060606060606 86.66666666666666 87.27272727272727 87.87878787878788 88.48484848484848 89.09090909090909 89.69696969696969 90.3030303030303 90.90909090909091 91.51515151515152 92.12121212121211 92.72727272727272 93.33333333333333 93.93939393939394 94.54545454545455 95.15151515151514 95.75757575757575 96.36363636363636 96.96969696969697 97.57575757575758 98.18181818181817 98.78787878787878 99.39393939393939 100 100.6060606060606 101.2121212121212 101.8181818181818 102.4242424242424 103.030303030303 103.6363636363636 104.2424242424242 104.8484848484848 105.4545454545455 106.0606060606061 106.6666666666667 107.2727272727273 107.8787878787879 108.4848484848485 109.0909090909091 109.6969696969697 110.3030303030303 110.9090909090909 111.5151515151515 112.1212121212121 112.7272727272727 113.3333333333333 113.9393939393939 114.5454545454545 115.1515151515151 115.7575757575758 116.3636363636364 116.969696969697 117.5757575757576 118.1818181818182 118.7878787878788 119.3939393939394 120


# name: y
# type: matrix
# rows: 100
# columns: 1
 78269.34595513741
 78269.26069936554
 78269.17711527545
 78269.09520286717
 78269.0149621407
 78268.93639309602
 78268.85949573315
 78268.78427005209
 78268.71071605281
 78268.63883373534
 78268.56862309968
 78268.50008414582
 78268.43321687376
 78268.36802128349
 78268.30449737504
 78268.24264514838
 78268.18246460352
 78268.12395574046
 78268.06711855921
 78268.01195305976
 78267.95845924212
 78267.90663710627
 78267.85648665222
 78267.80800787997
 78267.76120078952
 78267.71606538088
 78267.67260165405
 78267.63080960901
 78267.59068924577
 78267.55224056433
 78267.51546356469
 78267.48035824686
 78267.44692461083
 78267.4151626566
 78267.38507238418
 78267.35665379354
 78267.32990688473
 78267.3048316577
 78267.28142811247
 78267.25969624905
 78267.23963606743
 78267.22124756762
 78267.2045307496
 78267.18948561339
 78267.17611215898
 78267.16441038637
 78267.15438029556
 78267.14602188655
 78267.13933515934
 78267.13432011394
 78267.13097675034
 78267.12930506853
 78267.12930506853
 78267.13097675034
 78267.13432011394
 78267.13933515934
 78267.14602188655
 78267.15438029556
 78267.16441038637
 78267.17611215898
 78267.18948561339
 78267.2045307496
 78267.22124756762
 78267.23963606743
 78267.25969624905
 78267.28142811247
 78267.3048316577
 78267.32990688473
 78267.35665379354
 78267.38507238418
 78267.4151626566
 78267.44692461083
 78267.48035824686
 78267.51546356469
 78267.55224056433
 78267.59068924577
 78267.63080960901
 78267.67260165405
 78267.71606538088
 78267.76120078952
 78267.80800787997
 78267.85648665222
 78267.90663710627
 78267.95845924212
 78268.01195305976
 78268.06711855921
 78268.12395574046
 78268.18246460352
 78268.24264514838
 78268.30449737504
 78268.36802128349
 78268.43321687376
 78268.50008414582
 78268.56862309968
 78268.63883373534
 78268.71071605281
 78268.78427005209
 78268.85949573315
 78268.93639309602
 78269.0149621407


# name: QUERY
# type: sq_string
# elements: 1
# length: 2
R2


# name: DATASIZE
# type: sq_string
# elements: 1
# length: 3
750


