# Created by Octave 4.0.0, Sun May 22 18:33:20 2016 CEST <peter@Independence>
# name: x
# type: matrix
# rows: 1
# columns: 100
 60 60.6060606060606 61.2121212121212 61.81818181818181 62.42424242424242 63.03030303030303 63.63636363636363 64.24242424242424 64.84848484848484 65.45454545454545 66.06060606060606 66.66666666666666 67.27272727272727 67.87878787878788 68.48484848484848 69.09090909090909 69.69696969696969 70.3030303030303 70.90909090909091 71.51515151515152 72.12121212121212 72.72727272727272 73.33333333333333 73.93939393939394 74.54545454545455 75.15151515151516 75.75757575757575 76.36363636363636 76.96969696969697 77.57575757575758 78.18181818181817 78.78787878787878 79.39393939393939 80 80.60606060606061 81.2121212121212 81.81818181818181 82.42424242424242 83.03030303030303 83.63636363636363 84.24242424242424 84.84848484848484 85.45454545454545 86.06060606060606 86.66666666666666 87.27272727272727 87.87878787878788 88.48484848484848 89.09090909090909 89.69696969696969 90.3030303030303 90.90909090909091 91.51515151515152 92.12121212121211 92.72727272727272 93.33333333333333 93.93939393939394 94.54545454545455 95.15151515151514 95.75757575757575 96.36363636363636 96.96969696969697 97.57575757575758 98.18181818181817 98.78787878787878 99.39393939393939 100 100.6060606060606 101.2121212121212 101.8181818181818 102.4242424242424 103.030303030303 103.6363636363636 104.2424242424242 104.8484848484848 105.4545454545455 106.0606060606061 106.6666666666667 107.2727272727273 107.8787878787879 108.4848484848485 109.0909090909091 109.6969696969697 110.3030303030303 110.9090909090909 111.5151515151515 112.1212121212121 112.7272727272727 113.3333333333333 113.9393939393939 114.5454545454545 115.1515151515151 115.7575757575758 116.3636363636364 116.969696969697 117.5757575757576 118.1818181818182 118.7878787878788 119.3939393939394 120


# name: y
# type: matrix
# rows: 100
# columns: 1
 78226.98267464715
 78226.91522482935
 78226.85039408627
 78226.78813055505
 78226.72838237281
 78226.67109767669
 78226.61622460383
 78226.56371129135
 78226.5135058764
 78226.46555649611
 78226.4198112876
 78226.37621838803
 78226.33472593452
 78226.29528206421
 78226.25783491421
 78226.22233262169
 78226.18872332376
 78226.15695515757
 78226.12697626025
 78226.09873476892
 78226.07217882073
 78226.0472565528
 78226.02391610229
 78226.00210560631
 78225.981773202
 78225.96286702649
 78225.94533521694
 78225.92912591045
 78225.91418724418
 78225.90046735526
 78225.8879143808
 78225.87647645795
 78225.86610172386
 78225.85673831566
 78225.84833437046
 78225.84083802541
 78225.83419741766
 78225.8283606843
 78225.82327596251
 78225.81889138941
 78225.81515510213
 78225.8120152378
 78225.80941993356
 78225.80731732654
 78225.80565555389
 78225.80438275273
 78225.8034470602
 78225.80279661343
 78225.80237954954
 78225.80214400569
 78225.80203811901
 78225.80201002663
 78225.80200786567
 78225.80197977328
 78225.80187388661
 78225.80163834276
 78225.80122127887
 78225.8005708321
 78225.79963513957
 78225.79836233841
 78225.79670056576
 78225.79459795874
 78225.7920026545
 78225.78886279017
 78225.78512650289
 78225.78074192979
 78225.775657208
 78225.76982047464
 78225.76317986689
 78225.75568352184
 78225.74727957664
 78225.73791616844
 78225.72754143435
 78225.7161035115
 78225.70355053704
 78225.68983064812
 78225.67489198185
 78225.65868267536
 78225.64115086581
 78225.6222446903
 78225.60191228599
 78225.58010179001
 78225.5567613395
 78225.53183907157
 78225.50528312338
 78225.47704163205
 78225.44706273473
 78225.41529456853
 78225.38168527061
 78225.34618297809
 78225.30873582809
 78225.26929195778
 78225.22779950427
 78225.1842066047
 78225.13846139619
 78225.0905120159
 78225.04030660095
 78224.98779328847
 78224.93292021561
 78224.87563551949


# name: QUERY
# type: sq_string
# elements: 1
# length: 2
R2


# name: DATASIZE
# type: sq_string
# elements: 1
# length: 3
750


