# Created by Octave 3.8.2, Mon May 23 11:37:09 2016 CEST <Andrea@Andreas-MacBook-Pro.local>
# name: x
# type: matrix
# rows: 1
# columns: 100
 60 60.60606060606061 61.21212121212121 61.81818181818181 62.42424242424242 63.03030303030303 63.63636363636364 64.24242424242425 64.84848484848484 65.45454545454545 66.06060606060606 66.66666666666667 67.27272727272728 67.87878787878788 68.48484848484848 69.09090909090909 69.6969696969697 70.30303030303031 70.90909090909091 71.51515151515152 72.12121212121212 72.72727272727273 73.33333333333333 73.93939393939394 74.54545454545455 75.15151515151516 75.75757575757575 76.36363636363636 76.96969696969697 77.57575757575758 78.18181818181819 78.78787878787878 79.39393939393939 80 80.60606060606061 81.21212121212122 81.81818181818181 82.42424242424242 83.03030303030303 83.63636363636364 84.24242424242425 84.84848484848484 85.45454545454545 86.06060606060606 86.66666666666667 87.27272727272727 87.87878787878788 88.48484848484848 89.09090909090909 89.6969696969697 90.3030303030303 90.90909090909091 91.51515151515152 92.12121212121212 92.72727272727273 93.33333333333334 93.93939393939394 94.54545454545455 95.15151515151516 95.75757575757576 96.36363636363636 96.96969696969697 97.57575757575758 98.18181818181819 98.78787878787878 99.39393939393939 100 100.6060606060606 101.2121212121212 101.8181818181818 102.4242424242424 103.030303030303 103.6363636363636 104.2424242424242 104.8484848484848 105.4545454545455 106.0606060606061 106.6666666666667 107.2727272727273 107.8787878787879 108.4848484848485 109.0909090909091 109.6969696969697 110.3030303030303 110.9090909090909 111.5151515151515 112.1212121212121 112.7272727272727 113.3333333333333 113.9393939393939 114.5454545454545 115.1515151515152 115.7575757575758 116.3636363636364 116.969696969697 117.5757575757576 118.1818181818182 118.7878787878788 119.3939393939394 120


# name: y
# type: matrix
# rows: 100
# columns: 1
 148152.7379147638
 147313.9661753967
 146483.0767067205
 145660.1944535297
 144845.4370293126
 144038.914852862
 143240.7313047163
 142450.9829030657
 141669.7594986947
 140897.1444884744
 140133.2150468537
 139378.0423747561
 138631.6919652126
 137894.2238850205
 137165.693071662
 136446.1496446579
 135735.6392304933
 135034.2033001897
 134341.8795185716
 133658.7021042117
 132984.7021990146
 132319.908246355
 131664.3463766501
 131018.040799215
 130381.0141992272
 129753.28813859
 129134.8834594735
 128525.8206892868
 127926.12044582
 127335.8038412924
 126754.8928840208
 126183.410876432
 125621.3828081371
 125068.8357427895
 124525.7991974593
 123992.3055132652
 123468.3902160232
 122954.0923656914
 122449.4548934109
 121954.5249249743
 121469.3540895775
 120993.9988127572
 120528.5205924386
 120072.986257074
 119627.4682048925
 119192.0446233247
 118766.7996877285
 118351.8237385858
 117947.213436406
 117553.0718936262
 117169.508782863
 116796.6404209372
 116434.5898281568
 116083.4867624151
 115743.4677277272
 115414.675956909
 115097.2613681661
 114791.3804954405
 114497.1963924373
 114214.878510331
 113944.602549223
 113686.5502835035
 113440.9093613431
 113207.8730786199
 112987.6401276603
 112780.4143212454
 112586.4042924124
 112405.8231706504
 112238.8882351606
 112085.8205459202
 111946.8445533585
 111822.1876875149
 111712.0799276166
 111616.753353066
 111536.4416768955
 111471.3797627924
 111421.8031268519
 111387.9474252673
 111370.047929204
 111368.3389881515
 111383.0534830836
 111414.4222707859
 111462.673620747
 111528.0326460302
 111610.7207295656
 111710.9549473214
 111828.9474898235
 111964.9050835073
 112119.028413382
 112291.5115484986
 112482.5413717006
 112692.2970151332
 112920.9493029738
 113168.6602028312
 113435.5822872393
 113721.8582066472
 114027.620175282
 114352.9894712234
 114698.0759520018
 115062.9775869809


# name: TRAIN_QUERIES
# type: cell
# rows: 1
# columns: 2
# name: <cell-element>
# type: sq_string
# elements: 1
# length: 2
R3



# name: <cell-element>
# type: sq_string
# elements: 1
# length: 2
R4





# name: TEST_QUERIES
# type: cell
# rows: 1
# columns: 1
# name: <cell-element>
# type: sq_string
# elements: 1
# length: 2
R2





# name: DATASIZE
# type: sq_string
# elements: 1
# length: 3
250


