# Created by Octave 3.8.2, Mon May 23 11:37:09 2016 CEST <Andrea@Andreas-MacBook-Pro.local>
# name: x
# type: matrix
# rows: 1
# columns: 100
 60 60.60606060606061 61.21212121212121 61.81818181818181 62.42424242424242 63.03030303030303 63.63636363636364 64.24242424242425 64.84848484848484 65.45454545454545 66.06060606060606 66.66666666666667 67.27272727272728 67.87878787878788 68.48484848484848 69.09090909090909 69.6969696969697 70.30303030303031 70.90909090909091 71.51515151515152 72.12121212121212 72.72727272727273 73.33333333333333 73.93939393939394 74.54545454545455 75.15151515151516 75.75757575757575 76.36363636363636 76.96969696969697 77.57575757575758 78.18181818181819 78.78787878787878 79.39393939393939 80 80.60606060606061 81.21212121212122 81.81818181818181 82.42424242424242 83.03030303030303 83.63636363636364 84.24242424242425 84.84848484848484 85.45454545454545 86.06060606060606 86.66666666666667 87.27272727272727 87.87878787878788 88.48484848484848 89.09090909090909 89.6969696969697 90.3030303030303 90.90909090909091 91.51515151515152 92.12121212121212 92.72727272727273 93.33333333333334 93.93939393939394 94.54545454545455 95.15151515151516 95.75757575757576 96.36363636363636 96.96969696969697 97.57575757575758 98.18181818181819 98.78787878787878 99.39393939393939 100 100.6060606060606 101.2121212121212 101.8181818181818 102.4242424242424 103.030303030303 103.6363636363636 104.2424242424242 104.8484848484848 105.4545454545455 106.0606060606061 106.6666666666667 107.2727272727273 107.8787878787879 108.4848484848485 109.0909090909091 109.6969696969697 110.3030303030303 110.9090909090909 111.5151515151515 112.1212121212121 112.7272727272727 113.3333333333333 113.9393939393939 114.5454545454545 115.1515151515152 115.7575757575758 116.3636363636364 116.969696969697 117.5757575757576 118.1818181818182 118.7878787878788 119.3939393939394 120


# name: y
# type: matrix
# rows: 100
# columns: 1
 149815.072802391
 149580.5475488553
 149346.0222953194
 149111.4970417835
 148876.971788248
 148642.446534712
 148407.9212811762
 148173.3960276406
 147938.8707741046
 147704.345520569
 147469.8202670333
 147235.2950134974
 147000.7697599616
 146766.2445064259
 146531.7192528901
 146297.1939993543
 146062.6687458185
 145828.1434922826
 145593.6182387469
 145359.0929852111
 145124.5677316753
 144890.0424781395
 144655.5172246037
 144420.9919710679
 144186.4667175322
 143951.9414639964
 143717.4162104606
 143482.8909569248
 143248.365703389
 143013.8404498532
 142779.3151963175
 142544.7899427817
 142310.2646892458
 142075.7394357101
 141841.2141821743
 141606.6889286385
 141372.1636751027
 141137.6384215669
 140903.1131680312
 140668.5879144954
 140434.0626609596
 140199.5374074238
 139965.012153888
 139730.4869003522
 139495.9616468165
 139261.4363932807
 139026.9111397449
 138792.3858862091
 138557.8606326733
 138323.3353791375
 138088.8101256018
 137854.2848720659
 137619.7596185302
 137385.2343649944
 137150.7091114586
 136916.1838579228
 136681.658604387
 136447.1333508512
 136212.6080973155
 135978.0828437797
 135743.5575902439
 135509.0323367081
 135274.5070831723
 135039.9818296365
 134805.4565761007
 134570.931322565
 134336.4060690292
 134101.8808154932
 133867.3555619575
 133632.8303084217
 133398.305054886
 133163.7798013503
 132929.2545478146
 132694.7292942787
 132460.2040407429
 132225.6787872071
 131991.1535336713
 131756.6282801355
 131522.1030265996
 131287.5777730641
 131053.0525195284
 130818.5272659924
 130584.0020124565
 130349.4767589209
 130114.9515053848
 129880.4262518492
 129645.9009983132
 129411.3757447777
 129176.8504912421
 128942.325237706
 128707.7999841704
 128473.2747306346
 128238.7494770988
 128004.2242235626
 127769.6989700271
 127535.1737164916
 127300.6484629558
 127066.1232094199
 126831.597955884
 126597.0727023484


# name: TRAIN_QUERIES
# type: cell
# rows: 1
# columns: 2
# name: <cell-element>
# type: sq_string
# elements: 1
# length: 2
R3



# name: <cell-element>
# type: sq_string
# elements: 1
# length: 2
R4





# name: TEST_QUERIES
# type: cell
# rows: 1
# columns: 1
# name: <cell-element>
# type: sq_string
# elements: 1
# length: 2
R2





# name: DATASIZE
# type: sq_string
# elements: 1
# length: 3
250


