# Created by Octave 3.8.2, Mon May 23 11:37:09 2016 CEST <Andrea@Andreas-MacBook-Pro.local>
# name: x
# type: matrix
# rows: 1
# columns: 100
 60 60.60606060606061 61.21212121212121 61.81818181818181 62.42424242424242 63.03030303030303 63.63636363636364 64.24242424242425 64.84848484848484 65.45454545454545 66.06060606060606 66.66666666666667 67.27272727272728 67.87878787878788 68.48484848484848 69.09090909090909 69.6969696969697 70.30303030303031 70.90909090909091 71.51515151515152 72.12121212121212 72.72727272727273 73.33333333333333 73.93939393939394 74.54545454545455 75.15151515151516 75.75757575757575 76.36363636363636 76.96969696969697 77.57575757575758 78.18181818181819 78.78787878787878 79.39393939393939 80 80.60606060606061 81.21212121212122 81.81818181818181 82.42424242424242 83.03030303030303 83.63636363636364 84.24242424242425 84.84848484848484 85.45454545454545 86.06060606060606 86.66666666666667 87.27272727272727 87.87878787878788 88.48484848484848 89.09090909090909 89.6969696969697 90.3030303030303 90.90909090909091 91.51515151515152 92.12121212121212 92.72727272727273 93.33333333333334 93.93939393939394 94.54545454545455 95.15151515151516 95.75757575757576 96.36363636363636 96.96969696969697 97.57575757575758 98.18181818181819 98.78787878787878 99.39393939393939 100 100.6060606060606 101.2121212121212 101.8181818181818 102.4242424242424 103.030303030303 103.6363636363636 104.2424242424242 104.8484848484848 105.4545454545455 106.0606060606061 106.6666666666667 107.2727272727273 107.8787878787879 108.4848484848485 109.0909090909091 109.6969696969697 110.3030303030303 110.9090909090909 111.5151515151515 112.1212121212121 112.7272727272727 113.3333333333333 113.9393939393939 114.5454545454545 115.1515151515152 115.7575757575758 116.3636363636364 116.969696969697 117.5757575757576 118.1818181818182 118.7878787878788 119.3939393939394 120


# name: y
# type: matrix
# rows: 1
# columns: 100
 170760.3452483175 170515.8553671123 170271.3654859072 170026.875604702 169782.3857234968 169537.8958422916 169293.4059610864 169048.9160798813 168804.4261986761 168559.9363174709 168315.4464362657 168070.9565550605 167826.4666738554 167581.9767926502 167337.486911445 167092.9970302398 166848.5071490347 166604.0172678295 166359.5273866243 166115.0375054191 165870.5476242139 165626.0577430088 165381.5678618036 165137.0779805984 164892.5880993932 164648.0982181881 164403.6083369829 164159.1184557777 163914.6285745725 163670.1386933673 163425.6488121622 163181.158930957 162936.6690497518 162692.1791685466 162447.6892873415 162203.1994061363 161958.7095249311 161714.2196437259 161469.7297625207 161225.2398813156 160980.7500001104 160736.2601189052 160491.7702377 160247.2803564949 160002.7904752897 159758.3005940845 159513.8107128793 159269.3208316742 159024.830950469 158780.3410692638 158535.8511880586 158291.3613068534 158046.8714256482 157802.3815444431 157557.8916632379 157313.4017820327 157068.9119008275 156824.4220196223 156579.9321384172 156335.442257212 156090.9523760068 155846.4624948016 155601.9726135965 155357.4827323913 155112.9928511861 154868.5029699809 154624.0130887757 154379.5232075706 154135.0333263654 153890.5434451602 153646.053563955 153401.5636827499 153157.0738015447 152912.5839203395 152668.0940391343 152423.6041579291 152179.114276724 151934.6243955188 151690.1345143136 151445.6446331084 151201.1547519033 150956.6648706981 150712.1749894929 150467.6851082877 150223.1952270825 149978.7053458774 149734.2154646722 149489.725583467 149245.2357022618 149000.7458210567 148756.2559398515 148511.7660586463 148267.2761774411 148022.786296236 147778.2964150308 147533.8065338256 147289.3166526204 147044.8267714152 146800.33689021 146555.8470090049


# name: TRAIN_QUERIES
# type: cell
# rows: 1
# columns: 2
# name: <cell-element>
# type: sq_string
# elements: 1
# length: 2
R3



# name: <cell-element>
# type: sq_string
# elements: 1
# length: 2
R4





# name: TEST_QUERIES
# type: cell
# rows: 1
# columns: 1
# name: <cell-element>
# type: sq_string
# elements: 1
# length: 2
R2





# name: DATASIZE
# type: sq_string
# elements: 1
# length: 3
250


