# Created by Octave 3.8.2, Mon May 23 11:36:59 2016 CEST <Andrea@Andreas-MacBook-Pro.local>
# name: mu
# type: matrix
# rows: 1
# columns: 8
 160131.1870967742 34651.97096774194 57574.61935483871 4626.48064516129 6136.064516129032 22028.04516129032 94786.6129032258 86.34838709677419


# name: sigma
# type: matrix
# rows: 1
# columns: 8
 92084.94090982617 18466.81548677127 18132.70401735092 2937.392733225073 2773.253964068608 7882.925153065177 80292.23838128349 19.87357893749757


