# Created by Octave 3.8.2, Mon May 23 11:37:09 2016 CEST <Andrea@Andreas-MacBook-Pro.local>
# name: x
# type: matrix
# rows: 1
# columns: 100
 60 60.60606060606061 61.21212121212121 61.81818181818181 62.42424242424242 63.03030303030303 63.63636363636364 64.24242424242425 64.84848484848484 65.45454545454545 66.06060606060606 66.66666666666667 67.27272727272728 67.87878787878788 68.48484848484848 69.09090909090909 69.6969696969697 70.30303030303031 70.90909090909091 71.51515151515152 72.12121212121212 72.72727272727273 73.33333333333333 73.93939393939394 74.54545454545455 75.15151515151516 75.75757575757575 76.36363636363636 76.96969696969697 77.57575757575758 78.18181818181819 78.78787878787878 79.39393939393939 80 80.60606060606061 81.21212121212122 81.81818181818181 82.42424242424242 83.03030303030303 83.63636363636364 84.24242424242425 84.84848484848484 85.45454545454545 86.06060606060606 86.66666666666667 87.27272727272727 87.87878787878788 88.48484848484848 89.09090909090909 89.6969696969697 90.3030303030303 90.90909090909091 91.51515151515152 92.12121212121212 92.72727272727273 93.33333333333334 93.93939393939394 94.54545454545455 95.15151515151516 95.75757575757576 96.36363636363636 96.96969696969697 97.57575757575758 98.18181818181819 98.78787878787878 99.39393939393939 100 100.6060606060606 101.2121212121212 101.8181818181818 102.4242424242424 103.030303030303 103.6363636363636 104.2424242424242 104.8484848484848 105.4545454545455 106.0606060606061 106.6666666666667 107.2727272727273 107.8787878787879 108.4848484848485 109.0909090909091 109.6969696969697 110.3030303030303 110.9090909090909 111.5151515151515 112.1212121212121 112.7272727272727 113.3333333333333 113.9393939393939 114.5454545454545 115.1515151515152 115.7575757575758 116.3636363636364 116.969696969697 117.5757575757576 118.1818181818182 118.7878787878788 119.3939393939394 120


# name: y
# type: matrix
# rows: 100
# columns: 1
 161475.9574904482
 161472.039333184
 161468.3883566685
 161464.9921294859
 161461.8385163837
 161458.915678273
 161456.2120722283
 161453.7164514878
 161451.4178654531
 161449.3056596894
 161447.3694759252
 161445.5992520529
 161443.985222128
 161442.51791637
 161441.1881611614
 161439.9870790486
 161438.9060887413
 161437.9369051129
 161437.0715392001
 161436.3022982034
 161435.6217854866
 161435.0229005771
 161434.4988391657
 161434.0430931069
 161433.6494504187
 161433.3119952825
 161433.0251080433
 161432.7834652096
 161432.5820394534
 161432.4160996103
 161432.2812106793
 161432.173233823
 161432.0883263676
 161432.0229418025
 161431.9738297811
 161431.9380361198
 161431.912902799
 161431.8960679623
 161431.8854659169
 161431.8793271336
 161431.8761782466
 161431.8748420537
 161431.8744375162
 161431.8743797589
 161431.8743800702
 161431.8744459019
 161431.8748808694
 161431.8762847515
 161431.8795534908
 161431.8858791931
 161431.8967501279
 161431.9139507281
 161431.9395615903
 161431.9759594745
 161432.0258173041
 161432.0921041663
 161432.1780853116
 161432.2873221542
 161432.4236722716
 161432.5912894049
 161432.7946234589
 161433.0384205016
 161433.3277227648
 161433.6678686437
 161434.064492697
 161434.5235256469
 161435.0511943793
 161435.6540219434
 161436.338827552
 161437.1127265815
 161437.9831305717
 161438.9577472259
 161440.044580411
 161441.2519301576
 161442.5883926594
 161444.0628602739
 161445.6845215222
 161447.4628610886
 161449.4076598212
 161451.5289947314
 161453.8372389945
 161456.3430619488
 161459.0574290965
 161461.9916021033
 161465.1571387981
 161468.5658931737
 161472.2300153862
 161476.1619517553
 161480.3744447643
 161484.8805330597
 161489.6935514519
 161494.8271309146
 161500.2951985851
 161506.1119777642
 161512.2919879162
 161518.850044669
 161525.8012598139
 161533.1610413057
 161540.9450932629
 161549.1694159675


# name: TRAIN_QUERIES
# type: cell
# rows: 1
# columns: 2
# name: <cell-element>
# type: sq_string
# elements: 1
# length: 2
R3



# name: <cell-element>
# type: sq_string
# elements: 1
# length: 2
R4





# name: TEST_QUERIES
# type: cell
# rows: 1
# columns: 1
# name: <cell-element>
# type: sq_string
# elements: 1
# length: 2
R2





# name: DATASIZE
# type: sq_string
# elements: 1
# length: 3
250


