# Created by Octave 3.8.2, Mon May 23 11:37:09 2016 CEST <Andrea@Andreas-MacBook-Pro.local>
# name: x
# type: matrix
# rows: 1
# columns: 100
 60 60.60606060606061 61.21212121212121 61.81818181818181 62.42424242424242 63.03030303030303 63.63636363636364 64.24242424242425 64.84848484848484 65.45454545454545 66.06060606060606 66.66666666666667 67.27272727272728 67.87878787878788 68.48484848484848 69.09090909090909 69.6969696969697 70.30303030303031 70.90909090909091 71.51515151515152 72.12121212121212 72.72727272727273 73.33333333333333 73.93939393939394 74.54545454545455 75.15151515151516 75.75757575757575 76.36363636363636 76.96969696969697 77.57575757575758 78.18181818181819 78.78787878787878 79.39393939393939 80 80.60606060606061 81.21212121212122 81.81818181818181 82.42424242424242 83.03030303030303 83.63636363636364 84.24242424242425 84.84848484848484 85.45454545454545 86.06060606060606 86.66666666666667 87.27272727272727 87.87878787878788 88.48484848484848 89.09090909090909 89.6969696969697 90.3030303030303 90.90909090909091 91.51515151515152 92.12121212121212 92.72727272727273 93.33333333333334 93.93939393939394 94.54545454545455 95.15151515151516 95.75757575757576 96.36363636363636 96.96969696969697 97.57575757575758 98.18181818181819 98.78787878787878 99.39393939393939 100 100.6060606060606 101.2121212121212 101.8181818181818 102.4242424242424 103.030303030303 103.6363636363636 104.2424242424242 104.8484848484848 105.4545454545455 106.0606060606061 106.6666666666667 107.2727272727273 107.8787878787879 108.4848484848485 109.0909090909091 109.6969696969697 110.3030303030303 110.9090909090909 111.5151515151515 112.1212121212121 112.7272727272727 113.3333333333333 113.9393939393939 114.5454545454545 115.1515151515152 115.7575757575758 116.3636363636364 116.969696969697 117.5757575757576 118.1818181818182 118.7878787878788 119.3939393939394 120


# name: y
# type: matrix
# rows: 100
# columns: 1
 161952.1809886028
 161662.5812434867
 161386.3017307882
 161123.0288476116
 160872.4489910611
 160634.2485582409
 160408.1139462552
 160193.7315522082
 159990.7877732041
 159798.9690063471
 159617.9616487415
 159447.4520974914
 159287.1267497011
 159136.6720024747
 158995.7742529165
 158864.1198981307
 158741.3953352214
 158627.2869612929
 158521.4811734494
 158423.6643687951
 158333.5229444342
 158250.7432974709
 158175.0118250095
 158106.014924154
 158043.4389920089
 157986.9704256781
 157936.295622266
 157891.1009788768
 157851.0728926146
 157815.8977605838
 157785.2619798884
 157758.8519476327
 157736.3540609209
 157717.4547168571
 157701.8403125458
 157689.1972450909
 157679.2119115968
 157671.5707091676
 157665.9600349075
 157662.0662859208
 157659.5758593116
 157658.1751521843
 157657.5505616429
 157657.3884847916
 157657.3753187348
 157657.1974605765
 157656.5413074211
 157655.0932563727
 157652.5397045355
 157648.5670490137
 157642.8616869116
 157635.1100153333
 157624.998431383
 157612.213332165
 157596.4411147835
 157577.3681763426
 157554.6809139467
 157528.0657246998
 157497.2090057062
 157461.7971540701
 157421.5165668957
 157376.0536412873
 157325.0947743489
 157268.3263631849
 157205.4348048994
 157136.1064965967
 157060.027835381
 156976.8852183564
 156886.3650426271
 156788.1537052975
 156681.9376034716
 156567.4031342537
 156444.2366947481
 156312.1246820588
 156170.7534932902
 156019.8095255463
 155858.9791759315
 155687.94884155
 155506.4049195059
 155314.0338069034
 155110.5219008469
 154895.5555984403
 154668.8212967881
 154430.0053929943
 154178.7942841632
 153914.8743673991
 153637.932039806
 153347.6536984883
 153043.7257405501
 152725.8345630956
 152393.666563229
 152046.9081380546
 151685.2456846765
 151308.365600199
 150915.9542817262
 150507.6981263625
 150083.2835312119
 149642.3968933787
 149184.7246099671
 148709.9530780813


# name: TRAIN_QUERIES
# type: cell
# rows: 1
# columns: 2
# name: <cell-element>
# type: sq_string
# elements: 1
# length: 2
R3



# name: <cell-element>
# type: sq_string
# elements: 1
# length: 2
R4





# name: TEST_QUERIES
# type: cell
# rows: 1
# columns: 1
# name: <cell-element>
# type: sq_string
# elements: 1
# length: 2
R2





# name: DATASIZE
# type: sq_string
# elements: 1
# length: 3
250


