# Created by Octave 3.8.2, Mon May 23 11:37:09 2016 CEST <Andrea@Andreas-MacBook-Pro.local>
# name: x
# type: matrix
# rows: 1
# columns: 100
 60 60.60606060606061 61.21212121212121 61.81818181818181 62.42424242424242 63.03030303030303 63.63636363636364 64.24242424242425 64.84848484848484 65.45454545454545 66.06060606060606 66.66666666666667 67.27272727272728 67.87878787878788 68.48484848484848 69.09090909090909 69.6969696969697 70.30303030303031 70.90909090909091 71.51515151515152 72.12121212121212 72.72727272727273 73.33333333333333 73.93939393939394 74.54545454545455 75.15151515151516 75.75757575757575 76.36363636363636 76.96969696969697 77.57575757575758 78.18181818181819 78.78787878787878 79.39393939393939 80 80.60606060606061 81.21212121212122 81.81818181818181 82.42424242424242 83.03030303030303 83.63636363636364 84.24242424242425 84.84848484848484 85.45454545454545 86.06060606060606 86.66666666666667 87.27272727272727 87.87878787878788 88.48484848484848 89.09090909090909 89.6969696969697 90.3030303030303 90.90909090909091 91.51515151515152 92.12121212121212 92.72727272727273 93.33333333333334 93.93939393939394 94.54545454545455 95.15151515151516 95.75757575757576 96.36363636363636 96.96969696969697 97.57575757575758 98.18181818181819 98.78787878787878 99.39393939393939 100 100.6060606060606 101.2121212121212 101.8181818181818 102.4242424242424 103.030303030303 103.6363636363636 104.2424242424242 104.8484848484848 105.4545454545455 106.0606060606061 106.6666666666667 107.2727272727273 107.8787878787879 108.4848484848485 109.0909090909091 109.6969696969697 110.3030303030303 110.9090909090909 111.5151515151515 112.1212121212121 112.7272727272727 113.3333333333333 113.9393939393939 114.5454545454545 115.1515151515152 115.7575757575758 116.3636363636364 116.969696969697 117.5757575757576 118.1818181818182 118.7878787878788 119.3939393939394 120


# name: y
# type: matrix
# rows: 100
# columns: 1
 170495.5922962544
 170516.7594657714
 170535.5762816668
 170552.2563322699
 170566.9983054255
 170579.9866982248
 170591.3925094166
 170601.3739144959
 170610.0769234721
 170617.6360213158
 170624.1747910848
 170629.8065197284
 170634.6347865708
 170638.7540344737
 170642.2501236772
 170645.2008683195
 170647.6765556363
 170649.7404478379
 170651.4492666661
 170652.853660629
 170653.998654916
 170654.9240839902
 170655.6650068603
 170656.2521050317
 170656.7120631359
 170657.0679322386
 170657.3394758275
 170657.543498478
 170657.6941571985
 170657.8032554538
 170657.880519868
 170657.9338596059
 170657.9696084337
 170657.9927494573
 170658.0071225414
 170658.0156144057
 170658.0203314005
 170658.0227549621
 170658.0238797452
 170658.0243344357
 170658.0244852421
 170658.0245220645
 170658.0245273444
 170658.0245275917
 170658.0245275914
 170658.0245272891
 170658.0245213549
 170658.0244814263
 170658.0243210308
 170658.0238431855
 170658.0226706777
 170658.0201590228
 170658.0152921016
 170658.0065604763
 170657.9918223857
 170657.9681474188
 170657.9316428677
 170657.8772627584
 170657.7985995622
 170657.6876585837
 170657.5346150298
 170657.3275537559
 170657.052191692
 170656.6915829471
 170656.2258065925
 170655.6316371243
 170654.8821976043
 170653.94659548
 170652.7895410833
 170651.3709488082
 170649.6455209675
 170647.5623143277
 170645.0642893232
 170642.0878419499
 170638.5623183364
 170634.4095119947
 170629.5431437505
 170623.8683243507
 170617.2809997511
 170609.6673790824
 170600.9033452953
 170590.8538484839
 170579.3722818886
 170566.2998405776
 170551.464862807
 170534.6821540602
 170515.7522937657
 170494.4609246941
 170470.5780250337
 170443.8571631451
 170414.0347349946
 170380.8291842663
 170343.9402051535
 170303.0479278282
 170257.8120865901
 170207.8711706944
 170152.8415578579
 170092.3166304445
 170025.8658743293
 169953.0339604418


# name: TRAIN_QUERIES
# type: cell
# rows: 1
# columns: 2
# name: <cell-element>
# type: sq_string
# elements: 1
# length: 2
R3



# name: <cell-element>
# type: sq_string
# elements: 1
# length: 2
R4





# name: TEST_QUERIES
# type: cell
# rows: 1
# columns: 1
# name: <cell-element>
# type: sq_string
# elements: 1
# length: 2
R2





# name: DATASIZE
# type: sq_string
# elements: 1
# length: 3
250


