# Created by Octave 3.8.2, Mon May 23 11:37:09 2016 CEST <Andrea@Andreas-MacBook-Pro.local>
# name: x
# type: matrix
# rows: 1
# columns: 100
 60 60.60606060606061 61.21212121212121 61.81818181818181 62.42424242424242 63.03030303030303 63.63636363636364 64.24242424242425 64.84848484848484 65.45454545454545 66.06060606060606 66.66666666666667 67.27272727272728 67.87878787878788 68.48484848484848 69.09090909090909 69.6969696969697 70.30303030303031 70.90909090909091 71.51515151515152 72.12121212121212 72.72727272727273 73.33333333333333 73.93939393939394 74.54545454545455 75.15151515151516 75.75757575757575 76.36363636363636 76.96969696969697 77.57575757575758 78.18181818181819 78.78787878787878 79.39393939393939 80 80.60606060606061 81.21212121212122 81.81818181818181 82.42424242424242 83.03030303030303 83.63636363636364 84.24242424242425 84.84848484848484 85.45454545454545 86.06060606060606 86.66666666666667 87.27272727272727 87.87878787878788 88.48484848484848 89.09090909090909 89.6969696969697 90.3030303030303 90.90909090909091 91.51515151515152 92.12121212121212 92.72727272727273 93.33333333333334 93.93939393939394 94.54545454545455 95.15151515151516 95.75757575757576 96.36363636363636 96.96969696969697 97.57575757575758 98.18181818181819 98.78787878787878 99.39393939393939 100 100.6060606060606 101.2121212121212 101.8181818181818 102.4242424242424 103.030303030303 103.6363636363636 104.2424242424242 104.8484848484848 105.4545454545455 106.0606060606061 106.6666666666667 107.2727272727273 107.8787878787879 108.4848484848485 109.0909090909091 109.6969696969697 110.3030303030303 110.9090909090909 111.5151515151515 112.1212121212121 112.7272727272727 113.3333333333333 113.9393939393939 114.5454545454545 115.1515151515152 115.7575757575758 116.3636363636364 116.969696969697 117.5757575757576 118.1818181818182 118.7878787878788 119.3939393939394 120


# name: y
# type: matrix
# rows: 100
# columns: 1
 135676.4762127589
 135392.2820755079
 135114.7009738328
 134843.7329077335
 134579.37787721
 134321.6358822622
 134070.5069228902
 133825.990999094
 133588.0881108737
 133356.7982582291
 133132.1214411602
 132914.0576596672
 132702.6069137499
 132497.7692034085
 132299.5445286428
 132107.932889453
 131922.9342858389
 131744.5487178006
 131572.7761853381
 131407.6166884514
 131249.0702271405
 131097.1368014054
 130951.8164112461
 130813.1090566625
 130681.0147376547
 130555.5334542228
 130436.6652063666
 130324.4099940862
 130218.7678173816
 130119.7386762528
 130027.3225706998
 129941.5195007225
 129862.3294663211
 129789.7524674954
 129723.7885042456
 129664.4375765715
 129611.6996844732
 129565.5748279507
 129526.063007004
 129493.1642216331
 129466.878471838
 129447.2057576187
 129434.1460789751
 129427.6994359074
 129427.8658284154
 129434.6452564992
 129448.0377201588
 129468.0432193943
 129494.6617542054
 129527.8933245924
 129567.7379305552
 129614.1955720938
 129667.2662492081
 129726.9499618983
 129793.2467101642
 129866.1564940059
 129945.6793134234
 130031.8151684167
 130124.5640589858
 130223.9259851307
 130329.9009468514
 130442.4889441478
 130561.6899770201
 130687.5040454681
 130819.931149492
 130958.9712890916
 131104.624464267
 131256.8906750182
 131415.7699213452
 131581.262203248
 131753.3675207265
 131932.0858737809
 132117.417262411
 132309.361686617
 132507.9191463987
 132713.0896417562
 132924.8731726895
 133143.2697391986
 133368.2793412835
 133599.9019789442
 133838.1376521807
 134082.9863609929
 134334.448105381
 134592.5228853447
 134857.2107008844
 135128.5115519998
 135406.4254386911
 135690.952360958
 135982.0923188008
 136279.8453122194
 136584.2113412138
 136895.1904057839
 137212.7825059299
 137536.9876416515
 137867.8058129491
 138205.2370198225
 138549.2812622715
 138899.9385402963
 139257.2088538971
 139621.0922030736


# name: TRAIN_QUERIES
# type: cell
# rows: 1
# columns: 2
# name: <cell-element>
# type: sq_string
# elements: 1
# length: 2
R3



# name: <cell-element>
# type: sq_string
# elements: 1
# length: 2
R4





# name: TEST_QUERIES
# type: cell
# rows: 1
# columns: 1
# name: <cell-element>
# type: sq_string
# elements: 1
# length: 2
R2





# name: DATASIZE
# type: sq_string
# elements: 1
# length: 3
250


