# Created by Octave 3.8.2, Wed May 18 09:24:27 2016 CEST <Andrea@Andreas-MacBook-Pro.local>
# name: x
# type: matrix
# rows: 1
# columns: 100
 0.008333333333333333 0.008417508417508417 0.008501683501683501 0.008585858585858586 0.00867003367003367 0.008754208754208754 0.008838383838383838 0.008922558922558922 0.009006734006734006 0.00909090909090909 0.009175084175084175 0.009259259259259259 0.009343434343434343 0.009427609427609427 0.009511784511784511 0.009595959595959595 0.009680134680134679 0.009764309764309764 0.009848484848484848 0.009932659932659932 0.01001683501683502 0.0101010101010101 0.01018518518518518 0.01026936026936027 0.01035353535353535 0.01043771043771044 0.01052188552188552 0.0106060606060606 0.01069023569023569 0.01077441077441077 0.01085858585858586 0.01094276094276094 0.01102693602693603 0.01111111111111111 0.01119528619528619 0.01127946127946128 0.01136363636363636 0.01144781144781145 0.01153198653198653 0.01161616161616162 0.0117003367003367 0.01178451178451178 0.01186868686868687 0.01195286195286195 0.01203703703703704 0.01212121212121212 0.0122053872053872 0.01228956228956229 0.01237373737373737 0.01245791245791246 0.01254208754208754 0.01262626262626263 0.01271043771043771 0.01279461279461279 0.01287878787878788 0.01296296296296296 0.01304713804713805 0.01313131313131313 0.01321548821548822 0.0132996632996633 0.01338383838383838 0.01346801346801347 0.01355218855218855 0.01363636363636364 0.01372053872053872 0.0138047138047138 0.01388888888888889 0.01397306397306397 0.01405723905723906 0.01414141414141414 0.01422558922558922 0.01430976430976431 0.01439393939393939 0.01447811447811448 0.01456228956228956 0.01464646464646465 0.01473063973063973 0.01481481481481482 0.0148989898989899 0.01498316498316498 0.01506734006734007 0.01515151515151515 0.01523569023569023 0.01531986531986532 0.0154040404040404 0.01548821548821549 0.01557239057239057 0.01565656565656566 0.01574074074074074 0.01582491582491583 0.01590909090909091 0.01599326599326599 0.01607744107744108 0.01616161616161616 0.01624579124579124 0.01632996632996633 0.01641414141414141 0.0164983164983165 0.01658249158249158 0.01666666666666667


# name: y
# type: matrix
# rows: 100
# columns: 1
 397453.9626775052
 399055.0839698368
 400732.0266053467
 402484.6921884738
 404312.9241553014
 406216.5072814483
 408195.1672486968
 410248.5702715461
 412376.3227848086
 414577.9711932939
 416853.0016845514
 419200.8401055614
 421620.851904189
 424112.3421361288
 426674.555537988
 429306.6766670668
 432007.830108308
 434777.0807488002
 437613.4341201234
 440515.8368087392
 443483.176934529
 446514.2846974918
 449607.9329925167
 452762.8380920487
 455977.6603963663
 459251.0052510993
 462581.4238315052
 465967.4140929366
 469407.421786824
 472899.8415414053
 476443.0180063342
 480035.2470601994
 483674.7770798955
 487359.8102706829
 491088.5040556855
 494858.9725234767
 498669.2879323134
 502517.4822694855
 506401.5488641603
 510319.4440520118
 514269.0888898395
 518248.3709183004
 522255.1459707906
 526287.2400264423
 530342.451105118
 534418.5512022165
 538513.2882610308
 542624.3881803334
 546749.5568548001
 550886.4822458201
 555032.8364801882
 559186.2779741162
 563344.4535799547
 567505.0007529695
 571665.5497354735
 575823.7257555801
 579977.1512378092
 584123.4480227471
 588260.2395929373
 592385.1533021616
 596495.8226052469
 600589.8892855347
 604665.0056771294
 608718.8368790505
 612749.0629584112
 616753.3811397535
 620729.5079776836
 624675.1815099677
 628588.1633882679
 632466.2409837281
 636307.2294646461
 640108.973843507
 643869.3509906924
 647586.2716122225
 651257.6821889421
 654881.5668746076
 658455.9493503999
 661978.8946334401
 665448.5108369595
 668862.9508798399
 672220.4141433181
 675519.1480727242
 678757.4497222089
 681933.6672404921
 685046.2012957649
 688093.5064379587
 691074.092396696
 693986.5253133338
 696829.4289056086
 699601.4855634988
 702301.4373750223
 704928.0870807967
 707480.2989562951
 709956.9996208485
 712357.1787725483
 714679.8898483277
 716924.2506086032
 719089.4436459853
 721174.7168176745
 723179.38360128


# name: QUERY
# type: sq_string
# elements: 1
# length: 2
R3


# name: DATASIZE
# type: sq_string
# elements: 1
# length: 3
500


