# Created by Octave 4.0.0, Mon May 23 11:55:57 2016 CEST <peter@Independence>
# name: x
# type: matrix
# rows: 1
# columns: 100
 0.008333333333333333 0.008417508417508417 0.008501683501683501 0.008585858585858586 0.00867003367003367 0.008754208754208754 0.008838383838383838 0.008922558922558922 0.009006734006734006 0.00909090909090909 0.009175084175084175 0.009259259259259259 0.009343434343434343 0.009427609427609427 0.009511784511784511 0.009595959595959595 0.009680134680134679 0.009764309764309764 0.009848484848484848 0.009932659932659932 0.01001683501683502 0.0101010101010101 0.01018518518518518 0.01026936026936027 0.01035353535353535 0.01043771043771044 0.01052188552188552 0.0106060606060606 0.01069023569023569 0.01077441077441077 0.01085858585858586 0.01094276094276094 0.01102693602693603 0.01111111111111111 0.01119528619528619 0.01127946127946128 0.01136363636363636 0.01144781144781145 0.01153198653198653 0.01161616161616162 0.0117003367003367 0.01178451178451178 0.01186868686868687 0.01195286195286195 0.01203703703703704 0.01212121212121212 0.0122053872053872 0.01228956228956229 0.01237373737373737 0.01245791245791246 0.01254208754208754 0.01262626262626263 0.01271043771043771 0.01279461279461279 0.01287878787878788 0.01296296296296296 0.01304713804713805 0.01313131313131313 0.01321548821548822 0.0132996632996633 0.01338383838383838 0.01346801346801347 0.01355218855218855 0.01363636363636364 0.01372053872053872 0.0138047138047138 0.01388888888888889 0.01397306397306397 0.01405723905723906 0.01414141414141414 0.01422558922558922 0.01430976430976431 0.01439393939393939 0.01447811447811448 0.01456228956228956 0.01464646464646465 0.01473063973063973 0.01481481481481482 0.0148989898989899 0.01498316498316498 0.01506734006734007 0.01515151515151515 0.01523569023569023 0.01531986531986532 0.0154040404040404 0.01548821548821549 0.01557239057239057 0.01565656565656566 0.01574074074074074 0.01582491582491583 0.01590909090909091 0.01599326599326599 0.01607744107744108 0.01616161616161616 0.01624579124579124 0.01632996632996633 0.01641414141414141 0.0164983164983165 0.01658249158249158 0.01666666666666667


# name: y
# type: matrix
# rows: 100
# columns: 1
 393499.0419474789
 395061.4610304219
 396703.3894140403
 398424.7723176348
 400225.4933586756
 402105.3739919106
 404064.1730121142
 406101.5861218016
 408217.2455651581
 410410.7198293452
 412681.5134142659
 415029.0666717772
 417452.7557152528
 419951.8924003028
 422525.7243773643
 425173.4352167761
 427894.1446068569
 430686.9086253998
 433550.7200848975
 436484.5089517056
 439487.1428392478
 442557.4275752603
 445694.1078429619
 448895.8678959335
 452161.3323463761
 455489.0670263115
 458877.5799211757
 462325.3221751507
 465830.6891674661
 469392.0216587943
 473007.6070067558
 476675.6804494406
 480394.4264557468
 484161.9801412295
 487976.4287480509
 491835.8131875162
 495738.1296435817
 499681.3312356201
 503663.3297386292
 507681.9973589798
 511735.1685636988
 515820.6419612015
 519936.1822312907
 524079.5221021653
 528248.3643720923
 532440.3839733233
 536653.2300757591
 540884.5282277968
 545131.8825317279
 549392.877850991
 553665.0820465238
 557946.0482394078
 562233.3170969443
 566524.4191392573
 570816.8770634767
 575108.2080825196
 579395.9262754533
 583677.5449463994
 587950.5789889136
 592212.5472527606
 596460.974909991
 600693.395817218
 604907.3548709927
 609100.4103531778
 613270.1362632283
 617414.124634302
 621529.9878301385
 625615.3608196744
 629667.9034263839
 633685.3025493728
 637665.2743532943
 641605.5664241918
 645503.9598884291
 649358.2714919193
 653166.3556369218
 656926.1063737404
 660635.4593447217
 664292.3936780274
 667894.9338287252
 671441.1513648294
 674929.1666960015
 678357.1507427116
 681723.326543753
 685025.9708000963
 688263.4153531704
 691434.0485957559
 694536.316813786
 697568.7254574533
 700529.8403401319
 703418.2887637403
 706232.7605692798
 708972.0091114028
 711634.8521559848
 714220.1726997914
 716726.9197114527
 719154.1087930813
 721500.8227619929
 723766.2121521123
 725949.4956347649
 728049.960358693


# name: QUERY
# type: sq_string
# elements: 1
# length: 2
R3


# name: DATASIZE
# type: sq_string
# elements: 1
# length: 3
500


