# Created by Octave 3.8.2, Wed May 18 09:24:27 2016 CEST <Andrea@Andreas-MacBook-Pro.local>
# name: x
# type: matrix
# rows: 1
# columns: 100
 0.008333333333333333 0.008417508417508417 0.008501683501683501 0.008585858585858586 0.00867003367003367 0.008754208754208754 0.008838383838383838 0.008922558922558922 0.009006734006734006 0.00909090909090909 0.009175084175084175 0.009259259259259259 0.009343434343434343 0.009427609427609427 0.009511784511784511 0.009595959595959595 0.009680134680134679 0.009764309764309764 0.009848484848484848 0.009932659932659932 0.01001683501683502 0.0101010101010101 0.01018518518518518 0.01026936026936027 0.01035353535353535 0.01043771043771044 0.01052188552188552 0.0106060606060606 0.01069023569023569 0.01077441077441077 0.01085858585858586 0.01094276094276094 0.01102693602693603 0.01111111111111111 0.01119528619528619 0.01127946127946128 0.01136363636363636 0.01144781144781145 0.01153198653198653 0.01161616161616162 0.0117003367003367 0.01178451178451178 0.01186868686868687 0.01195286195286195 0.01203703703703704 0.01212121212121212 0.0122053872053872 0.01228956228956229 0.01237373737373737 0.01245791245791246 0.01254208754208754 0.01262626262626263 0.01271043771043771 0.01279461279461279 0.01287878787878788 0.01296296296296296 0.01304713804713805 0.01313131313131313 0.01321548821548822 0.0132996632996633 0.01338383838383838 0.01346801346801347 0.01355218855218855 0.01363636363636364 0.01372053872053872 0.0138047138047138 0.01388888888888889 0.01397306397306397 0.01405723905723906 0.01414141414141414 0.01422558922558922 0.01430976430976431 0.01439393939393939 0.01447811447811448 0.01456228956228956 0.01464646464646465 0.01473063973063973 0.01481481481481482 0.0148989898989899 0.01498316498316498 0.01506734006734007 0.01515151515151515 0.01523569023569023 0.01531986531986532 0.0154040404040404 0.01548821548821549 0.01557239057239057 0.01565656565656566 0.01574074074074074 0.01582491582491583 0.01590909090909091 0.01599326599326599 0.01607744107744108 0.01616161616161616 0.01624579124579124 0.01632996632996633 0.01641414141414141 0.0164983164983165 0.01658249158249158 0.01666666666666667


# name: y
# type: matrix
# rows: 100
# columns: 1
 561359.8325624381
 561572.9410641422
 561786.0495658462
 561999.15806755
 562212.2665692541
 562425.375070958
 562638.4835726621
 562851.5920743659
 563064.70057607
 563277.8090777739
 563490.917579478
 563704.0260811819
 563917.1345828859
 564130.24308459
 564343.3515862939
 564556.4600879978
 564769.5685897019
 564982.6770914058
 565195.7855931098
 565408.8940948137
 565622.0025965178
 565835.1110982217
 566048.2195999257
 566261.3281016297
 566474.4366033337
 566687.5451050377
 566900.6536067417
 567113.7621084456
 567326.8706101496
 567539.9791118536
 567753.0876135576
 567966.1961152616
 568179.3046169656
 568392.4131186695
 568605.5216203736
 568818.6301220775
 569031.7386237815
 569244.8471254854
 569457.9556271895
 569671.0641288934
 569884.1726305974
 570097.2811323014
 570310.3896340054
 570523.4981357093
 570736.6066374134
 570949.7151391173
 571162.8236408213
 571375.9321425253
 571589.0406442293
 571802.1491459332
 572015.2576476373
 572228.3661493412
 572441.4746510452
 572654.5831527492
 572867.6916544532
 573080.8001561571
 573293.9086578612
 573507.0171595651
 573720.1256612691
 573933.234162973
 574146.3426646771
 574359.451166381
 574572.5596680851
 574785.668169789
 574998.776671493
 575211.885173197
 575424.993674901
 575638.1021766049
 575851.2106783089
 576064.3191800129
 576277.4276817169
 576490.5361834208
 576703.6446851247
 576916.7531868288
 577129.8616885329
 577342.9701902368
 577556.0786919408
 577769.1871936447
 577982.2956953488
 578195.4041970527
 578408.5126987566
 578621.6212004607
 578834.7297021647
 579047.8382038687
 579260.9467055727
 579474.0552072766
 579687.1637089807
 579900.2722106846
 580113.3807123885
 580326.4892140925
 580539.5977157964
 580752.7062175005
 580965.8147192046
 581178.9232209085
 581392.0317226124
 581605.1402243165
 581818.2487260205
 582031.3572277243
 582244.4657294283
 582457.5742311324


# name: QUERY
# type: sq_string
# elements: 1
# length: 2
R3


# name: DATASIZE
# type: sq_string
# elements: 1
# length: 3
500


