# Created by Octave 4.0.0, Mon May 23 11:55:57 2016 CEST <peter@Independence>
# name: x
# type: matrix
# rows: 1
# columns: 100
 0.008333333333333333 0.008417508417508417 0.008501683501683501 0.008585858585858586 0.00867003367003367 0.008754208754208754 0.008838383838383838 0.008922558922558922 0.009006734006734006 0.00909090909090909 0.009175084175084175 0.009259259259259259 0.009343434343434343 0.009427609427609427 0.009511784511784511 0.009595959595959595 0.009680134680134679 0.009764309764309764 0.009848484848484848 0.009932659932659932 0.01001683501683502 0.0101010101010101 0.01018518518518518 0.01026936026936027 0.01035353535353535 0.01043771043771044 0.01052188552188552 0.0106060606060606 0.01069023569023569 0.01077441077441077 0.01085858585858586 0.01094276094276094 0.01102693602693603 0.01111111111111111 0.01119528619528619 0.01127946127946128 0.01136363636363636 0.01144781144781145 0.01153198653198653 0.01161616161616162 0.0117003367003367 0.01178451178451178 0.01186868686868687 0.01195286195286195 0.01203703703703704 0.01212121212121212 0.0122053872053872 0.01228956228956229 0.01237373737373737 0.01245791245791246 0.01254208754208754 0.01262626262626263 0.01271043771043771 0.01279461279461279 0.01287878787878788 0.01296296296296296 0.01304713804713805 0.01313131313131313 0.01321548821548822 0.0132996632996633 0.01338383838383838 0.01346801346801347 0.01355218855218855 0.01363636363636364 0.01372053872053872 0.0138047138047138 0.01388888888888889 0.01397306397306397 0.01405723905723906 0.01414141414141414 0.01422558922558922 0.01430976430976431 0.01439393939393939 0.01447811447811448 0.01456228956228956 0.01464646464646465 0.01473063973063973 0.01481481481481482 0.0148989898989899 0.01498316498316498 0.01506734006734007 0.01515151515151515 0.01523569023569023 0.01531986531986532 0.0154040404040404 0.01548821548821549 0.01557239057239057 0.01565656565656566 0.01574074074074074 0.01582491582491583 0.01590909090909091 0.01599326599326599 0.01607744107744108 0.01616161616161616 0.01624579124579124 0.01632996632996633 0.01641414141414141 0.0164983164983165 0.01658249158249158 0.01666666666666667


# name: y
# type: matrix
# rows: 100
# columns: 1
 508625.5424712966
 510004.4991478613
 511383.4558244258
 512762.4125009904
 514141.369177555
 515520.3258541196
 516899.2825306841
 518278.2392072487
 519657.1958838133
 521036.1525603779
 522415.1092369424
 523794.065913507
 525173.0225900717
 526551.9792666362
 527930.9359432007
 529309.8926197654
 530688.84929633
 532067.8059728945
 533446.7626494591
 534825.7193260237
 536204.6760025882
 537583.6326791528
 538962.5893557174
 540341.5460322819
 541720.5027088466
 543099.4593854111
 544478.4160619758
 545857.3727385403
 547236.3294151048
 548615.2860916695
 549994.242768234
 551373.1994447986
 552752.1561213632
 554131.1127979278
 555510.0694744923
 556889.0261510569
 558267.9828276215
 559646.939504186
 561025.8961807507
 562404.8528573152
 563783.8095338799
 565162.7662104444
 566541.722887009
 567920.6795635736
 569299.6362401381
 570678.5929167027
 572057.5495932673
 573436.5062698319
 574815.4629463964
 576194.4196229611
 577573.3762995256
 578952.3329760901
 580331.2896526548
 581710.2463292193
 583089.203005784
 584468.1596823485
 585847.116358913
 587226.0730354777
 588605.0297120422
 589983.9863886068
 591362.9430651714
 592741.899741736
 594120.8564183005
 595499.8130948652
 596878.7697714297
 598257.7264479944
 599636.6831245589
 601015.6398011234
 602394.5964776881
 603773.5531542526
 605152.5098308172
 606531.4665073818
 607910.4231839463
 609289.3798605109
 610668.3365370755
 612047.2932136401
 613426.2498902048
 614805.2065667693
 616184.1632433338
 617563.1199198985
 618942.076596463
 620321.0332730275
 621699.9899495922
 623078.9466261567
 624457.9033027213
 625836.8599792859
 627215.8166558505
 628594.773332415
 629973.7300089796
 631352.6866855442
 632731.6433621087
 634110.6000386734
 635489.5567152379
 636868.5133918026
 638247.4700683671
 639626.4267449317
 641005.3834214963
 642384.3400980608
 643763.2967746254
 645142.25345119


# name: QUERY
# type: sq_string
# elements: 1
# length: 2
R3


# name: DATASIZE
# type: sq_string
# elements: 1
# length: 3
500


