# Created by Octave 4.0.0, Mon May 23 11:55:57 2016 CEST <peter@Independence>
# name: x
# type: matrix
# rows: 1
# columns: 100
 0.008333333333333333 0.008417508417508417 0.008501683501683501 0.008585858585858586 0.00867003367003367 0.008754208754208754 0.008838383838383838 0.008922558922558922 0.009006734006734006 0.00909090909090909 0.009175084175084175 0.009259259259259259 0.009343434343434343 0.009427609427609427 0.009511784511784511 0.009595959595959595 0.009680134680134679 0.009764309764309764 0.009848484848484848 0.009932659932659932 0.01001683501683502 0.0101010101010101 0.01018518518518518 0.01026936026936027 0.01035353535353535 0.01043771043771044 0.01052188552188552 0.0106060606060606 0.01069023569023569 0.01077441077441077 0.01085858585858586 0.01094276094276094 0.01102693602693603 0.01111111111111111 0.01119528619528619 0.01127946127946128 0.01136363636363636 0.01144781144781145 0.01153198653198653 0.01161616161616162 0.0117003367003367 0.01178451178451178 0.01186868686868687 0.01195286195286195 0.01203703703703704 0.01212121212121212 0.0122053872053872 0.01228956228956229 0.01237373737373737 0.01245791245791246 0.01254208754208754 0.01262626262626263 0.01271043771043771 0.01279461279461279 0.01287878787878788 0.01296296296296296 0.01304713804713805 0.01313131313131313 0.01321548821548822 0.0132996632996633 0.01338383838383838 0.01346801346801347 0.01355218855218855 0.01363636363636364 0.01372053872053872 0.0138047138047138 0.01388888888888889 0.01397306397306397 0.01405723905723906 0.01414141414141414 0.01422558922558922 0.01430976430976431 0.01439393939393939 0.01447811447811448 0.01456228956228956 0.01464646464646465 0.01473063973063973 0.01481481481481482 0.0148989898989899 0.01498316498316498 0.01506734006734007 0.01515151515151515 0.01523569023569023 0.01531986531986532 0.0154040404040404 0.01548821548821549 0.01557239057239057 0.01565656565656566 0.01574074074074074 0.01582491582491583 0.01590909090909091 0.01599326599326599 0.01607744107744108 0.01616161616161616 0.01624579124579124 0.01632996632996633 0.01641414141414141 0.0164983164983165 0.01658249158249158 0.01666666666666667


# name: y
# type: matrix
# rows: 1
# columns: 100
 565136.4247818815 565393.3227975104 565650.2208131393 565907.1188287683 566164.0168443972 566420.9148600261 566677.812875655 566934.7108912839 567191.6089069129 567448.5069225417 567705.4049381706 567962.3029537995 568219.2009694284 568476.0989850573 568732.9970006862 568989.8950163152 569246.7930319441 569503.691047573 569760.5890632019 570017.4870788308 570274.3850944598 570531.2831100887 570788.1811257176 571045.0791413464 571301.9771569753 571558.8751726042 571815.7731882331 572072.6712038621 572329.569219491 572586.4672351199 572843.3652507488 573100.2632663777 573357.1612820067 573614.0592976356 573870.9573132645 574127.8553288934 574384.7533445223 574641.6513601511 574898.54937578 575155.447391409 575412.3454070379 575669.2434226668 575926.1414382957 576183.0394539246 576439.9374695536 576696.8354851825 576953.7335008114 577210.6315164403 577467.5295320692 577724.4275476981 577981.3255633271 578238.2235789559 578495.1215945848 578752.0196102137 579008.9176258426 579265.8156414715 579522.7136571005 579779.6116727294 580036.5096883583 580293.4077039872 580550.3057196161 580807.203735245 581064.101750874 581320.9997665029 581577.8977821318 581834.7957977606 582091.6938133895 582348.5918290184 582605.4898446474 582862.3878602763 583119.2858759052 583376.1838915341 583633.081907163 583889.9799227919 584146.8779384209 584403.7759540498 584660.6739696787 584917.5719853076 585174.4700009365 585431.3680165653 585688.2660321943 585945.1640478232 586202.0620634521 586458.960079081 586715.8580947099 586972.7561103388 587229.6541259678 587486.5521415967 587743.4501572256 588000.3481728545 588257.2461884834 588514.1442041124 588771.0422197413 589027.9402353701 589284.838250999 589541.7362666279 589798.6342822568 590055.5322978857 590312.4303135147 590569.3283291436


# name: QUERY
# type: sq_string
# elements: 1
# length: 2
R3


# name: DATASIZE
# type: sq_string
# elements: 1
# length: 3
500


