# Created by Octave 4.0.0, Mon May 23 11:55:57 2016 CEST <peter@Independence>
# name: SVs
# type: cell
# rows: 1
# columns: 7
# name: <cell-element>
# type: sparse matrix
# nnz: 70
# rows: 10
# columns: 7
1 1 -1.697137071641241
2 1 0.4545782058469803
3 1 0.575028206974125
4 1 1.111074995078569
5 1 0.6730045406115543
6 1 0.6217468654995433
7 1 -1.770425583356471
8 1 -1.733006373447486
9 1 1.147387127771311
10 1 -0.1608460186620247
1 2 -1.379683813535495
2 2 0.09846684222039394
3 2 -0.5715118844492151
4 2 0.3851854491035808
5 2 0.3806651107067738
6 2 0.4523447624275705
7 2 0.09556091039387515
8 2 0.3580634187227388
9 2 1.819747127461688
10 2 0.8701531828181605
1 3 -1.91499414775976
2 3 -0.8958027596834163
3 3 -1.653526200033368
4 3 -0.1274071582017749
5 3 0.5769554764897297
6 3 0.5075864291337482
7 3 -0.2394648500845143
8 3 -2.261839384539667
9 3 -0.7143760204446954
10 3 0.6569966849774006
1 4 -0.7385762013080165
2 4 -0.5740225759200124
3 4 -0.431655956202301
4 4 -0.4283279053517571
5 4 -0.1628234041639214
6 4 -0.4826860692439742
7 4 -0.5045032914864287
8 4 -0.7419042521585604
9 4 -0.5211435457391482
10 4 -0.3166533101446173
1 5 2.463598112098209
2 5 0.1803366747855215
3 5 -0.3819506228766215
4 5 -0.5439273173015939
5 5 -0.5685513893968827
6 5 -0.7781948655842946
7 5 -0.813888474676548
8 5 -1.206066356854724
9 5 -0.7425012564920414
10 5 -0.500552804986957
1 6 -0.8472415925481481
2 6 -0.04462154369149727
3 6 -0.4885207667006792
4 6 -0.9086444309638072
5 6 1.729750003801993
6 6 1.669790456587459
7 6 -1.183789978399806
8 6 -1.213474313204158
9 6 -0.6346079898535051
10 6 -0.29830661021412
1 7 -1.311792050299883
2 7 0.1087314266291388
3 7 -0.7435826595282742
4 7 -1.311792050299883
5 7 1.52925490355816
6 7 1.52925490355816
7 7 -1.311792050299883
8 7 -1.311792050299883
9 7 -0.7435826595282742
10 7 0.1087314266291388



# name: <cell-element>
# type: sparse matrix
# nnz: 287
# rows: 41
# columns: 7
1 1 0.07606850561379301
2 1 -1.697137071641241
3 1 0.6767686031467776
4 1 -1.636358532469548
5 1 0.4545782058469803
6 1 0.9367103335204319
7 1 -1.327816112302863
8 1 0.6693511857979553
9 1 -1.612556372320342
10 1 0.575028206974125
11 1 1.111074995078569
12 1 0.9527629531559428
13 1 -1.635694286139802
14 1 -1.221647407265242
15 1 0.6385744391864239
16 1 1.02361589499544
17 1 1.050296455906875
18 1 -1.430774293413382
19 1 -1.252977692484895
20 1 -0.894395382144066
21 1 -0.09896040227408916
22 1 0.6730045406115543
23 1 1.070998799850603
24 1 0.6217468654995433
25 1 -1.770425583356471
26 1 0.2803242520104676
27 1 0.6299392368997351
28 1 -1.423135460621312
29 1 1.017859093470981
30 1 -1.889768507267373
31 1 0.7491714530890135
32 1 -1.733006373447486
33 1 0.9527629531559428
34 1 0.8371840917802635
35 1 -1.436198971772969
36 1 1.147387127771311
37 1 -1.297039365691332
38 1 0.7388756349779616
39 1 0.7578066553757021
40 1 -0.04925263526481712
41 1 1.125466998889717
1 2 0.6670608362759031
2 2 -1.379683813535495
3 2 -0.0009806025093600749
4 2 -2.486520958125095
5 2 0.09846684222039394
6 2 0.4368464593528037
7 2 -2.698976862775024
8 2 0.3480540979869519
9 2 0.1711151378833636
10 2 -0.5715118844492151
11 2 0.3851854491035808
12 2 0.4626769644774151
13 2 -0.5069356216376865
14 2 -1.020639792303396
15 2 -0.6829059377991019
16 2 -0.5508474803495259
17 2 1.57435732877788
18 2 -0.5288915509936062
19 2 -0.06555686532088865
20 2 -0.5944364577473077
21 2 0.2166414031654912
22 2 0.3806651107067738
23 2 0.2595846179351577
24 2 0.4523447624275705
25 2 0.09556091039387515
26 2 2.58659024834859
27 2 -0.7946228724630463
28 2 -1.012567759451955
29 2 0.2369829259511227
30 2 -0.2069788808781363
31 2 0.9289175819766515
32 2 0.3580634187227388
33 2 0.4626769644774151
34 2 -0.8843838777710711
35 2 -3.071904780511602
36 2 1.819747127461688
37 2 -2.651513309608551
38 2 0.5944125406129335
39 2 0.002571091945273997
40 2 -0.7807389759585677
41 2 1.322187022498861
1 3 0.5556111542263508
2 3 -1.91499414775976
3 3 1.16392433873265
4 3 2.215132210204062
5 3 -0.8958027596834163
6 3 -0.7037038593130059
7 3 -0.06871027197748285
8 3 1.131907855337582
9 3 -0.9438274847760189
10 3 -1.653526200033368
11 3 -0.1274071582017749
12 3 -0.1914401249919117
13 3 -0.4849245561133719
14 3 -0.6396708925228691
15 3 1.2653098694837
16 3 0.6890131683724691
17 3 0.1073803866953933
18 3 -0.4155555087573904
19 3 -0.6289987313911797
20 3 0.3154875287633378
21 3 -0.3675307836647878
22 3 0.5769554764897297
23 3 -1.039876934961224
24 3 0.5075864291337482
25 3 -0.2394648500845143
26 3 2.711387702827622
27 3 0.8757759881770346
28 3 -1.397394332872821
29 3 -0.5329492812059745
30 3 -0.1434153998993091
31 3 0.4168730595143877
32 3 -2.261839384539667
33 3 -0.1914401249919117
34 3 -0.3942111864940115
35 3 -0.7037038593130059
36 3 -0.7143760204446954
37 3 -1.146598546278119
38 3 0.6143080404506428
39 3 0.3101514481974931
40 3 0.07002782273448017
41 3 -0.6983677787471612
1 4 1.599564412912994
2 4 -0.7385762013080165
3 4 2.478169837456584
4 4 1.952337803070648
5 4 -0.5740225759200124
6 4 -0.5914023970284084
7 4 -0.5318672651464563
8 4 2.414197304440573
9 4 1.768555439435056
10 4 -0.431655956202301
11 4 -0.4283279053517571
12 4 -0.5244715965896921
13 4 -0.08258040032302953
14 4 -0.6775619357147116
15 4 1.639501023119521
16 4 -0.1239961442409092
17 4 -0.5954700147346287
18 4 -0.5056126417699434
19 4 -0.4819465023882978
20 4 -0.3414287998097775
21 4 -0.5030241577750758
22 4 -0.1628234041639214
23 4 -0.4309163893466246
24 4 -0.4826860692439742
25 4 -0.5045032914864287
26 4 1.924234262554943
27 4 2.367234809105121
28 4 -0.5026543743472376
29 4 -0.604714600430584
30 4 -0.5603405890899986
31 4 -0.4279581219239189
32 4 -0.7419042521585604
33 4 -0.5244715965896921
34 4 -0.6106311352759953
35 4 -0.4664155984190929
36 4 -0.5211435457391482
37 4 -0.51041982633184
38 4 -0.3887610785730685
39 4 0.3918517375933956
40 4 -0.5263205137288831
41 4 -0.3225698449900287
1 5 0.4541382837716674
2 5 2.463598112098209
3 5 -0.8812093323315575
4 5 0.9411979116381118
5 5 0.1803366747855215
6 5 -0.9035743152437922
7 5 -0.05280132890565227
8 5 -0.8525188997067716
9 5 1.514102928460609
10 5 -0.3819506228766215
11 5 -0.5439273173015939
12 5 -0.908544311446511
13 5 0.5632522913131761
14 5 1.029528298695524
15 5 -0.7912975828460079
16 5 -0.320277488179247
17 5 -0.7210399092530282
18 5 -1.012462413866996
19 5 2.437844495411393
20 5 0.3075233957914622
21 5 -0.4047674236254669
22 5 -0.5685513893968827
23 5 -0.3286361181565468
24 5 -0.7781948655842946
25 5 -0.813888474676548
26 5 -0.3966347025664725
27 5 -0.9666029034509991
28 5 0.504064154717161
29 5 -0.06590404616736553
30 5 2.541988506750183
31 5 -0.7897162204178702
32 5 -1.206066356854724
33 5 -0.908544311446511
34 5 -0.6819576663861939
35 5 1.095267793922395
36 5 -0.7425012564920414
37 5 1.062285091849807
38 5 -0.7269135411289687
39 5 -0.5841391047599552
40 5 2.388596351220816
41 5 2.584007565554987
1 6 -0.5250728428580368
2 6 -0.8472415925481481
3 6 1.662050928602901
4 6 -0.9910960732723876
5 6 -0.04462154369149727
6 6 -0.2635610696877011
7 6 -0.8103020556656562
8 6 1.66255947080464
9 6 -0.9106011076257355
10 6 -0.4885207667006792
11 6 -0.9086444309638072
12 6 -0.2662345486911278
13 6 -0.996307420025444
14 6 -0.8925793406479261
15 6 1.66123726108012
16 6 -0.618111849480912
17 6 -0.2498498032770108
18 6 -1.174791203058562
19 6 -0.5281628421409829
20 6 -0.3618114230636327
21 6 -0.4825151254610974
22 6 1.729750003801993
23 6 -0.5933192063313806
24 6 1.669790456587459
25 6 -1.183789978399806
26 6 -0.3613270971572148
27 6 1.647390383415632
28 6 -1.011670237777019
29 6 -0.1366918985015367
30 6 -0.6440765613239747
31 6 1.745509968796831
32 6 -1.213474313204158
33 6 -0.2662345486911278
34 6 -0.2410544448164621
35 6 -0.9378783426751907
36 6 -0.6346079898535051
37 6 -0.9081213589848759
38 6 1.726480803933673
39 6 1.77884127767651
40 6 -0.2952311407083664
41 6 0.2845118125329032
1 7 -0.7435826595282742
2 7 -1.311792050299883
3 7 1.52925490355816
4 7 -1.311792050299883
5 7 0.1087314266291388
6 7 0.1087314266291388
