# Created by Octave 3.8.2, Wed May 18 09:24:23 2016 CEST <Andrea@Andreas-MacBook-Pro.local>
# name: SVs
# type: cell
# rows: 1
# columns: 7
# name: <cell-element>
# type: sparse matrix
# nnz: 63
# rows: 9
# columns: 7
1 1 -1.697137071641241
2 1 0.6730045406115543
3 1 -1.294271672650727
4 1 -0.1608460186620247
5 1 0.4545782058469803
6 1 -0.04925263526481712
7 1 0.07606850561379301
8 1 0.6217468654995433
9 1 0.3931354203455416
1 2 -1.379683813535495
2 2 0.3806651107067738
3 2 -0.2001983732829258
4 2 0.8701531828181605
5 2 0.09846684222039394
6 2 -0.7807389759585677
7 2 0.6670608362759031
8 2 0.4523447624275705
9 2 0.1785414081066894
1 3 -1.91499414775976
2 3 0.5769554764897297
3 3 2.791428911315293
4 3 0.6569966849774006
5 3 -0.8958027596834163
6 3 0.07002782273448017
7 3 0.5556111542263508
8 3 0.5075864291337482
9 3 -1.103909901751361
1 4 -0.7385762013080165
2 4 -0.1628234041639214
3 4 2.239659526500938
4 4 -0.3166533101446173
5 4 -0.5740225759200124
6 4 -0.5263205137288831
7 4 1.599564412912994
8 4 -0.4826860692439742
9 4 -0.4653062481355782
1 5 2.463598112098209
2 5 -0.5685513893968827
3 5 0.6746253880377387
4 5 -0.500552804986957
5 5 0.1803366747855215
6 5 2.388596351220816
7 5 0.4541382837716674
8 5 -0.7781948655842946
9 5 0.4794400826218723
1 6 -0.8472415925481481
2 6 1.729750003801993
3 6 -0.7441964126986794
4 6 -0.29830661021412
5 6 -0.04462154369149727
6 6 -0.2952311407083664
7 6 -0.5250728428580368
8 6 1.669790456587459
9 6 -0.6352424567909125
1 7 -1.311792050299883
2 7 1.52925490355816
3 7 -0.7435826595282742
4 7 0.1087314266291388
5 7 0.1087314266291388
6 7 -0.7435826595282742
7 7 -0.7435826595282742
8 7 1.52925490355816
9 7 -0.7435826595282742



# name: <cell-element>
# type: sparse matrix
# nnz: 98
# rows: 14
# columns: 7
1 1 -1.297039365691332
2 1 0.6730045406115543
3 1 0.6499773345137179
4 1 0.7726414900733468
5 1 -1.628608991955853
6 1 0.7491714530890135
7 1 -1.770425583356471
8 1 0.7388756349779616
9 1 0.6500880422353421
10 1 -1.612556372320342
11 1 -1.636358532469548
12 1 1.111074995078569
13 1 -1.423135460621312
14 1 1.050296455906875
1 2 -2.651513309608551
2 2 0.3806651107067738
3 2 -0.7109966121221168
4 2 0.8210752230813988
5 2 -0.1175407568841692
6 2 0.9289175819766515
7 2 0.09556091039387515
8 2 0.5944125406129335
9 2 -0.6777398367741796
10 2 0.1711151378833636
11 2 -2.486520958125095
12 2 0.3851854491035808
13 2 -1.012567759451955
14 2 1.57435732877788
1 3 -1.146598546278119
2 3 0.5769554764897297
3 3 0.3048153676316483
4 3 1.740221039843881
5 3 -1.11458206288305
6 3 0.4168730595143877
7 3 -0.2394648500845143
8 3 0.6143080404506428
9 3 0.8544316659136557
10 3 -0.9438274847760189
11 3 2.215132210204062
12 3 -0.1274071582017749
13 3 -1.397394332872821
14 3 0.1073803866953933
1 4 -0.51041982633184
2 4 -0.1628234041639214
3 4 -0.5200341954556336
4 4 2.333584517171843
5 4 -0.1435946659163344
6 4 -0.4279581219239189
7 4 -0.5045032914864287
8 4 -0.3887610785730685
9 4 -0.3625064551965555
10 4 1.768555439435056
11 4 1.952337803070648
12 4 -0.4283279053517571
13 4 -0.5026543743472376
14 4 -0.5954700147346287
1 5 1.062285091849807
2 5 -0.5685513893968827
3 5 -0.6336131578688381
4 5 -0.7867794044798999
5 5 1.127572769240068
6 5 -0.7897162204178702
7 5 -0.813888474676548
8 5 -0.7269135411289687
9 5 -0.5134296133303647
10 5 1.514102928460609
11 5 0.9411979116381118
12 5 -0.5439273173015939
13 5 0.504064154717161
14 5 -0.7210399092530282
1 6 -0.9081213589848759
2 6 1.729750003801993
3 6 1.704308363937862
4 6 1.740472979370085
5 6 -0.9646034461913294
6 6 1.745509968796831
7 6 -1.183789978399806
8 6 1.726480803933673
9 6 1.763158804826699
10 6 -0.9106011076257355
11 6 -0.9910960732723876
12 6 -0.9086444309638072
13 6 -1.011670237777019
14 6 -0.2498498032770108
1 7 -1.311792050299883
2 7 1.52925490355816
3 7 1.52925490355816
4 7 1.52925490355816
5 7 -1.311792050299883
6 7 1.52925490355816
7 7 -1.311792050299883
8 7 1.52925490355816
9 7 1.52925490355816
10 7 -1.311792050299883
11 7 -1.311792050299883
12 7 -1.311792050299883
13 7 -1.311792050299883
14 7 0.1087314266291388



# name: <cell-element>
# type: sparse matrix
# nnz: 63
# rows: 9
# columns: 7
1 1 -1.697137071641241
2 1 0.6730045406115543
3 1 0.6499773345137179
4 1 -1.294271672650727
5 1 -1.327816112302863
6 1 -1.770425583356471
7 1 -0.3190473528630264
8 1 -1.612556372320342
9 1 1.111074995078569
1 2 -1.379683813535495
2 2 0.3806651107067738
3 2 -0.7109966121221168
4 2 -0.2001983732829258
5 2 -2.698976862775024
6 2 0.09556091039387515
7 2 0.1866134409581305
8 2 0.1711151378833636
9 2 0.3851854491035808
1 3 -1.91499414775976
2 3 0.5769554764897297
3 3 0.3048153676316483
4 3 2.791428911315293
5 3 -0.06871027197748285
6 3 -0.2394648500845143
7 3 -0.6396708925228691
8 3 -0.9438274847760189
9 3 -0.1274071582017749
1 4 -0.7385762013080165
2 4 -0.1628234041639214
3 4 -0.5200341954556336
4 4 2.239659526500938
5 4 -0.5318672651464563
6 4 -0.5045032914864287
7 4 -0.6213548546833034
8 4 1.768555439435056
9 4 -0.4283279053517571
1 5 2.463598112098209
2 5 -0.5685513893968827
3 5 -0.6336131578688381
4 5 0.6746253880377387
5 5 -0.05280132890565227
6 5 -0.813888474676548
7 5 0.5438241243389116
8 5 1.514102928460609
9 5 -0.5439273173015939
1 6 -0.8472415925481481
2 6 1.729750003801993
3 6 1.704308363937862
4 6 -0.7441964126986794
5 6 -0.8103020556656562
6 6 -1.183789978399806
7 6 -0.5472840289263609
8 6 -0.9106011076257355
9 6 -0.9086444309638072
1 7 -1.311792050299883
2 7 1.52925490355816
3 7 1.52925490355816
4 7 -0.7435826595282742
5 7 -0.7435826595282742
6 7 -1.311792050299883
7 7 -0.7435826595282742
8 7 -1.311792050299883
9 7 -1.311792050299883



