# Created by Octave 4.0.0, Mon May 23 11:55:51 2016 CEST <peter@Independence>
# name: mu
# type: matrix
# rows: 1
# columns: 8
 576879.5185185185 36241.88888888889 85207.03703703704 2514.876543209877 5546.320987654321 32821.72839506173 424222.1234567901 0.01218106995884773


# name: sigma
# type: matrix
# rows: 1
# columns: 8
 266766.1458448257 9032.793605801033 3097.11326255775 187.4034673315871 2704.285602646105 4426.562738209935 206472.5398226349 0.002933190992150607


