# Created by Octave 3.8.2, Wed May 18 09:24:27 2016 CEST <Andrea@Andreas-MacBook-Pro.local>
# name: x
# type: matrix
# rows: 1
# columns: 100
 0.008333333333333333 0.008417508417508417 0.008501683501683501 0.008585858585858586 0.00867003367003367 0.008754208754208754 0.008838383838383838 0.008922558922558922 0.009006734006734006 0.00909090909090909 0.009175084175084175 0.009259259259259259 0.009343434343434343 0.009427609427609427 0.009511784511784511 0.009595959595959595 0.009680134680134679 0.009764309764309764 0.009848484848484848 0.009932659932659932 0.01001683501683502 0.0101010101010101 0.01018518518518518 0.01026936026936027 0.01035353535353535 0.01043771043771044 0.01052188552188552 0.0106060606060606 0.01069023569023569 0.01077441077441077 0.01085858585858586 0.01094276094276094 0.01102693602693603 0.01111111111111111 0.01119528619528619 0.01127946127946128 0.01136363636363636 0.01144781144781145 0.01153198653198653 0.01161616161616162 0.0117003367003367 0.01178451178451178 0.01186868686868687 0.01195286195286195 0.01203703703703704 0.01212121212121212 0.0122053872053872 0.01228956228956229 0.01237373737373737 0.01245791245791246 0.01254208754208754 0.01262626262626263 0.01271043771043771 0.01279461279461279 0.01287878787878788 0.01296296296296296 0.01304713804713805 0.01313131313131313 0.01321548821548822 0.0132996632996633 0.01338383838383838 0.01346801346801347 0.01355218855218855 0.01363636363636364 0.01372053872053872 0.0138047138047138 0.01388888888888889 0.01397306397306397 0.01405723905723906 0.01414141414141414 0.01422558922558922 0.01430976430976431 0.01439393939393939 0.01447811447811448 0.01456228956228956 0.01464646464646465 0.01473063973063973 0.01481481481481482 0.0148989898989899 0.01498316498316498 0.01506734006734007 0.01515151515151515 0.01523569023569023 0.01531986531986532 0.0154040404040404 0.01548821548821549 0.01557239057239057 0.01565656565656566 0.01574074074074074 0.01582491582491583 0.01590909090909091 0.01599326599326599 0.01607744107744108 0.01616161616161616 0.01624579124579124 0.01632996632996633 0.01641414141414141 0.0164983164983165 0.01658249158249158 0.01666666666666667


# name: y
# type: matrix
# rows: 100
# columns: 1
 501057.6745112744
 501024.6236627674
 500995.069275665
 500968.7089577717
 500945.2603704011
 500924.4603214831
 500906.0638796569
 500889.8435093528
 500875.588226861
 500863.1027773881
 500852.2068331007
 500842.7342121571
 500834.5321187259
 500827.4604039931
 500821.3908481551
 500816.2064634008
 500811.8008178804
 500808.077380662
 500804.9488876751
 500802.3367286426
 500800.1703549999
 500798.3867088007
 500796.9296726119
 500795.7495403943
 500794.8025093725
 500794.0501928907
 500793.4591542573
 500793.0004615759
 500792.6492635653
 500792.3843863652
 500792.1879513307
 500792.0450138139
 500791.9432229332
 500791.8725023294
 500791.8247519108
 500791.7935705835
 500791.7739999722
 500791.7622891253
 500791.7556802104
 500791.7522151951
 500791.7505635168
 500791.749870739
 500791.7496281958
 500791.7495636237
 500791.7495527806
 500791.7495520527
 500791.749552049
 500791.7495521826
 500791.7495562405
 500791.7495889402
 500791.749733474
 500791.7501900407
 500791.7513553655
 500791.753923206
 500791.7590058474
 500791.768276584
 500791.7841331883
 500791.8098823684
 500791.8499452123
 500791.9100836196
 500791.9976477213
 500792.121844286
 500792.2940261154
 500792.5280024256
 500792.8403702163
 500793.2508666288
 500793.7827422894
 500794.463155642
 500795.3235882678
 500796.4002811916
 500797.734692177
 500799.3739740083
 500801.3714737596
 500803.7872530529
 500806.6886293013
 500810.1507379423
 500814.2571156567
 500819.1003045762
 500824.7824774774
 500831.4160839645
 500839.1245176389
 500848.0428042557
 500858.3183108695
 500870.1114759654
 500883.5965605795
 500898.9624204058
 500916.4132988909
 500936.1696413162
 500958.4689298679
 500983.5665396937
 501011.7366159483
 501043.2729718247
 501078.490007575
 501117.7236505171
 501161.3323160292
 501209.6978895332
 501263.2267294632
 501322.3506912236
 501387.5281721342
 501459.2451773614


# name: QUERY
# type: sq_string
# elements: 1
# length: 2
R3


# name: DATASIZE
# type: sq_string
# elements: 1
# length: 3
500


