# Created by Octave 4.0.0, Mon May 23 11:55:57 2016 CEST <peter@Independence>
# name: x
# type: matrix
# rows: 1
# columns: 100
 0.008333333333333333 0.008417508417508417 0.008501683501683501 0.008585858585858586 0.00867003367003367 0.008754208754208754 0.008838383838383838 0.008922558922558922 0.009006734006734006 0.00909090909090909 0.009175084175084175 0.009259259259259259 0.009343434343434343 0.009427609427609427 0.009511784511784511 0.009595959595959595 0.009680134680134679 0.009764309764309764 0.009848484848484848 0.009932659932659932 0.01001683501683502 0.0101010101010101 0.01018518518518518 0.01026936026936027 0.01035353535353535 0.01043771043771044 0.01052188552188552 0.0106060606060606 0.01069023569023569 0.01077441077441077 0.01085858585858586 0.01094276094276094 0.01102693602693603 0.01111111111111111 0.01119528619528619 0.01127946127946128 0.01136363636363636 0.01144781144781145 0.01153198653198653 0.01161616161616162 0.0117003367003367 0.01178451178451178 0.01186868686868687 0.01195286195286195 0.01203703703703704 0.01212121212121212 0.0122053872053872 0.01228956228956229 0.01237373737373737 0.01245791245791246 0.01254208754208754 0.01262626262626263 0.01271043771043771 0.01279461279461279 0.01287878787878788 0.01296296296296296 0.01304713804713805 0.01313131313131313 0.01321548821548822 0.0132996632996633 0.01338383838383838 0.01346801346801347 0.01355218855218855 0.01363636363636364 0.01372053872053872 0.0138047138047138 0.01388888888888889 0.01397306397306397 0.01405723905723906 0.01414141414141414 0.01422558922558922 0.01430976430976431 0.01439393939393939 0.01447811447811448 0.01456228956228956 0.01464646464646465 0.01473063973063973 0.01481481481481482 0.0148989898989899 0.01498316498316498 0.01506734006734007 0.01515151515151515 0.01523569023569023 0.01531986531986532 0.0154040404040404 0.01548821548821549 0.01557239057239057 0.01565656565656566 0.01574074074074074 0.01582491582491583 0.01590909090909091 0.01599326599326599 0.01607744107744108 0.01616161616161616 0.01624579124579124 0.01632996632996633 0.01641414141414141 0.0164983164983165 0.01658249158249158 0.01666666666666667


# name: y
# type: matrix
# rows: 100
# columns: 1
 363005.7592179273
 368746.459538799
 374360.1844286366
 379846.9338874398
 385206.7079152089
 390439.5065119436
 395545.3296776442
 400524.1774123105
 405376.0497159424
 410100.9465885401
 414698.8680301035
 419169.8140406325
 423513.7846201275
 427730.7797685879
 431820.7994860142
 435783.8437724062
 439619.9126277639
 443329.0060520874
 446911.1240453765
 450366.2666076315
 453694.4337388521
 456895.6254390385
 459969.8417081904
 462917.0825463083
 465737.3479533917
 468430.6379294411
 470996.952474456
 473436.2915884367
 475748.6552713831
 477934.0435232952
 479992.4563441732
 481923.8937340167
 483728.355692826
 485405.842220601
 486956.3533173418
 488379.8889830483
 489676.4492177204
 490846.0340213584
 491888.6433939621
 492804.2773355314
 493592.9358460665
 494254.6189255674
 494789.3265740339
 495197.0587914662
 495477.8155778642
 495631.5969332278
 495658.4028575573
 495558.2333508525
 495331.0884131134
 494976.96804434
 494495.8722445323
 493887.8010136904
 493152.7543518142
 492290.7322589037
 491301.7347349589
 490185.7617799799
 488942.8133939666
 487572.889576919
 486075.9903288371
 484452.1156497209
 482701.2655395705
 480823.4399983858
 478818.6390261669
 476686.8626229137
 474428.1107886261
 472042.3835233043
 469529.6808269482
 466890.0026995578
 464123.3491411333
 461229.7201516743
 458209.1157311811
 455061.5358796536
 451786.980597092
 448385.449883496
 444856.9437388657
 441201.4621632011
 437419.0051565022
 433509.5727187691
 429473.1648500018
 425309.7815502001
 421019.4228193641
 416602.0886574939
 412057.7790645894
 407386.4940406506
 402588.2335856776
 397662.9976996703
 392610.7863826288
 387431.5996345528
 382125.4374554427
 376692.2998452982
 371132.1868041196
 365445.0983319065
 359631.0344286596
 353689.995094378
 347621.980329062
 341426.9901327122
 335105.0245053276
 328656.083446909
 322080.166957456
 315377.2750369685


# name: QUERY
# type: sq_string
# elements: 1
# length: 2
R3


# name: DATASIZE
# type: sq_string
# elements: 1
# length: 3
500


