# Created by Octave 3.8.2, Wed May 18 09:24:27 2016 CEST <Andrea@Andreas-MacBook-Pro.local>
# name: x
# type: matrix
# rows: 1
# columns: 100
 0.008333333333333333 0.008417508417508417 0.008501683501683501 0.008585858585858586 0.00867003367003367 0.008754208754208754 0.008838383838383838 0.008922558922558922 0.009006734006734006 0.00909090909090909 0.009175084175084175 0.009259259259259259 0.009343434343434343 0.009427609427609427 0.009511784511784511 0.009595959595959595 0.009680134680134679 0.009764309764309764 0.009848484848484848 0.009932659932659932 0.01001683501683502 0.0101010101010101 0.01018518518518518 0.01026936026936027 0.01035353535353535 0.01043771043771044 0.01052188552188552 0.0106060606060606 0.01069023569023569 0.01077441077441077 0.01085858585858586 0.01094276094276094 0.01102693602693603 0.01111111111111111 0.01119528619528619 0.01127946127946128 0.01136363636363636 0.01144781144781145 0.01153198653198653 0.01161616161616162 0.0117003367003367 0.01178451178451178 0.01186868686868687 0.01195286195286195 0.01203703703703704 0.01212121212121212 0.0122053872053872 0.01228956228956229 0.01237373737373737 0.01245791245791246 0.01254208754208754 0.01262626262626263 0.01271043771043771 0.01279461279461279 0.01287878787878788 0.01296296296296296 0.01304713804713805 0.01313131313131313 0.01321548821548822 0.0132996632996633 0.01338383838383838 0.01346801346801347 0.01355218855218855 0.01363636363636364 0.01372053872053872 0.0138047138047138 0.01388888888888889 0.01397306397306397 0.01405723905723906 0.01414141414141414 0.01422558922558922 0.01430976430976431 0.01439393939393939 0.01447811447811448 0.01456228956228956 0.01464646464646465 0.01473063973063973 0.01481481481481482 0.0148989898989899 0.01498316498316498 0.01506734006734007 0.01515151515151515 0.01523569023569023 0.01531986531986532 0.0154040404040404 0.01548821548821549 0.01557239057239057 0.01565656565656566 0.01574074074074074 0.01582491582491583 0.01590909090909091 0.01599326599326599 0.01607744107744108 0.01616161616161616 0.01624579124579124 0.01632996632996633 0.01641414141414141 0.0164983164983165 0.01658249158249158 0.01666666666666667


# name: y
# type: matrix
# rows: 100
# columns: 1
 515624.285319165
 514832.9387951674
 514059.0956349348
 513302.7558384673
 512563.9194057647
 511842.5863368272
 511138.7566316546
 510452.4302902471
 509783.6073126046
 509132.287698727
 508498.4714486144
 507882.1585622669
 507283.3490396843
 506702.0428808668
 506138.2400858142
 505591.9406545266
 505063.1445870041
 504551.8518832465
 504058.0625432539
 503581.7765670264
 503122.9939545638
 502681.7147058662
 502257.9388209336
 501851.666299766
 501462.8971423635
 501091.6313487259
 500737.8689188533
 500401.6098527458
 500082.8541504032
 499781.6018118256
 499497.852837013
 499231.6072259654
 498982.8649786828
 498751.6260951653
 498537.8905754127
 498341.6584194251
 498162.9296272025
 498001.7041987448
 497857.9821340523
 497731.7634331247
 497623.0480959621
 497531.8361225645
 497458.1275129319
 497401.9222670643
 497363.2203849617
 497342.0218666241
 497338.3267120515
 497352.1349212438
 497383.4464942012
 497432.2614309236
 497498.579731411
 497582.4013956634
 497683.7264236808
 497802.5548154631
 497938.8865710105
 498092.7216903229
 498264.0601734003
 498452.9020202426
 498659.24723085
 498883.0958052224
 499124.4477433598
 499383.3030452621
 499659.6617109295
 499953.5237403619
 500264.8891335592
 500593.7578905216
 500940.130011249
 501304.0054957413
 501685.3843439987
 502084.2665560211
 502500.6521318084
 502934.5410713608
 503385.9333746781
 503854.8290417605
 504341.2280726078
 504845.1304672202
 505366.5362255975
 505905.4453477398
 506461.8578336472
 507035.7736833195
 507627.1928967569
 508236.1154739592
 508862.5414149266
 509506.4707196589
 510167.9033881562
 510846.8394204185
 511543.2788164459
 512257.2215762382
 512988.6676997956
 513737.6171871179
 514504.0700382052
 515288.0262530575
 516089.4858316749
 516908.4487740572
 517744.9150802045
 518598.8847501168
 519470.3577837942
 520359.3341812365
 521265.8139424438
 522189.7970674161


# name: QUERY
# type: sq_string
# elements: 1
# length: 2
R3


# name: DATASIZE
# type: sq_string
# elements: 1
# length: 3
500


