# Created by Octave 4.0.0, Mon May 23 11:55:57 2016 CEST <peter@Independence>
# name: x
# type: matrix
# rows: 1
# columns: 100
 0.008333333333333333 0.008417508417508417 0.008501683501683501 0.008585858585858586 0.00867003367003367 0.008754208754208754 0.008838383838383838 0.008922558922558922 0.009006734006734006 0.00909090909090909 0.009175084175084175 0.009259259259259259 0.009343434343434343 0.009427609427609427 0.009511784511784511 0.009595959595959595 0.009680134680134679 0.009764309764309764 0.009848484848484848 0.009932659932659932 0.01001683501683502 0.0101010101010101 0.01018518518518518 0.01026936026936027 0.01035353535353535 0.01043771043771044 0.01052188552188552 0.0106060606060606 0.01069023569023569 0.01077441077441077 0.01085858585858586 0.01094276094276094 0.01102693602693603 0.01111111111111111 0.01119528619528619 0.01127946127946128 0.01136363636363636 0.01144781144781145 0.01153198653198653 0.01161616161616162 0.0117003367003367 0.01178451178451178 0.01186868686868687 0.01195286195286195 0.01203703703703704 0.01212121212121212 0.0122053872053872 0.01228956228956229 0.01237373737373737 0.01245791245791246 0.01254208754208754 0.01262626262626263 0.01271043771043771 0.01279461279461279 0.01287878787878788 0.01296296296296296 0.01304713804713805 0.01313131313131313 0.01321548821548822 0.0132996632996633 0.01338383838383838 0.01346801346801347 0.01355218855218855 0.01363636363636364 0.01372053872053872 0.0138047138047138 0.01388888888888889 0.01397306397306397 0.01405723905723906 0.01414141414141414 0.01422558922558922 0.01430976430976431 0.01439393939393939 0.01447811447811448 0.01456228956228956 0.01464646464646465 0.01473063973063973 0.01481481481481482 0.0148989898989899 0.01498316498316498 0.01506734006734007 0.01515151515151515 0.01523569023569023 0.01531986531986532 0.0154040404040404 0.01548821548821549 0.01557239057239057 0.01565656565656566 0.01574074074074074 0.01582491582491583 0.01590909090909091 0.01599326599326599 0.01607744107744108 0.01616161616161616 0.01624579124579124 0.01632996632996633 0.01641414141414141 0.0164983164983165 0.01658249158249158 0.01666666666666667


# name: y
# type: matrix
# rows: 100
# columns: 1
 500513.6531379363
 500480.1514755831
 500450.1939663969
 500423.4740935501
 500399.7056672545
 500378.6219054977
 500359.9745360533
 500343.5329197645
 500329.0831951019
 500316.4274439953
 500305.3828789379
 500295.7810513665
 500287.4670813134
 500280.2989083332
 500274.1465637035
 500268.8914638985
 500264.4257253369
 500260.651500404
 500257.4803347469
 500254.8325458438
 500252.6366228467
 500250.8286476986
 500249.3517375241
 500248.1555082935
 500247.1955597607
 500246.432981676
 500245.8338812706
 500245.3689320174
 500245.0129436629
 500244.7444535356
 500244.5453391256
 500244.4004519399
 500244.2972726307
 500244.2255873974
 500244.1771856626
 500244.1455790218
 500244.1257414671
 500244.1138708843
 500244.1071718237
 500244.1036595456
 500244.1019853384
 500244.101283111
 500244.1010372596
 500244.1009718067
 500244.1009608157
 500244.1009600779
 500244.1009600741
 500244.1009602095
 500244.1009643228
 500244.1009974685
 500244.1011439738
 500244.1016067681
 500244.1027879879
 500244.1053908537
 500244.1105428225
 500244.1199400119
 500244.1360129004
 500244.1621132995
 500244.202722601
 500244.2636812967
 500244.3524397734
 500244.4783303803
 500244.6528607713
 500244.8900285203
 500245.2066570102
 500245.6227525971
 500246.1618830461
 500246.8515772425
 500247.7237461763
 500248.8151252005
 500250.1677375628
 500251.8293792118
 500253.8541248763
 500256.3028554189
 500259.2438064633
 500262.7531382947
 500266.9155270351
 500271.8247770913
 500277.5844548778
 500284.3085438121
 500292.1221205853
 500301.1620527052
 500311.5777173139
 500323.5317412789
 500337.2007625584
 500352.7762128394
 500370.465121451
 500390.4909405499
 500413.0943915813
 500438.5343330122
 500467.088649339
 500499.0551613697
 500534.7525577781
 500574.5213479334
 500618.7248360028
 500667.7501163281
 500722.0090900762
 500781.9395031627
 500848.0060054503
 500920.7012312202


# name: QUERY
# type: sq_string
# elements: 1
# length: 2
R3


# name: DATASIZE
# type: sq_string
# elements: 1
# length: 3
500


