# Created by Octave 4.0.0, Mon May 23 11:55:57 2016 CEST <peter@Independence>
# name: x
# type: matrix
# rows: 1
# columns: 100
 0.008333333333333333 0.008417508417508417 0.008501683501683501 0.008585858585858586 0.00867003367003367 0.008754208754208754 0.008838383838383838 0.008922558922558922 0.009006734006734006 0.00909090909090909 0.009175084175084175 0.009259259259259259 0.009343434343434343 0.009427609427609427 0.009511784511784511 0.009595959595959595 0.009680134680134679 0.009764309764309764 0.009848484848484848 0.009932659932659932 0.01001683501683502 0.0101010101010101 0.01018518518518518 0.01026936026936027 0.01035353535353535 0.01043771043771044 0.01052188552188552 0.0106060606060606 0.01069023569023569 0.01077441077441077 0.01085858585858586 0.01094276094276094 0.01102693602693603 0.01111111111111111 0.01119528619528619 0.01127946127946128 0.01136363636363636 0.01144781144781145 0.01153198653198653 0.01161616161616162 0.0117003367003367 0.01178451178451178 0.01186868686868687 0.01195286195286195 0.01203703703703704 0.01212121212121212 0.0122053872053872 0.01228956228956229 0.01237373737373737 0.01245791245791246 0.01254208754208754 0.01262626262626263 0.01271043771043771 0.01279461279461279 0.01287878787878788 0.01296296296296296 0.01304713804713805 0.01313131313131313 0.01321548821548822 0.0132996632996633 0.01338383838383838 0.01346801346801347 0.01355218855218855 0.01363636363636364 0.01372053872053872 0.0138047138047138 0.01388888888888889 0.01397306397306397 0.01405723905723906 0.01414141414141414 0.01422558922558922 0.01430976430976431 0.01439393939393939 0.01447811447811448 0.01456228956228956 0.01464646464646465 0.01473063973063973 0.01481481481481482 0.0148989898989899 0.01498316498316498 0.01506734006734007 0.01515151515151515 0.01523569023569023 0.01531986531986532 0.0154040404040404 0.01548821548821549 0.01557239057239057 0.01565656565656566 0.01574074074074074 0.01582491582491583 0.01590909090909091 0.01599326599326599 0.01607744107744108 0.01616161616161616 0.01624579124579124 0.01632996632996633 0.01641414141414141 0.0164983164983165 0.01658249158249158 0.01666666666666667


# name: y
# type: matrix
# rows: 100
# columns: 1
 492760.3118935172
 492774.7522290114
 492788.2554837598
 492800.8631026826
 492812.6155932678
 492823.5525255713
 492833.7125322166
 492843.133308395
 492851.8516118658
 492859.9032629558
 492867.3231445597
 492874.1452021401
 492880.4024437271
 492886.1269399187
 492891.3498238807
 492896.1012913467
 492900.4106006181
 492904.3060725638
 492907.8150906209
 492910.9641007939
 492913.7786116554
 492916.2831943455
 492918.5014825722
 492920.4561726113
 492922.1690233063
 492923.6608560685
 492924.951554877
 492926.0600662787
 492927.0043993882
 492927.8016258879
 492928.467880028
 492929.0183586265
 492929.467321069
 492929.8280893092
 492930.1130478681
 492930.3336438352
 492930.5003868669
 492930.622849188
 492930.709665591
 492930.7685334358
 492930.8062126505
 492930.8285257308
 492930.8403577402
 492930.8456563099
 492930.8474316389
 492930.8477564941
 492930.84776621
 492930.8476586891
 492930.8466944014
 492930.8431963848
 492930.8345502451
 492930.8172041557
 492930.7866688577
 492930.7375176604
 492930.6633864403
 492930.5569736421
 492930.4100402781
 492930.2134099284
 492929.9569687409
 492929.6296654313
 492929.2195112829
 492928.713580147
 492928.0980084427
 492927.3579951565
 492926.4778018431
 492925.4407526248
 492924.2292341916
 492922.8246958015
 492921.2076492799
 492919.3576690204
 492917.2533919842
 492914.8725177001
 492912.191808265
 492909.1870883433
 492905.8332451673
 492902.104228537
 492897.9730508204
 492893.4117869529
 492888.391574438
 492882.8826133468
 492876.8541663183
 492870.2745585592
 492863.1111778439
 492855.3304745147
 492846.8979614817
 492837.7782142226
 492827.9348707831
 492817.3306317764
 492805.9272603837
 492793.6855823538
 492780.5654860036
 492766.5259222175
 492751.5249044477
 492735.5195087141
 492718.4658736045
 492700.3192002746
 492681.0337524476
 492660.5628564147
 492638.8589010347
 492615.8733377342


# name: QUERY
# type: sq_string
# elements: 1
# length: 2
R3


# name: DATASIZE
# type: sq_string
# elements: 1
# length: 3
500


