# Created by Octave 4.0.0, Mon May 23 11:55:57 2016 CEST <peter@Independence>
# name: x
# type: matrix
# rows: 1
# columns: 100
 0.008333333333333333 0.008417508417508417 0.008501683501683501 0.008585858585858586 0.00867003367003367 0.008754208754208754 0.008838383838383838 0.008922558922558922 0.009006734006734006 0.00909090909090909 0.009175084175084175 0.009259259259259259 0.009343434343434343 0.009427609427609427 0.009511784511784511 0.009595959595959595 0.009680134680134679 0.009764309764309764 0.009848484848484848 0.009932659932659932 0.01001683501683502 0.0101010101010101 0.01018518518518518 0.01026936026936027 0.01035353535353535 0.01043771043771044 0.01052188552188552 0.0106060606060606 0.01069023569023569 0.01077441077441077 0.01085858585858586 0.01094276094276094 0.01102693602693603 0.01111111111111111 0.01119528619528619 0.01127946127946128 0.01136363636363636 0.01144781144781145 0.01153198653198653 0.01161616161616162 0.0117003367003367 0.01178451178451178 0.01186868686868687 0.01195286195286195 0.01203703703703704 0.01212121212121212 0.0122053872053872 0.01228956228956229 0.01237373737373737 0.01245791245791246 0.01254208754208754 0.01262626262626263 0.01271043771043771 0.01279461279461279 0.01287878787878788 0.01296296296296296 0.01304713804713805 0.01313131313131313 0.01321548821548822 0.0132996632996633 0.01338383838383838 0.01346801346801347 0.01355218855218855 0.01363636363636364 0.01372053872053872 0.0138047138047138 0.01388888888888889 0.01397306397306397 0.01405723905723906 0.01414141414141414 0.01422558922558922 0.01430976430976431 0.01439393939393939 0.01447811447811448 0.01456228956228956 0.01464646464646465 0.01473063973063973 0.01481481481481482 0.0148989898989899 0.01498316498316498 0.01506734006734007 0.01515151515151515 0.01523569023569023 0.01531986531986532 0.0154040404040404 0.01548821548821549 0.01557239057239057 0.01565656565656566 0.01574074074074074 0.01582491582491583 0.01590909090909091 0.01599326599326599 0.01607744107744108 0.01616161616161616 0.01624579124579124 0.01632996632996633 0.01641414141414141 0.0164983164983165 0.01658249158249158 0.01666666666666667


# name: y
# type: matrix
# rows: 100
# columns: 1
 484098.5078504251
 485442.6484629089
 486727.9884296626
 487955.8428744725
 489127.5269211247
 490244.3556934055
 491307.644315101
 492318.7079099976
 493278.8616018813
 494189.4205145384
 495051.6997717551
 495867.0144973177
 496636.6798150123
 497362.010848625
 498044.3227219423
 498684.9305587502
 499285.149482835
 499846.2946179828
 500369.6810879799
 500856.6240166125
 501308.4385276667
 501726.439744929
 502111.9427921853
 502466.262793222
 502790.7148718251
 503086.6141517811
 503355.275756876
 503598.014810896
 503816.1464376274
 504010.9857608565
 504183.8479043692
 504336.047991952
 504468.9011473911
 504583.7224944725
 504681.8271569826
 504764.5302587075
 504833.1469234334
 504888.9922749466
 504933.3814370333
 504967.6295334796
 504993.0516880719
 505010.9630245962
 505022.6786668388
 505029.513738586
 505032.7833636238
 505033.8026657386
 505033.8867687166
 505034.3507963438
 505036.5098724067
 505041.6791206913
 505051.1736649839
 505066.3086290706
 505088.3991367378
 505118.7603117716
 505158.7072779582
 505209.5551590838
 505272.6190789347
 505349.2141612969
 505440.6555299569
 505548.2583087006
 505673.3376213145
 505817.2085915847
 505981.1863432973
 506166.5860002387
 506374.7226861949
 506606.9115249523
 506864.4676402969
 507148.7061560152
 507460.9421958931
 507802.490883717
 508174.6673432731
 508578.7866983475
 509016.1640727266
 509488.1145901964
 509995.9533745432
 510540.9955495532
 511124.5562390127
 511747.9505667078
 512412.4936564247
 513119.5006319496
 513870.2866170689
 514666.1667355685
 515508.4561112349
 516398.4698678541
 517337.5231292124
 518326.9310190961
 519368.0086612912
 520462.0711795841
 521610.4336977609
 522814.4113396078
 524075.3192289111
 525394.4724894569
 526773.1862450315
 528212.7756194212
 529714.5557364118
 531279.84171979
 532909.9486933418
 534606.1917808533
 536369.886106111
 538202.3467929008


# name: QUERY
# type: sq_string
# elements: 1
# length: 2
R3


# name: DATASIZE
# type: sq_string
# elements: 1
# length: 3
500


