# Created by Octave 3.8.2, Wed May 18 09:24:27 2016 CEST <Andrea@Andreas-MacBook-Pro.local>
# name: x
# type: matrix
# rows: 1
# columns: 100
 0.008333333333333333 0.008417508417508417 0.008501683501683501 0.008585858585858586 0.00867003367003367 0.008754208754208754 0.008838383838383838 0.008922558922558922 0.009006734006734006 0.00909090909090909 0.009175084175084175 0.009259259259259259 0.009343434343434343 0.009427609427609427 0.009511784511784511 0.009595959595959595 0.009680134680134679 0.009764309764309764 0.009848484848484848 0.009932659932659932 0.01001683501683502 0.0101010101010101 0.01018518518518518 0.01026936026936027 0.01035353535353535 0.01043771043771044 0.01052188552188552 0.0106060606060606 0.01069023569023569 0.01077441077441077 0.01085858585858586 0.01094276094276094 0.01102693602693603 0.01111111111111111 0.01119528619528619 0.01127946127946128 0.01136363636363636 0.01144781144781145 0.01153198653198653 0.01161616161616162 0.0117003367003367 0.01178451178451178 0.01186868686868687 0.01195286195286195 0.01203703703703704 0.01212121212121212 0.0122053872053872 0.01228956228956229 0.01237373737373737 0.01245791245791246 0.01254208754208754 0.01262626262626263 0.01271043771043771 0.01279461279461279 0.01287878787878788 0.01296296296296296 0.01304713804713805 0.01313131313131313 0.01321548821548822 0.0132996632996633 0.01338383838383838 0.01346801346801347 0.01355218855218855 0.01363636363636364 0.01372053872053872 0.0138047138047138 0.01388888888888889 0.01397306397306397 0.01405723905723906 0.01414141414141414 0.01422558922558922 0.01430976430976431 0.01439393939393939 0.01447811447811448 0.01456228956228956 0.01464646464646465 0.01473063973063973 0.01481481481481482 0.0148989898989899 0.01498316498316498 0.01506734006734007 0.01515151515151515 0.01523569023569023 0.01531986531986532 0.0154040404040404 0.01548821548821549 0.01557239057239057 0.01565656565656566 0.01574074074074074 0.01582491582491583 0.01590909090909091 0.01599326599326599 0.01607744107744108 0.01616161616161616 0.01624579124579124 0.01632996632996633 0.01641414141414141 0.0164983164983165 0.01658249158249158 0.01666666666666667


# name: y
# type: matrix
# rows: 100
# columns: 1
 493811.0428478656
 493562.7797319959
 493330.6272242132
 493113.8727894765
 492911.8200093958
 492723.7885822321
 492549.1143228969
 492387.1491629527
 492237.2611506129
 492098.8344507416
 491971.2693448538
 491853.9822311153
 491746.4056243428
 491647.9881560039
 491558.1945742167
 491476.5057437507
 491402.4186460256
 491335.4463791125
 491275.118157733
 491220.9793132595
 491172.5912937155
 491129.5316637752
 491091.3941047636
 491057.7884146565
 491028.3405080807
 491002.6924163137
 490980.5022872838
 490961.4443855704
 490945.2090924034
 490931.5029056637
 490920.048439883
 490910.5844262439
 490902.8657125798
 490896.6632633749
 490891.7641597644
 490887.971599534
 490885.1048971205
 490882.9994836114
 490881.5069067454
 490880.4948309114
 490879.8470371497
 490879.4634231511
 490879.2600032574
 490879.1689084612
 490879.1383864059
 490879.1328013858
 490879.1326343459
 490879.1344828823
 490879.1510612417
 490879.2112003216
 490879.3598476706
 490879.6580674879
 490880.1830406236
 490881.0280645787
 490882.3025535049
 490884.1320382049
 490886.6581661322
 490890.038701391
 490894.4475247365
 490900.0746335746
 490907.1261419622
 490915.8242806069
 490926.4073968672
 490939.1299547523
 490954.2625349225
 490972.0918346886
 490992.9206680126
 491017.0679655072
 491044.8687744356
 491076.6742587124
 491112.8516989027
 491153.7844922225
 491199.8721525386
 491251.5303103686
 491309.1907128812
 491373.3012238957
 491444.3258238821
 491522.7446099617
 491609.0537959061
 491703.7657121382
 491807.4088057314
 491920.5276404101
 492043.6828965495
 492177.4513711756
 492322.4259779653
 492479.2157472463
 492648.4458259972
 492830.7574778473
 493026.8080830768
 493237.2711386169
 493462.8362580494
 493704.2091716069
 493962.1117261732
 494237.2818852825
 494530.4737291202
 494842.4574545223
 495174.0193749755
 495525.9619206179
 495899.1036382379
 496294.2791912748


# name: QUERY
# type: sq_string
# elements: 1
# length: 2
R3


# name: DATASIZE
# type: sq_string
# elements: 1
# length: 3
500


