# Created by Octave 3.8.2, Wed May 18 09:24:27 2016 CEST <Andrea@Andreas-MacBook-Pro.local>
# name: x
# type: matrix
# rows: 1
# columns: 100
 0.008333333333333333 0.008417508417508417 0.008501683501683501 0.008585858585858586 0.00867003367003367 0.008754208754208754 0.008838383838383838 0.008922558922558922 0.009006734006734006 0.00909090909090909 0.009175084175084175 0.009259259259259259 0.009343434343434343 0.009427609427609427 0.009511784511784511 0.009595959595959595 0.009680134680134679 0.009764309764309764 0.009848484848484848 0.009932659932659932 0.01001683501683502 0.0101010101010101 0.01018518518518518 0.01026936026936027 0.01035353535353535 0.01043771043771044 0.01052188552188552 0.0106060606060606 0.01069023569023569 0.01077441077441077 0.01085858585858586 0.01094276094276094 0.01102693602693603 0.01111111111111111 0.01119528619528619 0.01127946127946128 0.01136363636363636 0.01144781144781145 0.01153198653198653 0.01161616161616162 0.0117003367003367 0.01178451178451178 0.01186868686868687 0.01195286195286195 0.01203703703703704 0.01212121212121212 0.0122053872053872 0.01228956228956229 0.01237373737373737 0.01245791245791246 0.01254208754208754 0.01262626262626263 0.01271043771043771 0.01279461279461279 0.01287878787878788 0.01296296296296296 0.01304713804713805 0.01313131313131313 0.01321548821548822 0.0132996632996633 0.01338383838383838 0.01346801346801347 0.01355218855218855 0.01363636363636364 0.01372053872053872 0.0138047138047138 0.01388888888888889 0.01397306397306397 0.01405723905723906 0.01414141414141414 0.01422558922558922 0.01430976430976431 0.01439393939393939 0.01447811447811448 0.01456228956228956 0.01464646464646465 0.01473063973063973 0.01481481481481482 0.0148989898989899 0.01498316498316498 0.01506734006734007 0.01515151515151515 0.01523569023569023 0.01531986531986532 0.0154040404040404 0.01548821548821549 0.01557239057239057 0.01565656565656566 0.01574074074074074 0.01582491582491583 0.01590909090909091 0.01599326599326599 0.01607744107744108 0.01616161616161616 0.01624579124579124 0.01632996632996633 0.01641414141414141 0.0164983164983165 0.01658249158249158 0.01666666666666667


# name: y
# type: matrix
# rows: 100
# columns: 1
 521326.9351511326
 522331.593707093
 523292.30256666
 524210.0447001803
 525085.8030780008
 525920.5606704681
 526715.3004479292
 527471.0053807307
 528188.6584392195
 528869.2425937421
 529513.7408146455
 530123.1360722766
 530698.4113369819
 531240.5495791084
 531750.5337690026
 532229.3468770115
 532677.9718734818
 533097.3917287601
 533488.5894131935
 533852.5478971285
 534190.2501509121
 534502.6791448909
 534790.8178494116
 535055.6492348212
 535298.1562714663
 535519.3219296938
 535720.1291798503
 535901.5609922828
 536064.6003373378
 536210.2301853623
 536339.433506703
 536453.1932717066
 536552.4924507199
 536638.3140140898
 536711.6409321629
 536773.4561752861
 536824.742713806
 536866.4835180695
 536899.6615584234
 536925.2598052145
 536944.2612287893
 536957.6487994948
 536966.4054876779
 536971.5142636851
 536973.9580978632
 536974.7199605592
 536974.7828221197
 536975.1296528914
 536976.7434232212
 536980.6071034558
 536987.7036639421
 536999.0160750267
 537015.5273070564
 537038.220330378
 537068.0781153385
 537106.0836322842
 537153.2198515623
 537210.4697435193
 537278.8162785021
 537359.2424268575
 537452.7311589321
 537560.2654450729
 537682.8282556265
 537821.4025609397
 537976.9713313592
 538150.517537232
 538343.0241489047
 538555.4741367243
 538788.8504710371
 539044.1361221903
 539322.3140605304
 539624.3672564044
 539951.278680159
 540304.0313021408
 540683.6080926968
 541090.9920221737
 541527.1660609181
 541993.113179277
 542489.8163475972
 543018.2585362252
 543579.422715508
 544174.2918557923
 544803.8489274249
 545469.0769007525
 546170.958746122
 546910.47743388
 547688.6159343733
 548506.3572179489
 549364.6842549532
 550264.5800157333
 551207.0274706358
 552193.0095900075
 553223.5093441952
 554299.5097035457
 555421.9936384057
 556591.9441191219
 557810.3441160413
 559078.1765995105
 560396.4245398763
 561766.0709074854


# name: QUERY
# type: sq_string
# elements: 1
# length: 2
R3


# name: DATASIZE
# type: sq_string
# elements: 1
# length: 3
500


