# Created by Octave 3.8.2, Wed May 18 09:24:27 2016 CEST <Andrea@Andreas-MacBook-Pro.local>
# name: x
# type: matrix
# rows: 1
# columns: 100
 0.008333333333333333 0.008417508417508417 0.008501683501683501 0.008585858585858586 0.00867003367003367 0.008754208754208754 0.008838383838383838 0.008922558922558922 0.009006734006734006 0.00909090909090909 0.009175084175084175 0.009259259259259259 0.009343434343434343 0.009427609427609427 0.009511784511784511 0.009595959595959595 0.009680134680134679 0.009764309764309764 0.009848484848484848 0.009932659932659932 0.01001683501683502 0.0101010101010101 0.01018518518518518 0.01026936026936027 0.01035353535353535 0.01043771043771044 0.01052188552188552 0.0106060606060606 0.01069023569023569 0.01077441077441077 0.01085858585858586 0.01094276094276094 0.01102693602693603 0.01111111111111111 0.01119528619528619 0.01127946127946128 0.01136363636363636 0.01144781144781145 0.01153198653198653 0.01161616161616162 0.0117003367003367 0.01178451178451178 0.01186868686868687 0.01195286195286195 0.01203703703703704 0.01212121212121212 0.0122053872053872 0.01228956228956229 0.01237373737373737 0.01245791245791246 0.01254208754208754 0.01262626262626263 0.01271043771043771 0.01279461279461279 0.01287878787878788 0.01296296296296296 0.01304713804713805 0.01313131313131313 0.01321548821548822 0.0132996632996633 0.01338383838383838 0.01346801346801347 0.01355218855218855 0.01363636363636364 0.01372053872053872 0.0138047138047138 0.01388888888888889 0.01397306397306397 0.01405723905723906 0.01414141414141414 0.01422558922558922 0.01430976430976431 0.01439393939393939 0.01447811447811448 0.01456228956228956 0.01464646464646465 0.01473063973063973 0.01481481481481482 0.0148989898989899 0.01498316498316498 0.01506734006734007 0.01515151515151515 0.01523569023569023 0.01531986531986532 0.0154040404040404 0.01548821548821549 0.01557239057239057 0.01565656565656566 0.01574074074074074 0.01582491582491583 0.01590909090909091 0.01599326599326599 0.01607744107744108 0.01616161616161616 0.01624579124579124 0.01632996632996633 0.01641414141414141 0.0164983164983165 0.01658249158249158 0.01666666666666667


# name: y
# type: matrix
# rows: 1
# columns: 100
 572982.5954379466 573067.8465505503 573153.0976631539 573238.3487757576 573323.5998883613 573408.851000965 573494.1021135686 573579.3532261723 573664.604338776 573749.8554513796 573835.1065639833 573920.357676587 574005.6087891905 574090.8599017942 574176.1110143979 574261.3621270016 574346.6132396052 574431.8643522089 574517.1154648126 574602.3665774162 574687.6176900199 574772.8688026236 574858.1199152272 574943.3710278309 575028.6221404346 575113.8732530383 575199.1243656419 575284.3754782456 575369.6265908492 575454.8777034528 575540.1288160565 575625.3799286602 575710.6310412638 575795.8821538675 575881.1332664712 575966.3843790749 576051.6354916785 576136.8866042822 576222.1377168859 576307.3888294895 576392.6399420932 576477.8910546969 576563.1421673005 576648.3932799042 576733.6443925078 576818.8955051115 576904.1466177151 576989.3977303188 577074.6488429225 577159.8999555261 577245.1510681298 577330.4021807335 577415.6532933371 577500.9044059408 577586.1555185445 577671.4066311482 577756.6577437518 577841.9088563555 577927.1599689592 578012.4110815628 578097.6621941664 578182.9133067701 578268.1644193737 578353.4155319774 578438.6666445811 578523.9177571848 578609.1688697884 578694.4199823921 578779.6710949958 578864.9222075994 578950.1733202031 579035.4244328068 579120.6755454104 579205.9266580141 579291.1777706178 579376.4288832215 579461.679995825 579546.9311084287 579632.1822210324 579717.433333636 579802.6844462397 579887.9355588434 579973.186671447 580058.4377840507 580143.6888966544 580228.9400092581 580314.1911218617 580399.4422344654 580484.6933470691 580569.9444596727 580655.1955722764 580740.4466848801 580825.6977974836 580910.9489100873 580996.200022691 581081.4511352947 581166.7022478983 581251.953360502 581337.2044731057 581422.4555857093


# name: QUERY
# type: sq_string
# elements: 1
# length: 2
R3


# name: DATASIZE
# type: sq_string
# elements: 1
# length: 3
500


