# Created by Octave 3.8.2, Mon May 23 11:07:04 2016 CEST <Andrea@Andreas-MacBook-Pro.local>
# name: x
# type: matrix
# rows: 1
# columns: 100
 60 60.60606060606061 61.21212121212121 61.81818181818183 62.42424242424243 63.03030303030303 63.63636363636364 64.24242424242425 64.84848484848484 65.45454545454545 66.06060606060606 66.66666666666667 67.27272727272728 67.87878787878788 68.48484848484848 69.09090909090909 69.6969696969697 70.30303030303031 70.90909090909091 71.51515151515152 72.12121212121212 72.72727272727272 73.33333333333334 73.93939393939394 74.54545454545455 75.15151515151516 75.75757575757576 76.36363636363636 76.96969696969697 77.57575757575758 78.18181818181819 78.78787878787878 79.39393939393939 80 80.60606060606061 81.21212121212122 81.81818181818181 82.42424242424242 83.03030303030303 83.63636363636364 84.24242424242425 84.84848484848484 85.45454545454545 86.06060606060606 86.66666666666667 87.27272727272728 87.87878787878788 88.48484848484848 89.09090909090909 89.69696969696969 90.30303030303031 90.90909090909091 91.51515151515152 92.12121212121212 92.72727272727272 93.33333333333333 93.93939393939394 94.54545454545455 95.15151515151516 95.75757575757575 96.36363636363636 96.96969696969697 97.57575757575758 98.18181818181819 98.78787878787878 99.39393939393939 100 100.6060606060606 101.2121212121212 101.8181818181818 102.4242424242424 103.030303030303 103.6363636363636 104.2424242424242 104.8484848484848 105.4545454545455 106.0606060606061 106.6666666666667 107.2727272727273 107.8787878787879 108.4848484848485 109.0909090909091 109.6969696969697 110.3030303030303 110.9090909090909 111.5151515151515 112.1212121212121 112.7272727272727 113.3333333333333 113.9393939393939 114.5454545454545 115.1515151515151 115.7575757575758 116.3636363636364 116.969696969697 117.5757575757576 118.1818181818182 118.7878787878788 119.3939393939394 120


# name: y
# type: matrix
# rows: 100
# columns: 1
 27031.51501509581
 27042.44502626354
 27053.48490261937
 27064.63089840629
 27075.87912266511
 27087.22554076021
 27098.6659761014
 27110.19611206237
 27121.81149409576
 27133.50753204434
 27145.27950264795
 27157.12255224499
 27169.03169966721
 27181.00183932629
 27193.02774449014
 27205.10407074662
 27217.2253596521
 27229.38604256187
 27241.58044463918
 27253.80278903914
 27266.04720126371
 27278.30771368345
 27290.57827022144
 27302.85273119446
 27315.12487830641
 27327.38841978821
 27339.63699567871
 27351.86418324025
 27364.06350250281
 27376.22842193
 27388.35236420008
 27400.4287120949
 27412.45081448953
 27424.41199243484
 27436.30554532553
 27448.12475714548
 27459.86290278227
 27471.51325440274
 27483.06908788098
 27494.52368927016
 27505.8703613096
 27517.10242995806
 27528.21325094446
 27539.19621632702
 27550.04476105155
 27560.7523695001
 27571.31258202045
 27581.71900142754
 27591.96529946757
 27602.04522323561
 27611.95260153755
 27621.68135118753
 27631.22548323159
 27640.5791090888
 27649.73644660103
 27658.69182598259
 27667.43969566132
 27675.97462800255
 27684.29132490778
 27692.3846232801
 27700.24950034822
 27707.88107884174
 27715.27463201002
 27722.4255884775
 27729.32953692862
 27735.98223061545
 27742.37959168182
 27748.5177152977
 27754.39287359803
 27760.00151942054
 27765.34028983722
 27770.40600947474
 27775.19569361921
 27779.70655110097
 27783.93598695578
 27787.88160485884
 27791.54120932838
 27794.91280769635
 27797.99461184359
 27800.78503969758
 27803.28271649114
 27805.48647578084
 27807.39536022427
 27809.00862211562
 27810.32572367961
 27811.34633712392
 27812.07034445088
 27812.49783702943
 27812.62911492872
 27812.46468601527
 27812.00526481565
 27811.25177114735
 27810.20532852066
 27808.86726231468
 27807.23909773114
 27805.32255752979
 27803.11955954967
 27800.63221402064
 27797.86282067011
 27794.81386562996


# name: TRAIN_QUERIES
# type: cell
# rows: 1
# columns: 1
# name: <cell-element>
# type: sq_string
# elements: 1
# length: 2
R5





# name: TEST_QUERIES
# type: cell
# rows: 1
# columns: 1
# name: <cell-element>
# type: sq_string
# elements: 1
# length: 2
R2





# name: DATASIZE
# type: sq_string
# elements: 1
# length: 3
750


