# Created by Octave 3.8.2, Mon May 23 11:07:04 2016 CEST <Andrea@Andreas-MacBook-Pro.local>
# name: x
# type: matrix
# rows: 1
# columns: 100
 60 60.60606060606061 61.21212121212121 61.81818181818183 62.42424242424243 63.03030303030303 63.63636363636364 64.24242424242425 64.84848484848484 65.45454545454545 66.06060606060606 66.66666666666667 67.27272727272728 67.87878787878788 68.48484848484848 69.09090909090909 69.6969696969697 70.30303030303031 70.90909090909091 71.51515151515152 72.12121212121212 72.72727272727272 73.33333333333334 73.93939393939394 74.54545454545455 75.15151515151516 75.75757575757576 76.36363636363636 76.96969696969697 77.57575757575758 78.18181818181819 78.78787878787878 79.39393939393939 80 80.60606060606061 81.21212121212122 81.81818181818181 82.42424242424242 83.03030303030303 83.63636363636364 84.24242424242425 84.84848484848484 85.45454545454545 86.06060606060606 86.66666666666667 87.27272727272728 87.87878787878788 88.48484848484848 89.09090909090909 89.69696969696969 90.30303030303031 90.90909090909091 91.51515151515152 92.12121212121212 92.72727272727272 93.33333333333333 93.93939393939394 94.54545454545455 95.15151515151516 95.75757575757575 96.36363636363636 96.96969696969697 97.57575757575758 98.18181818181819 98.78787878787878 99.39393939393939 100 100.6060606060606 101.2121212121212 101.8181818181818 102.4242424242424 103.030303030303 103.6363636363636 104.2424242424242 104.8484848484848 105.4545454545455 106.0606060606061 106.6666666666667 107.2727272727273 107.8787878787879 108.4848484848485 109.0909090909091 109.6969696969697 110.3030303030303 110.9090909090909 111.5151515151515 112.1212121212121 112.7272727272727 113.3333333333333 113.9393939393939 114.5454545454545 115.1515151515151 115.7575757575758 116.3636363636364 116.969696969697 117.5757575757576 118.1818181818182 118.7878787878788 119.3939393939394 120


# name: y
# type: matrix
# rows: 100
# columns: 1
 35239.19642012094
 35244.0843157815
 35248.97221144204
 35253.86010710259
 35258.74800276315
 35263.63589842369
 35268.52379408425
 35273.4116897448
 35278.29958540534
 35283.18748106589
 35288.07537672644
 35292.963272387
 35297.85116804755
 35302.7390637081
 35307.62695936864
 35312.5148550292
 35317.40275068975
 35322.2906463503
 35327.17854201085
 35332.0664376714
 35336.95433333195
 35341.8422289925
 35346.73012465306
 35351.6180203136
 35356.50591597416
 35361.39381163471
 35366.28170729526
 35371.16960295581
 35376.05749861636
 35380.9453942769
 35385.83328993746
 35390.72118559801
 35395.60908125856
 35400.49697691911
 35405.38487257966
 35410.27276824021
 35415.16066390077
 35420.04855956131
 35424.93645522186
 35429.82435088242
 35434.71224654296
 35439.60014220351
 35444.48803786407
 35449.37593352461
 35454.26382918517
 35459.15172484572
 35464.03962050626
 35468.92751616682
 35473.81541182737
 35478.70330748791
 35483.59120314847
 35488.47909880902
 35493.36699446957
 35498.25489013012
 35503.14278579067
 35508.03068145122
 35512.91857711177
 35517.80647277232
 35522.69436843287
 35527.58226409343
 35532.47015975398
 35537.35805541452
 35542.24595107508
 35547.13384673563
 35552.02174239617
 35556.90963805673
 35561.79753371728
 35566.68542937783
 35571.57332503838
 35576.46122069893
 35581.34911635948
 35586.23701202003
 35591.12490768058
 35596.01280334113
 35600.90069900168
 35605.78859466223
 35610.67649032278
 35615.56438598334
 35620.45228164388
 35625.34017730443
 35630.22807296499
 35635.11596862553
 35640.00386428609
 35644.89175994664
 35649.77965560718
 35654.66755126774
 35659.55544692829
 35664.44334258884
 35669.33123824939
 35674.21913390994
 35679.10702957049
 35683.99492523104
 35688.88282089159
 35693.77071655214
 35698.65861221269
 35703.54650787324
 35708.43440353379
 35713.32229919435
 35718.2101948549
 35723.09809051544


# name: TRAIN_QUERIES
# type: cell
# rows: 1
# columns: 1
# name: <cell-element>
# type: sq_string
# elements: 1
# length: 2
R5





# name: TEST_QUERIES
# type: cell
# rows: 1
# columns: 1
# name: <cell-element>
# type: sq_string
# elements: 1
# length: 2
R2





# name: DATASIZE
# type: sq_string
# elements: 1
# length: 3
750


