# Created by Octave 3.8.2, Mon May 23 11:07:04 2016 CEST <Andrea@Andreas-MacBook-Pro.local>
# name: x
# type: matrix
# rows: 1
# columns: 100
 60 60.60606060606061 61.21212121212121 61.81818181818183 62.42424242424243 63.03030303030303 63.63636363636364 64.24242424242425 64.84848484848484 65.45454545454545 66.06060606060606 66.66666666666667 67.27272727272728 67.87878787878788 68.48484848484848 69.09090909090909 69.6969696969697 70.30303030303031 70.90909090909091 71.51515151515152 72.12121212121212 72.72727272727272 73.33333333333334 73.93939393939394 74.54545454545455 75.15151515151516 75.75757575757576 76.36363636363636 76.96969696969697 77.57575757575758 78.18181818181819 78.78787878787878 79.39393939393939 80 80.60606060606061 81.21212121212122 81.81818181818181 82.42424242424242 83.03030303030303 83.63636363636364 84.24242424242425 84.84848484848484 85.45454545454545 86.06060606060606 86.66666666666667 87.27272727272728 87.87878787878788 88.48484848484848 89.09090909090909 89.69696969696969 90.30303030303031 90.90909090909091 91.51515151515152 92.12121212121212 92.72727272727272 93.33333333333333 93.93939393939394 94.54545454545455 95.15151515151516 95.75757575757575 96.36363636363636 96.96969696969697 97.57575757575758 98.18181818181819 98.78787878787878 99.39393939393939 100 100.6060606060606 101.2121212121212 101.8181818181818 102.4242424242424 103.030303030303 103.6363636363636 104.2424242424242 104.8484848484848 105.4545454545455 106.0606060606061 106.6666666666667 107.2727272727273 107.8787878787879 108.4848484848485 109.0909090909091 109.6969696969697 110.3030303030303 110.9090909090909 111.5151515151515 112.1212121212121 112.7272727272727 113.3333333333333 113.9393939393939 114.5454545454545 115.1515151515151 115.7575757575758 116.3636363636364 116.969696969697 117.5757575757576 118.1818181818182 118.7878787878788 119.3939393939394 120


# name: y
# type: matrix
# rows: 1
# columns: 100
 52266.53761183987 52254.99670048957 52243.45578913928 52231.91487778897 52220.37396643867 52208.83305508837 52197.29214373807 52185.75123238777 52174.21032103747 52162.66940968717 52151.12849833687 52139.58758698657 52128.04667563627 52116.50576428597 52104.96485293566 52093.42394158537 52081.88303023506 52070.34211888476 52058.80120753447 52047.26029618416 52035.71938483386 52024.17847348356 52012.63756213326 52001.09665078296 51989.55573943266 51978.01482808236 51966.47391673206 51954.93300538176 51943.39209403146 51931.85118268116 51920.31027133085 51908.76935998056 51897.22844863026 51885.68753727995 51874.14662592966 51862.60571457935 51851.06480322906 51839.52389187875 51827.98298052845 51816.44206917816 51804.90115782785 51793.36024647755 51781.81933512725 51770.27842377695 51758.73751242665 51747.19660107635 51735.65568972605 51724.11477837575 51712.57386702545 51701.03295567515 51689.49204432485 51677.95113297454 51666.41022162425 51654.86931027394 51643.32839892364 51631.78748757335 51620.24657622304 51608.70566487274 51597.16475352244 51585.62384217214 51574.08293082184 51562.54201947154 51551.00110812124 51539.46019677094 51527.91928542064 51516.37837407034 51504.83746272004 51493.29655136973 51481.75564001944 51470.21472866914 51458.67381731884 51447.13290596854 51435.59199461823 51424.05108326794 51412.51017191763 51400.96926056733 51389.42834921704 51377.88743786673 51366.34652651643 51354.80561516613 51343.26470381583 51331.72379246553 51320.18288111523 51308.64196976493 51297.10105841463 51285.56014706433 51274.01923571403 51262.47832436373 51250.93741301342 51239.39650166313 51227.85559031282 51216.31467896252 51204.77376761223 51193.23285626192 51181.69194491162 51170.15103356132 51158.61012221102 51147.06921086072 51135.52829951042 51123.98738816012


# name: TRAIN_QUERIES
# type: cell
# rows: 1
# columns: 1
# name: <cell-element>
# type: sq_string
# elements: 1
# length: 2
R5





# name: TEST_QUERIES
# type: cell
# rows: 1
# columns: 1
# name: <cell-element>
# type: sq_string
# elements: 1
# length: 2
R2





# name: DATASIZE
# type: sq_string
# elements: 1
# length: 3
750


