# Created by Octave 3.8.2, Mon May 23 11:07:04 2016 CEST <Andrea@Andreas-MacBook-Pro.local>
# name: SVs
# type: cell
# rows: 1
# columns: 7
# name: <cell-element>
# type: sparse matrix
# nnz: 56
# rows: 8
# columns: 7
1 1 -1.061479436635671
2 1 -0.7876857759164309
3 1 -0.9844230727615947
4 1 -1.04891349223954
5 1 -0.9146184212923343
6 1 -0.707363373631025
7 1 -1.035849338594222
8 1 -1.051459895068712
1 2 -1.065497815277707
2 2 -0.7601148839477435
3 2 -0.9375447836584055
4 2 -1.058247991418562
5 2 -0.9182967132955285
6 2 -0.6327554051590151
7 2 -1.048496766344858
8 2 -1.053414775512465
1 3 -1.00622641405404
2 3 -1.00484764100884
3 3 0.468371357787306
4 3 -1.002779481441041
5 3 -0.9969196959989408
6 3 -1.00760518709924
7 3 -1.03242310191284
8 3 -1.001400708395841
1 4 -1.016773248648857
2 4 -1.019431663976455
3 4 1.43794100447137
4 4 -1.01444713523721
5 4 -1.004478077758719
6 4 -1.022090079304052
7 4 -1.013450229489361
8 4 -1.009794908413914
1 5 -0.9953894463584727
2 5 -0.7414154210506669
3 5 -0.8838505957256271
4 5 -1.044573897560869
5 5 -0.9204892668624376
6 5 -0.751651778915125
7 5 -1.059803600725063
8 5 -0.9933296914223317
1 6 -1.001363367125238
2 6 -0.7422180467026912
3 6 -0.8798090487570411
4 6 -1.048662224067277
5 6 -0.9291046912164228
6 6 -0.7376628797412547
7 6 -1.073434844391802
8 6 -0.9993665816078958
1 7 -1.337441587509526
2 7 0.4458138625031752
3 7 1.337441587509526
4 7 1.337441587509526
5 7 -1.337441587509526
6 7 0.4458138625031752
7 7 -0.4458138625031752
8 7 0.4458138625031752



# name: <cell-element>
# type: sparse matrix
# nnz: 63
# rows: 9
# columns: 7
1 1 -1.061479436635671
2 1 -0.7876857759164309
3 1 -1.053397375482212
4 1 -0.9844230727615947
5 1 -1.04891349223954
6 1 -0.9146184212923343
7 1 -0.707363373631025
8 1 -1.035849338594222
9 1 -1.051459895068712
1 2 -1.065497815277707
2 2 -0.7601148839477435
3 2 -1.07134855032193
4 2 -0.9375447836584055
5 2 -1.058247991418562
6 2 -0.9182967132955285
7 2 -0.6327554051590151
8 2 -1.048496766344858
9 2 -1.053414775512465
1 3 -1.00622641405404
2 3 -1.00484764100884
3 3 -1.03242310191284
4 3 0.468371357787306
5 3 -1.002779481441041
6 3 -0.9969196959989408
7 3 -1.00760518709924
8 3 -1.03242310191284
9 3 -1.001400708395841
1 4 -1.016773248648857
2 4 -1.019431663976455
3 4 -1.016108644816958
4 4 1.43794100447137
5 4 -1.01444713523721
6 4 -1.004478077758719
7 4 -1.022090079304052
8 4 -1.013450229489361
9 4 -1.009794908413914
1 5 -0.9953894463584727
2 5 -0.7414154210506669
3 5 -1.071912463076922
4 5 -0.8838505957256271
5 5 -1.044573897560869
6 5 -0.9204892668624376
7 5 -0.751651778915125
8 5 -1.059803600725063
9 5 -0.9933296914223317
1 6 -1.001363367125238
2 6 -0.7422180467026912
3 6 -1.070502065663206
4 6 -0.8798090487570411
5 6 -1.048662224067277
6 6 -0.9291046912164228
7 6 -0.7376628797412547
8 6 -1.073434844391802
9 6 -0.9993665816078958
1 7 -1.337441587509526
2 7 0.4458138625031752
3 7 -0.4458138625031752
4 7 1.337441587509526
5 7 1.337441587509526
6 7 -1.337441587509526
7 7 0.4458138625031752
8 7 -0.4458138625031752
9 7 0.4458138625031752



# name: <cell-element>
# type: sparse matrix
# nnz: 63
# rows: 9
# columns: 7
1 1 -1.061479436635671
2 1 -0.7876857759164309
3 1 -1.053397375482212
4 1 -0.9844230727615947
5 1 -1.04891349223954
6 1 -0.9146184212923343
7 1 -0.707363373631025
8 1 -1.035849338594222
9 1 -1.051459895068712
1 2 -1.065497815277707
2 2 -0.7601148839477435
3 2 -1.07134855032193
4 2 -0.9375447836584055
5 2 -1.058247991418562
6 2 -0.9182967132955285
7 2 -0.6327554051590151
8 2 -1.048496766344858
9 2 -1.053414775512465
1 3 -1.00622641405404
2 3 -1.00484764100884
3 3 -1.03242310191284
4 3 0.468371357787306
5 3 -1.002779481441041
6 3 -0.9969196959989408
7 3 -1.00760518709924
8 3 -1.03242310191284
9 3 -1.001400708395841
1 4 -1.016773248648857
2 4 -1.019431663976455
3 4 -1.016108644816958
4 4 1.43794100447137
5 4 -1.01444713523721
6 4 -1.004478077758719
7 4 -1.022090079304052
8 4 -1.013450229489361
9 4 -1.009794908413914
1 5 -0.9953894463584727
2 5 -0.7414154210506669
3 5 -1.071912463076922
4 5 -0.8838505957256271
5 5 -1.044573897560869
6 5 -0.9204892668624376
7 5 -0.751651778915125
8 5 -1.059803600725063
9 5 -0.9933296914223317
1 6 -1.001363367125238
2 6 -0.7422180467026912
3 6 -1.070502065663206
4 6 -0.8798090487570411
5 6 -1.048662224067277
6 6 -0.9291046912164228
7 6 -0.7376628797412547
8 6 -1.073434844391802
9 6 -0.9993665816078958
1 7 -1.337441587509526
2 7 0.4458138625031752
3 7 -0.4458138625031752
4 7 1.337441587509526
5 7 1.337441587509526
6 7 -1.337441587509526
7 7 0.4458138625031752
8 7 -0.4458138625031752
9 7 0.4458138625031752



# name: <cell-element>
# type: sparse matrix
# nnz: 70
# rows: 10
# columns: 7
1 1 -1.061479436635671
2 1 -0.7876857759164309
3 1 -1.053397375482212
4 1 -0.9844230727615947
5 1 -1.04891349223954
6 1 -1.052234887234112
7 1 -0.9146184212923343
8 1 -0.707363373631025
9 1 -1.035849338594222
10 1 -1.051459895068712
1 2 -1.065497815277707
2 2 -0.7601148839477435
3 2 -1.07134855032193
4 2 -0.9375447836584055
5 2 -1.058247991418562
6 2 -1.059986253279527
7 2 -0.9182967132955285
8 2 -0.6327554051590151
9 2 -1.048496766344858
10 2 -1.053414775512465
1 3 -1.00622641405404
2 3 -1.00484764100884
3 3 -1.03242310191284
4 3 0.468371357787306
5 3 -1.002779481441041
6 3 -1.001056015134541
7 3 -0.9969196959989408
8 3 -1.00760518709924
9 3 -1.03242310191284
10 3 -1.001400708395841
1 4 -1.016773248648857
2 4 -1.019431663976455
3 4 -1.016108644816958
4 4 1.43794100447137
5 4 -1.01444713523721
6 4 -1.012453323741512
7 4 -1.004478077758719
8 4 -1.022090079304052
9 4 -1.013450229489361
10 4 -1.009794908413914
1 5 -0.9953894463584727
2 5 -0.7414154210506669
3 5 -1.071912463076922
4 5 -0.8838505957256271
5 5 -1.044573897560869
6 5 -0.993891442768552
7 5 -0.9204892668624376
8 5 -0.751651778915125
9 5 -1.059803600725063
10 5 -0.9933296914223317
1 6 -1.001363367125238
2 6 -0.7422180467026912
3 6 -1.070502065663206
4 6 -0.8798090487570411
5 6 -1.048662224067277
6 6 -0.9984305883966417
7 6 -0.9291046912164228
8 6 -0.7376628797412547
9 6 -1.073434844391802
10 6 -0.9993665816078958
1 7 -1.337441587509526
2 7 0.4458138625031752
3 7 -0.4458138625031752
4 7 1.337441587509526
5 7 1.337441587509526
6 7 1.337441587509526
7 7 -1.337441587509526
8 7 0.4458138625031752
9 7 -0.4458138625031752
10 7 0.4458138625031752



