# Created by Octave 3.8.2, Mon May 23 11:06:56 2016 CEST <Andrea@Andreas-MacBook-Pro.local>
# name: mu
# type: matrix
# rows: 1
# columns: 8
 51695.2625 30636.30625 38576.6625 4332.19375 4489.7875 20328.45625 20588.60625 90


# name: sigma
# type: matrix
# rows: 1
# columns: 8
 27420.41693242957 18064.69874798101 23586.77994421769 2901.130112693724 3009.311568794723 16021.32342104097 16025.7572593955 22.43088616368177


