# Created by Octave 3.8.2, Mon May 23 11:07:04 2016 CEST <Andrea@Andreas-MacBook-Pro.local>
# name: x
# type: matrix
# rows: 1
# columns: 100
 60 60.60606060606061 61.21212121212121 61.81818181818183 62.42424242424243 63.03030303030303 63.63636363636364 64.24242424242425 64.84848484848484 65.45454545454545 66.06060606060606 66.66666666666667 67.27272727272728 67.87878787878788 68.48484848484848 69.09090909090909 69.6969696969697 70.30303030303031 70.90909090909091 71.51515151515152 72.12121212121212 72.72727272727272 73.33333333333334 73.93939393939394 74.54545454545455 75.15151515151516 75.75757575757576 76.36363636363636 76.96969696969697 77.57575757575758 78.18181818181819 78.78787878787878 79.39393939393939 80 80.60606060606061 81.21212121212122 81.81818181818181 82.42424242424242 83.03030303030303 83.63636363636364 84.24242424242425 84.84848484848484 85.45454545454545 86.06060606060606 86.66666666666667 87.27272727272728 87.87878787878788 88.48484848484848 89.09090909090909 89.69696969696969 90.30303030303031 90.90909090909091 91.51515151515152 92.12121212121212 92.72727272727272 93.33333333333333 93.93939393939394 94.54545454545455 95.15151515151516 95.75757575757575 96.36363636363636 96.96969696969697 97.57575757575758 98.18181818181819 98.78787878787878 99.39393939393939 100 100.6060606060606 101.2121212121212 101.8181818181818 102.4242424242424 103.030303030303 103.6363636363636 104.2424242424242 104.8484848484848 105.4545454545455 106.0606060606061 106.6666666666667 107.2727272727273 107.8787878787879 108.4848484848485 109.0909090909091 109.6969696969697 110.3030303030303 110.9090909090909 111.5151515151515 112.1212121212121 112.7272727272727 113.3333333333333 113.9393939393939 114.5454545454545 115.1515151515151 115.7575757575758 116.3636363636364 116.969696969697 117.5757575757576 118.1818181818182 118.7878787878788 119.3939393939394 120


# name: y
# type: matrix
# rows: 100
# columns: 1
 28756.53772831311
 28756.18808659028
 28755.85941616471
 28755.55086121668
 28755.26158375607
 28754.99076362232
 28754.73759848447
 28754.50130384112
 28754.28111302045
 28754.07627718021
 28753.88606530776
 28753.70976422
 28753.54667856341
 28753.39613081407
 28753.25746127762
 28753.13002808928
 28753.01320721386
 28752.90639244572
 28752.80899540882
 28752.7204455567
 28752.64019017246
 28752.56769436879
 28752.50244108793
 28752.44393110175
 28752.39168301165
 28752.34523324862
 28752.30413607324
 28752.26796357566
 28752.23630567559
 28752.20877012235
 28752.1849824948
 28752.16458620142
 28752.14724248023
 28752.13263039884
 28752.12044685443
 28752.11040657379
 28752.10224211324
 28752.09570385871
 28752.0905600257
 28752.08659665928
 28752.08361763409
 28752.08144465437
 28752.07991725393
 28752.07889279614
 28752.07824647397
 28752.07787130995
 28752.0776781562
 28752.0775956944
 28752.07757043583
 28752.07756672134
 28752.07756672134
 28752.07757043583
 28752.0775956944
 28752.0776781562
 28752.07787130995
 28752.07824647397
 28752.07889279614
 28752.07991725393
 28752.08144465437
 28752.08361763409
 28752.08659665928
 28752.0905600257
 28752.09570385871
 28752.10224211324
 28752.11040657379
 28752.12044685443
 28752.13263039884
 28752.14724248023
 28752.16458620142
 28752.1849824948
 28752.20877012235
 28752.23630567559
 28752.26796357566
 28752.30413607324
 28752.34523324862
 28752.39168301165
 28752.44393110175
 28752.50244108793
 28752.56769436879
 28752.64019017246
 28752.7204455567
 28752.80899540882
 28752.90639244572
 28753.01320721386
 28753.13002808928
 28753.25746127762
 28753.39613081407
 28753.54667856341
 28753.70976422
 28753.88606530776
 28754.07627718021
 28754.28111302045
 28754.50130384112
 28754.73759848447
 28754.99076362232
 28755.26158375607
 28755.55086121668
 28755.85941616471
 28756.18808659028
 28756.53772831311


# name: TRAIN_QUERIES
# type: cell
# rows: 1
# columns: 1
# name: <cell-element>
# type: sq_string
# elements: 1
# length: 2
R5





# name: TEST_QUERIES
# type: cell
# rows: 1
# columns: 1
# name: <cell-element>
# type: sq_string
# elements: 1
# length: 2
R2





# name: DATASIZE
# type: sq_string
# elements: 1
# length: 3
750


