# Created by Octave 3.8.2, Mon May 23 11:07:04 2016 CEST <Andrea@Andreas-MacBook-Pro.local>
# name: x
# type: matrix
# rows: 1
# columns: 100
 60 60.60606060606061 61.21212121212121 61.81818181818183 62.42424242424243 63.03030303030303 63.63636363636364 64.24242424242425 64.84848484848484 65.45454545454545 66.06060606060606 66.66666666666667 67.27272727272728 67.87878787878788 68.48484848484848 69.09090909090909 69.6969696969697 70.30303030303031 70.90909090909091 71.51515151515152 72.12121212121212 72.72727272727272 73.33333333333334 73.93939393939394 74.54545454545455 75.15151515151516 75.75757575757576 76.36363636363636 76.96969696969697 77.57575757575758 78.18181818181819 78.78787878787878 79.39393939393939 80 80.60606060606061 81.21212121212122 81.81818181818181 82.42424242424242 83.03030303030303 83.63636363636364 84.24242424242425 84.84848484848484 85.45454545454545 86.06060606060606 86.66666666666667 87.27272727272728 87.87878787878788 88.48484848484848 89.09090909090909 89.69696969696969 90.30303030303031 90.90909090909091 91.51515151515152 92.12121212121212 92.72727272727272 93.33333333333333 93.93939393939394 94.54545454545455 95.15151515151516 95.75757575757575 96.36363636363636 96.96969696969697 97.57575757575758 98.18181818181819 98.78787878787878 99.39393939393939 100 100.6060606060606 101.2121212121212 101.8181818181818 102.4242424242424 103.030303030303 103.6363636363636 104.2424242424242 104.8484848484848 105.4545454545455 106.0606060606061 106.6666666666667 107.2727272727273 107.8787878787879 108.4848484848485 109.0909090909091 109.6969696969697 110.3030303030303 110.9090909090909 111.5151515151515 112.1212121212121 112.7272727272727 113.3333333333333 113.9393939393939 114.5454545454545 115.1515151515151 115.7575757575758 116.3636363636364 116.969696969697 117.5757575757576 118.1818181818182 118.7878787878788 119.3939393939394 120


# name: y
# type: matrix
# rows: 100
# columns: 1
 28787.79889178351
 28787.75436204829
 28787.71419386005
 28787.67803854921
 28787.6455687826
 28787.61647767472
 28787.5904779178
 28787.56730093087
 28787.5466960277
 28787.52842960364
 28787.5122843414
 28787.49805843571
 28787.48556483691
 28787.47463051345
 28787.46509573331
 28787.45681336426
 28787.44964819316
 28787.44347626404
 28787.43818423519
 28787.43366875507
 28787.42983585721
 28787.426600374
 28787.42388536935
 28787.42162159029
 28787.4197469375
 28787.41820595471
 28787.41694933706
 28787.4159334583
 28787.41511991695
 28787.41447510141
 28787.41396977385
 28787.41357867315
 28787.4132801367
 28787.41305574106
 28787.41288996159
 28787.41276985098
 28787.4126847367
 28787.41262593729
 28787.41258649769
 28787.41256094332
 28787.41254505326
 28787.41253565211
 28787.412530421
 28787.41252772733
 28787.41252647351
 28787.41252596459
 28787.41252579478
 28787.41252575291
 28787.41252574679
 28787.41252574649
 28787.41252574649
 28787.41252574679
 28787.41252575291
 28787.41252579478
 28787.41252596459
 28787.41252647351
 28787.41252772733
 28787.412530421
 28787.41253565211
 28787.41254505326
 28787.41256094332
 28787.41258649769
 28787.41262593729
 28787.4126847367
 28787.41276985098
 28787.41288996159
 28787.41305574106
 28787.4132801367
 28787.41357867315
 28787.41396977385
 28787.41447510141
 28787.41511991695
 28787.4159334583
 28787.41694933706
 28787.41820595471
 28787.4197469375
 28787.42162159029
 28787.42388536935
 28787.426600374
 28787.42983585721
 28787.43366875507
 28787.43818423519
 28787.44347626404
 28787.44964819316
 28787.45681336426
 28787.46509573331
 28787.47463051345
 28787.48556483691
 28787.49805843571
 28787.5122843414
 28787.52842960364
 28787.5466960277
 28787.56730093087
 28787.5904779178
 28787.61647767472
 28787.6455687826
 28787.67803854921
 28787.71419386005
 28787.75436204829
 28787.79889178351


# name: TRAIN_QUERIES
# type: cell
# rows: 1
# columns: 1
# name: <cell-element>
# type: sq_string
# elements: 1
# length: 2
R5





# name: TEST_QUERIES
# type: cell
# rows: 1
# columns: 1
# name: <cell-element>
# type: sq_string
# elements: 1
# length: 2
R2





# name: DATASIZE
# type: sq_string
# elements: 1
# length: 3
750


