# Created by Octave 3.8.2, Mon May 23 11:07:04 2016 CEST <Andrea@Andreas-MacBook-Pro.local>
# name: x
# type: matrix
# rows: 1
# columns: 100
 60 60.60606060606061 61.21212121212121 61.81818181818183 62.42424242424243 63.03030303030303 63.63636363636364 64.24242424242425 64.84848484848484 65.45454545454545 66.06060606060606 66.66666666666667 67.27272727272728 67.87878787878788 68.48484848484848 69.09090909090909 69.6969696969697 70.30303030303031 70.90909090909091 71.51515151515152 72.12121212121212 72.72727272727272 73.33333333333334 73.93939393939394 74.54545454545455 75.15151515151516 75.75757575757576 76.36363636363636 76.96969696969697 77.57575757575758 78.18181818181819 78.78787878787878 79.39393939393939 80 80.60606060606061 81.21212121212122 81.81818181818181 82.42424242424242 83.03030303030303 83.63636363636364 84.24242424242425 84.84848484848484 85.45454545454545 86.06060606060606 86.66666666666667 87.27272727272728 87.87878787878788 88.48484848484848 89.09090909090909 89.69696969696969 90.30303030303031 90.90909090909091 91.51515151515152 92.12121212121212 92.72727272727272 93.33333333333333 93.93939393939394 94.54545454545455 95.15151515151516 95.75757575757575 96.36363636363636 96.96969696969697 97.57575757575758 98.18181818181819 98.78787878787878 99.39393939393939 100 100.6060606060606 101.2121212121212 101.8181818181818 102.4242424242424 103.030303030303 103.6363636363636 104.2424242424242 104.8484848484848 105.4545454545455 106.0606060606061 106.6666666666667 107.2727272727273 107.8787878787879 108.4848484848485 109.0909090909091 109.6969696969697 110.3030303030303 110.9090909090909 111.5151515151515 112.1212121212121 112.7272727272727 113.3333333333333 113.9393939393939 114.5454545454545 115.1515151515151 115.7575757575758 116.3636363636364 116.969696969697 117.5757575757576 118.1818181818182 118.7878787878788 119.3939393939394 120


# name: y
# type: matrix
# rows: 100
# columns: 1
 28635.37498183154
 28635.39738984862
 28635.41889261697
 28635.43950880149
 28635.45925706712
 28635.47815607879
 28635.4962245014
 28635.51348099989
 28635.52994423918
 28635.54563288418
 28635.56056559983
 28635.57476105104
 28635.58823790274
 28635.60101481984
 28635.61311046728
 28635.62454350997
 28635.63533261284
 28635.64549644081
 28635.6550536588
 28635.66402293173
 28635.67242292453
 28635.68027230211
 28635.68758972941
 28635.69439387134
 28635.70070339282
 28635.70653695879
 28635.71191323415
 28635.71685088384
 28635.72136857277
 28635.72548496587
 28635.72921872806
 28635.73258852426
 28635.73561301941
 28635.7383108784
 28635.74070076617
 28635.74280134765
 28635.74463128775
 28635.74620925141
 28635.74755390353
 28635.74868390904
 28635.74961793286
 28635.75037463993
 28635.75097269515
 28635.75143076345
 28635.75176750976
 28635.752001599
 28635.75215169608
 28635.75223646594
 28635.75227457349
 28635.75228468366
 28635.75228546136
 28635.75229557153
 28635.75233367908
 28635.75241844893
 28635.75256854602
 28635.75280263525
 28635.75313938156
 28635.75359744987
 28635.75419550509
 28635.75495221215
 28635.75588623598
 28635.75701624149
 28635.75836089361
 28635.75993885726
 28635.76176879737
 28635.76386937884
 28635.76625926662
 28635.76895712561
 28635.77198162075
 28635.77535141696
 28635.77908517915
 28635.78320157225
 28635.78771926118
 28635.79265691086
 28635.79803318623
 28635.80386675219
 28635.81017627368
 28635.81698041561
 28635.8242978429
 28635.83214722049
 28635.84054721329
 28635.84951648622
 28635.85907370421
 28635.86923753218
 28635.88002663504
 28635.89145967774
 28635.90355532517
 28635.91633224228
 28635.92980909398
 28635.94400454519
 28635.95893726084
 28635.97462590584
 28635.99108914513
 28636.00834564362
 28636.02641406623
 28636.04531307789
 28636.06506134352
 28636.08567752805
 28636.10718029639
 28636.12958831347


# name: TRAIN_QUERIES
# type: cell
# rows: 1
# columns: 1
# name: <cell-element>
# type: sq_string
# elements: 1
# length: 2
R5





# name: TEST_QUERIES
# type: cell
# rows: 1
# columns: 1
# name: <cell-element>
# type: sq_string
# elements: 1
# length: 2
R2





# name: DATASIZE
# type: sq_string
# elements: 1
# length: 3
750


