# Created by Octave 3.8.2, Mon May 23 11:07:04 2016 CEST <Andrea@Andreas-MacBook-Pro.local>
# name: x
# type: matrix
# rows: 1
# columns: 100
 60 60.60606060606061 61.21212121212121 61.81818181818183 62.42424242424243 63.03030303030303 63.63636363636364 64.24242424242425 64.84848484848484 65.45454545454545 66.06060606060606 66.66666666666667 67.27272727272728 67.87878787878788 68.48484848484848 69.09090909090909 69.6969696969697 70.30303030303031 70.90909090909091 71.51515151515152 72.12121212121212 72.72727272727272 73.33333333333334 73.93939393939394 74.54545454545455 75.15151515151516 75.75757575757576 76.36363636363636 76.96969696969697 77.57575757575758 78.18181818181819 78.78787878787878 79.39393939393939 80 80.60606060606061 81.21212121212122 81.81818181818181 82.42424242424242 83.03030303030303 83.63636363636364 84.24242424242425 84.84848484848484 85.45454545454545 86.06060606060606 86.66666666666667 87.27272727272728 87.87878787878788 88.48484848484848 89.09090909090909 89.69696969696969 90.30303030303031 90.90909090909091 91.51515151515152 92.12121212121212 92.72727272727272 93.33333333333333 93.93939393939394 94.54545454545455 95.15151515151516 95.75757575757575 96.36363636363636 96.96969696969697 97.57575757575758 98.18181818181819 98.78787878787878 99.39393939393939 100 100.6060606060606 101.2121212121212 101.8181818181818 102.4242424242424 103.030303030303 103.6363636363636 104.2424242424242 104.8484848484848 105.4545454545455 106.0606060606061 106.6666666666667 107.2727272727273 107.8787878787879 108.4848484848485 109.0909090909091 109.6969696969697 110.3030303030303 110.9090909090909 111.5151515151515 112.1212121212121 112.7272727272727 113.3333333333333 113.9393939393939 114.5454545454545 115.1515151515151 115.7575757575758 116.3636363636364 116.969696969697 117.5757575757576 118.1818181818182 118.7878787878788 119.3939393939394 120


# name: y
# type: matrix
# rows: 100
# columns: 1
 28522.89844543969
 28522.42384063848
 28521.95892164953
 28521.50368847286
 28521.05814110846
 28520.62227955633
 28520.19610381647
 28519.77961388887
 28519.37280977355
 28518.9756914705
 28518.58825897971
 28518.2105123012
 28517.84245143496
 28517.48407638098
 28517.13538713928
 28516.79638370984
 28516.46706609267
 28516.14743428778
 28515.83748829515
 28515.53722811479
 28515.2466537467
 28514.96576519089
 28514.69456244734
 28514.43304551606
 28514.18121439705
 28513.93906909031
 28513.70660959584
 28513.48383591364
 28513.27074804371
 28513.06734598605
 28512.87362974066
 28512.68959930753
 28512.51525468668
 28512.3505958781
 28512.19562288178
 28512.05033569774
 28511.91473432597
 28511.78881876646
 28511.67258901923
 28511.56604508426
 28511.46918696156
 28511.38201465114
 28511.30452815298
 28511.23672746709
 28511.17861259348
 28511.13018353213
 28511.09144028305
 28511.06238284624
 28511.0430112217
 28511.03332540943
 28511.03332540943
 28511.0430112217
 28511.06238284624
 28511.09144028305
 28511.13018353213
 28511.17861259348
 28511.23672746709
 28511.30452815298
 28511.38201465114
 28511.46918696156
 28511.56604508426
 28511.67258901923
 28511.78881876646
 28511.91473432597
 28512.05033569774
 28512.19562288178
 28512.3505958781
 28512.51525468668
 28512.68959930753
 28512.87362974066
 28513.06734598605
 28513.27074804371
 28513.48383591364
 28513.70660959584
 28513.93906909031
 28514.18121439705
 28514.43304551606
 28514.69456244734
 28514.96576519089
 28515.2466537467
 28515.53722811479
 28515.83748829515
 28516.14743428778
 28516.46706609267
 28516.79638370984
 28517.13538713928
 28517.48407638098
 28517.84245143496
 28518.2105123012
 28518.58825897971
 28518.9756914705
 28519.37280977355
 28519.77961388887
 28520.19610381647
 28520.62227955633
 28521.05814110846
 28521.50368847286
 28521.95892164953
 28522.42384063848
 28522.89844543969


# name: TRAIN_QUERIES
# type: cell
# rows: 1
# columns: 1
# name: <cell-element>
# type: sq_string
# elements: 1
# length: 2
R5





# name: TEST_QUERIES
# type: cell
# rows: 1
# columns: 1
# name: <cell-element>
# type: sq_string
# elements: 1
# length: 2
R2





# name: DATASIZE
# type: sq_string
# elements: 1
# length: 3
750


