# Created by Octave 4.0.0, Wed May 18 23:29:49 2016 CEST <peter@Independence>
# name: x
# type: matrix
# rows: 1
# columns: 100
 60 60.60606060606061 61.21212121212122 61.81818181818181 62.42424242424242 63.03030303030303 63.63636363636364 64.24242424242424 64.84848484848484 65.45454545454545 66.06060606060606 66.66666666666666 67.27272727272727 67.87878787878788 68.48484848484848 69.09090909090909 69.69696969696969 70.3030303030303 70.90909090909091 71.51515151515152 72.12121212121212 72.72727272727272 73.33333333333333 73.93939393939394 74.54545454545455 75.15151515151516 75.75757575757575 76.36363636363636 76.96969696969697 77.57575757575758 78.18181818181819 78.78787878787878 79.39393939393939 80 80.60606060606061 81.21212121212122 81.81818181818181 82.42424242424242 83.03030303030303 83.63636363636364 84.24242424242425 84.84848484848484 85.45454545454545 86.06060606060606 86.66666666666667 87.27272727272727 87.87878787878788 88.48484848484848 89.09090909090909 89.6969696969697 90.3030303030303 90.90909090909091 91.51515151515152 92.12121212121212 92.72727272727272 93.33333333333333 93.93939393939394 94.54545454545455 95.15151515151516 95.75757575757575 96.36363636363636 96.96969696969697 97.57575757575758 98.18181818181819 98.78787878787878 99.39393939393939 100 100.6060606060606 101.2121212121212 101.8181818181818 102.4242424242424 103.030303030303 103.6363636363636 104.2424242424242 104.8484848484848 105.4545454545455 106.0606060606061 106.6666666666667 107.2727272727273 107.8787878787879 108.4848484848485 109.0909090909091 109.6969696969697 110.3030303030303 110.9090909090909 111.5151515151515 112.1212121212121 112.7272727272727 113.3333333333333 113.9393939393939 114.5454545454545 115.1515151515152 115.7575757575758 116.3636363636364 116.969696969697 117.5757575757576 118.1818181818182 118.7878787878788 119.3939393939394 120


# name: y
# type: matrix
# rows: 100
# columns: 1
 280507.2425855409
 279676.3147735535
 278832.1381898075
 277975.1347420259
 277105.7388178159
 276224.3969222634
 275331.5672994212
 274427.7195381336
 273513.3341626688
 272588.9022086569
 271654.9247848538
 270711.9126212796
 269760.3856042984
 268800.8722992335
 267833.9094611315
 266860.0415343086
 265879.8201413331
 264893.8035621169
 263902.5562038026
 262906.6480621551
 261906.6541751738
 260903.1540696617
 259896.7312014958
 258887.9723903567
 257877.4672496828
 256865.8076126251
 255853.5869547841
 254841.3998145165
 253829.8412116036
 252819.5060650764
 251810.9886109928
 250804.8818209647
 249801.7768222283
 248802.2623200516
 247806.924023266
 246816.3440737056
 245831.1004803293
 244851.7665587944
 243878.9103772389
 242913.0942090209
 241954.8739931488
 241004.7988031259
 240063.4103249147
 239131.2423447146
 238208.820247224
 237296.660525047
 236395.2702998777
 235505.146856082
 234626.7771872699
 233760.6375564332
 232907.1930701966
 232066.8972677101
 231240.1917246821
 230427.5056730287
 229629.2556365895
 228845.8450833292
 228077.6640944223
 227325.0890505843
 226588.4823359887
 225868.1920600768
 225164.5517975398
 224477.880346722
 223808.4815066643
 223156.6438729755
 222522.6406526916
 221906.729498249
 221309.1523606702
 220730.1353620283
 220169.888687227
 219628.606495102
 219106.4668488207
 218603.6316655271
 218120.2466851479
 217656.4414582492
 217212.3293528035
 216788.0075796981
 216383.5572367886
 215999.0433712765
 215634.5150601594
 215290.0055084804
 214965.5321650763
 214661.0968555009
 214376.6859317768
 214112.2704386029
 213867.8062956308
 213643.2344953933
 213438.4813164551
 213253.4585513348
 213088.063748728
 212942.1804695471
 212815.6785562751
 212708.4144151176
 212620.2313104231
 212550.9596708277
 212500.4174065715
 212468.4102374204
 212454.7320306205
 212459.1651483018
 212481.4808037423
 212521.4394258971


# name: QUERY
# type: sq_string
# elements: 1
# length: 2
R1


# name: DATASIZE
# type: sq_string
# elements: 1
# length: 3
750


