# Created by Octave 4.0.0, Sun May 22 18:32:23 2016 CEST <peter@Independence>
# name: x
# type: matrix
# rows: 1
# columns: 100
 60 60.60606060606061 61.21212121212122 61.81818181818181 62.42424242424242 63.03030303030303 63.63636363636364 64.24242424242424 64.84848484848484 65.45454545454545 66.06060606060606 66.66666666666666 67.27272727272727 67.87878787878788 68.48484848484848 69.09090909090909 69.69696969696969 70.3030303030303 70.90909090909091 71.51515151515152 72.12121212121212 72.72727272727272 73.33333333333333 73.93939393939394 74.54545454545455 75.15151515151516 75.75757575757575 76.36363636363636 76.96969696969697 77.57575757575758 78.18181818181819 78.78787878787878 79.39393939393939 80 80.60606060606061 81.21212121212122 81.81818181818181 82.42424242424242 83.03030303030303 83.63636363636364 84.24242424242425 84.84848484848484 85.45454545454545 86.06060606060606 86.66666666666667 87.27272727272727 87.87878787878788 88.48484848484848 89.09090909090909 89.6969696969697 90.3030303030303 90.90909090909091 91.51515151515152 92.12121212121212 92.72727272727272 93.33333333333333 93.93939393939394 94.54545454545455 95.15151515151516 95.75757575757575 96.36363636363636 96.96969696969697 97.57575757575758 98.18181818181819 98.78787878787878 99.39393939393939 100 100.6060606060606 101.2121212121212 101.8181818181818 102.4242424242424 103.030303030303 103.6363636363636 104.2424242424242 104.8484848484848 105.4545454545455 106.0606060606061 106.6666666666667 107.2727272727273 107.8787878787879 108.4848484848485 109.0909090909091 109.6969696969697 110.3030303030303 110.9090909090909 111.5151515151515 112.1212121212121 112.7272727272727 113.3333333333333 113.9393939393939 114.5454545454545 115.1515151515152 115.7575757575758 116.3636363636364 116.969696969697 117.5757575757576 118.1818181818182 118.7878787878788 119.3939393939394 120


# name: y
# type: matrix
# rows: 100
# columns: 1
 288158.0296984787
 287050.2186298964
 285924.2099049782
 284780.5539821336
 283619.8174016871
 282442.5823095223
 281249.445961017
 280041.0202058767
 278817.9309545024
 277580.8176265633
 276330.3325824681
 275067.1405384625
 273791.9179661014
 272505.3524768752
 271208.1421927876
 269900.9951037124
 268584.6284123688
 267259.7678677848
 265927.1470881265
 264587.5068737956
 263241.5945117095
 261890.1630716903
 260533.9706959052
 259173.7798823067
 257810.3567630337
 256444.4703787375
 255076.8919498068
 253708.3941454653
 252339.7503517185
 250971.7339391295
 249605.1175313969
 248240.6722757106
 246879.1671158515
 245521.3680689968
 244168.037507187
 242819.9334443954
 241477.8088301347
 240142.4108505198
 238814.4802376924
 237494.7505884968
 236183.9476932792
 234882.7888756637
 233591.982344138
 232312.226556261
 231044.2095962809
 229788.6085669288
 228546.0889961266
 227317.3042593242
 226102.8950181502
 224903.4886760346
 223719.6988514311
 222552.1248692362
 221401.3512709739
 220267.947344278
 219152.4666721757
 218055.4467026423
 216977.4083388602
 215918.8555505857
 214880.2750069872
 213862.1357312893
 212864.8887775159
 211888.9669295946
 210934.7844230474
 210002.736689455
 209093.2001238501
 208206.5318751567
 207343.0696597564
 206503.1315982306
 205687.0160752879
 204895.0016228553
 204127.3468262749
 203384.2902535139
 202666.0504072646
 201972.8256997749
 201304.7944502195
 200662.1149043905
 200044.9252764542
 199453.3438124918
 198887.4688755108
 198347.379051588
 197833.1332767756
 197344.7709843742
 196882.3122721554
 196445.7580890864
 196035.0904410906
 195650.2726153507
 195291.249422646
 194957.9474571876
 194650.2753734037
 194368.1241791033
 194111.3675444339
 193879.8621260321
 193673.4479057504
 193491.9485433332
 193335.1717424008
 193202.9096290908
 193094.9391426974
 193011.0224376396
 192950.9072960842
 192914.3275505423


# name: QUERY
# type: sq_string
# elements: 1
# length: 2
R1


# name: DATASIZE
# type: sq_string
# elements: 1
# length: 3
750


