# Created by Octave 4.0.0, Sun May 22 18:32:22 2016 CEST <peter@Independence>
# name: x
# type: matrix
# rows: 1
# columns: 100
 60 60.60606060606061 61.21212121212122 61.81818181818181 62.42424242424242 63.03030303030303 63.63636363636364 64.24242424242424 64.84848484848484 65.45454545454545 66.06060606060606 66.66666666666666 67.27272727272727 67.87878787878788 68.48484848484848 69.09090909090909 69.69696969696969 70.3030303030303 70.90909090909091 71.51515151515152 72.12121212121212 72.72727272727272 73.33333333333333 73.93939393939394 74.54545454545455 75.15151515151516 75.75757575757575 76.36363636363636 76.96969696969697 77.57575757575758 78.18181818181819 78.78787878787878 79.39393939393939 80 80.60606060606061 81.21212121212122 81.81818181818181 82.42424242424242 83.03030303030303 83.63636363636364 84.24242424242425 84.84848484848484 85.45454545454545 86.06060606060606 86.66666666666667 87.27272727272727 87.87878787878788 88.48484848484848 89.09090909090909 89.6969696969697 90.3030303030303 90.90909090909091 91.51515151515152 92.12121212121212 92.72727272727272 93.33333333333333 93.93939393939394 94.54545454545455 95.15151515151516 95.75757575757575 96.36363636363636 96.96969696969697 97.57575757575758 98.18181818181819 98.78787878787878 99.39393939393939 100 100.6060606060606 101.2121212121212 101.8181818181818 102.4242424242424 103.030303030303 103.6363636363636 104.2424242424242 104.8484848484848 105.4545454545455 106.0606060606061 106.6666666666667 107.2727272727273 107.8787878787879 108.4848484848485 109.0909090909091 109.6969696969697 110.3030303030303 110.9090909090909 111.5151515151515 112.1212121212121 112.7272727272727 113.3333333333333 113.9393939393939 114.5454545454545 115.1515151515152 115.7575757575758 116.3636363636364 116.969696969697 117.5757575757576 118.1818181818182 118.7878787878788 119.3939393939394 120


# name: y
# type: matrix
# rows: 100
# columns: 1
 265423.7151069727
 265225.2103449613
 265026.7055829499
 264828.2008209383
 264629.6960589271
 264431.1912969156
 264232.6865349044
 264034.181772893
 263835.6770108815
 263637.1722488703
 263438.6674868589
 263240.1627248473
 263041.657962836
 262843.1532008246
 262644.6484388132
 262446.1436768019
 262247.6389147905
 262049.134152779
 261850.6293907677
 261652.1246287563
 261453.6198667449
 261255.1151047336
 261056.6103427223
 260858.1055807109
 260659.6008186995
 260461.0960566881
 260262.5912946766
 260064.0865326653
 259865.5817706539
 259667.0770086426
 259468.5722466311
 259270.0674846197
 259071.5627226083
 258873.057960597
 258674.5531985855
 258476.0484365742
 258277.5436745628
 258079.0389125514
 257880.53415054
 257682.0293885286
 257483.5246265172
 257285.0198645059
 257086.5151024945
 256888.0103404831
 256689.5055784717
 256491.0008164603
 256292.4960544489
 256093.9912924376
 255895.4865304262
 255696.9817684148
 255498.4770064034
 255299.972244392
 255101.4674823806
 254902.9627203692
 254704.4579583578
 254505.9531963465
 254307.4484343351
 254108.9436723237
 253910.4389103123
 253711.9341483009
 253513.4293862895
 253314.9246242781
 253116.4198622667
 252917.9151002554
 252719.410338244
 252520.9055762326
 252322.4008142213
 252123.8960522098
 251925.3912901984
 251726.8865281871
 251528.3817661756
 251329.8770041642
 251131.3722421529
 250932.8674801415
 250734.3627181301
 250535.8579561188
 250337.3531941072
 250138.848432096
 249940.3436700845
 249741.8389080733
 249543.3341460619
 249344.8293840504
 249146.3246220391
 248947.8198600277
 248749.3150980164
 248550.8103360049
 248352.3055739934
 248153.8008119821
 247955.2960499707
 247756.7912879594
 247558.2865259478
 247359.7817639366
 247161.277001925
 246962.7722399136
 246764.2674779024
 246565.7627158911
 246367.2579538796
 246168.7531918683
 245970.2484298568
 245771.7436678455


# name: QUERY
# type: sq_string
# elements: 1
# length: 2
R1


# name: DATASIZE
# type: sq_string
# elements: 1
# length: 3
750


