# Created by Octave 4.0.0, Wed May 18 23:29:49 2016 CEST <peter@Independence>
# name: x
# type: matrix
# rows: 1
# columns: 100
 60 60.60606060606061 61.21212121212122 61.81818181818181 62.42424242424242 63.03030303030303 63.63636363636364 64.24242424242424 64.84848484848484 65.45454545454545 66.06060606060606 66.66666666666666 67.27272727272727 67.87878787878788 68.48484848484848 69.09090909090909 69.69696969696969 70.3030303030303 70.90909090909091 71.51515151515152 72.12121212121212 72.72727272727272 73.33333333333333 73.93939393939394 74.54545454545455 75.15151515151516 75.75757575757575 76.36363636363636 76.96969696969697 77.57575757575758 78.18181818181819 78.78787878787878 79.39393939393939 80 80.60606060606061 81.21212121212122 81.81818181818181 82.42424242424242 83.03030303030303 83.63636363636364 84.24242424242425 84.84848484848484 85.45454545454545 86.06060606060606 86.66666666666667 87.27272727272727 87.87878787878788 88.48484848484848 89.09090909090909 89.6969696969697 90.3030303030303 90.90909090909091 91.51515151515152 92.12121212121212 92.72727272727272 93.33333333333333 93.93939393939394 94.54545454545455 95.15151515151516 95.75757575757575 96.36363636363636 96.96969696969697 97.57575757575758 98.18181818181819 98.78787878787878 99.39393939393939 100 100.6060606060606 101.2121212121212 101.8181818181818 102.4242424242424 103.030303030303 103.6363636363636 104.2424242424242 104.8484848484848 105.4545454545455 106.0606060606061 106.6666666666667 107.2727272727273 107.8787878787879 108.4848484848485 109.0909090909091 109.6969696969697 110.3030303030303 110.9090909090909 111.5151515151515 112.1212121212121 112.7272727272727 113.3333333333333 113.9393939393939 114.5454545454545 115.1515151515152 115.7575757575758 116.3636363636364 116.969696969697 117.5757575757576 118.1818181818182 118.7878787878788 119.3939393939394 120


# name: y
# type: matrix
# rows: 1
# columns: 100
 270260.0756752992 270003.4460244153 269746.8163735314 269490.1867226475 269233.5570717637 268976.9274208798 268720.2977699959 268463.6681191121 268207.0384682282 267950.4088173443 267693.7791664604 267437.1495155766 267180.5198646927 266923.8902138089 266667.260562925 266410.6309120411 266154.0012611573 265897.3716102734 265640.7419593895 265384.1123085056 265127.4826576218 264870.8530067379 264614.223355854 264357.5937049701 264100.9640540863 263844.3344032024 263587.7047523186 263331.0751014347 263074.4454505508 262817.815799667 262561.1861487831 262304.5564978992 262047.9268470154 261791.2971961315 261534.6675452476 261278.0378943637 261021.4082434799 260764.778592596 260508.1489417121 260251.5192908283 259994.8896399444 259738.2599890605 259481.6303381767 259225.0006872928 258968.3710364089 258711.7413855251 258455.1117346412 258198.4820837573 257941.8524328734 257685.2227819896 257428.5931311057 257171.9634802218 256915.333829338 256658.7041784541 256402.0745275703 256145.4448766864 255888.8152258025 255632.1855749186 255375.5559240348 255118.9262731509 254862.296622267 254605.6669713832 254349.0373204993 254092.4076696154 253835.7780187316 253579.1483678477 253322.5187169638 253065.88906608 252809.2594151961 252552.6297643122 252296.0001134283 252039.3704625445 251782.7408116606 251526.1111607767 251269.4815098929 251012.851859009 250756.2222081251 250499.5925572413 250242.9629063574 249986.3332554735 249729.7036045897 249473.0739537058 249216.4443028219 248959.814651938 248703.1850010542 248446.5553501703 248189.9256992865 247933.2960484026 247676.6663975187 247420.0367466348 247163.407095751 246906.7774448671 246650.1477939832 246393.5181430994 246136.8884922155 245880.2588413316 245623.6291904477 245366.9995395639 245110.36988868 244853.7402377962


# name: QUERY
# type: sq_string
# elements: 1
# length: 2
R1


# name: DATASIZE
# type: sq_string
# elements: 1
# length: 3
750


