# Created by Octave 4.0.0, Sun May 22 18:32:22 2016 CEST <peter@Independence>
# name: x
# type: matrix
# rows: 1
# columns: 100
 60 60.60606060606061 61.21212121212122 61.81818181818181 62.42424242424242 63.03030303030303 63.63636363636364 64.24242424242424 64.84848484848484 65.45454545454545 66.06060606060606 66.66666666666666 67.27272727272727 67.87878787878788 68.48484848484848 69.09090909090909 69.69696969696969 70.3030303030303 70.90909090909091 71.51515151515152 72.12121212121212 72.72727272727272 73.33333333333333 73.93939393939394 74.54545454545455 75.15151515151516 75.75757575757575 76.36363636363636 76.96969696969697 77.57575757575758 78.18181818181819 78.78787878787878 79.39393939393939 80 80.60606060606061 81.21212121212122 81.81818181818181 82.42424242424242 83.03030303030303 83.63636363636364 84.24242424242425 84.84848484848484 85.45454545454545 86.06060606060606 86.66666666666667 87.27272727272727 87.87878787878788 88.48484848484848 89.09090909090909 89.6969696969697 90.3030303030303 90.90909090909091 91.51515151515152 92.12121212121212 92.72727272727272 93.33333333333333 93.93939393939394 94.54545454545455 95.15151515151516 95.75757575757575 96.36363636363636 96.96969696969697 97.57575757575758 98.18181818181819 98.78787878787878 99.39393939393939 100 100.6060606060606 101.2121212121212 101.8181818181818 102.4242424242424 103.030303030303 103.6363636363636 104.2424242424242 104.8484848484848 105.4545454545455 106.0606060606061 106.6666666666667 107.2727272727273 107.8787878787879 108.4848484848485 109.0909090909091 109.6969696969697 110.3030303030303 110.9090909090909 111.5151515151515 112.1212121212121 112.7272727272727 113.3333333333333 113.9393939393939 114.5454545454545 115.1515151515152 115.7575757575758 116.3636363636364 116.969696969697 117.5757575757576 118.1818181818182 118.7878787878788 119.3939393939394 120


# name: y
# type: matrix
# rows: 1
# columns: 100
 269881.8311822193 269632.7000061346 269383.5688300498 269134.437653965 268885.3064778802 268636.1753017954 268387.0441257107 268137.9129496259 267888.7817735411 267639.6505974563 267390.5194213716 267141.3882452868 266892.257069202 266643.1258931172 266393.9947170324 266144.8635409477 265895.7323648629 265646.6011887781 265397.4700126933 265148.3388366086 264899.2076605238 264650.076484439 264400.9453083542 264151.8141322694 263902.6829561847 263653.5517800999 263404.4206040151 263155.2894279303 262906.1582518455 262657.0270757608 262407.895899676 262158.7647235912 261909.6335475064 261660.5023714216 261411.3711953369 261162.2400192521 260913.1088431673 260663.9776670825 260414.8464909977 260165.715314913 259916.5841388282 259667.4529627434 259418.3217866586 259169.1906105739 258920.0594344891 258670.9282584043 258421.7970823195 258172.6659062347 257923.53473015 257674.4035540652 257425.2723779804 257176.1412018956 256927.0100258109 256677.8788497261 256428.7476736413 256179.6164975565 255930.4853214717 255681.354145387 255432.2229693022 255183.0917932174 254933.9606171326 254684.8294410478 254435.6982649631 254186.5670888783 253937.4359127935 253688.3047367087 253439.173560624 253190.0423845392 252940.9112084544 252691.7800323696 252442.6488562848 252193.5176802 251944.3865041153 251695.2553280305 251446.1241519457 251196.9929758609 250947.8617997761 250698.7306236914 250449.5994476066 250200.4682715218 249951.337095437 249702.2059193523 249453.0747432675 249203.9435671827 248954.8123910979 248705.6812150131 248456.5500389284 248207.4188628436 247958.2876867588 247709.156510674 247460.0253345892 247210.8941585045 246961.7629824197 246712.6318063349 246463.5006302501 246214.3694541654 245965.2382780806 245716.1071019958 245466.975925911 245217.8447498262


# name: QUERY
# type: sq_string
# elements: 1
# length: 2
R1


# name: DATASIZE
# type: sq_string
# elements: 1
# length: 3
750


