# Created by Octave 4.0.0, Wed May 18 23:29:49 2016 CEST <peter@Independence>
# name: x
# type: matrix
# rows: 1
# columns: 100
 60 60.60606060606061 61.21212121212122 61.81818181818181 62.42424242424242 63.03030303030303 63.63636363636364 64.24242424242424 64.84848484848484 65.45454545454545 66.06060606060606 66.66666666666666 67.27272727272727 67.87878787878788 68.48484848484848 69.09090909090909 69.69696969696969 70.3030303030303 70.90909090909091 71.51515151515152 72.12121212121212 72.72727272727272 73.33333333333333 73.93939393939394 74.54545454545455 75.15151515151516 75.75757575757575 76.36363636363636 76.96969696969697 77.57575757575758 78.18181818181819 78.78787878787878 79.39393939393939 80 80.60606060606061 81.21212121212122 81.81818181818181 82.42424242424242 83.03030303030303 83.63636363636364 84.24242424242425 84.84848484848484 85.45454545454545 86.06060606060606 86.66666666666667 87.27272727272727 87.87878787878788 88.48484848484848 89.09090909090909 89.6969696969697 90.3030303030303 90.90909090909091 91.51515151515152 92.12121212121212 92.72727272727272 93.33333333333333 93.93939393939394 94.54545454545455 95.15151515151516 95.75757575757575 96.36363636363636 96.96969696969697 97.57575757575758 98.18181818181819 98.78787878787878 99.39393939393939 100 100.6060606060606 101.2121212121212 101.8181818181818 102.4242424242424 103.030303030303 103.6363636363636 104.2424242424242 104.8484848484848 105.4545454545455 106.0606060606061 106.6666666666667 107.2727272727273 107.8787878787879 108.4848484848485 109.0909090909091 109.6969696969697 110.3030303030303 110.9090909090909 111.5151515151515 112.1212121212121 112.7272727272727 113.3333333333333 113.9393939393939 114.5454545454545 115.1515151515152 115.7575757575758 116.3636363636364 116.969696969697 117.5757575757576 118.1818181818182 118.7878787878788 119.3939393939394 120


# name: y
# type: matrix
# rows: 100
# columns: 1
 295326.1240143191
 294666.4657346767
 294006.8074550344
 293347.1491753921
 292687.4908957497
 292027.8326161074
 291368.174336465
 290708.5160568227
 290048.8577771803
 289389.199497538
 288729.5412178957
 288069.8829382533
 287410.224658611
 286750.5663789687
 286090.9080993263
 285431.249819684
 284771.5915400416
 284111.9332603993
 283452.2749807569
 282792.6167011146
 282132.9584214722
 281473.3001418299
 280813.6418621875
 280153.9835825452
 279494.3253029029
 278834.6670232606
 278175.0087436182
 277515.3504639759
 276855.6921843335
 276196.0339046912
 275536.3756250488
 274876.7173454065
 274217.0590657641
 273557.4007861218
 272897.7425064795
 272238.0842268371
 271578.4259471948
 270918.7676675525
 270259.1093879101
 269599.4511082678
 268939.7928286254
 268280.1345489831
 267620.4762693407
 266960.8179896984
 266301.159710056
 265641.5014304137
 264981.8431507713
 264322.1848711291
 263662.5265914867
 263002.8683118444
 262343.210032202
 261683.5517525597
 261023.8934729173
 260364.235193275
 259704.5769136326
 259044.9186339903
 258385.260354348
 257725.6020747056
 257065.9437950633
 256406.2855154209
 255746.6272357786
 255086.9689561362
 254427.3106764939
 253767.6523968516
 253107.9941172092
 252448.3358375669
 251788.6775579245
 251129.0192782822
 250469.3609986399
 249809.7027189975
 249150.0444393552
 248490.3861597128
 247830.7278800705
 247171.0696004281
 246511.4113207858
 245851.7530411435
 245192.0947615011
 244532.4364818588
 243872.7782022164
 243213.1199225741
 242553.4616429317
 241893.8033632894
 241234.1450836471
 240574.4868040047
 239914.8285243624
 239255.17024472
 238595.5119650777
 237935.8536854354
 237276.195405793
 236616.5371261507
 235956.8788465083
 235297.220566866
 234637.5622872237
 233977.9040075813
 233318.245727939
 232658.5874482966
 231998.9291686543
 231339.2708890119
 230679.6126093696
 230019.9543297273


# name: QUERY
# type: sq_string
# elements: 1
# length: 2
R1


# name: DATASIZE
# type: sq_string
# elements: 1
# length: 3
750


