# Created by Octave 4.0.0, Wed May 18 23:29:40 2016 CEST <peter@Independence>
# name: SVs
# type: cell
# rows: 1
# columns: 7
# name: <cell-element>
# type: sparse matrix
# nnz: 42
# rows: 6
# columns: 7
1 1 0.5522403994790906
2 1 -1.073991310757042
3 1 1.03317779858441
4 1 0.5327988108194464
5 1 1.210791226203514
6 1 -0.6278904234581438
1 2 0.579264132191722
2 2 -0.4026768998775759
3 2 0.6274538650968765
4 2 0.5694039851131457
5 2 0.6277316157188083
6 2 0.6034747280701042
1 3 1.207188249304244
2 3 -0.2116574812309349
3 3 -0.5527261664557376
4 3 -0.08887275455000598
5 3 0.3749806573557256
6 3 1.275401986349205
1 4 -0.5558770444921055
2 4 -0.9115699311387871
3 4 -0.3234440690596204
4 4 -0.08396767012918133
5 4 -0.6650501087103939
6 4 0.1555087288012578
1 5 0.2456675702175599
2 5 -0.7178832531988859
3 5 -0.07878382899834716
4 5 0.6258504804742788
5 5 -0.1063138525245313
6 5 -0.5606263871054145
1 6 1.077807504731946
2 6 -1.177123788292034
3 6 1.399560464817925
4 6 0.1147604256442156
5 6 1.467373006492833
6 6 -0.4347759998834531
1 7 -1.373638333057731
2 7 0.4236454672047208
3 7 -1.373638333057731
4 7 0.4236454672047208
5 7 -1.373638333057731
6 7 -0.474996432926505



# name: <cell-element>
# type: sparse matrix
# nnz: 238
# rows: 34
# columns: 7
1 1 -0.787117914290525
2 1 -0.5147597310766839
3 1 -0.5320020450010744
4 1 1.479894482809179
5 1 0.5522403994790906
6 1 -1.268055313395845
7 1 -0.7048650391920298
8 1 1.51446708164737
9 1 0.006380410189076519
10 1 -1.073991310757042
11 1 0.1045560343708099
12 1 -0.7682041515673417
13 1 -1.066337834678358
14 1 1.76931903796859
15 1 1.874972196250187
16 1 -0.08326202801987181
17 1 1.443914348140426
18 1 1.36174944403134
19 1 -0.9442341013770625
20 1 -0.4163201939267201
21 1 1.03317779858441
22 1 0.4777289714486891
23 1 0.2835769978204761
24 1 0.8747420466567203
25 1 1.527134904122433
26 1 -1.198822144730052
27 1 -1.228468368161275
28 1 1.210791226203514
29 1 1.442594783299273
30 1 -1.192488233492521
31 1 0.0460553264130566
32 1 -1.05586928693855
33 1 -0.6278904234581438
34 1 0.04411996464603318
1 2 0.4517303049547375
2 2 0.569079942720892
3 2 0.662496735230596
4 2 0.8849749833979091
5 2 0.579264132191722
6 2 -1.796012894798083
7 2 0.4899673072406718
8 2 0.4685805093519289
9 2 0.8213700909755438
10 2 -0.4026768998775759
11 2 0.5988455510379087
12 2 -0.649597202774881
13 2 -1.790041256426551
14 2 0.5158444068506444
15 2 0.6437022764798825
16 2 0.7811425425657653
17 2 0.6776341441258752
18 2 0.5929664962070205
19 2 -1.445260151068634
20 2 0.6046320223281531
21 2 0.6274538650968765
22 2 0.5593586709532815
23 2 0.4436292451483954
24 2 0.6801801914935827
25 2 0.6441651941831021
26 2 -1.00650675195715
27 2 -1.543722746543431
28 2 0.6277316157188083
29 2 0.4835327511659201
30 2 -1.902067340605681
31 2 0.4901524743219596
32 2 -1.508124375165848
33 2 0.6034747280701042
34 2 0.4388611928052341
1 3 -0.9074375990895323
2 3 -0.04794451232302967
3 3 -0.5663689138647297
4 3 0.4022661521737098
5 3 1.207188249304244
6 3 0.2794814254927809
7 3 0.3067669203107651
8 3 0.947976048533394
9 3 0.6887638477625441
10 3 -0.2116574812309349
11 3 0.6751211003535519
12 3 0.06119746694890718
13 3 -1.08479331540643
14 3 0.03391197213092297
15 3 -0.2116574812309349
16 3 -1.098436062815422
17 3 -0.1434437441859744
18 3 0.4022661521737098
19 3 -1.944286402172932
20 3 -1.398576505813248
21 3 -0.5527261664557376
22 3 2.73517595911136
23 3 -2.244426845170759
24 3 1.329972975985173
25 3 -0.225300228639927
26 3 -0.4162986923658165
27 3 -0.007016270096053349
28 3 0.3749806573557256
29 3 2.244037052387644
30 3 -1.303077273950303
31 3 -0.4162986923658165
32 3 -1.002936830952477
33 3 1.275401986349205
34 3 1.234473744122228
1 4 -0.6967455144511873
2 4 -0.2177927165903091
3 4 2.455186500883269
4 4 -0.7037889379491414
5 4 -0.5558770444921055
6 4 0.1449435935543266
7 4 0.7999819788640572
8 4 -0.3833131687922302
9 4 -0.07340253488225018
10 4 -0.9115699311387871
11 4 -0.4995296565084728
12 4 -0.2424446988331484
13 4 0.3703331454888576
14 4 1.16624000075767
15 4 3.937827147202605
16 4 -0.6544849734634628
17 4 0.3949851277316969
18 4 -0.4326171332779088
19 4 -1.358827323258872
20 4 -1.080612095089685
21 4 -0.3234440690596204
22 4 -0.3269657808085975
23 4 -0.8164837139164068
24 4 0.8316773846048506
25 4 0.4266805334724903
26 4 -0.3903565922901843
27 4 -0.6897020909532332
28 4 -0.6650501087103939
29 4 0.3703331454888576
30 4 -1.499695793217954
31 4 -0.2987920868167811
32 4 -2.154734178527684
33 4 0.1555087288012578
34 4 0.2858120635134085
1 5 0.1238640027139061
2 5 0.5961717721850754
3 5 -0.6074945734987719
4 5 -0.06522025643178812
5 5 0.2456675702175599
6 5 -0.7292981410024257
7 5 -0.7345355601122852
8 5 -0.2831774670805535
9 5 1.056124604268884
10 5 -0.7178832531988859
11 5 1.62821192242276
12 5 -0.698410797534024
13 5 -1.567822369770689
14 5 -0.4307652517404384
15 5 -0.3590528977746709
16 5 1.333976402686811
17 5 -0.4773648525384184
18 5 -0.6828328330021344
19 5 0.5525266129362468
20 5 0.3813032958831502
21 5 -0.07878382899834716
22 5 0.7092463078389636
23 5 1.37036975086045
24 5 0.0595377526210172
25 5 -0.2771342911845618
26 5 -1.914566373402921
27 5 -2.163948098710843
28 5 -0.1063138525245313
29 5 -0.3211823288264565
30 5 0.8047284869956316
31 5 1.204518145714901
32 5 -0.7863725800201247
33 5 -0.5606263871054145
34 5 0.679164721156694
1 6 -0.7258201843019481
2 6 -0.420431347366544
3 6 -0.4039390038582764
4 6 1.637056622354863
5 6 1.077807504731946
6 6 -0.9105857197376223
7 6 -0.5483311541653539
8 6 1.588525216968046
9 6 0.66690934095988
10 6 -1.177123788292034
11 6 0.2386212911756947
12 6 -1.059369417295686
13 6 -1.494645476574143
14 6 0.2695384249244295
15 6 -0.4375006824844302
16 6 0.5983435046835255
17 6 1.411100297010299
18 6 1.204873879205752
19 6 -0.6482949505317922
20 6 -0.3873184399923157
21 6 1.399560464817925
22 6 2.005449737551686
23 6 0.2854377492783668
24 6 1.816773481206374
25 6 0.2377558037612666
26 6 -1.481583027634164
27 6 -1.790658199853243
28 6 1.467373006492833
29 6 1.510006275425769
30 6 -0.7088630419970432
31 6 0.03729930205290626
32 6 -1.216038666851873
33 6 -0.4347759998834531
34 6 1.691966990536909
1 7 1.322287367335947
2 7 1.322287367335947
3 7 -0.474996432926505
4 7 -1.373638333057731
5 7 -1.373638333057731
6 7 -0.474996432926505
7 7 -0.474996432926505
8 7 -1.373638333057731
9 7 -0.474996432926505
10 7 0.4236454672047208
11 7 1.322287367335947
12 7 1.322287367335947
13 7 1.322287367335947
14 7 -0.474996432926505
15 7 0.4236454672047208
16 7 -0.474996432926505
17 7 -1.373638333057731
18 7 -1.373638333057731
19 7 1.322287367335947
20 7 0.4236454672047208
21 7 -1.373638333057731
22 7 -1.373638333057731
23 7 0.4236454672047208
24 7 -1.373638333057731
25 7 -0.474996432926505
26 7 -0.474996432926505
27 7 1.322287367335947
28 7 -1.373638333057731
29 7 -1.373638333057731
30 7 0.4236454672047208
31 7 0.4236454672047208
32 7 0.4236454672047208
33 7 -0.474996432926505
34 7 -1.373638333057731



