# Created by Octave 4.0.0, Sun May 22 18:32:22 2016 CEST <peter@Independence>
# name: SVs
# type: cell
# rows: 1
# columns: 7
# name: <cell-element>
# type: sparse matrix
# nnz: 154
# rows: 22
# columns: 7
1 1 0.5327988108194464
2 1 1.210791226203514
3 1 0.910810152314884
4 1 -1.169967660203521
5 1 1.456142315668437
6 1 1.442594783299273
7 1 0.2590330917750428
8 1 -0.504027270368645
9 1 -1.05586928693855
10 1 0.5522403994790906
11 1 0.8747420466567203
12 1 1.03317779858441
13 1 0.4388457941294004
14 1 -0.7738342948895915
15 1 -1.13530709037592
16 1 0.1205667544434582
17 1 -0.5147597310766839
18 1 1.36174944403134
19 1 -0.4237977280265833
20 1 0.2921101837932612
21 1 0.4777289714486891
22 1 1.015231716744738
1 2 0.5694039851131457
2 2 0.6277316157188083
3 2 0.5895409052031959
4 2 -1.812122430870123
5 2 0.6531920893958832
6 2 0.4835327511659201
7 2 0.215364525690838
8 2 0.5861153141993712
9 2 -1.508124375165848
10 2 0.579264132191722
11 2 0.6801801914935827
12 2 0.6274538650968765
13 2 0.5550535363133398
14 2 1.001028451595049
15 2 -1.845174754879999
16 2 0.563015720808716
17 2 0.569079942720892
18 2 0.5929664962070205
19 2 0.7042982038313209
20 2 0.2556383658709384
21 2 0.5593586709532815
22 2 0.623889398782086
1 3 -0.08887275455000598
2 3 0.3749806573557256
3 3 -0.1025155019589981
4 3 -0.4572269345927928
5 3 0.03391197213092297
6 3 2.244037052387644
7 3 -0.4981551768197691
8 3 -1.221220789496351
9 3 -1.002936830952477
10 3 1.207188249304244
11 3 1.329972975985173
12 3 -0.5527261664557376
13 3 1.848397377526873
14 3 0.07484021435789928
15 3 -0.4708696820017849
16 3 -0.7710101249996113
17 3 -0.04794451232302967
18 3 0.4022661521737098
19 3 0.006626477312938757
20 3 0.2385531832658045
21 3 2.73517595911136
22 3 1.016189785578355
1 4 -0.08396767012918133
2 4 -0.6650501087103939
3 4 1.102849189276083
4 4 -0.4502256920227941
5 4 -0.09101109362713541
6 4 0.3703331454888576
7 4 0.6062878326703196
8 4 -1.129916059575364
9 4 -2.154734178527684
10 4 -0.5558770444921055
11 4 0.8316773846048506
12 4 -0.3234440690596204
13 4 1.092284054029152
14 4 0.3703331454888576
15 4 0.4266805334724903
16 4 -0.834092272661292
17 4 -0.2177927165903091
18 4 -0.4326171332779088
19 4 0.4759844979581689
20 4 -1.017221283608098
21 4 -0.3269657808085975
22 4 0.2752469282664773
1 5 0.6258504804742788
2 5 -0.1063138525245313
3 5 0.1785211713732083
4 5 1.457257190965041
5 5 -0.5968854424813643
6 5 -0.3211823288264565
7 5 -0.09181023037415137
8 5 1.976298854031879
9 5 -0.7863725800201247
10 5 0.2456675702175599
11 5 0.0595377526210172
12 5 -0.07878382899834716
13 5 0.8905415847187129
14 5 -1.182939211594865
15 5 1.015031008176141
16 5 1.508154161289059
17 5 0.5961717721850754
18 5 -0.6828328330021344
19 5 1.66138224345187
20 5 0.8385702720131848
21 5 0.7092463078389636
22 5 0.3355094518713024
1 6 0.1147604256442156
2 6 1.467373006492833
3 6 0.7441621064699381
4 6 -0.4259768778367681
5 6 1.31644161794341
6 6 1.510006275425769
7 6 0.396765074845351
8 6 0.1166677034648996
9 6 -1.216038666851873
10 6 1.077807504731946
11 6 1.816773481206374
12 6 1.399560464817925
13 6 0.06557189092422214
14 6 -1.193776407247418
15 6 -0.5921184063175279
16 6 0.2179297309529799
17 6 -0.420431347366544
18 6 1.204873879205752
19 6 0.01109426644939069
20 6 0.7409405699829005
21 6 2.005449737551686
22 6 0.8834574975587172
1 7 0.4236454672047208
2 7 -1.373638333057731
3 7 -0.474996432926505
4 7 1.322287367335947
5 7 -1.373638333057731
6 7 -1.373638333057731
7 7 -0.474996432926505
8 7 0.4236454672047208
9 7 0.4236454672047208
10 7 -1.373638333057731
11 7 -1.373638333057731
12 7 -1.373638333057731
13 7 0.4236454672047208
14 7 1.322287367335947
15 7 0.4236454672047208
16 7 0.4236454672047208
17 7 1.322287367335947
18 7 -1.373638333057731
19 7 1.322287367335947
20 7 -0.474996432926505
21 7 -1.373638333057731
22 7 -0.474996432926505



# name: <cell-element>
# type: sparse matrix
# nnz: 266
# rows: 38
# columns: 7
1 1 0.04411996464603318
2 1 -0.907110343845977
3 1 0.5327988108194464
4 1 -1.226972861341302
5 1 1.210791226203514
6 1 -0.1658667870760077
7 1 0.006380410189076519
8 1 1.747502232594872
9 1 0.910810152314884
10 1 -1.169967660203521
11 1 1.456142315668437
12 1 1.442594783299273
13 1 -1.066337834678358
14 1 -1.10671651881762
15 1 -1.073991310757042
16 1 0.2590330917750428
17 1 -1.198822144730052
18 1 -0.6871828703205886
19 1 -1.05586928693855
20 1 0.5522403994790906
21 1 -0.9752878606388474
22 1 0.8747420466567203
23 1 1.03317779858441
24 1 -0.4163201939267201
25 1 1.590298074518924
26 1 0.4388457941294004
27 1 -0.7738342948895915
28 1 -1.13530709037592
29 1 0.0460553264130566
30 1 -1.228468368161275
31 1 1.76931903796859
32 1 -0.5147597310766839
33 1 -0.4237977280265833
34 1 0.2921101837932612
35 1 0.4777289714486891
36 1 -0.1154594101439887
37 1 1.527134904122433
38 1 1.015231716744738
1 2 0.4388611928052341
2 2 0.05130649166983144
3 2 0.5694039851131457
4 2 -1.940813552365156
5 2 0.6277316157188083
6 2 0.7183709020091951
7 2 0.8213700909755438
8 2 0.7757264054380967
9 2 0.5895409052031959
10 2 -1.812122430870123
11 2 0.6531920893958832
12 2 0.4835327511659201
13 2 -1.790041256426551
14 2 -1.129596569243227
15 2 -0.4026768998775759
16 2 0.215364525690838
17 2 -1.00650675195715
18 2 -1.640518838286638
19 2 -1.508124375165848
20 2 0.579264132191722
21 2 0.1106062494522551
22 2 0.6801801914935827
23 2 0.6274538650968765
24 2 0.6046320223281531
25 2 0.6206952666298712
26 2 0.5550535363133398
27 2 1.001028451595049
28 2 -1.845174754879999
29 2 0.4901524743219596
30 2 -1.543722746543431
31 2 0.5158444068506444
32 2 0.569079942720892
33 2 0.7042982038313209
34 2 0.2556383658709384
35 2 0.5593586709532815
36 2 0.5137612771861564
37 2 0.6441651941831021
38 2 0.623889398782086
1 3 1.234473744122228
2 3 -0.3617277027298481
3 3 -0.08887275455000598
4 3 0.2658386780837887
5 3 0.3749806573557256
6 3 -1.562289474721153
7 3 0.6887638477625441
8 3 -0.4026559449568244
9 3 -0.1025155019589981
10 3 -0.4572269345927928
11 3 0.03391197213092297
12 3 2.244037052387644
13 3 -1.08479331540643
14 3 -1.139364305042398
15 3 -0.2116574812309349
16 3 -0.4981551768197691
17 3 -0.4162986923658165
18 3 1.76654089307292
19 3 -1.002936830952477
20 3 1.207188249304244
21 3 0.4704798892186703
22 3 1.329972975985173
23 3 -0.5527261664557376
24 3 -1.398576505813248
25 3 0.170339446220844
26 3 1.848397377526873
27 3 0.07484021435789928
28 3 -0.4708696820017849
29 3 -0.4162986923658165
30 3 -0.007016270096053349
31 3 0.03391197213092297
32 3 -0.04794451232302967
33 3 0.006626477312938757
34 3 0.2385531832658045
35 3 2.73517595911136
36 3 0.4022661521737098
37 3 -0.225300228639927
38 3 1.016189785578355
1 4 0.2858120635134085
2 4 -1.52786948720977
3 4 -0.08396767012918133
4 4 1.10637090102506
5 4 -0.6650501087103939
6 4 -1.2778279530324
7 4 -0.07340253488225018
8 4 -0.4044434392860925
9 4 1.102849189276083
10 4 -0.4502256920227941
11 4 -0.09101109362713541
12 4 0.3703331454888576
13 4 0.3703331454888576
14 4 -0.7390060554389118
15 4 -0.9115699311387871
16 4 0.6062878326703196
17 4 -0.3903565922901843
18 4 2.56083785335258
19 4 -2.154734178527684
20 4 -0.5558770444921055
21 4 -0.5488336209941513
22 4 0.8316773846048506
23 4 -0.3234440690596204
24 4 -1.080612095089685
25 4 0.07098764682580869
26 4 1.092284054029152
27 4 0.3703331454888576
28 4 0.4266805334724903
29 4 -0.2987920868167811
30 4 -0.6897020909532332
31 4 1.16624000075767
32 4 -0.2177927165903091
33 4 0.4759844979581689
34 4 -1.017221283608098
35 4 -0.3269657808085975
36 4 0.6661569324029294
37 4 0.4266805334724903
38 4 0.2752469282664773
1 5 0.679164721156694
2 5 -0.8398211135002285
3 5 0.6258504804742788
4 5 -0.7244636002856324
5 5 -0.1063138525245313
6 5 1.225736407749716
7 5 1.056124604268884
8 5 -0.2706882368955041
9 5 0.1785211713732083
10 5 1.457257190965041
11 5 -0.5968854424813643
12 5 -0.3211823288264565
13 5 -1.567822369770689
14 5 -0.3659018304567947
15 5 -0.7178832531988859
16 5 -0.09181023037415137
17 5 -1.914566373402921
18 5 -1.280570075514553
19 5 -0.7863725800201247
