# Created by Octave 4.0.0, Sun May 22 18:32:10 2016 CEST <peter@Independence>
# name: mu
# type: matrix
# rows: 1
# columns: 8
 257314.9428571429 29577.47142857143 72897.67142857143 1879.514285714286 3302.842857142857 30350.65714285714 179389.8 90.57142857142857


# name: sigma
# type: matrix
# rows: 1
# columns: 8
 86772.27352664097 11367.38380123936 21602.11184504511 73.29901888683268 283.9528250120047 7446.415721549304 62392.58838406824 22.25580623057913


