# Created by Octave 4.0.0, Sun May 22 18:32:22 2016 CEST <peter@Independence>
# name: x
# type: matrix
# rows: 1
# columns: 100
 60 60.60606060606061 61.21212121212122 61.81818181818181 62.42424242424242 63.03030303030303 63.63636363636364 64.24242424242424 64.84848484848484 65.45454545454545 66.06060606060606 66.66666666666666 67.27272727272727 67.87878787878788 68.48484848484848 69.09090909090909 69.69696969696969 70.3030303030303 70.90909090909091 71.51515151515152 72.12121212121212 72.72727272727272 73.33333333333333 73.93939393939394 74.54545454545455 75.15151515151516 75.75757575757575 76.36363636363636 76.96969696969697 77.57575757575758 78.18181818181819 78.78787878787878 79.39393939393939 80 80.60606060606061 81.21212121212122 81.81818181818181 82.42424242424242 83.03030303030303 83.63636363636364 84.24242424242425 84.84848484848484 85.45454545454545 86.06060606060606 86.66666666666667 87.27272727272727 87.87878787878788 88.48484848484848 89.09090909090909 89.6969696969697 90.3030303030303 90.90909090909091 91.51515151515152 92.12121212121212 92.72727272727272 93.33333333333333 93.93939393939394 94.54545454545455 95.15151515151516 95.75757575757575 96.36363636363636 96.96969696969697 97.57575757575758 98.18181818181819 98.78787878787878 99.39393939393939 100 100.6060606060606 101.2121212121212 101.8181818181818 102.4242424242424 103.030303030303 103.6363636363636 104.2424242424242 104.8484848484848 105.4545454545455 106.0606060606061 106.6666666666667 107.2727272727273 107.8787878787879 108.4848484848485 109.0909090909091 109.6969696969697 110.3030303030303 110.9090909090909 111.5151515151515 112.1212121212121 112.7272727272727 113.3333333333333 113.9393939393939 114.5454545454545 115.1515151515152 115.7575757575758 116.3636363636364 116.969696969697 117.5757575757576 118.1818181818182 118.7878787878788 119.3939393939394 120


# name: y
# type: matrix
# rows: 100
# columns: 1
 273776.732867811
 273525.9940060612
 273280.2756592777
 273039.5778274606
 272803.9005106098
 272573.2437087256
 272347.6074218076
 272126.991649856
 271911.3963928709
 271700.8216508521
 271495.2674237997
 271294.7337117138
 271099.2205145941
 270908.7278324409
 270723.2556652541
 270542.8040130336
 270367.3728757796
 270196.9622534919
 270031.5721461706
 269871.2025538157
 269715.8534764272
 269565.5249140051
 269420.2168665493
 269279.92933406
 269144.6623165371
 269014.4158139804
 268889.1898263903
 268768.9843537665
 268653.7993961091
 268543.634953418
 268438.4910256934
 268338.3676129352
 268243.2647151433
 268153.1823323179
 268068.1204644588
 267988.0791115661
 267913.0582736398
 267843.0579506799
 267778.0781426863
 267718.1188496592
 267663.1800715984
 267613.2618085041
 267568.3640603761
 267528.4868272145
 267493.6301090193
 267463.7939057904
 267438.978217528
 267419.183044232
 267404.4083859024
 267394.6542425391
 267389.9206141422
 267390.2075007117
 267395.5149022476
 267405.8428187498
 267421.1912502185
 267441.5601966536
 267466.949658055
 267497.3596344229
 267532.7901257571
 267573.2411320577
 267618.7126533247
 267669.2046895581
 267724.7172407578
 267785.250306924
 267850.8038880565
 267921.3779841555
 267996.9725952208
 268077.5877212525
 268163.2233622506
 268253.8795182151
 268349.556189146
 268450.2533750433
 268555.9710759069
 268666.7092917369
 268782.4680225333
 268903.2472682962
 269029.0470290254
 269159.8673047209
 269295.7080953829
 269436.5694010113
 269582.4512216061
 269733.3535571672
 269889.2764076947
 270050.2197731886
 270216.1836536489
 270387.1680490756
 270563.1729594687
 270744.1983848282
 270930.244325154
 271121.3107804462
 271317.3977507048
 271518.5052359299
 271724.6332361213
 271935.7817512791
 272151.9507814032
 272373.1403264938
 272599.3503865508
 272830.5809615741
 273066.8320515638
 273308.10365652


# name: QUERY
# type: sq_string
# elements: 1
# length: 2
R1


# name: DATASIZE
# type: sq_string
# elements: 1
# length: 3
750


