# Created by Octave 4.0.0, Wed May 18 23:29:49 2016 CEST <peter@Independence>
# name: x
# type: matrix
# rows: 1
# columns: 100
 60 60.60606060606061 61.21212121212122 61.81818181818181 62.42424242424242 63.03030303030303 63.63636363636364 64.24242424242424 64.84848484848484 65.45454545454545 66.06060606060606 66.66666666666666 67.27272727272727 67.87878787878788 68.48484848484848 69.09090909090909 69.69696969696969 70.3030303030303 70.90909090909091 71.51515151515152 72.12121212121212 72.72727272727272 73.33333333333333 73.93939393939394 74.54545454545455 75.15151515151516 75.75757575757575 76.36363636363636 76.96969696969697 77.57575757575758 78.18181818181819 78.78787878787878 79.39393939393939 80 80.60606060606061 81.21212121212122 81.81818181818181 82.42424242424242 83.03030303030303 83.63636363636364 84.24242424242425 84.84848484848484 85.45454545454545 86.06060606060606 86.66666666666667 87.27272727272727 87.87878787878788 88.48484848484848 89.09090909090909 89.6969696969697 90.3030303030303 90.90909090909091 91.51515151515152 92.12121212121212 92.72727272727272 93.33333333333333 93.93939393939394 94.54545454545455 95.15151515151516 95.75757575757575 96.36363636363636 96.96969696969697 97.57575757575758 98.18181818181819 98.78787878787878 99.39393939393939 100 100.6060606060606 101.2121212121212 101.8181818181818 102.4242424242424 103.030303030303 103.6363636363636 104.2424242424242 104.8484848484848 105.4545454545455 106.0606060606061 106.6666666666667 107.2727272727273 107.8787878787879 108.4848484848485 109.0909090909091 109.6969696969697 110.3030303030303 110.9090909090909 111.5151515151515 112.1212121212121 112.7272727272727 113.3333333333333 113.9393939393939 114.5454545454545 115.1515151515152 115.7575757575758 116.3636363636364 116.969696969697 117.5757575757576 118.1818181818182 118.7878787878788 119.3939393939394 120


# name: y
# type: matrix
# rows: 100
# columns: 1
 254540.9323925776
 254517.4385860082
 254495.3278606819
 254474.5448394899
 254455.0352767878
 254436.7460583957
 254419.6252015983
 254403.621855145
 254388.6862992496
 254374.7699455906
 254361.8253373111
 254349.8061490186
 254338.6671867853
 254328.364388148
 254318.854822108
 254310.0966891312
 254302.0493211481
 254294.6731815537
 254287.9298652076
 254281.782098434
 254276.1937390217
 254271.1297762241
 254266.556330759
 254262.4406548089
 254258.751132021
 254255.4572775068
 254252.5297378425
 254249.9402910689
 254247.6618466915
 254245.6684456799
 254243.935260469
 254242.4385949576
 254241.1558845094
 254240.0656959527
 254239.1477275802
 254238.3828091493
 254237.752901882
 254237.2410984648
 254236.8316230487
 254236.5098312495
 254236.2622101473
 254236.076378287
 254235.9410856779
 254235.8462137941
 254235.782775574
 254235.7429154208
 254235.7199092021
 254235.7081642501
 254235.7032193618
 254235.7017447985
 254235.7015422861
 254235.7015450152
 254235.701817641
 254235.7035562831
 254235.7090885259
 254235.721873418
 254235.746501473
 254235.7886946688
 254235.8553064479
 254235.9543217177
 254236.0948568496
 254236.2871596801
 254236.5426095099
 254236.8737171045
 254237.2941246939
 254237.8186059726
 254238.4630660999
 254239.2445416994
 254240.1812008594
 254241.2923431328
 254242.5983995371
 254244.1209325542
 254245.8826361307
 254247.9073356778
 254250.2199880713
 254252.8466816514
 254255.814636223
 254259.1522030557
 254262.8888648833
 254267.0552359045
 254271.6830617826
 254276.8052196451
 254282.4557180846
 254288.6696971577
 254295.4834283862
 254302.9343147559
 254311.0608907175
 254319.9028221861
 254329.5009065417
 254339.8970726283
 254351.1343807551
 254363.2570226955
 254376.3103216875
 254390.3407324338
 254405.3958411015
 254421.5243653225
 254438.7761541932
 254457.2021882743
 254476.8545795915
 254497.7865716347


# name: QUERY
# type: sq_string
# elements: 1
# length: 2
R1


# name: DATASIZE
# type: sq_string
# elements: 1
# length: 3
750


