# Created by Octave 4.0.0, Wed May 18 23:29:49 2016 CEST <peter@Independence>
# name: x
# type: matrix
# rows: 1
# columns: 100
 60 60.60606060606061 61.21212121212122 61.81818181818181 62.42424242424242 63.03030303030303 63.63636363636364 64.24242424242424 64.84848484848484 65.45454545454545 66.06060606060606 66.66666666666666 67.27272727272727 67.87878787878788 68.48484848484848 69.09090909090909 69.69696969696969 70.3030303030303 70.90909090909091 71.51515151515152 72.12121212121212 72.72727272727272 73.33333333333333 73.93939393939394 74.54545454545455 75.15151515151516 75.75757575757575 76.36363636363636 76.96969696969697 77.57575757575758 78.18181818181819 78.78787878787878 79.39393939393939 80 80.60606060606061 81.21212121212122 81.81818181818181 82.42424242424242 83.03030303030303 83.63636363636364 84.24242424242425 84.84848484848484 85.45454545454545 86.06060606060606 86.66666666666667 87.27272727272727 87.87878787878788 88.48484848484848 89.09090909090909 89.6969696969697 90.3030303030303 90.90909090909091 91.51515151515152 92.12121212121212 92.72727272727272 93.33333333333333 93.93939393939394 94.54545454545455 95.15151515151516 95.75757575757575 96.36363636363636 96.96969696969697 97.57575757575758 98.18181818181819 98.78787878787878 99.39393939393939 100 100.6060606060606 101.2121212121212 101.8181818181818 102.4242424242424 103.030303030303 103.6363636363636 104.2424242424242 104.8484848484848 105.4545454545455 106.0606060606061 106.6666666666667 107.2727272727273 107.8787878787879 108.4848484848485 109.0909090909091 109.6969696969697 110.3030303030303 110.9090909090909 111.5151515151515 112.1212121212121 112.7272727272727 113.3333333333333 113.9393939393939 114.5454545454545 115.1515151515152 115.7575757575758 116.3636363636364 116.969696969697 117.5757575757576 118.1818181818182 118.7878787878788 119.3939393939394 120


# name: y
# type: matrix
# rows: 100
# columns: 1
 261765.3872808804
 261332.060358888
 260915.9120441062
 260516.5948928756
 260133.7614615369
 259767.0643064309
 259416.1559838983
 259080.6890502798
 258760.3160619162
 258454.6895751482
 258163.4621463165
 257886.2863317618
 257622.8146878249
 257372.6997708465
 257135.5941371674
 256911.1503431282
 256699.0209450698
 256498.8584993328
 256310.3155622579
 256133.0446901859
 255966.6984394576
 255810.9293664136
 255665.3900273946
 255529.7329787415
 255403.6107767949
 255286.6759778956
 255178.5811383843
 255078.9788146017
 254987.5215628886
 254903.8619395857
 254827.6525010337
 254758.5458035733
 254696.1944035453
 254640.2508572904
 254590.3677211494
 254546.1975514629
 254507.3929045718
 254473.6063368166
 254444.4904045383
 254419.6976640774
 254398.8806717747
 254381.691983971
 254367.7841570069
 254356.8097472233
 254348.4213109608
 254342.2714045602
 254338.0125843621
 254335.2974067074
 254333.7784279368
 254333.1082043909
 254332.9392924106
 254332.9242483365
 254332.7156285094
 254331.96598927
 254330.327886959
 254327.4538779172
 254322.9965184853
 254316.608365004
 254307.9419738141
 254296.6499012563
 254282.3847036713
 254264.7989373998
 254243.5451587826
 254218.2759241605
 254188.643789874
 254154.3013122641
 254114.9010476713
 254070.0955524364
 254019.5373829002
 253962.8790954034
 253899.7732462868
 253829.8723918909
 253752.8290885567
 253668.2958926247
 253575.9253604358
 253475.3700483306
 253366.28251265
 253248.3153097345
 253121.1209959251
 252984.3521275623
 252837.6612609869
 252680.7009525397
 252513.1237585614
 252334.5822353926
 252144.7289393742
 251943.2164268469
 251729.6972541514
 251503.8239776283
 251265.2491536186
 251013.6253384628
 250748.6050885018
 250469.8409600762
 250176.9855095267
 249869.6912931942
 249547.6108674193
 249210.3967885428
 248857.7016129054
 248489.1778968478
 248104.4781967107
 247703.255068835


# name: QUERY
# type: sq_string
# elements: 1
# length: 2
R1


# name: DATASIZE
# type: sq_string
# elements: 1
# length: 3
750


