# Created by Octave 4.0.0, Sun May 22 18:32:22 2016 CEST <peter@Independence>
# name: x
# type: matrix
# rows: 1
# columns: 100
 60 60.60606060606061 61.21212121212122 61.81818181818181 62.42424242424242 63.03030303030303 63.63636363636364 64.24242424242424 64.84848484848484 65.45454545454545 66.06060606060606 66.66666666666666 67.27272727272727 67.87878787878788 68.48484848484848 69.09090909090909 69.69696969696969 70.3030303030303 70.90909090909091 71.51515151515152 72.12121212121212 72.72727272727272 73.33333333333333 73.93939393939394 74.54545454545455 75.15151515151516 75.75757575757575 76.36363636363636 76.96969696969697 77.57575757575758 78.18181818181819 78.78787878787878 79.39393939393939 80 80.60606060606061 81.21212121212122 81.81818181818181 82.42424242424242 83.03030303030303 83.63636363636364 84.24242424242425 84.84848484848484 85.45454545454545 86.06060606060606 86.66666666666667 87.27272727272727 87.87878787878788 88.48484848484848 89.09090909090909 89.6969696969697 90.3030303030303 90.90909090909091 91.51515151515152 92.12121212121212 92.72727272727272 93.33333333333333 93.93939393939394 94.54545454545455 95.15151515151516 95.75757575757575 96.36363636363636 96.96969696969697 97.57575757575758 98.18181818181819 98.78787878787878 99.39393939393939 100 100.6060606060606 101.2121212121212 101.8181818181818 102.4242424242424 103.030303030303 103.6363636363636 104.2424242424242 104.8484848484848 105.4545454545455 106.0606060606061 106.6666666666667 107.2727272727273 107.8787878787879 108.4848484848485 109.0909090909091 109.6969696969697 110.3030303030303 110.9090909090909 111.5151515151515 112.1212121212121 112.7272727272727 113.3333333333333 113.9393939393939 114.5454545454545 115.1515151515152 115.7575757575758 116.3636363636364 116.969696969697 117.5757575757576 118.1818181818182 118.7878787878788 119.3939393939394 120


# name: y
# type: matrix
# rows: 100
# columns: 1
 259967.2606857204
 259957.6692888744
 259949.0003184391
 259941.1813968823
 259934.1444921969
 259927.8257403705
 259922.1652715558
 259917.1070399464
 259912.5986573536
 259908.5912304873
 259905.0392019396
 259901.900194871
 259899.1348614004
 259896.7067346973
 259894.582084777
 259892.7297779997
 259891.1211402715
 259889.7298239485
 259888.5316784449
 259887.5046245429
 259886.628532406
 259885.8851032955
 259885.2577549897
 259884.7315109061
 259884.2928929268
 259883.9298179267
 259883.6314980043
 259883.3883444165
 259883.1918752155
 259883.0346265887
 259882.9100679021
 259882.8125204461
 259882.7370798851
 259882.6795424088
 259882.636334588
 259882.6044469318
 259882.5813711494
 259882.5650411133
 259882.5537775267
 259882.5462362933
 259882.5413605902
 259882.5383366437
 259882.536553208
 259882.5355647475
 259882.535058321
 259882.5348241701
 259882.5347300092
 259882.5346990202
 259882.534691548
 259882.5346905014
 259882.5346904551
 259882.5346904552
 259882.5346905284
 259882.534691893
 259882.534700874
 259882.5347365204
 259882.5348419255
 259882.5350992509
 259882.5356484526
 259882.5367097107
 259882.5386095617
 259882.5418107339
 259882.5469456861
 259882.5548538485
 259882.5666225674
 259882.5836317524
 259882.6076022269
 259882.640647781
 259882.6853309282
 259882.7447223643
 259882.8224641298
 259882.9228364751
 259883.0508284286
 259883.2122120681
 259883.4136204943
 259883.6626295087
 259883.9678429932
 259884.3389819934
 259884.7869775043
 259885.3240669598
 259885.9638944244
 259886.7216144881
 259887.6139998648
 259888.6595526925
 259889.878619538
 259891.2935101033
 259892.9286196356
 259894.81055504
 259896.9682646958
 259899.4331719745
 259902.2393124624
 259905.4234748849
 259909.0253457344
 259913.0876576006
 259917.656341205
 259922.7806811367
 259928.5134752927
 259934.9111980202
 259942.0341669622
 259949.9467136061


# name: QUERY
# type: sq_string
# elements: 1
# length: 2
R1


# name: DATASIZE
# type: sq_string
# elements: 1
# length: 3
750


