# Created by Octave 4.0.0, Sun May 22 18:32:22 2016 CEST <peter@Independence>
# name: x
# type: matrix
# rows: 1
# columns: 100
 60 60.60606060606061 61.21212121212122 61.81818181818181 62.42424242424242 63.03030303030303 63.63636363636364 64.24242424242424 64.84848484848484 65.45454545454545 66.06060606060606 66.66666666666666 67.27272727272727 67.87878787878788 68.48484848484848 69.09090909090909 69.69696969696969 70.3030303030303 70.90909090909091 71.51515151515152 72.12121212121212 72.72727272727272 73.33333333333333 73.93939393939394 74.54545454545455 75.15151515151516 75.75757575757575 76.36363636363636 76.96969696969697 77.57575757575758 78.18181818181819 78.78787878787878 79.39393939393939 80 80.60606060606061 81.21212121212122 81.81818181818181 82.42424242424242 83.03030303030303 83.63636363636364 84.24242424242425 84.84848484848484 85.45454545454545 86.06060606060606 86.66666666666667 87.27272727272727 87.87878787878788 88.48484848484848 89.09090909090909 89.6969696969697 90.3030303030303 90.90909090909091 91.51515151515152 92.12121212121212 92.72727272727272 93.33333333333333 93.93939393939394 94.54545454545455 95.15151515151516 95.75757575757575 96.36363636363636 96.96969696969697 97.57575757575758 98.18181818181819 98.78787878787878 99.39393939393939 100 100.6060606060606 101.2121212121212 101.8181818181818 102.4242424242424 103.030303030303 103.6363636363636 104.2424242424242 104.8484848484848 105.4545454545455 106.0606060606061 106.6666666666667 107.2727272727273 107.8787878787879 108.4848484848485 109.0909090909091 109.6969696969697 110.3030303030303 110.9090909090909 111.5151515151515 112.1212121212121 112.7272727272727 113.3333333333333 113.9393939393939 114.5454545454545 115.1515151515152 115.7575757575758 116.3636363636364 116.969696969697 117.5757575757576 118.1818181818182 118.7878787878788 119.3939393939394 120


# name: y
# type: matrix
# rows: 100
# columns: 1
 271431.7192362932
 271403.9035886119
 271377.7254491164
 271353.1192537125
 271330.0207779106
 271308.3671368262
 271288.0967851796
 271269.1495172964
 271251.4664671069
 271234.9901081464
 271219.6642535552
 271205.4340560787
 271192.2460080669
 271180.0479414752
 271168.7890278637
 271158.4197783975
 271148.8920438467
 271140.1590145864
 271132.1752205966
 271124.8965314623
 271118.2801563735
 271112.284644125
 271106.8698831167
 271101.9971013537
 271097.6288664455
 271093.7290856071
 271090.2630056582
 271087.1972130234
 271084.4996337325
 271082.1395334202
 271080.0875173259
 271078.3155302944
 271076.7968567752
 271075.5061208227
 271074.4192860964
 271073.5136558609
 271072.7678729854
 271072.1619199443
 271071.6771188171
 271071.2961312881
 271071.0029586463
 271070.7829417861
 271070.6227612068
 271070.5104370124
 271070.4353289122
 271070.3881362201
 271070.3608978553
 271070.3469923417
 271070.3411378085
 271070.3393919895
 271070.3391522236
 271070.3391554548
 271070.3394782319
 271070.3415367088
 271070.3480866441
 271070.3632234017
 271070.3923819503
 271070.4423368635
 271070.5212023201
 271070.6384321036
 271070.8048196026
 271071.0324978106
 271071.3349393262
 271071.7269563529
 271072.224700699
 271072.845663778
 271073.6086766083
 271074.5339098132
 271075.642873621
 271076.9584178649
 271078.5047319833
 271080.3073450192
 271082.393125621
 271084.7902820416
 271087.5283621394
 271090.6382533771
 271094.1521828229
 271098.1037171498
 271102.5277626357
 271107.4605651637
 271112.9397102215
 271119.004122902
 271125.694067903
 271133.0511495275
 271141.1183116829
 271149.9398378822
 271159.5613512429
 271170.0298144878
 271181.3935299445
 271193.7021395455
 271207.0066248283
 271221.3593069356
 271236.8138466147
 271253.4252442181
 271271.2498397032
 271290.3453126324
 271310.7706821731
 271332.5863070975
 271355.8538857829
 271380.6364562115


# name: QUERY
# type: sq_string
# elements: 1
# length: 2
R1


# name: DATASIZE
# type: sq_string
# elements: 1
# length: 3
750


