# Created by Octave 4.0.0, Wed May 18 23:29:49 2016 CEST <peter@Independence>
# name: x
# type: matrix
# rows: 1
# columns: 100
 60 60.60606060606061 61.21212121212122 61.81818181818181 62.42424242424242 63.03030303030303 63.63636363636364 64.24242424242424 64.84848484848484 65.45454545454545 66.06060606060606 66.66666666666666 67.27272727272727 67.87878787878788 68.48484848484848 69.09090909090909 69.69696969696969 70.3030303030303 70.90909090909091 71.51515151515152 72.12121212121212 72.72727272727272 73.33333333333333 73.93939393939394 74.54545454545455 75.15151515151516 75.75757575757575 76.36363636363636 76.96969696969697 77.57575757575758 78.18181818181819 78.78787878787878 79.39393939393939 80 80.60606060606061 81.21212121212122 81.81818181818181 82.42424242424242 83.03030303030303 83.63636363636364 84.24242424242425 84.84848484848484 85.45454545454545 86.06060606060606 86.66666666666667 87.27272727272727 87.87878787878788 88.48484848484848 89.09090909090909 89.6969696969697 90.3030303030303 90.90909090909091 91.51515151515152 92.12121212121212 92.72727272727272 93.33333333333333 93.93939393939394 94.54545454545455 95.15151515151516 95.75757575757575 96.36363636363636 96.96969696969697 97.57575757575758 98.18181818181819 98.78787878787878 99.39393939393939 100 100.6060606060606 101.2121212121212 101.8181818181818 102.4242424242424 103.030303030303 103.6363636363636 104.2424242424242 104.8484848484848 105.4545454545455 106.0606060606061 106.6666666666667 107.2727272727273 107.8787878787879 108.4848484848485 109.0909090909091 109.6969696969697 110.3030303030303 110.9090909090909 111.5151515151515 112.1212121212121 112.7272727272727 113.3333333333333 113.9393939393939 114.5454545454545 115.1515151515152 115.7575757575758 116.3636363636364 116.969696969697 117.5757575757576 118.1818181818182 118.7878787878788 119.3939393939394 120


# name: y
# type: matrix
# rows: 100
# columns: 1
 269465.0395898398
 269269.6876883798
 269078.2472952443
 268890.7184104332
 268707.1010339466
 268527.3951657843
 268351.6008059465
 268179.7179544332
 268011.7466112442
 267847.6867763797
 267687.5384498396
 267531.3016316239
 267378.9763217327
 267230.5625201659
 267086.0602269235
 266945.4694420055
 266808.790165412
 266676.0223971429
 266547.1661371982
 266422.2213855779
 266301.1881422821
 266184.0664073107
 266070.8561806637
 265961.5574623412
 265856.1702523431
 265754.6945506694
 265657.1303573201
 265563.4776722953
 265473.7364955948
 265387.9068272189
 265305.9886671673
 265227.9820154402
 265153.8868720374
 265083.7032369592
 265017.4311102053
 264955.0704917759
 264896.6213816709
 264842.0837798903
 264791.4576864342
 264744.7431013024
 264701.9400244951
 264663.0484560123
 264628.0683958538
 264596.9998440198
 264569.8428005102
 264546.5972653251
 264527.2632384643
 264511.840719928
 264500.3297097161
 264492.7302078287
 264489.0422142656
 264489.265729027
 264493.4007521129
 264501.4472835231
 264513.4053232578
 264529.2748713169
 264549.0559277004
 264572.7484924084
 264600.3525654408
 264631.8681467975
 264667.2952364788
 264706.6338344844
 264749.8839408145
 264797.0455554691
 264848.118678448
 264903.1033097514
 264961.9994493792
 265024.8070973314
 265091.526253608
 265162.1569182091
 265236.6990911346
 265315.1527723845
 265397.5179619589
 265483.7946598576
 265573.9828660809
 265668.0825806285
 265766.0938035006
 265868.016534697
 265973.850774218
 266083.5965220633
 266197.2537782331
 266314.8225427273
 266436.3028155459
 266561.694596689
 266690.9978861564
 266824.2126839483
 266961.3389900646
 267102.3768045054
 267247.3261272706
 267396.1869583601
 267548.9592977742
 267705.6431455127
 267866.2385015755
 268030.7453659629
 268199.1637386746
 268371.4936197107
 268547.7350090714
 268727.8879067564
 268911.9523127658
 269099.9282270997


# name: QUERY
# type: sq_string
# elements: 1
# length: 2
R1


# name: DATASIZE
# type: sq_string
# elements: 1
# length: 3
750


