# Created by Octave 4.0.0, Sun May 22 18:32:22 2016 CEST <peter@Independence>
# name: x
# type: matrix
# rows: 1
# columns: 100
 60 60.60606060606061 61.21212121212122 61.81818181818181 62.42424242424242 63.03030303030303 63.63636363636364 64.24242424242424 64.84848484848484 65.45454545454545 66.06060606060606 66.66666666666666 67.27272727272727 67.87878787878788 68.48484848484848 69.09090909090909 69.69696969696969 70.3030303030303 70.90909090909091 71.51515151515152 72.12121212121212 72.72727272727272 73.33333333333333 73.93939393939394 74.54545454545455 75.15151515151516 75.75757575757575 76.36363636363636 76.96969696969697 77.57575757575758 78.18181818181819 78.78787878787878 79.39393939393939 80 80.60606060606061 81.21212121212122 81.81818181818181 82.42424242424242 83.03030303030303 83.63636363636364 84.24242424242425 84.84848484848484 85.45454545454545 86.06060606060606 86.66666666666667 87.27272727272727 87.87878787878788 88.48484848484848 89.09090909090909 89.6969696969697 90.3030303030303 90.90909090909091 91.51515151515152 92.12121212121212 92.72727272727272 93.33333333333333 93.93939393939394 94.54545454545455 95.15151515151516 95.75757575757575 96.36363636363636 96.96969696969697 97.57575757575758 98.18181818181819 98.78787878787878 99.39393939393939 100 100.6060606060606 101.2121212121212 101.8181818181818 102.4242424242424 103.030303030303 103.6363636363636 104.2424242424242 104.8484848484848 105.4545454545455 106.0606060606061 106.6666666666667 107.2727272727273 107.8787878787879 108.4848484848485 109.0909090909091 109.6969696969697 110.3030303030303 110.9090909090909 111.5151515151515 112.1212121212121 112.7272727272727 113.3333333333333 113.9393939393939 114.5454545454545 115.1515151515152 115.7575757575758 116.3636363636364 116.969696969697 117.5757575757576 118.1818181818182 118.7878787878788 119.3939393939394 120


# name: y
# type: matrix
# rows: 100
# columns: 1
 262828.3521484063
 262398.158094675
 261985.0184502089
 261588.5882832981
 261208.5226622325
 260844.476655302
 260496.1053307964
 260163.0637570058
 259845.0070022201
 259541.5901347291
 259252.4682228228
 258977.2963347912
 258715.7295389241
 258467.4229035116
 258232.0314968434
 258009.2103872095
 257798.6146428999
 257599.8993322045
 257412.7195234132
 257236.7302848159
 257071.5866847025
 256916.9437913631
 256772.4566730874
 256637.7803981655
 256512.5700348872
 256396.4806515425
 256289.1673164212
 256190.2850978134
 256099.489064009
 256016.4342832978
 255940.7758239698
 255872.1687543149
 255810.2681426231
 255754.7290571842
 255705.2065662882
 255661.3557382251
 255622.8316412846
 255589.2893437569
 255560.3839139317
 255535.7704200991
 255515.1039305489
 255498.039513571
 255484.2322374554
 255473.3371704921
 255465.0093809708
 255458.9039371817
 255454.6759074145
 255451.9803599592
 255450.4723631058
 255449.8069851441
 255449.6392943641
 255449.6243590557
 255449.4172475088
 255448.6730280134
 255447.0467688594
 255444.1935383367
 255439.7684047351
 255433.4264363448
 255424.8227014555
 255413.6122683572
 255399.4502053398
 255381.9915806933
 255360.8914627076
 255335.8049196726
 255306.3870198781
 255272.2928316143
 255233.1774231709
 255188.6958628379
 255138.5032189052
 255082.2545596627
 255019.6049534004
 254950.2094684082
 254873.7231729761
 254789.8011353938
 254698.0984239515
 254598.2701069389
 254489.971252646
 254372.8569293628
 254246.5822053791
 254110.8021489849
 253965.1718284701
 253809.3463121247
 253642.9806682385
 253465.7299651015
 253277.2492710036
 253077.1936542348
 252865.2181830849
 252640.9779258438
 252404.1279508016
 252154.3233262481
 251891.2191204733
 251614.470401767
 251323.7322384193
 251018.6596987199
 250698.907850959
 250364.1317634263
 250013.9865044118
 249648.1271422054
 249266.2087450971
 248867.8863813767


# name: QUERY
# type: sq_string
# elements: 1
# length: 2
R1


# name: DATASIZE
# type: sq_string
# elements: 1
# length: 3
750


