# Created by Octave 4.0.0, Wed May 18 23:35:55 2016 CEST <peter@Independence>
# name: x
# type: matrix
# rows: 1
# columns: 100
 60 60.60606060606061 61.21212121212122 61.81818181818182 62.42424242424242 63.03030303030303 63.63636363636364 64.24242424242425 64.84848484848484 65.45454545454545 66.06060606060606 66.66666666666667 67.27272727272728 67.87878787878788 68.48484848484848 69.09090909090909 69.6969696969697 70.30303030303031 70.90909090909091 71.51515151515152 72.12121212121212 72.72727272727273 73.33333333333334 73.93939393939394 74.54545454545455 75.15151515151516 75.75757575757576 76.36363636363637 76.96969696969697 77.57575757575758 78.18181818181819 78.7878787878788 79.39393939393939 80 80.60606060606061 81.21212121212122 81.81818181818183 82.42424242424242 83.03030303030303 83.63636363636364 84.24242424242425 84.84848484848486 85.45454545454545 86.06060606060606 86.66666666666667 87.27272727272728 87.87878787878789 88.48484848484848 89.09090909090909 89.6969696969697 90.30303030303031 90.90909090909091 91.51515151515152 92.12121212121212 92.72727272727273 93.33333333333334 93.93939393939394 94.54545454545455 95.15151515151516 95.75757575757576 96.36363636363637 96.96969696969697 97.57575757575758 98.18181818181819 98.7878787878788 99.39393939393941 100 100.6060606060606 101.2121212121212 101.8181818181818 102.4242424242424 103.030303030303 103.6363636363636 104.2424242424242 104.8484848484849 105.4545454545455 106.0606060606061 106.6666666666667 107.2727272727273 107.8787878787879 108.4848484848485 109.0909090909091 109.6969696969697 110.3030303030303 110.9090909090909 111.5151515151515 112.1212121212121 112.7272727272727 113.3333333333333 113.9393939393939 114.5454545454546 115.1515151515152 115.7575757575758 116.3636363636364 116.969696969697 117.5757575757576 118.1818181818182 118.7878787878788 119.3939393939394 120


# name: y
# type: matrix
# rows: 100
# columns: 1
 516586.5946440684
 515105.4283675923
 513578.8633115569
 512007.6028366743
 510392.3898446691
 508734.0061181252
 507033.271611428
 505291.0436939019
 503508.2163463139
 501685.719311999
 499824.5172039304
 497925.6085691306
 495990.0249118872
 494018.8296772972
 492013.1171967299
 489974.0115968481
 487902.6656738871
 485800.2597349334
 483668.0004079983
 481507.1194227135
 479318.8723635208
 477104.5373972597
 474865.4139770813
 472602.821524649
 470318.0980926022
 468012.5990092799
 465687.6955077102
 463344.7733408848
 460985.2313853395
 458610.4802350629
 456221.9407877545
 453821.0428254427
 451409.223591467
 448987.9263658116
 446558.5990407582
 444122.69269881
 441681.6601948054
 439236.9547441215
 436790.0285188275
 434342.3312536194
 431895.3088633274
 429450.4020737484
 427009.0450675135
 424572.6641466542
 422142.6764134843
 419720.4884713661
 417307.4951468743
 414905.0782348232
 412514.6052675604
 410137.4283098809
 407774.8827808516
 405428.2863037812
 403098.9375855061
 400788.1153261057
 398497.0771600958
 396227.0586300863
 393979.2721938291
 391754.9062655141
 389555.1242921128
 387381.063865502
 385233.8358710374
 383114.5236731849
 381024.1823387541
 378963.837898216
 376934.4866455234
 374937.094476798
 372972.5962681785
 371041.8952930734
 369145.8626789996
 367285.3369041307
 365461.1233336262
 363673.9937957542
 361924.686197769
 360213.9041814534
 358542.3168181843
 356910.558343329
 355319.227929737
 353768.8895000411
 352260.0715774407
 350793.2671745941
 349368.9337202089
 347987.4930228781
 346649.3312716704
 345354.799072951
 344104.2115228696
 342897.8483149224
 341735.9538819643
 340618.7375720142
 339546.3738571722
 338519.0025749381
 337536.7292011978
 336599.6251541192
 335707.7281281771
 334861.0424575098
 334059.5395077852
 333303.1580957418
 332591.8049355518
 331925.3551111388
 331303.6525735687
 330726.5106626221


# name: QUERY
# type: sq_string
# elements: 1
# length: 2
R4


# name: DATASIZE
# type: sq_string
# elements: 1
# length: 3
500


