# Created by Octave 4.0.0, Sun May 22 18:34:55 2016 CEST <peter@Independence>
# name: x
# type: matrix
# rows: 1
# columns: 100
 60 60.60606060606061 61.21212121212122 61.81818181818182 62.42424242424242 63.03030303030303 63.63636363636364 64.24242424242425 64.84848484848484 65.45454545454545 66.06060606060606 66.66666666666667 67.27272727272728 67.87878787878788 68.48484848484848 69.09090909090909 69.6969696969697 70.30303030303031 70.90909090909091 71.51515151515152 72.12121212121212 72.72727272727273 73.33333333333334 73.93939393939394 74.54545454545455 75.15151515151516 75.75757575757576 76.36363636363637 76.96969696969697 77.57575757575758 78.18181818181819 78.7878787878788 79.39393939393939 80 80.60606060606061 81.21212121212122 81.81818181818183 82.42424242424242 83.03030303030303 83.63636363636364 84.24242424242425 84.84848484848486 85.45454545454545 86.06060606060606 86.66666666666667 87.27272727272728 87.87878787878789 88.48484848484848 89.09090909090909 89.6969696969697 90.30303030303031 90.90909090909091 91.51515151515152 92.12121212121212 92.72727272727273 93.33333333333334 93.93939393939394 94.54545454545455 95.15151515151516 95.75757575757576 96.36363636363637 96.96969696969697 97.57575757575758 98.18181818181819 98.7878787878788 99.39393939393941 100 100.6060606060606 101.2121212121212 101.8181818181818 102.4242424242424 103.030303030303 103.6363636363636 104.2424242424242 104.8484848484849 105.4545454545455 106.0606060606061 106.6666666666667 107.2727272727273 107.8787878787879 108.4848484848485 109.0909090909091 109.6969696969697 110.3030303030303 110.9090909090909 111.5151515151515 112.1212121212121 112.7272727272727 113.3333333333333 113.9393939393939 114.5454545454546 115.1515151515152 115.7575757575758 116.3636363636364 116.969696969697 117.5757575757576 118.1818181818182 118.7878787878788 119.3939393939394 120


# name: y
# type: matrix
# rows: 100
# columns: 1
 524627.4299242254
 523069.4465174658
 521460.6044964105
 519801.6444665432
 518093.3535150509
 516336.5645618223
 514532.1556494743
 512681.0491733545
 510784.2110525754
 508842.6498432365
 506857.4157950931
 504829.5998530269
 502760.3326047693
 500650.7831764197
 498502.1580773932
 496315.6999965102
 494092.6865510321
 491834.428990517
 489542.2708574494
 487217.5866066631
 484861.780185648
 482476.2835778897
 480062.5553114472
 477622.0789350316
 475156.3614638907
 472666.9317978542
 470155.3391139272
 467623.1512358582
 465071.9529831337
 462503.3445018785
 459918.9395801576
 457320.3639501909
 454709.2535800032
 452087.2529570342
 449456.0133662334
 446817.1911651625
 444172.4460586137
 441523.4393752425
 438871.8323486913
 436219.2844056584
 433567.4514633378
 430917.9842386247
 428272.5265714437
 425632.7137645148
 423000.170941834
 420376.5114280869
 417763.3351511722
 415162.2270699497
 412574.7556292699
 410002.4712442833
 407446.904815958
 404909.5662796705
 402391.9431886596
 399895.4993340661
 397421.6734031985
 394971.8776775949
 392547.4967723655
 390149.8864182238
 387780.3722875281
 385440.2488655745
 383130.7783682948
 380853.1897074267
 378608.6775041394
 376398.4011520065
 374223.4839301326
 372085.012167152
 369984.0344567273
 367921.5609250906
 365898.5625510802
 363915.9705390403
 361974.6757448599
 360075.5281553502
 358219.3364210633
 356406.8674425823
 354638.8460102211
 352915.9544969985
 351238.8326046654
 349608.0771624903
 348024.2419784287
 346487.8377422311
 344999.3319799673
 343559.1490593781
 342167.6702453959
 340825.2338051096
 339532.135161384
 338288.627094287
 337094.9199894142
 335951.1821321456
 334857.5400468185
 333814.0788797452
 332820.8428249573
 331877.8355915145
 330985.0209111693
 330142.3230851414
 329349.6275687175
 328606.7815923558
 327913.5948179445
 327269.8400288342
 326675.2538522345
 326129.5375125466


# name: QUERY
# type: sq_string
# elements: 1
# length: 2
R4


# name: DATASIZE
# type: sq_string
# elements: 1
# length: 3
500


