# Created by Octave 4.0.0, Sun May 22 18:34:55 2016 CEST <peter@Independence>
# name: x
# type: matrix
# rows: 1
# columns: 100
 60 60.60606060606061 61.21212121212122 61.81818181818182 62.42424242424242 63.03030303030303 63.63636363636364 64.24242424242425 64.84848484848484 65.45454545454545 66.06060606060606 66.66666666666667 67.27272727272728 67.87878787878788 68.48484848484848 69.09090909090909 69.6969696969697 70.30303030303031 70.90909090909091 71.51515151515152 72.12121212121212 72.72727272727273 73.33333333333334 73.93939393939394 74.54545454545455 75.15151515151516 75.75757575757576 76.36363636363637 76.96969696969697 77.57575757575758 78.18181818181819 78.7878787878788 79.39393939393939 80 80.60606060606061 81.21212121212122 81.81818181818183 82.42424242424242 83.03030303030303 83.63636363636364 84.24242424242425 84.84848484848486 85.45454545454545 86.06060606060606 86.66666666666667 87.27272727272728 87.87878787878789 88.48484848484848 89.09090909090909 89.6969696969697 90.30303030303031 90.90909090909091 91.51515151515152 92.12121212121212 92.72727272727273 93.33333333333334 93.93939393939394 94.54545454545455 95.15151515151516 95.75757575757576 96.36363636363637 96.96969696969697 97.57575757575758 98.18181818181819 98.7878787878788 99.39393939393941 100 100.6060606060606 101.2121212121212 101.8181818181818 102.4242424242424 103.030303030303 103.6363636363636 104.2424242424242 104.8484848484849 105.4545454545455 106.0606060606061 106.6666666666667 107.2727272727273 107.8787878787879 108.4848484848485 109.0909090909091 109.6969696969697 110.3030303030303 110.9090909090909 111.5151515151515 112.1212121212121 112.7272727272727 113.3333333333333 113.9393939393939 114.5454545454546 115.1515151515152 115.7575757575758 116.3636363636364 116.969696969697 117.5757575757576 118.1818181818182 118.7878787878788 119.3939393939394 120


# name: y
# type: matrix
# rows: 100
# columns: 1
 478364.7059309854
 477911.4332184849
 477458.1605059843
 477004.8877934838
 476551.6150809833
 476098.3423684828
 475645.0696559822
 475191.7969434817
 474738.5242309811
 474285.2515184806
 473831.9788059801
 473378.7060934795
 472925.433380979
 472472.1606684785
 472018.8879559779
 471565.6152434774
 471112.3425309769
 470659.0698184763
 470205.7971059758
 469752.5243934753
 469299.2516809747
 468845.9789684742
 468392.7062559737
 467939.4335434731
 467486.1608309726
 467032.8881184721
 466579.6154059715
 466126.342693471
 465673.0699809705
 465219.7972684699
 464766.5245559694
 464313.2518434689
 463859.9791309683
 463406.7064184678
 462953.4337059673
 462500.1609934667
 462046.8882809662
 461593.6155684657
 461140.3428559651
 460687.0701434646
 460233.7974309641
 459780.5247184635
 459327.252005963
 458873.9792934625
 458420.7065809619
 457967.4338684614
 457514.1611559609
 457060.8884434603
 456607.6157309598
 456154.3430184593
 455701.0703059587
 455247.7975934582
 454794.5248809577
 454341.2521684571
 453887.9794559566
 453434.7067434561
 452981.4340309555
 452528.161318455
 452074.8886059544
 451621.6158934539
 451168.3431809534
 450715.0704684529
 450261.7977559523
 449808.5250434518
 449355.2523309512
 448901.9796184507
 448448.7069059502
 447995.4341934497
 447542.1614809491
 447088.8887684486
 446635.6160559481
 446182.3433434475
 445729.070630947
 445275.7979184465
 444822.5252059459
 444369.2524934454
 443915.9797809448
 443462.7070684443
 443009.4343559438
 442556.1616434433
 442102.8889309427
 441649.6162184422
 441196.3435059416
 440743.0707934411
 440289.7980809406
 439836.5253684401
 439383.2526559395
 438929.979943439
 438476.7072309385
 438023.4345184379
 437570.1618059374
 437116.8890934368
 436663.6163809363
 436210.3436684358
 435757.0709559352
 435303.7982434346
 434850.5255309342
 434397.2528184337
 433943.9801059331
 433490.7073934326


# name: QUERY
# type: sq_string
# elements: 1
# length: 2
R4


# name: DATASIZE
# type: sq_string
# elements: 1
# length: 3
500


