# Created by Octave 4.0.0, Wed May 18 23:35:55 2016 CEST <peter@Independence>
# name: x
# type: matrix
# rows: 1
# columns: 100
 60 60.60606060606061 61.21212121212122 61.81818181818182 62.42424242424242 63.03030303030303 63.63636363636364 64.24242424242425 64.84848484848484 65.45454545454545 66.06060606060606 66.66666666666667 67.27272727272728 67.87878787878788 68.48484848484848 69.09090909090909 69.6969696969697 70.30303030303031 70.90909090909091 71.51515151515152 72.12121212121212 72.72727272727273 73.33333333333334 73.93939393939394 74.54545454545455 75.15151515151516 75.75757575757576 76.36363636363637 76.96969696969697 77.57575757575758 78.18181818181819 78.7878787878788 79.39393939393939 80 80.60606060606061 81.21212121212122 81.81818181818183 82.42424242424242 83.03030303030303 83.63636363636364 84.24242424242425 84.84848484848486 85.45454545454545 86.06060606060606 86.66666666666667 87.27272727272728 87.87878787878789 88.48484848484848 89.09090909090909 89.6969696969697 90.30303030303031 90.90909090909091 91.51515151515152 92.12121212121212 92.72727272727273 93.33333333333334 93.93939393939394 94.54545454545455 95.15151515151516 95.75757575757576 96.36363636363637 96.96969696969697 97.57575757575758 98.18181818181819 98.7878787878788 99.39393939393941 100 100.6060606060606 101.2121212121212 101.8181818181818 102.4242424242424 103.030303030303 103.6363636363636 104.2424242424242 104.8484848484849 105.4545454545455 106.0606060606061 106.6666666666667 107.2727272727273 107.8787878787879 108.4848484848485 109.0909090909091 109.6969696969697 110.3030303030303 110.9090909090909 111.5151515151515 112.1212121212121 112.7272727272727 113.3333333333333 113.9393939393939 114.5454545454546 115.1515151515152 115.7575757575758 116.3636363636364 116.969696969697 117.5757575757576 118.1818181818182 118.7878787878788 119.3939393939394 120


# name: y
# type: matrix
# rows: 100
# columns: 1
 480619.8782356415
 479881.5571972132
 479143.2361587849
 478404.9151203566
 477666.5940819283
 476928.2730434999
 476189.9520050717
 475451.6309666434
 474713.3099282151
 473974.9888897868
 473236.6678513585
 472498.3468129302
 471760.0257745018
 471021.7047360736
 470283.3836976453
 469545.0626592169
 468806.7416207886
 468068.4205823604
 467330.099543932
 466591.7785055038
 465853.4574670755
 465115.1364286471
 464376.8153902189
 463638.4943517905
 462900.1733133622
 462161.8522749339
 461423.5312365056
 460685.2101980773
 459946.889159649
 459208.5681212207
 458470.2470827924
 457731.9260443641
 456993.6050059358
 456255.2839675075
 455516.9629290792
 454778.6418906509
 454040.3208522226
 453301.9998137943
 452563.678775366
 451825.3577369377
 451087.0366985094
 450348.7156600811
 449610.3946216528
 448872.0735832245
 448133.7525447962
 447395.4315063679
 446657.1104679396
 445918.7894295113
 445180.468391083
 444442.1473526547
 443703.8263142264
 442965.5052757981
 442227.1842373698
 441488.8631989415
 440750.5421605132
 440012.2211220849
 439273.9000836565
 438535.5790452283
 437797.2580068
 437058.9369683716
 436320.6159299433
 435582.294891515
 434843.9738530868
 434105.6528146584
 433367.3317762302
 432629.0107378018
 431890.6896993736
 431152.3686609453
 430414.0476225169
 429675.7265840886
 428937.4055456603
 428199.084507232
 427460.7634688037
 426722.4424303754
 425984.1213919471
 425245.8003535189
 424507.4793150906
 423769.1582766622
 423030.8372382339
 422292.5161998056
 421554.1951613773
 420815.8741229491
 420077.5530845207
 419339.2320460925
 418600.9110076641
 417862.5899692358
 417124.2689308075
 416385.9478923791
 415647.6268539509
 414909.3058155226
 414170.9847770943
 413432.663738666
 412694.3427002376
 411956.0216618094
 411217.7006233811
 410479.3795849528
 409741.0585465245
 409002.7375080962
 408264.4164696679
 407526.0954312396


# name: QUERY
# type: sq_string
# elements: 1
# length: 2
R4


# name: DATASIZE
# type: sq_string
# elements: 1
# length: 3
500


