# Created by Octave 4.0.0, Wed May 18 23:35:55 2016 CEST <peter@Independence>
# name: x
# type: matrix
# rows: 1
# columns: 100
 60 60.60606060606061 61.21212121212122 61.81818181818182 62.42424242424242 63.03030303030303 63.63636363636364 64.24242424242425 64.84848484848484 65.45454545454545 66.06060606060606 66.66666666666667 67.27272727272728 67.87878787878788 68.48484848484848 69.09090909090909 69.6969696969697 70.30303030303031 70.90909090909091 71.51515151515152 72.12121212121212 72.72727272727273 73.33333333333334 73.93939393939394 74.54545454545455 75.15151515151516 75.75757575757576 76.36363636363637 76.96969696969697 77.57575757575758 78.18181818181819 78.7878787878788 79.39393939393939 80 80.60606060606061 81.21212121212122 81.81818181818183 82.42424242424242 83.03030303030303 83.63636363636364 84.24242424242425 84.84848484848486 85.45454545454545 86.06060606060606 86.66666666666667 87.27272727272728 87.87878787878789 88.48484848484848 89.09090909090909 89.6969696969697 90.30303030303031 90.90909090909091 91.51515151515152 92.12121212121212 92.72727272727273 93.33333333333334 93.93939393939394 94.54545454545455 95.15151515151516 95.75757575757576 96.36363636363637 96.96969696969697 97.57575757575758 98.18181818181819 98.7878787878788 99.39393939393941 100 100.6060606060606 101.2121212121212 101.8181818181818 102.4242424242424 103.030303030303 103.6363636363636 104.2424242424242 104.8484848484849 105.4545454545455 106.0606060606061 106.6666666666667 107.2727272727273 107.8787878787879 108.4848484848485 109.0909090909091 109.6969696969697 110.3030303030303 110.9090909090909 111.5151515151515 112.1212121212121 112.7272727272727 113.3333333333333 113.9393939393939 114.5454545454546 115.1515151515152 115.7575757575758 116.3636363636364 116.969696969697 117.5757575757576 118.1818181818182 118.7878787878788 119.3939393939394 120


# name: y
# type: matrix
# rows: 1
# columns: 100
 464533.677639987 464238.1748950469 463942.6721501069 463647.1694051669 463351.6666602269 463056.1639152868 462760.6611703468 462465.1584254068 462169.6556804668 461874.1529355267 461578.6501905867 461283.1474456467 460987.6447007067 460692.1419557667 460396.6392108267 460101.1364658866 459805.6337209466 459510.1309760066 459214.6282310666 458919.1254861265 458623.6227411865 458328.1199962465 458032.6172513065 457737.1145063664 457441.6117614264 457146.1090164864 456850.6062715464 456555.1035266064 456259.6007816663 455964.0980367264 455668.5952917863 455373.0925468463 455077.5898019063 454782.0870569663 454486.5843120262 454191.0815670862 453895.5788221462 453600.0760772062 453304.5733322661 453009.0705873261 452713.5678423861 452418.0650974461 452122.562352506 451827.059607566 451531.556862626 451236.054117686 450940.5513727459 450645.048627806 450349.5458828659 450054.0431379259 449758.5403929859 449463.0376480459 449167.5349031058 448872.0321581658 448576.5294132258 448281.0266682858 447985.5239233458 447690.0211784057 447394.5184334657 447099.0156885257 446803.5129435857 446508.0101986456 446212.5074537056 445917.0047087656 445621.5019638256 445325.9992188856 445030.4964739456 444734.9937290055 444439.4909840655 444143.9882391255 443848.4854941855 443552.9827492454 443257.4800043054 442961.9772593654 442666.4745144254 442370.9717694853 442075.4690245453 441779.9662796053 441484.4635346653 441188.9607897252 440893.4580447852 440597.9552998452 440302.4525549052 440006.9498099652 439711.4470650252 439415.9443200852 439120.4415751451 438824.9388302051 438529.4360852651 438233.9333403251 437938.430595385 437642.927850445 437347.425105505 437051.922360565 436756.4196156249 436460.9168706849 436165.4141257449 435869.9113808049 435574.4086358648 435278.9058909249


# name: QUERY
# type: sq_string
# elements: 1
# length: 2
R4


# name: DATASIZE
# type: sq_string
# elements: 1
# length: 3
500


