# Created by Octave 4.0.0, Sun May 22 18:34:55 2016 CEST <peter@Independence>
# name: x
# type: matrix
# rows: 1
# columns: 100
 60 60.60606060606061 61.21212121212122 61.81818181818182 62.42424242424242 63.03030303030303 63.63636363636364 64.24242424242425 64.84848484848484 65.45454545454545 66.06060606060606 66.66666666666667 67.27272727272728 67.87878787878788 68.48484848484848 69.09090909090909 69.6969696969697 70.30303030303031 70.90909090909091 71.51515151515152 72.12121212121212 72.72727272727273 73.33333333333334 73.93939393939394 74.54545454545455 75.15151515151516 75.75757575757576 76.36363636363637 76.96969696969697 77.57575757575758 78.18181818181819 78.7878787878788 79.39393939393939 80 80.60606060606061 81.21212121212122 81.81818181818183 82.42424242424242 83.03030303030303 83.63636363636364 84.24242424242425 84.84848484848486 85.45454545454545 86.06060606060606 86.66666666666667 87.27272727272728 87.87878787878789 88.48484848484848 89.09090909090909 89.6969696969697 90.30303030303031 90.90909090909091 91.51515151515152 92.12121212121212 92.72727272727273 93.33333333333334 93.93939393939394 94.54545454545455 95.15151515151516 95.75757575757576 96.36363636363637 96.96969696969697 97.57575757575758 98.18181818181819 98.7878787878788 99.39393939393941 100 100.6060606060606 101.2121212121212 101.8181818181818 102.4242424242424 103.030303030303 103.6363636363636 104.2424242424242 104.8484848484849 105.4545454545455 106.0606060606061 106.6666666666667 107.2727272727273 107.8787878787879 108.4848484848485 109.0909090909091 109.6969696969697 110.3030303030303 110.9090909090909 111.5151515151515 112.1212121212121 112.7272727272727 113.3333333333333 113.9393939393939 114.5454545454546 115.1515151515152 115.7575757575758 116.3636363636364 116.969696969697 117.5757575757576 118.1818181818182 118.7878787878788 119.3939393939394 120


# name: y
# type: matrix
# rows: 1
# columns: 100
 456134.1144574237 456026.2970850968 455918.4797127699 455810.6623404431 455702.8449681161 455595.0275957893 455487.2102234624 455379.3928511355 455271.5754788086 455163.7581064817 455055.9407341548 454948.123361828 454840.3059895011 454732.4886171742 454624.6712448473 454516.8538725204 454409.0365001935 454301.2191278667 454193.4017555398 454085.5843832129 453977.767010886 453869.9496385591 453762.1322662322 453654.3148939054 453546.4975215785 453438.6801492516 453330.8627769247 453223.0454045978 453115.2280322709 453007.4106599441 452899.5932876171 452791.7759152903 452683.9585429634 452576.1411706365 452468.3237983096 452360.5064259827 452252.6890536558 452144.871681329 452037.0543090021 451929.2369366752 451821.4195643483 451713.6021920214 451605.7848196945 451497.9674473677 451390.1500750408 451282.3327027139 451174.515330387 451066.6979580601 450958.8805857332 450851.0632134064 450743.2458410794 450635.4284687526 450527.6110964257 450419.7937240988 450311.9763517719 450204.1589794451 450096.3416071181 449988.5242347913 449880.7068624644 449772.8894901375 449665.0721178106 449557.2547454837 449449.4373731568 449341.62000083 449233.8026285031 449125.9852561762 449018.1678838493 448910.3505115224 448802.5331391955 448694.7157668687 448586.8983945418 448479.0810222149 448371.263649888 448263.4462775611 448155.6289052342 448047.8115329074 447939.9941605804 447832.1767882536 447724.3594159267 447616.5420435998 447508.7246712729 447400.9072989461 447293.0899266191 447185.2725542923 447077.4551819654 446969.6378096385 446861.8204373116 446754.0030649847 446646.1856926578 446538.368320331 446430.5509480041 446322.7335756772 446214.9162033503 446107.0988310234 445999.2814586965 445891.4640863697 445783.6467140428 445675.8293417159 445568.011969389 445460.1945970621


# name: QUERY
# type: sq_string
# elements: 1
# length: 2
R4


# name: DATASIZE
# type: sq_string
# elements: 1
# length: 3
500


