# Created by Octave 4.0.0, Sun May 22 18:34:55 2016 CEST <peter@Independence>
# name: SVs
# type: cell
# rows: 1
# columns: 7
# name: <cell-element>
# type: sparse matrix
# nnz: 56
# rows: 8
# columns: 7
1 1 -2.862609423206875
2 1 0.298522633340695
3 1 0.2809490728751204
4 1 0.972644412800139
5 1 -3.661854953181211
6 1 -0.1869762637882476
7 1 -2.282681927842911
8 1 -0.737614491709587
1 2 2.561140165969547
2 2 0.7382905809680003
3 2 -0.407241904213908
4 2 -0.2153856919798286
5 2 0.2002309116014133
6 2 -0.4835532515519577
7 2 -0.7853495404594985
8 2 -2.403408786559499
1 3 -0.3226221824001445
2 3 -0.1603003700772644
3 3 -0.005356821950878824
4 3 -1.259661735354952
5 3 0.7177130693055871
6 3 0.9169262026109399
7 3 -1.023557281067127
8 3 -1.429361811874327
1 4 3.72780909198343
2 4 -0.4151177668203009
3 4 -0.3810247996798862
4 4 0.03061621097845469
5 4 -0.2970550843155313
6 4 -0.4100669568735728
7 4 -0.1114378187732734
8 4 -0.4226939817403931
1 5 2.723121436786416
2 5 -0.1173378895922031
3 5 -0.4286011654569856
4 5 3.21299202993099
5 5 1.765420268694774
6 5 -0.3614414873645843
7 5 0.5340901954340918
8 5 4.037829314737665
1 6 -0.5643865470827127
2 6 -0.2387674785917621
3 6 -0.273633887713809
4 6 -0.5660883766526069
5 6 -0.7560181825356728
6 6 1.873153791171749
7 6 -0.8774669291144844
8 6 0.09735792616952692
1 7 1.635455771119944
2 7 -0.354348750409321
3 7 -0.354348750409321
4 7 1.635455771119944
5 7 1.635455771119944
6 7 -1.349251011173954
7 7 0.6405535103553116
8 7 0.6405535103553116



# name: <cell-element>
# type: sparse matrix
# nnz: 196
# rows: 28
# columns: 7
1 1 0.5525191606031341
2 1 0.1206782014290795
3 1 -3.964588821468177
4 1 0.4908945419038523
5 1 -0.09699963420450534
6 1 0.2793088738983334
7 1 -2.862609423206875
8 1 0.9843601197771888
9 1 -0.2434459714176275
10 1 0.4836308035780815
11 1 0.972644412800139
12 1 1.04809356573234
13 1 -3.661854953181211
14 1 0.2190901400362976
15 1 -0.1869762637882476
16 1 1.098236791594113
17 1 0.07568988663720833
18 1 -2.282681927842911
19 1 -0.07919175959938969
20 1 0.2038597209661329
21 1 -0.2788274064883178
22 1 -0.737614491709587
23 1 -0.05060543457538824
24 1 0.6521026699080572
25 1 -0.1904909758813625
26 1 -0.06958487987820887
27 1 0.919923731403415
28 1 0.08857716431196308
1 2 -0.5745232757798021
2 2 -1.43593611183304
3 2 -1.803696446744657
4 2 -0.8909782415771377
5 2 -0.2063318033126024
6 2 -0.1679605608657865
7 2 2.561140165969547
8 2 0.654218757629471
9 2 -0.2067629408681846
10 2 -1.304870294936051
11 2 -0.2153856919798286
12 2 -0.2309066439807878
13 2 0.2002309116014133
14 2 -0.6055651797817205
15 2 -0.4835532515519577
16 2 -1.344966087605195
17 2 0.6136918274047442
18 2 -0.7853495404594985
19 2 0.8391767689742353
20 2 1.685499790582096
21 2 0.2666260951610723
22 2 -2.403408786559499
23 2 -1.248822412710365
24 2 -0.4744993628847314
25 2 0.6171409278494018
26 2 0.02475792647945743
27 2 0.9659312103154024
28 2 0.9051408149783121
1 3 1.558835187705966
2 3 0.2455041607299359
3 3 -0.3004873898106609
4 3 -0.3004873898106609
5 3 1.920370133334199
6 3 0.6808217483231144
7 3 -0.3226221824001445
8 3 -1.281796527944436
9 3 0.9611957877899073
10 3 -0.1603003700772644
11 3 -1.259661735354952
12 3 -0.02749161454036247
13 3 0.7177130693055871
14 3 -0.4259178811510682
15 3 0.9169262026109399
16 3 -0.3447569749896282
17 3 -1.79089675750256
18 3 -1.023557281067127
19 3 0.8357652964494999
20 3 0.99808710877238
21 3 0.7177130693055871
22 3 -1.429361811874327
23 3 -2.145053438934299
24 3 -0.3373787107931336
25 3 0.6291738989476525
26 3 1.72853526422534
27 3 -1.134231244014545
28 3 -2.425427478401091
1 4 3.823774480971264
2 4 -0.3627156136229968
3 4 -0.2560172534983655
4 4 -0.3601902086496327
5 4 3.542823177684513
6 4 -0.1947761828942872
7 4 3.72780909198343
8 4 -0.2156107739245406
9 4 -0.048302694439172
10 4 -0.513608560781499
11 4 0.03061621097845469
12 4 -0.09060322774301992
13 4 -0.2970550843155313
14 4 -0.4460539777440106
15 4 -0.4100669568735728
16 4 -0.2282377987913609
17 4 -0.2844280594487111
18 4 -0.1114378187732734
19 4 -0.27748319577196
20 4 -0.3772366922198401
21 4 -0.1322724098035268
22 4 -0.4226939817403931
23 4 -0.513608560781499
24 4 -0.1196453849367065
25 4 -0.2598053609584116
26 4 -0.3437750763227664
27 4 -0.4233253329837341
28 4 -0.3052626504789646
1 5 -0.6949527061268496
2 5 -0.2059138117821813
3 5 1.075941963572784
4 5 -0.547949943243482
5 5 -0.4714336536521394
6 5 0.4544550353431019
7 5 2.723121436786416
8 5 -0.7305078298228267
9 5 -0.2620534807758295
10 5 -0.7070123387254851
11 5 3.21299202993099
12 5 -0.4117592647588911
13 5 1.765420268694774
14 5 -0.8550547251087349
15 5 -0.3614414873645843
16 5 -1.00101786449222
17 5 -0.04705934100015473
18 5 0.5340901954340918
19 5 -0.2553998903765823
20 5 -0.1749330314856866
21 5 -0.3664316801640197
22 5 4.037829314737665
23 5 -0.4672751596526099
24 5 0.2939371669612636
25 5 -0.2655882006754295
26 5 -0.3747486681630787
27 5 -0.3984520839603968
28 5 -0.6878832663276494
1 6 -0.713852190382427
2 6 -0.2618828248572256
3 6 -0.9144852384364801
4 6 -0.7423402547941679
5 6 1.858554625109351
6 6 -0.1606028683877383
7 6 -0.5643865470827127
8 6 -1.030751140416069
9 6 1.879229744677487
10 6 -0.7660674158223619
11 6 -0.5660883766526069
12 6 -0.6778184105636759
13 6 -0.7560181825356728
14 6 -0.3824173654687388
15 6 1.873153791171749
16 6 -1.051447357044988
17 6 -0.2276211981443148
18 6 -0.8774669291144844
19 6 1.912534971301531
20 6 -0.28968875097029
21 6 1.835875284766753
22 6 0.09735792616952692
23 6 -1.058929781269647
24 6 -0.9540281626989385
25 6 1.935101793986616
26 6 1.882872503839491
27 6 -0.6945413474116443
28 6 -0.7745132724894813
1 7 0.6405535103553116
2 7 -0.354348750409321
3 7 1.635455771119944
4 7 0.6405535103553116
5 7 -1.349251011173954
6 7 -0.354348750409321
7 7 1.635455771119944
8 7 1.635455771119944
9 7 -1.349251011173954
10 7 0.6405535103553116
11 7 1.635455771119944
12 7 0.6405535103553116
13 7 1.635455771119944
14 7 -0.354348750409321
15 7 -1.349251011173954
16 7 1.635455771119944
17 7 -0.354348750409321
18 7 0.6405535103553116
19 7 -1.349251011173954
20 7 -0.354348750409321
21 7 -1.349251011173954
22 7 0.6405535103553116
23 7 1.635455771119944
24 7 1.635455771119944
25 7 -1.349251011173954
26 7 -1.349251011173954
27 7 0.6405535103553116
28 7 0.6405535103553116



