# Created by Octave 4.0.0, Wed May 18 23:35:47 2016 CEST <peter@Independence>
# name: SVs
# type: cell
# rows: 1
# columns: 7
# name: <cell-element>
# type: sparse matrix
# nnz: 63
# rows: 9
# columns: 7
1 1 1.090738739128801
2 1 0.06256829482291258
3 1 -2.862609423206875
4 1 0.5543936737194621
5 1 0.8468177198666245
6 1 0.2425215539903971
7 1 0.2190901400362976
8 1 0.7580126609805872
9 1 -0.09699963420450534
1 2 -0.7495651233461758
2 2 0.8146019283060498
3 2 2.561140165969547
4 2 -1.707552771849827
5 2 -0.4279365068818537
6 2 -1.340223574493791
7 2 -0.6055651797817205
8 2 2.982792695328939
9 2 -0.2063318033126024
1 3 -1.318687848926909
2 3 1.153030656898766
3 3 -0.3226221824001445
4 3 -0.4037830885615846
5 3 -1.525279246428756
6 3 -1.908948984646473
7 3 -0.4259178811510682
8 3 -0.5513483724914755
9 3 1.920370133334199
1 4 -0.4498420852040567
2 4 -0.3841815558965913
3 4 3.72780909198343
4 4 -0.4005966882234576
5 4 -0.3077880554523286
6 4 -0.3778680434631811
7 4 -0.4460539777440106
8 4 1.816077527146841
9 4 3.542823177684513
1 5 -0.7926773151157925
2 5 -0.3323320293678779
3 5 2.723121436786416
4 5 -0.5485737173434114
5 5 -0.8284403635117462
6 5 2.692972355289827
7 5 -0.8550547251087349
8 5 -0.06618841339799039
9 5 -0.4714336536521394
1 6 -1.010751126793015
2 6 1.894820472596724
3 6 -0.5643865470827127
4 6 -0.7560603766572404
5 6 -1.048261700866633
6 6 -0.02168575547993019
7 6 -0.3824173654687388
8 6 -0.121376400037037
9 6 1.858554625109351
1 7 1.635455771119944
2 7 -1.349251011173954
3 7 1.635455771119944
4 7 1.635455771119944
5 7 1.635455771119944
6 7 0.6405535103553116
7 7 -0.354348750409321
8 7 -0.354348750409321
9 7 -1.349251011173954



# name: <cell-element>
# type: sparse matrix
# nnz: 84
# rows: 12
# columns: 7
1 1 -3.964588821468177
2 1 -2.862609423206875
3 1 0.5543936737194621
4 1 -2.762322971483329
5 1 -0.2788274064883178
6 1 -2.282681927842911
7 1 0.9843601197771888
8 1 0.2425215539903971
9 1 0.298756947480236
10 1 0.7580126609805872
11 1 0.2038597209661329
12 1 -0.09699963420450534
1 2 -1.803696446744657
2 2 2.561140165969547
3 2 -1.707552771849827
4 2 -1.481205555169171
5 2 0.2666260951610723
6 2 -0.7853495404594985
7 2 0.654218757629471
8 2 -1.340223574493791
9 2 -0.6573016864515847
10 2 2.982792695328939
11 2 1.685499790582096
12 2 -0.2063318033126024
1 3 -0.3004873898106609
2 3 -0.3226221824001445
3 3 -0.4037830885615846
4 3 -0.1750568984702535
5 3 0.7177130693055871
6 3 -1.023557281067127
7 3 -1.281796527944436
8 3 -1.908948984646473
9 3 -0.2193264836492208
10 3 -0.5513483724914755
11 3 0.99808710877238
12 3 1.920370133334199
1 4 -0.2560172534983655
2 4 3.72780909198343
3 4 -0.4005966882234576
4 4 -0.468782622504287
5 4 -0.1322724098035268
6 4 -0.1114378187732734
7 4 -0.2156107739245406
8 4 -0.3778680434631811
9 4 -0.3665037210830429
10 4 1.816077527146841
11 4 -0.3772366922198401
12 4 3.542823177684513
1 5 1.075941963572784
2 5 2.723121436786416
3 5 -0.5485737173434114
4 5 2.811489434276418
5 5 -0.3664316801640197
6 5 0.5340901954340918
7 5 -0.7305078298228267
8 5 2.692972355289827
9 5 -0.3728773458632904
10 5 -0.06618841339799039
11 5 -0.1749330314856866
12 5 -0.4714336536521394
1 6 -0.9144852384364801
2 6 -0.5643865470827127
3 6 -0.7560603766572404
4 6 -0.243795611411904
5 6 1.835875284766753
6 6 -0.8774669291144844
7 6 -1.030751140416069
8 6 -0.02168575547993019
9 6 -0.7348718952766984
10 6 -0.121376400037037
11 6 -0.28968875097029
12 6 1.858554625109351
1 7 1.635455771119944
2 7 1.635455771119944
3 7 1.635455771119944
4 7 0.6405535103553116
5 7 -1.349251011173954
6 7 0.6405535103553116
7 7 1.635455771119944
8 7 0.6405535103553116
9 7 0.6405535103553116
10 7 -0.354348750409321
11 7 -0.354348750409321
12 7 -1.349251011173954



# name: <cell-element>
# type: sparse matrix
# nnz: 133
# rows: 19
# columns: 7
1 1 -3.964588821468177
2 1 -0.06583585364555294
3 1 0.2793088738983334
4 1 -2.862609423206875
5 1 0.5543936737194621
6 1 -2.295100577238584
7 1 -2.762322971483329
8 1 -0.2788274064883178
9 1 -0.06958487987820887
10 1 -2.282681927842911
11 1 -0.1761978133693618
12 1 0.9843601197771888
13 1 -0.113870252251457
14 1 1.098236791594113
15 1 0.298756947480236
16 1 0.919923731403415
17 1 0.07568988663720833
18 1 -0.09699963420450534
19 1 1.04809356573234
1 2 -1.803696446744657
2 2 1.062506022765815
3 2 -0.1679605608657865
4 2 2.561140165969547
5 2 -1.707552771849827
6 2 -0.03818815663554393
7 2 -1.481205555169171
8 2 0.2666260951610723
9 2 0.02475792647945743
10 2 -0.7853495404594985
11 2 0.1752249333776456
12 2 0.654218757629471
13 2 -0.5305472451104176
14 2 -1.344966087605195
15 2 -0.6573016864515847
16 2 0.9659312103154024
17 2 0.6136918274047442
18 2 -0.2063318033126024
19 2 -0.2309066439807878
1 3 -0.3004873898106609
2 3 0.9243044668074345
3 3 0.6808217483231144
4 3 -0.3226221824001445
5 3 -0.4037830885615846
6 3 0.6660652199301252
7 3 -0.1750568984702535
8 3 0.7177130693055871
9 3 1.72853526422534
10 3 -1.023557281067127
11 3 0.260260689122925
12 3 -1.281796527944436
13 3 0.6439304273406417
14 3 -0.3447569749896282
15 3 -0.2193264836492208
16 3 -1.134231244014545
17 3 -1.79089675750256
18 3 1.920370133334199
19 3 -0.02749161454036247
1 4 -0.2560172534983655
2 4 -0.4050161469268447
3 4 -0.1947761828942872
4 4 3.72780909198343
5 4 -0.4005966882234576
6 4 3.384354015605919
7 4 -0.468782622504287
8 4 -0.1322724098035268
9 4 -0.3437750763227664
10 4 -0.1114378187732734
11 4 -0.2894788693954392
12 4 -0.2156107739245406
13 4 -0.09565403768974802
14 4 -0.2282377987913609
15 4 -0.3665037210830429
16 4 -0.4233253329837341
17 4 -0.2844280594487111
18 4 3.542823177684513
19 4 -0.09060322774301992
1 5 1.075941963572784
2 5 -0.5417122022441877
3 5 0.4544550353431019
4 5 2.723121436786416
5 5 -0.5485737173434114
6 5 1.706785503301408
7 5 2.811489434276418
8 5 -0.3664316801640197
9 5 -0.3747486681630787
10 5 0.5340901954340918
11 5 -0.4691464819523981
12 5 -0.7305078298228267
13 5 -0.5404646540443289
14 5 -1.00101786449222
15 5 -0.3728773458632904
16 5 -0.3984520839603968
17 5 -0.04705934100015473
18 5 -0.4714336536521394
19 5 -0.4117592647588911
1 6 -0.9144852384364801
2 6 1.861276145950462
3 6 -0.1606028683877383
4 6 -0.5643865470827127
5 6 -0.7560603766572404
6 6 -0.3997310200186539
7 6 -0.243795611411904
8 6 1.835875284766753
9 6 1.882872503839491
10 6 -0.8774669291144844
11 6 1.831402707880585
12 6 -1.030751140416069
13 6 1.847900609413526
14 6 -1.051447357044988
15 6 -0.7348718952766984
16 6 -0.6945413474116443
17 6 -0.2276211981443148
18 6 1.858554625109351
19 6 -0.6778184105636759
1 7 1.635455771119944
2 7 -1.349251011173954
3 7 -0.354348750409321
4 7 1.635455771119944
5 7 1.635455771119944
6 7 0.6405535103553116
7 7 0.6405535103553116
8 7 -1.349251011173954
9 7 -1.349251011173954
10 7 0.6405535103553116
11 7 -1.349251011173954
12 7 1.635455771119944
13 7 -1.349251011173954
14 7 1.635455771119944
15 7 0.6405535103553116
16 7 0.6405535103553116
17 7 -0.354348750409321
18 7 -1.349251011173954
19 7 0.6405535103553116



