# Created by Octave 4.0.0, Sun May 22 18:34:55 2016 CEST <peter@Independence>
# name: x
# type: matrix
# rows: 1
# columns: 100
 60 60.60606060606061 61.21212121212122 61.81818181818182 62.42424242424242 63.03030303030303 63.63636363636364 64.24242424242425 64.84848484848484 65.45454545454545 66.06060606060606 66.66666666666667 67.27272727272728 67.87878787878788 68.48484848484848 69.09090909090909 69.6969696969697 70.30303030303031 70.90909090909091 71.51515151515152 72.12121212121212 72.72727272727273 73.33333333333334 73.93939393939394 74.54545454545455 75.15151515151516 75.75757575757576 76.36363636363637 76.96969696969697 77.57575757575758 78.18181818181819 78.7878787878788 79.39393939393939 80 80.60606060606061 81.21212121212122 81.81818181818183 82.42424242424242 83.03030303030303 83.63636363636364 84.24242424242425 84.84848484848486 85.45454545454545 86.06060606060606 86.66666666666667 87.27272727272728 87.87878787878789 88.48484848484848 89.09090909090909 89.6969696969697 90.30303030303031 90.90909090909091 91.51515151515152 92.12121212121212 92.72727272727273 93.33333333333334 93.93939393939394 94.54545454545455 95.15151515151516 95.75757575757576 96.36363636363637 96.96969696969697 97.57575757575758 98.18181818181819 98.7878787878788 99.39393939393941 100 100.6060606060606 101.2121212121212 101.8181818181818 102.4242424242424 103.030303030303 103.6363636363636 104.2424242424242 104.8484848484849 105.4545454545455 106.0606060606061 106.6666666666667 107.2727272727273 107.8787878787879 108.4848484848485 109.0909090909091 109.6969696969697 110.3030303030303 110.9090909090909 111.5151515151515 112.1212121212121 112.7272727272727 113.3333333333333 113.9393939393939 114.5454545454546 115.1515151515152 115.7575757575758 116.3636363636364 116.969696969697 117.5757575757576 118.1818181818182 118.7878787878788 119.3939393939394 120


# name: y
# type: matrix
# rows: 100
# columns: 1
 401291.0725033571
 401156.0229707605
 401027.0076823734
 400903.8887234096
 400786.528179083
 400674.788134607
 400568.5306751957
 400467.6178860627
 400371.9118524216
 400281.2746594864
 400195.5683924706
 400114.6551365881
 400038.3969770527
 399966.655999078
 399899.2942878779
 399836.1739286659
 399777.1570066559
 399722.1056070618
 399670.881815097
 399623.3477159755
 399579.365394911
 399538.7969371172
 399501.5044278079
 399467.3499521968
 399436.1955954976
 399407.9034429241
 399382.3355796901
 399359.3540910093
 399338.8210620954
 399320.5985781622
 399304.5487244235
 399290.5335860928
 399278.4152483841
 399268.0557965111
 399259.3173156874
 399252.061891127
 399246.1516080434
 399241.4485516505
 399237.8148071619
 399235.1124597915
 399233.2035947529
 399231.95029726
 399231.2146525265
 399230.858745766
 399230.7446621925
 399230.7344870195
 399230.6903054609
 399230.4742027303
 399229.9482640416
 399228.9745746085
 399227.4152196447
 399225.132284364
 399221.9878539801
 399217.8440137068
 399212.5628487578
 399206.0064443468
 399198.0368856876
 399188.516257994
 399177.3066464797
 399164.2701363584
 399149.2688128439
 399132.1647611499
 399112.8200664902
 399091.0968140785
 399066.8570891285
 399039.9629768541
 399010.2765624688
 398977.6599311867
 398941.9751682212
 398903.0843587862
 398860.8495880955
 398815.1329413627
 398765.7965038017
 398712.7023606261
 398655.7125970498
 398594.6892982864
 398529.4945495497
 398459.9904360534
 398386.0390430114
 398307.5024556372
 398224.2427591448
 398136.1220387478
 398043.0023796599
 397944.745867095
 397841.2145862668
 397732.2706223889
 397617.7760606752
 397497.5929863394
 397371.5834845952
 397239.6096406565
 397101.5335397369
 396957.2172670501
 396806.5229078099
 396649.3125472302
 396485.4482705245
 396314.7921629067
 396137.2063095905
 395952.5527957897
 395760.693706718
 395561.4911275891


# name: QUERY
# type: sq_string
# elements: 1
# length: 2
R4


# name: DATASIZE
# type: sq_string
# elements: 1
# length: 3
500


