# Created by Octave 4.0.0, Wed May 18 23:35:55 2016 CEST <peter@Independence>
# name: x
# type: matrix
# rows: 1
# columns: 100
 60 60.60606060606061 61.21212121212122 61.81818181818182 62.42424242424242 63.03030303030303 63.63636363636364 64.24242424242425 64.84848484848484 65.45454545454545 66.06060606060606 66.66666666666667 67.27272727272728 67.87878787878788 68.48484848484848 69.09090909090909 69.6969696969697 70.30303030303031 70.90909090909091 71.51515151515152 72.12121212121212 72.72727272727273 73.33333333333334 73.93939393939394 74.54545454545455 75.15151515151516 75.75757575757576 76.36363636363637 76.96969696969697 77.57575757575758 78.18181818181819 78.7878787878788 79.39393939393939 80 80.60606060606061 81.21212121212122 81.81818181818183 82.42424242424242 83.03030303030303 83.63636363636364 84.24242424242425 84.84848484848486 85.45454545454545 86.06060606060606 86.66666666666667 87.27272727272728 87.87878787878789 88.48484848484848 89.09090909090909 89.6969696969697 90.30303030303031 90.90909090909091 91.51515151515152 92.12121212121212 92.72727272727273 93.33333333333334 93.93939393939394 94.54545454545455 95.15151515151516 95.75757575757576 96.36363636363637 96.96969696969697 97.57575757575758 98.18181818181819 98.7878787878788 99.39393939393941 100 100.6060606060606 101.2121212121212 101.8181818181818 102.4242424242424 103.030303030303 103.6363636363636 104.2424242424242 104.8484848484849 105.4545454545455 106.0606060606061 106.6666666666667 107.2727272727273 107.8787878787879 108.4848484848485 109.0909090909091 109.6969696969697 110.3030303030303 110.9090909090909 111.5151515151515 112.1212121212121 112.7272727272727 113.3333333333333 113.9393939393939 114.5454545454546 115.1515151515152 115.7575757575758 116.3636363636364 116.969696969697 117.5757575757576 118.1818181818182 118.7878787878788 119.3939393939394 120


# name: y
# type: matrix
# rows: 100
# columns: 1
 378182.0110317804
 378445.2118990383
 378702.4651844018
 378953.7708878709
 379199.1290094457
 379438.539549126
 379672.002506912
 379899.5178828036
 380121.0856768008
 380336.7058889035
 380546.3785191119
 380750.1035674259
 380947.8810338455
 381139.7109183708
 381325.5932210016
 381505.527941738
 381679.5150805801
 381847.5546375278
 382009.646612581
 382165.7910057399
 382315.9878170044
 382460.2370463745
 382598.5386938503
 382730.8927594316
 382857.2992431185
 382977.758144911
 383092.2694648092
 383200.833202813
 383303.4493589224
 383400.1179331373
 383490.8389254579
 383575.6123358841
 383654.4381644159
 383727.3164110534
 383794.2470757964
 383855.2301586451
 383910.2656595993
 383959.3535786592
 384002.4939158246
 384039.6866710957
 384070.9318444724
 384096.2294359547
 384115.5794455427
 384128.9818732362
 384136.4367190353
 384137.9439829401
 384133.5036649504
 384123.1157650664
 384106.7802832879
 384084.4972196152
 384056.2665740479
 384022.0883465863
 383981.9625372303
 383935.8891459799
 383883.8681728352
 383825.899617796
 383761.9834808625
 383692.1197620345
 383616.3084613122
 383534.5495786954
 383446.8431141843
 383353.1890677789
 383253.587439479
 383148.0382292847
 383036.541437196
 382919.097063213
 382795.7051073355
 382666.3655695637
 382531.0784498975
 382389.8437483368
 382242.6614648818
 382089.5315995324
 381930.4541522886
 381765.4291231504
 381594.4565121179
 381417.5363191909
 381234.6685443695
 381045.8531876538
 380851.0902490437
 380650.3797285391
 380443.7216261402
 380231.1159418469
 380012.5626756593
 379788.0618275772
 379557.6133976007
 379321.2173857298
 379078.8737919646
 378830.5826163049
 378576.3438587509
 378316.1575193024
 378050.0235979597
 377777.9420947224
 377499.9130095909
 377215.9363425649
 376926.0120936445
 376630.1402628297
 376328.3208501206
 376020.553855517
 375706.8392790191
 375387.1771206268


# name: QUERY
# type: sq_string
# elements: 1
# length: 2
R4


# name: DATASIZE
# type: sq_string
# elements: 1
# length: 3
500


