# Created by Octave 4.0.0, Sun May 22 18:34:55 2016 CEST <peter@Independence>
# name: x
# type: matrix
# rows: 1
# columns: 100
 60 60.60606060606061 61.21212121212122 61.81818181818182 62.42424242424242 63.03030303030303 63.63636363636364 64.24242424242425 64.84848484848484 65.45454545454545 66.06060606060606 66.66666666666667 67.27272727272728 67.87878787878788 68.48484848484848 69.09090909090909 69.6969696969697 70.30303030303031 70.90909090909091 71.51515151515152 72.12121212121212 72.72727272727273 73.33333333333334 73.93939393939394 74.54545454545455 75.15151515151516 75.75757575757576 76.36363636363637 76.96969696969697 77.57575757575758 78.18181818181819 78.7878787878788 79.39393939393939 80 80.60606060606061 81.21212121212122 81.81818181818183 82.42424242424242 83.03030303030303 83.63636363636364 84.24242424242425 84.84848484848486 85.45454545454545 86.06060606060606 86.66666666666667 87.27272727272728 87.87878787878789 88.48484848484848 89.09090909090909 89.6969696969697 90.30303030303031 90.90909090909091 91.51515151515152 92.12121212121212 92.72727272727273 93.33333333333334 93.93939393939394 94.54545454545455 95.15151515151516 95.75757575757576 96.36363636363637 96.96969696969697 97.57575757575758 98.18181818181819 98.7878787878788 99.39393939393941 100 100.6060606060606 101.2121212121212 101.8181818181818 102.4242424242424 103.030303030303 103.6363636363636 104.2424242424242 104.8484848484849 105.4545454545455 106.0606060606061 106.6666666666667 107.2727272727273 107.8787878787879 108.4848484848485 109.0909090909091 109.6969696969697 110.3030303030303 110.9090909090909 111.5151515151515 112.1212121212121 112.7272727272727 113.3333333333333 113.9393939393939 114.5454545454546 115.1515151515152 115.7575757575758 116.3636363636364 116.969696969697 117.5757575757576 118.1818181818182 118.7878787878788 119.3939393939394 120


# name: y
# type: matrix
# rows: 100
# columns: 1
 395608.4315924219
 395621.9392627215
 395633.9884335517
 395644.7079081608
 395654.217763429
 395662.6297532395
 395670.0477023028
 395676.5678904345
 395682.2794272865
 395687.2646175324
 395691.5993165053
 395695.3532762902
 395698.5904822695
 395701.3694801219
 395703.7436932751
 395705.7617308118
 395707.4676858295
 395708.9014242538
 395710.0988641049
 395711.0922452179
 395711.910389417
 395712.5789511421
 395713.1206585306
 395713.5555449511
 395713.9011709915
 395714.172836901
 395714.3837854845
 395714.5453954515
 395714.6673652181
 395714.7578871628
 395714.8238123354
 395714.87080562
 395714.9034913511
 395714.9255893835
 395714.9400416155
 395714.9491289658
 395714.9545788041
 395714.9576628348
 395714.9592854345
 395714.9600624431
 395714.9603904083
 395714.9605062838
 395714.9605375808
 395714.9605429731
 395714.960543356
 395714.9605433584
 395714.9605433086
 395714.9605416537
 395714.9605278323
 395714.9604656008
 395714.9602668136
 395714.9597556565
 395714.9586233334
 395714.9563732073
 395714.9522563939
 395714.9451978094
 395714.9337126718
 395714.9158134554
 395714.888907299
 395714.8496838677
 395714.7939936681
 395714.7167168175
 395714.6116222655
 395714.4712174709
 395714.2865885303
 395714.0472307614
 395713.7408697395
 395713.3532727876
 395712.8680509198
 395712.2664512387
 395711.5271397858
 395710.6259748457
 395709.5357707041
 395708.2260518587
 395706.6627976845
 395704.8081775514
 395702.6202763967
 395700.0528107506
 395697.0548352143
 395693.5704393936
 395689.5384352842
 395684.8920351112
 395679.5585196229
 395673.4588968366
 395666.5075512393
 395658.6118834413
 395649.6719402836
 395639.5800353979
 395628.2203602222
 395615.4685854675
 395601.1914530399
 395585.2463584152
 395567.4809234675
 395547.7325597513
 395525.8280222366
 395501.5829534985
 395474.8014183595
 395445.2754289859
 395412.7844604373
 395377.0949566697


# name: QUERY
# type: sq_string
# elements: 1
# length: 2
R4


# name: DATASIZE
# type: sq_string
# elements: 1
# length: 3
500


