# Created by Octave 4.0.0, Sun May 22 18:34:55 2016 CEST <peter@Independence>
# name: x
# type: matrix
# rows: 1
# columns: 100
 60 60.60606060606061 61.21212121212122 61.81818181818182 62.42424242424242 63.03030303030303 63.63636363636364 64.24242424242425 64.84848484848484 65.45454545454545 66.06060606060606 66.66666666666667 67.27272727272728 67.87878787878788 68.48484848484848 69.09090909090909 69.6969696969697 70.30303030303031 70.90909090909091 71.51515151515152 72.12121212121212 72.72727272727273 73.33333333333334 73.93939393939394 74.54545454545455 75.15151515151516 75.75757575757576 76.36363636363637 76.96969696969697 77.57575757575758 78.18181818181819 78.7878787878788 79.39393939393939 80 80.60606060606061 81.21212121212122 81.81818181818183 82.42424242424242 83.03030303030303 83.63636363636364 84.24242424242425 84.84848484848486 85.45454545454545 86.06060606060606 86.66666666666667 87.27272727272728 87.87878787878789 88.48484848484848 89.09090909090909 89.6969696969697 90.30303030303031 90.90909090909091 91.51515151515152 92.12121212121212 92.72727272727273 93.33333333333334 93.93939393939394 94.54545454545455 95.15151515151516 95.75757575757576 96.36363636363637 96.96969696969697 97.57575757575758 98.18181818181819 98.7878787878788 99.39393939393941 100 100.6060606060606 101.2121212121212 101.8181818181818 102.4242424242424 103.030303030303 103.6363636363636 104.2424242424242 104.8484848484849 105.4545454545455 106.0606060606061 106.6666666666667 107.2727272727273 107.8787878787879 108.4848484848485 109.0909090909091 109.6969696969697 110.3030303030303 110.9090909090909 111.5151515151515 112.1212121212121 112.7272727272727 113.3333333333333 113.9393939393939 114.5454545454546 115.1515151515152 115.7575757575758 116.3636363636364 116.969696969697 117.5757575757576 118.1818181818182 118.7878787878788 119.3939393939394 120


# name: y
# type: matrix
# rows: 100
# columns: 1
 382113.5298017387
 382559.8507706523
 382976.5960850337
 383365.1021032818
 383726.674287782
 384062.587204906
 384374.0845250118
 384662.3790224438
 384928.6525755326
 385174.0561665953
 385399.7098819354
 385606.7029118424
 385796.0935505926
 385968.9091964483
 386126.1463516582
 386268.7706224575
 386397.7167190675
 386513.8884556962
 386618.1587505376
 386711.369625772
 386794.3322075664
 386867.8267260739
 386932.602515434
 386989.3780137725
 387038.8407632016
 387081.6474098197
 387118.4237037118
 387149.7644989489
 387176.2337535888
 387198.3645296752
 387216.6589932383
 387231.5884142947
 387243.5931668474
 387253.0827288854
 387260.4356823845
 387265.9997133065
 387270.0916115998
 387272.997271199
 387274.9716900248
 387276.2389699848
 387276.9923169723
 387277.3940408677
 387277.575555537
 387277.6373788329
 387277.6491325945
 387277.6495426469
 387277.6464388021
 387277.616754858
 387277.506528599
 387277.2309017956
 387276.674120205
 387275.6895335707
 387274.0995956222
 387271.6958640757
 387268.2390006336
 387263.4587709847
 387257.054044804
 387248.692795753
 387238.0121014795
 387224.6181436175
 387208.0862077876
 387187.9606835965
 387163.7550646374
 387134.9519484898
 387101.0030367195
 387061.3291348786
 387015.3201525058
 386962.3351031258
 386901.7021042497
 386832.7183773753
 386754.6502479863
 386666.733145553
 386568.1716035319
 386458.1392593659
 386335.7788544842
 386200.2022343025
 386050.4903482227
 385885.693249633
 385704.830095908
 385506.8891484088
 385290.8277724825
 385055.5724374629
 384800.0187166699
 384523.0312874097
 384223.4439309751
 383900.0595326452
 383551.650081685
 383176.9566713465
 382774.6894988676
 382343.5278654727
 381882.1201763725
 381389.083940764
 380863.0057718306
 380302.4413867421
 379705.9156066544
 379071.9223567102
 378398.924666038
 377685.354667753
 376929.6135989567
 376130.0718007367


# name: QUERY
# type: sq_string
# elements: 1
# length: 2
R4


# name: DATASIZE
# type: sq_string
# elements: 1
# length: 3
500


