# Created by Octave 4.0.0, Sun May 22 18:34:55 2016 CEST <peter@Independence>
# name: x
# type: matrix
# rows: 1
# columns: 100
 60 60.60606060606061 61.21212121212122 61.81818181818182 62.42424242424242 63.03030303030303 63.63636363636364 64.24242424242425 64.84848484848484 65.45454545454545 66.06060606060606 66.66666666666667 67.27272727272728 67.87878787878788 68.48484848484848 69.09090909090909 69.6969696969697 70.30303030303031 70.90909090909091 71.51515151515152 72.12121212121212 72.72727272727273 73.33333333333334 73.93939393939394 74.54545454545455 75.15151515151516 75.75757575757576 76.36363636363637 76.96969696969697 77.57575757575758 78.18181818181819 78.7878787878788 79.39393939393939 80 80.60606060606061 81.21212121212122 81.81818181818183 82.42424242424242 83.03030303030303 83.63636363636364 84.24242424242425 84.84848484848486 85.45454545454545 86.06060606060606 86.66666666666667 87.27272727272728 87.87878787878789 88.48484848484848 89.09090909090909 89.6969696969697 90.30303030303031 90.90909090909091 91.51515151515152 92.12121212121212 92.72727272727273 93.33333333333334 93.93939393939394 94.54545454545455 95.15151515151516 95.75757575757576 96.36363636363637 96.96969696969697 97.57575757575758 98.18181818181819 98.7878787878788 99.39393939393941 100 100.6060606060606 101.2121212121212 101.8181818181818 102.4242424242424 103.030303030303 103.6363636363636 104.2424242424242 104.8484848484849 105.4545454545455 106.0606060606061 106.6666666666667 107.2727272727273 107.8787878787879 108.4848484848485 109.0909090909091 109.6969696969697 110.3030303030303 110.9090909090909 111.5151515151515 112.1212121212121 112.7272727272727 113.3333333333333 113.9393939393939 114.5454545454546 115.1515151515152 115.7575757575758 116.3636363636364 116.969696969697 117.5757575757576 118.1818181818182 118.7878787878788 119.3939393939394 120


# name: y
# type: matrix
# rows: 100
# columns: 1
 386753.7585187388
 387365.2323360771
 387962.8886054613
 388546.7273268914
 389116.7485003674
 389672.9521258893
 390215.3382034571
 390743.9067330708
 391258.6577147305
 391759.591148436
 392246.7070341874
 392720.0053719848
 393179.486161828
 393625.1494037172
 394056.9950976523
 394475.0232436333
 394879.2338416602
 395269.626891733
 395646.2023938517
 396008.9603480163
 396357.9007542268
 396693.0236124832
 397014.3289227856
 397321.8166851338
 397615.486899528
 397895.3395659681
 398161.3746844541
 398413.5922549859
 398651.9922775637
 398876.5747521874
 399087.339678857
 399284.2870575726
 399467.416888334
 399636.7291711413
 399792.2239059946
 399933.9010928937
 400061.7607318388
 400175.8028228297
 400276.0273658666
 400362.4343609494
 400435.023808078
 400493.7957072526
 400538.7500584731
 400569.8868617396
 400587.2061170519
 400590.7078244101
 400580.3919838142
 400556.2585952643
 400518.3076587602
 400466.5391743021
 400400.9531418899
 400321.5495615235
 400228.3284332032
 400121.2897569286
 400000.4335327001
 399865.7597605173
 399717.2684403806
 399554.9595722897
 399378.8331562447
 399188.8891922457
 398985.1276802925
 398767.5486203853
 398536.152012524
 398290.9378567085
 398031.906152939
 397759.0569012154
 397472.3901015377
 397171.9057539059
 396857.60385832
 396529.48441478
 396187.547423286
 395831.7928838378
 395462.2207964355
 395078.8311610792
 394681.6239777688
 394270.5992465043
 393845.7569672856
 393407.0971401129
 392954.6197649861
 392488.3248419053
 392008.2123708702
 391514.2823518811
 391006.534784938
 390484.9696700407
 389949.5870071893
 389400.3867963839
 388837.3690376243
 388260.5337309107
 387669.880876243
 387065.4104736212
 386447.1225230453
 385815.0170245153
 385169.0939780312
 384509.353383593
 383835.7952412008
 383148.4195508544
 382447.226312554
 381732.2155262994
 381003.3871920908
 380260.741309928


# name: QUERY
# type: sq_string
# elements: 1
# length: 2
R4


# name: DATASIZE
# type: sq_string
# elements: 1
# length: 3
500


