# Created by Octave 4.0.0, Wed May 18 23:35:55 2016 CEST <peter@Independence>
# name: x
# type: matrix
# rows: 1
# columns: 100
 60 60.60606060606061 61.21212121212122 61.81818181818182 62.42424242424242 63.03030303030303 63.63636363636364 64.24242424242425 64.84848484848484 65.45454545454545 66.06060606060606 66.66666666666667 67.27272727272728 67.87878787878788 68.48484848484848 69.09090909090909 69.6969696969697 70.30303030303031 70.90909090909091 71.51515151515152 72.12121212121212 72.72727272727273 73.33333333333334 73.93939393939394 74.54545454545455 75.15151515151516 75.75757575757576 76.36363636363637 76.96969696969697 77.57575757575758 78.18181818181819 78.7878787878788 79.39393939393939 80 80.60606060606061 81.21212121212122 81.81818181818183 82.42424242424242 83.03030303030303 83.63636363636364 84.24242424242425 84.84848484848486 85.45454545454545 86.06060606060606 86.66666666666667 87.27272727272728 87.87878787878789 88.48484848484848 89.09090909090909 89.6969696969697 90.30303030303031 90.90909090909091 91.51515151515152 92.12121212121212 92.72727272727273 93.33333333333334 93.93939393939394 94.54545454545455 95.15151515151516 95.75757575757576 96.36363636363637 96.96969696969697 97.57575757575758 98.18181818181819 98.7878787878788 99.39393939393941 100 100.6060606060606 101.2121212121212 101.8181818181818 102.4242424242424 103.030303030303 103.6363636363636 104.2424242424242 104.8484848484849 105.4545454545455 106.0606060606061 106.6666666666667 107.2727272727273 107.8787878787879 108.4848484848485 109.0909090909091 109.6969696969697 110.3030303030303 110.9090909090909 111.5151515151515 112.1212121212121 112.7272727272727 113.3333333333333 113.9393939393939 114.5454545454546 115.1515151515152 115.7575757575758 116.3636363636364 116.969696969697 117.5757575757576 118.1818181818182 118.7878787878788 119.3939393939394 120


# name: y
# type: matrix
# rows: 100
# columns: 1
 401559.5372487554
 401539.6697713921
 401521.9474977943
 401506.1809803698
 401492.1936065237
 401479.8210053694
 401468.9104684797
 401459.3203846801
 401450.9196888826
 401443.5873249616
 401437.2117226696
 401431.6902885958
 401426.9289111644
 401422.8414796754
 401419.3494173856
 401416.3812286315
 401413.8720599928
 401411.7632754979
 401410.00204587
 401408.5409518146
 401407.3376013483
 401406.3542611685
 401405.557502065
 401404.9178583721
 401404.4095014621
 401404.0099272803
 401403.6996579212
 401403.4619572452
 401403.2825605377
 401403.1494182085
 401403.0524535325
 401402.9833344322
 401402.9352593009
 401402.9027568672
 401402.8815001008
 401402.8681341596
 401402.8601183777
 401402.8555822949
 401402.8531957277
 401402.8520528808
 401402.8515704999
 401402.8514000669
 401402.8513540344
 401402.8513461032
 401402.85134554
 401402.8513455365
 401402.8513456096
 401402.8513480437
 401402.8513683727
 401402.8514599047
 401402.8517522867
 401402.8525041115
 401402.8541695655
 401402.8574791169
 401402.8635342468
 401402.8739162197
 401402.8908088966
 401402.9171355887
 401402.9567099522
 401403.0144009246
 401403.0963117022
 401403.209972759
 401403.3645489061
 401403.571060393
 401403.8426180501
 401404.1946724717
 401404.6452772417
 401405.2153661983
 401405.9290447425
 401406.8138951853
 401407.9012961382
 401409.2267559437
 401410.8302601472
 401412.7566330105
 401415.0559130664
 401417.7837427139
 401421.0017718558
 401424.7780755762
 401429.1875858604
 401434.3125373552
 401440.2429271705
 401447.076988723
 401454.9216796195
 401463.8931835831
 401474.1174264196
 401485.7306060253
 401498.8797364363
 401513.7232059186
 401530.4313490997
 401549.1870331417
 401570.1862579545
 401593.6387704519
 401619.7686928475
 401648.8151649922
 401681.0330007534
 401716.693358435
 401756.0844252384
 401799.5121157654
 401847.3007845615
 401899.7939527012


# name: QUERY
# type: sq_string
# elements: 1
# length: 2
R4


# name: DATASIZE
# type: sq_string
# elements: 1
# length: 3
500


