# Created by Octave 4.0.0, Wed May 18 23:35:55 2016 CEST <peter@Independence>
# name: x
# type: matrix
# rows: 1
# columns: 100
 60 60.60606060606061 61.21212121212122 61.81818181818182 62.42424242424242 63.03030303030303 63.63636363636364 64.24242424242425 64.84848484848484 65.45454545454545 66.06060606060606 66.66666666666667 67.27272727272728 67.87878787878788 68.48484848484848 69.09090909090909 69.6969696969697 70.30303030303031 70.90909090909091 71.51515151515152 72.12121212121212 72.72727272727273 73.33333333333334 73.93939393939394 74.54545454545455 75.15151515151516 75.75757575757576 76.36363636363637 76.96969696969697 77.57575757575758 78.18181818181819 78.7878787878788 79.39393939393939 80 80.60606060606061 81.21212121212122 81.81818181818183 82.42424242424242 83.03030303030303 83.63636363636364 84.24242424242425 84.84848484848486 85.45454545454545 86.06060606060606 86.66666666666667 87.27272727272728 87.87878787878789 88.48484848484848 89.09090909090909 89.6969696969697 90.30303030303031 90.90909090909091 91.51515151515152 92.12121212121212 92.72727272727273 93.33333333333334 93.93939393939394 94.54545454545455 95.15151515151516 95.75757575757576 96.36363636363637 96.96969696969697 97.57575757575758 98.18181818181819 98.7878787878788 99.39393939393941 100 100.6060606060606 101.2121212121212 101.8181818181818 102.4242424242424 103.030303030303 103.6363636363636 104.2424242424242 104.8484848484849 105.4545454545455 106.0606060606061 106.6666666666667 107.2727272727273 107.8787878787879 108.4848484848485 109.0909090909091 109.6969696969697 110.3030303030303 110.9090909090909 111.5151515151515 112.1212121212121 112.7272727272727 113.3333333333333 113.9393939393939 114.5454545454546 115.1515151515152 115.7575757575758 116.3636363636364 116.969696969697 117.5757575757576 118.1818181818182 118.7878787878788 119.3939393939394 120


# name: y
# type: matrix
# rows: 100
# columns: 1
 400508.8021634861
 400384.1016661093
 400267.6645018207
 400159.1172968186
 400058.0953095377
 399964.2424306496
 399877.2111830627
 399796.6627219221
 399722.2668346097
 399653.701940744
 399590.6550921805
 399532.8219730111
 399479.9068995649
 399431.6228204073
 399387.6913163408
 399347.8426004045
 399311.8155178741
 399279.3575462624
 399250.2247953186
 399224.182007029
 399201.0025556162
 399180.46844754
 399162.3703214966
 399146.5074484193
 399132.6877314778
 399120.7277060788
 399110.4525398656
 399101.6960327183
 399094.3006167539
 399088.1173563258
 399083.0059480245
 399078.834720677
 399075.4806353473
 399072.8292853358
 399070.77489618
 399069.2203256541
 399068.0770637688
 399067.2652327716
 399066.7135871471
 399066.3595136164
 399066.1490311372
 399066.0367909042
 399065.9860763487
 399065.9688031388
 399065.9655191795
 399065.9654046123
 399065.9662718155
 399065.9745654044
 399066.0053622306
 399066.0823713829
 399066.2379341866
 399066.5130242038
 399066.9572472334
 399067.6288413109
 399068.5946767088
 399069.9302559361
 399071.7197137387
 399074.0558170992
 399077.039965237
 399080.7821896082
 399085.4011539056
 399091.0241540588
 399097.7871182343
 399105.834606835
 399115.319812501
 399126.4045601087
 399139.2593067715
 399154.0631418396
 399171.0037868998
 399190.2775957757
 399212.0895545277
 399236.6532814528
 399264.191027085
 399294.9336741949
 399329.1207377897
 399367.0003651137
 399408.8293356477
 399454.8730611092
 399505.4055854527
 399560.7095848693
 399621.0763677868
 399686.8058748698
 399758.2066790197
 399835.5959853746
 399919.2996313093
 400009.6520864355
 400106.9964526016
 400211.6844638926
 400324.0764866304
 400444.5415193735
 400573.4571929175
 400711.2097702944
 400858.1941467729
 401014.8138498588
 401181.4810392945
 401358.616507059
 401546.6496773681
 401746.0186066745
 401957.1699836676
 402180.5591292735


# name: QUERY
# type: sq_string
# elements: 1
# length: 2
R4


# name: DATASIZE
# type: sq_string
# elements: 1
# length: 3
500


