# Created by Octave 4.0.0, Wed May 18 23:35:55 2016 CEST <peter@Independence>
# name: x
# type: matrix
# rows: 1
# columns: 100
 60 60.60606060606061 61.21212121212122 61.81818181818182 62.42424242424242 63.03030303030303 63.63636363636364 64.24242424242425 64.84848484848484 65.45454545454545 66.06060606060606 66.66666666666667 67.27272727272728 67.87878787878788 68.48484848484848 69.09090909090909 69.6969696969697 70.30303030303031 70.90909090909091 71.51515151515152 72.12121212121212 72.72727272727273 73.33333333333334 73.93939393939394 74.54545454545455 75.15151515151516 75.75757575757576 76.36363636363637 76.96969696969697 77.57575757575758 78.18181818181819 78.7878787878788 79.39393939393939 80 80.60606060606061 81.21212121212122 81.81818181818183 82.42424242424242 83.03030303030303 83.63636363636364 84.24242424242425 84.84848484848486 85.45454545454545 86.06060606060606 86.66666666666667 87.27272727272728 87.87878787878789 88.48484848484848 89.09090909090909 89.6969696969697 90.30303030303031 90.90909090909091 91.51515151515152 92.12121212121212 92.72727272727273 93.33333333333334 93.93939393939394 94.54545454545455 95.15151515151516 95.75757575757576 96.36363636363637 96.96969696969697 97.57575757575758 98.18181818181819 98.7878787878788 99.39393939393941 100 100.6060606060606 101.2121212121212 101.8181818181818 102.4242424242424 103.030303030303 103.6363636363636 104.2424242424242 104.8484848484849 105.4545454545455 106.0606060606061 106.6666666666667 107.2727272727273 107.8787878787879 108.4848484848485 109.0909090909091 109.6969696969697 110.3030303030303 110.9090909090909 111.5151515151515 112.1212121212121 112.7272727272727 113.3333333333333 113.9393939393939 114.5454545454546 115.1515151515152 115.7575757575758 116.3636363636364 116.969696969697 117.5757575757576 118.1818181818182 118.7878787878788 119.3939393939394 120


# name: y
# type: matrix
# rows: 100
# columns: 1
 416059.6810794285
 415454.5925038398
 414876.5403212197
 414324.9066052418
 413799.0734295797
 413298.4228679069
 412822.3369938969
 412370.1978812233
 411941.3876035596
 411535.2882345794
 411151.2818479562
 410788.7505173635
 410447.076316475
 410125.641318964
 409823.8275985042
 409541.0172287691
 409276.5922834323
 409029.9348361671
 408800.4269606474
 408587.4507305465
 408390.388219538
 408208.6215012954
 408041.5326494923
 407888.5037378023
 407748.9168398987
 407622.1540294553
 407507.5973801456
 407404.6289656429
 407312.630859621
 407230.9851357534
 407159.0738677136
 407096.2791291751
 407041.9829938115
 406995.5675352963
 406956.4148273031
 406923.9069435053
 406897.4259575766
 406876.3539431905
 406860.0729740205
 406847.9651237401
 406839.4124660229
 406833.7970745425
 406830.5010229723
 406828.906384986
 406828.395234257
 406828.349644459
 406828.1516892653
 406827.1834423496
 406824.8269773854
 406820.4643680463
 406813.4776880058
 406803.2490109374
 406789.1604105147
 406770.5939604112
 406746.9317343005
 406717.555805856
 406681.8482487514
 406639.1911366602
 406588.9665432558
 406530.5565422119
 406463.343207202
 406386.7086118997
 406300.0348299784
 406202.7039351117
 406094.0980009732
 405973.5991012364
 405840.5893095747
 405694.4506996619
 405534.5653451714
 405360.3153197768
 405171.0826971515
 404966.2495509691
 404745.1979549032
 404507.3099826274
 404251.9677078151
 403978.5532041398
 403686.4485452752
 403375.0358048948
 403043.6970566721
 402691.8143742806
 402318.7698313939
 401923.9455016855
 401506.723458829
 401066.485776498
 400602.6145283658
 400114.4917881062
 399601.4996293926
 399063.0201258985
 398498.4353512976
 397907.1273792633
 397288.4782834692
 396641.8701375888
 395966.6850152957
 395262.3049902634
 394528.1121361654
 393763.4885266753
 392967.8162354667
 392140.477336213
 391280.8539025878
 390388.3280082647


# name: QUERY
# type: sq_string
# elements: 1
# length: 2
R4


# name: DATASIZE
# type: sq_string
# elements: 1
# length: 3
500


