# Created by Octave 4.0.0, Mon May 23 13:47:36 2016 CEST <peter@Independence>
# name: x
# type: matrix
# rows: 1
# columns: 100
 60 60.60606060606061 61.21212121212122 61.81818181818181 62.42424242424242 63.03030303030303 63.63636363636364 64.24242424242425 64.84848484848484 65.45454545454545 66.06060606060606 66.66666666666667 67.27272727272727 67.87878787878788 68.48484848484848 69.09090909090909 69.69696969696969 70.3030303030303 70.90909090909091 71.51515151515152 72.12121212121212 72.72727272727272 73.33333333333333 73.93939393939394 74.54545454545455 75.15151515151516 75.75757575757575 76.36363636363636 76.96969696969697 77.57575757575758 78.18181818181819 78.78787878787878 79.39393939393939 80 80.60606060606061 81.2121212121212 81.81818181818181 82.42424242424242 83.03030303030303 83.63636363636363 84.24242424242424 84.84848484848484 85.45454545454545 86.06060606060606 86.66666666666666 87.27272727272727 87.87878787878788 88.48484848484848 89.09090909090909 89.69696969696969 90.3030303030303 90.90909090909091 91.51515151515152 92.12121212121211 92.72727272727272 93.33333333333333 93.93939393939394 94.54545454545453 95.15151515151514 95.75757575757575 96.36363636363636 96.96969696969697 97.57575757575756 98.18181818181817 98.78787878787878 99.39393939393939 100 100.6060606060606 101.2121212121212 101.8181818181818 102.4242424242424 103.030303030303 103.6363636363636 104.2424242424242 104.8484848484848 105.4545454545454 106.060606060606 106.6666666666667 107.2727272727273 107.8787878787879 108.4848484848485 109.0909090909091 109.6969696969697 110.3030303030303 110.9090909090909 111.5151515151515 112.1212121212121 112.7272727272727 113.3333333333333 113.9393939393939 114.5454545454545 115.1515151515152 115.7575757575758 116.3636363636364 116.969696969697 117.5757575757576 118.1818181818182 118.7878787878788 119.3939393939394 120


# name: y
# type: matrix
# rows: 100
# columns: 1
 79067.76843930823
 79063.13219842401
 79057.37253894913
 79050.47306732929
 79042.42047135376
 79033.20457052611
 79022.81835535314
 79011.25801662824
 78998.52296589118
 78984.61584832365
 78969.54254938485
 78953.31219650437
 78935.93715712725
 78917.43303434973
 78897.81866129435
 78877.11609524838
 78855.3506124352
 78832.55070410392
 78808.74807441219
 78783.97764034494
 78758.27753366191
 78731.6891046028
 78704.25692680755
 78676.02880263567
 78647.05576779788
 78617.39209395177
 78587.09528766776
 78556.22608394653
 78524.84843227088
 78493.02947300975
 78460.83950186272
 78428.35191994678
 78395.64316708531
 78362.79263586547
 78329.88256408842
 78296.99790334553
 78264.22616161677
 78231.65721800138
 78199.38310795657
 78167.49777773394
 78136.09680706172
 78105.2770995218
 78075.13654050528
 78045.7736230967
 78017.2870427259
 77989.7752619315
 77963.33604709395
 77938.06597950957
 77914.05994368324
 77891.41059620654
 77870.20781905281
 77850.5381615518
 77832.48427569734
 77816.12434978277
 77801.53154564636
 77788.77344503319
 77777.91151073977
 77769.00056829404
 77762.08831393828
 77757.21485461798
 77754.41228554054
 77753.70431064921
 77755.10591106443
 77758.62306617737
 77764.25253164426
 77771.98167802794
 77781.78839327309
 77793.6410515887
 77807.49855065344
 77823.31041836801
 77841.01698965581
 77860.54965307764
 77881.83116627896
 77904.77603854542
 77929.29097801125
 77955.27540035576
 77982.62199514612
 78011.21734534757
 78040.94259493552
 78071.67415901292
 78103.28447037152
 78135.64275603846
 78168.6158370302
 78202.06894429385
 78235.86654365658
 78269.87316252875
 78303.95421111413
 78337.97679097312
 78371.81048395803
 78405.32811479195
 78438.40648088878
 78470.92704340898
 78502.77657400492
 78533.84775222669
 78564.03970912563
 78593.2585132016
 78621.41759548058
 78648.43811117637
 78674.24923607227
 78698.78839644772


# name: QUERY
# type: sq_string
# elements: 1
# length: 2
R2


# name: DATASIZE
# type: sq_string
# elements: 1
# length: 3
750


