# Created by Octave 4.0.0, Mon May 23 13:47:36 2016 CEST <peter@Independence>
# name: x
# type: matrix
# rows: 1
# columns: 100
 60 60.60606060606061 61.21212121212122 61.81818181818181 62.42424242424242 63.03030303030303 63.63636363636364 64.24242424242425 64.84848484848484 65.45454545454545 66.06060606060606 66.66666666666667 67.27272727272727 67.87878787878788 68.48484848484848 69.09090909090909 69.69696969696969 70.3030303030303 70.90909090909091 71.51515151515152 72.12121212121212 72.72727272727272 73.33333333333333 73.93939393939394 74.54545454545455 75.15151515151516 75.75757575757575 76.36363636363636 76.96969696969697 77.57575757575758 78.18181818181819 78.78787878787878 79.39393939393939 80 80.60606060606061 81.2121212121212 81.81818181818181 82.42424242424242 83.03030303030303 83.63636363636363 84.24242424242424 84.84848484848484 85.45454545454545 86.06060606060606 86.66666666666666 87.27272727272727 87.87878787878788 88.48484848484848 89.09090909090909 89.69696969696969 90.3030303030303 90.90909090909091 91.51515151515152 92.12121212121211 92.72727272727272 93.33333333333333 93.93939393939394 94.54545454545453 95.15151515151514 95.75757575757575 96.36363636363636 96.96969696969697 97.57575757575756 98.18181818181817 98.78787878787878 99.39393939393939 100 100.6060606060606 101.2121212121212 101.8181818181818 102.4242424242424 103.030303030303 103.6363636363636 104.2424242424242 104.8484848484848 105.4545454545454 106.060606060606 106.6666666666667 107.2727272727273 107.8787878787879 108.4848484848485 109.0909090909091 109.6969696969697 110.3030303030303 110.9090909090909 111.5151515151515 112.1212121212121 112.7272727272727 113.3333333333333 113.9393939393939 114.5454545454545 115.1515151515152 115.7575757575758 116.3636363636364 116.969696969697 117.5757575757576 118.1818181818182 118.7878787878788 119.3939393939394 120


# name: y
# type: matrix
# rows: 100
# columns: 1
 78392.24715323646
 78386.05035587228
 78379.85355850811
 78373.65676114395
 78367.45996377978
 78361.26316641562
 78355.06636905145
 78348.86957168728
 78342.67277432312
 78336.47597695894
 78330.27917959477
 78324.08238223061
 78317.88558486644
 78311.68878750228
 78305.49199013811
 78299.29519277393
 78293.09839540978
 78286.9015980456
 78280.70480068144
 78274.50800331727
 78268.3112059531
 78262.11440858894
 78255.91761122477
 78249.72081386061
 78243.52401649643
 78237.32721913226
 78231.1304217681
 78224.93362440393
 78218.73682703976
 78212.5400296756
 78206.34323231142
 78200.14643494727
 78193.94963758309
 78187.75284021892
 78181.55604285476
 78175.35924549059
 78169.16244812643
 78162.96565076226
 78156.76885339808
 78150.57205603393
 78144.37525866975
 78138.17846130559
 78131.98166394142
 78125.78486657725
 78119.58806921309
 78113.39127184892
 78107.19447448474
 78100.99767712058
 78094.80087975641
 78088.60408239225
 78082.40728502808
 78076.21048766391
 78070.01369029975
 78063.81689293557
 78057.62009557142
 78051.42329820724
 78045.22650084307
 78039.02970347891
 78032.83290611474
 78026.63610875058
 78020.43931138641
 78014.24251402223
 78008.04571665807
 78001.8489192939
 77995.65212192974
 77989.45532456557
 77983.2585272014
 77977.06172983724
 77970.86493247306
 77964.66813510889
 77958.47133774473
 77952.27454038056
 77946.0777430164
 77939.88094565223
 77933.68414828806
 77927.4873509239
 77921.29055355972
 77915.09375619557
 77908.89695883139
 77902.70016146722
 77896.50336410306
 77890.30656673889
 77884.10976937473
 77877.91297201056
 77871.71617464638
 77865.51937728222
 77859.32257991805
 77853.12578255389
 77846.92898518972
 77840.73218782555
 77834.53539046139
 77828.33859309721
 77822.14179573304
 77815.94499836888
 77809.74820100471
 77803.55140364055
 77797.35460627638
 77791.1578089122
 77784.96101154805
 77778.76421418387


# name: QUERY
# type: sq_string
# elements: 1
# length: 2
R2


# name: DATASIZE
# type: sq_string
# elements: 1
# length: 3
750


