# Created by Octave 4.0.0, Wed May 18 23:47:49 2016 CEST <peter@Independence>
# name: x
# type: matrix
# rows: 1
# columns: 100
 60 60.60606060606061 61.21212121212122 61.81818181818181 62.42424242424242 63.03030303030303 63.63636363636364 64.24242424242425 64.84848484848484 65.45454545454545 66.06060606060606 66.66666666666667 67.27272727272727 67.87878787878788 68.48484848484848 69.09090909090909 69.69696969696969 70.3030303030303 70.90909090909091 71.51515151515152 72.12121212121212 72.72727272727272 73.33333333333333 73.93939393939394 74.54545454545455 75.15151515151516 75.75757575757575 76.36363636363636 76.96969696969697 77.57575757575758 78.18181818181819 78.78787878787878 79.39393939393939 80 80.60606060606061 81.2121212121212 81.81818181818181 82.42424242424242 83.03030303030303 83.63636363636363 84.24242424242424 84.84848484848484 85.45454545454545 86.06060606060606 86.66666666666666 87.27272727272727 87.87878787878788 88.48484848484848 89.09090909090909 89.69696969696969 90.3030303030303 90.90909090909091 91.51515151515152 92.12121212121211 92.72727272727272 93.33333333333333 93.93939393939394 94.54545454545453 95.15151515151514 95.75757575757575 96.36363636363636 96.96969696969697 97.57575757575756 98.18181818181817 98.78787878787878 99.39393939393939 100 100.6060606060606 101.2121212121212 101.8181818181818 102.4242424242424 103.030303030303 103.6363636363636 104.2424242424242 104.8484848484848 105.4545454545454 106.060606060606 106.6666666666667 107.2727272727273 107.8787878787879 108.4848484848485 109.0909090909091 109.6969696969697 110.3030303030303 110.9090909090909 111.5151515151515 112.1212121212121 112.7272727272727 113.3333333333333 113.9393939393939 114.5454545454545 115.1515151515152 115.7575757575758 116.3636363636364 116.969696969697 117.5757575757576 118.1818181818182 118.7878787878788 119.3939393939394 120


# name: y
# type: matrix
# rows: 1
# columns: 100
 77575.31536101084 77590.09384531234 77604.87232961383 77619.65081391533 77634.42929821683 77649.20778251834 77663.98626681983 77678.76475112133 77693.54323542283 77708.32171972432 77723.10020402583 77737.87868832733 77752.65717262882 77767.43565693032 77782.21414123182 77796.99262553331 77811.77110983482 77826.54959413632 77841.32807843781 77856.10656273931 77870.88504704081 77885.66353134232 77900.44201564381 77915.22049994531 77929.99898424681 77944.7774685483 77959.5559528498 77974.33443715131 77989.1129214528 78003.8914057543 78018.6698900558 78033.44837435729 78048.2268586588 78063.0053429603 78077.7838272618 78092.56231156329 78107.34079586479 78122.11928016628 78136.89776446779 78151.67624876929 78166.45473307079 78181.23321737228 78196.01170167378 78210.79018597529 78225.56867027679 78240.34715457828 78255.12563887978 78269.90412318127 78284.68260748278 78299.46109178428 78314.23957608578 78329.01806038727 78343.79654468877 78358.57502899026 78373.35351329178 78388.13199759327 78402.91048189477 78417.68896619626 78432.46745049776 78447.24593479927 78462.02441910077 78476.80290340226 78491.58138770376 78506.35987200525 78521.13835630675 78535.91684060826 78550.69532490976 78565.47380921125 78580.25229351275 78595.03077781425 78609.80926211576 78624.58774641725 78639.36623071875 78654.14471502024 78668.92319932174 78683.70168362324 78698.48016792475 78713.25865222624 78728.03713652774 78742.81562082923 78757.59410513073 78772.37258943224 78787.15107373374 78801.92955803523 78816.70804233673 78831.48652663823 78846.26501093972 78861.04349524123 78875.82197954273 78890.60046384422 78905.37894814572 78920.15743244722 78934.93591674873 78949.71440105022 78964.49288535172 78979.27136965322 78994.04985395471 79008.82833825622 79023.60682255772 79038.38530685921


# name: QUERY
# type: sq_string
# elements: 1
# length: 2
R2


# name: DATASIZE
# type: sq_string
# elements: 1
# length: 3
750


