# Created by Octave 4.0.0, Mon May 23 13:47:36 2016 CEST <peter@Independence>
# name: x
# type: matrix
# rows: 1
# columns: 100
 60 60.60606060606061 61.21212121212122 61.81818181818181 62.42424242424242 63.03030303030303 63.63636363636364 64.24242424242425 64.84848484848484 65.45454545454545 66.06060606060606 66.66666666666667 67.27272727272727 67.87878787878788 68.48484848484848 69.09090909090909 69.69696969696969 70.3030303030303 70.90909090909091 71.51515151515152 72.12121212121212 72.72727272727272 73.33333333333333 73.93939393939394 74.54545454545455 75.15151515151516 75.75757575757575 76.36363636363636 76.96969696969697 77.57575757575758 78.18181818181819 78.78787878787878 79.39393939393939 80 80.60606060606061 81.2121212121212 81.81818181818181 82.42424242424242 83.03030303030303 83.63636363636363 84.24242424242424 84.84848484848484 85.45454545454545 86.06060606060606 86.66666666666666 87.27272727272727 87.87878787878788 88.48484848484848 89.09090909090909 89.69696969696969 90.3030303030303 90.90909090909091 91.51515151515152 92.12121212121211 92.72727272727272 93.33333333333333 93.93939393939394 94.54545454545453 95.15151515151514 95.75757575757575 96.36363636363636 96.96969696969697 97.57575757575756 98.18181818181817 98.78787878787878 99.39393939393939 100 100.6060606060606 101.2121212121212 101.8181818181818 102.4242424242424 103.030303030303 103.6363636363636 104.2424242424242 104.8484848484848 105.4545454545454 106.060606060606 106.6666666666667 107.2727272727273 107.8787878787879 108.4848484848485 109.0909090909091 109.6969696969697 110.3030303030303 110.9090909090909 111.5151515151515 112.1212121212121 112.7272727272727 113.3333333333333 113.9393939393939 114.5454545454545 115.1515151515152 115.7575757575758 116.3636363636364 116.969696969697 117.5757575757576 118.1818181818182 118.7878787878788 119.3939393939394 120


# name: y
# type: matrix
# rows: 1
# columns: 100
 78685.95466666667 78678.78375757576 78671.61284848486 78664.44193939395 78657.27103030303 78650.10012121213 78642.92921212122 78635.75830303031 78628.58739393941 78621.41648484849 78614.24557575758 78607.07466666667 78599.90375757577 78592.73284848485 78585.56193939394 78578.39103030304 78571.22012121213 78564.04921212122 78556.87830303032 78549.7073939394 78542.53648484849 78535.36557575758 78528.19466666668 78521.02375757576 78513.85284848485 78506.68193939395 78499.51103030304 78492.34012121212 78485.16921212123 78477.99830303031 78470.8273939394 78463.65648484848 78456.48557575759 78449.31466666667 78442.14375757576 78434.97284848486 78427.80193939395 78420.63103030303 78413.46012121213 78406.28921212122 78399.11830303031 78391.94739393941 78384.77648484849 78377.60557575758 78370.43466666667 78363.26375757577 78356.09284848486 78348.92193939394 78341.75103030304 78334.58012121213 78327.40921212122 78320.23830303032 78313.0673939394 78305.89648484849 78298.72557575758 78291.55466666668 78284.38375757576 78277.21284848485 78270.04193939395 78262.87103030304 78255.70012121212 78248.52921212123 78241.35830303031 78234.1873939394 78227.01648484849 78219.84557575759 78212.67466666667 78205.50375757576 78198.33284848486 78191.16193939395 78183.99103030303 78176.82012121213 78169.64921212122 78162.47830303031 78155.30739393939 78148.1364848485 78140.96557575758 78133.79466666667 78126.62375757577 78119.45284848486 78112.28193939394 78105.11103030304 78097.94012121213 78090.76921212122 78083.5983030303 78076.4273939394 78069.25648484849 78062.08557575758 78054.91466666668 78047.74375757576 78040.57284848485 78033.40193939395 78026.23103030304 78019.06012121213 78011.88921212123 78004.71830303031 77997.5473939394 77990.37648484849 77983.20557575759 77976.03466666667


# name: QUERY
# type: sq_string
# elements: 1
# length: 2
R2


# name: DATASIZE
# type: sq_string
# elements: 1
# length: 3
750


