# Created by Octave 4.0.0, Mon May 23 13:47:36 2016 CEST <peter@Independence>
# name: SVs
# type: cell
# rows: 1
# columns: 7
# name: <cell-element>
# type: sparse matrix
# nnz: 6
# rows: 6
# columns: 1
1 1 -0.4818265899108292
2 1 1.325023122254779
3 1 -1.385251445993634
4 1 -0.4818265899108292
5 1 1.325023122254779
6 1 -0.4818265899108292



# name: <cell-element>
# type: sparse matrix
# nnz: 8
# rows: 8
# columns: 1
1 1 1.325023122254779
2 1 -0.4818265899108292
3 1 1.325023122254779
4 1 -0.4818265899108292
5 1 -1.385251445993634
6 1 -0.4818265899108292
7 1 1.325023122254779
8 1 -0.4818265899108292



# name: <cell-element>
# type: sparse matrix
# nnz: 4
# rows: 4
# columns: 1
1 1 -0.4818265899108292
2 1 -1.385251445993634
3 1 -0.4818265899108292
4 1 1.325023122254779



# name: <cell-element>
# type: sparse matrix
# nnz: 8
# rows: 8
# columns: 1
1 1 1.325023122254779
2 1 -0.4818265899108292
3 1 1.325023122254779
4 1 -0.4818265899108292
5 1 -1.385251445993634
6 1 -0.4818265899108292
7 1 1.325023122254779
8 1 -0.4818265899108292



# name: <cell-element>
# type: sparse matrix
# nnz: 8
# rows: 8
# columns: 1
1 1 1.325023122254779
2 1 -0.4818265899108292
3 1 1.325023122254779
4 1 -0.4818265899108292
5 1 -1.385251445993634
6 1 -0.4818265899108292
7 1 1.325023122254779
8 1 -0.4818265899108292



# name: <cell-element>
# type: sparse matrix
# nnz: 42
# rows: 42
# columns: 1
1 1 -1.385251445993634
2 1 -0.4818265899108292
3 1 1.325023122254779
4 1 -0.4818265899108292
5 1 1.325023122254779
6 1 -1.385251445993634
7 1 1.325023122254779
8 1 0.4215982661719752
9 1 -0.4818265899108292
10 1 -0.4818265899108292
11 1 0.4215982661719752
12 1 -0.4818265899108292
13 1 -0.4818265899108292
14 1 1.325023122254779
15 1 -1.385251445993634
16 1 -0.4818265899108292
17 1 -1.385251445993634
18 1 1.325023122254779
19 1 0.4215982661719752
20 1 1.325023122254779
21 1 -0.4818265899108292
22 1 -0.4818265899108292
23 1 1.325023122254779
24 1 1.325023122254779
25 1 0.4215982661719752
26 1 1.325023122254779
27 1 1.325023122254779
28 1 -1.385251445993634
29 1 1.325023122254779
30 1 -1.385251445993634
31 1 -0.4818265899108292
32 1 -1.385251445993634
33 1 1.325023122254779
34 1 0.4215982661719752
35 1 0.4215982661719752
36 1 0.4215982661719752
37 1 -0.4818265899108292
38 1 1.325023122254779
39 1 0.4215982661719752
40 1 -1.385251445993634
41 1 -1.385251445993634
42 1 -0.4818265899108292



# name: <cell-element>
# type: scalar
0





# name: coefficients
# type: cell
# rows: 1
# columns: 7
# name: <cell-element>
# type: matrix
# rows: 6
# columns: 1
 -0.1
 -0.1
 0.1
 -0.1
 0.1
 0.1



# name: <cell-element>
# type: matrix
# rows: 8
# columns: 1
 -2.675359805955248
 -2.6789
 -2.6789
 2.675359805955248
 2.6789
 -2.6789
 2.6789
 2.6789



# name: <cell-element>
# type: matrix
# rows: 4
# columns: 1
 -0.6157899999999997
 0.6157899999999999
 -0.6157899999999999
 0.6157899999999999



# name: <cell-element>
# type: matrix
# rows: 8
# columns: 1
 -0.35524039989915
 -0.35789
 -0.35789
 0.35524039989915
 0.35789
 -0.35789
 0.35789
 0.35789



# name: <cell-element>
# type: matrix
# rows: 8
# columns: 1
 -0.1
 -0.09491247998659792
 -0.1
 0.1
 0.1
 -0.1
 0.09491247998659792
 0.1



# name: <cell-element>
# type: matrix
# rows: 42
# columns: 1
 -3.7105
 -3.7105
 -3.7105
 -3.7105
 -3.7105
 3.7105
 -3.7105
 3.7105
 3.7105
 3.7105
 -3.7105
 -3.7105
 3.7105
 -3.7105
 3.7105
 -3.7105
 3.7105
 3.7105
 3.7105
 3.7105
 -3.7105
 3.7105
 3.7105
 -3.7105
 -3.7105
 3.7105
 0.2329787274600527
 -3.7105
 3.7105
 -3.7105
 -3.7105
 0.203805259859201
 3.7105
 -3.7105
 3.7105
 3.273716012680747
 3.7105
 -3.7105
 -3.7105
 -3.7105
 3.7105
 3.7105



# name: <cell-element>
# type: scalar
0





# name: b
# type: cell
# rows: 1
# columns: 7
# name: <cell-element>
# type: scalar
-0.09755174946231604



# name: <cell-element>
# type: scalar
-0.4753585994630408



# name: <cell-element>
# type: scalar
-0.1365722680857688



# name: <cell-element>
# type: scalar
-0.3845889543475519



# name: <cell-element>
# type: scalar
-0.3887491022932968



# name: <cell-element>
# type: scalar
0.1099420434168071



# name: <cell-element>
# type: scalar
0





# name: models
# type: cell
# rows: 1
# columns: 7
# name: <cell-element>
# type: scalar struct
# ndims: 2
 1 1
# length: 11
# name: Parameters
# type: matrix
# rows: 5
# columns: 1
 3
 0
 3
 1
 0


# name: nr_class
# type: scalar
2


# name: totalSV
# type: scalar
6


# name: rho
# type: scalar
0.09755174946231604


# name: Label
# type: matrix
# rows: 0
# columns: 0


# name: sv_indices
# type: matrix
# rows: 6
# columns: 1
 4
 5
 16
 33
 35
 45


# name: ProbA
# type: matrix
# rows: 0
# columns: 0


# name: ProbB
# type: matrix
# rows: 0
# columns: 0


# name: nSV
# type: matrix
# rows: 0
# columns: 0


# name: sv_coef
# type: matrix
# rows: 6
# columns: 1
 -0.1
 -0.1
 0.1
 -0.1
 0.1
 0.1


# name: SVs
# type: sparse matrix
# nnz: 6
# rows: 6
# columns: 1
1 1 -0.4818265899108292
2 1 1.325023122254779
3 1 -1.385251445993634
4 1 -0.4818265899108292
5 1 1.325023122254779
6 1 -0.4818265899108292





# name: <cell-element>
# type: scalar struct
# ndims: 2
 1 1
# length: 11
# name: Parameters
# type: matrix
# rows: 5
# columns: 1
 3
 1
 2
 1
 0


# name: nr_class
# type: scalar
2


# name: totalSV
# type: scalar
8


# name: rho
# type: scalar
0.4753585994630408


# name: Label
# type: matrix
# rows: 0
# columns: 0


# name: sv_indices
# type: matrix
# rows: 8
# columns: 1
 3
 4
 5
 11
 16
 33
 35
 45


# name: ProbA
# type: matrix
# rows: 0
# columns: 0


# name: ProbB
# type: matrix
# rows: 0
# columns: 0


# name: nSV
# type: matrix
# rows: 0
# columns: 0


# name: sv_coef
# type: matrix
# rows: 8
# columns: 1
 -2.675359805955248
 -2.6789
 -2.6789
 2.675359805955248
 2.6789
 -2.6789
 2.6789
 2.6789


# name: SVs
# type: sparse matrix
# nnz: 8
# rows: 8
# columns: 1
1 1 1.325023122254779
2 1 -0.4818265899108292
3 1 1.325023122254779
4 1 -0.4818265899108292
5 1 -1.385251445993634
6 1 -0.4818265899108292
7 1 1.325023122254779
8 1 -0.4818265899108292





# name: <cell-element>
# type: scalar struct
# ndims: 2
 1 1
# length: 11
# name: Parameters
# type: matrix
# rows: 5
# columns: 1
 3
 1
 3
 1
 0


# name: nr_class
# type: scalar
2


# name: totalSV
# type: scalar
4


# name: rho
# type: scalar
0.1365722680857688


# name: Label
# type: matrix
# rows: 0
# columns: 0


# name: sv_indices
# type: matrix
# rows: 4
# columns: 1
 4
 16
 33
 35


# name: ProbA
# type: matrix
# rows: 0
# columns: 0


# name: ProbB
# type: matrix
# rows: 0
# columns: 0


# name: nSV
# type: matrix
# rows: 0
# columns: 0


# name: sv_coef
# type: matrix
# rows: 4
# columns: 1
 -0.6157899999999997
 0.6157899999999999
 -0.6157899999999999
 0.6157899999999999


# name: SVs
# type: sparse matrix
# nnz: 4
# rows: 4
# columns: 1
1 1 -0.4818265899108292
2 1 -1.385251445993634
3 1 -0.4818265899108292
4 1 1.325023122254779





# name: <cell-element>
# type: scalar struct
# ndims: 2
 1 1
# length: 11
# name: Parameters
# type: matrix
# rows: 5
# columns: 1
 3
 1
 4
 1
 0


# name: nr_class
# type: scalar
2


# name: totalSV
# type: scalar
8


# name: rho
# type: scalar
0.3845889543475519


# name: Label
# type: matrix
# rows: 0
# columns: 0


# name: sv_indices
# type: matrix
# rows: 8
# columns: 1
 3
 4
 5
 11
 16
 33
 35
 45


# name: ProbA
# type: matrix
# rows: 0
# columns: 0


# name: ProbB
# type: matrix
# rows: 0
# columns: 0


# name: nSV
# type: matrix
# rows: 0
# columns: 0


# name: sv_coef
# type: matrix
# rows: 8
# columns: 1
 -0.35524039989915
 -0.35789
 -0.35789
 0.35524039989915
 0.35789
 -0.35789
 0.35789
 0.35789


# name: SVs
# type: sparse matrix
# nnz: 8
# rows: 8
# columns: 1
1 1 1.325023122254779
2 1 -0.4818265899108292
3 1 1.325023122254779
4 1 -0.4818265899108292
5 1 -1.385251445993634
6 1 -0.4818265899108292
7 1 1.325023122254779
8 1 -0.4818265899108292





# name: <cell-element>
# type: scalar struct
# ndims: 2
 1 1
# length: 11
