# Created by Octave 4.0.0, Mon May 23 13:47:30 2016 CEST <peter@Independence>
# name: mu
# type: matrix
# rows: 1
# columns: 2
 78323.10666666667 90.66666666666667


# name: sigma
# type: matrix
# rows: 1
# columns: 2
 2505.515907241749 22.1379784553624


