# Created by Octave 4.0.0, Mon May 23 13:47:36 2016 CEST <peter@Independence>
# name: x
# type: matrix
# rows: 1
# columns: 100
 60 60.60606060606061 61.21212121212122 61.81818181818181 62.42424242424242 63.03030303030303 63.63636363636364 64.24242424242425 64.84848484848484 65.45454545454545 66.06060606060606 66.66666666666667 67.27272727272727 67.87878787878788 68.48484848484848 69.09090909090909 69.69696969696969 70.3030303030303 70.90909090909091 71.51515151515152 72.12121212121212 72.72727272727272 73.33333333333333 73.93939393939394 74.54545454545455 75.15151515151516 75.75757575757575 76.36363636363636 76.96969696969697 77.57575757575758 78.18181818181819 78.78787878787878 79.39393939393939 80 80.60606060606061 81.2121212121212 81.81818181818181 82.42424242424242 83.03030303030303 83.63636363636363 84.24242424242424 84.84848484848484 85.45454545454545 86.06060606060606 86.66666666666666 87.27272727272727 87.87878787878788 88.48484848484848 89.09090909090909 89.69696969696969 90.3030303030303 90.90909090909091 91.51515151515152 92.12121212121211 92.72727272727272 93.33333333333333 93.93939393939394 94.54545454545453 95.15151515151514 95.75757575757575 96.36363636363636 96.96969696969697 97.57575757575756 98.18181818181817 98.78787878787878 99.39393939393939 100 100.6060606060606 101.2121212121212 101.8181818181818 102.4242424242424 103.030303030303 103.6363636363636 104.2424242424242 104.8484848484848 105.4545454545454 106.060606060606 106.6666666666667 107.2727272727273 107.8787878787879 108.4848484848485 109.0909090909091 109.6969696969697 110.3030303030303 110.9090909090909 111.5151515151515 112.1212121212121 112.7272727272727 113.3333333333333 113.9393939393939 114.5454545454545 115.1515151515152 115.7575757575758 116.3636363636364 116.969696969697 117.5757575757576 118.1818181818182 118.7878787878788 119.3939393939394 120


# name: y
# type: matrix
# rows: 100
# columns: 1
 79260.46643028127
 79177.17208679809
 79095.54030506109
 79015.57108507025
 78937.26442682558
 78860.62033032712
 78785.63879557478
 78712.31982256864
 78640.66341130866
 78570.66956179486
 78502.33827402722
 78435.66954800575
 78370.66338373045
 78307.31978120134
 78245.63874041839
 78185.62026138161
 78127.264344091
 78070.57098854656
 78015.5401947483
 77962.17196269621
 77910.46629239028
 77860.42318383053
 77812.04263701694
 77765.32465194954
 77720.2692286283
 77676.87636705324
 77635.14606722434
 77595.07832914162
 77556.67315280506
 77519.93053821467
 77484.85048537047
 77451.43299427243
 77419.67806492056
 77389.58569731486
 77361.15589145533
 77334.38864734197
 77309.28396497479
 77285.84184435378
 77264.06228547894
 77243.94528835027
 77225.49085296776
 77208.69897933143
 77193.56966744128
 77180.10291729729
 77168.29872889948
 77158.15710224783
 77149.67803734235
 77142.86153418306
 77137.70759276992
 77134.21621310296
 77132.38739518217
 77132.22113900755
 77133.71744457912
 77136.87631189683
 77141.69774096074
 77148.1817317708
 77156.32828432704
 77166.13739862945
 77177.60907467804
 77190.74331247278
 77205.54011201371
 77221.99947330081
 77240.12139633407
 77259.9058811135
 77281.35292763911
 77304.46253591089
 77329.23470592884
 77355.66943769297
 77383.76673120326
 77413.52658645972
 77444.94900346236
 77478.03398221116
 77512.78152270614
 77549.19162494729
 77587.2642889346
 77626.99951466809
 77668.39730214776
 77711.4576513736
 77756.1805623456
 77802.56603506378
 77850.61406952812
 77900.32466573863
 77951.69782369533
 78004.73354339819
 78059.43182484721
 78115.79266804241
 78173.8160729838
 78233.50203967134
 78294.85056810506
 78357.86165828494
 78422.53531021101
 78488.87152388322
 78556.87029930163
 78626.5316364662
 78697.85553537695
 78770.84199603387
 78845.49101843694
 78921.80260258619
 78999.77674848163
 79079.41345612322


# name: QUERY
# type: sq_string
# elements: 1
# length: 2
R2


# name: DATASIZE
# type: sq_string
# elements: 1
# length: 3
750


