# Created by Octave 4.0.0, Mon May 23 13:47:36 2016 CEST <peter@Independence>
# name: x
# type: matrix
# rows: 1
# columns: 100
 60 60.60606060606061 61.21212121212122 61.81818181818181 62.42424242424242 63.03030303030303 63.63636363636364 64.24242424242425 64.84848484848484 65.45454545454545 66.06060606060606 66.66666666666667 67.27272727272727 67.87878787878788 68.48484848484848 69.09090909090909 69.69696969696969 70.3030303030303 70.90909090909091 71.51515151515152 72.12121212121212 72.72727272727272 73.33333333333333 73.93939393939394 74.54545454545455 75.15151515151516 75.75757575757575 76.36363636363636 76.96969696969697 77.57575757575758 78.18181818181819 78.78787878787878 79.39393939393939 80 80.60606060606061 81.2121212121212 81.81818181818181 82.42424242424242 83.03030303030303 83.63636363636363 84.24242424242424 84.84848484848484 85.45454545454545 86.06060606060606 86.66666666666666 87.27272727272727 87.87878787878788 88.48484848484848 89.09090909090909 89.69696969696969 90.3030303030303 90.90909090909091 91.51515151515152 92.12121212121211 92.72727272727272 93.33333333333333 93.93939393939394 94.54545454545453 95.15151515151514 95.75757575757575 96.36363636363636 96.96969696969697 97.57575757575756 98.18181818181817 98.78787878787878 99.39393939393939 100 100.6060606060606 101.2121212121212 101.8181818181818 102.4242424242424 103.030303030303 103.6363636363636 104.2424242424242 104.8484848484848 105.4545454545454 106.060606060606 106.6666666666667 107.2727272727273 107.8787878787879 108.4848484848485 109.0909090909091 109.6969696969697 110.3030303030303 110.9090909090909 111.5151515151515 112.1212121212121 112.7272727272727 113.3333333333333 113.9393939393939 114.5454545454545 115.1515151515152 115.7575757575758 116.3636363636364 116.969696969697 117.5757575757576 118.1818181818182 118.7878787878788 119.3939393939394 120


# name: y
# type: matrix
# rows: 100
# columns: 1
 78424.45283967032
 78398.67285025497
 78373.91169743665
 78350.14884015496
 78327.36373734946
 78305.53584795973
 78284.64463092537
 78264.66954518591
 78245.59004968096
 78227.38560335011
 78210.03566513289
 78193.51969396889
 78177.81714879771
 78162.90748855891
 78148.77017219206
 78135.38465863674
 78122.73040683253
 78110.786875719
 78099.53352423573
 78088.94981132228
 78079.01519591825
 78069.70913696321
 78061.01109339672
 78052.90052415838
 78045.35688818774
 78038.35964442439
 78031.8882518079
 78025.92216927785
 78020.44085577382
 78015.42377023539
 78010.85037160211
 78006.70011881356
 78002.95247080935
 77999.58688652902
 77996.58282491217
 77993.91974489835
 77991.57710542716
 77989.53436543816
 77987.77098387093
 77986.26641966504
 77985.00013176008
 77983.95157909562
 77983.10022061125
 77982.4255152465
 77981.90692194099
 77981.52389963428
 77981.25590726594
 77981.08240377555
 77980.98284810269
 77980.93669918695
 77980.92341596787
 77980.92245738505
 77980.91328237807
 77980.87534988648
 77980.78811884987
 77980.63104820783
 77980.38359689992
 77980.02522386571
 77979.53538804479
 77978.89354837674
 77978.07916380111
 77977.0716932575
 77975.85059568548
 77974.39533002461
 77972.68535521449
 77970.70013019467
 77968.41911390476
 77965.8217652843
 77962.88754327288
 77959.59590681009
 77955.92631483548
 77951.85822628863
 77947.37110010914
 77942.44439523657
 77937.05757061049
 77931.19008517047
 77924.82139785611
 77917.93096760697
 77910.49825336262
 77902.50271406265
 77893.92380864662
 77884.74099605413
 77874.93373522472
 77864.481485098
 77853.36370461354
 77841.5598527109
 77829.04938832964
 77815.81177040939
 77801.82645788968
 77787.0729097101
 77771.53058481021
 77755.17894212963
 77737.9974406079
 77719.96553918459
 77701.06269679929
 77681.26837239158
 77660.56202490102
 77638.92311326721
 77616.3310964297
 77592.76543332808


# name: QUERY
# type: sq_string
# elements: 1
# length: 2
R2


# name: DATASIZE
# type: sq_string
# elements: 1
# length: 3
750


