# Created by Octave 4.0.0, Mon May 23 13:47:36 2016 CEST <peter@Independence>
# name: x
# type: matrix
# rows: 1
# columns: 100
 60 60.60606060606061 61.21212121212122 61.81818181818181 62.42424242424242 63.03030303030303 63.63636363636364 64.24242424242425 64.84848484848484 65.45454545454545 66.06060606060606 66.66666666666667 67.27272727272727 67.87878787878788 68.48484848484848 69.09090909090909 69.69696969696969 70.3030303030303 70.90909090909091 71.51515151515152 72.12121212121212 72.72727272727272 73.33333333333333 73.93939393939394 74.54545454545455 75.15151515151516 75.75757575757575 76.36363636363636 76.96969696969697 77.57575757575758 78.18181818181819 78.78787878787878 79.39393939393939 80 80.60606060606061 81.2121212121212 81.81818181818181 82.42424242424242 83.03030303030303 83.63636363636363 84.24242424242424 84.84848484848484 85.45454545454545 86.06060606060606 86.66666666666666 87.27272727272727 87.87878787878788 88.48484848484848 89.09090909090909 89.69696969696969 90.3030303030303 90.90909090909091 91.51515151515152 92.12121212121211 92.72727272727272 93.33333333333333 93.93939393939394 94.54545454545453 95.15151515151514 95.75757575757575 96.36363636363636 96.96969696969697 97.57575757575756 98.18181818181817 98.78787878787878 99.39393939393939 100 100.6060606060606 101.2121212121212 101.8181818181818 102.4242424242424 103.030303030303 103.6363636363636 104.2424242424242 104.8484848484848 105.4545454545454 106.060606060606 106.6666666666667 107.2727272727273 107.8787878787879 108.4848484848485 109.0909090909091 109.6969696969697 110.3030303030303 110.9090909090909 111.5151515151515 112.1212121212121 112.7272727272727 113.3333333333333 113.9393939393939 114.5454545454545 115.1515151515152 115.7575757575758 116.3636363636364 116.969696969697 117.5757575757576 118.1818181818182 118.7878787878788 119.3939393939394 120


# name: y
# type: matrix
# rows: 100
# columns: 1
 79791.32663605151
 79515.66980558928
 79266.44370591961
 79041.58083703143
 78839.1374420262
 78657.28846790994
 78494.32263115048
 78348.63758800003
 78218.73520958275
 78103.21696174789
 78000.77938968787
 77910.2097073218
 77830.38149144419
 77760.25048063876
 77698.85047895771
 77645.28936436612
 77598.74520195153
 77558.46246189886
 77523.74834223052
 77493.96919631178
 77468.54706512137
 77446.95631428726
 77428.72037588783
 77413.4085950181
 77400.63318112132
 77390.04626408574
 77381.33705510669
 77374.22911231378
 77368.47771116345
 77363.8673195967
 77360.20917796208
 77357.33898370391
 77355.11468081576
 77353.41435405912
 77352.13422794735
 77351.18677049487
 77350.49890173158
 77350.01030698248
 77349.67185491264
 77349.44412033721
 77349.29601179693
 77349.20350389867
 77349.14847442124
 77349.11764618657
 77349.10163369599
 77349.09409453179
 77349.090985524
 77349.08992368254
 77349.08965189436
 77349.08960938608
 77349.08960695166
 77349.08960694546
 77349.08960804048
 77349.08963475174
 77349.08983172516
 77349.09066279134
 77349.09321478487
 77349.09960612874
 77349.11350018397
 77349.14072336453
 77349.18998801755
 77349.2737200686
 77349.40899143241
 77349.61855718867
 77349.93199752321
 77350.38696443419
 77351.03053320388
 77351.92065863534
 77353.12773605451
 77354.7362670775
 77356.84663014316
 77359.57695581084
 77363.06510682337
 77367.47076293534
 77372.9776105066
 77379.79563686094
 77388.16352941016
 77398.35117954313
 77410.66229128034
 77425.4370946936
 77443.05516409087
 77463.93834096649
 77488.55376171657
 77517.4169901196
 77551.09525458238
 77590.21079015108
 77635.44428528764
 77687.53843341132
 77747.30158920558
 77815.61152969013
 77893.41932005824
 77981.75328427927
 78081.7230804665
 78194.52388101014
 78321.44065747556
 78463.85257026684
 78623.2374630555
 78801.17646197449
 78999.35867957737
 79219.58602356285


# name: QUERY
# type: sq_string
# elements: 1
# length: 2
R2


# name: DATASIZE
# type: sq_string
# elements: 1
# length: 3
750


