# Created by Octave 4.0.0, Mon May 23 13:47:36 2016 CEST <peter@Independence>
# name: x
# type: matrix
# rows: 1
# columns: 100
 60 60.60606060606061 61.21212121212122 61.81818181818181 62.42424242424242 63.03030303030303 63.63636363636364 64.24242424242425 64.84848484848484 65.45454545454545 66.06060606060606 66.66666666666667 67.27272727272727 67.87878787878788 68.48484848484848 69.09090909090909 69.69696969696969 70.3030303030303 70.90909090909091 71.51515151515152 72.12121212121212 72.72727272727272 73.33333333333333 73.93939393939394 74.54545454545455 75.15151515151516 75.75757575757575 76.36363636363636 76.96969696969697 77.57575757575758 78.18181818181819 78.78787878787878 79.39393939393939 80 80.60606060606061 81.2121212121212 81.81818181818181 82.42424242424242 83.03030303030303 83.63636363636363 84.24242424242424 84.84848484848484 85.45454545454545 86.06060606060606 86.66666666666666 87.27272727272727 87.87878787878788 88.48484848484848 89.09090909090909 89.69696969696969 90.3030303030303 90.90909090909091 91.51515151515152 92.12121212121211 92.72727272727272 93.33333333333333 93.93939393939394 94.54545454545453 95.15151515151514 95.75757575757575 96.36363636363636 96.96969696969697 97.57575757575756 98.18181818181817 98.78787878787878 99.39393939393939 100 100.6060606060606 101.2121212121212 101.8181818181818 102.4242424242424 103.030303030303 103.6363636363636 104.2424242424242 104.8484848484848 105.4545454545454 106.060606060606 106.6666666666667 107.2727272727273 107.8787878787879 108.4848484848485 109.0909090909091 109.6969696969697 110.3030303030303 110.9090909090909 111.5151515151515 112.1212121212121 112.7272727272727 113.3333333333333 113.9393939393939 114.5454545454545 115.1515151515152 115.7575757575758 116.3636363636364 116.969696969697 117.5757575757576 118.1818181818182 118.7878787878788 119.3939393939394 120


# name: y
# type: matrix
# rows: 100
# columns: 1
 79414.09780635248
 79256.43166321194
 79108.01880724906
 78968.48990832035
 78837.48315828117
 78714.64427098571
 78599.62648228703
 78492.09055003703
 78391.70475408646
 78298.14489628491
 78211.09430048085
 78130.24381252156
 78055.29180025318
 77985.94415352073
 77921.91428416803
 77862.9231260378
 77808.69913497157
 77758.97828880973
 77713.50408739153
 77672.02755255505
 77634.30722813724
 77600.10917997389
 77569.20699589963
 77541.38178574797
 77516.42218135123
 77494.12433654058
 77474.29192714609
 77456.73615099663
 77441.27572791993
 77427.73689974258
 77415.95343029
 77405.7666053865
 77397.02523285517
 77389.58564251804
 77383.31168619588
 77378.07473770843
 77373.75369287418
 77370.23496951051
 77367.41250743365
 77365.18776845868
 77363.46973639952
 77362.17491706896
 77361.22733827859
 77360.55854983891
 77360.10762355923
 77359.82115324773
 77359.6532547114
 77359.56556575616
 77359.52724618668
 77359.51497780657
 77359.5129644182
 77359.51293182287
 77359.5141278207
 77359.52332221062
 77359.55480679047
 77359.6303953569
 77359.77942370543
 77360.03874963043
 77360.45275292509
 77361.07333538149
 77361.95992079051
 77363.17945494193
 77364.80640562436
 77366.92276262524
 77369.61803773089
 77372.98926472646
 77377.14099939595
 77382.18531952221
 77388.24182488695
 77395.43763727073
 77403.90740045294
 77413.79328021182
 77425.24496432449
 77438.41966256688
 77453.4821067138
 77470.60455053889
 77489.96676981465
 77511.75606231243
 77536.16724780241
 77563.40266805365
 77593.67218683402
 77627.19318991028
 77664.19058504803
 77704.89680201169
 77749.55179256455
 77798.40303046878
 77851.70551148531
 77909.72175337403
 77972.72179589362
 78040.98320080159
 78114.79105185435
 78194.4379548071
 78280.22403741397
 78372.45694942785
 78471.45186260056
 78577.53147068269
 78691.02598942375
 78812.27315657206
 78941.6182318748
 79079.41399707799


# name: QUERY
# type: sq_string
# elements: 1
# length: 2
R2


# name: DATASIZE
# type: sq_string
# elements: 1
# length: 3
750


