# Created by Octave 4.0.0, Wed May 18 23:47:49 2016 CEST <peter@Independence>
# name: x
# type: matrix
# rows: 1
# columns: 100
 60 60.60606060606061 61.21212121212122 61.81818181818181 62.42424242424242 63.03030303030303 63.63636363636364 64.24242424242425 64.84848484848484 65.45454545454545 66.06060606060606 66.66666666666667 67.27272727272727 67.87878787878788 68.48484848484848 69.09090909090909 69.69696969696969 70.3030303030303 70.90909090909091 71.51515151515152 72.12121212121212 72.72727272727272 73.33333333333333 73.93939393939394 74.54545454545455 75.15151515151516 75.75757575757575 76.36363636363636 76.96969696969697 77.57575757575758 78.18181818181819 78.78787878787878 79.39393939393939 80 80.60606060606061 81.2121212121212 81.81818181818181 82.42424242424242 83.03030303030303 83.63636363636363 84.24242424242424 84.84848484848484 85.45454545454545 86.06060606060606 86.66666666666666 87.27272727272727 87.87878787878788 88.48484848484848 89.09090909090909 89.69696969696969 90.3030303030303 90.90909090909091 91.51515151515152 92.12121212121211 92.72727272727272 93.33333333333333 93.93939393939394 94.54545454545453 95.15151515151514 95.75757575757575 96.36363636363636 96.96969696969697 97.57575757575756 98.18181818181817 98.78787878787878 99.39393939393939 100 100.6060606060606 101.2121212121212 101.8181818181818 102.4242424242424 103.030303030303 103.6363636363636 104.2424242424242 104.8484848484848 105.4545454545454 106.060606060606 106.6666666666667 107.2727272727273 107.8787878787879 108.4848484848485 109.0909090909091 109.6969696969697 110.3030303030303 110.9090909090909 111.5151515151515 112.1212121212121 112.7272727272727 113.3333333333333 113.9393939393939 114.5454545454545 115.1515151515152 115.7575757575758 116.3636363636364 116.969696969697 117.5757575757576 118.1818181818182 118.7878787878788 119.3939393939394 120


# name: y
# type: matrix
# rows: 100
# columns: 1
 78291.41627542245
 78259.92422386519
 78229.67675213012
 78200.64876788211
 78172.81517878604
 78146.15089250682
 78120.63081670926
 78096.22985905824
 78072.92292721871
 78050.68492885547
 78029.49077163343
 78009.31536321744
 77990.13361127239
 77971.92042346321
 77954.65070745467
 77938.2993709117
 77922.84132149917
 77908.25146688199
 77894.50471472499
 77881.57597269306
 77869.44014845106
 77858.07214966389
 77847.44688399641
 77837.5392591135
 77828.32418268002
 77819.77656236089
 77811.87130582094
 77804.58332072505
 77797.88751473812
 77791.75879552501
 77786.17207075059
 77781.10224807974
 77776.52423517733
 77772.41293970826
 77768.74326933737
 77765.49013172956
 77762.62843454968
 77760.13308546264
 77757.9789921333
 77756.14106222652
 77754.59420340719
 77753.31332334019
 77752.27332969039
 77751.44913012265
 77750.81563230186
 77750.34774389291
 77750.02037256064
 77749.80842596995
 77749.68681178572
 77749.63043767281
 77749.6142112961
 77749.61304032046
 77749.60183241077
 77749.55549523191
 77749.44893644874
 77749.25706372615
 77748.95478472901
 77748.51700712221
 77747.9186385706
 77747.13458673906
 77746.13975929248
 77744.90906389573
 77743.41740821367
 77741.6396999112
 77739.55084665318
 77737.12575610448
 77734.33933593
 77731.16649379458
 77727.58213736312
 77723.56117430048
 77719.07851227156
 77714.10905894121
 77708.62772197431
 77702.60940903575
 77696.02902779038
 77688.86148590311
 77681.08169103878
 77672.66455086228
 77663.58497303848
 77653.81786523228
 77643.33813510853
 77632.1206903321
 77620.14043856788
 77607.37228748074
 77593.79114473557
 77579.37191799721
 77564.08951493057
 77547.9188432005
 77530.8348104719
 77512.81232440964
 77493.82629267857
 77473.85162294361
 77452.86322286958
 77430.83600012139
 77407.74486236391
 77383.56471726201
 77358.2704724806
 77331.83703568447
 77304.23931453859
 77275.45221670777


# name: QUERY
# type: sq_string
# elements: 1
# length: 2
R2


# name: DATASIZE
# type: sq_string
# elements: 1
# length: 3
750


