# Created by Octave 4.0.0, Thu May 19 00:46:33 2016 CEST <peter@Independence>
# name: x
# type: matrix
# rows: 1
# columns: 100
 60 60.60606060606061 61.21212121212122 61.81818181818183 62.42424242424242 63.03030303030303 63.63636363636364 64.24242424242425 64.84848484848484 65.45454545454545 66.06060606060606 66.66666666666667 67.27272727272728 67.87878787878788 68.48484848484848 69.09090909090909 69.6969696969697 70.30303030303031 70.90909090909091 71.51515151515152 72.12121212121212 72.72727272727273 73.33333333333334 73.93939393939394 74.54545454545455 75.15151515151516 75.75757575757576 76.36363636363637 76.96969696969697 77.57575757575758 78.18181818181819 78.7878787878788 79.39393939393941 80 80.60606060606061 81.21212121212122 81.81818181818183 82.42424242424244 83.03030303030303 83.63636363636364 84.24242424242425 84.84848484848484 85.45454545454545 86.06060606060606 86.66666666666667 87.27272727272728 87.87878787878789 88.48484848484848 89.09090909090909 89.6969696969697 90.30303030303031 90.90909090909092 91.51515151515152 92.12121212121212 92.72727272727273 93.33333333333334 93.93939393939394 94.54545454545455 95.15151515151516 95.75757575757576 96.36363636363637 96.96969696969697 97.57575757575758 98.18181818181819 98.7878787878788 99.39393939393941 100 100.6060606060606 101.2121212121212 101.8181818181818 102.4242424242424 103.030303030303 103.6363636363636 104.2424242424242 104.8484848484849 105.4545454545455 106.0606060606061 106.6666666666667 107.2727272727273 107.8787878787879 108.4848484848485 109.0909090909091 109.6969696969697 110.3030303030303 110.9090909090909 111.5151515151515 112.1212121212121 112.7272727272727 113.3333333333333 113.939393939394 114.5454545454546 115.1515151515152 115.7575757575758 116.3636363636364 116.969696969697 117.5757575757576 118.1818181818182 118.7878787878788 119.3939393939394 120


# name: y
# type: matrix
# rows: 100
# columns: 1
 673082.1521313752
 671873.6576496529
 670635.7116230655
 669369.1471822718
 668074.8189024328
 666753.6019109924
 665406.3909694775
 664034.099530608
 662637.6587720485
 661218.016608171
 659776.1366812427
 658312.997333479
 656829.5905614456
 655326.9209543136
 653806.0046175042
 652267.8680832854
 650713.5472099013
 649144.0860708341
 647560.5358358178
 645963.9536452341
 644355.401479527
 642735.9450252887
 641106.6525396626
 639468.59371472
 637822.8385434581
 636170.4561890648
 634512.5138590869
 632850.0756861299
 631184.2016166964
 629515.9463097635
 627846.3580466689
 626176.4776538617
 624507.3374400421
 622839.9601491876
 621175.3579309371
 619514.53132976
 617858.4682943138
 616208.1432083439
 614564.5159444485
 612928.5309419783
 611301.1163103028
 609683.1829586251
 608075.6237534754
 606479.3127049642
 604895.1041828253
 603323.8321632168
 601766.3095072001
 600223.3272717537
 598695.6540541219
 597184.0353702379
 595689.193067898
 594211.8247753057
 592752.6033855361
 591312.1765774111
 589891.1663732129
 588490.1687335928
 587109.7531899771
 585750.4625146972
 584412.8124290141
 583097.2913491394
 581804.3601702895
 580534.4520887504
 579287.9724618616
 578065.2987057696
 576866.7802307369
 575692.738413734
 574543.4666079771
 573419.2301890235
 572320.2666369712
 571246.7856542572
 570198.9693184949
 569176.9722697349
 568180.921931486
 567210.9187647779
 566267.0365545081
 565349.3227272577
 564457.7986997289
 563592.4602569061
 562753.2779590074
 561940.1975762543
 561153.1405504512
 560392.0044823362
 559656.6636436296
 558946.9695126803
 558262.751332587
 557603.8166906416
 556969.952117925
 556360.9237078676
 555776.4777525666
 555216.341395641
 554680.2233003958
 554167.814332052
 553678.788252799
 553212.8024284176
 552769.4985452228
 552348.5033360744
 551949.4293142074
 551571.8755136387
 551215.4282349175
 550879.6617949897


# name: TRAIN_QUERIES
# type: cell
# rows: 1
# columns: 1
# name: <cell-element>
# type: sq_string
# elements: 1
# length: 2
R3





# name: TEST_QUERIES
# type: cell
# rows: 1
# columns: 1
# name: <cell-element>
# type: sq_string
# elements: 1
# length: 2
R4





