# Created by Octave 4.0.0, Thu May 19 00:46:33 2016 CEST <peter@Independence>
# name: x
# type: matrix
# rows: 1
# columns: 100
 60 60.60606060606061 61.21212121212122 61.81818181818183 62.42424242424242 63.03030303030303 63.63636363636364 64.24242424242425 64.84848484848484 65.45454545454545 66.06060606060606 66.66666666666667 67.27272727272728 67.87878787878788 68.48484848484848 69.09090909090909 69.6969696969697 70.30303030303031 70.90909090909091 71.51515151515152 72.12121212121212 72.72727272727273 73.33333333333334 73.93939393939394 74.54545454545455 75.15151515151516 75.75757575757576 76.36363636363637 76.96969696969697 77.57575757575758 78.18181818181819 78.7878787878788 79.39393939393941 80 80.60606060606061 81.21212121212122 81.81818181818183 82.42424242424244 83.03030303030303 83.63636363636364 84.24242424242425 84.84848484848484 85.45454545454545 86.06060606060606 86.66666666666667 87.27272727272728 87.87878787878789 88.48484848484848 89.09090909090909 89.6969696969697 90.30303030303031 90.90909090909092 91.51515151515152 92.12121212121212 92.72727272727273 93.33333333333334 93.93939393939394 94.54545454545455 95.15151515151516 95.75757575757576 96.36363636363637 96.96969696969697 97.57575757575758 98.18181818181819 98.7878787878788 99.39393939393941 100 100.6060606060606 101.2121212121212 101.8181818181818 102.4242424242424 103.030303030303 103.6363636363636 104.2424242424242 104.8484848484849 105.4545454545455 106.0606060606061 106.6666666666667 107.2727272727273 107.8787878787879 108.4848484848485 109.0909090909091 109.6969696969697 110.3030303030303 110.9090909090909 111.5151515151515 112.1212121212121 112.7272727272727 113.3333333333333 113.939393939394 114.5454545454546 115.1515151515152 115.7575757575758 116.3636363636364 116.969696969697 117.5757575757576 118.1818181818182 118.7878787878788 119.3939393939394 120


# name: y
# type: matrix
# rows: 1
# columns: 100
 605821.2519541325 605858.3993264342 605895.5466987361 605932.694071038 605969.8414433399 606006.9888156417 606044.1361879436 606081.2835602455 606118.4309325474 606155.5783048492 606192.7256771511 606229.873049453 606267.0204217549 606304.1677940567 606341.3151663586 606378.4625386605 606415.6099109624 606452.7572832642 606489.9046555661 606527.052027868 606564.1994001699 606601.3467724717 606638.4941447736 606675.6415170755 606712.7888893774 606749.9362616792 606787.0836339811 606824.231006283 606861.3783785849 606898.5257508866 606935.6731231885 606972.8204954905 607009.9678677924 607047.1152400941 607084.262612396 607121.4099846979 607158.5573569998 607195.7047293016 607232.8521016035 607269.9994739054 607307.1468462073 607344.2942185091 607381.441590811 607418.5889631129 607455.7363354148 607492.8837077166 607530.0310800185 607567.1784523204 607604.3258246223 607641.4731969241 607678.620569226 607715.7679415279 607752.9153138298 607790.0626861316 607827.2100584335 607864.3574307354 607901.5048030373 607938.6521753391 607975.799547641 608012.9469199429 608050.0942922448 608087.2416645465 608124.3890368484 608161.5364091503 608198.6837814522 608235.831153754 608272.9785260559 608310.1258983578 608347.2732706597 608384.4206429615 608421.5680152634 608458.7153875653 608495.8627598672 608533.010132169 608570.1575044709 608607.3048767728 608644.4522490747 608681.5996213765 608718.7469936784 608755.8943659803 608793.0417382822 608830.189110584 608867.3364828859 608904.4838551878 608941.6312274897 608978.7785997915 609015.9259720934 609053.0733443953 609090.2207166972 609127.3680889989 609164.5154613008 609201.6628336027 609238.8102059047 609275.9575782064 609313.1049505083 609350.2523228102 609387.3996951121 609424.5470674139 609461.6944397158 609498.8418120177


# name: TRAIN_QUERIES
# type: cell
# rows: 1
# columns: 1
# name: <cell-element>
# type: sq_string
# elements: 1
# length: 2
R3





# name: TEST_QUERIES
# type: cell
# rows: 1
# columns: 1
# name: <cell-element>
# type: sq_string
# elements: 1
# length: 2
R4





