# Created by Octave 4.0.0, Thu May 19 00:46:33 2016 CEST <peter@Independence>
# name: x
# type: matrix
# rows: 1
# columns: 100
 60 60.60606060606061 61.21212121212122 61.81818181818183 62.42424242424242 63.03030303030303 63.63636363636364 64.24242424242425 64.84848484848484 65.45454545454545 66.06060606060606 66.66666666666667 67.27272727272728 67.87878787878788 68.48484848484848 69.09090909090909 69.6969696969697 70.30303030303031 70.90909090909091 71.51515151515152 72.12121212121212 72.72727272727273 73.33333333333334 73.93939393939394 74.54545454545455 75.15151515151516 75.75757575757576 76.36363636363637 76.96969696969697 77.57575757575758 78.18181818181819 78.7878787878788 79.39393939393941 80 80.60606060606061 81.21212121212122 81.81818181818183 82.42424242424244 83.03030303030303 83.63636363636364 84.24242424242425 84.84848484848484 85.45454545454545 86.06060606060606 86.66666666666667 87.27272727272728 87.87878787878789 88.48484848484848 89.09090909090909 89.6969696969697 90.30303030303031 90.90909090909092 91.51515151515152 92.12121212121212 92.72727272727273 93.33333333333334 93.93939393939394 94.54545454545455 95.15151515151516 95.75757575757576 96.36363636363637 96.96969696969697 97.57575757575758 98.18181818181819 98.7878787878788 99.39393939393941 100 100.6060606060606 101.2121212121212 101.8181818181818 102.4242424242424 103.030303030303 103.6363636363636 104.2424242424242 104.8484848484849 105.4545454545455 106.0606060606061 106.6666666666667 107.2727272727273 107.8787878787879 108.4848484848485 109.0909090909091 109.6969696969697 110.3030303030303 110.9090909090909 111.5151515151515 112.1212121212121 112.7272727272727 113.3333333333333 113.939393939394 114.5454545454546 115.1515151515152 115.7575757575758 116.3636363636364 116.969696969697 117.5757575757576 118.1818181818182 118.7878787878788 119.3939393939394 120


# name: y
# type: matrix
# rows: 100
# columns: 1
 613313.8648149701
 613017.077391766
 612720.2899685618
 612423.5025453578
 612126.7151221536
 611829.9276989496
 611533.1402757454
 611236.3528525414
 610939.5654293372
 610642.7780061332
 610345.990582929
 610049.2031597249
 609752.4157365208
 609455.6283133167
 609158.8408901126
 608862.0534669085
 608565.2660437044
 608268.4786205002
 607971.6911972961
 607674.9037740921
 607378.1163508879
 607081.3289276839
 606784.5415044797
 606487.7540812757
 606190.9666580715
 605894.1792348674
 605597.3918116633
 605300.6043884592
 605003.8169652551
 604707.029542051
 604410.2421188469
 604113.4546956428
 603816.6672724386
 603519.8798492346
 603223.0924260304
 602926.3050028264
 602629.5175796222
 602332.7301564182
 602035.942733214
 601739.15531001
 601442.3678868058
 601145.5804636017
 600848.7930403976
 600552.0056171935
 600255.2181939894
 599958.4307707853
 599661.6433475812
 599364.8559243771
 599068.0685011729
 598771.2810779689
 598474.4936547647
 598177.7062315607
 597880.9188083565
 597584.1313851525
 597287.3439619483
 596990.5565387442
 596693.7691155401
 596396.981692336
 596100.1942691319
 595803.4068459278
 595506.6194227237
 595209.8319995196
 594913.0445763154
 594616.2571531114
 594319.4697299072
 594022.6823067032
 593725.894883499
 593429.107460295
 593132.3200370908
 592835.5326138868
 592538.7451906826
 592241.9577674785
 591945.1703442744
 591648.3829210703
 591351.5954978663
 591054.8080746621
 590758.0206514579
 590461.2332282539
 590164.4458050497
 589867.6583818457
 589570.8709586415
 589274.0835354375
 588977.2961122333
 588680.5086890293
 588383.7212658251
 588086.933842621
 587790.1464194169
 587493.3589962128
 587196.5715730087
 586899.7841498046
 586602.9967266005
 586306.2093033964
 586009.4218801922
 585712.6344569882
 585415.847033784
 585119.05961058
 584822.2721873758
 584525.4847641718
 584228.6973409676
 583931.9099177636


# name: TRAIN_QUERIES
# type: cell
# rows: 1
# columns: 1
# name: <cell-element>
# type: sq_string
# elements: 1
# length: 2
R3





# name: TEST_QUERIES
# type: cell
# rows: 1
# columns: 1
# name: <cell-element>
# type: sq_string
# elements: 1
# length: 2
R4





