# Created by Octave 4.0.0, Thu May 19 00:45:47 2016 CEST <peter@Independence>
# name: mu
# type: matrix
# rows: 1
# columns: 9
 607498.6259541984 39543.1106870229 84739.48854961833 3212.225190839695 6554.532442748092 35582.14122137405 437101.2061068702 632.1564885496183 87.36641221374046


# name: sigma
# type: matrix
# rows: 1
# columns: 9
 287912.0364312641 8367.448196573012 7005.436859784476 1287.316849864659 3691.469115965501 8830.050858493103 220097.0625624497 236.1281985145499 21.31282295438174


