# Created by Octave 4.0.0, Thu May 19 00:46:33 2016 CEST <peter@Independence>
# name: x
# type: matrix
# rows: 1
# columns: 100
 60 60.60606060606061 61.21212121212122 61.81818181818183 62.42424242424242 63.03030303030303 63.63636363636364 64.24242424242425 64.84848484848484 65.45454545454545 66.06060606060606 66.66666666666667 67.27272727272728 67.87878787878788 68.48484848484848 69.09090909090909 69.6969696969697 70.30303030303031 70.90909090909091 71.51515151515152 72.12121212121212 72.72727272727273 73.33333333333334 73.93939393939394 74.54545454545455 75.15151515151516 75.75757575757576 76.36363636363637 76.96969696969697 77.57575757575758 78.18181818181819 78.7878787878788 79.39393939393941 80 80.60606060606061 81.21212121212122 81.81818181818183 82.42424242424244 83.03030303030303 83.63636363636364 84.24242424242425 84.84848484848484 85.45454545454545 86.06060606060606 86.66666666666667 87.27272727272728 87.87878787878789 88.48484848484848 89.09090909090909 89.6969696969697 90.30303030303031 90.90909090909092 91.51515151515152 92.12121212121212 92.72727272727273 93.33333333333334 93.93939393939394 94.54545454545455 95.15151515151516 95.75757575757576 96.36363636363637 96.96969696969697 97.57575757575758 98.18181818181819 98.7878787878788 99.39393939393941 100 100.6060606060606 101.2121212121212 101.8181818181818 102.4242424242424 103.030303030303 103.6363636363636 104.2424242424242 104.8484848484849 105.4545454545455 106.0606060606061 106.6666666666667 107.2727272727273 107.8787878787879 108.4848484848485 109.0909090909091 109.6969696969697 110.3030303030303 110.9090909090909 111.5151515151515 112.1212121212121 112.7272727272727 113.3333333333333 113.939393939394 114.5454545454546 115.1515151515152 115.7575757575758 116.3636363636364 116.969696969697 117.5757575757576 118.1818181818182 118.7878787878788 119.3939393939394 120


# name: y
# type: matrix
# rows: 100
# columns: 1
 626513.8440923599
 626116.6880446698
 625745.6186644108
 625399.4678253715
 625077.0941597292
 624777.383058049
 624499.246669285
 624241.6239007794
 624003.4804182629
 623783.8086458544
 623581.6277660613
 623395.9837197799
 623225.9492062941
 623070.6236832767
 622929.1333667889
 622800.6312312799
 622684.2970095878
 622579.3371929389
 622484.9850309478
 622400.5005316178
 622325.1704613403
 622258.3083448951
 622199.2544654508
 622147.3758645639
 622102.0663421794
 622062.7464566312
 622028.8635246411
 621999.8916213195
 621975.3315801648
 621954.7109930647
 621937.5842102943
 621923.5323405178
 621912.1632507876
 621903.1115665444
 621896.0386716173
 621890.6327082239
 621886.6085769703
 621883.7079368508
 621881.6992052483
 621880.3775579338
 621879.5649290672
 621879.1100111962
 621878.8882552574
 621878.8018705755
 621878.779824864
 621878.7778442241
 621878.7784131463
 621878.7907745086
 621878.8509295782
 621879.02163801
 621879.392417848
 621880.0795455241
 621881.2260558587
 621883.0017420606
 621885.6031557274
 621889.2536068445
 621894.2031637859
 621900.7286533143
 621909.1336605806
 621919.748529124
 621932.9303608721
 621949.0630161412
 621968.5571136356
 621991.8500304484
 622019.4059020609
 622051.7156223427
 622089.2968435519
 622132.6939763352
 622182.4781897274
 622239.2474111519
 622303.6263264205
 622376.2663797331
 622457.8457736786
 622549.0694692336
 622650.6691857638
 622763.4034010228
 622888.0573511528
 623025.4430306843
 623176.3991925362
 623341.7913480161
 623522.5117668197
 623719.4794770314
 623933.6402651233
 624165.966675957
 624417.4580127813
 624689.1403372345
 624982.0664693426
 625297.3159875203
 625635.9952285704
 625999.2372876847
 626388.2020184428
 626804.0760328129
 627248.0727011518
 627721.4321522044
 628225.4212731044
 628761.3337093734
 629330.4898649217
 629934.236902048
 630573.9487414394
 631251.0260621713


# name: TRAIN_QUERIES
# type: cell
# rows: 1
# columns: 1
# name: <cell-element>
# type: sq_string
# elements: 1
# length: 2
R3





# name: TEST_QUERIES
# type: cell
# rows: 1
# columns: 1
# name: <cell-element>
# type: sq_string
# elements: 1
# length: 2
R4





