# Created by Octave 4.0.0, Thu May 19 00:46:33 2016 CEST <peter@Independence>
# name: x
# type: matrix
# rows: 1
# columns: 100
 60 60.60606060606061 61.21212121212122 61.81818181818183 62.42424242424242 63.03030303030303 63.63636363636364 64.24242424242425 64.84848484848484 65.45454545454545 66.06060606060606 66.66666666666667 67.27272727272728 67.87878787878788 68.48484848484848 69.09090909090909 69.6969696969697 70.30303030303031 70.90909090909091 71.51515151515152 72.12121212121212 72.72727272727273 73.33333333333334 73.93939393939394 74.54545454545455 75.15151515151516 75.75757575757576 76.36363636363637 76.96969696969697 77.57575757575758 78.18181818181819 78.7878787878788 79.39393939393941 80 80.60606060606061 81.21212121212122 81.81818181818183 82.42424242424244 83.03030303030303 83.63636363636364 84.24242424242425 84.84848484848484 85.45454545454545 86.06060606060606 86.66666666666667 87.27272727272728 87.87878787878789 88.48484848484848 89.09090909090909 89.6969696969697 90.30303030303031 90.90909090909092 91.51515151515152 92.12121212121212 92.72727272727273 93.33333333333334 93.93939393939394 94.54545454545455 95.15151515151516 95.75757575757576 96.36363636363637 96.96969696969697 97.57575757575758 98.18181818181819 98.7878787878788 99.39393939393941 100 100.6060606060606 101.2121212121212 101.8181818181818 102.4242424242424 103.030303030303 103.6363636363636 104.2424242424242 104.8484848484849 105.4545454545455 106.0606060606061 106.6666666666667 107.2727272727273 107.8787878787879 108.4848484848485 109.0909090909091 109.6969696969697 110.3030303030303 110.9090909090909 111.5151515151515 112.1212121212121 112.7272727272727 113.3333333333333 113.939393939394 114.5454545454546 115.1515151515152 115.7575757575758 116.3636363636364 116.969696969697 117.5757575757576 118.1818181818182 118.7878787878788 119.3939393939394 120


# name: y
# type: matrix
# rows: 100
# columns: 1
 596129.1379933729
 597256.5666689683
 598358.7475721798
 599435.6807030073
 600487.366061451
 601513.8036475105
 602514.9934611862
 603490.9355024779
 604441.6297713857
 605367.0762679096
 606267.2749920496
 607142.2259438054
 607991.9291231775
 608816.3845301655
 609615.5921647697
 610389.5520269898
 611138.2641168259
 611861.7284342783
 612559.9449793466
 613232.9137520309
 613880.6347523313
 614503.1079802478
 615100.3334357804
 615672.3111189289
 616219.0410296934
 616740.5231680742
 617236.7575340709
 617707.7441276837
 618153.4829489125
 618573.9739977574
 618969.2172742183
 619339.2127782953
 619683.9605099884
 620003.4604692975
 620297.7126562225
 620566.7170707638
 620810.473712921
 621028.9825826943
 621222.2436800837
 621390.2570050891
 621533.0225577105
 621650.540337948
 621742.8103458015
 621809.8325812712
 621851.6070443568
 621868.1337350585
 621859.4126533762
 621825.44379931
 621766.2271728599
 621681.7627740258
 621572.0506028078
 621437.0906592058
 621276.8829432199
 621091.4274548501
 620880.7241940962
 620644.7731609584
 620383.5743554367
 620097.127777531
 619785.4334272414
 619448.4913045678
 619086.3014095103
 618698.8637420689
 618286.1783022434
 617848.2450900341
 617385.0641054407
 616896.6353484634
 616382.9588191023
 615844.0345173571
 615279.862443228
 614690.4425967149
 614075.7749778179
 613435.859586537
 612770.6964228721
 612080.2854868233
 611364.6267783904
 610623.7202975737
 609857.5660443731
 609066.1640187884
 608249.5142208198
 607407.6166504673
 606540.4713077308
 605648.0781926104
 604730.437305106
 603787.5486452176
 602819.4122129454
 601826.0280082893
 600807.3960312491
 599763.5162818249
 598694.3887600168
 597600.0134658248
 596480.3903992487
 595335.5195602889
 594165.4009489449
 592970.0345652172
 591749.4204091054
 590503.5584806097
 589232.44877973
 587936.0913064664
 586614.4860608188
 585267.6330427873


# name: TRAIN_QUERIES
# type: cell
# rows: 1
# columns: 1
# name: <cell-element>
# type: sq_string
# elements: 1
# length: 2
R3





# name: TEST_QUERIES
# type: cell
# rows: 1
# columns: 1
# name: <cell-element>
# type: sq_string
# elements: 1
# length: 2
R4





