# Created by Octave 4.0.0, Thu May 19 00:46:33 2016 CEST <peter@Independence>
# name: x
# type: matrix
# rows: 1
# columns: 100
 60 60.60606060606061 61.21212121212122 61.81818181818183 62.42424242424242 63.03030303030303 63.63636363636364 64.24242424242425 64.84848484848484 65.45454545454545 66.06060606060606 66.66666666666667 67.27272727272728 67.87878787878788 68.48484848484848 69.09090909090909 69.6969696969697 70.30303030303031 70.90909090909091 71.51515151515152 72.12121212121212 72.72727272727273 73.33333333333334 73.93939393939394 74.54545454545455 75.15151515151516 75.75757575757576 76.36363636363637 76.96969696969697 77.57575757575758 78.18181818181819 78.7878787878788 79.39393939393941 80 80.60606060606061 81.21212121212122 81.81818181818183 82.42424242424244 83.03030303030303 83.63636363636364 84.24242424242425 84.84848484848484 85.45454545454545 86.06060606060606 86.66666666666667 87.27272727272728 87.87878787878789 88.48484848484848 89.09090909090909 89.6969696969697 90.30303030303031 90.90909090909092 91.51515151515152 92.12121212121212 92.72727272727273 93.33333333333334 93.93939393939394 94.54545454545455 95.15151515151516 95.75757575757576 96.36363636363637 96.96969696969697 97.57575757575758 98.18181818181819 98.7878787878788 99.39393939393941 100 100.6060606060606 101.2121212121212 101.8181818181818 102.4242424242424 103.030303030303 103.6363636363636 104.2424242424242 104.8484848484849 105.4545454545455 106.0606060606061 106.6666666666667 107.2727272727273 107.8787878787879 108.4848484848485 109.0909090909091 109.6969696969697 110.3030303030303 110.9090909090909 111.5151515151515 112.1212121212121 112.7272727272727 113.3333333333333 113.939393939394 114.5454545454546 115.1515151515152 115.7575757575758 116.3636363636364 116.969696969697 117.5757575757576 118.1818181818182 118.7878787878788 119.3939393939394 120


# name: y
# type: matrix
# rows: 100
# columns: 1
 634748.8032259479
 634683.8463228721
 634625.8430172121
 634574.1846078229
 634528.3032627992
 634487.67014767
 634451.7935974763
 634420.2173327315
 634392.5187192638
 634368.3070719433
 634347.22200229
 634328.9318099658
 634313.1319181495
 634299.5433527941
 634287.9112657669
 634278.0035018732
 634269.609209762
 634262.5374967153
 634256.6161273201
 634251.6902660226
 634247.6212635663
 634244.2854873124
 634241.5731954429
 634239.3874550471
 634237.6431040906
 634236.2657572672
 634235.1908557342
 634234.3627607289
 634233.7338910709
 634233.2639045443
 634232.918923164
 634232.6708023261
 634232.4964438385
 634232.3771528368
 634232.2980385817
 634232.24745914
 634232.2165099478
 634232.1985562569
 634232.1888094648
 634232.1839473259
 634232.1817780471
 634232.1809482659
 634232.1806949106
 634232.1806409442
 634232.1806349913
 634232.1806348469
 634232.1806348691
 634232.1806372541
 634232.1806671943
 634232.180831919
 634232.181423618
 634232.183066249
 634232.1869062263
 634232.1948469935
 634232.2098274787
 634232.2361444327
 634232.2798186499
 634232.3490050719
 634232.4544467749
 634232.6099728388
 634232.8330400995
 634233.1453187848
 634233.5733220322
 634234.1490792905
 634234.9108536026
 634235.9039027737
 634237.1812844205
 634238.8047049033
 634240.8454121419
 634243.3851323142
 634246.5170504366
 634250.3468348286
 634254.99370546
 634260.5915461798
 634267.2900608298
 634275.2559732397
 634284.6742711051
 634295.7494937499
 634308.7070637696
 634323.7946625582
 634341.2836497192
 634361.4705263567
 634384.6784422528
 634411.2587469248
 634441.5925845673
 634476.0925328761
 634515.2042857555
 634559.4083799085
 634609.2219653092
 634665.2006195588
 634727.9402061244
 634798.0787764604
 634876.2985160123
 634963.3277341047
 635059.9428977113
 635166.9707091075
 635285.2902274062
 635415.8350339773
 635559.5954417482
 635717.6207483892


# name: TRAIN_QUERIES
# type: cell
# rows: 1
# columns: 1
# name: <cell-element>
# type: sq_string
# elements: 1
# length: 2
R3





# name: TEST_QUERIES
# type: cell
# rows: 1
# columns: 1
# name: <cell-element>
# type: sq_string
# elements: 1
# length: 2
R4





