# Created by Octave 4.0.0, Thu May 19 00:46:33 2016 CEST <peter@Independence>
# name: x
# type: matrix
# rows: 1
# columns: 100
 60 60.60606060606061 61.21212121212122 61.81818181818183 62.42424242424242 63.03030303030303 63.63636363636364 64.24242424242425 64.84848484848484 65.45454545454545 66.06060606060606 66.66666666666667 67.27272727272728 67.87878787878788 68.48484848484848 69.09090909090909 69.6969696969697 70.30303030303031 70.90909090909091 71.51515151515152 72.12121212121212 72.72727272727273 73.33333333333334 73.93939393939394 74.54545454545455 75.15151515151516 75.75757575757576 76.36363636363637 76.96969696969697 77.57575757575758 78.18181818181819 78.7878787878788 79.39393939393941 80 80.60606060606061 81.21212121212122 81.81818181818183 82.42424242424244 83.03030303030303 83.63636363636364 84.24242424242425 84.84848484848484 85.45454545454545 86.06060606060606 86.66666666666667 87.27272727272728 87.87878787878789 88.48484848484848 89.09090909090909 89.6969696969697 90.30303030303031 90.90909090909092 91.51515151515152 92.12121212121212 92.72727272727273 93.33333333333334 93.93939393939394 94.54545454545455 95.15151515151516 95.75757575757576 96.36363636363637 96.96969696969697 97.57575757575758 98.18181818181819 98.7878787878788 99.39393939393941 100 100.6060606060606 101.2121212121212 101.8181818181818 102.4242424242424 103.030303030303 103.6363636363636 104.2424242424242 104.8484848484849 105.4545454545455 106.0606060606061 106.6666666666667 107.2727272727273 107.8787878787879 108.4848484848485 109.0909090909091 109.6969696969697 110.3030303030303 110.9090909090909 111.5151515151515 112.1212121212121 112.7272727272727 113.3333333333333 113.939393939394 114.5454545454546 115.1515151515152 115.7575757575758 116.3636363636364 116.969696969697 117.5757575757576 118.1818181818182 118.7878787878788 119.3939393939394 120


# name: y
# type: matrix
# rows: 100
# columns: 1
 598947.5961843065
 598681.5639046219
 598427.3128355794
 598184.5761597706
 597953.0870597872
 597732.578718221
 597522.7843176635
 597323.4370407064
 597134.2700699415
 596955.0165879604
 596785.4097773547
 596625.1828207162
 596474.0689006364
 596331.8011997072
 596198.1129005201
 596072.7371856668
 595955.4072377391
 595845.8562393285
 595743.8173730269
 595649.0238214256
 595561.2087671167
 595480.1053926916
 595405.446880742
 595336.9664138596
 595274.3971746361
 595217.4723456632
 595165.9251095327
 595119.4886488359
 595077.8961461649
 595040.880784111
 595008.175745266
 594979.5142122217
 594954.6293675697
 594933.2543939016
 594915.1224738092
 594899.966789884
 594887.5205247179
 594877.5168609023
 594869.6889810291
 594863.7700676899
 594859.4933034764
 594856.5918709802
 594854.7989527931
 594853.8477315067
 594853.4713897125
 594853.4031100025
 594853.3760749681
 594853.1234672013
 594852.3784692934
 594850.8742638362
 594848.3440334215
 594844.5209606409
 594839.1382280859
 594831.9290183485
 594822.62651402
 594810.9638976925
 594796.6743519574
 594779.4910594063
 594759.1472026311
 594735.3759642234
 594707.9105267748
 594676.484072877
 594640.8297851217
 594600.6808461006
 594555.7704384053
 594505.8317446276
 594450.597947359
 594389.8022291913
 594323.177772716
 594250.4577605251
 594171.37537521
 594085.6637993625
 593993.0562155741
 593893.2858064367
 593786.0857545419
 593671.1892424813
 593548.3294528467
 593417.2395682295
 593277.6527712218
 593129.3022444149
 592971.9211704007
 592805.2427317707
 592629.0001111168
 592442.9264910304
 592246.7550541034
 592040.2189829274
 591823.0514600939
 591594.9856681949
 591355.7547898218
 591105.0920075665
 590842.7305040205
 590568.4034617755
 590281.8440634232
 589982.7854915553
 589670.9609287635
 589346.1035576393
 589007.9465607746
 588656.2231207609
 588290.6664201899
 587911.0096416535


# name: TRAIN_QUERIES
# type: cell
# rows: 1
# columns: 1
# name: <cell-element>
# type: sq_string
# elements: 1
# length: 2
R3





# name: TEST_QUERIES
# type: cell
# rows: 1
# columns: 1
# name: <cell-element>
# type: sq_string
# elements: 1
# length: 2
R4





