# Created by Octave 4.0.0, Mon May 23 11:56:33 2016 CEST <peter@Independence>
# name: x
# type: matrix
# rows: 1
# columns: 100
 0.008333333333333333 0.008417508417508417 0.008501683501683501 0.008585858585858586 0.00867003367003367 0.008754208754208754 0.008838383838383838 0.008922558922558922 0.009006734006734006 0.00909090909090909 0.009175084175084175 0.009259259259259259 0.009343434343434343 0.009427609427609427 0.009511784511784511 0.009595959595959595 0.009680134680134679 0.009764309764309764 0.009848484848484849 0.009932659932659932 0.01001683501683502 0.0101010101010101 0.01018518518518518 0.01026936026936027 0.01035353535353535 0.01043771043771044 0.01052188552188552 0.01060606060606061 0.01069023569023569 0.01077441077441077 0.01085858585858586 0.01094276094276094 0.01102693602693603 0.01111111111111111 0.0111952861952862 0.01127946127946128 0.01136363636363636 0.01144781144781145 0.01153198653198653 0.01161616161616162 0.0117003367003367 0.01178451178451178 0.01186868686868687 0.01195286195286195 0.01203703703703704 0.01212121212121212 0.01220538720538721 0.01228956228956229 0.01237373737373737 0.01245791245791246 0.01254208754208754 0.01262626262626263 0.01271043771043771 0.01279461279461279 0.01287878787878788 0.01296296296296296 0.01304713804713805 0.01313131313131313 0.01321548821548822 0.0132996632996633 0.01338383838383838 0.01346801346801347 0.01355218855218855 0.01363636363636364 0.01372053872053872 0.01380471380471381 0.01388888888888889 0.01397306397306397 0.01405723905723906 0.01414141414141414 0.01422558922558923 0.01430976430976431 0.01439393939393939 0.01447811447811448 0.01456228956228956 0.01464646464646465 0.01473063973063973 0.01481481481481482 0.0148989898989899 0.01498316498316498 0.01506734006734007 0.01515151515151515 0.01523569023569024 0.01531986531986532 0.0154040404040404 0.01548821548821549 0.01557239057239057 0.01565656565656566 0.01574074074074074 0.01582491582491583 0.01590909090909091 0.01599326599326599 0.01607744107744108 0.01616161616161616 0.01624579124579125 0.01632996632996633 0.01641414141414142 0.0164983164983165 0.01658249158249158 0.01666666666666667


# name: y
# type: matrix
# rows: 100
# columns: 1
 337101.1801641923
 338180.8735784528
 339313.6955825917
 340499.6692660097
 341738.774546233
 343030.9476289852
 344376.0805129074
 345774.0205401814
 347224.5699942606
 348727.4857458558
 350282.4789482664
 351889.2147830878
 353547.3122572619
 355256.3440523729
 357015.8364270224
 358825.2691730488
 360684.0756262824
 362591.6427324536
 364547.311168797
 366550.3755218124
 368600.0845215681
 370695.6413328452
 372836.203903343
 375020.8853690784
 377248.7545170257
 379518.8363049586
 381830.1124383661
 384181.5220042245
 386571.9621613218
 389000.2888867353
 391465.3177779777
 393965.8249102334
 396500.5477480152
 399068.1861104849
 401667.4031895871
 404296.8266200559
 406955.0496002693
 409640.6320628301
 412352.1018936735
 415087.9561984077
 417846.6626145136
 420626.6606679449
 423426.3631725882
 426244.1576709627
 429078.407914463
 431927.4553813695
 434789.6208307837
 437663.2058905681
 440546.4946773087
 443437.7554462496
 446335.2422690891
 449237.1967374674
 452141.8496899199
 455047.4229600215
 457952.1311433938
 460854.1833812079
 463751.7851577723
 466643.1401097579
 469526.4518445821
 472399.9257654446
 475261.770900482
 478110.2017334907
 480943.4400336517
 483759.7166816793
 486557.2734898108
 489334.3650130516
 492089.260349094
 494820.2449243349
 497525.6222634309
 500203.7157398459
 502852.8703048679
 505471.4541925978
 508057.8605984467
 510610.5093287093
 513127.8484188252
 515608.3557179842
 518050.5404377772
 520452.9446626548
 522814.1448200053
 525132.7531077331
 527407.4188772804
 529636.8299701051
 531819.7140057057
 533954.8396193554
 536041.0176477944
 538077.1022612096
 540061.9920399223
 541994.6309942902
 543874.0095264305
 545699.1653324597
 547469.1842440502
 549183.2010082012
 550840.4000042267
 552440.0158970671
 553981.3342261371
 555463.6919290326
 556886.4777995257
 558249.1328793901
 559551.1507837065
 560792.0779594115


# name: QUERY
# type: sq_string
# elements: 1
# length: 2
R4


# name: DATASIZE
# type: sq_string
# elements: 1
# length: 3
500


