# Created by Octave 3.8.2, Wed May 18 09:26:44 2016 CEST <Andrea@Andreas-MacBook-Pro.local>
# name: x
# type: matrix
# rows: 1
# columns: 100
 0.008333333333333333 0.008417508417508417 0.008501683501683501 0.008585858585858586 0.00867003367003367 0.008754208754208754 0.008838383838383838 0.008922558922558922 0.009006734006734006 0.00909090909090909 0.009175084175084175 0.009259259259259259 0.009343434343434343 0.009427609427609427 0.009511784511784511 0.009595959595959595 0.009680134680134679 0.009764309764309764 0.009848484848484849 0.009932659932659932 0.01001683501683502 0.0101010101010101 0.01018518518518518 0.01026936026936027 0.01035353535353535 0.01043771043771044 0.01052188552188552 0.01060606060606061 0.01069023569023569 0.01077441077441077 0.01085858585858586 0.01094276094276094 0.01102693602693603 0.01111111111111111 0.0111952861952862 0.01127946127946128 0.01136363636363636 0.01144781144781145 0.01153198653198653 0.01161616161616162 0.0117003367003367 0.01178451178451178 0.01186868686868687 0.01195286195286195 0.01203703703703704 0.01212121212121212 0.01220538720538721 0.01228956228956229 0.01237373737373737 0.01245791245791246 0.01254208754208754 0.01262626262626263 0.01271043771043771 0.01279461279461279 0.01287878787878788 0.01296296296296296 0.01304713804713805 0.01313131313131313 0.01321548821548822 0.0132996632996633 0.01338383838383838 0.01346801346801347 0.01355218855218855 0.01363636363636364 0.01372053872053872 0.01380471380471381 0.01388888888888889 0.01397306397306397 0.01405723905723906 0.01414141414141414 0.01422558922558923 0.01430976430976431 0.01439393939393939 0.01447811447811448 0.01456228956228956 0.01464646464646465 0.01473063973063973 0.01481481481481482 0.0148989898989899 0.01498316498316498 0.01506734006734007 0.01515151515151515 0.01523569023569024 0.01531986531986532 0.0154040404040404 0.01548821548821549 0.01557239057239057 0.01565656565656566 0.01574074074074074 0.01582491582491583 0.01590909090909091 0.01599326599326599 0.01607744107744108 0.01616161616161616 0.01624579124579125 0.01632996632996633 0.01641414141414142 0.0164983164983165 0.01658249158249158 0.01666666666666667


# name: y
# type: matrix
# rows: 100
# columns: 1
 340968.9541414478
 341917.9383239605
 342917.1851701232
 343966.7488319937
 345066.6452623442
 346216.8517068849
 347417.3062320307
 348667.9072893021
 349968.513317422
 351318.9423831386
 352718.9718617623
 354168.3381583717
 355666.7364705993
 357213.820593866
 358809.2027698891
 360452.4535792422
 362143.1018786905
 363880.6347839849
 365664.4976987334
 367494.0943899201
 369368.7871105854
 371287.896770118
 373250.7031525513
 375256.4451831964
 377304.3212438746
 379393.4895369528
 381523.068498314
 383692.1372593265
 385899.7361578121
 388144.8672979308
 390426.4951588404
 392743.5472519068
 395094.9148261719
 397479.4536217087
 399895.9846704201
 402343.29514376
 404820.1392467793
 407325.2391578255
 409857.2860131436
 412414.940935554
 414996.8361063027
 417601.5758791066
 420227.7379353389
 422873.8744792249
 425538.5134718465
 428220.1599026776
 430917.297097304
 433628.3880599066
 436351.8768490235
 439086.1899850324
 441829.7378877343
 444580.9163423529
 447338.1079922041
 450099.683856229
 452864.0048695283
 455629.4234449821
 458394.2850539846
 461156.9298242797
 463915.6941528319
 466668.9123316301
 469414.918184278
 472152.046711193
 474878.6357412019
 477593.0275872899
 480293.5707042436
 482978.6213458973
 485646.5452196829
 488295.719136167
 490924.5326512535
 493531.3896987214
 496114.7102107703
 498672.9317242521
 501204.5109702701
 503707.9254448463
 506181.6749583697
 508624.283161564
 511034.2990457377
 513410.2984151095
 515750.885329037
 518054.6935120189
 520320.3877293793
 522546.6651265941
 524732.2565302707
 526875.9277088476
 528976.4805911401
 531032.7544409231
 533043.6269858088
 535008.0154987478
 536924.877830559
 538793.2133919678
 540612.0640837175
 542380.5151734008
 544097.6961177436
 545762.7813291695
 547374.9908855573
 548933.5911822044
 550437.8955251045
 551887.2646647454
 553281.1072697334
 554618.8803396536


# name: QUERY
# type: sq_string
# elements: 1
# length: 2
R4


# name: DATASIZE
# type: sq_string
# elements: 1
# length: 3
500


