# Created by Octave 4.0.0, Mon May 23 11:56:33 2016 CEST <peter@Independence>
# name: x
# type: matrix
# rows: 1
# columns: 100
 0.008333333333333333 0.008417508417508417 0.008501683501683501 0.008585858585858586 0.00867003367003367 0.008754208754208754 0.008838383838383838 0.008922558922558922 0.009006734006734006 0.00909090909090909 0.009175084175084175 0.009259259259259259 0.009343434343434343 0.009427609427609427 0.009511784511784511 0.009595959595959595 0.009680134680134679 0.009764309764309764 0.009848484848484849 0.009932659932659932 0.01001683501683502 0.0101010101010101 0.01018518518518518 0.01026936026936027 0.01035353535353535 0.01043771043771044 0.01052188552188552 0.01060606060606061 0.01069023569023569 0.01077441077441077 0.01085858585858586 0.01094276094276094 0.01102693602693603 0.01111111111111111 0.0111952861952862 0.01127946127946128 0.01136363636363636 0.01144781144781145 0.01153198653198653 0.01161616161616162 0.0117003367003367 0.01178451178451178 0.01186868686868687 0.01195286195286195 0.01203703703703704 0.01212121212121212 0.01220538720538721 0.01228956228956229 0.01237373737373737 0.01245791245791246 0.01254208754208754 0.01262626262626263 0.01271043771043771 0.01279461279461279 0.01287878787878788 0.01296296296296296 0.01304713804713805 0.01313131313131313 0.01321548821548822 0.0132996632996633 0.01338383838383838 0.01346801346801347 0.01355218855218855 0.01363636363636364 0.01372053872053872 0.01380471380471381 0.01388888888888889 0.01397306397306397 0.01405723905723906 0.01414141414141414 0.01422558922558923 0.01430976430976431 0.01439393939393939 0.01447811447811448 0.01456228956228956 0.01464646464646465 0.01473063973063973 0.01481481481481482 0.0148989898989899 0.01498316498316498 0.01506734006734007 0.01515151515151515 0.01523569023569024 0.01531986531986532 0.0154040404040404 0.01548821548821549 0.01557239057239057 0.01565656565656566 0.01574074074074074 0.01582491582491583 0.01590909090909091 0.01599326599326599 0.01607744107744108 0.01616161616161616 0.01624579124579125 0.01632996632996633 0.01641414141414142 0.0164983164983165 0.01658249158249158 0.01666666666666667


# name: y
# type: matrix
# rows: 100
# columns: 1
 400599.2213310511
 401805.6894658719
 403012.1576006928
 404218.6257355135
 405425.0938703344
 406631.5620051552
 407838.0301399759
 409044.4982747968
 410250.9664096176
 411457.4345444384
 412663.9026792592
 413870.37081408
 415076.8389489008
 416283.3070837217
 417489.7752185425
 418696.2433533633
 419902.7114881841
 421109.1796230049
 422315.6477578257
 423522.1158926465
 424728.5840274674
 425935.0521622881
 427141.5202971089
 428347.9884319297
 429554.4565667506
 430760.9247015714
 431967.3928363922
 433173.860971213
 434380.3291060338
 435586.7972408546
 436793.2653756755
 437999.7335104963
 439206.2016453171
 440412.6697801379
 441619.1379149587
 442825.6060497795
 444032.0741846003
 445238.5423194211
 446445.0104542419
 447651.4785890628
 448857.9467238836
 450064.4148587044
 451270.8829935252
 452477.351128346
 453683.8192631668
 454890.2873979876
 456096.7555328085
 457303.2236676293
 458509.6918024501
 459716.1599372709
 460922.6280720917
 462129.0962069125
 463335.5643417333
 464542.0324765542
 465748.500611375
 466954.9687461958
 468161.4368810166
 469367.9050158374
 470574.3731506582
 471780.841285479
 472987.3094202998
 474193.7775551206
 475400.2456899415
 476606.7138247623
 477813.1819595831
 479019.6500944039
 480226.1182292247
 481432.5863640455
 482639.0544988663
 483845.5226336871
 485051.9907685079
 486258.4589033288
 487464.9270381496
 488671.3951729704
 489877.8633077912
 491084.331442612
 492290.7995774329
 493497.2677122537
 494703.7358470745
 495910.2039818952
 497116.6721167161
 498323.1402515369
 499529.6083863577
 500736.0765211785
 501942.5446559993
 503149.0127908202
 504355.480925641
 505561.9490604618
 506768.4171952826
 507974.8853301035
 509181.3534649242
 510387.821599745
 511594.2897345658
 512800.7578693866
 514007.2260042074
 515213.6941390283
 516420.1622738491
 517626.6304086699
 518833.0985434907
 520039.5666783115


# name: QUERY
# type: sq_string
# elements: 1
# length: 2
R4


# name: DATASIZE
# type: sq_string
# elements: 1
# length: 3
500


