# Created by Octave 4.0.0, Mon May 23 11:56:33 2016 CEST <peter@Independence>
# name: x
# type: matrix
# rows: 1
# columns: 100
 0.008333333333333333 0.008417508417508417 0.008501683501683501 0.008585858585858586 0.00867003367003367 0.008754208754208754 0.008838383838383838 0.008922558922558922 0.009006734006734006 0.00909090909090909 0.009175084175084175 0.009259259259259259 0.009343434343434343 0.009427609427609427 0.009511784511784511 0.009595959595959595 0.009680134680134679 0.009764309764309764 0.009848484848484849 0.009932659932659932 0.01001683501683502 0.0101010101010101 0.01018518518518518 0.01026936026936027 0.01035353535353535 0.01043771043771044 0.01052188552188552 0.01060606060606061 0.01069023569023569 0.01077441077441077 0.01085858585858586 0.01094276094276094 0.01102693602693603 0.01111111111111111 0.0111952861952862 0.01127946127946128 0.01136363636363636 0.01144781144781145 0.01153198653198653 0.01161616161616162 0.0117003367003367 0.01178451178451178 0.01186868686868687 0.01195286195286195 0.01203703703703704 0.01212121212121212 0.01220538720538721 0.01228956228956229 0.01237373737373737 0.01245791245791246 0.01254208754208754 0.01262626262626263 0.01271043771043771 0.01279461279461279 0.01287878787878788 0.01296296296296296 0.01304713804713805 0.01313131313131313 0.01321548821548822 0.0132996632996633 0.01338383838383838 0.01346801346801347 0.01355218855218855 0.01363636363636364 0.01372053872053872 0.01380471380471381 0.01388888888888889 0.01397306397306397 0.01405723905723906 0.01414141414141414 0.01422558922558923 0.01430976430976431 0.01439393939393939 0.01447811447811448 0.01456228956228956 0.01464646464646465 0.01473063973063973 0.01481481481481482 0.0148989898989899 0.01498316498316498 0.01506734006734007 0.01515151515151515 0.01523569023569024 0.01531986531986532 0.0154040404040404 0.01548821548821549 0.01557239057239057 0.01565656565656566 0.01574074074074074 0.01582491582491583 0.01590909090909091 0.01599326599326599 0.01607744107744108 0.01616161616161616 0.01624579124579125 0.01632996632996633 0.01641414141414142 0.0164983164983165 0.01658249158249158 0.01666666666666667


# name: y
# type: matrix
# rows: 1
# columns: 100
 440951.6733648049 441183.1024570514 441414.5315492979 441645.9606415444 441877.3897337908 442108.8188260373 442340.2479182838 442571.6770105303 442803.1061027767 443034.5351950232 443265.9642872697 443497.3933795162 443728.8224717627 443960.2515640091 444191.6806562556 444423.1097485021 444654.5388407485 444885.9679329951 445117.3970252415 445348.826117488 445580.2552097345 445811.6843019809 446043.1133942274 446274.5424864739 446505.9715787204 446737.4006709668 446968.8297632133 447200.2588554598 447431.6879477063 447663.1170399528 447894.5461321992 448125.9752244457 448357.4043166922 448588.8334089387 448820.2625011851 449051.6915934316 449283.1206856781 449514.5497779245 449745.9788701711 449977.4079624175 450208.837054664 450440.2661469105 450671.695239157 450903.1243314034 451134.5534236499 451365.9825158964 451597.4116081428 451828.8407003894 452060.2697926358 452291.6988848823 452523.1279771288 452754.5570693752 452985.9861616218 453217.4152538682 453448.8443461147 453680.2734383612 453911.7025306076 454143.1316228541 454374.5607151006 454605.9898073471 454837.4188995935 455068.84799184 455300.2770840865 455531.706176333 455763.1352685795 455994.5643608259 456225.9934530724 456457.4225453189 456688.8516375654 456920.2807298118 457151.7098220583 457383.1389143048 457614.5680065512 457845.9970987978 458077.4261910442 458308.8552832907 458540.2843755372 458771.7134677836 459003.1425600301 459234.5716522766 459466.0007445231 459697.4298367695 459928.858929016 460160.2880212625 460391.717113509 460623.1462057555 460854.5752980019 461086.0043902484 461317.4334824949 461548.8625747414 461780.2916669879 462011.7207592343 462243.1498514808 462474.5789437273 462706.0080359738 462937.4371282202 463168.8662204667 463400.2953127132 463631.7244049596 463863.1534972062


# name: QUERY
# type: sq_string
# elements: 1
# length: 2
R4


# name: DATASIZE
# type: sq_string
# elements: 1
# length: 3
500


