# Created by Octave 3.8.2, Wed May 18 09:26:44 2016 CEST <Andrea@Andreas-MacBook-Pro.local>
# name: x
# type: matrix
# rows: 1
# columns: 100
 0.008333333333333333 0.008417508417508417 0.008501683501683501 0.008585858585858586 0.00867003367003367 0.008754208754208754 0.008838383838383838 0.008922558922558922 0.009006734006734006 0.00909090909090909 0.009175084175084175 0.009259259259259259 0.009343434343434343 0.009427609427609427 0.009511784511784511 0.009595959595959595 0.009680134680134679 0.009764309764309764 0.009848484848484849 0.009932659932659932 0.01001683501683502 0.0101010101010101 0.01018518518518518 0.01026936026936027 0.01035353535353535 0.01043771043771044 0.01052188552188552 0.01060606060606061 0.01069023569023569 0.01077441077441077 0.01085858585858586 0.01094276094276094 0.01102693602693603 0.01111111111111111 0.0111952861952862 0.01127946127946128 0.01136363636363636 0.01144781144781145 0.01153198653198653 0.01161616161616162 0.0117003367003367 0.01178451178451178 0.01186868686868687 0.01195286195286195 0.01203703703703704 0.01212121212121212 0.01220538720538721 0.01228956228956229 0.01237373737373737 0.01245791245791246 0.01254208754208754 0.01262626262626263 0.01271043771043771 0.01279461279461279 0.01287878787878788 0.01296296296296296 0.01304713804713805 0.01313131313131313 0.01321548821548822 0.0132996632996633 0.01338383838383838 0.01346801346801347 0.01355218855218855 0.01363636363636364 0.01372053872053872 0.01380471380471381 0.01388888888888889 0.01397306397306397 0.01405723905723906 0.01414141414141414 0.01422558922558923 0.01430976430976431 0.01439393939393939 0.01447811447811448 0.01456228956228956 0.01464646464646465 0.01473063973063973 0.01481481481481482 0.0148989898989899 0.01498316498316498 0.01506734006734007 0.01515151515151515 0.01523569023569024 0.01531986531986532 0.0154040404040404 0.01548821548821549 0.01557239057239057 0.01565656565656566 0.01574074074074074 0.01582491582491583 0.01590909090909091 0.01599326599326599 0.01607744107744108 0.01616161616161616 0.01624579124579125 0.01632996632996633 0.01641414141414142 0.0164983164983165 0.01658249158249158 0.01666666666666667


# name: y
# type: matrix
# rows: 100
# columns: 1
 391764.3974975195
 393018.6551642599
 394272.9128310003
 395527.1704977407
 396781.4281644811
 398035.6858312214
 399289.9434979618
 400544.2011647022
 401798.4588314426
 403052.716498183
 404306.9741649234
 405561.2318316638
 406815.4894984041
 408069.7471651445
 409324.0048318849
 410578.2624986253
 411832.5201653657
 413086.777832106
 414341.0354988464
 415595.2931655868
 416849.5508323272
 418103.8084990676
 419358.066165808
 420612.3238325483
 421866.5814992887
 423120.8391660291
 424375.0968327695
 425629.3544995099
 426883.6121662503
 428137.8698329907
 429392.127499731
 430646.3851664714
 431900.6428332118
 433154.9004999522
 434409.1581666926
 435663.415833433
 436917.6735001734
 438171.9311669137
 439426.1888336541
 440680.4465003945
 441934.7041671349
 443188.9618338753
 444443.2195006157
 445697.4771673561
 446951.7348340964
 448205.9925008368
 449460.2501675772
 450714.5078343176
 451968.765501058
 453223.0231677984
 454477.2808345387
 455731.5385012791
 456985.7961680195
 458240.0538347599
 459494.3115015003
 460748.5691682406
 462002.826834981
 463257.0845017214
 464511.3421684618
 465765.5998352022
 467019.8575019425
 468274.1151686829
 469528.3728354233
 470782.6305021637
 472036.8881689041
 473291.1458356445
 474545.4035023849
 475799.6611691253
 477053.9188358656
 478308.176502606
 479562.4341693464
 480816.6918360868
 482070.9495028271
 483325.2071695675
 484579.4648363079
 485833.7225030483
 487087.9801697887
 488342.237836529
 489596.4955032695
 490850.7531700098
 492105.0108367502
 493359.2685034907
 494613.526170231
 495867.7838369714
 497122.0415037118
 498376.2991704522
 499630.5568371926
 500884.814503933
 502139.0721706733
 503393.3298374137
 504647.5875041541
 505901.8451708945
 507156.1028376348
 508410.3605043752
 509664.6181711156
 510918.875837856
 512173.1335045964
 513427.3911713368
 514681.6488380771
 515935.9065048175


# name: QUERY
# type: sq_string
# elements: 1
# length: 2
R4


# name: DATASIZE
# type: sq_string
# elements: 1
# length: 3
500


