# Created by Octave 3.8.2, Wed May 18 09:26:40 2016 CEST <Andrea@Andreas-MacBook-Pro.local>
# name: SVs
# type: cell
# rows: 1
# columns: 7
# name: <cell-element>
# type: sparse matrix
# nnz: 56
# rows: 8
# columns: 7
1 1 0.06256829482291258
2 1 0.5543936737194621
3 1 -2.282681927842911
4 1 0.8468177198666245
5 1 0.2425215539903971
6 1 0.2190901400362976
7 1 0.7580126609805872
8 1 -0.09699963420450534
1 2 0.8146019283060498
2 2 -1.707552771849827
3 2 -0.7853495404594985
4 2 -0.4279365068818537
5 2 -1.340223574493791
6 2 -0.6055651797817205
7 2 2.982792695328939
8 2 -0.2063318033126024
1 3 1.153030656898766
2 3 -0.4037830885615846
3 3 -1.023557281067127
4 3 -1.525279246428756
5 3 -1.908948984646473
6 3 -0.4259178811510682
7 3 -0.5513483724914755
8 3 1.920370133334199
1 4 -0.3841815558965913
2 4 -0.4005966882234576
3 4 -0.1114378187732734
4 4 -0.3077880554523286
5 4 -0.3778680434631811
6 4 -0.4460539777440106
7 4 1.816077527146841
8 4 3.542823177684513
1 5 -0.3323320293678779
2 5 -0.5485737173434114
3 5 0.5340901954340918
4 5 -0.8284403635117462
5 5 2.692972355289827
6 5 -0.8550547251087349
7 5 -0.06618841339799039
8 5 -0.4714336536521394
1 6 1.894820472596724
2 6 -0.7560603766572404
3 6 -0.8774669291144844
4 6 -1.048261700866633
5 6 -0.02168575547993019
6 6 -0.3824173654687388
7 6 -0.121376400037037
8 6 1.858554625109351
1 7 1.625431051680858
2 7 -1.340980617636703
3 7 -0.7476982837731904
4 7 -1.340980617636703
5 7 -0.7476982837731904
6 7 0.1422252170220782
7 7 0.1422252170220782
8 7 1.625431051680858



# name: <cell-element>
# type: sparse matrix
# nnz: 70
# rows: 10
# columns: 7
1 1 -0.1904909758813625
2 1 0.5543936737194621
3 1 -0.2788274064883178
4 1 -2.282681927842911
5 1 0.9843601197771888
6 1 0.8468177198666245
7 1 0.2425215539903971
8 1 -0.07919175959938969
9 1 0.7580126609805872
10 1 -0.09699963420450534
1 2 0.6171409278494018
2 2 -1.707552771849827
3 2 0.2666260951610723
4 2 -0.7853495404594985
5 2 0.654218757629471
6 2 -0.4279365068818537
7 2 -1.340223574493791
8 2 0.8391767689742353
9 2 2.982792695328939
10 2 -0.2063318033126024
1 3 0.6291738989476525
2 3 -0.4037830885615846
3 3 0.7177130693055871
4 3 -1.023557281067127
5 3 -1.281796527944436
6 3 -1.525279246428756
7 3 -1.908948984646473
8 3 0.8357652964494999
9 3 -0.5513483724914755
10 3 1.920370133334199
1 4 -0.2598053609584116
2 4 -0.4005966882234576
3 4 -0.1322724098035268
4 4 -0.1114378187732734
5 4 -0.2156107739245406
6 4 -0.3077880554523286
7 4 -0.3778680434631811
8 4 -0.27748319577196
9 4 1.816077527146841
10 4 3.542823177684513
1 5 -0.2655882006754295
2 5 -0.5485737173434114
3 5 -0.3664316801640197
4 5 0.5340901954340918
5 5 -0.7305078298228267
6 5 -0.8284403635117462
7 5 2.692972355289827
8 5 -0.2553998903765823
9 5 -0.06618841339799039
10 5 -0.4714336536521394
1 6 1.935101793986616
2 6 -0.7560603766572404
3 6 1.835875284766753
4 6 -0.8774669291144844
5 6 -1.030751140416069
6 6 -1.048261700866633
7 6 -0.02168575547993019
8 6 1.912534971301531
9 6 -0.121376400037037
10 6 1.858554625109351
1 7 1.625431051680858
2 7 -1.340980617636703
3 7 1.625431051680858
4 7 -0.7476982837731904
5 7 -1.340980617636703
6 7 -1.340980617636703
7 7 -0.7476982837731904
8 7 1.625431051680858
9 7 0.1422252170220782
10 7 1.625431051680858



# name: <cell-element>
# type: sparse matrix
# nnz: 126
# rows: 18
# columns: 7
1 1 -3.964588821468177
2 1 1.090738739128801
3 1 0.7732430800507518
4 1 -0.06583585364555294
5 1 0.2793088738983334
6 1 -2.862609423206875
7 1 0.5543936737194621
8 1 -2.295100577238584
9 1 -2.762322971483329
10 1 -0.06958487987820887
11 1 -2.282681927842911
12 1 -0.1761978133693618
13 1 1.098236791594113
14 1 0.298756947480236
15 1 0.919923731403415
16 1 0.7580126609805872
17 1 0.07568988663720833
18 1 1.04809356573234
1 2 -1.803696446744657
2 2 -0.7495651233461758
3 2 1.104326365657289
4 2 1.062506022765815
5 2 -0.1679605608657865
6 2 2.561140165969547
7 2 -1.707552771849827
8 2 -0.03818815663554393
9 2 -1.481205555169171
10 2 0.02475792647945743
11 2 -0.7853495404594985
12 2 0.1752249333776456
13 2 -1.344966087605195
14 2 -0.6573016864515847
15 2 0.9659312103154024
16 2 2.982792695328939
17 2 0.6136918274047442
18 2 -0.2309066439807878
1 3 -0.3004873898106609
2 3 -1.318687848926909
3 3 0.09056061260355033
4 3 0.9243044668074345
5 3 0.6808217483231144
6 3 -0.3226221824001445
7 3 -0.4037830885615846
8 3 0.6660652199301252
9 3 -0.1750568984702535
10 3 1.72853526422534
11 3 -1.023557281067127
12 3 0.260260689122925
13 3 -0.3447569749896282
14 3 -0.2193264836492208
15 3 -1.134231244014545
16 3 -0.5513483724914755
17 3 -1.79089675750256
18 3 -0.02749161454036247
1 4 -0.2560172534983655
2 4 -0.4498420852040567
3 4 -0.06534917800937937
4 4 -0.4050161469268447
5 4 -0.1947761828942872
6 4 3.72780909198343
7 4 -0.4005966882234576
8 4 3.384354015605919
9 4 -0.468782622504287
10 4 -0.3437750763227664
11 4 -0.1114378187732734
12 4 -0.2894788693954392
13 4 -0.2282377987913609
14 4 -0.3665037210830429
15 4 -0.4233253329837341
16 4 1.816077527146841
17 4 -0.2844280594487111
18 4 -0.09060322774301992
1 5 1.075941963572784
2 5 -0.7926773151157925
3 5 -0.179507374885169
4 5 -0.5417122022441877
5 5 0.4544550353431019
6 5 2.723121436786416
7 5 -0.5485737173434114
8 5 1.706785503301408
9 5 2.811489434276418
10 5 -0.3747486681630787
11 5 0.5340901954340918
12 5 -0.4691464819523981
13 5 -1.00101786449222
14 5 -0.3728773458632904
15 5 -0.3984520839603968
16 5 -0.06618841339799039
17 5 -0.04705934100015473
18 5 -0.4117592647588911
1 6 -0.9144852384364801
2 6 -1.010751126793015
3 6 -0.2529165740241054
4 6 1.861276145950462
5 6 -0.1606028683877383
6 6 -0.5643865470827127
7 6 -0.7560603766572404
8 6 -0.3997310200186539
9 6 -0.243795611411904
10 6 1.882872503839491
11 6 -0.8774669291144844
12 6 1.831402707880585
13 6 -1.051447357044988
14 6 -0.7348718952766984
15 6 -0.6945413474116443
16 6 -0.121376400037037
17 6 -0.2276211981443148
18 6 -0.6778184105636759
1 7 -1.340980617636703
2 7 -1.340980617636703
3 7 0.1422252170220782
4 7 1.625431051680858
5 7 0.1422252170220782
6 7 -1.340980617636703
7 7 -1.340980617636703
8 7 -0.7476982837731904
9 7 -0.7476982837731904
10 7 1.625431051680858
11 7 -0.7476982837731904
12 7 1.625431051680858
13 7 -1.340980617636703
14 7 -0.7476982837731904
15 7 -0.7476982837731904
16 7 0.1422252170220782
17 7 0.1422252170220782
18 7 -0.7476982837731904



