# Created by Octave 4.0.0, Mon May 23 11:56:33 2016 CEST <peter@Independence>
# name: SVs
# type: cell
# rows: 1
# columns: 7
# name: <cell-element>
# type: sparse matrix
# nnz: 70
# rows: 10
# columns: 7
1 1 0.06256829482291258
2 1 -2.862609423206875
3 1 0.298522633340695
4 1 0.2809490728751204
5 1 0.972644412800139
6 1 -0.1869762637882476
7 1 -2.282681927842911
8 1 0.2038597209661329
9 1 -0.737614491709587
10 1 -0.05060543457538824
1 2 0.8146019283060498
2 2 2.561140165969547
3 2 0.7382905809680003
4 2 -0.407241904213908
5 2 -0.2153856919798286
6 2 -0.4835532515519577
7 2 -0.7853495404594985
8 2 1.685499790582096
9 2 -2.403408786559499
10 2 -1.248822412710365
1 3 1.153030656898766
2 3 -0.3226221824001445
3 3 -0.1603003700772644
4 3 -0.005356821950878824
5 3 -1.259661735354952
6 3 0.9169262026109399
7 3 -1.023557281067127
8 3 0.99808710877238
9 3 -1.429361811874327
10 3 -2.145053438934299
1 4 -0.3841815558965913
2 4 3.72780909198343
3 4 -0.4151177668203009
4 4 -0.3810247996798862
5 4 0.03061621097845469
6 4 -0.4100669568735728
7 4 -0.1114378187732734
8 4 -0.3772366922198401
9 4 -0.4226939817403931
10 4 -0.513608560781499
1 5 -0.3323320293678779
2 5 2.723121436786416
3 5 -0.1173378895922031
4 5 -0.4286011654569856
5 5 3.21299202993099
6 5 -0.3614414873645843
7 5 0.5340901954340918
8 5 -0.1749330314856866
9 5 4.037829314737665
10 5 -0.4672751596526099
1 6 1.894820472596724
2 6 -0.5643865470827127
3 6 -0.2387674785917621
4 6 -0.273633887713809
5 6 -0.5660883766526069
6 6 1.873153791171749
7 6 -0.8774669291144844
8 6 -0.28968875097029
9 6 0.09735792616952692
10 6 -1.058929781269647
1 7 1.625431051680858
2 7 -1.340980617636703
3 7 0.1422252170220782
4 7 0.1422252170220782
5 7 -1.340980617636703
6 7 1.625431051680858
7 7 -0.7476982837731904
8 7 0.1422252170220782
9 7 -0.7476982837731904
10 7 -1.340980617636703



# name: <cell-element>
# type: sparse matrix
# nnz: 182
# rows: 26
# columns: 7
1 1 0.5525191606031341
2 1 0.1206782014290795
3 1 -3.964588821468177
4 1 0.4908945419038523
5 1 -0.09699963420450534
6 1 0.2793088738983334
7 1 -2.862609423206875
8 1 -0.113870252251457
9 1 0.9843601197771888
10 1 -0.2434459714176275
11 1 0.4836308035780815
12 1 0.972644412800139
13 1 -3.661854953181211
14 1 0.2190901400362976
15 1 1.098236791594113
16 1 0.07568988663720833
17 1 -2.282681927842911
18 1 -0.07919175959938969
19 1 0.2038597209661329
20 1 0.5384603122306744
21 1 -0.2788274064883178
22 1 -0.737614491709587
23 1 -0.05060543457538824
24 1 0.6521026699080572
25 1 -0.06958487987820887
26 1 0.919923731403415
1 2 -0.5745232757798021
2 2 -1.43593611183304
3 2 -1.803696446744657
4 2 -0.8909782415771377
5 2 -0.2063318033126024
6 2 -0.1679605608657865
7 2 2.561140165969547
8 2 -0.5305472451104176
9 2 0.654218757629471
10 2 -0.2067629408681846
11 2 -1.304870294936051
12 2 -0.2153856919798286
13 2 0.2002309116014133
14 2 -0.6055651797817205
15 2 -1.344966087605195
16 2 0.6136918274047442
17 2 -0.7853495404594985
18 2 0.8391767689742353
19 2 1.685499790582096
20 2 -0.08604442530516825
21 2 0.2666260951610723
22 2 -2.403408786559499
23 2 -1.248822412710365
24 2 -0.4744993628847314
25 2 0.02475792647945743
26 2 0.9659312103154024
1 3 1.558835187705966
2 3 0.2455041607299359
3 3 -0.3004873898106609
4 3 -0.3004873898106609
5 3 1.920370133334199
6 3 0.6808217483231144
7 3 -0.3226221824001445
8 3 0.6439304273406417
9 3 -1.281796527944436
10 3 0.9611957877899073
11 3 -0.1603003700772644
12 3 -1.259661735354952
13 3 0.7177130693055871
14 3 -0.4259178811510682
15 3 -0.3447569749896282
16 3 -1.79089675750256
17 3 -1.023557281067127
18 3 0.8357652964494999
19 3 0.99808710877238
20 3 -0.1086525207018025
21 3 0.7177130693055871
22 3 -1.429361811874327
23 3 -2.145053438934299
24 3 -0.3373787107931336
25 3 1.72853526422534
26 3 -1.134231244014545
1 4 3.823774480971264
2 4 -0.3627156136229968
3 4 -0.2560172534983655
4 4 -0.3601902086496327
5 4 3.542823177684513
6 4 -0.1947761828942872
7 4 3.72780909198343
8 4 -0.09565403768974802
9 4 -0.2156107739245406
10 4 -0.048302694439172
11 4 -0.513608560781499
12 4 0.03061621097845469
13 4 -0.2970550843155313
14 4 -0.4460539777440106
15 4 -0.2282377987913609
16 4 -0.2844280594487111
17 4 -0.1114378187732734
18 4 -0.27748319577196
19 4 -0.3772366922198401
20 4 -0.4422658702839645
21 4 -0.1322724098035268
22 4 -0.4226939817403931
23 4 -0.513608560781499
24 4 -0.1196453849367065
25 4 -0.3437750763227664
26 4 -0.4233253329837341
1 5 -0.6949527061268496
2 5 -0.2059138117821813
3 5 1.075941963572784
4 5 -0.547949943243482
5 5 -0.4714336536521394
6 5 0.4544550353431019
7 5 2.723121436786416
8 5 -0.5404646540443289
9 5 -0.7305078298228267
10 5 -0.2620534807758295
11 5 -0.7070123387254851
12 5 3.21299202993099
13 5 1.765420268694774
14 5 -0.8550547251087349
15 5 -1.00101786449222
16 5 -0.04705934100015473
17 5 0.5340901954340918
18 5 -0.2553998903765823
19 5 -0.1749330314856866
20 5 -0.3273418365684425
21 5 -0.3664316801640197
22 5 4.037829314737665
23 5 -0.4672751596526099
24 5 0.2939371669612636
25 5 -0.3747486681630787
26 5 -0.3984520839603968
1 6 -0.713852190382427
2 6 -0.2618828248572256
3 6 -0.9144852384364801
4 6 -0.7423402547941679
5 6 1.858554625109351
6 6 -0.1606028683877383
7 6 -0.5643865470827127
8 6 1.847900609413526
9 6 -1.030751140416069
10 6 1.879229744677487
11 6 -0.7660674158223619
12 6 -0.5660883766526069
13 6 -0.7560181825356728
14 6 -0.3824173654687388
15 6 -1.051447357044988
16 6 -0.2276211981443148
17 6 -0.8774669291144844
18 6 1.912534971301531
19 6 -0.28968875097029
20 6 -0.2567773361475431
21 6 1.835875284766753
22 6 0.09735792616952692
23 6 -1.058929781269647
24 6 -0.9540281626989385
25 6 1.882872503839491
26 6 -0.6945413474116443
1 7 -0.7476982837731904
2 7 0.1422252170220782
3 7 -1.340980617636703
4 7 -0.7476982837731904
5 7 1.625431051680858
6 7 0.1422252170220782
7 7 -1.340980617636703
8 7 1.625431051680858
9 7 -1.340980617636703
10 7 1.625431051680858
11 7 -0.7476982837731904
12 7 -1.340980617636703
13 7 -1.340980617636703
14 7 0.1422252170220782
15 7 -1.340980617636703
16 7 0.1422252170220782
17 7 -0.7476982837731904
18 7 1.625431051680858
19 7 0.1422252170220782
20 7 0.1422252170220782
21 7 1.625431051680858
22 7 -0.7476982837731904
23 7 -1.340980617636703
24 7 -1.340980617636703
25 7 1.625431051680858
26 7 -0.7476982837731904



