# Created by Octave 4.0.0, Mon May 23 11:56:28 2016 CEST <peter@Independence>
# name: mu
# type: matrix
# rows: 1
# columns: 8
 451308.9178082192 43698.97260273973 85889.57534246576 2956.72602739726 5066.506849315068 30748.32876712329 304813.7123287671 0.01210045662100456


# name: sigma
# type: matrix
# rows: 1
# columns: 8
 180245.5757612955 4267.774885284038 2319.445353466404 135.5332329350723 1583.904380560263 4809.433415621828 142199.9031401529 0.002809230229076891


