# Created by Octave 3.8.2, Wed May 18 09:26:44 2016 CEST <Andrea@Andreas-MacBook-Pro.local>
# name: x
# type: matrix
# rows: 1
# columns: 100
 0.008333333333333333 0.008417508417508417 0.008501683501683501 0.008585858585858586 0.00867003367003367 0.008754208754208754 0.008838383838383838 0.008922558922558922 0.009006734006734006 0.00909090909090909 0.009175084175084175 0.009259259259259259 0.009343434343434343 0.009427609427609427 0.009511784511784511 0.009595959595959595 0.009680134680134679 0.009764309764309764 0.009848484848484849 0.009932659932659932 0.01001683501683502 0.0101010101010101 0.01018518518518518 0.01026936026936027 0.01035353535353535 0.01043771043771044 0.01052188552188552 0.01060606060606061 0.01069023569023569 0.01077441077441077 0.01085858585858586 0.01094276094276094 0.01102693602693603 0.01111111111111111 0.0111952861952862 0.01127946127946128 0.01136363636363636 0.01144781144781145 0.01153198653198653 0.01161616161616162 0.0117003367003367 0.01178451178451178 0.01186868686868687 0.01195286195286195 0.01203703703703704 0.01212121212121212 0.01220538720538721 0.01228956228956229 0.01237373737373737 0.01245791245791246 0.01254208754208754 0.01262626262626263 0.01271043771043771 0.01279461279461279 0.01287878787878788 0.01296296296296296 0.01304713804713805 0.01313131313131313 0.01321548821548822 0.0132996632996633 0.01338383838383838 0.01346801346801347 0.01355218855218855 0.01363636363636364 0.01372053872053872 0.01380471380471381 0.01388888888888889 0.01397306397306397 0.01405723905723906 0.01414141414141414 0.01422558922558923 0.01430976430976431 0.01439393939393939 0.01447811447811448 0.01456228956228956 0.01464646464646465 0.01473063973063973 0.01481481481481482 0.0148989898989899 0.01498316498316498 0.01506734006734007 0.01515151515151515 0.01523569023569024 0.01531986531986532 0.0154040404040404 0.01548821548821549 0.01557239057239057 0.01565656565656566 0.01574074074074074 0.01582491582491583 0.01590909090909091 0.01599326599326599 0.01607744107744108 0.01616161616161616 0.01624579124579125 0.01632996632996633 0.01641414141414142 0.0164983164983165 0.01658249158249158 0.01666666666666667


# name: y
# type: matrix
# rows: 100
# columns: 1
 384472.7774895783
 385526.4863338519
 386533.1136638851
 387493.7355443425
 388409.4280398892
 389281.26721519
 390110.3291349096
 390897.689863713
 391644.4254662651
 392351.6120072306
 393020.3255512745
 393651.6421630616
 394246.6379072567
 394806.3888485248
 395331.9710515307
 395824.4605809392
 396284.9335014152
 396714.4658776235
 397114.1337742292
 397485.0132558968
 397828.1803872914
 398144.7112330777
 398435.6818579208
 398702.1683264853
 398945.2467034362
 399165.9930534384
 399365.4834411566
 399544.7939312557
 399705.0005884007
 399847.1794772563
 399972.4066624874
 400081.758208759
 400176.3101807357
 400257.1386430825
 400325.3196604643
 400381.9292975459
 400428.0436189922
 400464.738689468
 400493.0905736382
 400514.1753361676
 400529.0690417211
 400538.8477549636
 400544.5875405599
 400547.3644631749
 400548.2545874734
 400548.3339781203
 400548.6786997805
 400550.3648171187
 400554.4683948
 400562.0654974891
 400574.2321898508
 400592.0445365501
 400616.5786022518
 400648.9104516208
 400690.1161493219
 400741.27176002
 400803.4533483799
 400877.7369790665
 400965.1987167447
 401066.9146260793
 401183.9607717351
 401317.413218377
 401468.34803067
 401637.8412732788
 401826.9690108683
 402036.8073081034
 402268.4322296489
 402522.9198401697
 402801.3462043306
 403104.7873867965
 403434.3194522323
 403791.0184653028
 404175.9604906728
 404590.2215930073
 405034.8778369711
 405511.005287229
 406019.6800084459
 406561.9780652868
 407138.9755224162
 407751.7484444993
 408401.3728962009
 409088.9249421858
 409815.4806471188
 410582.1160756648
 411389.9072924886
 412239.9303622553
 413133.2613496295
 414070.9763192761
 415054.1513358601
 416083.8624640462
 417161.1857684994
 418287.1973138844
 419462.9731648662
 420689.5893861096
 421968.1220422795
 423299.6471980406
 424685.2409180579
 426125.9792669963
 427622.9383095205
 429177.1941102955


# name: QUERY
# type: sq_string
# elements: 1
# length: 2
R4


# name: DATASIZE
# type: sq_string
# elements: 1
# length: 3
500


