# Created by Octave 3.8.2, Wed May 18 09:26:44 2016 CEST <Andrea@Andreas-MacBook-Pro.local>
# name: x
# type: matrix
# rows: 1
# columns: 100
 0.008333333333333333 0.008417508417508417 0.008501683501683501 0.008585858585858586 0.00867003367003367 0.008754208754208754 0.008838383838383838 0.008922558922558922 0.009006734006734006 0.00909090909090909 0.009175084175084175 0.009259259259259259 0.009343434343434343 0.009427609427609427 0.009511784511784511 0.009595959595959595 0.009680134680134679 0.009764309764309764 0.009848484848484849 0.009932659932659932 0.01001683501683502 0.0101010101010101 0.01018518518518518 0.01026936026936027 0.01035353535353535 0.01043771043771044 0.01052188552188552 0.01060606060606061 0.01069023569023569 0.01077441077441077 0.01085858585858586 0.01094276094276094 0.01102693602693603 0.01111111111111111 0.0111952861952862 0.01127946127946128 0.01136363636363636 0.01144781144781145 0.01153198653198653 0.01161616161616162 0.0117003367003367 0.01178451178451178 0.01186868686868687 0.01195286195286195 0.01203703703703704 0.01212121212121212 0.01220538720538721 0.01228956228956229 0.01237373737373737 0.01245791245791246 0.01254208754208754 0.01262626262626263 0.01271043771043771 0.01279461279461279 0.01287878787878788 0.01296296296296296 0.01304713804713805 0.01313131313131313 0.01321548821548822 0.0132996632996633 0.01338383838383838 0.01346801346801347 0.01355218855218855 0.01363636363636364 0.01372053872053872 0.01380471380471381 0.01388888888888889 0.01397306397306397 0.01405723905723906 0.01414141414141414 0.01422558922558923 0.01430976430976431 0.01439393939393939 0.01447811447811448 0.01456228956228956 0.01464646464646465 0.01473063973063973 0.01481481481481482 0.0148989898989899 0.01498316498316498 0.01506734006734007 0.01515151515151515 0.01523569023569024 0.01531986531986532 0.0154040404040404 0.01548821548821549 0.01557239057239057 0.01565656565656566 0.01574074074074074 0.01582491582491583 0.01590909090909091 0.01599326599326599 0.01607744107744108 0.01616161616161616 0.01624579124579125 0.01632996632996633 0.01641414141414142 0.0164983164983165 0.01658249158249158 0.01666666666666667


# name: y
# type: matrix
# rows: 100
# columns: 1
 413604.7440666791
 412841.5763092795
 412095.6539461811
 411366.976977384
 410655.545402888
 409961.3592226934
 409284.4184368
 408624.7230452079
 407982.2730479169
 407357.0684449273
 406749.1092362388
 406158.3954218517
 405584.9270017657
 405028.703975981
 404489.7263444976
 403967.9941073154
 403463.5072644344
 402976.2658158547
 402506.2697615763
 402053.5191015991
 401618.0138359231
 401199.7539645483
 400798.7394874749
 400414.9704047026
 400048.4467162316
 399699.1684220619
 399367.1355221934
 399052.3480166262
 398754.8059053601
 398474.5091883954
 398211.4578657319
 397965.6519373696
 397737.0914033086
 397525.7762635488
 397331.7065180903
 397154.882166933
 396995.3032100769
 396852.9696475221
 396727.8814792686
 396620.0387053163
 396529.4413256652
 396456.0893403154
 396399.9827492668
 396361.1215525195
 396339.5057500734
 396335.1353419286
 396348.010328085
 396378.1307085427
 396425.4964833016
 396490.1076523617
 396571.9642157231
 396671.0661733858
 396787.4135253496
 396921.0062716148
 397071.8444121811
 397239.9279470487
 397425.2568762176
 397627.8311996877
 397847.6509174591
 398084.7160295317
 398339.0265359055
 398610.5824365806
 398899.383731557
 399205.4304208346
 399528.7225044134
 399869.2599822935
 400227.0428544748
 400602.0711209573
 400994.3447817412
 401403.8638368262
 401830.6282862125
 402274.6381299
 402735.8933678889
 403214.3940001789
 403710.1400267702
 404223.1314476627
 404753.3682628564
 405300.8504723515
 405865.5780761477
 406447.5510742452
 407046.769466644
 407663.233253344
 408296.9424343453
 408947.8970096477
 409616.0969792515
 410301.5423431565
 411004.2331013627
 411724.1692538701
 412461.3508006789
 413215.7777417888
 413987.4500772001
 414776.3678069125
 415582.5309309262
 416405.9394492412
 417246.5933618573
 418104.4926687748
 418979.6373699935
 419872.0274655134
 420781.6629553346
 421708.543839457


# name: QUERY
# type: sq_string
# elements: 1
# length: 2
R4


# name: DATASIZE
# type: sq_string
# elements: 1
# length: 3
500


