# Created by Octave 4.0.0, Mon May 23 11:56:33 2016 CEST <peter@Independence>
# name: x
# type: matrix
# rows: 1
# columns: 100
 0.008333333333333333 0.008417508417508417 0.008501683501683501 0.008585858585858586 0.00867003367003367 0.008754208754208754 0.008838383838383838 0.008922558922558922 0.009006734006734006 0.00909090909090909 0.009175084175084175 0.009259259259259259 0.009343434343434343 0.009427609427609427 0.009511784511784511 0.009595959595959595 0.009680134680134679 0.009764309764309764 0.009848484848484849 0.009932659932659932 0.01001683501683502 0.0101010101010101 0.01018518518518518 0.01026936026936027 0.01035353535353535 0.01043771043771044 0.01052188552188552 0.01060606060606061 0.01069023569023569 0.01077441077441077 0.01085858585858586 0.01094276094276094 0.01102693602693603 0.01111111111111111 0.0111952861952862 0.01127946127946128 0.01136363636363636 0.01144781144781145 0.01153198653198653 0.01161616161616162 0.0117003367003367 0.01178451178451178 0.01186868686868687 0.01195286195286195 0.01203703703703704 0.01212121212121212 0.01220538720538721 0.01228956228956229 0.01237373737373737 0.01245791245791246 0.01254208754208754 0.01262626262626263 0.01271043771043771 0.01279461279461279 0.01287878787878788 0.01296296296296296 0.01304713804713805 0.01313131313131313 0.01321548821548822 0.0132996632996633 0.01338383838383838 0.01346801346801347 0.01355218855218855 0.01363636363636364 0.01372053872053872 0.01380471380471381 0.01388888888888889 0.01397306397306397 0.01405723905723906 0.01414141414141414 0.01422558922558923 0.01430976430976431 0.01439393939393939 0.01447811447811448 0.01456228956228956 0.01464646464646465 0.01473063973063973 0.01481481481481482 0.0148989898989899 0.01498316498316498 0.01506734006734007 0.01515151515151515 0.01523569023569024 0.01531986531986532 0.0154040404040404 0.01548821548821549 0.01557239057239057 0.01565656565656566 0.01574074074074074 0.01582491582491583 0.01590909090909091 0.01599326599326599 0.01607744107744108 0.01616161616161616 0.01624579124579125 0.01632996632996633 0.01641414141414142 0.0164983164983165 0.01658249158249158 0.01666666666666667


# name: y
# type: matrix
# rows: 100
# columns: 1
 383349.7192104884
 384192.6877175615
 384997.9909492735
 385766.4897588182
 386499.0449993896
 387196.5175241815
 387859.7681863879
 388489.6578392027
 389087.0473358199
 389652.7975294333
 390187.7692732367
 390692.8234204244
 391168.8208241899
 391616.6223377274
 392037.0888142306
 392431.0811068937
 392799.4600689103
 393143.0865534744
 393462.8214137801
 393759.5255030211
 394034.0596743915
 394287.284781085
 394520.0616762958
 394733.2512132175
 394927.7142450442
 395104.3116249698
 395263.9042061882
 395407.3528418933
 395535.518385279
 395649.2616895392
 395749.4436078679
 395836.924993459
 395912.5666995064
 395977.2295792039
 396031.7744857456
 396077.0622723253
 396113.953792137
 396143.3098983745
 396165.9914442318
 396182.8592829028
 396194.7742675815
 396202.5972514616
 396207.1890877372
 396209.4106296021
 396210.1227302504
 396210.1862428758
 396210.4620206723
 396211.8109168338
 396215.0937845542
 396221.1714770275
 396230.9048474476
 396245.1547490083
 396264.7820349036
 396290.6475583275
 396323.6121724738
 396364.5367305364
 396414.2820857093
 396473.7090911863
 396543.6786001615
 396625.0514658286
 396718.6885413816
 396825.4506800145
 396946.1987349212
 397081.7935592955
 397233.0960063313
 397400.9669292227
 397586.2671811635
 397789.8576153476
 398012.599084969
 398255.3524432215
 398518.9785432991
 398804.3382383956
 399112.2923817051
 399443.7018264214
 399799.4274257384
 400180.3300328502
 400587.2705009504
 401021.1096832331
 401482.7084328922
 401972.9276031216
 402492.6280471153
 403042.6706180671
 403623.916169171
 404237.2255536208
 404883.4596246105
 405563.479235334
 406278.1452389853
 407028.3184887582
 407814.8598378466
 408638.6301394445
 409500.4902467458
 410401.3010129443
 411341.9232912341
 412323.217934809
 413346.045796863
 414411.2677305898
 415519.7445891837
 416672.3372258382
 417869.9064937475
 419113.3132461054


# name: QUERY
# type: sq_string
# elements: 1
# length: 2
R4


# name: DATASIZE
# type: sq_string
# elements: 1
# length: 3
500


