# Created by Octave 3.8.2, Wed May 18 09:26:44 2016 CEST <Andrea@Andreas-MacBook-Pro.local>
# name: x
# type: matrix
# rows: 1
# columns: 100
 0.008333333333333333 0.008417508417508417 0.008501683501683501 0.008585858585858586 0.00867003367003367 0.008754208754208754 0.008838383838383838 0.008922558922558922 0.009006734006734006 0.00909090909090909 0.009175084175084175 0.009259259259259259 0.009343434343434343 0.009427609427609427 0.009511784511784511 0.009595959595959595 0.009680134680134679 0.009764309764309764 0.009848484848484849 0.009932659932659932 0.01001683501683502 0.0101010101010101 0.01018518518518518 0.01026936026936027 0.01035353535353535 0.01043771043771044 0.01052188552188552 0.01060606060606061 0.01069023569023569 0.01077441077441077 0.01085858585858586 0.01094276094276094 0.01102693602693603 0.01111111111111111 0.0111952861952862 0.01127946127946128 0.01136363636363636 0.01144781144781145 0.01153198653198653 0.01161616161616162 0.0117003367003367 0.01178451178451178 0.01186868686868687 0.01195286195286195 0.01203703703703704 0.01212121212121212 0.01220538720538721 0.01228956228956229 0.01237373737373737 0.01245791245791246 0.01254208754208754 0.01262626262626263 0.01271043771043771 0.01279461279461279 0.01287878787878788 0.01296296296296296 0.01304713804713805 0.01313131313131313 0.01321548821548822 0.0132996632996633 0.01338383838383838 0.01346801346801347 0.01355218855218855 0.01363636363636364 0.01372053872053872 0.01380471380471381 0.01388888888888889 0.01397306397306397 0.01405723905723906 0.01414141414141414 0.01422558922558923 0.01430976430976431 0.01439393939393939 0.01447811447811448 0.01456228956228956 0.01464646464646465 0.01473063973063973 0.01481481481481482 0.0148989898989899 0.01498316498316498 0.01506734006734007 0.01515151515151515 0.01523569023569024 0.01531986531986532 0.0154040404040404 0.01548821548821549 0.01557239057239057 0.01565656565656566 0.01574074074074074 0.01582491582491583 0.01590909090909091 0.01599326599326599 0.01607744107744108 0.01616161616161616 0.01624579124579125 0.01632996632996633 0.01641414141414142 0.0164983164983165 0.01658249158249158 0.01666666666666667


# name: y
# type: matrix
# rows: 100
# columns: 1
 398348.1765874663
 398089.5611845929
 397848.0830446868
 397622.9678306907
 397413.4591078763
 397218.8183438454
 397038.3249085285
 396871.2760741863
 396716.9870154082
 396574.7908091135
 396444.0384345509
 396324.0987732984
 396214.3586092634
 396114.222628683
 396023.1134201234
 395940.4714744803
 395865.7551849792
 395798.4408471747
 395738.0226589507
 395684.012720521
 395635.9410344283
 395593.3555055452
 395555.8219410735
 395522.9240505444
 395494.2634458187
 395469.4596410865
 395448.1500528675
 395429.9900000105
 395414.6527036941
 395401.8292874262
 395391.2287770441
 395382.5781007145
 395375.6220889337
 395370.1234745273
 395365.8628926502
 395362.6388807872
 395360.267878752
 395358.5842286882
 395357.4401750683
 395356.7058646948
 395356.2693466992
 395356.0365725429
 395355.9313960161
 395355.895573239
 395355.888762661
 395355.8885250609
 395355.8903235471
 395355.9075235571
 395355.9713928584
 395356.1311015473
 395356.4537220499
 395357.0242291219
 395357.9454998479
 395359.3383136425
 395361.3413522493
 395364.1111997415
 395367.8223425219
 395372.6671693225
 395378.8559712048
 395386.6169415597
 395396.1961761078
 395407.8576728987
 395421.8833323118
 395438.5729570558
 395458.2442521687
 395481.2328250182
 395507.8921853013
 395538.5937450443
 395573.7268186032
 395613.6986226634
 395658.9342762394
 395709.8768006756
 395766.9871196455
 395830.7440591522
 395901.6443475282
 395980.2026154354
 396066.9513958651
 396162.4411241382
 396267.2401379048
 396381.9346771447
 396507.1288841671
 396643.4448036102
 396791.5223824422
 396952.0194699605
 397125.6118177919
 397312.9930798927
 397514.8748125486
 397731.9864743748
 397965.0754263158
 398214.9069316456
 398482.2641559679
 398767.9481672153
 399072.7779356503
 399397.5903338645
 399743.2401367793
 400110.6000216452
 400500.5605680423
 400914.0302578802
 401351.9354753977
 401815.2205071632


# name: QUERY
# type: sq_string
# elements: 1
# length: 2
R4


# name: DATASIZE
# type: sq_string
# elements: 1
# length: 3
500


