# Created by Octave 3.8.2, Wed May 18 09:26:44 2016 CEST <Andrea@Andreas-MacBook-Pro.local>
# name: x
# type: matrix
# rows: 1
# columns: 100
 0.008333333333333333 0.008417508417508417 0.008501683501683501 0.008585858585858586 0.00867003367003367 0.008754208754208754 0.008838383838383838 0.008922558922558922 0.009006734006734006 0.00909090909090909 0.009175084175084175 0.009259259259259259 0.009343434343434343 0.009427609427609427 0.009511784511784511 0.009595959595959595 0.009680134680134679 0.009764309764309764 0.009848484848484849 0.009932659932659932 0.01001683501683502 0.0101010101010101 0.01018518518518518 0.01026936026936027 0.01035353535353535 0.01043771043771044 0.01052188552188552 0.01060606060606061 0.01069023569023569 0.01077441077441077 0.01085858585858586 0.01094276094276094 0.01102693602693603 0.01111111111111111 0.0111952861952862 0.01127946127946128 0.01136363636363636 0.01144781144781145 0.01153198653198653 0.01161616161616162 0.0117003367003367 0.01178451178451178 0.01186868686868687 0.01195286195286195 0.01203703703703704 0.01212121212121212 0.01220538720538721 0.01228956228956229 0.01237373737373737 0.01245791245791246 0.01254208754208754 0.01262626262626263 0.01271043771043771 0.01279461279461279 0.01287878787878788 0.01296296296296296 0.01304713804713805 0.01313131313131313 0.01321548821548822 0.0132996632996633 0.01338383838383838 0.01346801346801347 0.01355218855218855 0.01363636363636364 0.01372053872053872 0.01380471380471381 0.01388888888888889 0.01397306397306397 0.01405723905723906 0.01414141414141414 0.01422558922558923 0.01430976430976431 0.01439393939393939 0.01447811447811448 0.01456228956228956 0.01464646464646465 0.01473063973063973 0.01481481481481482 0.0148989898989899 0.01498316498316498 0.01506734006734007 0.01515151515151515 0.01523569023569024 0.01531986531986532 0.0154040404040404 0.01548821548821549 0.01557239057239057 0.01565656565656566 0.01574074074074074 0.01582491582491583 0.01590909090909091 0.01599326599326599 0.01607744107744108 0.01616161616161616 0.01624579124579125 0.01632996632996633 0.01641414141414142 0.0164983164983165 0.01658249158249158 0.01666666666666667


# name: y
# type: matrix
# rows: 100
# columns: 1
 395595.3216699166
 395549.1558949297
 395507.974899466
 395471.338466846
 395438.8362048917
 395410.0861673076
 395384.7335076908
 395362.449166166
 395342.92858865
 395325.8904787424
 395311.0755822443
 395298.2455043035
 395287.1815591883
 395277.6836526879
 395269.5691971402
 395262.672059087
 395256.841539557
 395251.9413869756
 395247.8488427026
 395244.4537191969
 395241.6575108085
 395239.3725371984
 395237.5211193854
 395236.0347884205
 395234.8535266884
 395233.9250418371
 395233.2040733337
 395232.6517316488
 395232.2348700676
 395231.925489128
 395231.7001736875
 395231.5395626159
 395231.4278511161
 395231.3523256725
 395231.3029316264
 395231.2718733785
 395231.2532472198
 395231.2427067888
 395231.2371611566
 395231.2345055393
 395231.2333846377
 395231.2329886048
 395231.2328816398
 395231.2328632103
 395231.2328619016
 395231.2328618934
 395231.2328620634
 395231.2328677194
 395231.2329149577
 395231.2331276491
 395231.233807053
 395231.2355540578
 395231.2394240494
 395231.2471144071
 395231.2611846264
 395231.2853090694
 395231.324562343
 395231.3857373034
 395231.4776956897
 395231.6117513829
 395231.8020862937
 395232.0661988771
 395232.4253852747
 395232.905253084
 395233.5362677549
 395234.3543316146
 395235.4013955189
 395236.7261031311
 395238.3844678283
 395240.4405822354
 395242.9673603863
 395246.0473125118
 395249.7733524561
 395254.2496377199
 395259.5924421308
 395265.9310611415
 395273.4087497553
 395282.1836930786
 395292.4300095013
 395304.3387865039
 395318.1191490933
 395333.9993608639
 395352.2279576881
 395373.0749140332
 395396.8328419055
 395423.8182224224
 395454.3726700117
 395488.8642292375
 395527.688704255
 395571.271020891
 395620.0666213532
 395674.5628915658
 395735.2806211337
 395802.7754959321
 395877.6396233259
 395960.5030900146
 396052.0355525053
 396152.9478602135
 396263.9937111902
 396385.9713404774


# name: QUERY
# type: sq_string
# elements: 1
# length: 2
R4


# name: DATASIZE
# type: sq_string
# elements: 1
# length: 3
500


