# Created by Octave 4.0.0, Mon May 23 11:56:33 2016 CEST <peter@Independence>
# name: x
# type: matrix
# rows: 1
# columns: 100
 0.008333333333333333 0.008417508417508417 0.008501683501683501 0.008585858585858586 0.00867003367003367 0.008754208754208754 0.008838383838383838 0.008922558922558922 0.009006734006734006 0.00909090909090909 0.009175084175084175 0.009259259259259259 0.009343434343434343 0.009427609427609427 0.009511784511784511 0.009595959595959595 0.009680134680134679 0.009764309764309764 0.009848484848484849 0.009932659932659932 0.01001683501683502 0.0101010101010101 0.01018518518518518 0.01026936026936027 0.01035353535353535 0.01043771043771044 0.01052188552188552 0.01060606060606061 0.01069023569023569 0.01077441077441077 0.01085858585858586 0.01094276094276094 0.01102693602693603 0.01111111111111111 0.0111952861952862 0.01127946127946128 0.01136363636363636 0.01144781144781145 0.01153198653198653 0.01161616161616162 0.0117003367003367 0.01178451178451178 0.01186868686868687 0.01195286195286195 0.01203703703703704 0.01212121212121212 0.01220538720538721 0.01228956228956229 0.01237373737373737 0.01245791245791246 0.01254208754208754 0.01262626262626263 0.01271043771043771 0.01279461279461279 0.01287878787878788 0.01296296296296296 0.01304713804713805 0.01313131313131313 0.01321548821548822 0.0132996632996633 0.01338383838383838 0.01346801346801347 0.01355218855218855 0.01363636363636364 0.01372053872053872 0.01380471380471381 0.01388888888888889 0.01397306397306397 0.01405723905723906 0.01414141414141414 0.01422558922558923 0.01430976430976431 0.01439393939393939 0.01447811447811448 0.01456228956228956 0.01464646464646465 0.01473063973063973 0.01481481481481482 0.0148989898989899 0.01498316498316498 0.01506734006734007 0.01515151515151515 0.01523569023569024 0.01531986531986532 0.0154040404040404 0.01548821548821549 0.01557239057239057 0.01565656565656566 0.01574074074074074 0.01582491582491583 0.01590909090909091 0.01599326599326599 0.01607744107744108 0.01616161616161616 0.01624579124579125 0.01632996632996633 0.01641414141414142 0.0164983164983165 0.01658249158249158 0.01666666666666667


# name: y
# type: matrix
# rows: 100
# columns: 1
 401091.7651780779
 401064.0994562841
 401037.0589001584
 401010.6435097009
 400984.8532849116
 400959.6882257903
 400935.1483323373
 400911.2336045524
 400887.9440424356
 400865.279645987
 400843.2404152065
 400821.8263500942
 400801.03745065
 400780.8737168739
 400761.3351487661
 400742.4217463263
 400724.1335095547
 400706.4704384513
 400689.432533016
 400673.0197932488
 400657.2322191498
 400642.0698107189
 400627.5325679563
 400613.6204908616
 400600.3335794352
 400587.6718336769
 400575.6352535868
 400564.2238391648
 400553.437590411
 400543.2765073253
 400533.7405899077
 400524.8298381583
 400516.5442520771
 400508.883831664
 400501.848576919
 400495.4384878422
 400489.6535644335
 400484.493806693
 400479.9592146206
 400476.0497882164
 400472.7655274803
 400470.1064324124
 400468.0725030126
 400466.6637392809
 400465.8801412174
 400465.7217088221
 400466.1884420949
 400467.2803410358
 400468.9974056449
 400471.3396359221
 400474.3070318675
 400477.899593481
 400482.1173207627
 400486.9602137125
 400492.4282723305
 400498.5214966167
 400505.2398865709
 400512.5834421933
 400520.5521634838
 400529.1460504425
 400538.3651030693
 400548.2093213644
 400558.6787053275
 400569.7732549588
 400581.4929702582
 400593.8378512258
 400606.8078978615
 400620.4031101654
 400634.6234881374
 400649.4690317776
 400664.9397410859
 400681.0356160623
 400697.7566567069
 400715.1028630197
 400733.0742350005
 400751.6707726496
 400770.8924759668
 400790.7393449521
 400811.2113796056
 400832.3085799272
 400854.030945917
 400876.3784775749
 400899.3511749009
 400922.9490378952
 400947.1720665576
 400972.020260888
 400997.4936208867
 401023.5921465535
 401050.3158378885
 401077.6646948915
 401105.6387175628
 401134.2379059021
 401163.4622599097
 401193.3117795853
 401223.7864649291
 401254.8863159411
 401286.6113326213
 401318.9615149695
 401351.9368629859
 401385.5373766704


# name: QUERY
# type: sq_string
# elements: 1
# length: 2
R4


# name: DATASIZE
# type: sq_string
# elements: 1
# length: 3
500


