# Created by Octave 4.0.0, Mon May 23 11:56:33 2016 CEST <peter@Independence>
# name: x
# type: matrix
# rows: 1
# columns: 100
 0.008333333333333333 0.008417508417508417 0.008501683501683501 0.008585858585858586 0.00867003367003367 0.008754208754208754 0.008838383838383838 0.008922558922558922 0.009006734006734006 0.00909090909090909 0.009175084175084175 0.009259259259259259 0.009343434343434343 0.009427609427609427 0.009511784511784511 0.009595959595959595 0.009680134680134679 0.009764309764309764 0.009848484848484849 0.009932659932659932 0.01001683501683502 0.0101010101010101 0.01018518518518518 0.01026936026936027 0.01035353535353535 0.01043771043771044 0.01052188552188552 0.01060606060606061 0.01069023569023569 0.01077441077441077 0.01085858585858586 0.01094276094276094 0.01102693602693603 0.01111111111111111 0.0111952861952862 0.01127946127946128 0.01136363636363636 0.01144781144781145 0.01153198653198653 0.01161616161616162 0.0117003367003367 0.01178451178451178 0.01186868686868687 0.01195286195286195 0.01203703703703704 0.01212121212121212 0.01220538720538721 0.01228956228956229 0.01237373737373737 0.01245791245791246 0.01254208754208754 0.01262626262626263 0.01271043771043771 0.01279461279461279 0.01287878787878788 0.01296296296296296 0.01304713804713805 0.01313131313131313 0.01321548821548822 0.0132996632996633 0.01338383838383838 0.01346801346801347 0.01355218855218855 0.01363636363636364 0.01372053872053872 0.01380471380471381 0.01388888888888889 0.01397306397306397 0.01405723905723906 0.01414141414141414 0.01422558922558923 0.01430976430976431 0.01439393939393939 0.01447811447811448 0.01456228956228956 0.01464646464646465 0.01473063973063973 0.01481481481481482 0.0148989898989899 0.01498316498316498 0.01506734006734007 0.01515151515151515 0.01523569023569024 0.01531986531986532 0.0154040404040404 0.01548821548821549 0.01557239057239057 0.01565656565656566 0.01574074074074074 0.01582491582491583 0.01590909090909091 0.01599326599326599 0.01607744107744108 0.01616161616161616 0.01624579124579125 0.01632996632996633 0.01641414141414142 0.0164983164983165 0.01658249158249158 0.01666666666666667


# name: y
# type: matrix
# rows: 100
# columns: 1
 396068.1947954159
 396026.8936113534
 395990.0519494511
 395957.2759796453
 395928.1985536992
 395902.4779718526
 395879.7967786611
 395859.8605880245
 395842.396937404
 395827.1541712299
 395813.9003534978
 395802.4222095542
 395792.5240970718
 395784.0270062141
 395776.7675889891
 395770.5972177926
 395765.3810731409
 395760.9972605925
 395757.3359568593
 395754.298585108
 395751.797019449
 395749.7528186167
 395748.096488838
 395746.7667758898
 395745.7099863475
 395744.8793380208
 395744.2343395805
 395743.7401993739
 395743.3672634293
 395743.0904826511
 395742.8889092023
 395742.7452220784
 395742.6452818691
 395742.5777147104
 395742.5335254253
 395742.5057398544
 395742.4890763757
 395742.4796466135
 395742.474685337
 395742.4723095479
 395742.4713067584
 395742.4709524563
 395742.4708567624
 395742.4708402749
 395742.4708391041
 395742.4708390967
 395742.4708392489
 395742.4708443088
 395742.4708865695
 395742.4710768492
 395742.4716846627
 395742.4732475817
 395742.4767097837
 395742.4835897912
 395742.4961774001
 395742.5177597966
 395742.5528768649
 395742.607605683
 395742.6898742085
 395742.8098041536
 395742.9800830493
 395743.2163654994
 395743.5377036232
 395743.9670066885
 395744.5315299328
 395745.2633925747
 395746.2001250144
 395747.3852452238
 395748.8688643252
 395750.7083213604
 395752.9688472483
 395755.7242579324
 395759.0576767174
 395763.0622857952
 395767.8421069602
 395773.5128115144
 395780.2025593609
 395788.0528672879
 395797.2195064411
 395807.8734289863
 395820.2017239605
 395834.408602313
 395850.7164111357
 395869.3666770826
 395890.6211789788
 395914.7630496189
 395942.0979067542
 395972.9550132708
 396007.6884665548
 396046.6784170488
 396090.3323159966
 396139.0861923784
 396193.4059590335
 396253.7887479744
 396320.764274889
 396394.8962328327
 396476.7837151094
 396567.0626673422
 396666.4073687334
 396775.5319425142


# name: QUERY
# type: sq_string
# elements: 1
# length: 2
R4


# name: DATASIZE
# type: sq_string
# elements: 1
# length: 3
500


