# Created by Octave 4.0.0, Mon May 23 11:56:33 2016 CEST <peter@Independence>
# name: x
# type: matrix
# rows: 1
# columns: 100
 0.008333333333333333 0.008417508417508417 0.008501683501683501 0.008585858585858586 0.00867003367003367 0.008754208754208754 0.008838383838383838 0.008922558922558922 0.009006734006734006 0.00909090909090909 0.009175084175084175 0.009259259259259259 0.009343434343434343 0.009427609427609427 0.009511784511784511 0.009595959595959595 0.009680134680134679 0.009764309764309764 0.009848484848484849 0.009932659932659932 0.01001683501683502 0.0101010101010101 0.01018518518518518 0.01026936026936027 0.01035353535353535 0.01043771043771044 0.01052188552188552 0.01060606060606061 0.01069023569023569 0.01077441077441077 0.01085858585858586 0.01094276094276094 0.01102693602693603 0.01111111111111111 0.0111952861952862 0.01127946127946128 0.01136363636363636 0.01144781144781145 0.01153198653198653 0.01161616161616162 0.0117003367003367 0.01178451178451178 0.01186868686868687 0.01195286195286195 0.01203703703703704 0.01212121212121212 0.01220538720538721 0.01228956228956229 0.01237373737373737 0.01245791245791246 0.01254208754208754 0.01262626262626263 0.01271043771043771 0.01279461279461279 0.01287878787878788 0.01296296296296296 0.01304713804713805 0.01313131313131313 0.01321548821548822 0.0132996632996633 0.01338383838383838 0.01346801346801347 0.01355218855218855 0.01363636363636364 0.01372053872053872 0.01380471380471381 0.01388888888888889 0.01397306397306397 0.01405723905723906 0.01414141414141414 0.01422558922558923 0.01430976430976431 0.01439393939393939 0.01447811447811448 0.01456228956228956 0.01464646464646465 0.01473063973063973 0.01481481481481482 0.0148989898989899 0.01498316498316498 0.01506734006734007 0.01515151515151515 0.01523569023569024 0.01531986531986532 0.0154040404040404 0.01548821548821549 0.01557239057239057 0.01565656565656566 0.01574074074074074 0.01582491582491583 0.01590909090909091 0.01599326599326599 0.01607744107744108 0.01616161616161616 0.01624579124579125 0.01632996632996633 0.01641414141414142 0.0164983164983165 0.01658249158249158 0.01666666666666667


# name: y
# type: matrix
# rows: 100
# columns: 1
 384130.2212433512
 383918.1363800968
 383720.1054132174
 383535.4933257454
 383363.6797820237
 383204.0591277062
 383056.0403897572
 382919.047276452
 382792.5181773766
 382675.9061634276
 382568.6789868124
 382470.3190810493
 382380.3235609671
 382298.2042227053
 382223.4875437144
 382155.7146827555
 382094.4414799004
 382039.2384565316
 381989.6908153425
 381945.398440337
 381905.97589683
 381871.0524314468
 381840.2719721239
 381813.293128108
 381789.789189957
 381769.4481295392
 381751.9726000339
 381737.0799359308
 381724.5021530308
 381713.9859484451
 381705.2927005958
 381698.1984692158
 381692.4939953487
 381687.9847013487
 381684.4906908809
 381681.8467489211
 381679.9023417558
 381678.5216169822
 381677.5834035084
 381676.981211553
 381676.6232326454
 381676.432339626
 381676.3460866456
 381676.3167091658
 381676.3111239589
 381676.3109291083
 381676.3124040077
 381676.3265093615
 381676.3788871854
 381676.5098608052
 381676.7744348578
 381677.2422952906
 381677.997809362
 381679.140025641
 381680.7826740072
 381683.0541656512
 381686.0975930741
 381690.0707300879
 381695.1460318153
 381701.5106346895
 381709.3663564548
 381718.9296961661
 381730.4318341889
 381744.1186321997
 381760.2506331854
 381779.1030614438
 381800.9658225835
 381826.1435035239
 381854.9553724948
 381887.7353790371
 381924.8321540022
 381966.6090095523
 382013.4439391604
 382065.7296176102
 382123.8734009961
 382188.2973267232
 382259.4381135074
 382337.7471613754
 382423.6905516644
 382517.7490470225
 382620.4180914088
 382732.2078100925
 382853.6430096541
 382985.2631779846
 383127.6224842857
 383281.2897790699
 383446.8485941606
 383624.8971426915
 383816.0483191074
 384020.9296991638
 384240.1835399268
 384474.4667797732
 384724.4510383909
 384990.822616778
 385274.2824972438
 385575.5463434081
 385895.3445002013
 386234.4219938649
 386593.5385319508
 386973.4685033219


# name: QUERY
# type: sq_string
# elements: 1
# length: 2
R4


# name: DATASIZE
# type: sq_string
# elements: 1
# length: 3
500


