# Created by Octave 3.8.2, Wed May 18 09:26:44 2016 CEST <Andrea@Andreas-MacBook-Pro.local>
# name: x
# type: matrix
# rows: 1
# columns: 100
 0.008333333333333333 0.008417508417508417 0.008501683501683501 0.008585858585858586 0.00867003367003367 0.008754208754208754 0.008838383838383838 0.008922558922558922 0.009006734006734006 0.00909090909090909 0.009175084175084175 0.009259259259259259 0.009343434343434343 0.009427609427609427 0.009511784511784511 0.009595959595959595 0.009680134680134679 0.009764309764309764 0.009848484848484849 0.009932659932659932 0.01001683501683502 0.0101010101010101 0.01018518518518518 0.01026936026936027 0.01035353535353535 0.01043771043771044 0.01052188552188552 0.01060606060606061 0.01069023569023569 0.01077441077441077 0.01085858585858586 0.01094276094276094 0.01102693602693603 0.01111111111111111 0.0111952861952862 0.01127946127946128 0.01136363636363636 0.01144781144781145 0.01153198653198653 0.01161616161616162 0.0117003367003367 0.01178451178451178 0.01186868686868687 0.01195286195286195 0.01203703703703704 0.01212121212121212 0.01220538720538721 0.01228956228956229 0.01237373737373737 0.01245791245791246 0.01254208754208754 0.01262626262626263 0.01271043771043771 0.01279461279461279 0.01287878787878788 0.01296296296296296 0.01304713804713805 0.01313131313131313 0.01321548821548822 0.0132996632996633 0.01338383838383838 0.01346801346801347 0.01355218855218855 0.01363636363636364 0.01372053872053872 0.01380471380471381 0.01388888888888889 0.01397306397306397 0.01405723905723906 0.01414141414141414 0.01422558922558923 0.01430976430976431 0.01439393939393939 0.01447811447811448 0.01456228956228956 0.01464646464646465 0.01473063973063973 0.01481481481481482 0.0148989898989899 0.01498316498316498 0.01506734006734007 0.01515151515151515 0.01523569023569024 0.01531986531986532 0.0154040404040404 0.01548821548821549 0.01557239057239057 0.01565656565656566 0.01574074074074074 0.01582491582491583 0.01590909090909091 0.01599326599326599 0.01607744107744108 0.01616161616161616 0.01624579124579125 0.01632996632996633 0.01641414141414142 0.0164983164983165 0.01658249158249158 0.01666666666666667


# name: y
# type: matrix
# rows: 1
# columns: 100
 429184.7191776308 429679.0768452259 430173.4345128209 430667.7921804159 431162.149848011 431656.507515606 432150.865183201 432645.2228507961 433139.5805183911 433633.9381859861 434128.2958535811 434622.6535211761 435117.0111887712 435611.3688563662 436105.7265239612 436600.0841915563 437094.4418591513 437588.7995267463 438083.1571943413 438577.5148619363 439071.8725295314 439566.2301971264 440060.5878647214 440554.9455323165 441049.3031999115 441543.6608675065 442038.0185351016 442532.3762026966 443026.7338702916 443521.0915378866 444015.4492054816 444509.8068730767 445004.1645406717 445498.5222082667 445992.8798758617 446487.2375434568 446981.5952110518 447475.9528786468 447970.3105462418 448464.6682138368 448959.0258814319 449453.3835490269 449947.7412166219 450442.098884217 450936.456551812 451430.814219407 451925.1718870021 452419.529554597 452913.8872221921 453408.2448897871 453902.6025573821 454396.9602249772 454891.3178925722 455385.6755601672 455880.0332277623 456374.3908953573 456868.7485629523 457363.1062305473 457857.4638981423 458351.8215657374 458846.1792333324 459340.5369009274 459834.8945685225 460329.2522361175 460823.6099037125 461317.9675713075 461812.3252389025 462306.6829064976 462801.0405740926 463295.3982416876 463789.7559092827 464284.1135768777 464778.4712444727 465272.8289120678 465767.1865796628 466261.5442472578 466755.9019148528 467250.2595824478 467744.6172500429 468238.9749176379 468733.3325852329 469227.6902528279 469722.047920423 470216.405588018 470710.763255613 471205.120923208 471699.478590803 472193.8362583981 472688.1939259931 473182.5515935881 473676.9092611832 474171.2669287782 474665.6245963732 475159.9822639682 475654.3399315632 476148.6975991583 476643.0552667533 477137.4129343483 477631.7706019434 478126.1282695384


# name: QUERY
# type: sq_string
# elements: 1
# length: 2
R4


# name: DATASIZE
# type: sq_string
# elements: 1
# length: 3
500


