# Created by Octave 4.0.0, Wed May 11 23:23:53 2016 CEST <peter@Independence>
# name: mu
# type: matrix
# rows: 1
# columns: 13
 604350.3404825737 887.6782841823057 759.5898123324397 34180.11796246649 76642.54691689007 2587.45308310992 5569.745308310992 34471.98391420912 457996.3190348526 16769.39946380697 48822.30563002681 577.7479892761394 88.57908847184987


