# Created by Octave 4.0.0, Wed May 11 23:24:35 2016 CEST <peter@Independence>
# name: y
# type: matrix
# rows: 1
# columns: 100
 610079.2253506547 609957.7361212617 609836.2468918686 609714.7576624756 609593.2684330825 609471.7792036895 609350.2899742965 609228.8007449034 609107.3115155104 608985.8222861174 608864.3330567243 608742.8438273312 608621.3545979382 608499.8653685452 608378.3761391521 608256.8869097591 608135.3976803661 608013.908450973 607892.4192215799 607770.929992187 607649.4407627939 607527.9515334008 607406.4623040078 607284.9730746148 607163.4838452217 607041.9946158287 606920.5053864357 606799.0161570426 606677.5269276495 606556.0376982566 606434.5484688635 606313.0592394704 606191.5700100774 606070.0807806844 605948.5915512913 605827.1023218982 605705.6130925053 605584.1238631122 605462.6346337191 605341.1454043261 605219.6561749331 605098.16694554 604976.6777161469 604855.188486754 604733.6992573609 604612.2100279678 604490.7207985749 604369.2315691818 604247.7423397887 604126.2531103956 604004.7638810027 603883.2746516096 603761.7854222165 603640.2961928236 603518.8069634305 603397.3177340374 603275.8285046443 603154.3392752514 603032.8500458583 602911.3608164652 602789.8715870723 602668.3823576792 602546.8931282861 602425.403898893 602303.9146695001 602182.425440107 602060.9362107139 601939.446981321 601817.9577519279 601696.4685225348 601574.9792931417 601453.4900637488 601332.0008343557 601210.5116049626 601089.0223755697 600967.5331461766 600846.0439167835 600724.5546873905 600603.0654579975 600481.5762286044 600360.0869992113 600238.5977698184 600117.1085404253 599995.6193110322 599874.1300816392 599752.6408522462 599631.1516228531 599509.6623934601 599388.1731640671 599266.683934674 599145.1947052809 599023.7054758879 598902.2162464949 598780.7270171018 598659.2377877088 598537.7485583158 598416.2593289227 598294.7700995296 598173.2808701366 598051.7916407436


