# Created by Octave 4.0.0, Wed May 11 23:23:53 2016 CEST <peter@Independence>
# name: sigma
# type: matrix
# rows: 1
# columns: 13
 339312.3185218312 440.5320872270464 259.9297684367614 11304.76950357938 18566.45761448897 496.0797456622563 2831.684031415753 11152.07850894321 276497.6649650039 15724.94311898697 24229.26479748758 280.9847712887923 21.08781669934974


