# Created by Octave 4.0.0, Wed May 11 23:24:35 2016 CEST <peter@Independence>
# name: y
# type: matrix
# rows: 100
# columns: 1
 633798.5856147072
 633201.7763162892
 632604.9670178712
 632008.1577194531
 631411.3484210351
 630814.5391226172
 630217.7298241991
 629620.9205257811
 629024.1112273631
 628427.3019289451
 627830.4926305271
 627233.6833321091
 626636.874033691
 626040.0647352731
 625443.255436855
 624846.446138437
 624249.636840019
 623652.8275416011
 623056.018243183
 622459.208944765
 621862.399646347
 621265.590347929
 620668.781049511
 620071.9717510929
 619475.1624526751
 618878.3531542569
 618281.5438558389
 617684.7345574209
 617087.925259003
 616491.115960585
 615894.306662167
 615297.497363749
 614700.688065331
 614103.8787669129
 613507.0694684949
 612910.2601700769
 612313.4508716589
 611716.6415732409
 611119.8322748229
 610523.0229764049
 609926.2136779869
 609329.4043795689
 608732.5950811509
 608135.7857827328
 607538.9764843148
 606942.1671858968
 606345.3578874788
 605748.5485890608
 605151.7392906428
 604554.9299922248
 603958.1206938068
 603361.3113953888
 602764.5020969708
 602167.6927985527
 601570.8835001347
 600974.0742017167
 600377.2649032987
 599780.4556048807
 599183.6463064627
 598586.8370080447
 597990.0277096267
 597393.2184112087
 596796.4091127906
 596199.5998143726
 595602.7905159546
 595005.9812175366
 594409.1719191186
 593812.3626207006
 593215.5533222826
 592618.7440238646
 592021.9347254466
 591425.1254270285
 590828.3161286105
 590231.5068301925
 589634.6975317745
 589037.8882333565
 588441.0789349385
 587844.2696365204
 587247.4603381025
 586650.6510396844
 586053.8417412665
 585457.0324428485
 584860.2231444304
 584263.4138460124
 583666.6045475944
 583069.7952491764
 582472.9859507584
 581876.1766523405
 581279.3673539225
 580682.5580555045
 580085.7487570863
 579488.9394586683
 578892.1301602504
 578295.3208618324
 577698.5115634144
 577101.7022649962
 576504.8929665784
 575908.0836681604
 575311.2743697423
 574714.4650713243


