# Created by Octave 4.0.0, Wed May 11 23:24:35 2016 CEST <peter@Independence>
# name: y
# type: matrix
# rows: 100
# columns: 1
 697279.5181942366
 694408.0174618316
 691516.0089240968
 688604.5782059553
 685674.8211441545
 682727.8430721825
 679764.7580981548
 676786.6883763403
 673794.7633730317
 670790.1191274404
 667773.8975083225
 664747.2454670379
 661711.3142877419
 658667.2588354249
 655616.2368024961
 652559.4079546236
 649497.9333765409
 646432.9747185183
 643365.6934441994
 640297.2500805074
 637228.8034703064
 634161.5100285186
 631096.5230023587
 628034.9917363862
 624978.0609430217
 621926.8699791975
 618882.5521297918
 615846.2338984803
 612819.0343066416
 609802.0642009269
 606796.4255701039
 603803.2108717688
 600823.5023694939
 597858.3714809942
 594908.8781378423
 591976.0701572814
 589060.9826266473
 586164.6373009
 583288.0420137552
 580432.1901028785
 577598.0598495888
 574786.6139335125
 571998.7989025806
 569235.5446587887
 566497.7639600589
 563786.3519385898
 561102.185636002
 558446.123555607
 555819.0052320801
 553221.6508188148
 550654.8606932091
 548119.4150801023
 545616.0736935801
 543145.5753973292
 540708.6378837019
 538305.9573716404
 535938.208323575
 533606.0431814024
 531310.0921216141
 529050.9628296422
 526829.24029345
 524645.486616387
 522500.2408493012
 520394.0188418822
 518327.3131131904
 516300.5927413022
 514314.3032719882
 512368.8666463171
 510464.6811470615
 508602.1213637576
 506781.5381762641
 505003.2587566343
 503267.5865891057
 501574.8015079939
 499925.1597532581
 498318.8940434888
 496756.2136660596
 495237.3045841637
 493762.3295604354
 492331.4282968604
 490944.7175906457
 489602.2915057229
 488304.2215595325
 487050.5569247369
 485841.3246454911
 484676.5298678897
 483556.1560842088
 482480.1653905325
 481448.4987573664
 480461.0763128198
 479517.7976379275
 478618.5420736949
 477763.1690394122
 476951.5183618126
 476183.4106146176
 475458.6474680213
 474777.0120476575
 474138.2693025953
 473542.1663818946
 472988.4330192682


