# Created by Octave 4.0.0, Wed May 11 23:24:35 2016 CEST <peter@Independence>
# name: y
# type: matrix
# rows: 100
# columns: 1
 614617.4866387178
 613330.50546554
 612098.1005012543
 610919.0893036025
 609792.2894303264
 608716.518439168
 607690.5938878688
 606713.333334171
 605783.5543358162
 604900.0744505463
 604061.7112361031
 603267.2822502283
 602515.605050664
 601805.4971951519
 601135.7762414336
 600505.2597472513
 599912.7652703465
 599357.1103684612
 598837.1125993374
 598351.5895207165
 597899.3586903405
 597479.2376659514
 597090.0440052908
 596730.5952661007
 596399.7090061228
 596096.2027830989
 595818.894154771
 595566.6006788807
 595338.13991317
 595132.3294153806
 594947.9867432545
 594783.9294545333
 594638.9751069589
 594511.9412582732
 594401.645466218
 594306.9052885351
 594226.5382829662
 594159.3620072535
 594104.1940191383
 594059.8518763629
 594025.1531366688
 593998.9153577981
 593979.9560974924
 593967.0929134935
 593959.1433635434
 593954.9250053839
 593953.2553967567
 593952.9520954037
 593952.8326590668
 593951.7146454876
 593948.4156124081
 593941.7531175702
 593930.5447187155
 593913.607973586
 593889.7604399234
 593857.8196754695
 593816.6032379664
 593764.9286851556
 593701.6135747791
 593625.4754645787
 593535.3319122962
 593430.0004756735
 593308.2987124523
 593169.0441803745
 593011.0544371818
 592833.1470406163
 592634.1395484195
 592412.8495183334
 592168.0945080998
 591898.6920754606
 591603.4597781574
 591281.2151739324
 590930.775820527
 590550.9592756833
 590140.583097143
 589698.464842648
 589223.4220699401
 588714.2723367611
 588169.8332008529
 587588.9222199572
 586970.3569518159
 586312.9549541709
 585615.5337847638
 584876.9110013366
 584095.9041616311
 583271.3308233891
 582402.0085443525
 581486.754882263
 580524.3873948625
 579513.7236398929
 578453.5811750958
 577342.7775582132
 576180.1303469868
 574964.4570991587
 573694.5753724703
 572369.3027246638
 570987.4567134809
 569547.8548966632
 568049.3148319529
 566490.6540770916


