# Created by Octave 3.8.2, Wed May 18 21:26:07 2016 CEST <Andrea@Andreas-MacBook-Pro.local>
# name: SVs
# type: cell
# rows: 1
# columns: 7
# name: <cell-element>
# type: sparse matrix
# nnz: 119
# rows: 7
# columns: 30
1 2 -0.5493597501845049
2 2 0.4405563826663388
3 2 1.456005236068515
4 2 0.6201225649043989
5 2 -0.05293669159630162
6 2 -2.283910470917653
7 2 -0.1965059235488764
1 3 -0.4922587989170171
2 3 -0.07940381478305744
3 3 0.4003540920106801
4 3 0.7517174192882263
5 3 0.02045863595175794
6 3 -2.466878883890165
7 3 0.303074290863834
1 4 -0.3542459542160368
2 4 -0.3542459542160368
3 4 -0.3542459542160368
4 4 -0.3542459542160368
5 4 -0.3542459542160368
6 4 -0.3542459542160368
7 4 -0.3542459542160368
1 5 -1.503101986559618
2 5 -0.2446449901748339
3 5 0.0430503926885325
4 5 0.9296905492323576
5 5 -0.7527385903194926
6 5 -1.908567409191614
7 5 1.432736861958361
1 6 -1.802410915222959
2 6 -0.60529842871993
3 6 0.7159826401597436
4 6 0.8284772532531134
5 6 -0.6870162137028495
6 6 -1.892618859684624
7 6 1.16489982259838
1 7 -0.5767419849893044
2 7 -1.350046103911901
3 7 0.3357229336808842
4 7 -0.3445244715893587
5 7 0.2627483679595858
6 7 -1.331943886058556
7 7 0.8256142043370426
1 8 0.02293475777766046
2 8 -1.521141302263471
3 8 0.9435787388083938
4 8 -0.6730180086570542
5 8 -0.02942763687108352
6 8 -0.791017771245773
7 8 1.180069929663284
1 12 0.03078004438846051
2 12 0.4102439503988687
3 12 0.4262213780203596
4 12 0.9055442066650857
5 12 0.3023963139538053
6 12 0.7417755735448043
7 12 -1.670815997300317
1 13 0.03078004438846051
2 13 0.4102439503988687
3 13 0.4262213780203596
4 13 0.9055442066650857
5 13 0.3023963139538053
6 13 0.7417755735448043
7 13 -1.670815997300317
1 14 1.04997442683519
2 14 -1.118952888499012
3 14 1.902583138803412
4 14 -1.494195719950208
5 14 -1.059282153434384
6 14 0.9606167589025872
7 14 0.2510990633580015
1 15 1.04997442683519
2 15 -1.118952888499012
3 15 1.902583138803412
4 15 -1.494195719950208
5 15 -1.059282153434384
6 15 0.9606167589025872
7 15 0.2510990633580015
1 19 0.09144485370677476
2 19 0.5790193538588453
3 19 -0.3494875156034782
4 19 1.248695243720097
5 19 0.4737789403256175
6 19 -1.101936764423448
7 19 -0.2330792679250265
1 20 0.09144485370677476
2 20 0.5790193538588453
3 20 -0.3494875156034782
4 20 1.248695243720097
5 20 0.4737789403256175
6 20 -1.101936764423448
7 20 -0.2330792679250265
1 22 0.3543369183418055
2 22 1.844683117163159
3 22 -0.7819491337982323
4 22 -0.09147303379181183
5 22 -0.7843016929123938
6 22 -1.547707125457823
7 22 -0.9219264010908457
1 23 0.3543369183418055
2 23 1.844683117163159
3 23 -0.7819491337982323
4 23 -0.09147303379181183
5 23 -0.7843016929123938
6 23 -1.547707125457823
7 23 -0.9219264010908457
1 24 0.3864259936562895
2 24 0.06227766014085429
3 24 -1.700201871901246
4 24 0.02941090896058203
5 24 -0.5174096638011978
6 24 -0.9968533966434194
7 24 -0.7684294759405271
1 25 0.3864259936562895
2 25 0.06227766014085429
3 25 -1.700201871901246
4 25 0.02941090896058203
5 25 -0.5174096638011978
6 25 -0.9968533966434194
7 25 -0.7684294759405271



# name: <cell-element>
# type: sparse matrix
# nnz: 68
# rows: 4
# columns: 30
1 2 1.456005236068515
2 2 -1.463096290570717
3 2 2.080510466602747
4 2 -2.283910470917653
1 3 0.4003540920106801
2 3 -1.247007395172635
3 3 1.889805004386726
4 3 -2.466878883890165
1 4 -0.3542459542160368
2 4 2.656844656620287
3 4 -0.3542459542160368
4 4 -0.3542459542160368
1 5 0.0430503926885325
2 5 -1.235595753370874
3 5 0.6991977571137541
4 5 -1.908567409191614
1 6 0.7159826401597436
2 6 0.05587274068732836
3 6 -0.1754841051084699
4 6 -1.892618859684624
1 7 0.3357229336808842
2 7 -1.054470828025246
3 7 1.556208403011902
4 7 -1.331943886058556
1 8 0.9435787388083938
2 8 -1.175008665336562
3 8 1.564798322270253
4 8 -0.791017771245773
1 12 0.4262213780203596
2 12 0.4302157349257323
3 12 0.3583173106290233
4 12 0.7417755735448043
1 13 0.4262213780203596
2 13 0.4302157349257323
3 13 0.3583173106290233
4 13 0.7417755735448043
1 14 1.902583138803412
2 14 1.04938068817783
3 14 0.7352929384346623
4 14 0.9606167589025872
1 15 1.902583138803412
2 15 1.04938068817783
3 15 0.7352929384346623
4 15 0.9606167589025872
1 19 -0.3494875156034782
2 19 -2.621419139594209
3 19 0.1966852672400026
4 19 -1.101936764423448
1 20 -0.3494875156034782
2 20 -2.621419139594209
3 20 0.1966852672400026
4 20 -1.101936764423448
1 22 -0.7819491337982323
2 22 0.9130697079551781
3 22 -0.8431156707664331
4 22 -1.547707125457823
1 23 -0.7819491337982323
2 23 0.9130697079551781
3 23 -0.8431156707664331
4 23 -1.547707125457823
1 24 -1.700201871901246
2 24 0.7574094476036126
3 24 -1.145986280123905
4 24 -0.9968533966434194
1 25 -1.700201871901246
2 25 0.7574094476036126
3 25 -1.145986280123905
4 25 -0.9968533966434194



