# Created by Octave 3.8.2, Wed May 18 21:25:43 2016 CEST <Andrea@Andreas-MacBook-Pro.local>
# name: mu
# type: matrix
# rows: 1
# columns: 31
 190134.0588235294 89 41824.47058823529 90637.64705882352 6.117647058823529 2744.411764705882 3989.352941176471 18940.05882352941 23006.70588235294 132693 132693 1 662.2941176470588 662.2941176470588 6522.176470588235 6522.176470588235 5311 5311 1 56992 56992 1 3721.764705882353 3721.764705882353 7326.411764705882 7326.411764705882 148443 148443 1 30 20


# name: sigma
# type: matrix
# rows: 1
# columns: 31
 8485.280309678847 0 2389.091279065302 8131.184384371509 0.3321055820775358 594.3786733665173 942.2673413883444 3535.478388255758 4067.804794430066 0 0 0 250.353191687734 250.353191687734 3368.485402137252 3368.485402137252 0 0 0 7611.144550920052 7611.144550920052 0 850.1380424239763 850.1380424239763 2434.070820118622 2434.070820118622 0 0 0 0 0


