# Created by Octave 3.8.2, Wed May 18 21:53:01 2016 CEST <Andrea@Andreas-MacBook-Pro.local>
# name: SVs
# type: cell
# rows: 1
# columns: 7
# name: <cell-element>
# type: sparse matrix
# nnz: 128
# rows: 8
# columns: 30
1 2 -0.07574089001848011
2 2 1.025589492190363
3 2 -0.631486739380075
4 2 0.5722384477041109
5 2 1.699753760930694
6 2 -0.4337318872162445
7 2 1.289392901697449
8 2 -0.7710094315193784
1 3 0.01116068147316052
2 3 -0.1637772729961812
3 3 -1.00917434763474
4 3 0.7817713714601858
5 3 1.252254644705609
6 3 0.04487183079091953
7 3 1.031495710581061
8 3 -1.374923953096834
1 5 -0.9418990229416861
2 5 -0.03281143927793052
3 5 0.3118591843296854
4 5 0.4759163807193367
5 5 -1.026185288976736
6 5 -1.232385618383913
7 5 -0.284165125489598
8 5 0.4127016811930491
1 6 -0.7718242883474375
2 6 -0.5857215835032831
3 6 -0.7610133428378186
4 6 0.5254891728068347
5 6 -0.8559952212437564
6 6 -0.6822478826963092
7 6 0.93553289177881
8 6 0.2737485845114223
1 7 1.256763647932357
2 7 0.7147561403711351
3 7 1.258844956761392
4 7 -0.328326467780286
5 7 1.304633751000165
6 7 -1.129977251763636
7 7 -0.8113635585188473
8 7 -0.4072427608812
1 8 1.855471692255731
2 8 0.816590448659417
3 8 0.5741039963361692
4 8 -0.1225249402667613
5 8 1.591854277658601
6 8 -1.722242707164988
7 8 -0.4760355468322962
8 8 -0.3004060735067438
1 12 -0.9155794046542658
2 12 -0.009288612524699617
3 12 -0.00408004475384004
4 12 0.2511397760182792
5 12 -0.4780597119020614
6 12 -0.8617575376887169
7 12 -0.8756470517443424
8 12 2.115807037986007
1 13 -0.9155794046542658
2 13 -0.009288612524699617
3 13 -0.00408004475384004
4 13 0.2511397760182792
5 13 -0.4780597119020614
6 13 -0.8617575376887169
7 13 -0.8756470517443424
8 13 2.115807037986007
1 14 -0.4116415401533533
2 14 -0.5853369644612388
3 14 -0.8000597847976978
4 14 -0.4158593098385338
5 14 -0.4402712495315478
6 14 -0.6878415489313818
7 14 1.082854851628917
8 14 1.022144530402835
1 15 -0.4116415401533533
2 15 -0.5853369644612388
3 15 -0.8000597847976978
4 15 -0.4158593098385338
5 15 -0.4402712495315478
6 15 -0.6878415489313818
7 15 1.082854851628917
8 15 1.022144530402835
1 19 -0.06569294096328047
2 19 1.987092005052542
3 19 0.7114600935339574
4 19 0.3374098012292121
5 19 -0.09799467800952574
6 19 0.7609639390663688
7 19 -0.7553063567198065
8 19 -0.6461685351020192
1 20 -0.06569294096328047
2 20 1.987092005052542
3 20 0.7114600935339574
4 20 0.3374098012292121
5 20 -0.09799467800952574
6 20 0.7609639390663688
7 20 -0.7553063567198065
8 20 -0.6461685351020192
1 22 -0.1883328267977405
2 22 -0.4460918076695973
3 22 0.1093174249233321
4 22 0.7414406399185998
5 22 1.861464782992739
6 22 -0.5320114679602163
7 22 -0.6010540521223207
8 22 1.51932042147831
1 23 -0.1883328267977405
2 23 -0.4460918076695973
3 23 0.1093174249233321
4 23 0.7414406399185998
5 23 1.861464782992739
6 23 -0.5320114679602163
7 23 -0.6010540521223207
8 23 1.51932042147831
1 24 1.077688486821103
2 24 0.003309067263416523
3 24 2.116842351639193
4 24 0.429218047296717
5 24 0.5952051309939056
6 24 -0.5608335290964815
7 24 -1.994940583419136
8 24 -0.7620461675332663
1 25 1.077688486821103
2 25 0.003309067263416523
3 25 2.116842351639193
4 25 0.429218047296717
5 25 0.5952051309939056
6 25 -0.5608335290964815
7 25 -1.994940583419136
8 25 -0.7620461675332663



# name: <cell-element>
# type: sparse matrix
# nnz: 64
# rows: 4
# columns: 30
1 2 -1.996229711230068
2 2 0.5722384477041109
3 2 1.699753760930694
4 2 -0.4337318872162445
1 3 -2.511611541257776
2 3 0.7817713714601858
3 3 1.252254644705609
4 3 0.04487183079091953
1 5 -0.1306437123543281
2 5 0.4759163807193367
3 5 -1.026185288976736
4 5 -1.232385618383913
1 6 -0.4027077202333054
2 6 0.5254891728068347
3 6 -0.8559952212437564
4 6 -0.6822478826963092
1 7 1.74795253158464
2 7 -0.328326467780286
3 7 1.304633751000165
4 7 -1.129977251763636
1 8 1.027034048354236
2 8 -0.1225249402667613
3 8 1.591854277658601
4 8 -1.722242707164988
1 12 -0.8773832410012956
2 12 0.2511397760182792
3 12 -0.4780597119020614
4 12 -0.8617575376887169
1 13 -0.8773832410012956
2 13 0.2511397760182792
3 13 -0.4780597119020614
4 13 -0.8617575376887169
1 14 -1.107829160613289
2 14 -0.4158593098385338
3 14 -0.4402712495315478
4 14 -0.6878415489313818
1 15 -1.107829160613289
2 15 -0.4158593098385338
3 15 -0.4402712495315478
4 15 -0.6878415489313818
1 19 0.130219961240278
2 19 0.3374098012292121
3 19 -0.09799467800952574
4 19 0.7609639390663688
1 20 0.130219961240278
2 20 0.3374098012292121
3 20 -0.09799467800952574
4 20 0.7609639390663688
1 22 -0.7682905337594182
2 22 0.7414406399185998
3 22 1.861464782992739
4 22 -0.5320114679602163
1 23 -0.7682905337594182
2 23 0.7414406399185998
3 23 1.861464782992739
4 23 -0.5320114679602163
1 24 0.5754574715186773
2 24 0.429218047296717
3 24 0.5952051309939056
4 24 -0.5608335290964815
1 25 0.5754574715186773
2 25 0.429218047296717
3 25 0.5952051309939056
4 25 -0.5608335290964815



# name: <cell-element>
# type: sparse matrix
# nnz: 64
# rows: 4
# columns: 30
1 2 -1.996229711230068
2 2 0.5722384477041109
3 2 1.699753760930694
4 2 -0.4337318872162445
1 3 -2.511611541257776
2 3 0.7817713714601858
3 3 1.252254644705609
4 3 0.04487183079091953
1 5 -0.1306437123543281
2 5 0.4759163807193367
3 5 -1.026185288976736
4 5 -1.232385618383913
1 6 -0.4027077202333054
2 6 0.5254891728068347
3 6 -0.8559952212437564
4 6 -0.6822478826963092
1 7 1.74795253158464
2 7 -0.328326467780286
3 7 1.304633751000165
4 7 -1.129977251763636
1 8 1.027034048354236
2 8 -0.1225249402667613
3 8 1.591854277658601
4 8 -1.722242707164988
1 12 -0.8773832410012956
2 12 0.2511397760182792
3 12 -0.4780597119020614
4 12 -0.8617575376887169
1 13 -0.8773832410012956
2 13 0.2511397760182792
3 13 -0.4780597119020614
4 13 -0.8617575376887169
1 14 -1.107829160613289
2 14 -0.4158593098385338
3 14 -0.4402712495315478
4 14 -0.6878415489313818
1 15 -1.107829160613289
2 15 -0.4158593098385338
3 15 -0.4402712495315478
4 15 -0.6878415489313818
1 19 0.130219961240278
2 19 0.3374098012292121
3 19 -0.09799467800952574
4 19 0.7609639390663688
1 20 0.130219961240278
2 20 0.3374098012292121
3 20 -0.09799467800952574
4 20 0.7609639390663688
1 22 -0.7682905337594182
2 22 0.7414406399185998
3 22 1.861464782992739
4 22 -0.5320114679602163
1 23 -0.7682905337594182
2 23 0.7414406399185998
3 23 1.861464782992739
4 23 -0.5320114679602163
1 24 0.5754574715186773
2 24 0.429218047296717
3 24 0.5952051309939056
4 24 -0.5608335290964815
1 25 0.5754574715186773
2 25 0.429218047296717
3 25 0.5952051309939056
4 25 -0.5608335290964815



