# Created by Octave 3.8.2, Wed May 18 21:52:52 2016 CEST <Andrea@Andreas-MacBook-Pro.local>
# name: mu
# type: matrix
# rows: 1
# columns: 31
 294643.55 50 76431.8 119057.8 10 3486.8 5115.5 33019 41025.4 205567 205567 1 829.35 829.35 11228.7 11228.7 8895 8895 1 49102.7 49102.7 1 2515.75 2515.75 5458.8 5458.8 224871 224871 1 50 12


# name: sigma
# type: matrix
# rows: 1
# columns: 31
 13056.22407926176 0 2558.723563358147 6110.737965598797 0 664.4024303640711 1294.983864967558 5765.602794066494 5773.518423758053 0 0 0 575.9740742520677 575.9740742520677 7824.040301666732 7824.040301666732 0 0 0 5231.916777665816 5231.916777665816 0 651.771664489627 651.771664489627 1873.639762039314 1873.639762039314 0 0 0 0 0


