# Created by Octave 4.0.0, Wed May 11 16:26:18 2016 CEST <peter@Independence>
# name: y
# type: matrix
# rows: 1
# columns: 100
 28779.64423816635 28761.41375419976 28743.18327023316 28724.95278626656 28706.72230229996 28688.49181833336 28670.26133436677 28652.03085040017 28633.80036643357 28615.56988246697 28597.33939850037 28579.10891453378 28560.87843056718 28542.64794660058 28524.41746263398 28506.18697866739 28487.95649470079 28469.72601073419 28451.49552676759 28433.26504280099 28415.0345588344 28396.8040748678 28378.5735909012 28360.3431069346 28342.112622968 28323.88213900141 28305.65165503481 28287.42117106821 28269.19068710161 28250.96020313502 28232.72971916842 28214.49923520182 28196.26875123522 28178.03826726862 28159.80778330203 28141.57729933543 28123.34681536883 28105.11633140223 28086.88584743563 28068.65536346904 28050.42487950244 28032.19439553584 28013.96391156924 27995.73342760265 27977.50294363605 27959.27245966945 27941.04197570285 27922.81149173625 27904.58100776966 27886.35052380306 27868.12003983646 27849.88955586986 27831.65907190327 27813.42858793667 27795.19810397007 27776.96762000347 27758.73713603687 27740.50665207028 27722.27616810368 27704.04568413708 27685.81520017048 27667.58471620389 27649.35423223729 27631.12374827069 27612.89326430409 27594.66278033749 27576.4322963709 27558.2018124043 27539.9713284377 27521.7408444711 27503.51036050451 27485.27987653791 27467.04939257131 27448.81890860471 27430.58842463811 27412.35794067152 27394.12745670492 27375.89697273832 27357.66648877172 27339.43600480512 27321.20552083853 27302.97503687193 27284.74455290533 27266.51406893873 27248.28358497214 27230.05310100554 27211.82261703894 27193.59213307234 27175.36164910574 27157.13116513915 27138.90068117255 27120.67019720595 27102.43971323935 27084.20922927276 27065.97874530616 27047.74826133956 27029.51777737296 27011.28729340636 26993.05680943977 26974.82632547317


