# Created by Octave 4.0.0, Wed May 11 16:26:18 2016 CEST <peter@Independence>
# name: y
# type: matrix
# rows: 100
# columns: 1
 24292.24373159838
 24270.17132537156
 24249.08156895574
 24228.95208702316
 24209.76050424606
 24191.48444529667
 24174.10153484723
 24157.58939756997
 24141.92565813713
 24127.08794122095
 24113.05387149365
 24099.80107362747
 24087.30717229466
 24075.54979216743
 24064.50655791804
 24054.15509421871
 24044.47302574167
 24035.43797715917
 24027.02757314344
 24019.21943836672
 24011.99119750124
 24005.32047521923
 23999.18489619292
 23993.56208509457
 23988.42966659639
 23983.76526537063
 23979.54650608952
 23975.75101342529
 23972.35641205019
 23969.34032663644
 23966.68038185628
 23964.35420238195
 23962.33941288567
 23960.6136380397
 23959.15450251626
 23957.93963098758
 23956.9466481259
 23956.15317860346
 23955.5368470925
 23955.07527826523
 23954.74609679392
 23954.52692735077
 23954.39539460804
 23954.32912323796
 23954.30573791276
 23954.30286330469
 23954.29812408596
 23954.26914492881
 23954.1935505055
 23954.04896548824
 23953.81301454928
 23953.46332236084
 23952.97751359517
 23952.33321292449
 23951.50804502105
 23950.47963455708
 23949.22560620482
 23947.72358463649
 23945.95119452434
 23943.88606054059
 23941.50580735749
 23938.78805964728
 23935.71044208217
 23932.25057933442
 23928.38609607625
 23924.09461697991
 23919.35376671762
 23914.14116996162
 23908.43445138414
 23902.21123565743
 23895.44914745371
 23888.12581144522
 23880.21885230421
 23871.70589470289
 23862.56456331351
 23852.77248280829
 23842.30727785949
 23831.14657313933
 23819.26799332005
 23806.64916307388
 23793.26770707305
 23779.10124998981
 23764.12741649639
 23748.32383126502
 23731.66811896794
 23714.13790427738
 23695.71081186558
 23676.36446640477
 23656.07649256719
 23634.82451502508
 23612.58615845066
 23589.33904751618
 23565.06080689386
 23539.72906125596
 23513.32143527469
 23485.81555362229
 23457.189040971
 23427.41952199306
 23396.4846213607
 23364.36196374616


