# Created by Octave 4.0.0, Wed May 11 16:26:18 2016 CEST <peter@Independence>
# name: y
# type: matrix
# rows: 100
# columns: 1
 26241.48913682587
 26177.33362532894
 26114.87624123186
 26054.14831271147
 25995.18041146688
 25938.00232839196
 25882.64304979697
 25829.13073420391
 25777.49268973918
 25727.75535214704
 25679.94426344638
 25634.08405125293
 25590.19840878833
 25548.31007559663
 25508.44081898835
 25470.61141623141
 25434.84163750744
 25401.15022965124
 25369.55490069046
 25340.07230520173
 25312.71803049855
 25287.50658366557
 25264.45137945299
 25243.56472904387
 25224.85782970635
 25208.34075534182
 25194.02244793931
 25181.91070994511
 25172.01219755635
 25164.3324149455
 25158.87570942238
 25155.64526753927
 25154.64311214363
 25155.87010038169
 25159.32592265593
 25165.00910253772
 25172.91699763583
 25183.04580142058
 25195.39054600221
 25209.94510586106
 25226.70220252631
 25245.65341019926
 25266.78916231534
 25290.0987590393
 25315.57037568577
 25343.19107205755
 25372.94680269208
 25404.82242800645
 25438.80172632971
 25474.86740681054
 25513.00112318774
 25553.18348840958
 25595.39409008739
 25639.61150676809
 25685.8133250092
 25733.97615723913
 25784.0756603848
 25836.08655524784
 25889.98264660969
 25945.73684404522
 26003.32118342394
 26062.70684907672
 26123.86419660586
 26186.76277631494
 26251.37135723494
 26317.65795172205
 26385.58984060197
 26455.13359883549
 26526.25512167879
 26598.919651312
 26673.09180390908
 26748.73559712097
 26825.81447794458
 26904.29135094877
 26984.12860682909
 27065.2881512618
 27147.73143402825
 27231.41947837985
 27316.31291061393
 27402.37198983082
 27489.55663784156
 27577.82646919673
 27667.1408213057
 27757.45878461642
 27848.7392328252
 27940.94085308663
 28034.02217619341
 28127.94160669608
 28222.65745293307
 28318.12795694131
 28414.31132421803
 28511.16575330507
 28608.64946516625
 28706.72073233031
 28805.33790777032
 28904.45945349317
 29004.04396881098
 29104.05021826836
 29204.4371591993
 29305.16396888801


