# Created by Octave 4.0.0, Wed May 11 16:26:18 2016 CEST <peter@Independence>
# name: y
# type: matrix
# rows: 100
# columns: 1
 28152.02657025165
 28143.32758084525
 28134.62859143884
 28125.92960203245
 28117.23061262605
 28108.53162321966
 28099.83263381325
 28091.13364440687
 28082.43465500046
 28073.73566559406
 28065.03667618766
 28056.33768678127
 28047.63869737488
 28038.93970796847
 28030.24071856208
 28021.54172915568
 28012.84273974929
 28004.14375034289
 27995.44476093649
 27986.74577153009
 27978.0467821237
 27969.3477927173
 27960.6488033109
 27951.9498139045
 27943.2508244981
 27934.55183509171
 27925.85284568531
 27917.15385627892
 27908.45486687251
 27899.75587746612
 27891.05688805972
 27882.35789865332
 27873.65890924693
 27864.95991984053
 27856.26093043413
 27847.56194102773
 27838.86295162133
 27830.16396221494
 27821.46497280854
 27812.76598340214
 27804.06699399574
 27795.36800458935
 27786.66901518295
 27777.97002577655
 27769.27103637016
 27760.57204696376
 27751.87305755736
 27743.17406815097
 27734.47507874457
 27725.77608933817
 27717.07709993177
 27708.37811052538
 27699.67912111898
 27690.98013171258
 27682.28114230618
 27673.58215289978
 27664.88316349339
 27656.18417408699
 27647.48518468059
 27638.7861952742
 27630.0872058678
 27621.3882164614
 27612.68922705501
 27603.9902376486
 27595.29124824221
 27586.59225883581
 27577.89326942941
 27569.19428002302
 27560.49529061661
 27551.79630121022
 27543.09731180382
 27534.39832239743
 27525.69933299103
 27517.00034358463
 27508.30135417823
 27499.60236477183
 27490.90337536544
 27482.20438595904
 27473.50539655264
 27464.80640714625
 27456.10741773985
 27447.40842833345
 27438.70943892705
 27430.01044952066
 27421.31146011426
 27412.61247070786
 27403.91348130146
 27395.21449189507
 27386.51550248867
 27377.81651308227
 27369.11752367588
 27360.41853426948
 27351.71954486308
 27343.02055545668
 27334.32156605029
 27325.62257664389
 27316.92358723749
 27308.22459783109
 27299.52560842469
 27290.82661901829


