# Created by Octave 3.8.2, Wed May 18 17:57:25 2016 CEST <Andrea@Andreas-MacBook-Pro.local>
# name: x
# type: matrix
# rows: 1
# columns: 100
 0.008333333333333333 0.008417508417508417 0.008501683501683501 0.008585858585858586 0.00867003367003367 0.008754208754208754 0.008838383838383838 0.008922558922558922 0.009006734006734006 0.00909090909090909 0.009175084175084175 0.009259259259259259 0.009343434343434343 0.009427609427609427 0.009511784511784511 0.009595959595959595 0.009680134680134679 0.009764309764309764 0.009848484848484848 0.009932659932659932 0.01001683501683502 0.0101010101010101 0.01018518518518518 0.01026936026936027 0.01035353535353535 0.01043771043771044 0.01052188552188552 0.0106060606060606 0.01069023569023569 0.01077441077441077 0.01085858585858586 0.01094276094276094 0.01102693602693603 0.01111111111111111 0.0111952861952862 0.01127946127946128 0.01136363636363636 0.01144781144781145 0.01153198653198653 0.01161616161616162 0.0117003367003367 0.01178451178451178 0.01186868686868687 0.01195286195286195 0.01203703703703704 0.01212121212121212 0.01220538720538721 0.01228956228956229 0.01237373737373737 0.01245791245791246 0.01254208754208754 0.01262626262626263 0.01271043771043771 0.01279461279461279 0.01287878787878788 0.01296296296296296 0.01304713804713805 0.01313131313131313 0.01321548821548822 0.0132996632996633 0.01338383838383838 0.01346801346801347 0.01355218855218855 0.01363636363636364 0.01372053872053872 0.0138047138047138 0.01388888888888889 0.01397306397306397 0.01405723905723906 0.01414141414141414 0.01422558922558922 0.01430976430976431 0.01439393939393939 0.01447811447811448 0.01456228956228956 0.01464646464646465 0.01473063973063973 0.01481481481481482 0.0148989898989899 0.01498316498316498 0.01506734006734007 0.01515151515151515 0.01523569023569024 0.01531986531986532 0.0154040404040404 0.01548821548821549 0.01557239057239057 0.01565656565656566 0.01574074074074074 0.01582491582491583 0.01590909090909091 0.01599326599326599 0.01607744107744108 0.01616161616161616 0.01624579124579124 0.01632996632996633 0.01641414141414142 0.0164983164983165 0.01658249158249158 0.01666666666666667


# name: y
# type: matrix
# rows: 100
# columns: 1
 316472.3547712784
 318674.4857560437
 321364.60927879
 324518.7125854313
 328109.6524433547
 332107.4072318223
 336479.3631463145
 341190.6315335896
 346204.3939280207
 351482.2709589101
 356984.7109498149
 362671.3937402237
 368501.6450321557
 374434.8564031753
 380430.9060355718
 386450.5751905071
 392455.9555059313
 398410.8423170466
 404281.109385757
 410035.0606775091
 415643.7551357297
 421081.3007701877
 426325.1147897296
 431356.1469648326
 436159.0638935833
 440722.3923578832
 445038.6204864298
 449104.2559787887
 452919.8411821153
 456489.9253405007
 459822.9948485362
 462931.362828063
 465831.0198033938
 468541.4476694567
 471085.399524132
 473488.6482661992
 475779.7071404868
 477989.5256396782
 480151.1643465424
 482299.4524208038
 484470.6315021967
 486701.9898171074
 489031.4902430722
 491497.3960066248
 494137.8975694317
 496990.7440999615
 500092.8827379471
 503480.1086419862
 507186.7285721801
 511245.240505273
 515686.0315147479
 520537.0958779887
 525823.7751018726
 531568.5212915274
 537790.6850284938
 544506.3286776397
 551728.0658097129
 559464.9272105651
 567722.2537503395
 576501.6162070993
 585800.7619796605
 595613.5884833059
 605930.1428985758
 616736.6478359133
 628015.5523856306
 639745.607941149
 651901.9681112304
 664456.3119712621
 677376.9898419048
 690629.1907229009
 704175.1304481368
 717974.2595629272
 731983.4898541304
 746157.4383866627
 760448.6878153282
 774808.0616481981
 789184.9130372085
 803527.4255638956
 817782.9243745062
 831898.1959009303
 845819.8142842338
 859494.4724987901
 872869.3160601382
 885892.2770921085
 898512.4064319592
 910680.2013698416
 922347.9265544489
 933469.9255535869
 944002.9205398306
 953906.2975802061
 963142.3750473356
 971676.6527395472
 979478.0394003089
 986519.0564635859
 992776.0160211894
 998229.1712100478
 1002862.837449998
 1006665.483223839
 1009629.78937807
 1011752.67623127


# name: QUERY
# type: sq_string
# elements: 1
# length: 2
R3


# name: DATASIZE
# type: sq_string
# elements: 1
# length: 3
500


