# Created by Octave 4.0.0, Mon May 23 13:37:07 2016 CEST <peter@Independence>
# name: x
# type: matrix
# rows: 1
# columns: 100
 0.008333333333333333 0.008417508417508417 0.008501683501683501 0.008585858585858586 0.00867003367003367 0.008754208754208754 0.008838383838383838 0.008922558922558922 0.009006734006734006 0.00909090909090909 0.009175084175084175 0.009259259259259259 0.009343434343434345 0.009427609427609427 0.009511784511784513 0.009595959595959595 0.009680134680134679 0.009764309764309764 0.009848484848484848 0.009932659932659932 0.01001683501683502 0.0101010101010101 0.01018518518518519 0.01026936026936027 0.01035353535353535 0.01043771043771044 0.01052188552188552 0.0106060606060606 0.01069023569023569 0.01077441077441077 0.01085858585858586 0.01094276094276094 0.01102693602693603 0.01111111111111111 0.0111952861952862 0.01127946127946128 0.01136363636363636 0.01144781144781145 0.01153198653198653 0.01161616161616162 0.0117003367003367 0.01178451178451178 0.01186868686868687 0.01195286195286195 0.01203703703703704 0.01212121212121212 0.01220538720538721 0.01228956228956229 0.01237373737373737 0.01245791245791246 0.01254208754208754 0.01262626262626263 0.01271043771043771 0.01279461279461279 0.01287878787878788 0.01296296296296296 0.01304713804713805 0.01313131313131313 0.01321548821548822 0.0132996632996633 0.01338383838383838 0.01346801346801347 0.01355218855218855 0.01363636363636364 0.01372053872053872 0.0138047138047138 0.01388888888888889 0.01397306397306397 0.01405723905723906 0.01414141414141414 0.01422558922558922 0.01430976430976431 0.01439393939393939 0.01447811447811448 0.01456228956228956 0.01464646464646465 0.01473063973063973 0.01481481481481481 0.0148989898989899 0.01498316498316498 0.01506734006734007 0.01515151515151515 0.01523569023569023 0.01531986531986532 0.0154040404040404 0.01548821548821549 0.01557239057239057 0.01565656565656566 0.01574074074074074 0.01582491582491583 0.01590909090909091 0.01599326599326599 0.01607744107744108 0.01616161616161616 0.01624579124579124 0.01632996632996633 0.01641414141414141 0.0164983164983165 0.01658249158249158 0.01666666666666667


# name: y
# type: matrix
# rows: 100
# columns: 1
 317862.5486621064
 319236.6065964473
 321104.2869167232
 323447.6944620888
 326245.9616955096
 329475.4475067942
 333109.9670838129
 337121.050446209
 341478.2268402085
 346149.3318349781
 351100.8336462171
 356298.1749464269
 361706.1262078442
 367289.1464667424
 373011.747299038
 378838.8557582765
 384736.1720483891
 390670.5177843976
 396610.1708327085
 402525.1829160537
 408387.6764128324
 414172.1170720805
 419855.5596982965
 425417.864229013
 430841.8800259291
 436113.5966208493
 441222.2595935988
 446160.4507034074
 450924.1318408784
 455512.652807708
 459928.7233591765
 464178.3503539166
 468270.7412409298
 472218.1754702243
 476035.8457364758
 479741.6712511785
 483356.0854851295
 486901.801027826
 490403.5543723926
 493887.8335537413
 497382.5916443467
 500916.9491476123
 504520.8883253169
 508224.942455677
 512059.8829453224
 516056.4071155405
 520244.8293544518
 524654.7781764979
 529314.9015630438
 534252.582777328
 539493.6686576486
 545062.2121985871
 550980.2310349778
 557267.4832506459
 563941.2617465986
 571016.208223874
 578504.1476665708
 586413.9440521389
 594751.3778696506
 603519.0458928333
 612716.2835328968
 622339.109985961
 632380.1962900229
 642828.8563154169
 653671.0606287835
 664889.4730916551
 676463.5099787154
 688369.4213253909
 700580.3941374997
 713066.6770152219
 725795.7256578002
 738732.3686226675
 751838.992611937
 765075.7464496767
 778400.7627948659
 791770.3965076196
 805139.478450954
 818461.5833683022
 831689.310329959
 844774.5740918696
 857668.9055603477
 870323.7594094125
 882690.8267567926
 894722.3506737527
 906371.4421863458
 917592.3943251357
 928340.9917003569
 938574.8130232294
 948253.5239647629
 957339.1577434978
 965796.380865408
 973592.7415042708
 980698.898110141
 987088.8259675431
 992739.9995931918
 997633.5490644174
 1001754.388602204
 1005091.31599435
 1007637.081731587
 1009388.427038778


# name: QUERY
# type: sq_string
# elements: 1
# length: 2
R3


# name: DATASIZE
# type: sq_string
# elements: 1
# length: 3
500


