# Created by Octave 3.8.2, Wed May 18 17:57:25 2016 CEST <Andrea@Andreas-MacBook-Pro.local>
# name: x
# type: matrix
# rows: 1
# columns: 100
 0.008333333333333333 0.008417508417508417 0.008501683501683501 0.008585858585858586 0.00867003367003367 0.008754208754208754 0.008838383838383838 0.008922558922558922 0.009006734006734006 0.00909090909090909 0.009175084175084175 0.009259259259259259 0.009343434343434343 0.009427609427609427 0.009511784511784511 0.009595959595959595 0.009680134680134679 0.009764309764309764 0.009848484848484848 0.009932659932659932 0.01001683501683502 0.0101010101010101 0.01018518518518518 0.01026936026936027 0.01035353535353535 0.01043771043771044 0.01052188552188552 0.0106060606060606 0.01069023569023569 0.01077441077441077 0.01085858585858586 0.01094276094276094 0.01102693602693603 0.01111111111111111 0.0111952861952862 0.01127946127946128 0.01136363636363636 0.01144781144781145 0.01153198653198653 0.01161616161616162 0.0117003367003367 0.01178451178451178 0.01186868686868687 0.01195286195286195 0.01203703703703704 0.01212121212121212 0.01220538720538721 0.01228956228956229 0.01237373737373737 0.01245791245791246 0.01254208754208754 0.01262626262626263 0.01271043771043771 0.01279461279461279 0.01287878787878788 0.01296296296296296 0.01304713804713805 0.01313131313131313 0.01321548821548822 0.0132996632996633 0.01338383838383838 0.01346801346801347 0.01355218855218855 0.01363636363636364 0.01372053872053872 0.0138047138047138 0.01388888888888889 0.01397306397306397 0.01405723905723906 0.01414141414141414 0.01422558922558922 0.01430976430976431 0.01439393939393939 0.01447811447811448 0.01456228956228956 0.01464646464646465 0.01473063973063973 0.01481481481481482 0.0148989898989899 0.01498316498316498 0.01506734006734007 0.01515151515151515 0.01523569023569024 0.01531986531986532 0.0154040404040404 0.01548821548821549 0.01557239057239057 0.01565656565656566 0.01574074074074074 0.01582491582491583 0.01590909090909091 0.01599326599326599 0.01607744107744108 0.01616161616161616 0.01624579124579124 0.01632996632996633 0.01641414141414142 0.0164983164983165 0.01658249158249158 0.01666666666666667


# name: y
# type: matrix
# rows: 100
# columns: 1
 256756.3865898871
 263724.7053797852
 270693.0241696814
 277661.3429595785
 284629.6617494754
 291597.9805393725
 298566.2993292692
 305534.6181191665
 312502.9369090632
 319471.2556989609
 326439.5744888573
 333407.8932787544
 340376.2120686517
 347344.5308585488
 354312.8496484457
 361281.1684383425
 368249.4872282396
 375217.8060181367
 382186.1248080336
 389154.4435979307
 396122.7623878279
 403091.0811777246
 410059.3999676214
 417027.7187575185
 423996.0375474154
 430964.3563373124
 437932.6751272096
 444900.9939171067
 451869.3127070036
 458837.6314969006
 465805.9502867974
 472774.2690766946
 479742.5878665916
 486710.9066564884
 493679.2254463854
 500647.5442362824
 507615.8630261795
 514584.1818160765
 521552.5006059734
 528520.8193958704
 535489.1381857675
 542457.4569756645
 549425.7757655614
 556394.0945554584
 563362.4133453554
 570330.7321352524
 577299.0509251495
 584267.3697150464
 591235.6885049434
 598204.0072948404
 605172.3260847373
 612140.6448746343
 619108.9636645314
 626077.2824544283
 633045.6012443255
 640013.9200342222
 646982.2388241194
 653950.5576140166
 660918.8764039134
 667887.1951938104
 674855.5139837074
 681823.8327736044
 688792.1515635016
 695760.4703533986
 702728.7891432954
 709697.1079331918
 716665.4267230893
 723633.7455129861
 730602.0643028832
 737570.3830927804
 744538.7018826772
 751507.0206725745
 758475.3394624712
 765443.6582523684
 772411.9770422648
 779380.2958321624
 786348.614622059
 793316.9334119564
 800285.2522018533
 807253.5709917508
 814221.8897816474
 821190.2085715445
 828158.5273614414
 835126.8461513381
 842095.1649412359
 849063.4837311319
 856031.8025210295
 863000.121310926
 869968.4401008228
 876936.7588907199
 883905.0776806175
 890873.3964705144
 897841.7152604108
 904810.0340503082
 911778.3528402046
 918746.6716301022
 925714.990419999
 932683.3092098965
 939651.6279997923
 946619.9467896902


# name: QUERY
# type: sq_string
# elements: 1
# length: 2
R3


# name: DATASIZE
# type: sq_string
# elements: 1
# length: 3
500


