# Created by Octave 4.0.0, Mon May 23 13:37:07 2016 CEST <peter@Independence>
# name: x
# type: matrix
# rows: 1
# columns: 100
 0.008333333333333333 0.008417508417508417 0.008501683501683501 0.008585858585858586 0.00867003367003367 0.008754208754208754 0.008838383838383838 0.008922558922558922 0.009006734006734006 0.00909090909090909 0.009175084175084175 0.009259259259259259 0.009343434343434345 0.009427609427609427 0.009511784511784513 0.009595959595959595 0.009680134680134679 0.009764309764309764 0.009848484848484848 0.009932659932659932 0.01001683501683502 0.0101010101010101 0.01018518518518519 0.01026936026936027 0.01035353535353535 0.01043771043771044 0.01052188552188552 0.0106060606060606 0.01069023569023569 0.01077441077441077 0.01085858585858586 0.01094276094276094 0.01102693602693603 0.01111111111111111 0.0111952861952862 0.01127946127946128 0.01136363636363636 0.01144781144781145 0.01153198653198653 0.01161616161616162 0.0117003367003367 0.01178451178451178 0.01186868686868687 0.01195286195286195 0.01203703703703704 0.01212121212121212 0.01220538720538721 0.01228956228956229 0.01237373737373737 0.01245791245791246 0.01254208754208754 0.01262626262626263 0.01271043771043771 0.01279461279461279 0.01287878787878788 0.01296296296296296 0.01304713804713805 0.01313131313131313 0.01321548821548822 0.0132996632996633 0.01338383838383838 0.01346801346801347 0.01355218855218855 0.01363636363636364 0.01372053872053872 0.0138047138047138 0.01388888888888889 0.01397306397306397 0.01405723905723906 0.01414141414141414 0.01422558922558922 0.01430976430976431 0.01439393939393939 0.01447811447811448 0.01456228956228956 0.01464646464646465 0.01473063973063973 0.01481481481481481 0.0148989898989899 0.01498316498316498 0.01506734006734007 0.01515151515151515 0.01523569023569023 0.01531986531986532 0.0154040404040404 0.01548821548821549 0.01557239057239057 0.01565656565656566 0.01574074074074074 0.01582491582491583 0.01590909090909091 0.01599326599326599 0.01607744107744108 0.01616161616161616 0.01624579124579124 0.01632996632996633 0.01641414141414141 0.0164983164983165 0.01658249158249158 0.01666666666666667


# name: y
# type: matrix
# rows: 100
# columns: 1
 260816.2685416091
 267783.0141272045
 274749.7597128004
 281716.5052983958
 288683.250883991
 295649.9964695866
 302616.7420551818
 309583.4876407774
 316550.2332263726
 323516.978811968
 330483.7243975634
 337450.469983159
 344417.2155687542
 351383.9611543498
 358350.7067399452
 365317.45232554
 372284.1979111359
 379250.9434967312
 386217.6890823268
 393184.4346679216
 400151.1802535173
 407117.9258391127
 414084.671424708
 421051.4170103035
 428018.1625958986
 434984.908181494
 441951.6537670896
 448918.3993526848
 455885.1449382803
 462851.8905238758
 469818.6361094711
 476785.3816950665
 483752.127280662
 490718.8728662572
 497685.6184518526
 504652.364037448
 511619.1096230433
 518585.8552086387
 525552.6007942341
 532519.3463798295
 539486.0919654248
 546452.8375510202
 553419.5831366157
 560386.328722211
 567353.0743078064
 574319.8198934017
 581286.5654789972
 588253.3110645924
 595220.0566501879
 602186.8022357833
 609153.5478213787
 616120.2934069741
 623087.0389925693
 630053.7845781647
 637020.5301637601
 643987.2757493556
 650954.0213349509
 657920.7669205462
 664887.5125061417
 671854.2580917372
 678821.0036773324
 685787.749262928
 692754.4948485233
 699721.2404341187
 706687.9860197139
 713654.7316053095
 720621.4771909044
 727588.2227765003
 734554.9683620955
 741521.713947691
 748488.4595332864
 755455.2051188813
 762421.9507044768
 769388.6962900722
 776355.4418756678
 783322.1874612633
 790288.9330468586
 797255.6786324538
 804222.4242180496
 811189.1698036448
 818155.9153892398
 825122.6609748356
 832089.406560431
 839056.1521460263
 846022.8977316212
 852989.6433172168
 859956.3889028124
 866923.134488408
 873889.8800740028
 880856.6256595982
 887823.3712451933
 894790.116830789
 901756.8624163846
 908723.6080019805
 915690.3535875753
 922657.0991731699
 929623.8447587662
 936590.5903443616
 943557.335929957
 950524.081515552


# name: QUERY
# type: sq_string
# elements: 1
# length: 2
R3


# name: DATASIZE
# type: sq_string
# elements: 1
# length: 3
500


