# Created by Octave 4.0.0, Mon May 23 13:37:07 2016 CEST <peter@Independence>
# name: x
# type: matrix
# rows: 1
# columns: 100
 0.008333333333333333 0.008417508417508417 0.008501683501683501 0.008585858585858586 0.00867003367003367 0.008754208754208754 0.008838383838383838 0.008922558922558922 0.009006734006734006 0.00909090909090909 0.009175084175084175 0.009259259259259259 0.009343434343434345 0.009427609427609427 0.009511784511784513 0.009595959595959595 0.009680134680134679 0.009764309764309764 0.009848484848484848 0.009932659932659932 0.01001683501683502 0.0101010101010101 0.01018518518518519 0.01026936026936027 0.01035353535353535 0.01043771043771044 0.01052188552188552 0.0106060606060606 0.01069023569023569 0.01077441077441077 0.01085858585858586 0.01094276094276094 0.01102693602693603 0.01111111111111111 0.0111952861952862 0.01127946127946128 0.01136363636363636 0.01144781144781145 0.01153198653198653 0.01161616161616162 0.0117003367003367 0.01178451178451178 0.01186868686868687 0.01195286195286195 0.01203703703703704 0.01212121212121212 0.01220538720538721 0.01228956228956229 0.01237373737373737 0.01245791245791246 0.01254208754208754 0.01262626262626263 0.01271043771043771 0.01279461279461279 0.01287878787878788 0.01296296296296296 0.01304713804713805 0.01313131313131313 0.01321548821548822 0.0132996632996633 0.01338383838383838 0.01346801346801347 0.01355218855218855 0.01363636363636364 0.01372053872053872 0.0138047138047138 0.01388888888888889 0.01397306397306397 0.01405723905723906 0.01414141414141414 0.01422558922558922 0.01430976430976431 0.01439393939393939 0.01447811447811448 0.01456228956228956 0.01464646464646465 0.01473063973063973 0.01481481481481481 0.0148989898989899 0.01498316498316498 0.01506734006734007 0.01515151515151515 0.01523569023569023 0.01531986531986532 0.0154040404040404 0.01548821548821549 0.01557239057239057 0.01565656565656566 0.01574074074074074 0.01582491582491583 0.01590909090909091 0.01599326599326599 0.01607744107744108 0.01616161616161616 0.01624579124579124 0.01632996632996633 0.01641414141414141 0.0164983164983165 0.01658249158249158 0.01666666666666667


# name: y
# type: matrix
# rows: 1
# columns: 100
 238787.6027890172 246112.1885344394 253436.7742798615 260761.3600252837 268085.9457707059 275410.5315161281 282735.1172615502 290059.7030069724 297384.2887523946 304708.8744978168 312033.460243239 319358.0459886612 326682.6317340834 334007.2174795056 341331.8032249277 348656.3889703499 355980.9747157721 363305.5604611943 370630.1462066164 377954.7319520387 385279.3176974609 392603.903442883 399928.4891883052 407253.0749337274 414577.6606791496 421902.2464245717 429226.832169994 436551.4179154161 443876.0036608384 451200.5894062605 458525.1751516827 465849.7608971049 473174.346642527 480498.9323879492 487823.5181333714 495148.1038787937 502472.6896242158 509797.275369638 517121.8611150602 524446.4468604823 531771.0326059045 539095.6183513267 546420.204096749 553744.789842171 561069.3755875933 568393.9613330155 575718.5470784376 583043.1328238598 590367.718569282 597692.3043147041 605016.8900601263 612341.4758055486 619666.0615509707 626990.6472963929 634315.2330418151 641639.8187872373 648964.4045326594 656288.9902780816 663613.5760235039 670938.161768926 678262.7475143482 685587.3332597704 692911.9190051926 700236.5047506148 707561.0904960369 714885.6762414591 722210.2619868813 729534.8477323034 736859.4334777256 744184.0192231479 751508.6049685701 758833.1907139921 766157.7764594144 773482.3622048366 780806.9479502589 788131.533695681 795456.1194411031 802780.7051865254 810105.2909319475 817429.8766773697 824754.4624227919 832079.048168214 839403.6339136362 846728.2196590584 854052.8054044807 861377.3911499027 868701.9768953249 876026.5626407472 883351.1483861695 890675.7341315916 898000.3198770137 905324.905622436 912649.4913678581 919974.0771132803 927298.6628587025 934623.2486041246 941947.8343495468 949272.420094969 956597.0058403912 963921.5915858133


# name: QUERY
# type: sq_string
# elements: 1
# length: 2
R3


# name: DATASIZE
# type: sq_string
# elements: 1
# length: 3
500


