# Created by Octave 3.8.2, Wed May 18 17:57:25 2016 CEST <Andrea@Andreas-MacBook-Pro.local>
# name: x
# type: matrix
# rows: 1
# columns: 100
 0.008333333333333333 0.008417508417508417 0.008501683501683501 0.008585858585858586 0.00867003367003367 0.008754208754208754 0.008838383838383838 0.008922558922558922 0.009006734006734006 0.00909090909090909 0.009175084175084175 0.009259259259259259 0.009343434343434343 0.009427609427609427 0.009511784511784511 0.009595959595959595 0.009680134680134679 0.009764309764309764 0.009848484848484848 0.009932659932659932 0.01001683501683502 0.0101010101010101 0.01018518518518518 0.01026936026936027 0.01035353535353535 0.01043771043771044 0.01052188552188552 0.0106060606060606 0.01069023569023569 0.01077441077441077 0.01085858585858586 0.01094276094276094 0.01102693602693603 0.01111111111111111 0.0111952861952862 0.01127946127946128 0.01136363636363636 0.01144781144781145 0.01153198653198653 0.01161616161616162 0.0117003367003367 0.01178451178451178 0.01186868686868687 0.01195286195286195 0.01203703703703704 0.01212121212121212 0.01220538720538721 0.01228956228956229 0.01237373737373737 0.01245791245791246 0.01254208754208754 0.01262626262626263 0.01271043771043771 0.01279461279461279 0.01287878787878788 0.01296296296296296 0.01304713804713805 0.01313131313131313 0.01321548821548822 0.0132996632996633 0.01338383838383838 0.01346801346801347 0.01355218855218855 0.01363636363636364 0.01372053872053872 0.0138047138047138 0.01388888888888889 0.01397306397306397 0.01405723905723906 0.01414141414141414 0.01422558922558922 0.01430976430976431 0.01439393939393939 0.01447811447811448 0.01456228956228956 0.01464646464646465 0.01473063973063973 0.01481481481481482 0.0148989898989899 0.01498316498316498 0.01506734006734007 0.01515151515151515 0.01523569023569024 0.01531986531986532 0.0154040404040404 0.01548821548821549 0.01557239057239057 0.01565656565656566 0.01574074074074074 0.01582491582491583 0.01590909090909091 0.01599326599326599 0.01607744107744108 0.01616161616161616 0.01624579124579124 0.01632996632996633 0.01641414141414142 0.0164983164983165 0.01658249158249158 0.01666666666666667


# name: y
# type: matrix
# rows: 1
# columns: 100
 242686.654999061 249952.0556020017 257217.4562049424 264482.8568078831 271748.2574108239 279013.6580137646 286279.0586167052 293544.459219646 300809.8598225868 308075.2604255275 315340.6610284682 322606.0616314089 329871.4622343496 337136.8628372904 344402.2634402311 351667.6640431718 358933.0646461125 366198.4652490533 373463.865851994 380729.2664549347 387994.6670578754 395260.0676608161 402525.4682637569 409790.8688666976 417056.2694696384 424321.6700725791 431587.0706755198 438852.4712784605 446117.8718814012 453383.272484342 460648.6730872827 467914.0736902234 475179.4742931641 482444.8748961049 489710.2754990456 496975.6761019863 504241.076704927 511506.4773078677 518771.8779108084 526037.2785137492 533302.6791166899 540568.0797196307 547833.4803225714 555098.8809255121 562364.2815284529 569629.6821313936 576895.0827343343 584160.483337275 591425.8839402157 598691.2845431564 605956.6851460971 613222.0857490379 620487.4863519786 627752.8869549193 635018.2875578601 642283.6881608007 649549.0887637415 656814.4893666822 664079.8899696229 671345.2905725637 678610.6911755044 685876.0917784452 693141.4923813859 700406.8929843266 707672.2935872673 714937.694190208 722203.0947931488 729468.4953960895 736733.8959990302 743999.2966019709 751264.6972049116 758530.0978078523 765795.4984107931 773060.8990137338 780326.2996166745 787591.7002196152 794857.1008225559 802122.5014254968 809387.9020284375 816653.3026313782 823918.7032343189 831184.1038372596 838449.5044402004 845714.9050431411 852980.3056460818 860245.7062490225 867511.1068519632 874776.507454904 882041.9080578447 889307.3086607854 896572.7092637261 903838.1098666668 911103.5104696077 918368.9110725482 925634.3116754889 932899.7122784298 940165.1128813706 947430.5134843113 954695.914087252 961961.3146901927


# name: QUERY
# type: sq_string
# elements: 1
# length: 2
R3


# name: DATASIZE
# type: sq_string
# elements: 1
# length: 3
500


