# Created by Octave 4.0.0, Mon May 23 13:37:07 2016 CEST <peter@Independence>
# name: SVs
# type: cell
# rows: 1
# columns: 7
# name: <cell-element>
# type: sparse matrix
# nnz: 7
# rows: 7
# columns: 1
1 1 0.1969398410249341
2 1 1.666414039441714
3 1 0.1969398410249341
4 1 -1.272534357391846
5 1 -1.272534357391846
6 1 0.1969398410249341
7 1 1.666414039441714



# name: <cell-element>
# type: sparse matrix
# nnz: 25
# rows: 25
# columns: 1
1 1 0.1969398410249341
2 1 1.666414039441714
3 1 1.666414039441714
4 1 0.1969398410249341
5 1 -1.272534357391846
6 1 -1.272534357391846
7 1 -1.272534357391846
8 1 1.666414039441714
9 1 1.666414039441714
10 1 1.666414039441714
11 1 -1.272534357391846
12 1 0.1969398410249341
13 1 -1.272534357391846
14 1 -1.272534357391846
15 1 1.666414039441714
16 1 1.666414039441714
17 1 -1.272534357391846
18 1 1.666414039441714
19 1 -1.272534357391846
20 1 -1.272534357391846
21 1 -1.272534357391846
22 1 -1.272534357391846
23 1 -1.272534357391846
24 1 1.666414039441714
25 1 1.666414039441714



# name: <cell-element>
# type: sparse matrix
# nnz: 24
# rows: 24
# columns: 1
1 1 -0.6847446780251341
2 1 0.1969398410249341
3 1 0.1969398410249341
4 1 0.1969398410249341
5 1 -0.6847446780251341
6 1 -1.272534357391846
7 1 -0.6847446780251341
8 1 0.1969398410249341
9 1 -1.272534357391846
10 1 0.1969398410249341
11 1 -0.6847446780251341
12 1 -1.272534357391846
13 1 0.1969398410249341
14 1 -0.6847446780251341
15 1 -0.6847446780251341
16 1 -1.272534357391846
17 1 -1.272534357391846
18 1 0.1969398410249341
19 1 -0.6847446780251341
20 1 0.1969398410249341
21 1 -1.272534357391846
22 1 -0.6847446780251341
23 1 -0.6847446780251341
24 1 1.666414039441714



# name: <cell-element>
# type: sparse matrix
# nnz: 27
# rows: 27
# columns: 1
1 1 0.1969398410249341
2 1 1.666414039441714
3 1 0.1969398410249341
4 1 0.1969398410249341
5 1 -1.272534357391846
6 1 -1.272534357391846
7 1 -1.272534357391846
8 1 1.666414039441714
9 1 1.666414039441714
10 1 -1.272534357391846
11 1 0.1969398410249341
12 1 -1.272534357391846
13 1 -1.272534357391846
14 1 0.1969398410249341
15 1 -1.272534357391846
16 1 0.1969398410249341
17 1 1.666414039441714
18 1 -1.272534357391846
19 1 -1.272534357391846
20 1 -1.272534357391846
21 1 -1.272534357391846
22 1 0.1969398410249341
23 1 0.1969398410249341
24 1 0.1969398410249341
25 1 -1.272534357391846
26 1 -0.6847446780251341
27 1 1.666414039441714



# name: <cell-element>
# type: sparse matrix
# nnz: 27
# rows: 27
# columns: 1
1 1 0.1969398410249341
2 1 1.666414039441714
3 1 0.1969398410249341
4 1 0.1969398410249341
5 1 -1.272534357391846
6 1 0.1969398410249341
7 1 -1.272534357391846
8 1 -1.272534357391846
9 1 -1.272534357391846
10 1 0.1969398410249341
11 1 -1.272534357391846
12 1 -1.272534357391846
13 1 0.1969398410249341
14 1 -1.272534357391846
15 1 0.1969398410249341
16 1 1.666414039441714
17 1 -1.272534357391846
18 1 -1.272534357391846
19 1 -1.272534357391846
20 1 -1.272534357391846
21 1 0.1969398410249341
22 1 0.1969398410249341
23 1 0.1969398410249341
24 1 -1.272534357391846
25 1 0.1969398410249341
26 1 -0.6847446780251341
27 1 1.666414039441714



# name: <cell-element>
# type: sparse matrix
# nnz: 24
# rows: 24
# columns: 1
1 1 0.1969398410249341
2 1 1.666414039441714
3 1 0.1969398410249341
4 1 -1.272534357391846
5 1 -1.272534357391846
6 1 -0.6847446780251341
7 1 1.666414039441714
8 1 1.666414039441714
9 1 -0.6847446780251341
10 1 0.1969398410249341
11 1 -1.272534357391846
12 1 -0.6847446780251341
13 1 -0.6847446780251341
14 1 -1.272534357391846
15 1 -0.6847446780251341
16 1 1.666414039441714
17 1 0.1969398410249341
18 1 -1.272534357391846
19 1 -1.272534357391846
20 1 -1.272534357391846
21 1 -0.6847446780251341
22 1 -1.272534357391846
23 1 -0.6847446780251341
24 1 1.666414039441714



# name: <cell-element>
# type: scalar
0





# name: coefficients
# type: cell
# rows: 1
# columns: 7
# name: <cell-element>
# type: matrix
# rows: 7
# columns: 1
 -3.7105
 2.170272927883382
 -3.7105
 3.7105
 1.540227072116618
 -3.7105
 3.7105



# name: <cell-element>
# type: matrix
# rows: 25
# columns: 1
 0.1
 0.1
 0.1
 0.05364083733254747
 -0.1
 -0.1
 -0.1
 0.1
 0.1
 0.1
 -0.1
 0.1
 -0.1
 -0.1
 0.04635916266745253
 0.1
 -0.1
 0.1
 -0.1
 -0.1
 -0.1
 -0.1
 -0.1
 0.1
 0.1



# name: <cell-element>
# type: matrix
# rows: 24
# columns: 1
 -5
 5
 -5
 5
 -5
 5
 -5
 5
 5
 5
 -5
 5
 5
 -5
 -5
 -5
 5
 5
 -1.610572276377915
 5
 -5
 -5
 -5
 1.610572276377915



# name: <cell-element>
# type: matrix
# rows: 27
# columns: 1
 0.1
 0.1
 0.1
 0.1
 -0.1
 -0.1
 -0.1
 0.04426569363039898
 0.1
 -0.1
 0.1
 -0.1
 -0.1
 0.1
 -0.1
 0.1
 0.1
 -0.1
 -0.1
 -0.1
 -0.1
 0.1
 0.1
 0.05573430636960103
 -0.1
 -0.1
 0.1



# name: <cell-element>
# type: matrix
# rows: 27
# columns: 1
 5
 5
 5
 5
 -5
 5
 -5
 -5
 -5
 5
 -5
 -5
 5
 -5
 5
 1.926246095045086
 -5
 -5
 -5
 -5
 5
 5
 5
 -5
 3.073753904954909
 -5
 5



# name: <cell-element>
# type: matrix
# rows: 24
# columns: 1
 -0.35789
 0.35789
 -0.35789
 -0.35789
 0.35789
 -0.3151243765649385
 0.1475903364662248
 0.35789
 0.35789
 0.35789
 -0.35789
 0.35789
 0.35789
 0.35789
 -0.35789
 0.35789
 -0.1903559599012863
 -0.35789
 -0.35789
 -0.35789
 0.35789
 -0.35789
 -0.35789
 0.35789



# name: <cell-element>
# type: scalar
0





# name: b
# type: cell
# rows: 1
# columns: 7
# name: <cell-element>
# type: scalar
0.02639091160710605



# name: <cell-element>
# type: scalar
-0.6981481802414792



# name: <cell-element>
# type: scalar
-0.1823683718448457



# name: <cell-element>
# type: scalar
-0.4490291321228191



# name: <cell-element>
# type: scalar
-0.4585599286175324



# name: <cell-element>
# type: scalar
0.2842231717840933



# name: <cell-element>
# type: scalar
0





# name: models
# type: cell
# rows: 1
# columns: 7
# name: <cell-element>
# type: scalar struct
# ndims: 2
 1 1
# length: 11
# name: Parameters
# type: matrix
# rows: 5
# columns: 1
 3
 0
 3
 1
 0


# name: nr_class
# type: scalar
2


# name: totalSV
# type: scalar
7


# name: rho
# type: scalar
-0.02639091160710605


# name: Label
# type: matrix
# rows: 0
# columns: 0


# name: sv_indices
# type: matrix
# rows: 7
# columns: 1
 5
 6
 7
 16
 35
 40
 58


# name: ProbA
# type: matrix
# rows: 0
# columns: 0


# name: ProbB
# type: matrix
# rows: 0
# columns: 0


# name: nSV
# type: matrix
# rows: 0
# columns: 0


# name: sv_coef
# type: matrix
# rows: 7
# columns: 1
 -3.7105
 2.170272927883382
 -3.7105
 3.7105
 1.540227072116618
 -3.7105
 3.7105


# name: SVs
# type: sparse matrix
# nnz: 7
# rows: 7
# columns: 1
1 1 0.1969398410249341
2 1 1.666414039441714
3 1 0.1969398410249341
4 1 -1.272534357391846
5 1 -1.272534357391846
6 1 0.1969398410249341
7 1 1.666414039441714





# name: <cell-element>
# type: scalar struct
# ndims: 2
 1 1
# length: 11
# name: Parameters
# type: matrix
# rows: 5
# columns: 1
 3
 1
 2
 1
 0


# name: nr_class
# type: scalar
2


# name: totalSV
# type: scalar
25


# name: rho
# type: scalar
0.6981481802414792


# name: Label
# type: matrix
# rows: 0
# columns: 0


# name: sv_indices
# type: matrix
# rows: 25
# columns: 1
 3
 4
 6
 9
 14
 16
 17
 21
 22
 23
 25
 26
 27
 28
 31
 32
 35
 39
 41
 42
 43
 44
 51
 53
 58


# name: ProbA
# type: matrix
# rows: 0
# columns: 0


# name: ProbB
# type: matrix
# rows: 0
# columns: 0


# name: nSV
# type: matrix
# rows: 0
# columns: 0


# name: sv_coef
# type: matrix
# rows: 25
# columns: 1
 0.1
 0.1
 0.1
 0.05364083733254747
 -0.1
 -0.1
 -0.1
 0.1
 0.1
 0.1
 -0.1
 0.1
 -0.1
 -0.1
 0.04635916266745253
 0.1
 -0.1
 0.1
 -0.1
 -0.1
 -0.1
 -0.1
 -0.1
 0.1
 0.1


