# Created by Octave 3.8.2, Wed May 18 17:57:25 2016 CEST <Andrea@Andreas-MacBook-Pro.local>
# name: SVs
# type: cell
# rows: 1
# columns: 7
# name: <cell-element>
# type: sparse matrix
# nnz: 10
# rows: 10
# columns: 1
1 1 1.646937578078661
2 1 -1.294022382776083
3 1 0.1764575976512891
4 1 1.646937578078661
5 1 0.1764575976512891
6 1 0.1764575976512891
7 1 0.1764575976512891
8 1 1.646937578078661
9 1 0.1764575976512891
10 1 -1.294022382776083



# name: <cell-element>
# type: sparse matrix
# nnz: 2
# rows: 2
# columns: 1
1 1 -1.294022382776083
2 1 1.646937578078661



# name: <cell-element>
# type: sparse matrix
# nnz: 23
# rows: 23
# columns: 1
1 1 -1.294022382776083
2 1 -1.294022382776083
3 1 1.646937578078661
4 1 -0.7058303906051343
5 1 1.646937578078661
6 1 -1.294022382776083
7 1 -0.7058303906051343
8 1 -0.7058303906051343
9 1 0.1764575976512891
10 1 1.646937578078661
11 1 0.1764575976512891
12 1 1.646937578078661
13 1 -0.7058303906051343
14 1 0.1764575976512891
15 1 0.1764575976512891
16 1 -0.7058303906051343
17 1 -0.7058303906051343
18 1 -1.294022382776083
19 1 -1.294022382776083
20 1 0.1764575976512891
21 1 -1.294022382776083
22 1 -0.7058303906051343
23 1 -0.7058303906051343



# name: <cell-element>
# type: sparse matrix
# nnz: 25
# rows: 25
# columns: 1
1 1 -1.294022382776083
2 1 -1.294022382776083
3 1 1.646937578078661
4 1 1.646937578078661
5 1 0.1764575976512891
6 1 -1.294022382776083
7 1 0.1764575976512891
8 1 1.646937578078661
9 1 -1.294022382776083
10 1 0.1764575976512891
11 1 1.646937578078661
12 1 -1.294022382776083
13 1 -1.294022382776083
14 1 1.646937578078661
15 1 -1.294022382776083
16 1 0.1764575976512891
17 1 0.1764575976512891
18 1 -1.294022382776083
19 1 0.1764575976512891
20 1 -1.294022382776083
21 1 -1.294022382776083
22 1 -1.294022382776083
23 1 0.1764575976512891
24 1 -1.294022382776083
25 1 0.1764575976512891



# name: <cell-element>
# type: sparse matrix
# nnz: 25
# rows: 25
# columns: 1
1 1 -1.294022382776083
2 1 -1.294022382776083
3 1 0.1764575976512891
4 1 -1.294022382776083
5 1 0.1764575976512891
6 1 0.1764575976512891
7 1 1.646937578078661
8 1 -1.294022382776083
9 1 0.1764575976512891
10 1 0.1764575976512891
11 1 1.646937578078661
12 1 -1.294022382776083
13 1 -1.294022382776083
14 1 1.646937578078661
15 1 -1.294022382776083
16 1 0.1764575976512891
17 1 0.1764575976512891
18 1 -1.294022382776083
19 1 0.1764575976512891
20 1 -1.294022382776083
21 1 -1.294022382776083
22 1 -1.294022382776083
23 1 0.1764575976512891
24 1 -1.294022382776083
25 1 0.1764575976512891



# name: <cell-element>
# type: sparse matrix
# nnz: 21
# rows: 21
# columns: 1
1 1 -1.294022382776083
2 1 -0.7058303906051343
3 1 1.646937578078661
4 1 -1.294022382776083
5 1 -0.7058303906051343
6 1 0.1764575976512891
7 1 1.646937578078661
8 1 -1.294022382776083
9 1 -1.294022382776083
10 1 0.1764575976512891
11 1 1.646937578078661
12 1 -1.294022382776083
13 1 0.1764575976512891
14 1 0.1764575976512891
15 1 -0.7058303906051343
16 1 -0.7058303906051343
17 1 -0.7058303906051343
18 1 -1.294022382776083
19 1 -1.294022382776083
20 1 0.1764575976512891
21 1 -0.7058303906051343



# name: <cell-element>
# type: scalar
0





# name: coefficients
# type: cell
# rows: 1
# columns: 7
# name: <cell-element>
# type: matrix
# rows: 10
# columns: 1
 2.9368
 2.9368
 -2.9368
 2.9368
 -2.9368
 -0.632602864414693
 -2.9368
 0.6326028644146956
 -2.9368
 2.9368



# name: <cell-element>
# type: matrix
# rows: 2
# columns: 1
 -0.3390301107724779
 0.3390301107724779



# name: <cell-element>
# type: matrix
# rows: 23
# columns: 1
 0.1
 0.1
 0.02694038160125462
 -0.1
 0.1
 0.1
 -0.1
 -0.1
 -0.1
 0.1
 -0.1
 0.1
 -0.1
 0.1
 -0.1
 -0.1
 -0.1
 0.1
 0.1
 0.07305961839874539
 0.1
 -0.1
 -0.1



# name: <cell-element>
# type: matrix
# rows: 25
# columns: 1
 -1.3895
 -1.3895
 1.3895
 0.8322655745724514
 0.5572344254275479
 -1.3895
 1.3895
 1.3895
 -1.3895
 1.3895
 1.3895
 -1.3895
 -1.3895
 1.3895
 -1.3895
 1.3895
 1.3895
 -1.3895
 1.3895
 -1.3895
 -1.3895
 -1.3895
 1.3895
 -1.3895
 1.3895



# name: <cell-element>
# type: matrix
# rows: 25
# columns: 1
 -5
 -5
 5
 -5
 0.8790543892995049
 5
 5
 -5
 5
 4.999055916484156
 5
 -5
 -5
 4.121889694216337
 -5
 5
 5
 -5
 5
 -5
 -5
 -5
 5
 -5
 5



# name: <cell-element>
# type: matrix
# rows: 21
# columns: 1
 -0.6157899999999999
 -0.6157899999999999
 0.6157899999999999
 0.6157899999999999
 -0.6157899999999999
 -0.6157899999999999
 0.6157899999999999
 -0.3046086321218381
 -0.6157899999999999
 -0.6157899999999999
 0.4088532136831546
 -0.6157899999999999
 0.6157899999999999
 -0.6157899999999999
 0.6157899999999999
 0.6157899999999999
 -0.02053494388288684
 -0.6157899999999999
 0.6157899999999999
 0.5320803623215703
 0.6157899999999999



# name: <cell-element>
# type: scalar
0





# name: b
# type: cell
# rows: 1
# columns: 7
# name: <cell-element>
# type: scalar
0.004476633841316342



# name: <cell-element>
# type: scalar
-0.4149025665289768



# name: <cell-element>
# type: scalar
-0.1835269453693027



# name: <cell-element>
# type: scalar
-0.732547616441468



# name: <cell-element>
# type: scalar
-0.4806562239013601



# name: <cell-element>
# type: scalar
0.2327736709981967



# name: <cell-element>
# type: scalar
0





# name: models
# type: cell
# rows: 1
# columns: 7
# name: <cell-element>
# type: scalar struct
# ndims: 2
 1 1
# length: 11
# name: Parameters
# type: matrix
# rows: 5
# columns: 1
 3
 0
 3
 1
 0


# name: nr_class
# type: scalar
2


# name: totalSV
# type: scalar
10


# name: rho
# type: scalar
-0.004476633841316342


# name: Label
# type: matrix
# rows: 0
# columns: 0


# name: sv_indices
# type: matrix
# rows: 10
# columns: 1
 12
 13
 17
 20
 23
 24
 25
 27
 33
 49


# name: ProbA
# type: matrix
# rows: 0
# columns: 0


# name: ProbB
# type: matrix
# rows: 0
# columns: 0


# name: nSV
# type: matrix
# rows: 0
# columns: 0


# name: sv_coef
# type: matrix
# rows: 10
# columns: 1
 2.9368
 2.9368
 -2.9368
 2.9368
 -2.9368
 -0.632602864414693
 -2.9368
 0.6326028644146956
 -2.9368
 2.9368


# name: SVs
# type: sparse matrix
# nnz: 10
# rows: 10
# columns: 1
1 1 1.646937578078661
2 1 -1.294022382776083
3 1 0.1764575976512891
4 1 1.646937578078661
5 1 0.1764575976512891
6 1 0.1764575976512891
7 1 0.1764575976512891
8 1 1.646937578078661
9 1 0.1764575976512891
10 1 -1.294022382776083





# name: <cell-element>
# type: scalar struct
# ndims: 2
 1 1
# length: 11
# name: Parameters
# type: matrix
# rows: 5
# columns: 1
 3
 1
 2
 1
 0


# name: nr_class
# type: scalar
2


# name: totalSV
# type: scalar
2


# name: rho
# type: scalar
0.4149025665289768


# name: Label
# type: matrix
# rows: 0
# columns: 0


# name: sv_indices
# type: matrix
# rows: 2
# columns: 1
 8
 12


# name: ProbA
# type: matrix
# rows: 0
# columns: 0


# name: ProbB
# type: matrix
# rows: 0
# columns: 0


# name: nSV
# type: matrix
# rows: 0
# columns: 0


# name: sv_coef
# type: matrix
# rows: 2
# columns: 1
 -0.3390301107724779
 0.3390301107724779


# name: SVs
# type: sparse matrix
# nnz: 2
# rows: 2
# columns: 1
1 1 -1.294022382776083
2 1 1.646937578078661





# name: <cell-element>
# type: scalar struct
# ndims: 2
 1 1
# length: 11
# name: Parameters
# type: matrix
# rows: 5
# columns: 1
 3
 1
 3
 1
 0


# name: nr_class
# type: scalar
2


# name: totalSV
# type: scalar
23


# name: rho
# type: scalar
0.1835269453693027


# name: Label
# type: matrix
# rows: 0
# columns: 0


# name: sv_indices
# type: matrix
# rows: 23
# columns: 1
 1
 2
 4
 9
 12
 13
 14
 16
 17
 20
 23
 27
 28
 32
 33
 34
 39
 40
 49
 50
 51
 53
 56


# name: ProbA
# type: matrix
# rows: 0
# columns: 0


# name: ProbB
# type: matrix
# rows: 0
# columns: 0


# name: nSV
# type: matrix
# rows: 0
# columns: 0


# name: sv_coef
# type: matrix
# rows: 23
# columns: 1
 0.1
 0.1
 0.02694038160125462
 -0.1
 0.1
 0.1
 -0.1
 -0.1
 -0.1
 0.1
 -0.1
 0.1
 -0.1
 0.1
 -0.1
 -0.1
 -0.1
 0.1
 0.1
 0.07305961839874539
 0.1
 -0.1
 -0.1


