# Created by Octave 3.8.2, Wed May 18 17:57:14 2016 CEST <Andrea@Andreas-MacBook-Pro.local>
# name: mu
# type: matrix
# rows: 1
# columns: 2
 559167.5052631579 0.01199999999999999


# name: sigma
# type: matrix
# rows: 1
# columns: 2
 252164.4285988669 0.002833541919731332


