# Created by Octave 4.0.0, Mon May 23 13:37:01 2016 CEST <peter@Independence>
# name: mu
# type: matrix
# rows: 1
# columns: 2
 552763.1443298969 0.01194158075601373


# name: sigma
# type: matrix
# rows: 1
# columns: 2
 253477.29321344 0.002835481338260894


