# Created by Octave 3.8.2, Wed May 18 17:57:25 2016 CEST <Andrea@Andreas-MacBook-Pro.local>
# name: x
# type: matrix
# rows: 1
# columns: 100
 0.008333333333333333 0.008417508417508417 0.008501683501683501 0.008585858585858586 0.00867003367003367 0.008754208754208754 0.008838383838383838 0.008922558922558922 0.009006734006734006 0.00909090909090909 0.009175084175084175 0.009259259259259259 0.009343434343434343 0.009427609427609427 0.009511784511784511 0.009595959595959595 0.009680134680134679 0.009764309764309764 0.009848484848484848 0.009932659932659932 0.01001683501683502 0.0101010101010101 0.01018518518518518 0.01026936026936027 0.01035353535353535 0.01043771043771044 0.01052188552188552 0.0106060606060606 0.01069023569023569 0.01077441077441077 0.01085858585858586 0.01094276094276094 0.01102693602693603 0.01111111111111111 0.0111952861952862 0.01127946127946128 0.01136363636363636 0.01144781144781145 0.01153198653198653 0.01161616161616162 0.0117003367003367 0.01178451178451178 0.01186868686868687 0.01195286195286195 0.01203703703703704 0.01212121212121212 0.01220538720538721 0.01228956228956229 0.01237373737373737 0.01245791245791246 0.01254208754208754 0.01262626262626263 0.01271043771043771 0.01279461279461279 0.01287878787878788 0.01296296296296296 0.01304713804713805 0.01313131313131313 0.01321548821548822 0.0132996632996633 0.01338383838383838 0.01346801346801347 0.01355218855218855 0.01363636363636364 0.01372053872053872 0.0138047138047138 0.01388888888888889 0.01397306397306397 0.01405723905723906 0.01414141414141414 0.01422558922558922 0.01430976430976431 0.01439393939393939 0.01447811447811448 0.01456228956228956 0.01464646464646465 0.01473063973063973 0.01481481481481482 0.0148989898989899 0.01498316498316498 0.01506734006734007 0.01515151515151515 0.01523569023569024 0.01531986531986532 0.0154040404040404 0.01548821548821549 0.01557239057239057 0.01565656565656566 0.01574074074074074 0.01582491582491583 0.01590909090909091 0.01599326599326599 0.01607744107744108 0.01616161616161616 0.01624579124579124 0.01632996632996633 0.01641414141414142 0.0164983164983165 0.01658249158249158 0.01666666666666667


# name: y
# type: matrix
# rows: 100
# columns: 1
 271920.7095892481
 288138.2233325025
 303611.265158338
 318357.3273580482
 332393.9022229256
 345738.4820442627
 358408.5591133521
 370421.6257214872
 381795.1741599598
 392546.6967200634
 402693.6856930903
 412253.6333703334
 421244.0320430855
 429682.374002639
 437586.1515402868
 444972.8569473217
 451859.9825150365
 458265.0205347238
 464205.4632976762
 469698.8030951867
 474762.5322185478
 479414.1429590522
 483671.1276079929
 487550.9784566624
 491071.1877963534
 494249.2479183588
 497102.6511139712
 499648.8896744833
 501905.455891188
 503889.8420553778
 505619.5404583456
 507112.043391384
 508384.8431457857
 509455.4320128436
 510341.3022838503
 511059.9462500986
 511628.8562028811
 512065.5244334907
 512387.44323322
 512612.1048933617
 512757.0017052086
 512839.6259600534
 512877.4699491888
 512888.0259639076
 512888.7862955024
 512897.2432352661
 512930.8890744913
 513007.2161044707
 513143.7166164971
 513357.8829018633
 513667.2072518618
 514089.1819577855
 514641.299310927
 515341.0516025792
 516205.9311240347
 517253.4301665862
 518501.0410215266
 519966.2559801484
 521666.5673337444
 523619.4673736074
 525842.4483910301
 528353.0026773051
 531168.6225237254
 534306.8002215835
 537785.028062172
 541620.7983367839
 545831.6033367119
 550434.9353532486
 555448.2866776867
 560889.1496013191
 566775.0164154384
 573123.3794113374
 579951.7308803087
 587277.5631136451
 595118.3684026393
 603491.6390385842
 612414.8673127722
 621905.5455164964
 631981.1659410491
 642659.2208777233
 653957.2026178116
 665892.6034526068
 678482.9156734021
 691745.6315714892
 705698.2434381617
 720358.2435647114
 735743.1242424322
 751870.3777626166
 768757.496416556
 786421.9724955447
 804881.2982908748
 824152.9660938391
 844254.4681957299
 865203.2968878413
 887016.9444614635
 909712.9032078909
 933308.6654184174
 957821.7233843337
 983269.5693969333
 1009669.695747508


# name: QUERY
# type: sq_string
# elements: 1
# length: 2
R3


# name: DATASIZE
# type: sq_string
# elements: 1
# length: 3
500


