# Created by Octave 3.8.2, Wed May 18 17:57:25 2016 CEST <Andrea@Andreas-MacBook-Pro.local>
# name: x
# type: matrix
# rows: 1
# columns: 100
 0.008333333333333333 0.008417508417508417 0.008501683501683501 0.008585858585858586 0.00867003367003367 0.008754208754208754 0.008838383838383838 0.008922558922558922 0.009006734006734006 0.00909090909090909 0.009175084175084175 0.009259259259259259 0.009343434343434343 0.009427609427609427 0.009511784511784511 0.009595959595959595 0.009680134680134679 0.009764309764309764 0.009848484848484848 0.009932659932659932 0.01001683501683502 0.0101010101010101 0.01018518518518518 0.01026936026936027 0.01035353535353535 0.01043771043771044 0.01052188552188552 0.0106060606060606 0.01069023569023569 0.01077441077441077 0.01085858585858586 0.01094276094276094 0.01102693602693603 0.01111111111111111 0.0111952861952862 0.01127946127946128 0.01136363636363636 0.01144781144781145 0.01153198653198653 0.01161616161616162 0.0117003367003367 0.01178451178451178 0.01186868686868687 0.01195286195286195 0.01203703703703704 0.01212121212121212 0.01220538720538721 0.01228956228956229 0.01237373737373737 0.01245791245791246 0.01254208754208754 0.01262626262626263 0.01271043771043771 0.01279461279461279 0.01287878787878788 0.01296296296296296 0.01304713804713805 0.01313131313131313 0.01321548821548822 0.0132996632996633 0.01338383838383838 0.01346801346801347 0.01355218855218855 0.01363636363636364 0.01372053872053872 0.0138047138047138 0.01388888888888889 0.01397306397306397 0.01405723905723906 0.01414141414141414 0.01422558922558922 0.01430976430976431 0.01439393939393939 0.01447811447811448 0.01456228956228956 0.01464646464646465 0.01473063973063973 0.01481481481481482 0.0148989898989899 0.01498316498316498 0.01506734006734007 0.01515151515151515 0.01523569023569024 0.01531986531986532 0.0154040404040404 0.01548821548821549 0.01557239057239057 0.01565656565656566 0.01574074074074074 0.01582491582491583 0.01590909090909091 0.01599326599326599 0.01607744107744108 0.01616161616161616 0.01624579124579124 0.01632996632996633 0.01641414141414142 0.0164983164983165 0.01658249158249158 0.01666666666666667


# name: y
# type: matrix
# rows: 100
# columns: 1
 566247.7399374247
 549232.2750001217
 533374.8609486731
 518621.7223755445
 504920.362413619
 492219.562736135
 480469.3835566824
 469621.1636291755
 459627.5202479565
 450442.3492476548
 442020.8250033144
 434319.4004303038
 427295.806984372
 420909.0546616133
 415119.4319984876
 409888.5060718035
 405179.1224987325
 400955.4054368181
 397182.7575839487
 393827.8601783718
 390858.6729986988
 388244.4343639013
 385955.6611332994
 383964.1487065823
 382242.9710237948
 380766.4805653402
 379510.3083519792
 378451.3639448337
 377567.8354453823
 376839.1894954637
 376246.1712772752
 375770.8045133715
 375396.3914666682
 375107.5129404382
 374890.0282783137
 374731.0753642853
 374619.0706227029
 374543.7090182747
 374495.9640560678
 374468.0877815082
 374453.6107803804
 374447.342178828
 374445.369643353
 374445.0593808165
 374445.0561384382
 374445.2832037965
 374446.9424048286
 374452.5141098306
 374465.7572274572
 374491.709206722
 374536.6860369972
 374608.282248014
 374715.3709098622
 374868.1036329902
 375077.9105682055
 375357.5004066741
 375720.8603799212
 376183.25625983
 376761.2323586431
 377472.611528962
 378336.4951637459
 379373.2631963141
 380604.5741003443
 382053.3648898714
 383743.8511192916
 385701.5268833571
 387953.1648171858
 390526.8160962395
 393451.8104363576
 396758.7560937247
 400479.5398648847
 404647.327086754
 409296.5616365829
 414462.9659320139
 420183.5409310075
 426496.56613193
 433441.5995734641
 441059.4778346731
 449392.3160349659
 458483.507834148
 468377.7254323147
 479120.91956999
 490760.3195280134
 503344.4331276007
 516923.0467303275
 531547.2252380904
 547269.3120932388
 564142.9292783873
 582222.9773164894
 601565.6352709744
 622228.3607455811
 644269.8898843535
 667750.2373716793
 692730.6964324998
 719273.8388317882
 747443.5148752173
 777304.8534085904
 808924.261818215
 842369.4260305378
 877709.3105127199


# name: QUERY
# type: sq_string
# elements: 1
# length: 2
R3


# name: DATASIZE
# type: sq_string
# elements: 1
# length: 3
500


