# Created by Octave 3.8.2, Wed May 18 17:57:25 2016 CEST <Andrea@Andreas-MacBook-Pro.local>
# name: x
# type: matrix
# rows: 1
# columns: 100
 0.008333333333333333 0.008417508417508417 0.008501683501683501 0.008585858585858586 0.00867003367003367 0.008754208754208754 0.008838383838383838 0.008922558922558922 0.009006734006734006 0.00909090909090909 0.009175084175084175 0.009259259259259259 0.009343434343434343 0.009427609427609427 0.009511784511784511 0.009595959595959595 0.009680134680134679 0.009764309764309764 0.009848484848484848 0.009932659932659932 0.01001683501683502 0.0101010101010101 0.01018518518518518 0.01026936026936027 0.01035353535353535 0.01043771043771044 0.01052188552188552 0.0106060606060606 0.01069023569023569 0.01077441077441077 0.01085858585858586 0.01094276094276094 0.01102693602693603 0.01111111111111111 0.0111952861952862 0.01127946127946128 0.01136363636363636 0.01144781144781145 0.01153198653198653 0.01161616161616162 0.0117003367003367 0.01178451178451178 0.01186868686868687 0.01195286195286195 0.01203703703703704 0.01212121212121212 0.01220538720538721 0.01228956228956229 0.01237373737373737 0.01245791245791246 0.01254208754208754 0.01262626262626263 0.01271043771043771 0.01279461279461279 0.01287878787878788 0.01296296296296296 0.01304713804713805 0.01313131313131313 0.01321548821548822 0.0132996632996633 0.01338383838383838 0.01346801346801347 0.01355218855218855 0.01363636363636364 0.01372053872053872 0.0138047138047138 0.01388888888888889 0.01397306397306397 0.01405723905723906 0.01414141414141414 0.01422558922558922 0.01430976430976431 0.01439393939393939 0.01447811447811448 0.01456228956228956 0.01464646464646465 0.01473063973063973 0.01481481481481482 0.0148989898989899 0.01498316498316498 0.01506734006734007 0.01515151515151515 0.01523569023569024 0.01531986531986532 0.0154040404040404 0.01548821548821549 0.01557239057239057 0.01565656565656566 0.01574074074074074 0.01582491582491583 0.01590909090909091 0.01599326599326599 0.01607744107744108 0.01616161616161616 0.01624579124579124 0.01632996632996633 0.01641414141414142 0.0164983164983165 0.01658249158249158 0.01666666666666667


# name: y
# type: matrix
# rows: 100
# columns: 1
 557638.0570430048
 542071.4998067588
 528230.1585781104
 515957.5568373545
 505108.1127188218
 495546.6211326206
 487147.7484990563
 479795.5400955381
 473382.9400181074
 467811.3237526022
 462990.0433616149
 458835.9852817091
 455273.140735079
 452232.1887528468
 449650.0918115991
 447469.7040824682
 445639.3922929654
 444112.6692016017
 442847.8396850154
 441807.6594379499
 440959.0062860351
 440272.5641110936
 439722.5193892609
 439286.2703418415
 438944.148698811
 438679.1540750845
 438476.7009594588
 438324.3783163117
 438211.7217999744
 438129.9985818485
 438072.0047902138
 438031.8755627632
 438004.9077118501
 437987.3950024428
 437976.4760428002
 437969.9947878562
 437966.3736553206
 437964.4992544921
 437963.6207277862
 437963.2607049758
 437963.1388701465
 437963.1081413648
 437963.1034630605
 437963.1032111227
 437963.1032107095
 437963.1033667716
 437963.1069072891
 437963.1322392229
 437963.2374171789
 437963.5572247865
 437964.352868791
 437966.0742858586
 437969.435062097
 437975.4999652876
 437985.7850898335
 438002.3706144191
 438028.0261723858
 438066.3488348189
 438121.9137063503
 438200.4371336742
 438308.9525267755
 438455.9987928732
 438651.8213830796
 438908.5859517642
 439240.6046286496
 439664.5749035899
 440199.8311241236
 440868.6086056135
 441696.3203543189
 442711.8464029088
 443947.835758902
 445441.0209658043
 447232.5452766869
 449368.3024410661
 451899.2891036107
 454881.9698167208
 458378.6546644891
 462457.8895005645
 467194.8587980396
 472671.8011124206
 478978.4371564892
 486212.4104896451
 494479.7408177754
 503895.2899073657
 514583.2401121004
 526677.5855108042
 540322.6356615794
 555673.5319637157
 572896.7766353269
 592170.7743056938
 613686.3862155533
 637647.4970320736
 664271.5942778585
 693790.3603750308
 726450.277289103
 762513.2438088822
 802257.2054132167
 845976.7967693268
 893983.9968330358
 946608.7965737038


# name: QUERY
# type: sq_string
# elements: 1
# length: 2
R3


# name: DATASIZE
# type: sq_string
# elements: 1
# length: 3
500


