# Created by Octave 4.0.0, Mon May 23 13:37:07 2016 CEST <peter@Independence>
# name: x
# type: matrix
# rows: 1
# columns: 100
 0.008333333333333333 0.008417508417508417 0.008501683501683501 0.008585858585858586 0.00867003367003367 0.008754208754208754 0.008838383838383838 0.008922558922558922 0.009006734006734006 0.00909090909090909 0.009175084175084175 0.009259259259259259 0.009343434343434345 0.009427609427609427 0.009511784511784513 0.009595959595959595 0.009680134680134679 0.009764309764309764 0.009848484848484848 0.009932659932659932 0.01001683501683502 0.0101010101010101 0.01018518518518519 0.01026936026936027 0.01035353535353535 0.01043771043771044 0.01052188552188552 0.0106060606060606 0.01069023569023569 0.01077441077441077 0.01085858585858586 0.01094276094276094 0.01102693602693603 0.01111111111111111 0.0111952861952862 0.01127946127946128 0.01136363636363636 0.01144781144781145 0.01153198653198653 0.01161616161616162 0.0117003367003367 0.01178451178451178 0.01186868686868687 0.01195286195286195 0.01203703703703704 0.01212121212121212 0.01220538720538721 0.01228956228956229 0.01237373737373737 0.01245791245791246 0.01254208754208754 0.01262626262626263 0.01271043771043771 0.01279461279461279 0.01287878787878788 0.01296296296296296 0.01304713804713805 0.01313131313131313 0.01321548821548822 0.0132996632996633 0.01338383838383838 0.01346801346801347 0.01355218855218855 0.01363636363636364 0.01372053872053872 0.0138047138047138 0.01388888888888889 0.01397306397306397 0.01405723905723906 0.01414141414141414 0.01422558922558922 0.01430976430976431 0.01439393939393939 0.01447811447811448 0.01456228956228956 0.01464646464646465 0.01473063973063973 0.01481481481481481 0.0148989898989899 0.01498316498316498 0.01506734006734007 0.01515151515151515 0.01523569023569023 0.01531986531986532 0.0154040404040404 0.01548821548821549 0.01557239057239057 0.01565656565656566 0.01574074074074074 0.01582491582491583 0.01590909090909091 0.01599326599326599 0.01607744107744108 0.01616161616161616 0.01624579124579124 0.01632996632996633 0.01641414141414141 0.0164983164983165 0.01658249158249158 0.01666666666666667


# name: y
# type: matrix
# rows: 100
# columns: 1
 538120.1983860468
 524704.2825121684
 512798.4301630375
 502263.4914966989
 492970.1634517111
 484798.5138312703
 477637.5171788038
 471384.6024428339
 465945.2124329795
 461232.3750641035
 457166.286392096
 453673.905438949
 450688.5608080124
 448149.5690888912
 446001.8650528831
 444195.6436381632
 442686.0137246546
 441432.6636996019
 440399.5388124043
 439554.530319977
 438869.1764217998
 438318.3749851364
 437880.1080601869
 437535.1781851919
 437266.956481644
 437061.142539404
 436905.5360918532
 436789.8204810405
 436705.3579128236
 436644.9965020114
 436602.8891074978
 436574.3239573993
 436555.5670641884
 436543.7164298244
 436536.5680408817
 436532.4936536772
 436530.3303693935
 436529.2819992019
 436528.8322193813
 436528.6695164362
 436528.6239222115
 436528.615539006
 436528.6148546825
 436528.6148477766
 436528.6148826028
 436528.6163943583
 436528.6303642249
 436528.6965844682
 436528.9147135348
 436529.4871211472
 436530.7735233963
 436533.3574078323
 436538.1242485519
 436546.3515112849
 436559.8104484776
 436580.8796843741
 436612.6705900949
 436659.1644487152
 436725.3614103366
 436817.441237165
 436942.9358385706
 437110.9135961702
 437332.1754788751
 437619.4629479721
 437987.6776521733
 438454.1129126785
 439038.6969982152
 439764.2481901509
 440656.7416374543
 441745.5880018154
 443063.9238926768
 444648.9140922373
 446542.0655706282
 448789.5532907089
 451442.5578034139
 454557.6146324521
 458196.9754496532
 462428.9810398697
 467328.4460558897
 472977.0555636012
 479463.7733771656
 486885.2621835739
 495346.315458196
 504960.301169345
 515849.6172735539
 528146.1590010884
 541991.7979298302
 557538.8728505786
 574950.6924221636
 594402.0496187034
 616079.7479608395
 640183.1395416238
 666924.674844334
 696530.4643436335
 729240.8519038741
 765310.99996152
 805011.486502585
 848628.9138246207
 896466.5290943817
 948844.8566903884


# name: QUERY
# type: sq_string
# elements: 1
# length: 2
R3


# name: DATASIZE
# type: sq_string
# elements: 1
# length: 3
500


