# Created by Octave 3.8.2, Wed May 18 17:57:25 2016 CEST <Andrea@Andreas-MacBook-Pro.local>
# name: x
# type: matrix
# rows: 1
# columns: 100
 0.008333333333333333 0.008417508417508417 0.008501683501683501 0.008585858585858586 0.00867003367003367 0.008754208754208754 0.008838383838383838 0.008922558922558922 0.009006734006734006 0.00909090909090909 0.009175084175084175 0.009259259259259259 0.009343434343434343 0.009427609427609427 0.009511784511784511 0.009595959595959595 0.009680134680134679 0.009764309764309764 0.009848484848484848 0.009932659932659932 0.01001683501683502 0.0101010101010101 0.01018518518518518 0.01026936026936027 0.01035353535353535 0.01043771043771044 0.01052188552188552 0.0106060606060606 0.01069023569023569 0.01077441077441077 0.01085858585858586 0.01094276094276094 0.01102693602693603 0.01111111111111111 0.0111952861952862 0.01127946127946128 0.01136363636363636 0.01144781144781145 0.01153198653198653 0.01161616161616162 0.0117003367003367 0.01178451178451178 0.01186868686868687 0.01195286195286195 0.01203703703703704 0.01212121212121212 0.01220538720538721 0.01228956228956229 0.01237373737373737 0.01245791245791246 0.01254208754208754 0.01262626262626263 0.01271043771043771 0.01279461279461279 0.01287878787878788 0.01296296296296296 0.01304713804713805 0.01313131313131313 0.01321548821548822 0.0132996632996633 0.01338383838383838 0.01346801346801347 0.01355218855218855 0.01363636363636364 0.01372053872053872 0.0138047138047138 0.01388888888888889 0.01397306397306397 0.01405723905723906 0.01414141414141414 0.01422558922558922 0.01430976430976431 0.01439393939393939 0.01447811447811448 0.01456228956228956 0.01464646464646465 0.01473063973063973 0.01481481481481482 0.0148989898989899 0.01498316498316498 0.01506734006734007 0.01515151515151515 0.01523569023569024 0.01531986531986532 0.0154040404040404 0.01548821548821549 0.01557239057239057 0.01565656565656566 0.01574074074074074 0.01582491582491583 0.01590909090909091 0.01599326599326599 0.01607744107744108 0.01616161616161616 0.01624579124579124 0.01632996632996633 0.01641414141414142 0.0164983164983165 0.01658249158249158 0.01666666666666667


# name: y
# type: matrix
# rows: 100
# columns: 1
 603125.4745025088
 596381.84937284
 589794.8342090251
 583364.4290110642
 577090.6337789571
 570973.448512704
 565012.8732123048
 559208.9078777593
 553561.5525090679
 548070.8071062303
 542736.6716692466
 537559.1461981168
 532538.2306928409
 527673.9251534189
 522966.2295798509
 518415.1439721367
 514020.6683302764
 509782.80265427
 505701.5469441175
 501776.9011998189
 498008.8654213742
 494397.4396087833
 490942.6237620465
 487644.4178811634
 484502.8219661342
 481517.836016959
 478689.4600336376
 476017.6940161702
 473502.5379645567
 471143.991878797
 468942.0557588913
 466896.7296048394
 465008.0134166415
 463275.9071942974
 461700.4109378072
 460281.5246471709
 459019.2483223886
 457913.5819634601
 456964.5255703855
 456172.0791431648
 455536.2426817979
 455057.0161862851
 454734.3996566261
 454568.393092821
 454558.9964948698
 454706.2098627724
 455010.033196529
 455470.4664961395
 456087.5097616039
 456861.1629929221
 457791.4261900943
 458878.2993531204
 460121.7824820003
 461521.8755767342
 463078.5786373219
 464791.8916637636
 466661.8146560591
 468688.3476142085
 470871.4905382119
 473211.2434280691
 475707.6062837802
 478360.5791053452
 481170.1618927642
 484136.354646037
 487259.1573651637
 490538.5700501443
 493974.5927009789
 497567.2253176672
 501316.4679002095
 505222.3204486057
 509284.7829628557
 513503.8554429598
 517879.5378889176
 522411.8303007294
 527100.732678395
 531946.2450219146
 536948.3673312881
 542107.0996065155
 547422.4418475967
 552894.3940545318
 558522.9562273208
 564308.1283659638
 570249.9104704607
 576348.3025408114
 582603.304577016
 589014.9165790745
 595583.1385469869
 602307.9704807533
 609189.4123803735
 616227.4642458475
 623422.1260771756
 630773.3978743575
 638281.2796373933
 645945.7713662832
 653766.8730610266
 661744.584721624
 669878.9063480754
 678169.8379403808
 686617.37949854
 695221.5310225531


# name: QUERY
# type: sq_string
# elements: 1
# length: 2
R3


# name: DATASIZE
# type: sq_string
# elements: 1
# length: 3
500


