# Created by Octave 4.0.0, Mon May 23 13:37:07 2016 CEST <peter@Independence>
# name: x
# type: matrix
# rows: 1
# columns: 100
 0.008333333333333333 0.008417508417508417 0.008501683501683501 0.008585858585858586 0.00867003367003367 0.008754208754208754 0.008838383838383838 0.008922558922558922 0.009006734006734006 0.00909090909090909 0.009175084175084175 0.009259259259259259 0.009343434343434345 0.009427609427609427 0.009511784511784513 0.009595959595959595 0.009680134680134679 0.009764309764309764 0.009848484848484848 0.009932659932659932 0.01001683501683502 0.0101010101010101 0.01018518518518519 0.01026936026936027 0.01035353535353535 0.01043771043771044 0.01052188552188552 0.0106060606060606 0.01069023569023569 0.01077441077441077 0.01085858585858586 0.01094276094276094 0.01102693602693603 0.01111111111111111 0.0111952861952862 0.01127946127946128 0.01136363636363636 0.01144781144781145 0.01153198653198653 0.01161616161616162 0.0117003367003367 0.01178451178451178 0.01186868686868687 0.01195286195286195 0.01203703703703704 0.01212121212121212 0.01220538720538721 0.01228956228956229 0.01237373737373737 0.01245791245791246 0.01254208754208754 0.01262626262626263 0.01271043771043771 0.01279461279461279 0.01287878787878788 0.01296296296296296 0.01304713804713805 0.01313131313131313 0.01321548821548822 0.0132996632996633 0.01338383838383838 0.01346801346801347 0.01355218855218855 0.01363636363636364 0.01372053872053872 0.0138047138047138 0.01388888888888889 0.01397306397306397 0.01405723905723906 0.01414141414141414 0.01422558922558922 0.01430976430976431 0.01439393939393939 0.01447811447811448 0.01456228956228956 0.01464646464646465 0.01473063973063973 0.01481481481481481 0.0148989898989899 0.01498316498316498 0.01506734006734007 0.01515151515151515 0.01523569023569023 0.01531986531986532 0.0154040404040404 0.01548821548821549 0.01557239057239057 0.01565656565656566 0.01574074074074074 0.01582491582491583 0.01590909090909091 0.01599326599326599 0.01607744107744108 0.01616161616161616 0.01624579124579124 0.01632996632996633 0.01641414141414141 0.0164983164983165 0.01658249158249158 0.01666666666666667


# name: y
# type: matrix
# rows: 100
# columns: 1
 660910.2296108881
 647762.9187717839
 634925.9350166061
 622399.2783453538
 610182.9487580275
 598276.9462546268
 586681.2708351521
 575395.922499603
 564420.9012479798
 553756.2070802824
 543401.8399965109
 533357.799996665
 523624.0870807452
 514200.701248751
 505087.6425006824
 496284.9108365402
 487792.5062563232
 479610.4287600322
 471738.678347667
 464177.2550192276
 456926.1587747141
 449985.3896141261
 443354.9475374643
 437034.8325447281
 431025.0446359176
 425325.583811033
 419936.4500700742
 414857.6434130413
 410089.163839934
 405631.0113507527
 401483.185945497
 397645.6876241672
 394118.5163867632
 390901.672233285
 387995.1551637326
 385398.965178106
 383113.1022764052
 381137.5664586302
 379472.357724781
 378117.4760748576
 377072.92150886
 376338.6940267881
 375914.7936286421
 375801.2203144219
 375997.9740841275
 376505.0549377588
 377322.462875316
 378450.197896799
 379888.2600022078
 381636.6491915424
 383695.3654648027
 386064.4088219889
 388743.7792631008
 391733.4767881386
 395033.5013971021
 398643.8530899915
 402564.5318668067
 406795.5377275477
 411336.8706722144
 416188.530700807
 421350.5178133254
 426822.8320097695
 432605.4732901395
 438698.4416544352
 445101.7371026567
 451815.3596348042
 458839.3092508772
 466173.5859508762
 473818.1897348011
 481773.1206026515
 490038.3785544279
 498613.9635901299
 507499.8757097579
 516696.1149133117
 526202.6812007914
 536019.5745721965
 546146.7950275276
 556584.3425667846
 567332.2171899675
 578390.418897076
 589758.9476881104
 601437.8035630705
 613426.9865219566
 625726.4965647683
 638336.3336915057
 651256.4979021689
 664486.9891967583
 678027.8075752733
 691878.9530377137
 706040.4255840802
 720512.2252143724
 735294.3519285903
 750386.805726735
 765789.5866088049
 781502.6945747997
 797526.1296247209
 813859.8917585682
 830503.9809763411
 847458.3972780402
 864723.1406636646


# name: QUERY
# type: sq_string
# elements: 1
# length: 2
R3


# name: DATASIZE
# type: sq_string
# elements: 1
# length: 3
500


