# Created by Octave 4.0.0, Mon May 23 13:37:07 2016 CEST <peter@Independence>
# name: x
# type: matrix
# rows: 1
# columns: 100
 0.008333333333333333 0.008417508417508417 0.008501683501683501 0.008585858585858586 0.00867003367003367 0.008754208754208754 0.008838383838383838 0.008922558922558922 0.009006734006734006 0.00909090909090909 0.009175084175084175 0.009259259259259259 0.009343434343434345 0.009427609427609427 0.009511784511784513 0.009595959595959595 0.009680134680134679 0.009764309764309764 0.009848484848484848 0.009932659932659932 0.01001683501683502 0.0101010101010101 0.01018518518518519 0.01026936026936027 0.01035353535353535 0.01043771043771044 0.01052188552188552 0.0106060606060606 0.01069023569023569 0.01077441077441077 0.01085858585858586 0.01094276094276094 0.01102693602693603 0.01111111111111111 0.0111952861952862 0.01127946127946128 0.01136363636363636 0.01144781144781145 0.01153198653198653 0.01161616161616162 0.0117003367003367 0.01178451178451178 0.01186868686868687 0.01195286195286195 0.01203703703703704 0.01212121212121212 0.01220538720538721 0.01228956228956229 0.01237373737373737 0.01245791245791246 0.01254208754208754 0.01262626262626263 0.01271043771043771 0.01279461279461279 0.01287878787878788 0.01296296296296296 0.01304713804713805 0.01313131313131313 0.01321548821548822 0.0132996632996633 0.01338383838383838 0.01346801346801347 0.01355218855218855 0.01363636363636364 0.01372053872053872 0.0138047138047138 0.01388888888888889 0.01397306397306397 0.01405723905723906 0.01414141414141414 0.01422558922558922 0.01430976430976431 0.01439393939393939 0.01447811447811448 0.01456228956228956 0.01464646464646465 0.01473063973063973 0.01481481481481481 0.0148989898989899 0.01498316498316498 0.01506734006734007 0.01515151515151515 0.01523569023569023 0.01531986531986532 0.0154040404040404 0.01548821548821549 0.01557239057239057 0.01565656565656566 0.01574074074074074 0.01582491582491583 0.01590909090909091 0.01599326599326599 0.01607744107744108 0.01616161616161616 0.01624579124579124 0.01632996632996633 0.01641414141414141 0.0164983164983165 0.01658249158249158 0.01666666666666667


# name: y
# type: matrix
# rows: 100
# columns: 1
 610747.540947121
 595268.2099775526
 580859.2270215438
 567470.0754329552
 555051.4597780324
 543555.3058353988
 532934.7605960594
 523144.1922633965
 514139.1902531769
 505876.5651935436
 498314.3489250224
 491411.7945005166
 485129.3761853128
 479428.7894570747
 474272.9510058477
 469625.9987340578
 465453.2917565092
 461721.4104003879
 458398.1562052597
 455452.55192307
 452854.8415181446
 450576.4901671893
 448590.1842592906
 446869.8313959141
 445390.5603909062
 444128.7212704934
 443061.8852732821
 442168.8448502588
 441429.6136647903
 440825.4265926235
 440338.7397218851
 439953.2303530823
 439653.7969991022
 439426.5593852121
 439258.8584490594
 439139.2563406715
 439057.5364224561
 439004.7032692009
 438972.9826680737
 438955.8216186226
 438947.8883327754
 438945.0722348405
 438944.483961506
 438944.4553618405
 438944.5394972924
 438945.5106416904
 438949.3642812431
 438959.3171145396
 438979.8070525486
 439016.4932186193
 439076.2559484809
 439167.1967902427
 439298.6385043941
 439481.1250638047
 439726.4216537242
 440047.5146717821
 440458.6117279885
 440975.1416447334
 441613.7544567868
 442392.321411299
 443329.9349678002
 444446.908798201
 445764.7777867918
 447306.2980302434
 449095.4468376066
 451157.4227303123
 453518.6454421711
 456206.7559193748
 459250.6163204942
 462680.3100164807
 466527.1415906657
 470823.6368387607
 475603.5427688583
 480901.8276014288
 486754.6807693256
 493199.5129177794
 500274.9559044033
 508020.8627991892
 516478.3078845094
 525689.5866551162
 535698.2158181431
 546548.933293102
 558287.6982118862
 570961.6909187678
 584619.3129703993
 599310.1871358168
 615085.1573964321
 631996.2889460374
 650096.8681908039
 669441.4027492915
 690085.6214524317
 712086.474343536
 735502.1326783006
 760391.9889247976
 786816.656763482
 814837.9710871886
 844518.9880011328
 875923.9848229068
 909118.4600824886
 944169.1335222267


# name: QUERY
# type: sq_string
# elements: 1
# length: 2
R3


# name: DATASIZE
# type: sq_string
# elements: 1
# length: 3
500


