# Created by Octave 4.0.0, Mon May 23 13:37:07 2016 CEST <peter@Independence>
# name: x
# type: matrix
# rows: 1
# columns: 100
 0.008333333333333333 0.008417508417508417 0.008501683501683501 0.008585858585858586 0.00867003367003367 0.008754208754208754 0.008838383838383838 0.008922558922558922 0.009006734006734006 0.00909090909090909 0.009175084175084175 0.009259259259259259 0.009343434343434345 0.009427609427609427 0.009511784511784513 0.009595959595959595 0.009680134680134679 0.009764309764309764 0.009848484848484848 0.009932659932659932 0.01001683501683502 0.0101010101010101 0.01018518518518519 0.01026936026936027 0.01035353535353535 0.01043771043771044 0.01052188552188552 0.0106060606060606 0.01069023569023569 0.01077441077441077 0.01085858585858586 0.01094276094276094 0.01102693602693603 0.01111111111111111 0.0111952861952862 0.01127946127946128 0.01136363636363636 0.01144781144781145 0.01153198653198653 0.01161616161616162 0.0117003367003367 0.01178451178451178 0.01186868686868687 0.01195286195286195 0.01203703703703704 0.01212121212121212 0.01220538720538721 0.01228956228956229 0.01237373737373737 0.01245791245791246 0.01254208754208754 0.01262626262626263 0.01271043771043771 0.01279461279461279 0.01287878787878788 0.01296296296296296 0.01304713804713805 0.01313131313131313 0.01321548821548822 0.0132996632996633 0.01338383838383838 0.01346801346801347 0.01355218855218855 0.01363636363636364 0.01372053872053872 0.0138047138047138 0.01388888888888889 0.01397306397306397 0.01405723905723906 0.01414141414141414 0.01422558922558922 0.01430976430976431 0.01439393939393939 0.01447811447811448 0.01456228956228956 0.01464646464646465 0.01473063973063973 0.01481481481481481 0.0148989898989899 0.01498316498316498 0.01506734006734007 0.01515151515151515 0.01523569023569023 0.01531986531986532 0.0154040404040404 0.01548821548821549 0.01557239057239057 0.01565656565656566 0.01574074074074074 0.01582491582491583 0.01590909090909091 0.01599326599326599 0.01607744107744108 0.01616161616161616 0.01624579124579124 0.01632996632996633 0.01641414141414141 0.0164983164983165 0.01658249158249158 0.01666666666666667


# name: y
# type: matrix
# rows: 100
# columns: 1
 279377.6723821974
 294907.5508084008
 309712.985530247
 323811.2804234741
 337219.7393637933
 349955.666226936
 362036.364888623
 373479.1392245936
 384301.2931105645
 394520.130422262
 404152.955035407
 413217.0708257356
 421729.7816689663
 429708.3914408271
 437170.2040170453
 444132.5232733408
 450612.6530854468
 456627.8973290847
 462195.5598799811
 467332.9446138625
 472057.3554064535
 476386.0961334805
 480336.4706706699
 483925.782893746
 487171.3366784352
 490090.4359004633
 492700.384435556
 495018.4861594391
 497062.0449478387
 498848.3646764801
 500394.7492210891
 501718.5024573915
 502836.9282611131
 503767.3305079797
 504527.0130737168
 505133.2798340505
 505603.4346647062
 505954.78144141
 506204.6240398874
 506370.2663358643
 506469.0122050663
 506518.1655232193
 506535.030166049
 506536.9100092811
 506541.1089286414
 506564.9307998556
 506625.6794986496
 506740.658900749
 506927.1728818796
 507202.5253177672
 507584.0200841375
 508088.9610567163
 508734.6521112293
 509538.3971234021
 510517.4999689608
 511689.2645236309
 513070.9946631382
 514679.9942632085
 516533.5671995673
 518649.0173479415
 521043.6485840549
 523734.7647836345
 526739.6698224059
 530075.6675760949
 533760.0619204271
 537810.1567311283
 542243.255883924
 547076.6632545401
 552327.6827187035
 558013.6181521383
 564151.7734305703
 570759.4524297251
 577853.959025332
 585452.5970931116
 593572.670508793
 602231.4831481006
 611446.338886759
 621234.5416004977
 631613.3951650419
 642600.2034561102
 654212.2703494363
 666466.8997207443
 679381.3954457567
 692973.0614002048
 707259.2014598099
 722257.1195002964
 737984.119397396
 754457.505026832
 771694.5802643208
 789712.6489856066
 808529.0150664132
 828160.9823824358
 848625.8548094399
 869940.9362231285
 892123.5304992239
 915190.9415134687
 939160.4731415771
 964049.429259293
 989875.1137423131
 1016654.83046638


# name: QUERY
# type: sq_string
# elements: 1
# length: 2
R3


# name: DATASIZE
# type: sq_string
# elements: 1
# length: 3
500


