# Created by Octave 4.0.0, Wed May 11 16:27:36 2016 CEST <peter@Independence>
# name: y
# type: matrix
# rows: 1
# columns: 100
 24595.99605703077 24657.89339839779 24719.79073976482 24781.68808113185 24843.58542249888 24905.48276386591 24967.38010523294 25029.27744659996 25091.174787967 25153.07212933402 25214.96947070105 25276.86681206808 25338.76415343511 25400.66149480214 25462.55883616917 25524.45617753619 25586.35351890322 25648.25086027025 25710.14820163728 25772.04554300431 25833.94288437134 25895.84022573837 25957.7375671054 26019.63490847242 26081.53224983945 26143.42959120648 26205.32693257351 26267.22427394054 26329.12161530757 26391.0189566746 26452.91629804163 26514.81363940865 26576.71098077568 26638.60832214271 26700.50566350974 26762.40300487677 26824.3003462438 26886.19768761082 26948.09502897785 27009.99237034488 27071.88971171191 27133.78705307894 27195.68439444597 27257.581735813 27319.47907718003 27381.37641854705 27443.27375991408 27505.17110128111 27567.06844264814 27628.96578401517 27690.86312538219 27752.76046674922 27814.65780811626 27876.55514948328 27938.45249085031 28000.34983221734 28062.24717358437 28124.1445149514 28186.04185631842 28247.93919768545 28309.83653905248 28371.73388041951 28433.63122178654 28495.52856315357 28557.4259045206 28619.32324588763 28681.22058725465 28743.11792862168 28805.01526998871 28866.91261135574 28928.80995272277 28990.7072940898 29052.60463545682 29114.50197682386 29176.39931819088 29238.29665955791 29300.19400092494 29362.09134229197 29423.988683659 29485.88602502603 29547.78336639305 29609.68070776008 29671.57804912711 29733.47539049414 29795.37273186117 29857.2700732282 29919.16741459522 29981.06475596225 30042.96209732928 30104.85943869631 30166.75678006334 30228.65412143037 30290.5514627974 30352.44880416443 30414.34614553145 30476.24348689848 30538.14082826551 30600.03816963254 30661.93551099957 30723.8328523666


