# Created by Octave 4.0.0, Wed May 11 16:27:36 2016 CEST <peter@Independence>
# name: y
# type: matrix
# rows: 100
# columns: 1
 24817.8468288449
 24848.50500542017
 24877.87157524588
 24905.97433528331
 24932.84108249376
 24958.49961383854
 24982.97772627892
 25006.30321677622
 25028.50388229173
 25049.60751978674
 25069.64192622256
 25088.63489856048
 25106.61423376179
 25123.6077287878
 25139.64318059979
 25154.74838615908
 25168.95114242694
 25182.27924636469
 25194.76049493361
 25206.42268509501
 25217.29361381018
 25227.40107804042
 25236.77287474702
 25245.43680089128
 25253.4206534345
 25260.75222933797
 25267.459325563
 25273.56973907087
 25279.11126682289
 25284.11170578035
 25288.59885290455
 25292.60050515678
 25296.14445949835
 25299.25851289055
 25301.97046229467
 25304.30810467201
 25306.29923698388
 25307.97165619156
 25309.35315925635
 25310.47154313956
 25311.35460480247
 25312.03014120638
 25312.52594931259
 25312.8698260824
 25313.08956847711
 25313.212973458
 25313.26783798638
 25313.28195902354
 25313.28313353079
 25313.29915846942
 25313.35783080072
 25313.48694748599
 25313.71430548653
 25314.06770176363
 25314.5749332786
 25315.26379699272
 25316.1620898673
 25317.29760886363
 25318.69815094301
 25320.39151306673
 25322.4054921961
 25324.76788529241
 25327.50648931695
 25330.64910123103
 25334.22351799594
 25338.25753657297
 25342.77895392343
 25347.8155670086
 25353.39517278979
 25359.5455682283
 25366.29455028542
 25373.66991592244
 25381.69946210067
 25390.4109857814
 25399.83228392592
 25409.99115349554
 25420.91539145156
 25432.63279475525
 25445.17116036794
 25458.5582852509
 25472.82196636545
 25487.99000067287
 25504.09018513446
 25521.15031671152
 25539.19819236535
 25558.26160905723
 25578.36836374848
 25599.54625340039
 25621.82307497424
 25645.22662543135
 25669.784701733
 25695.52510084049
 25722.47561971513
 25750.6640553182
 25780.118204611
 25810.86586455484
 25842.934832111
 25876.35290424079
 25911.14787790549
 25947.34755006642


