# Created by Octave 4.0.0, Wed May 11 16:27:36 2016 CEST <peter@Independence>
# name: y
# type: matrix
# rows: 100
# columns: 1
 25995.64116135115
 25964.47695486563
 25933.77792956995
 25903.57253830846
 25873.88934037702
 25844.75697105857
 25816.20411048405
 25788.25945185664
 25760.95166907906
 25734.30938382541
 25708.36113210093
 25683.13533033441
 25658.66024105019
 25634.96393816735
 25612.07427197625
 25590.01883384283
 25568.82492069344
 25548.51949933324
 25529.12917065324
 25510.6801337813
 25493.19815023384
 25476.70850812565
 25461.235986496
 25446.8048198097
 25433.43866269248
 25421.16055496032
 25409.99288700259
 25399.95736557924
 25391.07498009191
 25383.3659693892
 25376.84978916579
 25371.54508001483
 25367.46963619276
 25364.64037515466
 25363.07330791819
 25362.7835103126
 25363.78509516888
 25366.09118550576
 25369.71388876507
 25374.66427214869
 25380.95233910787
 25388.58700703405
 25397.57608619855
 25407.92625998704
 25419.64306647228
 25432.73088136696
 25447.19290239623
 25463.03113512735
 25480.24638029133
 25498.83822262939
 25518.80502129429
 25540.14390183412
 25562.85074978339
 25586.9202058838
 25612.34566295392
 25639.11926442443
 25667.23190455253
 25696.67323032645
 25727.43164506747
 25759.49431373452
 25792.84716993285
 25827.47492462551
 25863.3610765431
 25900.48792428439
 25938.8365800971
 25978.38698532523
 26019.11792750614
 26061.00705909777
 26104.03091781295
 26148.16494853529
 26193.38352678791
 26239.65998372323
 26286.96663259976
 26335.27479670843
 26384.55483870875
 26434.77619133221
 26485.9073894079
 26537.91610316296
 26590.76917274772
 26644.43264393365
 26698.8718049297
 26754.05122426053
 26809.93478964852
 26866.48574783922
 26923.66674530839
 26981.43986978719
 27039.76669254059
 27098.60831133256
 27157.92539401088
 27217.67822264266
 27277.82673813139
 27338.33058524515
 27399.1491579851
 27460.24164522281
 27521.56707653483
 27583.08436816233
 27644.752369024
 27706.52990671003
 27768.37583338569
 27830.2490715329


