# Created by Octave 4.0.0, Wed May 11 16:27:36 2016 CEST <peter@Independence>
# name: y
# type: matrix
# rows: 100
# columns: 1
 25279.70047753731
 25318.96091028964
 25358.22134304198
 25397.48177579431
 25436.74220854664
 25476.00264129897
 25515.26307405131
 25554.52350680364
 25593.78393955597
 25633.0443723083
 25672.30480506063
 25711.56523781297
 25750.8256705653
 25790.08610331763
 25829.34653606996
 25868.6069688223
 25907.86740157463
 25947.12783432696
 25986.38826707929
 26025.64869983162
 26064.90913258396
 26104.16956533629
 26143.42999808862
 26182.69043084096
 26221.95086359329
 26261.21129634562
 26300.47172909795
 26339.73216185029
 26378.99259460262
 26418.25302735495
 26457.51346010728
 26496.77389285962
 26536.03432561195
 26575.29475836428
 26614.55519111661
 26653.81562386894
 26693.07605662128
 26732.33648937361
 26771.59692212594
 26810.85735487827
 26850.11778763061
 26889.37822038294
 26928.63865313527
 26967.8990858876
 27007.15951863994
 27046.41995139227
 27085.6803841446
 27124.94081689693
 27164.20124964926
 27203.4616824016
 27242.72211515393
 27281.98254790626
 27321.2429806586
 27360.50341341093
 27399.76384616326
 27439.02427891559
 27478.28471166793
 27517.54514442026
 27556.80557717259
 27596.06600992492
 27635.32644267725
 27674.58687542959
 27713.84730818192
 27753.10774093425
 27792.36817368658
 27831.62860643892
 27870.88903919125
 27910.14947194358
 27949.40990469591
 27988.67033744825
 28027.93077020058
 28067.19120295291
 28106.45163570524
 28145.71206845757
 28184.97250120991
 28224.23293396224
 28263.49336671457
 28302.7537994669
 28342.01423221924
 28381.27466497157
 28420.5350977239
 28459.79553047624
 28499.05596322857
 28538.3163959809
 28577.57682873323
 28616.83726148557
 28656.0976942379
 28695.35812699023
 28734.61855974256
 28773.87899249489
 28813.13942524723
 28852.39985799956
 28891.66029075189
 28930.92072350422
 28970.18115625656
 29009.44158900889
 29048.70202176122
 29087.96245451356
 29127.22288726589
 29166.48332001822


