# Created by Octave 3.8.2, Mon May 23 09:41:33 2016 CEST <Andrea@Andreas-MacBook-Pro.local>
# name: x
# type: matrix
# rows: 1
# columns: 100
 8 8.121212121212121 8.242424242424242 8.363636363636363 8.484848484848484 8.606060606060606 8.727272727272727 8.848484848484848 8.969696969696969 9.09090909090909 9.212121212121211 9.333333333333332 9.454545454545453 9.575757575757576 9.696969696969695 9.818181818181818 9.939393939393938 10.06060606060606 10.18181818181818 10.3030303030303 10.42424242424242 10.54545454545454 10.66666666666667 10.78787878787879 10.90909090909091 11.03030303030303 11.15151515151515 11.27272727272727 11.39393939393939 11.51515151515152 11.63636363636364 11.75757575757576 11.87878787878788 12 12.12121212121212 12.24242424242424 12.36363636363636 12.48484848484848 12.60606060606061 12.72727272727273 12.84848484848485 12.96969696969697 13.09090909090909 13.21212121212121 13.33333333333333 13.45454545454545 13.57575757575757 13.6969696969697 13.81818181818182 13.93939393939394 14.06060606060606 14.18181818181818 14.3030303030303 14.42424242424242 14.54545454545454 14.66666666666667 14.78787878787879 14.90909090909091 15.03030303030303 15.15151515151515 15.27272727272727 15.39393939393939 15.51515151515151 15.63636363636364 15.75757575757576 15.87878787878788 16 16.12121212121212 16.24242424242424 16.36363636363636 16.48484848484848 16.60606060606061 16.72727272727273 16.84848484848485 16.96969696969697 17.09090909090909 17.21212121212121 17.33333333333333 17.45454545454545 17.57575757575757 17.6969696969697 17.81818181818182 17.93939393939394 18.06060606060606 18.18181818181818 18.3030303030303 18.42424242424243 18.54545454545455 18.66666666666666 18.78787878787879 18.90909090909091 19.03030303030303 19.15151515151515 19.27272727272727 19.39393939393939 19.51515151515152 19.63636363636364 19.75757575757576 19.87878787878788 20


# name: y
# type: matrix
# rows: 100
# columns: 1
 249212.1558737994
 248966.0645502637
 248718.7598549811
 248470.2961643863
 248220.7284196593
 247970.1121064844
 247718.5032344885
 247465.9583163671
 247212.5343467132
 246958.2887805549
 246703.2795116179
 246447.5648503211
 246191.2035015187
 245934.2545420001
 245676.77739776
 245418.8318210508
 245160.4778672293
 244901.7758714118
 244642.7864249481
 244383.5703517291
 244124.1886843404
 243864.7026400749
 243605.1735968168
 243345.6630688132
 243086.2326823424
 242826.9441512967
 242567.8592526895
 242309.0398021039
 242050.5476290929
 241792.4445525484
 241534.7923560494
 241277.6527632061
 241021.0874130116
 240765.1578352163
 240509.9254257375
 240255.4514221198
 240001.7968790578
 239749.0226439967
 239497.1893328232
 239246.357305661
 238996.5866427842
 238747.9371206615
 238500.4681881462
 238254.2389428223
 238009.3081075237
 237765.7340070363
 237523.5745449967
 237282.8871810026
 237043.7289079432
 236806.1562295668
 236570.2251382936
 236335.9910932899
 236103.5089988119
 235872.8331828341
 235644.0173759717
 235417.114690709
 235192.1776009463
 234969.2579218738
 234748.4067901854
 234529.6746446419
 234313.1112069941
 234098.7654632757
 233886.685645476
 233676.9192136019
 233469.5128381377
 233264.5123829132
 233061.9628883874
 232861.9085553569
 232664.3927290965
 232469.4578839409
 232277.1456083143
 232087.4965902145
 231900.5506031605
 231716.3464926073
 231534.922162837
 231356.3145643303
 231180.559681625
 231007.6925216661
 230837.7471026532
 230670.7564433896
 230506.7525531373
 230345.7664219815
 230187.8280117102
 230032.9662472086
 229881.2090083756
 229732.5831225616
 229587.1143575311
 229444.8274149535
 229305.7459244205
 229169.8924379947
 229037.2884252886
 228907.954269074
 228781.9092614242
 228659.1716003864
 228539.7583871868
 228423.6856239639
 228310.9682120327
 228201.6199506761
 228095.6535364619
 227993.0805630849


# name: QUERY
# type: sq_string
# elements: 1
# length: 2
Q2


# name: DATASIZE
# type: sq_string
# elements: 1
# length: 2
40


