# Created by Octave 3.8.2, Mon May 23 09:41:33 2016 CEST <Andrea@Andreas-MacBook-Pro.local>
# name: x
# type: matrix
# rows: 1
# columns: 100
 8 8.121212121212121 8.242424242424242 8.363636363636363 8.484848484848484 8.606060606060606 8.727272727272727 8.848484848484848 8.969696969696969 9.09090909090909 9.212121212121211 9.333333333333332 9.454545454545453 9.575757575757576 9.696969696969695 9.818181818181818 9.939393939393938 10.06060606060606 10.18181818181818 10.3030303030303 10.42424242424242 10.54545454545454 10.66666666666667 10.78787878787879 10.90909090909091 11.03030303030303 11.15151515151515 11.27272727272727 11.39393939393939 11.51515151515152 11.63636363636364 11.75757575757576 11.87878787878788 12 12.12121212121212 12.24242424242424 12.36363636363636 12.48484848484848 12.60606060606061 12.72727272727273 12.84848484848485 12.96969696969697 13.09090909090909 13.21212121212121 13.33333333333333 13.45454545454545 13.57575757575757 13.6969696969697 13.81818181818182 13.93939393939394 14.06060606060606 14.18181818181818 14.3030303030303 14.42424242424242 14.54545454545454 14.66666666666667 14.78787878787879 14.90909090909091 15.03030303030303 15.15151515151515 15.27272727272727 15.39393939393939 15.51515151515151 15.63636363636364 15.75757575757576 15.87878787878788 16 16.12121212121212 16.24242424242424 16.36363636363636 16.48484848484848 16.60606060606061 16.72727272727273 16.84848484848485 16.96969696969697 17.09090909090909 17.21212121212121 17.33333333333333 17.45454545454545 17.57575757575757 17.6969696969697 17.81818181818182 17.93939393939394 18.06060606060606 18.18181818181818 18.3030303030303 18.42424242424243 18.54545454545455 18.66666666666666 18.78787878787879 18.90909090909091 19.03030303030303 19.15151515151515 19.27272727272727 19.39393939393939 19.51515151515152 19.63636363636364 19.75757575757576 19.87878787878788 20


# name: y
# type: matrix
# rows: 100
# columns: 1
 273423.0292256012
 272868.4720033635
 272313.914781126
 271759.3575588884
 271204.800336651
 270650.2431144134
 270095.6858921759
 269541.1286699385
 268986.571447701
 268432.0142254632
 267877.4570032257
 267322.8997809881
 266768.3425587505
 266213.785336513
 265659.2281142755
 265104.670892038
 264550.1136698004
 263995.556447563
 263440.9992253253
 262886.4420030878
 262331.8847808503
 261777.3275586126
 261222.770336375
 260668.2131141376
 260113.6558919
 259559.0986696625
 259004.5414474248
 258449.9842251873
 257895.4270029497
 257340.8697807122
 256786.3125584747
 256231.7553362371
 255677.1981139996
 255122.640891762
 254568.0836695245
 254013.526447287
 253458.9692250493
 252904.4120028118
 252349.8547805743
 251795.2975583368
 251240.7403360991
 250686.1831138616
 250131.6258916241
 249577.0686693866
 249022.511447149
 248467.9542249114
 247913.3970026739
 247358.8397804363
 246804.2825581988
 246249.7253359612
 245695.1681137237
 245140.6108914861
 244586.0536692486
 244031.496447011
 243476.9392247735
 242922.3820025359
 242367.8247802984
 241813.2675580608
 241258.7103358233
 240704.1531135857
 240149.5958913482
 239595.0386691106
 239040.4814468731
 238485.9242246356
 237931.367002398
 237376.8097801604
 236822.2525579229
 236267.6953356854
 235713.1381134478
 235158.5808912102
 234604.0236689727
 234049.4664467352
 233494.9092244977
 232940.35200226
 232385.7947800225
 231831.2375577849
 231276.6803355473
 230722.1231133098
 230167.5658910723
 229613.0086688348
 229058.4514465973
 228503.8942243596
 227949.3370021221
 227394.7797798845
 226840.222557647
 226285.6653354095
 225731.1081131719
 225176.5508909342
 224621.9936686968
 224067.4364464593
 223512.8792242218
 222958.3220019841
 222403.7647797469
 221849.2075575092
 221294.6503352714
 220740.0931130339
 220185.5358907965
 219630.9786685591
 219076.4214463213
 218521.8642240838


# name: QUERY
# type: sq_string
# elements: 1
# length: 2
Q2


# name: DATASIZE
# type: sq_string
# elements: 1
# length: 2
40


