# Created by Octave 3.8.2, Mon May 23 09:41:33 2016 CEST <Andrea@Andreas-MacBook-Pro.local>
# name: x
# type: matrix
# rows: 1
# columns: 100
 8 8.121212121212121 8.242424242424242 8.363636363636363 8.484848484848484 8.606060606060606 8.727272727272727 8.848484848484848 8.969696969696969 9.09090909090909 9.212121212121211 9.333333333333332 9.454545454545453 9.575757575757576 9.696969696969695 9.818181818181818 9.939393939393938 10.06060606060606 10.18181818181818 10.3030303030303 10.42424242424242 10.54545454545454 10.66666666666667 10.78787878787879 10.90909090909091 11.03030303030303 11.15151515151515 11.27272727272727 11.39393939393939 11.51515151515152 11.63636363636364 11.75757575757576 11.87878787878788 12 12.12121212121212 12.24242424242424 12.36363636363636 12.48484848484848 12.60606060606061 12.72727272727273 12.84848484848485 12.96969696969697 13.09090909090909 13.21212121212121 13.33333333333333 13.45454545454545 13.57575757575757 13.6969696969697 13.81818181818182 13.93939393939394 14.06060606060606 14.18181818181818 14.3030303030303 14.42424242424242 14.54545454545454 14.66666666666667 14.78787878787879 14.90909090909091 15.03030303030303 15.15151515151515 15.27272727272727 15.39393939393939 15.51515151515151 15.63636363636364 15.75757575757576 15.87878787878788 16 16.12121212121212 16.24242424242424 16.36363636363636 16.48484848484848 16.60606060606061 16.72727272727273 16.84848484848485 16.96969696969697 17.09090909090909 17.21212121212121 17.33333333333333 17.45454545454545 17.57575757575757 17.6969696969697 17.81818181818182 17.93939393939394 18.06060606060606 18.18181818181818 18.3030303030303 18.42424242424243 18.54545454545455 18.66666666666666 18.78787878787879 18.90909090909091 19.03030303030303 19.15151515151515 19.27272727272727 19.39393939393939 19.51515151515152 19.63636363636364 19.75757575757576 19.87878787878788 20


# name: y
# type: matrix
# rows: 1
# columns: 100
 278270.4410266492 277641.1014198317 277011.7618130143 276382.4222061969 275753.0825993795 275123.742992562 274494.4033857446 273865.0637789272 273235.7241721097 272606.3845652923 271977.0449584749 271347.7053516575 270718.3657448401 270089.0261380226 269459.6865312052 268830.3469243877 268201.0073175703 267571.6677107529 266942.3281039355 266312.9884971181 265683.6488903006 265054.3092834832 264424.9696766657 263795.6300698483 263166.2904630309 262536.9508562135 261907.6112493961 261278.2716425786 260648.9320357612 260019.5924289438 259390.2528221263 258760.9132153089 258131.5736084915 257502.234001674 256872.8943948566 256243.5547880392 255614.2151812218 254984.8755744043 254355.5359675869 253726.1963607695 253096.856753952 252467.5171471346 251838.1775403172 251208.8379334998 250579.4983266823 249950.1587198649 249320.8191130475 248691.47950623 248062.1398994126 247432.8002925952 246803.4606857778 246174.1210789603 245544.7814721429 244915.4418653255 244286.1022585081 243656.7626516906 243027.4230448732 242398.0834380558 241768.7438312384 241139.4042244209 240510.0646176035 239880.7250107861 239251.3854039686 238622.0457971512 237992.7061903338 237363.3665835164 236734.0269766989 236104.6873698815 235475.3477630641 234846.0081562466 234216.6685494292 233587.3289426118 232957.9893357944 232328.6497289769 231699.3101221595 231069.9705153421 230440.6309085246 229811.2913017072 229181.9516948898 228552.6120880723 227923.2724812549 227293.9328744375 226664.5932676201 226035.2536608026 225405.9140539852 224776.5744471678 224147.2348403503 223517.8952335329 222888.5556267155 222259.2160198981 221629.8764130807 221000.5368062632 220371.1971994458 219741.8575926284 219112.5179858109 218483.1783789935 217853.8387721761 217224.4991653587 216595.1595585412 215965.8199517238


# name: QUERY
# type: sq_string
# elements: 1
# length: 2
Q2


# name: DATASIZE
# type: sq_string
# elements: 1
# length: 2
40


