# Created by Octave 3.8.2, Mon May 23 09:41:33 2016 CEST <Andrea@Andreas-MacBook-Pro.local>
# name: x
# type: matrix
# rows: 1
# columns: 100
 8 8.121212121212121 8.242424242424242 8.363636363636363 8.484848484848484 8.606060606060606 8.727272727272727 8.848484848484848 8.969696969696969 9.09090909090909 9.212121212121211 9.333333333333332 9.454545454545453 9.575757575757576 9.696969696969695 9.818181818181818 9.939393939393938 10.06060606060606 10.18181818181818 10.3030303030303 10.42424242424242 10.54545454545454 10.66666666666667 10.78787878787879 10.90909090909091 11.03030303030303 11.15151515151515 11.27272727272727 11.39393939393939 11.51515151515152 11.63636363636364 11.75757575757576 11.87878787878788 12 12.12121212121212 12.24242424242424 12.36363636363636 12.48484848484848 12.60606060606061 12.72727272727273 12.84848484848485 12.96969696969697 13.09090909090909 13.21212121212121 13.33333333333333 13.45454545454545 13.57575757575757 13.6969696969697 13.81818181818182 13.93939393939394 14.06060606060606 14.18181818181818 14.3030303030303 14.42424242424242 14.54545454545454 14.66666666666667 14.78787878787879 14.90909090909091 15.03030303030303 15.15151515151515 15.27272727272727 15.39393939393939 15.51515151515151 15.63636363636364 15.75757575757576 15.87878787878788 16 16.12121212121212 16.24242424242424 16.36363636363636 16.48484848484848 16.60606060606061 16.72727272727273 16.84848484848485 16.96969696969697 17.09090909090909 17.21212121212121 17.33333333333333 17.45454545454545 17.57575757575757 17.6969696969697 17.81818181818182 17.93939393939394 18.06060606060606 18.18181818181818 18.3030303030303 18.42424242424243 18.54545454545455 18.66666666666666 18.78787878787879 18.90909090909091 19.03030303030303 19.15151515151515 19.27272727272727 19.39393939393939 19.51515151515152 19.63636363636364 19.75757575757576 19.87878787878788 20


# name: y
# type: matrix
# rows: 100
# columns: 1
 240328.8663721867
 240326.5075187412
 240324.2807311538
 240322.180985583
 240320.2033556098
 240318.3430122379
 240316.5952238934
 240314.9553564247
 240313.4188731031
 240311.9813346221
 240310.6383990978
 240309.3858220687
 240308.2194564961
 240307.1352527633
 240306.1292586767
 240305.1976194647
 240304.3365777785
 240303.5424736916
 240302.8117447002
 240302.1409257227
 240301.5266491005
 240300.965644597
 240300.4547393984
 240299.9908581133
 240299.5710227727
 240299.1923528303
 240298.8520651622
 240298.547474067
 240298.2759912658
 240298.0351259023
 240297.8224845425
 240297.6357711751
 240297.4727872111
 240297.3314314843
 240297.2097002506
 240297.1056871889
 240297.0175834001
 240296.9436774079
 240296.8823551584
 240296.8321000203
 240296.7914927846
 240296.759211665
 240296.7340322978
 240296.7148277413
 240296.7005684769
 240296.6903224081
 240296.6832548611
 240296.6786285845
 240296.6758037495
 240296.6742379497
 240296.6734862013
 240296.6732009428
 240296.6731320354
 240296.6731267628
 240296.6731298312
 240296.6731833691
 240296.6734269278
 240296.6740974808
 240296.6755294244
 240296.6781545772
 240296.6825021803
 240296.6891988973
 240296.6989688146
 240296.7126334407
 240296.7311117067
 240296.7554199664
 240296.7866719959
 240296.8260789939
 240296.8749495815
 240296.9346898024
 240297.0068031228
 240297.0928904314
 240297.1946500392
 240297.3138776801
 240297.4524665101
 240297.612407108
 240297.7957874748
 240298.0047930344
 240298.2417066329
 240298.5089085389
 240298.8088764437
 240299.1441854609
 240299.5175081266
 240299.9316143998
 240300.3893716614
 240300.8937447151
 240301.4477957873
 240302.0546845265
 240302.7176680039
 240303.4401007133
 240304.2254345709
 240305.0772189153
 240305.9991005077
 240306.9948235319
 240308.068229594
 240309.2232577228
 240310.4639443694
 240311.7944234076
 240313.2189261335
 240314.7417812659


# name: QUERY
# type: sq_string
# elements: 1
# length: 2
Q2


# name: DATASIZE
# type: sq_string
# elements: 1
# length: 2
40


