# Created by Octave 3.8.2, Mon May 23 09:41:33 2016 CEST <Andrea@Andreas-MacBook-Pro.local>
# name: x
# type: matrix
# rows: 1
# columns: 100
 8 8.121212121212121 8.242424242424242 8.363636363636363 8.484848484848484 8.606060606060606 8.727272727272727 8.848484848484848 8.969696969696969 9.09090909090909 9.212121212121211 9.333333333333332 9.454545454545453 9.575757575757576 9.696969696969695 9.818181818181818 9.939393939393938 10.06060606060606 10.18181818181818 10.3030303030303 10.42424242424242 10.54545454545454 10.66666666666667 10.78787878787879 10.90909090909091 11.03030303030303 11.15151515151515 11.27272727272727 11.39393939393939 11.51515151515152 11.63636363636364 11.75757575757576 11.87878787878788 12 12.12121212121212 12.24242424242424 12.36363636363636 12.48484848484848 12.60606060606061 12.72727272727273 12.84848484848485 12.96969696969697 13.09090909090909 13.21212121212121 13.33333333333333 13.45454545454545 13.57575757575757 13.6969696969697 13.81818181818182 13.93939393939394 14.06060606060606 14.18181818181818 14.3030303030303 14.42424242424242 14.54545454545454 14.66666666666667 14.78787878787879 14.90909090909091 15.03030303030303 15.15151515151515 15.27272727272727 15.39393939393939 15.51515151515151 15.63636363636364 15.75757575757576 15.87878787878788 16 16.12121212121212 16.24242424242424 16.36363636363636 16.48484848484848 16.60606060606061 16.72727272727273 16.84848484848485 16.96969696969697 17.09090909090909 17.21212121212121 17.33333333333333 17.45454545454545 17.57575757575757 17.6969696969697 17.81818181818182 17.93939393939394 18.06060606060606 18.18181818181818 18.3030303030303 18.42424242424243 18.54545454545455 18.66666666666666 18.78787878787879 18.90909090909091 19.03030303030303 19.15151515151515 19.27272727272727 19.39393939393939 19.51515151515152 19.63636363636364 19.75757575757576 19.87878787878788 20


# name: y
# type: matrix
# rows: 100
# columns: 1
 238496.5975353905
 238439.7927286093
 238384.068527407
 238329.4249317836
 238275.8619417391
 238223.3795572734
 238171.9777783866
 238121.6566050787
 238072.4160373496
 238024.2560751994
 237977.1767186281
 237931.1779676356
 237886.2598222221
 237842.4222823873
 237799.6653481315
 237757.9890194545
 237717.3932963564
 237677.8781788372
 237639.4436668968
 237602.0897605353
 237565.8164597527
 237530.6237645489
 237496.5116749241
 237463.4801908781
 237431.5293124109
 237400.6590395227
 237370.8693722133
 237342.1603104827
 237314.5318543311
 237287.9840037583
 237262.5167587644
 237238.1301193493
 237214.8240855131
 237192.5986572558
 237171.4538345774
 237151.3896174778
 237132.4060059571
 237114.5030000153
 237097.6805996523
 237081.9388048683
 237067.2776156631
 237053.6970320367
 237041.1970539892
 237029.7776815206
 237019.4389146309
 237010.18075332
 237002.0031975881
 236994.9062474349
 236988.8899028607
 236983.9541638653
 236980.0990304488
 236977.3245026112
 236975.6305803524
 236975.0172636725
 236975.4845525715
 236977.0324470493
 236979.660947106
 236983.3700527416
 236988.159763956
 236994.0300807494
 237000.9810031216
 237009.0125310726
 237018.1246646026
 237028.3174037113
 237039.590748399
 237051.9446986656
 237065.379254511
 237079.8944159353
 237095.4901829384
 237112.1665555205
 237129.9235336813
 237148.7611174211
 237168.6793067398
 237189.6781016373
 237211.7575021136
 237234.9175081689
 237259.158119803
 237284.479337016
 237310.8811598078
 237338.3635881786
 237366.9266221282
 237396.5702616567
 237427.294506764
 237459.0993574502
 237491.9848137153
 237525.9508755592
 237560.9975429821
 237597.1248159838
 237634.3326945643
 237672.6211787238
 237711.990268462
 237752.4399637792
 237793.9702646753
 237836.5811711502
 237880.272683204
 237925.0448008366
 237970.8975240482
 238017.8308528386
 238065.8447872078
 238114.939327156


# name: QUERY
# type: sq_string
# elements: 1
# length: 2
Q2


# name: DATASIZE
# type: sq_string
# elements: 1
# length: 2
40


