# Created by Octave 3.8.2, Mon May 23 09:41:33 2016 CEST <Andrea@Andreas-MacBook-Pro.local>
# name: x
# type: matrix
# rows: 1
# columns: 100
 8 8.121212121212121 8.242424242424242 8.363636363636363 8.484848484848484 8.606060606060606 8.727272727272727 8.848484848484848 8.969696969696969 9.09090909090909 9.212121212121211 9.333333333333332 9.454545454545453 9.575757575757576 9.696969696969695 9.818181818181818 9.939393939393938 10.06060606060606 10.18181818181818 10.3030303030303 10.42424242424242 10.54545454545454 10.66666666666667 10.78787878787879 10.90909090909091 11.03030303030303 11.15151515151515 11.27272727272727 11.39393939393939 11.51515151515152 11.63636363636364 11.75757575757576 11.87878787878788 12 12.12121212121212 12.24242424242424 12.36363636363636 12.48484848484848 12.60606060606061 12.72727272727273 12.84848484848485 12.96969696969697 13.09090909090909 13.21212121212121 13.33333333333333 13.45454545454545 13.57575757575757 13.6969696969697 13.81818181818182 13.93939393939394 14.06060606060606 14.18181818181818 14.3030303030303 14.42424242424242 14.54545454545454 14.66666666666667 14.78787878787879 14.90909090909091 15.03030303030303 15.15151515151515 15.27272727272727 15.39393939393939 15.51515151515151 15.63636363636364 15.75757575757576 15.87878787878788 16 16.12121212121212 16.24242424242424 16.36363636363636 16.48484848484848 16.60606060606061 16.72727272727273 16.84848484848485 16.96969696969697 17.09090909090909 17.21212121212121 17.33333333333333 17.45454545454545 17.57575757575757 17.6969696969697 17.81818181818182 17.93939393939394 18.06060606060606 18.18181818181818 18.3030303030303 18.42424242424243 18.54545454545455 18.66666666666666 18.78787878787879 18.90909090909091 19.03030303030303 19.15151515151515 19.27272727272727 19.39393939393939 19.51515151515152 19.63636363636364 19.75757575757576 19.87878787878788 20


# name: y
# type: matrix
# rows: 100
# columns: 1
 240913.973162763
 240913.9310481542
 240913.892789321
 240913.8580985269
 240913.8267044493
 240913.7983515429
 240913.7727994161
 240913.7498222194
 240913.7292080467
 240913.7107583495
 240913.694287363
 240913.6796215456
 240913.6665990301
 240913.6550690883
 240913.6448916076
 240913.6359365804
 240913.6280836063
 240913.6212214066
 240913.6152473512
 240913.6100669988
 240913.605593649
 240913.6017479071
 240913.5984572619
 240913.5956556756
 240913.5932831866
 240913.5912855246
 240913.5896137388
 240913.5882238377
 240913.5870764431
 240913.5861364547
 240913.585372729
 240913.5847577698
 240913.5842674316
 240913.5838806357
 240913.5835790984
 240913.5833470727
 240913.5831711013
 240913.5830397837
 240913.5829435543
 240913.5828744747
 240913.5828260368
 240913.5827929805
 240913.582771122
 240913.5827571962
 240913.5827487111
 240913.5827438143
 240913.5827411733
 240913.5827398669
 240913.5827392907
 240913.5827390738
 240913.5827390092
 240913.582738996
 240913.5827389947
 240913.5827389946
 240913.5827389947
 240913.5827389956
 240913.5827390058
 240913.5827390593
 240913.5827392464
 240913.5827397567
 240913.582740935
 240913.5827433498
 240913.582747874
 240913.5827557786
 240913.582768839
 240913.5827894532
 240913.5828207738
 240913.5828668512
 240913.5829327905
 240913.5830249207
 240913.5831509757
 240913.5833202894
 240913.5835440017
 240913.5838352784
 240913.5842095431
 240913.5846847219
 240913.5852815001
 240913.5860235925
 240913.5869380255
 240913.5880554319
 240913.5894103586
 240913.5910415867
 240913.5929924642
 240913.5953112509
 240913.5980514769
 240913.6012723124
 240913.6050389512
 240913.6094230061
 240913.614502917
 240913.6203643721
 240913.6271007407
 240913.6348135196
 240913.6436127916
 240913.6536176961
 240913.6649569139
 240913.6777691622
 240913.6922037045
 240913.7084208717
 240913.7265925961
 240913.7469029581


# name: QUERY
# type: sq_string
# elements: 1
# length: 2
Q2


# name: DATASIZE
# type: sq_string
# elements: 1
# length: 2
40


