# Created by Octave 3.8.2, Mon May 23 09:41:33 2016 CEST <Andrea@Andreas-MacBook-Pro.local>
# name: x
# type: matrix
# rows: 1
# columns: 100
 8 8.121212121212121 8.242424242424242 8.363636363636363 8.484848484848484 8.606060606060606 8.727272727272727 8.848484848484848 8.969696969696969 9.09090909090909 9.212121212121211 9.333333333333332 9.454545454545453 9.575757575757576 9.696969696969695 9.818181818181818 9.939393939393938 10.06060606060606 10.18181818181818 10.3030303030303 10.42424242424242 10.54545454545454 10.66666666666667 10.78787878787879 10.90909090909091 11.03030303030303 11.15151515151515 11.27272727272727 11.39393939393939 11.51515151515152 11.63636363636364 11.75757575757576 11.87878787878788 12 12.12121212121212 12.24242424242424 12.36363636363636 12.48484848484848 12.60606060606061 12.72727272727273 12.84848484848485 12.96969696969697 13.09090909090909 13.21212121212121 13.33333333333333 13.45454545454545 13.57575757575757 13.6969696969697 13.81818181818182 13.93939393939394 14.06060606060606 14.18181818181818 14.3030303030303 14.42424242424242 14.54545454545454 14.66666666666667 14.78787878787879 14.90909090909091 15.03030303030303 15.15151515151515 15.27272727272727 15.39393939393939 15.51515151515151 15.63636363636364 15.75757575757576 15.87878787878788 16 16.12121212121212 16.24242424242424 16.36363636363636 16.48484848484848 16.60606060606061 16.72727272727273 16.84848484848485 16.96969696969697 17.09090909090909 17.21212121212121 17.33333333333333 17.45454545454545 17.57575757575757 17.6969696969697 17.81818181818182 17.93939393939394 18.06060606060606 18.18181818181818 18.3030303030303 18.42424242424243 18.54545454545455 18.66666666666666 18.78787878787879 18.90909090909091 19.03030303030303 19.15151515151515 19.27272727272727 19.39393939393939 19.51515151515152 19.63636363636364 19.75757575757576 19.87878787878788 20


# name: y
# type: matrix
# rows: 100
# columns: 1
 242786.2141284708
 242760.20844941
 242735.1827490205
 242711.1182060147
 242687.9959991048
 242665.7973070031
 242644.5033084218
 242624.0951820732
 242604.5541066694
 242585.8612609229
 242567.9978235458
 242550.9449732504
 242534.6838887489
 242519.1957487536
 242504.4617319767
 242490.4630171306
 242477.1807829274
 242464.5962080795
 242452.690471299
 242441.4447512982
 242430.8402267894
 242420.8580764849
 242411.4794790968
 242402.6856133375
 242394.4576579191
 242386.7767915541
 242379.6241929545
 242372.9810408327
 242366.8285139009
 242361.1477908714
 242355.9200504563
 242351.1264713681
 242346.7482323189
 242342.766512021
 242339.1624891866
 242335.917342528
 242333.0122507575
 242330.4283925873
 242328.1469467296
 242326.1490918968
 242324.416006801
 242322.9288701545
 242321.6688606696
 242320.6171570586
 242319.7549380336
 242319.063382307
 242318.523668591
 242318.1169755978
 242317.8244820397
 242317.627366629
 242317.5068080779
 242317.4439850987
 242317.4200764035
 242317.4162607048
 242317.4137167147
 242317.3936231455
 242317.3371587094
 242317.2255021187
 242317.0398320857
 242316.7613273225
 242316.3711665416
 242315.850528455
 242315.1805917751
 242314.3425352142
 242313.3175374844
 242312.086777298
 242310.6314333674
 242308.9326844046
 242306.9717091221
 242304.729686232
 242302.1877944466
 242299.3272124782
 242296.129119039
 242292.5746928412
 242288.6451125972
 242284.3215570191
 242279.5852048193
 242274.41723471
 242268.7988254034
 242262.7111556118
 242256.1354040474
 242249.0527494226
 242241.4443704495
 242233.2914458404
 242224.5751543076
 242215.2766745633
 242205.3771853198
 242194.8578652893
 242183.6998931841
 242171.8844477165
 242159.3927075986
 242146.2058515428
 242132.3050582613
 242117.6715064663
 242102.2863748702
 242086.1308421851
 242069.1860871234
 242051.4332883972
 242032.8536247188
 242013.4282748006


# name: QUERY
# type: sq_string
# elements: 1
# length: 2
Q2


# name: DATASIZE
# type: sq_string
# elements: 1
# length: 2
40


