# Created by Octave 3.8.2, Mon May 16 09:17:53 2016 CEST <Andrea@Andreas-MacBook-Pro.local>
# name: mu
# type: matrix
# rows: 1
# columns: 31
 180363.4 89 33643.2 85709 6.65 1940.25 3362.25 27220 33106.4 193100.45 495138 1 706.7 706.7 8330.5 8330.5 5311 5311 1 52258.65 52258.65 1 2109.6 2109.6 4138 4138 148443 148443 1 30 20


