# Created by Octave 3.8.2, Mon May 16 09:17:53 2016 CEST <Andrea@Andreas-MacBook-Pro.local>
# name: sigma
# type: matrix
# rows: 1
# columns: 31
 14338.35650275163 0 6198.114463710973 7450.83714830262 0.9333020044867297 715.3417199603205 1398.153250955665 9338.421922359259 10424.2664030667 185930.4098950308 1115583.381793674 0 332.1803726892966 332.1803726892966 5334.16238676899 5334.16238676899 0 0 0 17079.29343810033 17079.29343810033 0 1070.275390040487 1070.275390040487 2379.175487432568 2379.175487432568 0 0 0 0 0


