# Created by Octave 3.8.2, Mon May 23 10:01:18 2016 CEST <Andrea@Andreas-MacBook-Pro.local>
# name: x
# type: matrix
# rows: 1
# columns: 100
 0.05 0.05075757575757577 0.05151515151515151 0.05227272727272728 0.05303030303030304 0.05378787878787879 0.05454545454545455 0.05530303030303031 0.05606060606060606 0.05681818181818182 0.05757575757575759 0.05833333333333333 0.0590909090909091 0.05984848484848485 0.06060606060606061 0.06136363636363637 0.06212121212121212 0.06287878787878788 0.06363636363636364 0.06439393939393939 0.06515151515151515 0.06590909090909092 0.06666666666666667 0.06742424242424243 0.06818181818181819 0.06893939393939394 0.0696969696969697 0.07045454545454545 0.07121212121212121 0.07196969696969698 0.07272727272727272 0.07348484848484849 0.07424242424242425 0.075 0.07575757575757576 0.07651515151515151 0.07727272727272727 0.07803030303030303 0.0787878787878788 0.07954545454545454 0.08030303030303031 0.08106060606060607 0.08181818181818182 0.08257575757575758 0.08333333333333333 0.08409090909090909 0.08484848484848485 0.0856060606060606 0.08636363636363636 0.08712121212121211 0.08787878787878788 0.08863636363636364 0.08939393939393939 0.09015151515151515 0.09090909090909091 0.09166666666666667 0.09242424242424242 0.09318181818181819 0.09393939393939395 0.0946969696969697 0.09545454545454546 0.09621212121212121 0.09696969696969697 0.09772727272727272 0.09848484848484848 0.09924242424242424 0.1 0.1007575757575758 0.1015151515151515 0.1022727272727273 0.103030303030303 0.1037878787878788 0.1045454545454546 0.1053030303030303 0.1060606060606061 0.1068181818181818 0.1075757575757576 0.1083333333333333 0.1090909090909091 0.1098484848484848 0.1106060606060606 0.1113636363636364 0.1121212121212121 0.1128787878787879 0.1136363636363636 0.1143939393939394 0.1151515151515151 0.1159090909090909 0.1166666666666667 0.1174242424242424 0.1181818181818182 0.1189393939393939 0.1196969696969697 0.1204545454545455 0.1212121212121212 0.121969696969697 0.1227272727272727 0.1234848484848485 0.1242424242424242 0.125


# name: y
# type: matrix
# rows: 100
# columns: 1
 274649.7401505529
 275075.6639668276
 275504.1170270222
 275935.013488401
 276368.2664967867
 276803.7882156576
 277241.4898557672
 277681.2817052687
 278123.0731603329
 278566.7727562444
 279012.2881989588
 279459.5263971093
 279908.3934944446
 280358.7949026831
 280810.6353347669
 281263.8188385
 281718.2488305533
 282173.8281308201
 282630.4589971035
 283088.0431601211
 283546.4818588066
 284005.6758758922
 284465.5255737525
 284925.9309304944
 285386.7915762707
 285848.006829802
 286309.4757350879
 286771.0970982867
 287232.7695247476
 287694.3914561737
 288155.8612078991
 288617.0770062584
 289077.9370260325
 289538.3394279477
 289998.1823962122
 290457.3641760681
 290915.7831113409
 291373.3376819668
 291829.9265414777
 292285.4485544256
 292739.8028337265
 293192.8887779038
 293644.6061082138
 294094.8549056319
 294543.5356476821
 294990.5492450904
 295435.7970782416
 295879.1810334243
 296320.6035388411
 296759.9676003694
 297197.1768370516
 297632.135516298
 298064.7485887847
 298494.921723027
 298922.5613396129
 299347.5746450777
 299769.8696654029
 300189.3552791234
 300605.9412500252
 301019.5382594182
 301430.0579379661
 301837.4128970611
 302241.5167597238
 302642.284191016
 303039.6309279501
 303433.4738088809
 303823.7308023651
 304210.3210354759
 304593.1648215565
 304972.183687403
 305347.3003998595
 305718.4389918165
 306085.5247875992
 306448.4844277329
 306807.2458930757
 307161.7385283069
 307511.893064761
 307857.6416425961
 308198.9178322881
 308535.656655441
 308867.7946049047
 309195.2696641911
 309518.0213261815
 309835.9906111171
 310149.120083866
 310457.3538704591
 310760.6376738905
 311058.9187891736
 311352.146117652
 311640.2701805556
 311923.2431318013
 312201.0187700317
 312473.5525498906
 312740.8015925303
 313002.7246953499
 313259.2823409606
 313510.4367053789
 313756.1516654437
 313996.392805459
 314231.1274230611


# name: QUERY
# type: sq_string
# elements: 1
# length: 2
Q2


# name: DATASIZE
# type: sq_string
# elements: 1
# length: 2
50


