# Created by Octave 3.8.2, Mon May 23 10:01:18 2016 CEST <Andrea@Andreas-MacBook-Pro.local>
# name: x
# type: matrix
# rows: 1
# columns: 100
 0.05 0.05075757575757577 0.05151515151515151 0.05227272727272728 0.05303030303030304 0.05378787878787879 0.05454545454545455 0.05530303030303031 0.05606060606060606 0.05681818181818182 0.05757575757575759 0.05833333333333333 0.0590909090909091 0.05984848484848485 0.06060606060606061 0.06136363636363637 0.06212121212121212 0.06287878787878788 0.06363636363636364 0.06439393939393939 0.06515151515151515 0.06590909090909092 0.06666666666666667 0.06742424242424243 0.06818181818181819 0.06893939393939394 0.0696969696969697 0.07045454545454545 0.07121212121212121 0.07196969696969698 0.07272727272727272 0.07348484848484849 0.07424242424242425 0.075 0.07575757575757576 0.07651515151515151 0.07727272727272727 0.07803030303030303 0.0787878787878788 0.07954545454545454 0.08030303030303031 0.08106060606060607 0.08181818181818182 0.08257575757575758 0.08333333333333333 0.08409090909090909 0.08484848484848485 0.0856060606060606 0.08636363636363636 0.08712121212121211 0.08787878787878788 0.08863636363636364 0.08939393939393939 0.09015151515151515 0.09090909090909091 0.09166666666666667 0.09242424242424242 0.09318181818181819 0.09393939393939395 0.0946969696969697 0.09545454545454546 0.09621212121212121 0.09696969696969697 0.09772727272727272 0.09848484848484848 0.09924242424242424 0.1 0.1007575757575758 0.1015151515151515 0.1022727272727273 0.103030303030303 0.1037878787878788 0.1045454545454546 0.1053030303030303 0.1060606060606061 0.1068181818181818 0.1075757575757576 0.1083333333333333 0.1090909090909091 0.1098484848484848 0.1106060606060606 0.1113636363636364 0.1121212121212121 0.1128787878787879 0.1136363636363636 0.1143939393939394 0.1151515151515151 0.1159090909090909 0.1166666666666667 0.1174242424242424 0.1181818181818182 0.1189393939393939 0.1196969696969697 0.1204545454545455 0.1212121212121212 0.121969696969697 0.1227272727272727 0.1234848484848485 0.1242424242424242 0.125


# name: y
# type: matrix
# rows: 1
# columns: 100
 293903.3212757541 293555.7222654829 293208.1232552117 292860.5242449406 292512.9252346694 292165.3262243982 291817.7272141271 291470.1282038559 291122.5291935847 290774.9301833136 290427.3311730424 290079.7321627712 289732.1331525 289384.5341422289 289036.9351319577 288689.3361216865 288341.7371114154 287994.1381011442 287646.539090873 287298.9400806018 286951.3410703306 286603.7420600595 286256.1430497883 285908.5440395172 285560.945029246 285213.3460189748 284865.7470087036 284518.1479984325 284170.5489881613 283822.9499778901 283475.350967619 283127.7519573478 282780.1529470766 282432.5539368055 282084.9549265343 281737.3559162631 281389.7569059919 281042.1578957207 280694.5588854496 280346.9598751784 279999.3608649073 279651.7618546361 279304.1628443649 278956.5638340937 278608.9648238225 278261.3658135514 277913.7668032802 277566.167793009 277218.5687827379 276870.9697724667 276523.3707621956 276175.7717519244 275828.1727416532 275480.573731382 275132.9747211108 274785.3757108397 274437.7767005685 274090.1776902973 273742.5786800262 273394.979669755 273047.3806594838 272699.7816492126 272352.1826389414 272004.5836286703 271656.9846183991 271309.385608128 270961.7865978568 270614.1875875856 270266.5885773145 269918.9895670433 269571.3905567721 269223.7915465009 268876.1925362298 268528.5935259586 268180.9945156874 267833.3955054163 267485.7964951451 267138.1974848739 266790.5984746027 266442.9994643315 266095.4004540604 265747.8014437892 265400.2024335181 265052.6034232469 264705.0044129757 264357.4054027045 264009.8063924334 263662.2073821622 263314.608371891 262967.0093616198 262619.4103513487 262271.8113410775 261924.2123308063 261576.6133205352 261229.014310264 260881.4152999928 260533.8162897216 260186.2172794505 259838.6182691793 259491.0192589081


# name: QUERY
# type: sq_string
# elements: 1
# length: 2
Q2


# name: DATASIZE
# type: sq_string
# elements: 1
# length: 2
50


