# Created by Octave 3.8.2, Mon May 23 10:01:18 2016 CEST <Andrea@Andreas-MacBook-Pro.local>
# name: x
# type: matrix
# rows: 1
# columns: 100
 0.05 0.05075757575757577 0.05151515151515151 0.05227272727272728 0.05303030303030304 0.05378787878787879 0.05454545454545455 0.05530303030303031 0.05606060606060606 0.05681818181818182 0.05757575757575759 0.05833333333333333 0.0590909090909091 0.05984848484848485 0.06060606060606061 0.06136363636363637 0.06212121212121212 0.06287878787878788 0.06363636363636364 0.06439393939393939 0.06515151515151515 0.06590909090909092 0.06666666666666667 0.06742424242424243 0.06818181818181819 0.06893939393939394 0.0696969696969697 0.07045454545454545 0.07121212121212121 0.07196969696969698 0.07272727272727272 0.07348484848484849 0.07424242424242425 0.075 0.07575757575757576 0.07651515151515151 0.07727272727272727 0.07803030303030303 0.0787878787878788 0.07954545454545454 0.08030303030303031 0.08106060606060607 0.08181818181818182 0.08257575757575758 0.08333333333333333 0.08409090909090909 0.08484848484848485 0.0856060606060606 0.08636363636363636 0.08712121212121211 0.08787878787878788 0.08863636363636364 0.08939393939393939 0.09015151515151515 0.09090909090909091 0.09166666666666667 0.09242424242424242 0.09318181818181819 0.09393939393939395 0.0946969696969697 0.09545454545454546 0.09621212121212121 0.09696969696969697 0.09772727272727272 0.09848484848484848 0.09924242424242424 0.1 0.1007575757575758 0.1015151515151515 0.1022727272727273 0.103030303030303 0.1037878787878788 0.1045454545454546 0.1053030303030303 0.1060606060606061 0.1068181818181818 0.1075757575757576 0.1083333333333333 0.1090909090909091 0.1098484848484848 0.1106060606060606 0.1113636363636364 0.1121212121212121 0.1128787878787879 0.1136363636363636 0.1143939393939394 0.1151515151515151 0.1159090909090909 0.1166666666666667 0.1174242424242424 0.1181818181818182 0.1189393939393939 0.1196969696969697 0.1204545454545455 0.1212121212121212 0.121969696969697 0.1227272727272727 0.1234848484848485 0.1242424242424242 0.125


# name: y
# type: matrix
# rows: 100
# columns: 1
 280256.1670511808
 280251.8173170913
 280247.4675830023
 280243.1178489131
 280238.7681148238
 280234.4183807345
 280230.0686466452
 280225.7189125562
 280221.3691784668
 280217.0194443775
 280212.6697102883
 280208.3199761991
 280203.9702421098
 280199.6205080207
 280195.2707739313
 280190.9210398421
 280186.5713057529
 280182.2215716634
 280177.8718375743
 280173.5221034851
 280169.1723693958
 280164.8226353066
 280160.4729012172
 280156.123167128
 280151.7734330388
 280147.4236989496
 280143.0739648602
 280138.724230771
 280134.3744966817
 280130.0247625925
 280125.6750285032
 280121.325294414
 280116.9755603248
 280112.6258262356
 280108.2760921462
 280103.926358057
 280099.5766239677
 280095.2268898785
 280090.8771557892
 280086.5274217
 280082.1776876107
 280077.8279535215
 280073.4782194322
 280069.128485343
 280064.7787512537
 280060.4290171645
 280056.0792830752
 280051.729548986
 280047.3798148967
 280043.0300808075
 280038.6803467181
 280034.330612629
 280029.9808785397
 280025.6311444505
 280021.2814103611
 280016.931676272
 280012.5819421827
 280008.2322080935
 280003.8824740041
 279999.5327399148
 279995.1830058257
 279990.8332717363
 279986.4835376471
 279982.133803558
 279977.7840694686
 279973.4343353795
 279969.0846012902
 279964.7348672008
 279960.3851331116
 279956.0353990224
 279951.6856649331
 279947.335930844
 279942.9861967546
 279938.6364626653
 279934.2867285761
 279929.9369944868
 279925.5872603978
 279921.2375263084
 279916.8877922191
 279912.5380581297
 279908.1883240407
 279903.8385899512
 279899.488855862
 279895.139121773
 279890.7893876837
 279886.4396535944
 279882.0899195051
 279877.7401854159
 279873.3904513265
 279869.0407172369
 279864.690983148
 279860.3412490588
 279855.9915149695
 279851.6417808804
 279847.2920467911
 279842.942312702
 279838.5925786126
 279834.2428445235
 279829.8931104343
 279825.5433763449


# name: QUERY
# type: sq_string
# elements: 1
# length: 2
Q2


# name: DATASIZE
# type: sq_string
# elements: 1
# length: 2
50


