# Created by Octave 3.8.2, Mon May 23 10:01:08 2016 CEST <Andrea@Andreas-MacBook-Pro.local>
# name: mu
# type: matrix
# rows: 1
# columns: 19
 280118.2763157895 61.4078947368421 75972.34210526316 127708.4868421053 3275.71052631579 5296.802631578948 37158.42105263158 45721.23684210526 738.6447368421053 738.6447368421053 9617.513157894737 9617.513157894737 49735.60526315789 49735.60526315789 2920.197368421052 2920.197368421052 6340.934210526316 6340.934210526316 0.08004385964912279


# name: sigma
# type: matrix
# rows: 1
# columns: 19
 42273.78456730165 27.92426788372625 27710.0077649707 24889.14913745529 823.2874883180557 1487.702111936274 10770.02785791898 12807.81103011588 488.1492313885818 488.1492313885818 5402.192274730501 5402.192274730501 9392.460854790503 9392.460854790503 1145.387212776964 1145.387212776964 2749.390494081801 2749.390494081801 0.02879779271918383


