# Created by Octave 3.8.2, Mon May 23 10:01:18 2016 CEST <Andrea@Andreas-MacBook-Pro.local>
# name: x
# type: matrix
# rows: 1
# columns: 100
 0.05 0.05075757575757577 0.05151515151515151 0.05227272727272728 0.05303030303030304 0.05378787878787879 0.05454545454545455 0.05530303030303031 0.05606060606060606 0.05681818181818182 0.05757575757575759 0.05833333333333333 0.0590909090909091 0.05984848484848485 0.06060606060606061 0.06136363636363637 0.06212121212121212 0.06287878787878788 0.06363636363636364 0.06439393939393939 0.06515151515151515 0.06590909090909092 0.06666666666666667 0.06742424242424243 0.06818181818181819 0.06893939393939394 0.0696969696969697 0.07045454545454545 0.07121212121212121 0.07196969696969698 0.07272727272727272 0.07348484848484849 0.07424242424242425 0.075 0.07575757575757576 0.07651515151515151 0.07727272727272727 0.07803030303030303 0.0787878787878788 0.07954545454545454 0.08030303030303031 0.08106060606060607 0.08181818181818182 0.08257575757575758 0.08333333333333333 0.08409090909090909 0.08484848484848485 0.0856060606060606 0.08636363636363636 0.08712121212121211 0.08787878787878788 0.08863636363636364 0.08939393939393939 0.09015151515151515 0.09090909090909091 0.09166666666666667 0.09242424242424242 0.09318181818181819 0.09393939393939395 0.0946969696969697 0.09545454545454546 0.09621212121212121 0.09696969696969697 0.09772727272727272 0.09848484848484848 0.09924242424242424 0.1 0.1007575757575758 0.1015151515151515 0.1022727272727273 0.103030303030303 0.1037878787878788 0.1045454545454546 0.1053030303030303 0.1060606060606061 0.1068181818181818 0.1075757575757576 0.1083333333333333 0.1090909090909091 0.1098484848484848 0.1106060606060606 0.1113636363636364 0.1121212121212121 0.1128787878787879 0.1136363636363636 0.1143939393939394 0.1151515151515151 0.1159090909090909 0.1166666666666667 0.1174242424242424 0.1181818181818182 0.1189393939393939 0.1196969696969697 0.1204545454545455 0.1212121212121212 0.121969696969697 0.1227272727272727 0.1234848484848485 0.1242424242424242 0.125


# name: y
# type: matrix
# rows: 100
# columns: 1
 274933.3146388633
 274940.9427593619
 274948.1862672954
 274955.0551117975
 274961.5592420022
 274967.708607043
 274973.5131560537
 274978.9828381682
 274984.12760252
 274988.9573982431
 274993.482174471
 274997.7118803376
 275001.6564649765
 275005.3258775217
 275008.7300671068
 275011.8789828654
 275014.7825739315
 275017.4507894387
 275019.8935785208
 275022.1208903115
 275024.1426739445
 275025.9688785537
 275027.6094532728
 275029.0743472354
 275030.3735095754
 275031.5168894264
 275032.5144359224
 275033.3760981969
 275034.1118253837
 275034.7315666166
 275035.2452710293
 275035.6628877556
 275035.9943659292
 275036.2496546839
 275036.4387031533
 275036.5714604713
 275036.6578757716
 275036.7078981879
 275036.7314768541
 275036.7385609037
 275036.7390994706
 275036.7430416885
 275036.7603366912
 275036.8009336125
 275036.8747815859
 275036.9918297454
 275037.1620272245
 275037.3953231573
 275037.7016666771
 275038.0910069181
 275038.5732930137
 275039.1584740978
 275039.8564993041
 275040.6773177664
 275041.6308786184
 275042.7271309939
 275043.9760240265
 275045.3875068501
 275046.9715285983
 275048.738038405
 275050.6969854039
 275052.8583187287
 275055.2319875132
 275057.8279408911
 275060.6561279961
 275063.7264979621
 275067.0489999227
 275070.6335830117
 275074.4901963628
 275078.6287891099
 275083.0593103865
 275087.7917093266
 275092.8359350637
 275098.2019367318
 275103.8996634644
 275109.9390643954
 275116.3300886585
 275123.0826853875
 275130.206803716
 275137.7123927779
 275145.6094017069
 275153.9077796367
 275162.6174757011
 275171.7484390337
 275181.3106187686
 275191.3139640391
 275201.7684239792
 275212.6839477227
 275224.0704844032
 275235.9379831544
 275248.2963931102
 275261.1556634044
 275274.5257431705
 275288.4165815424
 275302.8381276538
 275317.8003306385
 275333.3131396302
 275349.3865037626
 275366.0303721696
 275383.2546939848


# name: QUERY
# type: sq_string
# elements: 1
# length: 2
Q2


# name: DATASIZE
# type: sq_string
# elements: 1
# length: 2
50


