# Created by Octave 3.8.2, Mon May 23 10:01:18 2016 CEST <Andrea@Andreas-MacBook-Pro.local>
# name: x
# type: matrix
# rows: 1
# columns: 100
 0.05 0.05075757575757577 0.05151515151515151 0.05227272727272728 0.05303030303030304 0.05378787878787879 0.05454545454545455 0.05530303030303031 0.05606060606060606 0.05681818181818182 0.05757575757575759 0.05833333333333333 0.0590909090909091 0.05984848484848485 0.06060606060606061 0.06136363636363637 0.06212121212121212 0.06287878787878788 0.06363636363636364 0.06439393939393939 0.06515151515151515 0.06590909090909092 0.06666666666666667 0.06742424242424243 0.06818181818181819 0.06893939393939394 0.0696969696969697 0.07045454545454545 0.07121212121212121 0.07196969696969698 0.07272727272727272 0.07348484848484849 0.07424242424242425 0.075 0.07575757575757576 0.07651515151515151 0.07727272727272727 0.07803030303030303 0.0787878787878788 0.07954545454545454 0.08030303030303031 0.08106060606060607 0.08181818181818182 0.08257575757575758 0.08333333333333333 0.08409090909090909 0.08484848484848485 0.0856060606060606 0.08636363636363636 0.08712121212121211 0.08787878787878788 0.08863636363636364 0.08939393939393939 0.09015151515151515 0.09090909090909091 0.09166666666666667 0.09242424242424242 0.09318181818181819 0.09393939393939395 0.0946969696969697 0.09545454545454546 0.09621212121212121 0.09696969696969697 0.09772727272727272 0.09848484848484848 0.09924242424242424 0.1 0.1007575757575758 0.1015151515151515 0.1022727272727273 0.103030303030303 0.1037878787878788 0.1045454545454546 0.1053030303030303 0.1060606060606061 0.1068181818181818 0.1075757575757576 0.1083333333333333 0.1090909090909091 0.1098484848484848 0.1106060606060606 0.1113636363636364 0.1121212121212121 0.1128787878787879 0.1136363636363636 0.1143939393939394 0.1151515151515151 0.1159090909090909 0.1166666666666667 0.1174242424242424 0.1181818181818182 0.1189393939393939 0.1196969696969697 0.1204545454545455 0.1212121212121212 0.121969696969697 0.1227272727272727 0.1234848484848485 0.1242424242424242 0.125


# name: y
# type: matrix
# rows: 100
# columns: 1
 270483.6784509688
 270430.7367769546
 270379.1471080563
 270328.909444274
 270280.0237856076
 270232.4901320572
 270186.3084836227
 270141.4788403042
 270098.0012021017
 270055.8755690152
 270015.1019410445
 269975.6803181898
 269937.6107004511
 269900.8930878284
 269865.5274803215
 269831.5138779307
 269798.8522806558
 269767.5426884968
 269737.5851014538
 269708.9795195268
 269681.7259427157
 269655.8243710206
 269631.2748044414
 269608.0772429782
 269586.2316866309
 269565.7381353996
 269546.5965892843
 269528.8070482849
 269512.3695124014
 269497.2839816339
 269483.5504559824
 269471.1689354468
 269460.1394200271
 269450.4619097235
 269442.1364045357
 269435.162904464
 269429.5414095082
 269425.2719196683
 269422.3544349444
 269420.7889553365
 269420.5754808445
 269421.7140114685
 269424.2045472084
 269428.0470880643
 269433.2416340361
 269439.7881851238
 269447.6867413276
 269456.9373026473
 269467.5398690829
 269479.4944406345
 269492.801017302
 269507.4595990856
 269523.470185985
 269540.8327780004
 269559.5473751318
 269579.6139773792
 269601.0325847424
 269623.8031972217
 269647.9258148168
 269673.400437528
 269700.2270653551
 269728.4056982981
 269757.9363363571
 269788.8189795321
 269821.053627823
 269854.6402812299
 269889.5789397527
 269925.8696033915
 269963.5122721462
 270002.5069460169
 270042.8536250036
 270084.5523091062
 270127.6029983247
 270172.0056926592
 270217.7603921097
 270264.8670966761
 270313.3258063585
 270363.1365211568
 270414.2992410711
 270466.8139661013
 270520.6806962476
 270575.8994315097
 270632.4701718878
 270690.3929173818
 270749.6676679918
 270810.2944237178
 270872.2731845597
 270935.6039505176
 271000.2867215914
 271066.3214977812
 271133.7082790869
 271202.4470655086
 271272.5378570463
 271343.9806536999
 271416.7754554694
 271490.9222623549
 271566.4210743564
 271643.2718914738
 271721.4747137072
 271801.0295410565


# name: QUERY
# type: sq_string
# elements: 1
# length: 2
Q2


# name: DATASIZE
# type: sq_string
# elements: 1
# length: 2
50


