# Created by Octave 3.8.2, Mon May 23 10:01:18 2016 CEST <Andrea@Andreas-MacBook-Pro.local>
# name: x
# type: matrix
# rows: 1
# columns: 100
 0.05 0.05075757575757577 0.05151515151515151 0.05227272727272728 0.05303030303030304 0.05378787878787879 0.05454545454545455 0.05530303030303031 0.05606060606060606 0.05681818181818182 0.05757575757575759 0.05833333333333333 0.0590909090909091 0.05984848484848485 0.06060606060606061 0.06136363636363637 0.06212121212121212 0.06287878787878788 0.06363636363636364 0.06439393939393939 0.06515151515151515 0.06590909090909092 0.06666666666666667 0.06742424242424243 0.06818181818181819 0.06893939393939394 0.0696969696969697 0.07045454545454545 0.07121212121212121 0.07196969696969698 0.07272727272727272 0.07348484848484849 0.07424242424242425 0.075 0.07575757575757576 0.07651515151515151 0.07727272727272727 0.07803030303030303 0.0787878787878788 0.07954545454545454 0.08030303030303031 0.08106060606060607 0.08181818181818182 0.08257575757575758 0.08333333333333333 0.08409090909090909 0.08484848484848485 0.0856060606060606 0.08636363636363636 0.08712121212121211 0.08787878787878788 0.08863636363636364 0.08939393939393939 0.09015151515151515 0.09090909090909091 0.09166666666666667 0.09242424242424242 0.09318181818181819 0.09393939393939395 0.0946969696969697 0.09545454545454546 0.09621212121212121 0.09696969696969697 0.09772727272727272 0.09848484848484848 0.09924242424242424 0.1 0.1007575757575758 0.1015151515151515 0.1022727272727273 0.103030303030303 0.1037878787878788 0.1045454545454546 0.1053030303030303 0.1060606060606061 0.1068181818181818 0.1075757575757576 0.1083333333333333 0.1090909090909091 0.1098484848484848 0.1106060606060606 0.1113636363636364 0.1121212121212121 0.1128787878787879 0.1136363636363636 0.1143939393939394 0.1151515151515151 0.1159090909090909 0.1166666666666667 0.1174242424242424 0.1181818181818182 0.1189393939393939 0.1196969696969697 0.1204545454545455 0.1212121212121212 0.121969696969697 0.1227272727272727 0.1234848484848485 0.1242424242424242 0.125


# name: y
# type: matrix
# rows: 100
# columns: 1
 270809.82019389
 270809.803126583
 270809.788129635
 270809.7749970594
 270809.7635386382
 270809.7535790962
 270809.7449572965
 270809.7375254596
 270809.7311484033
 270809.7257028057
 270809.7210764904
 270809.7171677332
 270809.7138845923
 270809.7111442594
 270809.708872434
 270809.7070027193
 270809.705476041
 270809.7042400874
 270809.7032487729
 270809.7024617227
 270809.7018437801
 270809.7013645364
 270809.7009978825
 270809.7007215829
 270809.7005168721
 270809.7003680732
 270809.7002622385
 270809.7001888124
 270809.7001393167
 270809.7001070583
 270809.7000868585
 270809.7000748052
 270809.7000680267
 270809.7000644885
 270809.7000628118
 270809.7000621142
 270809.7000618728
 270809.7000618097
 270809.7000617995
 270809.7000617989
 270809.7000617989
 270809.700061799
 270809.7000618039
 270809.7000618419
 270809.7000620058
 270809.7000625166
 270809.7000638083
 270809.7000666361
 270809.7000722061
 270809.700082327
 270809.7000995852
 270809.7001275409
 270809.7001709471
 270809.7002359905
 270809.7003305551
 270809.7004645074
 270809.7006500044
 270809.7009018235
 270809.7012377146
 270809.7016787748
 270809.702249845
 270809.7029799289
 270809.703902634
 270809.705056635
 270809.7064861596
 270809.7082414964
 270809.7103795248
 270809.7129642674
 270809.7160674646
 270809.7197691714
 270809.7241583766
 270809.7293336435
 270809.7354037742
 270809.7424884949
 270809.7507191636
 270809.7602395008
 270809.771206342
 270809.7837904117
 270809.7981771209
 270809.8145673863
 270809.8331784711
 270809.8542448492
 270809.8780190906
 270809.9047727698
 270809.934797396
 270809.9684053655
 270810.0059309368
 270810.0477312271
 270810.094187232
 270810.145704867
 270810.2027160309
 270810.2656796918
 270810.3350829954
 270810.4114423956
 270810.4953048066
 270810.5872487783
 270810.6878856931
 270810.7978609856
 270810.9178553837
 270811.0485861728


# name: QUERY
# type: sq_string
# elements: 1
# length: 2
Q2


# name: DATASIZE
# type: sq_string
# elements: 1
# length: 2
50


