# Created by Octave 3.8.2, Mon May 23 10:01:18 2016 CEST <Andrea@Andreas-MacBook-Pro.local>
# name: x
# type: matrix
# rows: 1
# columns: 100
 0.05 0.05075757575757577 0.05151515151515151 0.05227272727272728 0.05303030303030304 0.05378787878787879 0.05454545454545455 0.05530303030303031 0.05606060606060606 0.05681818181818182 0.05757575757575759 0.05833333333333333 0.0590909090909091 0.05984848484848485 0.06060606060606061 0.06136363636363637 0.06212121212121212 0.06287878787878788 0.06363636363636364 0.06439393939393939 0.06515151515151515 0.06590909090909092 0.06666666666666667 0.06742424242424243 0.06818181818181819 0.06893939393939394 0.0696969696969697 0.07045454545454545 0.07121212121212121 0.07196969696969698 0.07272727272727272 0.07348484848484849 0.07424242424242425 0.075 0.07575757575757576 0.07651515151515151 0.07727272727272727 0.07803030303030303 0.0787878787878788 0.07954545454545454 0.08030303030303031 0.08106060606060607 0.08181818181818182 0.08257575757575758 0.08333333333333333 0.08409090909090909 0.08484848484848485 0.0856060606060606 0.08636363636363636 0.08712121212121211 0.08787878787878788 0.08863636363636364 0.08939393939393939 0.09015151515151515 0.09090909090909091 0.09166666666666667 0.09242424242424242 0.09318181818181819 0.09393939393939395 0.0946969696969697 0.09545454545454546 0.09621212121212121 0.09696969696969697 0.09772727272727272 0.09848484848484848 0.09924242424242424 0.1 0.1007575757575758 0.1015151515151515 0.1022727272727273 0.103030303030303 0.1037878787878788 0.1045454545454546 0.1053030303030303 0.1060606060606061 0.1068181818181818 0.1075757575757576 0.1083333333333333 0.1090909090909091 0.1098484848484848 0.1106060606060606 0.1113636363636364 0.1121212121212121 0.1128787878787879 0.1136363636363636 0.1143939393939394 0.1151515151515151 0.1159090909090909 0.1166666666666667 0.1174242424242424 0.1181818181818182 0.1189393939393939 0.1196969696969697 0.1204545454545455 0.1212121212121212 0.121969696969697 0.1227272727272727 0.1234848484848485 0.1242424242424242 0.125


# name: y
# type: matrix
# rows: 100
# columns: 1
 273894.7148650758
 273893.580135622
 273892.5301307837
 273891.5605244347
 273890.6671038232
 273889.8457695718
 273889.0925356774
 273888.4035295112
 273887.7749918188
 273887.2032767201
 273886.6848517093
 273886.2162976551
 273885.7943088003
 273885.4156927622
 273885.0773705324
 273884.776376477
 273884.5098583361
 273884.2750772245
 273884.0694076309
 273883.8903374189
 273883.7354678261
 273883.6025134643
 273883.4893023201
 273883.3937757539
 273883.3139885009
 273883.2481086703
 273883.1944177459
 273883.1513105857
 273883.1172954221
 273883.0909938618
 273883.0711408858
 273883.0565848494
 273883.0462874826
 273883.0393238892
 273883.0348825479
 273883.0322653111
 273883.0308874061
 273883.0302774343
 273883.0300773715
 273883.0300425677
 273883.0300417474
 273883.0300570095
 273883.0301838269
 273883.0306310473
 273883.0317208924
 273883.0338889583
 273883.0376842156
 273883.043769009
 273883.0529190578
 273883.0660234554
 273883.0840846697
 273883.1082185429
 273883.1396542916
 273883.1797345065
 273883.2299151528
 273883.2917655703
 273883.3669684726
 273883.4573199481
 273883.5647294594
 273883.6912198432
 273883.8389273109
 273884.010101448
 273884.2071052146
 273884.4324149448
 273884.6886203473
 273884.978424505
 273885.3046438752
 273885.6702082895
 273886.0781609539
 273886.5316584486
 273887.0339707285
 273887.5884811224
 273888.1986863336
 273888.8681964399
 273889.6007348932
 273890.4001385198
 273891.2703575206
 273892.2154554704
 273893.2396093187
 273894.3471093891
 273895.5423593798
 273896.8298763631
 273898.2142907857
 273899.7003464687
 273901.2929006075
 273902.9969237718
 273904.8174999058
 273906.7598263278
 273908.8292137306
 273911.0310861814
 273913.3709811216
 273915.8545493669
 273918.4875551075
 273921.2758759078
 273924.2255027067
 273927.3425398173
 273930.6332049271
 273934.1038290979
 273937.760856766
 273941.6108457416


# name: QUERY
# type: sq_string
# elements: 1
# length: 2
Q2


# name: DATASIZE
# type: sq_string
# elements: 1
# length: 2
50


