# Created by Octave 3.8.2, Mon May 23 11:17:55 2016 CEST <Andrea@Andreas-MacBook-Pro.local>
# name: x
# type: matrix
# rows: 1
# columns: 100
 60 60.60606060606061 61.21212121212122 61.81818181818182 62.42424242424242 63.03030303030303 63.63636363636364 64.24242424242425 64.84848484848484 65.45454545454545 66.06060606060606 66.66666666666667 67.27272727272728 67.87878787878788 68.48484848484848 69.09090909090909 69.6969696969697 70.30303030303031 70.90909090909091 71.51515151515152 72.12121212121212 72.72727272727273 73.33333333333334 73.93939393939394 74.54545454545455 75.15151515151516 75.75757575757576 76.36363636363636 76.96969696969697 77.57575757575758 78.18181818181819 78.78787878787878 79.39393939393939 80 80.60606060606061 81.21212121212122 81.81818181818181 82.42424242424242 83.03030303030303 83.63636363636364 84.24242424242425 84.84848484848484 85.45454545454545 86.06060606060606 86.66666666666667 87.27272727272728 87.87878787878788 88.48484848484848 89.09090909090909 89.6969696969697 90.30303030303031 90.90909090909091 91.51515151515152 92.12121212121212 92.72727272727273 93.33333333333334 93.93939393939394 94.54545454545455 95.15151515151516 95.75757575757576 96.36363636363637 96.96969696969697 97.57575757575758 98.18181818181819 98.78787878787878 99.39393939393939 100 100.6060606060606 101.2121212121212 101.8181818181818 102.4242424242424 103.030303030303 103.6363636363636 104.2424242424242 104.8484848484848 105.4545454545455 106.0606060606061 106.6666666666667 107.2727272727273 107.8787878787879 108.4848484848485 109.0909090909091 109.6969696969697 110.3030303030303 110.9090909090909 111.5151515151515 112.1212121212121 112.7272727272727 113.3333333333333 113.9393939393939 114.5454545454545 115.1515151515152 115.7575757575758 116.3636363636364 116.969696969697 117.5757575757576 118.1818181818182 118.7878787878788 119.3939393939394 120


# name: y
# type: matrix
# rows: 100
# columns: 1
 68084.08614580538
 68050.25500674741
 68017.28637195003
 67985.19040119622
 67953.97666256825
 67923.65412865035
 67894.23117361752
 67865.71557121175
 67838.11449360539
 67811.43451114919
 67785.68159300077
 67760.86110862751
 67736.97783017541
 67714.03593569438
 67692.03901320769
 67670.99006561213
 67650.89151639346
 67631.74521613942
 67613.552449832
 67596.3139448975
 67580.02987999251
 67564.69989450186
 67550.32309872282
 67536.89808470888
 67524.42293774472
 67512.89524842265
 67502.3121252898
 67492.6702080339
 67483.96568117461
 67476.19428822602
 67469.35134629578
 67463.43176108437
 67458.43004224852
 67454.34031909108
 67451.15635653988
 67448.87157137731
 67447.4790486821
 67446.97155844443
 67447.34157231571
 67448.58128045392
 67450.68260842565
 67453.63723412645
 67457.43660468049
 67462.07195328231
 67467.53431594223
 67473.81454809921
 67480.9033410642
 67488.79123825899
 67497.46865121525
 67506.92587530051
 67517.15310513809
 67528.14044968919
 67539.8779469671
 67552.35557835398
 67565.56328249248
 67579.49096872578
 67594.12853006108
 67609.46585563295
 67625.49284264499
 67642.19940776903
 67659.5754979839
 67677.6111008365
 67696.2962541103
 67715.6210548878
 67735.57566799557
 67756.15033382217
 67777.33537550105
 67799.12120545242
 67821.49833128011
 67844.45736102086
 67867.98900774585
 67892.08409351563
 67916.73355269173
 67941.9284346099
 67967.65990562164
 67993.91925051252
 68020.69787330746
 68047.98729747446
 68075.77916554049
 68104.06523813415
 68132.83739247166
 68162.08762030381
 68191.80802534314
 68221.99082019171
 68252.62832279121
 68283.71295241808
 68315.23722524766
 68347.19374951218
 68379.57522027816
 68412.37441387026
 68445.58418196838
 68479.1974454064
 68513.20718770078
 68547.6064483384
 68582.3883158525
 68617.54592071698
 68653.07242808855
 68688.96103042674
 68725.20494002216
 68761.79738146234


# name: TRAIN_QUERIES
# type: cell
# rows: 1
# columns: 1
# name: <cell-element>
# type: sq_string
# elements: 1
# length: 2
R2





# name: TEST_QUERIES
# type: cell
# rows: 1
# columns: 1
# name: <cell-element>
# type: sq_string
# elements: 1
# length: 2
R5





# name: DATASIZE
# type: sq_string
# elements: 1
# length: 3
500


