# Created by Octave 3.8.2, Mon May 23 11:17:54 2016 CEST <Andrea@Andreas-MacBook-Pro.local>
# name: x
# type: matrix
# rows: 1
# columns: 100
 60 60.60606060606061 61.21212121212122 61.81818181818182 62.42424242424242 63.03030303030303 63.63636363636364 64.24242424242425 64.84848484848484 65.45454545454545 66.06060606060606 66.66666666666667 67.27272727272728 67.87878787878788 68.48484848484848 69.09090909090909 69.6969696969697 70.30303030303031 70.90909090909091 71.51515151515152 72.12121212121212 72.72727272727273 73.33333333333334 73.93939393939394 74.54545454545455 75.15151515151516 75.75757575757576 76.36363636363636 76.96969696969697 77.57575757575758 78.18181818181819 78.78787878787878 79.39393939393939 80 80.60606060606061 81.21212121212122 81.81818181818181 82.42424242424242 83.03030303030303 83.63636363636364 84.24242424242425 84.84848484848484 85.45454545454545 86.06060606060606 86.66666666666667 87.27272727272728 87.87878787878788 88.48484848484848 89.09090909090909 89.6969696969697 90.30303030303031 90.90909090909091 91.51515151515152 92.12121212121212 92.72727272727273 93.33333333333334 93.93939393939394 94.54545454545455 95.15151515151516 95.75757575757576 96.36363636363637 96.96969696969697 97.57575757575758 98.18181818181819 98.78787878787878 99.39393939393939 100 100.6060606060606 101.2121212121212 101.8181818181818 102.4242424242424 103.030303030303 103.6363636363636 104.2424242424242 104.8484848484848 105.4545454545455 106.0606060606061 106.6666666666667 107.2727272727273 107.8787878787879 108.4848484848485 109.0909090909091 109.6969696969697 110.3030303030303 110.9090909090909 111.5151515151515 112.1212121212121 112.7272727272727 113.3333333333333 113.9393939393939 114.5454545454545 115.1515151515152 115.7575757575758 116.3636363636364 116.969696969697 117.5757575757576 118.1818181818182 118.7878787878788 119.3939393939394 120


# name: y
# type: matrix
# rows: 1
# columns: 100
 48418.25481381445 48422.76694231252 48427.27907081059 48431.79119930866 48436.30332780673 48440.8154563048 48445.32758480287 48449.83971330095 48454.35184179902 48458.86397029709 48463.37609879516 48467.88822729323 48472.4003557913 48476.91248428937 48481.42461278744 48485.93674128551 48490.44886978359 48494.96099828166 48499.47312677973 48503.9852552778 48508.49738377587 48513.00951227394 48517.52164077201 48522.03376927009 48526.54589776816 48531.05802626623 48535.5701547643 48540.08228326237 48544.59441176044 48549.10654025852 48553.61866875659 48558.13079725466 48562.64292575273 48567.1550542508 48571.66718274888 48576.17931124695 48580.69143974502 48585.20356824309 48589.71569674116 48594.22782523923 48598.7399537373 48603.25208223538 48607.76421073345 48612.27633923152 48616.78846772959 48621.30059622766 48625.81272472573 48630.3248532238 48634.83698172187 48639.34911021995 48643.86123871802 48648.37336721609 48652.88549571416 48657.39762421223 48661.9097527103 48666.42188120837 48670.93400970644 48675.44613820451 48679.95826670259 48684.47039520066 48688.98252369873 48693.4946521968 48698.00678069487 48702.51890919294 48707.03103769101 48711.54316618908 48716.05529468716 48720.56742318523 48725.0795516833 48729.59168018137 48734.10380867944 48738.61593717751 48743.12806567558 48747.64019417365 48752.15232267173 48756.6644511698 48761.17657966787 48765.68870816594 48770.20083666401 48774.71296516209 48779.22509366016 48783.73722215823 48788.2493506563 48792.76147915437 48797.27360765245 48801.78573615052 48806.29786464859 48810.80999314666 48815.32212164473 48819.8342501428 48824.34637864087 48828.85850713894 48833.37063563702 48837.88276413509 48842.39489263316 48846.90702113123 48851.4191496293 48855.93127812737 48860.44340662544 48864.95553512351


# name: TRAIN_QUERIES
# type: cell
# rows: 1
# columns: 1
# name: <cell-element>
# type: sq_string
# elements: 1
# length: 2
R2





# name: TEST_QUERIES
# type: cell
# rows: 1
# columns: 1
# name: <cell-element>
# type: sq_string
# elements: 1
# length: 2
R5





# name: DATASIZE
# type: sq_string
# elements: 1
# length: 3
500


