# Created by Octave 3.8.2, Mon May 23 11:17:55 2016 CEST <Andrea@Andreas-MacBook-Pro.local>
# name: x
# type: matrix
# rows: 1
# columns: 100
 60 60.60606060606061 61.21212121212122 61.81818181818182 62.42424242424242 63.03030303030303 63.63636363636364 64.24242424242425 64.84848484848484 65.45454545454545 66.06060606060606 66.66666666666667 67.27272727272728 67.87878787878788 68.48484848484848 69.09090909090909 69.6969696969697 70.30303030303031 70.90909090909091 71.51515151515152 72.12121212121212 72.72727272727273 73.33333333333334 73.93939393939394 74.54545454545455 75.15151515151516 75.75757575757576 76.36363636363636 76.96969696969697 77.57575757575758 78.18181818181819 78.78787878787878 79.39393939393939 80 80.60606060606061 81.21212121212122 81.81818181818181 82.42424242424242 83.03030303030303 83.63636363636364 84.24242424242425 84.84848484848484 85.45454545454545 86.06060606060606 86.66666666666667 87.27272727272728 87.87878787878788 88.48484848484848 89.09090909090909 89.6969696969697 90.30303030303031 90.90909090909091 91.51515151515152 92.12121212121212 92.72727272727273 93.33333333333334 93.93939393939394 94.54545454545455 95.15151515151516 95.75757575757576 96.36363636363637 96.96969696969697 97.57575757575758 98.18181818181819 98.78787878787878 99.39393939393939 100 100.6060606060606 101.2121212121212 101.8181818181818 102.4242424242424 103.030303030303 103.6363636363636 104.2424242424242 104.8484848484848 105.4545454545455 106.0606060606061 106.6666666666667 107.2727272727273 107.8787878787879 108.4848484848485 109.0909090909091 109.6969696969697 110.3030303030303 110.9090909090909 111.5151515151515 112.1212121212121 112.7272727272727 113.3333333333333 113.9393939393939 114.5454545454545 115.1515151515152 115.7575757575758 116.3636363636364 116.969696969697 117.5757575757576 118.1818181818182 118.7878787878788 119.3939393939394 120


# name: y
# type: matrix
# rows: 100
# columns: 1
 58076.75469756318
 58081.30430050103
 58085.85390343888
 58090.40350637672
 58094.95310931457
 58099.50271225242
 58104.05231519026
 58108.60191812811
 58113.15152106596
 58117.7011240038
 58122.25072694165
 58126.80032987949
 58131.34993281734
 58135.89953575519
 58140.44913869304
 58144.99874163089
 58149.54834456874
 58154.09794750658
 58158.64755044442
 58163.19715338227
 58167.74675632012
 58172.29635925797
 58176.84596219582
 58181.39556513366
 58185.94516807151
 58190.49477100935
 58195.0443739472
 58199.59397688505
 58204.14357982289
 58208.69318276074
 58213.24278569859
 58217.79238863644
 58222.34199157429
 58226.89159451213
 58231.44119744998
 58235.99080038782
 58240.54040332567
 58245.09000626352
 58249.63960920137
 58254.18921213922
 58258.73881507706
 58263.2884180149
 58267.83802095275
 58272.3876238906
 58276.93722682845
 58281.48682976629
 58286.03643270414
 58290.58603564199
 58295.13563857984
 58299.68524151768
 58304.23484445553
 58308.78444739337
 58313.33405033122
 58317.88365326907
 58322.43325620692
 58326.98285914477
 58331.53246208261
 58336.08206502046
 58340.6316679583
 58345.18127089615
 58349.730873834
 58354.28047677185
 58358.83007970969
 58363.37968264754
 58367.92928558539
 58372.47888852323
 58377.02849146108
 58381.57809439892
 58386.12769733678
 58390.67730027462
 58395.22690321247
 58399.77650615032
 58404.32610908816
 58408.87571202601
 58413.42531496385
 58417.9749179017
 58422.52452083955
 58427.0741237774
 58431.62372671525
 58436.17332965309
 58440.72293259094
 58445.27253552878
 58449.82213846663
 58454.37174140448
 58458.92134434232
 58463.47094728018
 58468.02055021802
 58472.57015315587
 58477.11975609371
 58481.66935903156
 58486.21896196941
 58490.76856490725
 58495.3181678451
 58499.86777078295
 58504.4173737208
 58508.96697665864
 58513.51657959649
 58518.06618253433
 58522.61578547218
 58527.16538841003


# name: TRAIN_QUERIES
# type: cell
# rows: 1
# columns: 1
# name: <cell-element>
# type: sq_string
# elements: 1
# length: 2
R2





# name: TEST_QUERIES
# type: cell
# rows: 1
# columns: 1
# name: <cell-element>
# type: sq_string
# elements: 1
# length: 2
R5





# name: DATASIZE
# type: sq_string
# elements: 1
# length: 3
500


