# Created by Octave 3.8.2, Mon May 23 11:17:54 2016 CEST <Andrea@Andreas-MacBook-Pro.local>
# name: SVs
# type: cell
# rows: 1
# columns: 7
# name: <cell-element>
# type: sparse matrix
# nnz: 28
# rows: 4
# columns: 7
1 1 1.402111736812761
2 1 0.7197541381657389
3 1 1.333968598689198
4 1 0.8534602373382841
1 2 1.116234115773468
2 2 0.7494659790047405
3 2 1.445781190372633
4 2 0.7924523853765281
1 3 1.003953907205794
2 3 0.9164909938697322
3 3 0.9906893895434528
4 3 0.9426055130174662
1 4 0.9367346901557867
2 4 0.8976063188804173
3 4 0.9958265161634874
4 4 0.8932143588393044
1 5 0.3169150219039014
2 5 0.8542696388796446
3 5 1.602921809365663
4 5 0.600026590049898
1 6 0.3100537799906116
2 6 0.8376091676867959
3 6 1.60005315946594
4 6 0.5951687916800281
1 7 -1.381556656547263
2 7 -1.381556656547263
3 7 0.5676941897812388
4 7 1.54231961294549



# name: <cell-element>
# type: sparse matrix
# nnz: 42
# rows: 6
# columns: 7
1 1 0.8387730755291277
2 1 0.7671897013061223
3 1 1.402111736812761
4 1 0.7197541381657389
5 1 1.021304063959139
6 1 1.242405391734817
1 2 0.7546778501635517
2 2 0.7524178352362796
3 2 1.116234115773468
4 2 0.7494659790047405
5 2 1.075692215343424
6 2 1.322218333430553
1 3 0.9641603542187706
2 3 0.9280974468242806
3 3 1.003953907205794
4 3 0.9164909938697322
5 3 0.9977361645515714
6 3 0.9591861600953926
1 4 0.934339075587907
2 4 0.9323427301146738
3 4 0.9367346901557867
4 4 0.8976063188804173
5 4 0.9295478464521474
6 4 0.9155734281395155
1 5 0.5365730129389326
2 5 0.700351840346965
3 5 0.3169150219039014
4 5 0.8542696388796446
5 5 1.198333798552278
6 5 1.409774265524515
1 6 0.5308362440649499
2 6 0.698043873359068
3 6 0.3100537799906116
4 6 0.8376091676867959
5 6 1.212419281754267
6 6 1.427929754108212
1 7 -1.381556656547263
2 7 -0.4069312333830123
3 7 -1.381556656547263
4 7 -1.381556656547263
5 7 1.54231961294549
6 7 -0.4069312333830123



# name: <cell-element>
# type: sparse matrix
# nnz: 56
# rows: 8
# columns: 7
1 1 0.8387730755291277
2 1 0.851012377036758
3 1 0.7671897013061223
4 1 1.402111736812761
5 1 1.107111491285607
6 1 0.7197541381657389
7 1 1.021304063959139
8 1 1.242405391734817
1 2 0.7546778501635517
2 2 0.7416251108897149
3 2 0.7524178352362796
4 2 1.116234115773468
5 2 1.016424476944554
6 2 0.7494659790047405
7 2 1.075692215343424
8 2 1.322218333430553
1 3 0.9641603542187706
2 3 0.975766807173319
3 3 0.9280974468242806
4 3 1.003953907205794
5 3 0.9305845438859696
6 3 0.9164909938697322
7 3 0.9977361645515714
8 3 0.9591861600953926
1 4 0.934339075587907
2 4 1.108819669948482
3 4 0.9323427301146738
4 4 0.9367346901557867
5 4 0.8728516350123265
6 4 0.8976063188804173
7 4 0.9295478464521474
8 4 0.9155734281395155
1 5 0.5365730129389326
2 5 0.4157396808503712
3 5 0.700351840346965
4 5 0.3169150219039014
5 5 0.937230903548373
6 5 0.8542696388796446
7 5 1.198333798552278
8 5 1.409774265524515
1 6 0.5308362440649499
2 6 0.4337318560258008
3 6 0.698043873359068
4 6 0.3100537799906116
5 6 0.9217473058190301
6 6 0.8376091676867959
7 6 1.212419281754267
8 6 1.427929754108212
1 7 -1.381556656547263
2 7 1.54231961294549
3 7 -0.4069312333830123
4 7 -1.381556656547263
5 7 0.5676941897812388
6 7 -1.381556656547263
7 7 1.54231961294549
8 7 -0.4069312333830123



# name: <cell-element>
# type: sparse matrix
# nnz: 70
# rows: 10
# columns: 7
1 1 0.8387730755291277
2 1 0.851012377036758
3 1 0.7671897013061223
4 1 1.402111736812761
5 1 0.8236228050142772
6 1 1.107111491285607
7 1 0.7197541381657389
8 1 1.129076075612813
9 1 1.021304063959139
10 1 1.242405391734817
1 2 0.7546778501635517
2 2 0.7416251108897149
3 2 0.7524178352362796
4 2 1.116234115773468
5 2 0.735905889441108
6 2 1.016424476944554
7 2 0.7494659790047405
8 2 1.093910703022454
9 2 1.075692215343424
10 2 1.322218333430553
1 3 0.9641603542187706
2 3 0.975766807173319
3 3 0.9280974468242806
4 3 1.003953907205794
5 3 1.003953907205794
6 3 0.9305845438859696
7 3 0.9164909938697322
8 3 1.010586166036964
9 3 0.9977361645515714
10 3 0.9591861600953926
1 4 0.934339075587907
2 4 1.108819669948482
3 4 0.9323427301146738
4 4 0.9367346901557867
5 4 0.9906360179330812
6 4 0.8728516350123265
7 4 0.8976063188804173
8 4 0.9918338252170211
9 4 0.9295478464521474
10 4 0.9155734281395155
1 5 0.5365730129389326
2 5 0.4157396808503712
3 5 0.700351840346965
4 5 0.3169150219039014
5 5 0.499344056097927
6 5 0.937230903548373
7 5 0.8542696388796446
8 5 1.004042947015437
9 5 1.198333798552278
10 5 1.409774265524515
1 6 0.5308362440649499
2 6 0.4337318560258008
3 6 0.698043873359068
4 6 0.3100537799906116
5 6 0.5229282564843589
6 6 0.9217473058190301
7 6 0.8376091676867959
8 6 1.017355588099689
9 6 1.212419281754267
10 6 1.427929754108212
1 7 -1.381556656547263
2 7 1.54231961294549
3 7 -0.4069312333830123
4 7 -1.381556656547263
5 7 -1.381556656547263
6 7 0.5676941897812388
7 7 -1.381556656547263
8 7 -1.381556656547263
9 7 1.54231961294549
10 7 -0.4069312333830123



# name: <cell-element>
# type: sparse matrix
# nnz: 77
# rows: 11
# columns: 7
1 1 0.8387730755291277
2 1 1.131590094300867
3 1 0.851012377036758
4 1 0.7671897013061223
5 1 1.131590094300867
6 1 1.402111736812761
7 1 0.8236228050142772
8 1 1.107111491285607
9 1 0.7197541381657389
10 1 1.021304063959139
11 1 1.333968598689198
1 2 0.7546778501635517
2 2 1.157421734754162
3 2 0.7416251108897149
4 2 0.7524178352362796
5 2 1.157421734754162
6 2 1.116234115773468
7 2 0.735905889441108
8 2 1.016424476944554
9 2 0.7494659790047405
10 2 1.075692215343424
11 2 1.445781190372633
1 3 0.9641603542187706
2 3 0.9985651969054677
3 3 0.975766807173319
4 3 0.9280974468242806
5 3 0.9985651969054677
6 3 1.003953907205794
7 3 1.003953907205794
8 3 0.9305845438859696
9 3 0.9164909938697322
10 3 0.9977361645515714
11 3 0.9906893895434528
1 4 0.934339075587907
2 4 0.9295478464521474
3 4 1.108819669948482
4 4 0.9323427301146738
5 4 0.9295478464521474
6 4 0.9367346901557867
7 4 0.9906360179330812
8 4 0.8728516350123265
9 4 0.8976063188804173
10 4 0.9295478464521474
11 4 0.9958265161634874
1 5 0.5365730129389326
2 5 1.207694630310765
3 5 0.4157396808503712
4 5 0.700351840346965
5 5 1.207694630310765
6 5 0.3169150219039014
7 5 0.499344056097927
8 5 0.937230903548373
9 5 0.8542696388796446
10 5 1.198333798552278
11 5 1.602921809365663
1 6 0.5308362440649499
2 6 1.191758773660831
3 6 0.4337318560258008
4 6 0.698043873359068
5 6 1.191758773660831
6 6 0.3100537799906116
7 6 0.5229282564843589
8 6 0.9217473058190301
9 6 0.8376091676867959
10 6 1.212419281754267
11 6 1.60005315946594
1 7 -1.381556656547263
2 7 -0.4069312333830123
3 7 1.54231961294549
4 7 -0.4069312333830123
5 7 -0.4069312333830123
6 7 -1.381556656547263
7 7 -1.381556656547263
8 7 0.5676941897812388
9 7 -1.381556656547263
10 7 1.54231961294549
11 7 0.5676941897812388



