# Created by Octave 3.8.2, Mon May 23 11:17:55 2016 CEST <Andrea@Andreas-MacBook-Pro.local>
# name: x
# type: matrix
# rows: 1
# columns: 100
 60 60.60606060606061 61.21212121212122 61.81818181818182 62.42424242424242 63.03030303030303 63.63636363636364 64.24242424242425 64.84848484848484 65.45454545454545 66.06060606060606 66.66666666666667 67.27272727272728 67.87878787878788 68.48484848484848 69.09090909090909 69.6969696969697 70.30303030303031 70.90909090909091 71.51515151515152 72.12121212121212 72.72727272727273 73.33333333333334 73.93939393939394 74.54545454545455 75.15151515151516 75.75757575757576 76.36363636363636 76.96969696969697 77.57575757575758 78.18181818181819 78.78787878787878 79.39393939393939 80 80.60606060606061 81.21212121212122 81.81818181818181 82.42424242424242 83.03030303030303 83.63636363636364 84.24242424242425 84.84848484848484 85.45454545454545 86.06060606060606 86.66666666666667 87.27272727272728 87.87878787878788 88.48484848484848 89.09090909090909 89.6969696969697 90.30303030303031 90.90909090909091 91.51515151515152 92.12121212121212 92.72727272727273 93.33333333333334 93.93939393939394 94.54545454545455 95.15151515151516 95.75757575757576 96.36363636363637 96.96969696969697 97.57575757575758 98.18181818181819 98.78787878787878 99.39393939393939 100 100.6060606060606 101.2121212121212 101.8181818181818 102.4242424242424 103.030303030303 103.6363636363636 104.2424242424242 104.8484848484848 105.4545454545455 106.0606060606061 106.6666666666667 107.2727272727273 107.8787878787879 108.4848484848485 109.0909090909091 109.6969696969697 110.3030303030303 110.9090909090909 111.5151515151515 112.1212121212121 112.7272727272727 113.3333333333333 113.9393939393939 114.5454545454545 115.1515151515152 115.7575757575758 116.3636363636364 116.969696969697 117.5757575757576 118.1818181818182 118.7878787878788 119.3939393939394 120


# name: y
# type: matrix
# rows: 100
# columns: 1
 67291.51802530867
 67292.93599157053
 67294.29334237408
 67295.59140182687
 67296.83149403641
 67298.01494311023
 67299.14307315585
 67300.2172082808
 67301.23867259259
 67302.20879019875
 67303.1288852068
 67304.00028172426
 67304.82430385868
 67305.60227571754
 67306.33552140839
 67307.02536503873
 67307.67313071611
 67308.28014254803
 67308.84772464202
 67309.37720110561
 67309.86989604634
 67310.32713357169
 67310.75023778919
 67311.14053280638
 67311.49934273079
 67311.82799166992
 67312.12780373132
 67312.40010302248
 67312.64621365094
 67312.86745972422
 67313.06516534985
 67313.24065463534
 67313.39525168823
 67313.53028061602
 67313.64706552624
 67313.74693052641
 67313.83119972408
 67313.90119722673
 67313.95824714191
 67314.00367357716
 67314.03880063994
 67314.06495243784
 67314.08345307835
 67314.09562666899
 67314.10279731729
 67314.10628913078
 67314.10742621697
 67314.10753268338
 67314.10793263755
 67314.10995018699
 67314.11490943922
 67314.12413450178
 67314.13894948216
 67314.16067848791
 67314.19064562656
 67314.23017500561
 67314.28059073258
 67314.34321691502
 67314.41937766042
 67314.51039707633
 67314.61759927025
 67314.74230834973
 67314.88584842226
 67315.04954359538
 67315.23471797662
 67315.4426956735
 67315.67480079352
 67315.93235744422
 67316.21668973313
 67316.52912176776
 67316.87097765564
 67317.24358150428
 67317.64825742123
 67318.08632951399
 67318.55912189008
 67319.06795865702
 67319.61416392235
 67320.1990617936
 67320.82397637826
 67321.49023178389
 67322.19915211797
 67322.95206148806
 67323.75028400165
 67324.5951437663
 67325.4879648895
 67326.4300714788
 67327.4227876417
 67328.46743748573
 67329.5653451184
 67330.71783464728
 67331.92623017983
 67333.19185582361
 67334.51603568613
 67335.90009387492
 67337.34535449751
 67338.8531416614
 67340.42477947412
 67342.0615920432
 67343.76490347617
 67345.53603788052


# name: TRAIN_QUERIES
# type: cell
# rows: 1
# columns: 1
# name: <cell-element>
# type: sq_string
# elements: 1
# length: 2
R2





# name: TEST_QUERIES
# type: cell
# rows: 1
# columns: 1
# name: <cell-element>
# type: sq_string
# elements: 1
# length: 2
R5





# name: DATASIZE
# type: sq_string
# elements: 1
# length: 3
500


