# Created by Octave 3.8.2, Mon May 23 11:17:55 2016 CEST <Andrea@Andreas-MacBook-Pro.local>
# name: x
# type: matrix
# rows: 1
# columns: 100
 60 60.60606060606061 61.21212121212122 61.81818181818182 62.42424242424242 63.03030303030303 63.63636363636364 64.24242424242425 64.84848484848484 65.45454545454545 66.06060606060606 66.66666666666667 67.27272727272728 67.87878787878788 68.48484848484848 69.09090909090909 69.6969696969697 70.30303030303031 70.90909090909091 71.51515151515152 72.12121212121212 72.72727272727273 73.33333333333334 73.93939393939394 74.54545454545455 75.15151515151516 75.75757575757576 76.36363636363636 76.96969696969697 77.57575757575758 78.18181818181819 78.78787878787878 79.39393939393939 80 80.60606060606061 81.21212121212122 81.81818181818181 82.42424242424242 83.03030303030303 83.63636363636364 84.24242424242425 84.84848484848484 85.45454545454545 86.06060606060606 86.66666666666667 87.27272727272728 87.87878787878788 88.48484848484848 89.09090909090909 89.6969696969697 90.30303030303031 90.90909090909091 91.51515151515152 92.12121212121212 92.72727272727273 93.33333333333334 93.93939393939394 94.54545454545455 95.15151515151516 95.75757575757576 96.36363636363637 96.96969696969697 97.57575757575758 98.18181818181819 98.78787878787878 99.39393939393939 100 100.6060606060606 101.2121212121212 101.8181818181818 102.4242424242424 103.030303030303 103.6363636363636 104.2424242424242 104.8484848484848 105.4545454545455 106.0606060606061 106.6666666666667 107.2727272727273 107.8787878787879 108.4848484848485 109.0909090909091 109.6969696969697 110.3030303030303 110.9090909090909 111.5151515151515 112.1212121212121 112.7272727272727 113.3333333333333 113.9393939393939 114.5454545454545 115.1515151515152 115.7575757575758 116.3636363636364 116.969696969697 117.5757575757576 118.1818181818182 118.7878787878788 119.3939393939394 120


# name: y
# type: matrix
# rows: 100
# columns: 1
 69171.99196314823
 69172.21995929925
 69172.42436767621
 69172.60718230059
 69172.77026800392
 69172.9153661326
 69173.04410012378
 69173.15798095262
 69173.25841245052
 69173.34669649464
 69173.42403806839
 69173.49155019337
 69173.55025873221
 69173.6011070627
 69173.64496062303
 69173.68261132827
 69173.71478185785
 69173.74212981442
 69173.76525175359
 69173.78468708521
 69173.80092184537
 69173.8143923399
 69173.82548865891
 69173.83455806249
 69173.84190823746
 69173.84781042558
 69173.85250242257
 69173.85619144853
 69173.85905688943
 69173.86125290974
 69173.86291093631
 69173.86414201328
 69173.86503902829
 69173.86567880971
 69173.86612409519
 69173.86642537118
 69173.86662258381
 69173.86674672076
 69173.86682126437
 69173.86686351597
 69173.8668857912
 69173.86689648667
 69173.86690101767
 69173.86690262707
 69173.86690306538
 69173.86690314204
 69173.86690314766
 69173.86690314769
 69173.86690314711
 69173.86690312618
 69173.86690294763
 69173.8669021347
 69173.86689952057
 69173.8668927688
 69173.86687776507
 69173.86684787995
 69173.86679310288
 69173.8666990473
 69173.86654582703
 69173.86630680364
 69173.86594720515
 69173.86542261578
 69173.86467733685
 69173.86364261898
 69173.86223476527
 69173.86035310576
 69173.85787784301
 69173.85466776886
 69173.85055785229
 69173.84535669853
 69173.83884387926
 69173.830767134
 69173.82083944266
 69173.80873596923
 69173.79409087668
 69173.7764940129
 69173.75548746802
 69173.73056200262
 69173.70115334733
 69173.66663837341
 69173.6263311347
 69173.57947878046
 69173.52525733963
 69173.46276737604
 69173.39102951497
 69173.30897984072
 69173.2154651654
 69173.10923816886
 69172.98895240987
 69172.8531572083
 69172.70029239856
 69172.52868295425
 69172.33653348382
 69172.12192259757
 69171.88279714559
 69171.61696632713
 69171.32209567088
 69170.99570088656
 69170.63514158761
 69170.23761488509


# name: TRAIN_QUERIES
# type: cell
# rows: 1
# columns: 1
# name: <cell-element>
# type: sq_string
# elements: 1
# length: 2
R2





# name: TEST_QUERIES
# type: cell
# rows: 1
# columns: 1
# name: <cell-element>
# type: sq_string
# elements: 1
# length: 2
R5





# name: DATASIZE
# type: sq_string
# elements: 1
# length: 3
500


