# Created by Octave 3.8.2, Mon May 23 11:17:55 2016 CEST <Andrea@Andreas-MacBook-Pro.local>
# name: x
# type: matrix
# rows: 1
# columns: 100
 60 60.60606060606061 61.21212121212122 61.81818181818182 62.42424242424242 63.03030303030303 63.63636363636364 64.24242424242425 64.84848484848484 65.45454545454545 66.06060606060606 66.66666666666667 67.27272727272728 67.87878787878788 68.48484848484848 69.09090909090909 69.6969696969697 70.30303030303031 70.90909090909091 71.51515151515152 72.12121212121212 72.72727272727273 73.33333333333334 73.93939393939394 74.54545454545455 75.15151515151516 75.75757575757576 76.36363636363636 76.96969696969697 77.57575757575758 78.18181818181819 78.78787878787878 79.39393939393939 80 80.60606060606061 81.21212121212122 81.81818181818181 82.42424242424242 83.03030303030303 83.63636363636364 84.24242424242425 84.84848484848484 85.45454545454545 86.06060606060606 86.66666666666667 87.27272727272728 87.87878787878788 88.48484848484848 89.09090909090909 89.6969696969697 90.30303030303031 90.90909090909091 91.51515151515152 92.12121212121212 92.72727272727273 93.33333333333334 93.93939393939394 94.54545454545455 95.15151515151516 95.75757575757576 96.36363636363637 96.96969696969697 97.57575757575758 98.18181818181819 98.78787878787878 99.39393939393939 100 100.6060606060606 101.2121212121212 101.8181818181818 102.4242424242424 103.030303030303 103.6363636363636 104.2424242424242 104.8484848484848 105.4545454545455 106.0606060606061 106.6666666666667 107.2727272727273 107.8787878787879 108.4848484848485 109.0909090909091 109.6969696969697 110.3030303030303 110.9090909090909 111.5151515151515 112.1212121212121 112.7272727272727 113.3333333333333 113.9393939393939 114.5454545454545 115.1515151515152 115.7575757575758 116.3636363636364 116.969696969697 117.5757575757576 118.1818181818182 118.7878787878788 119.3939393939394 120


# name: y
# type: matrix
# rows: 100
# columns: 1
 65212.30518211208
 65210.23777332762
 65208.21503788957
 65206.23697579796
 65204.30358705277
 65202.41487165401
 65200.57082960165
 65198.77146089573
 65197.01676553623
 65195.30674352316
 65193.6413948565
 65192.02071953627
 65190.44471756247
 65188.91338893508
 65187.42673365412
 65185.98475171958
 65184.58744313147
 65183.23480788978
 65181.9268459945
 65180.66355744565
 65179.44494224323
 65178.27100038723
 65177.14173187765
 65176.05713671449
 65175.01721489776
 65174.02196642745
 65173.07139130357
 65172.1654895261
 65171.30426109507
 65170.48770601045
 65169.71582427225
 65168.98861588048
 65168.30608083513
 65167.66821913621
 65167.0750307837
 65166.52651577762
 65166.02267411796
 65165.56350580473
 65165.14901083792
 65164.77918921753
 65164.45404094356
 65164.17356601603
 65163.93776443491
 65163.74663620022
 65163.60018131194
 65163.49839977008
 65163.44129157466
 65163.42885672566
 65163.46109522307
 65163.53800706691
 65163.65959225718
 65163.82585079387
 65164.03678267698
 65164.29238790651
 65164.59266648247
 65164.93761840485
 65165.32724367365
 65165.76154228888
 65166.24051425052
 65166.7641595586
 65167.33247821309
 65167.94547021401
 65168.60313556134
 65169.3054742551
 65170.0524862953
 65170.84417168191
 65171.68053041493
 65172.56156249439
 65173.48726792027
 65174.45764669256
 65175.4726988113
 65176.53242427644
 65177.63682308801
 65178.785895246
 65179.97964075042
 65181.21805960125
 65182.50115179852
 65183.8289173422
 65185.20135623231
 65186.61846846883
 65188.08025405179
 65189.58671298117
 65191.13784525696
 65192.73365087919
 65194.37412984783
 65196.0592821629
 65197.78910782439
 65199.56360683231
 65201.38277918665
 65203.24662488741
 65205.15514393459
 65207.10833632819
 65209.10620206822
 65211.14874115467
 65213.23595358755
 65215.36783936685
 65217.54439849257
 65219.76563096471
 65222.03153678328
 65224.34211594827


# name: TRAIN_QUERIES
# type: cell
# rows: 1
# columns: 1
# name: <cell-element>
# type: sq_string
# elements: 1
# length: 2
R2





# name: TEST_QUERIES
# type: cell
# rows: 1
# columns: 1
# name: <cell-element>
# type: sq_string
# elements: 1
# length: 2
R5





# name: DATASIZE
# type: sq_string
# elements: 1
# length: 3
500


