# Created by Octave 3.8.2, Mon May 23 11:17:55 2016 CEST <Andrea@Andreas-MacBook-Pro.local>
# name: x
# type: matrix
# rows: 1
# columns: 100
 60 60.60606060606061 61.21212121212122 61.81818181818182 62.42424242424242 63.03030303030303 63.63636363636364 64.24242424242425 64.84848484848484 65.45454545454545 66.06060606060606 66.66666666666667 67.27272727272728 67.87878787878788 68.48484848484848 69.09090909090909 69.6969696969697 70.30303030303031 70.90909090909091 71.51515151515152 72.12121212121212 72.72727272727273 73.33333333333334 73.93939393939394 74.54545454545455 75.15151515151516 75.75757575757576 76.36363636363636 76.96969696969697 77.57575757575758 78.18181818181819 78.78787878787878 79.39393939393939 80 80.60606060606061 81.21212121212122 81.81818181818181 82.42424242424242 83.03030303030303 83.63636363636364 84.24242424242425 84.84848484848484 85.45454545454545 86.06060606060606 86.66666666666667 87.27272727272728 87.87878787878788 88.48484848484848 89.09090909090909 89.6969696969697 90.30303030303031 90.90909090909091 91.51515151515152 92.12121212121212 92.72727272727273 93.33333333333334 93.93939393939394 94.54545454545455 95.15151515151516 95.75757575757576 96.36363636363637 96.96969696969697 97.57575757575758 98.18181818181819 98.78787878787878 99.39393939393939 100 100.6060606060606 101.2121212121212 101.8181818181818 102.4242424242424 103.030303030303 103.6363636363636 104.2424242424242 104.8484848484848 105.4545454545455 106.0606060606061 106.6666666666667 107.2727272727273 107.8787878787879 108.4848484848485 109.0909090909091 109.6969696969697 110.3030303030303 110.9090909090909 111.5151515151515 112.1212121212121 112.7272727272727 113.3333333333333 113.9393939393939 114.5454545454545 115.1515151515152 115.7575757575758 116.3636363636364 116.969696969697 117.5757575757576 118.1818181818182 118.7878787878788 119.3939393939394 120


# name: y
# type: matrix
# rows: 100
# columns: 1
 68489.26813499905
 68490.33784110274
 68491.33969620831
 68492.2766320325
 68493.15151554342
 68493.96714896032
 68494.72626975374
 68495.43155064547
 68496.08559960854
 68496.69095986721
 68497.250109897
 68497.76546342469
 68498.23936942827
 68498.67411213699
 68499.07191103137
 68499.43492084315
 68499.76523155531
 68500.0648684021
 68500.335791869
 68500.57989769275
 68500.79901686127
 68500.99491561386
 68501.16929544092
 68501.32379308419
 68501.45998053663
 68501.57936504242
 68501.68338909702
 68501.77343044711
 68501.85080209066
 68501.91675227681
 68501.97246450602
 68502.01905752995
 68502.05758535155
 68502.08903722494
 68502.11433765556
 68502.13434640005
 68502.14985846633
 68502.16160411354
 68502.17024885208
 68502.17639344357
 68502.18057390093
 68502.18326148824
 68502.18486272093
 68502.18571936559
 68502.18610844009
 68502.18624221353
 68502.18626820631
 68502.18626918999
 68502.18626318744
 68502.18620347275
 68502.18597857127
 68502.18541225957
 68502.18426356548
 68502.18222676808
 68502.17893139772
 68502.17394223594
 68502.16675931556
 68502.15681792062
 68502.14348858647
 68502.12607709962
 68502.10382449788
 68502.07590707029
 68502.04143635715
 68501.99945914996
 68501.94895749154
 68501.88884867588
 68501.81798524826
 68501.7351550052
 68501.63908099446
 68501.52842151503
 68501.40177011718
 68501.2576556024
 68501.09454202343
 68500.91082868428
 68500.70485014014
 68500.47487619754
 68500.21911191416
 68499.93569759899
 68499.62270881225
 68499.2781563654
 68498.89998632114
 68498.48607999342
 68498.03425394745
 68497.54225999967
 68497.00778521776
 68496.42845192067
 68495.80181767857
 68495.1253753129
 68494.3965528963
 68493.61271375271
 68492.7711564573
 68491.86911483646
 68490.90375796784
 68489.87219018037
 68488.77145105417
 68487.59851542063
 68486.35029336238
 68485.02363021333
 68483.61530655858
 68482.12203823452


# name: TRAIN_QUERIES
# type: cell
# rows: 1
# columns: 1
# name: <cell-element>
# type: sq_string
# elements: 1
# length: 2
R2





# name: TEST_QUERIES
# type: cell
# rows: 1
# columns: 1
# name: <cell-element>
# type: sq_string
# elements: 1
# length: 2
R5





# name: DATASIZE
# type: sq_string
# elements: 1
# length: 3
500


