# Created by Octave 3.8.2, Wed May 11 14:03:53 2016 CEST <Andrea@Andreas-MacBook-Pro.local>
# name: ylin
# type: matrix
# rows: 1
# columns: 100
 26372.49410596124 26399.17119275632 26425.8482795514 26452.52536634648 26479.20245314157 26505.87953993665 26532.55662673173 26559.23371352682 26585.9108003219 26612.58788711698 26639.26497391206 26665.94206070715 26692.61914750223 26719.29623429732 26745.9733210924 26772.65040788748 26799.32749468257 26826.00458147765 26852.68166827273 26879.35875506781 26906.0358418629 26932.71292865798 26959.39001545306 26986.06710224815 27012.74418904323 27039.42127583831 27066.09836263339 27092.77544942848 27119.45253622356 27146.12962301865 27172.80670981373 27199.48379660881 27226.1608834039 27252.83797019898 27279.51505699406 27306.19214378914 27332.86923058423 27359.54631737931 27386.22340417439 27412.90049096948 27439.57757776456 27466.25466455964 27492.93175135472 27519.60883814981 27546.28592494489 27572.96301173998 27599.64009853506 27626.31718533014 27652.99427212523 27679.67135892031 27706.34844571539 27733.02553251047 27759.70261930556 27786.37970610064 27813.05679289572 27839.73387969081 27866.41096648589 27893.08805328097 27919.76514007606 27946.44222687114 27973.11931366622 27999.79640046131 28026.47348725639 28053.15057405147 28079.82766084656 28106.50474764164 28133.18183443672 28159.8589212318 28186.53600802689 28213.21309482197 28239.89018161705 28266.56726841214 28293.24435520722 28319.9214420023 28346.59852879739 28373.27561559247 28399.95270238755 28426.62978918264 28453.30687597772 28479.9839627728 28506.66104956789 28533.33813636297 28560.01522315805 28586.69230995313 28613.36939674822 28640.0464835433 28666.72357033838 28693.40065713347 28720.07774392855 28746.75483072364 28773.43191751872 28800.1090043138 28826.78609110888 28853.46317790397 28880.14026469905 28906.81735149413 28933.49443828922 28960.1715250843 28986.84861187938 29013.52569867446


