# Created by Octave 3.8.2, Wed May 11 14:03:38 2016 CEST <Andrea@Andreas-MacBook-Pro.local>
# name: mu
# type: matrix
# rows: 1
# columns: 2
 27653.85714285714 89.11051212938006


