# Created by Octave 3.8.2, Wed May 11 14:03:38 2016 CEST <Andrea@Andreas-MacBook-Pro.local>
# name: sigma
# type: matrix
# rows: 1
# columns: 2
 6311.508243404561 20.90431670167765


