# Created by Octave 3.8.2, Wed May 11 14:03:53 2016 CEST <Andrea@Andreas-MacBook-Pro.local>
# name: ysvr
# type: matrix
# rows: 100
# columns: 1
 26472.56406960444
 26540.39488926152
 26605.40174467252
 26667.64467886201
 26727.18373485451
 26784.0789556746
 26838.39038434681
 26890.17806389567
 26939.50203734574
 26986.42234772157
 27030.9990380477
 27073.29215134867
 27113.36173064903
 27151.26781897333
 27187.0704593461
 27220.8296947919
 27252.60556833527
 27282.45812300075
 27310.4474018129
 27336.63344779625
 27361.07630397535
 27383.83601337475
 27404.97261901899
 27424.54616393261
 27442.61669114017
 27459.2442436662
 27474.48886453526
 27488.41059677188
 27501.06948340062
 27512.52556744601
 27522.83889193261
 27532.06949988495
 27540.27743432759
 27547.52273828506
 27553.86545478193
 27559.36562684271
 27564.08329749198
 27568.07850975426
 27571.41130665411
 27574.14173121607
 27576.32982646468
 27578.03563542449
 27579.31920112005
 27580.2405665759
 27580.85977481658
 27581.23686886665
 27581.43189175064
 27581.5048864931
 27581.51589611858
 27581.52496365162
 27581.59213211677
 27581.77744453857
 27582.14094394157
 27582.74267335031
 27583.64267578934
 27584.9009942832
 27586.57767185644
 27588.73275153361
 27591.42627633924
 27594.71828929789
 27598.66883343409
 27603.3379517724
 27608.78568733736
 27615.07208315351
 27622.25718224541
 27630.40102763759
 27639.5636623546
 27649.80512942099
 27661.18547186129
 27673.76473270007
 27687.60295496185
 27702.76018167119
 27719.29645585263
 27737.27182053072
 27756.74631873
 27777.77999347502
 27800.43288779032
 27824.76504470045
 27850.83650722995
 27878.70731840337
 27908.43752124525
 27940.08715878014
 27973.71627403259
 28009.38491002714
 28047.15310978832
 28087.0809163407
 28129.22837270881
 28173.6555219172
 28220.42240699042
 28269.58907095301
 28321.21555682951
 28375.36190764447
 28432.08816642245
 28491.45437618796
 28553.52057996558
 28618.34682077984
 28685.99314165528
 28756.51958561646
 28829.98619568791
 28906.45301489419


