# Created by Octave 3.8.2, Wed May 11 14:03:53 2016 CEST <Andrea@Andreas-MacBook-Pro.local>
# name: ysvr
# type: matrix
# rows: 100
# columns: 1
 26434.56373624341
 26459.59403720133
 26484.62433815926
 26509.65463911718
 26534.68494007511
 26559.71524103303
 26584.74554199096
 26609.77584294888
 26634.80614390681
 26659.83644486473
 26684.86674582266
 26709.89704678058
 26734.92734773851
 26759.95764869643
 26784.98794965436
 26810.01825061228
 26835.04855157021
 26860.07885252813
 26885.10915348606
 26910.13945444398
 26935.16975540191
 26960.20005635983
 26985.23035731776
 27010.26065827568
 27035.29095923361
 27060.32126019153
 27085.35156114946
 27110.38186210738
 27135.41216306531
 27160.44246402323
 27185.47276498116
 27210.50306593908
 27235.53336689701
 27260.56366785493
 27285.59396881286
 27310.62426977078
 27335.65457072871
 27360.68487168663
 27385.71517264456
 27410.74547360248
 27435.77577456041
 27460.80607551833
 27485.83637647626
 27510.86667743418
 27535.89697839211
 27560.92727935003
 27585.95758030796
 27610.98788126588
 27636.01818222381
 27661.04848318173
 27686.07878413966
 27711.10908509758
 27736.13938605551
 27761.16968701343
 27786.19998797136
 27811.23028892928
 27836.26058988721
 27861.29089084513
 27886.32119180306
 27911.35149276098
 27936.38179371891
 27961.41209467683
 27986.44239563476
 28011.47269659268
 28036.50299755061
 28061.53329850853
 28086.56359946646
 28111.59390042438
 28136.62420138231
 28161.65450234023
 28186.68480329816
 28211.71510425608
 28236.74540521401
 28261.77570617193
 28286.80600712986
 28311.83630808778
 28336.86660904571
 28361.89691000363
 28386.92721096156
 28411.95751191948
 28436.98781287741
 28462.01811383533
 28487.04841479326
 28512.07871575118
 28537.10901670911
 28562.13931766703
 28587.16961862496
 28612.19991958288
 28637.23022054081
 28662.26052149873
 28687.29082245666
 28712.32112341458
 28737.35142437251
 28762.38172533043
 28787.41202628836
 28812.44232724628
 28837.47262820421
 28862.50292916213
 28887.53323012006
 28912.56353107798


