# Created by Octave 3.8.2, Wed May 11 14:03:53 2016 CEST <Andrea@Andreas-MacBook-Pro.local>
# name: ysvr
# type: matrix
# rows: 100
# columns: 1
 26474.35021870733
 26471.15562736802
 26469.76691408913
 26470.19258402622
 26472.43375478607
 26476.48428643844
 26482.33096831217
 26489.953759492
 26499.32607933161
 26510.41514376198
 26523.18234271132
 26537.58365356891
 26553.57008532577
 26571.08814781189
 26590.08034032617
 26610.48565391828
 26632.24008163198
 26655.27713115068
 26679.52833449544
 26704.92374970421
 26731.39244976347
 26758.86299445876
 26787.26388125042
 26816.52397175502
 26846.5728909104
 26877.34139641317
 26908.76171653099
 26940.76785489869
 26973.29586139689
 27006.28406867734
 27039.67329433134
 27073.40700909165
 27107.43147180764
 27141.69583223565
 27176.1522029378
 27210.75570178313
 27245.46446669416
 27280.23964438214
 27315.04535486794
 27349.84863359701
 27384.6193529302
 27419.33012473496
 27453.95618571758
 27488.47526703559
 27522.86744961613
 27557.11500648769
 27591.2022333174
 27625.11526823864
 27658.84190196146
 27692.37137908538
 27725.69419148542
 27758.80186462021
 27791.68673761918
 27824.34173804332
 27856.76015228244
 27888.93539264894
 27920.86076235107
 27952.5292196749
 27983.93314286834
 28015.06409739693
 28045.91260742475
 28076.46793355607
 28106.71785904914
 28136.64848687355
 28166.24405012109
 28195.48673838878
 28224.35654282569
 28252.83112256592
 28280.88569525339
 28308.49295429553
 28335.62301535951
 28362.24339444403
 28388.31901962139
 28413.81227824892
 28438.68310109874
 28462.88908445258
 28486.38565075985
 28509.12624796796
 28531.06258711153
 28552.1449171998
 28572.32233587895
 28591.54313377734
 28609.75516987846
 28626.90627471836
 28642.9446776828
 28657.81945419493
 28671.48098814708
 28683.88144454961
 28694.97524705468
 28704.71955477018
 28713.07473261665
 28720.00480940047
 28725.47791778571
 28729.46671044492
 28731.94874685629
 28732.90684548992
 28732.32939648543
 28730.21063036213
 28726.55083881542
 28721.35654423009


