# Created by Octave 4.0.0, Wed May 11 14:02:38 2016 CEST <peter@Independence>
# name: y
# type: matrix
# rows: 1
# columns: 100
 24045.51199315024 24045.0952831799 24044.67857320956 24044.26186323921 24043.84515326886 24043.42844329852 24043.01173332817 24042.59502335783 24042.17831338748 24041.76160341713 24041.34489344679 24040.92818347644 24040.5114735061 24040.09476353575 24039.67805356541 24039.26134359506 24038.84463362471 24038.42792365437 24038.01121368403 24037.59450371368 24037.17779374333 24036.76108377299 24036.34437380264 24035.9276638323 24035.51095386195 24035.09424389161 24034.67753392126 24034.26082395091 24033.84411398057 24033.42740401022 24033.01069403988 24032.59398406953 24032.17727409919 24031.76056412884 24031.34385415849 24030.92714418815 24030.51043421781 24030.09372424746 24029.67701427711 24029.26030430677 24028.84359433642 24028.42688436608 24028.01017439573 24027.59346442539 24027.17675445504 24026.76004448469 24026.34333451435 24025.926624544 24025.50991457366 24025.09320460331 24024.67649463296 24024.25978466262 24023.84307469227 24023.42636472193 24023.00965475158 24022.59294478124 24022.17623481089 24021.75952484055 24021.3428148702 24020.92610489986 24020.50939492951 24020.09268495916 24019.67597498882 24019.25926501847 24018.84255504813 24018.42584507778 24018.00913510744 24017.59242513709 24017.17571516674 24016.7590051964 24016.34229522606 24015.92558525571 24015.50887528536 24015.09216531502 24014.67545534467 24014.25874537433 24013.84203540398 24013.42532543364 24013.00861546329 24012.59190549294 24012.1751955226 24011.75848555225 24011.34177558191 24010.92506561156 24010.50835564121 24010.09164567087 24009.67493570052 24009.25822573018 24008.84151575983 24008.42480578949 24008.00809581914 24007.59138584879 24007.17467587845 24006.75796590811 24006.34125593776 24005.92454596741 24005.50783599707 24005.09112602672 24004.67441605638 24004.25770608603


