# Created by Octave 4.0.0, Wed May 11 14:02:38 2016 CEST <peter@Independence>
# name: y
# type: matrix
# rows: 100
# columns: 1
 23885.08834575764
 23885.68079858042
 23886.27325140321
 23886.86570422598
 23887.45815704876
 23888.05060987153
 23888.6430626943
 23889.23551551708
 23889.82796833987
 23890.42042116263
 23891.01287398542
 23891.6053268082
 23892.19777963097
 23892.79023245375
 23893.38268527653
 23893.9751380993
 23894.56759092207
 23895.16004374485
 23895.75249656763
 23896.3449493904
 23896.93740221319
 23897.52985503597
 23898.12230785874
 23898.71476068152
 23899.30721350429
 23899.89966632707
 23900.49211914985
 23901.08457197262
 23901.6770247954
 23902.26947761819
 23902.86193044096
 23903.45438326373
 23904.04683608651
 23904.63928890929
 23905.23174173207
 23905.82419455484
 23906.41664737762
 23907.00910020039
 23907.60155302317
 23908.19400584595
 23908.78645866873
 23909.37891149151
 23909.97136431428
 23910.56381713706
 23911.15626995984
 23911.74872278261
 23912.34117560539
 23912.93362842817
 23913.52608125094
 23914.11853407372
 23914.7109868965
 23915.30343971928
 23915.89589254205
 23916.48834536483
 23917.08079818761
 23917.67325101039
 23918.26570383316
 23918.85815665594
 23919.45060947871
 23920.04306230149
 23920.63551512427
 23921.22796794705
 23921.82042076983
 23922.4128735926
 23923.00532641538
 23923.59777923816
 23924.19023206093
 23924.78268488371
 23925.37513770649
 23925.96759052927
 23926.56004335204
 23927.15249617482
 23927.7449489976
 23928.33740182037
 23928.92985464315
 23929.52230746593
 23930.11476028871
 23930.70721311148
 23931.29966593426
 23931.89211875703
 23932.48457157981
 23933.0770244026
 23933.66947722537
 23934.26193004815
 23934.85438287092
 23935.4468356937
 23936.03928851648
 23936.63174133925
 23937.22419416203
 23937.81664698481
 23938.40909980758
 23939.00155263037
 23939.59400545314
 23940.18645827591
 23940.7789110987
 23941.37136392148
 23941.96381674425
 23942.55626956703
 23943.1487223898
 23943.74117521257


