# Created by Octave 4.0.0, Wed May 11 14:02:38 2016 CEST <peter@Independence>
# name: y
# type: matrix
# rows: 100
# columns: 1
 23684.46730254577
 23686.48998479727
 23688.52353668578
 23690.56153440998
 23692.59756647046
 23694.62524350253
 23696.63820813326
 23698.63014484569
 23700.59478983363
 23702.52594082983
 23704.41746689053
 23706.26331811932
 23708.05753531324
 23709.79425951401
 23711.46774144764
 23713.07235083526
 23714.60258555892
 23716.05308066543
 23717.41861719223
 23718.69413079917
 23719.87472019047
 23720.95565531142
 23721.93238530478
 23722.80054621214
 23723.55596840597
 23724.19468373866
 23724.71293239502
 23725.10716943541
 23725.37407101739
 23725.51054028383
 23725.5137129066
 23725.38096227496
 23725.10990431911
 23724.69840195917
 23724.14456917139
 23723.44677466344
 23722.60364515156
 23721.61406823333
 23720.47719484998
 23719.19244133357
 23717.7594910346
 23716.17829552674
 23714.44907538596
 23712.57232054211
 23710.54879020201
 23708.37951234372
 23706.06578278235
 23703.60916380891
 23701.01148240415
 23698.27482803039
 23695.40155000485
 23692.39425445909
 23689.25580088956
 23685.98929830545
 23682.59810098032
 23679.0858038151
 23675.45623732043
 23671.71346222736
 23667.86176373577
 23663.90564541069
 23659.84982273738
 23655.6992163465
 23651.45894492143
 23647.13431780016
 23642.73082728503
 23638.25414067371
 23633.71009202565
 23629.10467367834
 23624.4440275286
 23619.7344360938
 23614.98231336911
 23610.19419549651
 23605.37673126192
 23600.536672437
 23595.68086398238
 23590.81623412925
 23585.94978435638
 23581.08857927988
 23576.23973647289
 23571.4104162326
 23566.60781131195
 23561.83913663335
 23557.11161900163
 23552.43248683357
 23547.80895992084
 23543.24823924345
 23538.75749685038
 23534.34386582377
 23530.01443034307
 23525.77621586501
 23521.63617943503
 23517.60120014552
 23513.67806975577
 23509.87348348817
 23506.19403101471
 23502.6461876476
 23499.23630574702
 23495.97060635878
 23492.85517109412
 23489.89593426324


