# Created by Octave 4.0.0, Wed May 11 14:02:38 2016 CEST <peter@Independence>
# name: y
# type: matrix
# rows: 100
# columns: 1
 23915.90448426419
 23914.77819051355
 23913.69779980841
 23912.66235714426
 23911.6709075166
 23910.72249592091
 23909.8161673527
 23908.95096680745
 23908.12593928067
 23907.34012976784
 23906.59258326447
 23905.88234476605
 23905.20845926807
 23904.56997176602
 23903.96592725541
 23903.39537073172
 23902.85734719045
 23902.35090162711
 23901.87507903717
 23901.42892441613
 23901.0114827595
 23900.62179906277
 23900.25891832142
 23899.92188553096
 23899.60974568687
 23899.32154378467
 23899.05632481983
 23898.81313378785
 23898.59101568424
 23898.38901550447
 23898.20617824406
 23898.04154889849
 23897.89417246325
 23897.76309393385
 23897.64735830578
 23897.54601057452
 23897.45809573559
 23897.38265878447
 23897.31874471665
 23897.26539852763
 23897.22166521291
 23897.18658976799
 23897.15921718834
 23897.13859246948
 23897.12376060689
 23897.11376659607
 23897.10765543252
 23897.10447211173
 23897.10326162918
 23897.10306898039
 23897.10293916085
 23897.10191716604
 23897.09904799146
 23897.09337663262
 23897.08394808499
 23897.06980734408
 23897.04999940539
 23897.0235692644
 23896.98956191662
 23896.94702235753
 23896.89499558263
 23896.83252658742
 23896.75866036739
 23896.67244191804
 23896.57291623486
 23896.45912831334
 23896.33012314898
 23896.18494573728
 23896.02264107373
 23895.84225415382
 23895.64282997305
 23895.42341352691
 23895.18304981091
 23894.92078382053
 23894.63566055126
 23894.32672499861
 23893.99302215807
 23893.63359702513
 23893.24749459529
 23892.83375986404
 23892.39143782688
 23891.9195734793
 23891.41721181679
 23890.88339783486
 23890.31717652899
 23889.71759289469
 23889.08369192743
 23888.41451862274
 23887.70911797608
 23886.96653498297
 23886.18581463889
 23885.36600193934
 23884.50614187981
 23883.60527945581
 23882.66245966281
 23881.67672749633
 23880.64712795185
 23879.57270602487
 23878.45250671088
 23877.28557500538


