# Created by Octave 3.8.2, Wed May 18 17:33:24 2016 CEST <Andrea@Andreas-MacBook-Pro.local>
# name: x
# type: matrix
# rows: 1
# columns: 100
 0.008333333333333333 0.008417508417508417 0.008501683501683501 0.008585858585858586 0.00867003367003367 0.008754208754208754 0.008838383838383838 0.008922558922558922 0.009006734006734006 0.00909090909090909 0.009175084175084175 0.009259259259259259 0.009343434343434343 0.009427609427609427 0.009511784511784513 0.009595959595959595 0.009680134680134681 0.009764309764309764 0.009848484848484849 0.009932659932659934 0.01001683501683502 0.0101010101010101 0.01018518518518519 0.01026936026936027 0.01035353535353535 0.01043771043771044 0.01052188552188552 0.01060606060606061 0.01069023569023569 0.01077441077441077 0.01085858585858586 0.01094276094276094 0.01102693602693603 0.01111111111111111 0.0111952861952862 0.01127946127946128 0.01136363636363636 0.01144781144781145 0.01153198653198653 0.01161616161616162 0.0117003367003367 0.01178451178451178 0.01186868686868687 0.01195286195286195 0.01203703703703704 0.01212121212121212 0.01220538720538721 0.01228956228956229 0.01237373737373737 0.01245791245791246 0.01254208754208754 0.01262626262626263 0.01271043771043771 0.01279461279461279 0.01287878787878788 0.01296296296296296 0.01304713804713805 0.01313131313131313 0.01321548821548822 0.0132996632996633 0.01338383838383839 0.01346801346801347 0.01355218855218855 0.01363636363636364 0.01372053872053872 0.01380471380471381 0.01388888888888889 0.01397306397306397 0.01405723905723906 0.01414141414141414 0.01422558922558923 0.01430976430976431 0.01439393939393939 0.01447811447811448 0.01456228956228956 0.01464646464646465 0.01473063973063973 0.01481481481481482 0.0148989898989899 0.01498316498316498 0.01506734006734007 0.01515151515151515 0.01523569023569024 0.01531986531986532 0.0154040404040404 0.01548821548821549 0.01557239057239057 0.01565656565656566 0.01574074074074074 0.01582491582491583 0.01590909090909091 0.01599326599326599 0.01607744107744108 0.01616161616161616 0.01624579124579125 0.01632996632996633 0.01641414141414142 0.0164983164983165 0.01658249158249158 0.01666666666666667


# name: y
# type: matrix
# rows: 100
# columns: 1
 24794.20025236044
 24798.74096477882
 24803.51900021145
 24808.5341764632
 24813.78614001412
 24819.27436466684
 24824.99815036436
 24830.95662218154
 24837.14872949281
 24843.57324531903
 24850.22876585574
 24857.11371018503
 24864.22632017291
 24871.56466055394
 24879.12661920449
 24886.90990760584
 24894.9120614981
 24903.13044172555
 24911.56223527379
 24920.20445649896
 24929.05394854878
 24938.10738497504
 24947.36127153698
 24956.81194819445
 24966.45559128974
 24976.28821591662
 24986.3056784748
 24996.5036794077
 25006.87776612147
 25017.42333608242
 25028.13564009024
 25039.00978572388
 25050.04074095665
 25061.22333793712
 25072.55227693179
 25084.02213042558
 25095.62734737576
 25107.36225761475
 25119.22107639697
 25131.19790908482
 25143.28675596852
 25155.4815172143
 25167.77599793542
 25180.16391338021
 25192.63889423093
 25205.19449200757
 25217.82418457001
 25230.5213817121
 25243.27943084108
 25256.09162273555
 25268.95119737495
 25281.85134983376
 25294.78523623309
 25307.74597974255
 25320.72667662509
 25333.72040231743
 25346.72021753867
 25359.71917441955
 25372.71032264491
 25385.68671560182
 25398.6414165258
 25411.56750463752
 25424.45808126262
 25437.30627592693
 25450.10525241979
 25462.84821481786
 25475.52841346224
 25488.1391508814
 25500.67378765282
 25513.12574819621
 25525.48852649116
 25537.75569171242
 25549.92089377603
 25561.97786878953
 25573.9204443998
 25585.74254503221
 25597.43819701487
 25609.00153358188
 25620.42679974989
 25631.70835706217
 25642.84068819492
 25653.81840142044
 25664.63623492219
 25675.28906095699
 25685.77188985975
 25696.07987388638
 25706.2083108909
 25716.15264783274
 25725.90848411084
 25735.47157472103
 25744.83783323381
 25754.00333458957
 25762.96431770881
 25771.71718791508
 25780.25851916861
 25788.58505610903
 25796.69371590554
 25804.58158991363
 25812.24594513723
 25819.68422549584


# name: QUERY
# type: sq_string
# elements: 1
# length: 2
R5


# name: DATASIZE
# type: sq_string
# elements: 1
# length: 3
250


