# Created by Octave 3.8.2, Wed May 18 17:33:24 2016 CEST <Andrea@Andreas-MacBook-Pro.local>
# name: x
# type: matrix
# rows: 1
# columns: 100
 0.008333333333333333 0.008417508417508417 0.008501683501683501 0.008585858585858586 0.00867003367003367 0.008754208754208754 0.008838383838383838 0.008922558922558922 0.009006734006734006 0.00909090909090909 0.009175084175084175 0.009259259259259259 0.009343434343434343 0.009427609427609427 0.009511784511784513 0.009595959595959595 0.009680134680134681 0.009764309764309764 0.009848484848484849 0.009932659932659934 0.01001683501683502 0.0101010101010101 0.01018518518518519 0.01026936026936027 0.01035353535353535 0.01043771043771044 0.01052188552188552 0.01060606060606061 0.01069023569023569 0.01077441077441077 0.01085858585858586 0.01094276094276094 0.01102693602693603 0.01111111111111111 0.0111952861952862 0.01127946127946128 0.01136363636363636 0.01144781144781145 0.01153198653198653 0.01161616161616162 0.0117003367003367 0.01178451178451178 0.01186868686868687 0.01195286195286195 0.01203703703703704 0.01212121212121212 0.01220538720538721 0.01228956228956229 0.01237373737373737 0.01245791245791246 0.01254208754208754 0.01262626262626263 0.01271043771043771 0.01279461279461279 0.01287878787878788 0.01296296296296296 0.01304713804713805 0.01313131313131313 0.01321548821548822 0.0132996632996633 0.01338383838383839 0.01346801346801347 0.01355218855218855 0.01363636363636364 0.01372053872053872 0.01380471380471381 0.01388888888888889 0.01397306397306397 0.01405723905723906 0.01414141414141414 0.01422558922558923 0.01430976430976431 0.01439393939393939 0.01447811447811448 0.01456228956228956 0.01464646464646465 0.01473063973063973 0.01481481481481482 0.0148989898989899 0.01498316498316498 0.01506734006734007 0.01515151515151515 0.01523569023569024 0.01531986531986532 0.0154040404040404 0.01548821548821549 0.01557239057239057 0.01565656565656566 0.01574074074074074 0.01582491582491583 0.01590909090909091 0.01599326599326599 0.01607744107744108 0.01616161616161616 0.01624579124579125 0.01632996632996633 0.01641414141414142 0.0164983164983165 0.01658249158249158 0.01666666666666667


# name: y
# type: matrix
# rows: 100
# columns: 1
 25096.35233368747
 25100.97652298835
 25105.60071228922
 25110.22490159009
 25114.84909089096
 25119.47328019183
 25124.09746949269
 25128.72165879357
 25133.34584809444
 25137.97003739531
 25142.59422669618
 25147.21841599705
 25151.84260529793
 25156.46679459879
 25161.09098389966
 25165.71517320054
 25170.33936250141
 25174.96355180228
 25179.58774110315
 25184.21193040402
 25188.83611970489
 25193.46030900576
 25198.08449830663
 25202.7086876075
 25207.33287690837
 25211.95706620924
 25216.58125551011
 25221.20544481099
 25225.82963411186
 25230.45382341273
 25235.0780127136
 25239.70220201447
 25244.32639131534
 25248.95058061621
 25253.57476991708
 25258.19895921795
 25262.82314851883
 25267.4473378197
 25272.07152712057
 25276.69571642144
 25281.31990572231
 25285.94409502318
 25290.56828432405
 25295.19247362492
 25299.81666292579
 25304.44085222666
 25309.06504152753
 25313.6892308284
 25318.31342012927
 25322.93760943015
 25327.56179873102
 25332.18598803189
 25336.81017733276
 25341.43436663363
 25346.0585559345
 25350.68274523537
 25355.30693453624
 25359.93112383712
 25364.55531313799
 25369.17950243886
 25373.80369173973
 25378.4278810406
 25383.05207034147
 25387.67625964234
 25392.30044894321
 25396.92463824408
 25401.54882754495
 25406.17301684582
 25410.79720614669
 25415.42139544756
 25420.04558474844
 25424.66977404931
 25429.29396335018
 25433.91815265105
 25438.54234195192
 25443.16653125279
 25447.79072055366
 25452.41490985453
 25457.03909915541
 25461.66328845628
 25466.28747775714
 25470.91166705802
 25475.53585635889
 25480.16004565976
 25484.78423496063
 25489.4084242615
 25494.03261356237
 25498.65680286324
 25503.28099216411
 25507.90518146498
 25512.52937076585
 25517.15356006672
 25521.7777493676
 25526.40193866847
 25531.02612796934
 25535.65031727021
 25540.27450657108
 25544.89869587196
 25549.52288517282
 25554.1470744737


# name: QUERY
# type: sq_string
# elements: 1
# length: 2
R5


# name: DATASIZE
# type: sq_string
# elements: 1
# length: 3
250


