# Created by Octave 3.8.2, Wed May 18 17:33:24 2016 CEST <Andrea@Andreas-MacBook-Pro.local>
# name: x
# type: matrix
# rows: 1
# columns: 100
 0.008333333333333333 0.008417508417508417 0.008501683501683501 0.008585858585858586 0.00867003367003367 0.008754208754208754 0.008838383838383838 0.008922558922558922 0.009006734006734006 0.00909090909090909 0.009175084175084175 0.009259259259259259 0.009343434343434343 0.009427609427609427 0.009511784511784513 0.009595959595959595 0.009680134680134681 0.009764309764309764 0.009848484848484849 0.009932659932659934 0.01001683501683502 0.0101010101010101 0.01018518518518519 0.01026936026936027 0.01035353535353535 0.01043771043771044 0.01052188552188552 0.01060606060606061 0.01069023569023569 0.01077441077441077 0.01085858585858586 0.01094276094276094 0.01102693602693603 0.01111111111111111 0.0111952861952862 0.01127946127946128 0.01136363636363636 0.01144781144781145 0.01153198653198653 0.01161616161616162 0.0117003367003367 0.01178451178451178 0.01186868686868687 0.01195286195286195 0.01203703703703704 0.01212121212121212 0.01220538720538721 0.01228956228956229 0.01237373737373737 0.01245791245791246 0.01254208754208754 0.01262626262626263 0.01271043771043771 0.01279461279461279 0.01287878787878788 0.01296296296296296 0.01304713804713805 0.01313131313131313 0.01321548821548822 0.0132996632996633 0.01338383838383839 0.01346801346801347 0.01355218855218855 0.01363636363636364 0.01372053872053872 0.01380471380471381 0.01388888888888889 0.01397306397306397 0.01405723905723906 0.01414141414141414 0.01422558922558923 0.01430976430976431 0.01439393939393939 0.01447811447811448 0.01456228956228956 0.01464646464646465 0.01473063973063973 0.01481481481481482 0.0148989898989899 0.01498316498316498 0.01506734006734007 0.01515151515151515 0.01523569023569024 0.01531986531986532 0.0154040404040404 0.01548821548821549 0.01557239057239057 0.01565656565656566 0.01574074074074074 0.01582491582491583 0.01590909090909091 0.01599326599326599 0.01607744107744108 0.01616161616161616 0.01624579124579125 0.01632996632996633 0.01641414141414142 0.0164983164983165 0.01658249158249158 0.01666666666666667


# name: y
# type: matrix
# rows: 1
# columns: 100
 25118.25289637462 25122.26592883056 25126.2789612865 25130.29199374244 25134.30502619838 25138.31805865432 25142.33109111026 25146.3441235662 25150.35715602214 25154.37018847808 25158.38322093402 25162.39625338996 25166.4092858459 25170.42231830184 25174.43535075778 25178.44838321372 25182.46141566966 25186.4744481256 25190.48748058154 25194.50051303748 25198.51354549342 25202.52657794936 25206.5396104053 25210.55264286124 25214.56567531718 25218.57870777313 25222.59174022907 25226.604772685 25230.61780514094 25234.63083759688 25238.64387005283 25242.65690250877 25246.66993496471 25250.68296742065 25254.69599987659 25258.70903233253 25262.72206478847 25266.73509724441 25270.74812970035 25274.76116215629 25278.77419461223 25282.78722706817 25286.80025952411 25290.81329198005 25294.82632443599 25298.83935689193 25302.85238934787 25306.86542180381 25310.87845425975 25314.89148671569 25318.90451917163 25322.91755162757 25326.93058408351 25330.94361653945 25334.95664899539 25338.96968145133 25342.98271390727 25346.99574636321 25351.00877881915 25355.02181127509 25359.03484373103 25363.04787618697 25367.06090864291 25371.07394109885 25375.0869735548 25379.10000601074 25383.11303846668 25387.12607092262 25391.13910337855 25395.1521358345 25399.16516829044 25403.17820074638 25407.19123320232 25411.20426565826 25415.2172981142 25419.23033057014 25423.24336302608 25427.25639548202 25431.26942793796 25435.2824603939 25439.29549284984 25443.30852530578 25447.32155776172 25451.33459021766 25455.3476226736 25459.36065512954 25463.37368758548 25467.38672004142 25471.39975249736 25475.4127849533 25479.42581740924 25483.43884986518 25487.45188232112 25491.46491477706 25495.477947233 25499.49097968894 25503.50401214488 25507.51704460082 25511.53007705676 25515.54310951271


# name: QUERY
# type: sq_string
# elements: 1
# length: 2
R5


# name: DATASIZE
# type: sq_string
# elements: 1
# length: 3
250


