# Created by Octave 3.8.2, Wed May 18 17:33:20 2016 CEST <Andrea@Andreas-MacBook-Pro.local>
# name: SVs
# type: cell
# rows: 1
# columns: 7
# name: <cell-element>
# type: sparse matrix
# nnz: 294
# rows: 42
# columns: 7
1 1 0.1663377191566371
2 1 0.3768924829115947
3 1 -0.2825809280944989
4 1 1.413775376119971
5 1 1.191302418190204
6 1 0.8357429586417381
7 1 -0.3461446303601464
8 1 -0.4891629604578535
9 1 -0.6897858957338036
10 1 1.658098356703553
11 1 0.7145746511978474
12 1 -0.07599889573114425
13 1 1.050270453788299
14 1 1.544875512042869
15 1 -1.545909510624244
16 1 -1.702832400592562
17 1 -1.261859216124632
18 1 0.6549836803238028
19 1 0.6808064343692221
20 1 -0.9817816530166221
21 1 0.05112850880015089
22 1 -0.6440994847303694
23 1 2.349353618842471
24 1 -1.142677274376543
25 1 -0.5010811546326623
26 1 -0.1137398439513725
27 1 0.9390339748234153
28 1 0.4821698647890735
29 1 -0.916231585055173
30 1 1.189316052494403
31 1 0.05510124019175386
32 1 -1.420768471788751
33 1 -0.189221740391829
34 1 1.364116233724934
35 1 -1.13870454298494
36 1 1.097943230487534
37 1 1.805089418192863
38 1 -0.1653853520422111
39 1 1.530970952172258
40 1 -0.9400679734047909
41 1 -2.090173711273851
42 1 1.380007159291345
1 2 -0.349622903847143
2 2 1.340758866382533
3 2 0.5268327489044956
4 2 0.8978413248611939
5 2 0.8102999754781527
6 2 0.8801246232003404
7 2 -0.87487100014539
8 2 -0.7049990959854411
9 2 -0.2870933685735421
10 2 0.9436963173951679
11 2 0.6383437534757505
12 2 1.070839705784823
13 2 1.067713229021143
14 2 -0.08387237893433934
15 2 -1.575201795209719
16 2 -1.614803834216333
17 2 -1.279228661581342
18 2 0.9582865422923414
19 2 1.117736857240023
20 2 -1.38031807694033
21 2 0.3288225538714262
22 2 -0.2016363370329543
23 2 1.076050500390956
24 2 -1.419920115946944
25 2 -0.6372587661057069
26 2 0.5132846829285487
27 2 1.11565253939757
28 2 0.6654398854276441
29 2 -1.36468569312193
30 2 1.114610380476343
31 2 -0.4673868619457578
32 2 -1.785717897297509
33 2 -0.2224795154574879
34 2 1.077092659312183
35 2 -1.056206652438832
36 2 0.982256197480555
37 2 0.9395276817102611
38 2 0.6883673816946311
39 2 1.942084563930328
40 2 -0.8008777167382957
41 2 -1.791970850824869
42 2 1.375150110783014
1 3 0.6707073347160161
2 3 0.7223274037031212
3 3 0.6061822484821346
4 3 -0.103593700090561
5 3 -0.3100739760389816
6 3 -0.09068868284378476
7 3 0.3867969552869378
8 3 -1.084375010845559
9 3 0.6061822484821346
10 3 1.741823766198448
11 3 -0.06487864835023219
12 3 -0.06487864835023219
13 3 -0.7617495796761515
14 3 0.5932772312353584
15 3 -2.568451994224831
16 3 -0.2455488898051002
17 3 -1.742530890431149
18 3 0.8384725589241078
19 3 -0.1294037345841136
20 3 -0.5681743209745073
21 3 1.0062377831322
22 3 0.348081903546609
23 3 1.044952834872528
24 3 -2.491021890744174
25 3 0.6965173692095686
26 3 0.8384725589241078
27 3 0.9029976451579892
28 3 -1.884486080145688
29 3 -0.0519736311034559
30 3 0.6707073347160161
31 3 0.6190872657289109
32 3 0.7223274037031212
33 3 0.4771320760143718
34 3 0.7352324209498975
35 3 -0.0519736311034559
36 3 -0.4004090967664156
37 3 0.8384725589241078
38 3 0.8126625244305552
39 3 -0.2326438725583239
40 3 -0.3229789932857579
41 3 -0.374599062272863
42 3 0.08998155861108324
1 4 0.2093623370000543
2 4 -0.06851858301819976
3 4 -0.09268214128065663
4 4 0.02813565003162776
5 4 0.1006263248189984
6 4 0.1006263248189984
7 4 0.05229920829408463
8 4 -0.2376634908553979
9 4 0.07646276655654151
10 4 2.782781291951712
11 4 -0.1893363743304841
12 4 0.1127081039502268
13 4 -0.1168456995431135
14 4 -0.06851858301819976
15 4 -3.113126924087766
16 4 0.1006263248189984
17 4 -0.4430537360862813
18 4 0.1851987787375975
19 4 -0.1047639204118851
20 4 0.2093623370000543
21 4 0.3905890239684809
22 4 -0.1651728160680273
23 4 0.4993250361495368
24 4 -2.762755329282141
25 4 -0.1168456995431135
26 4 0.2214441161312828
27 4 0.07646276655654151
28 4 -0.3947266195613676
29 4 -0.1047639204118851
30 4 -0.1047639204118851
31 4 1.961220311028178
32 4 -0.008109687362057558
33 4 -0.06851858301819976
34 4 -0.04435502475574287
35 4 0.05229920829408463
36 4 0.00397209176917088
37 4 0.3180983491811103
38 4 0.2939347909186534
39 4 -0.020191466493286
40 4 -0.213499932592941
41 4 -0.213499932592941
42 4 -0.1530910369367988
1 5 0.8862715432609296
2 5 0.9690240062198352
3 5 0.2972687186710722
4 5 -0.987828353161344
5 5 -0.3014696897963036
6 5 -0.6519507093869625
7 5 -0.2576595623474712
8 5 -0.04347671704206847
9 5 0.1074248330594652
10 5 -0.3696187769389317
11 5 -0.1213613880622149
12 5 1.937714602032907
13 5 -1.289631453364412
14 5 0.000333410406763901
15 5 -1.143597695201637
16 5 0.1414993766307793
17 5 0.3313432622423862
18 5 2.20544315866466
19 5 0.4725092284664017
20 5 -0.8077200514272553
21 5 0.1999128798958892
22 5 -0.3355442333676176
23 5 1.037173093362463
24 5 -0.6519507093869625
25 5 -0.4669746157141147
26 5 1.816019803563928
27 5 -0.3890899446939683
28 5 0.4238313090788102
29 5 0.7158988254043593
30 5 -0.5838016222443344
31 5 0.08308587336566949
32 5 0.7402377850981551
33 5 0.01980457816180051
34 5 -0.3744865688776908
35 5 -0.1651715155110473
36 5 -1.075448608059009
37 5 3.110852459273862
38 5 0.7207666173431184
39 5 -0.7639099239784231
40 5 0.5601294833640664
41 5 -1.158201071017914
42 5 -0.5984049980606119
1 6 0.5985105425676329
2 6 0.5048462515698399
3 6 0.3612276720398903
4 6 -1.177988843357177
5 6 -1.021881691694188
6 6 -0.7564995338671079
7 6 0.03340265354761431
8 6 0.5173348237028789
9 6 0.06462408388021203
10 6 -0.4068195141420134
11 6 0.3986933884390076
12 6 1.372802014816056
13 6 -1.025003834727448
14 6 0.1301890875786672
15 6 0.3862048163059685
16 6 0.4767469642705019
17 6 -0.1976359309136088
18 6 1.447733447614291
19 6 0.4798691073037616
20 6 -1.040614549893747
21 6 0.2332198076762397
22 6 0.2457083798092788
23 6 0.392449102372488
24 6 -1.27789742042149
25 6 -1.028125977760708
26 6 0.9638012774590262
27 6 -1.106179553592202
28 6 0.09896765724606951
29 6 0.5079683946030996
30 6 -1.156133842124359
31 6 0.529823395835918
32 6 0.4642583921374628
33 6 0.7452512651308422
34 6 -1.093690981459163
35 6 0.5142126806696191
36 6 -1.115545982691982
37 6 2.250124207162052
38 6 1.706871319374852
39 6 -1.018759548660929
40 6 2.812109953148811
41 6 -1.096813124492423
42 6 -1.093690981459163
1 7 -1.117419064480398
2 7 -1.117419064480398
3 7 0.2067950866083874
4 7 1.531009237697172
5 7 1.531009237697172
6 7 0.2067950866083874
7 7 -0.5877334040448841
8 7 -1.117419064480398
9 7 -0.5877334040448841
10 7 0.2067950866083874
11 7 -0.5877334040448841
12 7 1.531009237697172
13 7 -1.117419064480398
14 7 0.2067950866083874
15 7 -0.5877334040448841
16 7 0.2067950866083874
17 7 1.531009237697172
18 7 1.531009237697172
19 7 -1.117419064480398
20 7 1.531009237697172
21 7 -1.117419064480398
22 7 -0.5877334040448841
23 7 0.2067950866083874
24 7 -0.5877334040448841
25 7 -0.5877334040448841
26 7 -1.117419064480398
27 7 -0.5877334040448841
28 7 1.531009237697172
29 7 -1.117419064480398
30 7 1.531009237697172
31 7 0.2067950866083874
32 7 -1.117419064480398
33 7 0.2067950866083874
34 7 1.531009237697172
35 7 -0.5877334040448841
36 7 1.531009237697172
37 7 0.2067950866083874
38 7 0.2067950866083874
39 7 0.2067950866083874
40 7 0.2067950866083874
41 7 1.531009237697172
42 7 -0.5877334040448841



