# Created by Octave 3.8.2, Wed May 18 17:33:24 2016 CEST <Andrea@Andreas-MacBook-Pro.local>
# name: x
# type: matrix
# rows: 1
# columns: 100
 0.008333333333333333 0.008417508417508417 0.008501683501683501 0.008585858585858586 0.00867003367003367 0.008754208754208754 0.008838383838383838 0.008922558922558922 0.009006734006734006 0.00909090909090909 0.009175084175084175 0.009259259259259259 0.009343434343434343 0.009427609427609427 0.009511784511784513 0.009595959595959595 0.009680134680134681 0.009764309764309764 0.009848484848484849 0.009932659932659934 0.01001683501683502 0.0101010101010101 0.01018518518518519 0.01026936026936027 0.01035353535353535 0.01043771043771044 0.01052188552188552 0.01060606060606061 0.01069023569023569 0.01077441077441077 0.01085858585858586 0.01094276094276094 0.01102693602693603 0.01111111111111111 0.0111952861952862 0.01127946127946128 0.01136363636363636 0.01144781144781145 0.01153198653198653 0.01161616161616162 0.0117003367003367 0.01178451178451178 0.01186868686868687 0.01195286195286195 0.01203703703703704 0.01212121212121212 0.01220538720538721 0.01228956228956229 0.01237373737373737 0.01245791245791246 0.01254208754208754 0.01262626262626263 0.01271043771043771 0.01279461279461279 0.01287878787878788 0.01296296296296296 0.01304713804713805 0.01313131313131313 0.01321548821548822 0.0132996632996633 0.01338383838383839 0.01346801346801347 0.01355218855218855 0.01363636363636364 0.01372053872053872 0.01380471380471381 0.01388888888888889 0.01397306397306397 0.01405723905723906 0.01414141414141414 0.01422558922558923 0.01430976430976431 0.01439393939393939 0.01447811447811448 0.01456228956228956 0.01464646464646465 0.01473063973063973 0.01481481481481482 0.0148989898989899 0.01498316498316498 0.01506734006734007 0.01515151515151515 0.01523569023569024 0.01531986531986532 0.0154040404040404 0.01548821548821549 0.01557239057239057 0.01565656565656566 0.01574074074074074 0.01582491582491583 0.01590909090909091 0.01599326599326599 0.01607744107744108 0.01616161616161616 0.01624579124579125 0.01632996632996633 0.01641414141414142 0.0164983164983165 0.01658249158249158 0.01666666666666667


# name: y
# type: matrix
# rows: 100
# columns: 1
 25326.38500603513
 25326.3169086912
 25326.25046139743
 25326.18566415381
 25326.12251696035
 25326.06101981704
 25326.00117272389
 25325.9429756809
 25325.88642868806
 25325.83153174539
 25325.77828485286
 25325.7266880105
 25325.67674121829
 25325.62844447624
 25325.58179778434
 25325.5368011426
 25325.49345455102
 25325.4517580096
 25325.41171151833
 25325.37331507722
 25325.33656868626
 25325.30147234546
 25325.26802605482
 25325.23622981433
 25325.20608362401
 25325.17758748383
 25325.15074139382
 25325.12554535396
 25325.10199936426
 25325.08010342472
 25325.05985753533
 25325.04126169609
 25325.02431590702
 25325.0090201681
 25324.99537447934
 25324.98337884073
 25324.97303325229
 25324.96433771399
 25324.95729222586
 25324.95189678788
 25324.94815140006
 25324.9460560624
 25324.94561077489
 25324.94681553754
 25324.94967035034
 25324.9541752133
 25324.96033012642
 25324.9681350897
 25324.97759010313
 25324.98869516672
 25325.00145028047
 25325.01585544437
 25325.03191065842
 25325.04961592264
 25325.06897123701
 25325.08997660154
 25325.11263201623
 25325.13693748107
 25325.16289299607
 25325.19049856122
 25325.21975417654
 25325.25065984201
 25325.28321555763
 25325.31742132342
 25325.35327713935
 25325.39078300545
 25325.4299389217
 25325.47074488811
 25325.51320090468
 25325.5573069714
 25325.60306308828
 25325.65046925531
 25325.69952547251
 25325.75023173986
 25325.80258805736
 25325.85659442503
 25325.91225084284
 25325.96955731082
 25326.02851382895
 25326.08912039724
 25326.15137701569
 25326.21528368429
 25326.28084040305
 25326.34804717197
 25326.41690399104
 25326.48741086027
 25326.55956777966
 25326.6333747492
 25326.7088317689
 25326.78593883876
 25326.86469595877
 25326.94510312894
 25327.02716034926
 25327.11086761975
 25327.19622494038
 25327.28323231118
 25327.37188973213
 25327.46219720324
 25327.55415472451
 25327.64776229594


# name: QUERY
# type: sq_string
# elements: 1
# length: 2
R5


# name: DATASIZE
# type: sq_string
# elements: 1
# length: 3
250


