# Created by Octave 3.8.2, Wed May 11 13:57:56 2016 CEST <Andrea@Andreas-MacBook-Pro.local>
# name: ylin
# type: matrix
# rows: 1
# columns: 100
 799292.5444042021 795206.025791936 791119.5071796698 787032.9885674035 782946.4699551373 778859.9513428712 774773.4327306049 770686.9141183388 766600.3955060726 762513.8768938064 758427.3582815402 754340.8396692739 750254.3210570078 746167.8024447416 742081.2838324754 737994.7652202093 733908.246607943 729821.7279956768 725735.2093834106 721648.6907711445 717562.1721588782 713475.653546612 709389.1349343458 705302.6163220797 701216.0977098134 697129.5790975472 693043.0604852811 688956.5418730149 684870.0232607487 680783.5046484824 676696.9860362163 672610.4674239501 668523.9488116838 664437.4301994176 660350.9115871515 656264.3929748853 652177.8743626191 648091.3557503528 644004.8371380867 639918.3185258205 635831.7999135543 631745.2813012881 627658.7626890219 623572.2440767557 619485.7254644895 615399.2068522233 611312.6882399571 607226.1696276909 603139.6510154248 599053.1324031586 594966.6137908923 590880.0951786261 586793.57656636 582707.0579540938 578620.5393418275 574534.0207295613 570447.5021172952 566360.983505029 562274.4648927627 558187.9462804965 554101.4276682304 550014.9090559642 545928.3904436979 541841.8718314318 537755.3532191656 533668.8346068994 529582.3159946331 525495.797382367 521409.2787701008 517322.7601578346 513236.2415455684 509149.7229333022 505063.204321036 500976.6857087698 496890.1670965036 492803.6484842374 488717.1298719712 484630.611259705 480544.0926474389 476457.5740351726 472371.0554229064 468284.5368106402 464198.0181983741 460111.4995861078 456024.9809738416 451938.4623615755 447851.9437493092 443765.4251370431 439678.9065247769 435592.3879125107 431505.8693002444 427419.3506879782 423332.8320757121 419246.3134634459 415159.7948511797 411073.2762389135 406986.7576266474 402900.2390143811 398813.7204021149 394727.2017898487


