# Created by Octave 3.8.2, Wed May 11 13:57:47 2016 CEST <Andrea@Andreas-MacBook-Pro.local>
# name: mu
# type: matrix
# rows: 1
# columns: 2
 606285.6216931217 88.62433862433862


