# Created by Octave 3.8.2, Wed May 11 13:57:47 2016 CEST <Andrea@Andreas-MacBook-Pro.local>
# name: sigma
# type: matrix
# rows: 1
# columns: 2
 340445.6576684947 21.03203670270202


