# Created by Octave 3.8.2, Wed May 11 13:57:56 2016 CEST <Andrea@Andreas-MacBook-Pro.local>
# name: ysvr
# type: matrix
# rows: 100
# columns: 1
 793033.8771046005
 791144.6097946947
 788927.298251517
 786387.289925414
 783531.6646653553
 780369.1966884383
 776910.302080068
 773166.9722506871
 769152.6939339291
 764882.3564632859
 760372.1472076692
 755639.4361786584
 750702.6509419117
 745581.1430705846
 740295.0474682427
 734865.1359615435
 729312.6666180081
 723659.230280904
 717926.5958313082
 712136.5556867566
 706310.7730267858
 700470.6321986289
 694637.0937021456
 688830.5550827445
 683070.7189758607
 677376.4694479138
 671765.7576682001
 666255.4978256258
 660861.4740754181
 655598.2591658779
 650479.1452558527
 645516.0872918625
 640719.659171673
 636099.022780463
 631661.9098483808
 627414.61644593
 623362.0098078055
 619507.5470579336
 615853.3052997584
 612400.0224373118
 609147.1480051241
 606092.9032092377
 603234.3493178749
 600567.4634889448
 598087.22108257
 595787.6834800228
 593662.0904155718
 591702.9558242596
 589902.1662159555
 588251.0806034049
 586740.631038604
 585361.4228467376
 584103.8336891721
 582958.1106355859
 581914.4644792269
 580963.1605875174
 580094.6056417804
 579299.4296838136
 578568.562952501
 577893.3070598131
 577265.40012167
 576677.0755245853
 576121.1140732005
 575590.8893263027
 575080.4059893037
 574584.3312891589
 574098.0193130986
 573617.5283452015
 573139.6312846739
 572661.8192766855
 572182.2987307784
 571699.9819432511
 571214.4715785931
 570726.0393010875
 570235.5988811798
 569744.6741321931
 569255.3620614945
 568770.2916463045
 568292.5786679735
 567825.7770596809
 567373.8272410616
 566941.0019291183
 566531.8499277902
 566151.138408558
 565803.7942012673
 565494.8446177805
 565229.3583308829
 565012.3868269143
 564848.906942682
 564743.7649851855
 564701.6229164512
 564726.9070652642
 564823.7598027866
 564995.9945900317
 565247.0547720229
 565579.9764564231
 565997.3557737045
 566501.3207719215
 567093.5081522061
 567775.0450017489


