# Created by Octave 3.8.2, Wed May 11 13:57:56 2016 CEST <Andrea@Andreas-MacBook-Pro.local>
# name: ysvr
# type: matrix
# rows: 100
# columns: 1
 711242.1672659481
 704725.336923412
 698484.4250105582
 692513.4631630653
 686806.4830166185
 681357.5162069027
 676160.5943696048
 671209.7491404063
 666499.0121549908
 662022.4150490424
 657773.9894582471
 653747.7670182877
 649937.7793648493
 646338.0581336163
 642942.6349602714
 639745.5414804999
 636740.8093299872
 633922.4701444152
 631284.555559469
 628821.097210833
 626526.1267341912
 624393.6757652281
 622417.7759396277
 620592.458893074
 618911.7562612515
 617369.6996798447
 615960.320784537
 614677.6512110131
 613515.7225949573
 612468.5665720536
 611530.2147779859
 610694.6988484391
 609956.0504190972
 609308.3011256441
 608745.4826037642
 608261.6264891416
 607850.7644174607
 607506.9280244055
 607224.1489456602
 606996.4588169092
 606817.8892738367
 606682.4719521267
 606584.2384874636
 606517.2205155314
 606475.4496720146
 606452.957592597
 606443.7759129632
 606441.9362687973
 606441.4702957832
 606436.4096296056
 606420.7859059484
 606388.6307604958
 606333.975828932
 606250.8527469414
 606133.2931502081
 605975.3286744162
 605770.9909552501
 605514.3116283937
 605199.3223295317
 604820.0546943478
 604370.5403585264
 603844.8109577518
 603236.898127708
 602540.8335040795
 601750.6487225501
 600860.3754188045
 599864.0452285266
 598755.6897874004
 597529.3407311107
 596179.0296953409
 594698.7883157762
 593082.6482281002
 591324.641067997
 589418.7984711505
 587359.1520732462
 585139.7335099672
 582754.5744169981
 580197.7064300225
 577463.1611847258
 574544.9703167913
 571437.165461903
 568133.7782557462
 564628.8403340033
 560916.3833323603
 556990.438886501
 552845.0386321102
 548474.2142048695
 543871.9972404654
 539032.4193745807
 533949.5122429016
 528617.307481112
 523029.8367248945
 517181.1316099336
 511065.2237719143
 504676.1448465201
 498007.9264694377
 491054.6002763452
 483810.197902937
 476268.7509848821
 468424.2911578842


