# Created by Octave 4.0.0, Thu May 12 00:36:52 2016 CEST <peter@Independence>
# name: y
# type: matrix
# rows: 1
# columns: 100
 304481.8716718442 304240.650854015 303999.4300361858 303758.2092183566 303516.9884005274 303275.7675826982 303034.546764869 302793.3259470398 302552.1051292106 302310.8843113814 302069.6634935522 301828.442675723 301587.2218578938 301346.0010400646 301104.7802222354 300863.5594044062 300622.338586577 300381.1177687478 300139.8969509186 299898.6761330893 299657.4553152602 299416.234497431 299175.0136796018 298933.7928617726 298692.5720439434 298451.3512261142 298210.130408285 297968.9095904558 297727.6887726266 297486.4679547974 297245.2471369682 297004.026319139 296762.8055013097 296521.5846834806 296280.3638656514 296039.1430478222 295797.922229993 295556.7014121638 295315.4805943345 295074.2597765054 294833.0389586762 294591.818140847 294350.5973230178 294109.3765051886 293868.1556873594 293626.9348695301 293385.714051701 293144.4932338718 292903.2724160426 292662.0515982134 292420.8307803842 292179.6099625549 291938.3891447257 291697.1683268966 291455.9475090674 291214.7266912382 290973.505873409 290732.2850555797 290491.0642377505 290249.8434199214 290008.6226020922 289767.401784263 289526.1809664338 289284.9601486045 289043.7393307753 288802.5185129461 288561.297695117 288320.0768772878 288078.8560594586 287837.6352416293 287596.4144238001 287355.1936059709 287113.9727881417 286872.7519703126 286631.5311524834 286390.3103346542 286149.0895168249 285907.8686989957 285666.6478811665 285425.4270633374 285184.2062455082 284942.985427679 284701.7646098497 284460.5437920205 284219.3229741913 283978.1021563621 283736.881338533 283495.6605207038 283254.4397028745 283013.2188850453 282771.9980672161 282530.7772493869 282289.5564315578 282048.3356137286 281807.1147958993 281565.8939780701 281324.6731602409 281083.4523424117 280842.2315245825 280601.0107067534


