# Created by Octave 4.0.0, Thu May 12 00:36:52 2016 CEST <peter@Independence>
# name: y
# type: matrix
# rows: 100
# columns: 1
 303641.600454934
 303287.5455497329
 302933.4906445345
 302579.4357393357
 302225.3808341388
 301871.3259289375
 301517.2710237395
 301163.2161185414
 300809.1612133432
 300455.1063081428
 300101.0514029444
 299746.9964977468
 299392.9415925472
 299038.8866873479
 298684.8317821493
 298330.7768769515
 297976.721971752
 297622.6670665522
 297268.6121613538
 296914.5572561552
 296560.502350957
 296206.4474457573
 295852.3925405593
 295498.3376353597
 295144.2827301616
 294790.2278249621
 294436.1729197643
 294082.1180145646
 293728.0631093669
 293374.0082041667
 293019.9532989687
 292665.8983937696
 292311.8434885707
 291957.7885833723
 291603.7336781732
 291249.6787729748
 290895.6238677757
 290541.5689625768
 290187.5140573779
 289833.4591521794
 289479.4042469804
 289125.3493417815
 288771.2944365829
 288417.239531384
 288063.1846261852
 287709.1297209863
 287355.0748157875
 287001.0199105887
 286646.9650053899
 286292.9101001911
 285938.8551949923
 285584.8002897936
 285230.7453845947
 284876.6904793959
 284522.6355741969
 284168.5806689981
 283814.5257637994
 283460.4708586009
 283106.4159534019
 282752.3610482028
 282398.3061430037
 282044.2512378054
 281690.1963326066
 281336.1414274075
 280982.086522209
 280628.03161701
 280273.976711811
 279919.9218066125
 279565.8669014129
 279211.811996215
 278857.757091016
 278503.7021858175
 278149.6472806179
 277795.5923754195
 277441.5374702209
 277087.4825650224
 276733.4276598231
 276379.3727546246
 276025.3178494248
 275671.2629442275
 275317.208039029
 274963.1531338287
 274609.0982286306
 274255.0433234317
 273900.988418232
 273546.9335130327
 273192.8786078359
 272838.8237026379
 272484.7687974373
 272130.7138922387
 271776.6589870412
 271422.6040818412
 271068.5491766413
 270714.4942714431
 270360.4393662451
 270006.3844610475
 269652.3295558451
 269298.2746506497
 268944.2197454503
 268590.1648402517


