# Created by Octave 4.0.0, Thu May 12 00:36:52 2016 CEST <peter@Independence>
# name: y
# type: matrix
# rows: 100
# columns: 1
 283579.7050625841
 283140.0597415913
 282719.1738046064
 282316.6382365595
 281932.0440223805
 281564.9821469992
 281215.0435953456
 280881.8193523495
 280564.9004029408
 280263.8777320496
 279978.3423246055
 279707.8851655386
 279452.0972397788
 279210.569532256
 278982.8930279
 278768.6587116407
 278567.4575684082
 278378.8805831322
 278202.5187407426
 278037.9630261695
 277884.8044243425
 277742.6339201918
 277611.0424986472
 277489.6211446385
 277377.9608430957
 277275.6525789486
 277182.2873371273
 277097.4561025615
 277020.7498601812
 276951.7595949163
 276890.0762916966
 276835.2909354522
 276786.9945111129
 276744.7780036085
 276708.232397869
 276676.9486788243
 276650.5178314043
 276628.5308405389
 276610.578691158
 276596.2523681915
 276585.1428565693
 276576.8411412212
 276570.9382070773
 276567.0250390674
 276564.6926221214
 276563.5319411692
 276563.1339811407
 276563.0897269658
 276562.9901635744
 276562.4262758964
 276560.9890488618
 276558.2694674003
 276553.858516442
 276547.3471809167
 276538.3264457543
 276526.3872958847
 276511.1207162379
 276492.1176917436
 276468.9692073319
 276441.2662479326
 276408.5997984756
 276370.5608438909
 276326.7403691083
 276276.7293590577
 276220.1187986691
 276156.4996728723
 276085.4629665972
 276006.5996647738
 275919.5007523319
 275823.7572142014
 275718.9600353123
 275604.7002005944
 275480.5686949777
 275346.156503392
 275201.0546107673
 275044.8540020334
 274877.1456621202
 274697.5205759577
 274505.5697284758
 274300.8841046043
 274083.0546892732
 273851.6724674123
 273606.3284239516
 273346.6135438209
 273072.1188119502
 272782.4352132694
 272477.1537327082
 272155.8653551968
 271818.161065665
 271463.6318490426
 271091.8686902596
 270702.4625742459
 270295.0044859313
 269869.0854102458
 269424.2963321193
 268960.2282364817
 268476.4721082628
 267972.6189323926
 267448.259693801
 266902.9853774179


