# Created by Octave 4.0.0, Thu May 12 00:36:52 2016 CEST <peter@Independence>
# name: y
# type: matrix
# rows: 100
# columns: 1
 264104.6966210832
 263107.8802997675
 262124.9477632888
 261155.506597541
 260199.161796436
 259255.5164012578
 258324.172145298
 257404.7301029197
 256496.7913422126
 255599.9575803686
 254713.8318409079
 253838.0191118762
 252972.1270041179
 252115.7664087448
 251268.5521528892
 250430.103652852
 249600.0455637404
 248778.0084246766
 247963.6292987151
 247156.552406517
 246356.4297529335
 245562.9217455766
 244775.6978045071
 243994.4369621609
 243218.8284526466
 242448.5722895538
 241683.37983144
 240922.9743341476
 240167.0914891455
 239415.4799470966
 238667.9018258581
 237924.133202159
 237183.964586194
 236447.2013784343
 235713.6643079235
 234983.189851407
 234255.6306326056
 233530.8558010491
 232808.7513898187
 232089.2206516532
 231372.1843728626
 230657.5811645293
 229945.3677305076
 229235.5191117693
 228528.0289066669
 227822.9094667222
 227120.1920675766
 226419.9270547933
 225722.1839641965
 225027.0516165123
 224334.6381860808
 223645.0712434571
 222958.4977717542
 222275.084156615
 221595.0161497375
 220918.4988059193
 220245.7563936208
 219577.0322790726
 218912.5887840279
 218252.7070172346
 217597.6866798125
 216947.8458446922
 216303.5207103523
 215665.065329119
 215032.8513103043
 214407.2674985301
 213788.7196275942
 213177.6299502879
 212574.4368445904
 211979.5943967158
 211393.5719615069
 210816.8537007174
 210249.9380997384
 209693.337463378
 209147.5773912935
 208613.1962337664
 208090.7445284653
 207580.7844189311
 207083.8890555021
 206600.6419794498
 206131.6364910915
 205677.4750027083
 205238.7683770611
 204816.1352523825
 204410.2013546864
 204021.5987982779
 203650.9653753763
 203298.9438357421
 202966.1811572444
 202653.3278083018
 202361.0370031489
 202089.9639508679
 201840.7650991743
 201614.0973739015
 201410.6174151724
 201230.9808112354
 201075.8413309312
 200945.8501557941
 200841.6551127429
 200763.8999083427


