# Created by Octave 3.8.2, Mon May 23 11:35:41 2016 CEST <Andrea@Andreas-MacBook-Pro.local>
# name: x
# type: matrix
# rows: 1
# columns: 100
 60 60.60606060606061 61.21212121212121 61.81818181818182 62.42424242424242 63.03030303030303 63.63636363636364 64.24242424242425 64.84848484848484 65.45454545454545 66.06060606060606 66.66666666666667 67.27272727272728 67.87878787878788 68.48484848484848 69.09090909090909 69.6969696969697 70.3030303030303 70.90909090909091 71.51515151515152 72.12121212121212 72.72727272727273 73.33333333333334 73.93939393939394 74.54545454545455 75.15151515151516 75.75757575757575 76.36363636363636 76.96969696969697 77.57575757575758 78.18181818181819 78.7878787878788 79.39393939393939 80 80.60606060606061 81.21212121212122 81.81818181818181 82.42424242424242 83.03030303030303 83.63636363636364 84.24242424242425 84.84848484848484 85.45454545454545 86.06060606060606 86.66666666666667 87.27272727272728 87.87878787878788 88.48484848484848 89.09090909090909 89.6969696969697 90.30303030303031 90.90909090909091 91.51515151515152 92.12121212121212 92.72727272727273 93.33333333333334 93.93939393939394 94.54545454545455 95.15151515151516 95.75757575757576 96.36363636363637 96.96969696969697 97.57575757575758 98.18181818181819 98.7878787878788 99.39393939393941 100 100.6060606060606 101.2121212121212 101.8181818181818 102.4242424242424 103.030303030303 103.6363636363636 104.2424242424242 104.8484848484849 105.4545454545455 106.0606060606061 106.6666666666667 107.2727272727273 107.8787878787879 108.4848484848485 109.0909090909091 109.6969696969697 110.3030303030303 110.9090909090909 111.5151515151515 112.1212121212121 112.7272727272727 113.3333333333333 113.9393939393939 114.5454545454545 115.1515151515152 115.7575757575758 116.3636363636364 116.969696969697 117.5757575757576 118.1818181818182 118.7878787878788 119.3939393939394 120


# name: y
# type: matrix
# rows: 100
# columns: 1
 244942.9714135847
 242914.4376033153
 240923.0900327019
 238969.2624436526
 237053.2719524223
 235175.4193636455
 233335.9895068234
 231535.2515941783
 229773.4595987354
 228050.8526514477
 226367.6554561298
 224724.078720927
 223120.3196050047
 221556.5621791092
 220032.9778986152
 218549.7260876503
 217106.9544328558
 215704.7994853285
 214343.3871692602
 213022.833295789
 211743.2440805542
 210504.7166634497
 209307.3396290616
 208151.1935262806
 207036.3513855832
 205962.8792324857
 204930.8365956898
 203940.2770084488
 202991.2485017175
 202083.7940876575
 201217.9522321124
 200393.7573146905
 199611.2400751336
 198870.4280446871
 198171.3459612316
 197514.0161669813
 196898.4589876043
 196324.6930916738
 195792.7358294117
 195302.6035497483
 194854.3118947808
 194447.8760707763
 194083.3110949333
 193760.6320171812
 193479.8541163683
 193240.9930702622
 193044.065098857
 192889.0870805588
 192776.076640896
 192705.0522134785
 192676.0330730056
 192689.0393402055
 192744.0919586614
 192841.2126435639
 192980.4238025044
 193161.7484285049
 193385.2099655547
 193650.8321470071
 193958.6388072572
 194308.6536672062
 194700.9000940848
 195135.4008362834
 195612.1777339061
 196131.2514058368
 196692.6409141674
 197296.3634069088
 197942.4337399601
 198630.8640793764
 199361.6634850291
 200134.8374768065
 200950.3875845527
 201808.3108829914
 202708.5995129235
 203651.2401900275
 204636.2137026312
 205663.4943998533
 206733.0496715452
 207844.8394214885
 208998.8155353243
 210194.9213447121
 211433.0910892244
 212713.2493775007
 214035.3106491814
 215399.1786391553
 216804.745845642
 218251.8930036327
 219740.488565198
 221270.3881881605
 222841.4342346133
 224453.4552807388
 226106.2656393652
 227799.6648966654
 229533.4374643652
 231307.3521488072
 233121.1617381602
 234974.6026090349
 236867.3943537142
 238799.2394291628
 240769.8228289261
 242778.8117789754


# name: TRAIN_QUERIES
# type: cell
# rows: 1
# columns: 2
# name: <cell-element>
# type: sq_string
# elements: 1
# length: 2
R2



# name: <cell-element>
# type: sq_string
# elements: 1
# length: 2
R5





# name: TEST_QUERIES
# type: cell
# rows: 1
# columns: 1
# name: <cell-element>
# type: sq_string
# elements: 1
# length: 2
R3





# name: DATASIZE
# type: sq_string
# elements: 1
# length: 4
1000


