# Created by Octave 3.8.2, Mon May 23 11:35:41 2016 CEST <Andrea@Andreas-MacBook-Pro.local>
# name: x
# type: matrix
# rows: 1
# columns: 100
 60 60.60606060606061 61.21212121212121 61.81818181818182 62.42424242424242 63.03030303030303 63.63636363636364 64.24242424242425 64.84848484848484 65.45454545454545 66.06060606060606 66.66666666666667 67.27272727272728 67.87878787878788 68.48484848484848 69.09090909090909 69.6969696969697 70.3030303030303 70.90909090909091 71.51515151515152 72.12121212121212 72.72727272727273 73.33333333333334 73.93939393939394 74.54545454545455 75.15151515151516 75.75757575757575 76.36363636363636 76.96969696969697 77.57575757575758 78.18181818181819 78.7878787878788 79.39393939393939 80 80.60606060606061 81.21212121212122 81.81818181818181 82.42424242424242 83.03030303030303 83.63636363636364 84.24242424242425 84.84848484848484 85.45454545454545 86.06060606060606 86.66666666666667 87.27272727272728 87.87878787878788 88.48484848484848 89.09090909090909 89.6969696969697 90.30303030303031 90.90909090909091 91.51515151515152 92.12121212121212 92.72727272727273 93.33333333333334 93.93939393939394 94.54545454545455 95.15151515151516 95.75757575757576 96.36363636363637 96.96969696969697 97.57575757575758 98.18181818181819 98.7878787878788 99.39393939393941 100 100.6060606060606 101.2121212121212 101.8181818181818 102.4242424242424 103.030303030303 103.6363636363636 104.2424242424242 104.8484848484849 105.4545454545455 106.0606060606061 106.6666666666667 107.2727272727273 107.8787878787879 108.4848484848485 109.0909090909091 109.6969696969697 110.3030303030303 110.9090909090909 111.5151515151515 112.1212121212121 112.7272727272727 113.3333333333333 113.9393939393939 114.5454545454545 115.1515151515152 115.7575757575758 116.3636363636364 116.969696969697 117.5757575757576 118.1818181818182 118.7878787878788 119.3939393939394 120


# name: y
# type: matrix
# rows: 1
# columns: 100
 606329.8950884891 606355.7428938175 606381.5906991459 606407.4385044744 606433.2863098028 606459.1341151313 606484.9819204598 606510.8297257882 606536.6775311166 606562.5253364451 606588.3731417736 606614.2209471021 606640.0687524305 606665.9165577589 606691.7643630874 606717.6121684159 606743.4599737443 606769.3077790728 606795.1555844012 606821.0033897298 606846.8511950582 606872.6990003866 606898.5468057151 606924.3946110435 606950.2424163721 606976.0902217005 607001.9380270289 607027.7858323574 607053.6336376858 607079.4814430143 607105.3292483428 607131.1770536712 607157.0248589996 607182.8726643281 607208.7204696566 607234.5682749851 607260.4160803135 607286.2638856419 607312.1116909705 607337.9594962989 607363.8073016274 607389.6551069558 607415.5029122842 607441.3507176128 607467.1985229412 607493.0463282696 607518.8941335981 607544.7419389265 607570.5897442551 607596.4375495835 607622.2853549119 607648.1331602404 607673.9809655688 607699.8287708974 607725.6765762258 607751.5243815542 607777.3721868827 607803.2199922112 607829.0677975396 607854.9156028681 607880.7634081965 607906.6112135249 607932.4590188535 607958.3068241819 607984.1546295104 608010.0024348388 608035.8502401672 608061.6980454958 608087.5458508242 608113.3936561526 608139.2414614811 608165.0892668095 608190.9370721381 608216.7848774665 608242.6326827949 608268.4804881234 608294.3282934519 608320.1760987804 608346.0239041088 608371.8717094372 608397.7195147657 608423.5673200942 608449.4151254226 608475.2629307511 608501.1107360795 608526.9585414079 608552.8063467365 608578.6541520649 608604.5019573934 608630.3497627218 608656.1975680502 608682.0453733788 608707.8931787072 608733.7409840357 608759.5887893641 608785.4365946926 608811.2844000211 608837.1322053495 608862.9800106779 608888.8278160064


# name: TRAIN_QUERIES
# type: cell
# rows: 1
# columns: 2
# name: <cell-element>
# type: sq_string
# elements: 1
# length: 2
R2



# name: <cell-element>
# type: sq_string
# elements: 1
# length: 2
R5





# name: TEST_QUERIES
# type: cell
# rows: 1
# columns: 1
# name: <cell-element>
# type: sq_string
# elements: 1
# length: 2
R3





# name: DATASIZE
# type: sq_string
# elements: 1
# length: 4
1000


