# Created by Octave 3.8.2, Mon May 23 11:35:41 2016 CEST <Andrea@Andreas-MacBook-Pro.local>
# name: x
# type: matrix
# rows: 1
# columns: 100
 60 60.60606060606061 61.21212121212121 61.81818181818182 62.42424242424242 63.03030303030303 63.63636363636364 64.24242424242425 64.84848484848484 65.45454545454545 66.06060606060606 66.66666666666667 67.27272727272728 67.87878787878788 68.48484848484848 69.09090909090909 69.6969696969697 70.3030303030303 70.90909090909091 71.51515151515152 72.12121212121212 72.72727272727273 73.33333333333334 73.93939393939394 74.54545454545455 75.15151515151516 75.75757575757575 76.36363636363636 76.96969696969697 77.57575757575758 78.18181818181819 78.7878787878788 79.39393939393939 80 80.60606060606061 81.21212121212122 81.81818181818181 82.42424242424242 83.03030303030303 83.63636363636364 84.24242424242425 84.84848484848484 85.45454545454545 86.06060606060606 86.66666666666667 87.27272727272728 87.87878787878788 88.48484848484848 89.09090909090909 89.6969696969697 90.30303030303031 90.90909090909091 91.51515151515152 92.12121212121212 92.72727272727273 93.33333333333334 93.93939393939394 94.54545454545455 95.15151515151516 95.75757575757576 96.36363636363637 96.96969696969697 97.57575757575758 98.18181818181819 98.7878787878788 99.39393939393941 100 100.6060606060606 101.2121212121212 101.8181818181818 102.4242424242424 103.030303030303 103.6363636363636 104.2424242424242 104.8484848484849 105.4545454545455 106.0606060606061 106.6666666666667 107.2727272727273 107.8787878787879 108.4848484848485 109.0909090909091 109.6969696969697 110.3030303030303 110.9090909090909 111.5151515151515 112.1212121212121 112.7272727272727 113.3333333333333 113.9393939393939 114.5454545454545 115.1515151515152 115.7575757575758 116.3636363636364 116.969696969697 117.5757575757576 118.1818181818182 118.7878787878788 119.3939393939394 120


# name: y
# type: matrix
# rows: 100
# columns: 1
 342030.4515499448
 342259.3195745682
 342488.1875991915
 342717.0556238149
 342945.9236484382
 343174.7916730616
 343403.6596976849
 343632.5277223083
 343861.3957469316
 344090.2637715549
 344319.1317961783
 344547.9998208017
 344776.867845425
 345005.7358700483
 345234.6038946717
 345463.4719192951
 345692.3399439184
 345921.2079685418
 346150.0759931651
 346378.9440177885
 346607.8120424118
 346836.6800670351
 347065.5480916585
 347294.4161162819
 347523.2841409052
 347752.1521655286
 347981.0201901519
 348209.8882147752
 348438.7562393986
 348667.624264022
 348896.4922886454
 349125.3603132687
 349354.228337892
 349583.0963625154
 349811.9643871387
 350040.832411762
 350269.7004363854
 350498.5684610087
 350727.4364856321
 350956.3045102555
 351185.1725348788
 351414.0405595022
 351642.9085841255
 351871.7766087489
 352100.6446333722
 352329.5126579956
 352558.3806826189
 352787.2487072423
 353016.1167318656
 353244.9847564889
 353473.8527811123
 353702.7208057357
 353931.588830359
 354160.4568549824
 354389.3248796057
 354618.192904229
 354847.0609288524
 355075.9289534758
 355304.7969780992
 355533.6650027225
 355762.5330273458
 355991.4010519692
 356220.2690765925
 356449.1371012159
 356678.0051258392
 356906.8731504626
 357135.7411750859
 357364.6091997093
 357593.4772243326
 357822.345248956
 358051.2132735794
 358280.0812982027
 358508.9493228261
 358737.8173474494
 358966.6853720727
 359195.5533966961
 359424.4214213194
 359653.2894459427
 359882.1574705661
 360111.0254951895
 360339.8935198128
 360568.7615444362
 360797.6295690595
 361026.4975936829
 361255.3656183062
 361484.2336429296
 361713.101667553
 361941.9696921763
 362170.8377167997
 362399.705741423
 362628.5737660464
 362857.4417906697
 363086.3098152931
 363315.1778399164
 363544.0458645397
 363772.9138891631
 364001.7819137864
 364230.6499384098
 364459.5179630332
 364688.3859876565


# name: TRAIN_QUERIES
# type: cell
# rows: 1
# columns: 2
# name: <cell-element>
# type: sq_string
# elements: 1
# length: 2
R2



# name: <cell-element>
# type: sq_string
# elements: 1
# length: 2
R5





# name: TEST_QUERIES
# type: cell
# rows: 1
# columns: 1
# name: <cell-element>
# type: sq_string
# elements: 1
# length: 2
R3





# name: DATASIZE
# type: sq_string
# elements: 1
# length: 4
1000


