# Created by Octave 3.8.2, Mon May 23 11:35:41 2016 CEST <Andrea@Andreas-MacBook-Pro.local>
# name: SVs
# type: cell
# rows: 1
# columns: 7
# name: <cell-element>
# type: sparse matrix
# nnz: 42
# rows: 6
# columns: 7
1 1 -0.5485118735471919
2 1 0.3940438919707517
3 1 0.3933831929154356
4 1 0.8869440862664366
5 1 0.7906814805088707
6 1 3.083506658774355
1 2 -0.654124491301177
2 2 0.9873138762516205
3 2 0.9606981010531113
4 2 2.428548264066306
5 2 2.845264281553493
6 2 2.508860998710605
1 3 -0.3032411935139314
2 3 1.623171608502938
3 3 1.617954344014628
4 3 1.766025279016183
5 3 1.56180664047377
6 3 1.643543784123957
1 4 0.5697774423444711
2 4 2.14523086898364
3 4 1.545619463808089
4 4 1.752497186498081
5 4 1.163887825454191
6 4 1.110645790459901
1 5 -0.6249744320143605
2 5 0.9638365840325218
3 5 1.02790711239113
4 5 2.645293069515552
5 5 2.823738268002049
6 5 2.387108999665655
1 6 -1.196038366493028
2 6 0.1279636457548022
3 6 0.1430785311257993
4 6 1.722182640685149
5 6 1.609732849225052
6 6 1.203984901765907
1 7 1.279154508067141
2 7 0.3440484538939205
3 7 1.279154508067141
4 7 1.279154508067141
5 7 0.3440484538939205
6 7 -0.5910576002793



# name: <cell-element>
# type: sparse matrix
# nnz: 112
# rows: 16
# columns: 7
1 1 3.123366757441775
2 1 3.233734664729345
3 1 0.4106548635029916
4 1 2.293210860456996
5 1 -0.5371615624176577
6 1 -0.5272012125082695
7 1 -0.5446785724243673
8 1 0.8869440862664366
9 1 0.4509263408274952
10 1 0.275685265919831
11 1 0.7906814805088707
12 1 0.2838255769221219
13 1 -0.5464300482219506
14 1 2.523059335587532
15 1 2.657243573916261
16 1 0.2465708764162315
1 2 2.49223746208269
2 2 2.127291173282288
3 2 1.255014662264182
4 2 2.399358683121573
5 2 -0.6467091820274695
6 2 -0.6222080506277388
7 2 -0.6505074196335472
8 2 2.428548264066306
9 2 1.14912941834278
10 2 0.9326642338536487
11 2 2.845264281553493
12 2 0.9801859336388992
13 2 -0.6507916627438705
14 2 2.433261702016611
15 2 2.228894029244864
16 2 0.8348689861491393
1 3 1.667642577236627
2 3 1.587644521749209
3 3 1.949871741937576
4 3 1.628388872991248
5 3 -0.8254645246771322
6 3 -0.6706856781906079
7 3 -0.804347025557783
8 3 1.766025279016183
9 3 1.662176871582207
10 3 1.684288135365996
11 3 1.56180664047377
12 3 1.646773519283387
13 3 -0.8170175250293925
14 3 1.746398426893494
15 3 1.661183106917767
16 3 1.84428424634083
1 4 1.435009627270135
2 4 1.207306606759498
3 4 2.328729247893851
4 4 1.246206691367873
5 4 -0.9117656790280155
6 4 0.5012111315953666
7 4 -0.8709009436818443
8 4 1.752497186498081
9 4 1.524597700913664
10 4 2.10947422555574
11 4 1.163887825454191
12 4 1.118307928337308
13 4 -0.9052823315932864
14 4 1.208485397202176
15 4 1.161726709642615
16 4 1.441296509631085
1 5 2.274147769750627
2 5 1.994521095381182
3 5 1.383612043379144
4 5 2.188618352999051
5 5 -0.6241179002724648
6 5 -0.6156437725446603
7 5 -0.6226165271431343
8 5 2.645293069515552
9 5 1.281805266756865
10 5 1.063090049302534
11 5 2.823738268002049
12 5 1.089714182344349
13 5 -0.6243165635281896
14 5 2.216167410051125
15 5 2.096125951973052
16 5 1.001787779425338
1 6 1.081465127658641
2 6 0.879842468209782
3 6 0.4490508901859373
4 6 1.127533315989391
5 6 -1.192631322659402
6 6 -1.182375501257671
7 6 -1.193979273092487
8 6 1.722182640685149
9 6 0.4151662906042347
10 6 0.2733490202233082
11 6 1.609732849225052
12 6 0.2295554982483896
13 6 -1.194358384151793
14 6 1.069172513506917
15 6 1.039158315720214
16 6 0.1404470543612093
1 7 -0.5910576002793
2 7 -0.5910576002793
3 7 0.3440484538939205
4 7 -0.5910576002793
5 7 -0.5910576002793
6 7 -0.5910576002793
7 7 1.279154508067141
8 7 1.279154508067141
9 7 0.3440484538939205
10 7 0.3440484538939205
11 7 0.3440484538939205
12 7 0.3440484538939205
13 7 0.3440484538939205
14 7 -0.5910576002793
15 7 -0.5910576002793
16 7 1.279154508067141



# name: <cell-element>
# type: sparse matrix
# nnz: 161
# rows: 23
# columns: 7
1 1 3.123366757441775
2 1 0.2986788396468227
3 1 -0.5485118735471919
4 1 0.4905433521066385
5 1 3.233734664729345
6 1 2.964194382200195
7 1 0.4106548635029916
8 1 0.8399845892593463
9 1 2.293210860456996
10 1 -0.5102224933886367
11 1 -0.5072680466695816
12 1 -0.5272012125082695
13 1 0.8869440862664366
14 1 0.275685265919831
15 1 3.706471071817977
16 1 0.7906814805088707
17 1 1.147184717941514
18 1 0.2838255769221219
19 1 3.083506658774355
20 1 0.1613033002207186
21 1 2.523059335587532
22 1 -0.4659369576525899
23 1 0.2465708764162315
1 2 2.49223746208269
2 2 0.8931731828226955
3 2 -0.654124491301177
4 2 1.323863965975664
5 2 2.127291173282288
6 2 2.609895368452535
7 2 1.255014662264182
8 2 1.293868508959905
9 2 2.399358683121573
10 2 -0.5852876817923464
11 2 -0.6075023741068396
12 2 -0.6222080506277388
13 2 2.428548264066306
14 2 0.9326642338536487
15 2 2.568680117455664
16 2 2.845264281553493
17 2 1.693030171721634
18 2 0.9801859336388992
19 2 2.508860998710605
20 2 0.5469806922023022
21 2 2.433261702016611
22 2 -0.5962607152710886
23 2 0.8348689861491393
1 3 1.667642577236627
2 3 1.616960579350188
3 3 -0.3032411935139314
4 3 1.623668490835158
5 3 1.587644521749209
6 3 1.57373181644705
7 3 1.949871741937576
8 3 1.555347170154911
9 3 1.628388872991248
10 3 -0.7258396170670258
11 3 -0.2667203420957627
12 3 -0.6706856781906079
13 3 1.766025279016183
14 3 1.684288135365996
15 3 1.725280927774144
16 3 1.56180664047377
17 3 1.695716429007055
18 3 1.646773519283387
19 3 1.643543784123957
20 3 1.541682906018861
21 3 1.746398426893494
22 3 -0.7268333817314658
23 3 1.84428424634083
1 4 1.435009627270135
2 4 1.388250939710574
3 4 0.5697774423444711
4 4 1.31339774660052
5 4 1.207306606759498
6 4 1.051116873104661
7 4 2.328729247893851
8 4 1.207306606759498
9 4 1.246206691367873
10 4 -0.9817072452935779
11 4 0.008673191629735458
12 4 0.5012111315953666
13 4 1.752497186498081
14 4 2.10947422555574
15 4 1.209664187644854
16 4 1.163887825454191
17 4 1.23009655531794
18 4 1.118307928337308
19 4 1.110645790459901
20 4 1.118700858484867
21 4 1.208485397202176
22 4 -0.9200172121267617
23 4 1.441296509631085
1 5 2.274147769750627
2 5 1.106668951349326
3 5 -0.6249744320143605
4 5 1.427363554484189
5 5 1.994521095381182
6 5 2.396358239768254
7 5 1.383612043379144
8 5 1.40231895716412
9 5 2.188618352999051
10 5 -0.5837436645147428
11 5 -0.6083518540271529
12 5 -0.6156437725446603
13 5 2.645293069515552
14 5 1.063090049302534
15 5 2.286943637484119
16 5 2.823738268002049
17 5 1.857671423158912
18 5 1.089714182344349
19 5 2.387108999665655
20 5 0.6332544129569926
21 5 2.216167410051125
22 5 -0.602362645383251
23 5 1.001787779425338
1 6 1.081465127658641
2 6 0.1987508662922852
3 6 -1.196038366493028
4 6 0.4969502097116333
5 6 0.879842468209782
6 6 1.208254237420699
7 6 0.4490508901859373
8 6 0.4480002817601499
9 6 1.127533315989391
10 6 -1.153161649040613
11 6 -1.175549024340114
12 6 -1.182375501257671
13 6 1.722182640685149
14 6 0.2733490202233082
15 6 1.260355990649544
16 6 1.609732849225052
17 6 0.8126704309110341
18 6 0.2295554982483896
19 6 1.203984901765907
20 6 -0.1614170292980904
21 6 1.069172513506917
22 6 -1.166509827318246
23 6 0.1404470543612093
1 7 -0.5910576002793
2 7 1.279154508067141
3 7 1.279154508067141
4 7 0.3440484538939205
5 7 -0.5910576002793
6 7 -0.5910576002793
7 7 0.3440484538939205
8 7 0.3440484538939205
9 7 -0.5910576002793
10 7 -0.5910576002793
11 7 -1.52616365445252
12 7 -0.5910576002793
13 7 1.279154508067141
14 7 0.3440484538939205
15 7 -0.5910576002793
16 7 0.3440484538939205
17 7 0.3440484538939205
18 7 0.3440484538939205
19 7 -0.5910576002793
20 7 1.279154508067141
21 7 -0.5910576002793
22 7 0.3440484538939205
23 7 1.279154508067141



