# Created by Octave 3.8.2, Mon May 23 11:35:32 2016 CEST <Andrea@Andreas-MacBook-Pro.local>
# name: mu
# type: matrix
# rows: 1
# columns: 8
 607722.0188679246 103971.1226415094 226591.9622641509 4700.575471698113 7207.853773584906 194933.8066037736 486533.9858490566 92.64150943396227


# name: sigma
# type: matrix
# rows: 1
# columns: 8
 478293.4937033406 160436.1307120148 320148.480983461 4025.097835667362 5089.963222274687 307052.2516981369 403575.670623665 21.38794836237385


