# Created by Octave 3.8.2, Mon May 23 11:35:41 2016 CEST <Andrea@Andreas-MacBook-Pro.local>
# name: x
# type: matrix
# rows: 1
# columns: 100
 60 60.60606060606061 61.21212121212121 61.81818181818182 62.42424242424242 63.03030303030303 63.63636363636364 64.24242424242425 64.84848484848484 65.45454545454545 66.06060606060606 66.66666666666667 67.27272727272728 67.87878787878788 68.48484848484848 69.09090909090909 69.6969696969697 70.3030303030303 70.90909090909091 71.51515151515152 72.12121212121212 72.72727272727273 73.33333333333334 73.93939393939394 74.54545454545455 75.15151515151516 75.75757575757575 76.36363636363636 76.96969696969697 77.57575757575758 78.18181818181819 78.7878787878788 79.39393939393939 80 80.60606060606061 81.21212121212122 81.81818181818181 82.42424242424242 83.03030303030303 83.63636363636364 84.24242424242425 84.84848484848484 85.45454545454545 86.06060606060606 86.66666666666667 87.27272727272728 87.87878787878788 88.48484848484848 89.09090909090909 89.6969696969697 90.30303030303031 90.90909090909091 91.51515151515152 92.12121212121212 92.72727272727273 93.33333333333334 93.93939393939394 94.54545454545455 95.15151515151516 95.75757575757576 96.36363636363637 96.96969696969697 97.57575757575758 98.18181818181819 98.7878787878788 99.39393939393941 100 100.6060606060606 101.2121212121212 101.8181818181818 102.4242424242424 103.030303030303 103.6363636363636 104.2424242424242 104.8484848484849 105.4545454545455 106.0606060606061 106.6666666666667 107.2727272727273 107.8787878787879 108.4848484848485 109.0909090909091 109.6969696969697 110.3030303030303 110.9090909090909 111.5151515151515 112.1212121212121 112.7272727272727 113.3333333333333 113.9393939393939 114.5454545454545 115.1515151515152 115.7575757575758 116.3636363636364 116.969696969697 117.5757575757576 118.1818181818182 118.7878787878788 119.3939393939394 120


# name: y
# type: matrix
# rows: 100
# columns: 1
 133367.7959659171
 133432.5613564024
 133491.4817718952
 133544.9870539116
 133593.4828869656
 133637.3517211235
 133676.9536765942
 133712.6274303573
 133744.6910848275
 133773.443018557
 133799.1627189732
 133822.1115971553
 133842.5337846462
 133860.6569123028
 133876.6928711819
 133890.8385554643
 133903.2765874153
 133914.1760243819
 133923.6930478275
 133931.9716344035
 133939.1442090575
 133945.3322801787
 133950.6470567809
 133955.190047721
 133959.0536429557
 133962.3216768352
 133965.0699734332
 133967.366873914
 133969.2737459368
 133970.8454750975
 133972.130938406
 133973.1734598023
 133974.0112477078
 133974.677814615
 133975.2023787137
 133975.6102475534
 133975.9231837441
 133976.159752693
 133976.3356523784
 133976.4640251609
 133976.5557516314
 133976.6197264958
 133976.6631164972
 133976.6916003745
 133976.7095908584
 133976.7204387044
 133976.7266187624
 133976.7298980834
 133976.7314860637
 133976.7321666253
 133976.7324124335
 133976.732481152
 133976.7324937342
 133976.7324947523
 133976.7324947622
 133976.7324947071
 133976.7324923559
 133976.7324707807
 133976.7323688701
 133976.7320338791
 133976.7311560177
 133976.7291850743
 133976.7252290776
 133976.7179349951
 133976.705351468
 133976.6847735844
 133976.6525696876
 133976.6039902233
 133976.5329586224
 133976.4318442213
 133976.2912172192
 133976.0995856724
 133975.8431145254
 133975.505326679
 133975.0667860955
 133974.5047629409
 133973.7928807639
 133972.9007457117
 133971.7935577836
 133970.4317041208
 133968.770334333
 133966.7589178628
 133964.3407833867
 133961.4526402526
 133958.024081955
 133953.977071647
 133949.2254096886
 133943.6741832334
 133937.2191978501
 133929.7463911839
 133921.1312286518
 133911.2380811772
 133899.9195849602
 133887.0159832853
 133872.3544503666
 133855.7483972283
 133836.9967596245
 133815.8832679942
 133792.1756994535
 133765.6251118262


# name: TRAIN_QUERIES
# type: cell
# rows: 1
# columns: 2
# name: <cell-element>
# type: sq_string
# elements: 1
# length: 2
R2



# name: <cell-element>
# type: sq_string
# elements: 1
# length: 2
R5





# name: TEST_QUERIES
# type: cell
# rows: 1
# columns: 1
# name: <cell-element>
# type: sq_string
# elements: 1
# length: 2
R3





# name: DATASIZE
# type: sq_string
# elements: 1
# length: 4
1000


