# Created by Octave 3.8.2, Mon May 23 11:35:41 2016 CEST <Andrea@Andreas-MacBook-Pro.local>
# name: x
# type: matrix
# rows: 1
# columns: 100
 60 60.60606060606061 61.21212121212121 61.81818181818182 62.42424242424242 63.03030303030303 63.63636363636364 64.24242424242425 64.84848484848484 65.45454545454545 66.06060606060606 66.66666666666667 67.27272727272728 67.87878787878788 68.48484848484848 69.09090909090909 69.6969696969697 70.3030303030303 70.90909090909091 71.51515151515152 72.12121212121212 72.72727272727273 73.33333333333334 73.93939393939394 74.54545454545455 75.15151515151516 75.75757575757575 76.36363636363636 76.96969696969697 77.57575757575758 78.18181818181819 78.7878787878788 79.39393939393939 80 80.60606060606061 81.21212121212122 81.81818181818181 82.42424242424242 83.03030303030303 83.63636363636364 84.24242424242425 84.84848484848484 85.45454545454545 86.06060606060606 86.66666666666667 87.27272727272728 87.87878787878788 88.48484848484848 89.09090909090909 89.6969696969697 90.30303030303031 90.90909090909091 91.51515151515152 92.12121212121212 92.72727272727273 93.33333333333334 93.93939393939394 94.54545454545455 95.15151515151516 95.75757575757576 96.36363636363637 96.96969696969697 97.57575757575758 98.18181818181819 98.7878787878788 99.39393939393941 100 100.6060606060606 101.2121212121212 101.8181818181818 102.4242424242424 103.030303030303 103.6363636363636 104.2424242424242 104.8484848484849 105.4545454545455 106.0606060606061 106.6666666666667 107.2727272727273 107.8787878787879 108.4848484848485 109.0909090909091 109.6969696969697 110.3030303030303 110.9090909090909 111.5151515151515 112.1212121212121 112.7272727272727 113.3333333333333 113.9393939393939 114.5454545454545 115.1515151515152 115.7575757575758 116.3636363636364 116.969696969697 117.5757575757576 118.1818181818182 118.7878787878788 119.3939393939394 120


# name: y
# type: matrix
# rows: 100
# columns: 1
 104227.0584480022
 104417.425474255
 104604.2248016424
 104787.4564301644
 104967.1203598209
 105143.2165906121
 105315.7451225377
 105484.7059555981
 105650.0990897929
 105811.9245251223
 105970.1822615864
 106124.872299185
 106275.9946379183
 106423.549277786
 106567.5362187885
 106707.9554609254
 106844.8070041969
 106978.0908486031
 107107.8069941438
 107233.955440819
 107356.5361886289
 107475.5492375733
 107590.9945876524
 107702.8722388661
 107811.1821912142
 107915.9244446971
 108017.0989993144
 108114.7058550664
 108208.7450119529
 108299.216469974
 108386.1202291297
 108469.4562894201
 108549.224650845
 108625.4253134045
 108698.0582770985
 108767.1235419271
 108832.6211078903
 108894.5509749881
 108952.9131432205
 109007.7076125874
 109058.934383089
 109106.5934547252
 109150.6848274958
 109191.2085014011
 109228.164476441
 109261.5527526155
 109291.3733299245
 109317.6262083682
 109340.3113879464
 109359.4288686591
 109374.9786505065
 109386.9607334886
 109395.3751176051
 109400.2218028562
 109401.500789242
 109399.2120767622
 109393.3556654172
 109383.9315552065
 109370.9397461307
 109354.3802381893
 109334.2530313824
 109310.5581257103
 109283.2955211726
 109252.4652177697
 109218.0672155012
 109180.1015143673
 109138.568114368
 109093.4670155033
 109044.7982177732
 108992.5617211777
 108936.7575257167
 108877.3856313904
 108814.4460381986
 108747.9387461413
 108677.8637552188
 108604.2210654308
 108527.0106767772
 108446.2325892585
 108361.8868028742
 108273.9733176245
 108182.4921335093
 108087.4432505288
 107988.8266686829
 107886.6423879715
 107780.8904083947
 107671.5707299525
 107558.6833526448
 107442.2282764719
 107322.2055014335
 107198.6150275295
 107071.4568547603
 106940.7309831256
 106806.4374126254
 106668.5761432599
 106527.147175029
 106382.1505079326
 106233.5861419708
 106081.4540771436
 105925.754313451
 105766.486850893


# name: TRAIN_QUERIES
# type: cell
# rows: 1
# columns: 2
# name: <cell-element>
# type: sq_string
# elements: 1
# length: 2
R2



# name: <cell-element>
# type: sq_string
# elements: 1
# length: 2
R5





# name: TEST_QUERIES
# type: cell
# rows: 1
# columns: 1
# name: <cell-element>
# type: sq_string
# elements: 1
# length: 2
R3





# name: DATASIZE
# type: sq_string
# elements: 1
# length: 4
1000


