# Created by Octave 3.8.2, Mon May 23 11:35:41 2016 CEST <Andrea@Andreas-MacBook-Pro.local>
# name: x
# type: matrix
# rows: 1
# columns: 100
 60 60.60606060606061 61.21212121212121 61.81818181818182 62.42424242424242 63.03030303030303 63.63636363636364 64.24242424242425 64.84848484848484 65.45454545454545 66.06060606060606 66.66666666666667 67.27272727272728 67.87878787878788 68.48484848484848 69.09090909090909 69.6969696969697 70.3030303030303 70.90909090909091 71.51515151515152 72.12121212121212 72.72727272727273 73.33333333333334 73.93939393939394 74.54545454545455 75.15151515151516 75.75757575757575 76.36363636363636 76.96969696969697 77.57575757575758 78.18181818181819 78.7878787878788 79.39393939393939 80 80.60606060606061 81.21212121212122 81.81818181818181 82.42424242424242 83.03030303030303 83.63636363636364 84.24242424242425 84.84848484848484 85.45454545454545 86.06060606060606 86.66666666666667 87.27272727272728 87.87878787878788 88.48484848484848 89.09090909090909 89.6969696969697 90.30303030303031 90.90909090909091 91.51515151515152 92.12121212121212 92.72727272727273 93.33333333333334 93.93939393939394 94.54545454545455 95.15151515151516 95.75757575757576 96.36363636363637 96.96969696969697 97.57575757575758 98.18181818181819 98.7878787878788 99.39393939393941 100 100.6060606060606 101.2121212121212 101.8181818181818 102.4242424242424 103.030303030303 103.6363636363636 104.2424242424242 104.8484848484849 105.4545454545455 106.0606060606061 106.6666666666667 107.2727272727273 107.8787878787879 108.4848484848485 109.0909090909091 109.6969696969697 110.3030303030303 110.9090909090909 111.5151515151515 112.1212121212121 112.7272727272727 113.3333333333333 113.9393939393939 114.5454545454545 115.1515151515152 115.7575757575758 116.3636363636364 116.969696969697 117.5757575757576 118.1818181818182 118.7878787878788 119.3939393939394 120


# name: y
# type: matrix
# rows: 100
# columns: 1
 158704.6661043648
 159080.2278202015
 159435.0686057427
 159769.9650137051
 160085.6787653484
 160382.956750475
 160662.5310274296
 160925.1188231001
 161171.4225329168
 161402.1297208529
 161617.9131194241
 161819.430629689
 162007.3253212487
 162182.2254322472
 162344.7443693712
 162495.4807078498
 162635.0181914553
 162763.9257325023
 162882.7574118482
 162992.0524788933
 163092.3353515803
 163184.1156163948
 163267.8880283652
 163344.1325110623
 163413.3141565998
 163475.8832256341
 163532.2751473643
 163582.9105195322
 163628.1951084223
 163668.5198488616
 163704.2608442203
 163735.7793664109
 163763.4218558886
 163787.5199216515
 163808.3903412403
 163826.3350607385
 163841.6411947722
 163854.5810265101
 163865.4120076639
 163874.3767584878
 163881.7030677788
 163887.6038928764
 163892.2773596631
 163895.9067625639
 163898.6605645466
 163900.6923971217
 163902.1410603423
 163903.1305228043
 163903.7699216463
 163904.1535625496
 163904.3609197382
 163904.4566359788
 163904.4905225808
 163904.4975593964
 163904.4978948202
 163904.49684579
 163904.4848977858
 163904.4377048305
 163904.31608949
 163904.0660428724
 163903.6187246289
 163902.8904629531
 163901.7827545817
 163900.1822647935
 163897.9608274106
 163894.9754447976
 163891.0682878616
 163886.0666960527
 163879.7831773637
 163872.0154083297
 163862.5462340289
 163851.1436680823
 163837.5608926531
 163821.5362584477
 163802.793284715
 163781.0406592465
 163755.9722383767
 163727.2670469824
 163694.5892784836
 163657.5882948425
 163615.8986265642
 163569.1399726969
 163516.9172008309
 163458.8203470993
 163394.4246161784
 163323.2903812866
 163244.9631841855
 163158.973735179
 163064.8379131139
 162962.0567653797
 162850.1165079086
 162728.4885251755
 162596.629370198
 162453.9807645363
 162299.9695982936
 162134.0079301155
 161955.4929871904
 161763.8071652495
 161558.3180285665
 161338.378309958


# name: TRAIN_QUERIES
# type: cell
# rows: 1
# columns: 2
# name: <cell-element>
# type: sq_string
# elements: 1
# length: 2
R2



# name: <cell-element>
# type: sq_string
# elements: 1
# length: 2
R5





# name: TEST_QUERIES
# type: cell
# rows: 1
# columns: 1
# name: <cell-element>
# type: sq_string
# elements: 1
# length: 2
R3





# name: DATASIZE
# type: sq_string
# elements: 1
# length: 4
1000


