# Created by Octave 3.8.2, Mon May 23 11:35:41 2016 CEST <Andrea@Andreas-MacBook-Pro.local>
# name: x
# type: matrix
# rows: 1
# columns: 100
 60 60.60606060606061 61.21212121212121 61.81818181818182 62.42424242424242 63.03030303030303 63.63636363636364 64.24242424242425 64.84848484848484 65.45454545454545 66.06060606060606 66.66666666666667 67.27272727272728 67.87878787878788 68.48484848484848 69.09090909090909 69.6969696969697 70.3030303030303 70.90909090909091 71.51515151515152 72.12121212121212 72.72727272727273 73.33333333333334 73.93939393939394 74.54545454545455 75.15151515151516 75.75757575757575 76.36363636363636 76.96969696969697 77.57575757575758 78.18181818181819 78.7878787878788 79.39393939393939 80 80.60606060606061 81.21212121212122 81.81818181818181 82.42424242424242 83.03030303030303 83.63636363636364 84.24242424242425 84.84848484848484 85.45454545454545 86.06060606060606 86.66666666666667 87.27272727272728 87.87878787878788 88.48484848484848 89.09090909090909 89.6969696969697 90.30303030303031 90.90909090909091 91.51515151515152 92.12121212121212 92.72727272727273 93.33333333333334 93.93939393939394 94.54545454545455 95.15151515151516 95.75757575757576 96.36363636363637 96.96969696969697 97.57575757575758 98.18181818181819 98.7878787878788 99.39393939393941 100 100.6060606060606 101.2121212121212 101.8181818181818 102.4242424242424 103.030303030303 103.6363636363636 104.2424242424242 104.8484848484849 105.4545454545455 106.0606060606061 106.6666666666667 107.2727272727273 107.8787878787879 108.4848484848485 109.0909090909091 109.6969696969697 110.3030303030303 110.9090909090909 111.5151515151515 112.1212121212121 112.7272727272727 113.3333333333333 113.9393939393939 114.5454545454545 115.1515151515152 115.7575757575758 116.3636363636364 116.969696969697 117.5757575757576 118.1818181818182 118.7878787878788 119.3939393939394 120


# name: y
# type: matrix
# rows: 100
# columns: 1
 218132.6299671108
 218081.8785137857
 218033.0114620148
 217985.9931618672
 217940.7879634115
 217897.3602167164
 217855.6742718507
 217815.6944788832
 217777.3851878827
 217740.7107489178
 217705.6355120573
 217672.1238273701
 217640.1400449247
 217609.6485147901
 217580.613587035
 217552.999611728
 217526.770938938
 217501.8919187337
 217478.3269011839
 217456.0402363573
 217434.9962743227
 217415.1593651489
 217396.4938589045
 217378.9641056584
 217362.5344554793
 217347.169258436
 217332.8328645971
 217319.4896240316
 217307.103886808
 217295.6400029952
 217285.062322662
 217275.3351958771
 217266.4229727092
 217258.2900032271
 217250.9006374995
 217244.2192255953
 217238.2101175831
 217232.8376635318
 217228.06621351
 217223.8601175865
 217220.1837258302
 217217.0013883096
 217214.2774550937
 217211.9762762511
 217210.0622018506
 217208.499581961
 217207.252766651
 217206.2861059894
 217205.5639500449
 217205.0506488862
 217204.7105525822
 217204.5080112016
 217204.4073748131
 217204.3729934855
 217204.3692172876
 217204.3603962881
 217204.3108805558
 217204.1850201593
 217203.9471651675
 217203.5616656492
 217202.9928716731
 217202.2051333079
 217201.1628006224
 217199.8302236854
 217198.1717525655
 217196.1517373316
 217193.7345280523
 217190.8844747967
 217187.5659276332
 217183.7432366307
 217179.3807518578
 217174.4428233836
 217168.8938012765
 217162.6980356055
 217155.8198764392
 217148.2236738464
 217139.8737778959
 217130.7345386564
 217120.7703061966
 217109.9454305854
 217098.2242618915
 217085.5711501836
 217071.9504455305
 217057.326498001
 217041.6636576638
 217024.9262745876
 217007.0786988412
 216988.0852804935
 216967.910369613
 216946.5183162686
 216923.873470529
 216899.940182463
 216874.6828021394
 216848.0656796269
 216820.0531649942
 216790.6096083102
 216759.6993596435
 216727.2867690629
 216693.3361866372
 216657.8119624351


# name: TRAIN_QUERIES
# type: cell
# rows: 1
# columns: 2
# name: <cell-element>
# type: sq_string
# elements: 1
# length: 2
R2



# name: <cell-element>
# type: sq_string
# elements: 1
# length: 2
R5





# name: TEST_QUERIES
# type: cell
# rows: 1
# columns: 1
# name: <cell-element>
# type: sq_string
# elements: 1
# length: 2
R3





# name: DATASIZE
# type: sq_string
# elements: 1
# length: 4
1000


