# Created by Octave 4.0.0, Mon May 23 13:48:21 2016 CEST <peter@Independence>
# name: x
# type: matrix
# rows: 1
# columns: 100
 60 60.60606060606061 61.21212121212121 61.81818181818181 62.42424242424242 63.03030303030303 63.63636363636364 64.24242424242424 64.84848484848484 65.45454545454545 66.06060606060606 66.66666666666666 67.27272727272727 67.87878787878788 68.48484848484848 69.09090909090909 69.69696969696969 70.3030303030303 70.90909090909091 71.51515151515152 72.12121212121212 72.72727272727272 73.33333333333333 73.93939393939394 74.54545454545455 75.15151515151516 75.75757575757575 76.36363636363636 76.96969696969697 77.57575757575758 78.18181818181819 78.78787878787878 79.39393939393939 80 80.60606060606061 81.21212121212122 81.81818181818181 82.42424242424242 83.03030303030303 83.63636363636363 84.24242424242424 84.84848484848484 85.45454545454545 86.06060606060606 86.66666666666667 87.27272727272727 87.87878787878788 88.48484848484848 89.09090909090909 89.6969696969697 90.3030303030303 90.90909090909091 91.51515151515152 92.12121212121212 92.72727272727272 93.33333333333333 93.93939393939394 94.54545454545455 95.15151515151514 95.75757575757575 96.36363636363636 96.96969696969697 97.57575757575758 98.18181818181817 98.78787878787878 99.39393939393939 100 100.6060606060606 101.2121212121212 101.8181818181818 102.4242424242424 103.030303030303 103.6363636363636 104.2424242424242 104.8484848484848 105.4545454545455 106.0606060606061 106.6666666666667 107.2727272727273 107.8787878787879 108.4848484848485 109.0909090909091 109.6969696969697 110.3030303030303 110.9090909090909 111.5151515151515 112.1212121212121 112.7272727272727 113.3333333333333 113.9393939393939 114.5454545454545 115.1515151515151 115.7575757575758 116.3636363636364 116.969696969697 117.5757575757576 118.1818181818182 118.7878787878788 119.3939393939394 120


# name: y
# type: matrix
# rows: 100
# columns: 1
 1021964.114177763
 1019615.204172138
 1016821.83489212
 1013588.145160087
 1009920.138787298
 1005825.650796077
 1001314.300660566
 996397.4330098847
 991088.046363726
 985400.7105895902
 979351.4738814776
 972957.760160484
 966238.257887146
 959212.8013524114
 951902.2455779163
 944328.3360060637
 936513.5741957626
 928481.0807602752
 920254.4567894093
 911857.6449893806
 903314.7917504697
 894650.111315629
 885887.7531732569
 877051.6737353498
 868165.5132892801
 859252.4791287653
 850335.2356785228
 841435.8023291095
 832575.4595950081
 823774.664101721
 815052.9727980046
 806428.9766789909
 797920.2441963031
 789543.2744238538
 781313.4599441531
 773245.0593209622
 765351.1789311309
 757643.7638424594
 750133.5973463219
 742830.3086842614
 735742.388447364
 728877.2110763388
 722241.0638490501
 715839.1817108523
 709675.787281333
 703754.1353587328
 698076.5612399841
 692644.532179493
 687458.7013228299
 682518.9634717198
 677824.5120633058
 673373.8967787998
 669165.0812334085
 665195.5002399884
 661462.1161822991
 657961.4740791431
 654689.7549672464
 651642.8272776543
 648816.2959269551
 646205.5488901371
 643805.8010657398
 641612.1352856909
 639619.5403614007
 637822.9460940111
 636217.2552099265
 634797.3722127613
 633558.2291695607
 632494.8084726117
 631602.1626384644
 630875.43122306
 630309.85494636
 629900.7871317797
 629643.7025754033
 629534.2039676073
 629568.0259957361
 629741.0372610928
 630049.2401470651
 630488.7687779561
 631055.8852102759
 631746.9740000927
 632558.5352916997
 633487.1765744772
 634529.6032564652
 635682.6082049133
 636943.0604058622
 638307.8928966677
 639774.0901271745
 641338.6749068805
 642998.6950967978
 644751.2102055969
 646593.2780499163
 648521.9416381794
 650534.2164357913
 652627.0781669355
 654797.4513042924
 657042.1983926613
 659358.1103456167
 661741.8978459074
 664190.1839702452
 666699.4981474769


# name: QUERY
# type: sq_string
# elements: 1
# length: 2
R3


# name: DATASIZE
# type: sq_string
# elements: 1
# length: 3
750


