# Created by Octave 4.0.0, Wed May 18 23:49:32 2016 CEST <peter@Independence>
# name: x
# type: matrix
# rows: 1
# columns: 100
 60 60.60606060606061 61.21212121212121 61.81818181818181 62.42424242424242 63.03030303030303 63.63636363636364 64.24242424242424 64.84848484848484 65.45454545454545 66.06060606060606 66.66666666666666 67.27272727272727 67.87878787878788 68.48484848484848 69.09090909090909 69.69696969696969 70.3030303030303 70.90909090909091 71.51515151515152 72.12121212121212 72.72727272727272 73.33333333333333 73.93939393939394 74.54545454545455 75.15151515151516 75.75757575757575 76.36363636363636 76.96969696969697 77.57575757575758 78.18181818181819 78.78787878787878 79.39393939393939 80 80.60606060606061 81.21212121212122 81.81818181818181 82.42424242424242 83.03030303030303 83.63636363636363 84.24242424242424 84.84848484848484 85.45454545454545 86.06060606060606 86.66666666666667 87.27272727272727 87.87878787878788 88.48484848484848 89.09090909090909 89.6969696969697 90.3030303030303 90.90909090909091 91.51515151515152 92.12121212121212 92.72727272727272 93.33333333333333 93.93939393939394 94.54545454545455 95.15151515151514 95.75757575757575 96.36363636363636 96.96969696969697 97.57575757575758 98.18181818181817 98.78787878787878 99.39393939393939 100 100.6060606060606 101.2121212121212 101.8181818181818 102.4242424242424 103.030303030303 103.6363636363636 104.2424242424242 104.8484848484848 105.4545454545455 106.0606060606061 106.6666666666667 107.2727272727273 107.8787878787879 108.4848484848485 109.0909090909091 109.6969696969697 110.3030303030303 110.9090909090909 111.5151515151515 112.1212121212121 112.7272727272727 113.3333333333333 113.9393939393939 114.5454545454545 115.1515151515151 115.7575757575758 116.3636363636364 116.969696969697 117.5757575757576 118.1818181818182 118.7878787878788 119.3939393939394 120


# name: y
# type: matrix
# rows: 100
# columns: 1
 1021953.286134118
 1019524.501711962
 1016646.812504441
 1013324.587914724
 1009564.091180518
 1005373.444652006
 1000762.581852213
 995743.1867684678
 990328.6209521788
 984533.8391257053
 978375.2941079957
 971870.8319735302
 965039.578450595
 957901.8176439201
 950478.8642323064
 942792.9303432942
 934866.9883436741
 926724.6308064091
 918389.9289212211
 909887.2906078497
 901241.3195681635
 892476.6764764385
 883617.943456997
 874689.4929359272
 865715.3618799034
 856719.1323514206
 847723.8192174218
 838751.7657487668
 829824.5477428221
 820962.8866921749
 812186.5724107227
 803514.3954156851
 794964.0892520352
 786552.282835873
 778294.4627868161
 770204.9456178396
 762296.8595553417
 754582.1356735934
 747071.5079470476
 739774.5217519597
 732699.5502859997
 725853.8183214086
 719243.4326640033
 712873.4186570488
 706747.7620455935
 700869.4555030678
 695240.549117411
 689862.2041381854
 684734.74929848
 679857.739045163
 675230.0130374263
 670849.7563057605
 666714.5595005817
 662821.4787008294
 659167.094297046
 655747.568509844
 652558.7011524057
 649595.9832939287
 646854.6485289659
 644329.7216047335
 642016.0642040505
 639908.4177251204
 638001.4429404251
 636289.7564552245
 634767.9639213111
 633430.6899935675
 632272.6050454618
 631288.4486848788
 630473.0501337083
 629821.3455535193
 629328.3924156557
 628989.3810273947
 628799.6433367196
 628754.6591470314
 628850.0598800713
 629081.6300307554
 629445.3064618013
 629937.1756892565
 630553.4693125391
 631290.5577446109
 632144.9423995727
 633113.2464964795
 634192.2046395633
 635378.6513364171
 636669.5086170349
 638061.7729178627
 639552.5013961801
 641138.7978410485
 642817.798347641
 644586.656921868
 646442.5311816357
 648382.5683197215
 650403.8914908915
 652503.5867824234
 654678.6909224491
 656926.1798744221
 659242.9584583911
 661625.8511306418
 664071.5940425443
 666576.8284871915


# name: QUERY
# type: sq_string
# elements: 1
# length: 2
R3


# name: DATASIZE
# type: sq_string
# elements: 1
# length: 3
750


