# Created by Octave 4.0.0, Mon May 23 13:48:21 2016 CEST <peter@Independence>
# name: x
# type: matrix
# rows: 1
# columns: 100
 60 60.60606060606061 61.21212121212121 61.81818181818181 62.42424242424242 63.03030303030303 63.63636363636364 64.24242424242424 64.84848484848484 65.45454545454545 66.06060606060606 66.66666666666666 67.27272727272727 67.87878787878788 68.48484848484848 69.09090909090909 69.69696969696969 70.3030303030303 70.90909090909091 71.51515151515152 72.12121212121212 72.72727272727272 73.33333333333333 73.93939393939394 74.54545454545455 75.15151515151516 75.75757575757575 76.36363636363636 76.96969696969697 77.57575757575758 78.18181818181819 78.78787878787878 79.39393939393939 80 80.60606060606061 81.21212121212122 81.81818181818181 82.42424242424242 83.03030303030303 83.63636363636363 84.24242424242424 84.84848484848484 85.45454545454545 86.06060606060606 86.66666666666667 87.27272727272727 87.87878787878788 88.48484848484848 89.09090909090909 89.6969696969697 90.3030303030303 90.90909090909091 91.51515151515152 92.12121212121212 92.72727272727272 93.33333333333333 93.93939393939394 94.54545454545455 95.15151515151514 95.75757575757575 96.36363636363636 96.96969696969697 97.57575757575758 98.18181818181817 98.78787878787878 99.39393939393939 100 100.6060606060606 101.2121212121212 101.8181818181818 102.4242424242424 103.030303030303 103.6363636363636 104.2424242424242 104.8484848484848 105.4545454545455 106.0606060606061 106.6666666666667 107.2727272727273 107.8787878787879 108.4848484848485 109.0909090909091 109.6969696969697 110.3030303030303 110.9090909090909 111.5151515151515 112.1212121212121 112.7272727272727 113.3333333333333 113.9393939393939 114.5454545454545 115.1515151515151 115.7575757575758 116.3636363636364 116.969696969697 117.5757575757576 118.1818181818182 118.7878787878788 119.3939393939394 120


# name: y
# type: matrix
# rows: 1
# columns: 100
 972143.5290074558 968083.5642739135 964023.5995403711 959963.6348068288 955903.6700732865 951843.7053397442 947783.7406062018 943723.7758726595 939663.8111391172 935603.8464055749 931543.8816720326 927483.9169384902 923423.9522049479 919363.9874714056 915304.0227378632 911244.0580043209 907184.0932707787 903124.1285372364 899064.1638036941 895004.1990701517 890944.2343366094 886884.2696030671 882824.3048695248 878764.3401359824 874704.3754024401 870644.4106688978 866584.4459353555 862524.4812018131 858464.5164682708 854404.5517347285 850344.5870011861 846284.6222676438 842224.6575341015 838164.6928005592 834104.7280670169 830044.7633334745 825984.7985999322 821924.8338663899 817864.8691328476 813804.9043993053 809744.9396657629 805684.9749322206 801625.0101986784 797565.0454651359 793505.0807315937 789445.1159980514 785385.1512645091 781325.1865309668 777265.2217974244 773205.2570638821 769145.2923303398 765085.3275967975 761025.3628632551 756965.3981297128 752905.4333961705 748845.4686626282 744785.5039290858 740725.5391955435 736665.5744620012 732605.6097284589 728545.6449949165 724485.6802613742 720425.7155278319 716365.7507942896 712305.7860607472 708245.8213272049 704185.8565936626 700125.8918601203 696065.9271265781 692005.9623930356 687945.9976594934 683886.0329259511 679826.0681924087 675766.1034588664 671706.1387253241 667646.1739917818 663586.2092582395 659526.2445246971 655466.2797911548 651406.3150576125 647346.3503240702 643286.3855905279 639226.4208569855 635166.4561234432 631106.4913899009 627046.5266563585 622986.5619228162 618926.5971892739 614866.6324557315 610806.6677221892 606746.7029886469 602686.7382551046 598626.7735215623 594566.8087880199 590506.8440544778 586446.8793209353 582386.9145873931 578326.9498538508 574266.9851203084 570207.0203867661


# name: QUERY
# type: sq_string
# elements: 1
# length: 2
R3


# name: DATASIZE
# type: sq_string
# elements: 1
# length: 3
750


