# Created by Octave 4.0.0, Wed May 18 23:49:32 2016 CEST <peter@Independence>
# name: x
# type: matrix
# rows: 1
# columns: 100
 60 60.60606060606061 61.21212121212121 61.81818181818181 62.42424242424242 63.03030303030303 63.63636363636364 64.24242424242424 64.84848484848484 65.45454545454545 66.06060606060606 66.66666666666666 67.27272727272727 67.87878787878788 68.48484848484848 69.09090909090909 69.69696969696969 70.3030303030303 70.90909090909091 71.51515151515152 72.12121212121212 72.72727272727272 73.33333333333333 73.93939393939394 74.54545454545455 75.15151515151516 75.75757575757575 76.36363636363636 76.96969696969697 77.57575757575758 78.18181818181819 78.78787878787878 79.39393939393939 80 80.60606060606061 81.21212121212122 81.81818181818181 82.42424242424242 83.03030303030303 83.63636363636363 84.24242424242424 84.84848484848484 85.45454545454545 86.06060606060606 86.66666666666667 87.27272727272727 87.87878787878788 88.48484848484848 89.09090909090909 89.6969696969697 90.3030303030303 90.90909090909091 91.51515151515152 92.12121212121212 92.72727272727272 93.33333333333333 93.93939393939394 94.54545454545455 95.15151515151514 95.75757575757575 96.36363636363636 96.96969696969697 97.57575757575758 98.18181818181817 98.78787878787878 99.39393939393939 100 100.6060606060606 101.2121212121212 101.8181818181818 102.4242424242424 103.030303030303 103.6363636363636 104.2424242424242 104.8484848484848 105.4545454545455 106.0606060606061 106.6666666666667 107.2727272727273 107.8787878787879 108.4848484848485 109.0909090909091 109.6969696969697 110.3030303030303 110.9090909090909 111.5151515151515 112.1212121212121 112.7272727272727 113.3333333333333 113.9393939393939 114.5454545454545 115.1515151515151 115.7575757575758 116.3636363636364 116.969696969697 117.5757575757576 118.1818181818182 118.7878787878788 119.3939393939394 120


# name: y
# type: matrix
# rows: 1
# columns: 100
 974604.039630304 970493.4555511706 966382.8714720374 962272.2873929041 958161.7033137707 954051.1192346375 949940.5351555041 945829.9510763709 941719.3669972376 937608.7829181042 933498.1988389709 929387.6147598376 925277.0306807043 921166.446601571 917055.8625224377 912945.2784433044 908834.6943641711 904724.1102850378 900613.5262059045 896502.9421267712 892392.3580476379 888281.7739685046 884171.1898893713 880060.6058102379 875950.0217311047 871839.4376519714 867728.853572838 863618.2694937048 859507.6854145714 855397.1013354382 851286.5172563049 847175.9331771715 843065.3490980383 838954.7650189049 834844.1809397717 830733.5968606384 826623.012781505 822512.4287023718 818401.8446232384 814291.2605441052 810180.6764649719 806070.0923858385 801959.5083067053 797848.9242275719 793738.3401484386 789627.7560693054 785517.171990172 781406.5879110388 777296.0038319054 773185.4197527721 769074.8356736389 764964.2515945055 760853.6675153722 756743.0834362389 752632.4993571056 748521.9152779724 744411.331198839 740300.7471197057 736190.1630405724 732079.5789614391 727968.9948823057 723858.4108031725 719747.8267240392 715637.2426449059 711526.6585657726 707416.0744866392 703305.490407506 699194.9063283727 695084.3222492393 690973.7381701061 686863.1540909727 682752.5700118395 678641.9859327062 674531.4018535728 670420.8177744396 666310.2336953062 662199.6496161729 658089.0655370397 653978.4814579063 649867.897378773 645757.3132996397 641646.7292205065 637536.1451413732 633425.5610622398 629314.9769831065 625204.3929039731 621093.8088248399 616983.2247457067 612872.6406665733 608762.05658744 604651.4725083067 600540.8884291734 596430.30435004 592319.7202709068 588209.1361917735 584098.5521126401 579987.9680335069 575877.3839543735 571766.7998752402 567656.215796107


# name: QUERY
# type: sq_string
# elements: 1
# length: 2
R3


# name: DATASIZE
# type: sq_string
# elements: 1
# length: 3
750


