# Created by Octave 4.0.0, Wed May 18 23:49:32 2016 CEST <peter@Independence>
# name: x
# type: matrix
# rows: 1
# columns: 100
 60 60.60606060606061 61.21212121212121 61.81818181818181 62.42424242424242 63.03030303030303 63.63636363636364 64.24242424242424 64.84848484848484 65.45454545454545 66.06060606060606 66.66666666666666 67.27272727272727 67.87878787878788 68.48484848484848 69.09090909090909 69.69696969696969 70.3030303030303 70.90909090909091 71.51515151515152 72.12121212121212 72.72727272727272 73.33333333333333 73.93939393939394 74.54545454545455 75.15151515151516 75.75757575757575 76.36363636363636 76.96969696969697 77.57575757575758 78.18181818181819 78.78787878787878 79.39393939393939 80 80.60606060606061 81.21212121212122 81.81818181818181 82.42424242424242 83.03030303030303 83.63636363636363 84.24242424242424 84.84848484848484 85.45454545454545 86.06060606060606 86.66666666666667 87.27272727272727 87.87878787878788 88.48484848484848 89.09090909090909 89.6969696969697 90.3030303030303 90.90909090909091 91.51515151515152 92.12121212121212 92.72727272727272 93.33333333333333 93.93939393939394 94.54545454545455 95.15151515151514 95.75757575757575 96.36363636363636 96.96969696969697 97.57575757575758 98.18181818181817 98.78787878787878 99.39393939393939 100 100.6060606060606 101.2121212121212 101.8181818181818 102.4242424242424 103.030303030303 103.6363636363636 104.2424242424242 104.8484848484848 105.4545454545455 106.0606060606061 106.6666666666667 107.2727272727273 107.8787878787879 108.4848484848485 109.0909090909091 109.6969696969697 110.3030303030303 110.9090909090909 111.5151515151515 112.1212121212121 112.7272727272727 113.3333333333333 113.9393939393939 114.5454545454545 115.1515151515151 115.7575757575758 116.3636363636364 116.969696969697 117.5757575757576 118.1818181818182 118.7878787878788 119.3939393939394 120


# name: y
# type: matrix
# rows: 100
# columns: 1
 923780.4298058184
 920289.7669532123
 916799.1041006064
 913308.4412480005
 909817.7783953944
 906327.1155427885
 902836.4526901826
 899345.7898375766
 895855.1269849706
 892364.4641323647
 888873.8012797587
 885383.1384271528
 881892.4755745468
 878401.8127219409
 874911.1498693349
 871420.487016729
 867929.824164123
 864439.1613115171
 860948.4984589111
 857457.8356063052
 853967.1727536992
 850476.5099010932
 846985.8470484873
 843495.1841958812
 840004.5213432754
 836513.8584906694
 833023.1956380635
 829532.5327854576
 826041.8699328515
 822551.2070802456
 819060.5442276397
 815569.8813750336
 812079.2185224277
 808588.5556698218
 805097.8928172159
 801607.2299646098
 798116.5671120039
 794625.9042593979
 791135.241406792
 787644.578554186
 784153.9157015801
 780663.2528489741
 777172.5899963682
 773681.9271437622
 770191.2642911562
 766700.6014385503
 763209.9385859444
 759719.2757333384
 756228.6128807324
 752737.9500281265
 749247.2871755206
 745756.6243229145
 742265.9614703086
 738775.2986177027
 735284.6357650966
 731793.9729124907
 728303.3100598848
 724812.6472072788
 721321.9843546728
 717831.3215020669
 714340.6586494609
 710849.995796855
 707359.332944249
 703868.6700916431
 700378.0072390371
 696887.3443864312
 693396.6815338252
 689906.0186812193
 686415.3558286133
 682924.6929760074
 679434.0301234013
 675943.3672707954
 672452.7044181895
 668962.0415655836
 665471.3787129775
 661980.7158603716
 658490.0530077656
 654999.3901551596
 651508.7273025537
 648018.0644499477
 644527.4015973418
 641036.738744736
 637546.0758921299
 634055.413039524
 630564.7501869181
 627074.087334312
 623583.424481706
 620092.7616291001
 616602.0987764942
 613111.4359238881
 609620.7730712823
 606130.1102186764
 602639.4473660702
 599148.7845134644
 595658.1216608585
 592167.4588082526
 588676.7959556464
 585186.1331030405
 581695.4702504345
 578204.8073978286


# name: QUERY
# type: sq_string
# elements: 1
# length: 2
R3


# name: DATASIZE
# type: sq_string
# elements: 1
# length: 3
750


