# Created by Octave 4.0.0, Mon May 23 13:48:21 2016 CEST <peter@Independence>
# name: x
# type: matrix
# rows: 1
# columns: 100
 60 60.60606060606061 61.21212121212121 61.81818181818181 62.42424242424242 63.03030303030303 63.63636363636364 64.24242424242424 64.84848484848484 65.45454545454545 66.06060606060606 66.66666666666666 67.27272727272727 67.87878787878788 68.48484848484848 69.09090909090909 69.69696969696969 70.3030303030303 70.90909090909091 71.51515151515152 72.12121212121212 72.72727272727272 73.33333333333333 73.93939393939394 74.54545454545455 75.15151515151516 75.75757575757575 76.36363636363636 76.96969696969697 77.57575757575758 78.18181818181819 78.78787878787878 79.39393939393939 80 80.60606060606061 81.21212121212122 81.81818181818181 82.42424242424242 83.03030303030303 83.63636363636363 84.24242424242424 84.84848484848484 85.45454545454545 86.06060606060606 86.66666666666667 87.27272727272727 87.87878787878788 88.48484848484848 89.09090909090909 89.6969696969697 90.3030303030303 90.90909090909091 91.51515151515152 92.12121212121212 92.72727272727272 93.33333333333333 93.93939393939394 94.54545454545455 95.15151515151514 95.75757575757575 96.36363636363636 96.96969696969697 97.57575757575758 98.18181818181817 98.78787878787878 99.39393939393939 100 100.6060606060606 101.2121212121212 101.8181818181818 102.4242424242424 103.030303030303 103.6363636363636 104.2424242424242 104.8484848484848 105.4545454545455 106.0606060606061 106.6666666666667 107.2727272727273 107.8787878787879 108.4848484848485 109.0909090909091 109.6969696969697 110.3030303030303 110.9090909090909 111.5151515151515 112.1212121212121 112.7272727272727 113.3333333333333 113.9393939393939 114.5454545454545 115.1515151515151 115.7575757575758 116.3636363636364 116.969696969697 117.5757575757576 118.1818181818182 118.7878787878788 119.3939393939394 120


# name: y
# type: matrix
# rows: 100
# columns: 1
 971221.1546623971
 967258.5992930896
 963296.043923782
 959333.4885544741
 955370.9331851667
 951408.3778158589
 947445.8224465512
 943483.2670772438
 939520.7117079359
 935558.1563386286
 931595.6009693211
 927633.0456000131
 923670.4902307058
 919707.9348613982
 915745.3794920904
 911782.8241227828
 907820.268753475
 903857.7133841675
 899895.1580148598
 895932.6026455525
 891970.047276245
 888007.4919069369
 884044.9365376296
 880082.3811683219
 876119.8257990142
 872157.2704297067
 868194.715060399
 864232.1596910913
 860269.6043217839
 856307.0489524761
 852344.4935831687
 848381.9382138611
 844419.3828445532
 840456.8274752457
 836494.2721059381
 832531.7167366305
 828569.1613673229
 824606.6059980151
 820644.0506287076
 816681.4952594
 812718.9398900924
 808756.3845207847
 804793.8291514772
 800831.2737821694
 796868.7184128619
 792906.1630435543
 788943.6076742467
 784981.052304939
 781018.4969356314
 777055.9415663237
 773093.3861970162
 769130.8308277086
 765168.275458401
 761205.7200890933
 757243.1647197857
 753280.6093504782
 749318.0539811705
 745355.4986118629
 741392.9432425553
 737430.3878732476
 733467.8325039401
 729505.2771346325
 725542.7217653248
 721580.1663960172
 717617.6110267096
 713655.055657402
 709692.5002880944
 705729.9449187868
 701767.389549479
 697804.8341801715
 693842.2788108637
 689879.7234415562
 685917.1680722488
 681954.6127029411
 677992.0573336332
 674029.5019643258
 670066.9465950181
 666104.3912257106
 662141.8358564028
 658179.2804870952
 654216.7251177876
 650254.1697484803
 646291.6143791724
 642329.0590098647
 638366.5036405572
 634403.9482712494
 630441.3929019418
 626478.8375326346
 622516.2821633264
 618553.726794019
 614591.1714247115
 610628.6160554043
 606666.060686096
 602703.5053167889
 598740.949947481
 594778.3945781732
 590815.839208866
 586853.2838395584
 582890.7284702505
 578928.173100943


# name: QUERY
# type: sq_string
# elements: 1
# length: 2
R3


# name: DATASIZE
# type: sq_string
# elements: 1
# length: 3
750


