# Created by Octave 4.0.0, Mon May 23 13:48:21 2016 CEST <peter@Independence>
# name: SVs
# type: cell
# rows: 1
# columns: 7
# name: <cell-element>
# type: sparse matrix
# nnz: 25
# rows: 25
# columns: 1
1 1 1.356951165775023
2 1 -0.4202946088683697
3 1 1.356951165775023
4 1 0.4683282784533269
5 1 0.4683282784533269
6 1 0.4683282784533269
7 1 -0.4202946088683697
8 1 -1.308917496190066
9 1 0.4683282784533269
10 1 0.4683282784533269
11 1 1.356951165775023
12 1 1.356951165775023
13 1 -1.308917496190066
14 1 0.4683282784533269
15 1 0.4683282784533269
16 1 1.356951165775023
17 1 1.356951165775023
18 1 0.4683282784533269
19 1 0.4683282784533269
20 1 -1.308917496190066
21 1 -1.308917496190066
22 1 1.356951165775023
23 1 0.4683282784533269
24 1 -1.308917496190066
25 1 -1.308917496190066



# name: <cell-element>
# type: sparse matrix
# nnz: 12
# rows: 12
# columns: 1
1 1 1.356951165775023
2 1 -1.308917496190066
3 1 1.356951165775023
4 1 1.356951165775023
5 1 -1.308917496190066
6 1 0.4683282784533269
7 1 -1.308917496190066
8 1 1.356951165775023
9 1 -1.308917496190066
10 1 1.356951165775023
11 1 -1.308917496190066
12 1 -1.308917496190066



# name: <cell-element>
# type: sparse matrix
# nnz: 2
# rows: 2
# columns: 1
1 1 0.4683282784533269
2 1 -1.308917496190066



# name: <cell-element>
# type: sparse matrix
# nnz: 12
# rows: 12
# columns: 1
1 1 1.356951165775023
2 1 -1.308917496190066
3 1 1.356951165775023
4 1 1.356951165775023
5 1 -1.308917496190066
6 1 0.4683282784533269
7 1 -1.308917496190066
8 1 1.356951165775023
9 1 -1.308917496190066
10 1 1.356951165775023
11 1 -1.308917496190066
12 1 -1.308917496190066



# name: <cell-element>
# type: sparse matrix
# nnz: 0
# rows: 0
# columns: 1



# name: <cell-element>
# type: sparse matrix
# nnz: 12
# rows: 12
# columns: 1
1 1 -0.4202946088683697
2 1 1.356951165775023
3 1 1.356951165775023
4 1 1.356951165775023
5 1 0.4683282784533269
6 1 1.356951165775023
7 1 1.356951165775023
8 1 -1.308917496190066
9 1 1.356951165775023
10 1 -1.308917496190066
11 1 1.356951165775023
12 1 -1.308917496190066



# name: <cell-element>
# type: scalar
0





# name: coefficients
# type: cell
# rows: 1
# columns: 7
# name: <cell-element>
# type: matrix
# rows: 25
# columns: 1
 0.87368
 -0.87368
 0.87368
 -0.87368
 -0.87368
 -0.87368
 -0.87368
 0.87368
 -0.87368
 -0.87368
 0.87368
 0.87368
 0.87368
 -0.87368
 -0.87368
 0.87368
 0.87368
 -0.87368
 -0.87368
 0.04932945719525537
 0.87368
 0.8243505428047444
 -0.87368
 0.87368
 0.87368



# name: <cell-element>
# type: matrix
# rows: 12
# columns: 1
 -0.35789
 0.35789
 -0.35789
 -0.35789
 0.35789
 -0.2779981922303781
 0.2779981922303781
 -0.35789
 0.35789
 -0.35789
 0.35789
 0.35789



# name: <cell-element>
# type: matrix
# rows: 2
# columns: 1
 -0.1558314552064105
 0.1558314552064105



# name: <cell-element>
# type: matrix
# rows: 12
# columns: 1
 -0.35789
 0.35789
 -0.35789
 -0.35789
 0.35789
 -0.3154762724550746
 0.3154762724550746
 -0.35789
 0.35789
 -0.35789
 0.35789
 0.35789



# name: <cell-element>
# type: matrix
# rows: 0
# columns: 1



# name: <cell-element>
# type: matrix
# rows: 12
# columns: 1
 -0.481184912164032
 3.4526
 -0.5038049972416332
 -3.4526
 -0.6395945278831635
 3.4526
 3.4526
 -3.4526
 -3.4526
 1.624584437288829
 -3.4526
 3.4526



# name: <cell-element>
# type: scalar
0





# name: b
# type: cell
# rows: 1
# columns: 7
# name: <cell-element>
# type: scalar
0.02352159187621825



# name: <cell-element>
# type: scalar
0.1191920285134768



# name: <cell-element>
# type: scalar
-0.06035527002731828



# name: <cell-element>
# type: scalar
0.1553906356386168



# name: <cell-element>
# type: scalar
0.3306535959839441



# name: <cell-element>
# type: scalar
0.1463828547058892



# name: <cell-element>
# type: scalar
0





# name: models
# type: cell
# rows: 1
# columns: 7
# name: <cell-element>
# type: scalar struct
# ndims: 2
 1 1
# length: 11
# name: Parameters
# type: matrix
# rows: 5
# columns: 1
 3
 0
 3
 1
 0


# name: nr_class
# type: scalar
2


# name: totalSV
# type: scalar
25


# name: rho
# type: scalar
-0.02352159187621825


# name: Label
# type: matrix
# rows: 0
# columns: 0


# name: sv_indices
# type: matrix
# rows: 25
# columns: 1
 3
 4
 6
 7
 11
 12
 13
 14
 15
 18
 19
 20
 21
 24
 25
 26
 28
 29
 32
 33
 36
 37
 38
 39
 40


# name: ProbA
# type: matrix
# rows: 0
# columns: 0


# name: ProbB
# type: matrix
# rows: 0
# columns: 0


# name: nSV
# type: matrix
# rows: 0
# columns: 0


# name: sv_coef
# type: matrix
# rows: 25
# columns: 1
 0.87368
 -0.87368
 0.87368
 -0.87368
 -0.87368
 -0.87368
 -0.87368
 0.87368
 -0.87368
 -0.87368
 0.87368
 0.87368
 0.87368
 -0.87368
 -0.87368
 0.87368
 0.87368
 -0.87368
 -0.87368
 0.04932945719525537
 0.87368
 0.8243505428047444
 -0.87368
 0.87368
 0.87368


# name: SVs
# type: sparse matrix
# nnz: 25
# rows: 25
# columns: 1
1 1 1.356951165775023
2 1 -0.4202946088683697
3 1 1.356951165775023
4 1 0.4683282784533269
5 1 0.4683282784533269
6 1 0.4683282784533269
7 1 -0.4202946088683697
8 1 -1.308917496190066
9 1 0.4683282784533269
10 1 0.4683282784533269
11 1 1.356951165775023
12 1 1.356951165775023
13 1 -1.308917496190066
14 1 0.4683282784533269
15 1 0.4683282784533269
16 1 1.356951165775023
17 1 1.356951165775023
18 1 0.4683282784533269
19 1 0.4683282784533269
20 1 -1.308917496190066
21 1 -1.308917496190066
22 1 1.356951165775023
23 1 0.4683282784533269
24 1 -1.308917496190066
25 1 -1.308917496190066





# name: <cell-element>
# type: scalar struct
# ndims: 2
 1 1
# length: 11
# name: Parameters
# type: matrix
# rows: 5
# columns: 1
 3
 1
 2
 1
 0


# name: nr_class
# type: scalar
2


# name: totalSV
# type: scalar
12


# name: rho
# type: scalar
-0.1191920285134768


# name: Label
# type: matrix
# rows: 0
# columns: 0


# name: sv_indices
# type: matrix
# rows: 12
# columns: 1
 3
 14
 19
 20
 21
 25
 33
 35
 36
 37
 39
 40


# name: ProbA
# type: matrix
# rows: 0
# columns: 0


# name: ProbB
# type: matrix
# rows: 0
# columns: 0


# name: nSV
# type: matrix
# rows: 0
# columns: 0


# name: sv_coef
# type: matrix
# rows: 12
# columns: 1
 -0.35789
 0.35789
 -0.35789
 -0.35789
 0.35789
 -0.2779981922303781
 0.2779981922303781
 -0.35789
 0.35789
 -0.35789
 0.35789
 0.35789


# name: SVs
# type: sparse matrix
# nnz: 12
# rows: 12
# columns: 1
1 1 1.356951165775023
2 1 -1.308917496190066
3 1 1.356951165775023
4 1 1.356951165775023
5 1 -1.308917496190066
6 1 0.4683282784533269
7 1 -1.308917496190066
8 1 1.356951165775023
9 1 -1.308917496190066
10 1 1.356951165775023
11 1 -1.308917496190066
12 1 -1.308917496190066





# name: <cell-element>
# type: scalar struct
# ndims: 2
 1 1
# length: 11
# name: Parameters
# type: matrix
# rows: 5
# columns: 1
 3
 1
 3
 1
 0


# name: nr_class
# type: scalar
2


# name: totalSV
# type: scalar
2


# name: rho
# type: scalar
0.06035527002731828


# name: Label
# type: matrix
# rows: 0
# columns: 0


# name: sv_indices
# type: matrix
# rows: 2
# columns: 1
 25
 40


# name: ProbA
# type: matrix
# rows: 0
# columns: 0


# name: ProbB
# type: matrix
# rows: 0
# columns: 0


# name: nSV
# type: matrix
# rows: 0
# columns: 0


# name: sv_coef
# type: matrix
# rows: 2
# columns: 1
 -0.1558314552064105
 0.1558314552064105


# name: SVs
# type: sparse matrix
# nnz: 2
# rows: 2
# columns: 1
1 1 0.4683282784533269
2 1 -1.308917496190066





# name: <cell-element>
# type: scalar struct
# ndims: 2
 1 1
# length: 11
# name: Parameters
# type: matrix
# rows: 5
# columns: 1
 3
 1
 4
 1
 0


# name: nr_class
# type: scalar
2


# name: totalSV
# type: scalar
12


# name: rho
# type: scalar
-0.1553906356386168


# name: Label
# type: matrix
# rows: 0
# columns: 0


# name: sv_indices
# type: matrix
# rows: 12
# columns: 1
 3
 14
 19
 20
 21
 25
 33
 35
 36
 37
 39
 40


# name: ProbA
# type: matrix
# rows: 0
# columns: 0


# name: ProbB
# type: matrix
# rows: 0
# columns: 0


# name: nSV
# type: matrix
# rows: 0
# columns: 0


