# Created by Octave 4.0.0, Wed May 18 23:49:31 2016 CEST <peter@Independence>
# name: SVs
# type: cell
# rows: 1
# columns: 7
# name: <cell-element>
# type: sparse matrix
# nnz: 40
# rows: 40
# columns: 1
1 1 1.356951165775023
2 1 1.356951165775023
3 1 -1.308917496190066
4 1 -1.308917496190066
5 1 -0.4202946088683697
6 1 -0.4202946088683697
7 1 1.356951165775023
8 1 0.4683282784533269
9 1 -0.4202946088683697
10 1 0.4683282784533269
11 1 -1.308917496190066
12 1 1.356951165775023
13 1 0.4683282784533269
14 1 -0.4202946088683697
15 1 0.4683282784533269
16 1 -0.4202946088683697
17 1 0.4683282784533269
18 1 1.356951165775023
19 1 -1.308917496190066
20 1 1.356951165775023
21 1 0.4683282784533269
22 1 -0.4202946088683697
23 1 0.4683282784533269
24 1 -1.308917496190066
25 1 0.4683282784533269
26 1 -1.308917496190066
27 1 -1.308917496190066
28 1 -0.4202946088683697
29 1 -1.308917496190066
30 1 -0.4202946088683697
31 1 1.356951165775023
32 1 -1.308917496190066
33 1 -1.308917496190066
34 1 0.4683282784533269
35 1 -1.308917496190066
36 1 -0.4202946088683697
37 1 -0.4202946088683697
38 1 -1.308917496190066
39 1 -1.308917496190066
40 1 0.4683282784533269



# name: <cell-element>
# type: sparse matrix
# nnz: 26
# rows: 26
# columns: 1
1 1 1.356951165775023
2 1 1.356951165775023
3 1 -1.308917496190066
4 1 -1.308917496190066
5 1 1.356951165775023
6 1 0.4683282784533269
7 1 -1.308917496190066
8 1 1.356951165775023
9 1 0.4683282784533269
10 1 1.356951165775023
11 1 -1.308917496190066
12 1 1.356951165775023
13 1 0.4683282784533269
14 1 -1.308917496190066
15 1 0.4683282784533269
16 1 -1.308917496190066
17 1 -1.308917496190066
18 1 -1.308917496190066
19 1 1.356951165775023
20 1 -1.308917496190066
21 1 -1.308917496190066
22 1 0.4683282784533269
23 1 -1.308917496190066
24 1 -1.308917496190066
25 1 -1.308917496190066
26 1 0.4683282784533269



# name: <cell-element>
# type: sparse matrix
# nnz: 21
# rows: 21
# columns: 1
1 1 1.356951165775023
2 1 1.356951165775023
3 1 -1.308917496190066
4 1 1.356951165775023
5 1 0.4683282784533269
6 1 0.4683282784533269
7 1 1.356951165775023
8 1 0.4683282784533269
9 1 0.4683282784533269
10 1 0.4683282784533269
11 1 -1.308917496190066
12 1 1.356951165775023
13 1 0.4683282784533269
14 1 0.4683282784533269
15 1 -1.308917496190066
16 1 0.4683282784533269
17 1 -1.308917496190066
18 1 0.4683282784533269
19 1 -1.308917496190066
20 1 -1.308917496190066
21 1 0.4683282784533269



# name: <cell-element>
# type: sparse matrix
# nnz: 18
# rows: 18
# columns: 1
1 1 1.356951165775023
2 1 1.356951165775023
3 1 -1.308917496190066
4 1 1.356951165775023
5 1 1.356951165775023
6 1 0.4683282784533269
7 1 1.356951165775023
8 1 -1.308917496190066
9 1 1.356951165775023
10 1 -1.308917496190066
11 1 -1.308917496190066
12 1 -1.308917496190066
13 1 -1.308917496190066
14 1 1.356951165775023
15 1 -1.308917496190066
16 1 -1.308917496190066
17 1 -1.308917496190066
18 1 0.4683282784533269



# name: <cell-element>
# type: sparse matrix
# nnz: 11
# rows: 11
# columns: 1
1 1 -1.308917496190066
2 1 1.356951165775023
3 1 0.4683282784533269
4 1 1.356951165775023
5 1 -1.308917496190066
6 1 1.356951165775023
7 1 -1.308917496190066
8 1 1.356951165775023
9 1 -1.308917496190066
10 1 -1.308917496190066
11 1 -1.308917496190066



# name: <cell-element>
# type: sparse matrix
# nnz: 13
# rows: 13
# columns: 1
1 1 1.356951165775023
2 1 1.356951165775023
3 1 -1.308917496190066
4 1 1.356951165775023
5 1 1.356951165775023
6 1 0.4683282784533269
7 1 1.356951165775023
8 1 1.356951165775023
9 1 -0.4202946088683697
10 1 1.356951165775023
11 1 -0.4202946088683697
12 1 -1.308917496190066
13 1 -1.308917496190066



# name: <cell-element>
# type: scalar
0





# name: coefficients
# type: cell
# rows: 1
# columns: 7
# name: <cell-element>
# type: matrix
# rows: 40
# columns: 1
 0.1
 0.1
 0.1
 0.1
 -0.1
 -0.1
 0.1
 -0.1
 -0.1
 -0.1
 0.1
 0.1
 -0.1
 -0.1
 -0.1
 -0.1
 -0.1
 0.1
 0.1
 0.1
 -0.1
 -0.1
 -0.1
 0.1
 -0.1
 0.1
 0.1
 -0.1
 0.1
 -0.1
 0.1
 0.1
 0.1
 -0.1
 0.1
 -0.1
 -0.1
 0.1
 0.1
 -0.1



# name: <cell-element>
# type: matrix
# rows: 26
# columns: 1
 -0.1
 -0.1
 0.1
 0.1
 -0.1
 -0.02525853264203722
 0.1
 -0.1
 -0.1
 -0.1
 0.1
 -0.1
 -0.1
 0.1
 -0.1
 0.1
 0.1
 0.1
 -0.1
 0.1
 0.1
 -0.1
 0.1
 0.1
 0.02525853264203722
 -0.1



# name: <cell-element>
# type: matrix
# rows: 21
# columns: 1
 4.2263
 4.2263
 4.2263
 4.2263
 -4.2263
 -4.2263
 4.2263
 -4.2263
 -4.2263
 -4.2263
 0.3324514026247591
 3.893848597375244
 -4.2263
 -4.2263
 4.2263
 -4.2263
 4.2263
 -4.2263
 4.2263
 4.2263
 -4.2263



# name: <cell-element>
# type: matrix
# rows: 18
# columns: 1
 -0.1
 -0.1
 0.1
 -0.1
 -0.1
 -0.1
 -0.1
 0.1
 -0.1
 0.1
 0.1
 0.1
 0.1
 -0.1
 0.1
 0.1
 0.1
 -0.1



# name: <cell-element>
# type: matrix
# rows: 11
# columns: 1
 0.35789
 -0.35789
 -0.35789
 -0.35789
 1.110223024625157e-16
 -0.35789
 0.35789
 -0.35789
 0.35789
 0.35789
 0.35789



# name: <cell-element>
# type: matrix
# rows: 13
# columns: 1
 2.1632
 2.1632
 2.1632
 2.1632
 -0.5013174608021744
 -0.6339876887743696
 -2.1632
 -2.1632
 -2.1632
 -2.1632
 1.658922616068968
 1.639582533507576
 -2.1632



# name: <cell-element>
# type: scalar
0





# name: b
# type: cell
# rows: 1
# columns: 7
# name: <cell-element>
# type: scalar
-0.1276511670664484



# name: <cell-element>
# type: scalar
-0.4315593324150253



# name: <cell-element>
# type: scalar
-0.1745777053253817



# name: <cell-element>
# type: scalar
-0.1063788475741215



# name: <cell-element>
# type: scalar
0.1534083562679589



# name: <cell-element>
# type: scalar
0.1415617688225528



# name: <cell-element>
# type: scalar
0





# name: models
# type: cell
# rows: 1
# columns: 7
# name: <cell-element>
# type: scalar struct
# ndims: 2
 1 1
# length: 11
# name: Parameters
# type: matrix
# rows: 5
# columns: 1
 3
 0
 3
 1
 0


# name: nr_class
# type: scalar
2


# name: totalSV
# type: scalar
40


# name: rho
# type: scalar
0.1276511670664484


# name: Label
# type: matrix
# rows: 0
# columns: 0


# name: sv_indices
# type: matrix
# rows: 40
# columns: 1
 1
 2
 4
 5
 6
 7
 8
 9
 10
 11
 12
 13
 14
 15
 16
 17
 18
 20
 21
 22
 23
 25
 26
 27
 28
 29
 30
 31
 32
 33
 34
 35
 36
 37
 38
 39
 40
 42
 43
 44


# name: ProbA
# type: matrix
# rows: 0
# columns: 0


# name: ProbB
# type: matrix
# rows: 0
# columns: 0


# name: nSV
# type: matrix
# rows: 0
# columns: 0


# name: sv_coef
# type: matrix
# rows: 40
# columns: 1
 0.1
 0.1
 0.1
 0.1
 -0.1
 -0.1
 0.1
 -0.1
 -0.1
 -0.1
 0.1
 0.1
 -0.1
 -0.1
 -0.1
 -0.1
 -0.1
 0.1
 0.1
 0.1
 -0.1
 -0.1
 -0.1
 0.1
 -0.1
 0.1
 0.1
 -0.1
 0.1
 -0.1
 0.1
 0.1
 0.1
 -0.1
 0.1
 -0.1
 -0.1
 0.1
 0.1
 -0.1


# name: SVs
# type: sparse matrix
# nnz: 40
# rows: 40
# columns: 1
1 1 1.356951165775023
2 1 1.356951165775023
3 1 -1.308917496190066
4 1 -1.308917496190066
5 1 -0.4202946088683697
6 1 -0.4202946088683697
7 1 1.356951165775023
8 1 0.4683282784533269
9 1 -0.4202946088683697
10 1 0.4683282784533269
11 1 -1.308917496190066
12 1 1.356951165775023
13 1 0.4683282784533269
14 1 -0.4202946088683697
15 1 0.4683282784533269
16 1 -0.4202946088683697
17 1 0.4683282784533269
18 1 1.356951165775023
19 1 -1.308917496190066
20 1 1.356951165775023
21 1 0.4683282784533269
22 1 -0.4202946088683697
23 1 0.4683282784533269
24 1 -1.308917496190066
25 1 0.4683282784533269
26 1 -1.308917496190066
27 1 -1.308917496190066
28 1 -0.4202946088683697
29 1 -1.308917496190066
30 1 -0.4202946088683697
31 1 1.356951165775023
32 1 -1.308917496190066
33 1 -1.308917496190066
34 1 0.4683282784533269
35 1 -1.308917496190066
36 1 -0.4202946088683697
37 1 -0.4202946088683697
38 1 -1.308917496190066
39 1 -1.308917496190066
40 1 0.4683282784533269





# name: <cell-element>
# type: scalar struct
# ndims: 2
 1 1
# length: 11
# name: Parameters
# type: matrix
# rows: 5
# columns: 1
 3
 1
 2
 1
 0


# name: nr_class
# type: scalar
2


# name: totalSV
# type: scalar
26


# name: rho
# type: scalar
0.4315593324150253


# name: Label
# type: matrix
# rows: 0
# columns: 0


