# Created by Octave 4.0.0, Mon May 23 13:48:15 2016 CEST <peter@Independence>
# name: mu
# type: matrix
# rows: 1
# columns: 2
 774796.3243243244 89.45945945945945


# name: sigma
# type: matrix
# rows: 1
# columns: 2
 162085.5672722762 22.5067351801841


