# Created by Octave 4.0.0, Wed May 18 23:49:32 2016 CEST <peter@Independence>
# name: x
# type: matrix
# rows: 1
# columns: 100
 60 60.60606060606061 61.21212121212121 61.81818181818181 62.42424242424242 63.03030303030303 63.63636363636364 64.24242424242424 64.84848484848484 65.45454545454545 66.06060606060606 66.66666666666666 67.27272727272727 67.87878787878788 68.48484848484848 69.09090909090909 69.69696969696969 70.3030303030303 70.90909090909091 71.51515151515152 72.12121212121212 72.72727272727272 73.33333333333333 73.93939393939394 74.54545454545455 75.15151515151516 75.75757575757575 76.36363636363636 76.96969696969697 77.57575757575758 78.18181818181819 78.78787878787878 79.39393939393939 80 80.60606060606061 81.21212121212122 81.81818181818181 82.42424242424242 83.03030303030303 83.63636363636363 84.24242424242424 84.84848484848484 85.45454545454545 86.06060606060606 86.66666666666667 87.27272727272727 87.87878787878788 88.48484848484848 89.09090909090909 89.6969696969697 90.3030303030303 90.90909090909091 91.51515151515152 92.12121212121212 92.72727272727272 93.33333333333333 93.93939393939394 94.54545454545455 95.15151515151514 95.75757575757575 96.36363636363636 96.96969696969697 97.57575757575758 98.18181818181817 98.78787878787878 99.39393939393939 100 100.6060606060606 101.2121212121212 101.8181818181818 102.4242424242424 103.030303030303 103.6363636363636 104.2424242424242 104.8484848484848 105.4545454545455 106.0606060606061 106.6666666666667 107.2727272727273 107.8787878787879 108.4848484848485 109.0909090909091 109.6969696969697 110.3030303030303 110.9090909090909 111.5151515151515 112.1212121212121 112.7272727272727 113.3333333333333 113.9393939393939 114.5454545454545 115.1515151515151 115.7575757575758 116.3636363636364 116.969696969697 117.5757575757576 118.1818181818182 118.7878787878788 119.3939393939394 120


# name: y
# type: matrix
# rows: 100
# columns: 1
 847050.8196102531
 841494.0012888383
 836491.1242451923
 831997.1024290493
 827969.6598740845
 824369.2114263023
 821158.7460592332
 818303.7127759142
 815771.9090976309
 813533.37213947
 811560.2722726231
 809826.8093734911
 808309.1116595666
 806985.1371120912
 805834.5774855
 804838.7649036413
 803980.581042788
 803244.3689014192
 802615.8471567883
 802082.0271082739
 801631.1322075045
 801252.5201752761
 800936.6077052396
 800674.7977543758
 800459.4094202514
 800283.6104050527
 800141.3520664045
 800027.3070549682
 799936.8095388209
 799865.7980146168
 799810.7607055294
 799768.6835459744
 799737.000753115
 799713.5479851469
 799696.5180863659
 799684.419419016
 799676.0367819192
 799670.3949158855
 799666.7245959061
 799664.4313101252
 799663.0665255955
 799662.3015408134
 799661.9039250361
 799661.7165443795
 799661.6391746976
 799661.6127012436
 799661.6059051107
 799661.6048364565
 799661.6047745056
 799661.6047743369
 799661.6048004492
 799661.6054471092
 799661.6102454814
 799661.6305575379
 799661.6930567502
 799661.8497955624
 799662.190859645
 799662.8596089303
 799664.0705054291
 799666.1295278285
 799669.457172871
 799674.6140435146
 799682.3290238744
 799693.5300409453
 799709.3774131063
 799731.299785405
 799761.0326516252
 799800.659463133
 799852.655324507
 799919.9332759479
 800005.8931624701
 800114.4730898733
 800250.2034674982
 800418.2636377598
 800624.5410924646
 800875.6932759075
 801179.2119747516
 801543.4902946865
 801977.8922238718
 802492.8247831565
 803099.8127630854
 803811.5760476831
 804642.1095250205
 805606.7655845589
 806722.3392012848
 808007.1556066154
 809481.1605460864
 811166.0131238365
 813085.1812338452
 815264.0395779778
 817729.9702707983
 820512.466031166
 823643.2359606227
 827156.3139085323
 831088.1694240443
 835477.8212947968
 840366.9536724375
 845800.03478489
 851824.438235434
 858490.5668885523


# name: QUERY
# type: sq_string
# elements: 1
# length: 2
R3


# name: DATASIZE
# type: sq_string
# elements: 1
# length: 3
750


