# Created by Octave 4.0.0, Wed May 18 23:49:32 2016 CEST <peter@Independence>
# name: x
# type: matrix
# rows: 1
# columns: 100
 60 60.60606060606061 61.21212121212121 61.81818181818181 62.42424242424242 63.03030303030303 63.63636363636364 64.24242424242424 64.84848484848484 65.45454545454545 66.06060606060606 66.66666666666666 67.27272727272727 67.87878787878788 68.48484848484848 69.09090909090909 69.69696969696969 70.3030303030303 70.90909090909091 71.51515151515152 72.12121212121212 72.72727272727272 73.33333333333333 73.93939393939394 74.54545454545455 75.15151515151516 75.75757575757575 76.36363636363636 76.96969696969697 77.57575757575758 78.18181818181819 78.78787878787878 79.39393939393939 80 80.60606060606061 81.21212121212122 81.81818181818181 82.42424242424242 83.03030303030303 83.63636363636363 84.24242424242424 84.84848484848484 85.45454545454545 86.06060606060606 86.66666666666667 87.27272727272727 87.87878787878788 88.48484848484848 89.09090909090909 89.6969696969697 90.3030303030303 90.90909090909091 91.51515151515152 92.12121212121212 92.72727272727272 93.33333333333333 93.93939393939394 94.54545454545455 95.15151515151514 95.75757575757575 96.36363636363636 96.96969696969697 97.57575757575758 98.18181818181817 98.78787878787878 99.39393939393939 100 100.6060606060606 101.2121212121212 101.8181818181818 102.4242424242424 103.030303030303 103.6363636363636 104.2424242424242 104.8484848484848 105.4545454545455 106.0606060606061 106.6666666666667 107.2727272727273 107.8787878787879 108.4848484848485 109.0909090909091 109.6969696969697 110.3030303030303 110.9090909090909 111.5151515151515 112.1212121212121 112.7272727272727 113.3333333333333 113.9393939393939 114.5454545454545 115.1515151515151 115.7575757575758 116.3636363636364 116.969696969697 117.5757575757576 118.1818181818182 118.7878787878788 119.3939393939394 120


# name: y
# type: matrix
# rows: 100
# columns: 1
 930638.0120256015
 919505.5500380492
 908831.071671327
 898604.957059423
 888817.5863363442
 879459.339636068
 870520.5970925918
 861991.7388399278
 853863.1450120513
 846125.1957429568
 838768.2711666417
 831782.7514170924
 825159.0166283119
 818887.4469342921
 812958.4224690226
 807362.3233664944
 802089.5297607045
 797130.4217856476
 792475.3795753146
 788114.7832637037
 784039.0129847976
 780238.448872597
 776703.4710610983
 773424.4596842875
 770391.7948761606
 767595.8567707135
 765027.0255019364
 762675.6812038242
 760532.2040103693
 758586.9740555658
 756830.3714734074
 755252.776397886
 753844.5689629958
 752596.12930273
 751497.8375510817
 750540.0738420446
 749713.218309612
 749007.6510877769
 748413.752310533
 747921.9021118733
 747522.4806257914
 747205.8679862802
 746962.4443273336
 746782.5897829445
 746656.6844871064
 746575.1085738126
 746528.2421770564
 746506.4654308311
 746500.1584691301
 746499.7014259466
 746495.4744352739
 746477.8576311056
 746437.2311474348
 746363.9751182548
 746248.469677559
 746081.0949593408
 745852.2310975934
 745552.2582263103
 745171.5564794844
 744700.5059911094
 744129.4868951787
 743448.8793256853
 742649.0634166227
 741720.4193019846
 740653.3271157636
 739438.166991953
 738065.3190645467
 736525.1634675376
 734808.0803349202
 732904.449800686
 730804.651998828
 728499.0670633434
 725978.0751282208
 723232.0563274551
 720251.3907950431
 717026.4586649733
 713547.6400712392
 709805.3151478396
 705789.8640287577
 701491.6668479979
 696901.1037395505
 692008.5548374054
 686804.4002755535
 681279.0201879948
 675422.7947087223
 669226.1039717223
 662679.328110999
 655772.8472605331
 648497.0415543215
 640842.2911263671
 632798.9761106593
 624357.4766411911
 615508.1728519447
 606241.4448769202
 596547.6728501217
 586417.2369055254
 575840.517177136
 564807.8937989417
 553309.7469049417
 541336.4566291291


# name: QUERY
# type: sq_string
# elements: 1
# length: 2
R3


# name: DATASIZE
# type: sq_string
# elements: 1
# length: 3
750


