# Created by Octave 4.0.0, Mon May 23 13:48:21 2016 CEST <peter@Independence>
# name: x
# type: matrix
# rows: 1
# columns: 100
 60 60.60606060606061 61.21212121212121 61.81818181818181 62.42424242424242 63.03030303030303 63.63636363636364 64.24242424242424 64.84848484848484 65.45454545454545 66.06060606060606 66.66666666666666 67.27272727272727 67.87878787878788 68.48484848484848 69.09090909090909 69.69696969696969 70.3030303030303 70.90909090909091 71.51515151515152 72.12121212121212 72.72727272727272 73.33333333333333 73.93939393939394 74.54545454545455 75.15151515151516 75.75757575757575 76.36363636363636 76.96969696969697 77.57575757575758 78.18181818181819 78.78787878787878 79.39393939393939 80 80.60606060606061 81.21212121212122 81.81818181818181 82.42424242424242 83.03030303030303 83.63636363636363 84.24242424242424 84.84848484848484 85.45454545454545 86.06060606060606 86.66666666666667 87.27272727272727 87.87878787878788 88.48484848484848 89.09090909090909 89.6969696969697 90.3030303030303 90.90909090909091 91.51515151515152 92.12121212121212 92.72727272727272 93.33333333333333 93.93939393939394 94.54545454545455 95.15151515151514 95.75757575757575 96.36363636363636 96.96969696969697 97.57575757575758 98.18181818181817 98.78787878787878 99.39393939393939 100 100.6060606060606 101.2121212121212 101.8181818181818 102.4242424242424 103.030303030303 103.6363636363636 104.2424242424242 104.8484848484848 105.4545454545455 106.0606060606061 106.6666666666667 107.2727272727273 107.8787878787879 108.4848484848485 109.0909090909091 109.6969696969697 110.3030303030303 110.9090909090909 111.5151515151515 112.1212121212121 112.7272727272727 113.3333333333333 113.9393939393939 114.5454545454545 115.1515151515151 115.7575757575758 116.3636363636364 116.969696969697 117.5757575757576 118.1818181818182 118.7878787878788 119.3939393939394 120


# name: y
# type: matrix
# rows: 100
# columns: 1
 845813.9797851117
 843708.7112359332
 841647.2038869346
 839629.4577381152
 837655.4727894757
 835725.2490410155
 833838.7864927348
 831996.0851446339
 830197.1449967124
 828441.9660489705
 826730.5483014081
 825062.8917540251
 823438.9964068218
 821858.8622597981
 820322.4893129541
 818829.8775662894
 817381.0270198042
 815975.9376734988
 814614.6095273728
 813297.0425814266
 812023.2368356595
 810793.1922900721
 809606.9089446644
 808464.3867994361
 807365.6258543873
 806310.6261095183
 805299.3875648287
 804331.9102203187
 803408.1940759881
 802528.2391318373
 801692.0453878659
 800899.612844074
 800150.9415004617
 799446.031357029
 798784.8824137758
 798167.4946707021
 797593.868127808
 797064.0027850935
 796577.8986425585
 796135.5557002031
 795736.9739580271
 795382.1534160308
 795071.094074214
 794803.7959325768
 794580.2589911191
 794400.4832498409
 794264.4687087423
 794172.2153678233
 794123.7232270838
 794118.9922865238
 794158.0225461434
 794240.8140059425
 794367.3666659213
 794537.6805260795
 794751.7555864173
 795009.5918469346
 795311.1893076316
 795656.547968508
 796045.667829564
 796478.5488907995
 796955.1911522147
 797475.5946138093
 798039.7592755834
 798647.6851375372
 799299.3721996704
 799994.8204619833
 800734.0299244757
 801517.0005871477
 802343.7324499991
 803214.2255130302
 804128.4797762408
 805086.4952396309
 806088.2719032007
 807133.8097669499
 808223.1088308786
 809356.169094987
 810532.9905592749
 811753.5732237423
 813017.9170883893
 814326.0221532159
 815677.8884182218
 817073.5158834074
 818512.9045487727
 819996.0544143174
 821522.9654800416
 823093.6377459456
 824708.0712120289
 826366.2658782919
 828068.2217447346
 829813.9388113566
 831603.417078158
 833436.6565451389
 835313.6572122998
 837234.4190796399
 839198.9421471597
 841207.2264148591
 843259.2718827381
 845355.0785507965
 847494.6464190343
 849677.9754874519


# name: QUERY
# type: sq_string
# elements: 1
# length: 2
R3


# name: DATASIZE
# type: sq_string
# elements: 1
# length: 3
750


