# Created by Octave 4.0.0, Mon May 23 13:48:21 2016 CEST <peter@Independence>
# name: x
# type: matrix
# rows: 1
# columns: 100
 60 60.60606060606061 61.21212121212121 61.81818181818181 62.42424242424242 63.03030303030303 63.63636363636364 64.24242424242424 64.84848484848484 65.45454545454545 66.06060606060606 66.66666666666666 67.27272727272727 67.87878787878788 68.48484848484848 69.09090909090909 69.69696969696969 70.3030303030303 70.90909090909091 71.51515151515152 72.12121212121212 72.72727272727272 73.33333333333333 73.93939393939394 74.54545454545455 75.15151515151516 75.75757575757575 76.36363636363636 76.96969696969697 77.57575757575758 78.18181818181819 78.78787878787878 79.39393939393939 80 80.60606060606061 81.21212121212122 81.81818181818181 82.42424242424242 83.03030303030303 83.63636363636363 84.24242424242424 84.84848484848484 85.45454545454545 86.06060606060606 86.66666666666667 87.27272727272727 87.87878787878788 88.48484848484848 89.09090909090909 89.6969696969697 90.3030303030303 90.90909090909091 91.51515151515152 92.12121212121212 92.72727272727272 93.33333333333333 93.93939393939394 94.54545454545455 95.15151515151514 95.75757575757575 96.36363636363636 96.96969696969697 97.57575757575758 98.18181818181817 98.78787878787878 99.39393939393939 100 100.6060606060606 101.2121212121212 101.8181818181818 102.4242424242424 103.030303030303 103.6363636363636 104.2424242424242 104.8484848484848 105.4545454545455 106.0606060606061 106.6666666666667 107.2727272727273 107.8787878787879 108.4848484848485 109.0909090909091 109.6969696969697 110.3030303030303 110.9090909090909 111.5151515151515 112.1212121212121 112.7272727272727 113.3333333333333 113.9393939393939 114.5454545454545 115.1515151515151 115.7575757575758 116.3636363636364 116.969696969697 117.5757575757576 118.1818181818182 118.7878787878788 119.3939393939394 120


# name: y
# type: matrix
# rows: 100
# columns: 1
 897852.0826226508
 889821.0538810373
 882120.4174305627
 874743.2334388272
 867682.562073431
 860931.4635019744
 854482.9978920575
 848330.225411281
 842466.2062272447
 836884.000507549
 831576.6684197943
 826537.2701315808
 821758.8658105086
 817234.5156241782
 812957.2797401898
 808920.2183261436
 805116.3915496398
 801538.8595782788
 798180.6825796608
 795034.9207213861
 792094.634171055
 789352.8830962677
 786802.7276646243
 784437.2280437255
 782249.4444011712
 780232.4369045617
 778379.2657214974
 776682.9910195784
 775136.6729664051
 773733.3717295777
 772466.1474766965
 771328.0603753617
 770312.1705931737
 769411.5382977326
 768619.2236566388
 767928.2868374924
 767331.7880078938
 766822.7873354433
 766394.344987741
 766039.5211323873
 765751.3759369825
 765522.9695691266
 765347.3621964201
 765217.6139864633
 765126.7851068563
 765067.9357251994
 765034.126009093
 765018.4161261373
 765013.8662439324
 765013.5365300787
 765010.4871521766
 764997.778277826
 764968.4700746275
 764915.6227101813
 764832.2963520875
 764711.5511679465
 764546.4473253585
 764330.044991924
 764055.4043352428
 763715.5855229156
 763303.6487225424
 762812.6541017236
 762235.6618280595
 761565.7320691501
 760795.9249925959
 759919.3007659973
 758928.9195569542
 757817.8415330671
 756579.1268619361
 755205.8357111616
 753691.0282483438
 752027.7646410831
 750209.1050569796
 748228.1096636336
 746077.8386286454
 743751.3521196153
 741241.7103041435
 738541.9733498301
 735645.2014242758
 732544.4546950804
 729232.7933298445
 725703.2774961682
 721948.9673616517
 717962.9230938954
 713738.2048604996
 709267.8728290644
 704544.9871671902
 699562.6080424772
 694313.7956225255
 688791.6100749358
 682989.111567308
 676899.3602672425
 670515.4163423395
 663830.3399601993
 656837.1912884221
 649529.0304946082
 641898.917746358
 633939.9132112716
 625645.0770569493
 617007.4694509914


# name: QUERY
# type: sq_string
# elements: 1
# length: 2
R3


# name: DATASIZE
# type: sq_string
# elements: 1
# length: 3
750


