# Created by Octave 4.0.0, Wed May 18 23:49:32 2016 CEST <peter@Independence>
# name: x
# type: matrix
# rows: 1
# columns: 100
 60 60.60606060606061 61.21212121212121 61.81818181818181 62.42424242424242 63.03030303030303 63.63636363636364 64.24242424242424 64.84848484848484 65.45454545454545 66.06060606060606 66.66666666666666 67.27272727272727 67.87878787878788 68.48484848484848 69.09090909090909 69.69696969696969 70.3030303030303 70.90909090909091 71.51515151515152 72.12121212121212 72.72727272727272 73.33333333333333 73.93939393939394 74.54545454545455 75.15151515151516 75.75757575757575 76.36363636363636 76.96969696969697 77.57575757575758 78.18181818181819 78.78787878787878 79.39393939393939 80 80.60606060606061 81.21212121212122 81.81818181818181 82.42424242424242 83.03030303030303 83.63636363636363 84.24242424242424 84.84848484848484 85.45454545454545 86.06060606060606 86.66666666666667 87.27272727272727 87.87878787878788 88.48484848484848 89.09090909090909 89.6969696969697 90.3030303030303 90.90909090909091 91.51515151515152 92.12121212121212 92.72727272727272 93.33333333333333 93.93939393939394 94.54545454545455 95.15151515151514 95.75757575757575 96.36363636363636 96.96969696969697 97.57575757575758 98.18181818181817 98.78787878787878 99.39393939393939 100 100.6060606060606 101.2121212121212 101.8181818181818 102.4242424242424 103.030303030303 103.6363636363636 104.2424242424242 104.8484848484848 105.4545454545455 106.0606060606061 106.6666666666667 107.2727272727273 107.8787878787879 108.4848484848485 109.0909090909091 109.6969696969697 110.3030303030303 110.9090909090909 111.5151515151515 112.1212121212121 112.7272727272727 113.3333333333333 113.9393939393939 114.5454545454545 115.1515151515151 115.7575757575758 116.3636363636364 116.969696969697 117.5757575757576 118.1818181818182 118.7878787878788 119.3939393939394 120


# name: y
# type: matrix
# rows: 100
# columns: 1
 897863.3326515168
 890003.2813450261
 882306.6131274909
 874773.3279989106
 867403.4259592853
 860196.9070086154
 853153.7711469005
 846274.0183741408
 839557.6486903363
 833004.6620954869
 826615.0585895926
 820388.8381726535
 814326.0008446694
 808426.5466056404
 802690.4754555669
 797117.7873944483
 791708.4824222848
 786462.5605390766
 781380.0217448233
 776460.8660395254
 771705.0934231825
 767112.7038957947
 762683.6974573621
 758418.0741078847
 754315.8338473623
 750376.9766757952
 746601.5025931832
 742989.4115995263
 739540.7036948245
 736255.3788790778
 733133.4371522864
 730174.87851445
 727379.7029655689
 724747.9105056429
 722279.501134672
 719974.4748526561
 717832.8316595955
 715854.57155549
 714039.6945403398
 712388.2006141446
 710900.0897769044
 709575.3620286195
 708414.0173692898
 707416.0557989151
 706581.4773174956
 705910.2819250312
 705402.469621522
 705058.040406968
 704876.994281369
 704859.3312447252
 705005.0512970366
 705314.154438303
 705786.6406685247
 706422.5099877014
 707221.7623958333
 708184.3978929203
 709310.4164789625
 710599.8181539599
 712052.6029179123
 713668.77077082
 715448.3217126827
 717391.2557435005
 719497.5728632737
 721767.2730720018
 724200.3563696851
 726796.8227563236
 729556.6722319172
 732479.9047964659
 735566.5204499698
 738816.5191924288
 742229.901023843
 745806.6659442122
 749546.8139535367
 753450.3450518163
 757517.259239051
 761747.5565152408
 766141.2368803859
 770698.3003344861
 775418.7468775413
 780302.5765095517
 785349.7892305172
 790560.3850404379
 795934.3639393139
 801471.7259271448
 807172.4710039309
 813036.5991696722
 819064.1104243685
 825255.0047680201
 831609.282200627
 838126.9427221888
 844807.9863327057
 851652.4130321777
 858660.222820605
 865831.4156979873
 873165.991664325
 880663.9507196178
 888325.2928638655
 896150.0180970685
 904138.1264192266
 912289.6178303398


# name: QUERY
# type: sq_string
# elements: 1
# length: 2
R3


# name: DATASIZE
# type: sq_string
# elements: 1
# length: 3
750


