# Created by Octave 4.0.0, Mon May 23 13:48:21 2016 CEST <peter@Independence>
# name: x
# type: matrix
# rows: 1
# columns: 100
 60 60.60606060606061 61.21212121212121 61.81818181818181 62.42424242424242 63.03030303030303 63.63636363636364 64.24242424242424 64.84848484848484 65.45454545454545 66.06060606060606 66.66666666666666 67.27272727272727 67.87878787878788 68.48484848484848 69.09090909090909 69.69696969696969 70.3030303030303 70.90909090909091 71.51515151515152 72.12121212121212 72.72727272727272 73.33333333333333 73.93939393939394 74.54545454545455 75.15151515151516 75.75757575757575 76.36363636363636 76.96969696969697 77.57575757575758 78.18181818181819 78.78787878787878 79.39393939393939 80 80.60606060606061 81.21212121212122 81.81818181818181 82.42424242424242 83.03030303030303 83.63636363636363 84.24242424242424 84.84848484848484 85.45454545454545 86.06060606060606 86.66666666666667 87.27272727272727 87.87878787878788 88.48484848484848 89.09090909090909 89.6969696969697 90.3030303030303 90.90909090909091 91.51515151515152 92.12121212121212 92.72727272727272 93.33333333333333 93.93939393939394 94.54545454545455 95.15151515151514 95.75757575757575 96.36363636363636 96.96969696969697 97.57575757575758 98.18181818181817 98.78787878787878 99.39393939393939 100 100.6060606060606 101.2121212121212 101.8181818181818 102.4242424242424 103.030303030303 103.6363636363636 104.2424242424242 104.8484848484848 105.4545454545455 106.0606060606061 106.6666666666667 107.2727272727273 107.8787878787879 108.4848484848485 109.0909090909091 109.6969696969697 110.3030303030303 110.9090909090909 111.5151515151515 112.1212121212121 112.7272727272727 113.3333333333333 113.9393939393939 114.5454545454545 115.1515151515151 115.7575757575758 116.3636363636364 116.969696969697 117.5757575757576 118.1818181818182 118.7878787878788 119.3939393939394 120


# name: y
# type: matrix
# rows: 100
# columns: 1
 845813.9746639032
 842157.2953928367
 838723.9220028624
 835504.5726975566
 832490.1627123248
 829671.8043143931
 827040.8068028109
 824588.676508452
 822307.1167940097
 820188.0280540049
 818223.5077147784
 816405.850234494
 814727.5471031404
 813181.2868425277
 811759.9550062908
 810456.6341798851
 809264.6039805908
 808177.3410575108
 807188.5190915704
 806292.0087955196
 805481.8779139286
 804752.3912231933
 804098.0105315313
 803513.3946789834
 802993.3995374136
 802533.0780105089
 802127.6800337791
 801772.6525745572
 801463.6396319991
 801196.4822370838
 800967.2184526135
 800772.083373213
 800607.5091253304
 800470.1248672367
 800356.7567890261
 800264.4281126157
 800190.3590917456
 800131.9670119788
 800086.8661907017
 800052.8679771234
 800027.9807522759
 800010.4099290146
 799998.5579520178
 799991.0242977864
 799986.605474645
 799984.2950227408
 799983.283514044
 799982.9585523481
 799982.9047732693
 799982.903844247
 799982.9344645436
 799983.1723652444
 799983.9903092579
 799985.9580913156
 799989.8425379717
 799996.6075076039
 800007.4138904127
 800023.6196084215
 800046.7796154767
 800078.6458972482
 800121.1674712282
 800176.4903867325
 800246.9577248996
 800335.1095986911
 800443.6831528918
 800575.6125641091
 800734.029040774
 800922.2608231398
 801143.8331832835
 801402.4684251046
 801702.0858843261
 802046.8019284935
 802440.9299569759
 802888.9804009649
 803395.6607234753
 803965.8754193449
 804604.7260152347
 805317.5110696284
 806109.7261728332
 806987.0639469787
 807955.4140460177
 809020.8631557265
 810189.6949937042
 811468.3903093722
 812863.6268839758
 814382.2795305838
 816031.4200940855
 817818.3174511967
 819750.4375104541
 821835.4432122168
 824081.1945286683
 826495.7484638143
 829087.3590534861
 831864.4773653336
 834835.7514988332
 838010.0265852823
 841396.3447878038
 845003.9453013396
 848842.2643526573
 852920.9352003486


# name: QUERY
# type: sq_string
# elements: 1
# length: 2
R3


# name: DATASIZE
# type: sq_string
# elements: 1
# length: 3
750


