# Created by Octave 4.0.0, Wed May 18 23:49:32 2016 CEST <peter@Independence>
# name: x
# type: matrix
# rows: 1
# columns: 100
 60 60.60606060606061 61.21212121212121 61.81818181818181 62.42424242424242 63.03030303030303 63.63636363636364 64.24242424242424 64.84848484848484 65.45454545454545 66.06060606060606 66.66666666666666 67.27272727272727 67.87878787878788 68.48484848484848 69.09090909090909 69.69696969696969 70.3030303030303 70.90909090909091 71.51515151515152 72.12121212121212 72.72727272727272 73.33333333333333 73.93939393939394 74.54545454545455 75.15151515151516 75.75757575757575 76.36363636363636 76.96969696969697 77.57575757575758 78.18181818181819 78.78787878787878 79.39393939393939 80 80.60606060606061 81.21212121212122 81.81818181818181 82.42424242424242 83.03030303030303 83.63636363636363 84.24242424242424 84.84848484848484 85.45454545454545 86.06060606060606 86.66666666666667 87.27272727272727 87.87878787878788 88.48484848484848 89.09090909090909 89.6969696969697 90.3030303030303 90.90909090909091 91.51515151515152 92.12121212121212 92.72727272727272 93.33333333333333 93.93939393939394 94.54545454545455 95.15151515151514 95.75757575757575 96.36363636363636 96.96969696969697 97.57575757575758 98.18181818181817 98.78787878787878 99.39393939393939 100 100.6060606060606 101.2121212121212 101.8181818181818 102.4242424242424 103.030303030303 103.6363636363636 104.2424242424242 104.8484848484848 105.4545454545455 106.0606060606061 106.6666666666667 107.2727272727273 107.8787878787879 108.4848484848485 109.0909090909091 109.6969696969697 110.3030303030303 110.9090909090909 111.5151515151515 112.1212121212121 112.7272727272727 113.3333333333333 113.9393939393939 114.5454545454545 115.1515151515151 115.7575757575758 116.3636363636364 116.969696969697 117.5757575757576 118.1818181818182 118.7878787878788 119.3939393939394 120


# name: y
# type: matrix
# rows: 100
# columns: 1
 880689.5304221947
 870865.0230351803
 861640.4781047283
 852990.9579563178
 844892.0542866028
 837319.8881634119
 830251.1100257483
 823662.8996837898
 817532.966318888
 811839.5484835703
 806561.4141015379
 801677.8604676664
 797168.7142480066
 793014.3314797832
 789195.5975713963
 785693.9273024196
 782491.2648236018
 779570.0836568665
 776913.3866953112
 774504.7062032088
 772328.1038160054
 770368.1705403234
 768610.0267539583
 767039.3222058811
 765642.2360162368
 764405.4766763455
 763316.2820487011
 762362.4193669726
 761532.1852360036
 760814.4056318122
 760198.4359015907
 759674.1607637065
 759231.9943077011
 758862.879994291
 758558.2906553668
 758310.2284939942
 758111.2250844128
 757954.3413720373
 757833.1676734568
 757741.823676435
 757674.95843991
 757627.7503939945
 757595.9073399759
 757575.6664503163
 757563.7942686519
 757557.5867097938
 757554.8690597275
 757553.9959756134
 757553.8514857858
 757553.8489897543
 757553.9312582028
 757554.5704329893
 757556.768027147
 757562.0549248835
 757572.4913815808
 757590.6670237954
 757619.7008492588
 757663.2412268765
 757725.4658967289
 757811.081970071
 757925.3259293321
 758073.9636281162
 758263.290291202
 758500.1305145427
 758791.8382652659
 759146.2968816739
 759571.9190732435
 760077.6469206261
 760672.9518756475
 761367.8347613085
 762172.8257717841
 763098.9844724238
 764157.8997997519
 765361.6900614672
 766723.0029364428
 768255.0154747269
 769971.434097542
 771886.4945972847
 774014.9621375268
 776372.1312530147
 778973.8258496685
 781836.399204584
 784976.7339660309
 788412.2421534532
 792160.8651574705
 796241.073739876
 800671.8680336375
 805472.7775428982
 810663.8611429752
 816265.7070803597
 822299.4329727183
 828786.6858088918
 835749.6419488961
 843211.0071239212
 851194.0164363312
 859722.4343596653
 868820.554738638
 878513.2007891362
 888825.7250982234
 899784.0096241377


# name: QUERY
# type: sq_string
# elements: 1
# length: 2
R3


# name: DATASIZE
# type: sq_string
# elements: 1
# length: 3
750


