# Created by Octave 4.0.0, Wed May 18 23:40:07 2016 CEST <peter@Independence>
# name: x
# type: matrix
# rows: 1
# columns: 100
 60 60.60606060606061 61.21212121212121 61.81818181818181 62.42424242424242 63.03030303030303 63.63636363636364 64.24242424242424 64.84848484848484 65.45454545454545 66.06060606060606 66.66666666666666 67.27272727272727 67.87878787878788 68.48484848484848 69.09090909090909 69.69696969696969 70.3030303030303 70.90909090909091 71.51515151515152 72.12121212121212 72.72727272727272 73.33333333333333 73.93939393939394 74.54545454545455 75.15151515151516 75.75757575757575 76.36363636363636 76.96969696969697 77.57575757575758 78.18181818181819 78.78787878787878 79.39393939393939 80 80.60606060606061 81.21212121212122 81.81818181818181 82.42424242424242 83.03030303030303 83.63636363636363 84.24242424242424 84.84848484848484 85.45454545454545 86.06060606060606 86.66666666666667 87.27272727272727 87.87878787878788 88.48484848484848 89.09090909090909 89.6969696969697 90.3030303030303 90.90909090909091 91.51515151515152 92.12121212121212 92.72727272727272 93.33333333333333 93.93939393939394 94.54545454545455 95.15151515151514 95.75757575757575 96.36363636363636 96.96969696969697 97.57575757575758 98.18181818181817 98.78787878787878 99.39393939393939 100 100.6060606060606 101.2121212121212 101.8181818181818 102.4242424242424 103.030303030303 103.6363636363636 104.2424242424242 104.8484848484848 105.4545454545455 106.0606060606061 106.6666666666667 107.2727272727273 107.8787878787879 108.4848484848485 109.0909090909091 109.6969696969697 110.3030303030303 110.9090909090909 111.5151515151515 112.1212121212121 112.7272727272727 113.3333333333333 113.9393939393939 114.5454545454545 115.1515151515151 115.7575757575758 116.3636363636364 116.969696969697 117.5757575757576 118.1818181818182 118.7878787878788 119.3939393939394 120


# name: y
# type: matrix
# rows: 100
# columns: 1
 23818.67803678333
 23822.47220649906
 23826.20525202315
 23829.87010664325
 23833.45976693201
 23836.96730311406
 23840.38586939173
 23843.70871421191
 23846.9291904563
 23850.04076553746
 23853.03703138309
 23855.91171429096
 23858.65868463728
 23861.27196642111
 23863.74574662806
 23866.07438439638
 23868.25241996893
 23870.27458341505
 23872.13580310635
 23873.83121393095
 23875.35616523131
 23876.70622845085
 23877.87720447538
 23878.86513065563
 23879.66628749787
 23880.27720500997
 23880.69466869109
 23880.91572515364
 23880.9376873667
 23880.75813951107
 23880.37494143643
 23879.78623271212
 23878.99043626345
 23877.98626158656
 23876.77270753529
 23875.34906467441
 23873.71491719441
 23871.87014438381
 23869.81492165555
 23867.54972112528
 23865.07531173966
 23862.39275895409
 23859.50342395969
 23856.40896246044
 23853.11132300231
 23849.61274485655
 23845.91575546064
 23842.02316742107
 23837.93807508263
 23833.66385067014
 23829.20414000894
 23824.56285783141
 23819.74418267767
 23814.75255139883
 23809.59265327266
 23804.26942374144
 23798.78803778299
 23793.15390292633
 23787.37265192394
 23781.45013509338
 23775.39241234148
 23769.20574488502
 23762.89658668193
 23756.47157558818
 23749.93752425523
 23743.30141078413
 23736.57036915193
 23729.75167942713
 23722.85275779075
 23715.88114638021
 23708.84450297313
 23701.75059052868
 23694.60726660425
 23687.42247266508
 23680.20422330493
 23672.96059539593
 23665.69971718537
 23658.42975735785
 23651.15891408059
 23643.89540404994
 23636.64745155704
 23629.42327759023
 23622.23108899182
 23615.07906768659
 23607.97535999921
 23600.92806607718
 23593.94522943608
 23587.03482664326
 23580.20475715576
 23573.46283332798
 23566.81677060411
 23560.27417790993
 23553.84254825811
 23547.52924958063
 23541.34151580142
 23535.28643816186
 23529.37095681112
 23523.60185267273
 23517.98573959841
 23512.52905681923


# name: QUERY
# type: sq_string
# elements: 1
# length: 2
R5


# name: DATASIZE
# type: sq_string
# elements: 1
# length: 3
750


