# Created by Octave 4.0.0, Sun May 22 18:35:54 2016 CEST <peter@Independence>
# name: x
# type: matrix
# rows: 1
# columns: 100
 60 60.60606060606061 61.21212121212121 61.81818181818181 62.42424242424242 63.03030303030303 63.63636363636364 64.24242424242424 64.84848484848484 65.45454545454545 66.06060606060606 66.66666666666666 67.27272727272727 67.87878787878788 68.48484848484848 69.09090909090909 69.69696969696969 70.3030303030303 70.90909090909091 71.51515151515152 72.12121212121212 72.72727272727272 73.33333333333333 73.93939393939394 74.54545454545455 75.15151515151516 75.75757575757575 76.36363636363636 76.96969696969697 77.57575757575758 78.18181818181819 78.78787878787878 79.39393939393939 80 80.60606060606061 81.21212121212122 81.81818181818181 82.42424242424242 83.03030303030303 83.63636363636363 84.24242424242424 84.84848484848484 85.45454545454545 86.06060606060606 86.66666666666667 87.27272727272727 87.87878787878788 88.48484848484848 89.09090909090909 89.6969696969697 90.3030303030303 90.90909090909091 91.51515151515152 92.12121212121212 92.72727272727272 93.33333333333333 93.93939393939394 94.54545454545455 95.15151515151514 95.75757575757575 96.36363636363636 96.96969696969697 97.57575757575758 98.18181818181817 98.78787878787878 99.39393939393939 100 100.6060606060606 101.2121212121212 101.8181818181818 102.4242424242424 103.030303030303 103.6363636363636 104.2424242424242 104.8484848484848 105.4545454545455 106.0606060606061 106.6666666666667 107.2727272727273 107.8787878787879 108.4848484848485 109.0909090909091 109.6969696969697 110.3030303030303 110.9090909090909 111.5151515151515 112.1212121212121 112.7272727272727 113.3333333333333 113.9393939393939 114.5454545454545 115.1515151515151 115.7575757575758 116.3636363636364 116.969696969697 117.5757575757576 118.1818181818182 118.7878787878788 119.3939393939394 120


# name: y
# type: matrix
# rows: 100
# columns: 1
 23829.789429824
 23821.38021280752
 23813.0249374467
 23804.72786552942
 23796.4932502969
 23788.32533264989
 23780.22833735016
 23772.20646922224
 23764.26390936028
 23756.40481134523
 23748.63329747715
 23740.95345502776
 23733.36933251804
 23725.88493602605
 23718.50422552965
 23711.23111128903
 23704.06945027398
 23697.02304264046
 23690.09562826123
 23683.29088331512
 23676.61241693943
 23670.06376794989
 23663.64840163246
 23657.36970661115
 23651.23099179596
 23645.23548341496
 23639.38632213418
 23633.68656026911
 23628.13915909133
 23622.74698623367
 23617.51281319706
 23612.43931296224
 23607.52905770921
 23602.78451664712
 23598.20805395724
 23593.8019268513
 23589.5682837475
 23585.50916256611
 23581.62648914666
 23577.9220757881
 23574.39761991367
 23571.05470286145
 23567.89478880195
 23564.9192237833
 23562.12923490496
 23559.52592962022
 23557.11029516799
 23554.88319813364
 23552.84538413917
 23550.99747766199
 23549.33998198217
 23547.87327925723
 23546.59763072366
 23545.51317702423
 23544.61993865959
 23543.91781656309
 23543.40659279683
 23543.08593136757
 23542.95537916032
 23543.01436698762
 23543.26221075224
 23543.698112721
 23544.32116290706
 23545.13034055809
 23546.12451574749
 23547.3024510658
 23548.66280340914
 23550.20412586161
 23551.92486966838
 23553.82338629608
 23555.89792957704
 23558.14665793386
 23560.56763668067
 23563.15884039738
 23565.91815537324
 23568.84338211576
 23571.9322379213
 23575.18235950323
 23578.59130567394
 23582.15656007656
 23585.87553396246
 23589.74556901058
 23593.76394018449
 23597.92785862324
 23602.23447456201
 23606.68088027848
 23611.26411306108
 23615.98115819507
 23620.82895196263
 23625.80438465305
 23630.90430357914
 23636.1255160963
 23641.4647926202
 23646.91886963973
 23652.4844527215
 23658.15821950234
 23663.9368226664
 23669.81689290354
 23675.79504184569
 23681.86786497793


# name: QUERY
# type: sq_string
# elements: 1
# length: 2
R5


# name: DATASIZE
# type: sq_string
# elements: 1
# length: 3
750


