# Created by Octave 4.0.0, Wed May 18 23:40:07 2016 CEST <peter@Independence>
# name: x
# type: matrix
# rows: 1
# columns: 100
 60 60.60606060606061 61.21212121212121 61.81818181818181 62.42424242424242 63.03030303030303 63.63636363636364 64.24242424242424 64.84848484848484 65.45454545454545 66.06060606060606 66.66666666666666 67.27272727272727 67.87878787878788 68.48484848484848 69.09090909090909 69.69696969696969 70.3030303030303 70.90909090909091 71.51515151515152 72.12121212121212 72.72727272727272 73.33333333333333 73.93939393939394 74.54545454545455 75.15151515151516 75.75757575757575 76.36363636363636 76.96969696969697 77.57575757575758 78.18181818181819 78.78787878787878 79.39393939393939 80 80.60606060606061 81.21212121212122 81.81818181818181 82.42424242424242 83.03030303030303 83.63636363636363 84.24242424242424 84.84848484848484 85.45454545454545 86.06060606060606 86.66666666666667 87.27272727272727 87.87878787878788 88.48484848484848 89.09090909090909 89.6969696969697 90.3030303030303 90.90909090909091 91.51515151515152 92.12121212121212 92.72727272727272 93.33333333333333 93.93939393939394 94.54545454545455 95.15151515151514 95.75757575757575 96.36363636363636 96.96969696969697 97.57575757575758 98.18181818181817 98.78787878787878 99.39393939393939 100 100.6060606060606 101.2121212121212 101.8181818181818 102.4242424242424 103.030303030303 103.6363636363636 104.2424242424242 104.8484848484848 105.4545454545455 106.0606060606061 106.6666666666667 107.2727272727273 107.8787878787879 108.4848484848485 109.0909090909091 109.6969696969697 110.3030303030303 110.9090909090909 111.5151515151515 112.1212121212121 112.7272727272727 113.3333333333333 113.9393939393939 114.5454545454545 115.1515151515151 115.7575757575758 116.3636363636364 116.969696969697 117.5757575757576 118.1818181818182 118.7878787878788 119.3939393939394 120


# name: y
# type: matrix
# rows: 100
# columns: 1
 24244.17594141307
 24242.56809669577
 24240.96025197848
 24239.35240726118
 24237.74456254389
 24236.1367178266
 24234.5288731093
 24232.92102839201
 24231.31318367471
 24229.70533895742
 24228.09749424012
 24226.48964952283
 24224.88180480554
 24223.27396008824
 24221.66611537095
 24220.05827065365
 24218.45042593636
 24216.84258121906
 24215.23473650177
 24213.62689178448
 24212.01904706718
 24210.41120234989
 24208.80335763259
 24207.1955129153
 24205.587668198
 24203.97982348071
 24202.37197876341
 24200.76413404612
 24199.15628932882
 24197.54844461153
 24195.94059989424
 24194.33275517694
 24192.72491045965
 24191.11706574235
 24189.50922102506
 24187.90137630776
 24186.29353159047
 24184.68568687318
 24183.07784215588
 24181.46999743859
 24179.86215272129
 24178.254308004
 24176.6464632867
 24175.03861856941
 24173.43077385212
 24171.82292913482
 24170.21508441753
 24168.60723970023
 24166.99939498294
 24165.39155026564
 24163.78370554835
 24162.17586083106
 24160.56801611376
 24158.96017139647
 24157.35232667917
 24155.74448196188
 24154.13663724458
 24152.52879252729
 24150.92094780999
 24149.3131030927
 24147.7052583754
 24146.09741365811
 24144.48956894082
 24142.88172422352
 24141.27387950623
 24139.66603478893
 24138.05819007164
 24136.45034535434
 24134.84250063705
 24133.23465591976
 24131.62681120246
 24130.01896648517
 24128.41112176787
 24126.80327705058
 24125.19543233328
 24123.58758761599
 24121.9797428987
 24120.3718981814
 24118.76405346411
 24117.15620874681
 24115.54836402952
 24113.94051931222
 24112.33267459493
 24110.72482987764
 24109.11698516034
 24107.50914044305
 24105.90129572575
 24104.29345100846
 24102.68560629116
 24101.07776157387
 24099.46991685657
 24097.86207213928
 24096.25422742198
 24094.64638270469
 24093.0385379874
 24091.4306932701
 24089.82284855281
 24088.21500383551
 24086.60715911822
 24084.99931440092


# name: QUERY
# type: sq_string
# elements: 1
# length: 2
R5


# name: DATASIZE
# type: sq_string
# elements: 1
# length: 3
750


