# Created by Octave 4.0.0, Wed May 18 23:40:07 2016 CEST <peter@Independence>
# name: x
# type: matrix
# rows: 1
# columns: 100
 60 60.60606060606061 61.21212121212121 61.81818181818181 62.42424242424242 63.03030303030303 63.63636363636364 64.24242424242424 64.84848484848484 65.45454545454545 66.06060606060606 66.66666666666666 67.27272727272727 67.87878787878788 68.48484848484848 69.09090909090909 69.69696969696969 70.3030303030303 70.90909090909091 71.51515151515152 72.12121212121212 72.72727272727272 73.33333333333333 73.93939393939394 74.54545454545455 75.15151515151516 75.75757575757575 76.36363636363636 76.96969696969697 77.57575757575758 78.18181818181819 78.78787878787878 79.39393939393939 80 80.60606060606061 81.21212121212122 81.81818181818181 82.42424242424242 83.03030303030303 83.63636363636363 84.24242424242424 84.84848484848484 85.45454545454545 86.06060606060606 86.66666666666667 87.27272727272727 87.87878787878788 88.48484848484848 89.09090909090909 89.6969696969697 90.3030303030303 90.90909090909091 91.51515151515152 92.12121212121212 92.72727272727272 93.33333333333333 93.93939393939394 94.54545454545455 95.15151515151514 95.75757575757575 96.36363636363636 96.96969696969697 97.57575757575758 98.18181818181817 98.78787878787878 99.39393939393939 100 100.6060606060606 101.2121212121212 101.8181818181818 102.4242424242424 103.030303030303 103.6363636363636 104.2424242424242 104.8484848484848 105.4545454545455 106.0606060606061 106.6666666666667 107.2727272727273 107.8787878787879 108.4848484848485 109.0909090909091 109.6969696969697 110.3030303030303 110.9090909090909 111.5151515151515 112.1212121212121 112.7272727272727 113.3333333333333 113.9393939393939 114.5454545454545 115.1515151515151 115.7575757575758 116.3636363636364 116.969696969697 117.5757575757576 118.1818181818182 118.7878787878788 119.3939393939394 120


# name: y
# type: matrix
# rows: 1
# columns: 100
 24084.55457527354 24082.20427264072 24079.85397000791 24077.50366737509 24075.15336474227 24072.80306210945 24070.45275947664 24068.10245684382 24065.752154211 24063.40185157819 24061.05154894537 24058.70124631255 24056.35094367974 24054.00064104692 24051.6503384141 24049.30003578129 24046.94973314847 24044.59943051565 24042.24912788284 24039.89882525002 24037.5485226172 24035.19821998439 24032.84791735157 24030.49761471875 24028.14731208594 24025.79700945312 24023.4467068203 24021.09640418749 24018.74610155467 24016.39579892185 24014.04549628904 24011.69519365622 24009.3448910234 24006.99458839059 24004.64428575777 24002.29398312495 23999.94368049214 23997.59337785932 23995.2430752265 23992.89277259368 23990.54246996087 23988.19216732805 23985.84186469523 23983.49156206242 23981.1412594296 23978.79095679678 23976.44065416397 23974.09035153115 23971.74004889833 23969.38974626552 23967.0394436327 23964.68914099988 23962.33883836707 23959.98853573425 23957.63823310143 23955.28793046862 23952.9376278358 23950.58732520298 23948.23702257017 23945.88671993735 23943.53641730453 23941.18611467172 23938.8358120389 23936.48550940608 23934.13520677327 23931.78490414045 23929.43460150763 23927.08429887482 23924.733996242 23922.38369360918 23920.03339097636 23917.68308834355 23915.33278571073 23912.98248307791 23910.6321804451 23908.28187781228 23905.93157517946 23903.58127254665 23901.23096991383 23898.88066728101 23896.5303646482 23894.18006201538 23891.82975938256 23889.47945674974 23887.12915411693 23884.77885148411 23882.42854885129 23880.07824621848 23877.72794358566 23875.37764095284 23873.02733832003 23870.67703568721 23868.3267330544 23865.97643042158 23863.62612778876 23861.27582515595 23858.92552252313 23856.57521989031 23854.2249172575 23851.87461462468


# name: QUERY
# type: sq_string
# elements: 1
# length: 2
R5


# name: DATASIZE
# type: sq_string
# elements: 1
# length: 3
750


