# Created by Octave 4.0.0, Sun May 22 18:35:54 2016 CEST <peter@Independence>
# name: x
# type: matrix
# rows: 1
# columns: 100
 60 60.60606060606061 61.21212121212121 61.81818181818181 62.42424242424242 63.03030303030303 63.63636363636364 64.24242424242424 64.84848484848484 65.45454545454545 66.06060606060606 66.66666666666666 67.27272727272727 67.87878787878788 68.48484848484848 69.09090909090909 69.69696969696969 70.3030303030303 70.90909090909091 71.51515151515152 72.12121212121212 72.72727272727272 73.33333333333333 73.93939393939394 74.54545454545455 75.15151515151516 75.75757575757575 76.36363636363636 76.96969696969697 77.57575757575758 78.18181818181819 78.78787878787878 79.39393939393939 80 80.60606060606061 81.21212121212122 81.81818181818181 82.42424242424242 83.03030303030303 83.63636363636363 84.24242424242424 84.84848484848484 85.45454545454545 86.06060606060606 86.66666666666667 87.27272727272727 87.87878787878788 88.48484848484848 89.09090909090909 89.6969696969697 90.3030303030303 90.90909090909091 91.51515151515152 92.12121212121212 92.72727272727272 93.33333333333333 93.93939393939394 94.54545454545455 95.15151515151514 95.75757575757575 96.36363636363636 96.96969696969697 97.57575757575758 98.18181818181817 98.78787878787878 99.39393939393939 100 100.6060606060606 101.2121212121212 101.8181818181818 102.4242424242424 103.030303030303 103.6363636363636 104.2424242424242 104.8484848484848 105.4545454545455 106.0606060606061 106.6666666666667 107.2727272727273 107.8787878787879 108.4848484848485 109.0909090909091 109.6969696969697 110.3030303030303 110.9090909090909 111.5151515151515 112.1212121212121 112.7272727272727 113.3333333333333 113.9393939393939 114.5454545454545 115.1515151515151 115.7575757575758 116.3636363636364 116.969696969697 117.5757575757576 118.1818181818182 118.7878787878788 119.3939393939394 120


# name: y
# type: matrix
# rows: 1
# columns: 100
 24016.43012914536 24015.48133026942 24014.53253139348 24013.58373251754 24012.6349336416 24011.68613476566 24010.73733588972 24009.78853701378 24008.83973813784 24007.8909392619 24006.94214038596 24005.99334151002 24005.04454263408 24004.09574375814 24003.1469448822 24002.19814600626 24001.24934713032 24000.30054825438 23999.35174937844 23998.4029505025 23997.45415162656 23996.50535275062 23995.55655387468 23994.60775499874 23993.6589561228 23992.71015724686 23991.76135837092 23990.81255949498 23989.86376061904 23988.9149617431 23987.96616286716 23987.01736399122 23986.06856511527 23985.11976623934 23984.1709673634 23983.22216848746 23982.27336961151 23981.32457073557 23980.37577185964 23979.4269729837 23978.47817410775 23977.52937523181 23976.58057635587 23975.63177747994 23974.68297860399 23973.73417972805 23972.78538085211 23971.83658197617 23970.88778310023 23969.93898422429 23968.99018534835 23968.04138647241 23967.09258759647 23966.14378872053 23965.19498984459 23964.24619096865 23963.29739209271 23962.34859321677 23961.39979434083 23960.45099546489 23959.50219658895 23958.55339771301 23957.60459883707 23956.65579996113 23955.70700108519 23954.75820220925 23953.80940333331 23952.86060445737 23951.91180558143 23950.96300670549 23950.01420782955 23949.06540895361 23948.11661007767 23947.16781120173 23946.21901232579 23945.27021344985 23944.32141457391 23943.37261569797 23942.42381682203 23941.47501794609 23940.52621907015 23939.57742019421 23938.62862131827 23937.67982244233 23936.73102356639 23935.78222469045 23934.83342581451 23933.88462693856 23932.93582806263 23931.98702918669 23931.03823031075 23930.0894314348 23929.14063255887 23928.19183368293 23927.24303480699 23926.29423593104 23925.3454370551 23924.39663817917 23923.44783930323 23922.49904042728


# name: QUERY
# type: sq_string
# elements: 1
# length: 2
R5


# name: DATASIZE
# type: sq_string
# elements: 1
# length: 3
750


