# Created by Octave 4.0.0, Sun May 22 18:35:54 2016 CEST <peter@Independence>
# name: x
# type: matrix
# rows: 1
# columns: 100
 60 60.60606060606061 61.21212121212121 61.81818181818181 62.42424242424242 63.03030303030303 63.63636363636364 64.24242424242424 64.84848484848484 65.45454545454545 66.06060606060606 66.66666666666666 67.27272727272727 67.87878787878788 68.48484848484848 69.09090909090909 69.69696969696969 70.3030303030303 70.90909090909091 71.51515151515152 72.12121212121212 72.72727272727272 73.33333333333333 73.93939393939394 74.54545454545455 75.15151515151516 75.75757575757575 76.36363636363636 76.96969696969697 77.57575757575758 78.18181818181819 78.78787878787878 79.39393939393939 80 80.60606060606061 81.21212121212122 81.81818181818181 82.42424242424242 83.03030303030303 83.63636363636363 84.24242424242424 84.84848484848484 85.45454545454545 86.06060606060606 86.66666666666667 87.27272727272727 87.87878787878788 88.48484848484848 89.09090909090909 89.6969696969697 90.3030303030303 90.90909090909091 91.51515151515152 92.12121212121212 92.72727272727272 93.33333333333333 93.93939393939394 94.54545454545455 95.15151515151514 95.75757575757575 96.36363636363636 96.96969696969697 97.57575757575758 98.18181818181817 98.78787878787878 99.39393939393939 100 100.6060606060606 101.2121212121212 101.8181818181818 102.4242424242424 103.030303030303 103.6363636363636 104.2424242424242 104.8484848484848 105.4545454545455 106.0606060606061 106.6666666666667 107.2727272727273 107.8787878787879 108.4848484848485 109.0909090909091 109.6969696969697 110.3030303030303 110.9090909090909 111.5151515151515 112.1212121212121 112.7272727272727 113.3333333333333 113.9393939393939 114.5454545454545 115.1515151515151 115.7575757575758 116.3636363636364 116.969696969697 117.5757575757576 118.1818181818182 118.7878787878788 119.3939393939394 120


# name: y
# type: matrix
# rows: 100
# columns: 1
 23830.09000653909
 23829.72041702717
 23829.35082751524
 23828.98123800332
 23828.61164849139
 23828.24205897946
 23827.87246946754
 23827.50287995561
 23827.13329044368
 23826.76370093176
 23826.39411141984
 23826.0245219079
 23825.65493239598
 23825.28534288406
 23824.91575337213
 23824.54616386021
 23824.17657434828
 23823.80698483635
 23823.43739532442
 23823.0678058125
 23822.69821630057
 23822.32862678865
 23821.95903727672
 23821.5894477648
 23821.21985825287
 23820.85026874095
 23820.48067922902
 23820.11108971709
 23819.74150020517
 23819.37191069324
 23819.00232118131
 23818.63273166939
 23818.26314215746
 23817.89355264554
 23817.52396313361
 23817.15437362168
 23816.78478410976
 23816.41519459783
 23816.04560508591
 23815.67601557398
 23815.30642606205
 23814.93683655013
 23814.5672470382
 23814.19765752628
 23813.82806801435
 23813.45847850242
 23813.0888889905
 23812.71929947857
 23812.34970996665
 23811.98012045472
 23811.61053094279
 23811.24094143087
 23810.87135191894
 23810.50176240702
 23810.13217289509
 23809.76258338316
 23809.39299387124
 23809.02340435931
 23808.65381484738
 23808.28422533546
 23807.91463582353
 23807.54504631161
 23807.17545679968
 23806.80586728776
 23806.43627777583
 23806.06668826391
 23805.69709875197
 23805.32750924005
 23804.95791972813
 23804.5883302162
 23804.21874070428
 23803.84915119235
 23803.47956168042
 23803.1099721685
 23802.74038265657
 23802.37079314464
 23802.00120363272
 23801.63161412079
 23801.26202460886
 23800.89243509694
 23800.52284558502
 23800.15325607309
 23799.78366656117
 23799.41407704923
 23799.04448753731
 23798.67489802538
 23798.30530851346
 23797.93571900153
 23797.56612948961
 23797.19653997768
 23796.82695046576
 23796.45736095383
 23796.08777144189
 23795.71818192998
 23795.34859241805
 23794.97900290612
 23794.6094133942
 23794.23982388227
 23793.87023437034
 23793.50064485842


# name: QUERY
# type: sq_string
# elements: 1
# length: 2
R5


# name: DATASIZE
# type: sq_string
# elements: 1
# length: 3
750


