# Created by Octave 4.0.0, Wed May 18 23:40:00 2016 CEST <peter@Independence>
# name: SVs
# type: cell
# rows: 1
# columns: 7
# name: <cell-element>
# type: sparse matrix
# nnz: 49
# rows: 7
# columns: 7
1 1 -0.7214451666748162
2 1 -0.6184821258474482
3 1 -0.5021944562071267
4 1 -1.105436742466294
5 1 -1.063040196243261
6 1 2.107010131347586
7 1 -1.28229090671095
1 2 -0.9190429489138351
2 2 -0.7445001257806553
3 2 -1.452223513111708
4 2 -1.387095594032163
5 2 -1.019774130423531
6 2 2.142837620079161
7 2 -1.267260222925801
1 3 -1.085979701647944
2 3 0.2689693912221058
3 3 0.8763603638879903
4 3 -1.085979701647944
5 3 0.3156917737348662
6 3 0.01978335115405063
7 3 0.09765398867531787
1 4 -0.2695597276235485
2 4 -0.4108637642998834
3 4 3.887134017938636
4 4 -0.3637624187411051
5 4 -0.1400310273369082
6 4 -0.3755377551307997
7 4 -0.3873130915204943
1 5 -1.116103154559006
2 5 -0.7183906339938386
3 5 -1.757054347122001
4 5 -1.339744398007245
5 5 0.1116181045769455
6 5 -1.25213236449144
7 5 0.07357603739245126
1 6 -1.364356028852141
2 6 -0.9355307504701899
3 6 -1.612866634922544
4 6 -1.310030454501867
5 6 0.007653689313293426
6 6 -1.313498044354012
7 6 -0.02933393577625494
1 7 -0.4202946088683697
2 7 -0.4202946088683697
3 7 0.4683282784533269
4 7 -0.4202946088683697
5 7 0.4683282784533269
6 7 -1.308917496190066
7 7 -1.308917496190066



# name: <cell-element>
# type: sparse matrix
# nnz: 21
# rows: 3
# columns: 7
1 1 -1.105436742466294
2 1 2.107010131347586
3 1 -1.28229090671095
1 2 -1.387095594032163
2 2 2.142837620079161
3 2 -1.267260222925801
1 3 -1.085979701647944
2 3 0.01978335115405063
3 3 0.09765398867531787
1 4 -0.3637624187411051
2 4 -0.3755377551307997
3 4 -0.3873130915204943
1 5 -1.339744398007245
2 5 -1.25213236449144
3 5 0.07357603739245126
1 6 -1.310030454501867
2 6 -1.313498044354012
3 6 -0.02933393577625494
1 7 -0.4202946088683697
2 7 -1.308917496190066
3 7 -1.308917496190066



# name: <cell-element>
# type: sparse matrix
# nnz: 259
# rows: 37
# columns: 7
1 1 1.456525979297038
2 1 -0.7359811253798564
3 1 -0.7214451666748162
4 1 -0.9406958771425056
5 1 0.2124901801240157
6 1 1.0870703622106
7 1 -1.495484967718206
8 1 0.3735970557715445
9 1 -0.1969393234012828
10 1 -0.6887392595884757
11 1 -0.2405471995164034
12 1 1.30268708300203
13 1 -0.9406958771425056
14 1 -0.5651836105956342
15 1 -0.6184821258474482
16 1 -0.02856446840123402
17 1 -0.8389441662072243
18 1 -1.434918473113872
19 1 1.472273267894165
20 1 -0.5021944562071267
21 1 -1.105436742466294
22 1 -0.5809308991927611
23 1 -0.1533314472861623
24 1 -1.063040196243261
25 1 -1.546360823185847
26 1 -0.8486348053439178
27 1 -0.7686870324661967
28 1 1.243331918289782
29 1 2.107010131347586
30 1 -0.7129658574302093
31 1 -0.7577850634374166
32 1 -0.5385343529697272
33 1 0.8775102908796042
34 1 -1.087266794084994
35 1 0.4850394058435192
36 1 -1.28229090671095
37 1 1.387480175448097
1 2 0.9488257702875075
2 2 -0.8608620078694419
3 2 -0.9190429489138351
4 2 -1.192580209047923
5 2 0.571952211880542
6 2 0.9983229887879614
7 2 -1.302863485355952
8 2 0.4660107968444825
9 2 0.3357549586853931
10 2 -0.5551949743227786
11 2 -0.2964200425133876
12 2 1.036531367981294
13 2 -0.5291438066909607
14 2 -0.08106372342369308
15 2 -0.7445001257806553
16 2 0.01532559681403311
17 2 -1.135267640257924
18 2 -0.8990703870627748
19 2 1.382143525230078
20 2 -1.452223513111708
21 2 -1.387095594032163
22 2 -0.8704141026677751
23 2 0.533743832687209
24 2 -1.019774130423531
25 2 -1.17434439170565
26 2 -0.4492535592867192
27 2 -0.983302495738986
28 2 0.9349318142172045
29 2 2.142837620079161
30 2 -0.8217852564217151
31 2 -0.5803777697002026
32 2 -0.8261271176936846
33 2 0.7794931806806912
34 2 -1.233393705004438
35 2 1.225836519439171
36 2 -1.267260222925801
37 2 0.9514308870506892
1 3 0.1755246261965851
2 3 0.06650573366681098
3 3 -1.085979701647944
4 3 -0.02693903135870972
5 3 -0.5876076215118339
6 3 0.4091365387603869
7 3 0.4091365387603869
8 3 0.5337295587944144
9 3 -0.6499041315288477
10 3 -0.8056454065713822
11 3 0.2689693912221058
12 3 0.4247106662646403
13 3 0.4247106662646403
14 3 -0.5720334940075804
15 3 0.2689693912221058
16 3 -2.534373559543515
17 3 -1.194998594177718
18 3 0.3468400287433731
19 3 0.4714330487774007
20 3 0.8763603638879903
21 3 -1.085979701647944
22 3 -0.8990901715969029
23 3 -1.023683191630931
24 3 0.3156917737348662
25 3 -0.8056454065713822
26 3 0.2845435187263592
27 3 -1.039257319135184
28 3 0.3001176462306127
29 3 0.01978335115405063
30 3 -0.9302384266054098
31 3 -0.6654782590331012
32 3 -1.148276211664958
33 3 0.1599504986923317
34 3 -1.039257319135184
35 3 0.004209223649797177
36 3 0.09765398867531787
37 3 0.5025813037859076
1 4 -0.5168417918071345
2 4 -0.3048857367926323
3 4 -0.2695597276235485
4 4 -0.5286171281968292
5 4 -0.6228198193143857
6 4 -0.09292968177812992
7 4 -0.08115434538843536
8 4 -0.2106830456750756
9 4 -0.02227766343996249
10 4 -0.1164803545575191
11 4 -0.3637624187411051
12 4 -0.09292968177812992
13 4 0.0248236821188158
14 4 -0.1753570365059919
15 4 -0.4108637642998834
16 4 -0.5639431373659128
17 4 -0.2813350640132431
18 4 -0.2106830456750756
19 4 -0.1282556909472136
20 4 3.887134017938636
21 4 -0.3637624187411051
22 4 -0.2931104004029377
23 4 -0.3990884279101888
24 4 -0.1400310273369082
25 4 -0.3166610731823268
26 4 -0.3755377551307997
27 4 -0.1400310273369082
28 4 -0.2931104004029377
29 4 -0.3755377551307997
30 4 -0.1047050181678245
31 4 -0.1282556909472136
32 4 -0.2813350640132431
33 4 -0.4461897734689671
34 4 -0.3166610731823268
35 4 -0.4815157826380508
36 4 -0.3873130915204943
37 4 -0.1518063637266028
1 5 0.3075923900728251
2 5 -0.9454902471861226
3 5 -1.116103154559006
4 5 -1.405453423144099
5 5 -0.03478621458762334
6 5 1.28515823772286
7 5 0.1023957852594924
8 5 -0.3644841301865737
9 5 0.6707212131975432
10 5 -0.6838069365533893
11 5 -0.2492051387184093
12 5 0.4159546420528997
13 5 -0.4509433737876971
14 5 1.10993417069125
15 5 -0.7183906339938386
16 5 -0.9823795244559353
17 5 -1.604886078384024
18 5 0.1289099532971702
19 5 1.825816707708551
20 5 -1.757054347122001
21 5 -1.339744398007245
22 5 -0.8740172724758607
23 5 0.9520019523798645
24 5 0.1116181045769455
25 5 0.119687633979717
26 5 -0.2699553571826789
27 5 -0.8832395917933139
28 5 0.4424688100905776
29 5 -1.25213236449144
30 5 -0.8186833565711418
31 5 0.5358447931797908
32 5 -1.819305002514809
33 5 0.191160608689979
34 5 -0.9016842304282202
35 5 0.3513984068307276
36 5 0.07357603739245126
37 5 0.489733196592525
1 6 0.2538525688155998
2 6 -0.9251279809137544
3 6 -1.364356028852141
4 6 -1.138962688462706
5 6 0.07584962307214822
6 6 1.292973661175099
7 6 -0.06747742414985169
8 6 -0.02355461935601301
9 6 0.9358119064041477
10 6 -0.8291913283377383
11 6 -0.2859355848349967
12 6 0.6006115540301157
13 6 -0.3818722374110128
14 6 1.173919742918115
15 6 -0.9355307504701899
16 6 -1.204846895653464
17 6 -1.314653907638061
18 6 -0.06863328743390007
19 6 2.021167530125583
20 6 -1.612866634922544
21 6 -1.310030454501867
22 6 -0.9309072973339964
23 6 1.059489277797325
24 6 0.007653689313293426
25 6 -0.02817807249220655
26 6 -0.1472319907491904
27 6 -0.9366866137542382
28 6 0.1694745490800675
29 6 -1.313498044354012
30 6 -0.9135693480732705
31 6 0.8606807929410026
32 6 -1.913391088775125
33 6 0.07700548635619661
34 6 -1.15745650100748
35 6 0.1636952326598256
36 6 -0.02933393577625494
37 6 0.2434497992591642
1 7 1.356951165775023
2 7 1.356951165775023
3 7 -0.4202946088683697
4 7 -1.308917496190066
5 7 -1.308917496190066
6 7 -0.4202946088683697
7 7 -0.4202946088683697
8 7 0.4683282784533269
9 7 -0.4202946088683697
10 7 -1.308917496190066
11 7 1.356951165775023
12 7 0.4683282784533269
13 7 -0.4202946088683697
14 7 0.4683282784533269
15 7 -0.4202946088683697
16 7 0.4683282784533269
17 7 -0.4202946088683697
18 7 1.356951165775023
19 7 1.356951165775023
20 7 0.4683282784533269
21 7 -0.4202946088683697
22 7 0.4683282784533269
23 7 -1.308917496190066
24 7 0.4683282784533269
25 7 -1.308917496190066
26 7 -0.4202946088683697
