# Created by Octave 4.0.0, Wed May 18 23:39:50 2016 CEST <peter@Independence>
# name: mu
# type: matrix
# rows: 1
# columns: 8
 23970.31081081081 12519.58108108108 14904.35135135135 1406.72972972973 1462.891891891892 4317.175675675676 4566.378378378378 89.45945945945945


# name: sigma
# type: matrix
# rows: 1
# columns: 8
 1297.978110773024 825.5389440422069 1151.579860987081 64.20905439016664 84.92326392264857 867.460746545619 865.1542217843631 22.5067351801841


