# Created by Octave 4.0.0, Sun May 22 18:35:54 2016 CEST <peter@Independence>
# name: x
# type: matrix
# rows: 1
# columns: 100
 60 60.60606060606061 61.21212121212121 61.81818181818181 62.42424242424242 63.03030303030303 63.63636363636364 64.24242424242424 64.84848484848484 65.45454545454545 66.06060606060606 66.66666666666666 67.27272727272727 67.87878787878788 68.48484848484848 69.09090909090909 69.69696969696969 70.3030303030303 70.90909090909091 71.51515151515152 72.12121212121212 72.72727272727272 73.33333333333333 73.93939393939394 74.54545454545455 75.15151515151516 75.75757575757575 76.36363636363636 76.96969696969697 77.57575757575758 78.18181818181819 78.78787878787878 79.39393939393939 80 80.60606060606061 81.21212121212122 81.81818181818181 82.42424242424242 83.03030303030303 83.63636363636363 84.24242424242424 84.84848484848484 85.45454545454545 86.06060606060606 86.66666666666667 87.27272727272727 87.87878787878788 88.48484848484848 89.09090909090909 89.6969696969697 90.3030303030303 90.90909090909091 91.51515151515152 92.12121212121212 92.72727272727272 93.33333333333333 93.93939393939394 94.54545454545455 95.15151515151514 95.75757575757575 96.36363636363636 96.96969696969697 97.57575757575758 98.18181818181817 98.78787878787878 99.39393939393939 100 100.6060606060606 101.2121212121212 101.8181818181818 102.4242424242424 103.030303030303 103.6363636363636 104.2424242424242 104.8484848484848 105.4545454545455 106.0606060606061 106.6666666666667 107.2727272727273 107.8787878787879 108.4848484848485 109.0909090909091 109.6969696969697 110.3030303030303 110.9090909090909 111.5151515151515 112.1212121212121 112.7272727272727 113.3333333333333 113.9393939393939 114.5454545454545 115.1515151515151 115.7575757575758 116.3636363636364 116.969696969697 117.5757575757576 118.1818181818182 118.7878787878788 119.3939393939394 120


# name: y
# type: matrix
# rows: 100
# columns: 1
 23798.71782295667
 23798.64328036447
 23798.57180441525
 23798.50333069469
 23798.4377947885
 23798.37513228238
 23798.31527876202
 23798.25816981314
 23798.20374102142
 23798.15192797257
 23798.10266625229
 23798.05589144627
 23798.01153914022
 23797.96954491984
 23797.92984437082
 23797.89237307887
 23797.85706662968
 23797.82386060896
 23797.7926906024
 23797.76349219571
 23797.73620097458
 23797.71075252472
 23797.68708243183
 23797.66512628159
 23797.64481965972
 23797.62609815192
 23797.60889734388
 23797.5931528213
 23797.57880016988
 23797.56577497533
 23797.55401282334
 23797.54344929961
 23797.53401998984
 23797.52566047974
 23797.518306355
 23797.51189320131
 23797.50635660439
 23797.50163214993
 23797.49765542363
 23797.4943620112
 23797.49168749832
 23797.4895674707
 23797.48793751404
 23797.48673321404
 23797.4858901564
 23797.48534392682
 23797.485030111
 23797.48488429464
 23797.48484206343
 23797.48483900309
 23797.4848106993
 23797.48469273777
 23797.4844207042
 23797.48393018428
 23797.48315676373
 23797.48203602822
 23797.48050356348
 23797.47849495519
 23797.47594578906
 23797.47279165078
 23797.46896812606
 23797.4644108006
 23797.45905526009
 23797.45283709024
 23797.44569187674
 23797.4375552053
 23797.42836266161
 23797.41804983137
 23797.40655230029
 23797.39380565406
 23797.37974547838
 23797.36430735896
 23797.34742688149
 23797.32903963168
 23797.30908119522
 23797.28748715781
 23797.26419310515
 23797.23913462294
 23797.21224729689
 23797.18346671268
 23797.15272845603
 23797.11996811263
 23797.08512126818
 23797.04812350838
 23797.00891041894
 23796.96741758554
 23796.92358059389
 23796.87733502969
 23796.82861647864
 23796.77736052644
 23796.72350275879
 23796.66697876139
 23796.60772411993
 23796.54567442013
 23796.48076524767
 23796.41293218826
 23796.3421108276
 23796.26823675138
 23796.19124554532
 23796.1110727951


# name: QUERY
# type: sq_string
# elements: 1
# length: 2
R5


# name: DATASIZE
# type: sq_string
# elements: 1
# length: 3
750


