# Created by Octave 4.0.0, Sun May 22 18:35:54 2016 CEST <peter@Independence>
# name: x
# type: matrix
# rows: 1
# columns: 100
 60 60.60606060606061 61.21212121212121 61.81818181818181 62.42424242424242 63.03030303030303 63.63636363636364 64.24242424242424 64.84848484848484 65.45454545454545 66.06060606060606 66.66666666666666 67.27272727272727 67.87878787878788 68.48484848484848 69.09090909090909 69.69696969696969 70.3030303030303 70.90909090909091 71.51515151515152 72.12121212121212 72.72727272727272 73.33333333333333 73.93939393939394 74.54545454545455 75.15151515151516 75.75757575757575 76.36363636363636 76.96969696969697 77.57575757575758 78.18181818181819 78.78787878787878 79.39393939393939 80 80.60606060606061 81.21212121212122 81.81818181818181 82.42424242424242 83.03030303030303 83.63636363636363 84.24242424242424 84.84848484848484 85.45454545454545 86.06060606060606 86.66666666666667 87.27272727272727 87.87878787878788 88.48484848484848 89.09090909090909 89.6969696969697 90.3030303030303 90.90909090909091 91.51515151515152 92.12121212121212 92.72727272727272 93.33333333333333 93.93939393939394 94.54545454545455 95.15151515151514 95.75757575757575 96.36363636363636 96.96969696969697 97.57575757575758 98.18181818181817 98.78787878787878 99.39393939393939 100 100.6060606060606 101.2121212121212 101.8181818181818 102.4242424242424 103.030303030303 103.6363636363636 104.2424242424242 104.8484848484848 105.4545454545455 106.0606060606061 106.6666666666667 107.2727272727273 107.8787878787879 108.4848484848485 109.0909090909091 109.6969696969697 110.3030303030303 110.9090909090909 111.5151515151515 112.1212121212121 112.7272727272727 113.3333333333333 113.9393939393939 114.5454545454545 115.1515151515151 115.7575757575758 116.3636363636364 116.969696969697 117.5757575757576 118.1818181818182 118.7878787878788 119.3939393939394 120


# name: y
# type: matrix
# rows: 100
# columns: 1
 23762.52897529374
 23762.12839650041
 23761.75228022999
 23761.39960968811
 23761.0693896647
 23760.76064653398
 23760.47242825442
 23760.20380436876
 23759.95386600404
 23759.72172587156
 23759.5065182669
 23759.3073990699
 23759.1235457447
 23758.95415733969
 23758.79845448755
 23758.65567940522
 23758.52509589394
 23758.40598933921
 23758.29766671079
 23758.19945656274
 23758.11070903337
 23758.03079584529
 23757.95911030538
 23757.89506730478
 23757.8381033189
 23757.78767640745
 23757.74326621441
 23757.70437396801
 23757.67052248078
 23757.64125614951
 23757.61614095528
 23757.59476446343
 23757.57673582358
 23757.56168576962
 23757.54926661973
 23757.53915227635
 23757.5310382262
 23757.52464154026
 23757.51970087382
 23757.51597646641
 23757.51325014185
 23757.51132530824
 23757.51002695793
 23757.50920166758
 23757.5087175981
 23757.50846449468
 23757.50835368678
 23757.50831808816
 23757.50831219681
 23757.50831209504
 23757.50831544941
 23757.50834151075
 23757.50843111418
 23757.5086466791
 23757.50907220916
 23757.5098132923
 23757.51099710075
 23757.51277239097
 23757.51530950374
 23757.5188003641
 23757.52345848135
 23757.52951894908
 23757.53723844516
 23757.54689523172
 23757.55878915517
 23757.57324164619
 23757.59059571976
 23757.61121597509
 23757.63548859571
 23757.66382134939
 23757.6966435882
 23757.73440624846
 23757.77758185079
 23757.82666450008
 23757.88216988547
 23757.9446352804
 23758.01461954258
 23758.09270311399
 23758.17948802089
 23758.27559787381
 23758.38167786755
 23758.49839478119
 23758.6264369781
 23758.7665144059
 23758.9193585965
 23759.08572266607
 23759.26638131508
 23759.46213082824
 23759.67378907456
 23759.90219550733
 23760.1482111641
 23760.41271866669
 23760.6966222212
 23761.00084761802
 23761.3263422318
 23761.67407502145
 23762.04503653019
 23762.4402388855
 23762.86071579911
 23763.30752256706


# name: QUERY
# type: sq_string
# elements: 1
# length: 2
R5


# name: DATASIZE
# type: sq_string
# elements: 1
# length: 3
750


