# Created by Octave 4.0.0, Wed May 18 23:40:07 2016 CEST <peter@Independence>
# name: x
# type: matrix
# rows: 1
# columns: 100
 60 60.60606060606061 61.21212121212121 61.81818181818181 62.42424242424242 63.03030303030303 63.63636363636364 64.24242424242424 64.84848484848484 65.45454545454545 66.06060606060606 66.66666666666666 67.27272727272727 67.87878787878788 68.48484848484848 69.09090909090909 69.69696969696969 70.3030303030303 70.90909090909091 71.51515151515152 72.12121212121212 72.72727272727272 73.33333333333333 73.93939393939394 74.54545454545455 75.15151515151516 75.75757575757575 76.36363636363636 76.96969696969697 77.57575757575758 78.18181818181819 78.78787878787878 79.39393939393939 80 80.60606060606061 81.21212121212122 81.81818181818181 82.42424242424242 83.03030303030303 83.63636363636363 84.24242424242424 84.84848484848484 85.45454545454545 86.06060606060606 86.66666666666667 87.27272727272727 87.87878787878788 88.48484848484848 89.09090909090909 89.6969696969697 90.3030303030303 90.90909090909091 91.51515151515152 92.12121212121212 92.72727272727272 93.33333333333333 93.93939393939394 94.54545454545455 95.15151515151514 95.75757575757575 96.36363636363636 96.96969696969697 97.57575757575758 98.18181818181817 98.78787878787878 99.39393939393939 100 100.6060606060606 101.2121212121212 101.8181818181818 102.4242424242424 103.030303030303 103.6363636363636 104.2424242424242 104.8484848484848 105.4545454545455 106.0606060606061 106.6666666666667 107.2727272727273 107.8787878787879 108.4848484848485 109.0909090909091 109.6969696969697 110.3030303030303 110.9090909090909 111.5151515151515 112.1212121212121 112.7272727272727 113.3333333333333 113.9393939393939 114.5454545454545 115.1515151515151 115.7575757575758 116.3636363636364 116.969696969697 117.5757575757576 118.1818181818182 118.7878787878788 119.3939393939394 120


# name: y
# type: matrix
# rows: 100
# columns: 1
 24195.30042310014
 24195.28485568658
 24195.27023894294
 24195.25653335427
 24195.24370024439
 24195.23170177597
 24195.2205009505
 24195.21006160826
 24195.20034842835
 24195.19132692869
 24195.18296346603
 24195.1752252359
 24195.16808027267
 24195.16149744953
 24195.15544647845
 24195.14989791026
 24195.14482313456
 24195.14019437981
 24195.13598471324
 24195.13216804093
 24195.12871910775
 24195.12561349739
 24195.12282763238
 24195.12033877402
 24195.11812502247
 24195.11616531667
 24195.11443943439
 24195.11292799221
 24195.11161244553
 24195.11047508856
 24195.10949905433
 24195.10866831468
 24195.10796768025
 24195.10738280053
 24195.10690016379
 24195.10650709713
 24195.10619176648
 24195.10594317654
 24195.10575117088
 24195.10560643184
 24195.10550048059
 24195.10542567713
 24195.10537522025
 24195.10534314757
 24195.10532433551
 24195.10531449933
 24195.10531019308
 24195.10530880964
 24195.10530858069
 24195.10530857673
 24195.10530870709
 24195.10530971989
 24195.10531320209
 24195.10532157944
 24195.10533811651
 24195.10536691671
 24195.10541292223
 24195.1054819141
 24195.10558051213
 24195.105716175
 24195.10589720015
 24195.10613272387
 24195.10643272125
 24195.1068080062
 24195.10727023143
 24195.10783188848
 24195.1085063077
 24195.10930765827
 24195.11025094815
 24195.11135202415
 24195.11262757187
 24195.11409511573
 24195.11577301897
 24195.11768048365
 24195.11983755064
 24195.1222650996
 24195.12498484905
 24195.12801935629
 24195.13139201745
 24195.13512706746
 24195.13924958008
 24195.14378546789
 24195.14876148226
 24195.1542052134
 24195.1601450903
 24195.16661038082
 24195.17363119157
 24195.18123846803
 24195.18946399447
 24195.19834039396
 24195.20790112841
 24195.21818049854
 24195.22921364387
 24195.24103654275
 24195.25368601234
 24195.26719970861
 24195.28161612634
 24195.29697459915
 24195.31331529944
 24195.33067923845


# name: QUERY
# type: sq_string
# elements: 1
# length: 2
R5


# name: DATASIZE
# type: sq_string
# elements: 1
# length: 3
750


