# Created by Octave 4.0.0, Wed May 18 23:40:07 2016 CEST <peter@Independence>
# name: x
# type: matrix
# rows: 1
# columns: 100
 60 60.60606060606061 61.21212121212121 61.81818181818181 62.42424242424242 63.03030303030303 63.63636363636364 64.24242424242424 64.84848484848484 65.45454545454545 66.06060606060606 66.66666666666666 67.27272727272727 67.87878787878788 68.48484848484848 69.09090909090909 69.69696969696969 70.3030303030303 70.90909090909091 71.51515151515152 72.12121212121212 72.72727272727272 73.33333333333333 73.93939393939394 74.54545454545455 75.15151515151516 75.75757575757575 76.36363636363636 76.96969696969697 77.57575757575758 78.18181818181819 78.78787878787878 79.39393939393939 80 80.60606060606061 81.21212121212122 81.81818181818181 82.42424242424242 83.03030303030303 83.63636363636363 84.24242424242424 84.84848484848484 85.45454545454545 86.06060606060606 86.66666666666667 87.27272727272727 87.87878787878788 88.48484848484848 89.09090909090909 89.6969696969697 90.3030303030303 90.90909090909091 91.51515151515152 92.12121212121212 92.72727272727272 93.33333333333333 93.93939393939394 94.54545454545455 95.15151515151514 95.75757575757575 96.36363636363636 96.96969696969697 97.57575757575758 98.18181818181817 98.78787878787878 99.39393939393939 100 100.6060606060606 101.2121212121212 101.8181818181818 102.4242424242424 103.030303030303 103.6363636363636 104.2424242424242 104.8484848484848 105.4545454545455 106.0606060606061 106.6666666666667 107.2727272727273 107.8787878787879 108.4848484848485 109.0909090909091 109.6969696969697 110.3030303030303 110.9090909090909 111.5151515151515 112.1212121212121 112.7272727272727 113.3333333333333 113.9393939393939 114.5454545454545 115.1515151515151 115.7575757575758 116.3636363636364 116.969696969697 117.5757575757576 118.1818181818182 118.7878787878788 119.3939393939394 120


# name: y
# type: matrix
# rows: 100
# columns: 1
 23819.94033129688
 23823.27911061455
 23826.48053431019
 23829.54748751465
 23832.48285535882
 23835.28952297353
 23837.97037548967
 23840.52829803808
 23842.96617574964
 23845.28689375521
 23847.49333718565
 23849.58839117182
 23851.57494084459
 23853.45587133482
 23855.23406777338
 23856.91241529112
 23858.49379901891
 23859.9811040876
 23861.37721562808
 23862.6850187712
 23863.90739864781
 23865.04724038879
 23866.107429125
 23867.0908499873
 23868.00038810655
 23868.83892861362
 23869.60935663936
 23870.31455731465
 23870.95741577035
 23871.54081713731
 23872.06764654641
 23872.5407891285
 23872.96313001444
 23873.33755433511
 23873.66694722136
 23873.95419380406
 23874.20217921407
 23874.41378858225
 23874.59190703947
 23874.73941971658
 23874.85921174446
 23874.95416825396
 23875.02717437595
 23875.0811152413
 23875.11887598085
 23875.14334172549
 23875.15739760606
 23875.16392875344
 23875.16582029848
 23875.16595737205
 23875.16722510501
 23875.17250862823
 23875.18469307257
 23875.20666356889
 23875.24130524806
 23875.29150324093
 23875.36014267837
 23875.45010869124
 23875.56428641042
 23875.70556096674
 23875.8768174911
 23876.08094111434
 23876.32081696733
 23876.59933018092
 23876.919365886
 23877.28380921341
 23877.69554529403
 23878.1574592587
 23878.67243623831
 23879.2433613637
 23879.87311976575
 23880.56459657531
 23881.32067692325
 23882.14424594044
 23883.03818875772
 23884.00539050598
 23885.04873631607
 23886.17111131885
 23887.37540064519
 23888.66448942595
 23890.04126279199
 23891.50860587418
 23893.06940380338
 23894.72654171045
 23896.48290472626
 23898.34137798166
 23900.30484660753
 23902.37619573472
 23904.5583104941
 23906.85407601653
 23909.26637743287
 23911.79809987399
 23914.45212847075
 23917.23134835401
 23920.13864465463
 23923.17690250349
 23926.34900703144
 23929.65784336934
 23933.10629664806
 23936.69725199846


# name: QUERY
# type: sq_string
# elements: 1
# length: 2
R5


# name: DATASIZE
# type: sq_string
# elements: 1
# length: 3
750


