# Created by Octave 4.0.0, Sun May 22 18:35:54 2016 CEST <peter@Independence>
# name: x
# type: matrix
# rows: 1
# columns: 100
 60 60.60606060606061 61.21212121212121 61.81818181818181 62.42424242424242 63.03030303030303 63.63636363636364 64.24242424242424 64.84848484848484 65.45454545454545 66.06060606060606 66.66666666666666 67.27272727272727 67.87878787878788 68.48484848484848 69.09090909090909 69.69696969696969 70.3030303030303 70.90909090909091 71.51515151515152 72.12121212121212 72.72727272727272 73.33333333333333 73.93939393939394 74.54545454545455 75.15151515151516 75.75757575757575 76.36363636363636 76.96969696969697 77.57575757575758 78.18181818181819 78.78787878787878 79.39393939393939 80 80.60606060606061 81.21212121212122 81.81818181818181 82.42424242424242 83.03030303030303 83.63636363636363 84.24242424242424 84.84848484848484 85.45454545454545 86.06060606060606 86.66666666666667 87.27272727272727 87.87878787878788 88.48484848484848 89.09090909090909 89.6969696969697 90.3030303030303 90.90909090909091 91.51515151515152 92.12121212121212 92.72727272727272 93.33333333333333 93.93939393939394 94.54545454545455 95.15151515151514 95.75757575757575 96.36363636363636 96.96969696969697 97.57575757575758 98.18181818181817 98.78787878787878 99.39393939393939 100 100.6060606060606 101.2121212121212 101.8181818181818 102.4242424242424 103.030303030303 103.6363636363636 104.2424242424242 104.8484848484848 105.4545454545455 106.0606060606061 106.6666666666667 107.2727272727273 107.8787878787879 108.4848484848485 109.0909090909091 109.6969696969697 110.3030303030303 110.9090909090909 111.5151515151515 112.1212121212121 112.7272727272727 113.3333333333333 113.9393939393939 114.5454545454545 115.1515151515151 115.7575757575758 116.3636363636364 116.969696969697 117.5757575757576 118.1818181818182 118.7878787878788 119.3939393939394 120


# name: y
# type: matrix
# rows: 100
# columns: 1
 23495.4092964865
 23491.27608114719
 23487.22878095819
 23483.26739591949
 23479.39192603111
 23475.60237129304
 23471.89873170529
 23468.28100726784
 23464.74919798071
 23461.30330384388
 23457.94332485737
 23454.66926102117
 23451.48111233528
 23448.37887879971
 23445.36256041444
 23442.43215717949
 23439.58766909485
 23436.82909616052
 23434.1564383765
 23431.5696957428
 23429.0688682594
 23426.65395592632
 23424.32495874355
 23422.08187671109
 23419.92470982894
 23417.8534580971
 23415.86812151558
 23413.96870008436
 23412.15519380346
 23410.42760267287
 23408.78592669259
 23407.23016586262
 23405.76032018297
 23404.37638965363
 23403.0783742746
 23401.86627404587
 23400.74008896746
 23399.69981903937
 23398.74546426158
 23397.87702463411
 23397.09450015695
 23396.39789083009
 23395.78719665355
 23395.26241762733
 23394.82355375141
 23394.47060502581
 23394.20357145051
 23394.02245302553
 23393.92724975086
 23393.9179616265
 23393.99458865246
 23394.15713082872
 23394.4055881553
 23394.73996063219
 23395.16024825939
 23395.6664510369
 23396.25856896472
 23396.93660204286
 23397.7005502713
 23398.55041365006
 23399.48619217913
 23400.50788585851
 23401.61549468821
 23402.80901866821
 23404.08845779853
 23405.45381207915
 23406.9050815101
 23408.44226609135
 23410.06536582291
 23411.77438070478
 23413.56931073697
 23415.45015591947
 23417.41691625227
 23419.4695917354
 23421.60818236883
 23423.83268815257
 23426.14310908663
 23428.53944517099
 23431.02169640567
 23433.58986279066
 23436.24394432597
 23438.98394101158
 23441.80985284751
 23444.72167983374
 23447.71942197029
 23450.80307925715
 23453.97265169432
 23457.22813928181
 23460.5695420196
 23463.99685990771
 23467.51009294613
 23471.10924113485
 23474.7943044739
 23478.56528296325
 23482.42217660291
 23486.36498539289
 23490.39370933318
 23494.50834842378
 23498.70890266469
 23502.99537205591


# name: QUERY
# type: sq_string
# elements: 1
# length: 2
R5


# name: DATASIZE
# type: sq_string
# elements: 1
# length: 3
750


