# Created by Octave 4.0.0, Wed May 18 23:40:07 2016 CEST <peter@Independence>
# name: x
# type: matrix
# rows: 1
# columns: 100
 60 60.60606060606061 61.21212121212121 61.81818181818181 62.42424242424242 63.03030303030303 63.63636363636364 64.24242424242424 64.84848484848484 65.45454545454545 66.06060606060606 66.66666666666666 67.27272727272727 67.87878787878788 68.48484848484848 69.09090909090909 69.69696969696969 70.3030303030303 70.90909090909091 71.51515151515152 72.12121212121212 72.72727272727272 73.33333333333333 73.93939393939394 74.54545454545455 75.15151515151516 75.75757575757575 76.36363636363636 76.96969696969697 77.57575757575758 78.18181818181819 78.78787878787878 79.39393939393939 80 80.60606060606061 81.21212121212122 81.81818181818181 82.42424242424242 83.03030303030303 83.63636363636363 84.24242424242424 84.84848484848484 85.45454545454545 86.06060606060606 86.66666666666667 87.27272727272727 87.87878787878788 88.48484848484848 89.09090909090909 89.6969696969697 90.3030303030303 90.90909090909091 91.51515151515152 92.12121212121212 92.72727272727272 93.33333333333333 93.93939393939394 94.54545454545455 95.15151515151514 95.75757575757575 96.36363636363636 96.96969696969697 97.57575757575758 98.18181818181817 98.78787878787878 99.39393939393939 100 100.6060606060606 101.2121212121212 101.8181818181818 102.4242424242424 103.030303030303 103.6363636363636 104.2424242424242 104.8484848484848 105.4545454545455 106.0606060606061 106.6666666666667 107.2727272727273 107.8787878787879 108.4848484848485 109.0909090909091 109.6969696969697 110.3030303030303 110.9090909090909 111.5151515151515 112.1212121212121 112.7272727272727 113.3333333333333 113.9393939393939 114.5454545454545 115.1515151515151 115.7575757575758 116.3636363636364 116.969696969697 117.5757575757576 118.1818181818182 118.7878787878788 119.3939393939394 120


# name: y
# type: matrix
# rows: 100
# columns: 1
 24219.7527495223
 24219.63785110942
 24219.52534103433
 24219.41521929704
 24219.30748589754
 24219.20214083584
 24219.09918411194
 24218.99861572583
 24218.90043567752
 24218.804643967
 24218.71124059429
 24218.62022555936
 24218.53159886223
 24218.4453605029
 24218.36151048137
 24218.28004879762
 24218.20097545168
 24218.12429044353
 24218.04999377318
 24217.97808544062
 24217.90856544586
 24217.84143378889
 24217.77669046973
 24217.71433548835
 24217.65436884477
 24217.59679053899
 24217.54160057101
 24217.48879894082
 24217.43838564842
 24217.39036069383
 24217.34472407702
 24217.30147579802
 24217.26061585681
 24217.22214425339
 24217.18606098777
 24217.15236605995
 24217.12105946992
 24217.09214121769
 24217.06561130326
 24217.04146972662
 24217.01971648777
 24217.00035158672
 24216.98337502347
 24216.96878679802
 24216.95658691036
 24216.94677536049
 24216.93935214842
 24216.93431727415
 24216.93167073767
 24216.931412539
 24216.93354267811
 24216.93806115502
 24216.94496796973
 24216.95426312223
 24216.96594661253
 24216.98001844063
 24216.99647860652
 24217.0153271102
 24217.03656395169
 24217.06018913096
 24217.08620264804
 24217.11460450291
 24217.14539469557
 24217.17857322603
 24217.21414009429
 24217.25209530034
 24217.29243884419
 24217.33517072584
 24217.38029094528
 24217.42779950252
 24217.47769639755
 24217.52998163038
 24217.584655201
 24217.64171710942
 24217.70116735564
 24217.76300593965
 24217.82723286146
 24217.89384812106
 24217.96285171846
 24218.03424365366
 24218.10802392665
 24218.18419253744
 24218.26274948602
 24218.3436947724
 24218.42702839657
 24218.51275035855
 24218.60086065831
 24218.69135929588
 24218.78424627124
 24218.87952158439
 24218.97718523534
 24219.07723722409
 24219.17967755063
 24219.28450621496
 24219.3917232171
 24219.50132855703
 24219.61332223476
 24219.72770425028
 24219.84447460359
 24219.96363329471


# name: QUERY
# type: sq_string
# elements: 1
# length: 2
R5


# name: DATASIZE
# type: sq_string
# elements: 1
# length: 3
750


