# Created by Octave 4.0.0, Sun May 22 18:35:54 2016 CEST <peter@Independence>
# name: x
# type: matrix
# rows: 1
# columns: 100
 60 60.60606060606061 61.21212121212121 61.81818181818181 62.42424242424242 63.03030303030303 63.63636363636364 64.24242424242424 64.84848484848484 65.45454545454545 66.06060606060606 66.66666666666666 67.27272727272727 67.87878787878788 68.48484848484848 69.09090909090909 69.69696969696969 70.3030303030303 70.90909090909091 71.51515151515152 72.12121212121212 72.72727272727272 73.33333333333333 73.93939393939394 74.54545454545455 75.15151515151516 75.75757575757575 76.36363636363636 76.96969696969697 77.57575757575758 78.18181818181819 78.78787878787878 79.39393939393939 80 80.60606060606061 81.21212121212122 81.81818181818181 82.42424242424242 83.03030303030303 83.63636363636363 84.24242424242424 84.84848484848484 85.45454545454545 86.06060606060606 86.66666666666667 87.27272727272727 87.87878787878788 88.48484848484848 89.09090909090909 89.6969696969697 90.3030303030303 90.90909090909091 91.51515151515152 92.12121212121212 92.72727272727272 93.33333333333333 93.93939393939394 94.54545454545455 95.15151515151514 95.75757575757575 96.36363636363636 96.96969696969697 97.57575757575758 98.18181818181817 98.78787878787878 99.39393939393939 100 100.6060606060606 101.2121212121212 101.8181818181818 102.4242424242424 103.030303030303 103.6363636363636 104.2424242424242 104.8484848484848 105.4545454545455 106.0606060606061 106.6666666666667 107.2727272727273 107.8787878787879 108.4848484848485 109.0909090909091 109.6969696969697 110.3030303030303 110.9090909090909 111.5151515151515 112.1212121212121 112.7272727272727 113.3333333333333 113.9393939393939 114.5454545454545 115.1515151515151 115.7575757575758 116.3636363636364 116.969696969697 117.5757575757576 118.1818181818182 118.7878787878788 119.3939393939394 120


# name: y
# type: matrix
# rows: 100
# columns: 1
 23829.13465401926
 23829.13982765796
 23829.14448555332
 23829.14866968241
 23829.15241940599
 23829.15577157954
 23829.15876066195
 23829.16141882168
 23829.16377604064
 23829.16586021557
 23829.16769725706
 23829.16931118615
 23829.1707242285
 23829.17195690619
 23829.17302812707
 23829.17395527174
 23829.17475427812
 23829.17543972353
 23829.17602490451
 23829.17652191412
 23829.17694171681
 23829.17729422102
 23829.17758834922
 23829.17783210563
 23829.17803264151
 23829.17819631801
 23829.17832876669
 23829.17843494754
 23829.17851920465
 23829.17858531946
 23829.17863656158
 23829.17867573724
 23829.17870523529
 23829.17872707083
 23829.17874292641
 23829.17875419079
 23829.17876199539
 23829.17876724821
 23829.17877066544
 23829.17877280059
 23829.17877407126
 23829.17877478349
 23829.17877515369
 23829.17877532815
 23829.17877540019
 23829.17877542483
 23829.17877543116
 23829.17877543216
 23829.17877543221
 23829.17877543221
 23829.17877543219
 23829.17877543159
 23829.17877542712
 23829.17877540821
 23829.17877535002
 23829.17877520409
 23829.17877488654
 23829.17877426391
 23829.17877313651
 23829.17877121947
 23829.17876812129
 23829.17876332002
 23829.17875613704
 23829.17874570841
 23829.17873095382
 23829.17871054314
 23829.17868286055
 23829.17864596627
 23829.17859755587
 23829.17853491718
 23829.1784548848
 23829.17835379218
 23829.17822742132
 23829.17807095002
 23829.17787889676
 23829.1776450632
 23829.17736247413
 23829.17702331523
 23829.1766188682
 23829.17613944368
 23829.17557431156
 23829.17491162909
 23829.17413836643
 23829.17324022983
 23829.17220158243
 23829.17100536268
 23829.16963300019
 23829.16806432942
 23829.16627750072
 23829.16424888917
 23829.16195300082
 23829.15936237666
 23829.15644749417
 23829.15317666634
 23829.14951593844
 23829.14542898229
 23829.14087698814
 23829.13581855414
 23829.13020957342
 23829.12400311872


# name: QUERY
# type: sq_string
# elements: 1
# length: 2
R5


# name: DATASIZE
# type: sq_string
# elements: 1
# length: 3
750


