# Created by Octave 3.8.2, Mon May 23 09:49:07 2016 CEST <Andrea@Andreas-MacBook-Pro.local>
# name: x
# type: matrix
# rows: 1
# columns: 100
 8 8.121212121212121 8.242424242424242 8.363636363636363 8.484848484848484 8.606060606060606 8.727272727272727 8.848484848484848 8.969696969696971 9.09090909090909 9.212121212121211 9.333333333333332 9.454545454545455 9.575757575757574 9.696969696969697 9.818181818181818 9.939393939393939 10.06060606060606 10.18181818181818 10.3030303030303 10.42424242424242 10.54545454545454 10.66666666666667 10.78787878787879 10.90909090909091 11.03030303030303 11.15151515151515 11.27272727272727 11.39393939393939 11.51515151515152 11.63636363636364 11.75757575757576 11.87878787878788 12 12.12121212121212 12.24242424242424 12.36363636363636 12.48484848484848 12.60606060606061 12.72727272727273 12.84848484848485 12.96969696969697 13.09090909090909 13.21212121212121 13.33333333333333 13.45454545454545 13.57575757575758 13.6969696969697 13.81818181818182 13.93939393939394 14.06060606060606 14.18181818181818 14.3030303030303 14.42424242424242 14.54545454545454 14.66666666666667 14.78787878787879 14.90909090909091 15.03030303030303 15.15151515151515 15.27272727272727 15.39393939393939 15.51515151515152 15.63636363636364 15.75757575757576 15.87878787878788 16 16.12121212121212 16.24242424242424 16.36363636363636 16.48484848484848 16.60606060606061 16.72727272727273 16.84848484848485 16.96969696969697 17.09090909090909 17.21212121212121 17.33333333333334 17.45454545454545 17.57575757575757 17.6969696969697 17.81818181818182 17.93939393939394 18.06060606060606 18.18181818181818 18.3030303030303 18.42424242424242 18.54545454545454 18.66666666666667 18.78787878787879 18.90909090909091 19.03030303030303 19.15151515151515 19.27272727272727 19.39393939393939 19.51515151515152 19.63636363636364 19.75757575757576 19.87878787878788 20


# name: y
# type: matrix
# rows: 100
# columns: 1
 375895.4396226223
 375797.4923074006
 375567.3939914799
 375206.3561093811
 374716.1639953567
 374099.1616582872
 373358.2320394854
 372496.7729059362
 371518.668575655
 370428.2577139987
 369230.2974794382
 367929.9243340188
 366532.6118671187
 365044.1260107915
 363470.4780506387
 361817.8758575546
 360092.6737826298
 358301.3216698482
 356450.3134488998
 354546.1357734214
 352595.2171683514
 350603.8781438716
 348578.2827228237
 346524.3918136635
 344447.9188422168
 342354.2880329858
 340248.5957048197
 338135.5749167432
 336019.5637679655
 333904.4776219417
 331793.7854881897
 329690.4907577492
 327597.116449087
 325515.6950812622
 323447.7632506268
 321394.36094659
 319356.0356013721
 317332.85082849
 315324.3997652909
 313329.8228964198
 311347.8301979582
 309376.7274063284
 307414.4461821215
 305458.5779070376
 303506.410822209
 301554.9701886008
 299601.0611249804
 297641.3137563576
 295672.2302858969
 293690.2335862113
 291691.7168918127
 289673.0941633664
 287630.8506864061
 285561.5934623752
 283462.1009483383
 281329.3717035435
 279160.6715062076
 276953.5785125334
 274706.0260420377
 272416.3425887632
 270083.2886768773
 267706.0902014494
 265284.4679207826
 262818.662795481
 260309.4569012676
 257758.1896773468
 255166.7693095434
 252537.6790873904
 249873.9786164403
 247179.2998110815
 244457.8376386766
 241714.3356325295
 238954.0662386495
 236182.8061090168
 233406.8065016707
 230632.7589949038
 227867.7567686656
 225119.2517504862
 222395.0079652582
 219703.0514676115
 217051.6172718733
 214449.0937272408
 211903.9648144032
 209424.7508639907
 207019.9482165615
 204697.9683580528
 202467.0770734533
 200335.3341647129
 198310.5342764831
 196400.1493650861
 194611.2733322015
 192950.5693252066
 191424.2201810774
 190037.8824605135
 188796.6444837858
 187704.9887401222
 186766.758998686
 185985.1324018674
 185362.5967712727
 184900.9333040347


# name: QUERY
# type: sq_string
# elements: 1
# length: 2
Q4


# name: DATASIZE
# type: sq_string
# elements: 1
# length: 2
50


