# Created by Octave 3.8.2, Mon May 23 09:49:07 2016 CEST <Andrea@Andreas-MacBook-Pro.local>
# name: x
# type: matrix
# rows: 1
# columns: 100
 8 8.121212121212121 8.242424242424242 8.363636363636363 8.484848484848484 8.606060606060606 8.727272727272727 8.848484848484848 8.969696969696971 9.09090909090909 9.212121212121211 9.333333333333332 9.454545454545455 9.575757575757574 9.696969696969697 9.818181818181818 9.939393939393939 10.06060606060606 10.18181818181818 10.3030303030303 10.42424242424242 10.54545454545454 10.66666666666667 10.78787878787879 10.90909090909091 11.03030303030303 11.15151515151515 11.27272727272727 11.39393939393939 11.51515151515152 11.63636363636364 11.75757575757576 11.87878787878788 12 12.12121212121212 12.24242424242424 12.36363636363636 12.48484848484848 12.60606060606061 12.72727272727273 12.84848484848485 12.96969696969697 13.09090909090909 13.21212121212121 13.33333333333333 13.45454545454545 13.57575757575758 13.6969696969697 13.81818181818182 13.93939393939394 14.06060606060606 14.18181818181818 14.3030303030303 14.42424242424242 14.54545454545454 14.66666666666667 14.78787878787879 14.90909090909091 15.03030303030303 15.15151515151515 15.27272727272727 15.39393939393939 15.51515151515152 15.63636363636364 15.75757575757576 15.87878787878788 16 16.12121212121212 16.24242424242424 16.36363636363636 16.48484848484848 16.60606060606061 16.72727272727273 16.84848484848485 16.96969696969697 17.09090909090909 17.21212121212121 17.33333333333334 17.45454545454545 17.57575757575757 17.6969696969697 17.81818181818182 17.93939393939394 18.06060606060606 18.18181818181818 18.3030303030303 18.42424242424242 18.54545454545454 18.66666666666667 18.78787878787879 18.90909090909091 19.03030303030303 19.15151515151515 19.27272727272727 19.39393939393939 19.51515151515152 19.63636363636364 19.75757575757576 19.87878787878788 20


# name: y
# type: matrix
# rows: 100
# columns: 1
 378719.4199761836
 376826.2857655021
 374933.1515548206
 373040.0173441391
 371146.8831334576
 369253.7489227762
 367360.6147120947
 365467.4805014132
 363574.3462907317
 361681.2120800503
 359788.0778693688
 357894.9436586873
 356001.8094480057
 354108.6752373243
 352215.5410266428
 350322.4068159614
 348429.2726052798
 346536.1383945984
 344643.0041839169
 342749.8699732354
 340856.7357625539
 338963.6015518724
 337070.4673411909
 335177.3331305095
 333284.198919828
 331391.0647091465
 329497.930498465
 327604.7962877835
 325711.6620771021
 323818.5278664206
 321925.3936557391
 320032.2594450576
 318139.1252343761
 316245.9910236946
 314352.8568130131
 312459.7226023317
 310566.5883916502
 308673.4541809687
 306780.3199702872
 304887.1857596057
 302994.0515489242
 301100.9173382428
 299207.7831275613
 297314.6489168798
 295421.5147061983
 293528.3804955168
 291635.2462848353
 289742.1120741538
 287848.9778634724
 285955.8436527909
 284062.7094421094
 282169.5752314279
 280276.4410207464
 278383.3068100649
 276490.1725993835
 274597.038388702
 272703.9041780205
 270810.769967339
 268917.6357566575
 267024.501545976
 265131.3673352945
 263238.2331246131
 261345.0989139316
 259451.9647032501
 257558.8304925686
 255665.6962818871
 253772.5620712056
 251879.4278605242
 249986.2936498427
 248093.1594391612
 246200.0252284797
 244306.8910177982
 242413.7568071168
 240520.6225964352
 238627.4883857538
 236734.3541750723
 234841.2199643908
 232948.0857537093
 231054.9515430278
 229161.8173323464
 227268.6831216649
 225375.5489109834
 223482.4147003019
 221589.2804896205
 219696.1462789389
 217803.0120682574
 215909.877857576
 214016.7436468945
 212123.609436213
 210230.4752255315
 208337.3410148501
 206444.2068041685
 204551.0725934871
 202657.9383828056
 200764.8041721241
 198871.6699614426
 196978.5357507612
 195085.4015400797
 193192.2673293982
 191299.1331187167


# name: QUERY
# type: sq_string
# elements: 1
# length: 2
Q4


# name: DATASIZE
# type: sq_string
# elements: 1
# length: 2
50


