# Created by Octave 3.8.2, Mon May 23 09:49:07 2016 CEST <Andrea@Andreas-MacBook-Pro.local>
# name: x
# type: matrix
# rows: 1
# columns: 100
 8 8.121212121212121 8.242424242424242 8.363636363636363 8.484848484848484 8.606060606060606 8.727272727272727 8.848484848484848 8.969696969696971 9.09090909090909 9.212121212121211 9.333333333333332 9.454545454545455 9.575757575757574 9.696969696969697 9.818181818181818 9.939393939393939 10.06060606060606 10.18181818181818 10.3030303030303 10.42424242424242 10.54545454545454 10.66666666666667 10.78787878787879 10.90909090909091 11.03030303030303 11.15151515151515 11.27272727272727 11.39393939393939 11.51515151515152 11.63636363636364 11.75757575757576 11.87878787878788 12 12.12121212121212 12.24242424242424 12.36363636363636 12.48484848484848 12.60606060606061 12.72727272727273 12.84848484848485 12.96969696969697 13.09090909090909 13.21212121212121 13.33333333333333 13.45454545454545 13.57575757575758 13.6969696969697 13.81818181818182 13.93939393939394 14.06060606060606 14.18181818181818 14.3030303030303 14.42424242424242 14.54545454545454 14.66666666666667 14.78787878787879 14.90909090909091 15.03030303030303 15.15151515151515 15.27272727272727 15.39393939393939 15.51515151515152 15.63636363636364 15.75757575757576 15.87878787878788 16 16.12121212121212 16.24242424242424 16.36363636363636 16.48484848484848 16.60606060606061 16.72727272727273 16.84848484848485 16.96969696969697 17.09090909090909 17.21212121212121 17.33333333333334 17.45454545454545 17.57575757575757 17.6969696969697 17.81818181818182 17.93939393939394 18.06060606060606 18.18181818181818 18.3030303030303 18.42424242424242 18.54545454545454 18.66666666666667 18.78787878787879 18.90909090909091 19.03030303030303 19.15151515151515 19.27272727272727 19.39393939393939 19.51515151515152 19.63636363636364 19.75757575757576 19.87878787878788 20


# name: y
# type: matrix
# rows: 1
# columns: 100
 380626.4548184358 378711.5963877603 376796.7379570848 374881.8795264094 372967.0210957339 371052.1626650585 369137.304234383 367222.4458037075 365307.587373032 363392.7289423565 361477.8705116811 359563.0120810056 357648.1536503301 355733.2952196547 353818.4367889792 351903.5783583038 349988.7199276283 348073.8614969528 346159.0030662773 344244.1446356018 342329.2862049264 340414.4277742509 338499.5693435755 336584.7109129 334669.8524822245 332754.9940515491 330840.1356208736 328925.2771901981 327010.4187595226 325095.5603288471 323180.7018981717 321265.8434674962 319350.9850368208 317436.1266061453 315521.2681754698 313606.4097447944 311691.5513141189 309776.6928834434 307861.8344527679 305946.9760220925 304032.117591417 302117.2591607415 300202.4007300661 298287.5422993906 296372.6838687151 294457.8254380397 292542.9670073641 290628.1085766887 288713.2501460132 286798.3917153378 284883.5332846623 282968.6748539868 281053.8164233114 279138.9579926359 277224.0995619604 275309.2411312849 273394.3827006095 271479.524269934 269564.6658392585 267649.8074085831 265734.9489779076 263820.0905472321 261905.2321165566 259990.3736858812 258075.5152552057 256160.6568245302 254245.7983938548 252330.9399631793 250416.0815325038 248501.2231018284 246586.3646711529 244671.5062404774 242756.647809802 240841.7893791265 238926.930948451 237012.0725177756 235097.2140871001 233182.3556564246 231267.4972257491 229352.6387950737 227437.7803643982 225522.9219337227 223608.0635030473 221693.2050723718 219778.3466416963 217863.4882110208 215948.6297803454 214033.7713496699 212118.9129189944 210204.054488319 208289.1960576435 206374.337626968 204459.4791962926 202544.6207656171 200629.7623349416 198714.9039042661 196800.0454735907 194885.1870429152 192970.3286122397 191055.4701815643


# name: QUERY
# type: sq_string
# elements: 1
# length: 2
Q4


# name: DATASIZE
# type: sq_string
# elements: 1
# length: 2
50


