# Created by Octave 3.8.2, Mon May 23 09:49:07 2016 CEST <Andrea@Andreas-MacBook-Pro.local>
# name: SVs
# type: cell
# rows: 1
# columns: 7
# name: <cell-element>
# type: sparse matrix
# nnz: 28
# rows: 28
# columns: 1
1 1 -0.4444097208657794
2 1 -1.333229162597338
3 1 -1.333229162597338
4 1 -0.4444097208657794
5 1 -1.333229162597338
6 1 0.4444097208657794
7 1 0.4444097208657794
8 1 0.4444097208657794
9 1 -0.4444097208657794
10 1 0.4444097208657794
11 1 -0.4444097208657794
12 1 1.333229162597338
13 1 -1.333229162597338
14 1 -0.4444097208657794
15 1 0.4444097208657794
16 1 -0.4444097208657794
17 1 0.4444097208657794
18 1 -1.333229162597338
19 1 1.333229162597338
20 1 -0.4444097208657794
21 1 0.4444097208657794
22 1 0.4444097208657794
23 1 0.4444097208657794
24 1 1.333229162597338
25 1 -1.333229162597338
26 1 -0.4444097208657794
27 1 1.333229162597338
28 1 1.333229162597338



# name: <cell-element>
# type: sparse matrix
# nnz: 22
# rows: 22
# columns: 1
1 1 1.333229162597338
2 1 -1.333229162597338
3 1 -1.333229162597338
4 1 1.333229162597338
5 1 1.333229162597338
6 1 1.333229162597338
7 1 -1.333229162597338
8 1 -1.333229162597338
9 1 1.333229162597338
10 1 1.333229162597338
11 1 -0.4444097208657794
12 1 -1.333229162597338
13 1 -1.333229162597338
14 1 1.333229162597338
15 1 1.333229162597338
16 1 -1.333229162597338
17 1 -1.333229162597338
18 1 -0.4444097208657794
19 1 1.333229162597338
20 1 1.333229162597338
21 1 1.333229162597338
22 1 -1.333229162597338



# name: <cell-element>
# type: sparse matrix
# nnz: 18
# rows: 18
# columns: 1
1 1 -0.4444097208657794
2 1 -1.333229162597338
3 1 -0.4444097208657794
4 1 -1.333229162597338
5 1 0.4444097208657794
6 1 -0.4444097208657794
7 1 0.4444097208657794
8 1 0.4444097208657794
9 1 -0.4444097208657794
10 1 -0.4444097208657794
11 1 0.4444097208657794
12 1 -0.4444097208657794
13 1 -0.4444097208657794
14 1 0.4444097208657794
15 1 0.4444097208657794
16 1 -0.4444097208657794
17 1 0.4444097208657794
18 1 1.333229162597338



# name: <cell-element>
# type: sparse matrix
# nnz: 9
# rows: 9
# columns: 1
1 1 -1.333229162597338
2 1 -1.333229162597338
3 1 -1.333229162597338
4 1 -0.4444097208657794
5 1 1.333229162597338
6 1 1.333229162597338
7 1 1.333229162597338
8 1 1.333229162597338
9 1 -1.333229162597338



# name: <cell-element>
# type: sparse matrix
# nnz: 9
# rows: 9
# columns: 1
1 1 -1.333229162597338
2 1 -1.333229162597338
3 1 -1.333229162597338
4 1 -0.4444097208657794
5 1 1.333229162597338
6 1 1.333229162597338
7 1 1.333229162597338
8 1 1.333229162597338
9 1 -1.333229162597338



# name: <cell-element>
# type: sparse matrix
# nnz: 31
# rows: 31
# columns: 1
1 1 1.333229162597338
2 1 -0.4444097208657794
3 1 -1.333229162597338
4 1 -1.333229162597338
5 1 -0.4444097208657794
6 1 -1.333229162597338
7 1 0.4444097208657794
8 1 -0.4444097208657794
9 1 0.4444097208657794
10 1 1.333229162597338
11 1 0.4444097208657794
12 1 0.4444097208657794
13 1 -0.4444097208657794
14 1 0.4444097208657794
15 1 -0.4444097208657794
16 1 1.333229162597338
17 1 -1.333229162597338
18 1 0.4444097208657794
19 1 1.333229162597338
20 1 -0.4444097208657794
21 1 0.4444097208657794
22 1 1.333229162597338
23 1 0.4444097208657794
24 1 0.4444097208657794
25 1 0.4444097208657794
26 1 1.333229162597338
27 1 -1.333229162597338
28 1 -0.4444097208657794
29 1 1.333229162597338
30 1 1.333229162597338
31 1 -1.333229162597338



# name: <cell-element>
# type: scalar
0





# name: coefficients
# type: cell
# rows: 1
# columns: 7
# name: <cell-element>
# type: matrix
# rows: 28
# columns: 1
 0.35789
 0.35789
 -0.35789
 0.35789
 0.35789
 -0.35789
 -0.35789
 0.35789
 -0.35789
 0.35789
 -0.35789
 0.35789
 -0.35789
 0.35789
 -0.35789
 0.35789
 0.35789
 -0.3578899999999998
 -0.35789
 0.35789
 0.35789
 0.35789
 -0.35789
 -0.35789
 -0.35789
 0.35789
 -0.35789
 -0.35789



# name: <cell-element>
# type: matrix
# rows: 22
# columns: 1
 -0.1
 0.1
 0.1
 -0.1
 -0.1
 -0.1
 0.1
 0.1
 -0.1
 -0.001608823347097159
 0.1
 0.1
 0.1
 -0.1
 -0.1
 0.1
 0.1
 0.001608823347097159
 -0.1
 -0.1
 -0.1
 0.1



# name: <cell-element>
# type: matrix
# rows: 18
# columns: 1
 5
 -5
 5
 1.213182047595164
 -5
 5
 -5
 -5
 5
 5
 -5
 5
 5
 -5
 -5
 5
 -5
 -1.213182047595162



# name: <cell-element>
# type: matrix
# rows: 9
# columns: 1
 4.2263
 4.2263
 4.216047760696497
 0.01025223930350285
 -4.2263
 -4.2263
 -4.2263
 -4.2263
 4.2263



# name: <cell-element>
# type: matrix
# rows: 9
# columns: 1
 3.1947
 3.1947
 3.19152603763596
 0.003173962364039754
 -3.1947
 -3.1947
 -3.1947
 -3.1947
 3.1947



# name: <cell-element>
# type: matrix
# rows: 31
# columns: 1
 4.2263
 4.2263
 4.2263
 -4.2263
 -4.2263
 4.2263
 -3.984523916511274
 -0.0571177985776699
 -4.2263
 2.774812780110746
 -4.2263
 4.2263
 -4.2263
 4.2263
 -4.2263
 4.2263
 -4.2263
 -4.2263
 4.2263
 4.2263
 4.2263
 -4.2263
 4.2263
 4.2263
 -4.2263
 -4.2263
 -2.959471065021801
 4.2263
 -4.2263
 -4.2263
 4.2263



# name: <cell-element>
# type: scalar
0





# name: b
# type: cell
# rows: 1
# columns: 7
# name: <cell-element>
# type: scalar
-0.01129176762986924



# name: <cell-element>
# type: scalar
0.158759699128789



# name: <cell-element>
# type: scalar
-0.03490585724828223



# name: <cell-element>
# type: scalar
0.02881653672030888



# name: <cell-element>
# type: scalar
0.02770577649790568



# name: <cell-element>
# type: scalar
-0.02731202462639639



# name: <cell-element>
# type: scalar
0





# name: models
# type: cell
# rows: 1
# columns: 7
# name: <cell-element>
# type: scalar struct
# ndims: 2
 1 1
# length: 11
# name: Parameters
# type: matrix
# rows: 5
# columns: 1
 3
 0
 3
 1
 0


# name: nr_class
# type: scalar
2


# name: totalSV
# type: scalar
28


# name: rho
# type: scalar
0.01129176762986924


# name: Label
# type: matrix
# rows: 0
# columns: 0


# name: sv_indices
# type: matrix
# rows: 28
# columns: 1
 3
 4
 5
 7
 8
 11
 14
 16
 17
 18
 19
 20
 21
 24
 26
 30
 32
 33
 34
 35
 36
 37
 38
 40
 41
 43
 45
 46


# name: ProbA
# type: matrix
# rows: 0
# columns: 0


# name: ProbB
# type: matrix
# rows: 0
# columns: 0


# name: nSV
# type: matrix
# rows: 0
# columns: 0


# name: sv_coef
# type: matrix
# rows: 28
# columns: 1
 0.35789
 0.35789
 -0.35789
 0.35789
 0.35789
 -0.35789
 -0.35789
 0.35789
 -0.35789
 0.35789
 -0.35789
 0.35789
 -0.35789
 0.35789
 -0.35789
 0.35789
 0.35789
 -0.3578899999999998
 -0.35789
 0.35789
 0.35789
 0.35789
 -0.35789
 -0.35789
 -0.35789
 0.35789
 -0.35789
 -0.35789


# name: SVs
# type: sparse matrix
# nnz: 28
# rows: 28
# columns: 1
1 1 -0.4444097208657794
2 1 -1.333229162597338
3 1 -1.333229162597338
4 1 -0.4444097208657794
5 1 -1.333229162597338
6 1 0.4444097208657794
7 1 0.4444097208657794
8 1 0.4444097208657794
9 1 -0.4444097208657794
10 1 0.4444097208657794
11 1 -0.4444097208657794
12 1 1.333229162597338
13 1 -1.333229162597338
14 1 -0.4444097208657794
15 1 0.4444097208657794
16 1 -0.4444097208657794
17 1 0.4444097208657794
18 1 -1.333229162597338
19 1 1.333229162597338
20 1 -0.4444097208657794
21 1 0.4444097208657794
22 1 0.4444097208657794
23 1 0.4444097208657794
24 1 1.333229162597338
25 1 -1.333229162597338
26 1 -0.4444097208657794
27 1 1.333229162597338
28 1 1.333229162597338





# name: <cell-element>
# type: scalar struct
# ndims: 2
 1 1
# length: 11
# name: Parameters
# type: matrix
# rows: 5
# columns: 1
 3
 1
 2
 1
 0


# name: nr_class
# type: scalar
2


# name: totalSV
# type: scalar
22


# name: rho
# type: scalar
-0.158759699128789


# name: Label
# type: matrix
# rows: 0
# columns: 0


# name: sv_indices
# type: matrix
# rows: 22
# columns: 1
 2
 4
 8
 12
 13
 22
 23
 25
 27
 29
 30
 31
 33
 34
 40
 41
 42
 43
 45
 46
 47
 48


# name: ProbA
# type: matrix
# rows: 0
# columns: 0


# name: ProbB
# type: matrix
# rows: 0
# columns: 0


# name: nSV
# type: matrix
# rows: 0
# columns: 0


