# Created by Octave 3.8.2, Mon May 23 09:49:07 2016 CEST <Andrea@Andreas-MacBook-Pro.local>
# name: x
# type: matrix
# rows: 1
# columns: 100
 8 8.121212121212121 8.242424242424242 8.363636363636363 8.484848484848484 8.606060606060606 8.727272727272727 8.848484848484848 8.969696969696971 9.09090909090909 9.212121212121211 9.333333333333332 9.454545454545455 9.575757575757574 9.696969696969697 9.818181818181818 9.939393939393939 10.06060606060606 10.18181818181818 10.3030303030303 10.42424242424242 10.54545454545454 10.66666666666667 10.78787878787879 10.90909090909091 11.03030303030303 11.15151515151515 11.27272727272727 11.39393939393939 11.51515151515152 11.63636363636364 11.75757575757576 11.87878787878788 12 12.12121212121212 12.24242424242424 12.36363636363636 12.48484848484848 12.60606060606061 12.72727272727273 12.84848484848485 12.96969696969697 13.09090909090909 13.21212121212121 13.33333333333333 13.45454545454545 13.57575757575758 13.6969696969697 13.81818181818182 13.93939393939394 14.06060606060606 14.18181818181818 14.3030303030303 14.42424242424242 14.54545454545454 14.66666666666667 14.78787878787879 14.90909090909091 15.03030303030303 15.15151515151515 15.27272727272727 15.39393939393939 15.51515151515152 15.63636363636364 15.75757575757576 15.87878787878788 16 16.12121212121212 16.24242424242424 16.36363636363636 16.48484848484848 16.60606060606061 16.72727272727273 16.84848484848485 16.96969696969697 17.09090909090909 17.21212121212121 17.33333333333334 17.45454545454545 17.57575757575757 17.6969696969697 17.81818181818182 17.93939393939394 18.06060606060606 18.18181818181818 18.3030303030303 18.42424242424242 18.54545454545454 18.66666666666667 18.78787878787879 18.90909090909091 19.03030303030303 19.15151515151515 19.27272727272727 19.39393939393939 19.51515151515152 19.63636363636364 19.75757575757576 19.87878787878788 20


# name: y
# type: matrix
# rows: 100
# columns: 1
 280518.5089574939
 281102.1317278573
 281650.7491604715
 282165.7897915642
 282648.6523961852
 283100.7059882175
 283523.2898203721
 283917.7133841887
 284285.2564100344
 284627.1688671061
 284944.6709634293
 285238.9531458569
 285511.1761000731
 285762.4707505872
 285993.9382607409
 286206.6500327011
 286401.647707466
 286579.9431648611
 286742.5185235405
 286890.3261409877
 287024.2886135147
 287145.2987762615
 287254.2197031973
 287351.8847071195
 287439.0973396552
 287516.6313912587
 287585.2308912141
 287645.6101076336
 287698.4535474583
 287744.4159564577
 287784.1223192302
 287818.1678592027
 287847.1180386307
 287871.5085585986
 287891.8453590192
 287908.6046186341
 287922.2327550135
 287933.1464245563
 287941.73252249
 287948.3481828707
 287953.3207785834
 287956.9479213413
 287959.4974616867
 287961.2074889904
 287962.2863314517
 287962.9125560988
 287963.2349687884
 287963.3726142059
 287963.4147758653
 287963.4209761093
 287963.4209761093
 287963.4147758653
 287963.3726142059
 287963.2349687884
 287962.9125560988
 287962.2863314517
 287961.2074889904
 287959.4974616867
 287956.9479213413
 287953.3207785834
 287948.3481828707
 287941.73252249
 287933.1464245563
 287922.2327550135
 287908.6046186341
 287891.8453590192
 287871.5085585986
 287847.1180386307
 287818.1678592027
 287784.1223192302
 287744.4159564577
 287698.4535474583
 287645.6101076337
 287585.2308912142
 287516.6313912587
 287439.0973396552
 287351.8847071195
 287254.2197031971
 287145.2987762615
 287024.2886135147
 286890.3261409879
 286742.5185235405
 286579.9431648609
 286401.647707466
 286206.6500327011
 285993.9382607409
 285762.4707505874
 285511.1761000729
 285238.9531458569
 284944.6709634298
 284627.1688671061
 284285.2564100344
 283917.7133841887
 283523.2898203732
 283100.705988217
 282648.6523961852
 282165.7897915642
 281650.7491604725
 281102.1317278573
 280518.5089574939


# name: QUERY
# type: sq_string
# elements: 1
# length: 2
Q4


# name: DATASIZE
# type: sq_string
# elements: 1
# length: 2
50


