# Created by Octave 3.8.2, Mon May 23 09:49:07 2016 CEST <Andrea@Andreas-MacBook-Pro.local>
# name: x
# type: matrix
# rows: 1
# columns: 100
 8 8.121212121212121 8.242424242424242 8.363636363636363 8.484848484848484 8.606060606060606 8.727272727272727 8.848484848484848 8.969696969696971 9.09090909090909 9.212121212121211 9.333333333333332 9.454545454545455 9.575757575757574 9.696969696969697 9.818181818181818 9.939393939393939 10.06060606060606 10.18181818181818 10.3030303030303 10.42424242424242 10.54545454545454 10.66666666666667 10.78787878787879 10.90909090909091 11.03030303030303 11.15151515151515 11.27272727272727 11.39393939393939 11.51515151515152 11.63636363636364 11.75757575757576 11.87878787878788 12 12.12121212121212 12.24242424242424 12.36363636363636 12.48484848484848 12.60606060606061 12.72727272727273 12.84848484848485 12.96969696969697 13.09090909090909 13.21212121212121 13.33333333333333 13.45454545454545 13.57575757575758 13.6969696969697 13.81818181818182 13.93939393939394 14.06060606060606 14.18181818181818 14.3030303030303 14.42424242424242 14.54545454545454 14.66666666666667 14.78787878787879 14.90909090909091 15.03030303030303 15.15151515151515 15.27272727272727 15.39393939393939 15.51515151515152 15.63636363636364 15.75757575757576 15.87878787878788 16 16.12121212121212 16.24242424242424 16.36363636363636 16.48484848484848 16.60606060606061 16.72727272727273 16.84848484848485 16.96969696969697 17.09090909090909 17.21212121212121 17.33333333333334 17.45454545454545 17.57575757575757 17.6969696969697 17.81818181818182 17.93939393939394 18.06060606060606 18.18181818181818 18.3030303030303 18.42424242424242 18.54545454545454 18.66666666666667 18.78787878787879 18.90909090909091 19.03030303030303 19.15151515151515 19.27272727272727 19.39393939393939 19.51515151515152 19.63636363636364 19.75757575757576 19.87878787878788 20


# name: y
# type: matrix
# rows: 100
# columns: 1
 367711.9700741664
 362696.9664850723
 357884.5611737601
 353270.5768561508
 348850.8362481662
 344621.1620657291
 340577.3770247605
 336715.3038411844
 333030.7652309209
 329519.5839098927
 326177.582594022
 323000.5839992305
 319984.4108414405
 317124.8858365744
 314417.831700553
 311859.0711492995
 309444.426898736
 307169.7216647833
 305030.7781633653
 303023.4191104022
 301143.4672218173
 299386.7452135321
 297749.0758014689
 296226.2817015493
 294814.1856296957
 293508.6103018302
 292305.3784338746
 291200.3127417511
 290189.2359413816
 289267.9707486884
 288432.3398795932
 287678.1660500183
 287001.2719758856
 286397.4803731173
 285862.6139576352
 285392.4954453615
 284982.9475522182
 284629.7929941274
 284328.8544870111
 284075.9547467913
 283866.9164893901
 283697.5624307294
 283563.7152867315
 283461.1977733183
 283385.8326064117
 283333.442501934
 283299.8501758071
 283280.878343953
 283272.3497222938
 283270.0870267516
 283269.9129732483
 283267.6502777062
 283259.1216560469
 283240.1498241929
 283206.557498066
 283154.1673935882
 283078.8022266817
 282976.2847132685
 282842.4375692705
 282673.0835106099
 282464.0452532087
 282211.1455129889
 281910.2070058726
 281557.0524477817
 281147.5045546385
 280677.3860423648
 280142.5196268827
 279538.7280241143
 278861.8339499817
 278107.6601204068
 277272.0292513116
 276350.7640586183
 275339.6872582488
 274234.6215661252
 273031.3896981698
 271725.8143703041
 270313.7182984506
 268790.9241985311
 267153.2547864679
 265396.5327781829
 263516.5808895975
 261509.2218366346
 259370.2783352165
 257095.5731012641
 254680.9288507004
 252122.168299447
 249415.1141634261
 246555.5891585597
 243539.4160007695
 240362.417405978
 237020.4160901076
 233509.2347690795
 229824.6961588156
 225962.6229752392
 221918.8379342711
 217689.1637518338
 213269.4231438492
 208655.4388262403
 203843.033514928
 198828.0299258336


# name: QUERY
# type: sq_string
# elements: 1
# length: 2
Q4


# name: DATASIZE
# type: sq_string
# elements: 1
# length: 2
50


