# Created by Octave 3.8.2, Mon May 23 09:49:07 2016 CEST <Andrea@Andreas-MacBook-Pro.local>
# name: x
# type: matrix
# rows: 1
# columns: 100
 8 8.121212121212121 8.242424242424242 8.363636363636363 8.484848484848484 8.606060606060606 8.727272727272727 8.848484848484848 8.969696969696971 9.09090909090909 9.212121212121211 9.333333333333332 9.454545454545455 9.575757575757574 9.696969696969697 9.818181818181818 9.939393939393939 10.06060606060606 10.18181818181818 10.3030303030303 10.42424242424242 10.54545454545454 10.66666666666667 10.78787878787879 10.90909090909091 11.03030303030303 11.15151515151515 11.27272727272727 11.39393939393939 11.51515151515152 11.63636363636364 11.75757575757576 11.87878787878788 12 12.12121212121212 12.24242424242424 12.36363636363636 12.48484848484848 12.60606060606061 12.72727272727273 12.84848484848485 12.96969696969697 13.09090909090909 13.21212121212121 13.33333333333333 13.45454545454545 13.57575757575758 13.6969696969697 13.81818181818182 13.93939393939394 14.06060606060606 14.18181818181818 14.3030303030303 14.42424242424242 14.54545454545454 14.66666666666667 14.78787878787879 14.90909090909091 15.03030303030303 15.15151515151515 15.27272727272727 15.39393939393939 15.51515151515152 15.63636363636364 15.75757575757576 15.87878787878788 16 16.12121212121212 16.24242424242424 16.36363636363636 16.48484848484848 16.60606060606061 16.72727272727273 16.84848484848485 16.96969696969697 17.09090909090909 17.21212121212121 17.33333333333334 17.45454545454545 17.57575757575757 17.6969696969697 17.81818181818182 17.93939393939394 18.06060606060606 18.18181818181818 18.3030303030303 18.42424242424242 18.54545454545454 18.66666666666667 18.78787878787879 18.90909090909091 19.03030303030303 19.15151515151515 19.27272727272727 19.39393939393939 19.51515151515152 19.63636363636364 19.75757575757576 19.87878787878788 20


# name: y
# type: matrix
# rows: 100
# columns: 1
 276516.0773465568
 277356.7196288171
 278180.2059461333
 278986.5362985054
 279775.7106859335
 280547.7291084175
 281302.5915659573
 282040.2980585531
 282760.8485862048
 283464.2431489124
 284150.4817466759
 284819.5643794953
 285471.4910473707
 286106.2617503019
 286723.876488289
 287324.3352613322
 287907.6380694311
 288473.784912586
 289022.7757907968
 289554.6107040636
 290069.2896523862
 290566.8126357647
 291047.1796541992
 291510.3907076896
 291956.4457962359
 292385.3449198381
 292797.0880784962
 293191.6752722102
 293569.1065009801
 293929.3817648059
 294272.5010636877
 294598.4643976254
 294907.2717666189
 295198.9231706685
 295473.4186097739
 295730.7580839352
 295970.9415931524
 296193.9691374255
 296399.8407167546
 296588.5563311396
 296760.1159805804
 296914.5196650772
 297051.7673846299
 297171.8591392385
 297274.7949289031
 297360.5747536235
 297429.1986133999
 297480.6665082321
 297514.9784381203
 297532.1344030644
 297532.1344030644
 297514.9784381203
 297480.6665082321
 297429.1986133999
 297360.5747536235
 297274.7949289031
 297171.8591392385
 297051.7673846299
 296914.5196650772
 296760.1159805804
 296588.5563311396
 296399.8407167546
 296193.9691374255
 295970.9415931524
 295730.7580839352
 295473.4186097739
 295198.9231706685
 294907.2717666189
 294598.4643976254
 294272.5010636877
 293929.3817648059
 293569.1065009801
 293191.6752722102
 292797.0880784962
 292385.3449198381
 291956.4457962359
 291510.3907076896
 291047.1796541992
 290566.8126357647
 290069.2896523862
 289554.6107040636
 289022.7757907968
 288473.784912586
 287907.6380694311
 287324.3352613322
 286723.876488289
 286106.2617503019
 285471.4910473707
 284819.5643794953
 284150.4817466759
 283464.2431489124
 282760.8485862048
 282040.2980585531
 281302.5915659573
 280547.7291084175
 279775.7106859335
 278986.5362985054
 278180.2059461333
 277356.7196288171
 276516.0773465568


# name: QUERY
# type: sq_string
# elements: 1
# length: 2
Q4


# name: DATASIZE
# type: sq_string
# elements: 1
# length: 2
50


