# Created by Octave 4.0.0, Mon May 09 12:05:56 2016 CEST <peter@Independence>
# name: y
# type: matrix
# rows: 1
# columns: 100
 1016694.115731707 1016625.045143625 1016555.974555542 1016486.90396746 1016417.833379377 1016348.762791295 1016279.692203212 1016210.62161513 1016141.551027047 1016072.480438964 1016003.409850882 1015934.339262799 1015865.268674717 1015796.198086634 1015727.127498552 1015658.056910469 1015588.986322387 1015519.915734304 1015450.845146222 1015381.774558139 1015312.703970057 1015243.633381974 1015174.562793892 1015105.492205809 1015036.421617726 1014967.351029644 1014898.280441561 1014829.209853479 1014760.139265396 1014691.068677314 1014621.998089231 1014552.927501149 1014483.856913066 1014414.786324984 1014345.715736901 1014276.645148818 1014207.574560736 1014138.503972653 1014069.433384571 1014000.362796488 1013931.292208406 1013862.221620323 1013793.151032241 1013724.080444158 1013655.009856076 1013585.939267993 1013516.868679911 1013447.798091828 1013378.727503745 1013309.656915663 1013240.58632758 1013171.515739498 1013102.445151415 1013033.374563333 1012964.30397525 1012895.233387168 1012826.162799085 1012757.092211003 1012688.02162292 1012618.951034838 1012549.880446755 1012480.809858672 1012411.73927059 1012342.668682507 1012273.598094425 1012204.527506342 1012135.45691826 1012066.386330177 1011997.315742095 1011928.245154012 1011859.17456593 1011790.103977847 1011721.033389764 1011651.962801682 1011582.892213599 1011513.821625517 1011444.751037434 1011375.680449352 1011306.609861269 1011237.539273187 1011168.468685104 1011099.398097022 1011030.327508939 1010961.256920857 1010892.186332774 1010823.115744691 1010754.045156609 1010684.974568526 1010615.903980444 1010546.833392361 1010477.762804279 1010408.692216196 1010339.621628114 1010270.551040031 1010201.480451949 1010132.409863866 1010063.339275784 1009994.268687701 1009925.198099619 1009856.127511536


