# Created by Octave 4.0.0, Mon May 09 12:05:56 2016 CEST <peter@Independence>
# name: y
# type: matrix
# rows: 100
# columns: 1
 1077183.658704565
 1075862.845297629
 1074542.031890693
 1073221.218483757
 1071900.405076822
 1070579.591669886
 1069258.77826295
 1067937.964856014
 1066617.151449078
 1065296.338042142
 1063975.524635206
 1062654.711228271
 1061333.897821335
 1060013.084414399
 1058692.271007463
 1057371.457600527
 1056050.644193591
 1054729.830786656
 1053409.01737972
 1052088.203972784
 1050767.390565848
 1049446.577158912
 1048125.763751976
 1046804.950345041
 1045484.136938105
 1044163.323531169
 1042842.510124233
 1041521.696717297
 1040200.883310361
 1038880.069903426
 1037559.25649649
 1036238.443089554
 1034917.629682618
 1033596.816275682
 1032276.002868746
 1030955.189461811
 1029634.376054875
 1028313.562647939
 1026992.749241003
 1025671.935834067
 1024351.122427131
 1023030.309020196
 1021709.49561326
 1020388.682206324
 1019067.868799388
 1017747.055392452
 1016426.241985516
 1015105.42857858
 1013784.615171645
 1012463.801764709
 1011142.988357773
 1009822.174950837
 1008501.361543901
 1007180.548136965
 1005859.73473003
 1004538.921323094
 1003218.107916158
 1001897.294509222
 1000576.481102286
 999255.6676953504
 997934.8542884145
 996614.0408814787
 995293.2274745428
 993972.414067607
 992651.6006606711
 991330.7872537354
 990009.9738467995
 988689.1604398636
 987368.3470329278
 986047.5336259919
 984726.7202190561
 983405.9068121202
 982085.0934051845
 980764.2799982486
 979443.4665913128
 978122.6531843769
 976801.8397774411
 975481.0263705052
 974160.2129635694
 972839.3995566336
 971518.5861496977
 970197.7727427619
 968876.9593358261
 967556.1459288902
 966235.3325219544
 964914.5191150185
 963593.7057080826
 962272.8923011469
 960952.078894211
 959631.2654872752
 958310.4520803393
 956989.6386734035
 955668.8252664676
 954348.0118595319
 953027.198452596
 951706.3850456602
 950385.5716387243
 949064.7582317884
 947743.9448248526
 946423.1314179167


