# Created by Octave 4.0.0, Mon May 09 12:05:56 2016 CEST <peter@Independence>
# name: y
# type: matrix
# rows: 100
# columns: 1
 1132658.677747559
 1130255.005830785
 1127796.42364416
 1125283.960160213
 1122718.689040209
 1120101.7278902
 1117434.237465663
 1114717.420825457
 1111952.522435987
 1109140.827226469
 1106283.659596326
 1103382.382375761
 1100438.395740679
 1097453.136083148
 1094428.07483871
 1091364.717271858
 1088264.601221132
 1085129.295805275
 1081960.400092005
 1078759.541730994
 1075528.375552695
 1072268.582134724
 1068981.866337549
 1065669.955811277
 1062334.599475382
 1058977.565973268
 1055600.642103567
 1052205.63123015
 1048794.351672825
 1045368.635080738
 1041930.324790532
 1038481.274171315
 1035023.344958523
 1031558.405578785
 1028088.329467883
 1024614.993383949
 1021140.275718004
 1017666.054803969
 1014194.207230286
 1010726.606155246
 1007265.119628154
 1003811.608918417
 1000367.926854649
 996935.9161758401
 993517.4078966633
 990114.2196889005
 986728.1542810048
 983360.9978777443
 980014.5186018548
 976690.4649595865
 973390.5643319908
 970116.5214937512
 966870.0171613118
 963652.7065720165
 960466.2180959099
 957312.1518818103
 954192.0785391959
 951107.5378574004
 948060.0375635398
 945051.0521205468
 942082.0215666073
 939154.3503972425
 936269.4064912038
 933428.5200812829
 930632.9827710666
 927884.046598597
 925182.9231478237
 922530.7827086613
 919928.7534863901
 917377.9208610659
 914879.3266975262
 912433.9687065048
 910042.7998572929
 907706.727842304
 905426.6145938289
 903203.2758531863
 901037.4807924005
 898929.9516884641
 896881.3636501636
 894892.3443973778
 892963.4740926785
 891095.2852249986
 889288.2625450521
 887542.8430521268
 885859.4160318
 884238.3231440558
 882679.8585612229
 881184.2691550798
 879751.7547324194
 878382.4683182936
 877076.5164861112
 875833.9597336926
 874654.8129043395
 873539.0456519183
 872486.5829489069
 871497.3056363069
 870571.0510142711
 869707.6134722633
 868906.7451575093
 868168.1566804755


