# Created by Octave 4.0.0, Mon May 09 12:05:56 2016 CEST <peter@Independence>
# name: y
# type: matrix
# rows: 100
# columns: 1
 964493.8926287383
 963592.4713175808
 962727.4660133019
 961898.1258703986
 961103.7000433684
 960343.4376867086
 959616.5879549168
 958922.40000249
 958260.1229839257
 957629.0060537214
 957028.2983663743
 956457.2490763817
 955915.1073382411
 955401.1223064497
 954914.5431355049
 954454.6189799041
 954020.5989941447
 953611.7323327239
 953227.2681501393
 952866.4556008879
 952528.5438394673
 952212.7820203748
 951918.4192981077
 951644.7048271636
 951390.8877620394
 951156.2172572329
 950939.9424672412
 950741.3125465617
 950559.5766496918
 950393.9839311288
 950243.78354537
 950108.2246469129
 949986.5563902548
 949878.0279298929
 949781.8884203248
 949697.3870160477
 949623.772871559
 949560.2951413559
 949506.2029799361
 949460.7455417967
 949423.171981435
 949392.7314533485
 949368.6731120346
 949350.2461119904
 949336.6996077135
 949327.2827537011
 949321.2447044506
 949317.8346144594
 949316.3016382249
 949315.8949302443
 949315.8636450151
 949315.4569370344
 949313.9239607998
 949310.5138708086
 949304.4758215582
 949295.0589675459
 949281.5124632689
 949263.0854632248
 949239.0271219107
 949208.5865938242
 949171.0130334626
 949125.5555953232
 949071.4634339033
 949007.9857037003
 948934.3715592116
 948849.8701549345
 948753.7306453664
 948645.2021850045
 948523.5339283464
 948387.9750298893
 948237.7746441305
 948072.1819255676
 947890.4460286975
 947691.816108018
 947475.5413180264
 947240.8708132198
 946987.0537480958
 946713.3392771515
 946418.9765548845
 946103.214735792
 945765.3029743714
 945404.4904251201
 945020.0262425353
 944611.1595811145
 944177.1395953551
 943717.2154397544
 943230.6362688097
 942716.6512370182
 942174.5094988776
 941603.460208885
 941002.7525215378
 940371.6355913335
 939709.3585727692
 939015.1706203425
 938288.3208885506
 937528.0585318909
 936733.6327048608
 935904.2925619575
 935039.2872576785
 934137.8659465211


