# Created by Octave 4.0.0, Mon May 23 11:56:06 2016 CEST <peter@Independence>
# name: x
# type: matrix
# rows: 1
# columns: 100
 0.008333333333333333 0.008417508417508417 0.008501683501683501 0.008585858585858586 0.00867003367003367 0.008754208754208754 0.008838383838383838 0.008922558922558922 0.009006734006734006 0.00909090909090909 0.009175084175084175 0.009259259259259259 0.009343434343434343 0.009427609427609427 0.009511784511784511 0.009595959595959595 0.009680134680134679 0.009764309764309764 0.009848484848484848 0.009932659932659932 0.01001683501683502 0.0101010101010101 0.01018518518518518 0.01026936026936027 0.01035353535353535 0.01043771043771044 0.01052188552188552 0.0106060606060606 0.01069023569023569 0.01077441077441077 0.01085858585858586 0.01094276094276094 0.01102693602693603 0.01111111111111111 0.0111952861952862 0.01127946127946128 0.01136363636363636 0.01144781144781145 0.01153198653198653 0.01161616161616162 0.0117003367003367 0.01178451178451178 0.01186868686868687 0.01195286195286195 0.01203703703703704 0.01212121212121212 0.01220538720538721 0.01228956228956229 0.01237373737373737 0.01245791245791246 0.01254208754208754 0.01262626262626263 0.01271043771043771 0.01279461279461279 0.01287878787878788 0.01296296296296296 0.01304713804713805 0.01313131313131313 0.01321548821548822 0.0132996632996633 0.01338383838383838 0.01346801346801347 0.01355218855218855 0.01363636363636364 0.01372053872053872 0.0138047138047138 0.01388888888888889 0.01397306397306397 0.01405723905723906 0.01414141414141414 0.01422558922558922 0.01430976430976431 0.01439393939393939 0.01447811447811448 0.01456228956228956 0.01464646464646465 0.01473063973063973 0.01481481481481482 0.0148989898989899 0.01498316498316498 0.01506734006734007 0.01515151515151515 0.01523569023569023 0.01531986531986532 0.0154040404040404 0.01548821548821549 0.01557239057239057 0.01565656565656566 0.01574074074074074 0.01582491582491583 0.01590909090909091 0.01599326599326599 0.01607744107744108 0.01616161616161616 0.01624579124579124 0.01632996632996633 0.01641414141414142 0.0164983164983165 0.01658249158249158 0.01666666666666667


# name: y
# type: matrix
# rows: 100
# columns: 1
 669386.3274824924
 670381.0348561814
 671435.1446458393
 672548.6733780478
 673721.5901166294
 674953.816000617
 676245.2238345603
 677595.6377322495
 679004.8328148591
 680472.5349644409
 681998.4206336143
 683582.1167122253
 685223.2004516609
 686921.1994474187
 688675.5916804525
 690485.8056177186
 692351.2203722645
 694271.1659231082
 696244.9233950669
 698271.7253985966
 700350.7564296201
 702481.1533292154
 704662.0058029525
 706892.3569995656
 709171.2041485563
 711497.4992562268
 713870.1498595512
 716288.0198371949
 718749.9302769036
 721254.6603983884
 723800.9485307431
 726387.4931433403
 729012.9539290643
 731675.952938652
 734375.0757648272
 737108.8727748309
 739875.8603898701
 742674.5224099256
 745503.3113822868
 748360.650012104
 751244.9326131796
 754154.5265971506
 757087.7739991487
 760042.9930379629
 763018.4797086705
 766012.5094056446
 769023.338573799
 772049.2063858756
 775088.3364435418
 778138.9385000186
 781199.2102019262
 784267.338848
 787341.5031622987
 790419.8750795037
 793500.6215398866
 796581.906291504
 799661.8916971679
 802738.7405437293
 805810.617851211
 808875.692679323
 811932.1399289004
 814978.1421358099
 818011.8912548869
 821031.5904314797
 824035.4557581984
 827021.7180144925
 829988.6243867123
 832934.4401663361
 835857.450424092
 838755.9616577344
 841628.3034112888
 844472.8298636205
 847287.9213842393
 850071.9860543067
 852823.4611508695
 855540.8145924092
 858222.5463438591
 860867.1897793117
 863473.313000708
 866039.5201108766
 868564.4524393647
 871046.7897195843
 873485.2512158758
 875878.5967991771
 878225.6279700673
 880525.1888280462
 882776.1669859949
 884977.4944288537
 887128.1483156483
 889227.1517240786
 891273.5743369882
 893266.5330701183
 895205.1926406461
 897088.7660761034
 898916.5151633648
 900687.7508374883
 902401.8335102872
 904058.1733386043
 905656.2304323551
 907195.5150024948


# name: QUERY
# type: sq_string
# elements: 1
# length: 2
R3


# name: DATASIZE
# type: sq_string
# elements: 1
# length: 3
750


