# Created by Octave 3.8.2, Wed May 18 09:24:59 2016 CEST <Andrea@Andreas-MacBook-Pro.local>
# name: x
# type: matrix
# rows: 1
# columns: 100
 0.008333333333333333 0.008417508417508417 0.008501683501683501 0.008585858585858586 0.00867003367003367 0.008754208754208754 0.008838383838383838 0.008922558922558922 0.009006734006734006 0.00909090909090909 0.009175084175084175 0.009259259259259259 0.009343434343434343 0.009427609427609427 0.009511784511784511 0.009595959595959595 0.009680134680134679 0.009764309764309764 0.009848484848484848 0.009932659932659932 0.01001683501683502 0.0101010101010101 0.01018518518518518 0.01026936026936027 0.01035353535353535 0.01043771043771044 0.01052188552188552 0.0106060606060606 0.01069023569023569 0.01077441077441077 0.01085858585858586 0.01094276094276094 0.01102693602693603 0.01111111111111111 0.0111952861952862 0.01127946127946128 0.01136363636363636 0.01144781144781145 0.01153198653198653 0.01161616161616162 0.0117003367003367 0.01178451178451178 0.01186868686868687 0.01195286195286195 0.01203703703703704 0.01212121212121212 0.01220538720538721 0.01228956228956229 0.01237373737373737 0.01245791245791246 0.01254208754208754 0.01262626262626263 0.01271043771043771 0.01279461279461279 0.01287878787878788 0.01296296296296296 0.01304713804713805 0.01313131313131313 0.01321548821548822 0.0132996632996633 0.01338383838383838 0.01346801346801347 0.01355218855218855 0.01363636363636364 0.01372053872053872 0.0138047138047138 0.01388888888888889 0.01397306397306397 0.01405723905723906 0.01414141414141414 0.01422558922558922 0.01430976430976431 0.01439393939393939 0.01447811447811448 0.01456228956228956 0.01464646464646465 0.01473063973063973 0.01481481481481482 0.0148989898989899 0.01498316498316498 0.01506734006734007 0.01515151515151515 0.01523569023569023 0.01531986531986532 0.0154040404040404 0.01548821548821549 0.01557239057239057 0.01565656565656566 0.01574074074074074 0.01582491582491583 0.01590909090909091 0.01599326599326599 0.01607744107744108 0.01616161616161616 0.01624579124579124 0.01632996632996633 0.01641414141414142 0.0164983164983165 0.01658249158249158 0.01666666666666667


# name: y
# type: matrix
# rows: 100
# columns: 1
 660814.8922556125
 661941.1027083964
 663128.8788493488
 664378.1888314745
 665688.9520582849
 667061.0387573353
 668494.2696066292
 669988.4154149094
 671543.1968567898
 673158.2842636051
 674833.2974707785
 676567.8057224283
 678361.3276338554
 680213.3312124689
 682123.2339376239
 684090.4028997595
 686114.154999137
 688193.757204395
 690328.4268710379
 692517.3321198975
 694759.592275506
 697054.2783642325
 699400.4136719406
 701796.9743608352
 704242.8901450706
 706737.0450246048
 709278.2780766876
 711865.384304284
 714497.115540639
 717172.1814091045
 719889.2503372554
 722646.9506242384
 725443.8715602076
 728278.5645966183
 731149.5445660632
 734055.29095026
 736994.2491947132
 739964.8320684993
 742965.4210675487
 745994.3678597254
 749049.9957699325
 752130.6013034093
 755234.4557053157
 758359.8065546422
 761504.8793904223
 764667.8793681726
 767846.992944428
 771040.3895871978
 774246.2235101187
 777462.6354280402
 780687.7543317439
 783919.6992794587
 787156.5812028076
 790396.504724797
 793637.569987433
 796877.8744865363
 800115.5149113084
 803348.5889861975
 806575.197312602
 809793.4452079507
 813001.4445397014
 816197.3155518062
 819379.1886812003
 822545.2063618916
 825693.5248142428
 828822.3158170632
 831929.7684601529
 835014.0908749766
 838073.5119411767
 841106.2829666741
 844110.6793391507
 847085.00214675
 850027.5797658877
 852936.7694141107
 855810.9586660075
 858648.5669302259
 861448.0468857245
 864207.8858754433
 866926.6072556552
 869602.7716993275
 872234.9784518984
 874821.8665379527
 877362.1159173568
 879854.4485894991
 882297.6296443611
 884690.4682592349
 887031.8186399853
 889320.5809058476
 891555.7019168404
 893736.1760429639
 895861.0458744469
 897929.4028724
 899940.3879593253
 901893.1920490259
 903787.0565155561
 905621.2736009465
 907395.1867615314
 909108.1909528034
 910759.7328528111
 912349.3110242113


# name: QUERY
# type: sq_string
# elements: 1
# length: 2
R3


# name: DATASIZE
# type: sq_string
# elements: 1
# length: 3
750


