# Created by Octave 4.0.0, Mon May 23 11:56:06 2016 CEST <peter@Independence>
# name: x
# type: matrix
# rows: 1
# columns: 100
 0.008333333333333333 0.008417508417508417 0.008501683501683501 0.008585858585858586 0.00867003367003367 0.008754208754208754 0.008838383838383838 0.008922558922558922 0.009006734006734006 0.00909090909090909 0.009175084175084175 0.009259259259259259 0.009343434343434343 0.009427609427609427 0.009511784511784511 0.009595959595959595 0.009680134680134679 0.009764309764309764 0.009848484848484848 0.009932659932659932 0.01001683501683502 0.0101010101010101 0.01018518518518518 0.01026936026936027 0.01035353535353535 0.01043771043771044 0.01052188552188552 0.0106060606060606 0.01069023569023569 0.01077441077441077 0.01085858585858586 0.01094276094276094 0.01102693602693603 0.01111111111111111 0.0111952861952862 0.01127946127946128 0.01136363636363636 0.01144781144781145 0.01153198653198653 0.01161616161616162 0.0117003367003367 0.01178451178451178 0.01186868686868687 0.01195286195286195 0.01203703703703704 0.01212121212121212 0.01220538720538721 0.01228956228956229 0.01237373737373737 0.01245791245791246 0.01254208754208754 0.01262626262626263 0.01271043771043771 0.01279461279461279 0.01287878787878788 0.01296296296296296 0.01304713804713805 0.01313131313131313 0.01321548821548822 0.0132996632996633 0.01338383838383838 0.01346801346801347 0.01355218855218855 0.01363636363636364 0.01372053872053872 0.0138047138047138 0.01388888888888889 0.01397306397306397 0.01405723905723906 0.01414141414141414 0.01422558922558922 0.01430976430976431 0.01439393939393939 0.01447811447811448 0.01456228956228956 0.01464646464646465 0.01473063973063973 0.01481481481481482 0.0148989898989899 0.01498316498316498 0.01506734006734007 0.01515151515151515 0.01523569023569023 0.01531986531986532 0.0154040404040404 0.01548821548821549 0.01557239057239057 0.01565656565656566 0.01574074074074074 0.01582491582491583 0.01590909090909091 0.01599326599326599 0.01607744107744108 0.01616161616161616 0.01624579124579124 0.01632996632996633 0.01641414141414142 0.0164983164983165 0.01658249158249158 0.01666666666666667


# name: y
# type: matrix
# rows: 100
# columns: 1
 707204.8236786595
 708712.3418957777
 710219.8601128962
 711727.3783300145
 713234.8965471329
 714742.4147642512
 716249.9329813696
 717757.4511984879
 719264.9694156062
 720772.4876327246
 722280.0058498429
 723787.5240669613
 725295.0422840797
 726802.5605011981
 728310.0787183164
 729817.5969354347
 731325.1151525531
 732832.6333696714
 734340.1515867898
 735847.6698039081
 737355.1880210264
 738862.7062381448
 740370.2244552631
 741877.7426723815
 743385.2608894998
 744892.7791066183
 746400.2973237366
 747907.8155408549
 749415.3337579733
 750922.8519750916
 752430.37019221
 753937.8884093283
 755445.4066264466
 756952.924843565
 758460.4430606833
 759967.9612778017
 761475.47949492
 762982.9977120385
 764490.5159291568
 765998.0341462751
 767505.5523633935
 769013.0705805118
 770520.5887976302
 772028.1070147485
 773535.6252318668
 775043.1434489852
 776550.6616661035
 778058.1798832219
 779565.6981003403
 781073.2163174587
 782580.734534577
 784088.2527516953
 785595.7709688137
 787103.289185932
 788610.8074030504
 790118.3256201687
 791625.843837287
 793133.3620544054
 794640.8802715237
 796148.3984886421
 797655.9167057604
 799163.4349228789
 800670.9531399972
 802178.4713571155
 803685.9895742339
 805193.5077913522
 806701.0260084706
 808208.5442255889
 809716.0624427072
 811223.5806598256
 812731.0988769439
 814238.6170940623
 815746.1353111806
 817253.6535282989
 818761.1717454174
 820268.6899625357
 821776.2081796541
 823283.7263967724
 824791.2446138908
 826298.7628310091
 827806.2810481275
 829313.7992652458
 830821.3174823641
 832328.8356994826
 833836.3539166008
 835343.8721337193
 836851.3903508376
 838358.908567956
 839866.4267850743
 841373.9450021926
 842881.463219311
 844388.9814364293
 845896.4996535477
 847404.017870666
 848911.5360877843
 850419.0543049027
 851926.572522021
 853434.0907391394
 854941.6089562578
 856449.1271733762


# name: QUERY
# type: sq_string
# elements: 1
# length: 2
R3


# name: DATASIZE
# type: sq_string
# elements: 1
# length: 3
750


