# Created by Octave 3.8.2, Wed May 18 09:24:59 2016 CEST <Andrea@Andreas-MacBook-Pro.local>
# name: x
# type: matrix
# rows: 1
# columns: 100
 0.008333333333333333 0.008417508417508417 0.008501683501683501 0.008585858585858586 0.00867003367003367 0.008754208754208754 0.008838383838383838 0.008922558922558922 0.009006734006734006 0.00909090909090909 0.009175084175084175 0.009259259259259259 0.009343434343434343 0.009427609427609427 0.009511784511784511 0.009595959595959595 0.009680134680134679 0.009764309764309764 0.009848484848484848 0.009932659932659932 0.01001683501683502 0.0101010101010101 0.01018518518518518 0.01026936026936027 0.01035353535353535 0.01043771043771044 0.01052188552188552 0.0106060606060606 0.01069023569023569 0.01077441077441077 0.01085858585858586 0.01094276094276094 0.01102693602693603 0.01111111111111111 0.0111952861952862 0.01127946127946128 0.01136363636363636 0.01144781144781145 0.01153198653198653 0.01161616161616162 0.0117003367003367 0.01178451178451178 0.01186868686868687 0.01195286195286195 0.01203703703703704 0.01212121212121212 0.01220538720538721 0.01228956228956229 0.01237373737373737 0.01245791245791246 0.01254208754208754 0.01262626262626263 0.01271043771043771 0.01279461279461279 0.01287878787878788 0.01296296296296296 0.01304713804713805 0.01313131313131313 0.01321548821548822 0.0132996632996633 0.01338383838383838 0.01346801346801347 0.01355218855218855 0.01363636363636364 0.01372053872053872 0.0138047138047138 0.01388888888888889 0.01397306397306397 0.01405723905723906 0.01414141414141414 0.01422558922558922 0.01430976430976431 0.01439393939393939 0.01447811447811448 0.01456228956228956 0.01464646464646465 0.01473063973063973 0.01481481481481482 0.0148989898989899 0.01498316498316498 0.01506734006734007 0.01515151515151515 0.01523569023569023 0.01531986531986532 0.0154040404040404 0.01548821548821549 0.01557239057239057 0.01565656565656566 0.01574074074074074 0.01582491582491583 0.01590909090909091 0.01599326599326599 0.01607744107744108 0.01616161616161616 0.01624579124579124 0.01632996632996633 0.01641414141414142 0.0164983164983165 0.01658249158249158 0.01666666666666667


# name: y
# type: matrix
# rows: 100
# columns: 1
 703551.8388253071
 705182.8271033771
 706813.8153814471
 708444.8036595171
 710075.7919375871
 711706.7802156571
 713337.7684937271
 714968.7567717971
 716599.7450498671
 718230.733327937
 719861.721606007
 721492.709884077
 723123.6981621471
 724754.686440217
 726385.674718287
 728016.662996357
 729647.651274427
 731278.639552497
 732909.627830567
 734540.616108637
 736171.604386707
 737802.592664777
 739433.580942847
 741064.569220917
 742695.5574989869
 744326.5457770569
 745957.5340551269
 747588.5223331969
 749219.5106112669
 750850.4988893369
 752481.4871674069
 754112.4754454769
 755743.4637235469
 757374.4520016169
 759005.4402796869
 760636.4285577569
 762267.4168358269
 763898.4051138969
 765529.3933919669
 767160.3816700368
 768791.3699481069
 770422.3582261768
 772053.3465042468
 773684.3347823168
 775315.3230603868
 776946.3113384568
 778577.2996165268
 780208.2878945968
 781839.2761726668
 783470.2644507368
 785101.2527288068
 786732.2410068768
 788363.2292849468
 789994.2175630168
 791625.2058410868
 793256.1941191568
 794887.1823972268
 796518.1706752968
 798149.1589533668
 799780.1472314368
 801411.1355095068
 803042.1237875768
 804673.1120656468
 806304.1003437168
 807935.0886217868
 809566.0768998568
 811197.0651779268
 812828.0534559968
 814459.0417340668
 816090.0300121367
 817721.0182902067
 819352.0065682767
 820982.9948463467
 822613.9831244167
 824244.9714024867
 825875.9596805567
 827506.9479586267
 829137.9362366967
 830768.9245147667
 832399.9127928367
 834030.9010709067
 835661.8893489767
 837292.8776270467
 838923.8659051167
 840554.8541831867
 842185.8424612567
 843816.8307393267
 845447.8190173967
 847078.8072954667
 848709.7955735367
 850340.7838516067
 851971.7721296767
 853602.7604077467
 855233.7486858167
 856864.7369638865
 858495.7252419565
 860126.7135200266
 861757.7017980966
 863388.6900761665
 865019.6783542366


# name: QUERY
# type: sq_string
# elements: 1
# length: 2
R3


# name: DATASIZE
# type: sq_string
# elements: 1
# length: 3
750


