# Created by Octave 4.0.0, Mon May 23 11:56:06 2016 CEST <peter@Independence>
# name: x
# type: matrix
# rows: 1
# columns: 100
 0.008333333333333333 0.008417508417508417 0.008501683501683501 0.008585858585858586 0.00867003367003367 0.008754208754208754 0.008838383838383838 0.008922558922558922 0.009006734006734006 0.00909090909090909 0.009175084175084175 0.009259259259259259 0.009343434343434343 0.009427609427609427 0.009511784511784511 0.009595959595959595 0.009680134680134679 0.009764309764309764 0.009848484848484848 0.009932659932659932 0.01001683501683502 0.0101010101010101 0.01018518518518518 0.01026936026936027 0.01035353535353535 0.01043771043771044 0.01052188552188552 0.0106060606060606 0.01069023569023569 0.01077441077441077 0.01085858585858586 0.01094276094276094 0.01102693602693603 0.01111111111111111 0.0111952861952862 0.01127946127946128 0.01136363636363636 0.01144781144781145 0.01153198653198653 0.01161616161616162 0.0117003367003367 0.01178451178451178 0.01186868686868687 0.01195286195286195 0.01203703703703704 0.01212121212121212 0.01220538720538721 0.01228956228956229 0.01237373737373737 0.01245791245791246 0.01254208754208754 0.01262626262626263 0.01271043771043771 0.01279461279461279 0.01287878787878788 0.01296296296296296 0.01304713804713805 0.01313131313131313 0.01321548821548822 0.0132996632996633 0.01338383838383838 0.01346801346801347 0.01355218855218855 0.01363636363636364 0.01372053872053872 0.0138047138047138 0.01388888888888889 0.01397306397306397 0.01405723905723906 0.01414141414141414 0.01422558922558922 0.01430976430976431 0.01439393939393939 0.01447811447811448 0.01456228956228956 0.01464646464646465 0.01473063973063973 0.01481481481481482 0.0148989898989899 0.01498316498316498 0.01506734006734007 0.01515151515151515 0.01523569023569023 0.01531986531986532 0.0154040404040404 0.01548821548821549 0.01557239057239057 0.01565656565656566 0.01574074074074074 0.01582491582491583 0.01590909090909091 0.01599326599326599 0.01607744107744108 0.01616161616161616 0.01624579124579124 0.01632996632996633 0.01641414141414142 0.0164983164983165 0.01658249158249158 0.01666666666666667


# name: y
# type: matrix
# rows: 1
# columns: 100
 769540.1560127526 769661.919639752 769783.6832667515 769905.4468937509 770027.2105207504 770148.9741477497 770270.7377747492 770392.5014017486 770514.2650287481 770636.0286557475 770757.7922827469 770879.5559097463 771001.3195367458 771123.0831637452 771244.8467907447 771366.610417744 771488.3740447435 771610.1376717429 771731.9012987424 771853.6649257418 771975.4285527412 772097.1921797406 772218.9558067401 772340.7194337395 772462.483060739 772584.2466877383 772706.0103147378 772827.7739417373 772949.5375687367 773071.3011957362 773193.0648227355 773314.828449735 773436.5920767344 773558.3557037339 773680.1193307333 773801.8829577327 773923.6465847321 774045.4102117316 774167.173838731 774288.9374657305 774410.7010927298 774532.4647197293 774654.2283467287 774775.9919737282 774897.7556007276 775019.519227727 775141.2828547264 775263.0464817259 775384.8101087253 775506.5737357247 775628.3373627241 775750.1009897236 775871.864616723 775993.6282437225 776115.3918707218 776237.1554977213 776358.9191247207 776480.6827517202 776602.4463787196 776724.210005719 776845.9736327184 776967.7372597179 777089.5008867173 777211.2645137168 777333.0281407161 777454.7917677156 777576.555394715 777698.3190217145 777820.082648714 777941.8462757133 778063.6099027127 778185.3735297122 778307.1371567117 778428.9007837111 778550.6644107105 778672.4280377099 778794.1916647094 778915.9552917088 779037.7189187083 779159.4825457076 779281.2461727071 779403.0097997065 779524.773426706 779646.5370537054 779768.3006807048 779890.0643077042 780011.8279347037 780133.5915617031 780255.3551887026 780377.1188157019 780498.8824427014 780620.6460697008 780742.4096967003 780864.1733236997 780985.9369506991 781107.7005776985 781229.464204698 781351.2278316974 781472.9914586969 781594.7550856962


# name: QUERY
# type: sq_string
# elements: 1
# length: 2
R3


# name: DATASIZE
# type: sq_string
# elements: 1
# length: 3
750


