# Created by Octave 3.8.2, Wed May 18 09:24:54 2016 CEST <Andrea@Andreas-MacBook-Pro.local>
# name: SVs
# type: cell
# rows: 1
# columns: 7
# name: <cell-element>
# type: sparse matrix
# nnz: 49
# rows: 7
# columns: 7
1 1 -0.18009485329737
2 1 1.288948471651366
3 1 0.3354787482534938
4 1 -0.333742615348952
5 1 -0.2372859647276811
6 1 0.002575263808399618
7 1 0.9517769938159504
1 2 0.4437786420666779
2 2 0.7898338257794767
3 2 -1.271970222308473
4 2 0.1786599031202908
5 2 0.6502703408938052
6 2 1.228758391628094
7 2 -0.1430105824898071
1 3 -0.03185536074609119
2 3 0.3832414872581844
3 3 -0.1240991047470413
4 3 -1.081127948756899
5 3 -0.9888842047559488
6 3 -1.023475608756305
7 3 0.3601805512579469
1 4 1.015511025501151
2 4 -0.2094275222697158
3 4 -0.7034226015520949
4 4 -0.2940519469861833
5 4 -0.268664619571243
6 4 -0.1597106727487911
7 4 -0.02431159320244307
1 5 -1.503908748548773
2 5 -0.4527272346786763
3 5 0.37796254701379
4 5 0.1613166008625141
5 5 1.5143923178014
6 5 -0.7187274348348287
7 5 0.2997648978112584
1 6 -1.082595027273128
2 6 -0.8937778219796337
3 6 -0.8963709801361166
4 6 1.662669500838276
5 6 -0.8389378974159063
6 6 -0.9997980958389159
7 6 -0.8977519519354271
1 7 -1.274970590301212
2 7 -1.274970590301212
3 7 -0.7115004417785787
4 7 1.542380152311953
5 7 -1.274970590301212
6 7 -0.7115004417785787
7 7 -0.7115004417785787



# name: <cell-element>
# type: sparse matrix
# nnz: 161
# rows: 23
# columns: 7
1 1 -0.18009485329737
2 1 -2.194587733529222
3 1 0.06659516466322543
4 1 0.7511813044708294
5 1 -0.007667920328372511
6 1 1.288948471651366
7 1 0.3354787482534938
8 1 0.2518260778031881
9 1 1.625266350808718
10 1 0.6777718181572958
11 1 1.055062433861736
12 1 -0.333742615348952
13 1 0.9492161977817573
14 1 0.3303571561851078
15 1 -0.2372859647276811
16 1 -0.6248197645688933
17 1 0.002575263808399618
18 1 -1.192462885481682
19 1 -0.5505566795772954
20 1 -0.1305861299696381
21 1 0.9517769938159504
22 1 1.335042800266841
23 1 -1.613287033767404
1 2 0.4437786420666779
2 2 -1.714526551704301
3 2 0.3649174907558151
4 2 -0.6021692595300274
5 2 0.682437389454815
6 2 0.7898338257794767
7 2 -1.271970222308473
8 2 -1.790274762831841
9 2 0.629517406338315
10 2 1.467935962380118
11 2 -0.3111093523892776
12 2 0.1786599031202908
13 2 -0.1144752974760081
14 2 0.7197926716546973
15 2 0.6502703408938052
16 2 -0.7873892004377773
17 2 1.228758391628094
18 2 2.142925158797437
19 2 -0.6037257296216891
20 2 -0.9726091413455272
21 2 -0.1430105824898071
22 2 -1.317626678330551
23 2 -1.174950253261557
1 3 -0.03185536074609119
2 3 -1.473163860760937
3 3 0.8329297392628163
4 3 0.01426651125438388
5 3 -0.1932819127477539
6 3 0.3832414872581844
7 3 -0.1240991047470413
8 3 -0.2048123807478727
9 3 -0.6775615687527421
10 3 0.4063024232584219
11 3 -0.239403784748229
12 3 -1.081127948756899
13 3 -0.2278733167481102
14 3 -1.104188884757136
15 3 -0.9888842047559488
16 3 1.086600035265429
17 3 -1.023475608756305
18 3 0.5792594432602034
19 3 -1.323267776759393
20 3 2.032098411275168
21 3 0.3601805512579469
22 3 -0.4008303367498917
23 3 0.8675211432631726
1 4 1.015511025501151
2 4 -0.3257861062548586
3 4 0.9224241583130373
4 4 5.228749571072278
5 4 -0.4812834866713677
6 4 -0.2094275222697158
7 4 -0.7034226015520949
8 4 2.958699378053037
9 4 -0.587064017566952
10 4 -0.6452433095595235
11 4 -0.336364159344417
12 4 -0.2940519469861833
13 4 -0.7922782475043858
14 4 1.379396051781962
15 4 -0.268664619571243
16 4 -0.1893292213995547
17 4 -0.1597106727487911
18 4 -0.2633755930264638
19 4 -0.7690065307073572
20 4 -0.06027697370694176
21 4 -0.02431159320244307
22 4 -0.4611851858012066
23 4 -0.5627344954609677
1 5 -1.503908748548773
2 5 1.856026309809181
3 5 -0.6354020709304918
4 5 -0.1239125294254084
5 5 0.9567533439800686
6 5 -0.4527272346786763
7 5 0.37796254701379
8 5 0.849712299579882
9 5 -0.459136878055933
10 5 -0.9763950986005474
11 5 0.4971819138307643
12 5 0.1613166008625141
13 5 0.4676975542953836
14 5 -0.816794978506856
15 5 1.5143923178014
16 5 -0.0893004551882223
17 5 -0.7187274348348287
18 5 0.1677262442397708
19 5 -0.8308961939368207
20 5 -0.4661874857709153
21 5 0.2997648978112584
22 5 -0.6462984646718282
23 5 -0.1425004952194528
1 6 -1.082595027273128
2 6 -0.844185590253286
3 6 1.632648708334378
4 6 0.09217466620359706
5 6 0.136358091715979
6 6 -0.8937778219796337
7 6 -0.8963709801361166
8 6 -0.8591691342758041
9 6 -0.8913918095930474
10 6 -0.01639273341885764
11 6 0.2010105881203621
12 6 1.662669500838276
13 6 0.1800274888363954
14 6 -0.9648058048575
15 6 -0.8389378974159063
16 6 1.647340713865931
17 6 -0.9997980958389159
18 6 1.614120670026963
19 6 -1.021740203316848
20 6 1.623127674984688
21 6 -0.8977519519354271
22 6 -0.9070965277774277
23 6 1.53318805052182
1 7 -1.274970590301212
2 7 -1.274970590301212
3 7 1.542380152311953
4 7 0.133704781005371
5 7 0.133704781005371
6 7 -1.274970590301212
7 7 -0.7115004417785787
8 7 -1.274970590301212
9 7 -0.7115004417785787
10 7 0.133704781005371
11 7 0.133704781005371
12 7 1.542380152311953
13 7 0.133704781005371
14 7 -0.7115004417785787
15 7 -1.274970590301212
16 7 1.542380152311953
17 7 -0.7115004417785787
18 7 1.542380152311953
19 7 -0.7115004417785787
20 7 1.542380152311953
21 7 -0.7115004417785787
22 7 -0.7115004417785787
23 7 1.542380152311953



# name: <cell-element>
# type: sparse matrix
# nnz: 77
# rows: 11
# columns: 7
1 1 0.06659516466322543
2 1 0.3354787482534938
3 1 0.9987249211094893
4 1 0.9568985858843364
5 1 1.055062433861736
6 1 -0.333742615348952
7 1 0.3303571561851078
8 1 -0.6248197645688933
9 1 0.002575263808399618
10 1 -0.5505566795772954
11 1 0.9517769938159504
1 2 0.3649174907558151
2 2 -1.271970222308473
3 2 0.7633738342212267
4 2 -0.9658644376149929
5 2 -0.3111093523892776
6 2 0.1786599031202908
7 2 0.7197926716546973
8 2 -0.7873892004377773
9 2 1.228758391628094
10 2 -0.6037257296216891
11 2 -0.1430105824898071
1 3 0.8329297392628163
2 3 -0.1240991047470413
3 3 -1.392450584760106
4 3 -1.000414672756068
5 3 -0.239403784748229
6 3 -1.081127948756899
7 3 -1.104188884757136
8 3 1.086600035265429
9 3 -1.023475608756305
10 3 -1.323267776759393
11 3 0.3601805512579469
1 4 0.9224241583130373
2 4 -0.7034226015520949
3 4 -0.7869892209596066
4 4 -0.6917867431535806
5 4 -0.336364159344417
6 4 -0.2940519469861833
7 4 1.379396051781962
8 4 -0.1893292213995547
9 4 -0.1597106727487911
10 4 -0.7690065307073572
11 4 -0.02431159320244307
1 5 -0.6354020709304918
2 5 0.37796254701379
3 5 4.920476808475603
4 5 -0.9654987048592111
5 5 0.4971819138307643
6 5 0.1613166008625141
7 5 -0.816794978506856
8 5 -0.0893004551882223
9 5 -0.7187274348348287
10 5 -0.8308961939368207
11 5 0.2997648978112584
1 6 1.632648708334378
2 6 -0.8963709801361166
3 6 -0.4509922307274006
4 6 -0.9501137993259474
5 6 0.2010105881203621
6 6 1.662669500838276
7 6 -0.9648058048575
8 6 1.647340713865931
9 6 -0.9997980958389159
10 6 -1.021740203316848
11 6 -0.8977519519354271
1 7 1.542380152311953
2 7 -0.7115004417785787
3 7 -1.274970590301212
4 7 -0.7115004417785787
5 7 0.133704781005371
6 7 1.542380152311953
7 7 -0.7115004417785787
8 7 1.542380152311953
9 7 -0.7115004417785787
10 7 -0.7115004417785787
11 7 -0.7115004417785787



