# Created by Octave 4.0.0, Mon May 23 11:56:06 2016 CEST <peter@Independence>
# name: SVs
# type: cell
# rows: 1
# columns: 7
# name: <cell-element>
# type: sparse matrix
# nnz: 56
# rows: 8
# columns: 7
1 1 1.335042800266841
2 1 0.002575263808399618
3 1 -0.333742615348952
4 1 -0.2372859647276811
5 1 -0.9295544926378642
6 1 -2.124592641927946
7 1 0.2748732421109254
8 1 0.9517769938159504
1 2 -1.317626678330551
2 2 1.228758391628094
3 2 0.1786599031202908
4 2 0.6502703408938052
5 2 -1.917386486984218
6 2 -0.8833715227569194
7 2 1.884551123581584
8 2 -0.1430105824898071
1 3 -0.4008303367498917
2 3 -1.023475608756305
3 3 -1.081127948756899
4 3 -0.9888842047559488
5 3 0.4063024232584219
6 3 0.4754852312591346
7 3 0.302528211257353
8 3 0.3601805512579469
1 4 -0.4611851858012066
2 4 -0.1597106727487911
3 4 -0.2940519469861833
4 4 -0.268664619571243
5 4 0.3533249020947932
6 4 -0.2030806904159807
7 4 -0.5352315574281157
8 4 -0.02431159320244307
1 5 -0.6462984646718282
2 5 -0.7187274348348287
3 5 0.1613166008625141
4 5 1.5143923178014
5 5 -0.03610041515699183
6 5 2.268166378966786
7 5 -0.2738981844532148
8 5 0.2997648978112584
1 6 -0.9070965277774277
2 6 -0.9997980958389159
3 6 1.662669500838276
4 6 -0.8389378974159063
5 6 -0.9764366562339145
6 6 -0.8528626963922865
7 6 1.660314176713897
8 6 -0.8977519519354271
1 7 -0.7115004417785787
2 7 -0.7115004417785787
3 7 1.542380152311953
4 7 -1.274970590301212
5 7 -1.274970590301212
6 7 -0.7115004417785787
7 7 1.542380152311953
8 7 -0.7115004417785787



# name: <cell-element>
# type: sparse matrix
# nnz: 231
# rows: 33
# columns: 7
1 1 0.07513115144386887
2 1 0.7511813044708294
3 1 1.335042800266841
4 1 1.288948471651366
5 1 -0.007667920328372511
6 1 0.5454640230573226
7 1 0.422545813416057
8 1 0.1826845848799762
9 1 0.002575263808399618
10 1 -0.933822486028186
11 1 -0.0674198277928766
12 1 -0.333742615348952
13 1 0.6777718181572958
14 1 -0.006814321650308167
15 1 0.167319808674818
16 1 -1.192462885481682
17 1 0.140004650976759
18 1 -2.168979773187292
19 1 -0.6743284878966253
20 1 -0.2372859647276811
21 1 0.3354787482534938
22 1 -1.613287033767404
23 1 -0.9295544926378642
24 1 1.316263629349425
25 1 0.9116578559469262
26 1 0.2748732421109254
27 1 0.9517769938159504
28 1 0.7358165282656712
29 1 0.06659516466322543
30 1 -2.642727039513003
31 1 0.2518260778031881
32 1 0.08281353954644798
33 1 -2.133128628708589
1 2 0.3119975076393152
2 2 -0.6021692595300274
3 2 -1.317626678330551
4 2 0.7898338257794767
5 2 0.682437389454815
6 2 1.848752311473363
7 2 0.06140582288177123
8 2 0.8432726322598639
9 2 1.228758391628094
10 2 -0.1160317675676698
11 2 0.5226397933775405
12 2 0.1786599031202908
13 2 1.467935962380118
14 2 -1.591565414463022
15 2 -1.199853774728145
16 2 2.142925158797437
17 2 2.071846357944883
18 2 -0.5186386979441794
19 2 -0.1767341011424786
20 2 0.6502703408938052
21 2 -1.271970222308473
22 2 -1.174950253261557
23 2 -1.917386486984218
24 2 0.4344398215167073
25 2 1.698812359309947
26 2 1.884551123581584
27 2 -0.1430105824898071
28 2 0.6564962212604523
29 2 0.3649174907558151
30 2 -1.057696173023037
31 2 -1.790274762831841
32 2 -0.3427575775864001
33 2 1.438363030638545
1 3 -0.5507264207514356
2 3 0.01426651125438388
3 3 -0.4008303367498917
4 3 0.3832414872581844
5 3 -0.1932819127477539
6 3 -0.7121529727530984
7 3 -0.3085865927489416
8 3 -0.8505185887545236
9 3 -1.023475608756305
10 3 1.282617991267448
11 3 -1.565407604761887
12 3 -1.081127948756899
13 3 0.4063024232584219
14 3 1.893732795273743
15 3 0.3717110192580657
16 3 0.5792594432602034
17 3 1.328739863267923
18 3 -0.5391959527513169
19 3 1.836080455273149
20 3 -0.9888842047559488
21 3 -0.1240991047470413
22 3 0.8675211432631726
23 3 0.4063024232584219
24 3 -0.02032489274597242
25 3 -1.046536544756543
26 3 0.302528211257353
27 3 0.3601805512579469
28 3 -1.023475608756305
29 3 0.8329297392628163
30 3 -0.1240991047470413
31 3 -0.2048123807478727
32 3 -0.1125686367469226
33 3 0.9712953552642415
1 4 -0.4633007964191183
2 4 5.228749571072278
3 4 -0.4611851858012066
4 4 -0.2094275222697158
5 4 -0.4812834866713677
6 4 -0.4125261415892378
7 4 -0.4781100707445001
8 4 -0.8070875218297676
9 4 -0.1597106727487911
10 4 0.05925502620506861
11 4 -0.1163406550816015
12 4 -0.2940519469861833
13 4 -0.6452433095595235
14 4 0.2179258225484452
15 4 -0.09941577013830799
16 4 -0.2633755930264638
17 4 -0.6272606193072742
18 4 1.380453857090918
19 4 -0.4865725132161469
20 4 -0.268664619571243
21 4 -0.7034226015520949
22 4 -0.5627344954609677
23 4 0.3533249020947932
24 4 -0.4125261415892378
25 4 -0.926619521741778
26 4 -0.5352315574281157
27 4 -0.02431159320244307
28 4 -0.3384797699623287
29 4 0.9224241583130373
30 4 -0.007386708259149561
31 4 2.958699378053037
32 4 -0.8546887607327806
33 4 -0.5902374334938196
1 5 0.1234997049366996
2 5 -0.1239125294254084
3 5 -0.6462984646718282
4 5 -0.4527272346786763
5 5 0.9567533439800686
6 5 0.7651050070000938
7 5 -1.082795178663008
8 5 -0.4078597310378795
9 5 -0.7187274348348287
10 5 -0.3604283700461801
11 5 -1.012930065850911
12 5 0.1613166008625141
13 5 -0.9763950986005474
14 5 -0.4091416597133309
15 5 -0.2565921473346218
16 5 0.1677262442397708
17 5 -0.1489101385967095
18 5 1.388122343269443
19 5 -0.5572044217279603
20 5 1.5143923178014
21 5 0.37796254701379
22 5 -0.1425004952194528
23 5 -0.03610041515699183
24 5 0.2555383585081873
25 5 -0.2053150003165683
26 5 -0.2738981844532148
27 5 0.2997648978112584
28 5 -0.4168332317660389
29 5 -0.6354020709304918
30 5 0.9227822340806082
31 5 0.849712299579882
32 5 0.2991239334735328
33 5 0.9266280201069622
1 6 0.04687879118621507
2 6 0.09217466620359706
3 6 -0.9070965277774277
4 6 -0.8937778219796337
5 6 0.136358091715979
6 6 -0.8577651462798385
7 6 -1.035772411210953
8 6 0.02497504403604136
9 6 -0.9997980958389159
10 6 1.564367324924029
11 6 -0.9975731968289158
12 6 1.662669500838276
13 6 -0.01639273341885764
14 6 1.651729135361517
15 6 0.03167275726269693
16 6 1.614120670026963
17 6 1.720493858901625
18 6 -0.9299822993182221
19 6 1.557846069205063
20 6 -0.8389378974159063
21 6 -0.8963709801361166
22 6 1.53318805052182
23 6 -0.9764366562339145
24 6 -0.8605040736818041
25 6 -0.8764619700293913
26 6 1.660314176713897
27 6 -0.8977519519354271
28 6 -0.9089071352476347
29 6 1.632648708334378
30 6 -1.007347408341813
31 6 -0.8591691342758041
32 6 0.07114553452631996
33 6 1.652473325720034
1 7 0.133704781005371
2 7 0.133704781005371
3 7 -0.7115004417785787
4 7 -1.274970590301212
5 7 0.133704781005371
6 7 -1.274970590301212
7 7 -0.7115004417785787
8 7 0.133704781005371
9 7 -0.7115004417785787
10 7 1.542380152311953
11 7 -0.7115004417785787
12 7 1.542380152311953
13 7 0.133704781005371
14 7 1.542380152311953
15 7 0.133704781005371
16 7 1.542380152311953
17 7 1.542380152311953
18 7 -0.7115004417785787
19 7 1.542380152311953
20 7 -1.274970590301212
21 7 -0.7115004417785787
22 7 1.542380152311953
23 7 -1.274970590301212
24 7 -1.274970590301212
25 7 -0.7115004417785787
26 7 1.542380152311953
27 7 -0.7115004417785787
28 7 -1.274970590301212
29 7 1.542380152311953
30 7 -0.7115004417785787
31 7 -1.274970590301212
32 7 0.133704781005371
33 7 1.542380152311953



