# Created by Octave 4.0.0, Mon May 23 11:56:01 2016 CEST <peter@Independence>
# name: mu
# type: matrix
# rows: 1
# columns: 8
 774995.3728813559 43086.98305084746 86268.64406779662 2798.762711864407 5161.983050847458 35730.32203389831 582207.6779661017 0.0121045197740113


# name: sigma
# type: matrix
# rows: 1
# columns: 8
 156532.254100189 1171.510717738741 1927.438256649733 86.72674864452161 945.3535461899852 1560.149201979468 130342.9947591117 0.002957861514113061


