# Created by Octave 4.0.0, Mon May 23 11:56:06 2016 CEST <peter@Independence>
# name: x
# type: matrix
# rows: 1
# columns: 100
 0.008333333333333333 0.008417508417508417 0.008501683501683501 0.008585858585858586 0.00867003367003367 0.008754208754208754 0.008838383838383838 0.008922558922558922 0.009006734006734006 0.00909090909090909 0.009175084175084175 0.009259259259259259 0.009343434343434343 0.009427609427609427 0.009511784511784511 0.009595959595959595 0.009680134680134679 0.009764309764309764 0.009848484848484848 0.009932659932659932 0.01001683501683502 0.0101010101010101 0.01018518518518518 0.01026936026936027 0.01035353535353535 0.01043771043771044 0.01052188552188552 0.0106060606060606 0.01069023569023569 0.01077441077441077 0.01085858585858586 0.01094276094276094 0.01102693602693603 0.01111111111111111 0.0111952861952862 0.01127946127946128 0.01136363636363636 0.01144781144781145 0.01153198653198653 0.01161616161616162 0.0117003367003367 0.01178451178451178 0.01186868686868687 0.01195286195286195 0.01203703703703704 0.01212121212121212 0.01220538720538721 0.01228956228956229 0.01237373737373737 0.01245791245791246 0.01254208754208754 0.01262626262626263 0.01271043771043771 0.01279461279461279 0.01287878787878788 0.01296296296296296 0.01304713804713805 0.01313131313131313 0.01321548821548822 0.0132996632996633 0.01338383838383838 0.01346801346801347 0.01355218855218855 0.01363636363636364 0.01372053872053872 0.0138047138047138 0.01388888888888889 0.01397306397306397 0.01405723905723906 0.01414141414141414 0.01422558922558922 0.01430976430976431 0.01439393939393939 0.01447811447811448 0.01456228956228956 0.01464646464646465 0.01473063973063973 0.01481481481481482 0.0148989898989899 0.01498316498316498 0.01506734006734007 0.01515151515151515 0.01523569023569023 0.01531986531986532 0.0154040404040404 0.01548821548821549 0.01557239057239057 0.01565656565656566 0.01574074074074074 0.01582491582491583 0.01590909090909091 0.01599326599326599 0.01607744107744108 0.01616161616161616 0.01624579124579124 0.01632996632996633 0.01641414141414142 0.0164983164983165 0.01658249158249158 0.01666666666666667


# name: y
# type: matrix
# rows: 100
# columns: 1
 756005.1008300815
 755868.1520518257
 755740.2685829748
 755621.0412590106
 755510.0703645719
 755406.9656334544
 755311.3462486112
 755222.8408421526
 755141.0874953455
 755065.7337386145
 754996.4365515407
 754932.862362863
 754874.6870504769
 754821.5959414351
 754773.2838119474
 754729.4548873811
 754689.8228422599
 754654.1108002653
 754622.0513342354
 754593.3864661657
 754567.8676672087
 754545.2558576739
 754525.3214070282
 754507.8441338955
 754492.6133060566
 754479.4276404497
 754468.0953031698
 754458.4339094693
 754450.2705237576
 754443.4416596012
 754437.7932797236
 754433.1807960055
 754429.469069485
 754426.5324103567
 754424.2545779728
 754422.5287808425
 754421.257676632
 754420.3533721647
 754419.7374234209
 754419.3408355385
 754419.1040628118
 754418.9770086929
 754418.9190257908
 754418.8989158712
 754418.8949298573
 754418.8947678297
 754418.8955790253
 754418.9039618387
 754418.9359638215
 754419.0170816823
 754419.1822612871
 754419.4758976586
 754419.9518349768
 754420.6733665788
 754421.7132349589
 754423.1536317684
 754425.0861978157
 754427.6120230664
 754430.841646643
 754434.8950568255
 754439.9016910506
 754446.0004359123
 754453.3396271617
 754462.0770497071
 754472.3799376136
 754484.4249741038
 754498.3982915572
 754514.4954715102
 754532.9215446569
 754553.8909908478
 754577.6277390912
 754604.3651675518
 754634.346103552
 754667.8228235712
 754705.0570532455
 754746.3199673685
 754791.8921898908
 754842.0637939203
 754897.1343017217
 754957.4126847169
 755023.2173634849
 755094.8762077619
 755172.7265364414
 755257.1151175733
 755348.3981683655
 755446.9413551823
 755553.1197935457
 755667.3180481342
 755789.9301327838
 755921.3595104876
 756062.0190933958
 756212.3312428155
 756372.7277692111
 756543.6499322039
 756725.5484405727
 756918.8834522531
 757124.1245743379
 757341.7508630769
 757572.2508238772
 757816.1224113029


# name: QUERY
# type: sq_string
# elements: 1
# length: 2
R3


# name: DATASIZE
# type: sq_string
# elements: 1
# length: 3
750


