# Created by Octave 3.8.2, Wed May 18 09:24:59 2016 CEST <Andrea@Andreas-MacBook-Pro.local>
# name: x
# type: matrix
# rows: 1
# columns: 100
 0.008333333333333333 0.008417508417508417 0.008501683501683501 0.008585858585858586 0.00867003367003367 0.008754208754208754 0.008838383838383838 0.008922558922558922 0.009006734006734006 0.00909090909090909 0.009175084175084175 0.009259259259259259 0.009343434343434343 0.009427609427609427 0.009511784511784511 0.009595959595959595 0.009680134680134679 0.009764309764309764 0.009848484848484848 0.009932659932659932 0.01001683501683502 0.0101010101010101 0.01018518518518518 0.01026936026936027 0.01035353535353535 0.01043771043771044 0.01052188552188552 0.0106060606060606 0.01069023569023569 0.01077441077441077 0.01085858585858586 0.01094276094276094 0.01102693602693603 0.01111111111111111 0.0111952861952862 0.01127946127946128 0.01136363636363636 0.01144781144781145 0.01153198653198653 0.01161616161616162 0.0117003367003367 0.01178451178451178 0.01186868686868687 0.01195286195286195 0.01203703703703704 0.01212121212121212 0.01220538720538721 0.01228956228956229 0.01237373737373737 0.01245791245791246 0.01254208754208754 0.01262626262626263 0.01271043771043771 0.01279461279461279 0.01287878787878788 0.01296296296296296 0.01304713804713805 0.01313131313131313 0.01321548821548822 0.0132996632996633 0.01338383838383838 0.01346801346801347 0.01355218855218855 0.01363636363636364 0.01372053872053872 0.0138047138047138 0.01388888888888889 0.01397306397306397 0.01405723905723906 0.01414141414141414 0.01422558922558922 0.01430976430976431 0.01439393939393939 0.01447811447811448 0.01456228956228956 0.01464646464646465 0.01473063973063973 0.01481481481481482 0.0148989898989899 0.01498316498316498 0.01506734006734007 0.01515151515151515 0.01523569023569023 0.01531986531986532 0.0154040404040404 0.01548821548821549 0.01557239057239057 0.01565656565656566 0.01574074074074074 0.01582491582491583 0.01590909090909091 0.01599326599326599 0.01607744107744108 0.01616161616161616 0.01624579124579124 0.01632996632996633 0.01641414141414142 0.0164983164983165 0.01658249158249158 0.01666666666666667


# name: y
# type: matrix
# rows: 100
# columns: 1
 721607.7527791731
 720746.8569313647
 719905.3936549163
 719083.3629498278
 718280.7648160993
 717497.5992537308
 716733.8662627223
 715989.5658430737
 715264.6979947852
 714559.2627178564
 713873.2600122878
 713206.6898780791
 712559.5523152304
 711931.8473237416
 711323.574903613
 710734.7350548441
 710165.3277774353
 709615.3530713865
 709084.8109366975
 708573.7013733686
 708082.0243813997
 707609.7799607908
 707156.9681115418
 706723.5888336528
 706309.6421271237
 705915.1279919547
 705540.0464281456
 705184.3974356964
 704848.1810146073
 704531.3971648781
 704234.0458865089
 703956.1271794997
 703697.6410438505
 703458.5874795611
 703238.9664866318
 703038.7780650625
 702858.0222148531
 702696.6989360037
 702554.8082285143
 702432.3500923848
 702329.3245276153
 702245.7315342058
 702181.5711121563
 702136.8432614667
 702111.5479821372
 702105.6852741675
 702119.2551375579
 702152.2575723082
 702204.6925784185
 702276.5601558888
 702367.860304719
 702478.5930249093
 702608.7583164594
 702758.3561793696
 702927.3866136397
 703115.8496192698
 703323.7451962599
 703551.0733446099
 703797.83406432
 704064.0273553899
 704349.65321782
 704654.7116516099
 704979.2026567598
 705323.1262332697
 705686.4823811395
 706069.2711003693
 706471.4923909592
 706893.146252909
 707334.2326862187
 707794.7516908884
 708274.7032669181
 708774.0874143078
 709292.9041330575
 709831.1534231671
 710388.8352846366
 710965.9497174661
 711562.4967216557
 712178.4762972052
 712813.8884441147
 713468.7331623841
 714143.0104520136
 714836.7203130029
 715549.8627453523
 716282.4377490616
 717034.4453241309
 717805.8854705602
 718596.7581883494
 719407.0634774987
 720236.8013380079
 721085.971769877
 721954.5747731063
 722842.6103476953
 723750.0784936444
 724676.9792109535
 725623.3124996225
 726589.0783596515
 727574.2767910404
 728578.9077937894
 729602.9713678983
 730646.4675133673


# name: QUERY
# type: sq_string
# elements: 1
# length: 2
R3


# name: DATASIZE
# type: sq_string
# elements: 1
# length: 3
750


