# Created by Octave 4.0.0, Mon May 23 11:56:06 2016 CEST <peter@Independence>
# name: x
# type: matrix
# rows: 1
# columns: 100
 0.008333333333333333 0.008417508417508417 0.008501683501683501 0.008585858585858586 0.00867003367003367 0.008754208754208754 0.008838383838383838 0.008922558922558922 0.009006734006734006 0.00909090909090909 0.009175084175084175 0.009259259259259259 0.009343434343434343 0.009427609427609427 0.009511784511784511 0.009595959595959595 0.009680134680134679 0.009764309764309764 0.009848484848484848 0.009932659932659932 0.01001683501683502 0.0101010101010101 0.01018518518518518 0.01026936026936027 0.01035353535353535 0.01043771043771044 0.01052188552188552 0.0106060606060606 0.01069023569023569 0.01077441077441077 0.01085858585858586 0.01094276094276094 0.01102693602693603 0.01111111111111111 0.0111952861952862 0.01127946127946128 0.01136363636363636 0.01144781144781145 0.01153198653198653 0.01161616161616162 0.0117003367003367 0.01178451178451178 0.01186868686868687 0.01195286195286195 0.01203703703703704 0.01212121212121212 0.01220538720538721 0.01228956228956229 0.01237373737373737 0.01245791245791246 0.01254208754208754 0.01262626262626263 0.01271043771043771 0.01279461279461279 0.01287878787878788 0.01296296296296296 0.01304713804713805 0.01313131313131313 0.01321548821548822 0.0132996632996633 0.01338383838383838 0.01346801346801347 0.01355218855218855 0.01363636363636364 0.01372053872053872 0.0138047138047138 0.01388888888888889 0.01397306397306397 0.01405723905723906 0.01414141414141414 0.01422558922558922 0.01430976430976431 0.01439393939393939 0.01447811447811448 0.01456228956228956 0.01464646464646465 0.01473063973063973 0.01481481481481482 0.0148989898989899 0.01498316498316498 0.01506734006734007 0.01515151515151515 0.01523569023569023 0.01531986531986532 0.0154040404040404 0.01548821548821549 0.01557239057239057 0.01565656565656566 0.01574074074074074 0.01582491582491583 0.01590909090909091 0.01599326599326599 0.01607744107744108 0.01616161616161616 0.01624579124579124 0.01632996632996633 0.01641414141414142 0.0164983164983165 0.01658249158249158 0.01666666666666667


# name: y
# type: matrix
# rows: 100
# columns: 1
 721792.2399772129
 721786.4826825589
 721781.3463889871
 721776.7763128753
 721772.721378131
 721769.1340450031
 721765.9701429425
 721763.1887075079
 721760.7518213189
 721758.6244590562
 721756.7743365088
 721755.1717636673
 721753.7895018641
 721752.6026249613
 721751.5883845846
 721750.7260794039
 721749.9969284617
 721749.383948547
 721748.8718356169
 721748.4468502654
 721748.0967072374
 721747.8104689914
 721747.5784433077
 721747.3920849436
 721747.2439013368
 721747.1273623533
 721747.0368140839
 721746.9673966869
 721746.9149662775
 721746.8760208647
 721746.8476303336
 721746.8273704762
 721746.8132610677
 721746.8037079909
 721746.7974494055
 721746.7935059667
 721746.7911350881
 721746.7897892534
 721746.789078374
 721746.7887361934
 721746.7885907387
 721746.7885388184
 721746.7885245682
 721746.7885220421
 721746.7885218513
 721746.7885218498
 721746.7885218664
 721746.7885224841
 721746.7885278658
 721746.7885526267
 721746.7886327549
 721746.7888405768
 721746.7893037704
 721746.7902284256
 721746.7919261511
 721746.7948452276
 721746.7996058086
 721746.8070391674
 721746.8182309916
 721746.8345687237
 721746.8577929486
 721746.8900528289
 721746.9339655854
 721746.9926800258
 721747.0699441194
 721747.1701766195
 721747.298542731
 721747.4610338269
 721747.6645512099
 721747.9169939216
 721748.2273505987
 721748.6057953754
 721749.0637878331
 721749.6141769965
 721750.2713093773
 721751.0511410633
 721751.9713538564
 721753.0514754551
 721754.3130036856
 721755.7795347787
 721757.4768956944
 721759.433280492
 721761.6793907486
 721764.2485800229
 721767.1770023676
 721770.5037648859
 721774.2710843384
 721778.5244477933
 721783.312777326
 721788.688598764
 721794.7082144796
 721801.4318802286
 721808.9239860362
 721817.2532411302
 721826.4928629193
 721836.7207700214
 721848.0197793349
 721860.4778071594
 721874.1880743627
 721889.2493155941


# name: QUERY
# type: sq_string
# elements: 1
# length: 2
R3


# name: DATASIZE
# type: sq_string
# elements: 1
# length: 3
750


