# Created by Octave 3.8.2, Wed May 18 09:24:59 2016 CEST <Andrea@Andreas-MacBook-Pro.local>
# name: x
# type: matrix
# rows: 1
# columns: 100
 0.008333333333333333 0.008417508417508417 0.008501683501683501 0.008585858585858586 0.00867003367003367 0.008754208754208754 0.008838383838383838 0.008922558922558922 0.009006734006734006 0.00909090909090909 0.009175084175084175 0.009259259259259259 0.009343434343434343 0.009427609427609427 0.009511784511784511 0.009595959595959595 0.009680134680134679 0.009764309764309764 0.009848484848484848 0.009932659932659932 0.01001683501683502 0.0101010101010101 0.01018518518518518 0.01026936026936027 0.01035353535353535 0.01043771043771044 0.01052188552188552 0.0106060606060606 0.01069023569023569 0.01077441077441077 0.01085858585858586 0.01094276094276094 0.01102693602693603 0.01111111111111111 0.0111952861952862 0.01127946127946128 0.01136363636363636 0.01144781144781145 0.01153198653198653 0.01161616161616162 0.0117003367003367 0.01178451178451178 0.01186868686868687 0.01195286195286195 0.01203703703703704 0.01212121212121212 0.01220538720538721 0.01228956228956229 0.01237373737373737 0.01245791245791246 0.01254208754208754 0.01262626262626263 0.01271043771043771 0.01279461279461279 0.01287878787878788 0.01296296296296296 0.01304713804713805 0.01313131313131313 0.01321548821548822 0.0132996632996633 0.01338383838383838 0.01346801346801347 0.01355218855218855 0.01363636363636364 0.01372053872053872 0.0138047138047138 0.01388888888888889 0.01397306397306397 0.01405723905723906 0.01414141414141414 0.01422558922558922 0.01430976430976431 0.01439393939393939 0.01447811447811448 0.01456228956228956 0.01464646464646465 0.01473063973063973 0.01481481481481482 0.0148989898989899 0.01498316498316498 0.01506734006734007 0.01515151515151515 0.01523569023569023 0.01531986531986532 0.0154040404040404 0.01548821548821549 0.01557239057239057 0.01565656565656566 0.01574074074074074 0.01582491582491583 0.01590909090909091 0.01599326599326599 0.01607744107744108 0.01616161616161616 0.01624579124579124 0.01632996632996633 0.01641414141414142 0.0164983164983165 0.01658249158249158 0.01666666666666667


# name: y
# type: matrix
# rows: 100
# columns: 1
 721774.6941138345
 721764.3382604888
 721755.0994241658
 721746.8790635907
 721739.585306355
 721733.1326409961
 721727.4416163554
 721722.438548216
 721718.0552332198
 721714.2286700631
 721710.9007879719
 721708.0181824566
 721705.5318583443
 721703.3969800927
 721701.5726293812
 721700.0215699814
 721698.7100199081
 721697.6074308481
 721696.686274868
 721695.9218384027
 721695.2920235217
 721694.7771564747
 721694.3598035167
 721694.0245940123
 721693.7580508193
 721693.5484279504
 721693.3855555154
 721693.2606919422
 721693.1663834758
 721693.0963309583
 721693.045263887
 721693.0088217515
 721692.9834426502
 721692.9662591865
 721692.9550016435
 721692.9479084379
 721692.9436438531
 721692.9412230517
 721692.9399443675
 721692.9393288749
 721692.9390672401
 721692.9389738494
 721692.938948217
 721692.9389436733
 721692.9389433301
 721692.9389433274
 721692.9389433573
 721692.9389444684
 721692.9389541484
 721692.938998687
 721692.9391428165
 721692.9395166331
 721692.9403497961
 721692.9420130068
 721692.9450667668
 721692.9503174148
 721692.9588804434
 721692.9722510937
 721692.9923822313
 721693.0217694986
 721693.0635437489
 721693.1215707579
 721693.2005582154
 721693.3061699949
 721693.4451477042
 721693.6254395137
 721693.8563362639
 721694.148614853
 721694.514688903
 721694.9687667049
 721695.5270164431
 721696.2077386994
 721697.0315462358
 721698.0215510562
 721699.2035587478
 721700.606270101
 721702.2614900098
 721704.2043436492
 721706.4734999338
 721709.1114022543
 721712.1645064941
 721715.6835263238
 721719.723685776
 721724.3449790992
 721729.6124378898
 721735.5964055044
 721742.3728187507
 721750.0234968578
 721758.6364377254
 721768.3061214521
 721779.1338211438
 721791.2279209993
 721804.7042416775
 721819.6863729416
 721836.306013584
 721854.7033186292
 721875.0272538168
 721897.435957363
 721922.0971090016
 721949.188306304


# name: QUERY
# type: sq_string
# elements: 1
# length: 2
R3


# name: DATASIZE
# type: sq_string
# elements: 1
# length: 3
750


