# Created by Octave 3.8.2, Wed May 18 09:24:59 2016 CEST <Andrea@Andreas-MacBook-Pro.local>
# name: x
# type: matrix
# rows: 1
# columns: 100
 0.008333333333333333 0.008417508417508417 0.008501683501683501 0.008585858585858586 0.00867003367003367 0.008754208754208754 0.008838383838383838 0.008922558922558922 0.009006734006734006 0.00909090909090909 0.009175084175084175 0.009259259259259259 0.009343434343434343 0.009427609427609427 0.009511784511784511 0.009595959595959595 0.009680134680134679 0.009764309764309764 0.009848484848484848 0.009932659932659932 0.01001683501683502 0.0101010101010101 0.01018518518518518 0.01026936026936027 0.01035353535353535 0.01043771043771044 0.01052188552188552 0.0106060606060606 0.01069023569023569 0.01077441077441077 0.01085858585858586 0.01094276094276094 0.01102693602693603 0.01111111111111111 0.0111952861952862 0.01127946127946128 0.01136363636363636 0.01144781144781145 0.01153198653198653 0.01161616161616162 0.0117003367003367 0.01178451178451178 0.01186868686868687 0.01195286195286195 0.01203703703703704 0.01212121212121212 0.01220538720538721 0.01228956228956229 0.01237373737373737 0.01245791245791246 0.01254208754208754 0.01262626262626263 0.01271043771043771 0.01279461279461279 0.01287878787878788 0.01296296296296296 0.01304713804713805 0.01313131313131313 0.01321548821548822 0.0132996632996633 0.01338383838383838 0.01346801346801347 0.01355218855218855 0.01363636363636364 0.01372053872053872 0.0138047138047138 0.01388888888888889 0.01397306397306397 0.01405723905723906 0.01414141414141414 0.01422558922558922 0.01430976430976431 0.01439393939393939 0.01447811447811448 0.01456228956228956 0.01464646464646465 0.01473063973063973 0.01481481481481482 0.0148989898989899 0.01498316498316498 0.01506734006734007 0.01515151515151515 0.01523569023569023 0.01531986531986532 0.0154040404040404 0.01548821548821549 0.01557239057239057 0.01565656565656566 0.01574074074074074 0.01582491582491583 0.01590909090909091 0.01599326599326599 0.01607744107744108 0.01616161616161616 0.01624579124579124 0.01632996632996633 0.01641414141414142 0.0164983164983165 0.01658249158249158 0.01666666666666667


# name: y
# type: matrix
# rows: 100
# columns: 1
 735037.9121528813
 735664.9405818151
 736263.9824829801
 736835.6767934727
 737380.6624503895
 737899.5783908267
 738393.063551881
 738861.7568706487
 739306.2972842263
 739727.3237297103
 740125.475144197
 740501.3904647831
 740855.7086285648
 741189.0685726387
 741502.1092341011
 741795.4695500487
 742069.7884575778
 742325.7048937848
 742563.8577957663
 742784.8861006186
 742989.4287454383
 743178.1246673217
 743351.6128033653
 743510.5320906657
 743655.5214663191
 743787.2198674221
 743906.2662310712
 744013.2994943627
 744108.9585943932
 744193.882468259
 744268.7100530567
 744334.0802858827
 744390.6321038334
 744439.0044440052
 744479.8362434948
 744513.7664393984
 744541.4339688126
 744563.4777688337
 744580.5367765584
 744593.2499290828
 744602.2561635037
 744608.1944169174
 744611.7036264202
 744613.4227291088
 744613.9906620797
 744614.046362429
 744614.2287672535
 744615.1768136494
 744617.5294387133
 744621.9255795416
 744629.0041732308
 744639.4041568773
 744653.7644675776
 744672.7240424281
 744696.9218185253
 744726.9967329656
 744763.5877228454
 744807.3337252613
 744858.8736773096
 744918.846516087
 744987.8911786897
 745066.6466022141
 745155.7517237569
 745255.8454804145
 745367.5668092831
 745491.5546474595
 745628.44793204
 745778.8856001209
 745943.5065887988
 746122.9498351703
 746317.8542763316
 746528.8588493792
 746756.6024914098
 747001.7241395194
 747264.8627308048
 747546.6572023624
 747847.7464912885
 748168.7695346798
 748510.3652696325
 748873.1726332433
 749257.8305626083
 749664.9779948243
 750095.2538669875
 750549.2971161946
 751027.7466795419
 751531.2414941258
 752060.4204970428
 752615.9226253894
 753198.386816262
 753808.4520067571
 754446.7571339712
 755113.9411350007
 755810.6429469419
 756537.5015068915
 757295.1557519457
 758084.2446192012
 758905.4070457543
 759759.2819687014
 760646.5083251391
 761567.7250521638


# name: QUERY
# type: sq_string
# elements: 1
# length: 2
R3


# name: DATASIZE
# type: sq_string
# elements: 1
# length: 3
750


