# Created by Octave 3.8.2, Wed May 18 09:24:59 2016 CEST <Andrea@Andreas-MacBook-Pro.local>
# name: x
# type: matrix
# rows: 1
# columns: 100
 0.008333333333333333 0.008417508417508417 0.008501683501683501 0.008585858585858586 0.00867003367003367 0.008754208754208754 0.008838383838383838 0.008922558922558922 0.009006734006734006 0.00909090909090909 0.009175084175084175 0.009259259259259259 0.009343434343434343 0.009427609427609427 0.009511784511784511 0.009595959595959595 0.009680134680134679 0.009764309764309764 0.009848484848484848 0.009932659932659932 0.01001683501683502 0.0101010101010101 0.01018518518518518 0.01026936026936027 0.01035353535353535 0.01043771043771044 0.01052188552188552 0.0106060606060606 0.01069023569023569 0.01077441077441077 0.01085858585858586 0.01094276094276094 0.01102693602693603 0.01111111111111111 0.0111952861952862 0.01127946127946128 0.01136363636363636 0.01144781144781145 0.01153198653198653 0.01161616161616162 0.0117003367003367 0.01178451178451178 0.01186868686868687 0.01195286195286195 0.01203703703703704 0.01212121212121212 0.01220538720538721 0.01228956228956229 0.01237373737373737 0.01245791245791246 0.01254208754208754 0.01262626262626263 0.01271043771043771 0.01279461279461279 0.01287878787878788 0.01296296296296296 0.01304713804713805 0.01313131313131313 0.01321548821548822 0.0132996632996633 0.01338383838383838 0.01346801346801347 0.01355218855218855 0.01363636363636364 0.01372053872053872 0.0138047138047138 0.01388888888888889 0.01397306397306397 0.01405723905723906 0.01414141414141414 0.01422558922558922 0.01430976430976431 0.01439393939393939 0.01447811447811448 0.01456228956228956 0.01464646464646465 0.01473063973063973 0.01481481481481482 0.0148989898989899 0.01498316498316498 0.01506734006734007 0.01515151515151515 0.01523569023569023 0.01531986531986532 0.0154040404040404 0.01548821548821549 0.01557239057239057 0.01565656565656566 0.01574074074074074 0.01582491582491583 0.01590909090909091 0.01599326599326599 0.01607744107744108 0.01616161616161616 0.01624579124579124 0.01632996632996633 0.01641414141414142 0.0164983164983165 0.01658249158249158 0.01666666666666667


# name: y
# type: matrix
# rows: 100
# columns: 1
 728343.3635848616
 728241.831397381
 728147.0201219509
 728058.6264088873
 727976.3539139988
 727899.9132985857
 727829.0222294405
 727763.4053788482
 727702.7944245856
 727646.9280499219
 727595.5519436181
 727548.4187999277
 727505.2883185962
 727465.9272048613
 727430.1091694528
 727397.6149285926
 727368.2322039949
 727341.755722866
 727317.9872179043
 727296.7354273003
 727277.8160947368
 727261.0519693887
 727246.2728059229
 727233.3153644988
 727222.0234107674
 727212.2477158725
 727203.8460564496
 727196.6832146264
 727190.6309780229
 727185.5681397513
 727181.3804984157
 727177.9608581123
 727175.2090284301
 727173.0318244493
 727171.343066743
 727170.0635813761
 727169.1211999058
 727168.4507593813
 727167.9941023441
 727167.7000768278
 727167.5245363581
 727167.4303399528
 727167.387352122
 727167.3724428681
 727167.369487685
 727167.3693675596
 727167.3699689703
 727167.3761838881
 727167.3999097756
 727167.4600495882
 727167.582511773
 727167.8002102695
 727168.1530645092
 727168.6879994157
 727169.4589454049
 727170.5268383848
 727171.9596197555
 727173.8322364094
 727176.226640731
 727179.2317905966
 727182.9436493752
 727187.4651859277
 727192.906374607
 727199.3841952584
 727207.0226332193
 727215.9526793191
 727226.3123298794
 727238.2465867141
 727251.9074571291
 727267.4539539226
 727285.0520953848
 727304.8749052981
 727327.102412937
 727351.9216530683
 727379.5266659507
 727410.1184973354
 727443.9051984653
 727481.101826076
 727521.9304423949
 727566.6201151415
 727615.4069175276
 727668.5339282569
 727726.2512315259
 727788.8159170225
 727856.4920799271
 727929.5508209122
 728008.2702461426
 728092.935467275
 728183.8386014584
 728281.2787713339
 728385.5621050347
 728497.0017361862
 728615.9178039061
 728742.6374528041
 728877.4948329821
 729020.8311000338
 729172.9944150458
 729334.3399445962
 729505.2298607554
 729686.0333410861


# name: QUERY
# type: sq_string
# elements: 1
# length: 2
R3


# name: DATASIZE
# type: sq_string
# elements: 1
# length: 3
750


