# Created by Octave 4.0.0, Mon May 23 11:56:06 2016 CEST <peter@Independence>
# name: x
# type: matrix
# rows: 1
# columns: 100
 0.008333333333333333 0.008417508417508417 0.008501683501683501 0.008585858585858586 0.00867003367003367 0.008754208754208754 0.008838383838383838 0.008922558922558922 0.009006734006734006 0.00909090909090909 0.009175084175084175 0.009259259259259259 0.009343434343434343 0.009427609427609427 0.009511784511784511 0.009595959595959595 0.009680134680134679 0.009764309764309764 0.009848484848484848 0.009932659932659932 0.01001683501683502 0.0101010101010101 0.01018518518518518 0.01026936026936027 0.01035353535353535 0.01043771043771044 0.01052188552188552 0.0106060606060606 0.01069023569023569 0.01077441077441077 0.01085858585858586 0.01094276094276094 0.01102693602693603 0.01111111111111111 0.0111952861952862 0.01127946127946128 0.01136363636363636 0.01144781144781145 0.01153198653198653 0.01161616161616162 0.0117003367003367 0.01178451178451178 0.01186868686868687 0.01195286195286195 0.01203703703703704 0.01212121212121212 0.01220538720538721 0.01228956228956229 0.01237373737373737 0.01245791245791246 0.01254208754208754 0.01262626262626263 0.01271043771043771 0.01279461279461279 0.01287878787878788 0.01296296296296296 0.01304713804713805 0.01313131313131313 0.01321548821548822 0.0132996632996633 0.01338383838383838 0.01346801346801347 0.01355218855218855 0.01363636363636364 0.01372053872053872 0.0138047138047138 0.01388888888888889 0.01397306397306397 0.01405723905723906 0.01414141414141414 0.01422558922558922 0.01430976430976431 0.01439393939393939 0.01447811447811448 0.01456228956228956 0.01464646464646465 0.01473063973063973 0.01481481481481482 0.0148989898989899 0.01498316498316498 0.01506734006734007 0.01515151515151515 0.01523569023569023 0.01531986531986532 0.0154040404040404 0.01548821548821549 0.01557239057239057 0.01565656565656566 0.01574074074074074 0.01582491582491583 0.01590909090909091 0.01599326599326599 0.01607744107744108 0.01616161616161616 0.01624579124579124 0.01632996632996633 0.01641414141414142 0.0164983164983165 0.01658249158249158 0.01666666666666667


# name: y
# type: matrix
# rows: 100
# columns: 1
 732835.0702435259
 732648.5653301413
 732466.2702988785
 732288.1851497374
 732114.309882718
 731944.6444978203
 731779.1889950442
 731617.9433743899
 731460.9076358572
 731308.0817794463
 731159.4658051571
 731015.0597129895
 730874.8635029437
 730738.8771750195
 730607.1007292171
 730479.5341655363
 730356.1774839772
 730237.0306845398
 730122.0937672241
 730011.3667320301
 729904.8495789578
 729802.5423080071
 729704.4449191783
 729610.557412471
 729520.8797878855
 729435.4120454217
 729354.1541850795
 729277.1062068591
 729204.2681107604
 729135.6398967833
 729071.221564928
 729011.0131151943
 728955.0145475823
 728903.225862092
 728855.6470587235
 728812.2781374765
 728773.1190983513
 728738.1699413479
 728707.4306664661
 728680.901273706
 728658.5817630675
 728640.4721345508
 728626.5723881559
 728616.8825238826
 728611.4025417309
 728610.1324417009
 728613.0722237927
 728620.2218880062
 728631.5814343413
 728647.1508627981
 728666.9301733767
 728690.9193660769
 728719.1184408988
 728751.5273978425
 728788.1462369078
 728828.9749580948
 728874.0135614035
 728923.2620468339
 728976.720414386
 729034.3886640598
 729096.2667958552
 729162.3548097725
 729232.6527058113
 729307.1604839719
 729385.8781442542
 729468.8056866581
 729555.9431111838
 729647.2904178312
 729742.8476066003
 729842.6146774909
 729946.5916305034
 730054.7784656375
 730167.1751828933
 730283.7817822709
 730404.5982637701
 730529.624627391
 730658.8608731336
 730792.3070009979
 730929.9630109839
 731071.8289030916
 731217.904677321
 731368.190333672
 731522.6858721448
 731681.3912927393
 731844.3065954554
 732011.4317802934
 732182.7668472528
 732358.3117963341
 732538.066627537
 732722.0313408617
 732910.205936308
 733102.590413876
 733299.1847735657
 733499.9890153771
 733705.0031393103
 733914.2271453651
 734127.6610335415
 734345.3048038398
 734567.1584562596
 734793.2219908013


# name: QUERY
# type: sq_string
# elements: 1
# length: 2
R3


# name: DATASIZE
# type: sq_string
# elements: 1
# length: 3
750


