# Created by Octave 4.0.0, Mon May 23 11:56:06 2016 CEST <peter@Independence>
# name: x
# type: matrix
# rows: 1
# columns: 100
 0.008333333333333333 0.008417508417508417 0.008501683501683501 0.008585858585858586 0.00867003367003367 0.008754208754208754 0.008838383838383838 0.008922558922558922 0.009006734006734006 0.00909090909090909 0.009175084175084175 0.009259259259259259 0.009343434343434343 0.009427609427609427 0.009511784511784511 0.009595959595959595 0.009680134680134679 0.009764309764309764 0.009848484848484848 0.009932659932659932 0.01001683501683502 0.0101010101010101 0.01018518518518518 0.01026936026936027 0.01035353535353535 0.01043771043771044 0.01052188552188552 0.0106060606060606 0.01069023569023569 0.01077441077441077 0.01085858585858586 0.01094276094276094 0.01102693602693603 0.01111111111111111 0.0111952861952862 0.01127946127946128 0.01136363636363636 0.01144781144781145 0.01153198653198653 0.01161616161616162 0.0117003367003367 0.01178451178451178 0.01186868686868687 0.01195286195286195 0.01203703703703704 0.01212121212121212 0.01220538720538721 0.01228956228956229 0.01237373737373737 0.01245791245791246 0.01254208754208754 0.01262626262626263 0.01271043771043771 0.01279461279461279 0.01287878787878788 0.01296296296296296 0.01304713804713805 0.01313131313131313 0.01321548821548822 0.0132996632996633 0.01338383838383838 0.01346801346801347 0.01355218855218855 0.01363636363636364 0.01372053872053872 0.0138047138047138 0.01388888888888889 0.01397306397306397 0.01405723905723906 0.01414141414141414 0.01422558922558922 0.01430976430976431 0.01439393939393939 0.01447811447811448 0.01456228956228956 0.01464646464646465 0.01473063973063973 0.01481481481481482 0.0148989898989899 0.01498316498316498 0.01506734006734007 0.01515151515151515 0.01523569023569023 0.01531986531986532 0.0154040404040404 0.01548821548821549 0.01557239057239057 0.01565656565656566 0.01574074074074074 0.01582491582491583 0.01590909090909091 0.01599326599326599 0.01607744107744108 0.01616161616161616 0.01624579124579124 0.01632996632996633 0.01641414141414142 0.0164983164983165 0.01658249158249158 0.01666666666666667


# name: y
# type: matrix
# rows: 100
# columns: 1
 752427.0910863201
 752915.3185215398
 753381.7546151826
 753826.8968672111
 754251.2427775877
 754655.289846275
 755039.5355732354
 755404.4774584313
 755750.6130018253
 756078.4397033799
 756388.4550630574
 756681.1565808204
 756957.0417566313
 757216.6080904528
 757460.3530822472
 757688.7742319769
 757902.3690396046
 758101.6350050926
 758287.0696284034
 758459.1704094996
 758618.4348483435
 758765.3604448978
 758900.4446991247
 759024.1851109869
 759137.0791804468
 759239.6244074669
 759332.3182920095
 759415.6583340374
 759490.1420335129
 759556.2668903985
 759614.5304046567
 759665.4300762499
 759709.4634051406
 759747.1278912913
 759778.9210346645
 759805.3403352227
 759826.8832929283
 759844.0474077439
 759857.3301796318
 759867.2291085547
 759874.2416944748
 759878.8654373548
 759881.5978371571
 759882.9363938442
 759883.3786073785
 759883.4219777226
 759883.5640048389
 759884.3021886899
 759886.1340292381
 759889.557026446
 759895.0686802759
 759903.1664906904
 759914.3479576522
 759929.1105811234
 759947.9518610666
 759971.3692974445
 759999.8603902193
 760033.9226393536
 760074.0535448098
 760120.7506065505
 760174.511324538
 760235.833198735
 760305.2137291039
 760383.150415607
 760470.1407582071
 760566.6822568664
 760673.2724115475
 760790.4087222129
 760918.588688825
 761058.3098113462
 761210.0695897393
 761374.3655239665
 761551.6951139902
 761742.5558597732
 761947.4452612777
 762166.8608184664
 762401.3000313016
 762651.2603997459
 762917.2394237616
 763199.7346033114
 763499.2434383576
 763816.2634288628
 764151.2920747893
 764504.8268760998
 764877.3653327568
 765269.4049447225
 765681.4432119596
 766113.9776344305
 766567.5057120977
 767042.5249449237
 767539.532832871
 768059.026875902
 768601.5045739791
 769167.4634270649
 769757.400935122
 770371.8145981127
 771011.2019159995
 771676.0603887449
 772366.8875163114
 773084.1807986614


# name: QUERY
# type: sq_string
# elements: 1
# length: 2
R3


# name: DATASIZE
# type: sq_string
# elements: 1
# length: 3
750


