# Created by Octave 3.8.2, Wed May 18 09:24:59 2016 CEST <Andrea@Andreas-MacBook-Pro.local>
# name: x
# type: matrix
# rows: 1
# columns: 100
 0.008333333333333333 0.008417508417508417 0.008501683501683501 0.008585858585858586 0.00867003367003367 0.008754208754208754 0.008838383838383838 0.008922558922558922 0.009006734006734006 0.00909090909090909 0.009175084175084175 0.009259259259259259 0.009343434343434343 0.009427609427609427 0.009511784511784511 0.009595959595959595 0.009680134680134679 0.009764309764309764 0.009848484848484848 0.009932659932659932 0.01001683501683502 0.0101010101010101 0.01018518518518518 0.01026936026936027 0.01035353535353535 0.01043771043771044 0.01052188552188552 0.0106060606060606 0.01069023569023569 0.01077441077441077 0.01085858585858586 0.01094276094276094 0.01102693602693603 0.01111111111111111 0.0111952861952862 0.01127946127946128 0.01136363636363636 0.01144781144781145 0.01153198653198653 0.01161616161616162 0.0117003367003367 0.01178451178451178 0.01186868686868687 0.01195286195286195 0.01203703703703704 0.01212121212121212 0.01220538720538721 0.01228956228956229 0.01237373737373737 0.01245791245791246 0.01254208754208754 0.01262626262626263 0.01271043771043771 0.01279461279461279 0.01287878787878788 0.01296296296296296 0.01304713804713805 0.01313131313131313 0.01321548821548822 0.0132996632996633 0.01338383838383838 0.01346801346801347 0.01355218855218855 0.01363636363636364 0.01372053872053872 0.0138047138047138 0.01388888888888889 0.01397306397306397 0.01405723905723906 0.01414141414141414 0.01422558922558922 0.01430976430976431 0.01439393939393939 0.01447811447811448 0.01456228956228956 0.01464646464646465 0.01473063973063973 0.01481481481481482 0.0148989898989899 0.01498316498316498 0.01506734006734007 0.01515151515151515 0.01523569023569023 0.01531986531986532 0.0154040404040404 0.01548821548821549 0.01557239057239057 0.01565656565656566 0.01574074074074074 0.01582491582491583 0.01590909090909091 0.01599326599326599 0.01607744107744108 0.01616161616161616 0.01624579124579124 0.01632996632996633 0.01641414141414142 0.0164983164983165 0.01658249158249158 0.01666666666666667


# name: y
# type: matrix
# rows: 1
# columns: 100
 768721.0316428072 768861.0786042094 769001.1255656116 769141.1725270138 769281.219488416 769421.2664498182 769561.3134112203 769701.3603726225 769841.4073340247 769981.4542954268 770121.501256829 770261.5482182312 770401.5951796334 770541.6421410355 770681.6891024377 770821.7360638399 770961.783025242 771101.8299866442 771241.8769480464 771381.9239094486 771521.9708708507 771662.0178322529 771802.0647936551 771942.1117550572 772082.1587164594 772222.2056778617 772362.2526392639 772502.299600666 772642.3465620682 772782.3935234704 772922.4404848726 773062.4874462747 773202.5344076769 773342.5813690791 773482.6283304812 773622.6752918834 773762.7222532856 773902.7692146878 774042.8161760899 774182.8631374921 774322.9100988943 774462.9570602964 774603.0040216986 774743.0509831008 774883.097944503 775023.1449059051 775163.1918673073 775303.2388287096 775443.2857901118 775583.3327515139 775723.3797129161 775863.4266743183 776003.4736357204 776143.5205971226 776283.5675585248 776423.614519927 776563.6614813291 776703.7084427313 776843.7554041335 776983.8023655356 777123.8493269378 777263.89628834 777403.9432497422 777543.9902111443 777684.0371725465 777824.0841339487 777964.1310953508 778104.178056753 778244.2250181552 778384.2719795575 778524.3189409596 778664.3659023618 778804.412863764 778944.4598251662 779084.5067865683 779224.5537479705 779364.6007093727 779504.6476707748 779644.694632177 779784.7415935792 779924.7885549814 780064.8355163835 780204.8824777857 780344.9294391879 780484.97640059 780625.0233619922 780765.0703233944 780905.1172847965 781045.1642461987 781185.2112076009 781325.2581690031 781465.3051304052 781605.3520918075 781745.3990532097 781885.4460146119 782025.492976014 782165.5399374162 782305.5868988184 782445.6338602206 782585.6808216227


# name: QUERY
# type: sq_string
# elements: 1
# length: 2
R3


# name: DATASIZE
# type: sq_string
# elements: 1
# length: 3
750


