# Created by Octave 4.0.0, Wed May 11 16:26:40 2016 CEST <peter@Independence>
# name: y
# type: matrix
# rows: 1
# columns: 100
 25212.40916002256 25239.58793298392 25266.76670594528 25293.94547890663 25321.12425186799 25348.30302482935 25375.48179779071 25402.66057075207 25429.83934371343 25457.01811667479 25484.19688963614 25511.3756625975 25538.55443555886 25565.73320852022 25592.91198148158 25620.09075444294 25647.2695274043 25674.44830036566 25701.62707332701 25728.80584628837 25755.98461924973 25783.16339221109 25810.34216517245 25837.52093813381 25864.69971109517 25891.87848405652 25919.05725701788 25946.23602997924 25973.4148029406 26000.59357590196 26027.77234886332 26054.95112182468 26082.12989478603 26109.30866774739 26136.48744070875 26163.66621367011 26190.84498663147 26218.02375959283 26245.20253255419 26272.38130551554 26299.5600784769 26326.73885143826 26353.91762439962 26381.09639736098 26408.27517032234 26435.4539432837 26462.63271624505 26489.81148920641 26516.99026216777 26544.16903512913 26571.34780809049 26598.52658105185 26625.70535401321 26652.88412697456 26680.06289993593 26707.24167289728 26734.42044585864 26761.59921882 26788.77799178136 26815.95676474272 26843.13553770407 26870.31431066544 26897.49308362679 26924.67185658815 26951.85062954951 26979.02940251087 27006.20817547223 27033.38694843358 27060.56572139495 27087.7444943563 27114.92326731766 27142.10204027902 27169.28081324038 27196.45958620174 27223.6383591631 27250.81713212446 27277.99590508581 27305.17467804717 27332.35345100853 27359.53222396989 27386.71099693125 27413.88976989261 27441.06854285397 27468.24731581533 27495.42608877668 27522.60486173804 27549.7836346994 27576.96240766076 27604.14118062212 27631.31995358348 27658.49872654484 27685.67749950619 27712.85627246755 27740.03504542891 27767.21381839027 27794.39259135163 27821.57136431299 27848.75013727435 27875.9289102357 27903.10768319706


