# Created by Octave 4.0.0, Wed May 11 16:26:40 2016 CEST <peter@Independence>
# name: y
# type: matrix
# rows: 100
# columns: 1
 24204.10454893036
 24202.74775779835
 24201.45329091327
 24200.21968292265
 24199.04546847399
 24197.92918221483
 24196.86935879268
 24195.86453285507
 24194.91323904951
 24194.01401202354
 24193.16538642465
 24192.3658969004
 24191.61407809827
 24190.90846466581
 24190.24759125053
 24189.62999249995
 24189.05420306159
 24188.51875758298
 24188.02219071163
 24187.56303709507
 24187.13983138082
 24186.75110821639
 24186.39540224931
 24186.0712481271
 24185.77718049728
 24185.51173400737
 24185.27344330489
 24185.06084303737
 24184.87246785232
 24184.70685239726
 24184.56253131972
 24184.43803926722
 24184.33191088727
 24184.24268082741
 24184.16888373514
 24184.10905425799
 24184.06172704349
 24184.02543673914
 24183.99871799248
 24183.98010545102
 24183.96813376228
 24183.96133757379
 24183.95825153307
 24183.95741028763
 24183.957348485
 24183.9566007727
 24183.95370179825
 24183.94718620917
 24183.93558865299
 24183.91744377721
 24183.89128622937
 24183.85565065698
 24183.80907170757
 24183.75008402866
 24183.67722226776
 24183.5890210724
 24183.48401509009
 24183.36073896837
 24183.21772735475
 24183.05351489675
 24182.86663624189
 24182.6556260377
 24182.41901893168
 24182.15534957138
 24181.8631526043
 24181.54096267796
 24181.1873144399
 24180.80074253762
 24180.37978161865
 24179.92296633052
 24179.42883132073
 24178.89591123681
 24178.32274072629
 24177.70785443669
 24177.04978701551
 24176.3470731103
 24175.59824736856
 24174.80184443781
 24173.95639896559
 24173.0604455994
 24172.11251898678
 24171.11115377524
 24170.05488461229
 24168.94224614547
 24167.7717730223
 24166.54199989029
 24165.25146139696
 24163.89869218984
 24162.48222691645
 24161.00060022431
 24159.45234676093
 24157.83600117385
 24156.15009811057
 24154.39317221863
 24152.56375814554
 24150.66039053883
 24148.68160404601
 24146.6259333146
 24144.49191299213
 24142.27807772612


