# Created by Octave 4.0.0, Wed May 11 16:26:40 2016 CEST <peter@Independence>
# name: y
# type: matrix
# rows: 100
# columns: 1
 25712.42307220527
 25687.23676466805
 25663.03670725126
 25639.83859056
 25617.65763619731
 25596.50858399753
 25576.40567951935
 25557.36266180609
 25539.39275142074
 25522.50863876339
 25506.72247267861
 25492.04584936053
 25478.4898015634
 25466.06478812562
 25454.78068381513
 25444.64676950456
 25435.67172268415
 25427.86360832125
 25421.22987007476
 25415.77732187355
 25411.51213986749
 25408.4398547608
 25406.56534453629
 25405.89282758067
 25406.42585622014
 25408.16731067613
 25411.11939345116
 25415.28362415496
 25420.66083478066
 25427.25116544175
 25435.05406057977
 25444.06826565316
 25454.29182431779
 25465.72207610929
 25478.35565463771
 25492.1884863046
 25507.21578955268
 25523.43207465808
 25540.83114407503
 25559.40609334246
 25579.1493125617
 25600.05248845474
 25622.10660701107
 25645.30195673175
 25669.62813247848
 25695.07403993471
 25721.62790068589
 25749.27725792472
 25778.00898278728
 25807.80928132459
 25838.66370211384
 25870.55714451288
 25903.4738675601
 25937.39749952181
 25972.31104808763
 26008.19691121387
 26045.03688861367
 26082.81219389194
 26121.50346732166
 26161.0907892574
 26201.55369418069
 26242.87118537052
 26285.02175019156
 26327.98337599087
 26371.73356659332
 26416.24935938426
 26461.50734296687
 26507.48367538067
 26554.15410286577
 26601.49397915721
 26649.47828529134
 26698.08164990602
 26747.27837001448
 26797.04243223199
 26847.34753443284
 26898.1671078145
 26949.47433934434
 27001.24219456327
 27053.44344071993
 27106.05067020747
 27159.03632427466
 27212.37271698153
 27266.03205936964
 27319.98648381526
 27374.20806853411
 27428.66886220478
 27483.34090867772
 27538.19627173615
 27593.20705987458
 27648.34545106039
 27703.58371744354
 27758.89424997913
 27814.24958292759
 27869.62241819689
 27924.98564949131
 27980.3123862315
 28035.57597721038
 28090.75003394985
 28145.8084537238
 28200.72544221285


