# Created by Octave 4.0.0, Wed May 11 16:26:40 2016 CEST <peter@Independence>
# name: y
# type: matrix
# rows: 100
# columns: 1
 25215.37302108771
 25235.66174115873
 25255.95046122975
 25276.23918130077
 25296.52790137179
 25316.81662144281
 25337.10534151383
 25357.39406158484
 25377.68278165587
 25397.97150172688
 25418.2602217979
 25438.54894186892
 25458.83766193994
 25479.12638201096
 25499.41510208198
 25519.703822153
 25539.99254222402
 25560.28126229503
 25580.56998236605
 25600.85870243707
 25621.14742250809
 25641.43614257911
 25661.72486265013
 25682.01358272115
 25702.30230279217
 25722.59102286319
 25742.8797429342
 25763.16846300523
 25783.45718307624
 25803.74590314726
 25824.03462321828
 25844.3233432893
 25864.61206336032
 25884.90078343134
 25905.18950350236
 25925.47822357338
 25945.76694364439
 25966.05566371541
 25986.34438378643
 26006.63310385745
 26026.92182392847
 26047.21054399949
 26067.49926407051
 26087.78798414153
 26108.07670421254
 26128.36542428357
 26148.65414435458
 26168.9428644256
 26189.23158449662
 26209.52030456764
 26229.80902463866
 26250.09774470968
 26270.3864647807
 26290.67518485172
 26310.96390492274
 26331.25262499375
 26351.54134506477
 26371.83006513579
 26392.11878520681
 26412.40750527783
 26432.69622534885
 26452.98494541987
 26473.27366549089
 26493.56238556191
 26513.85110563293
 26534.13982570394
 26554.42854577496
 26574.71726584598
 26595.005985917
 26615.29470598802
 26635.58342605904
 26655.87214613006
 26676.16086620108
 26696.44958627209
 26716.73830634312
 26737.02702641413
 26757.31574648515
 26777.60446655617
 26797.89318662719
 26818.18190669821
 26838.47062676923
 26858.75934684025
 26879.04806691127
 26899.33678698228
 26919.6255070533
 26939.91422712432
 26960.20294719534
 26980.49166726636
 27000.78038733738
 27021.0691074084
 27041.35782747942
 27061.64654755044
 27081.93526762145
 27102.22398769247
 27122.51270776349
 27142.80142783451
 27163.09014790553
 27183.37886797655
 27203.66758804757
 27223.95630811859


