# Created by Octave 3.8.2, Wed May 18 21:49:34 2016 CEST <Andrea@Andreas-MacBook-Pro.local>
# name: SVs
# type: cell
# rows: 1
# columns: 7
# name: <cell-element>
# type: sparse matrix
# nnz: 192
# rows: 12
# columns: 30
1 2 0.07341618521013676
2 2 0.5166770331728896
3 2 -0.5122834004672656
4 2 0.06774698171900644
5 2 0.1687296689047655
6 2 -0.420867494172789
7 2 -2.670478304496944
8 2 0.8288375504032535
9 2 0.3558133841120664
10 2 0.1162895366118099
11 2 -0.8804273021725415
12 2 1.166155158125508
1 3 0.3222119675219219
2 3 0.3969162375915358
3 3 -0.2594852820868043
4 3 -0.004992735382986582
5 3 0.5733428220726071
6 3 -1.405946813421811
7 3 -2.354193014838776
8 3 0.4733636072961073
9 3 0.1526332744638986
10 3 0.2421538914306525
11 3 -0.4619338539754578
12 3 1.1969989700371
1 5 0.2642399791958442
2 5 1.008293004409152
3 5 1.06673825714494
4 5 -1.118215037439153
5 5 1.329741894455989
6 5 0.3631473299794863
7 5 -0.9833413772796412
8 5 1.068986151480932
9 5 1.046507208121013
10 5 -0.3764099065618375
11 5 -0.4865567290254389
12 5 -0.3067251821460897
1 6 -0.6024278943393215
2 6 1.176179802958502
3 6 0.126081459482078
4 6 -0.7777345276891723
5 6 0.8290494495041615
6 6 1.498929763695313
7 6 -1.236318104995073
8 6 0.1249204884002909
9 6 1.249901466651982
10 6 -0.945494849007407
11 6 -0.5199989475324381
12 6 0.5237140549941566
1 7 -0.7184884851558769
2 7 0.7452236351076289
3 7 -1.156447988301511
4 7 -1.060383394137649
5 7 1.440215331542578
6 7 0.07820268976491347
7 7 -0.7595620395510263
8 7 0.98249978818374
9 7 0.05308332591994608
10 7 -0.8288779057286256
11 7 -1.103086312674094
12 7 0.5754982037227141
1 8 -0.5451125588158797
2 8 0.8915424888150529
3 8 -1.157276412500057
4 8 -1.243347928199635
5 8 1.358018421140251
6 8 0.3274836356230941
7 8 -0.6257451995970181
8 8 1.003857896111374
9 8 0.1530700059570166
10 8 -0.8008452892042579
11 8 -1.168048553115218
12 8 0.6186482598976176
1 12 -0.3185380704890607
2 12 -0.2585815803873553
3 12 -1.091823058211056
4 12 -0.2493575049870929
5 12 1.472469903061884
6 12 2.348757066086809
7 12 1.018952862548983
8 12 1.206509062354318
9 12 1.294137778656811
10 12 -0.4399883965925153
11 12 -0.5322291505951391
12 12 -0.8781319781049781
1 13 -0.3185380704890607
2 13 -0.2585815803873553
3 13 -1.091823058211056
4 13 -0.2493575049870929
5 13 1.472469903061884
6 13 2.348757066086809
7 13 1.018952862548983
8 13 1.206509062354318
9 13 1.294137778656811
10 13 -0.4399883965925153
11 13 -0.5322291505951391
12 13 -0.8781319781049781
1 14 -0.4880608812894575
2 14 -0.8516552211698389
3 14 2.485477184646815
4 14 1.082715825088994
5 14 -1.120444663157702
6 14 -0.08039982035162753
7 14 -0.02176123535884752
8 14 -0.9138050986771566
9 14 -1.160297833197705
10 14 -0.02632591562774656
11 14 1.29778249160443
12 14 -0.3500670854681248
1 15 -0.4880608812894575
2 15 -0.8516552211698389
3 15 2.485477184646815
4 15 1.082715825088994
5 15 -1.120444663157702
6 15 -0.08039982035162753
7 15 -0.02176123535884752
8 15 -0.9138050986771566
9 15 -1.160297833197705
10 15 -0.02632591562774656
11 15 1.29778249160443
12 15 -0.3500670854681248
1 19 -0.01024245884041888
2 19 -0.8684301060819215
3 19 -0.2494257442516397
4 19 -0.5751045724892787
5 19 1.578535403190638
6 19 0.2916666019029372
7 19 -1.219694447941879
8 19 1.268703086615854
9 19 -0.7497463364403288
10 19 -1.059413585185291
11 19 -1.476209855484347
12 19 -0.4691310257439344
1 20 -0.01024245884041888
2 20 -0.8684301060819215
3 20 -0.2494257442516397
4 20 -0.5751045724892787
5 20 1.578535403190638
6 20 0.2916666019029372
7 20 -1.219694447941879
8 20 1.268703086615854
9 20 -0.7497463364403288
10 20 -1.059413585185291
11 20 -1.476209855484347
12 20 -0.4691310257439344
1 22 0.3179229505880244
2 22 1.118042196100754
3 22 -0.9520690536704201
4 22 -1.479006462703082
5 22 0.16372698066372
6 22 -0.1665195061032942
7 22 0.4757613449987298
8 22 1.084046234227679
9 22 -0.3996346732329513
10 22 1.041551281886335
11 22 -0.4397013425833611
12 22 1.037908857399934
1 23 0.3179229505880244
2 23 1.118042196100754
3 23 -0.9520690536704201
4 23 -1.479006462703082
5 23 0.16372698066372
6 23 -0.1665195061032942
7 23 0.4757613449987298
8 23 1.084046234227679
9 23 -0.3996346732329513
10 23 1.041551281886335
11 23 -0.4397013425833611
12 23 1.037908857399934
1 24 0.08216210517193616
2 24 0.7185776021330271
3 24 -1.627581095127923
4 24 0.2211493976117146
5 24 -0.3946507593224235
6 24 0.3189060099975876
7 24 -0.5456082491972069
8 24 0.1333679497550125
9 24 -1.48194369300203
10 24 0.007680876687461564
11 24 -0.1865023261470615
12 24 1.291817057076037
1 25 0.08216210517193616
2 25 0.7185776021330271
3 25 -1.627581095127923
4 25 0.2211493976117146
5 25 -0.3946507593224235
6 25 0.3189060099975876
7 25 -0.5456082491972069
8 25 0.1333679497550125
9 25 -1.48194369300203
10 25 0.007680876687461564
11 25 -0.1865023261470615
12 25 1.291817057076037



# name: <cell-element>
# type: sparse matrix
# nnz: 128
# rows: 8
# columns: 30
1 2 0.5166770331728896
2 2 -0.5122834004672656
3 2 0.1687296689047655
4 2 -2.670478304496944
5 2 0.8288375504032535
6 2 0.1162895366118099
7 2 -0.8804273021725415
8 2 1.166155158125508
1 3 0.3969162375915358
2 3 -0.2594852820868043
3 3 0.5733428220726071
4 3 -2.354193014838776
5 3 0.4733636072961073
6 3 0.2421538914306525
7 3 -0.4619338539754578
8 3 1.1969989700371
1 5 1.008293004409152
2 5 1.06673825714494
3 5 1.329741894455989
4 5 -0.9833413772796412
5 5 1.068986151480932
6 5 -0.3764099065618375
7 5 -0.4865567290254389
8 5 -0.3067251821460897
1 6 1.176179802958502
2 6 0.126081459482078
3 6 0.8290494495041615
4 6 -1.236318104995073
5 6 0.1249204884002909
6 6 -0.945494849007407
7 6 -0.5199989475324381
8 6 0.5237140549941566
1 7 0.7452236351076289
2 7 -1.156447988301511
3 7 1.440215331542578
4 7 -0.7595620395510263
5 7 0.98249978818374
6 7 -0.8288779057286256
7 7 -1.103086312674094
8 7 0.5754982037227141
1 8 0.8915424888150529
2 8 -1.157276412500057
3 8 1.358018421140251
4 8 -0.6257451995970181
5 8 1.003857896111374
6 8 -0.8008452892042579
7 8 -1.168048553115218
8 8 0.6186482598976176
1 12 -0.2585815803873553
2 12 -1.091823058211056
3 12 1.472469903061884
4 12 1.018952862548983
5 12 1.206509062354318
6 12 -0.4399883965925153
7 12 -0.5322291505951391
8 12 -0.8781319781049781
1 13 -0.2585815803873553
2 13 -1.091823058211056
3 13 1.472469903061884
4 13 1.018952862548983
5 13 1.206509062354318
6 13 -0.4399883965925153
7 13 -0.5322291505951391
8 13 -0.8781319781049781
1 14 -0.8516552211698389
2 14 2.485477184646815
3 14 -1.120444663157702
4 14 -0.02176123535884752
5 14 -0.9138050986771566
6 14 -0.02632591562774656
7 14 1.29778249160443
8 14 -0.3500670854681248
1 15 -0.8516552211698389
2 15 2.485477184646815
3 15 -1.120444663157702
4 15 -0.02176123535884752
5 15 -0.9138050986771566
6 15 -0.02632591562774656
7 15 1.29778249160443
8 15 -0.3500670854681248
1 19 -0.8684301060819215
2 19 -0.2494257442516397
3 19 1.578535403190638
4 19 -1.219694447941879
5 19 1.268703086615854
6 19 -1.059413585185291
7 19 -1.476209855484347
8 19 -0.4691310257439344
1 20 -0.8684301060819215
2 20 -0.2494257442516397
3 20 1.578535403190638
4 20 -1.219694447941879
5 20 1.268703086615854
6 20 -1.059413585185291
7 20 -1.476209855484347
8 20 -0.4691310257439344
1 22 1.118042196100754
2 22 -0.9520690536704201
3 22 0.16372698066372
4 22 0.4757613449987298
5 22 1.084046234227679
6 22 1.041551281886335
7 22 -0.4397013425833611
8 22 1.037908857399934
1 23 1.118042196100754
2 23 -0.9520690536704201
3 23 0.16372698066372
4 23 0.4757613449987298
5 23 1.084046234227679
6 23 1.041551281886335
7 23 -0.4397013425833611
8 23 1.037908857399934
1 24 0.7185776021330271
2 24 -1.627581095127923
3 24 -0.3946507593224235
4 24 -0.5456082491972069
5 24 0.1333679497550125
6 24 0.007680876687461564
7 24 -0.1865023261470615
8 24 1.291817057076037
1 25 0.7185776021330271
2 25 -1.627581095127923
3 25 -0.3946507593224235
4 25 -0.5456082491972069
5 25 0.1333679497550125
6 25 0.007680876687461564
7 25 -0.1865023261470615
8 25 1.291817057076037



