# Created by Octave 3.8.2, Wed May 18 21:49:23 2016 CEST <Andrea@Andreas-MacBook-Pro.local>
# name: mu
# type: matrix
# rows: 1
# columns: 31
 340759.15 25 120199.8 166342.1 10 4041.45 6608.8 39999.1 51535.2 205567 205567 1 1087.2 1087.2 8021.95 8021.95 8895 8895 1 48784.05 48784.05 1 3170.15 3170.15 6668.45 6668.45 224871 224871 1 50 8


# name: sigma
# type: matrix
# rows: 1
# columns: 31
 10108.22267825348 0 2822.265954120815 8031.669400435675 0 444.8607676920712 1722.69579438739 14729.67238675228 18937.74016585595 0 0 0 650.4716992913277 650.4716992913277 5695.908249510529 5695.908249510529 0 0 0 6058.115630901116 6058.115630901116 0 823.6272326854257 823.6272326854257 1503.734595668573 1503.734595668573 0 0 0 0 0


