# Created by Octave 4.0.0, Wed May 11 16:46:28 2016 CEST <peter@Independence>
# name: mu
# type: matrix
# rows: 1
# columns: 2
 27653.85714285714 570.0808625336928


