# Created by Octave 4.0.0, Wed May 11 16:46:28 2016 CEST <peter@Independence>
# name: sigma
# type: matrix
# rows: 1
# columns: 2
 6311.508243404561 278.4022831828363


