# Created by Octave 4.0.0, Wed May 11 16:46:33 2016 CEST <peter@Independence>
# name: y
# type: matrix
# rows: 100
# columns: 1
 26252.6250499832
 26232.18444593726
 26213.27850637399
 26195.61797135944
 26178.88765268197
 26162.74835758659
 26146.83914500891
 26130.77990933495
 26114.17428332952
 26096.61284842521
 26077.67663707828
 26056.94090840712
 26033.97917486698
 26008.36745431459
 25979.6887185135
 25947.53750595995
 25911.52466390461
 25871.28218164514
 25826.46807460053
 25776.77127638731
 25721.91649413278
 25661.66898061361
 25595.83917553114
 25524.2871673559
 25446.92692671963
 25363.73026232853
 25274.73045083613
 25180.02549306578
 25079.78095042572
 24974.23231732143
 24863.68688784593
 24748.52507801872
 24629.20116834052
 24506.24343542399
 24380.25364593122
 24251.90589097398
 24121.94474448267
 23991.18273478724
 23860.49712473794
 23730.82600207402
 23603.1636883729
 23478.55548171878
 23358.09175515438
 23242.90143995154
 23134.14492968345
 23033.00644792477
 22940.68592906815
 22858.39046814365
 22787.32540158226
 22728.6850864932
 22683.64345114822
 22653.34439390943
 22638.89211172529
 22641.34144248717
 22661.68830792348
 22700.86034525663
 22759.70781651439
 22838.99488413455
 22939.391340306
 23061.46487533293
 23205.67396719072
 23372.36147036903
 23561.74897709113
 23773.93201809252
 24008.87616338047
 24266.41407583896
 24546.24356225801
 24847.92665743515
 25170.8897675084
 25514.42488873595
 25877.69190764506
 26259.72197794637
 26659.42195896909
 27075.57988974251
 27506.87146235407
 27951.86744798069
 28409.04201914311
 28876.78190239308
 29353.39628692828
 29837.12740664841
 30326.1617060205
 30818.64149390398
 31312.67698427646
 31806.35861866867
 32297.76956211569
 32784.99826260223
 33266.15096334735
 33739.36405784919
 34202.81617938582
 34654.7399196249
 35093.43307509297
 35517.26932544533
 35924.7082536923
 36314.30462569842
 36684.71685428635
 37034.71458204499
 37363.18532635019
 37669.14014003723
 37951.71825149199
 38210.19065852412


