# Created by Octave 4.0.0, Wed May 11 23:21:47 2016 CEST <peter@Independence>
# name: mu
# type: matrix
# rows: 1
# columns: 13
 214294.5056179775 338.1657303370786 354.1769662921348 27688.8202247191 58499.95505617977 2033.070224719101 3645.710674157303 24744.42415730337 144974.6825842697 59626.55898876405 68129.12640449438 580.056179775281 88.98876404494382


