# Created by Octave 4.0.0, Wed May 11 23:22:29 2016 CEST <peter@Independence>
# name: y
# type: matrix
# rows: 1
# columns: 100
 223419.5255894557 223228.7511526548 223037.9767158539 222847.2022790529 222656.427842252 222465.6534054511 222274.8789686502 222084.1045318492 221893.3300950483 221702.5556582474 221511.7812214464 221321.0067846455 221130.2323478446 220939.4579110436 220748.6834742427 220557.9090374418 220367.1346006408 220176.3601638399 219985.585727039 219794.8112902381 219604.0368534371 219413.2624166362 219222.4879798352 219031.7135430343 218840.9391062334 218650.1646694325 218459.3902326315 218268.6157958306 218077.8413590297 217887.0669222288 217696.2924854278 217505.5180486269 217314.743611826 217123.969175025 216933.1947382241 216742.4203014232 216551.6458646222 216360.8714278213 216170.0969910204 215979.3225542195 215788.5481174185 215597.7736806176 215406.9992438167 215216.2248070157 215025.4503702148 214834.6759334139 214643.9014966129 214453.127059812 214262.3526230111 214071.5781862102 213880.8037494092 213690.0293126083 213499.2548758074 213308.4804390064 213117.7060022055 212926.9315654046 212736.1571286036 212545.3826918027 212354.6082550018 212163.8338182009 211973.0593813999 211782.284944599 211591.5105077981 211400.7360709971 211209.9616341962 211019.1871973953 210828.4127605943 210637.6383237934 210446.8638869925 210256.0894501915 210065.3150133906 209874.5405765897 209683.7661397888 209492.9917029878 209302.2172661869 209111.442829386 208920.668392585 208729.8939557841 208539.1195189832 208348.3450821822 208157.5706453813 207966.7962085804 207776.0217717795 207585.2473349785 207394.4728981776 207203.6984613767 207012.9240245757 206822.1495877748 206631.3751509739 206440.6007141729 206249.826277372 206059.0518405711 205868.2774037702 205677.5029669692 205486.7285301683 205295.9540933674 205105.1796565664 204914.4052197655 204723.6307829646 204532.8563461636


