# Created by Octave 4.0.0, Wed May 11 23:21:47 2016 CEST <peter@Independence>
# name: sigma
# type: matrix
# rows: 1
# columns: 13
 148544.7539737378 166.4174728596318 174.3373922633734 12155.78023573233 27397.22937556148 390.4102978769899 1529.474243828131 12621.50449737788 111099.9568378503 69480.56410584872 68310.72866931863 279.4279814817086 21.02419498592375


