# Created by Octave 4.0.0, Wed May 11 23:22:29 2016 CEST <peter@Independence>
# name: y
# type: matrix
# rows: 100
# columns: 1
 172225.399160202
 171864.0290105926
 171517.7667576524
 171186.2897999411
 170869.2755360183
 170566.4013644436
 170277.3446837766
 170001.7828925768
 169739.393389404
 169489.8535728177
 169252.8408413775
 169028.032593643
 168815.1062281738
 168613.7391435296
 168423.6087382699
 168244.3924109543
 168075.7675601425
 167917.411584394
 167769.0018822685
 167630.2158523255
 167500.7308931247
 167380.2244032257
 167268.373781188
 167164.8564255714
 167069.3497349353
 166981.5311078394
 166901.0779428433
 166827.6676385066
 166760.9775933889
 166700.6852060498
 166646.467875049
 166598.002998946
 166554.9679763004
 166517.0402056718
 166483.8970856199
 166455.2160147042
 166430.6743914844
 166409.94961452
 166392.7190823707
 166378.6601935961
 166367.4503467557
 166358.7669404092
 166352.2873731162
 166347.6890434363
 166344.649349929
 166342.8456911541
 166341.9554656711
 166341.6560720396
 166341.6249088192
 166341.5393745695
 166341.0768678501
 166339.9147872207
 166337.7305312408
 166334.2014984701
 166329.0050874681
 166321.8186967944
 166312.3197250087
 166300.1855706706
 166285.0936323396
 166266.7213085754
 166244.7459979376
 166218.8450989858
 166188.6960102796
 166153.9761303785
 166114.3628578423
 166069.5335912304
 166019.1657291026
 165962.9366700184
 165900.5238125374
 165831.6045552192
 165755.8562966235
 165672.9564353098
 165582.5823698378
 165484.411498767
 165378.121220657
 165263.3889340675
 165139.8920375581
 165007.3079296884
 164865.3140090179
 164713.5876741063
 164551.8063235132
 164379.6473557981
 164196.7881695208
 164002.9061632408
 163797.6787355176
 163580.783284911
 163351.8972099806
 163110.6979092858
 162856.8627813863
 162590.0692248418
 162309.9946382119
 162016.316420056
 161708.7119689339
 161386.8586834052
 161050.4339620295
 160699.1152033663
 160332.5798059752
 159950.505168416
 159552.5686892481
 159138.4477670312


