# Created by Octave 4.0.0, Wed May 11 23:22:29 2016 CEST <peter@Independence>
# name: y
# type: matrix
# rows: 100
# columns: 1
 229273.9332068556
 228943.3806820136
 228612.8281571717
 228282.2756323297
 227951.7231074877
 227621.1705826457
 227290.6180578037
 226960.0655329617
 226629.5130081197
 226298.9604832778
 225968.4079584357
 225637.8554335938
 225307.3029087518
 224976.7503839098
 224646.1978590678
 224315.6453342258
 223985.0928093839
 223654.5402845419
 223323.9877596999
 222993.4352348579
 222662.8827100159
 222332.3301851739
 222001.777660332
 221671.2251354899
 221340.672610648
 221010.120085806
 220679.567560964
 220349.015036122
 220018.46251128
 219687.909986438
 219357.3574615961
 219026.8049367541
 218696.2524119121
 218365.6998870701
 218035.1473622281
 217704.5948373861
 217374.0423125441
 217043.4897877022
 216712.9372628602
 216382.3847380182
 216051.8322131762
 215721.2796883342
 215390.7271634922
 215060.1746386503
 214729.6221138083
 214399.0695889663
 214068.5170641243
 213737.9645392823
 213407.4120144403
 213076.8594895983
 212746.3069647564
 212415.7544399144
 212085.2019150724
 211754.6493902304
 211424.0968653884
 211093.5443405464
 210762.9918157044
 210432.4392908624
 210101.8867660205
 209771.3342411785
 209440.7817163365
 209110.2291914945
 208779.6766666525
 208449.1241418105
 208118.5716169685
 207788.0190921266
 207457.4665672846
 207126.9140424426
 206796.3615176006
 206465.8089927586
 206135.2564679166
 205804.7039430747
 205474.1514182327
 205143.5988933907
 204813.0463685487
 204482.4938437067
 204151.9413188648
 203821.3887940228
 203490.8362691808
 203160.2837443388
 202829.7312194968
 202499.1786946548
 202168.6261698129
 201838.0736449708
 201507.5211201289
 201176.9685952869
 200846.4160704449
 200515.8635456029
 200185.3110207609
 199854.758495919
 199524.2059710769
 199193.653446235
 198863.100921393
 198532.548396551
 198201.995871709
 197871.443346867
 197540.890822025
 197210.338297183
 196879.785772341
 196549.2332474991


