# Created by Octave 4.0.0, Wed May 11 23:22:29 2016 CEST <peter@Independence>
# name: y
# type: matrix
# rows: 100
# columns: 1
 220478.4989424668
 218982.955682105
 217486.3009178425
 215989.0744735459
 214491.8189265997
 212995.0792740339
 211499.402595806
 210005.3377155374
 208513.4348590045
 207024.2453106846
 205538.3210686677
 204056.2144982362
 202578.4779844239
 201105.6635838691
 199638.3226762672
 198177.0056157399
 196722.2613824347
 195274.6372346619
 193834.6783618909
 192402.9275389073
 190979.9247814496
 189566.207003632
 188162.307677457
 186768.7564947297
 185386.0790316707
 184014.7964165294
 182655.4250004942
 181308.4760321904
 179974.4553360593
 178653.8629948962
 177347.1930368316
 176054.9331270301
 174777.5642643763
 173515.5604834102
 172269.3885617735
 171039.507733416
 169826.3694078097
 168630.4168954095
 167452.0851395916
 166291.8004552962
 165149.9802745901
 164027.032899361
 162923.357261345
 161839.3426896803
 160775.3686861725
 159731.8047084528
 158709.0099611911
 157707.3331955288
 156727.1125168809
 155768.6752012479
 154832.3375201708
 153918.4045744544
 153027.1701367677
 152158.9165032311
 151313.9143540832
 150492.4226235093
 149694.688378711
 148920.9467082827
 148171.4206199452
 147446.3209476906
 146745.8462683676
 146070.182827739
 145419.5044760251
 144793.9726129416
 144193.7361422294
 143618.9314356638
 143069.6823065227
 142546.0999924812
 142048.2831478938
 141576.3178454152
 141130.2775868986
 140710.223323508
 140316.2034849642
 139948.254017843
 139606.3984328309
 139290.6478608345
 139001.0011178402
 138737.4447783964
 138499.9532576045
 138288.4889014745
 138103.0020855134
 137943.431321394
 137809.7033715516
 137701.7333715473
 137619.4249600309
 137562.6704161287
 137531.3508040782
 137525.3361249242
 137544.485475085
 137588.6472115942
 137657.659123817
 137751.3486114378
 137869.5328685053
 138012.0190733293
 138178.6045840029
 138369.0771393392
 138583.2150649912
 138820.7874845333
 139081.5545352724
 139365.2675885592


