# Created by Octave 3.8.2, Mon May 23 09:42:15 2016 CEST <Andrea@Andreas-MacBook-Pro.local>
# name: x
# type: matrix
# rows: 1
# columns: 100
 8 8.121212121212121 8.242424242424242 8.363636363636363 8.484848484848484 8.606060606060606 8.727272727272727 8.848484848484848 8.969696969696971 9.090909090909092 9.212121212121213 9.333333333333334 9.454545454545455 9.575757575757576 9.696969696969697 9.818181818181818 9.939393939393941 10.06060606060606 10.18181818181818 10.3030303030303 10.42424242424243 10.54545454545455 10.66666666666667 10.78787878787879 10.90909090909091 11.03030303030303 11.15151515151515 11.27272727272727 11.39393939393939 11.51515151515152 11.63636363636364 11.75757575757576 11.87878787878788 12 12.12121212121212 12.24242424242424 12.36363636363637 12.48484848484849 12.60606060606061 12.72727272727273 12.84848484848485 12.96969696969697 13.09090909090909 13.21212121212121 13.33333333333333 13.45454545454546 13.57575757575758 13.6969696969697 13.81818181818182 13.93939393939394 14.06060606060606 14.18181818181818 14.3030303030303 14.42424242424243 14.54545454545455 14.66666666666667 14.78787878787879 14.90909090909091 15.03030303030303 15.15151515151515 15.27272727272727 15.39393939393939 15.51515151515152 15.63636363636364 15.75757575757576 15.87878787878788 16 16.12121212121212 16.24242424242424 16.36363636363636 16.48484848484848 16.60606060606061 16.72727272727273 16.84848484848485 16.96969696969697 17.09090909090909 17.21212121212121 17.33333333333334 17.45454545454546 17.57575757575758 17.6969696969697 17.81818181818182 17.93939393939394 18.06060606060606 18.18181818181818 18.3030303030303 18.42424242424243 18.54545454545455 18.66666666666667 18.78787878787879 18.90909090909091 19.03030303030303 19.15151515151516 19.27272727272727 19.39393939393939 19.51515151515152 19.63636363636364 19.75757575757576 19.87878787878788 20


# name: y
# type: matrix
# rows: 100
# columns: 1
 334850.8721518774
 334005.8427601896
 333148.2681668138
 332278.3352819348
 331396.2371197655
 330502.1727337086
 329596.3471474939
 328678.9712823193
 327750.261880027
 326810.4414223479
 325859.7380462569
 324898.3854554756
 323926.6228281709
 322944.6947208964
 321952.8509688283
 320951.3465823506
 319940.4416400472
 318920.4011781626
 317891.4950765945
 316853.9979414868
 315808.188984492
 314754.3518987769
 313692.774731848
 312623.7497552744
 311547.5733313923
 310464.5457770719
 309374.9712246387
 308279.157480034
 307177.41587831
 306070.0611365541
 304957.4112043369
 303839.7871117864
 302717.5128153873
 301590.9150416108
 300460.3231284793
 299326.068865174
 298188.4863297937
 297047.9117253789
 295904.6832143093
 294759.1407511923
 293611.6259143579
 292462.4817360743
 291312.0525316061
 290160.6837272312
 289008.7216873388
 287856.5135407282
 286704.4070062318
 285552.7502177838
 284401.8915490581
 283252.1794377999
 282103.9622099734
 280957.5879038525
 279813.4040941751
 278671.7577164894
 277532.9948918135
 276397.4607517347
 275265.4992640693
 274137.4530592095
 273013.6632572779
 271894.4692962126
 270780.2087609037
 269671.2172135022
 268567.8280250195
 267470.3722083382
 266379.1782527481
 265294.5719601255
 264216.8762828701
 263146.4111637099
 262083.4933774895
 261028.4363750459
 259981.5501292849
 258943.1409835602
 257913.5115024595
 256892.9603251009
 255881.7820210366
 254880.266948863
 253888.7011176315
 252907.3660511507
 251936.5386552731
 250976.49108825
 250027.4906342416
 249089.7995800631
 248163.6750952457
 247249.3691154893
 246347.1282295792
 245457.1935698378
 244579.8007061776
 243715.179543821
 242863.5542247455
 242025.1430329142
 241200.1583033452
 240388.8063350703
 239591.2873080327
 238807.7952039659
 238038.5177312975
 237283.6362541133
 236543.325725218
 235817.7546233219
 235107.0848943815
 234411.4718971199


# name: QUERY
# type: sq_string
# elements: 1
# length: 2
Q4


# name: DATASIZE
# type: sq_string
# elements: 1
# length: 2
50


