# Created by Octave 3.8.2, Mon May 23 09:42:15 2016 CEST <Andrea@Andreas-MacBook-Pro.local>
# name: x
# type: matrix
# rows: 1
# columns: 100
 8 8.121212121212121 8.242424242424242 8.363636363636363 8.484848484848484 8.606060606060606 8.727272727272727 8.848484848484848 8.969696969696971 9.090909090909092 9.212121212121213 9.333333333333334 9.454545454545455 9.575757575757576 9.696969696969697 9.818181818181818 9.939393939393941 10.06060606060606 10.18181818181818 10.3030303030303 10.42424242424243 10.54545454545455 10.66666666666667 10.78787878787879 10.90909090909091 11.03030303030303 11.15151515151515 11.27272727272727 11.39393939393939 11.51515151515152 11.63636363636364 11.75757575757576 11.87878787878788 12 12.12121212121212 12.24242424242424 12.36363636363637 12.48484848484849 12.60606060606061 12.72727272727273 12.84848484848485 12.96969696969697 13.09090909090909 13.21212121212121 13.33333333333333 13.45454545454546 13.57575757575758 13.6969696969697 13.81818181818182 13.93939393939394 14.06060606060606 14.18181818181818 14.3030303030303 14.42424242424243 14.54545454545455 14.66666666666667 14.78787878787879 14.90909090909091 15.03030303030303 15.15151515151515 15.27272727272727 15.39393939393939 15.51515151515152 15.63636363636364 15.75757575757576 15.87878787878788 16 16.12121212121212 16.24242424242424 16.36363636363636 16.48484848484848 16.60606060606061 16.72727272727273 16.84848484848485 16.96969696969697 17.09090909090909 17.21212121212121 17.33333333333334 17.45454545454546 17.57575757575758 17.6969696969697 17.81818181818182 17.93939393939394 18.06060606060606 18.18181818181818 18.3030303030303 18.42424242424243 18.54545454545455 18.66666666666667 18.78787878787879 18.90909090909091 19.03030303030303 19.15151515151516 19.27272727272727 19.39393939393939 19.51515151515152 19.63636363636364 19.75757575757576 19.87878787878788 20


# name: y
# type: matrix
# rows: 1
# columns: 100
 364626.3166437065 363014.8025069983 361403.2883702902 359791.7742335821 358180.260096874 356568.7459601659 354957.2318234577 353345.7176867496 351734.2035500414 350122.6894133333 348511.1752766252 346899.6611399171 345288.1470032089 343676.6328665008 342065.1187297927 340453.6045930845 338842.0904563764 337230.5763196683 335619.0621829602 334007.548046252 332396.0339095439 330784.5197728358 329173.0056361277 327561.4914994196 325949.9773627114 324338.4632260033 322726.9490892952 321115.4349525871 319503.920815879 317892.4066791708 316280.8925424627 314669.3784057546 313057.8642690464 311446.3501323383 309834.8359956302 308223.321858922 306611.8077222139 305000.2935855058 303388.7794487977 301777.2653120895 300165.7511753814 298554.2370386733 296942.7229019651 295331.208765257 293719.6946285489 292108.1804918408 290496.6663551326 288885.1522184245 287273.6380817164 285662.1239450083 284050.6098083002 282439.095671592 280827.5815348839 279216.0673981758 277604.5532614677 275993.0391247596 274381.5249880514 272770.0108513433 271158.4967146352 269546.982577927 267935.4684412189 266323.9543045108 264712.4401678027 263100.9260310945 261489.4118943864 259877.8977576783 258266.3836209701 256654.869484262 255043.3553475539 253431.8412108458 251820.3270741376 250208.8129374295 248597.2988007214 246985.7846640132 245374.2705273051 243762.756390597 242151.2422538889 240539.7281171808 238928.2139804726 237316.6998437645 235705.1857070564 234093.6715703483 232482.1574336401 230870.643296932 229259.1291602239 227647.6150235157 226036.1008868076 224424.5867500995 222813.0726133914 221201.5584766832 219590.0443399751 217978.530203267 216367.0160665588 214755.5019298508 213143.9877931426 211532.4736564345 209920.9595197264 208309.4453830182 206697.9312463101 205086.417109602


# name: QUERY
# type: sq_string
# elements: 1
# length: 2
Q4


# name: DATASIZE
# type: sq_string
# elements: 1
# length: 2
50


