# Created by Octave 3.8.2, Mon May 23 09:42:15 2016 CEST <Andrea@Andreas-MacBook-Pro.local>
# name: x
# type: matrix
# rows: 1
# columns: 100
 8 8.121212121212121 8.242424242424242 8.363636363636363 8.484848484848484 8.606060606060606 8.727272727272727 8.848484848484848 8.969696969696971 9.090909090909092 9.212121212121213 9.333333333333334 9.454545454545455 9.575757575757576 9.696969696969697 9.818181818181818 9.939393939393941 10.06060606060606 10.18181818181818 10.3030303030303 10.42424242424243 10.54545454545455 10.66666666666667 10.78787878787879 10.90909090909091 11.03030303030303 11.15151515151515 11.27272727272727 11.39393939393939 11.51515151515152 11.63636363636364 11.75757575757576 11.87878787878788 12 12.12121212121212 12.24242424242424 12.36363636363637 12.48484848484849 12.60606060606061 12.72727272727273 12.84848484848485 12.96969696969697 13.09090909090909 13.21212121212121 13.33333333333333 13.45454545454546 13.57575757575758 13.6969696969697 13.81818181818182 13.93939393939394 14.06060606060606 14.18181818181818 14.3030303030303 14.42424242424243 14.54545454545455 14.66666666666667 14.78787878787879 14.90909090909091 15.03030303030303 15.15151515151515 15.27272727272727 15.39393939393939 15.51515151515152 15.63636363636364 15.75757575757576 15.87878787878788 16 16.12121212121212 16.24242424242424 16.36363636363636 16.48484848484848 16.60606060606061 16.72727272727273 16.84848484848485 16.96969696969697 17.09090909090909 17.21212121212121 17.33333333333334 17.45454545454546 17.57575757575758 17.6969696969697 17.81818181818182 17.93939393939394 18.06060606060606 18.18181818181818 18.3030303030303 18.42424242424243 18.54545454545455 18.66666666666667 18.78787878787879 18.90909090909091 19.03030303030303 19.15151515151516 19.27272727272727 19.39393939393939 19.51515151515152 19.63636363636364 19.75757575757576 19.87878787878788 20


# name: y
# type: matrix
# rows: 100
# columns: 1
 351741.8070373901
 350409.7005435695
 349077.5940497488
 347745.4875559283
 346413.3810621076
 345081.2745682871
 343749.1680744665
 342417.061580646
 341084.9550868253
 339752.8485930048
 338420.7420991841
 337088.6356053635
 335756.529111543
 334424.4226177223
 333092.3161239018
 331760.2096300813
 330428.1031362608
 329095.9966424401
 327763.8901486194
 326431.7836547988
 325099.6771609782
 323767.5706671576
 322435.4641733371
 321103.3576795165
 319771.2511856959
 318439.1446918754
 317107.0381980547
 315774.9317042342
 314442.8252104134
 313110.7187165929
 311778.6122227724
 310446.5057289518
 309114.3992351312
 307782.2927413106
 306450.18624749
 305118.0797536694
 303785.9732598488
 302453.8667660282
 301121.7602722076
 299789.653778387
 298457.5472845664
 297125.4407907459
 295793.3342969253
 294461.2278031047
 293129.1213092841
 291797.0148154635
 290464.9083216429
 289132.8018278223
 287800.6953340017
 286468.5888401811
 285136.4823463606
 283804.37585254
 282472.2693587193
 281140.1628648987
 279808.0563710782
 278475.9498772576
 277143.843383437
 275811.7368896164
 274479.6303957958
 273147.5239019752
 271815.4174081546
 270483.310914334
 269151.2044205135
 267819.0979266929
 266486.9914328723
 265154.8849390517
 263822.7784452311
 262490.6719514105
 261158.5654575899
 259826.4589637693
 258494.3524699487
 257162.2459761281
 255830.1394823075
 254498.0329884869
 253165.9264946664
 251833.8200008458
 250501.7135070252
 249169.6070132045
 247837.500519384
 246505.3940255634
 245173.2875317428
 243841.1810379223
 242509.0745441016
 241176.9680502811
 239844.8615564605
 238512.7550626399
 237180.6485688192
 235848.5420749987
 234516.435581178
 233184.3290873574
 231852.2225935367
 230520.1160997165
 229188.0096058957
 227855.9031120751
 226523.7966182546
 225191.690124434
 223859.5836306133
 222527.4771367928
 221195.370642972
 219863.2641491517


# name: QUERY
# type: sq_string
# elements: 1
# length: 2
Q4


# name: DATASIZE
# type: sq_string
# elements: 1
# length: 2
50


