# Created by Octave 3.8.2, Mon May 23 09:42:15 2016 CEST <Andrea@Andreas-MacBook-Pro.local>
# name: x
# type: matrix
# rows: 1
# columns: 100
 8 8.121212121212121 8.242424242424242 8.363636363636363 8.484848484848484 8.606060606060606 8.727272727272727 8.848484848484848 8.969696969696971 9.090909090909092 9.212121212121213 9.333333333333334 9.454545454545455 9.575757575757576 9.696969696969697 9.818181818181818 9.939393939393941 10.06060606060606 10.18181818181818 10.3030303030303 10.42424242424243 10.54545454545455 10.66666666666667 10.78787878787879 10.90909090909091 11.03030303030303 11.15151515151515 11.27272727272727 11.39393939393939 11.51515151515152 11.63636363636364 11.75757575757576 11.87878787878788 12 12.12121212121212 12.24242424242424 12.36363636363637 12.48484848484849 12.60606060606061 12.72727272727273 12.84848484848485 12.96969696969697 13.09090909090909 13.21212121212121 13.33333333333333 13.45454545454546 13.57575757575758 13.6969696969697 13.81818181818182 13.93939393939394 14.06060606060606 14.18181818181818 14.3030303030303 14.42424242424243 14.54545454545455 14.66666666666667 14.78787878787879 14.90909090909091 15.03030303030303 15.15151515151515 15.27272727272727 15.39393939393939 15.51515151515152 15.63636363636364 15.75757575757576 15.87878787878788 16 16.12121212121212 16.24242424242424 16.36363636363636 16.48484848484848 16.60606060606061 16.72727272727273 16.84848484848485 16.96969696969697 17.09090909090909 17.21212121212121 17.33333333333334 17.45454545454546 17.57575757575758 17.6969696969697 17.81818181818182 17.93939393939394 18.06060606060606 18.18181818181818 18.3030303030303 18.42424242424243 18.54545454545455 18.66666666666667 18.78787878787879 18.90909090909091 19.03030303030303 19.15151515151516 19.27272727272727 19.39393939393939 19.51515151515152 19.63636363636364 19.75757575757576 19.87878787878788 20


# name: y
# type: matrix
# rows: 100
# columns: 1
 282208.4775644368
 282208.4495594281
 282208.4242862555
 282208.4015274383
 282208.3810787481
 282208.3627486588
 282208.3463578085
 282208.3317384737
 282208.318734054
 282208.3071985695
 282208.296996169
 282208.2880006505
 282208.2800949928
 282208.2731708993
 282208.2671283528
 282208.2618751829
 282208.2573266436
 282208.253405004
 282208.2500391499
 282208.247164197
 282208.2447211158
 282208.2426563688
 282208.2409215582
 282208.239473086
 282208.2382718259
 282208.2372828061
 282208.2364749041
 282208.2358205538
 282208.2352954631
 282208.2348783437
 282208.2345506529
 282208.2342963462
 282208.2341016426
 282208.2339548004
 282208.2338459053
 282208.2337666706
 282208.2337102477
 282208.2336710495
 282208.2336445847
 282208.2336273044
 282208.2336164598
 282208.2336099712
 282208.2336063099
 282208.2336043908
 282208.2336034761
 282208.2336030926
 282208.2336029584
 282208.2336029228
 282208.2336029168
 282208.2336029164
 282208.2336029164
 282208.2336029164
 282208.2336029187
 282208.2336029369
 282208.2336030173
 282208.2336032712
 282208.2336039189
 282208.2336053457
 282208.2336081693
 282208.2336133187
 282208.2336221251
 282208.2336364241
 282208.2336586697
 282208.2336920603
 282208.2337406752
 282208.2338096244
 282208.2339052087
 282208.2340350918
 282208.2342084845
 282208.2344363398
 282208.2347315606
 282208.2351092177
 282208.2355867811
 282208.2361843613
 282208.2369249634
 282208.2378347523
 282208.2389433301
 282208.2402840239
 282208.2418941869
 282208.24381551
 282208.2460943451
 282208.2487820408
 282208.251935289
 282208.2556164831
 282208.2598940888
 282208.2648430253
 282208.2705450591
 282208.2770892085
 282208.284572161
 282208.2930987014
 282208.3027821514
 282208.3137448218
 282208.3261184754
 282208.3400448021
 282208.3556759054
 282208.3731748005
 282208.3927159242
 282208.4144856568
 282208.4386828544
 282208.4655193943


# name: QUERY
# type: sq_string
# elements: 1
# length: 2
Q4


# name: DATASIZE
# type: sq_string
# elements: 1
# length: 2
50


