# Created by Octave 3.8.2, Mon May 23 09:42:15 2016 CEST <Andrea@Andreas-MacBook-Pro.local>
# name: x
# type: matrix
# rows: 1
# columns: 100
 8 8.121212121212121 8.242424242424242 8.363636363636363 8.484848484848484 8.606060606060606 8.727272727272727 8.848484848484848 8.969696969696971 9.090909090909092 9.212121212121213 9.333333333333334 9.454545454545455 9.575757575757576 9.696969696969697 9.818181818181818 9.939393939393941 10.06060606060606 10.18181818181818 10.3030303030303 10.42424242424243 10.54545454545455 10.66666666666667 10.78787878787879 10.90909090909091 11.03030303030303 11.15151515151515 11.27272727272727 11.39393939393939 11.51515151515152 11.63636363636364 11.75757575757576 11.87878787878788 12 12.12121212121212 12.24242424242424 12.36363636363637 12.48484848484849 12.60606060606061 12.72727272727273 12.84848484848485 12.96969696969697 13.09090909090909 13.21212121212121 13.33333333333333 13.45454545454546 13.57575757575758 13.6969696969697 13.81818181818182 13.93939393939394 14.06060606060606 14.18181818181818 14.3030303030303 14.42424242424243 14.54545454545455 14.66666666666667 14.78787878787879 14.90909090909091 15.03030303030303 15.15151515151515 15.27272727272727 15.39393939393939 15.51515151515152 15.63636363636364 15.75757575757576 15.87878787878788 16 16.12121212121212 16.24242424242424 16.36363636363636 16.48484848484848 16.60606060606061 16.72727272727273 16.84848484848485 16.96969696969697 17.09090909090909 17.21212121212121 17.33333333333334 17.45454545454546 17.57575757575758 17.6969696969697 17.81818181818182 17.93939393939394 18.06060606060606 18.18181818181818 18.3030303030303 18.42424242424243 18.54545454545455 18.66666666666667 18.78787878787879 18.90909090909091 19.03030303030303 19.15151515151516 19.27272727272727 19.39393939393939 19.51515151515152 19.63636363636364 19.75757575757576 19.87878787878788 20


# name: y
# type: matrix
# rows: 100
# columns: 1
 291279.5543482843
 291265.3814443041
 291251.4965556072
 291237.8996821939
 291224.590824064
 291211.5699812176
 291198.8371536545
 291186.392341375
 291174.235544379
 291162.3667626663
 291150.7859962372
 291139.4932450915
 291128.4885092293
 291117.7717886505
 291107.3430833552
 291097.2023933433
 291087.3497186149
 291077.7850591699
 291068.5084150084
 291059.5197861304
 291050.8191725358
 291042.4065742247
 291034.281991197
 291026.4454234528
 291018.8968709921
 291011.6363338148
 291004.663811921
 290997.9793053106
 290991.5828139837
 290985.4743379402
 290979.6538771802
 290974.1214317037
 290968.8770015106
 290963.920586601
 290959.2521869748
 290954.8718026321
 290950.7794335728
 290946.975079797
 290943.4587413047
 290940.2304180958
 290937.2901101704
 290934.6378175284
 290932.2735401699
 290930.1972780948
 290928.4090313033
 290926.9087997951
 290925.6965835704
 290924.7723826292
 290924.1361969715
 290923.7880265972
 290923.7278715063
 290923.9557316989
 290924.471607175
 290925.2754979345
 290926.3674039775
 290927.7473253039
 290929.4152619138
 290931.3712138072
 290933.615180984
 290936.1471634443
 290938.967161188
 290942.0751742152
 290945.4712025258
 290949.1552461199
 290953.1273049975
 290957.3873791585
 290961.935468603
 290966.7715733309
 290971.8956933423
 290977.3078286371
 290983.0079792154
 290988.9961450772
 290995.2723262224
 291001.8365226511
 291008.6887343632
 291015.8289613588
 291023.2572036379
 291030.9734612004
 291038.9777340463
 291047.2700221757
 291055.8503255887
 291064.718644285
 291073.8749782648
 291083.319327528
 291093.0516920747
 291103.0720719049
 291113.3804670185
 291123.9768774156
 291134.8613030962
 291146.0337440601
 291157.4942003076
 291169.2426718385
 291181.2791586529
 291193.6036607507
 291206.216178132
 291219.1167107967
 291232.3052587449
 291245.7818219766
 291259.5464004917
 291273.5989942903


# name: QUERY
# type: sq_string
# elements: 1
# length: 2
Q4


# name: DATASIZE
# type: sq_string
# elements: 1
# length: 2
50


