# Created by Octave 3.8.2, Mon May 23 09:42:15 2016 CEST <Andrea@Andreas-MacBook-Pro.local>
# name: x
# type: matrix
# rows: 1
# columns: 100
 8 8.121212121212121 8.242424242424242 8.363636363636363 8.484848484848484 8.606060606060606 8.727272727272727 8.848484848484848 8.969696969696971 9.090909090909092 9.212121212121213 9.333333333333334 9.454545454545455 9.575757575757576 9.696969696969697 9.818181818181818 9.939393939393941 10.06060606060606 10.18181818181818 10.3030303030303 10.42424242424243 10.54545454545455 10.66666666666667 10.78787878787879 10.90909090909091 11.03030303030303 11.15151515151515 11.27272727272727 11.39393939393939 11.51515151515152 11.63636363636364 11.75757575757576 11.87878787878788 12 12.12121212121212 12.24242424242424 12.36363636363637 12.48484848484849 12.60606060606061 12.72727272727273 12.84848484848485 12.96969696969697 13.09090909090909 13.21212121212121 13.33333333333333 13.45454545454546 13.57575757575758 13.6969696969697 13.81818181818182 13.93939393939394 14.06060606060606 14.18181818181818 14.3030303030303 14.42424242424243 14.54545454545455 14.66666666666667 14.78787878787879 14.90909090909091 15.03030303030303 15.15151515151515 15.27272727272727 15.39393939393939 15.51515151515152 15.63636363636364 15.75757575757576 15.87878787878788 16 16.12121212121212 16.24242424242424 16.36363636363636 16.48484848484848 16.60606060606061 16.72727272727273 16.84848484848485 16.96969696969697 17.09090909090909 17.21212121212121 17.33333333333334 17.45454545454546 17.57575757575758 17.6969696969697 17.81818181818182 17.93939393939394 18.06060606060606 18.18181818181818 18.3030303030303 18.42424242424243 18.54545454545455 18.66666666666667 18.78787878787879 18.90909090909091 19.03030303030303 19.15151515151516 19.27272727272727 19.39393939393939 19.51515151515152 19.63636363636364 19.75757575757576 19.87878787878788 20


# name: y
# type: matrix
# rows: 100
# columns: 1
 282101.956337209
 282099.9435185387
 282098.050925645
 282096.2736730394
 282094.6069765732
 282093.046153438
 282091.5866221655
 282090.223902627
 282088.9536160344
 282087.7714849394
 282086.6733332337
 282085.6550861493
 282084.712770258
 282083.8425134717
 282083.0405450425
 282082.3031955624
 282081.6268969635
 282081.008182518
 282080.4436868382
 282079.9301458762
 282079.4643969246
 282079.0433786156
 282078.6641309216
 282078.3237951552
 282078.019613969
 282077.7489313555
 282077.5091926474
 282077.2979445175
 282077.1128349784
 282076.9516133831
 282076.8121304244
 282076.6923381353
 282076.5902898887
 282076.5041403977
 282076.4321457155
 282076.3726632351
 282076.3241516898
 282076.2851711528
 282076.2543830375
 282076.2305500973
 282076.2125364256
 282076.1993074559
 282076.1899299616
 282076.1835720566
 282076.1795031942
 282076.1770941684
 282076.1758171129
 282076.1752455014
 282076.1750541478
 282076.1750192062
 282076.1750181704
 282076.1750298745
 282076.1751344926
 282076.1755135388
 282076.1764498674
 282076.1783276726
 282076.1816324887
 282076.1869511901
 282076.1949719912
 282076.2064844465
 282076.2223794506
 282076.2436492379
 282076.2713873832
 282076.3067888012
 282076.3511497466
 282076.4058678141
 282076.4724419388
 282076.5524723955
 282076.6476607991
 282076.7598101048
 282076.8908246076
 282077.0427099426
 282077.2175730849
 282077.41762235
 282077.645167393
 282077.9026192094
 282078.1924901345
 282078.5173938439
 282078.8800453529
 282079.2832610172
 282079.7299585326
 282080.2231569345
 282080.7659765988
 282081.3616392413
 282082.0134679179
 282082.7248870243
 282083.4994222967
 282084.3407008109
 282085.2524509832
 282086.2385025696
 282087.3027866663
 282088.4493357095
 282089.6822834756
 282091.0058650808
 282092.4244169816
 282093.9423769745
 282095.5642841959
 282097.2947791224
 282099.1386035707
 282101.1006006974


# name: QUERY
# type: sq_string
# elements: 1
# length: 2
Q4


# name: DATASIZE
# type: sq_string
# elements: 1
# length: 2
50


