# Created by Octave 3.8.2, Mon May 23 09:42:15 2016 CEST <Andrea@Andreas-MacBook-Pro.local>
# name: x
# type: matrix
# rows: 1
# columns: 100
 8 8.121212121212121 8.242424242424242 8.363636363636363 8.484848484848484 8.606060606060606 8.727272727272727 8.848484848484848 8.969696969696971 9.090909090909092 9.212121212121213 9.333333333333334 9.454545454545455 9.575757575757576 9.696969696969697 9.818181818181818 9.939393939393941 10.06060606060606 10.18181818181818 10.3030303030303 10.42424242424243 10.54545454545455 10.66666666666667 10.78787878787879 10.90909090909091 11.03030303030303 11.15151515151515 11.27272727272727 11.39393939393939 11.51515151515152 11.63636363636364 11.75757575757576 11.87878787878788 12 12.12121212121212 12.24242424242424 12.36363636363637 12.48484848484849 12.60606060606061 12.72727272727273 12.84848484848485 12.96969696969697 13.09090909090909 13.21212121212121 13.33333333333333 13.45454545454546 13.57575757575758 13.6969696969697 13.81818181818182 13.93939393939394 14.06060606060606 14.18181818181818 14.3030303030303 14.42424242424243 14.54545454545455 14.66666666666667 14.78787878787879 14.90909090909091 15.03030303030303 15.15151515151515 15.27272727272727 15.39393939393939 15.51515151515152 15.63636363636364 15.75757575757576 15.87878787878788 16 16.12121212121212 16.24242424242424 16.36363636363636 16.48484848484848 16.60606060606061 16.72727272727273 16.84848484848485 16.96969696969697 17.09090909090909 17.21212121212121 17.33333333333334 17.45454545454546 17.57575757575758 17.6969696969697 17.81818181818182 17.93939393939394 18.06060606060606 18.18181818181818 18.3030303030303 18.42424242424243 18.54545454545455 18.66666666666667 18.78787878787879 18.90909090909091 19.03030303030303 19.15151515151516 19.27272727272727 19.39393939393939 19.51515151515152 19.63636363636364 19.75757575757576 19.87878787878788 20


# name: y
# type: matrix
# rows: 100
# columns: 1
 285152.7816112816
 285137.5363055259
 285122.90429917
 285108.873001088
 285095.429820154
 285082.5621652419
 285070.257445226
 285058.5030689802
 285047.2864453787
 285036.5949832954
 285026.4160916045
 285016.7371791801
 285007.5456548961
 284998.8289276267
 284990.574406246
 284982.7694996279
 284975.4016166466
 284968.4581661762
 284961.9265570907
 284955.7941982641
 284950.0484985706
 284944.6768668842
 284939.666712079
 284935.005443029
 284930.6804686084
 284926.6791976911
 284922.9890391513
 284919.5974018631
 284916.4916947004
 284913.6593265373
 284911.087706248
 284908.7642427065
 284906.6763447869
 284904.8114213632
 284903.1568813095
 284901.7001334998
 284900.4285868083
 284899.3296501091
 284898.390732276
 284897.5992421833
 284896.942588705
 284896.4081807152
 284895.983427088
 284895.6557366973
 284895.4125184173
 284895.2411811221
 284895.1291336858
 284895.0637849823
 284895.0325438857
 284895.0228192702
 284895.0220200098
 284895.0175549785
 284894.9968330504
 284894.9472630997
 284894.8562540003
 284894.7112146263
 284894.4995538518
 284894.208680551
 284893.8260035977
 284893.3389318662
 284892.7348742304
 284892.0012395644
 284891.1254367424
 284890.0948746384
 284888.8969621264
 284887.5191080805
 284885.9487213747
 284884.1732108833
 284882.1799854802
 284879.9564540394
 284877.4900254351
 284874.7681085413
 284871.7781122321
 284868.5074453816
 284864.9435168638
 284861.0737355528
 284856.8855103226
 284852.3662500475
 284847.5033636012
 284842.2842598581
 284836.6963476921
 284830.7270359773
 284824.3637335877
 284817.5938493976
 284810.4047922808
 284802.7839711115
 284794.7187947637
 284786.1966721116
 284777.2050120291
 284767.7312233904
 284757.7627150695
 284747.2868959405
 284736.2911748774
 284724.7629607545
 284712.6896624455
 284700.0586888247
 284686.8574487662
 284673.0733511439
 284658.693804832
 284643.7062187046


# name: QUERY
# type: sq_string
# elements: 1
# length: 2
Q4


# name: DATASIZE
# type: sq_string
# elements: 1
# length: 2
50


