# Created by Octave 4.0.0, Wed May 11 16:44:02 2016 CEST <peter@Independence>
# name: y
# type: matrix
# rows: 100
# columns: 1
 72430.69911878993
 75928.63980132443
 79426.58048385897
 82924.52116639327
 86422.46184892757
 89920.40253146185
 93418.34321399656
 96916.28389653054
 100414.2245790653
 103912.165261599
 107410.1059441339
 110908.0466266685
 114405.9873092026
 117903.9279917368
 121401.8686742708
 124899.8093568053
 128397.7500393399
 131895.6907218744
 135393.6314044087
 138891.5720869427
 142389.5127694775
 145887.4534520116
 149385.394134546
 152883.3348170803
 156381.2754996144
 159879.2161821491
 163377.1568646833
 166875.0975472179
 170373.0382297519
 173870.9789122865
 177368.9195948209
 180866.8602773552
 184364.8009598896
 187862.7416424239
 191360.6823249582
 194858.6230074926
 198356.563690027
 201854.5043725613
 205352.4450550957
 208850.3857376301
 212348.3264201643
 215846.2671026989
 219344.2077852331
 222842.1484677675
 226340.0891503018
 229838.0298328362
 233335.9705153706
 236833.9111979049
 240331.8518804392
 243829.7925629736
 247327.733245508
 250825.6739280423
 254323.6146105767
 257821.5552931111
 261319.4959756454
 264817.4366581798
 268315.3773407142
 271813.3180232485
 275311.2587057828
 278809.1993883171
 282307.1400708517
 285805.080753386
 289303.0214359202
 292800.9621184546
 296298.9028009892
 299796.8434835235
 303294.7841660577
 306792.7248485918
 310290.6655311265
 313788.6062136608
 317286.546896195
 320784.4875787295
 324282.4282612636
 327780.3689437984
 331278.3096263323
 334776.2503088669
 338274.1909914013
 341772.1316739358
 345270.0723564697
 348768.0130390043
 352265.9537215387
 355763.8944040731
 359261.8350866077
 362759.7757691417
 366257.7164516759
 369755.6571342107
 373253.5978167449
 376751.5384992792
 380249.4791818135
 383747.419864348
 387245.3605468827
 390743.3012294169
 394241.2419119511
 397739.1825944856
 401237.1232770197
 404735.0639595541
 408233.0046420882
 411730.9453246227
 415228.8860071569
 418726.8266896914


