# Created by Octave 4.0.0, Wed May 11 16:45:27 2016 CEST <peter@Independence>
# name: y
# type: matrix
# rows: 100
# columns: 1
 -34253.05152034239
 -28298.80900715105
 -22344.56649395014
 -16390.32398075613
 -10436.08146755904
 -4481.83895436427
 1472.403558832972
 7426.646072028787
 13380.88858522847
 19335.13109842545
 25289.37361162019
 31243.6161248186
 37197.85863801578
 43152.10115121561
 49106.34366440674
 55060.58617760596
 61014.82869080166
 66969.0712039996
 72923.31371719576
 78877.55623039437
 84831.79874359077
 90786.0412567883
 96740.28376998505
 102694.526283179
 108648.7687963796
 114603.0113095738
 120557.2538227719
 126511.4963359673
 132465.7388491651
 138419.981362362
 144374.2238755597
 150328.466388757
 156282.7089019535
 162236.9514151495
 168191.1939283462
 174145.4364415429
 180099.67895474
 186053.9214679372
 192008.1639811342
 197962.4064943311
 203916.6490075278
 209870.8915207247
 215825.1340339217
 221779.3765471186
 227733.6190603152
 233687.8615735122
 239642.1040867087
 245596.3465999059
 251550.5891131026
 257504.8316262998
 263459.0741394966
 269413.3166526936
 275367.5591658899
 281321.8016790877
 287276.0441922827
 293230.2867054804
 299184.529218676
 305138.7717318746
 311093.0142450704
 317047.2567582675
 323001.4992714657
 328955.7417846627
 334909.9842978611
 340864.2268110558
 346818.4693242545
 352772.7118374487
 358726.9543506452
 364681.196863841
 370635.4393770408
 376589.6818902364
 382543.9244034317
 388498.166916631
 394452.4094298281
 400406.6519430247
 406360.8944562192
 412315.1369694179
 418269.3794826119
 424223.6219958153
 430177.8645090098
 436132.1070222089
 442086.3495354032
 448040.5920486035
 453994.8345618004
 459949.0770749911
 465903.3195881922
 471857.5621013849
 477811.8046145833
 483766.0471277799
 489720.2896409802
 495674.532154173
 501628.7746673712
 507583.0171805685
 513537.2596937661
 519491.5022069599
 525445.7447201546
 531399.987233354
 537354.229746557
 543308.4722597423
 549262.7147729493
 555216.9572861482


