# Created by Octave 4.0.0, Wed May 11 16:46:02 2016 CEST <peter@Independence>
# name: y
# type: matrix
# rows: 100
# columns: 1
 266345.9076535541
 273456.4862673944
 280567.0648812354
 287677.6434950762
 294788.2221089167
 301898.8007227575
 309009.3793365981
 316119.9579504389
 323230.5365642795
 330341.1151781203
 337451.6937919609
 344562.2724058016
 351672.8510196423
 358783.4296334829
 365894.0082473237
 373004.5868611645
 380115.1654750051
 387225.7440888457
 394336.3227026865
 401446.9013165273
 408557.4799303679
 415668.0585442086
 422778.6371580493
 429889.21577189
 436999.7943857307
 444110.3729995715
 451220.9516134122
 458331.5302272529
 465442.1088410936
 472552.6874549343
 479663.266068775
 486773.8446826157
 493884.4232964564
 500995.0019102971
 508105.5805241378
 515216.1591379785
 522326.7377518193
 529437.3163656599
 536547.8949795007
 543658.4735933413
 550769.052207182
 557879.6308210228
 564990.2094348634
 572100.7880487042
 579211.3666625448
 586321.9452763855
 593432.5238902263
 600543.102504067
 607653.6811179076
 614764.2597317484
 621874.8383455891
 628985.4169594297
 636095.9955732705
 643206.5741871112
 650317.1528009519
 657427.7314147926
 664538.3100286332
 671648.888642474
 678759.4672563147
 685870.0458701554
 692980.6244839961
 700091.2030978367
 707201.7817116774
 714312.3603255182
 721422.938939359
 728533.5175531997
 735644.0961670403
 742754.674780881
 749865.2533947215
 756975.8320085624
 764086.4106224033
 771196.989236244
 778307.5678500847
 785418.1464639253
 792528.725077766
 799639.3036916067
 806749.8823054474
 813860.460919288
 820971.0395331287
 828081.6181469695
 835192.1967608104
 842302.7753746511
 849413.3539884918
 856523.9326023324
 863634.5112161729
 870745.0898300137
 877855.6684438544
 884966.2470576951
 892076.8256715359
 899187.4042853765
 906297.9828992172
 913408.5615130581
 920519.1401268988
 927629.7187407394
 934740.2973545801
 941850.8759684209
 948961.4545822614
 956072.033196102
 963182.6118099429
 970293.1904237835


