# Created by Octave 3.8.2, Mon May 23 11:17:46 2016 CEST <Andrea@Andreas-MacBook-Pro.local>
# name: x
# type: matrix
# rows: 1
# columns: 100
 60 60.60606060606061 61.21212121212121 61.81818181818181 62.42424242424242 63.03030303030303 63.63636363636364 64.24242424242425 64.84848484848484 65.45454545454545 66.06060606060606 66.66666666666666 67.27272727272728 67.87878787878788 68.48484848484848 69.09090909090909 69.6969696969697 70.3030303030303 70.90909090909091 71.51515151515152 72.12121212121212 72.72727272727272 73.33333333333333 73.93939393939394 74.54545454545455 75.15151515151516 75.75757575757575 76.36363636363636 76.96969696969697 77.57575757575758 78.18181818181819 78.78787878787878 79.39393939393939 80 80.60606060606061 81.21212121212122 81.81818181818181 82.42424242424242 83.03030303030303 83.63636363636364 84.24242424242425 84.84848484848484 85.45454545454545 86.06060606060606 86.66666666666667 87.27272727272728 87.87878787878788 88.48484848484848 89.09090909090909 89.6969696969697 90.3030303030303 90.90909090909091 91.51515151515152 92.12121212121212 92.72727272727273 93.33333333333334 93.93939393939394 94.54545454545455 95.15151515151516 95.75757575757576 96.36363636363637 96.96969696969697 97.57575757575758 98.18181818181819 98.7878787878788 99.39393939393941 100 100.6060606060606 101.2121212121212 101.8181818181818 102.4242424242424 103.030303030303 103.6363636363636 104.2424242424242 104.8484848484848 105.4545454545455 106.0606060606061 106.6666666666667 107.2727272727273 107.8787878787879 108.4848484848485 109.0909090909091 109.6969696969697 110.3030303030303 110.9090909090909 111.5151515151515 112.1212121212121 112.7272727272727 113.3333333333333 113.939393939394 114.5454545454545 115.1515151515152 115.7575757575758 116.3636363636364 116.969696969697 117.5757575757576 118.1818181818182 118.7878787878788 119.3939393939394 120


# name: y
# type: matrix
# rows: 100
# columns: 1
 73187.91321765348
 73111.78831716217
 73036.95544511902
 72963.45176430169
 72891.31372244823
 72820.57702752297
 72751.27662407827
 72683.44667072363
 72617.12051871196
 72552.33069164817
 72489.10886632299
 72427.48585467166
 72367.49158685398
 72309.15509544934
 72252.5045007572
 72197.56699719161
 72144.36884075429
 72092.93533756965
 72043.29083346168
 71995.45870455065
 71949.4613488461
 71905.32017880914
 71863.05561485654
 71822.68707977732
 71784.23299402944
 71747.71077188566
 71713.13681839345
 71680.52652711538
 71649.89427861372
 71621.25343964359
 71594.61636301821
 71569.99438810909
 71547.39784194468
 71526.83604087071
 71508.31729273565
 71491.84889956559
 71477.43716069315
 71465.08737630566
 71454.80385137987
 71446.58989996985
 71440.44784981789
 71436.37904725796
 71434.38386238414
 71434.46169445739
 71436.61097752576
 71440.82918623561
 71447.11284181278
 71455.45751819489
 71465.85784829844
 71478.30753040586
 71492.79933466043
 71509.32510965937
 71527.8757891368
 71548.4413987319
 71571.01106283857
 71595.57301153621
 71622.11458760266
 71650.62225361333
 71681.08159913206
 71713.47734800164
 71747.79336574426
 71784.01266708304
 71822.11742359927
 71862.08897154027
 71903.90781979491
 71947.55365805607
 71993.00536518922
 72040.24101782909
 72089.23789922622
 72139.97250836738
 72192.42056939322
 72246.55704133857
 72302.35612822024
 72359.79128949801
 72418.83525093459
 72479.46001587984
 72541.63687700537
 72605.33642851382
 72670.5285788481
 72737.18256392381
 72805.26696090837
 72874.74970256834
 72945.59809220579
 73017.77881920338
 73091.25797519569
 73166.00107088321
 73241.97305350346
 73319.13832497199
 73397.4607607036
 73476.90372912232
 73557.4301118666
 73639.00232469339
 73721.58233908261
 73805.13170454148
 73889.61157160469
 73974.98271552491
 74061.20556064451
 74148.24020543783
 74236.04644820932
 74324.58381343179


# name: TRAIN_QUERIES
# type: cell
# rows: 1
# columns: 1
# name: <cell-element>
# type: sq_string
# elements: 1
# length: 2
R2





# name: TEST_QUERIES
# type: cell
# rows: 1
# columns: 1
# name: <cell-element>
# type: sq_string
# elements: 1
# length: 2
R5





# name: DATASIZE
# type: sq_string
# elements: 1
# length: 3
250


