# Created by Octave 3.8.2, Mon May 23 11:17:46 2016 CEST <Andrea@Andreas-MacBook-Pro.local>
# name: x
# type: matrix
# rows: 1
# columns: 100
 60 60.60606060606061 61.21212121212121 61.81818181818181 62.42424242424242 63.03030303030303 63.63636363636364 64.24242424242425 64.84848484848484 65.45454545454545 66.06060606060606 66.66666666666666 67.27272727272728 67.87878787878788 68.48484848484848 69.09090909090909 69.6969696969697 70.3030303030303 70.90909090909091 71.51515151515152 72.12121212121212 72.72727272727272 73.33333333333333 73.93939393939394 74.54545454545455 75.15151515151516 75.75757575757575 76.36363636363636 76.96969696969697 77.57575757575758 78.18181818181819 78.78787878787878 79.39393939393939 80 80.60606060606061 81.21212121212122 81.81818181818181 82.42424242424242 83.03030303030303 83.63636363636364 84.24242424242425 84.84848484848484 85.45454545454545 86.06060606060606 86.66666666666667 87.27272727272728 87.87878787878788 88.48484848484848 89.09090909090909 89.6969696969697 90.3030303030303 90.90909090909091 91.51515151515152 92.12121212121212 92.72727272727273 93.33333333333334 93.93939393939394 94.54545454545455 95.15151515151516 95.75757575757576 96.36363636363637 96.96969696969697 97.57575757575758 98.18181818181819 98.7878787878788 99.39393939393941 100 100.6060606060606 101.2121212121212 101.8181818181818 102.4242424242424 103.030303030303 103.6363636363636 104.2424242424242 104.8484848484848 105.4545454545455 106.0606060606061 106.6666666666667 107.2727272727273 107.8787878787879 108.4848484848485 109.0909090909091 109.6969696969697 110.3030303030303 110.9090909090909 111.5151515151515 112.1212121212121 112.7272727272727 113.3333333333333 113.939393939394 114.5454545454545 115.1515151515152 115.7575757575758 116.3636363636364 116.969696969697 117.5757575757576 118.1818181818182 118.7878787878788 119.3939393939394 120


# name: y
# type: matrix
# rows: 100
# columns: 1
 54966.86906155491
 54968.45362212283
 54970.03818269076
 54971.62274325869
 54973.20730382664
 54974.79186439456
 54976.37642496248
 54977.96098553041
 54979.54554609835
 54981.13010666627
 54982.7146672342
 54984.29922780213
 54985.88378837006
 54987.46834893799
 54989.05290950592
 54990.63747007385
 54992.22203064178
 54993.80659120971
 54995.39115177763
 54996.97571234557
 54998.5602729135
 55000.14483348143
 55001.72939404935
 55003.31395461728
 55004.89851518521
 55006.48307575314
 55008.06763632107
 55009.652196889
 55011.23675745693
 55012.82131802486
 55014.40587859278
 55015.99043916072
 55017.57499972865
 55019.15956029658
 55020.7441208645
 55022.32868143243
 55023.91324200037
 55025.49780256829
 55027.08236313622
 55028.66692370415
 55030.25148427208
 55031.83604484001
 55033.42060540794
 55035.00516597587
 55036.5897265438
 55038.17428711172
 55039.75884767966
 55041.34340824759
 55042.92796881551
 55044.51252938344
 55046.09708995137
 55047.68165051931
 55049.26621108723
 55050.85077165516
 55052.43533222309
 55054.01989279102
 55055.60445335895
 55057.18901392688
 55058.77357449481
 55060.35813506274
 55061.94269563066
 55063.52725619859
 55065.11181676652
 55066.69637733445
 55068.28093790238
 55069.86549847031
 55071.45005903824
 55073.03461960617
 55074.61918017411
 55076.20374074203
 55077.78830130996
 55079.37286187788
 55080.95742244582
 55082.54198301375
 55084.12654358168
 55085.7111041496
 55087.29566471754
 55088.88022528546
 55090.4647858534
 55092.04934642131
 55093.63390698925
 55095.21846755718
 55096.80302812511
 55098.38758869304
 55099.97214926097
 55101.55670982889
 55103.14127039683
 55104.72583096475
 55106.31039153268
 55107.89495210061
 55109.47951266854
 55111.06407323646
 55112.64863380441
 55114.23319437233
 55115.81775494027
 55117.40231550819
 55118.98687607612
 55120.57143664407
 55122.15599721197
 55123.7405577799


# name: TRAIN_QUERIES
# type: cell
# rows: 1
# columns: 1
# name: <cell-element>
# type: sq_string
# elements: 1
# length: 2
R2





# name: TEST_QUERIES
# type: cell
# rows: 1
# columns: 1
# name: <cell-element>
# type: sq_string
# elements: 1
# length: 2
R5





# name: DATASIZE
# type: sq_string
# elements: 1
# length: 3
250


