# Created by Octave 3.8.2, Mon May 23 11:17:46 2016 CEST <Andrea@Andreas-MacBook-Pro.local>
# name: x
# type: matrix
# rows: 1
# columns: 100
 60 60.60606060606061 61.21212121212121 61.81818181818181 62.42424242424242 63.03030303030303 63.63636363636364 64.24242424242425 64.84848484848484 65.45454545454545 66.06060606060606 66.66666666666666 67.27272727272728 67.87878787878788 68.48484848484848 69.09090909090909 69.6969696969697 70.3030303030303 70.90909090909091 71.51515151515152 72.12121212121212 72.72727272727272 73.33333333333333 73.93939393939394 74.54545454545455 75.15151515151516 75.75757575757575 76.36363636363636 76.96969696969697 77.57575757575758 78.18181818181819 78.78787878787878 79.39393939393939 80 80.60606060606061 81.21212121212122 81.81818181818181 82.42424242424242 83.03030303030303 83.63636363636364 84.24242424242425 84.84848484848484 85.45454545454545 86.06060606060606 86.66666666666667 87.27272727272728 87.87878787878788 88.48484848484848 89.09090909090909 89.6969696969697 90.3030303030303 90.90909090909091 91.51515151515152 92.12121212121212 92.72727272727273 93.33333333333334 93.93939393939394 94.54545454545455 95.15151515151516 95.75757575757576 96.36363636363637 96.96969696969697 97.57575757575758 98.18181818181819 98.7878787878788 99.39393939393941 100 100.6060606060606 101.2121212121212 101.8181818181818 102.4242424242424 103.030303030303 103.6363636363636 104.2424242424242 104.8484848484848 105.4545454545455 106.0606060606061 106.6666666666667 107.2727272727273 107.8787878787879 108.4848484848485 109.0909090909091 109.6969696969697 110.3030303030303 110.9090909090909 111.5151515151515 112.1212121212121 112.7272727272727 113.3333333333333 113.939393939394 114.5454545454545 115.1515151515152 115.7575757575758 116.3636363636364 116.969696969697 117.5757575757576 118.1818181818182 118.7878787878788 119.3939393939394 120


# name: y
# type: matrix
# rows: 1
# columns: 100
 53837.84727982629 53834.80405600616 53831.76083218603 53828.7176083659 53825.67438454577 53822.63116072564 53819.5879369055 53816.54471308537 53813.50148926525 53810.45826544512 53807.41504162498 53804.37181780485 53801.32859398472 53798.28537016459 53795.24214634446 53792.19892252433 53789.1556987042 53786.11247488407 53783.06925106393 53780.0260272438 53776.98280342367 53773.93957960355 53770.89635578341 53767.85313196328 53764.80990814315 53761.76668432302 53758.72346050289 53755.68023668275 53752.63701286263 53749.5937890425 53746.55056522237 53743.50734140223 53740.4641175821 53737.42089376197 53734.37766994184 53731.33444612171 53728.29122230158 53725.24799848145 53722.20477466132 53719.16155084119 53716.11832702106 53713.07510320093 53710.0318793808 53706.98865556066 53703.94543174053 53700.9022079204 53697.85898410027 53694.81576028014 53691.77253646001 53688.72931263988 53685.68608881975 53682.64286499962 53679.59964117948 53676.55641735936 53673.51319353923 53670.4699697191 53667.42674589896 53664.38352207883 53661.3402982587 53658.29707443857 53655.25385061844 53652.21062679831 53649.16740297818 53646.12417915805 53643.08095533791 53640.03773151778 53636.99450769766 53633.95128387753 53630.90806005739 53627.86483623726 53624.82161241713 53621.778388597 53618.73516477687 53615.69194095674 53612.64871713661 53609.60549331648 53606.56226949635 53603.51904567621 53600.47582185608 53597.43259803596 53594.38937421583 53591.34615039569 53588.30292657556 53585.25970275543 53582.2164789353 53579.17325511517 53576.13003129504 53573.08680747491 53570.04358365478 53567.00035983464 53563.95713601451 53560.91391219438 53557.87068837426 53554.82746455412 53551.78424073399 53548.74101691386 53545.69779309373 53542.6545692736 53539.61134545347 53536.56812163334


# name: TRAIN_QUERIES
# type: cell
# rows: 1
# columns: 1
# name: <cell-element>
# type: sq_string
# elements: 1
# length: 2
R2





# name: TEST_QUERIES
# type: cell
# rows: 1
# columns: 1
# name: <cell-element>
# type: sq_string
# elements: 1
# length: 2
R5





# name: DATASIZE
# type: sq_string
# elements: 1
# length: 3
250


