# Created by Octave 3.8.2, Mon May 23 11:17:46 2016 CEST <Andrea@Andreas-MacBook-Pro.local>
# name: SVs
# type: cell
# rows: 1
# columns: 7
# name: <cell-element>
# type: sparse matrix
# nnz: 35
# rows: 5
# columns: 7
1 1 1.104579552867116
2 1 1.021513224582456
3 1 0.9502675199794997
4 1 0.9872012196542406
5 1 1.103291702816191
1 2 1.101308895828204
2 2 0.950991277945452
3 2 0.8588546128881217
4 2 0.9258777785301762
5 2 1.117176428416956
1 3 1.01353165182181
2 3 0.9953329296374902
3 3 1.047654255917409
4 3 0.9757124322825206
5 3 1.02405278808462
1 4 1.02994433067261
2 4 0.8926183444995101
3 4 1.032052983051467
4 4 0.9535056819390225
5 4 0.9806545813168138
1 5 0.8423095740369669
2 5 0.9051798756621657
3 5 0.5009825731721328
4 5 1.111846957129083
5 5 0.9279132546235266
1 6 0.8579394927749406
2 6 0.9155264374646558
3 6 0.5193586239966155
4 6 1.099349170513746
5 6 0.9420966850145243
1 7 0.6738598004940189
2 7 -1.377209219951525
3 7 1.699394310716791
4 7 0.6738598004940189
5 7 0.161092545382633



# name: <cell-element>
# type: sparse matrix
# nnz: 42
# rows: 6
# columns: 7
1 1 1.151448095791849
2 1 1.021513224582456
3 1 0.9307657906369217
4 1 0.8940620641855602
5 1 0.9872012196542406
6 1 1.103291702816191
1 2 1.042845315195858
2 2 0.950991277945452
3 2 0.8058820867903053
4 2 0.8643860428236406
5 2 0.9258777785301762
6 2 1.117176428416956
1 3 0.8960930227261225
2 3 0.9953329296374902
3 3 1.154003038682027
4 3 0.9558075798934211
5 3 0.9757124322825206
6 3 1.02405278808462
1 4 0.8298859362284972
2 4 0.8926183444995101
3 4 1.353622470827248
4 4 0.8512360415644301
5 4 0.9535056819390225
6 4 0.9806545813168138
1 5 1.182875169864818
2 5 0.9051798756621657
3 5 0.4844492066547794
4 5 0.6923127817512414
5 5 1.111846957129083
6 5 0.9279132546235266
1 6 1.154333315443475
2 6 0.9155264374646558
3 6 0.4823771774067984
4 6 0.6748759096558462
5 6 1.099349170513746
6 6 0.9420966850145243
1 7 1.699394310716791
2 7 -1.377209219951525
3 7 -0.7618885138178617
4 7 -0.351674709728753
5 7 0.6738598004940189
6 7 0.161092545382633



# name: <cell-element>
# type: sparse matrix
# nnz: 63
# rows: 9
# columns: 7
1 1 1.09781834009976
2 1 1.151448095791849
3 1 1.021513224582456
4 1 1.057894988521086
5 1 0.9567527648788003
6 1 0.9307657906369217
7 1 0.8940620641855602
8 1 0.9872012196542406
9 1 1.103291702816191
1 2 1.08358409479395
2 2 1.042845315195858
3 2 0.950991277945452
4 2 1.036183374032642
5 2 0.992779817969263
6 2 0.8058820867903053
7 2 0.8643860428236406
8 2 0.9258777785301762
9 2 1.117176428416956
1 3 1.024621498152879
2 3 0.8960930227261225
3 3 0.9953329296374902
4 3 1.161680624603536
5 3 1.02547456325527
6 3 1.154003038682027
7 3 0.9558075798934211
8 3 0.9757124322825206
9 3 1.02405278808462
1 4 0.9361092998134476
2 4 0.8298859362284972
3 4 0.8926183444995101
4 4 1.224203931074864
5 4 0.9693205747804544
6 4 1.353622470827248
7 4 0.8512360415644301
8 4 0.9535056819390225
9 4 0.9806545813168138
1 5 0.5016352060609757
2 5 1.182875169864818
3 5 0.9051798756621657
4 5 1.59370757339142
5 5 1.327977215484221
6 5 0.4844492066547794
7 5 0.6923127817512414
8 5 1.111846957129083
9 5 0.9279132546235266
1 6 0.4992953758467147
2 6 1.154333315443475
3 6 0.9155264374646558
4 6 1.58173472603136
5 6 1.328178649412614
6 6 0.4823771774067984
7 6 0.6748759096558462
8 6 1.099349170513746
9 6 0.9420966850145243
1 7 -1.377209219951525
2 7 1.699394310716791
3 7 -1.377209219951525
4 7 -0.7618885138178617
5 7 -0.351674709728753
6 7 -0.7618885138178617
7 7 -0.351674709728753
8 7 0.6738598004940189
9 7 0.161092545382633



# name: <cell-element>
# type: sparse matrix
# nnz: 56
# rows: 8
# columns: 7
1 1 1.09781834009976
2 1 1.151448095791849
3 1 1.021513224582456
4 1 1.057894988521086
5 1 0.9307657906369217
6 1 0.8940620641855602
7 1 0.9872012196542406
8 1 1.103291702816191
1 2 1.08358409479395
2 2 1.042845315195858
3 2 0.950991277945452
4 2 1.036183374032642
5 2 0.8058820867903053
6 2 0.8643860428236406
7 2 0.9258777785301762
8 2 1.117176428416956
1 3 1.024621498152879
2 3 0.8960930227261225
3 3 0.9953329296374902
4 3 1.161680624603536
5 3 1.154003038682027
6 3 0.9558075798934211
7 3 0.9757124322825206
8 3 1.02405278808462
1 4 0.9361092998134476
2 4 0.8298859362284972
3 4 0.8926183444995101
4 4 1.224203931074864
5 4 1.353622470827248
6 4 0.8512360415644301
7 4 0.9535056819390225
8 4 0.9806545813168138
1 5 0.5016352060609757
2 5 1.182875169864818
3 5 0.9051798756621657
4 5 1.59370757339142
5 5 0.4844492066547794
6 5 0.6923127817512414
7 5 1.111846957129083
8 5 0.9279132546235266
1 6 0.4992953758467147
2 6 1.154333315443475
3 6 0.9155264374646558
4 6 1.58173472603136
5 6 0.4823771774067984
6 6 0.6748759096558462
7 6 1.099349170513746
8 6 0.9420966850145243
1 7 -1.377209219951525
2 7 1.699394310716791
3 7 -1.377209219951525
4 7 -0.7618885138178617
5 7 -0.7618885138178617
6 7 -0.351674709728753
7 7 0.6738598004940189
8 7 0.161092545382633



# name: <cell-element>
# type: sparse matrix
# nnz: 63
# rows: 9
# columns: 7
1 1 1.09781834009976
2 1 1.131900371804595
3 1 1.067461874613671
4 1 0.9444721947503373
5 1 1.151448095791849
6 1 1.057894988521086
7 1 0.8940620641855602
8 1 0.9872012196542406
9 1 1.103291702816191
1 2 1.08358409479395
2 2 1.146408218733129
3 2 1.153635415510194
4 2 0.8318030942253648
5 2 1.042845315195858
6 2 1.036183374032642
7 2 0.8643860428236406
8 2 0.9258777785301762
9 2 1.117176428416956
1 3 1.024621498152879
2 3 1.163386754808316
3 3 1.114477688937958
4 3 1.036280054552209
5 3 0.8960930227261225
6 3 1.161680624603536
7 3 0.9558075798934211
8 3 0.9757124322825206
9 3 1.02405278808462
1 4 0.9361092998134476
2 4 1.332799528586029
3 4 1.078706916933691
4 4 0.9666847593068825
5 4 0.8298859362284972
6 4 1.224203931074864
7 4 0.8512360415644301
8 4 0.9535056819390225
9 4 0.9806545813168138
1 5 0.5016352060609757
2 5 1.211482244825764
3 5 1.83953262818891
4 5 0.362406856441158
5 5 1.182875169864818
6 5 1.59370757339142
7 5 0.6923127817512414
8 5 1.111846957129083
9 5 0.9279132546235266
1 6 0.4992953758467147
2 6 1.23404405809308
3 6 1.843749901870064
4 6 0.3857482363172764
5 6 1.154333315443475
6 6 1.58173472603136
7 6 0.6748759096558462
8 6 1.099349170513746
9 6 0.9420966850145243
1 7 -1.377209219951525
2 7 -1.377209219951525
3 7 0.161092545382633
4 7 -1.377209219951525
5 7 1.699394310716791
6 7 -0.7618885138178617
7 7 -0.351674709728753
8 7 0.6738598004940189
9 7 0.161092545382633



# name: <cell-element>
# type: sparse matrix
# nnz: 35
# rows: 5
# columns: 7
1 1 1.09781834009976
2 1 1.173709503814981
3 1 0.8940620641855602
4 1 0.9872012196542406
5 1 1.103291702816191
1 2 1.08358409479395
2 2 1.23252894904307
3 2 0.8643860428236406
4 2 0.9258777785301762
5 2 1.117176428416956
1 3 1.024621498152879
2 3 0.9068985140230622
3 3 0.9558075798934211
4 3 0.9757124322825206
5 3 1.02405278808462
1 4 0.9361092998134476
2 4 0.8153889511238512
3 4 0.8512360415644301
4 4 0.9535056819390225
5 4 0.9806545813168138
1 5 0.5016352060609757
2 5 1.463507312067263
3 5 0.6923127817512414
4 5 1.111846957129083
5 5 0.9279132546235266
1 6 0.4992953758467147
2 6 1.467428436571926
3 6 0.6748759096558462
4 6 1.099349170513746
5 6 0.9420966850145243
1 7 -1.377209219951525
2 7 1.699394310716791
3 7 -0.351674709728753
4 7 0.6738598004940189
5 7 0.161092545382633



# name: <cell-element>
# type: scalar
0





# name: coefficients
# type: cell
# rows: 1
# columns: 7
# name: <cell-element>
# type: matrix
# rows: 5
# columns: 1
 -0.07042956039848849
 -0.9043475810858418
 -0.467534211815575
 -1.236588646700094
 2.6789



# name: <cell-element>
# type: matrix
# rows: 6
# columns: 1
 0.3588026211302464
 -0.235909688161925
 -0.2639108068716963
 -1.31084508154078
 -3.548137044555845
 5



# name: <cell-element>
# type: matrix
# rows: 9
# columns: 1
 0.22338316063622
 0.1907693078193004
 -0.1711014852447934
 -0.02206068986339271
 -0.06222688335375055
 -0.25462564885847
 -0.9109148881203152
 -1.930022873014798
 2.9368



