# Created by Octave 3.8.2, Mon May 23 11:17:46 2016 CEST <Andrea@Andreas-MacBook-Pro.local>
# name: x
# type: matrix
# rows: 1
# columns: 100
 60 60.60606060606061 61.21212121212121 61.81818181818181 62.42424242424242 63.03030303030303 63.63636363636364 64.24242424242425 64.84848484848484 65.45454545454545 66.06060606060606 66.66666666666666 67.27272727272728 67.87878787878788 68.48484848484848 69.09090909090909 69.6969696969697 70.3030303030303 70.90909090909091 71.51515151515152 72.12121212121212 72.72727272727272 73.33333333333333 73.93939393939394 74.54545454545455 75.15151515151516 75.75757575757575 76.36363636363636 76.96969696969697 77.57575757575758 78.18181818181819 78.78787878787878 79.39393939393939 80 80.60606060606061 81.21212121212122 81.81818181818181 82.42424242424242 83.03030303030303 83.63636363636364 84.24242424242425 84.84848484848484 85.45454545454545 86.06060606060606 86.66666666666667 87.27272727272728 87.87878787878788 88.48484848484848 89.09090909090909 89.6969696969697 90.3030303030303 90.90909090909091 91.51515151515152 92.12121212121212 92.72727272727273 93.33333333333334 93.93939393939394 94.54545454545455 95.15151515151516 95.75757575757576 96.36363636363637 96.96969696969697 97.57575757575758 98.18181818181819 98.7878787878788 99.39393939393941 100 100.6060606060606 101.2121212121212 101.8181818181818 102.4242424242424 103.030303030303 103.6363636363636 104.2424242424242 104.8484848484848 105.4545454545455 106.0606060606061 106.6666666666667 107.2727272727273 107.8787878787879 108.4848484848485 109.0909090909091 109.6969696969697 110.3030303030303 110.9090909090909 111.5151515151515 112.1212121212121 112.7272727272727 113.3333333333333 113.939393939394 114.5454545454545 115.1515151515152 115.7575757575758 116.3636363636364 116.969696969697 117.5757575757576 118.1818181818182 118.7878787878788 119.3939393939394 120


# name: y
# type: matrix
# rows: 100
# columns: 1
 77413.91978693075
 77410.26311574166
 77406.85111679671
 77403.67262448564
 77400.71673397753
 77397.97280122087
 77395.43044294349
 77393.0795366526
 77390.91022063483
 77388.91289395612
 77387.07821646183
 77385.39710877667
 77383.86075230472
 77382.46058922948
 77381.18832251377
 77380.03591589979
 77378.99559390915
 77378.05984184281
 77377.22140578111
 77376.47329258376
 77375.80876988985
 77375.22136611782
 77374.70487046555
 77374.25333291022
 77373.86106420841
 77373.52263589608
 77373.23288028859
 77372.98689048062
 77372.78002034625
 77372.60788453896
 77372.46635849157
 77372.35157841627
 77372.25994130467
 77372.1881049277
 77372.13298783569
 77372.09176935836
 77372.06188960477
 77372.04104946337
 77372.02721060198
 77372.01859546785
 77372.01368728749
 77372.01123006686
 77372.01022859132
 77372.00994842555
 77372.0099159136
 77372.00991817894
 77372.01000312439
 77372.01047943214
 77372.01191656376
 77372.0151447602
 77372.02125504175
 77372.03159920813
 77372.04778983841
 77372.07170029102
 77372.10546470378
 77372.15147799387
 77372.21239585787
 77372.29113477172
 77372.3908719907
 77372.51504554955
 77372.66735426227
 77372.85175772235
 77373.07247630258
 77373.33399115514
 77373.6410442116
 77373.99863818289
 77374.41203655931
 77374.88676361056
 77375.42860438567
 77376.04360471311
 77376.73807120064
 77377.51857123547
 77378.39193298414
 77379.3652453926
 77380.44585818614
 77381.64138186943
 77382.95968772653
 77384.40890782085
 77385.99743499522
 77387.7339228718
 77389.62728585214
 77391.68669911716
 77393.92159862716
 77396.34168112182
 77398.95690412016
 77401.77748592064
 77404.81390560103
 77408.0769030185
 77411.57747880962
 77415.32689439028
 77419.33667195577
 77423.61859448078
 77428.18470571935
 77433.04731020487
 77438.21897325016
 77443.71252094737
 77449.54104016806
 77455.7178785631
 77462.2566445628
 77469.17120737684


# name: TRAIN_QUERIES
# type: cell
# rows: 1
# columns: 1
# name: <cell-element>
# type: sq_string
# elements: 1
# length: 2
R2





# name: TEST_QUERIES
# type: cell
# rows: 1
# columns: 1
# name: <cell-element>
# type: sq_string
# elements: 1
# length: 2
R5





# name: DATASIZE
# type: sq_string
# elements: 1
# length: 3
250


