# Created by Octave 3.8.2, Mon May 23 11:17:46 2016 CEST <Andrea@Andreas-MacBook-Pro.local>
# name: x
# type: matrix
# rows: 1
# columns: 100
 60 60.60606060606061 61.21212121212121 61.81818181818181 62.42424242424242 63.03030303030303 63.63636363636364 64.24242424242425 64.84848484848484 65.45454545454545 66.06060606060606 66.66666666666666 67.27272727272728 67.87878787878788 68.48484848484848 69.09090909090909 69.6969696969697 70.3030303030303 70.90909090909091 71.51515151515152 72.12121212121212 72.72727272727272 73.33333333333333 73.93939393939394 74.54545454545455 75.15151515151516 75.75757575757575 76.36363636363636 76.96969696969697 77.57575757575758 78.18181818181819 78.78787878787878 79.39393939393939 80 80.60606060606061 81.21212121212122 81.81818181818181 82.42424242424242 83.03030303030303 83.63636363636364 84.24242424242425 84.84848484848484 85.45454545454545 86.06060606060606 86.66666666666667 87.27272727272728 87.87878787878788 88.48484848484848 89.09090909090909 89.6969696969697 90.3030303030303 90.90909090909091 91.51515151515152 92.12121212121212 92.72727272727273 93.33333333333334 93.93939393939394 94.54545454545455 95.15151515151516 95.75757575757576 96.36363636363637 96.96969696969697 97.57575757575758 98.18181818181819 98.7878787878788 99.39393939393941 100 100.6060606060606 101.2121212121212 101.8181818181818 102.4242424242424 103.030303030303 103.6363636363636 104.2424242424242 104.8484848484848 105.4545454545455 106.0606060606061 106.6666666666667 107.2727272727273 107.8787878787879 108.4848484848485 109.0909090909091 109.6969696969697 110.3030303030303 110.9090909090909 111.5151515151515 112.1212121212121 112.7272727272727 113.3333333333333 113.939393939394 114.5454545454545 115.1515151515152 115.7575757575758 116.3636363636364 116.969696969697 117.5757575757576 118.1818181818182 118.7878787878788 119.3939393939394 120


# name: y
# type: matrix
# rows: 100
# columns: 1
 69251.41789682109
 69312.04738810359
 69371.29315965596
 69429.15521147821
 69485.63354357032
 69540.7281559323
 69594.43904856418
 69646.76622146591
 69697.7096746375
 69747.26940807898
 69795.44542179034
 69842.23771577155
 69887.64629002265
 69931.67114454362
 69974.31227933445
 70015.56969439516
 70055.44338972574
 70093.9333653262
 70131.03962119651
 70166.76215733672
 70201.1009737468
 70234.05607042673
 70265.62744737655
 70295.81510459623
 70324.61904208577
 70352.03925984522
 70378.07575787451
 70402.72853617369
 70425.99759474273
 70447.88293358166
 70468.38455269043
 70487.50245206911
 70505.23663171763
 70521.58709163604
 70536.55383182432
 70550.13685228246
 70562.33615301049
 70573.15173400838
 70582.58359527614
 70590.63173681378
 70597.29615862129
 70602.57686069867
 70606.47384304593
 70608.98710566305
 70610.11664855004
 70609.86247170692
 70608.22457513366
 70605.20295883027
 70600.79762279676
 70595.00856703312
 70587.83579153934
 70579.27929631545
 70569.33908136142
 70558.01514667727
 70545.30749226297
 70531.21611811857
 70515.74102424402
 70498.88221063936
 70480.63967730457
 70461.01342423965
 70440.00345144459
 70417.60975891943
 70393.8323466641
 70368.67121467867
 70342.12636296311
 70314.19779151742
 70284.8855003416
 70254.18948943565
 70222.10975879958
 70188.64630843338
 70153.79913833705
 70117.56824851059
 70079.953638954
 70040.95530966729
 70000.57326065045
 69958.80749190347
 69915.65800342638
 69871.12479521915
 69825.20786728179
 69777.90721961431
 69729.2228522167
 69679.15476508896
 69627.70295823109
 69574.8674316431
 69520.64818532497
 69465.04521927673
 69408.05853349835
 69349.68812798984
 69289.93400275121
 69228.79615778243
 69166.27459308355
 69102.36930865452
 69037.08030449538
 68970.4075806061
 68902.3511369867
 68832.91097363718
 68762.08709055751
 68689.87948774773
 68616.28816520781
 68541.31312293778


# name: TRAIN_QUERIES
# type: cell
# rows: 1
# columns: 1
# name: <cell-element>
# type: sq_string
# elements: 1
# length: 2
R2





# name: TEST_QUERIES
# type: cell
# rows: 1
# columns: 1
# name: <cell-element>
# type: sq_string
# elements: 1
# length: 2
R5





# name: DATASIZE
# type: sq_string
# elements: 1
# length: 3
250


