# Created by Octave 3.8.2, Mon May 23 11:17:46 2016 CEST <Andrea@Andreas-MacBook-Pro.local>
# name: x
# type: matrix
# rows: 1
# columns: 100
 60 60.60606060606061 61.21212121212121 61.81818181818181 62.42424242424242 63.03030303030303 63.63636363636364 64.24242424242425 64.84848484848484 65.45454545454545 66.06060606060606 66.66666666666666 67.27272727272728 67.87878787878788 68.48484848484848 69.09090909090909 69.6969696969697 70.3030303030303 70.90909090909091 71.51515151515152 72.12121212121212 72.72727272727272 73.33333333333333 73.93939393939394 74.54545454545455 75.15151515151516 75.75757575757575 76.36363636363636 76.96969696969697 77.57575757575758 78.18181818181819 78.78787878787878 79.39393939393939 80 80.60606060606061 81.21212121212122 81.81818181818181 82.42424242424242 83.03030303030303 83.63636363636364 84.24242424242425 84.84848484848484 85.45454545454545 86.06060606060606 86.66666666666667 87.27272727272728 87.87878787878788 88.48484848484848 89.09090909090909 89.6969696969697 90.3030303030303 90.90909090909091 91.51515151515152 92.12121212121212 92.72727272727273 93.33333333333334 93.93939393939394 94.54545454545455 95.15151515151516 95.75757575757576 96.36363636363637 96.96969696969697 97.57575757575758 98.18181818181819 98.7878787878788 99.39393939393941 100 100.6060606060606 101.2121212121212 101.8181818181818 102.4242424242424 103.030303030303 103.6363636363636 104.2424242424242 104.8484848484848 105.4545454545455 106.0606060606061 106.6666666666667 107.2727272727273 107.8787878787879 108.4848484848485 109.0909090909091 109.6969696969697 110.3030303030303 110.9090909090909 111.5151515151515 112.1212121212121 112.7272727272727 113.3333333333333 113.939393939394 114.5454545454545 115.1515151515152 115.7575757575758 116.3636363636364 116.969696969697 117.5757575757576 118.1818181818182 118.7878787878788 119.3939393939394 120


# name: y
# type: matrix
# rows: 100
# columns: 1
 74842.98523387566
 74848.63965185476
 74854.03892961974
 74859.18895733578
 74864.09562516803
 74868.76482328167
 74873.20244184182
 74877.41437101366
 74881.40650096233
 74885.18472185302
 74888.75492385085
 74892.12299712101
 74895.29483182864
 74898.27631813889
 74901.07334621693
 74903.69180622793
 74906.13758833702
 74908.41658270937
 74910.53467951015
 74912.49776890449
 74914.31174105758
 74915.98248613456
 74917.51589430058
 74918.91785572081
 74920.1942605604
 74921.35099898452
 74922.3939611583
 74923.32903724693
 74924.16211741556
 74924.89909182934
 74925.54585065343
 74926.10828405299
 74926.59228219316
 74927.00373523912
 74927.34853335602
 74927.63256670901
 74927.86172546327
 74928.04189978394
 74928.17897983617
 74928.27885578515
 74928.34741779599
 74928.39055603388
 74928.41416066398
 74928.42412185142
 74928.42632976139
 74928.42667455903
 74928.4310464095
 74928.44533547797
 74928.47543192958
 74928.52722592947
 74928.60660764284
 74928.71946723483
 74928.8716948706
 74929.06918071531
 74929.3178149341
 74929.62348769214
 74929.99208915458
 74930.4295094866
 74930.94163885333
 74931.53436741994
 74932.21358535159
 74932.98518281343
 74933.85504997063
 74934.82907698833
 74935.91315403172
 74937.11317126591
 74938.43501885611
 74939.88458696743
 74941.46776576505
 74943.19044541412
 74945.05851607981
 74947.07786792726
 74949.25439112165
 74951.59397582813
 74954.10251221184
 74956.78589043797
 74959.65000067164
 74962.70073307803
 74965.9439778223
 74969.3856250696
 74973.03156498508
 74976.88768773392
 74980.95988348125
 74985.25404239225
 74989.77605463206
 74994.53181036586
 74999.5271997588
 75004.76811297602
 75010.26044018268
 75016.01007154396
 75022.022897225
 75028.30480739097
 75034.86169220702
 75041.6994418383
 75048.82394644998
 75056.2410962072
 75063.95678127515
 75071.97689181895
 75080.30731800379
 75088.95394999482


# name: TRAIN_QUERIES
# type: cell
# rows: 1
# columns: 1
# name: <cell-element>
# type: sq_string
# elements: 1
# length: 2
R2





# name: TEST_QUERIES
# type: cell
# rows: 1
# columns: 1
# name: <cell-element>
# type: sq_string
# elements: 1
# length: 2
R5





# name: DATASIZE
# type: sq_string
# elements: 1
# length: 3
250


