# Created by Octave 3.8.2, Mon May 23 11:17:46 2016 CEST <Andrea@Andreas-MacBook-Pro.local>
# name: x
# type: matrix
# rows: 1
# columns: 100
 60 60.60606060606061 61.21212121212121 61.81818181818181 62.42424242424242 63.03030303030303 63.63636363636364 64.24242424242425 64.84848484848484 65.45454545454545 66.06060606060606 66.66666666666666 67.27272727272728 67.87878787878788 68.48484848484848 69.09090909090909 69.6969696969697 70.3030303030303 70.90909090909091 71.51515151515152 72.12121212121212 72.72727272727272 73.33333333333333 73.93939393939394 74.54545454545455 75.15151515151516 75.75757575757575 76.36363636363636 76.96969696969697 77.57575757575758 78.18181818181819 78.78787878787878 79.39393939393939 80 80.60606060606061 81.21212121212122 81.81818181818181 82.42424242424242 83.03030303030303 83.63636363636364 84.24242424242425 84.84848484848484 85.45454545454545 86.06060606060606 86.66666666666667 87.27272727272728 87.87878787878788 88.48484848484848 89.09090909090909 89.6969696969697 90.3030303030303 90.90909090909091 91.51515151515152 92.12121212121212 92.72727272727273 93.33333333333334 93.93939393939394 94.54545454545455 95.15151515151516 95.75757575757576 96.36363636363637 96.96969696969697 97.57575757575758 98.18181818181819 98.7878787878788 99.39393939393941 100 100.6060606060606 101.2121212121212 101.8181818181818 102.4242424242424 103.030303030303 103.6363636363636 104.2424242424242 104.8484848484848 105.4545454545455 106.0606060606061 106.6666666666667 107.2727272727273 107.8787878787879 108.4848484848485 109.0909090909091 109.6969696969697 110.3030303030303 110.9090909090909 111.5151515151515 112.1212121212121 112.7272727272727 113.3333333333333 113.939393939394 114.5454545454545 115.1515151515152 115.7575757575758 116.3636363636364 116.969696969697 117.5757575757576 118.1818181818182 118.7878787878788 119.3939393939394 120


# name: y
# type: matrix
# rows: 100
# columns: 1
 79297.91246718951
 79298.07629013783
 79298.22225583959
 79298.35195665975
 79298.46687600639
 79298.56839341842
 79298.65778953183
 79298.73625092427
 79298.80487483768
 79298.86467377967
 79298.91658000289
 79298.96144986287
 79299.00006805421
 79299.03315172502
 79299.06135446971
 79299.08527020019
 79299.10543689528
 79299.12234022851
 79299.13641707426
 79299.1480588922
 79299.15761499005
 79299.16539566471
 79299.17167522172
 79299.17669487293
 79299.18066551274
 79299.18377037237
 79299.18616755269
 79299.18799243528
 79299.18935997189
 79299.19036685207
 79299.19109354932
 79299.19160624544
 79299.19195863328
 79299.19219359776
 79299.19234477526
 79299.19243799138
 79299.19249257687
 79299.19252256207
 79299.19253774956
 79299.19254466526
 79299.19254738769
 79299.19254825567
 79299.19254845436
 79299.19254847959
 79299.19254848047
 79299.19254848045
 79299.19254847663
 79299.19254841734
 79299.19254805823
 79299.1925466965
 79299.19254278357
 79299.19253341598
 79299.19251370481
 79299.19247602316
 79299.1924091322
 79299.19229718539
 79299.19211861116
 79299.19184487376
 79299.19143911253
 79299.19085465961
 79299.19003343571
 79299.18890422443
 79299.18738082488
 79299.1853600825
 79299.18271979835
 79299.1793165167
 79299.17498319082
 79299.16952672733
 79299.16272540866
 79299.15432619397
 79299.14404189831
 79299.13154825027
 79299.11648082768
 79299.09843187194
 79299.07694698048
 79299.05152167763
 79299.02159786377
 79298.98656014289
 79298.94573202837
 79298.89837202718
 79298.84366960236
 79298.78074101383
 79298.70862503763
 79298.6262785632
 79298.53257206944
 79298.42628497863
 79298.30610088902
 79298.17060268558
 79298.01826752916
 79297.84746172384
 79297.65643546286
 79297.44331745261
 79297.20610941508
 79296.9426804687
 79296.65076138734
 79296.32793873781
 79295.97164889553
 79295.57917193872
 79295.14762542068
 79294.67395802062


# name: TRAIN_QUERIES
# type: cell
# rows: 1
# columns: 1
# name: <cell-element>
# type: sq_string
# elements: 1
# length: 2
R2





# name: TEST_QUERIES
# type: cell
# rows: 1
# columns: 1
# name: <cell-element>
# type: sq_string
# elements: 1
# length: 2
R5





# name: DATASIZE
# type: sq_string
# elements: 1
# length: 3
250


