# Created by Octave 4.0.0, Mon May 23 13:37:47 2016 CEST <peter@Independence>
# name: x
# type: matrix
# rows: 1
# columns: 100
 0.008333333333333333 0.008417508417508417 0.008501683501683501 0.008585858585858586 0.00867003367003367 0.008754208754208754 0.008838383838383838 0.008922558922558922 0.009006734006734006 0.00909090909090909 0.009175084175084175 0.009259259259259259 0.009343434343434343 0.009427609427609427 0.009511784511784511 0.009595959595959595 0.009680134680134679 0.009764309764309764 0.009848484848484849 0.009932659932659932 0.01001683501683502 0.0101010101010101 0.01018518518518519 0.01026936026936027 0.01035353535353535 0.01043771043771044 0.01052188552188552 0.0106060606060606 0.01069023569023569 0.01077441077441077 0.01085858585858586 0.01094276094276094 0.01102693602693603 0.01111111111111111 0.0111952861952862 0.01127946127946128 0.01136363636363636 0.01144781144781145 0.01153198653198653 0.01161616161616162 0.0117003367003367 0.01178451178451178 0.01186868686868687 0.01195286195286195 0.01203703703703704 0.01212121212121212 0.01220538720538721 0.01228956228956229 0.01237373737373737 0.01245791245791246 0.01254208754208754 0.01262626262626263 0.01271043771043771 0.01279461279461279 0.01287878787878788 0.01296296296296296 0.01304713804713805 0.01313131313131313 0.01321548821548822 0.0132996632996633 0.01338383838383838 0.01346801346801347 0.01355218855218855 0.01363636363636364 0.01372053872053872 0.0138047138047138 0.01388888888888889 0.01397306397306397 0.01405723905723906 0.01414141414141414 0.01422558922558922 0.01430976430976431 0.01439393939393939 0.01447811447811448 0.01456228956228956 0.01464646464646465 0.01473063973063973 0.01481481481481481 0.0148989898989899 0.01498316498316498 0.01506734006734007 0.01515151515151515 0.01523569023569023 0.01531986531986532 0.0154040404040404 0.01548821548821549 0.01557239057239057 0.01565656565656566 0.01574074074074074 0.01582491582491583 0.01590909090909091 0.01599326599326599 0.01607744107744108 0.01616161616161616 0.01624579124579124 0.01632996632996633 0.01641414141414141 0.0164983164983165 0.01658249158249158 0.01666666666666667


# name: y
# type: matrix
# rows: 100
# columns: 1
 270487.6503582349
 271862.7910681516
 273603.4994739756
 275693.5840992813
 278114.5069922602
 280845.5585042849
 283864.0576138041
 287145.5756780636
 290664.1811594228
 294392.7025704372
 298303.0066175734
 302366.2883018462
 306553.369559548
 310835.0029004788
 315182.1764267141
 319566.4165930722
 323960.0851012713
 328336.6664025253
 332671.0424163982
 336939.7512545538
 341121.2269632862
 345196.0175642857
 349146.9789742576
 352959.4427154295
 356621.3556849424
 360123.3906255065
 363459.0263262241
 366624.5969747901
 369619.3104740041
 372445.2359205306
 375107.2608162259
 377613.018936604
 379972.7901121464
 382199.3734817075
 384307.9360494564
 386315.8386144959
 388242.4413431894
 390108.891416669
 391937.8953092058
 393753.4783369948
 395580.7341621281
 397445.5669444515
 399374.4288066166
 401394.0552175031
 403531.2008093666
 405812.3780280037
 408263.6008766849
 410910.1358575711
 413776.2620428855
 416885.0420263482
 420258.1053173515
 423915.4455498523
 427875.2326886259
 432153.6412305778
 436764.6952211236
 441720.1307376269
 447029.2763354464
 452698.9518086946
 458733.3854882301
 465134.1501840517
 471900.1177779872
 479027.4323847607
 486509.5019241129
 494337.0078822391
 502497.9329856409
 510977.606462597
 519758.7665247176
 528821.6396612286
 538144.0362995379
 547701.4623451508
 557467.2460701517
 567412.6797705644
 577507.1755575156
 587718.4345842125
 598012.6289396859
 608354.5953608144
 618708.0398266343
 629035.7520040579
 639299.8284130719
 649461.9030738913
 659483.3842904191
 669325.6961160826
 678950.5229423402
 688320.0555497513
 697397.2368694823
 706146.0056225576
 714531.5359380553
 722520.4710027276
 730081.1487658484
 737183.8177168409
 743800.8407714593
 749906.8853464967
 755479.0977742769
 760497.260307024
 764943.9290875434
 768804.5516157905
 772067.5624195805
 774724.4558400144
 776769.8350657431
 778201.4367919933


# name: QUERY
# type: sq_string
# elements: 1
# length: 2
R4


# name: DATASIZE
# type: sq_string
# elements: 1
# length: 3
500


