# Created by Octave 3.8.2, Wed May 18 17:57:44 2016 CEST <Andrea@Andreas-MacBook-Pro.local>
# name: x
# type: matrix
# rows: 1
# columns: 100
 0.008333333333333333 0.008417508417508417 0.008501683501683501 0.008585858585858586 0.00867003367003367 0.008754208754208754 0.008838383838383838 0.008922558922558922 0.009006734006734006 0.00909090909090909 0.009175084175084175 0.009259259259259259 0.009343434343434343 0.009427609427609427 0.009511784511784511 0.009595959595959595 0.009680134680134679 0.009764309764309764 0.009848484848484848 0.009932659932659932 0.01001683501683502 0.0101010101010101 0.01018518518518518 0.01026936026936027 0.01035353535353535 0.01043771043771044 0.01052188552188552 0.0106060606060606 0.01069023569023569 0.01077441077441077 0.01085858585858586 0.01094276094276094 0.01102693602693603 0.01111111111111111 0.01119528619528619 0.01127946127946128 0.01136363636363636 0.01144781144781145 0.01153198653198653 0.01161616161616162 0.0117003367003367 0.01178451178451178 0.01186868686868687 0.01195286195286195 0.01203703703703704 0.01212121212121212 0.01220538720538721 0.01228956228956229 0.01237373737373737 0.01245791245791246 0.01254208754208754 0.01262626262626263 0.01271043771043771 0.01279461279461279 0.01287878787878788 0.01296296296296296 0.01304713804713805 0.01313131313131313 0.01321548821548822 0.0132996632996633 0.01338383838383838 0.01346801346801347 0.01355218855218855 0.01363636363636364 0.01372053872053872 0.0138047138047138 0.01388888888888889 0.01397306397306397 0.01405723905723906 0.01414141414141414 0.01422558922558922 0.01430976430976431 0.01439393939393939 0.01447811447811448 0.01456228956228956 0.01464646464646465 0.01473063973063973 0.01481481481481482 0.0148989898989899 0.01498316498316498 0.01506734006734007 0.01515151515151515 0.01523569023569023 0.01531986531986532 0.0154040404040404 0.01548821548821549 0.01557239057239057 0.01565656565656566 0.01574074074074074 0.01582491582491583 0.01590909090909091 0.01599326599326599 0.01607744107744108 0.01616161616161616 0.01624579124579124 0.01632996632996633 0.01641414141414141 0.0164983164983165 0.01658249158249158 0.01666666666666667


# name: y
# type: matrix
# rows: 100
# columns: 1
 264934.8795493498
 265792.215141459
 267007.1679004785
 268566.1369320439
 270453.2801696615
 272650.6686094134
 275138.4647760856
 277895.1235328376
 280897.6130298753
 284121.6533007597
 287541.969762794
 291132.5586645738
 294866.9613527951
 298718.5441045712
 302660.7801927866
 306667.5308215667
 310713.3215870482
 314773.6111847259
 318825.0491973308
 322845.7199542235
 326815.3696517223
 330715.614159932
 334530.1252112521
 338244.79296399
 341847.8632562032
 345330.0482044693
 348684.6091540316
 351907.4113448499
 354996.9500167025
 357954.348029994
 360783.3254218986
 363490.1416448614
 366083.5115416454
 368574.4963939594
 370976.3716366873
 373304.4730539675
 375576.0234646411
 377809.9420613406
 380026.6386889395
 382247.7954340678
 384496.1379484804
 386795.198946413
 389169.0763014255
 391642.1881239115
 394239.0271291531
 396983.9165106403
 399900.7694177214
 403012.8540040892
 406342.5658678114
 409911.2095482641
 413738.790584044
 417843.8194721459
 422243.1287056124
 426951.7039073731
 431982.5299246207
 437346.452602909
 443052.0568238629
 449105.5612661201
 455510.7302365648
 462268.802818261
 469378.4394924867
 476835.6863141953
 484633.956652022
 492764.0304441449
 501214.0708682399
 509969.6582754867
 519013.8411930794
 528327.2041548659
 537887.9520735303
 547672.0108181864
 557653.1436066183
 567803.0827601521
 578091.6763001091
 588487.048787133
 598955.7757180132
 609463.0706989884
 619972.9845103954
 630448.6150659164
 640852.3271519921
 651145.9807110403
 661291.16630822
 671249.4462981458
 680982.6000880719
 690452.8717806374
 699623.2183754878
 708457.5566181422
 716921.0065094992
 724980.1294333582
 732603.1588250222
 739760.2212938608
 746423.5461286879
 752567.6611584735
 758169.5730133088
 763208.9299321002
 767668.1653940463
 771532.6210097387
 774790.6472933358
 777433.6811476706
 779456.2991267494
 780856.2457917847


# name: QUERY
# type: sq_string
# elements: 1
# length: 2
R4


# name: DATASIZE
# type: sq_string
# elements: 1
# length: 3
500


