# Created by Octave 4.0.0, Mon May 23 13:37:47 2016 CEST <peter@Independence>
# name: x
# type: matrix
# rows: 1
# columns: 100
 0.008333333333333333 0.008417508417508417 0.008501683501683501 0.008585858585858586 0.00867003367003367 0.008754208754208754 0.008838383838383838 0.008922558922558922 0.009006734006734006 0.00909090909090909 0.009175084175084175 0.009259259259259259 0.009343434343434343 0.009427609427609427 0.009511784511784511 0.009595959595959595 0.009680134680134679 0.009764309764309764 0.009848484848484849 0.009932659932659932 0.01001683501683502 0.0101010101010101 0.01018518518518519 0.01026936026936027 0.01035353535353535 0.01043771043771044 0.01052188552188552 0.0106060606060606 0.01069023569023569 0.01077441077441077 0.01085858585858586 0.01094276094276094 0.01102693602693603 0.01111111111111111 0.0111952861952862 0.01127946127946128 0.01136363636363636 0.01144781144781145 0.01153198653198653 0.01161616161616162 0.0117003367003367 0.01178451178451178 0.01186868686868687 0.01195286195286195 0.01203703703703704 0.01212121212121212 0.01220538720538721 0.01228956228956229 0.01237373737373737 0.01245791245791246 0.01254208754208754 0.01262626262626263 0.01271043771043771 0.01279461279461279 0.01287878787878788 0.01296296296296296 0.01304713804713805 0.01313131313131313 0.01321548821548822 0.0132996632996633 0.01338383838383838 0.01346801346801347 0.01355218855218855 0.01363636363636364 0.01372053872053872 0.0138047138047138 0.01388888888888889 0.01397306397306397 0.01405723905723906 0.01414141414141414 0.01422558922558922 0.01430976430976431 0.01439393939393939 0.01447811447811448 0.01456228956228956 0.01464646464646465 0.01473063973063973 0.01481481481481481 0.0148989898989899 0.01498316498316498 0.01506734006734007 0.01515151515151515 0.01523569023569023 0.01531986531986532 0.0154040404040404 0.01548821548821549 0.01557239057239057 0.01565656565656566 0.01574074074074074 0.01582491582491583 0.01590909090909091 0.01599326599326599 0.01607744107744108 0.01616161616161616 0.01624579124579124 0.01632996632996633 0.01641414141414141 0.0164983164983165 0.01658249158249158 0.01666666666666667


# name: y
# type: matrix
# rows: 100
# columns: 1
 219637.7019723537
 224729.1134521623
 229820.5249319706
 234911.9364117792
 240003.3478915876
 245094.7593713963
 250186.1708512047
 255277.5823310133
 260368.9938108217
 265460.4052906303
 270551.8167704388
 275643.2282502472
 280734.6397300559
 285826.0512098642
 290917.4626896728
 296008.8741694813
 301100.2856492898
 306191.6971290982
 311283.1086089069
 316374.5200887153
 321465.9315685239
 326557.3430483323
 331648.7545281409
 336740.1660079494
 341831.5774877579
 346922.9889675663
 352014.4004473749
 357105.8119271834
 362197.2234069919
 367288.6348868004
 372380.0463666089
 377471.4578464174
 382562.8693262259
 387654.2808060345
 392745.6922858429
 397837.1037656515
 402928.5152454599
 408019.9267252684
 413111.3382050769
 418202.7496848855
 423294.1611646939
 428385.5726445024
 433476.984124311
 438568.3956041195
 443659.807083928
 448751.2185637365
 453842.630043545
 458934.0415233535
 464025.453003162
 469116.8644829705
 474208.275962779
 479299.6874425876
 484391.098922396
 489482.5104022045
 494573.921882013
 499665.3333618216
 504756.7448416301
 509848.1563214385
 514939.5678012471
 520030.9792810556
 525122.3907608641
 530213.8022406725
 535305.213720481
 540396.6252002897
 545488.0366800982
 550579.4481599065
 555670.8596397152
 560762.2711195237
 565853.6825993321
 570945.0940791406
 576036.5055589492
 581127.9170387577
 586219.3285185662
 591310.7399983746
 596402.1514781831
 601493.5629579916
 606584.9744378002
 611676.3859176086
 616767.7973974172
 621859.2088772258
 626950.6203570343
 632042.0318368429
 637133.4433166512
 642224.8547964597
 647316.2662762682
 652407.6777560768
 657499.0892358853
 662590.5007156937
 667681.9121955022
 672773.3236753107
 677864.7351551192
 682956.1466349277
 688047.5581147363
 693138.9695945447
 698230.3810743534
 703321.7925541617
 708413.2040339703
 713504.6155137788
 718596.0269935871
 723687.4384733958


# name: QUERY
# type: sq_string
# elements: 1
# length: 2
R4


# name: DATASIZE
# type: sq_string
# elements: 1
# length: 3
500


