# Created by Octave 4.0.0, Mon May 23 13:37:47 2016 CEST <peter@Independence>
# name: x
# type: matrix
# rows: 1
# columns: 100
 0.008333333333333333 0.008417508417508417 0.008501683501683501 0.008585858585858586 0.00867003367003367 0.008754208754208754 0.008838383838383838 0.008922558922558922 0.009006734006734006 0.00909090909090909 0.009175084175084175 0.009259259259259259 0.009343434343434343 0.009427609427609427 0.009511784511784511 0.009595959595959595 0.009680134680134679 0.009764309764309764 0.009848484848484849 0.009932659932659932 0.01001683501683502 0.0101010101010101 0.01018518518518519 0.01026936026936027 0.01035353535353535 0.01043771043771044 0.01052188552188552 0.0106060606060606 0.01069023569023569 0.01077441077441077 0.01085858585858586 0.01094276094276094 0.01102693602693603 0.01111111111111111 0.0111952861952862 0.01127946127946128 0.01136363636363636 0.01144781144781145 0.01153198653198653 0.01161616161616162 0.0117003367003367 0.01178451178451178 0.01186868686868687 0.01195286195286195 0.01203703703703704 0.01212121212121212 0.01220538720538721 0.01228956228956229 0.01237373737373737 0.01245791245791246 0.01254208754208754 0.01262626262626263 0.01271043771043771 0.01279461279461279 0.01287878787878788 0.01296296296296296 0.01304713804713805 0.01313131313131313 0.01321548821548822 0.0132996632996633 0.01338383838383838 0.01346801346801347 0.01355218855218855 0.01363636363636364 0.01372053872053872 0.0138047138047138 0.01388888888888889 0.01397306397306397 0.01405723905723906 0.01414141414141414 0.01422558922558922 0.01430976430976431 0.01439393939393939 0.01447811447811448 0.01456228956228956 0.01464646464646465 0.01473063973063973 0.01481481481481481 0.0148989898989899 0.01498316498316498 0.01506734006734007 0.01515151515151515 0.01523569023569023 0.01531986531986532 0.0154040404040404 0.01548821548821549 0.01557239057239057 0.01565656565656566 0.01574074074074074 0.01582491582491583 0.01590909090909091 0.01599326599326599 0.01607744107744108 0.01616161616161616 0.01624579124579124 0.01632996632996633 0.01641414141414141 0.0164983164983165 0.01658249158249158 0.01666666666666667


# name: y
# type: matrix
# rows: 1
# columns: 100
 221030.74072446 226109.5472633541 231188.3538022481 236267.1603411421 241345.9668800362 246424.7734189302 251503.5799578243 256582.3864967183 261661.1930356123 266739.9995745064 271818.8061134005 276897.6126522945 281976.4191911885 287055.2257300826 292134.0322689767 297212.8388078707 302291.6453467647 307370.4518856588 312449.2584245529 317528.0649634469 322606.8715023409 327685.678041235 332764.484580129 337843.2911190231 342922.0976579171 348000.9041968111 353079.7107357052 358158.5172745992 363237.3238134932 368316.1303523873 373394.9368912814 378473.7434301754 383552.5499690694 388631.3565079635 393710.1630468576 398788.9695857516 403867.7761246456 408946.5826635397 414025.3892024338 419104.1957413278 424183.0022802218 429261.8088191159 434340.6153580099 439419.421896904 444498.228435798 449577.034974692 454655.8415135861 459734.6480524801 464813.4545913742 469892.2611302682 474971.0676691623 480049.8742080564 485128.6807469504 490207.4872858444 495286.2938247385 500365.1003636325 505443.9069025266 510522.7134414206 515601.5199803147 520680.3265192087 525759.1330581027 530837.9395969968 535916.7461358908 540995.5526747849 546074.3592136789 551153.1657525729 556231.972291467 561310.7788303611 566389.585369255 571468.3919081491 576547.1984470432 581626.0049859373 586704.8115248312 591783.6180637253 596862.4246026194 601941.2311415134 607020.0376804075 612098.8442193015 617177.6507581956 622256.4572970896 627335.2638359836 632414.0703748777 637492.8769137717 642571.6834526658 647650.4899915599 652729.2965304538 657808.1030693479 662886.909608242 667965.7161471359 673044.52268603 678123.3292249241 683202.1357638182 688280.9423027122 693359.7488416062 698438.5553805003 703517.3619193943 708596.1684582883 713674.9749971824 718753.7815360765 723832.5880749705


# name: QUERY
# type: sq_string
# elements: 1
# length: 2
R4


# name: DATASIZE
# type: sq_string
# elements: 1
# length: 3
500


