# Created by Octave 3.8.2, Wed May 18 17:57:44 2016 CEST <Andrea@Andreas-MacBook-Pro.local>
# name: x
# type: matrix
# rows: 1
# columns: 100
 0.008333333333333333 0.008417508417508417 0.008501683501683501 0.008585858585858586 0.00867003367003367 0.008754208754208754 0.008838383838383838 0.008922558922558922 0.009006734006734006 0.00909090909090909 0.009175084175084175 0.009259259259259259 0.009343434343434343 0.009427609427609427 0.009511784511784511 0.009595959595959595 0.009680134680134679 0.009764309764309764 0.009848484848484848 0.009932659932659932 0.01001683501683502 0.0101010101010101 0.01018518518518518 0.01026936026936027 0.01035353535353535 0.01043771043771044 0.01052188552188552 0.0106060606060606 0.01069023569023569 0.01077441077441077 0.01085858585858586 0.01094276094276094 0.01102693602693603 0.01111111111111111 0.01119528619528619 0.01127946127946128 0.01136363636363636 0.01144781144781145 0.01153198653198653 0.01161616161616162 0.0117003367003367 0.01178451178451178 0.01186868686868687 0.01195286195286195 0.01203703703703704 0.01212121212121212 0.01220538720538721 0.01228956228956229 0.01237373737373737 0.01245791245791246 0.01254208754208754 0.01262626262626263 0.01271043771043771 0.01279461279461279 0.01287878787878788 0.01296296296296296 0.01304713804713805 0.01313131313131313 0.01321548821548822 0.0132996632996633 0.01338383838383838 0.01346801346801347 0.01355218855218855 0.01363636363636364 0.01372053872053872 0.0138047138047138 0.01388888888888889 0.01397306397306397 0.01405723905723906 0.01414141414141414 0.01422558922558922 0.01430976430976431 0.01439393939393939 0.01447811447811448 0.01456228956228956 0.01464646464646465 0.01473063973063973 0.01481481481481482 0.0148989898989899 0.01498316498316498 0.01506734006734007 0.01515151515151515 0.01523569023569023 0.01531986531986532 0.0154040404040404 0.01548821548821549 0.01557239057239057 0.01565656565656566 0.01574074074074074 0.01582491582491583 0.01590909090909091 0.01599326599326599 0.01607744107744108 0.01616161616161616 0.01624579124579124 0.01632996632996633 0.01641414141414141 0.0164983164983165 0.01658249158249158 0.01666666666666667


# name: y
# type: matrix
# rows: 1
# columns: 100
 213116.2391997561 218414.311298483 223712.3833972097 229010.4554959366 234308.5275946633 239606.5996933901 244904.6717921169 250202.7438908438 255500.8159895706 260798.8880882974 266096.9601870241 271395.032285751 276693.1043844777 281991.1764832046 287289.2485819313 292587.3206806582 297885.392779385 303183.4648781117 308481.5369768386 313779.6090755654 319077.6811742922 324375.753273019 329673.8253717457 334971.8974704726 340269.9695691994 345568.0416679262 350866.113766653 356164.1858653798 361462.2579641066 366760.3300628334 372058.4021615602 377356.474260287 382654.5463590138 387952.6184577406 393250.6905564674 398548.7626551942 403846.834753921 409144.9068526478 414442.9789513746 419741.0510501014 425039.1231488282 430337.195247555 435635.2673462818 440933.3394450086 446231.4115437354 451529.4836424622 456827.555741189 462125.6278399158 467423.6999386426 472721.7720373694 478019.8441360962 483317.916234823 488615.9883335498 493914.0604322766 499212.1325310034 504510.2046297302 509808.276728457 515106.3488271838 520404.4209259106 525702.4930246375 531000.5651233642 536298.637222091 541596.7093208178 546894.7814195446 552192.8535182714 557490.9256169982 562788.997715725 568087.0698144517 573385.1419131786 578683.2140119054 583981.2861106322 589279.358209359 594577.4303080859 599875.5024068126 605173.5745055394 610471.6466042663 615769.718702993 621067.7908017199 626365.8629004466 631663.9349991734 636962.0070979001 642260.079196627 647558.1512953538 652856.2233940805 658154.2954928074 663452.3675915343 668750.439690261 674048.5117889878 679346.5838877147 684644.6559864415 689942.7280851682 695240.800183895 700538.8722826219 705836.9443813486 711135.0164800754 716433.0885788022 721731.1606775289 727029.2327762558 732327.3048749827 737625.3769737096


# name: QUERY
# type: sq_string
# elements: 1
# length: 2
R4


# name: DATASIZE
# type: sq_string
# elements: 1
# length: 3
500


