# Created by Octave 3.8.2, Wed May 18 17:57:44 2016 CEST <Andrea@Andreas-MacBook-Pro.local>
# name: x
# type: matrix
# rows: 1
# columns: 100
 0.008333333333333333 0.008417508417508417 0.008501683501683501 0.008585858585858586 0.00867003367003367 0.008754208754208754 0.008838383838383838 0.008922558922558922 0.009006734006734006 0.00909090909090909 0.009175084175084175 0.009259259259259259 0.009343434343434343 0.009427609427609427 0.009511784511784511 0.009595959595959595 0.009680134680134679 0.009764309764309764 0.009848484848484848 0.009932659932659932 0.01001683501683502 0.0101010101010101 0.01018518518518518 0.01026936026936027 0.01035353535353535 0.01043771043771044 0.01052188552188552 0.0106060606060606 0.01069023569023569 0.01077441077441077 0.01085858585858586 0.01094276094276094 0.01102693602693603 0.01111111111111111 0.01119528619528619 0.01127946127946128 0.01136363636363636 0.01144781144781145 0.01153198653198653 0.01161616161616162 0.0117003367003367 0.01178451178451178 0.01186868686868687 0.01195286195286195 0.01203703703703704 0.01212121212121212 0.01220538720538721 0.01228956228956229 0.01237373737373737 0.01245791245791246 0.01254208754208754 0.01262626262626263 0.01271043771043771 0.01279461279461279 0.01287878787878788 0.01296296296296296 0.01304713804713805 0.01313131313131313 0.01321548821548822 0.0132996632996633 0.01338383838383838 0.01346801346801347 0.01355218855218855 0.01363636363636364 0.01372053872053872 0.0138047138047138 0.01388888888888889 0.01397306397306397 0.01405723905723906 0.01414141414141414 0.01422558922558922 0.01430976430976431 0.01439393939393939 0.01447811447811448 0.01456228956228956 0.01464646464646465 0.01473063973063973 0.01481481481481482 0.0148989898989899 0.01498316498316498 0.01506734006734007 0.01515151515151515 0.01523569023569023 0.01531986531986532 0.0154040404040404 0.01548821548821549 0.01557239057239057 0.01565656565656566 0.01574074074074074 0.01582491582491583 0.01590909090909091 0.01599326599326599 0.01607744107744108 0.01616161616161616 0.01624579124579124 0.01632996632996633 0.01641414141414141 0.0164983164983165 0.01658249158249158 0.01666666666666667


# name: y
# type: matrix
# rows: 100
# columns: 1
 216434.9765520622
 221628.2363334521
 226821.4961148417
 232014.7558962315
 237208.0156776211
 242401.2754590107
 247594.5352404006
 252787.7950217901
 257981.0548031799
 263174.3145845696
 268367.5743659592
 273560.8341473489
 278754.0939287387
 283947.3537101284
 289140.613491518
 294333.8732729079
 299527.1330542975
 304720.3928356873
 309913.6526170769
 315106.9123984666
 320300.1721798563
 325493.4319612459
 330686.6917426356
 335879.9515240254
 341073.211305415
 346266.4710868048
 351459.7308681945
 356652.9906495841
 361846.2504309738
 367039.5102123636
 372232.7699937532
 377426.029775143
 382619.2895565327
 387812.5493379224
 393005.809119312
 398199.0689007018
 403392.3286820914
 408585.5884634812
 413778.8482448709
 418972.1080262606
 424165.3678076502
 429358.6275890399
 434551.8873704296
 439745.1471518193
 444938.406933209
 450131.6667145987
 455324.9264959884
 460518.1862773781
 465711.4460587678
 470904.7058401575
 476097.9656215472
 481291.2254029369
 486484.4851843267
 491677.7449657163
 496871.0047471061
 502064.2645284957
 507257.5243098854
 512450.7840912751
 517644.0438726647
 522837.3036540545
 528030.5634354441
 533223.8232168339
 538417.0829982236
 543610.3427796133
 548803.6025610029
 553996.8623423928
 559190.1221237824
 564383.381905172
 569576.6416865618
 574769.9014679516
 579963.1612493412
 585156.4210307309
 590349.6808121207
 595542.9405935103
 600736.2003749
 605929.4601562897
 611122.7199376794
 616315.9797190691
 621509.2395004588
 626702.4992818485
 631895.7590632382
 637089.0188446278
 642282.2786260175
 647475.5384074072
 652668.798188797
 657862.0579701866
 663055.3177515762
 668248.5775329662
 673441.8373143559
 678635.0970957454
 683828.3568771352
 689021.6166585248
 694214.8764399145
 699408.1362213041
 704601.3960026939
 709794.6557840835
 714987.9155654733
 720181.1753468628
 725374.4351282527
 730567.6949096425


# name: QUERY
# type: sq_string
# elements: 1
# length: 2
R4


# name: DATASIZE
# type: sq_string
# elements: 1
# length: 3
500


