# Created by Octave 4.0.0, Mon May 23 13:37:47 2016 CEST <peter@Independence>
# name: SVs
# type: cell
# rows: 1
# columns: 7
# name: <cell-element>
# type: sparse matrix
# nnz: 18
# rows: 18
# columns: 1
1 1 0.1958200625686886
2 1 0.1958200625686886
3 1 1.68026247236355
4 1 0.1958200625686886
5 1 0.1958200625686886
6 1 1.68026247236355
7 1 -1.288622347226174
8 1 -0.6948453833082286
9 1 1.68026247236355
10 1 0.1958200625686886
11 1 0.1958200625686886
12 1 0.1958200625686886
13 1 0.1958200625686886
14 1 -0.6948453833082286
15 1 1.68026247236355
16 1 0.1958200625686886
17 1 1.68026247236355
18 1 -1.288622347226174



# name: <cell-element>
# type: sparse matrix
# nnz: 10
# rows: 10
# columns: 1
1 1 -1.288622347226174
2 1 1.68026247236355
3 1 1.68026247236355
4 1 -1.288622347226174
5 1 1.68026247236355
6 1 -1.288622347226174
7 1 1.68026247236355
8 1 1.68026247236355
9 1 -1.288622347226174
10 1 -1.288622347226174



# name: <cell-element>
# type: sparse matrix
# nnz: 4
# rows: 4
# columns: 1
1 1 -0.6948453833082286
2 1 1.68026247236355
3 1 -1.288622347226174
4 1 -1.288622347226174



# name: <cell-element>
# type: sparse matrix
# nnz: 25
# rows: 25
# columns: 1
1 1 -1.288622347226174
2 1 0.1958200625686886
3 1 1.68026247236355
4 1 1.68026247236355
5 1 0.1958200625686886
6 1 -1.288622347226174
7 1 -0.6948453833082286
8 1 -1.288622347226174
9 1 -1.288622347226174
10 1 0.1958200625686886
11 1 0.1958200625686886
12 1 1.68026247236355
13 1 0.1958200625686886
14 1 -1.288622347226174
15 1 1.68026247236355
16 1 0.1958200625686886
17 1 -1.288622347226174
18 1 0.1958200625686886
19 1 -1.288622347226174
20 1 1.68026247236355
21 1 0.1958200625686886
22 1 -1.288622347226174
23 1 -1.288622347226174
24 1 -1.288622347226174
25 1 -1.288622347226174



# name: <cell-element>
# type: sparse matrix
# nnz: 25
# rows: 25
# columns: 1
1 1 -1.288622347226174
2 1 0.1958200625686886
3 1 1.68026247236355
4 1 0.1958200625686886
5 1 -1.288622347226174
6 1 -0.6948453833082286
7 1 -1.288622347226174
8 1 -1.288622347226174
9 1 0.1958200625686886
10 1 0.1958200625686886
11 1 1.68026247236355
12 1 0.1958200625686886
13 1 -1.288622347226174
14 1 -0.6948453833082286
15 1 0.1958200625686886
16 1 -1.288622347226174
17 1 0.1958200625686886
18 1 -1.288622347226174
19 1 1.68026247236355
20 1 0.1958200625686886
21 1 0.1958200625686886
22 1 -1.288622347226174
23 1 -1.288622347226174
24 1 -1.288622347226174
25 1 -1.288622347226174



# name: <cell-element>
# type: sparse matrix
# nnz: 11
# rows: 11
# columns: 1
1 1 0.1958200625686886
2 1 -0.6948453833082286
3 1 -1.288622347226174
4 1 -0.6948453833082286
5 1 1.68026247236355
6 1 -1.288622347226174
7 1 -0.6948453833082286
8 1 -0.6948453833082286
9 1 -1.288622347226174
10 1 -1.288622347226174
11 1 -1.288622347226174



# name: <cell-element>
# type: scalar
0





# name: coefficients
# type: cell
# rows: 1
# columns: 7
# name: <cell-element>
# type: matrix
# rows: 18
# columns: 1
 -0.35789
 -0.35789
 0.35789
 -0.3440891750764125
 -0.35789
 0.35789
 0.35789
 0.35789
 0.35789
 -0.35789
 -0.35789
 -0.35789
 -0.35789
 0.35789
 0.3440891750764125
 -0.35789
 0.35789
 0.35789



# name: <cell-element>
# type: matrix
# rows: 10
# columns: 1
 -0.02108956352648356
 0.1
 0.1
 -0.1
 0.1
 -0.1
 0.02108956352648356
 0.1
 -0.1
 -0.1



# name: <cell-element>
# type: matrix
# rows: 4
# columns: 1
 -0.1
 0.08372595851856941
 -0.08372595851856941
 0.1



# name: <cell-element>
# type: matrix
# rows: 25
# columns: 1
 -0.1
 0.1
 0.1
 0.1
 0.1
 -0.1
 -0.1
 -0.1
 -0.1
 0.1
 0.1
 0.1
 0.1
 -0.1
 0.01581664882029974
 0.1
 -0.1
 0.08418335117970027
 -0.1
 0.1
 0.1
 -0.1
 -0.1
 -0.1
 -0.1



# name: <cell-element>
# type: matrix
# rows: 25
# columns: 1
 -0.1
 0.1
 0.1
 0.1
 -0.1
 -0.1
 -0.1
 -0.1
 0.1
 0.1
 0.1
 0.1
 -0.1
 0.07959236383228306
 0.1
 -0.1
 0.1
 -0.1
 0.02805970054894296
 0.1
 0.092347935618774
 -0.1
 -0.1
 -0.1
 -0.1



# name: <cell-element>
# type: matrix
# rows: 11
# columns: 1
 -0.6531479898849262
 -4.2263
 4.2263
 4.2263
 1.648429097144038
 -4.2263
 4.2263
 -3.710051688438336
 -4.2263
 4.2263
 -1.511529418820776



# name: <cell-element>
# type: scalar
0





# name: b
# type: cell
# rows: 1
# columns: 7
# name: <cell-element>
# type: scalar
-0.004692830493619978



# name: <cell-element>
# type: scalar
-0.5883451367383665



# name: <cell-element>
# type: scalar
-0.2680186204224213



# name: <cell-element>
# type: scalar
-0.4977721267947866



# name: <cell-element>
# type: scalar
-0.4980318906753387



# name: <cell-element>
# type: scalar
0.2902385665015862



# name: <cell-element>
# type: scalar
0





# name: models
# type: cell
# rows: 1
# columns: 7
# name: <cell-element>
# type: scalar struct
# ndims: 2
 1 1
# length: 11
# name: Parameters
# type: matrix
# rows: 5
# columns: 1
 3
 0
 3
 1
 0


# name: nr_class
# type: scalar
2


# name: totalSV
# type: scalar
18


# name: rho
# type: scalar
0.004692830493619978


# name: Label
# type: matrix
# rows: 0
# columns: 0


# name: sv_indices
# type: matrix
# rows: 18
# columns: 1
 2
 3
 7
 10
 11
 12
 18
 22
 24
 25
 26
 27
 31
 33
 34
 45
 47
 52


# name: ProbA
# type: matrix
# rows: 0
# columns: 0


# name: ProbB
# type: matrix
# rows: 0
# columns: 0


# name: nSV
# type: matrix
# rows: 0
# columns: 0


# name: sv_coef
# type: matrix
# rows: 18
# columns: 1
 -0.35789
 -0.35789
 0.35789
 -0.3440891750764125
 -0.35789
 0.35789
 0.35789
 0.35789
 0.35789
 -0.35789
 -0.35789
 -0.35789
 -0.35789
 0.35789
 0.3440891750764125
 -0.35789
 0.35789
 0.35789


# name: SVs
# type: sparse matrix
# nnz: 18
# rows: 18
# columns: 1
1 1 0.1958200625686886
2 1 0.1958200625686886
3 1 1.68026247236355
4 1 0.1958200625686886
5 1 0.1958200625686886
6 1 1.68026247236355
7 1 -1.288622347226174
8 1 -0.6948453833082286
9 1 1.68026247236355
10 1 0.1958200625686886
11 1 0.1958200625686886
12 1 0.1958200625686886
13 1 0.1958200625686886
14 1 -0.6948453833082286
15 1 1.68026247236355
16 1 0.1958200625686886
17 1 1.68026247236355
18 1 -1.288622347226174





# name: <cell-element>
# type: scalar struct
# ndims: 2
 1 1
# length: 11
# name: Parameters
# type: matrix
# rows: 5
# columns: 1
 3
 1
 2
 1
 0


# name: nr_class
# type: scalar
2


# name: totalSV
# type: scalar
10


# name: rho
# type: scalar
0.5883451367383665


# name: Label
# type: matrix
# rows: 0
# columns: 0


# name: sv_indices
# type: matrix
# rows: 10
# columns: 1
 4
 7
 12
 15
 24
 30
 34
 47
 51
 53


# name: ProbA
# type: matrix
# rows: 0
# columns: 0


# name: ProbB
# type: matrix
# rows: 0
# columns: 0


# name: nSV
# type: matrix
# rows: 0
# columns: 0


# name: sv_coef
# type: matrix
# rows: 10
# columns: 1
 -0.02108956352648356
 0.1
 0.1
 -0.1
 0.1
 -0.1
 0.02108956352648356
 0.1
 -0.1
 -0.1


# name: SVs
# type: sparse matrix
# nnz: 10
# rows: 10
# columns: 1
1 1 -1.288622347226174
2 1 1.68026247236355
3 1 1.68026247236355
4 1 -1.288622347226174
5 1 1.68026247236355
6 1 -1.288622347226174
7 1 1.68026247236355
8 1 1.68026247236355
9 1 -1.288622347226174
10 1 -1.288622347226174





# name: <cell-element>
# type: scalar struct
# ndims: 2
 1 1
# length: 11
# name: Parameters
# type: matrix
# rows: 5
# columns: 1
 3
 1
 3
 1
 0


# name: nr_class
# type: scalar
2


# name: totalSV
# type: scalar
4


# name: rho
# type: scalar
0.2680186204224213


# name: Label
# type: matrix
# rows: 0
# columns: 0


# name: sv_indices
# type: matrix
# rows: 4
# columns: 1
 16
 24
 51
 52


# name: ProbA
# type: matrix
# rows: 0
# columns: 0


# name: ProbB
# type: matrix
# rows: 0
# columns: 0


# name: nSV
# type: matrix
# rows: 0
# columns: 0


# name: sv_coef
# type: matrix
# rows: 4
# columns: 1
 -0.1
 0.08372595851856941
 -0.08372595851856941
 0.1


# name: SVs
# type: sparse matrix
# nnz: 4
# rows: 4
# columns: 1
1 1 -0.6948453833082286
2 1 1.68026247236355
3 1 -1.288622347226174
4 1 -1.288622347226174





# name: <cell-element>
# type: scalar struct
# ndims: 2
 1 1
# length: 11
# name: Parameters
# type: matrix
# rows: 5
# columns: 1
 3
 1
 4
 1
 0


