# Created by Octave 3.8.2, Wed May 18 17:57:44 2016 CEST <Andrea@Andreas-MacBook-Pro.local>
# name: SVs
# type: cell
# rows: 1
# columns: 7
# name: <cell-element>
# type: sparse matrix
# nnz: 18
# rows: 18
# columns: 1
1 1 -1.311523679391688
2 1 1.660401899525447
3 1 0.1744391100668801
4 1 0.1744391100668801
5 1 0.1744391100668801
6 1 1.660401899525447
7 1 0.1744391100668801
8 1 0.1744391100668801
9 1 -1.311523679391688
10 1 0.1744391100668801
11 1 0.1744391100668801
12 1 0.1744391100668801
13 1 -0.7171385636082604
14 1 0.1744391100668801
15 1 1.660401899525447
16 1 -1.311523679391688
17 1 1.660401899525447
18 1 1.660401899525447



# name: <cell-element>
# type: sparse matrix
# nnz: 2
# rows: 2
# columns: 1
1 1 -1.311523679391688
2 1 1.660401899525447



# name: <cell-element>
# type: sparse matrix
# nnz: 24
# rows: 24
# columns: 1
1 1 -1.311523679391688
2 1 1.660401899525447
3 1 0.1744391100668801
4 1 0.1744391100668801
5 1 -0.7171385636082604
6 1 -0.7171385636082604
7 1 -0.7171385636082604
8 1 -1.311523679391688
9 1 -0.7171385636082604
10 1 -1.311523679391688
11 1 0.1744391100668801
12 1 0.1744391100668801
13 1 -0.7171385636082604
14 1 -0.7171385636082604
15 1 -1.311523679391688
16 1 0.1744391100668801
17 1 1.660401899525447
18 1 -1.311523679391688
19 1 1.660401899525447
20 1 -1.311523679391688
21 1 -1.311523679391688
22 1 1.660401899525447
23 1 -0.7171385636082604
24 1 -1.311523679391688



# name: <cell-element>
# type: sparse matrix
# nnz: 27
# rows: 27
# columns: 1
1 1 -1.311523679391688
2 1 -1.311523679391688
3 1 0.1744391100668801
4 1 1.660401899525447
5 1 0.1744391100668801
6 1 1.660401899525447
7 1 -1.311523679391688
8 1 0.1744391100668801
9 1 0.1744391100668801
10 1 -1.311523679391688
11 1 0.1744391100668801
12 1 0.1744391100668801
13 1 -1.311523679391688
14 1 -1.311523679391688
15 1 -0.7171385636082604
16 1 -1.311523679391688
17 1 0.1744391100668801
18 1 1.660401899525447
19 1 -1.311523679391688
20 1 1.660401899525447
21 1 -1.311523679391688
22 1 -1.311523679391688
23 1 -1.311523679391688
24 1 1.660401899525447
25 1 1.660401899525447
26 1 -1.311523679391688
27 1 0.1744391100668801



# name: <cell-element>
# type: sparse matrix
# nnz: 27
# rows: 27
# columns: 1
1 1 -1.311523679391688
2 1 -1.311523679391688
3 1 0.1744391100668801
4 1 1.660401899525447
5 1 0.1744391100668801
6 1 0.1744391100668801
7 1 -1.311523679391688
8 1 0.1744391100668801
9 1 0.1744391100668801
10 1 0.1744391100668801
11 1 -1.311523679391688
12 1 0.1744391100668801
13 1 0.1744391100668801
14 1 -1.311523679391688
15 1 -1.311523679391688
16 1 0.1744391100668801
17 1 -0.7171385636082604
18 1 -1.311523679391688
19 1 0.1744391100668801
20 1 1.660401899525447
21 1 -1.311523679391688
22 1 1.660401899525447
23 1 -1.311523679391688
24 1 -1.311523679391688
25 1 -1.311523679391688
26 1 -1.311523679391688
27 1 0.1744391100668801



# name: <cell-element>
# type: sparse matrix
# nnz: 12
# rows: 12
# columns: 1
1 1 -1.311523679391688
2 1 -1.311523679391688
3 1 -1.311523679391688
4 1 -0.7171385636082604
5 1 -0.7171385636082604
6 1 -1.311523679391688
7 1 -0.7171385636082604
8 1 -0.7171385636082604
9 1 0.1744391100668801
10 1 -1.311523679391688
11 1 1.660401899525447
12 1 -1.311523679391688



# name: <cell-element>
# type: scalar
0





# name: coefficients
# type: cell
# rows: 1
# columns: 7
# name: <cell-element>
# type: matrix
# rows: 18
# columns: 1
 0.6157899999999999
 0.6157899999999999
 -0.6157899999999999
 -0.6157899999999999
 -0.6157899999999999
 0.4016197730599303
 -0.6157899999999999
 -0.6157899999999999
 0.6157899999999999
 -0.6157899999999999
 -0.4016197730599299
 -0.6157899999999999
 0.6157899999999999
 -0.6157899999999999
 0.6157899999999999
 0.6157899999999999
 0.6157899999999999
 0.6157899999999999



# name: <cell-element>
# type: matrix
# rows: 2
# columns: 1
 -0.3190951271298328
 0.3190951271298328



# name: <cell-element>
# type: matrix
# rows: 24
# columns: 1
 5
 5
 -2.012711987605245
 -5
 -5
 -5
 -5
 5
 -5
 5
 -5
 -5
 -5
 -5
 5
 -5
 5
 5
 5
 5
 5
 2.01271198760524
 -5
 5



# name: <cell-element>
# type: matrix
# rows: 27
# columns: 1
 -0.1
 -0.1
 0.1
 0.1
 0.1
 0.1
 -0.1
 0.1
 0.1
 -0.1
 0.1
 0.1
 -0.1
 -0.1
 -0.1
 -0.1
 0.1
 0.1
 -0.1
 0.1
 -0.1
 -0.1
 -0.1
 0.007268679180181884
 0.1
 -0.1
 0.09273132081981812



# name: <cell-element>
# type: matrix
# rows: 27
# columns: 1
 -5
 -5
 5
 4.60960432911329
 5
 5
 -5
 5
 0.3903956708866951
 5
 -5
 5
 5
 -5
 -5
 5
 -5
 -5
 5
 5
 -5
 5
 -5
 -5
 -5
 -5
 5



# name: <cell-element>
# type: matrix
# rows: 12
# columns: 1
 -1.9053
 0.4500161118220864
 -1.9053
 1.9053
 -1.509144583355522
 1.9053
 1.9053
 -1.9053
 -0.6342551928670211
 1.9053
 1.693383664400457
 -1.9053



# name: <cell-element>
# type: scalar
0





# name: b
# type: cell
# rows: 1
# columns: 7
# name: <cell-element>
# type: scalar
-0.007014850742524992



# name: <cell-element>
# type: scalar
-0.3302538500681701



# name: <cell-element>
# type: scalar
-0.1227809568260449



# name: <cell-element>
# type: scalar
-0.5342037628226525



# name: <cell-element>
# type: scalar
-0.5491027339931344



# name: <cell-element>
# type: scalar
0.2466645541451276



# name: <cell-element>
# type: scalar
0





# name: models
# type: cell
# rows: 1
# columns: 7
# name: <cell-element>
# type: scalar struct
# ndims: 2
 1 1
# length: 11
# name: Parameters
# type: matrix
# rows: 5
# columns: 1
 3
 0
 3
 1
 0


# name: nr_class
# type: scalar
2


# name: totalSV
# type: scalar
18


# name: rho
# type: scalar
0.007014850742524992


# name: Label
# type: matrix
# rows: 0
# columns: 0


# name: sv_indices
# type: matrix
# rows: 18
# columns: 1
 2
 5
 6
 7
 10
 12
 18
 23
 29
 30
 31
 32
 34
 41
 44
 45
 46
 52


# name: ProbA
# type: matrix
# rows: 0
# columns: 0


# name: ProbB
# type: matrix
# rows: 0
# columns: 0


# name: nSV
# type: matrix
# rows: 0
# columns: 0


# name: sv_coef
# type: matrix
# rows: 18
# columns: 1
 0.6157899999999999
 0.6157899999999999
 -0.6157899999999999
 -0.6157899999999999
 -0.6157899999999999
 0.4016197730599303
 -0.6157899999999999
 -0.6157899999999999
 0.6157899999999999
 -0.6157899999999999
 -0.4016197730599299
 -0.6157899999999999
 0.6157899999999999
 -0.6157899999999999
 0.6157899999999999
 0.6157899999999999
 0.6157899999999999
 0.6157899999999999


# name: SVs
# type: sparse matrix
# nnz: 18
# rows: 18
# columns: 1
1 1 -1.311523679391688
2 1 1.660401899525447
3 1 0.1744391100668801
4 1 0.1744391100668801
5 1 0.1744391100668801
6 1 1.660401899525447
7 1 0.1744391100668801
8 1 0.1744391100668801
9 1 -1.311523679391688
10 1 0.1744391100668801
11 1 0.1744391100668801
12 1 0.1744391100668801
13 1 -0.7171385636082604
14 1 0.1744391100668801
15 1 1.660401899525447
16 1 -1.311523679391688
17 1 1.660401899525447
18 1 1.660401899525447





# name: <cell-element>
# type: scalar struct
# ndims: 2
 1 1
# length: 11
# name: Parameters
# type: matrix
# rows: 5
# columns: 1
 3
 1
 2
 1
 0


# name: nr_class
# type: scalar
2


# name: totalSV
# type: scalar
2


# name: rho
# type: scalar
0.3302538500681701


# name: Label
# type: matrix
# rows: 0
# columns: 0


# name: sv_indices
# type: matrix
# rows: 2
# columns: 1
 13
 46


# name: ProbA
# type: matrix
# rows: 0
# columns: 0


# name: ProbB
# type: matrix
# rows: 0
# columns: 0


# name: nSV
# type: matrix
# rows: 0
# columns: 0


# name: sv_coef
# type: matrix
# rows: 2
# columns: 1
 -0.3190951271298328
 0.3190951271298328


# name: SVs
# type: sparse matrix
# nnz: 2
# rows: 2
# columns: 1
1 1 -1.311523679391688
2 1 1.660401899525447





# name: <cell-element>
# type: scalar struct
# ndims: 2
 1 1
# length: 11
# name: Parameters
# type: matrix
# rows: 5
# columns: 1
 3
 1
 3
 1
 0


# name: nr_class
# type: scalar
2


# name: totalSV
# type: scalar
24


# name: rho
# type: scalar
0.1227809568260449


# name: Label
# type: matrix
# rows: 0
# columns: 0


