# Created by Octave 4.0.0, Mon May 23 13:37:41 2016 CEST <peter@Independence>
# name: mu
# type: matrix
# rows: 1
# columns: 2
 439268.1382978723 0.01195035460992907


# name: sigma
# type: matrix
# rows: 1
# columns: 2
 181426.0626432376 0.002806890074800858


