# Created by Octave 3.8.2, Wed May 18 17:57:32 2016 CEST <Andrea@Andreas-MacBook-Pro.local>
# name: mu
# type: matrix
# rows: 1
# columns: 2
 444584.402173913 0.01201086956521738


# name: sigma
# type: matrix
# rows: 1
# columns: 2
 179679.040548287 0.002804018173419305


