# Created by Octave 3.8.2, Wed May 18 17:57:44 2016 CEST <Andrea@Andreas-MacBook-Pro.local>
# name: x
# type: matrix
# rows: 1
# columns: 100
 0.008333333333333333 0.008417508417508417 0.008501683501683501 0.008585858585858586 0.00867003367003367 0.008754208754208754 0.008838383838383838 0.008922558922558922 0.009006734006734006 0.00909090909090909 0.009175084175084175 0.009259259259259259 0.009343434343434343 0.009427609427609427 0.009511784511784511 0.009595959595959595 0.009680134680134679 0.009764309764309764 0.009848484848484848 0.009932659932659932 0.01001683501683502 0.0101010101010101 0.01018518518518518 0.01026936026936027 0.01035353535353535 0.01043771043771044 0.01052188552188552 0.0106060606060606 0.01069023569023569 0.01077441077441077 0.01085858585858586 0.01094276094276094 0.01102693602693603 0.01111111111111111 0.01119528619528619 0.01127946127946128 0.01136363636363636 0.01144781144781145 0.01153198653198653 0.01161616161616162 0.0117003367003367 0.01178451178451178 0.01186868686868687 0.01195286195286195 0.01203703703703704 0.01212121212121212 0.01220538720538721 0.01228956228956229 0.01237373737373737 0.01245791245791246 0.01254208754208754 0.01262626262626263 0.01271043771043771 0.01279461279461279 0.01287878787878788 0.01296296296296296 0.01304713804713805 0.01313131313131313 0.01321548821548822 0.0132996632996633 0.01338383838383838 0.01346801346801347 0.01355218855218855 0.01363636363636364 0.01372053872053872 0.0138047138047138 0.01388888888888889 0.01397306397306397 0.01405723905723906 0.01414141414141414 0.01422558922558922 0.01430976430976431 0.01439393939393939 0.01447811447811448 0.01456228956228956 0.01464646464646465 0.01473063973063973 0.01481481481481482 0.0148989898989899 0.01498316498316498 0.01506734006734007 0.01515151515151515 0.01523569023569023 0.01531986531986532 0.0154040404040404 0.01548821548821549 0.01557239057239057 0.01565656565656566 0.01574074074074074 0.01582491582491583 0.01590909090909091 0.01599326599326599 0.01607744107744108 0.01616161616161616 0.01624579124579124 0.01632996632996633 0.01641414141414141 0.0164983164983165 0.01658249158249158 0.01666666666666667


# name: y
# type: matrix
# rows: 100
# columns: 1
 497137.2654182441
 483997.555256824
 471749.5061350744
 460351.8365000171
 449764.2432865599
 439947.4019174947
 430862.9663034976
 422473.568843129
 414742.8204228329
 407635.3104169399
 401116.606687662
 395153.255585096
 389712.7819472244
 384763.6890999124
 380275.4588569104
 376218.5515198518
 372564.4058782562
 369285.4392095255
 366355.0472789471
 363747.6043396915
 361438.4631328146
 359403.9548872557
 357621.3893198387
 356069.0546352716
 354726.2175261467
 353573.1231729405
 352590.9952440136
 351762.0358956112
 351069.4257718621
 350497.32400478
 350030.8682142624
 349656.1745080911
 349360.3374819323
 349131.4302193362
 348958.5042917375
 348831.5897584548
 348741.695166691
 348680.8075515336
 348641.8924359537
 348618.8938308073
 348606.734234834
 348601.3146346582
 348599.514504788
 348599.191807616
 348599.1829934192
 348599.3030003584
 348600.345254479
 348604.0816697103
 348613.2626478663
 348631.6170786447
 348663.8523396277
 348715.6542962818
 348793.6873019575
 348905.5941978897
 349059.9963131974
 349266.493464884
 349535.6639578369
 349879.0645848279
 350309.230626513
 350839.6758514325
 351484.8925160106
 352260.3513645561
 353182.5016292619
 354268.7710302051
 355537.565775347
 357008.2705605333
 358701.2485694934
 360637.8414738417
 362840.3694330763
 365332.1310945799
 368137.4035936189
 371281.4425533444
 374790.4820847912
 378691.734786879
 383013.3917464117
 387784.6225380768
 393035.5752244459
 398797.3763559763
 405102.1309710078
 411982.9225957652
 419473.8132443575
 427609.8434187778
 436427.032108904
 445962.3767924975
 456253.8534352047
 467340.4164905544
 479261.9988999616
 492059.5120927258
 505774.8459860273
 520450.8689849348
 536131.4279824003
 552861.3483592598
 570686.4339842296
 589653.4672139146
 609810.2088928068
 631205.3983532732
 653888.753415575
 677910.9703878515
 703323.7240661266
 730179.6677343085


# name: QUERY
# type: sq_string
# elements: 1
# length: 2
R4


# name: DATASIZE
# type: sq_string
# elements: 1
# length: 3
500


