# Created by Octave 4.0.0, Mon May 23 13:37:47 2016 CEST <peter@Independence>
# name: x
# type: matrix
# rows: 1
# columns: 100
 0.008333333333333333 0.008417508417508417 0.008501683501683501 0.008585858585858586 0.00867003367003367 0.008754208754208754 0.008838383838383838 0.008922558922558922 0.009006734006734006 0.00909090909090909 0.009175084175084175 0.009259259259259259 0.009343434343434343 0.009427609427609427 0.009511784511784511 0.009595959595959595 0.009680134680134679 0.009764309764309764 0.009848484848484849 0.009932659932659932 0.01001683501683502 0.0101010101010101 0.01018518518518519 0.01026936026936027 0.01035353535353535 0.01043771043771044 0.01052188552188552 0.0106060606060606 0.01069023569023569 0.01077441077441077 0.01085858585858586 0.01094276094276094 0.01102693602693603 0.01111111111111111 0.0111952861952862 0.01127946127946128 0.01136363636363636 0.01144781144781145 0.01153198653198653 0.01161616161616162 0.0117003367003367 0.01178451178451178 0.01186868686868687 0.01195286195286195 0.01203703703703704 0.01212121212121212 0.01220538720538721 0.01228956228956229 0.01237373737373737 0.01245791245791246 0.01254208754208754 0.01262626262626263 0.01271043771043771 0.01279461279461279 0.01287878787878788 0.01296296296296296 0.01304713804713805 0.01313131313131313 0.01321548821548822 0.0132996632996633 0.01338383838383838 0.01346801346801347 0.01355218855218855 0.01363636363636364 0.01372053872053872 0.0138047138047138 0.01388888888888889 0.01397306397306397 0.01405723905723906 0.01414141414141414 0.01422558922558922 0.01430976430976431 0.01439393939393939 0.01447811447811448 0.01456228956228956 0.01464646464646465 0.01473063973063973 0.01481481481481481 0.0148989898989899 0.01498316498316498 0.01506734006734007 0.01515151515151515 0.01523569023569023 0.01531986531986532 0.0154040404040404 0.01548821548821549 0.01557239057239057 0.01565656565656566 0.01574074074074074 0.01582491582491583 0.01590909090909091 0.01599326599326599 0.01607744107744108 0.01616161616161616 0.01624579124579124 0.01632996632996633 0.01641414141414141 0.0164983164983165 0.01658249158249158 0.01666666666666667


# name: y
# type: matrix
# rows: 100
# columns: 1
 426450.2499700718
 416234.1756601018
 407165.3100330071
 399138.1926941763
 392054.807742844
 385824.2248683169
 380362.2493145913
 375591.0807133056
 371438.980785019
 367839.9499088526
 364733.4125604623
 362063.9116183587
 359780.811538572
 357838.0103976608
 356193.6608040562
 354809.8996777582
 353652.5868983732
 352691.0528214912
 351897.8546634112
 351248.5417542051
 350721.4296591294
 350297.3831683764
 349959.6081551713
 349693.4523022115
 349486.2146964492
 349326.9642922173
 349206.3672426989
 349116.5230997397
 349050.8098820043
 349003.7380114747
 348970.8131182933
 348948.4077139484
 348933.6417328034
 348924.2719419688
 348918.5902195181
 348915.3307010465
 348913.5857945735
 348912.7310637877
 348912.3589796359
 348912.2215402554
 348912.1817592489
 348912.1740223033
 348912.1733121516
 348912.1733018783
 348912.1733165674
 348912.1741632946
 348912.1828294623
 348912.2260494778
 348912.3727397749
 348912.7653021791
 348913.6597956158
 348915.4749761611
 348918.8502054376
 348924.7122273521
 348934.3508131764
 348949.503274973
 348972.4478473619
 349006.105937633
 349054.1532441995
 349121.1397433965
 349212.6185446219
 349335.2836138205
 349497.116365312
 349707.5411219617
 349977.5894436951
 350320.0733243551
 350749.7672569028
 351283.5991669619
 351940.8502147057
 352743.3634650887
 353715.7614264193
 354885.6724572775
 356283.966041776
 357944.9969331636
 359906.8581657722
 362211.6429353076
 364905.7153474842
 368039.9900349964
 371670.2206428499
 375857.2971820121
 380667.5522514301
 386173.076128375
 392452.040727135
 399589.0324260546
 407675.3937629167
 416809.573998659
 427097.4885494374
 438652.8872870665
 451597.7317077152
 466062.5809690744
 482186.9867957357
 500119.8972529914
 520020.0693889895
 542056.4907451686
 566408.80973509
 593267.7748915601
 622835.6829822287
 655326.8359932771
 690968.0069817249
 729998.9147959508


# name: QUERY
# type: sq_string
# elements: 1
# length: 2
R4


# name: DATASIZE
# type: sq_string
# elements: 1
# length: 3
500


