# Created by Octave 4.0.0, Mon May 23 13:37:47 2016 CEST <peter@Independence>
# name: x
# type: matrix
# rows: 1
# columns: 100
 0.008333333333333333 0.008417508417508417 0.008501683501683501 0.008585858585858586 0.00867003367003367 0.008754208754208754 0.008838383838383838 0.008922558922558922 0.009006734006734006 0.00909090909090909 0.009175084175084175 0.009259259259259259 0.009343434343434343 0.009427609427609427 0.009511784511784511 0.009595959595959595 0.009680134680134679 0.009764309764309764 0.009848484848484849 0.009932659932659932 0.01001683501683502 0.0101010101010101 0.01018518518518519 0.01026936026936027 0.01035353535353535 0.01043771043771044 0.01052188552188552 0.0106060606060606 0.01069023569023569 0.01077441077441077 0.01085858585858586 0.01094276094276094 0.01102693602693603 0.01111111111111111 0.0111952861952862 0.01127946127946128 0.01136363636363636 0.01144781144781145 0.01153198653198653 0.01161616161616162 0.0117003367003367 0.01178451178451178 0.01186868686868687 0.01195286195286195 0.01203703703703704 0.01212121212121212 0.01220538720538721 0.01228956228956229 0.01237373737373737 0.01245791245791246 0.01254208754208754 0.01262626262626263 0.01271043771043771 0.01279461279461279 0.01287878787878788 0.01296296296296296 0.01304713804713805 0.01313131313131313 0.01321548821548822 0.0132996632996633 0.01338383838383838 0.01346801346801347 0.01355218855218855 0.01363636363636364 0.01372053872053872 0.0138047138047138 0.01388888888888889 0.01397306397306397 0.01405723905723906 0.01414141414141414 0.01422558922558922 0.01430976430976431 0.01439393939393939 0.01447811447811448 0.01456228956228956 0.01464646464646465 0.01473063973063973 0.01481481481481481 0.0148989898989899 0.01498316498316498 0.01506734006734007 0.01515151515151515 0.01523569023569023 0.01531986531986532 0.0154040404040404 0.01548821548821549 0.01557239057239057 0.01565656565656566 0.01574074074074074 0.01582491582491583 0.01590909090909091 0.01599326599326599 0.01607744107744108 0.01616161616161616 0.01624579124579124 0.01632996632996633 0.01641414141414141 0.0164983164983165 0.01658249158249158 0.01666666666666667


# name: y
# type: matrix
# rows: 100
# columns: 1
 236943.5665581856
 247426.4014778827
 257421.4148546366
 266940.2297303811
 275994.4691470498
 284595.7561465764
 292755.7137708945
 300485.9650619376
 307798.1330616397
 314703.8408119342
 321214.7113547549
 327342.3677320353
 333098.4329857092
 338494.5301577101
 343542.2822899717
 348253.3124244278
 352639.2436030119
 356711.6988676578
 360482.301260299
 363962.6738228692
 367164.4395973021
 370099.2216255313
 372778.6429494905
 375214.3266111133
 377417.8956523333
 379400.9731150843
 381175.1820412999
 382752.1454729138
 384143.4864518596
 385360.8280200709
 386415.7932194814
 387320.0050920248
 388085.0866796347
 388722.6610242447
 389244.3511677887
 389661.7801522
 389986.5710194125
 390230.3468113598
 390404.7305699756
 390521.3453371934
 390591.8141549469
 390627.7600651699
 390640.806109796
 390642.5753307587
 390644.6907699918
 390658.775469429
 390696.4524710038
 390769.3448166499
 390889.075548301
 391067.2677078908
 391315.5443373529
 391645.5284786209
 392068.8431736284
 392597.1114643093
 393241.9563925971
 394015.0010004254
 394927.8683297279
 395992.1814224383
 397219.5633204902
 398621.6370658173
 400210.0257003532
 401996.3522660317
 403992.2398047862
 406209.3113585506
 408659.1899692584
 411353.4986788433
 414303.8605292389
 417521.898562379
 421019.2358201972
 424807.495344627
 428898.3001776022
 433303.2733610565
 438034.0379369234
 443102.2169471366
 448519.4334336299
 454297.3104383369
 460447.471003191
 466981.5381701262
 473911.134981076
 481247.884477974
 489003.4097027539
 497189.3336973494
 505817.279503694
 514898.8701637217
 524445.7287193658
 534469.4782125602
 544981.7416852384
 555994.1421793341
 567518.3027367807
 579565.8463995124
 592148.3962094624
 605277.5752085646
 618965.0064387526
 633222.3129419598
 648061.1177601204
 663493.0439351675
 679529.714509035
 696182.7525236565
 713463.7810209655
 731384.4230428964


# name: QUERY
# type: sq_string
# elements: 1
# length: 2
R4


# name: DATASIZE
# type: sq_string
# elements: 1
# length: 3
500


