# Created by Octave 4.0.0, Mon May 23 13:37:47 2016 CEST <peter@Independence>
# name: x
# type: matrix
# rows: 1
# columns: 100
 0.008333333333333333 0.008417508417508417 0.008501683501683501 0.008585858585858586 0.00867003367003367 0.008754208754208754 0.008838383838383838 0.008922558922558922 0.009006734006734006 0.00909090909090909 0.009175084175084175 0.009259259259259259 0.009343434343434343 0.009427609427609427 0.009511784511784511 0.009595959595959595 0.009680134680134679 0.009764309764309764 0.009848484848484849 0.009932659932659932 0.01001683501683502 0.0101010101010101 0.01018518518518519 0.01026936026936027 0.01035353535353535 0.01043771043771044 0.01052188552188552 0.0106060606060606 0.01069023569023569 0.01077441077441077 0.01085858585858586 0.01094276094276094 0.01102693602693603 0.01111111111111111 0.0111952861952862 0.01127946127946128 0.01136363636363636 0.01144781144781145 0.01153198653198653 0.01161616161616162 0.0117003367003367 0.01178451178451178 0.01186868686868687 0.01195286195286195 0.01203703703703704 0.01212121212121212 0.01220538720538721 0.01228956228956229 0.01237373737373737 0.01245791245791246 0.01254208754208754 0.01262626262626263 0.01271043771043771 0.01279461279461279 0.01287878787878788 0.01296296296296296 0.01304713804713805 0.01313131313131313 0.01321548821548822 0.0132996632996633 0.01338383838383838 0.01346801346801347 0.01355218855218855 0.01363636363636364 0.01372053872053872 0.0138047138047138 0.01388888888888889 0.01397306397306397 0.01405723905723906 0.01414141414141414 0.01422558922558922 0.01430976430976431 0.01439393939393939 0.01447811447811448 0.01456228956228956 0.01464646464646465 0.01473063973063973 0.01481481481481481 0.0148989898989899 0.01498316498316498 0.01506734006734007 0.01515151515151515 0.01523569023569023 0.01531986531986532 0.0154040404040404 0.01548821548821549 0.01557239057239057 0.01565656565656566 0.01574074074074074 0.01582491582491583 0.01590909090909091 0.01599326599326599 0.01607744107744108 0.01616161616161616 0.01624579124579124 0.01632996632996633 0.01641414141414141 0.0164983164983165 0.01658249158249158 0.01666666666666667


# name: y
# type: matrix
# rows: 100
# columns: 1
 478590.7208293719
 466938.3646245967
 456089.8027489021
 446007.1920098741
 436653.6017542434
 427993.0138678827
 419990.3227758068
 412611.3354421756
 405822.77137029
 399592.2626025954
 393888.3537206782
 388680.5018452693
 383939.0766362413
 379635.3602926109
 375741.5475525368
 372230.7456933205
 369076.9745314069
 366255.1664223835
 363741.166260981
 361511.7314810727
 359544.5320556747
 357818.1504969464
 356312.0818561896
 355006.7337238493
 353883.4262295135
 352924.3920419127
 352112.7763689204
 351432.6369575532
 350868.9440939706
 350407.5806034746
 350035.3418505106
 349739.9357386664
 349509.982710673
 349335.0157484043
 349205.4803728769
 349112.7346442504
 349049.0491618272
 349007.6070640528
 348982.5040285153
 348968.748271946
 348962.2605502189
 348959.8741583508
 348959.3349305014
 348959.3012399737
 348959.3439992131
 348959.9466598082
 348962.5052124901
 348969.3281871332
 348983.6366527547
 349009.5642175145
 349052.1570287155
 349117.3737728036
 349212.0856753674
 349344.0765011385
 349522.0425539914
 349755.5926769434
 350055.2482521548
 350432.4432009286
 350899.5239837109
 351469.7496000907
 352157.2915887996
 352977.2340277123
 353945.5735338465
 355079.2192633625
 356395.9929115638
 357914.6287128967
 359654.77344095
 361636.986408456
 363882.7394672893
 366414.417008468
 369255.3159621529
 372429.645797647
 375962.5285233972
 379879.9986869927
 384209.0033751654
 388977.4022137908
 394213.9673678876
 399948.3835416151
 406211.2479782783
 413034.0704603232
 420449.2733093395
 428490.1913860607
 437191.0720903603
 446587.0753612575
 456714.2736769142
 467609.6520546341
 479311.108050861
 491857.4517611894
 505288.405820348
 519644.605402216
 534967.5982198095
 551299.8445252895
 568684.7171099618
 587166.5013042712
 606790.3949778114
 627602.5085393093
 649649.8649366485
 672980.3996568426
 697642.9607260528
 723687.3087095877


# name: QUERY
# type: sq_string
# elements: 1
# length: 2
R4


# name: DATASIZE
# type: sq_string
# elements: 1
# length: 3
500


