# Created by Octave 3.8.2, Wed May 18 17:57:44 2016 CEST <Andrea@Andreas-MacBook-Pro.local>
# name: x
# type: matrix
# rows: 1
# columns: 100
 0.008333333333333333 0.008417508417508417 0.008501683501683501 0.008585858585858586 0.00867003367003367 0.008754208754208754 0.008838383838383838 0.008922558922558922 0.009006734006734006 0.00909090909090909 0.009175084175084175 0.009259259259259259 0.009343434343434343 0.009427609427609427 0.009511784511784511 0.009595959595959595 0.009680134680134679 0.009764309764309764 0.009848484848484848 0.009932659932659932 0.01001683501683502 0.0101010101010101 0.01018518518518518 0.01026936026936027 0.01035353535353535 0.01043771043771044 0.01052188552188552 0.0106060606060606 0.01069023569023569 0.01077441077441077 0.01085858585858586 0.01094276094276094 0.01102693602693603 0.01111111111111111 0.01119528619528619 0.01127946127946128 0.01136363636363636 0.01144781144781145 0.01153198653198653 0.01161616161616162 0.0117003367003367 0.01178451178451178 0.01186868686868687 0.01195286195286195 0.01203703703703704 0.01212121212121212 0.01220538720538721 0.01228956228956229 0.01237373737373737 0.01245791245791246 0.01254208754208754 0.01262626262626263 0.01271043771043771 0.01279461279461279 0.01287878787878788 0.01296296296296296 0.01304713804713805 0.01313131313131313 0.01321548821548822 0.0132996632996633 0.01338383838383838 0.01346801346801347 0.01355218855218855 0.01363636363636364 0.01372053872053872 0.0138047138047138 0.01388888888888889 0.01397306397306397 0.01405723905723906 0.01414141414141414 0.01422558922558922 0.01430976430976431 0.01439393939393939 0.01447811447811448 0.01456228956228956 0.01464646464646465 0.01473063973063973 0.01481481481481482 0.0148989898989899 0.01498316498316498 0.01506734006734007 0.01515151515151515 0.01523569023569023 0.01531986531986532 0.0154040404040404 0.01548821548821549 0.01557239057239057 0.01565656565656566 0.01574074074074074 0.01582491582491583 0.01590909090909091 0.01599326599326599 0.01607744107744108 0.01616161616161616 0.01624579124579124 0.01632996632996633 0.01641414141414141 0.0164983164983165 0.01658249158249158 0.01666666666666667


# name: y
# type: matrix
# rows: 100
# columns: 1
 247560.1692545118
 259301.4577930092
 270505.3499438009
 281184.4343069089
 291351.2994823368
 301018.534070103
 310198.7266701987
 318904.4658826455
 327148.3403074582
 334942.9385446105
 342300.8491941322
 349234.6608560332
 355756.9621303108
 361880.3416169768
 367617.387916034
 372980.6896275001
 377982.8353513671
 382636.4136876519
 386954.0132363561
 390948.2225974934
 394631.6303710623
 398016.8251570778
 401116.395555541
 403942.9301664638
 406509.0175898476
 408827.2464257053
 410910.2052740398
 412770.4827348579
 414420.6674081697
 415873.3478939804
 417141.1127922963
 418236.5507031257
 419172.2502264748
 419960.7999623509
 420614.7885107609
 421146.8044717119
 421569.4364452108
 421895.2730312647
 422136.9028298805
 422306.9144410652
 422417.8964648258
 422482.4375011693
 422513.1261501026
 422522.551011633
 422523.3006857671
 422527.9637725121
 422549.128871875
 422599.3845838628
 422691.3195084824
 422837.5222457408
 423050.5813956451
 423343.0855582022
 423727.6233334191
 424216.783321303
 424823.1541218606
 425559.324335099
 426437.8825610251
 427471.4173996463
 428672.5174509683
 430053.7713150004
 431627.7675917471
 433407.0948812172
 435404.3417834169
 437632.0968983542
 440102.9488260343
 442829.4861664662
 445824.2975196526
 449099.9714856058
 452669.0966643319
 456544.2616558372
 460738.0550601289
 465263.065477209
 470131.8815070888
 475357.0917497762
 480951.2848052838
 486927.0492736034
 493296.9737547527
 500073.6468487378
 507269.6571555677
 514897.5932752406
 522970.0438077731
 531499.5973531638
 540498.8425114262
 549980.367882565
 559956.7620665932
 570440.613663506
 581444.5112733166
 592981.0434960363
 605062.7989316597
 617702.3661801975
 630912.3338416741
 644705.2905160954
 659093.8248034167
 674090.5253037121
 689707.9806169609
 705958.7793431577
 722855.5100823278
 740410.7614344951
 758637.1219996174
 777547.1803777276


# name: QUERY
# type: sq_string
# elements: 1
# length: 2
R4


# name: DATASIZE
# type: sq_string
# elements: 1
# length: 3
500


