# Created by Octave 3.8.2, Wed May 18 17:57:44 2016 CEST <Andrea@Andreas-MacBook-Pro.local>
# name: x
# type: matrix
# rows: 1
# columns: 100
 0.008333333333333333 0.008417508417508417 0.008501683501683501 0.008585858585858586 0.00867003367003367 0.008754208754208754 0.008838383838383838 0.008922558922558922 0.009006734006734006 0.00909090909090909 0.009175084175084175 0.009259259259259259 0.009343434343434343 0.009427609427609427 0.009511784511784511 0.009595959595959595 0.009680134680134679 0.009764309764309764 0.009848484848484848 0.009932659932659932 0.01001683501683502 0.0101010101010101 0.01018518518518518 0.01026936026936027 0.01035353535353535 0.01043771043771044 0.01052188552188552 0.0106060606060606 0.01069023569023569 0.01077441077441077 0.01085858585858586 0.01094276094276094 0.01102693602693603 0.01111111111111111 0.01119528619528619 0.01127946127946128 0.01136363636363636 0.01144781144781145 0.01153198653198653 0.01161616161616162 0.0117003367003367 0.01178451178451178 0.01186868686868687 0.01195286195286195 0.01203703703703704 0.01212121212121212 0.01220538720538721 0.01228956228956229 0.01237373737373737 0.01245791245791246 0.01254208754208754 0.01262626262626263 0.01271043771043771 0.01279461279461279 0.01287878787878788 0.01296296296296296 0.01304713804713805 0.01313131313131313 0.01321548821548822 0.0132996632996633 0.01338383838383838 0.01346801346801347 0.01355218855218855 0.01363636363636364 0.01372053872053872 0.0138047138047138 0.01388888888888889 0.01397306397306397 0.01405723905723906 0.01414141414141414 0.01422558922558922 0.01430976430976431 0.01439393939393939 0.01447811447811448 0.01456228956228956 0.01464646464646465 0.01473063973063973 0.01481481481481482 0.0148989898989899 0.01498316498316498 0.01506734006734007 0.01515151515151515 0.01523569023569023 0.01531986531986532 0.0154040404040404 0.01548821548821549 0.01557239057239057 0.01565656565656566 0.01574074074074074 0.01582491582491583 0.01590909090909091 0.01599326599326599 0.01607744107744108 0.01616161616161616 0.01624579124579124 0.01632996632996633 0.01641414141414141 0.0164983164983165 0.01658249158249158 0.01666666666666667


# name: y
# type: matrix
# rows: 100
# columns: 1
 439694.4131866012
 427531.1099881188
 416712.0032267378
 407115.5303186877
 398628.5671843718
 391146.0283500307
 384570.476759296
 378811.7432920142
 373786.5559933556
 369418.179011517
 365636.0612430406
 362375.4946885468
 359577.28251649
 357187.4168356107
 355156.7661766348
 353440.7726824307
 351999.1590073812
 350795.6449250606
 349797.6736452454
 348976.1478393498
 348305.1753749949
 347761.8247591283
 347325.8902901698
 346979.6669188541
 346707.7348179633
 346496.7536608298
 346335.2666087041
 346213.5140069159
 346123.2567898594
 346057.6095948164
 346010.8835845778
 345978.4389789002
 345956.5472947795
 345942.2632955454
 345933.3066487764
 345927.9532930366
 345924.9365134331
 345923.357725994
 345922.6069708677
 345922.2931143431
 345922.1837596902
 345922.1548668224
 345922.1500807791
 345922.1497690296
 345922.1497675976
 345922.1498360066
 345922.151821047
 345922.1675293628
 345922.2363088603
 345922.4523389372
 345923.0016295328
 345924.2087289989
 345926.593140792
 345930.9354489861
 345938.3531526062
 345950.3862087836
 345969.092284731
 345997.1517185394
 346037.9821887946
 346095.8630930185
 346176.0696349233
 346285.0166204972
 346430.4119629018
 346621.4198961962
 346868.8338978763
 347185.2593202469
 347585.3057305887
 348085.788960196
 348705.9428621635
 349467.6407780843
 350395.6267134353
 351517.7562219718
 352865.2469987489
 354472.9391821019
 356379.5653644365
 358628.0303116302
 361265.7003916407
 364344.7027116569
 367922.2339640038
 372060.8789811148
 376828.9389992942
 382300.7696309664
 388557.1285463182
 395685.5328631932
 403780.6262461381
 412944.5557138746
 423287.3581567318
 434927.3565612453
 447991.56594456
 462616.1089977048
 478946.6414380175
 497138.787068554
 517358.5825480717
 539782.9318701414
 564600.0705501848
 592010.0395192635
 622225.1687337111
 655470.5704832943
 691984.6424162065
 732019.5802708148


# name: QUERY
# type: sq_string
# elements: 1
# length: 2
R4


# name: DATASIZE
# type: sq_string
# elements: 1
# length: 3
500


