# Created by Octave 3.8.2, Wed May 18 17:57:44 2016 CEST <Andrea@Andreas-MacBook-Pro.local>
# name: x
# type: matrix
# rows: 1
# columns: 100
 0.008333333333333333 0.008417508417508417 0.008501683501683501 0.008585858585858586 0.00867003367003367 0.008754208754208754 0.008838383838383838 0.008922558922558922 0.009006734006734006 0.00909090909090909 0.009175084175084175 0.009259259259259259 0.009343434343434343 0.009427609427609427 0.009511784511784511 0.009595959595959595 0.009680134680134679 0.009764309764309764 0.009848484848484848 0.009932659932659932 0.01001683501683502 0.0101010101010101 0.01018518518518518 0.01026936026936027 0.01035353535353535 0.01043771043771044 0.01052188552188552 0.0106060606060606 0.01069023569023569 0.01077441077441077 0.01085858585858586 0.01094276094276094 0.01102693602693603 0.01111111111111111 0.01119528619528619 0.01127946127946128 0.01136363636363636 0.01144781144781145 0.01153198653198653 0.01161616161616162 0.0117003367003367 0.01178451178451178 0.01186868686868687 0.01195286195286195 0.01203703703703704 0.01212121212121212 0.01220538720538721 0.01228956228956229 0.01237373737373737 0.01245791245791246 0.01254208754208754 0.01262626262626263 0.01271043771043771 0.01279461279461279 0.01287878787878788 0.01296296296296296 0.01304713804713805 0.01313131313131313 0.01321548821548822 0.0132996632996633 0.01338383838383838 0.01346801346801347 0.01355218855218855 0.01363636363636364 0.01372053872053872 0.0138047138047138 0.01388888888888889 0.01397306397306397 0.01405723905723906 0.01414141414141414 0.01422558922558922 0.01430976430976431 0.01439393939393939 0.01447811447811448 0.01456228956228956 0.01464646464646465 0.01473063973063973 0.01481481481481482 0.0148989898989899 0.01498316498316498 0.01506734006734007 0.01515151515151515 0.01523569023569023 0.01531986531986532 0.0154040404040404 0.01548821548821549 0.01557239057239057 0.01565656565656566 0.01574074074074074 0.01582491582491583 0.01590909090909091 0.01599326599326599 0.01607744107744108 0.01616161616161616 0.01624579124579124 0.01632996632996633 0.01641414141414141 0.0164983164983165 0.01658249158249158 0.01666666666666667


# name: y
# type: matrix
# rows: 100
# columns: 1
 487499.0242597712
 482871.6001357689
 478351.3192692812
 473938.1816603081
 469632.1873088496
 465433.3362149055
 461341.628378476
 457357.0637995609
 453479.6424781603
 449709.3644142744
 446046.2296079029
 442490.238059046
 439041.3897677035
 435699.6847338756
 432465.1229575623
 429337.7044387633
 426317.429177479
 423404.2971737092
 420598.3084274539
 417899.4629387131
 415307.7607074869
 412823.2017337751
 410445.7860175779
 408175.5135588952
 406012.3843577271
 403956.3984140735
 402007.5557279343
 400165.8562993097
 398431.3001281996
 396803.8872146041
 395283.617558523
 393870.4911599565
 392564.5080189045
 391365.668135367
 390273.9715093441
 389289.4181408357
 388412.0080298418
 387641.7411763624
 386978.6175803975
 386422.6372419472
 385973.8001610114
 385632.1063375901
 385397.5557716833
 385270.1484632911
 385249.8844124133
 385336.7636190501
 385530.7860832014
 385831.9518048672
 386240.2607840476
 386755.7130207425
 387378.3085149519
 388108.0472666758
 388944.9292759143
 389888.9545426672
 390940.1230669347
 392098.4348487167
 393363.8898880132
 394736.4881848243
 396216.2297391499
 397803.1145509899
 399497.1426203446
 401298.3139472137
 403206.6285315974
 405222.0863734956
 407344.6874729083
 409574.4318298355
 411911.3194442773
 414355.3503162335
 416906.5244457043
 419564.8418326896
 422330.3024771895
 425202.9063792038
 428182.6535387327
 431269.5439557761
 434463.5776303341
 437764.7545624065
 441173.0747519934
 444688.5381990949
 448311.144903711
 452040.8948658414
 455877.7880854865
 459821.824562646
 463873.0042973201
 468031.3272895088
 472296.793539212
 476669.4030464296
 481149.1558111618
 485736.0518334085
 490430.0911131697
 495231.2736504455
 500139.5994452357
 505155.0684975406
 510277.6808073599
 515507.4363746936
 520844.3351995421
 526288.3772819049
 531839.5626217823
 537497.8912191743
 543263.3630740808
 549135.9781865018


# name: QUERY
# type: sq_string
# elements: 1
# length: 2
R4


# name: DATASIZE
# type: sq_string
# elements: 1
# length: 3
500


