# Created by Octave 4.0.0, Mon May 23 13:37:47 2016 CEST <peter@Independence>
# name: x
# type: matrix
# rows: 1
# columns: 100
 0.008333333333333333 0.008417508417508417 0.008501683501683501 0.008585858585858586 0.00867003367003367 0.008754208754208754 0.008838383838383838 0.008922558922558922 0.009006734006734006 0.00909090909090909 0.009175084175084175 0.009259259259259259 0.009343434343434343 0.009427609427609427 0.009511784511784511 0.009595959595959595 0.009680134680134679 0.009764309764309764 0.009848484848484849 0.009932659932659932 0.01001683501683502 0.0101010101010101 0.01018518518518519 0.01026936026936027 0.01035353535353535 0.01043771043771044 0.01052188552188552 0.0106060606060606 0.01069023569023569 0.01077441077441077 0.01085858585858586 0.01094276094276094 0.01102693602693603 0.01111111111111111 0.0111952861952862 0.01127946127946128 0.01136363636363636 0.01144781144781145 0.01153198653198653 0.01161616161616162 0.0117003367003367 0.01178451178451178 0.01186868686868687 0.01195286195286195 0.01203703703703704 0.01212121212121212 0.01220538720538721 0.01228956228956229 0.01237373737373737 0.01245791245791246 0.01254208754208754 0.01262626262626263 0.01271043771043771 0.01279461279461279 0.01287878787878788 0.01296296296296296 0.01304713804713805 0.01313131313131313 0.01321548821548822 0.0132996632996633 0.01338383838383838 0.01346801346801347 0.01355218855218855 0.01363636363636364 0.01372053872053872 0.0138047138047138 0.01388888888888889 0.01397306397306397 0.01405723905723906 0.01414141414141414 0.01422558922558922 0.01430976430976431 0.01439393939393939 0.01447811447811448 0.01456228956228956 0.01464646464646465 0.01473063973063973 0.01481481481481481 0.0148989898989899 0.01498316498316498 0.01506734006734007 0.01515151515151515 0.01523569023569023 0.01531986531986532 0.0154040404040404 0.01548821548821549 0.01557239057239057 0.01565656565656566 0.01574074074074074 0.01582491582491583 0.01590909090909091 0.01599326599326599 0.01607744107744108 0.01616161616161616 0.01624579124579124 0.01632996632996633 0.01641414141414141 0.0164983164983165 0.01658249158249158 0.01666666666666667


# name: y
# type: matrix
# rows: 100
# columns: 1
 480031.7447612848
 473246.1889887989
 466620.4053325932
 460154.3937926675
 453848.1543690222
 447701.6870616569
 441714.9918705718
 435888.0687957669
 430220.9178372421
 424713.5389949974
 419365.932269033
 414178.0976593488
 409150.0351659446
 404281.7447888207
 399573.2265279769
 395024.4803834134
 390635.50635513
 386406.3044431266
 382336.8746474035
 378427.2169679606
 374677.3314047978
 371087.2179579153
 367656.8766273128
 364386.3074129905
 361275.5103149484
 358324.4853331865
 355533.2324677047
 352901.7517185031
 350430.0430855817
 348118.1065689404
 345965.9421685793
 343973.5498844984
 342140.9297166975
 340468.081665177
 338955.0057299365
 337601.7019109762
 336408.1702082961
 335374.4106218962
 334500.4231517764
 333786.2077979367
 333231.7645603773
 332837.093439098
 332602.1944340989
 332527.06754538
 332611.7127729412
 332856.1301167826
 333260.3195769041
 333824.2811533058
 334548.0148459877
 335431.5206549498
 336474.798580192
 337677.8486217144
 339040.6707795169
 340563.2650535996
 342245.6314439625
 344087.7699506056
 346089.6805735287
 348251.3633127321
 350572.8181682157
 353054.0451399794
 355695.0442280233
 358495.8154323474
 361456.3587529515
 364576.6741898359
 367856.7617430004
 371296.6214124452
 374896.25319817
 378655.6571001751
 382574.8331184603
 386653.7812530256
 390892.5015038713
 395290.9938709969
 399849.2583544028
 404567.2949540888
 409445.103670055
 414482.6845023014
 419680.0374508279
 425037.1625156346
 430554.0596967216
 436230.7289940885
 442067.1704077357
 448063.3839376631
 454219.3695838706
 460535.1273463583
 467010.6572251262
 473645.9592201742
 480441.0333315024
 487395.8795591109
 494510.4979029992
 501784.888363168
 509219.0509396169
 516812.9856323459
 524566.6924413552
 532480.1713666444
 540553.422408214
 548786.4455660636
 557179.2408401936
 565731.8082306036
 574444.1477372935
 583316.2593602642


# name: QUERY
# type: sq_string
# elements: 1
# length: 2
R4


# name: DATASIZE
# type: sq_string
# elements: 1
# length: 3
500


