# Created by Octave 4.0.0, Sun May 22 18:33:33 2016 CEST <peter@Independence>
# name: x
# type: matrix
# rows: 1
# columns: 100
 60 60.60606060606061 61.21212121212121 61.81818181818182 62.42424242424242 63.03030303030303 63.63636363636363 64.24242424242425 64.84848484848484 65.45454545454545 66.06060606060606 66.66666666666667 67.27272727272728 67.87878787878788 68.48484848484848 69.09090909090909 69.6969696969697 70.3030303030303 70.90909090909091 71.51515151515152 72.12121212121212 72.72727272727272 73.33333333333333 73.93939393939394 74.54545454545455 75.15151515151516 75.75757575757575 76.36363636363636 76.96969696969697 77.57575757575758 78.18181818181819 78.78787878787878 79.39393939393939 80 80.60606060606061 81.21212121212122 81.81818181818181 82.42424242424242 83.03030303030303 83.63636363636364 84.24242424242425 84.84848484848484 85.45454545454545 86.06060606060606 86.66666666666667 87.27272727272728 87.87878787878788 88.48484848484848 89.09090909090909 89.6969696969697 90.3030303030303 90.90909090909091 91.51515151515152 92.12121212121212 92.72727272727273 93.33333333333333 93.93939393939394 94.54545454545455 95.15151515151516 95.75757575757575 96.36363636363636 96.96969696969697 97.57575757575758 98.18181818181819 98.78787878787878 99.39393939393939 100 100.6060606060606 101.2121212121212 101.8181818181818 102.4242424242424 103.030303030303 103.6363636363636 104.2424242424242 104.8484848484848 105.4545454545455 106.0606060606061 106.6666666666667 107.2727272727273 107.8787878787879 108.4848484848485 109.0909090909091 109.6969696969697 110.3030303030303 110.9090909090909 111.5151515151515 112.1212121212121 112.7272727272727 113.3333333333333 113.9393939393939 114.5454545454545 115.1515151515152 115.7575757575758 116.3636363636364 116.969696969697 117.5757575757576 118.1818181818182 118.7878787878788 119.3939393939394 120


# name: y
# type: matrix
# rows: 100
# columns: 1
 1134324.49262254
 1131409.562075372
 1128478.260675915
 1125531.992167299
 1122572.183709986
 1119600.284706817
 1116617.765595441
 1113626.11660956
 1110626.846510535
 1107621.481290877
 1104611.562851255
 1101598.647652679
 1098584.305345545
 1095570.117377299
 1092557.67558049
 1089548.58074303
 1086544.441162511
 1083546.871186446
 1080557.489740343
 1077577.918845532
 1074609.782128686
 1071654.703324992
 1068714.304776946
 1065790.205930745
 1062884.021832264
 1059997.3616246
 1057131.827049166
 1054289.010952318
 1051470.495799481
 1048677.852198736
 1045912.637435801
 1043176.394022356
 1040470.648259579
 1037796.908818802
 1035156.665341122
 1032551.38705779
 1029982.521433158
 1027451.492831935
 1024959.701212464
 1022508.520847668
 1020099.299075305
 1017733.355079078
 1015411.97870215
 1013136.42929449
 1010907.934595506
 1008727.689653283
 1006596.855781737
 1004516.559556911
 1002487.891853594
 1000511.906923345
 998589.6215149815
 996722.0140384956
 994910.0237732901
 993154.550121579
 991456.4519077013
 989816.5467240441
 988235.610324183
 986714.376063787
 985253.5343897537
 983853.7323779698
 982515.5733200172
 981239.6163590733
 980026.3761751745
 978876.3227199457
 977789.8810008216
 976767.4309147111
 975809.3071309901
 974915.7990236318
 974087.1506522162
 973323.5607914899
 972625.1830090828
 971992.125790916
 971424.4527137761
 970922.182664465
 970485.2901048707
 970113.7053822463
 969807.3150839278
 969565.9624356581
 969389.4477426391
 969277.5288723726
 969229.9217783057
 969246.3010632473
 969326.3005814727
 969469.5140783945
 969675.4958666341
 969943.7615372867
 970273.7887051424
 970665.0177865849
 971116.8528088619
 971628.6622493914
 972199.7799037404
 972829.5057808893
 973517.1070243735
 974261.8188578743
 975062.8455538168
 975919.3614235143
 976830.5118273927
 977795.4142038145
 978813.1591150187
 979882.8113086899


# name: QUERY
# type: sq_string
# elements: 1
# length: 2
R2


# name: DATASIZE
# type: sq_string
# elements: 1
# length: 4
1000


