# Created by Octave 4.0.0, Wed May 18 23:32:30 2016 CEST <peter@Independence>
# name: x
# type: matrix
# rows: 1
# columns: 100
 60 60.60606060606061 61.21212121212121 61.81818181818182 62.42424242424242 63.03030303030303 63.63636363636363 64.24242424242425 64.84848484848484 65.45454545454545 66.06060606060606 66.66666666666667 67.27272727272728 67.87878787878788 68.48484848484848 69.09090909090909 69.6969696969697 70.3030303030303 70.90909090909091 71.51515151515152 72.12121212121212 72.72727272727272 73.33333333333333 73.93939393939394 74.54545454545455 75.15151515151516 75.75757575757575 76.36363636363636 76.96969696969697 77.57575757575758 78.18181818181819 78.78787878787878 79.39393939393939 80 80.60606060606061 81.21212121212122 81.81818181818181 82.42424242424242 83.03030303030303 83.63636363636364 84.24242424242425 84.84848484848484 85.45454545454545 86.06060606060606 86.66666666666667 87.27272727272728 87.87878787878788 88.48484848484848 89.09090909090909 89.6969696969697 90.3030303030303 90.90909090909091 91.51515151515152 92.12121212121212 92.72727272727273 93.33333333333333 93.93939393939394 94.54545454545455 95.15151515151516 95.75757575757575 96.36363636363636 96.96969696969697 97.57575757575758 98.18181818181819 98.78787878787878 99.39393939393939 100 100.6060606060606 101.2121212121212 101.8181818181818 102.4242424242424 103.030303030303 103.6363636363636 104.2424242424242 104.8484848484848 105.4545454545455 106.0606060606061 106.6666666666667 107.2727272727273 107.8787878787879 108.4848484848485 109.0909090909091 109.6969696969697 110.3030303030303 110.9090909090909 111.5151515151515 112.1212121212121 112.7272727272727 113.3333333333333 113.9393939393939 114.5454545454545 115.1515151515152 115.7575757575758 116.3636363636364 116.969696969697 117.5757575757576 118.1818181818182 118.7878787878788 119.3939393939394 120


# name: y
# type: matrix
# rows: 100
# columns: 1
 1151718.474584333
 1148573.903604501
 1145415.244410233
 1142243.955563649
 1139061.516151831
 1135869.424578537
 1132669.197329396
 1129462.367712123
 1126250.484573315
 1123035.110993458
 1119817.822961786
 1116600.20803267
 1113383.863965251
 1110170.397348047
 1106961.422210286
 1103758.558621758
 1100563.431282952
 1097377.668107307
 1094202.898797378
 1091040.753416742
 1087892.860959474
 1084760.847919013
 1081646.336858247
 1078550.944982626
 1075476.282718126
 1072423.952295841
 1069395.546345007
 1066392.646496204
 1063416.821996483
 1060469.62833815
 1057552.605902877
 1054667.278622821
 1051815.152660382
 1048997.715108176
 1046216.432710818
 1043472.750609997
 1040768.091114355
 1038103.85249558
 1035481.407812116
 1032902.103761827
 1030367.259564905
 1027878.165878261
 1025436.083742587
 1023042.243563219
 1020697.844125878
 1018404.051648308
 1016161.998868757
 1013972.784172223
 1011837.470755289
 1009757.085830322
 1007732.619869764
 1005765.02589116
 1003855.21878351
 1002004.074675483
 1000212.430345949
 998481.0826772272
 996810.7881513947
 995202.2623899261
 993656.1797368727
 992173.1728857348
 990753.8325501119
 989398.7071781553
 988108.3027107924
 986883.082383625
 985723.4665723514
 984629.8326815021
 983602.5150762205
 982641.8050567688
 981747.9508753846
 980921.1577950566
 980161.5881897425
 979469.3616855014
 978844.5553419609
 978287.2038734978
 977797.2999094652
 977374.794292753
 977019.5964159309
 976731.5745941848
 976510.556474214
 976356.3294782271
 976268.6412821397
 976247.2003270402
 976291.676362968
 976401.7010240149
 976576.8684337346
 976816.7358398268
 977120.8242770315
 977488.6192571587
 977919.5714851536
 978413.0976000812
 978968.5809399093
 979585.3723289412
 980262.7908867544
 981000.1248574811
 981796.6324582672
 982651.5427457374
 983564.056499294
 984533.347120068
 985558.5615443562
 986638.8211703603


# name: QUERY
# type: sq_string
# elements: 1
# length: 2
R2


# name: DATASIZE
# type: sq_string
# elements: 1
# length: 4
1000


