# Created by Octave 4.0.0, Wed May 18 23:32:30 2016 CEST <peter@Independence>
# name: x
# type: matrix
# rows: 1
# columns: 100
 60 60.60606060606061 61.21212121212121 61.81818181818182 62.42424242424242 63.03030303030303 63.63636363636363 64.24242424242425 64.84848484848484 65.45454545454545 66.06060606060606 66.66666666666667 67.27272727272728 67.87878787878788 68.48484848484848 69.09090909090909 69.6969696969697 70.3030303030303 70.90909090909091 71.51515151515152 72.12121212121212 72.72727272727272 73.33333333333333 73.93939393939394 74.54545454545455 75.15151515151516 75.75757575757575 76.36363636363636 76.96969696969697 77.57575757575758 78.18181818181819 78.78787878787878 79.39393939393939 80 80.60606060606061 81.21212121212122 81.81818181818181 82.42424242424242 83.03030303030303 83.63636363636364 84.24242424242425 84.84848484848484 85.45454545454545 86.06060606060606 86.66666666666667 87.27272727272728 87.87878787878788 88.48484848484848 89.09090909090909 89.6969696969697 90.3030303030303 90.90909090909091 91.51515151515152 92.12121212121212 92.72727272727273 93.33333333333333 93.93939393939394 94.54545454545455 95.15151515151516 95.75757575757575 96.36363636363636 96.96969696969697 97.57575757575758 98.18181818181819 98.78787878787878 99.39393939393939 100 100.6060606060606 101.2121212121212 101.8181818181818 102.4242424242424 103.030303030303 103.6363636363636 104.2424242424242 104.8484848484848 105.4545454545455 106.0606060606061 106.6666666666667 107.2727272727273 107.8787878787879 108.4848484848485 109.0909090909091 109.6969696969697 110.3030303030303 110.9090909090909 111.5151515151515 112.1212121212121 112.7272727272727 113.3333333333333 113.9393939393939 114.5454545454545 115.1515151515152 115.7575757575758 116.3636363636364 116.969696969697 117.5757575757576 118.1818181818182 118.7878787878788 119.3939393939394 120


# name: y
# type: matrix
# rows: 100
# columns: 1
 1076231.974755119
 1076586.283378297
 1076940.592001474
 1077294.900624652
 1077649.209247829
 1078003.517871007
 1078357.826494185
 1078712.135117362
 1079066.443740539
 1079420.752363717
 1079775.060986894
 1080129.369610072
 1080483.67823325
 1080837.986856427
 1081192.295479605
 1081546.604102782
 1081900.91272596
 1082255.221349138
 1082609.529972315
 1082963.838595493
 1083318.14721867
 1083672.455841848
 1084026.764465025
 1084381.073088203
 1084735.38171138
 1085089.690334558
 1085443.998957735
 1085798.307580913
 1086152.616204091
 1086506.924827268
 1086861.233450446
 1087215.542073623
 1087569.850696801
 1087924.159319978
 1088278.467943156
 1088632.776566334
 1088987.085189511
 1089341.393812689
 1089695.702435866
 1090050.011059044
 1090404.319682221
 1090758.628305399
 1091112.936928576
 1091467.245551754
 1091821.554174931
 1092175.862798109
 1092530.171421287
 1092884.480044464
 1093238.788667642
 1093593.097290819
 1093947.405913997
 1094301.714537174
 1094656.023160352
 1095010.331783529
 1095364.640406707
 1095718.949029885
 1096073.257653062
 1096427.56627624
 1096781.874899417
 1097136.183522595
 1097490.492145772
 1097844.80076895
 1098199.109392127
 1098553.418015305
 1098907.726638483
 1099262.03526166
 1099616.343884838
 1099970.652508015
 1100324.961131193
 1100679.26975437
 1101033.578377548
 1101387.887000726
 1101742.195623903
 1102096.504247081
 1102450.812870258
 1102805.121493436
 1103159.430116613
 1103513.738739791
 1103868.047362968
 1104222.355986146
 1104576.664609323
 1104930.973232501
 1105285.281855679
 1105639.590478856
 1105993.899102034
 1106348.207725211
 1106702.516348389
 1107056.824971566
 1107411.133594744
 1107765.442217921
 1108119.750841099
 1108474.059464277
 1108828.368087454
 1109182.676710632
 1109536.985333809
 1109891.293956987
 1110245.602580165
 1110599.911203342
 1110954.219826519
 1111308.528449697


# name: QUERY
# type: sq_string
# elements: 1
# length: 2
R2


# name: DATASIZE
# type: sq_string
# elements: 1
# length: 4
1000


