# Created by Octave 4.0.0, Wed May 18 23:32:30 2016 CEST <peter@Independence>
# name: x
# type: matrix
# rows: 1
# columns: 100
 60 60.60606060606061 61.21212121212121 61.81818181818182 62.42424242424242 63.03030303030303 63.63636363636363 64.24242424242425 64.84848484848484 65.45454545454545 66.06060606060606 66.66666666666667 67.27272727272728 67.87878787878788 68.48484848484848 69.09090909090909 69.6969696969697 70.3030303030303 70.90909090909091 71.51515151515152 72.12121212121212 72.72727272727272 73.33333333333333 73.93939393939394 74.54545454545455 75.15151515151516 75.75757575757575 76.36363636363636 76.96969696969697 77.57575757575758 78.18181818181819 78.78787878787878 79.39393939393939 80 80.60606060606061 81.21212121212122 81.81818181818181 82.42424242424242 83.03030303030303 83.63636363636364 84.24242424242425 84.84848484848484 85.45454545454545 86.06060606060606 86.66666666666667 87.27272727272728 87.87878787878788 88.48484848484848 89.09090909090909 89.6969696969697 90.3030303030303 90.90909090909091 91.51515151515152 92.12121212121212 92.72727272727273 93.33333333333333 93.93939393939394 94.54545454545455 95.15151515151516 95.75757575757575 96.36363636363636 96.96969696969697 97.57575757575758 98.18181818181819 98.78787878787878 99.39393939393939 100 100.6060606060606 101.2121212121212 101.8181818181818 102.4242424242424 103.030303030303 103.6363636363636 104.2424242424242 104.8484848484848 105.4545454545455 106.0606060606061 106.6666666666667 107.2727272727273 107.8787878787879 108.4848484848485 109.0909090909091 109.6969696969697 110.3030303030303 110.9090909090909 111.5151515151515 112.1212121212121 112.7272727272727 113.3333333333333 113.9393939393939 114.5454545454545 115.1515151515152 115.7575757575758 116.3636363636364 116.969696969697 117.5757575757576 118.1818181818182 118.7878787878788 119.3939393939394 120


# name: y
# type: matrix
# rows: 1
# columns: 100
 1080647.701764505 1081150.756242889 1081653.810721273 1082156.865199657 1082659.919678041 1083162.974156425 1083666.028634809 1084169.083113193 1084672.137591577 1085175.192069961 1085678.246548345 1086181.301026729 1086684.355505113 1087187.409983497 1087690.464461881 1088193.518940265 1088696.573418649 1089199.627897033 1089702.682375417 1090205.736853801 1090708.791332185 1091211.845810569 1091714.900288953 1092217.954767337 1092721.009245721 1093224.063724105 1093727.118202489 1094230.172680873 1094733.227159257 1095236.281637641 1095739.336116025 1096242.390594409 1096745.445072793 1097248.499551177 1097751.554029561 1098254.608507945 1098757.662986329 1099260.717464713 1099763.771943097 1100266.826421481 1100769.880899865 1101272.935378249 1101775.989856633 1102279.044335017 1102782.098813401 1103285.153291785 1103788.207770169 1104291.262248553 1104794.316726937 1105297.371205321 1105800.425683705 1106303.480162089 1106806.534640473 1107309.589118857 1107812.643597241 1108315.698075625 1108818.752554009 1109321.807032393 1109824.861510777 1110327.915989161 1110830.970467545 1111334.024945929 1111837.079424313 1112340.133902697 1112843.188381081 1113346.242859465 1113849.297337849 1114352.351816233 1114855.406294617 1115358.460773001 1115861.515251385 1116364.569729769 1116867.624208153 1117370.678686537 1117873.733164921 1118376.787643305 1118879.842121689 1119382.896600073 1119885.951078457 1120389.005556841 1120892.060035225 1121395.114513609 1121898.168991993 1122401.223470377 1122904.277948761 1123407.332427145 1123910.386905529 1124413.441383913 1124916.495862297 1125419.550340681 1125922.604819065 1126425.659297449 1126928.713775833 1127431.768254217 1127934.822732601 1128437.877210985 1128940.931689369 1129443.986167753 1129947.040646137 1130450.095124521


# name: QUERY
# type: sq_string
# elements: 1
# length: 2
R2


# name: DATASIZE
# type: sq_string
# elements: 1
# length: 4
1000


