# Created by Octave 4.0.0, Sun May 22 18:33:33 2016 CEST <peter@Independence>
# name: x
# type: matrix
# rows: 1
# columns: 100
 60 60.60606060606061 61.21212121212121 61.81818181818182 62.42424242424242 63.03030303030303 63.63636363636363 64.24242424242425 64.84848484848484 65.45454545454545 66.06060606060606 66.66666666666667 67.27272727272728 67.87878787878788 68.48484848484848 69.09090909090909 69.6969696969697 70.3030303030303 70.90909090909091 71.51515151515152 72.12121212121212 72.72727272727272 73.33333333333333 73.93939393939394 74.54545454545455 75.15151515151516 75.75757575757575 76.36363636363636 76.96969696969697 77.57575757575758 78.18181818181819 78.78787878787878 79.39393939393939 80 80.60606060606061 81.21212121212122 81.81818181818181 82.42424242424242 83.03030303030303 83.63636363636364 84.24242424242425 84.84848484848484 85.45454545454545 86.06060606060606 86.66666666666667 87.27272727272728 87.87878787878788 88.48484848484848 89.09090909090909 89.6969696969697 90.3030303030303 90.90909090909091 91.51515151515152 92.12121212121212 92.72727272727273 93.33333333333333 93.93939393939394 94.54545454545455 95.15151515151516 95.75757575757575 96.36363636363636 96.96969696969697 97.57575757575758 98.18181818181819 98.78787878787878 99.39393939393939 100 100.6060606060606 101.2121212121212 101.8181818181818 102.4242424242424 103.030303030303 103.6363636363636 104.2424242424242 104.8484848484848 105.4545454545455 106.0606060606061 106.6666666666667 107.2727272727273 107.8787878787879 108.4848484848485 109.0909090909091 109.6969696969697 110.3030303030303 110.9090909090909 111.5151515151515 112.1212121212121 112.7272727272727 113.3333333333333 113.9393939393939 114.5454545454545 115.1515151515152 115.7575757575758 116.3636363636364 116.969696969697 117.5757575757576 118.1818181818182 118.7878787878788 119.3939393939394 120


# name: y
# type: matrix
# rows: 1
# columns: 100
 1077887.337676124 1078446.444533685 1079005.551391245 1079564.658248806 1080123.765106367 1080682.871963928 1081241.978821488 1081801.085679049 1082360.19253661 1082919.299394171 1083478.406251731 1084037.513109292 1084596.619966853 1085155.726824414 1085714.833681974 1086273.940539535 1086833.047397096 1087392.154254657 1087951.261112217 1088510.367969778 1089069.474827339 1089628.5816849 1090187.68854246 1090746.795400021 1091305.902257582 1091865.009115143 1092424.115972703 1092983.222830264 1093542.329687825 1094101.436545386 1094660.543402946 1095219.650260507 1095778.757118068 1096337.863975629 1096896.970833189 1097456.07769075 1098015.184548311 1098574.291405872 1099133.398263432 1099692.505120993 1100251.611978554 1100810.718836115 1101369.825693675 1101928.932551236 1102488.039408797 1103047.146266358 1103606.253123918 1104165.359981479 1104724.46683904 1105283.573696601 1105842.680554161 1106401.787411722 1106960.894269283 1107520.001126843 1108079.107984404 1108638.214841965 1109197.321699526 1109756.428557086 1110315.535414647 1110874.642272208 1111433.749129769 1111992.855987329 1112551.96284489 1113111.069702451 1113670.176560011 1114229.283417572 1114788.390275133 1115347.497132694 1115906.603990254 1116465.710847815 1117024.817705376 1117583.924562937 1118143.031420497 1118702.138278058 1119261.245135619 1119820.35199318 1120379.45885074 1120938.565708301 1121497.672565862 1122056.779423423 1122615.886280983 1123174.993138544 1123734.099996105 1124293.206853666 1124852.313711226 1125411.420568787 1125970.527426348 1126529.634283909 1127088.741141469 1127647.84799903 1128206.954856591 1128766.061714152 1129325.168571712 1129884.275429273 1130443.382286834 1131002.489144395 1131561.596001955 1132120.702859516 1132679.809717077 1133238.916574638


# name: QUERY
# type: sq_string
# elements: 1
# length: 2
R2


# name: DATASIZE
# type: sq_string
# elements: 1
# length: 4
1000


