# Created by Octave 4.0.0, Sun May 22 18:33:33 2016 CEST <peter@Independence>
# name: x
# type: matrix
# rows: 1
# columns: 100
 60 60.60606060606061 61.21212121212121 61.81818181818182 62.42424242424242 63.03030303030303 63.63636363636363 64.24242424242425 64.84848484848484 65.45454545454545 66.06060606060606 66.66666666666667 67.27272727272728 67.87878787878788 68.48484848484848 69.09090909090909 69.6969696969697 70.3030303030303 70.90909090909091 71.51515151515152 72.12121212121212 72.72727272727272 73.33333333333333 73.93939393939394 74.54545454545455 75.15151515151516 75.75757575757575 76.36363636363636 76.96969696969697 77.57575757575758 78.18181818181819 78.78787878787878 79.39393939393939 80 80.60606060606061 81.21212121212122 81.81818181818181 82.42424242424242 83.03030303030303 83.63636363636364 84.24242424242425 84.84848484848484 85.45454545454545 86.06060606060606 86.66666666666667 87.27272727272728 87.87878787878788 88.48484848484848 89.09090909090909 89.6969696969697 90.3030303030303 90.90909090909091 91.51515151515152 92.12121212121212 92.72727272727273 93.33333333333333 93.93939393939394 94.54545454545455 95.15151515151516 95.75757575757575 96.36363636363636 96.96969696969697 97.57575757575758 98.18181818181819 98.78787878787878 99.39393939393939 100 100.6060606060606 101.2121212121212 101.8181818181818 102.4242424242424 103.030303030303 103.6363636363636 104.2424242424242 104.8484848484848 105.4545454545455 106.0606060606061 106.6666666666667 107.2727272727273 107.8787878787879 108.4848484848485 109.0909090909091 109.6969696969697 110.3030303030303 110.9090909090909 111.5151515151515 112.1212121212121 112.7272727272727 113.3333333333333 113.9393939393939 114.5454545454545 115.1515151515152 115.7575757575758 116.3636363636364 116.969696969697 117.5757575757576 118.1818181818182 118.7878787878788 119.3939393939394 120


# name: y
# type: matrix
# rows: 100
# columns: 1
 1094326.649343805
 1094420.082372458
 1094513.515401111
 1094606.948429764
 1094700.381458417
 1094793.81448707
 1094887.247515723
 1094980.680544376
 1095074.113573029
 1095167.546601682
 1095260.979630335
 1095354.412658988
 1095447.845687641
 1095541.278716294
 1095634.711744947
 1095728.1447736
 1095821.577802253
 1095915.010830906
 1096008.443859559
 1096101.876888213
 1096195.309916866
 1096288.742945518
 1096382.175974171
 1096475.609002824
 1096569.042031477
 1096662.47506013
 1096755.908088784
 1096849.341117437
 1096942.77414609
 1097036.207174743
 1097129.640203396
 1097223.073232049
 1097316.506260702
 1097409.939289355
 1097503.372318008
 1097596.805346661
 1097690.238375314
 1097783.671403967
 1097877.10443262
 1097970.537461273
 1098063.970489926
 1098157.403518579
 1098250.836547232
 1098344.269575885
 1098437.702604538
 1098531.135633191
 1098624.568661844
 1098718.001690497
 1098811.43471915
 1098904.867747803
 1098998.300776456
 1099091.733805109
 1099185.166833762
 1099278.599862415
 1099372.032891068
 1099465.465919721
 1099558.898948374
 1099652.331977027
 1099745.76500568
 1099839.198034333
 1099932.631062986
 1100026.064091639
 1100119.497120292
 1100212.930148945
 1100306.363177598
 1100399.796206251
 1100493.229234904
 1100586.662263557
 1100680.09529221
 1100773.528320863
 1100866.961349516
 1100960.394378169
 1101053.827406822
 1101147.260435476
 1101240.693464129
 1101334.126492782
 1101427.559521435
 1101520.992550087
 1101614.425578741
 1101707.858607393
 1101801.291636047
 1101894.7246647
 1101988.157693353
 1102081.590722006
 1102175.023750659
 1102268.456779312
 1102361.889807965
 1102455.322836618
 1102548.755865271
 1102642.188893924
 1102735.621922577
 1102829.05495123
 1102922.487979883
 1103015.921008536
 1103109.354037189
 1103202.787065842
 1103296.220094495
 1103389.653123148
 1103483.086151801
 1103576.519180454


# name: QUERY
# type: sq_string
# elements: 1
# length: 2
R2


# name: DATASIZE
# type: sq_string
# elements: 1
# length: 4
1000


