# Created by Octave 4.0.0, Sun May 22 18:33:33 2016 CEST <peter@Independence>
# name: SVs
# type: cell
# rows: 1
# columns: 7
# name: <cell-element>
# type: sparse matrix
# nnz: 63
# rows: 9
# columns: 7
1 1 0.1655066492848827
2 1 1.152611509293011
3 1 1.266291257834077
4 1 1.473189408872239
5 1 1.610810495759554
6 1 -0.9266006741105896
7 1 0.461416951254778
8 1 0.2255062556965418
9 1 -0.9714497053395794
1 2 -0.001256837995781757
2 2 1.56572810483477
3 2 1.792011498954841
4 2 1.203320257274922
5 2 1.94037362480187
6 2 -0.8698035588255197
7 2 0.1468025000803459
8 2 0.09930169804661487
9 2 -1.091766404368502
1 3 -1.438365811559243
2 3 -0.08045466712362372
3 3 0.2528185641477815
4 3 0.02236367018351194
5 3 -1.002274242980702
6 3 0.2953640830334928
7 3 0.8803649677120233
8 3 0.05781826925493803
9 3 1.266820097590568
1 4 -0.957842752024447
2 4 -0.7397153985854462
3 4 -0.7141633371825918
4 4 -0.4654981542621309
5 4 0.06423970408972815
6 4 2.478597896154554
7 4 -0.3757543288472278
8 4 0.3390801694228692
9 4 0.403271933434918
1 5 0.194467602063884
2 5 1.63593088593733
3 5 2.146810475729458
4 5 0.241889609652571
5 5 1.873096172821645
6 5 -0.9620695271658287
7 5 0.422052722599603
8 5 0.4075811833517622
9 5 -1.27480431538584
1 6 0.1410118482020098
2 6 1.518468770806022
3 6 1.697925494381968
4 6 0.4627513831646316
5 6 1.908322323934489
6 6 -0.8257681431760415
7 6 0.3433111865394505
8 6 0.131420474048012
9 6 -1.15532928527465
1 7 -0.4510426790834237
2 7 -1.367223120971629
3 7 -1.367223120971629
4 7 -1.367223120971629
5 7 -1.367223120971629
6 7 0.4651377628047813
7 7 -0.4510426790834237
8 7 -0.4510426790834237
9 7 1.381318204692986



# name: <cell-element>
# type: sparse matrix
# nnz: 105
# rows: 15
# columns: 7
1 1 1.152611509293011
2 1 1.51191314930251
3 1 -0.9209393822855076
4 1 -0.8648837671497631
5 1 -0.8787154756845402
6 1 1.473189408872239
7 1 -0.9803413378452538
8 1 0.999373326515838
9 1 -0.8789827794410919
10 1 1.667148545053164
11 1 -0.9728770065302237
12 1 1.610810495759554
13 1 -0.8093022379218652
14 1 1.258884926390752
15 1 -0.9714497053395794
1 2 1.56572810483477
2 2 1.274331753340222
3 2 -0.8860764605642033
4 2 -0.892541755851841
5 2 -0.8358447457506144
6 2 1.203320257274922
7 2 -1.036723081323736
8 2 1.532035201533028
9 2 -0.8523835572624611
10 2 1.3607155516205
11 2 -1.109463961388221
12 2 1.94037362480187
13 2 -0.891369423713224
14 2 1.580419134565221
15 2 -1.091766404368502
1 3 -0.08045466712362372
2 3 -0.0308182284236272
3 3 0.901637727154879
4 3 0.4655461585763381
5 3 -0.576819054123589
6 3 0.02236367018351194
7 3 -1.076728901030697
8 3 0.2882731632192077
9 3 -0.6512737121735838
10 3 2.064548576697655
11 3 -1.739729903666365
12 3 -1.002274242980702
13 3 0.5754554156977589
14 3 -0.2931822615521802
15 3 1.266820097590568
1 4 -0.7397153985854462
2 4 -0.8020374995680178
3 4 1.946367153763392
4 4 -0.02425767930552361
5 4 2.592024119942835
6 4 -0.4654981542621309
7 4 -0.5452704435198227
8 4 0.7715955502419165
9 4 0.6899535979547475
10 4 -0.09655131644530673
11 4 -0.6643056563965345
12 4 0.06423970408972815
13 4 0.1159670479052626
14 4 -0.7858337533125492
15 4 0.403271933434918
1 5 1.63593088593733
2 5 0.4401854249964268
3 5 -1.003229988121446
4 5 -1.050136338928586
5 5 -1.074320641983136
6 5 0.241889609652571
7 5 -1.360933730955072
8 5 1.898576984355512
9 5 -1.001859814387622
10 5 0.5984736406176948
11 5 -1.448193908180982
12 5 1.873096172821645
13 5 -0.9148979814424645
14 5 1.393413818313103
15 5 -1.27480431538584
1 6 1.518468770806022
2 6 0.94333264413353
3 6 -0.9128682688701023
4 6 -1.014954182945532
5 6 -0.9979726373962567
6 6 0.4627513831646316
7 6 -1.260311982180555
8 6 1.746460547743248
9 6 -0.9800695216253307
10 6 1.026611481838452
11 6 -1.340735126173164
12 6 1.908322323934489
13 6 -0.9134728658944976
14 6 1.309973780437037
15 6 -1.15532928527465
1 7 -1.367223120971629
2 7 -1.367223120971629
3 7 1.381318204692986
4 7 0.4651377628047813
5 7 0.4651377628047813
6 7 -1.367223120971629
7 7 1.381318204692986
8 7 -1.367223120971629
9 7 1.381318204692986
10 7 -1.367223120971629
11 7 1.381318204692986
12 7 -1.367223120971629
13 7 1.381318204692986
14 7 -1.367223120971629
15 7 1.381318204692986



# name: <cell-element>
# type: sparse matrix
# nnz: 77
# rows: 11
# columns: 7
1 1 2.032144259423926
2 1 1.51191314930251
3 1 -0.8648837671497631
4 1 1.473189408872239
5 1 0.999373326515838
6 1 -0.8631084667288911
7 1 1.667148545053164
8 1 -0.8446645075268202
9 1 1.258884926390752
10 1 -0.8920100549726613
11 1 -0.7839058593158963
1 2 1.715897252570959
2 2 1.274331753340222
3 2 -0.892541755851841
4 2 1.203320257274922
5 2 1.532035201533028
6 2 -0.8100670253317862
7 2 1.3607155516205
8 2 -0.9014118847814431
9 2 1.580419134565221
10 2 -0.8730410588374621
11 2 -0.9228438243089411
1 3 -0.3250914007164638
2 3 -0.0308182284236272
3 3 0.4655461585763381
4 3 0.02236367018351194
5 3 0.2882731632192077
6 3 1.320001996197707
7 3 2.064548576697655
8 3 0.02236367018351194
9 3 -0.2931822615521802
10 3 0.5577281161620459
11 3 -0.6831828513378673
1 4 -0.7122936741531147
2 4 -0.8020374995680178
3 4 -0.02425767930552361
4 4 -0.4654981542621309
5 4 0.7715955502419165
6 4 -0.2492404638526073
7 4 -0.09655131644530673
8 4 -0.4243655676136336
9 4 -0.7858337533125492
10 4 0.2001018842317344
11 4 -0.436829987810148
1 5 0.6665108696800813
2 5 0.4401854249964268
3 5 -1.050136338928586
4 5 0.241889609652571
5 5 1.898576984355512
6 5 -0.8991115174016791
7 5 0.5984736406176948
8 5 -1.020195096234339
9 5 1.393413818313103
10 5 -0.8810966794120659
11 5 -0.9560400260844555
1 6 1.161011052411897
2 6 0.94333264413353
3 6 -1.014954182945532
4 6 0.4627513831646316
5 6 1.746460547743248
6 6 -0.8924264325841188
7 6 1.026611481838452
8 6 -1.016368822585136
9 6 1.309973780437037
10 6 -0.8433161315685606
11 6 -0.9914717519155024
1 7 -1.367223120971629
2 7 -1.367223120971629
3 7 0.4651377628047813
4 7 -1.367223120971629
5 7 -1.367223120971629
6 7 0.4651377628047813
7 7 -1.367223120971629
8 7 0.4651377628047813
9 7 -1.367223120971629
10 7 0.4651377628047813
11 7 0.4651377628047813



