# Created by Octave 4.0.0, Wed May 18 23:32:23 2016 CEST <peter@Independence>
# name: SVs
# type: cell
# rows: 1
# columns: 7
# name: <cell-element>
# type: sparse matrix
# nnz: 56
# rows: 8
# columns: 7
1 1 0.2093797696291035
2 1 -0.6395996567812353
3 1 -0.9498939269338778
4 1 1.933362912710291
5 1 1.152611509293011
6 1 0.1439382622114191
7 1 -0.9266006741105896
8 1 1.473189408872239
1 2 0.1096314193077401
2 2 -0.591062183396837
3 2 -1.138399602981767
4 2 1.619591331951923
5 2 1.56572810483477
6 2 -0.01302674211593642
7 2 -0.8698035588255197
8 2 1.203320257274922
1 3 -0.2860913417378951
2 3 0.06845464897636586
3 3 -0.3995460587664585
4 3 0.001090910740656288
5 3 -0.08045466712362372
6 3 1.706457126076251
7 3 0.2953640830334928
8 3 0.02236367018351194
1 4 -0.6898577177993889
2 4 -0.1781932687324756
3 4 -0.5614741897752913
4 4 -0.6624359933670574
5 4 -0.7397153985854462
6 4 2.769642107743164
7 4 2.478597896154554
8 4 -0.4654981542621309
1 5 0.5353351509800037
2 5 -0.1442820707851682
3 5 -1.450698526834209
4 5 0.9294958282689944
5 5 1.63593088593733
6 5 0.3745828325954866
7 5 -0.9620695271658287
8 5 0.241889609652571
1 6 0.2765413695249313
2 6 -0.2916800455481673
3 6 -1.307517509075568
4 6 1.719676312575138
5 6 1.518468770806022
6 6 0.09918019097528706
7 6 -0.8257681431760415
8 6 0.4627513831646316
1 7 -0.4510426790834237
2 7 1.381318204692986
3 7 0.4651377628047813
4 7 -1.367223120971629
5 7 -1.367223120971629
6 7 -0.4510426790834237
7 7 0.4651377628047813
8 7 -1.367223120971629



# name: <cell-element>
# type: sparse matrix
# nnz: 49
# rows: 7
# columns: 7
1 1 -0.9803413378452538
2 1 2.061585498647904
3 1 0.999373326515838
4 1 2.032144259423926
5 1 1.667148545053164
6 1 -0.9523173128777102
7 1 1.473189408872239
1 2 -1.036723081323736
2 2 1.855763852307513
3 2 1.532035201533028
4 2 1.715897252570959
5 2 1.3607155516205
6 2 -1.126216277097497
7 2 1.203320257274922
1 3 -1.076728901030697
2 3 1.8270027629191
3 3 0.2882731632192077
4 3 -0.3250914007164638
5 3 2.064548576697655
6 3 0.9548196257620182
7 3 0.02236367018351194
1 4 -0.5452704435198227
2 4 3.439604693305809
3 4 0.7715955502419165
4 4 -0.7122936741531147
5 4 -0.09655131644530673
6 4 -0.5502562115984284
7 4 -0.4654981542621309
1 5 -1.360933730955072
2 5 1.435369864017393
3 5 1.898576984355512
4 5 0.6665108696800813
5 5 0.5984736406176948
6 5 -1.407121845530772
7 5 0.241889609652571
1 6 -1.260311982180555
2 6 2.072218011474787
3 6 1.746460547743248
4 6 1.161011052411897
5 6 1.026611481838452
6 6 -1.293673411191722
7 6 0.4627513831646316
1 7 1.381318204692986
2 7 -1.367223120971629
3 7 -1.367223120971629
4 7 -1.367223120971629
5 7 -1.367223120971629
6 7 0.4651377628047813
7 7 -1.367223120971629



# name: <cell-element>
# type: sparse matrix
# nnz: 217
# rows: 31
# columns: 7
1 1 -0.9383796915337334
2 1 0.2255062556965418
3 1 2.061585498647904
4 1 1.266291257834077
5 1 0.2093797696291035
6 1 0.1611087459695407
7 1 0.999373326515838
8 1 -0.8557021352855657
9 1 -0.1103558709436311
10 1 -0.7839058593158963
11 1 -0.883421030493272
12 1 -0.8787154756845402
13 1 0.131450637660058
14 1 -0.9155857419538155
15 1 0.559030735333663
16 1 -0.8648837671497631
17 1 2.032144259423926
18 1 -0.6010574811667354
19 1 -0.5740118888175132
20 1 -0.9498939269338778
21 1 1.667148545053164
22 1 1.933362912710291
23 1 -0.9233072900911878
24 1 1.152611509293011
25 1 0.1439382622114191
26 1 0.1292088165319966
27 1 1.51191314930251
28 1 -0.5904334177105793
29 1 -0.6982980486798688
30 1 0.1072092130210768
31 1 1.473189408872239
1 2 -0.930572676255916
2 2 0.09930169804661487
3 2 1.855763852307513
4 2 1.792011498954841
5 2 0.1096314193077401
6 2 0.1724132990357287
7 2 1.532035201533028
8 2 -0.7352939734972153
9 2 0.04158763158672057
10 2 -0.9228438243089411
11 2 -0.6948737470291709
12 2 -0.8358447457506144
13 2 0.02004505806600872
14 2 -0.9444193939328921
15 2 0.3510153830278778
16 2 -0.892541755851841
17 2 1.715897252570959
18 2 -0.2572658392398913
19 2 -0.3973187699123848
20 2 -1.138399602981767
21 2 1.3607155516205
22 2 1.619591331951923
23 2 -0.8402739873736673
24 2 1.56572810483477
25 2 -0.01302674211593642
26 2 0.09415430594129658
27 2 1.274331753340222
28 2 -0.06511982534166715
29 2 -0.6453543598560993
30 2 -0.01932511594012869
31 2 1.203320257274922
1 3 2.578640263233333
2 3 0.05781826925493803
3 3 1.8270027629191
4 3 0.2528185641477815
5 3 -0.2860913417378951
6 3 -1.282365575644968
7 3 0.2882731632192077
8 3 -0.02018184870219937
9 3 -0.5023643960735942
10 3 -0.6831828513378673
11 3 0.203182125447785
12 3 -0.576819054123589
13 3 -1.427729431837815
14 3 1.387365734433416
15 3 -1.675911625337798
16 3 0.4655461585763381
17 3 -0.3250914007164638
18 3 1.997184838461945
19 3 0.4584552387620529
20 3 -0.3995460587664585
21 3 2.064548576697655
22 3 0.001090910740656288
23 3 -0.2400003629450411
24 3 -0.08045466712362372
25 3 1.706457126076251
26 3 -0.7009101508735803
27 3 -0.0308182284236272
28 3 0.5541826562549033
29 3 -1.544729608773521
30 3 -1.622729726730659
31 3 0.02236367018351194
1 4 0.3590232417372921
2 4 0.3390801694228692
3 4 3.439604693305809
4 4 -0.7141633371825918
5 4 -0.6898577177993889
6 4 -0.8786936837765811
7 4 0.7715955502419165
8 4 0.6232689499033959
9 4 -0.2598352210196445
10 4 -0.436829987810148
11 4 -0.5222112661562711
12 4 2.592024119942835
13 4 -0.01303970112866071
14 4 -0.5060075199008025
15 4 -0.8494022963147724
16 4 -0.02425767930552361
17 4 -0.7122936741531147
18 4 1.711412833059097
19 4 -0.3109393438253532
20 4 -0.5614741897752913
21 4 -0.09655131644530673
22 4 -0.6624359933670574
23 4 -0.665552098416186
24 4 -0.7397153985854462
25 4 2.769642107743164
26 4 -0.724758094349629
27 4 -0.8020374995680178
28 4 2.028009106050561
29 4 -0.3832329809651364
30 4 -0.8624899375211124
31 4 -0.4654981542621309
1 5 -1.031399581444808
2 5 0.4075811833517622
3 5 1.435369864017393
4 5 2.146810475729458
5 5 0.5353351509800037
6 5 0.5457956171199548
7 5 1.898576984355512
8 5 -0.7147126523205118
9 5 0.3108513376590166
10 5 -0.9560400260844555
11 5 -0.6094044877404613
12 5 -1.074320641983136
13 5 0.2174216953681712
14 5 -1.126704004462849
15 5 0.9179856322523227
16 5 -1.050136338928586
17 5 0.6665108696800813
18 5 0.1170638358909707
19 5 -0.0634344539640668
20 5 -1.450698526834209
21 5 0.5984736406176948
22 5 0.9294958282689944
23 5 -0.9319588543862158
24 5 1.63593088593733
25 5 0.3745828325954866
26 5 0.4912649124713714
27 5 0.4401854249964268
28 5 0.9041439309305142
29 5 -0.5784171984322186
30 5 0.02023454210464113
31 5 0.241889609652571
1 6 -0.9831864247316788
2 6 0.131420474048012
3 6 2.072218011474787
4 6 1.697925494381968
5 6 0.2765413695249313
6 6 0.281598265995965
7 6 1.746460547743248
8 6 -0.6577899582525695
9 6 0.1859868229681852
10 6 -0.9914717519155024
11 6 -0.6115617653824291
12 6 -0.9979726373962567
13 6 -0.02091449660348697
14 6 -1.05600221199015
15 6 0.5599770415488063
16 6 -1.014954182945532
17 6 1.161011052411897
18 6 0.07605875719768786
19 6 -0.1869585580362967
20 6 -1.307517509075568
21 6 1.026611481838452
22 6 1.719676312575138
23 6 -0.8776402199195409
24 6 1.518468770806022
25 6 0.09918019097528706
26 6 0.2433413620494042
27 6 0.94333264413353
28 6 0.5390421358448695
29 6 -0.6188991079114973
30 6 0.00835563021347125
31 6 0.4627513831646316
1 7 1.381318204692986
2 7 -0.4510426790834237
3 7 -1.367223120971629
4 7 -1.367223120971629
5 7 -0.4510426790834237
6 7 -0.4510426790834237
7 7 -1.367223120971629
8 7 0.4651377628047813
9 7 -0.4510426790834237
10 7 0.4651377628047813
11 7 1.381318204692986
12 7 0.4651377628047813
13 7 -0.4510426790834237
14 7 0.4651377628047813
15 7 -0.4510426790834237
16 7 0.4651377628047813
17 7 -1.367223120971629
18 7 1.381318204692986
19 7 0.4651377628047813
20 7 0.4651377628047813
21 7 -1.367223120971629
22 7 -1.367223120971629
23 7 0.4651377628047813
24 7 -1.367223120971629
25 7 -0.4510426790834237
26 7 -0.4510426790834237
27 7 -1.367223120971629
28 7 1.381318204692986
29 7 0.4651377628047813
30 7 -0.4510426790834237
31 7 -1.367223120971629



