# Created by Octave 4.0.0, Sun May 22 18:33:24 2016 CEST <peter@Independence>
# name: mu
# type: matrix
# rows: 1
# columns: 8
 1105421.2 515646.9076923077 973316.5384615385 11396.69230769231 13967.92307692308 782558.3538461538 878209.0461538462 89.84615384615384


# name: sigma
# type: matrix
# rows: 1
# columns: 8
 503421.3081114998 396552.6013080075 515212.3533118733 282.0508555139549 1604.56721489484 271498.4171836591 340722.814846909 21.82976091345165


