# Created by Octave 4.0.0, Sun May 22 18:33:33 2016 CEST <peter@Independence>
# name: x
# type: matrix
# rows: 1
# columns: 100
 60 60.60606060606061 61.21212121212121 61.81818181818182 62.42424242424242 63.03030303030303 63.63636363636363 64.24242424242425 64.84848484848484 65.45454545454545 66.06060606060606 66.66666666666667 67.27272727272728 67.87878787878788 68.48484848484848 69.09090909090909 69.6969696969697 70.3030303030303 70.90909090909091 71.51515151515152 72.12121212121212 72.72727272727272 73.33333333333333 73.93939393939394 74.54545454545455 75.15151515151516 75.75757575757575 76.36363636363636 76.96969696969697 77.57575757575758 78.18181818181819 78.78787878787878 79.39393939393939 80 80.60606060606061 81.21212121212122 81.81818181818181 82.42424242424242 83.03030303030303 83.63636363636364 84.24242424242425 84.84848484848484 85.45454545454545 86.06060606060606 86.66666666666667 87.27272727272728 87.87878787878788 88.48484848484848 89.09090909090909 89.6969696969697 90.3030303030303 90.90909090909091 91.51515151515152 92.12121212121212 92.72727272727273 93.33333333333333 93.93939393939394 94.54545454545455 95.15151515151516 95.75757575757575 96.36363636363636 96.96969696969697 97.57575757575758 98.18181818181819 98.78787878787878 99.39393939393939 100 100.6060606060606 101.2121212121212 101.8181818181818 102.4242424242424 103.030303030303 103.6363636363636 104.2424242424242 104.8484848484848 105.4545454545455 106.0606060606061 106.6666666666667 107.2727272727273 107.8787878787879 108.4848484848485 109.0909090909091 109.6969696969697 110.3030303030303 110.9090909090909 111.5151515151515 112.1212121212121 112.7272727272727 113.3333333333333 113.9393939393939 114.5454545454545 115.1515151515152 115.7575757575758 116.3636363636364 116.969696969697 117.5757575757576 118.1818181818182 118.7878787878788 119.3939393939394 120


# name: y
# type: matrix
# rows: 100
# columns: 1
 1015226.641402816
 1015326.966873402
 1015417.416721456
 1015498.784443771
 1015571.814727438
 1015637.205493861
 1015695.609899046
 1015747.638290167
 1015793.860118403
 1015834.805808052
 1015870.968581918
 1015902.806242968
 1015930.742912271
 1015955.170723205
 1015976.451471939
 1015994.918224196
 1016010.876878276
 1016024.607684369
 1016036.36672013
 1016046.387322533
 1016054.881476004
 1016062.041156817
 1016068.039633773
 1016073.032725152
 1016077.160011933
 1016080.546007297
 1016083.301282398
 1016085.52354841
 1016087.298694848
 1016088.701784164
 1016089.798002614
 1016090.643567406
 1016091.286590112
 1016091.767896365
 1016092.121801821
 1016092.3768444
 1016092.556472804
 1016092.679691297
 1016092.761660777
 1016092.814256104
 1016092.846579719
 1016092.865431522
 1016092.875735033
 1016092.880919828
 1016092.883260241
 1016092.884170352
 1016092.884455236
 1016092.884518496
 1016092.884526067
 1016092.884526295
 1016092.884526284
 1016092.884524527
 1016092.884499807
 1016092.884356367
 1016092.883825362
 1016092.88232258
 1016092.878762442
 1016092.871328269
 1016092.857198829
 1016092.832231158
 1016092.79059965
 1016092.724391427
 1016092.62315798
 1016092.473423085
 1016092.258146993
 1016091.956146895
 1016091.541473658
 1016090.98274484
 1016090.242433973
 1016089.27611613
 1016088.031669751
 1016086.448434761
 1016084.456326947
 1016081.974908618
 1016078.912415533
 1016075.164740112
 1016070.614370911
 1016065.129288378
 1016058.561816881
 1016050.747433008
 1016041.503530145
 1016030.628139326
 1016017.898606357
 1016003.070225216
 1015985.874827725
 1015966.019329494
 1015943.184232146
 1015917.022081813
 1015887.155883899
 1015853.17747413
 1015814.645845868
 1015771.085433705
 1015721.984353326
 1015666.792597651
 1015604.920189248
 1015535.735289023
 1015458.562261181
 1015372.679694462
 1015277.318379652
 1015171.659243369


# name: QUERY
# type: sq_string
# elements: 1
# length: 2
R2


# name: DATASIZE
# type: sq_string
# elements: 1
# length: 4
1000


