# Created by Octave 4.0.0, Wed May 18 23:32:30 2016 CEST <peter@Independence>
# name: x
# type: matrix
# rows: 1
# columns: 100
 60 60.60606060606061 61.21212121212121 61.81818181818182 62.42424242424242 63.03030303030303 63.63636363636363 64.24242424242425 64.84848484848484 65.45454545454545 66.06060606060606 66.66666666666667 67.27272727272728 67.87878787878788 68.48484848484848 69.09090909090909 69.6969696969697 70.3030303030303 70.90909090909091 71.51515151515152 72.12121212121212 72.72727272727272 73.33333333333333 73.93939393939394 74.54545454545455 75.15151515151516 75.75757575757575 76.36363636363636 76.96969696969697 77.57575757575758 78.18181818181819 78.78787878787878 79.39393939393939 80 80.60606060606061 81.21212121212122 81.81818181818181 82.42424242424242 83.03030303030303 83.63636363636364 84.24242424242425 84.84848484848484 85.45454545454545 86.06060606060606 86.66666666666667 87.27272727272728 87.87878787878788 88.48484848484848 89.09090909090909 89.6969696969697 90.3030303030303 90.90909090909091 91.51515151515152 92.12121212121212 92.72727272727273 93.33333333333333 93.93939393939394 94.54545454545455 95.15151515151516 95.75757575757575 96.36363636363636 96.96969696969697 97.57575757575758 98.18181818181819 98.78787878787878 99.39393939393939 100 100.6060606060606 101.2121212121212 101.8181818181818 102.4242424242424 103.030303030303 103.6363636363636 104.2424242424242 104.8484848484848 105.4545454545455 106.0606060606061 106.6666666666667 107.2727272727273 107.8787878787879 108.4848484848485 109.0909090909091 109.6969696969697 110.3030303030303 110.9090909090909 111.5151515151515 112.1212121212121 112.7272727272727 113.3333333333333 113.9393939393939 114.5454545454545 115.1515151515152 115.7575757575758 116.3636363636364 116.969696969697 117.5757575757576 118.1818181818182 118.7878787878788 119.3939393939394 120


# name: y
# type: matrix
# rows: 100
# columns: 1
 843561.5451950023
 843274.7605132328
 842993.8590583259
 842718.8408302821
 842449.705829101
 842186.4540547829
 841929.0855073276
 841677.6001867352
 841431.9980930057
 841192.279226139
 840958.4435861353
 840730.4911729944
 840508.4219867163
 840292.2360273013
 840081.933294749
 839877.5137890596
 839678.9775102332
 839486.3244582694
 839299.5546331687
 839118.6680349309
 838943.6646635558
 838774.5445190438
 838611.3076013946
 838453.9539106082
 838302.4834466847
 838156.8962096241
 838017.1921994265
 837883.3714160916
 837755.4338596195
 837633.3795300105
 837517.2084272644
 837406.920551381
 837302.5159023606
 837203.9944802029
 837111.3562849083
 837024.6013164765
 836943.7295749075
 836868.7410602014
 836799.6357723583
 836736.4137113779
 836679.0748772605
 836627.619270006
 836582.0468896143
 836542.3577360855
 836508.5518094195
 836480.6291096165
 836458.5896366764
 836442.433390599
 836432.1603713846
 836427.7705790331
 836429.2640135444
 836436.6406749187
 836449.9005631558
 836469.0436782558
 836494.0700202186
 836524.9795890443
 836561.772384733
 836604.4484072844
 836653.0076566988
 836707.4501329761
 836767.7758361162
 836833.9847661192
 836906.076922985
 836984.0523067138
 837067.9109173054
 837157.6527547599
 837253.2778190774
 837354.7861102576
 837462.1776283009
 837575.4523732068
 837694.6103449757
 837819.6515436075
 837950.5759691021
 838087.3836214596
 838230.0745006801
 838378.6486067633
 838533.1059397096
 838693.4464995186
 838859.6702861905
 839031.7772997252
 839209.767540123
 839393.6410073836
 839583.397701507
 839779.0376224932
 839980.5607703425
 840187.9671450546
 840401.2567466295
 840620.4295750672
 840845.485630368
 841076.4249125316
 841313.247421558
 841555.9531574474
 841804.5421201995
 842059.0143098147
 842319.3697262926
 842585.6083696334
 842857.7302398372
 843135.7353369037
 843419.6236608333
 843709.3952116256


# name: QUERY
# type: sq_string
# elements: 1
# length: 2
R2


# name: DATASIZE
# type: sq_string
# elements: 1
# length: 4
1000


