# Created by Octave 4.0.0, Wed May 18 23:32:30 2016 CEST <peter@Independence>
# name: x
# type: matrix
# rows: 1
# columns: 100
 60 60.60606060606061 61.21212121212121 61.81818181818182 62.42424242424242 63.03030303030303 63.63636363636363 64.24242424242425 64.84848484848484 65.45454545454545 66.06060606060606 66.66666666666667 67.27272727272728 67.87878787878788 68.48484848484848 69.09090909090909 69.6969696969697 70.3030303030303 70.90909090909091 71.51515151515152 72.12121212121212 72.72727272727272 73.33333333333333 73.93939393939394 74.54545454545455 75.15151515151516 75.75757575757575 76.36363636363636 76.96969696969697 77.57575757575758 78.18181818181819 78.78787878787878 79.39393939393939 80 80.60606060606061 81.21212121212122 81.81818181818181 82.42424242424242 83.03030303030303 83.63636363636364 84.24242424242425 84.84848484848484 85.45454545454545 86.06060606060606 86.66666666666667 87.27272727272728 87.87878787878788 88.48484848484848 89.09090909090909 89.6969696969697 90.3030303030303 90.90909090909091 91.51515151515152 92.12121212121212 92.72727272727273 93.33333333333333 93.93939393939394 94.54545454545455 95.15151515151516 95.75757575757575 96.36363636363636 96.96969696969697 97.57575757575758 98.18181818181819 98.78787878787878 99.39393939393939 100 100.6060606060606 101.2121212121212 101.8181818181818 102.4242424242424 103.030303030303 103.6363636363636 104.2424242424242 104.8484848484848 105.4545454545455 106.0606060606061 106.6666666666667 107.2727272727273 107.8787878787879 108.4848484848485 109.0909090909091 109.6969696969697 110.3030303030303 110.9090909090909 111.5151515151515 112.1212121212121 112.7272727272727 113.3333333333333 113.9393939393939 114.5454545454545 115.1515151515152 115.7575757575758 116.3636363636364 116.969696969697 117.5757575757576 118.1818181818182 118.7878787878788 119.3939393939394 120


# name: y
# type: matrix
# rows: 100
# columns: 1
 878866.5844833234
 878695.8977325577
 878535.5008734306
 878384.9717988006
 878243.8972421779
 878111.8727777252
 877988.5028202577
 877873.4006252423
 877766.1882887986
 877666.4967476981
 877573.9657793647
 877488.2440018747
 877408.9888739563
 877335.86669499
 877268.5526050087
 877206.7305846977
 877150.093455394
 877098.3428790873
 877051.1893584193
 877008.3522366839
 876969.5596978277
 876934.5487664489
 876903.0653077981
 876874.8640277786
 876849.7084729453
 876827.3710305057
 876807.6329283197
 876790.2842348989
 876775.1238594075
 876761.959551662
 876750.6079021308
 876740.8943419349
 876732.6531428474
 876725.7274172935
 876719.9691183508
 876715.2390397491
 876711.4068158704
 876708.350921749
 876705.9586730713
 876704.1262261763
 876702.7585780546
 876701.7695663497
 876701.0818693568
 876700.6270060239
 876700.3453359505
 876700.186059389
 876700.1072172439
 876700.0756910716
 876700.0672030811
 876700.0663161334
 876700.0664337418
 876700.069800072
 876700.0874999417
 876700.1394588209
 876700.2544428321
 876700.4700587497
 876700.8327540002
 876701.3978166629
 876702.2293754689
 876703.4003998018
 876704.992699697
 876707.0969258427
 876709.812569579
 876713.2479628981
 876717.520278445
 876722.7555295163
 876729.0885700611
 876736.663094681
 876745.6316386294
 876756.1555778121
 876768.4051287872
 876782.5593487649
 876798.8061356079
 876817.3422278309
 876838.3732046009
 876862.113485737
 876888.7863317109
 876918.6238436461
 876951.8669633188
 876988.7654731569
 877029.577996241
 877074.5719963037
 877124.0237777298
 877178.2184855567
 877237.4501054734
 877302.0214638218
 877372.2442275955
 877448.4389044407
 877530.9348426557
 877620.0702311911
 877716.1920996496
 877819.6563182862
 877930.8275980081
 878050.079490375
 878177.7943875984
 878314.3635225424
 878460.1869687231
 878615.673640309
 878781.2412921209
 878957.3165196313


# name: QUERY
# type: sq_string
# elements: 1
# length: 2
R2


# name: DATASIZE
# type: sq_string
# elements: 1
# length: 4
1000


