# Created by Octave 4.0.0, Sun May 22 18:33:33 2016 CEST <peter@Independence>
# name: x
# type: matrix
# rows: 1
# columns: 100
 60 60.60606060606061 61.21212121212121 61.81818181818182 62.42424242424242 63.03030303030303 63.63636363636363 64.24242424242425 64.84848484848484 65.45454545454545 66.06060606060606 66.66666666666667 67.27272727272728 67.87878787878788 68.48484848484848 69.09090909090909 69.6969696969697 70.3030303030303 70.90909090909091 71.51515151515152 72.12121212121212 72.72727272727272 73.33333333333333 73.93939393939394 74.54545454545455 75.15151515151516 75.75757575757575 76.36363636363636 76.96969696969697 77.57575757575758 78.18181818181819 78.78787878787878 79.39393939393939 80 80.60606060606061 81.21212121212122 81.81818181818181 82.42424242424242 83.03030303030303 83.63636363636364 84.24242424242425 84.84848484848484 85.45454545454545 86.06060606060606 86.66666666666667 87.27272727272728 87.87878787878788 88.48484848484848 89.09090909090909 89.6969696969697 90.3030303030303 90.90909090909091 91.51515151515152 92.12121212121212 92.72727272727273 93.33333333333333 93.93939393939394 94.54545454545455 95.15151515151516 95.75757575757575 96.36363636363636 96.96969696969697 97.57575757575758 98.18181818181819 98.78787878787878 99.39393939393939 100 100.6060606060606 101.2121212121212 101.8181818181818 102.4242424242424 103.030303030303 103.6363636363636 104.2424242424242 104.8484848484848 105.4545454545455 106.0606060606061 106.6666666666667 107.2727272727273 107.8787878787879 108.4848484848485 109.0909090909091 109.6969696969697 110.3030303030303 110.9090909090909 111.5151515151515 112.1212121212121 112.7272727272727 113.3333333333333 113.9393939393939 114.5454545454545 115.1515151515152 115.7575757575758 116.3636363636364 116.969696969697 117.5757575757576 118.1818181818182 118.7878787878788 119.3939393939394 120


# name: y
# type: matrix
# rows: 100
# columns: 1
 871163.1484213265
 871148.2169597895
 871134.1856449863
 871121.017551517
 871108.6765273506
 871097.1271938253
 871086.3349456486
 871076.2659508964
 871066.8871510146
 871058.1662608176
 871050.071768489
 871042.5729355817
 871035.6397970174
 871029.2431610874
 871023.3546094514
 871017.9464971388
 871012.9919525477
 871008.4648774456
 871004.3399469689
 871000.5926096233
 870997.1990872833
 870994.1363751928
 870991.3822419646
 870988.9152295807
 870986.7146533922
 870984.7606021191
 870983.033937851
 870981.5162960459
 870980.1900855314
 870979.0384885042
 870978.0454605299
 870977.1957305432
 870976.4748008481
 870975.8689471174
 870975.3652183933
 870974.951437087
 870974.6161989786
 870974.3488732177
 870974.1396023226
 870973.9793021809
 870973.8596620492
 870973.7731445535
 870973.7129856886
 870973.6731948182
 870973.6485546757
 870973.6346213631
 870973.6277243518
 870973.624966482
 870973.6242239634
 870973.6241463742
 870973.6241566625
 870973.6244511448
 870973.625999507
 870973.6305448043
 870973.6406034604
 870973.6594652687
 870973.6911933916
 870973.74062436
 870973.8133680749
 870973.9158078057
 870974.0551001909
 870974.2391752384
 870974.4767363251
 870974.777260197
 870975.150996969
 870975.6089701254
 870976.1629765196
 870976.8255863737
 870977.6101432792
 870978.5307641969
 870979.6023394563
 870980.8405327563
 870982.2617811646
 870983.8832951182
 870985.7230584234
 870987.7998282551
 870990.1331351578
 870992.7432830445
 870995.6513491981
 870998.87918427
 871002.4494122808
 871006.3854306204
 871010.7114100476
 871015.4522946903
 871020.6338020458
 871026.2824229801
 871032.4254217284
 871039.0908358953
 871046.3074764541
 871054.1049277474
 871062.5135474869
 871071.5644667534
 871081.2895899967
 871091.7215950359
 871102.8939330589
 871114.8408286229
 871127.5972796545
 871141.1990574485
 871155.6827066699
 871171.085545352


# name: QUERY
# type: sq_string
# elements: 1
# length: 2
R2


# name: DATASIZE
# type: sq_string
# elements: 1
# length: 4
1000


