# Created by Octave 4.0.0, Wed May 18 23:32:30 2016 CEST <peter@Independence>
# name: x
# type: matrix
# rows: 1
# columns: 100
 60 60.60606060606061 61.21212121212121 61.81818181818182 62.42424242424242 63.03030303030303 63.63636363636363 64.24242424242425 64.84848484848484 65.45454545454545 66.06060606060606 66.66666666666667 67.27272727272728 67.87878787878788 68.48484848484848 69.09090909090909 69.6969696969697 70.3030303030303 70.90909090909091 71.51515151515152 72.12121212121212 72.72727272727272 73.33333333333333 73.93939393939394 74.54545454545455 75.15151515151516 75.75757575757575 76.36363636363636 76.96969696969697 77.57575757575758 78.18181818181819 78.78787878787878 79.39393939393939 80 80.60606060606061 81.21212121212122 81.81818181818181 82.42424242424242 83.03030303030303 83.63636363636364 84.24242424242425 84.84848484848484 85.45454545454545 86.06060606060606 86.66666666666667 87.27272727272728 87.87878787878788 88.48484848484848 89.09090909090909 89.6969696969697 90.3030303030303 90.90909090909091 91.51515151515152 92.12121212121212 92.72727272727273 93.33333333333333 93.93939393939394 94.54545454545455 95.15151515151516 95.75757575757575 96.36363636363636 96.96969696969697 97.57575757575758 98.18181818181819 98.78787878787878 99.39393939393939 100 100.6060606060606 101.2121212121212 101.8181818181818 102.4242424242424 103.030303030303 103.6363636363636 104.2424242424242 104.8484848484848 105.4545454545455 106.0606060606061 106.6666666666667 107.2727272727273 107.8787878787879 108.4848484848485 109.0909090909091 109.6969696969697 110.3030303030303 110.9090909090909 111.5151515151515 112.1212121212121 112.7272727272727 113.3333333333333 113.9393939393939 114.5454545454545 115.1515151515152 115.7575757575758 116.3636363636364 116.969696969697 117.5757575757576 118.1818181818182 118.7878787878788 119.3939393939394 120


# name: y
# type: matrix
# rows: 100
# columns: 1
 1073522.002160906
 1070845.820510378
 1068278.309529048
 1065817.216795522
 1063460.289888402
 1061205.276386292
 1059049.923867797
 1056991.979911521
 1055029.192096068
 1053159.308000041
 1051380.075202044
 1049689.241280683
 1048084.553814559
 1046563.760382278
 1045124.608562444
 1043764.84593366
 1042482.220074531
 1041274.47856366
 1040139.368979651
 1039074.638901109
 1038078.035906637
 1037147.307574839
 1036280.20148432
 1035474.465213683
 1034727.846341533
 1034038.092446472
 1033402.951107106
 1032820.169902038
 1032287.496409873
 1031802.678209213
 1031363.462878664
 1030967.597996829
 1030612.831142312
 1030296.909893717
 1030017.581829648
 1029772.594528709
 1029559.695569505
 1029376.632530638
 1029221.152990714
 1029091.004528335
 1028983.934722106
 1028897.691150632
 1028830.021392515
 1028778.67302636
 1028741.393630771
 1028715.930784352
 1028700.032065707
 1028691.44505344
 1028687.917326155
 1028687.196462455
 1028687.030040945
 1028685.165640229
 1028679.350838911
 1028667.333215594
 1028646.860348883
 1028615.679817382
 1028571.539199694
 1028512.186074425
 1028435.368020176
 1028338.832615554
 1028220.327439161
 1028077.600069601
 1027908.398085479
 1027710.469065399
 1027481.560587964
 1027219.420231779
 1026921.795575447
 1026586.434197573
 1026211.08367676
 1025793.491591612
 1025331.405520734
 1024822.57304273
 1024264.741736202
 1023655.659179756
 1022993.072951996
 1022274.730631524
 1021498.379796946
 1020661.768026865
 1019762.642899886
 1018798.751994611
 1017767.842889646
 1016667.663163594
 1015495.96039506
 1014250.482162646
 1012928.976044958
 1011529.189620598
 1010048.870468172
 1008485.766166283
 1006837.624293535
 1005102.192428532
 1003277.218149878
 1001360.449036177
 999349.6326660329
 997242.5166180498
 995036.8484708318
 992730.3758029825
 990320.8461931063
 987806.0072198068
 985183.6064616883
 982451.3914973546


# name: QUERY
# type: sq_string
# elements: 1
# length: 2
R2


# name: DATASIZE
# type: sq_string
# elements: 1
# length: 4
1000


