# Created by Octave 4.0.0, Sun May 22 18:33:33 2016 CEST <peter@Independence>
# name: x
# type: matrix
# rows: 1
# columns: 100
 60 60.60606060606061 61.21212121212121 61.81818181818182 62.42424242424242 63.03030303030303 63.63636363636363 64.24242424242425 64.84848484848484 65.45454545454545 66.06060606060606 66.66666666666667 67.27272727272728 67.87878787878788 68.48484848484848 69.09090909090909 69.6969696969697 70.3030303030303 70.90909090909091 71.51515151515152 72.12121212121212 72.72727272727272 73.33333333333333 73.93939393939394 74.54545454545455 75.15151515151516 75.75757575757575 76.36363636363636 76.96969696969697 77.57575757575758 78.18181818181819 78.78787878787878 79.39393939393939 80 80.60606060606061 81.21212121212122 81.81818181818181 82.42424242424242 83.03030303030303 83.63636363636364 84.24242424242425 84.84848484848484 85.45454545454545 86.06060606060606 86.66666666666667 87.27272727272728 87.87878787878788 88.48484848484848 89.09090909090909 89.6969696969697 90.3030303030303 90.90909090909091 91.51515151515152 92.12121212121212 92.72727272727273 93.33333333333333 93.93939393939394 94.54545454545455 95.15151515151516 95.75757575757575 96.36363636363636 96.96969696969697 97.57575757575758 98.18181818181819 98.78787878787878 99.39393939393939 100 100.6060606060606 101.2121212121212 101.8181818181818 102.4242424242424 103.030303030303 103.6363636363636 104.2424242424242 104.8484848484848 105.4545454545455 106.0606060606061 106.6666666666667 107.2727272727273 107.8787878787879 108.4848484848485 109.0909090909091 109.6969696969697 110.3030303030303 110.9090909090909 111.5151515151515 112.1212121212121 112.7272727272727 113.3333333333333 113.9393939393939 114.5454545454545 115.1515151515152 115.7575757575758 116.3636363636364 116.969696969697 117.5757575757576 118.1818181818182 118.7878787878788 119.3939393939394 120


# name: y
# type: matrix
# rows: 100
# columns: 1
 887533.7490389856
 887357.6106451043
 887185.0856315615
 887016.1739983571
 886850.8757454911
 886689.1908729635
 886531.1193807744
 886376.6612689237
 886225.8165374114
 886078.5851862375
 885934.9672154021
 885794.962624905
 885658.5714147463
 885525.7935849262
 885396.6291354444
 885271.078066301
 885149.140377496
 885030.8160690295
 884916.1051409014
 884805.0075931117
 884697.5234256604
 884593.6526385476
 884493.3952317731
 884396.7512053371
 884303.7205592395
 884214.3032934803
 884128.4994080595
 884046.3089029773
 883967.7317782333
 883892.7680338278
 883821.4176697608
 883753.6806860321
 883689.5570826418
 883629.04685959
 883572.1500168765
 883518.8665545015
 883469.1964724649
 883423.1397707668
 883380.696449407
 883341.8665083857
 883306.6499477029
 883275.0467673584
 883247.0569673523
 883222.6805476847
 883201.9175083555
 883184.7678493647
 883171.2315707123
 883161.3086723983
 883154.9991544228
 883152.3030167856
 883153.2202594869
 883157.7508825266
 883165.8948859047
 883177.6522696213
 883193.0230336762
 883212.0071780697
 883234.6047028014
 883260.8156078716
 883290.6398932803
 883324.0775590274
 883361.1286051129
 883401.7930315367
 883446.0708382991
 883493.9620253998
 883545.466592839
 883600.5845406165
 883659.3158687325
 883721.660577187
 883787.6186659798
 883857.1901351111
 883930.3749845807
 884007.1732143888
 884087.5848245353
 884171.6098150202
 884259.2481858436
 884350.4999370053
 884445.3650685055
 884543.8435803441
 884645.9354725211
 884751.6407450365
 884860.9593978905
 884973.8914310827
 885090.4368446134
 885210.5956384826
 885334.3678126901
 885461.7533672361
 885592.7523021204
 885727.3646173433
 885865.5903129044
 886007.4293888041
 886152.8818450421
 886301.9476816186
 886454.6268985334
 886610.9194957868
 886770.8254733785
 886934.3448313086
 887101.4775695772
 887272.2236881842
 887446.5831871296
 887624.5560664134


# name: QUERY
# type: sq_string
# elements: 1
# length: 2
R2


# name: DATASIZE
# type: sq_string
# elements: 1
# length: 4
1000


