# Created by Octave 4.0.0, Sun May 22 18:33:33 2016 CEST <peter@Independence>
# name: x
# type: matrix
# rows: 1
# columns: 100
 60 60.60606060606061 61.21212121212121 61.81818181818182 62.42424242424242 63.03030303030303 63.63636363636363 64.24242424242425 64.84848484848484 65.45454545454545 66.06060606060606 66.66666666666667 67.27272727272728 67.87878787878788 68.48484848484848 69.09090909090909 69.6969696969697 70.3030303030303 70.90909090909091 71.51515151515152 72.12121212121212 72.72727272727272 73.33333333333333 73.93939393939394 74.54545454545455 75.15151515151516 75.75757575757575 76.36363636363636 76.96969696969697 77.57575757575758 78.18181818181819 78.78787878787878 79.39393939393939 80 80.60606060606061 81.21212121212122 81.81818181818181 82.42424242424242 83.03030303030303 83.63636363636364 84.24242424242425 84.84848484848484 85.45454545454545 86.06060606060606 86.66666666666667 87.27272727272728 87.87878787878788 88.48484848484848 89.09090909090909 89.6969696969697 90.3030303030303 90.90909090909091 91.51515151515152 92.12121212121212 92.72727272727273 93.33333333333333 93.93939393939394 94.54545454545455 95.15151515151516 95.75757575757575 96.36363636363636 96.96969696969697 97.57575757575758 98.18181818181819 98.78787878787878 99.39393939393939 100 100.6060606060606 101.2121212121212 101.8181818181818 102.4242424242424 103.030303030303 103.6363636363636 104.2424242424242 104.8484848484848 105.4545454545455 106.0606060606061 106.6666666666667 107.2727272727273 107.8787878787879 108.4848484848485 109.0909090909091 109.6969696969697 110.3030303030303 110.9090909090909 111.5151515151515 112.1212121212121 112.7272727272727 113.3333333333333 113.9393939393939 114.5454545454545 115.1515151515152 115.7575757575758 116.3636363636364 116.969696969697 117.5757575757576 118.1818181818182 118.7878787878788 119.3939393939394 120


# name: y
# type: matrix
# rows: 100
# columns: 1
 1034040.200869442
 1033742.817566481
 1033457.509991838
 1033184.027851399
 1032922.12085105
 1032671.538696678
 1032432.031094169
 1032203.34774941
 1031985.238368286
 1031777.452656684
 1031579.74032049
 1031391.851065591
 1031213.534597872
 1031044.54062322
 1030884.618847521
 1030733.518976662
 1030590.990716528
 1030456.783773006
 1030330.647851983
 1030212.332659344
 1030101.587900976
 1029998.163282764
 1029901.808510597
 1029812.273290358
 1029729.307327936
 1029652.660329215
 1029582.082000084
 1029517.322046426
 1029458.13017413
 1029404.25608908
 1029355.449497165
 1029311.460104269
 1029272.037616278
 1029236.93173908
 1029205.892178561
 1029178.668640606
 1029155.010831103
 1029134.668455936
 1029117.391220994
 1029102.928832161
 1029091.030995324
 1029081.447416369
 1029073.927801184
 1029068.221855653
 1029064.079285663
 1029061.249797101
 1029059.483095852
 1029058.528887803
 1029058.136878841
 1029058.056774851
 1029058.03828172
 1029057.831105334
 1029057.184951579
 1029055.849526342
 1029053.574535508
 1029050.109684965
 1029045.204680598
 1029038.609228293
 1029030.073033938
 1029019.345803418
 1029006.177242619
 1028990.317057428
 1028971.514953731
 1028949.520637413
 1028924.083814363
 1028894.954190465
 1028861.881471607
 1028824.615363673
 1028782.905572551
 1028736.501804127
 1028685.153764288
 1028628.611158918
 1028566.623693905
 1028498.941075135
 1028425.313008494
 1028345.489199869
 1028259.219355145
 1028166.253180209
 1028066.340380948
 1027959.230663247
 1027844.673732992
 1027722.419296071
 1027592.217058369
 1027453.816725773
 1027306.968004168
 1027151.420599442
 1026986.92421748
 1026813.228564168
 1026630.083345393
 1026437.238267042
 1026234.443035
 1026021.447355154
 1025798.000933389
 1025563.853475593
 1025318.754687651
 1025062.45427545
 1024794.701944877
 1024515.247401816
 1024223.840352155
 1023920.23050178


# name: QUERY
# type: sq_string
# elements: 1
# length: 2
R2


# name: DATASIZE
# type: sq_string
# elements: 1
# length: 4
1000


