# Created by Octave 4.0.0, Wed May 18 23:32:30 2016 CEST <peter@Independence>
# name: x
# type: matrix
# rows: 1
# columns: 100
 60 60.60606060606061 61.21212121212121 61.81818181818182 62.42424242424242 63.03030303030303 63.63636363636363 64.24242424242425 64.84848484848484 65.45454545454545 66.06060606060606 66.66666666666667 67.27272727272728 67.87878787878788 68.48484848484848 69.09090909090909 69.6969696969697 70.3030303030303 70.90909090909091 71.51515151515152 72.12121212121212 72.72727272727272 73.33333333333333 73.93939393939394 74.54545454545455 75.15151515151516 75.75757575757575 76.36363636363636 76.96969696969697 77.57575757575758 78.18181818181819 78.78787878787878 79.39393939393939 80 80.60606060606061 81.21212121212122 81.81818181818181 82.42424242424242 83.03030303030303 83.63636363636364 84.24242424242425 84.84848484848484 85.45454545454545 86.06060606060606 86.66666666666667 87.27272727272728 87.87878787878788 88.48484848484848 89.09090909090909 89.6969696969697 90.3030303030303 90.90909090909091 91.51515151515152 92.12121212121212 92.72727272727273 93.33333333333333 93.93939393939394 94.54545454545455 95.15151515151516 95.75757575757575 96.36363636363636 96.96969696969697 97.57575757575758 98.18181818181819 98.78787878787878 99.39393939393939 100 100.6060606060606 101.2121212121212 101.8181818181818 102.4242424242424 103.030303030303 103.6363636363636 104.2424242424242 104.8484848484848 105.4545454545455 106.0606060606061 106.6666666666667 107.2727272727273 107.8787878787879 108.4848484848485 109.0909090909091 109.6969696969697 110.3030303030303 110.9090909090909 111.5151515151515 112.1212121212121 112.7272727272727 113.3333333333333 113.9393939393939 114.5454545454545 115.1515151515152 115.7575757575758 116.3636363636364 116.969696969697 117.5757575757576 118.1818181818182 118.7878787878788 119.3939393939394 120


# name: y
# type: matrix
# rows: 100
# columns: 1
 952356.7057788827
 952317.3981447211
 952281.9597907665
 952250.0798240674
 952221.4664753699
 952195.8462982695
 952172.9633854954
 952152.5786023267
 952134.4688371397
 952118.4262690874
 952104.2576529116
 952091.7836208856
 952080.8380018893
 952071.2671576168
 952062.9293359143
 952055.6940412517
 952049.441422324
 952044.061676787
 952039.4544731223
 952035.5283896355
 952032.2003705872
 952029.395199453
 952027.0449893184
 952025.0886904034
 952023.4716147205
 952022.1449778627
 952021.0654579258
 952020.1947715597
 952019.4992671543
 952018.9495351551
 952018.520035512
 952018.1887422592
 952017.9368052271
 952017.7482288865
 952017.6095683241
 952017.5096423496
 952017.4392637357
 952017.390986589
 952017.3588708531
 952017.3382639434
 952017.3255995141
 952017.3182133562
 952017.3141764288
 952017.3121450203
 952017.3112280436
 952017.3108714613
 952017.3107598436
 952017.3107350582
 952017.3107320915
 952017.3107320025
 952017.3107320068
 952017.3107326949
 952017.3107423803
 952017.3107985804
 952017.3110066289
 952017.3115954204
 952017.3129902865
 952017.315903004
 952017.3214389347
 952017.3312212968
 952017.3475325694
 952017.373473027
 952017.4131364074
 952017.4718027106
 952017.5561481295
 952017.6744721134
 952017.836941562
 952018.0558521524
 952018.3459067969
 952018.7245112336
 952019.2120867486
 952019.8324000291
 952020.6129101497
 952021.5851326905
 952022.7850209851
 952024.2533645029
 952026.0362043619
 952028.1852659739
 952030.7584088206
 952033.8200933628
 952037.441865081
 952041.7028556468
 952046.6903012283
 952052.5000779249
 952059.237254336
 952067.0166612605
 952075.9634785276
 952086.2138389614
 952097.9154494752
 952111.2282292985
 952126.3249653368
 952143.3919846616
 952162.6298441325
 952184.254037153
 952208.4957175558
 952235.6024406208
 952265.838921226
 952299.4878091281
 952336.850481377
 952378.2478518609


# name: QUERY
# type: sq_string
# elements: 1
# length: 2
R2


# name: DATASIZE
# type: sq_string
# elements: 1
# length: 4
1000


