# Created by Octave 3.8.2, Mon May 23 11:37:26 2016 CEST <Andrea@Andreas-MacBook-Pro.local>
# name: x
# type: matrix
# rows: 1
# columns: 100
 60 60.60606060606061 61.21212121212121 61.81818181818182 62.42424242424242 63.03030303030303 63.63636363636364 64.24242424242425 64.84848484848484 65.45454545454545 66.06060606060606 66.66666666666666 67.27272727272728 67.87878787878788 68.48484848484848 69.09090909090909 69.69696969696969 70.30303030303031 70.90909090909091 71.51515151515152 72.12121212121212 72.72727272727272 73.33333333333333 73.93939393939394 74.54545454545455 75.15151515151516 75.75757575757575 76.36363636363636 76.96969696969697 77.57575757575758 78.18181818181819 78.78787878787878 79.39393939393939 80 80.60606060606061 81.21212121212122 81.81818181818181 82.42424242424242 83.03030303030303 83.63636363636364 84.24242424242425 84.84848484848484 85.45454545454545 86.06060606060606 86.66666666666667 87.27272727272727 87.87878787878788 88.48484848484848 89.09090909090909 89.6969696969697 90.3030303030303 90.90909090909091 91.51515151515152 92.12121212121212 92.72727272727272 93.33333333333333 93.93939393939394 94.54545454545455 95.15151515151516 95.75757575757575 96.36363636363636 96.96969696969697 97.57575757575758 98.18181818181819 98.78787878787878 99.39393939393939 100 100.6060606060606 101.2121212121212 101.8181818181818 102.4242424242424 103.030303030303 103.6363636363636 104.2424242424242 104.8484848484848 105.4545454545455 106.0606060606061 106.6666666666667 107.2727272727273 107.8787878787879 108.4848484848485 109.0909090909091 109.6969696969697 110.3030303030303 110.9090909090909 111.5151515151515 112.1212121212121 112.7272727272727 113.3333333333333 113.9393939393939 114.5454545454545 115.1515151515152 115.7575757575758 116.3636363636364 116.969696969697 117.5757575757576 118.1818181818182 118.7878787878788 119.3939393939394 120


# name: y
# type: matrix
# rows: 100
# columns: 1
 693940.8193702756
 691497.0610847321
 689034.4122873151
 686554.2231541697
 684057.8686912011
 681546.7474633965
 679022.2802869633
 676485.9088860013
 673939.0945154914
 671383.316552454
 668820.0710571853
 666250.8693065408
 663677.236301295
 661100.7092496469
 658522.8360290006
 655945.1736281855
 653369.2865723239
 650796.7453325874
 648229.1247231211
 645668.0022874309
 643114.9566765656
 640571.5660214323
 638039.4063016074
 635520.0497130093
 633015.0630368076
 630526.0060119441
 628054.4297136362
 625601.8749402284
 623169.8706107432
 620759.932175466
 618373.5600418779
 616012.2380182282
 613677.4317770012
 611370.5873405067
 609093.1295907804
 606846.4608059386
 604631.9592250891
 602450.9776438444
 600304.8420424382
 598194.8502483781
 596122.2706355189
 594088.3408613646
 592094.2666443505
 590141.2205827791
 588230.3410170133
 586362.730936454
 584539.4569327503
 582761.54820061
 581029.995587492
 579345.7506933815
 577709.7250217583
 576122.7891827784
 574585.772149604
 573099.460568718
 571664.5981249729
 570281.8849620259
 568951.9771587189
 567675.4862618668
 566452.9788758249
 565284.9763091039
 564171.9542782137
 563114.3426688185
 562112.5253541888
 561166.8400708463
 560277.5783512024
 559444.9855128988
 558669.2607044692
 557950.5570068498
 557288.9815901815
 556684.5959252565
 556137.4160488823
 555647.412882349
 555214.5126021127
 554838.597061722
 554519.5042639466
 554257.0288819902
 554050.9228286034
 553900.8958718408
 553806.6162961498
 553767.7116074099
 553783.7692804888
 553854.337547827
 553978.9262275074
 554157.0075892257
 554388.0172565232
 554671.3551436169
 555006.3864251069
 555392.442536826
 555828.8222060498
 556314.7925092725
 556849.5899557217
 557432.4215947703
 558062.4661453872
 558738.8751457593
 559460.7741212012
 560227.2637684747
 561037.4211546293
 561890.3009284843
 562784.9365428728
 563720.3414857817


# name: TRAIN_QUERIES
# type: cell
# rows: 1
# columns: 2
# name: <cell-element>
# type: sq_string
# elements: 1
# length: 2
R3



# name: <cell-element>
# type: sq_string
# elements: 1
# length: 2
R4





# name: TEST_QUERIES
# type: cell
# rows: 1
# columns: 1
# name: <cell-element>
# type: sq_string
# elements: 1
# length: 2
R2





# name: DATASIZE
# type: sq_string
# elements: 1
# length: 3
750


