# Created by Octave 3.8.2, Mon May 23 11:37:26 2016 CEST <Andrea@Andreas-MacBook-Pro.local>
# name: x
# type: matrix
# rows: 1
# columns: 100
 60 60.60606060606061 61.21212121212121 61.81818181818182 62.42424242424242 63.03030303030303 63.63636363636364 64.24242424242425 64.84848484848484 65.45454545454545 66.06060606060606 66.66666666666666 67.27272727272728 67.87878787878788 68.48484848484848 69.09090909090909 69.69696969696969 70.30303030303031 70.90909090909091 71.51515151515152 72.12121212121212 72.72727272727272 73.33333333333333 73.93939393939394 74.54545454545455 75.15151515151516 75.75757575757575 76.36363636363636 76.96969696969697 77.57575757575758 78.18181818181819 78.78787878787878 79.39393939393939 80 80.60606060606061 81.21212121212122 81.81818181818181 82.42424242424242 83.03030303030303 83.63636363636364 84.24242424242425 84.84848484848484 85.45454545454545 86.06060606060606 86.66666666666667 87.27272727272727 87.87878787878788 88.48484848484848 89.09090909090909 89.6969696969697 90.3030303030303 90.90909090909091 91.51515151515152 92.12121212121212 92.72727272727272 93.33333333333333 93.93939393939394 94.54545454545455 95.15151515151516 95.75757575757575 96.36363636363636 96.96969696969697 97.57575757575758 98.18181818181819 98.78787878787878 99.39393939393939 100 100.6060606060606 101.2121212121212 101.8181818181818 102.4242424242424 103.030303030303 103.6363636363636 104.2424242424242 104.8484848484848 105.4545454545455 106.0606060606061 106.6666666666667 107.2727272727273 107.8787878787879 108.4848484848485 109.0909090909091 109.6969696969697 110.3030303030303 110.9090909090909 111.5151515151515 112.1212121212121 112.7272727272727 113.3333333333333 113.9393939393939 114.5454545454545 115.1515151515152 115.7575757575758 116.3636363636364 116.969696969697 117.5757575757576 118.1818181818182 118.7878787878788 119.3939393939394 120


# name: y
# type: matrix
# rows: 100
# columns: 1
 582230.5266369351
 580998.610800312
 579766.6949636888
 578534.7791270658
 577302.8632904425
 576070.9474538194
 574839.0316171963
 573607.1157805731
 572375.1999439501
 571143.2841073269
 569911.3682707038
 568679.4524340807
 567447.5365974575
 566215.6207608343
 564983.7049242111
 563751.7890875881
 562519.8732509649
 561287.9574143417
 560056.0415777187
 558824.1257410955
 557592.2099044723
 556360.2940678492
 555128.3782312261
 553896.4623946029
 552664.5465579799
 551432.6307213567
 550200.7148847335
 548968.7990481104
 547736.8832114872
 546504.9673748642
 545273.051538241
 544041.1357016178
 542809.2198649948
 541577.3040283716
 540345.3881917484
 539113.4723551254
 537881.5565185022
 536649.640681879
 535417.7248452558
 534185.8090086328
 532953.8931720096
 531721.9773353864
 530490.0614987634
 529258.1456621402
 528026.229825517
 526794.3139888939
 525562.3981522708
 524330.4823156476
 523098.5664790245
 521866.6506424014
 520634.7348057783
 519402.8189691551
 518170.903132532
 516938.9872959088
 515707.0714592857
 514475.1556226625
 513243.2397860394
 512011.3239494163
 510779.4081127931
 509547.49227617
 508315.5764395468
 507083.6606029237
 505851.7447663005
 504619.8289296774
 503387.9130930543
 502155.9972564311
 500924.081419808
 499692.1655831849
 498460.2497465617
 497228.3339099386
 495996.4180733155
 494764.5022366924
 493532.5864000692
 492300.6705634461
 491068.7547268229
 489836.8388901998
 488604.9230535766
 487373.0072169535
 486141.0913803304
 484909.1755437073
 483677.2597070841
 482445.3438704609
 481213.4280338378
 479981.5121972147
 478749.5963605915
 477517.6805239684
 476285.7646873452
 475053.8488507221
 473821.933014099
 472590.0171774758
 471358.1013408527
 470126.1855042296
 468894.2696676065
 467662.3538309833
 466430.4379943602
 465198.5221577371
 463966.6063211139
 462734.6904844907
 461502.7746478677
 460270.8588112444


# name: TRAIN_QUERIES
# type: cell
# rows: 1
# columns: 2
# name: <cell-element>
# type: sq_string
# elements: 1
# length: 2
R3



# name: <cell-element>
# type: sq_string
# elements: 1
# length: 2
R4





# name: TEST_QUERIES
# type: cell
# rows: 1
# columns: 1
# name: <cell-element>
# type: sq_string
# elements: 1
# length: 2
R2





# name: DATASIZE
# type: sq_string
# elements: 1
# length: 3
750


