# Created by Octave 3.8.2, Mon May 23 11:37:26 2016 CEST <Andrea@Andreas-MacBook-Pro.local>
# name: x
# type: matrix
# rows: 1
# columns: 100
 60 60.60606060606061 61.21212121212121 61.81818181818182 62.42424242424242 63.03030303030303 63.63636363636364 64.24242424242425 64.84848484848484 65.45454545454545 66.06060606060606 66.66666666666666 67.27272727272728 67.87878787878788 68.48484848484848 69.09090909090909 69.69696969696969 70.30303030303031 70.90909090909091 71.51515151515152 72.12121212121212 72.72727272727272 73.33333333333333 73.93939393939394 74.54545454545455 75.15151515151516 75.75757575757575 76.36363636363636 76.96969696969697 77.57575757575758 78.18181818181819 78.78787878787878 79.39393939393939 80 80.60606060606061 81.21212121212122 81.81818181818181 82.42424242424242 83.03030303030303 83.63636363636364 84.24242424242425 84.84848484848484 85.45454545454545 86.06060606060606 86.66666666666667 87.27272727272727 87.87878787878788 88.48484848484848 89.09090909090909 89.6969696969697 90.3030303030303 90.90909090909091 91.51515151515152 92.12121212121212 92.72727272727272 93.33333333333333 93.93939393939394 94.54545454545455 95.15151515151516 95.75757575757575 96.36363636363636 96.96969696969697 97.57575757575758 98.18181818181819 98.78787878787878 99.39393939393939 100 100.6060606060606 101.2121212121212 101.8181818181818 102.4242424242424 103.030303030303 103.6363636363636 104.2424242424242 104.8484848484848 105.4545454545455 106.0606060606061 106.6666666666667 107.2727272727273 107.8787878787879 108.4848484848485 109.0909090909091 109.6969696969697 110.3030303030303 110.9090909090909 111.5151515151515 112.1212121212121 112.7272727272727 113.3333333333333 113.9393939393939 114.5454545454545 115.1515151515152 115.7575757575758 116.3636363636364 116.969696969697 117.5757575757576 118.1818181818182 118.7878787878788 119.3939393939394 120


# name: y
# type: matrix
# rows: 1
# columns: 100
 476473.6224376663 476380.3917713042 476287.1611049421 476193.9304385799 476100.6997722178 476007.4691058557 475914.2384394936 475821.0077731314 475727.7771067693 475634.5464404072 475541.3157740451 475448.0851076829 475354.8544413208 475261.6237749587 475168.3931085966 475075.1624422344 474981.9317758723 474888.7011095101 474795.470443148 474702.2397767859 474609.0091104238 474515.7784440616 474422.5477776995 474329.3171113374 474236.0864449753 474142.8557786132 474049.625112251 473956.3944458889 473863.1637795268 473769.9331131647 473676.7024468025 473583.4717804404 473490.2411140783 473397.0104477162 473303.779781354 473210.5491149919 473117.3184486298 473024.0877822677 472930.8571159055 472837.6264495434 472744.3957831812 472651.1651168191 472557.934450457 472464.7037840949 472371.4731177327 472278.2424513706 472185.0117850085 472091.7811186464 471998.5504522842 471905.3197859221 471812.08911956 471718.8584531979 471625.6277868357 471532.3971204736 471439.1664541115 471345.9357877494 471252.7051213872 471159.4744550251 471066.2437886629 470973.0131223009 470879.7824559387 470786.5517895766 470693.3211232144 470600.0904568523 470506.8597904902 470413.6291241281 470320.398457766 470227.1677914038 470133.9371250417 470040.7064586796 469947.4757923175 469854.2451259553 469761.0144595932 469667.7837932311 469574.553126869 469481.3224605068 469388.0917941447 469294.8611277826 469201.6304614205 469108.3997950583 469015.1691286962 468921.938462334 468828.7077959719 468735.4771296098 468642.2464632477 468549.0157968855 468455.7851305234 468362.5544641613 468269.3237977992 468176.093131437 468082.8624650749 467989.6317987128 467896.4011323507 467803.1704659885 467709.9397996264 467616.7091332643 467523.4784669022 467430.24780054 467337.0171341779 467243.7864678157


# name: TRAIN_QUERIES
# type: cell
# rows: 1
# columns: 2
# name: <cell-element>
# type: sq_string
# elements: 1
# length: 2
R3



# name: <cell-element>
# type: sq_string
# elements: 1
# length: 2
R4





# name: TEST_QUERIES
# type: cell
# rows: 1
# columns: 1
# name: <cell-element>
# type: sq_string
# elements: 1
# length: 2
R2





# name: DATASIZE
# type: sq_string
# elements: 1
# length: 3
750


