# Created by Octave 3.8.2, Mon May 23 11:37:25 2016 CEST <Andrea@Andreas-MacBook-Pro.local>
# name: SVs
# type: cell
# rows: 1
# columns: 7
# name: <cell-element>
# type: sparse matrix
# nnz: 56
# rows: 8
# columns: 7
1 1 -0.8254950679331797
2 1 -0.2305581812618751
3 1 0.01713622741814103
4 1 -2.03574876097731
5 1 -0.7631795442304542
6 1 -0.5417438782427815
7 1 -0.8435234584383708
8 1 -0.6961609621350701
1 2 0.4495964032253648
2 2 0.8220706110011551
3 2 0.702943783764802
4 2 0.5330987909816367
5 2 0.6800597474700804
6 2 1.116966312756541
7 2 0.6277997496906449
8 2 0.9932951378871937
1 3 -0.7645148582386418
2 3 -0.8294080858140782
3 3 -0.7159687795944223
4 3 -0.8512042843890338
5 3 -0.814051673181723
6 3 -0.619371990455414
7 3 -0.6461218705246778
8 3 -0.8328756628600938
1 4 -0.4898741905665437
2 4 -0.787585454729005
3 4 -0.7890592728684231
4 4 -0.646835822414574
5 4 -1.100034900285648
6 4 -0.6822074577606091
7 4 -1.007184357502306
8 4 -1.014553448199396
1 5 0.2706522182642673
2 5 0.2503357734808465
3 5 2.33486276250919
4 5 0.8914988691458636
5 5 0.6763835714390545
6 5 -1.038563385279118
7 5 -1.601448414278602
8 5 0.333692951342235
1 6 1.839030859716899
2 6 0.5162476324415274
3 6 0.303271674826747
4 6 0.457230726777514
5 6 1.901412641985684
6 6 -0.007485045357484973
7 6 0.3161291713319448
8 6 1.843492111992656
1 7 -1.349517949361128
2 7 1.43824058271013
3 7 0.5089877386863773
4 7 0.5089877386863773
5 7 -1.349517949361128
6 7 0.5089877386863773
7 7 -0.4202651053373754
8 7 -1.349517949361128



# name: <cell-element>
# type: sparse matrix
# nnz: 140
# rows: 20
# columns: 7
1 1 -0.4222078107627104
2 1 -0.128266661221552
3 1 -0.7318258216127306
4 1 -0.8254950679331797
5 1 -0.2305581812618751
6 1 0.01713622741814103
7 1 -1.100623983903704
8 1 -0.7455430752579847
9 1 -0.6906740606769685
10 1 -0.5417438782427815
11 1 -0.0561530992007878
12 1 -1.801771605942547
13 1 -0.7580845643050741
14 1 -0.3214839768532735
15 1 -0.7106620588457672
16 1 0.01360893362364713
17 1 -0.4774687468764482
18 1 -2.286970463451819
19 1 -0.6138574402635457
20 1 -0.7067428435185518
1 2 0.8187434993412842
2 2 0.6531182579316136
3 2 0.6079993778611693
4 2 0.4495964032253648
5 2 0.8220706110011551
6 2 0.702943783764802
7 2 0.6456525439631228
8 2 0.5108639472059142
9 2 0.3183783653226518
10 2 1.116966312756541
11 2 0.5621501562068508
12 2 0.9235069420947798
13 2 1.022589950307033
14 2 0.7430314218130026
15 2 1.133764169185645
16 2 0.7380813288556337
17 2 0.6043476699417988
18 2 0.6176561165812824
19 2 0.3665809098583423
20 2 0.4185163113782782
1 3 -0.8056304146413992
2 3 -0.6490940794212627
3 3 -0.6490940794212627
4 3 -0.7645148582386418
5 3 -0.8294080858140782
6 3 -0.7159687795944223
7 3 -0.535159405052176
8 3 -0.829903453963509
9 3 -0.6842652180308503
10 3 -0.619371990455414
11 3 -0.7298390877784851
12 3 -0.8041443101931067
13 3 -0.7887878975607516
14 3 -0.748167709307425
15 3 -0.643149661628093
16 3 -0.6322515623406151
17 3 -0.8452598665958642
18 3 -0.9131253030678853
19 3 -0.5817240110986723
20 3 -0.8546718614350496
1 4 0.1519736091500498
2 4 -0.7234743656643166
3 4 -0.6195701868353387
4 4 -0.4898741905665437
5 4 -0.787585454729005
6 4 -0.7890592728684231
7 4 3.398058061218471
8 4 -0.7109469114792625
9 4 -0.7256850928734437
10 4 -0.6822074577606091
11 4 -0.6409405498569015
12 4 -1.052872719824268
13 4 -1.078664537264085
14 4 3.520384966790175
15 4 -0.5819878242801766
16 4 -0.4559763733599269
17 4 3.000864072645286
18 4 -0.9747603584351069
19 4 -0.5569329159100684
20 4 1.419457209049638
1 5 0.9139067126569895
2 5 0.0949747251370399
3 5 -0.7093174712889742
4 5 0.2706522182642673
5 5 0.2503357734808465
6 5 2.33486276250919
7 5 -1.20856422471686
8 5 0.3417597750062403
9 5 -0.9062077229400675
10 5 -1.038563385279118
11 5 2.572983446220755
12 5 0.8932914966267537
13 5 0.3919533444711625
14 5 -1.502555131582833
15 5 -1.664190376109755
16 5 -1.216033505887236
17 5 0.403605423096948
18 5 2.362349717216171
19 5 -0.659422673070867
20 5 0.8574389470089522
1 6 1.083480510044637
2 6 0.1092131810622499
3 6 0.004555152920250645
4 6 1.839030859716899
5 6 0.5162476324415274
6 6 0.303271674826747
7 6 0.9805607356937278
8 6 0.9971618567627647
9 6 0.009427047720049627
10 6 -0.007485045357484973
11 6 0.3382560257827503
12 6 1.839417581317211
13 6 1.874764732949795
14 6 0.3991028821121546
15 6 -0.0692528572505174
16 6 -0.005423859096031557
17 6 1.028601924186017
18 6 0.6183341612824871
19 6 1.088077314221534
20 6 0.5342321802663172
1 7 -0.4202651053373754
2 7 1.43824058271013
3 7 0.5089877386863773
4 7 -1.349517949361128
5 7 1.43824058271013
6 7 0.5089877386863773
7 7 -1.349517949361128
8 7 -0.4202651053373754
9 7 0.5089877386863773
10 7 0.5089877386863773
11 7 1.43824058271013
12 7 -1.349517949361128
13 7 -1.349517949361128
14 7 -0.4202651053373754
15 7 1.43824058271013
16 7 0.5089877386863773
17 7 -0.4202651053373754
18 7 1.43824058271013
19 7 -1.349517949361128
20 7 1.43824058271013



