# Created by Octave 3.8.2, Mon May 23 11:37:19 2016 CEST <Andrea@Andreas-MacBook-Pro.local>
# name: mu
# type: matrix
# rows: 1
# columns: 8
 472005.5778894472 45185.27638190955 77660.6231155779 4506.326633165829 6032.768844221106 34186.11557788945 336221.4472361809 89.04522613065326


# name: sigma
# type: matrix
# rows: 1
# columns: 8
 322162.0032561458 2551.531152309735 12323.00090631493 2018.700639411356 1357.019530774411 3347.042296272775 250826.4341115126 21.52266751576257


