# Created by Octave 3.8.2, Mon May 23 11:37:26 2016 CEST <Andrea@Andreas-MacBook-Pro.local>
# name: x
# type: matrix
# rows: 1
# columns: 100
 60 60.60606060606061 61.21212121212121 61.81818181818182 62.42424242424242 63.03030303030303 63.63636363636364 64.24242424242425 64.84848484848484 65.45454545454545 66.06060606060606 66.66666666666666 67.27272727272728 67.87878787878788 68.48484848484848 69.09090909090909 69.69696969696969 70.30303030303031 70.90909090909091 71.51515151515152 72.12121212121212 72.72727272727272 73.33333333333333 73.93939393939394 74.54545454545455 75.15151515151516 75.75757575757575 76.36363636363636 76.96969696969697 77.57575757575758 78.18181818181819 78.78787878787878 79.39393939393939 80 80.60606060606061 81.21212121212122 81.81818181818181 82.42424242424242 83.03030303030303 83.63636363636364 84.24242424242425 84.84848484848484 85.45454545454545 86.06060606060606 86.66666666666667 87.27272727272727 87.87878787878788 88.48484848484848 89.09090909090909 89.6969696969697 90.3030303030303 90.90909090909091 91.51515151515152 92.12121212121212 92.72727272727272 93.33333333333333 93.93939393939394 94.54545454545455 95.15151515151516 95.75757575757575 96.36363636363636 96.96969696969697 97.57575757575758 98.18181818181819 98.78787878787878 99.39393939393939 100 100.6060606060606 101.2121212121212 101.8181818181818 102.4242424242424 103.030303030303 103.6363636363636 104.2424242424242 104.8484848484848 105.4545454545455 106.0606060606061 106.6666666666667 107.2727272727273 107.8787878787879 108.4848484848485 109.0909090909091 109.6969696969697 110.3030303030303 110.9090909090909 111.5151515151515 112.1212121212121 112.7272727272727 113.3333333333333 113.9393939393939 114.5454545454545 115.1515151515152 115.7575757575758 116.3636363636364 116.969696969697 117.5757575757576 118.1818181818182 118.7878787878788 119.3939393939394 120


# name: y
# type: matrix
# rows: 100
# columns: 1
 594752.1797147902
 593939.7926220064
 593144.5355987817
 592366.4086451161
 591605.4117610096
 590861.5449464621
 590134.8082014739
 589425.2015260446
 588732.7249201746
 588057.3783838635
 587399.1619171116
 586758.0755199187
 586134.119192285
 585527.2929342104
 584937.5967456949
 584365.0306267384
 583809.5945773411
 583271.2885975027
 582750.1126872236
 582246.0668465036
 581759.1510753427
 581289.3653737408
 580836.709741698
 580401.1841792143
 579982.7886862898
 579581.5232629243
 579197.3879091179
 578830.3826248706
 578480.5074101824
 578147.7622650533
 577832.1471894834
 577533.6621834724
 577252.3072470207
 576988.082380128
 576740.9875827944
 576511.0228550199
 576298.1881968045
 576102.4836081482
 575923.909089051
 575762.4646395128
 575618.1502595338
 575490.9659491138
 575380.911708253
 575287.9875369513
 575212.1934352086
 575153.5294030251
 575111.9954404007
 575087.5915473353
 575080.3177238291
 575090.1739698818
 575117.1602854938
 575161.2766706649
 575222.5231253951
 575300.8996496843
 575396.4062435325
 575509.04290694
 575638.8096399065
 575785.7064424321
 575949.733314517
 576130.8902561608
 576329.1772673636
 576544.5943481256
 576777.1414984467
 577026.818718327
 577293.6260077662
 577577.5633667647
 577878.6307953221
 578196.8282934388
 578532.1558611144
 578884.6134983492
 579254.201205143
 579640.918981496
 580044.7668274081
 580465.7447428793
 580903.8527279096
 581359.0907824989
 581831.4589066474
 582320.9571003549
 582827.5853636216
 583351.3436964473
 583892.2320988321
 584450.2505707762
 585025.3991122792
 585617.6777233413
 586227.0864039626
 586853.6251541429
 587497.2939738823
 588158.0928631808
 588836.0218220385
 589531.0808504552
 590243.2699484309
 590972.5891159659
 591719.0383530599
 592482.617659713
 593263.3270359252
 594061.1664816965
 594876.1359970269
 595708.2355819164
 596557.465236365
 597423.8249603726


# name: TRAIN_QUERIES
# type: cell
# rows: 1
# columns: 2
# name: <cell-element>
# type: sq_string
# elements: 1
# length: 2
R3



# name: <cell-element>
# type: sq_string
# elements: 1
# length: 2
R4





# name: TEST_QUERIES
# type: cell
# rows: 1
# columns: 1
# name: <cell-element>
# type: sq_string
# elements: 1
# length: 2
R2





# name: DATASIZE
# type: sq_string
# elements: 1
# length: 3
750


