# Created by Octave 3.8.2, Mon May 23 11:37:26 2016 CEST <Andrea@Andreas-MacBook-Pro.local>
# name: x
# type: matrix
# rows: 1
# columns: 100
 60 60.60606060606061 61.21212121212121 61.81818181818182 62.42424242424242 63.03030303030303 63.63636363636364 64.24242424242425 64.84848484848484 65.45454545454545 66.06060606060606 66.66666666666666 67.27272727272728 67.87878787878788 68.48484848484848 69.09090909090909 69.69696969696969 70.30303030303031 70.90909090909091 71.51515151515152 72.12121212121212 72.72727272727272 73.33333333333333 73.93939393939394 74.54545454545455 75.15151515151516 75.75757575757575 76.36363636363636 76.96969696969697 77.57575757575758 78.18181818181819 78.78787878787878 79.39393939393939 80 80.60606060606061 81.21212121212122 81.81818181818181 82.42424242424242 83.03030303030303 83.63636363636364 84.24242424242425 84.84848484848484 85.45454545454545 86.06060606060606 86.66666666666667 87.27272727272727 87.87878787878788 88.48484848484848 89.09090909090909 89.6969696969697 90.3030303030303 90.90909090909091 91.51515151515152 92.12121212121212 92.72727272727272 93.33333333333333 93.93939393939394 94.54545454545455 95.15151515151516 95.75757575757575 96.36363636363636 96.96969696969697 97.57575757575758 98.18181818181819 98.78787878787878 99.39393939393939 100 100.6060606060606 101.2121212121212 101.8181818181818 102.4242424242424 103.030303030303 103.6363636363636 104.2424242424242 104.8484848484848 105.4545454545455 106.0606060606061 106.6666666666667 107.2727272727273 107.8787878787879 108.4848484848485 109.0909090909091 109.6969696969697 110.3030303030303 110.9090909090909 111.5151515151515 112.1212121212121 112.7272727272727 113.3333333333333 113.9393939393939 114.5454545454545 115.1515151515152 115.7575757575758 116.3636363636364 116.969696969697 117.5757575757576 118.1818181818182 118.7878787878788 119.3939393939394 120


# name: y
# type: matrix
# rows: 100
# columns: 1
 618640.7311850508
 618208.3157410506
 617793.9432708264
 617397.2292646563
 617017.7892128187
 616655.2386055918
 616309.1929332539
 615979.2676860832
 615665.0783543582
 615366.2404283569
 615082.3693983579
 614813.0807546392
 614557.9899874793
 614316.7125871563
 614088.8640439486
 613874.0598481344
 613671.915489992
 613482.0464597997
 613304.068247836
 613137.5963443788
 612982.2462397065
 612837.6334240976
 612703.3733878301
 612579.0816211824
 612464.3736144329
 612358.8648578597
 612262.1708417411
 612173.9070563555
 612093.6889919811
 612021.1321388962
 611955.851987379
 611897.4640277079
 611845.5837501612
 611799.8266450171
 611759.808202554
 611725.1439130501
 611695.4492667835
 611670.3397540328
 611649.430865076
 611632.3380901917
 611618.676919658
 611608.062843753
 611600.1113527552
 611594.437936943
 611590.6580865944
 611588.3872919879
 611587.2410434018
 611586.8348311142
 611586.7841454033
 611586.7044765477
 611586.2113148256
 611584.920150515
 611582.4464738945
 611578.4057752423
 611572.4135448367
 611564.0852729558
 611553.0364498781
 611538.8825658818
 611521.2391112453
 611499.7215762467
 611473.9454511643
 611443.5262262764
 611408.0793918615
 611367.2204381975
 611320.564855563
 611267.7281342361
 611208.3257644952
 611141.9732366186
 611068.2860408843
 610986.8796675709
 610897.3696069566
 610799.3713493197
 610692.5003849384
 610576.3722040911
 610450.6022970559
 610314.8061541112
 610168.5992655354
 610011.5971216065
 609843.4152126029
 609663.669028803
 609471.974060485
 609267.9457979272
 609051.1997314079
 608821.3513512053
 608578.0161475977
 608320.8096108636
 608049.3472312809
 607763.2444991281
 607462.1169046834
 607145.5799382253
 606813.249090032
 606464.7398503815
 606099.6677095523
 605717.6481578228
 605318.2966854711
 604901.2287827756
 604466.0599400143
 604012.405647466
 603539.8813954084
 603048.1026741203


# name: TRAIN_QUERIES
# type: cell
# rows: 1
# columns: 2
# name: <cell-element>
# type: sq_string
# elements: 1
# length: 2
R3



# name: <cell-element>
# type: sq_string
# elements: 1
# length: 2
R4





# name: TEST_QUERIES
# type: cell
# rows: 1
# columns: 1
# name: <cell-element>
# type: sq_string
# elements: 1
# length: 2
R2





# name: DATASIZE
# type: sq_string
# elements: 1
# length: 3
750


