# Created by Octave 3.8.2, Mon May 23 11:37:26 2016 CEST <Andrea@Andreas-MacBook-Pro.local>
# name: x
# type: matrix
# rows: 1
# columns: 100
 60 60.60606060606061 61.21212121212121 61.81818181818182 62.42424242424242 63.03030303030303 63.63636363636364 64.24242424242425 64.84848484848484 65.45454545454545 66.06060606060606 66.66666666666666 67.27272727272728 67.87878787878788 68.48484848484848 69.09090909090909 69.69696969696969 70.30303030303031 70.90909090909091 71.51515151515152 72.12121212121212 72.72727272727272 73.33333333333333 73.93939393939394 74.54545454545455 75.15151515151516 75.75757575757575 76.36363636363636 76.96969696969697 77.57575757575758 78.18181818181819 78.78787878787878 79.39393939393939 80 80.60606060606061 81.21212121212122 81.81818181818181 82.42424242424242 83.03030303030303 83.63636363636364 84.24242424242425 84.84848484848484 85.45454545454545 86.06060606060606 86.66666666666667 87.27272727272727 87.87878787878788 88.48484848484848 89.09090909090909 89.6969696969697 90.3030303030303 90.90909090909091 91.51515151515152 92.12121212121212 92.72727272727272 93.33333333333333 93.93939393939394 94.54545454545455 95.15151515151516 95.75757575757575 96.36363636363636 96.96969696969697 97.57575757575758 98.18181818181819 98.78787878787878 99.39393939393939 100 100.6060606060606 101.2121212121212 101.8181818181818 102.4242424242424 103.030303030303 103.6363636363636 104.2424242424242 104.8484848484848 105.4545454545455 106.0606060606061 106.6666666666667 107.2727272727273 107.8787878787879 108.4848484848485 109.0909090909091 109.6969696969697 110.3030303030303 110.9090909090909 111.5151515151515 112.1212121212121 112.7272727272727 113.3333333333333 113.9393939393939 114.5454545454545 115.1515151515152 115.7575757575758 116.3636363636364 116.969696969697 117.5757575757576 118.1818181818182 118.7878787878788 119.3939393939394 120


# name: y
# type: matrix
# rows: 100
# columns: 1
 646147.88820625
 646205.0978253343
 646256.5256972336
 646302.6490379348
 646343.9148917219
 646380.7414306324
 646413.5192253053
 646442.6124872222
 646468.3602823425
 646491.0777161309
 646511.0570899782
 646528.569029016
 646543.8635813231
 646557.1712885267
 646568.7042277955
 646578.6570252265
 646587.207840625
 646594.5193236778
 646600.7395415185
 646606.0028776883
 646610.4309024871
 646614.1332147199
 646617.2082548356
 646619.7440894585
 646621.8191673139
 646623.5030465459
 646624.8570934298
 646625.9351524749
 646626.7841879242
 646627.444896644
 646627.9522924083
 646628.336261576
 646628.6220901614
 646628.8309622975
 646628.9804300927
 646629.0848548803
 646629.1558198626
 646629.2025141454
 646629.2320881686
 646629.2499805277
 646629.2602161901
 646629.2656761035
 646629.2683381977
 646629.2694897801
 646629.269911323
 646629.2700316459
 646629.2700544897
 646629.2700564843
 646629.2700565091
 646629.2700564476
 646629.2700533342
 646629.2700228945
 646629.2698744786
 646629.2693773879
 646629.2680585949
 646629.2650718559
 646629.2590382171
 646629.2478579138
 646629.228493663
 646629.1967253487
 646629.1468761003
 646629.071509765
 646628.9610997726
 646628.8036693932
 646628.584403389
 646628.285231059
 646627.8843806752
 646627.3559053153
 646626.6691800851
 646625.7883707364
 646624.6718736766
 646623.2717273728
 646621.5329951474
 646619.3931193689
 646616.7812470336
 646613.6175267425
 646609.8123770697
 646605.2657263256
 646599.8662237113
 646593.4904218678
 646586.0019308181
 646577.2505433012
 646567.071331501
 646555.2837151672
 646541.6905011293
 646526.0768942051
 646508.2094795002
 646487.835176103
 646464.6801621708
 646438.4487714103
 646408.822360951
 646375.4581506117
 646337.9880335596
 646296.017358364
 646249.123682441
 646196.8554968939
 646138.7309227443
 646074.2363785581
 646002.8252194643
 645923.9163475657


# name: TRAIN_QUERIES
# type: cell
# rows: 1
# columns: 2
# name: <cell-element>
# type: sq_string
# elements: 1
# length: 2
R3



# name: <cell-element>
# type: sq_string
# elements: 1
# length: 2
R4





# name: TEST_QUERIES
# type: cell
# rows: 1
# columns: 1
# name: <cell-element>
# type: sq_string
# elements: 1
# length: 2
R2





# name: DATASIZE
# type: sq_string
# elements: 1
# length: 3
750


