# Created by Octave 3.8.2, Mon May 23 11:37:26 2016 CEST <Andrea@Andreas-MacBook-Pro.local>
# name: x
# type: matrix
# rows: 1
# columns: 100
 60 60.60606060606061 61.21212121212121 61.81818181818182 62.42424242424242 63.03030303030303 63.63636363636364 64.24242424242425 64.84848484848484 65.45454545454545 66.06060606060606 66.66666666666666 67.27272727272728 67.87878787878788 68.48484848484848 69.09090909090909 69.69696969696969 70.30303030303031 70.90909090909091 71.51515151515152 72.12121212121212 72.72727272727272 73.33333333333333 73.93939393939394 74.54545454545455 75.15151515151516 75.75757575757575 76.36363636363636 76.96969696969697 77.57575757575758 78.18181818181819 78.78787878787878 79.39393939393939 80 80.60606060606061 81.21212121212122 81.81818181818181 82.42424242424242 83.03030303030303 83.63636363636364 84.24242424242425 84.84848484848484 85.45454545454545 86.06060606060606 86.66666666666667 87.27272727272727 87.87878787878788 88.48484848484848 89.09090909090909 89.6969696969697 90.3030303030303 90.90909090909091 91.51515151515152 92.12121212121212 92.72727272727272 93.33333333333333 93.93939393939394 94.54545454545455 95.15151515151516 95.75757575757575 96.36363636363636 96.96969696969697 97.57575757575758 98.18181818181819 98.78787878787878 99.39393939393939 100 100.6060606060606 101.2121212121212 101.8181818181818 102.4242424242424 103.030303030303 103.6363636363636 104.2424242424242 104.8484848484848 105.4545454545455 106.0606060606061 106.6666666666667 107.2727272727273 107.8787878787879 108.4848484848485 109.0909090909091 109.6969696969697 110.3030303030303 110.9090909090909 111.5151515151515 112.1212121212121 112.7272727272727 113.3333333333333 113.9393939393939 114.5454545454545 115.1515151515152 115.7575757575758 116.3636363636364 116.969696969697 117.5757575757576 118.1818181818182 118.7878787878788 119.3939393939394 120


# name: y
# type: matrix
# rows: 100
# columns: 1
 638218.9375145459
 638045.603142547
 637883.0032371031
 637730.6851879568
 637588.2061342084
 637455.1329643157
 637331.0423160946
 637215.5205767184
 637108.1638827182
 637008.5781199828
 636916.3789237589
 636831.1916786507
 636752.65151862
 636680.4033269866
 636614.101736428
 636553.4111289792
 636498.0056360331
 636447.5691383402
 636401.7952660086
 636360.3873985044
 636323.0586646514
 636289.5319426308
 636259.5398599816
 636232.8247936009
 636209.1388697432
 636188.2439640205
 636169.911701403
 636153.9234562182
 636140.0703521515
 636128.1532622461
 636117.9828089026
 636109.3793638799
 636102.1730482938
 636096.2037326185
 636091.3210366856
 636087.3843296844
 636084.2627301621
 636081.8351060234
 636079.9900745308
 636078.6260023046
 636077.6510053228
 636076.9829489209
 636076.5494477923
 636076.2878659881
 636076.1453169171
 636076.0786633458
 636076.0545173984
 636076.0492405567
 636076.0489436606
 636076.0494869072
 636076.0564798517
 636076.085281407
 636076.1609998434
 636076.3184927891
 636076.60236723
 636077.0669795099
 636077.77643533
 636078.8045897495
 636080.2350471851
 636082.1611614112
 636084.68603556
 636087.9225221216
 636091.9932229434
 636097.0304892308
 636103.176421547
 636110.5828698125
 636119.4114333059
 636129.8334606636
 636142.0300498791
 636156.1920483042
 636172.5200526484
 636191.2244089785
 636212.5252127193
 636236.6523086533
 636263.8452909207
 636294.3535030194
 636328.4360378049
 636366.3617374906
 636408.4091936476
 636454.8667472044
 636506.0324884478
 636562.2142570218
 636623.7296419281
 636690.9059815266
 636764.0803635344
 636843.5996250267
 636929.820352436
 637023.1088815531
 637123.8412975258
 637232.4034348601
 637349.1908774197
 637474.6089584257
 637609.0727604573
 637753.007115451
 637906.8466047016
 638071.035558861
 638246.028057939
 638432.2879313033
 638630.2887576792
 638840.5138651497


# name: TRAIN_QUERIES
# type: cell
# rows: 1
# columns: 2
# name: <cell-element>
# type: sq_string
# elements: 1
# length: 2
R3



# name: <cell-element>
# type: sq_string
# elements: 1
# length: 2
R4





# name: TEST_QUERIES
# type: cell
# rows: 1
# columns: 1
# name: <cell-element>
# type: sq_string
# elements: 1
# length: 2
R2





# name: DATASIZE
# type: sq_string
# elements: 1
# length: 3
750


