# Created by Octave 4.0.0, Mon May 09 11:28:55 2016 CEST <peter@Independence>
# name: y
# type: matrix
# rows: 100
# columns: 1
 469554.2881766731
 468222.3748416468
 466870.9449893856
 465500.658796683
 464112.1952511931
 462706.2516138738
 461283.542857098
 459844.80107904
 458390.7748949808
 456922.2288062146
 455439.9425472807
 453944.7104122778
 452437.3405610552
 450918.6543061109
 449389.4853810574
 447850.6791915537
 446303.0920496228
 444747.590392317
 443185.0499857069
 441616.3551152079
 440042.3977632736
 438464.0767755167
 436882.2970163311
 435297.9685151157
 433712.0056042116
 432125.3260496864
 430538.8501761069
 428953.4999864587
 427370.1982783801
 425789.867757881
 424213.4301517321
 422641.8053197057
 421075.9103678577
 419516.6587640337
 417964.9594567905
 416421.7159989057
 414887.8256766576
 413364.1786460381
 411851.6570770565
 410351.1343072788
 408863.4740057338
 407389.5293482994
 405930.1422056688
 404486.1423449717
 403058.3466461065
 401647.5583338183
 400254.5662265266
 398880.1440028882
 397525.0494870433
 396190.0239534696
 394875.7914523363
 393583.0581562127
 392312.5117289603
 391064.8207175899
 389840.6339678411
 388640.5800641932
 387465.2667949825
 386315.2806432593
 385191.186303977
 384093.5262280628
 383022.8201938774
 381979.5649065278
 380964.2336254508
 379977.2758206439
 379019.1168578704
 378090.1577131242
 377190.7747165909
 376321.3193262971
 375482.1179315933
 374673.4716865693
 373895.6563734559
 373148.9222960192
 372433.4942029095
 371749.5712408798
 371097.3269377464
 370476.9092149175
 369888.4404292708
 369332.0174441236
 368807.7117289865
 368315.5694877622
 367855.6118149984
 367427.8348797734
 367032.2101367466
 366668.6845638758
 366337.1809262586
 366037.5980655273
 365769.8112141874
 365533.6723342587
 365329.0104795488
 365155.6321808539
 365013.3218533582
 364901.8422254746
 364820.9347883401
 364770.3202651642
 364749.6990995954
 364758.7519622606
 364797.1402746051
 364864.5067491485
 364960.4759452555
 365084.654839503


