# Created by Octave 4.0.0, Mon May 09 11:28:29 2016 CEST <peter@Independence>
# name: y
# type: matrix
# rows: 100
# columns: 1
 203812.1654617716
 202674.1341321027
 201519.8255147876
 200349.7061074904
 199164.2588785667
 197963.9829322279
 196749.3931538521
 195521.0198358471
 194279.4082844989
 193025.1184082684
 191758.7242880235
 190480.8137297239
 189191.9878000986
 187892.8603458797
 186584.057497183
 185266.2171556437
 183939.9884679391
 182606.0312853494
 181265.0156100274
 179917.6210286615
 178564.5361342385
 177206.457936623
 175844.0912626856
 174478.148146725
 173109.3472119395
 171738.4130437128
 170366.0755554907
 168993.0693480264
 167620.1330627868
 166248.0087303077
 164877.4411142969
 163509.1770522824
 162143.9647936044
 160782.5533355506
 159425.691758433
 158074.1285603999
 156728.6109927753
 155389.8843967119
 154058.6915419387
 152735.7719683747
 151421.8613313766
 150117.6907513744
 148823.9861686422
 147541.4677039384
 146270.849025739
 145012.8367247735
 143768.1296965599
 142537.4185326213
 141321.3849210493
 140120.7010570668
 138936.0290642216
 137768.0204268305
 136617.3154342681
 135484.5426376849
 134370.3183197114
 133275.2459776926
 132199.9158209715
 131144.9042827238
 130110.7735468219
 129098.071090189
 128107.3292410762
 127139.0647536817
 126193.7783995006
 125271.9545757791
 124374.0609314181
 123500.5480106517
 122651.8489148045
 121828.3789824031
 121030.5354879009
 120258.6973592468
 119513.2249145094
 118794.4596177401
 118102.7238542425
 117438.3207253841
 116801.5338630702
 116192.6272639745
 115611.8451435947
 115059.411810186
 114535.531558596
 114040.3885840054
 113574.1469155572
 113136.950369833
 112728.9225241149
 112350.1667093499
 112000.7660227111
 111680.783359631
 111390.2614651601
 111129.2230044835
 110897.67065241
 110695.5872016253
 110522.9356894844
 110379.6595430985
 110265.6827424511
 110180.9100012623
 110125.2269653016
 110098.50042783
 110100.5785618396
 110131.291168736
 110190.449943099
 110277.8487531364


