# Created by Octave 4.0.0, Mon May 09 11:23:52 2016 CEST <peter@Independence>
# name: y
# type: matrix
# rows: 100
# columns: 1
 286669.2008731144
 285530.7270099927
 284378.3377386912
 283212.6147808895
 282034.1533859308
 280843.5618209314
 279641.4608434968
 278428.4831576914
 277205.2728539371
 275972.4848335399
 274730.7842185748
 273480.8457478798
 272223.3531599365
 270958.998563435
 269688.481796344
 268412.5097743244
 267131.7958293446
 265847.059039372
 264559.0235500301
 263268.4178891244
 261975.9742749537
 260682.4279193309
 259388.5163262507
 258094.9785871452
 256802.5546736763
 255511.9847290161
 254224.0083585721
 252939.3639211095
 251658.7878212283
 250383.0138041448
 249112.7722537266
 247848.7894947216
 246591.787100117
 245342.4812045523
 244101.5818247009
 242869.792187523
 241647.8080672793
 240436.3171321758
 239235.9983014996
 238047.5211140807
 236871.5451089014
 235708.7192186482
 234559.6811769838
 233425.0569402884
 232305.4601246012
 231201.4914584577
 230113.7382523032
 229042.7738851228
 227989.1573089084
 226953.4325715484
 225936.1283586958
 224937.7575551395
 223958.8168261714
 222999.7862194063
 222061.1287874819
 221143.2902320281
 220246.6985692632
 219371.7638175369
 218518.8777071071
 217688.4134123992
 216880.7253069627
 216096.1487413041
 215334.999843736
 214597.5753443511
 213884.1524221887
 213194.9885756306
 212530.3215160225
 211890.3690844873
 211275.3291918564
 210685.3797816141
 210120.6788157167
 209581.3642831095
 209067.554230739
 208579.3468168199
 208116.8203860865
 207680.0335667299
 207269.0253886884
 206883.8154229314
 206524.4039413508
 206190.7720968423
 205882.882123137
 205600.6775539169
 205344.0834607219
 205113.0067091369
 204907.3362327222
 204726.9433241317
 204571.6819428425
 204441.3890389023
 204335.884892084
 204254.97346582
 204198.4427752741
 204166.0652688981
 204157.5982228042
 204172.7841472774
 204211.3512047392
 204273.0136384697
 204357.4722113834
 204464.4146541541
 204593.5161219742
 204744.4396592355


