# Created by Octave 4.0.0, Wed May 18 23:51:55 2016 CEST <peter@Independence>
# name: x
# type: matrix
# rows: 1
# columns: 100
 60 60.60606060606061 61.21212121212121 61.81818181818181 62.42424242424242 63.03030303030303 63.63636363636364 64.24242424242424 64.84848484848484 65.45454545454545 66.06060606060606 66.66666666666666 67.27272727272727 67.87878787878788 68.48484848484848 69.09090909090909 69.69696969696969 70.3030303030303 70.90909090909091 71.51515151515152 72.12121212121212 72.72727272727272 73.33333333333333 73.93939393939394 74.54545454545455 75.15151515151516 75.75757575757575 76.36363636363636 76.96969696969697 77.57575757575758 78.18181818181819 78.78787878787878 79.39393939393939 80 80.60606060606061 81.21212121212122 81.81818181818181 82.42424242424242 83.03030303030303 83.63636363636363 84.24242424242424 84.84848484848484 85.45454545454545 86.06060606060606 86.66666666666667 87.27272727272727 87.87878787878788 88.48484848484848 89.09090909090909 89.6969696969697 90.3030303030303 90.90909090909091 91.51515151515152 92.12121212121212 92.72727272727272 93.33333333333333 93.93939393939394 94.54545454545455 95.15151515151514 95.75757575757575 96.36363636363636 96.96969696969697 97.57575757575758 98.18181818181817 98.78787878787878 99.39393939393939 100 100.6060606060606 101.2121212121212 101.8181818181818 102.4242424242424 103.030303030303 103.6363636363636 104.2424242424242 104.8484848484848 105.4545454545455 106.0606060606061 106.6666666666667 107.2727272727273 107.8787878787879 108.4848484848485 109.0909090909091 109.6969696969697 110.3030303030303 110.9090909090909 111.5151515151515 112.1212121212121 112.7272727272727 113.3333333333333 113.9393939393939 114.5454545454545 115.1515151515151 115.7575757575758 116.3636363636364 116.969696969697 117.5757575757576 118.1818181818182 118.7878787878788 119.3939393939394 120


# name: y
# type: matrix
# rows: 100
# columns: 1
 799302.4411360313
 797362.1513705754
 795069.3266119284
 792428.5259702464
 789445.8668501229
 786128.9913958332
 782487.0215840226
 778530.5033288505
 774271.3400757211
 769722.7164655953
 764899.0127511839
 759815.7107378388
 754489.2921045291
 748937.1300329522
 743177.3751347123
 737228.8367168987
 731110.8604647955
 724843.203646466
 718445.908957409
 711939.178124346
 705343.2463756404
 698678.2588621874
 691964.1500773303
 685220.5272780998
 678466.5588535942
 671720.8685205292
 665001.4361518759
 658325.5059631766
 651709.5026937255
 645168.9563275496
 638718.4358032681
 632371.4920636797
 626140.6106966074
 620037.1743193013
 614071.434760779
 608252.4950009466
 602588.300733267
 597085.6413300666
 591750.1599071519
 586586.3721080037
 581597.693158064
 576786.4726770483
 572154.0366822064
 567700.7361683071
 563426.001610992
 559328.4027090928
 555405.7126584819
 551654.9762348635
 548072.580955386
 544654.3305887298
 541395.5202899955
 538291.0126498664
 535335.3139665923
 532522.650073858
 529847.0410869534
 527302.3744633064
 524882.4758107837
 522581.1769176384
 520392.3805210263
 518310.1213761036
 516328.6232343167
 514442.351387166
 512646.0604799899
 510934.8373487994
 509304.138681514
 507749.8233528014
 506268.1793287979
 504855.9450840513
 503510.3255178573
 502229.0024005559
 501010.1394221728
 499852.3819558604
 498754.8516868169
 497717.136293595
 496739.2744028759
 495821.7360707553
 494965.3990732807
 494171.5213162897
 493441.7096994203
 492777.8857914014
 492182.248693267
 491657.2354828687
 491205.4796478733
 490829.7679252145
 490532.9959726254
 490318.1233022963
 490188.1279078166
 490145.9610132836
 490194.5023677503
 490336.5164990198
 490574.6103281648
 490911.1925301041
 491348.4350061655
 491888.2368119118
 492532.1908577608
 493281.5536712626
 494137.2184785511
 495099.6918287211
 496169.0739490064
 497345.0429809952


# name: QUERY
# type: sq_string
# elements: 1
# length: 2
R4


# name: DATASIZE
# type: sq_string
# elements: 1
# length: 3
750


