# Created by Octave 4.0.0, Mon May 23 13:49:03 2016 CEST <peter@Independence>
# name: x
# type: matrix
# rows: 1
# columns: 100
 60 60.60606060606061 61.21212121212121 61.81818181818181 62.42424242424242 63.03030303030303 63.63636363636364 64.24242424242424 64.84848484848484 65.45454545454545 66.06060606060606 66.66666666666666 67.27272727272727 67.87878787878788 68.48484848484848 69.09090909090909 69.69696969696969 70.3030303030303 70.90909090909091 71.51515151515152 72.12121212121212 72.72727272727272 73.33333333333333 73.93939393939394 74.54545454545455 75.15151515151516 75.75757575757575 76.36363636363636 76.96969696969697 77.57575757575758 78.18181818181819 78.78787878787878 79.39393939393939 80 80.60606060606061 81.21212121212122 81.81818181818181 82.42424242424242 83.03030303030303 83.63636363636363 84.24242424242424 84.84848484848484 85.45454545454545 86.06060606060606 86.66666666666667 87.27272727272727 87.87878787878788 88.48484848484848 89.09090909090909 89.6969696969697 90.3030303030303 90.90909090909091 91.51515151515152 92.12121212121212 92.72727272727272 93.33333333333333 93.93939393939394 94.54545454545455 95.15151515151514 95.75757575757575 96.36363636363636 96.96969696969697 97.57575757575758 98.18181818181817 98.78787878787878 99.39393939393939 100 100.6060606060606 101.2121212121212 101.8181818181818 102.4242424242424 103.030303030303 103.6363636363636 104.2424242424242 104.8484848484848 105.4545454545455 106.0606060606061 106.6666666666667 107.2727272727273 107.8787878787879 108.4848484848485 109.0909090909091 109.6969696969697 110.3030303030303 110.9090909090909 111.5151515151515 112.1212121212121 112.7272727272727 113.3333333333333 113.9393939393939 114.5454545454545 115.1515151515151 115.7575757575758 116.3636363636364 116.969696969697 117.5757575757576 118.1818181818182 118.7878787878788 119.3939393939394 120


# name: y
# type: matrix
# rows: 100
# columns: 1
 799731.3577639929
 797623.6073706518
 795155.6817823038
 792332.7156735553
 789161.4620343219
 785650.2562127401
 781808.9680729826
 777648.9426424308
 773182.9297391932
 768425.0031822583
 763390.4702912411
 758095.7724794124
 752558.3778313202
 746796.6666337349
 740829.8108949929
 734677.6489422811
 728360.5562284447
 721899.3135090617
 715314.973566605
 708628.727661415
 701861.772879102
 695035.1815211287
 688169.7736502094
 681285.9938553873
 674403.7932439985
 667542.5176001021
 660720.8025723528
 653956.4766698411
 647266.4727532984
 640666.7486125253
 634172.2171202236
 627796.6863489078
 621552.8099325417
 615452.047849271
 609504.6376973463
 603719.5764342453
 598104.6124502165
 592666.2477530128
 587409.7499514028
 582339.1736419569
 577457.3907273219
 572766.1291253279
 568266.0192672635
 563956.6477308839
 559836.6173093962
 555903.6127819067
 552154.4716236235
 548585.2588753609
 545191.3453813996
 541967.4886022056
 538907.915213548
 536006.4047157121
 533256.3732953271
 530650.957207219
 528183.0949741473
 525845.6077376445
 523631.2771328739
 521532.9201038419
 519543.4601218324
 517655.9943190158
 515863.8561002403
 514160.6728485149
 512540.4183931457
 510997.4599634155
 509526.5994046762
 508123.1084873691
 506782.7581924349
 505501.8419085164
 504277.1925270025
 503106.1934700599
 501986.7837341275
 500917.4570767073
 499897.2555174851
 498925.7573657143
 498003.0600242179
 497129.7578561971
 496306.9154341331
 495536.0365203071
 494819.0291557338
 494158.1672584723
 493556.049153246
 493015.5534719505
 492539.792878855
 492132.0660850134
 491795.8086234997
 491534.542860508
 491351.8277170374
 491251.2085717862
 491236.1678079927
 491310.0764552864
 491476.1473622065
 491737.3903159673
 492096.5695034278
 492556.1636811952
 493118.3293935558
 493784.8675447083
 494557.1935968486
 495436.311628326
 496422.7924467071
 497516.7559105268


# name: QUERY
# type: sq_string
# elements: 1
# length: 2
R4


# name: DATASIZE
# type: sq_string
# elements: 1
# length: 3
750


