# Created by Octave 4.0.0, Wed May 18 23:51:55 2016 CEST <peter@Independence>
# name: x
# type: matrix
# rows: 1
# columns: 100
 60 60.60606060606061 61.21212121212121 61.81818181818181 62.42424242424242 63.03030303030303 63.63636363636364 64.24242424242424 64.84848484848484 65.45454545454545 66.06060606060606 66.66666666666666 67.27272727272727 67.87878787878788 68.48484848484848 69.09090909090909 69.69696969696969 70.3030303030303 70.90909090909091 71.51515151515152 72.12121212121212 72.72727272727272 73.33333333333333 73.93939393939394 74.54545454545455 75.15151515151516 75.75757575757575 76.36363636363636 76.96969696969697 77.57575757575758 78.18181818181819 78.78787878787878 79.39393939393939 80 80.60606060606061 81.21212121212122 81.81818181818181 82.42424242424242 83.03030303030303 83.63636363636363 84.24242424242424 84.84848484848484 85.45454545454545 86.06060606060606 86.66666666666667 87.27272727272727 87.87878787878788 88.48484848484848 89.09090909090909 89.6969696969697 90.3030303030303 90.90909090909091 91.51515151515152 92.12121212121212 92.72727272727272 93.33333333333333 93.93939393939394 94.54545454545455 95.15151515151514 95.75757575757575 96.36363636363636 96.96969696969697 97.57575757575758 98.18181818181817 98.78787878787878 99.39393939393939 100 100.6060606060606 101.2121212121212 101.8181818181818 102.4242424242424 103.030303030303 103.6363636363636 104.2424242424242 104.8484848484848 105.4545454545455 106.0606060606061 106.6666666666667 107.2727272727273 107.8787878787879 108.4848484848485 109.0909090909091 109.6969696969697 110.3030303030303 110.9090909090909 111.5151515151515 112.1212121212121 112.7272727272727 113.3333333333333 113.9393939393939 114.5454545454545 115.1515151515151 115.7575757575758 116.3636363636364 116.969696969697 117.5757575757576 118.1818181818182 118.7878787878788 119.3939393939394 120


# name: y
# type: matrix
# rows: 100
# columns: 1
 756190.1653254209
 753081.5187779781
 749972.8722305354
 746864.2256830926
 743755.5791356498
 740646.9325882072
 737538.2860407644
 734429.6394933217
 731320.992945879
 728212.3463984362
 725103.6998509935
 721995.0533035507
 718886.4067561079
 715777.7602086653
 712669.1136612225
 709560.4671137797
 706451.820566337
 703343.1740188942
 700234.5274714516
 697125.8809240088
 694017.234376566
 690908.5878291233
 687799.9412816806
 684691.2947342378
 681582.6481867951
 678474.0016393523
 675365.3550919095
 672256.7085444669
 669148.0619970241
 666039.4154495813
 662930.7689021386
 659822.1223546958
 656713.475807253
 653604.8292598104
 650496.1827123676
 647387.5361649249
 644278.8896174821
 641170.2430700394
 638061.5965225967
 634952.9499751539
 631844.3034277111
 628735.6568802684
 625627.0103328257
 622518.3637853829
 619409.7172379402
 616301.0706904974
 613192.4241430546
 610083.777595612
 606975.1310481692
 603866.4845007265
 600757.8379532837
 597649.191405841
 594540.5448583983
 591431.8983109555
 588323.2517635127
 585214.60521607
 582105.9586686273
 578997.3121211845
 575888.6655737418
 572780.019026299
 569671.3724788562
 566562.7259314136
 563454.0793839708
 560345.4328365281
 557236.7862890853
 554128.1397416425
 551019.4931941999
 547910.8466467571
 544802.2000993143
 541693.5535518717
 538584.9070044288
 535476.2604569861
 532367.6139095434
 529258.9673621006
 526150.320814658
 523041.6742672152
 519933.0277197724
 516824.3811723297
 513715.7346248869
 510607.0880774441
 507498.4415300014
 504389.7949825588
 501281.1484351159
 498172.5018876732
 495063.8553402305
 491955.2087927877
 488846.562245345
 485737.9156979022
 482629.2691504594
 479520.6226030167
 476411.976055574
 473303.3295081314
 470194.6829606885
 467086.0364132458
 463977.3898658031
 460868.7433183603
 457760.0967709175
 454651.4502234748
 451542.8036760321
 448434.1571285893


# name: QUERY
# type: sq_string
# elements: 1
# length: 2
R4


# name: DATASIZE
# type: sq_string
# elements: 1
# length: 3
750


