# Created by Octave 4.0.0, Wed May 18 23:51:55 2016 CEST <peter@Independence>
# name: x
# type: matrix
# rows: 1
# columns: 100
 60 60.60606060606061 61.21212121212121 61.81818181818181 62.42424242424242 63.03030303030303 63.63636363636364 64.24242424242424 64.84848484848484 65.45454545454545 66.06060606060606 66.66666666666666 67.27272727272727 67.87878787878788 68.48484848484848 69.09090909090909 69.69696969696969 70.3030303030303 70.90909090909091 71.51515151515152 72.12121212121212 72.72727272727272 73.33333333333333 73.93939393939394 74.54545454545455 75.15151515151516 75.75757575757575 76.36363636363636 76.96969696969697 77.57575757575758 78.18181818181819 78.78787878787878 79.39393939393939 80 80.60606060606061 81.21212121212122 81.81818181818181 82.42424242424242 83.03030303030303 83.63636363636363 84.24242424242424 84.84848484848484 85.45454545454545 86.06060606060606 86.66666666666667 87.27272727272727 87.87878787878788 88.48484848484848 89.09090909090909 89.6969696969697 90.3030303030303 90.90909090909091 91.51515151515152 92.12121212121212 92.72727272727272 93.33333333333333 93.93939393939394 94.54545454545455 95.15151515151514 95.75757575757575 96.36363636363636 96.96969696969697 97.57575757575758 98.18181818181817 98.78787878787878 99.39393939393939 100 100.6060606060606 101.2121212121212 101.8181818181818 102.4242424242424 103.030303030303 103.6363636363636 104.2424242424242 104.8484848484848 105.4545454545455 106.0606060606061 106.6666666666667 107.2727272727273 107.8787878787879 108.4848484848485 109.0909090909091 109.6969696969697 110.3030303030303 110.9090909090909 111.5151515151515 112.1212121212121 112.7272727272727 113.3333333333333 113.9393939393939 114.5454545454545 115.1515151515151 115.7575757575758 116.3636363636364 116.969696969697 117.5757575757576 118.1818181818182 118.7878787878788 119.3939393939394 120


# name: y
# type: matrix
# rows: 1
# columns: 100
 774013.4102366616 770609.4590669331 767205.5078972048 763801.5567274764 760397.605557748 756993.6543880197 753589.7032182913 750185.752048563 746781.8008788346 743377.8497091061 739973.8985393778 736569.9473696494 733165.996199921 729762.0450301927 726358.0938604643 722954.142690736 719550.1915210076 716146.2403512793 712742.2891815508 709338.3380118224 705934.3868420941 702530.4356723657 699126.4845026373 695722.533332909 692318.5821631806 688914.6309934523 685510.6798237239 682106.7286539954 678702.7774842671 675298.8263145387 671894.8751448104 668490.923975082 665086.9728053536 661683.0216356253 658279.0704658969 654875.1192961684 651471.1681264401 648067.2169567117 644663.2657869834 641259.314617255 637855.3634475266 634451.4122777983 631047.4611080699 627643.5099383416 624239.5587686131 620835.6075988847 617431.6564291564 614027.705259428 610623.7540896997 607219.8029199713 603815.8517502429 600411.9005805146 597007.9494107862 593603.9982410579 590200.0470713294 586796.095901601 583392.1447318727 579988.1935621443 576584.242392416 573180.2912226876 569776.3400529592 566372.3888832309 562968.4377135024 559564.4865437741 556160.5353740457 552756.5842043173 549352.633034589 545948.6818648606 542544.7306951322 539140.7795254039 535736.8283556754 532332.8771859471 528928.9260162187 525524.9748464903 522121.023676762 518717.0725070336 515313.1213373052 511909.1701675769 508505.2189978485 505101.2678281201 501697.3166583917 498293.3654886634 494889.414318935 491485.4631492066 488081.5119794783 484677.5608097499 481273.6096400215 477869.6584702932 474465.7073005647 471061.7561308364 467657.804961108 464253.8537913797 460849.9026216513 457445.9514519229 454042.0002821946 450638.0491124662 447234.0979427377 443830.1467730094 440426.195603281 437022.2444335527


# name: QUERY
# type: sq_string
# elements: 1
# length: 2
R4


# name: DATASIZE
# type: sq_string
# elements: 1
# length: 3
750


