# Created by Octave 4.0.0, Mon May 23 13:49:03 2016 CEST <peter@Independence>
# name: x
# type: matrix
# rows: 1
# columns: 100
 60 60.60606060606061 61.21212121212121 61.81818181818181 62.42424242424242 63.03030303030303 63.63636363636364 64.24242424242424 64.84848484848484 65.45454545454545 66.06060606060606 66.66666666666666 67.27272727272727 67.87878787878788 68.48484848484848 69.09090909090909 69.69696969696969 70.3030303030303 70.90909090909091 71.51515151515152 72.12121212121212 72.72727272727272 73.33333333333333 73.93939393939394 74.54545454545455 75.15151515151516 75.75757575757575 76.36363636363636 76.96969696969697 77.57575757575758 78.18181818181819 78.78787878787878 79.39393939393939 80 80.60606060606061 81.21212121212122 81.81818181818181 82.42424242424242 83.03030303030303 83.63636363636363 84.24242424242424 84.84848484848484 85.45454545454545 86.06060606060606 86.66666666666667 87.27272727272727 87.87878787878788 88.48484848484848 89.09090909090909 89.6969696969697 90.3030303030303 90.90909090909091 91.51515151515152 92.12121212121212 92.72727272727272 93.33333333333333 93.93939393939394 94.54545454545455 95.15151515151514 95.75757575757575 96.36363636363636 96.96969696969697 97.57575757575758 98.18181818181817 98.78787878787878 99.39393939393939 100 100.6060606060606 101.2121212121212 101.8181818181818 102.4242424242424 103.030303030303 103.6363636363636 104.2424242424242 104.8484848484848 105.4545454545455 106.0606060606061 106.6666666666667 107.2727272727273 107.8787878787879 108.4848484848485 109.0909090909091 109.6969696969697 110.3030303030303 110.9090909090909 111.5151515151515 112.1212121212121 112.7272727272727 113.3333333333333 113.9393939393939 114.5454545454545 115.1515151515151 115.7575757575758 116.3636363636364 116.969696969697 117.5757575757576 118.1818181818182 118.7878787878788 119.3939393939394 120


# name: y
# type: matrix
# rows: 1
# columns: 100
 761112.9252722872 757974.3719027712 754835.8185332551 751697.265163739 748558.7117942229 745420.1584247069 742281.6050551909 739143.0516856748 736004.4983161588 732865.9449466427 729727.3915771267 726588.8382076105 723450.2848380945 720311.7314685785 717173.1780990624 714034.6247295464 710896.0713600303 707757.5179905143 704618.9646209982 701480.4112514821 698341.857881966 695203.30451245 692064.751142934 688926.1977734179 685787.6444039019 682649.0910343858 679510.5376648698 676371.9842953536 673233.4309258376 670094.8775563216 666956.3241868055 663817.7708172895 660679.2174477734 657540.6640782574 654402.1107087412 651263.5573392252 648125.0039697092 644986.4506001931 641847.8972306771 638709.343861161 635570.790491645 632432.2371221288 629293.6837526128 626155.1303830968 623016.5770135807 619878.0236440647 616739.4702745486 613600.9169050326 610462.3635355165 607323.8101660004 604185.2567964843 601046.7034269683 597908.1500574523 594769.5966879362 591631.0433184202 588492.4899489041 585353.9365793881 582215.3832098719 579076.8298403559 575938.2764708399 572799.7231013238 569661.1697318078 566522.6163622917 563384.0629927757 560245.5096232595 557106.9562537435 553968.4028842275 550829.8495147114 547691.2961451954 544552.7427756793 541414.1894061633 538275.6360366473 535137.0826671312 531998.5292976151 528859.975928099 525721.422558583 522582.8691890669 519444.3158195509 516305.7624500348 513167.2090805187 510028.6557110027 506890.1023414867 503751.5489719706 500612.9956024545 497474.4422329385 494335.8888634224 491197.3354939063 488058.7821243903 484920.2287548742 481781.6753853582 478643.1220158421 475504.5686463261 472366.01527681 469227.461907294 466088.908537778 462950.3551682619 459811.8017987458 456673.2484292297 453534.6950597137 450396.1416901976


# name: QUERY
# type: sq_string
# elements: 1
# length: 2
R4


# name: DATASIZE
# type: sq_string
# elements: 1
# length: 3
750


