# Created by Octave 4.0.0, Mon May 23 13:49:03 2016 CEST <peter@Independence>
# name: x
# type: matrix
# rows: 1
# columns: 100
 60 60.60606060606061 61.21212121212121 61.81818181818181 62.42424242424242 63.03030303030303 63.63636363636364 64.24242424242424 64.84848484848484 65.45454545454545 66.06060606060606 66.66666666666666 67.27272727272727 67.87878787878788 68.48484848484848 69.09090909090909 69.69696969696969 70.3030303030303 70.90909090909091 71.51515151515152 72.12121212121212 72.72727272727272 73.33333333333333 73.93939393939394 74.54545454545455 75.15151515151516 75.75757575757575 76.36363636363636 76.96969696969697 77.57575757575758 78.18181818181819 78.78787878787878 79.39393939393939 80 80.60606060606061 81.21212121212122 81.81818181818181 82.42424242424242 83.03030303030303 83.63636363636363 84.24242424242424 84.84848484848484 85.45454545454545 86.06060606060606 86.66666666666667 87.27272727272727 87.87878787878788 88.48484848484848 89.09090909090909 89.6969696969697 90.3030303030303 90.90909090909091 91.51515151515152 92.12121212121212 92.72727272727272 93.33333333333333 93.93939393939394 94.54545454545455 95.15151515151514 95.75757575757575 96.36363636363636 96.96969696969697 97.57575757575758 98.18181818181817 98.78787878787878 99.39393939393939 100 100.6060606060606 101.2121212121212 101.8181818181818 102.4242424242424 103.030303030303 103.6363636363636 104.2424242424242 104.8484848484848 105.4545454545455 106.0606060606061 106.6666666666667 107.2727272727273 107.8787878787879 108.4848484848485 109.0909090909091 109.6969696969697 110.3030303030303 110.9090909090909 111.5151515151515 112.1212121212121 112.7272727272727 113.3333333333333 113.9393939393939 114.5454545454545 115.1515151515151 115.7575757575758 116.3636363636364 116.969696969697 117.5757575757576 118.1818181818182 118.7878787878788 119.3939393939394 120


# name: y
# type: matrix
# rows: 100
# columns: 1
 757906.1547366012
 754827.8114444294
 751749.4681522578
 748671.124860086
 745592.7815679145
 742514.4382757428
 739436.0949835711
 736357.7516913994
 733279.4083992278
 730201.0651070562
 727122.7218148845
 724044.3785227127
 720966.0352305411
 717887.6919383693
 714809.3486461977
 711731.005354026
 708652.6620618544
 705574.3187696827
 702495.9754775109
 699417.6321853393
 696339.2888931676
 693260.9456009959
 690182.6023088243
 687104.2590166526
 684025.9157244809
 680947.5724323093
 677869.2291401376
 674790.885847966
 671712.5425557942
 668634.1992636225
 665555.8559714508
 662477.5126792792
 659399.1693871075
 656320.8260949358
 653242.4828027642
 650164.1395105924
 647085.7962184208
 644007.4529262491
 640929.1096340774
 637850.7663419058
 634772.4230497341
 631694.0797575624
 628615.7364653908
 625537.3931732191
 622459.0498810473
 619380.7065888757
 616302.363296704
 613224.0200045323
 610145.6767123607
 607067.333420189
 603988.9901280173
 600910.6468358457
 597832.3035436739
 594753.9602515022
 591675.6169593306
 588597.2736671589
 585518.9303749872
 582440.5870828156
 579362.2437906439
 576283.9004984722
 573205.5572063006
 570127.2139141288
 567048.8706219571
 563970.5273297855
 560892.1840376138
 557813.8407454421
 554735.4974532705
 551657.1541610988
 548578.8108689272
 545500.4675767554
 542422.1242845836
 539343.7809924121
 536265.4377002404
 533187.0944080687
 530108.751115897
 527030.4078237254
 523952.0645315537
 520873.7212393819
 517795.3779472103
 514717.0346550386
 511638.6913628669
 508560.3480706953
 505482.0047785236
 502403.6614863519
 499325.3181941803
 496246.9749020085
 493168.6316098369
 490090.2883176652
 487011.9450254934
 483933.6017333218
 480855.2584411502
 477776.9151489785
 474698.5718568068
 471620.228564635
 468541.8852724634
 465463.5419802918
 462385.19868812
 459306.8553959484
 456228.5121037766
 453150.1688116051


# name: QUERY
# type: sq_string
# elements: 1
# length: 2
R4


# name: DATASIZE
# type: sq_string
# elements: 1
# length: 3
750


