# Created by Octave 4.0.0, Mon May 23 13:49:03 2016 CEST <peter@Independence>
# name: SVs
# type: cell
# rows: 1
# columns: 7
# name: <cell-element>
# type: sparse matrix
# nnz: 26
# rows: 26
# columns: 1
1 1 1.356951165775023
2 1 -0.4202946088683697
3 1 1.356951165775023
4 1 -1.308917496190066
5 1 0.4683282784533269
6 1 1.356951165775023
7 1 -1.308917496190066
8 1 -0.4202946088683697
9 1 -0.4202946088683697
10 1 0.4683282784533269
11 1 -0.4202946088683697
12 1 0.4683282784533269
13 1 -1.308917496190066
14 1 0.4683282784533269
15 1 0.4683282784533269
16 1 1.356951165775023
17 1 -1.308917496190066
18 1 -0.4202946088683697
19 1 -1.308917496190066
20 1 -1.308917496190066
21 1 0.4683282784533269
22 1 -1.308917496190066
23 1 -0.4202946088683697
24 1 1.356951165775023
25 1 1.356951165775023
26 1 0.4683282784533269



# name: <cell-element>
# type: sparse matrix
# nnz: 29
# rows: 29
# columns: 1
1 1 1.356951165775023
2 1 1.356951165775023
3 1 1.356951165775023
4 1 -1.308917496190066
5 1 0.4683282784533269
6 1 -1.308917496190066
7 1 -1.308917496190066
8 1 1.356951165775023
9 1 -1.308917496190066
10 1 -1.308917496190066
11 1 -1.308917496190066
12 1 -1.308917496190066
13 1 -1.308917496190066
14 1 0.4683282784533269
15 1 1.356951165775023
16 1 -1.308917496190066
17 1 -1.308917496190066
18 1 1.356951165775023
19 1 -1.308917496190066
20 1 -1.308917496190066
21 1 -1.308917496190066
22 1 1.356951165775023
23 1 -1.308917496190066
24 1 1.356951165775023
25 1 1.356951165775023
26 1 1.356951165775023
27 1 1.356951165775023
28 1 1.356951165775023
29 1 1.356951165775023



# name: <cell-element>
# type: sparse matrix
# nnz: 15
# rows: 15
# columns: 1
1 1 1.356951165775023
2 1 -1.308917496190066
3 1 0.4683282784533269
4 1 1.356951165775023
5 1 -1.308917496190066
6 1 0.4683282784533269
7 1 0.4683282784533269
8 1 -1.308917496190066
9 1 0.4683282784533269
10 1 0.4683282784533269
11 1 1.356951165775023
12 1 -1.308917496190066
13 1 0.4683282784533269
14 1 1.356951165775023
15 1 0.4683282784533269



# name: <cell-element>
# type: sparse matrix
# nnz: 29
# rows: 29
# columns: 1
1 1 1.356951165775023
2 1 1.356951165775023
3 1 1.356951165775023
4 1 -1.308917496190066
5 1 0.4683282784533269
6 1 -1.308917496190066
7 1 -1.308917496190066
8 1 1.356951165775023
9 1 -1.308917496190066
10 1 -1.308917496190066
11 1 -1.308917496190066
12 1 -1.308917496190066
13 1 -1.308917496190066
14 1 0.4683282784533269
15 1 1.356951165775023
16 1 -1.308917496190066
17 1 -1.308917496190066
18 1 1.356951165775023
19 1 -1.308917496190066
20 1 -1.308917496190066
21 1 -1.308917496190066
22 1 1.356951165775023
23 1 -1.308917496190066
24 1 1.356951165775023
25 1 1.356951165775023
26 1 1.356951165775023
27 1 1.356951165775023
28 1 1.356951165775023
29 1 1.356951165775023



# name: <cell-element>
# type: sparse matrix
# nnz: 29
# rows: 29
# columns: 1
1 1 1.356951165775023
2 1 1.356951165775023
3 1 -1.308917496190066
4 1 0.4683282784533269
5 1 -1.308917496190066
6 1 -1.308917496190066
7 1 1.356951165775023
8 1 -1.308917496190066
9 1 -1.308917496190066
10 1 -1.308917496190066
11 1 0.4683282784533269
12 1 -1.308917496190066
13 1 -1.308917496190066
14 1 0.4683282784533269
15 1 1.356951165775023
16 1 -1.308917496190066
17 1 -1.308917496190066
18 1 1.356951165775023
19 1 -1.308917496190066
20 1 -1.308917496190066
21 1 -1.308917496190066
22 1 1.356951165775023
23 1 -1.308917496190066
24 1 1.356951165775023
25 1 1.356951165775023
26 1 1.356951165775023
27 1 1.356951165775023
28 1 1.356951165775023
29 1 1.356951165775023



# name: <cell-element>
# type: sparse matrix
# nnz: 14
# rows: 14
# columns: 1
1 1 1.356951165775023
2 1 -1.308917496190066
3 1 0.4683282784533269
4 1 1.356951165775023
5 1 -1.308917496190066
6 1 -1.308917496190066
7 1 -0.4202946088683697
8 1 -1.308917496190066
9 1 0.4683282784533269
10 1 -1.308917496190066
11 1 1.356951165775023
12 1 -0.4202946088683697
13 1 1.356951165775023
14 1 0.4683282784533269



# name: <cell-element>
# type: scalar
0





# name: coefficients
# type: cell
# rows: 1
# columns: 7
# name: <cell-element>
# type: matrix
# rows: 26
# columns: 1
 0.2105316734230552
 -0.35789
 0.35789
 0.35789
 -0.35789
 0.35789
 0.35789
 -0.35789
 -0.35789
 -0.35789
 -0.2105316734230551
 -0.35789
 0.35789
 -0.35789
 -0.35789
 0.35789
 0.35789
 -0.35789
 0.35789
 0.35789
 -0.35789
 0.35789
 -0.35789
 0.35789
 0.35789
 -0.35789



# name: <cell-element>
# type: matrix
# rows: 29
# columns: 1
 -5
 -5
 -4.439782670197574
 5
 -0.5602173298024263
 5
 5
 -5
 5
 5
 5
 5
 5
 -5
 -5
 5
 5
 -5
 5
 5
 5
 -5
 5
 -5
 -5
 -5
 -5
 -5
 -5



# name: <cell-element>
# type: matrix
# rows: 15
# columns: 1
 1.9053
 1.9053
 -1.9053
 1.9053
 1.9053
 -1.9053
 -1.9053
 1.131459929788073
 -1.9053
 -1.9053
 1.9053
 1.9053
 -1.9053
 0.7738400702119259
 -1.9053



# name: <cell-element>
# type: matrix
# rows: 29
# columns: 1
 -0.1
 -0.1
 -0.001360666545682496
 0.1
 -0.09863933345431751
 0.1
 0.1
 -0.1
 0.1
 0.1
 0.1
 0.1
 0.1
 -0.1
 -0.1
 0.1
 0.1
 -0.1
 0.1
 0.1
 0.1
 -0.1
 0.1
 -0.1
 -0.1
 -0.1
 -0.1
 -0.1
 -0.1



# name: <cell-element>
# type: matrix
# rows: 29
# columns: 1
 -5
 -5
 5
 -5
 5
 5
 -5
 5
 5
 5
 -3.637021373826709
 5
 5
 -5
 -1.362978626173289
 5
 5
 -5
 5
 5
 5
 -5
 5
 -5
 -5
 -5
 -5
 -5
 -5



# name: <cell-element>
# type: matrix
# rows: 14
# columns: 1
 -0.6157899999999999
 0.6157899999999999
 -0.3053880014233862
 0.6157899999999999
 0.6157899999999999
 -0.6157899999999999
 -0.6157899999999999
 0.4943935582538714
 -0.6157899999999999
 0.6157899999999999
 -0.1697928183816189
 -0.01921273844886644
 -0.6157899999999999
 0.6157899999999999



# name: <cell-element>
# type: scalar
0





# name: b
# type: cell
# rows: 1
# columns: 7
# name: <cell-element>
# type: scalar
-0.00219993313872313



# name: <cell-element>
# type: scalar
-0.03765868523170103



# name: <cell-element>
# type: scalar
-0.157907551876726



# name: <cell-element>
# type: scalar
-0.02688218863025226



# name: <cell-element>
# type: scalar
-0.01396681420690297



# name: <cell-element>
# type: scalar
0.0776125876426238



# name: <cell-element>
# type: scalar
0





# name: models
# type: cell
# rows: 1
# columns: 7
# name: <cell-element>
# type: scalar struct
# ndims: 2
 1 1
# length: 11
# name: Parameters
# type: matrix
# rows: 5
# columns: 1
 3
 0
 3
 1
 0


# name: nr_class
# type: scalar
2


# name: totalSV
# type: scalar
26


# name: rho
# type: scalar
0.00219993313872313


# name: Label
# type: matrix
# rows: 0
# columns: 0


# name: sv_indices
# type: matrix
# rows: 26
# columns: 1
 1
 2
 4
 5
 6
 9
 11
 13
 14
 16
 17
 18
 19
 20
 22
 23
 24
 25
 26
 28
 29
 31
 35
 36
 40
 43


# name: ProbA
# type: matrix
# rows: 0
# columns: 0


# name: ProbB
# type: matrix
# rows: 0
# columns: 0


# name: nSV
# type: matrix
# rows: 0
# columns: 0


# name: sv_coef
# type: matrix
# rows: 26
# columns: 1
 0.2105316734230552
 -0.35789
 0.35789
 0.35789
 -0.35789
 0.35789
 0.35789
 -0.35789
 -0.35789
 -0.35789
 -0.2105316734230551
 -0.35789
 0.35789
 -0.35789
 -0.35789
 0.35789
 0.35789
 -0.35789
 0.35789
 0.35789
 -0.35789
 0.35789
 -0.35789
 0.35789
 0.35789
 -0.35789


# name: SVs
# type: sparse matrix
# nnz: 26
# rows: 26
# columns: 1
1 1 1.356951165775023
2 1 -0.4202946088683697
3 1 1.356951165775023
4 1 -1.308917496190066
5 1 0.4683282784533269
6 1 1.356951165775023
7 1 -1.308917496190066
8 1 -0.4202946088683697
9 1 -0.4202946088683697
10 1 0.4683282784533269
11 1 -0.4202946088683697
12 1 0.4683282784533269
13 1 -1.308917496190066
14 1 0.4683282784533269
15 1 0.4683282784533269
16 1 1.356951165775023
17 1 -1.308917496190066
18 1 -0.4202946088683697
19 1 -1.308917496190066
20 1 -1.308917496190066
21 1 0.4683282784533269
22 1 -1.308917496190066
23 1 -0.4202946088683697
24 1 1.356951165775023
25 1 1.356951165775023
26 1 0.4683282784533269





# name: <cell-element>
# type: scalar struct
# ndims: 2
 1 1
# length: 11
# name: Parameters
# type: matrix
# rows: 5
# columns: 1
 3
 1
 2
 1
 0


# name: nr_class
# type: scalar
2


