# Created by Octave 4.0.0, Wed May 18 23:51:42 2016 CEST <peter@Independence>
# name: SVs
# type: cell
# rows: 1
# columns: 7
# name: <cell-element>
# type: sparse matrix
# nnz: 24
# rows: 24
# columns: 1
1 1 1.356951165775023
2 1 -1.308917496190066
3 1 -1.308917496190066
4 1 0.4683282784533269
5 1 -1.308917496190066
6 1 0.4683282784533269
7 1 0.4683282784533269
8 1 0.4683282784533269
9 1 -0.4202946088683697
10 1 1.356951165775023
11 1 0.4683282784533269
12 1 -0.4202946088683697
13 1 0.4683282784533269
14 1 -1.308917496190066
15 1 -1.308917496190066
16 1 -1.308917496190066
17 1 -1.308917496190066
18 1 -0.4202946088683697
19 1 1.356951165775023
20 1 -1.308917496190066
21 1 0.4683282784533269
22 1 -1.308917496190066
23 1 -0.4202946088683697
24 1 0.4683282784533269



# name: <cell-element>
# type: sparse matrix
# nnz: 26
# rows: 26
# columns: 1
1 1 1.356951165775023
2 1 1.356951165775023
3 1 -1.308917496190066
4 1 -1.308917496190066
5 1 1.356951165775023
6 1 -1.308917496190066
7 1 1.356951165775023
8 1 0.4683282784533269
9 1 0.4683282784533269
10 1 1.356951165775023
11 1 -1.308917496190066
12 1 1.356951165775023
13 1 0.4683282784533269
14 1 0.4683282784533269
15 1 -1.308917496190066
16 1 -1.308917496190066
17 1 -1.308917496190066
18 1 -1.308917496190066
19 1 1.356951165775023
20 1 -1.308917496190066
21 1 -1.308917496190066
22 1 0.4683282784533269
23 1 -1.308917496190066
24 1 -1.308917496190066
25 1 -1.308917496190066
26 1 0.4683282784533269



# name: <cell-element>
# type: sparse matrix
# nnz: 14
# rows: 14
# columns: 1
1 1 1.356951165775023
2 1 -1.308917496190066
3 1 -1.308917496190066
4 1 0.4683282784533269
5 1 0.4683282784533269
6 1 0.4683282784533269
7 1 1.356951165775023
8 1 0.4683282784533269
9 1 0.4683282784533269
10 1 -1.308917496190066
11 1 -1.308917496190066
12 1 -1.308917496190066
13 1 0.4683282784533269
14 1 0.4683282784533269



# name: <cell-element>
# type: sparse matrix
# nnz: 18
# rows: 18
# columns: 1
1 1 1.356951165775023
2 1 1.356951165775023
3 1 -1.308917496190066
4 1 -1.308917496190066
5 1 1.356951165775023
6 1 -1.308917496190066
7 1 1.356951165775023
8 1 0.4683282784533269
9 1 1.356951165775023
10 1 1.356951165775023
11 1 -1.308917496190066
12 1 -1.308917496190066
13 1 -1.308917496190066
14 1 -1.308917496190066
15 1 1.356951165775023
16 1 -1.308917496190066
17 1 0.4683282784533269
18 1 -1.308917496190066



# name: <cell-element>
# type: sparse matrix
# nnz: 18
# rows: 18
# columns: 1
1 1 1.356951165775023
2 1 1.356951165775023
3 1 -1.308917496190066
4 1 -1.308917496190066
5 1 1.356951165775023
6 1 -1.308917496190066
7 1 1.356951165775023
8 1 0.4683282784533269
9 1 1.356951165775023
10 1 1.356951165775023
11 1 -1.308917496190066
12 1 -1.308917496190066
13 1 -1.308917496190066
14 1 -1.308917496190066
15 1 1.356951165775023
16 1 -1.308917496190066
17 1 0.4683282784533269
18 1 -1.308917496190066



# name: <cell-element>
# type: sparse matrix
# nnz: 12
# rows: 12
# columns: 1
1 1 -1.308917496190066
2 1 -0.4202946088683697
3 1 1.356951165775023
4 1 0.4683282784533269
5 1 -0.4202946088683697
6 1 0.4683282784533269
7 1 -1.308917496190066
8 1 -0.4202946088683697
9 1 -1.308917496190066
10 1 0.4683282784533269
11 1 -0.4202946088683697
12 1 -0.4202946088683697



# name: <cell-element>
# type: scalar
0





# name: coefficients
# type: cell
# rows: 1
# columns: 7
# name: <cell-element>
# type: matrix
# rows: 24
# columns: 1
 0.1
 0.1
 0.1
 -0.1
 0.1
 -0.1
 -0.1
 -0.1
 -0.02044399661910694
 0.1
 -0.1
 -0.1
 -0.1
 0.1
 0.1
 0.02044399661910694
 0.1
 -0.1
 0.1
 0.1
 -0.1
 0.1
 -0.1
 -0.1



# name: <cell-element>
# type: matrix
# rows: 26
# columns: 1
 -0.1
 -0.1
 0.1
 0.1
 -0.1
 0.1
 -0.1
 -0.1
 -0.1
 -0.1
 0.1
 -0.1
 -0.02359076185402905
 -0.1
 0.1
 0.1
 0.1
 0.1
 -0.1
 0.02359076185402905
 0.1
 -0.1
 0.1
 0.1
 0.1
 -0.1



# name: <cell-element>
# type: matrix
# rows: 14
# columns: 1
 0.1
 0.1
 0.02209862868385021
 -0.02209862868385019
 -0.1
 -0.1
 0.1
 -0.1
 -0.1
 0.1
 0.1
 0.1
 -0.1
 -0.1



# name: <cell-element>
# type: matrix
# rows: 18
# columns: 1
 -0.1
 -0.1
 0.1
 0.1
 -0.1
 0.1
 -0.1
 -0.0911412226515874
 -0.1
 -0.1
 0.1
 0.1
 0.0911412226515874
 0.1
 -0.1
 0.1
 -0.1
 0.1



# name: <cell-element>
# type: matrix
# rows: 18
# columns: 1
 -5
 -5
 5
 5
 -5
 5
 -5
 -3.493495820082146
 -5
 -5
 5
 5
 3.493495820082147
 5
 -5
 5
 -5
 5



# name: <cell-element>
# type: matrix
# rows: 12
# columns: 1
 1.3895
 1.3895
 -0.7747574741483778
 -0.347139028030347
 -1.3895
 1.3895
 1.3895
 -1.3895
 -1.088951201610308
 -1.3895
 1.3895
 -0.5681522962109667



# name: <cell-element>
# type: scalar
0





# name: b
# type: cell
# rows: 1
# columns: 7
# name: <cell-element>
# type: scalar
-0.02724889691176373



# name: <cell-element>
# type: scalar
-0.404050793755475



# name: <cell-element>
# type: scalar
-0.1993459082186178



# name: <cell-element>
# type: scalar
-0.04074623937814981



# name: <cell-element>
# type: scalar
-0.0309416247625853



# name: <cell-element>
# type: scalar
0.08158286166741277



# name: <cell-element>
# type: scalar
0





# name: models
# type: cell
# rows: 1
# columns: 7
# name: <cell-element>
# type: scalar struct
# ndims: 2
 1 1
# length: 11
# name: Parameters
# type: matrix
# rows: 5
# columns: 1
 3
 0
 3
 1
 0


# name: nr_class
# type: scalar
2


# name: totalSV
# type: scalar
24


# name: rho
# type: scalar
0.02724889691176373


# name: Label
# type: matrix
# rows: 0
# columns: 0


# name: sv_indices
# type: matrix
# rows: 24
# columns: 1
 1
 4
 5
 11
 12
 14
 16
 18
 19
 20
 23
 25
 26
 27
 29
 30
 32
 33
 34
 36
 37
 38
 40
 44


# name: ProbA
# type: matrix
# rows: 0
# columns: 0


# name: ProbB
# type: matrix
# rows: 0
# columns: 0


# name: nSV
# type: matrix
# rows: 0
# columns: 0


# name: sv_coef
# type: matrix
# rows: 24
# columns: 1
 0.1
 0.1
 0.1
 -0.1
 0.1
 -0.1
 -0.1
 -0.1
 -0.02044399661910694
 0.1
 -0.1
 -0.1
 -0.1
 0.1
 0.1
 0.02044399661910694
 0.1
 -0.1
 0.1
 0.1
 -0.1
 0.1
 -0.1
 -0.1


# name: SVs
# type: sparse matrix
# nnz: 24
# rows: 24
# columns: 1
1 1 1.356951165775023
2 1 -1.308917496190066
3 1 -1.308917496190066
4 1 0.4683282784533269
5 1 -1.308917496190066
6 1 0.4683282784533269
7 1 0.4683282784533269
8 1 0.4683282784533269
9 1 -0.4202946088683697
10 1 1.356951165775023
11 1 0.4683282784533269
12 1 -0.4202946088683697
13 1 0.4683282784533269
14 1 -1.308917496190066
15 1 -1.308917496190066
16 1 -1.308917496190066
17 1 -1.308917496190066
18 1 -0.4202946088683697
19 1 1.356951165775023
20 1 -1.308917496190066
21 1 0.4683282784533269
22 1 -1.308917496190066
23 1 -0.4202946088683697
24 1 0.4683282784533269





# name: <cell-element>
# type: scalar struct
# ndims: 2
 1 1
# length: 11
# name: Parameters
# type: matrix
# rows: 5
# columns: 1
 3
 1
 2
 1
 0


# name: nr_class
# type: scalar
2


# name: totalSV
# type: scalar
26


# name: rho
# type: scalar
0.404050793755475


# name: Label
# type: matrix
# rows: 0
# columns: 0


# name: sv_indices
# type: matrix
# rows: 26
# columns: 1
 1
 2
 4
 5
 8
 12
 13
 16
 18
 20
 21
 22
 23
 26
 27
 29
 30
 32
 34
 35
 36
 37
 38
 42
 43
 44


# name: ProbA
# type: matrix
# rows: 0
# columns: 0


# name: ProbB
# type: matrix
# rows: 0
# columns: 0


# name: nSV
# type: matrix
# rows: 0
# columns: 0


# name: sv_coef
# type: matrix
# rows: 26
# columns: 1
 -0.1
 -0.1
 0.1
 0.1
 -0.1
 0.1
 -0.1
 -0.1
 -0.1
 -0.1
 0.1
 -0.1
 -0.02359076185402905
 -0.1
 0.1
 0.1
 0.1
 0.1
 -0.1
 0.02359076185402905
 0.1
 -0.1
 0.1
 0.1
 0.1
 -0.1


