# Created by Octave 4.0.0, Wed May 18 23:51:33 2016 CEST <peter@Independence>
# name: mu
# type: matrix
# rows: 1
# columns: 2
 608553.7837837838 89.45945945945945


# name: sigma
# type: matrix
# rows: 1
# columns: 2
 127309.5904612244 22.5067351801841


