# Created by Octave 4.0.0, Wed May 18 23:51:55 2016 CEST <peter@Independence>
# name: x
# type: matrix
# rows: 1
# columns: 100
 60 60.60606060606061 61.21212121212121 61.81818181818181 62.42424242424242 63.03030303030303 63.63636363636364 64.24242424242424 64.84848484848484 65.45454545454545 66.06060606060606 66.66666666666666 67.27272727272727 67.87878787878788 68.48484848484848 69.09090909090909 69.69696969696969 70.3030303030303 70.90909090909091 71.51515151515152 72.12121212121212 72.72727272727272 73.33333333333333 73.93939393939394 74.54545454545455 75.15151515151516 75.75757575757575 76.36363636363636 76.96969696969697 77.57575757575758 78.18181818181819 78.78787878787878 79.39393939393939 80 80.60606060606061 81.21212121212122 81.81818181818181 82.42424242424242 83.03030303030303 83.63636363636363 84.24242424242424 84.84848484848484 85.45454545454545 86.06060606060606 86.66666666666667 87.27272727272727 87.87878787878788 88.48484848484848 89.09090909090909 89.6969696969697 90.3030303030303 90.90909090909091 91.51515151515152 92.12121212121212 92.72727272727272 93.33333333333333 93.93939393939394 94.54545454545455 95.15151515151514 95.75757575757575 96.36363636363636 96.96969696969697 97.57575757575758 98.18181818181817 98.78787878787878 99.39393939393939 100 100.6060606060606 101.2121212121212 101.8181818181818 102.4242424242424 103.030303030303 103.6363636363636 104.2424242424242 104.8484848484848 105.4545454545455 106.0606060606061 106.6666666666667 107.2727272727273 107.8787878787879 108.4848484848485 109.0909090909091 109.6969696969697 110.3030303030303 110.9090909090909 111.5151515151515 112.1212121212121 112.7272727272727 113.3333333333333 113.9393939393939 114.5454545454545 115.1515151515151 115.7575757575758 116.3636363636364 116.969696969697 117.5757575757576 118.1818181818182 118.7878787878788 119.3939393939394 120


# name: y
# type: matrix
# rows: 100
# columns: 1
 690522.2243082954
 680448.7727605555
 671379.5110746835
 663232.7068423461
 655931.7218016478
 649404.7956200228
 643584.8343670029
 638409.2036763942
 633819.5265974702
 629761.4861359395
 626184.6324837789
 623042.1949387478
 620290.8985131729
 617890.7852319793
 615805.0401201737
 613999.8218794997
 612444.0982547014
 611109.4860889077
 609970.0960683951
 609002.3821568025
 608184.9957184987
 607498.6443315336
 606925.9552896851
 606451.3437940077
 606060.8858336714
 605742.1957561311
 605484.3085266533
 605277.5666771798
 605113.5119445305
 604984.7815979508
 604885.0094559919
 604808.7315927392
 604751.2967333819
 604708.7813391183
 604677.9093814061
 604655.9768055525
 604640.7806836437
 604630.5530568183
 604623.899466879
 604619.7421772463
 604617.2680832526
 604615.8813117781
 604615.1605102266
 604614.8208248426
 604614.6805683691
 604614.6325770472
 604614.6202569549
 604614.6183196885
 604614.6182073836
 604614.6182070777
 604614.6182544143
 604614.6194266855
 604614.6281252189
 604614.6649471024
 604614.7782462514
 604615.062383817
 604615.6806679342
 604616.8929828118
 604619.0881071626
 604622.8207219751
 604628.8531076253
 604638.2015303306
 604652.1873179433
 604672.4926250852
 604701.2208876247
 604740.961966492
 604794.8619808381
 604866.697830532
 604960.9564080008
 605082.9184994109
 605238.7473751894
 605435.5820698792
 605681.635351356
 605986.2963793589
 606360.2380533809
 606815.5290498944
 607365.7505489211
 608026.1176499281
 608813.605477094
 609747.0799738722
 610847.4333869463
 612137.7244394989
 613643.3231938264
 615392.0606032237
 617414.382753402
 619743.5097930552
 622415.5995537543
 625469.9158594735
 628949.0015250387
 632898.8560441686
 637369.1179669525
 642413.251966347
 648088.7405943946
 654457.2807273446
 661584.9847005844
 669542.586132469
 678405.6504379617
 688254.7900310336
 699175.8842169876
 711260.3037739625


# name: QUERY
# type: sq_string
# elements: 1
# length: 2
R4


# name: DATASIZE
# type: sq_string
# elements: 1
# length: 3
750


