# Created by Octave 4.0.0, Mon May 23 13:49:03 2016 CEST <peter@Independence>
# name: x
# type: matrix
# rows: 1
# columns: 100
 60 60.60606060606061 61.21212121212121 61.81818181818181 62.42424242424242 63.03030303030303 63.63636363636364 64.24242424242424 64.84848484848484 65.45454545454545 66.06060606060606 66.66666666666666 67.27272727272727 67.87878787878788 68.48484848484848 69.09090909090909 69.69696969696969 70.3030303030303 70.90909090909091 71.51515151515152 72.12121212121212 72.72727272727272 73.33333333333333 73.93939393939394 74.54545454545455 75.15151515151516 75.75757575757575 76.36363636363636 76.96969696969697 77.57575757575758 78.18181818181819 78.78787878787878 79.39393939393939 80 80.60606060606061 81.21212121212122 81.81818181818181 82.42424242424242 83.03030303030303 83.63636363636363 84.24242424242424 84.84848484848484 85.45454545454545 86.06060606060606 86.66666666666667 87.27272727272727 87.87878787878788 88.48484848484848 89.09090909090909 89.6969696969697 90.3030303030303 90.90909090909091 91.51515151515152 92.12121212121212 92.72727272727272 93.33333333333333 93.93939393939394 94.54545454545455 95.15151515151514 95.75757575757575 96.36363636363636 96.96969696969697 97.57575757575758 98.18181818181817 98.78787878787878 99.39393939393939 100 100.6060606060606 101.2121212121212 101.8181818181818 102.4242424242424 103.030303030303 103.6363636363636 104.2424242424242 104.8484848484848 105.4545454545455 106.0606060606061 106.6666666666667 107.2727272727273 107.8787878787879 108.4848484848485 109.0909090909091 109.6969696969697 110.3030303030303 110.9090909090909 111.5151515151515 112.1212121212121 112.7272727272727 113.3333333333333 113.9393939393939 114.5454545454545 115.1515151515151 115.7575757575758 116.3636363636364 116.969696969697 117.5757575757576 118.1818181818182 118.7878787878788 119.3939393939394 120


# name: y
# type: matrix
# rows: 100
# columns: 1
 614494.0019545002
 613588.957543208
 612774.1340874976
 612042.188378036
 611386.2348872108
 610799.826342443
 610276.9347218102
 609811.9326707674
 609399.5753402067
 609034.9826459769
 608713.6219493052
 608431.2911588831
 608184.102254293
 607968.4652304504
 607781.0724637086
 607618.8834987819
 607479.1102576621
 607359.2026692925
 607256.8347206884
 607169.8909295809
 607096.4532379997
 607034.7883276237
 606983.3353559986
 606940.6941143504
 606905.6136066284
 606876.981049833
 606853.8112956897
 606835.2366736212
 606820.4972550392
 606808.9315389418
 606799.967558817
 606793.1144108658
 606787.9542035405
 606784.1344283833
 606781.3607521852
 606779.3902304525
 606778.0249421857
 606777.1060459708
 606776.5082573816
 606776.1347476933
 606775.912463908
 606775.7878700916
 606775.7231100227
 606775.6925911527
 606775.6799898773
 606775.6756781201
 606775.6745712273
 606775.6743971745
 606775.6743870846
 606775.6743870571
 606775.67439131
 606775.6744966322
 606775.6752781477
 606775.6785863921
 606775.6887656997
 606775.7142939026
 606775.7698433419
 606775.8787631892
 606776.0759830811
 606776.4113380645
 606776.9533148529
 606777.7932193963
 606779.0497657603
 606780.874086318
 606783.4551632538
 606787.0256813779
 606791.8683022531
 606798.3223596315
 606806.7909762058
 606817.7486016713
 606831.7489720982
 606849.4334906065
 606871.5400293843
 606898.9121529703
 606932.5087628891
 606973.4141635736
 607022.84854962
 607082.1789143195
 607152.9303795489
 607236.7979469134
 607335.6586702687
 607451.5842495319
 607586.8540457669
 607743.96851754
 607925.6630788202
 608134.9223779166
 608374.994997759
 608649.408577815
 608961.9853568064
 609316.8581370495
 609718.4866702737
 610171.6744642744
 610681.5860114051
 611253.7644377715
 611894.1495744062
 612609.0964491979
 613405.3942006037
 614290.2854121006
 615271.4858685007
 616357.2047336845


# name: QUERY
# type: sq_string
# elements: 1
# length: 2
R4


# name: DATASIZE
# type: sq_string
# elements: 1
# length: 3
750


