# Created by Octave 4.0.0, Mon May 23 13:49:03 2016 CEST <peter@Independence>
# name: x
# type: matrix
# rows: 1
# columns: 100
 60 60.60606060606061 61.21212121212121 61.81818181818181 62.42424242424242 63.03030303030303 63.63636363636364 64.24242424242424 64.84848484848484 65.45454545454545 66.06060606060606 66.66666666666666 67.27272727272727 67.87878787878788 68.48484848484848 69.09090909090909 69.69696969696969 70.3030303030303 70.90909090909091 71.51515151515152 72.12121212121212 72.72727272727272 73.33333333333333 73.93939393939394 74.54545454545455 75.15151515151516 75.75757575757575 76.36363636363636 76.96969696969697 77.57575757575758 78.18181818181819 78.78787878787878 79.39393939393939 80 80.60606060606061 81.21212121212122 81.81818181818181 82.42424242424242 83.03030303030303 83.63636363636363 84.24242424242424 84.84848484848484 85.45454545454545 86.06060606060606 86.66666666666667 87.27272727272727 87.87878787878788 88.48484848484848 89.09090909090909 89.6969696969697 90.3030303030303 90.90909090909091 91.51515151515152 92.12121212121212 92.72727272727272 93.33333333333333 93.93939393939394 94.54545454545455 95.15151515151514 95.75757575757575 96.36363636363636 96.96969696969697 97.57575757575758 98.18181818181817 98.78787878787878 99.39393939393939 100 100.6060606060606 101.2121212121212 101.8181818181818 102.4242424242424 103.030303030303 103.6363636363636 104.2424242424242 104.8484848484848 105.4545454545455 106.0606060606061 106.6666666666667 107.2727272727273 107.8787878787879 108.4848484848485 109.0909090909091 109.6969696969697 110.3030303030303 110.9090909090909 111.5151515151515 112.1212121212121 112.7272727272727 113.3333333333333 113.9393939393939 114.5454545454545 115.1515151515151 115.7575757575758 116.3636363636364 116.969696969697 117.5757575757576 118.1818181818182 118.7878787878788 119.3939393939394 120


# name: y
# type: matrix
# rows: 100
# columns: 1
 615102.618933483
 614307.0568102247
 613560.0780293178
 612859.6632051071
 612203.8358189869
 611590.6622194032
 611018.2516218525
 610484.7561088819
 609988.3706300881
 609527.3330021204
 609099.923908677
 608704.4669005073
 608339.3283954118
 608002.9176782407
 607693.6869008963
 607410.1310823297
 607150.788108544
 606914.2387325923
 606699.1065745787
 606504.0581216579
 606327.8027280346
 606169.0926149649
 606026.7228707554
 605899.531450763
 605786.3991773955
 605686.2497401114
 605598.0496954195
 605520.8084668795
 605453.5783451018
 605395.4544877472
 605345.5749195273
 605303.1205322043
 605267.3150845908
 605237.4252025506
 605212.7603789975
 605192.6729738964
 605176.5582142626
 605163.8541941621
 605154.0418747115
 605146.6450840782
 605141.2305174799
 605137.4077371854
 605134.8291725136
 605133.1901198344
 605132.2287425683
 605131.7260711862
 605131.5060032102
 605131.4353032123
 605131.4236028155
 605131.4234006937
 605131.4300625708
 605131.4818212219
 605131.6597764725
 605132.0878951988
 605132.9330113275
 605134.4048258361
 605136.7559067527
 605140.2816891558
 605145.3204751749
 605152.2534339901
 605161.5046018318
 605173.5408819813
 605188.8720447705
 605208.0507275818
 605231.6724348486
 605260.3755380545
 605294.841275734
 605335.7937534722
 605383.9999439046
 605440.2696867177
 605505.4556886483
 605580.4535234842
 605666.2016320635
 605763.6813222752
 605873.9167690586
 605997.9750144039
 606136.965967352
 606292.0424039942
 606464.3999674728
 606655.2771679801
 606865.9553827595
 607097.7588561049
 607352.0546993613
 607630.2528909234
 607933.8062762375
 608264.2105678
 608623.0043451575
 609011.7690549085
 609432.1290107014
 609885.7513932344
 610374.3462502577
 610899.6664965713
 611463.5079140268
 612067.7091515257
 612714.1517250199
 613404.7600175119
 614141.501279056
 614926.3856267557
 615761.4660447652
 616648.8383842916


# name: QUERY
# type: sq_string
# elements: 1
# length: 2
R4


# name: DATASIZE
# type: sq_string
# elements: 1
# length: 3
750


