# Created by Octave 4.0.0, Mon May 23 13:49:03 2016 CEST <peter@Independence>
# name: x
# type: matrix
# rows: 1
# columns: 100
 60 60.60606060606061 61.21212121212121 61.81818181818181 62.42424242424242 63.03030303030303 63.63636363636364 64.24242424242424 64.84848484848484 65.45454545454545 66.06060606060606 66.66666666666666 67.27272727272727 67.87878787878788 68.48484848484848 69.09090909090909 69.69696969696969 70.3030303030303 70.90909090909091 71.51515151515152 72.12121212121212 72.72727272727272 73.33333333333333 73.93939393939394 74.54545454545455 75.15151515151516 75.75757575757575 76.36363636363636 76.96969696969697 77.57575757575758 78.18181818181819 78.78787878787878 79.39393939393939 80 80.60606060606061 81.21212121212122 81.81818181818181 82.42424242424242 83.03030303030303 83.63636363636363 84.24242424242424 84.84848484848484 85.45454545454545 86.06060606060606 86.66666666666667 87.27272727272727 87.87878787878788 88.48484848484848 89.09090909090909 89.6969696969697 90.3030303030303 90.90909090909091 91.51515151515152 92.12121212121212 92.72727272727272 93.33333333333333 93.93939393939394 94.54545454545455 95.15151515151514 95.75757575757575 96.36363636363636 96.96969696969697 97.57575757575758 98.18181818181817 98.78787878787878 99.39393939393939 100 100.6060606060606 101.2121212121212 101.8181818181818 102.4242424242424 103.030303030303 103.6363636363636 104.2424242424242 104.8484848484848 105.4545454545455 106.0606060606061 106.6666666666667 107.2727272727273 107.8787878787879 108.4848484848485 109.0909090909091 109.6969696969697 110.3030303030303 110.9090909090909 111.5151515151515 112.1212121212121 112.7272727272727 113.3333333333333 113.9393939393939 114.5454545454545 115.1515151515151 115.7575757575758 116.3636363636364 116.969696969697 117.5757575757576 118.1818181818182 118.7878787878788 119.3939393939394 120


# name: y
# type: matrix
# rows: 100
# columns: 1
 734116.1557585193
 725309.6413313546
 716865.4222678558
 708775.8886171515
 701033.4304283734
 693630.4377506521
 686559.3006331187
 679812.4091249058
 673382.1532751418
 667260.9231329602
 661441.1087474917
 655915.1001678655
 650675.2874432153
 645714.0606226706
 641023.8097553634
 636596.9248904241
 632425.7960769837
 628502.8133641741
 624820.3668011256
 621370.8464369705
 618146.6423208382
 615140.1445018605
 612343.7430291694
 609749.8279518948
 607350.7893191683
 605139.0171801214
 603106.9015838846
 601246.8325795891
 599551.2002163661
 598012.3945433467
 596622.8056096622
 595374.8234644433
 594260.8381568214
 593273.2397359274
 592404.4182508927
 591646.7637508481
 590992.666284925
 590434.5159022541
 589964.7026519669
 589575.6165831944
 589259.6477450675
 589009.1861867175
 588816.6219572754
 588674.3451058725
 588574.7456816396
 588510.2137337081
 588473.139311209
 588455.9124632732
 588450.923239032
 588450.5616876166
 588447.2178581579
 588433.2817997872
 588401.1435616354
 588343.1931928337
 588251.8207425132
 588119.416259805
 587938.3697938401
 587701.0713937499
 587399.9111086652
 587027.2789877172
 586575.5650800371
 586037.1594347559
 585404.4521010047
 584669.8331279147
 583825.6925646169
 582864.4204602424
 581778.4068639224
 580560.0418247879
 579201.7153919701
 577695.8176146001
 576034.7385418087
 574210.8682227276
 572216.5967064872
 570044.3140422191
 567686.4102790544
 565135.2754661243
 562383.2996525592
 559422.8728874911
 556246.3852200499
 552846.2266993681
 549214.7873745768
 545344.4572948064
 541227.6265091868
 536856.6850668517
 532224.0230169307
 527322.0304085541
 522143.0972908554
 516679.6137129633
 510923.969724009
 504868.5553731261
 498505.7607094446
 491827.975782095
 484827.5906402072
 477496.9953329145
 469828.5799093472
 461814.7344186355
 453447.8489099116
 444720.3134323072
 435624.5180349511
 426152.8527669779


# name: QUERY
# type: sq_string
# elements: 1
# length: 2
R4


# name: DATASIZE
# type: sq_string
# elements: 1
# length: 3
750


