# Created by Octave 4.0.0, Wed May 18 23:51:55 2016 CEST <peter@Independence>
# name: x
# type: matrix
# rows: 1
# columns: 100
 60 60.60606060606061 61.21212121212121 61.81818181818181 62.42424242424242 63.03030303030303 63.63636363636364 64.24242424242424 64.84848484848484 65.45454545454545 66.06060606060606 66.66666666666666 67.27272727272727 67.87878787878788 68.48484848484848 69.09090909090909 69.69696969696969 70.3030303030303 70.90909090909091 71.51515151515152 72.12121212121212 72.72727272727272 73.33333333333333 73.93939393939394 74.54545454545455 75.15151515151516 75.75757575757575 76.36363636363636 76.96969696969697 77.57575757575758 78.18181818181819 78.78787878787878 79.39393939393939 80 80.60606060606061 81.21212121212122 81.81818181818181 82.42424242424242 83.03030303030303 83.63636363636363 84.24242424242424 84.84848484848484 85.45454545454545 86.06060606060606 86.66666666666667 87.27272727272727 87.87878787878788 88.48484848484848 89.09090909090909 89.6969696969697 90.3030303030303 90.90909090909091 91.51515151515152 92.12121212121212 92.72727272727272 93.33333333333333 93.93939393939394 94.54545454545455 95.15151515151514 95.75757575757575 96.36363636363636 96.96969696969697 97.57575757575758 98.18181818181817 98.78787878787878 99.39393939393939 100 100.6060606060606 101.2121212121212 101.8181818181818 102.4242424242424 103.030303030303 103.6363636363636 104.2424242424242 104.8484848484848 105.4545454545455 106.0606060606061 106.6666666666667 107.2727272727273 107.8787878787879 108.4848484848485 109.0909090909091 109.6969696969697 110.3030303030303 110.9090909090909 111.5151515151515 112.1212121212121 112.7272727272727 113.3333333333333 113.9393939393939 114.5454545454545 115.1515151515151 115.7575757575758 116.3636363636364 116.969696969697 117.5757575757576 118.1818181818182 118.7878787878788 119.3939393939394 120


# name: y
# type: matrix
# rows: 100
# columns: 1
 690525.1566933858
 683571.1051344222
 677041.7231992909
 670919.3593287277
 665186.7366666776
 659826.9530602952
 654823.4810599424
 650160.1679191909
 645821.23559482
 641791.2807468191
 638055.274738385
 634598.5636359238
 631406.8682090503
 628466.2839305876
 625763.2809765683
 623284.7042262328
 621017.7732620307
 618950.0823696201
 617069.6005378679
 615364.6714588497
 613824.0135278495
 612436.7198433604
 611192.258207084
 610080.4711239306
 609091.5758020193
 608216.1641526778
 607445.2027904423
 606770.033033058
 606182.3709014787
 605674.3071198669
 605238.3071155937
 604867.2110192389
 604554.2336645912
 604292.9645886477
 604077.3680316143
 603901.7829369057
 603760.9229511453
 603649.876424165
 603564.1064090055
 603499.4506619162
 603452.1216423551
 603418.7065129891
 603396.1671396937
 603381.8400915531
 603373.4366408598
 603369.0427631157
 603367.1191370309
 603366.5011445244
 603366.3988707238
 603366.3971039653
 603366.455335794
 603366.9077609637
 603368.4632774366
 603372.2054863839
 603379.5926921853
 603392.4579024293
 603413.0088279131
 603443.8278826425
 603487.8721838322
 603548.4735519051
 603629.3385104935
 603734.5482864379
 603868.5588097874
 604036.2007138003
 604242.6793349431
 604493.5747128912
 604794.841590529
 605152.8094139488
 605574.1823324524
 606066.0391985497
 606635.8335679598
 607291.3936996103
 608040.9225556371
 608892.9978013854
 609856.5718054086
 610940.9716394693
 612155.8990785383
 613511.4306007953
 615018.0173876288
 616686.4853236359
 618528.0349966221
 620554.2416976021
 622777.0554207992
 625208.8008636448
 627862.1774267799
 630750.2592140537
 633886.4950325238
 637284.7083924571
 640959.0975073291
 644924.2352938232
 649195.0693718323
 653786.9220644578
 658715.4903980102
 663996.846102008
 669647.4356091786
 675684.0800554581
 682123.975279992
 688984.6918251328
 696284.174936443
 704040.7445626942


# name: QUERY
# type: sq_string
# elements: 1
# length: 2
R4


# name: DATASIZE
# type: sq_string
# elements: 1
# length: 3
750


