# Created by Octave 4.0.0, Wed May 18 23:51:55 2016 CEST <peter@Independence>
# name: x
# type: matrix
# rows: 1
# columns: 100
 60 60.60606060606061 61.21212121212121 61.81818181818181 62.42424242424242 63.03030303030303 63.63636363636364 64.24242424242424 64.84848484848484 65.45454545454545 66.06060606060606 66.66666666666666 67.27272727272727 67.87878787878788 68.48484848484848 69.09090909090909 69.69696969696969 70.3030303030303 70.90909090909091 71.51515151515152 72.12121212121212 72.72727272727272 73.33333333333333 73.93939393939394 74.54545454545455 75.15151515151516 75.75757575757575 76.36363636363636 76.96969696969697 77.57575757575758 78.18181818181819 78.78787878787878 79.39393939393939 80 80.60606060606061 81.21212121212122 81.81818181818181 82.42424242424242 83.03030303030303 83.63636363636363 84.24242424242424 84.84848484848484 85.45454545454545 86.06060606060606 86.66666666666667 87.27272727272727 87.87878787878788 88.48484848484848 89.09090909090909 89.6969696969697 90.3030303030303 90.90909090909091 91.51515151515152 92.12121212121212 92.72727272727272 93.33333333333333 93.93939393939394 94.54545454545455 95.15151515151514 95.75757575757575 96.36363636363636 96.96969696969697 97.57575757575758 98.18181818181817 98.78787878787878 99.39393939393939 100 100.6060606060606 101.2121212121212 101.8181818181818 102.4242424242424 103.030303030303 103.6363636363636 104.2424242424242 104.8484848484848 105.4545454545455 106.0606060606061 106.6666666666667 107.2727272727273 107.8787878787879 108.4848484848485 109.0909090909091 109.6969696969697 110.3030303030303 110.9090909090909 111.5151515151515 112.1212121212121 112.7272727272727 113.3333333333333 113.9393939393939 114.5454545454545 115.1515151515151 115.7575757575758 116.3636363636364 116.969696969697 117.5757575757576 118.1818181818182 118.7878787878788 119.3939393939394 120


# name: y
# type: matrix
# rows: 100
# columns: 1
 708175.0305256553
 702023.5085041439
 695999.8551988101
 690104.0706096538
 684336.154736675
 678696.1075798738
 673183.9291392498
 667799.6194148035
 662543.1784065345
 657414.6061144432
 652413.9025385292
 647541.0676787928
 642796.1015352338
 638179.0041078523
 633689.7753966483
 629328.4154016218
 625094.9241227728
 620989.3015601012
 617011.5477136071
 613161.6625832906
 609439.6461691514
 605845.4984711898
 602379.2194894056
 599040.8092237989
 595830.2676743697
 592747.5948411181
 589792.7907240439
 586965.855323147
 584266.7886384277
 581695.590669886
 579252.2614175217
 576936.8008813349
 574749.2090613255
 572689.4859574937
 570757.6315698393
 568953.6458983624
 567277.528943063
 565729.280703941
 564308.9011809966
 563016.3903742296
 561851.7482836401
 560814.9749092282
 559906.0702509936
 559125.0343089366
 558471.8670830569
 557946.5685733549
 557549.1387798303
 557279.5777024832
 557137.8853413136
 557124.0616963214
 557238.1067675067
 557480.0205548694
 557849.8030584098
 558347.4542781275
 558972.9742140227
 559726.3628660955
 560607.6202343458
 561616.7463187734
 562753.7411193786
 564018.6046361612
 565411.3368691214
 566931.937818259
 568580.4074835741
 570356.7458650667
 572260.9529627367
 574293.0287765843
 576452.9733066093
 578740.7865528119
 581156.4685151918
 583700.0191937493
 586371.4385884843
 589170.7266993966
 592097.8835264866
 595152.909069754
 598335.8033291989
 601646.5663048212
 605085.197996621
 608651.6984045984
 612346.0675287532
 616168.3053690855
 620118.4119255951
 624196.3871982824
 628402.2311871472
 632735.9438921893
 637197.525313409
 641786.9754508062
 646504.2943043808
 651349.481874133
 656322.5381600627
 661423.4631621698
 666652.2568804543
 672008.9193149162
 677493.4504655559
 683105.8503323728
 688846.1189153674
 694714.2562145394
 700710.2622298889
 706834.1369614159
 713085.8804091203
 719465.4925730021


# name: QUERY
# type: sq_string
# elements: 1
# length: 2
R4


# name: DATASIZE
# type: sq_string
# elements: 1
# length: 3
750


