# Created by Octave 4.0.0, Mon May 23 13:49:03 2016 CEST <peter@Independence>
# name: x
# type: matrix
# rows: 1
# columns: 100
 60 60.60606060606061 61.21212121212121 61.81818181818181 62.42424242424242 63.03030303030303 63.63636363636364 64.24242424242424 64.84848484848484 65.45454545454545 66.06060606060606 66.66666666666666 67.27272727272727 67.87878787878788 68.48484848484848 69.09090909090909 69.69696969696969 70.3030303030303 70.90909090909091 71.51515151515152 72.12121212121212 72.72727272727272 73.33333333333333 73.93939393939394 74.54545454545455 75.15151515151516 75.75757575757575 76.36363636363636 76.96969696969697 77.57575757575758 78.18181818181819 78.78787878787878 79.39393939393939 80 80.60606060606061 81.21212121212122 81.81818181818181 82.42424242424242 83.03030303030303 83.63636363636363 84.24242424242424 84.84848484848484 85.45454545454545 86.06060606060606 86.66666666666667 87.27272727272727 87.87878787878788 88.48484848484848 89.09090909090909 89.6969696969697 90.3030303030303 90.90909090909091 91.51515151515152 92.12121212121212 92.72727272727272 93.33333333333333 93.93939393939394 94.54545454545455 95.15151515151514 95.75757575757575 96.36363636363636 96.96969696969697 97.57575757575758 98.18181818181817 98.78787878787878 99.39393939393939 100 100.6060606060606 101.2121212121212 101.8181818181818 102.4242424242424 103.030303030303 103.6363636363636 104.2424242424242 104.8484848484848 105.4545454545455 106.0606060606061 106.6666666666667 107.2727272727273 107.8787878787879 108.4848484848485 109.0909090909091 109.6969696969697 110.3030303030303 110.9090909090909 111.5151515151515 112.1212121212121 112.7272727272727 113.3333333333333 113.9393939393939 114.5454545454545 115.1515151515151 115.7575757575758 116.3636363636364 116.969696969697 117.5757575757576 118.1818181818182 118.7878787878788 119.3939393939394 120


# name: y
# type: matrix
# rows: 100
# columns: 1
 615753.1381308676
 615264.7301035183
 614786.4743778929
 614318.3709539424
 613860.4198316913
 613412.6210111233
 612974.9744922527
 612547.4802750733
 612130.1383595825
 611722.9487457852
 611325.9114336794
 610939.0264232599
 610562.2937145394
 610195.7133075099
 609839.285202174
 609493.0093985264
 609156.8858965673
 608830.9146963063
 608515.0957977332
 608209.4292008578
 607913.9149056651
 607628.5529121651
 607353.3432203643
 607088.2858302492
 606833.3807418258
 606588.627955099
 606354.0274700605
 606129.5792867137
 605915.2834050575
 605711.1398250946
 605517.1485468241
 605333.309570244
 605159.6228953553
 604996.0885221591
 604842.7064506545
 604699.4766808422
 604566.3992127216
 604443.4740462914
 604330.7011815541
 604228.0806185084
 604135.6123571539
 604053.2963974912
 603981.1327395205
 603919.1213832414
 603867.2623286538
 603825.5555757582
 603794.0011245542
 603772.598975042
 603761.3491272214
 603760.2515810926
 603769.3063366555
 603788.51339391
 603817.8727528563
 603857.3844134945
 603907.0483758241
 603966.8646398456
 604036.8332055587
 604116.9540729636
 604207.2272420604
 604307.6527128487
 604418.2304853282
 604538.9605595005
 604669.8429353643
 604810.8776129185
 604962.0645921658
 605123.4038731034
 605294.8954557357
 605476.5393400585
 605668.3355260706
 605870.2840137761
 606082.3848031745
 606304.6378942615
 606537.0432870426
 606779.6009815163
 607032.3109776817
 607295.1732755359
 607568.1878750845
 607851.3547763213
 608144.6739792558
 608448.1454838782
 608761.7692901882
 609085.5453981934
 609419.4738078973
 609763.5545192789
 610117.7875323625
 610482.172847138
 610856.7104635998
 611241.4003817613
 611636.2426016063
 612041.2371231462
 612456.3839463831
 612881.6830713004
 613317.134497918
 613762.7382262222
 614218.4942562171
 614684.402587908
 615160.4632212993
 615646.6761563702
 616143.0413931318
 616649.5589315888


# name: QUERY
# type: sq_string
# elements: 1
# length: 2
R4


# name: DATASIZE
# type: sq_string
# elements: 1
# length: 3
750


