# Created by Octave 4.0.0, Wed May 18 23:51:55 2016 CEST <peter@Independence>
# name: x
# type: matrix
# rows: 1
# columns: 100
 60 60.60606060606061 61.21212121212121 61.81818181818181 62.42424242424242 63.03030303030303 63.63636363636364 64.24242424242424 64.84848484848484 65.45454545454545 66.06060606060606 66.66666666666666 67.27272727272727 67.87878787878788 68.48484848484848 69.09090909090909 69.69696969696969 70.3030303030303 70.90909090909091 71.51515151515152 72.12121212121212 72.72727272727272 73.33333333333333 73.93939393939394 74.54545454545455 75.15151515151516 75.75757575757575 76.36363636363636 76.96969696969697 77.57575757575758 78.18181818181819 78.78787878787878 79.39393939393939 80 80.60606060606061 81.21212121212122 81.81818181818181 82.42424242424242 83.03030303030303 83.63636363636363 84.24242424242424 84.84848484848484 85.45454545454545 86.06060606060606 86.66666666666667 87.27272727272727 87.87878787878788 88.48484848484848 89.09090909090909 89.6969696969697 90.3030303030303 90.90909090909091 91.51515151515152 92.12121212121212 92.72727272727272 93.33333333333333 93.93939393939394 94.54545454545455 95.15151515151514 95.75757575757575 96.36363636363636 96.96969696969697 97.57575757575758 98.18181818181817 98.78787878787878 99.39393939393939 100 100.6060606060606 101.2121212121212 101.8181818181818 102.4242424242424 103.030303030303 103.6363636363636 104.2424242424242 104.8484848484848 105.4545454545455 106.0606060606061 106.6666666666667 107.2727272727273 107.8787878787879 108.4848484848485 109.0909090909091 109.6969696969697 110.3030303030303 110.9090909090909 111.5151515151515 112.1212121212121 112.7272727272727 113.3333333333333 113.9393939393939 114.5454545454545 115.1515151515151 115.7575757575758 116.3636363636364 116.969696969697 117.5757575757576 118.1818181818182 118.7878787878788 119.3939393939394 120


# name: y
# type: matrix
# rows: 100
# columns: 1
 728992.0299277315
 720176.3638470449
 711723.3696242266
 703625.4294002122
 695874.9253159381
 688464.2395123403
 681385.7541303546
 674631.8513109175
 668194.9131949648
 662067.3219234325
 656241.4596372569
 650709.7084773738
 645464.4505847195
 640498.0681002301
 635802.9431648414
 631371.4579194897
 627195.994505111
 623268.9350626413
 619582.6617330167
 616129.5566571733
 612902.0019760472
 609892.3798305744
 607093.0723616909
 604496.4617103329
 602094.9300174365
 599880.8594239376
 597846.6320707723
 595984.6300988769
 594287.2356491872
 592746.8308626394
 591355.7978801695
 590106.5188427136
 588991.3758912077
 588002.7511665879
 587133.0268097904
 586374.5849617511
 585719.8077634062
 585161.0773556917
 584690.7758795435
 584301.285475898
 583984.988285691
 583734.2664498588
 583541.5021093371
 583399.0774050624
 583299.3744779705
 583234.7754689975
 583197.6625190796
 583180.4177691527
 583175.4233601529
 583175.0614330163
 583171.7141286791
 583157.7635880772
 583125.5919521466
 583067.5813618235
 582976.113958044
 582843.5718817441
 582662.3372738598
 582424.7922753273
 582123.3190270825
 581750.2996700617
 581298.1163452008
 580759.1511934359
 580125.7863557031
 579390.4039729384
 578545.386186078
 577583.1151360577
 576495.9729638139
 575276.3418102826
 573916.6038163996
 572409.1411231011
 570746.3358713234
 568920.5702020023
 566924.2262560739
 564749.6861744744
 562389.3320981397
 559835.546168006
 557080.7105250093
 554117.2073100857
 550937.4186641712
 547533.726728202
 543898.513643114
 540024.1615498435
 535903.0525893263
 531527.5689024986
 526890.0926302965
 521983.0059136559
 516798.6908935132
 511329.5297108041
 505567.9045064647
 499506.1974214314
 493136.7905966401
 486452.0661730267
 479444.4062915274
 472106.1930930783
 464429.8087186154
 456407.6353090748
 448032.0550053925
 439295.4499485047
 430190.2022793472
 420708.6941388566


# name: QUERY
# type: sq_string
# elements: 1
# length: 2
R4


# name: DATASIZE
# type: sq_string
# elements: 1
# length: 3
750


