# Created by Octave 4.0.0, Mon May 23 13:38:51 2016 CEST <peter@Independence>
# name: x
# type: matrix
# rows: 1
# columns: 100
 0.008333333333333333 0.008417508417508417 0.008501683501683501 0.008585858585858586 0.00867003367003367 0.008754208754208754 0.008838383838383838 0.008922558922558922 0.009006734006734006 0.00909090909090909 0.009175084175084176 0.009259259259259259 0.009343434343434343 0.009427609427609427 0.009511784511784513 0.009595959595959595 0.009680134680134681 0.009764309764309764 0.009848484848484849 0.009932659932659932 0.01001683501683502 0.0101010101010101 0.01018518518518519 0.01026936026936027 0.01035353535353535 0.01043771043771044 0.01052188552188552 0.01060606060606061 0.01069023569023569 0.01077441077441077 0.01085858585858586 0.01094276094276094 0.01102693602693603 0.01111111111111111 0.0111952861952862 0.01127946127946128 0.01136363636363636 0.01144781144781145 0.01153198653198653 0.01161616161616162 0.0117003367003367 0.01178451178451178 0.01186868686868687 0.01195286195286195 0.01203703703703704 0.01212121212121212 0.01220538720538721 0.01228956228956229 0.01237373737373737 0.01245791245791246 0.01254208754208754 0.01262626262626263 0.01271043771043771 0.01279461279461279 0.01287878787878788 0.01296296296296296 0.01304713804713805 0.01313131313131313 0.01321548821548822 0.0132996632996633 0.01338383838383838 0.01346801346801347 0.01355218855218855 0.01363636363636364 0.01372053872053872 0.0138047138047138 0.01388888888888889 0.01397306397306397 0.01405723905723906 0.01414141414141414 0.01422558922558922 0.01430976430976431 0.01439393939393939 0.01447811447811448 0.01456228956228956 0.01464646464646465 0.01473063973063973 0.01481481481481482 0.0148989898989899 0.01498316498316498 0.01506734006734007 0.01515151515151515 0.01523569023569024 0.01531986531986532 0.0154040404040404 0.01548821548821549 0.01557239057239057 0.01565656565656566 0.01574074074074074 0.01582491582491583 0.01590909090909091 0.01599326599326599 0.01607744107744108 0.01616161616161616 0.01624579124579124 0.01632996632996633 0.01641414141414142 0.0164983164983165 0.01658249158249158 0.01666666666666667


# name: y
# type: matrix
# rows: 100
# columns: 1
 37816.34660294607
 37797.42121538891
 37779.51947636199
 37762.61387607776
 37746.67202665612
 37731.65731319375
 37717.52961469271
 37704.24608784159
 37691.76200567663
 37680.03164226738
 37669.00919378735
 37658.64972565475
 37648.9101348749
 37639.75011629282
 37631.13312117968
 37623.02729643536
 37615.40639269555
 37608.25062978615
 37601.54750826991
 37595.29255627641
 37589.49000139261
 37584.15335810844
 37579.30592215236
 37574.98116400345
 37571.2230149177
 37568.08603994166
 37565.63549359222
 37563.94725514077
 37563.10764173626
 37563.21309891802
 37564.36976938914
 37566.69294222678
 37570.30638598149
 37575.3415703482
 37581.93678226123
 37590.23614336272
 37600.38853680482
 37612.54645226198
 37626.86475884067
 37643.49941627423
 37662.60613537375
 37684.33899917082
 37708.84905653042
 37736.28290023517
 37766.78124164636
 37800.47749403481
 37837.49637655435
 37877.95255060331
 37921.9492999975
 37969.57726596449
 38020.91324747623
 38076.01907687083
 38134.94058008525
 38197.70663013776
 38264.32830176892
 38334.79813438426
 38409.08950964452
 38487.15614923048
 38568.93173747383
 38654.32967269859
 38743.24295026495
 38835.54417945169
 38931.08573545922
 39029.7000469627
 39131.20001879895
 39235.37958852931
 39342.01441478781
 39450.86269449785
 39561.6661052243
 39674.15086812009
 39788.02892613
 39902.99923132985
 40018.7491345098
 40134.95586935701
 40251.2881228621
 40367.40768286597
 40482.97115298826
 40597.63172453786
 40711.04099440933
 40822.85081742254
 40932.71518107516
 41040.29209025625
 41145.24544912463
 41247.24692709411
 41345.97779570001
 41441.13072305392
 41532.41151263511
 41619.54077332271
 41702.25550784947
 41780.310607258
 41853.48023946799
 41921.55912071729
 41984.36365942068
 42041.73296289376
 42093.52969841135
 42139.64080120117
 42179.97802320738
 42214.47831778066
 42243.10405685138
 42265.84307860268


# name: QUERY
# type: sq_string
# elements: 1
# length: 2
R5


# name: DATASIZE
# type: sq_string
# elements: 1
# length: 4
1000


