# Created by Octave 3.8.2, Wed May 18 18:01:18 2016 CEST <Andrea@Andreas-MacBook-Pro.local>
# name: x
# type: matrix
# rows: 1
# columns: 100
 0.008333333333333333 0.008417508417508417 0.008501683501683501 0.008585858585858586 0.00867003367003367 0.008754208754208754 0.008838383838383838 0.008922558922558922 0.009006734006734006 0.00909090909090909 0.009175084175084176 0.009259259259259259 0.009343434343434343 0.009427609427609427 0.009511784511784513 0.009595959595959595 0.009680134680134681 0.009764309764309764 0.009848484848484849 0.009932659932659932 0.01001683501683502 0.0101010101010101 0.01018518518518519 0.01026936026936027 0.01035353535353535 0.01043771043771044 0.01052188552188552 0.01060606060606061 0.01069023569023569 0.01077441077441077 0.01085858585858586 0.01094276094276094 0.01102693602693603 0.01111111111111111 0.0111952861952862 0.01127946127946128 0.01136363636363636 0.01144781144781145 0.01153198653198653 0.01161616161616162 0.0117003367003367 0.01178451178451178 0.01186868686868687 0.01195286195286195 0.01203703703703704 0.01212121212121212 0.01220538720538721 0.01228956228956229 0.01237373737373737 0.01245791245791246 0.01254208754208754 0.01262626262626263 0.01271043771043771 0.01279461279461279 0.01287878787878788 0.01296296296296296 0.01304713804713805 0.01313131313131313 0.01321548821548822 0.0132996632996633 0.01338383838383838 0.01346801346801347 0.01355218855218855 0.01363636363636364 0.01372053872053872 0.0138047138047138 0.01388888888888889 0.01397306397306397 0.01405723905723906 0.01414141414141414 0.01422558922558922 0.01430976430976431 0.01439393939393939 0.01447811447811448 0.01456228956228956 0.01464646464646465 0.01473063973063973 0.01481481481481482 0.0148989898989899 0.01498316498316498 0.01506734006734007 0.01515151515151515 0.01523569023569024 0.01531986531986532 0.0154040404040404 0.01548821548821549 0.01557239057239057 0.01565656565656566 0.01574074074074074 0.01582491582491583 0.01590909090909091 0.01599326599326599 0.01607744107744108 0.01616161616161616 0.01624579124579124 0.01632996632996633 0.01641414141414142 0.0164983164983165 0.01658249158249158 0.01666666666666667


# name: y
# type: matrix
# rows: 100
# columns: 1
 37672.4766418095
 37616.29860433764
 37561.82729569141
 37509.2706641581
 37458.8342014072
 37410.71974157557
 37365.12426481247
 37322.23871663889
 37282.24685458667
 37245.32413355126
 37211.6366411142
 37181.34009376488
 37154.57890447704
 37131.48533147648
 37112.17871727711
 37096.76482617084
 37085.33528734154
 37077.96714964686
 37074.72255288679
 37075.64851907051
 37080.7768658193
 37090.12424262251
 37103.69228921298
 37121.46791387048
 37143.42368801383
 37169.51835202812
 37199.69742591029
 37233.89391702559
 37272.02911606787
 37314.01347122488
 37359.74752958348
 37409.12293398256
 37462.02346284614
 37518.32610001721
 37577.90212127092
 37640.61818402153
 37706.33740675241
 37774.92042489523
 37846.22641025975
 37920.11404166566
 37996.44241514681
 38075.07188297468
 38155.8648117731
 38238.68625115426
 38323.40450558369
 38409.89160356022
 38498.02365965881
 38587.68112650987
 38678.74893535643
 38771.11652542144
 38864.67776390777
 38959.33076002363
 39054.97757795314
 39151.52385515675
 39248.87833376734
 39346.95231412776
 39445.65904067556
 39544.91303140546
 39644.62936301469
 39744.72292454865
 39845.10765290351
 39945.69576390135
 40046.39699282413
 40147.11785827515
 40247.7609630255
 40348.22434510454
 40448.4008918071
 40548.17782852639
 40647.43629338701
 40746.05100755896
 40843.89004989508
 40940.81474316615
 41036.67965768708
 41131.332736554
 41224.61554506586
 41316.36364520687
 41406.40709434118
 41494.57106554067
 41580.67658525596
 41664.54138237106
 41745.98084107848
 41824.80904849621
 41900.83992654079
 41973.88843629422
 42043.77184197325
 42110.31102064445
 42173.33180304303
 42232.66633025739
 42288.15441064548
 42339.64486115958
 42386.99681727506
 42430.08099594834
 42468.78089646543
 42502.99392468011
 42532.63242697094
 42557.62462125797
 42577.91541359769
 42593.46709020359
 42604.25987619882
 42610.29235397759


# name: QUERY
# type: sq_string
# elements: 1
# length: 2
R5


# name: DATASIZE
# type: sq_string
# elements: 1
# length: 4
1000


