# Created by Octave 3.8.2, Wed May 18 18:01:18 2016 CEST <Andrea@Andreas-MacBook-Pro.local>
# name: x
# type: matrix
# rows: 1
# columns: 100
 0.008333333333333333 0.008417508417508417 0.008501683501683501 0.008585858585858586 0.00867003367003367 0.008754208754208754 0.008838383838383838 0.008922558922558922 0.009006734006734006 0.00909090909090909 0.009175084175084176 0.009259259259259259 0.009343434343434343 0.009427609427609427 0.009511784511784513 0.009595959595959595 0.009680134680134681 0.009764309764309764 0.009848484848484849 0.009932659932659932 0.01001683501683502 0.0101010101010101 0.01018518518518519 0.01026936026936027 0.01035353535353535 0.01043771043771044 0.01052188552188552 0.01060606060606061 0.01069023569023569 0.01077441077441077 0.01085858585858586 0.01094276094276094 0.01102693602693603 0.01111111111111111 0.0111952861952862 0.01127946127946128 0.01136363636363636 0.01144781144781145 0.01153198653198653 0.01161616161616162 0.0117003367003367 0.01178451178451178 0.01186868686868687 0.01195286195286195 0.01203703703703704 0.01212121212121212 0.01220538720538721 0.01228956228956229 0.01237373737373737 0.01245791245791246 0.01254208754208754 0.01262626262626263 0.01271043771043771 0.01279461279461279 0.01287878787878788 0.01296296296296296 0.01304713804713805 0.01313131313131313 0.01321548821548822 0.0132996632996633 0.01338383838383838 0.01346801346801347 0.01355218855218855 0.01363636363636364 0.01372053872053872 0.0138047138047138 0.01388888888888889 0.01397306397306397 0.01405723905723906 0.01414141414141414 0.01422558922558922 0.01430976430976431 0.01439393939393939 0.01447811447811448 0.01456228956228956 0.01464646464646465 0.01473063973063973 0.01481481481481482 0.0148989898989899 0.01498316498316498 0.01506734006734007 0.01515151515151515 0.01523569023569024 0.01531986531986532 0.0154040404040404 0.01548821548821549 0.01557239057239057 0.01565656565656566 0.01574074074074074 0.01582491582491583 0.01590909090909091 0.01599326599326599 0.01607744107744108 0.01616161616161616 0.01624579124579124 0.01632996632996633 0.01641414141414142 0.0164983164983165 0.01658249158249158 0.01666666666666667


# name: y
# type: matrix
# rows: 100
# columns: 1
 37101.92424933076
 37160.51010808733
 37219.0959668439
 37277.68182560046
 37336.26768435702
 37394.85354311359
 37453.43940187016
 37512.02526062672
 37570.61111938329
 37629.19697813985
 37687.78283689642
 37746.36869565299
 37804.95455440955
 37863.54041316612
 37922.12627192268
 37980.71213067925
 38039.29798943581
 38097.88384819238
 38156.46970694894
 38215.05556570551
 38273.64142446208
 38332.22728321864
 38390.81314197521
 38449.39900073177
 38507.98485948834
 38566.5707182449
 38625.15657700147
 38683.74243575804
 38742.3282945146
 38800.91415327117
 38859.50001202773
 38918.0858707843
 38976.67172954086
 39035.25758829743
 39093.84344705399
 39152.42930581056
 39211.01516456713
 39269.60102332369
 39328.18688208026
 39386.77274083682
 39445.35859959339
 39503.94445834996
 39562.53031710652
 39621.11617586308
 39679.70203461965
 39738.28789337622
 39796.87375213279
 39855.45961088935
 39914.04546964591
 39972.63132840248
 40031.21718715905
 40089.80304591561
 40148.38890467217
 40206.97476342874
 40265.56062218531
 40324.14648094188
 40382.73233969844
 40441.318198455
 40499.90405721157
 40558.48991596814
 40617.0757747247
 40675.66163348126
 40734.24749223783
 40792.8333509944
 40851.41920975097
 40910.00506850753
 40968.59092726409
 41027.17678602066
 41085.76264477723
 41144.34850353379
 41202.93436229035
 41261.52022104692
 41320.10607980349
 41378.69193856006
 41437.27779731662
 41495.86365607318
 41554.44951482975
 41613.03537358632
 41671.62123234288
 41730.20709109945
 41788.79294985601
 41847.37880861258
 41905.96466736915
 41964.55052612571
 42023.13638488227
 42081.72224363884
 42140.30810239541
 42198.89396115197
 42257.47981990854
 42316.0656786651
 42374.65153742167
 42433.23739617824
 42491.8232549348
 42550.40911369137
 42608.99497244793
 42667.5808312045
 42726.16668996106
 42784.75254871763
 42843.33840747419
 42901.92426623076


# name: QUERY
# type: sq_string
# elements: 1
# length: 2
R5


# name: DATASIZE
# type: sq_string
# elements: 1
# length: 4
1000


