# Created by Octave 3.8.2, Wed May 18 18:01:18 2016 CEST <Andrea@Andreas-MacBook-Pro.local>
# name: x
# type: matrix
# rows: 1
# columns: 100
 0.008333333333333333 0.008417508417508417 0.008501683501683501 0.008585858585858586 0.00867003367003367 0.008754208754208754 0.008838383838383838 0.008922558922558922 0.009006734006734006 0.00909090909090909 0.009175084175084176 0.009259259259259259 0.009343434343434343 0.009427609427609427 0.009511784511784513 0.009595959595959595 0.009680134680134681 0.009764309764309764 0.009848484848484849 0.009932659932659932 0.01001683501683502 0.0101010101010101 0.01018518518518519 0.01026936026936027 0.01035353535353535 0.01043771043771044 0.01052188552188552 0.01060606060606061 0.01069023569023569 0.01077441077441077 0.01085858585858586 0.01094276094276094 0.01102693602693603 0.01111111111111111 0.0111952861952862 0.01127946127946128 0.01136363636363636 0.01144781144781145 0.01153198653198653 0.01161616161616162 0.0117003367003367 0.01178451178451178 0.01186868686868687 0.01195286195286195 0.01203703703703704 0.01212121212121212 0.01220538720538721 0.01228956228956229 0.01237373737373737 0.01245791245791246 0.01254208754208754 0.01262626262626263 0.01271043771043771 0.01279461279461279 0.01287878787878788 0.01296296296296296 0.01304713804713805 0.01313131313131313 0.01321548821548822 0.0132996632996633 0.01338383838383838 0.01346801346801347 0.01355218855218855 0.01363636363636364 0.01372053872053872 0.0138047138047138 0.01388888888888889 0.01397306397306397 0.01405723905723906 0.01414141414141414 0.01422558922558922 0.01430976430976431 0.01439393939393939 0.01447811447811448 0.01456228956228956 0.01464646464646465 0.01473063973063973 0.01481481481481482 0.0148989898989899 0.01498316498316498 0.01506734006734007 0.01515151515151515 0.01523569023569024 0.01531986531986532 0.0154040404040404 0.01548821548821549 0.01557239057239057 0.01565656565656566 0.01574074074074074 0.01582491582491583 0.01590909090909091 0.01599326599326599 0.01607744107744108 0.01616161616161616 0.01624579124579124 0.01632996632996633 0.01641414141414142 0.0164983164983165 0.01658249158249158 0.01666666666666667


# name: y
# type: matrix
# rows: 1
# columns: 100
 36812.11351394605 36871.13297605687 36930.15243816769 36989.17190027851 37048.19136238933 37107.21082450015 37166.23028661097 37225.24974872179 37284.26921083261 37343.28867294343 37402.30813505425 37461.32759716507 37520.34705927589 37579.36652138671 37638.38598349753 37697.40544560835 37756.42490771917 37815.44436982999 37874.46383194081 37933.48329405164 37992.50275616245 38051.52221827328 38110.54168038409 38169.56114249492 38228.58060460573 38287.60006671655 38346.61952882737 38405.63899093819 38464.65845304901 38523.67791515983 38582.69737727066 38641.71683938147 38700.7363014923 38759.75576360311 38818.77522571394 38877.79468782475 38936.81414993558 38995.83361204639 39054.85307415722 39113.87253626803 39172.89199837886 39231.91146048967 39290.9309226005 39349.95038471132 39408.96984682214 39467.98930893296 39527.00877104378 39586.0282331546 39645.04769526541 39704.06715737624 39763.08661948705 39822.10608159788 39881.12554370869 39940.14500581952 39999.16446793034 40058.18393004116 40117.20339215198 40176.2228542628 40235.24231637362 40294.26177848444 40353.28124059526 40412.30070270608 40471.3201648169 40530.33962692772 40589.35908903854 40648.37855114936 40707.39801326018 40766.417475371 40825.43693748182 40884.45639959264 40943.47586170346 41002.49532381428 41061.5147859251 41120.53424803592 41179.55371014674 41238.57317225756 41297.59263436838 41356.6120964792 41415.63155859002 41474.65102070084 41533.67048281166 41592.68994492248 41651.7094070333 41710.72886914412 41769.74833125494 41828.76779336576 41887.78725547659 41946.8067175874 42005.82617969823 42064.84564180904 42123.86510391986 42182.88456603068 42241.9040281415 42300.92349025232 42359.94295236314 42418.96241447396 42477.98187658478 42537.00133869561 42596.02080080642 42655.04026291725


# name: QUERY
# type: sq_string
# elements: 1
# length: 2
R5


# name: DATASIZE
# type: sq_string
# elements: 1
# length: 4
1000


