# Created by Octave 4.0.0, Mon May 23 13:38:50 2016 CEST <peter@Independence>
# name: x
# type: matrix
# rows: 1
# columns: 100
 0.008333333333333333 0.008417508417508417 0.008501683501683501 0.008585858585858586 0.00867003367003367 0.008754208754208754 0.008838383838383838 0.008922558922558922 0.009006734006734006 0.00909090909090909 0.009175084175084176 0.009259259259259259 0.009343434343434343 0.009427609427609427 0.009511784511784513 0.009595959595959595 0.009680134680134681 0.009764309764309764 0.009848484848484849 0.009932659932659932 0.01001683501683502 0.0101010101010101 0.01018518518518519 0.01026936026936027 0.01035353535353535 0.01043771043771044 0.01052188552188552 0.01060606060606061 0.01069023569023569 0.01077441077441077 0.01085858585858586 0.01094276094276094 0.01102693602693603 0.01111111111111111 0.0111952861952862 0.01127946127946128 0.01136363636363636 0.01144781144781145 0.01153198653198653 0.01161616161616162 0.0117003367003367 0.01178451178451178 0.01186868686868687 0.01195286195286195 0.01203703703703704 0.01212121212121212 0.01220538720538721 0.01228956228956229 0.01237373737373737 0.01245791245791246 0.01254208754208754 0.01262626262626263 0.01271043771043771 0.01279461279461279 0.01287878787878788 0.01296296296296296 0.01304713804713805 0.01313131313131313 0.01321548821548822 0.0132996632996633 0.01338383838383838 0.01346801346801347 0.01355218855218855 0.01363636363636364 0.01372053872053872 0.0138047138047138 0.01388888888888889 0.01397306397306397 0.01405723905723906 0.01414141414141414 0.01422558922558922 0.01430976430976431 0.01439393939393939 0.01447811447811448 0.01456228956228956 0.01464646464646465 0.01473063973063973 0.01481481481481482 0.0148989898989899 0.01498316498316498 0.01506734006734007 0.01515151515151515 0.01523569023569024 0.01531986531986532 0.0154040404040404 0.01548821548821549 0.01557239057239057 0.01565656565656566 0.01574074074074074 0.01582491582491583 0.01590909090909091 0.01599326599326599 0.01607744107744108 0.01616161616161616 0.01624579124579124 0.01632996632996633 0.01641414141414142 0.0164983164983165 0.01658249158249158 0.01666666666666667


# name: y
# type: matrix
# rows: 1
# columns: 100
 36703.05223661535 36764.87442991359 36826.69662321184 36888.51881651008 36950.34100980833 37012.16320310658 37073.98539640482 37135.80758970307 37197.62978300131 37259.45197629956 37321.27416959781 37383.09636289605 37444.9185561943 37506.74074949254 37568.56294279079 37630.38513608904 37692.20732938728 37754.02952268553 37815.85171598377 37877.67390928202 37939.49610258026 38001.31829587851 38063.14048917676 38124.962682475 38186.78487577325 38248.60706907149 38310.42926236974 38372.25145566799 38434.07364896623 38495.89584226448 38557.71803556272 38619.54022886097 38681.36242215922 38743.18461545746 38805.00680875571 38866.82900205395 38928.6511953522 38990.47338865044 39052.29558194869 39114.11777524694 39175.93996854518 39237.76216184343 39299.58435514167 39361.40654843992 39423.22874173817 39485.05093503641 39546.87312833466 39608.6953216329 39670.51751493115 39732.3397082294 39794.16190152764 39855.98409482589 39917.80628812413 39979.62848142238 40041.45067472063 40103.27286801887 40165.09506131712 40226.91725461536 40288.73944791361 40350.56164121185 40412.3838345101 40474.20602780834 40536.02822110659 40597.85041440483 40659.67260770308 40721.49480100132 40783.31699429957 40845.13918759782 40906.96138089606 40968.78357419431 41030.60576749255 41092.4279607908 41154.25015408904 41216.07234738729 41277.89454068553 41339.71673398378 41401.53892728203 41463.36112058027 41525.18331387852 41587.00550717676 41648.82770047501 41710.64989377325 41772.4720870715 41834.29428036975 41896.11647366799 41957.93866696624 42019.76086026448 42081.58305356273 42143.40524686098 42205.22744015922 42267.04963345747 42328.87182675571 42390.69402005396 42452.51621335221 42514.33840665045 42576.1605999487 42637.98279324694 42699.80498654519 42761.62717984344 42823.44937314168


# name: QUERY
# type: sq_string
# elements: 1
# length: 2
R5


# name: DATASIZE
# type: sq_string
# elements: 1
# length: 4
1000


