# Created by Octave 4.0.0, Mon May 23 13:38:50 2016 CEST <peter@Independence>
# name: x
# type: matrix
# rows: 1
# columns: 100
 0.008333333333333333 0.008417508417508417 0.008501683501683501 0.008585858585858586 0.00867003367003367 0.008754208754208754 0.008838383838383838 0.008922558922558922 0.009006734006734006 0.00909090909090909 0.009175084175084176 0.009259259259259259 0.009343434343434343 0.009427609427609427 0.009511784511784513 0.009595959595959595 0.009680134680134681 0.009764309764309764 0.009848484848484849 0.009932659932659932 0.01001683501683502 0.0101010101010101 0.01018518518518519 0.01026936026936027 0.01035353535353535 0.01043771043771044 0.01052188552188552 0.01060606060606061 0.01069023569023569 0.01077441077441077 0.01085858585858586 0.01094276094276094 0.01102693602693603 0.01111111111111111 0.0111952861952862 0.01127946127946128 0.01136363636363636 0.01144781144781145 0.01153198653198653 0.01161616161616162 0.0117003367003367 0.01178451178451178 0.01186868686868687 0.01195286195286195 0.01203703703703704 0.01212121212121212 0.01220538720538721 0.01228956228956229 0.01237373737373737 0.01245791245791246 0.01254208754208754 0.01262626262626263 0.01271043771043771 0.01279461279461279 0.01287878787878788 0.01296296296296296 0.01304713804713805 0.01313131313131313 0.01321548821548822 0.0132996632996633 0.01338383838383838 0.01346801346801347 0.01355218855218855 0.01363636363636364 0.01372053872053872 0.0138047138047138 0.01388888888888889 0.01397306397306397 0.01405723905723906 0.01414141414141414 0.01422558922558922 0.01430976430976431 0.01439393939393939 0.01447811447811448 0.01456228956228956 0.01464646464646465 0.01473063973063973 0.01481481481481482 0.0148989898989899 0.01498316498316498 0.01506734006734007 0.01515151515151515 0.01523569023569024 0.01531986531986532 0.0154040404040404 0.01548821548821549 0.01557239057239057 0.01565656565656566 0.01574074074074074 0.01582491582491583 0.01590909090909091 0.01599326599326599 0.01607744107744108 0.01616161616161616 0.01624579124579124 0.01632996632996633 0.01641414141414142 0.0164983164983165 0.01658249158249158 0.01666666666666667


# name: y
# type: matrix
# rows: 100
# columns: 1
 36754.46596254216
 36804.52662299333
 36854.58728344449
 36904.64794389566
 36954.70860434682
 37004.76926479801
 37054.82992524917
 37104.89058570035
 37154.95124615153
 37205.0119066027
 37255.07256705387
 37305.13322750503
 37355.19388795621
 37405.25454840739
 37455.31520885855
 37505.37586930971
 37555.43652976089
 37605.49719021207
 37655.55785066324
 37705.61851111441
 37755.67917156558
 37805.73983201674
 37855.80049246792
 37905.8611529191
 37955.92181337027
 38005.98247382144
 38056.04313427261
 38106.10379472378
 38156.16445517495
 38206.22511562612
 38256.28577607729
 38306.34643652847
 38356.40709697964
 38406.46775743081
 38456.52841788198
 38506.58907833315
 38556.64973878432
 38606.71039923549
 38656.77105968667
 38706.83172013784
 38756.89238058901
 38806.95304104018
 38857.01370149135
 38907.07436194252
 38957.13502239369
 39007.19568284487
 39057.25634329604
 39107.31700374721
 39157.37766419838
 39207.43832464955
 39257.49898510072
 39307.55964555189
 39357.62030600305
 39407.68096645423
 39457.74162690541
 39507.80228735657
 39557.86294780775
 39607.92360825893
 39657.98426871009
 39708.04492916127
 39758.10558961243
 39808.16625006361
 39858.22691051477
 39908.28757096594
 39958.34823141712
 40008.40889186829
 40058.46955231946
 40108.53021277063
 40158.59087322181
 40208.65153367296
 40258.71219412415
 40308.77285457532
 40358.83351502649
 40408.89417547766
 40458.95483592883
 40509.01549638
 40559.07615683117
 40609.13681728234
 40659.19747773353
 40709.25813818468
 40759.31879863585
 40809.37945908703
 40859.44011953819
 40909.50077998936
 40959.56144044053
 41009.62210089171
 41059.68276134288
 41109.74342179407
 41159.80408224523
 41209.8647426964
 41259.92540314756
 41309.98606359877
 41360.04672404995
 41410.10738450107
 41460.16804495226
 41510.22870540342
 41560.2893658546
 41610.35002630576
 41660.41068675693
 41710.47134720812


# name: QUERY
# type: sq_string
# elements: 1
# length: 2
R5


# name: DATASIZE
# type: sq_string
# elements: 1
# length: 4
1000


