# Created by Octave 4.0.0, Mon May 23 13:38:50 2016 CEST <peter@Independence>
# name: SVs
# type: cell
# rows: 1
# columns: 7
# name: <cell-element>
# type: sparse matrix
# nnz: 19
# rows: 19
# columns: 1
1 1 0.294127016893654
2 1 0.294127016893654
3 1 1.669266316656185
4 1 0.294127016893654
5 1 0.294127016893654
6 1 1.669266316656185
7 1 0.294127016893654
8 1 -1.081012282868877
9 1 0.294127016893654
10 1 0.294127016893654
11 1 -0.5309565629638648
12 1 0.294127016893654
13 1 -1.081012282868877
14 1 -0.5309565629638648
15 1 -1.081012282868877
16 1 -1.081012282868877
17 1 -1.081012282868877
18 1 -0.5309565629638648
19 1 -0.5309565629638648



# name: <cell-element>
# type: sparse matrix
# nnz: 22
# rows: 22
# columns: 1
1 1 0.294127016893654
2 1 1.669266316656185
3 1 -1.081012282868877
4 1 1.669266316656185
5 1 1.669266316656185
6 1 1.669266316656185
7 1 -1.081012282868877
8 1 0.294127016893654
9 1 -1.081012282868877
10 1 -1.081012282868877
11 1 0.294127016893654
12 1 -0.5309565629638648
13 1 -1.081012282868877
14 1 1.669266316656185
15 1 -0.5309565629638648
16 1 0.294127016893654
17 1 -1.081012282868877
18 1 -1.081012282868877
19 1 -0.5309565629638648
20 1 -1.081012282868877
21 1 -0.5309565629638648
22 1 -0.5309565629638648



# name: <cell-element>
# type: sparse matrix
# nnz: 28
# rows: 28
# columns: 1
1 1 0.294127016893654
2 1 0.294127016893654
3 1 1.669266316656185
4 1 0.294127016893654
5 1 -1.081012282868877
6 1 -0.5309565629638648
7 1 0.294127016893654
8 1 1.669266316656185
9 1 1.669266316656185
10 1 1.669266316656185
11 1 0.294127016893654
12 1 -1.081012282868877
13 1 -1.081012282868877
14 1 0.294127016893654
15 1 0.294127016893654
16 1 -0.5309565629638648
17 1 0.294127016893654
18 1 -1.081012282868877
19 1 -1.081012282868877
20 1 1.669266316656185
21 1 -0.5309565629638648
22 1 0.294127016893654
23 1 -1.081012282868877
24 1 -1.081012282868877
25 1 -1.081012282868877
26 1 -1.081012282868877
27 1 -0.5309565629638648
28 1 -0.5309565629638648



# name: <cell-element>
# type: sparse matrix
# nnz: 38
# rows: 38
# columns: 1
1 1 0.294127016893654
2 1 0.294127016893654
3 1 1.669266316656185
4 1 -1.081012282868877
5 1 0.294127016893654
6 1 1.669266316656185
7 1 -1.081012282868877
8 1 -0.5309565629638648
9 1 0.294127016893654
10 1 -0.5309565629638648
11 1 1.669266316656185
12 1 -0.5309565629638648
13 1 0.294127016893654
14 1 1.669266316656185
15 1 1.669266316656185
16 1 -1.081012282868877
17 1 1.669266316656185
18 1 0.294127016893654
19 1 -1.081012282868877
20 1 -1.081012282868877
21 1 0.294127016893654
22 1 0.294127016893654
23 1 -0.5309565629638648
24 1 0.294127016893654
25 1 1.669266316656185
26 1 -1.081012282868877
27 1 -1.081012282868877
28 1 1.669266316656185
29 1 -0.5309565629638648
30 1 0.294127016893654
31 1 -1.081012282868877
32 1 -1.081012282868877
33 1 -1.081012282868877
34 1 -1.081012282868877
35 1 -0.5309565629638648
36 1 -1.081012282868877
37 1 -0.5309565629638648
38 1 -0.5309565629638648



# name: <cell-element>
# type: sparse matrix
# nnz: 38
# rows: 38
# columns: 1
1 1 0.294127016893654
2 1 0.294127016893654
3 1 1.669266316656185
4 1 -1.081012282868877
5 1 0.294127016893654
6 1 1.669266316656185
7 1 -1.081012282868877
8 1 -0.5309565629638648
9 1 0.294127016893654
10 1 -0.5309565629638648
11 1 1.669266316656185
12 1 -0.5309565629638648
13 1 0.294127016893654
14 1 1.669266316656185
15 1 1.669266316656185
16 1 1.669266316656185
17 1 0.294127016893654
18 1 -1.081012282868877
19 1 -1.081012282868877
20 1 0.294127016893654
21 1 0.294127016893654
22 1 -0.5309565629638648
23 1 0.294127016893654
24 1 1.669266316656185
25 1 -1.081012282868877
26 1 -1.081012282868877
27 1 1.669266316656185
28 1 -0.5309565629638648
29 1 0.294127016893654
30 1 -1.081012282868877
31 1 -1.081012282868877
32 1 -1.081012282868877
33 1 -0.5309565629638648
34 1 -1.081012282868877
35 1 -0.5309565629638648
36 1 -1.081012282868877
37 1 -0.5309565629638648
38 1 -0.5309565629638648



# name: <cell-element>
# type: sparse matrix
# nnz: 25
# rows: 25
# columns: 1
1 1 0.294127016893654
2 1 1.669266316656185
3 1 -1.081012282868877
4 1 -1.081012282868877
5 1 0.294127016893654
6 1 1.669266316656185
7 1 1.669266316656185
8 1 1.669266316656185
9 1 0.294127016893654
10 1 -1.081012282868877
11 1 -1.081012282868877
12 1 0.294127016893654
13 1 0.294127016893654
14 1 -0.5309565629638648
15 1 0.294127016893654
16 1 -1.081012282868877
17 1 1.669266316656185
18 1 -0.5309565629638648
19 1 0.294127016893654
20 1 -1.081012282868877
21 1 -1.081012282868877
22 1 -1.081012282868877
23 1 -1.081012282868877
24 1 -0.5309565629638648
25 1 -0.5309565629638648



# name: <cell-element>
# type: scalar
0





# name: coefficients
# type: cell
# rows: 1
# columns: 7
# name: <cell-element>
# type: matrix
# rows: 19
# columns: 1
 -5
 -5
 5
 -4.714202750236849
 -5
 5
 5
 5
 5
 -5
 5
 -5
 -0.2857972497631546
 -5
 -5
 5
 5
 -5
 5



# name: <cell-element>
# type: matrix
# rows: 22
# columns: 1
 -2.4211
 2.4211
 -2.4211
 -0.02839927014920296
 2.4211
 2.4211
 -2.4211
 2.4211
 -2.4211
 2.4211
 2.4211
 2.4211
 -2.4211
 -2.4211
 -2.4211
 2.4211
 -2.4211
 -2.4211
 2.4211
 0.02839927014920238
 -2.4211
 2.4211



# name: <cell-element>
# type: matrix
# rows: 28
# columns: 1
 -5
 -5
 5
 -4.032466474709133
 5
 -5
 -5
 -5
 5
 4.032466474709135
 5
 -5
 5
 5
 -5
 5
 -5
 -5
 5
 -5
 -5
 5
 -5
 5
 5
 5
 -5
 5



# name: <cell-element>
# type: matrix
# rows: 38
# columns: 1
 -5
 -5
 5
 -5
 -4.927748605172503
 -5
 5
 -5
 -5
 5
 -5
 5
 5
 5
 5
 -5
 -5
 5
 -5
 5
 5
 -5
 5
 -5
 4.927748605172504
 -5
 5
 -5
 -5
 5
 -5
 5
 5
 -5
 5
 5
 -5
 5



# name: <cell-element>
# type: matrix
# rows: 38
# columns: 1
 -5
 -5
 5
 -5
 -5
 -5
 5
 -5
 -5
 5
 -5
 5
 5
 5
 5
 -5
 5
 -5
 5
 5
 -5
 5
 -5
 4.62850437819854
 -5
 5
 -5
 -5
 5
 -5
 5
 5
 -4.628504378198526
 -5
 5
 5
 -5
 5



# name: <cell-element>
# type: matrix
# rows: 25
# columns: 1
 -1.9053
 1.9053
 -1.9053
 1.9053
 -1.9053
 -1.9053
 1.9053
 0.671664375093558
 1.9053
 -1.9053
 1.9053
 1.9053
 -1.9053
 1.9053
 -0.3724032946025649
 -1.9053
 -1.9053
 -1.9053
 1.9053
 -1.9053
 1.9053
 -0.2992610804909929
 1.9053
 -1.9053
 1.9053



# name: <cell-element>
# type: scalar
0





# name: b
# type: cell
# rows: 1
# columns: 7
# name: <cell-element>
# type: scalar
-0.08860340902090599



# name: <cell-element>
# type: scalar
-0.5247609215835495



# name: <cell-element>
# type: scalar
-0.2359673462235607



# name: <cell-element>
# type: scalar
-0.4899917934021046



# name: <cell-element>
# type: scalar
-0.457332226232065



# name: <cell-element>
# type: scalar
0.0732553928863315



# name: <cell-element>
# type: scalar
0





# name: models
# type: cell
# rows: 1
# columns: 7
# name: <cell-element>
# type: scalar struct
# ndims: 2
 1 1
# length: 11
# name: Parameters
# type: matrix
# rows: 5
# columns: 1
 3
 0
 3
 1
 0


# name: nr_class
# type: scalar
2


# name: totalSV
# type: scalar
19


# name: rho
# type: scalar
0.08860340902090599


# name: Label
# type: matrix
# rows: 0
# columns: 0


# name: sv_indices
# type: matrix
# rows: 19
# columns: 1
 1
 2
 3
 5
 9
 14
 19
 21
 22
 23
 24
 25
 28
 32
 34
 36
 40
 42
 43


# name: ProbA
# type: matrix
# rows: 0
# columns: 0


# name: ProbB
# type: matrix
# rows: 0
# columns: 0


# name: nSV
# type: matrix
# rows: 0
# columns: 0


# name: sv_coef
# type: matrix
# rows: 19
# columns: 1
 -5
 -5
 5
 -4.714202750236849
 -5
 5
 5
 5
 5
 -5
 5
 -5
 -0.2857972497631546
 -5
 -5
 5
 5
 -5
 5


# name: SVs
# type: sparse matrix
# nnz: 19
# rows: 19
# columns: 1
1 1 0.294127016893654
2 1 0.294127016893654
3 1 1.669266316656185
4 1 0.294127016893654
5 1 0.294127016893654
6 1 1.669266316656185
7 1 0.294127016893654
8 1 -1.081012282868877
9 1 0.294127016893654
10 1 0.294127016893654
11 1 -0.5309565629638648
12 1 0.294127016893654
13 1 -1.081012282868877
14 1 -0.5309565629638648
15 1 -1.081012282868877
16 1 -1.081012282868877
17 1 -1.081012282868877
18 1 -0.5309565629638648
19 1 -0.5309565629638648





