# Created by Octave 4.0.0, Mon May 23 13:38:44 2016 CEST <peter@Independence>
# name: mu
# type: matrix
# rows: 1
# columns: 2
 39108.70833333334 0.01160879629629629


# name: sigma
# type: matrix
# rows: 1
# columns: 2
 4585.116142530411 0.003029996064679554


