# Created by Octave 3.8.2, Wed May 18 18:01:08 2016 CEST <Andrea@Andreas-MacBook-Pro.local>
# name: mu
# type: matrix
# rows: 1
# columns: 2
 39108.70833333334 0.01160879629629629


# name: sigma
# type: matrix
# rows: 1
# columns: 2
 4585.116142530411 0.003029996064679554


