# Created by Octave 3.8.2, Wed May 18 18:01:18 2016 CEST <Andrea@Andreas-MacBook-Pro.local>
# name: x
# type: matrix
# rows: 1
# columns: 100
 0.008333333333333333 0.008417508417508417 0.008501683501683501 0.008585858585858586 0.00867003367003367 0.008754208754208754 0.008838383838383838 0.008922558922558922 0.009006734006734006 0.00909090909090909 0.009175084175084176 0.009259259259259259 0.009343434343434343 0.009427609427609427 0.009511784511784513 0.009595959595959595 0.009680134680134681 0.009764309764309764 0.009848484848484849 0.009932659932659932 0.01001683501683502 0.0101010101010101 0.01018518518518519 0.01026936026936027 0.01035353535353535 0.01043771043771044 0.01052188552188552 0.01060606060606061 0.01069023569023569 0.01077441077441077 0.01085858585858586 0.01094276094276094 0.01102693602693603 0.01111111111111111 0.0111952861952862 0.01127946127946128 0.01136363636363636 0.01144781144781145 0.01153198653198653 0.01161616161616162 0.0117003367003367 0.01178451178451178 0.01186868686868687 0.01195286195286195 0.01203703703703704 0.01212121212121212 0.01220538720538721 0.01228956228956229 0.01237373737373737 0.01245791245791246 0.01254208754208754 0.01262626262626263 0.01271043771043771 0.01279461279461279 0.01287878787878788 0.01296296296296296 0.01304713804713805 0.01313131313131313 0.01321548821548822 0.0132996632996633 0.01338383838383838 0.01346801346801347 0.01355218855218855 0.01363636363636364 0.01372053872053872 0.0138047138047138 0.01388888888888889 0.01397306397306397 0.01405723905723906 0.01414141414141414 0.01422558922558922 0.01430976430976431 0.01439393939393939 0.01447811447811448 0.01456228956228956 0.01464646464646465 0.01473063973063973 0.01481481481481482 0.0148989898989899 0.01498316498316498 0.01506734006734007 0.01515151515151515 0.01523569023569024 0.01531986531986532 0.0154040404040404 0.01548821548821549 0.01557239057239057 0.01565656565656566 0.01574074074074074 0.01582491582491583 0.01590909090909091 0.01599326599326599 0.01607744107744108 0.01616161616161616 0.01624579124579124 0.01632996632996633 0.01641414141414142 0.0164983164983165 0.01658249158249158 0.01666666666666667


# name: y
# type: matrix
# rows: 100
# columns: 1
 37786.32698629139
 37730.79136023892
 37682.11638537335
 37639.60659487294
 37602.62079293656
 37570.56915480155
 37542.910406404
 37519.14908368158
 37498.83287151883
 37481.55002233494
 37466.92685431406
 37454.62532927799
 37444.3407102015
 37435.79929837008
 37428.75625018014
 37422.99347358172
 37418.3176041638
 37414.5580608819
 37411.56518142835
 37409.20843724492
 37407.37472817807
 37405.96675677656
 37404.90148223161
 37404.10865395959
 37403.52942482711
 37403.1150440187
 37402.82562954687
 37402.62902040479
 37402.49970836132
 37402.41784939864
 37402.36835479233
 37402.34006183392
 37402.32498419598
 37402.31764193964
 37402.31447116464
 37402.31331330189
 37402.31298404843
 37402.31292194503
 37402.3129165961
 37402.31291653224
 37402.31291671521
 37402.3129256854
 37402.31301235179
 37402.3134324244
 37402.31483448925
 37402.31854572577
 37402.32693726676
 37402.34386920075
 37402.37521521695
 37402.42946689266
 37402.51841762307
 37402.65792619373
 37402.86875999536
 37403.17751788123
 37403.61763266699
 37404.230453273
 37405.06640650921
 37406.18623850239
 37407.66233576599
 37409.58012591246
 37412.03955800798
 37415.15666256977
 37419.06519120585
 37423.91833589729
 37429.89052792299
 37437.17931642687
 37446.00732662765
 37456.62429767102
 37469.30920012438
 37484.37243311403
 37502.15810110485
 37523.04637032253
 37547.45590481814
 37575.84638217539
 37608.72108886024
 37646.62959521302
 37690.17051008309
 37739.99431510597
 37796.80627862291
 37861.36944924302
 37934.50772904787
 38017.10902643854
 38110.12848862523
 38214.59181375929
 38331.5986427078
 38462.32603047058
 38608.03199723977
 38770.0591591018
 38949.83843838192
 39148.89285363125
 39368.8413892562
 39611.40294479056
 39878.40036380981
 40171.7645424882
 40493.53861779825
 40845.88223535261
 41231.07589688846
 41651.52538739451
 42109.76628188049
 42608.4685317888


# name: QUERY
# type: sq_string
# elements: 1
# length: 2
R5


# name: DATASIZE
# type: sq_string
# elements: 1
# length: 4
1000


