# Created by Octave 3.8.2, Wed May 18 18:01:18 2016 CEST <Andrea@Andreas-MacBook-Pro.local>
# name: x
# type: matrix
# rows: 1
# columns: 100
 0.008333333333333333 0.008417508417508417 0.008501683501683501 0.008585858585858586 0.00867003367003367 0.008754208754208754 0.008838383838383838 0.008922558922558922 0.009006734006734006 0.00909090909090909 0.009175084175084176 0.009259259259259259 0.009343434343434343 0.009427609427609427 0.009511784511784513 0.009595959595959595 0.009680134680134681 0.009764309764309764 0.009848484848484849 0.009932659932659932 0.01001683501683502 0.0101010101010101 0.01018518518518519 0.01026936026936027 0.01035353535353535 0.01043771043771044 0.01052188552188552 0.01060606060606061 0.01069023569023569 0.01077441077441077 0.01085858585858586 0.01094276094276094 0.01102693602693603 0.01111111111111111 0.0111952861952862 0.01127946127946128 0.01136363636363636 0.01144781144781145 0.01153198653198653 0.01161616161616162 0.0117003367003367 0.01178451178451178 0.01186868686868687 0.01195286195286195 0.01203703703703704 0.01212121212121212 0.01220538720538721 0.01228956228956229 0.01237373737373737 0.01245791245791246 0.01254208754208754 0.01262626262626263 0.01271043771043771 0.01279461279461279 0.01287878787878788 0.01296296296296296 0.01304713804713805 0.01313131313131313 0.01321548821548822 0.0132996632996633 0.01338383838383838 0.01346801346801347 0.01355218855218855 0.01363636363636364 0.01372053872053872 0.0138047138047138 0.01388888888888889 0.01397306397306397 0.01405723905723906 0.01414141414141414 0.01422558922558922 0.01430976430976431 0.01439393939393939 0.01447811447811448 0.01456228956228956 0.01464646464646465 0.01473063973063973 0.01481481481481482 0.0148989898989899 0.01498316498316498 0.01506734006734007 0.01515151515151515 0.01523569023569024 0.01531986531986532 0.0154040404040404 0.01548821548821549 0.01557239057239057 0.01565656565656566 0.01574074074074074 0.01582491582491583 0.01590909090909091 0.01599326599326599 0.01607744107744108 0.01616161616161616 0.01624579124579124 0.01632996632996633 0.01641414141414142 0.0164983164983165 0.01658249158249158 0.01666666666666667


# name: y
# type: matrix
# rows: 100
# columns: 1
 39016.34955862533
 38886.83304087086
 38760.68825153174
 38637.91519060796
 38518.51385809953
 38402.48425400645
 38289.82637832872
 38180.54023106632
 38074.62581221927
 37972.08312178757
 37872.91215977122
 37777.11292617021
 37684.68542098455
 37595.62964421423
 37509.94559585926
 37427.63327591963
 37348.69268439535
 37273.12382128641
 37200.92668659282
 37132.10128031458
 37066.64760245168
 37004.56565300413
 36945.85543197193
 36890.51693935506
 36838.55017515355
 36789.95513936738
 36744.73183199655
 36702.88025304108
 36664.40040250094
 36629.29228037615
 36597.55588666671
 36569.19122137262
 36544.19828449387
 36522.57707603047
 36504.3275959824
 36489.44984434969
 36477.94382113233
 36469.8095263303
 36465.04695994363
 36463.6561219723
 36465.63701241631
 36470.98963127568
 36479.71397855038
 36491.81005424044
 36507.27785834583
 36526.11739086658
 36548.32865180267
 36573.9116411541
 36602.86635892089
 36635.19280510301
 36670.89097970048
 36709.96088271331
 36752.40251414147
 36798.21587398498
 36847.40096224383
 36899.95777891803
 36955.88632400758
 37015.18659751247
 37077.85859943271
 37143.90232976829
 37213.31778851923
 37286.1049756855
 37362.26389126712
 37441.79453526409
 37524.6969076764
 37610.97100850406
 37700.61683774706
 37793.63439540542
 37890.02368147911
 37989.78469596815
 38092.91743887254
 38199.42191019226
 38309.29810992735
 38422.54603807777
 38539.16569464354
 38659.15707962465
 38782.52019302112
 38909.25503483292
 39039.36160506008
 39172.83990370257
 39309.68993076042
 39449.91168623361
 39593.50517012214
 39740.47038242602
 39890.80732314524
 40044.51599227981
 40201.59638982973
 40362.048515795
 40525.87237017561
 40693.06795297156
 40863.63526418286
 41037.57430380951
 41214.8850718515
 41395.56756830884
 41579.62179318153
 41767.04774646956
 41957.84542817293
 42152.01483829164
 42349.55597682571
 42550.46884377512


# name: QUERY
# type: sq_string
# elements: 1
# length: 2
R5


# name: DATASIZE
# type: sq_string
# elements: 1
# length: 4
1000


