# Created by Octave 4.0.0, Mon May 23 13:38:51 2016 CEST <peter@Independence>
# name: x
# type: matrix
# rows: 1
# columns: 100
 0.008333333333333333 0.008417508417508417 0.008501683501683501 0.008585858585858586 0.00867003367003367 0.008754208754208754 0.008838383838383838 0.008922558922558922 0.009006734006734006 0.00909090909090909 0.009175084175084176 0.009259259259259259 0.009343434343434343 0.009427609427609427 0.009511784511784513 0.009595959595959595 0.009680134680134681 0.009764309764309764 0.009848484848484849 0.009932659932659932 0.01001683501683502 0.0101010101010101 0.01018518518518519 0.01026936026936027 0.01035353535353535 0.01043771043771044 0.01052188552188552 0.01060606060606061 0.01069023569023569 0.01077441077441077 0.01085858585858586 0.01094276094276094 0.01102693602693603 0.01111111111111111 0.0111952861952862 0.01127946127946128 0.01136363636363636 0.01144781144781145 0.01153198653198653 0.01161616161616162 0.0117003367003367 0.01178451178451178 0.01186868686868687 0.01195286195286195 0.01203703703703704 0.01212121212121212 0.01220538720538721 0.01228956228956229 0.01237373737373737 0.01245791245791246 0.01254208754208754 0.01262626262626263 0.01271043771043771 0.01279461279461279 0.01287878787878788 0.01296296296296296 0.01304713804713805 0.01313131313131313 0.01321548821548822 0.0132996632996633 0.01338383838383838 0.01346801346801347 0.01355218855218855 0.01363636363636364 0.01372053872053872 0.0138047138047138 0.01388888888888889 0.01397306397306397 0.01405723905723906 0.01414141414141414 0.01422558922558922 0.01430976430976431 0.01439393939393939 0.01447811447811448 0.01456228956228956 0.01464646464646465 0.01473063973063973 0.01481481481481482 0.0148989898989899 0.01498316498316498 0.01506734006734007 0.01515151515151515 0.01523569023569024 0.01531986531986532 0.0154040404040404 0.01548821548821549 0.01557239057239057 0.01565656565656566 0.01574074074074074 0.01582491582491583 0.01590909090909091 0.01599326599326599 0.01607744107744108 0.01616161616161616 0.01624579124579124 0.01632996632996633 0.01641414141414142 0.0164983164983165 0.01658249158249158 0.01666666666666667


# name: y
# type: matrix
# rows: 100
# columns: 1
 36875.15049804787
 36961.67373951437
 37043.75091885744
 37121.49930774545
 37195.03617784654
 37264.47880082911
 37329.94444836128
 37391.55039211144
 37449.41390374782
 37503.65225493877
 37554.38271735246
 37601.72256265722
 37645.78906252132
 37686.69948861301
 37724.57111260056
 37759.52120615227
 37791.66704093639
 37821.12588862122
 37848.015020875
 37872.45170936603
 37894.55322576257
 37914.4368417329
 37932.21982894529
 37948.019459068
 37961.95300376933
 37974.13773471752
 37984.69092358088
 37993.72984202765
 38001.37176172613
 38007.73395434457
 38012.93369155125
 38017.08824501446
 38020.31488640245
 38022.73088738351
 38024.45351962589
 38025.60005479789
 38026.28776456777
 38026.63392060381
 38026.75579457427
 38026.77065814743
 38026.79578299157
 38026.94844077496
 38027.34590316586
 38028.10544183256
 38029.34432844332
 38031.17983466643
 38033.72923217014
 38037.10979262274
 38041.4387876925
 38046.83348904769
 38053.41116835659
 38061.28909728746
 38070.58454750858
 38081.41479068823
 38093.89709849467
 38108.14874259618
 38124.28699466104
 38142.42912635751
 38162.69240935386
 38185.1941153184
 38210.05151591935
 38237.38188282502
 38267.30248770367
 38299.93060222358
 38335.383498053
 38373.77844686021
 38415.23272031353
 38459.8635900812
 38507.78832783148
 38559.12420523261
 38613.98849395293
 38672.49846566069
 38734.7713920242
 38800.92454471166
 38871.07519539133
 38945.34061573161
 39023.83807740066
 39106.68485206681
 39193.99821139828
 39285.89542706341
 39382.49377073048
 39483.91051406751
 39590.26292874335
 39701.66828642551
 39818.24385878289
 39940.10691748331
 40067.37473419544
 40200.16458058751
 40338.5937283274
 40482.77944908376
 40632.8390145248
 40788.88969631853
 40951.04876613394
 41119.43349563835
 41294.16115650076
 41475.34902038873
 41663.11435897117
 41857.57444391601
 42058.84654689184
 42267.04793956641


# name: QUERY
# type: sq_string
# elements: 1
# length: 2
R5


# name: DATASIZE
# type: sq_string
# elements: 1
# length: 4
1000


