# Created by Octave 4.0.0, Mon May 23 13:38:51 2016 CEST <peter@Independence>
# name: x
# type: matrix
# rows: 1
# columns: 100
 0.008333333333333333 0.008417508417508417 0.008501683501683501 0.008585858585858586 0.00867003367003367 0.008754208754208754 0.008838383838383838 0.008922558922558922 0.009006734006734006 0.00909090909090909 0.009175084175084176 0.009259259259259259 0.009343434343434343 0.009427609427609427 0.009511784511784513 0.009595959595959595 0.009680134680134681 0.009764309764309764 0.009848484848484849 0.009932659932659932 0.01001683501683502 0.0101010101010101 0.01018518518518519 0.01026936026936027 0.01035353535353535 0.01043771043771044 0.01052188552188552 0.01060606060606061 0.01069023569023569 0.01077441077441077 0.01085858585858586 0.01094276094276094 0.01102693602693603 0.01111111111111111 0.0111952861952862 0.01127946127946128 0.01136363636363636 0.01144781144781145 0.01153198653198653 0.01161616161616162 0.0117003367003367 0.01178451178451178 0.01186868686868687 0.01195286195286195 0.01203703703703704 0.01212121212121212 0.01220538720538721 0.01228956228956229 0.01237373737373737 0.01245791245791246 0.01254208754208754 0.01262626262626263 0.01271043771043771 0.01279461279461279 0.01287878787878788 0.01296296296296296 0.01304713804713805 0.01313131313131313 0.01321548821548822 0.0132996632996633 0.01338383838383838 0.01346801346801347 0.01355218855218855 0.01363636363636364 0.01372053872053872 0.0138047138047138 0.01388888888888889 0.01397306397306397 0.01405723905723906 0.01414141414141414 0.01422558922558922 0.01430976430976431 0.01439393939393939 0.01447811447811448 0.01456228956228956 0.01464646464646465 0.01473063973063973 0.01481481481481482 0.0148989898989899 0.01498316498316498 0.01506734006734007 0.01515151515151515 0.01523569023569024 0.01531986531986532 0.0154040404040404 0.01548821548821549 0.01557239057239057 0.01565656565656566 0.01574074074074074 0.01582491582491583 0.01590909090909091 0.01599326599326599 0.01607744107744108 0.01616161616161616 0.01624579124579124 0.01632996632996633 0.01641414141414142 0.0164983164983165 0.01658249158249158 0.01666666666666667


# name: y
# type: matrix
# rows: 100
# columns: 1
 37419.51921959681
 37360.55349916387
 37308.87217018591
 37263.73681112931
 37224.46662346796
 37190.43535258788
 37161.06829325192
 37135.83937962727
 37114.26835987301
 37095.91805529011
 37080.39170403319
 37067.33038938283
 37056.41055258019
 37047.34159022299
 37039.8635362226
 37033.74482832331
 37028.78015918248
 37024.78841201271
 37021.61068078518
 37019.10837499465
 37017.16140898603
 37015.66647584238
 37014.53540583441
 37013.69360943158
 37013.07860487469
 37012.63863030991
 37012.33134048449
 37012.12258800377
 37011.98528914993
 37011.89837426212
 37011.8458226781
 37011.8157822375
 37011.79977334651
 37011.7919776041
 37011.78861098982
 37011.78738161299
 37011.78703202357
 37011.78696608443
 37011.78696040512
 37011.78696033733
 37011.7869605316
 37011.78697005582
 37011.78706207506
 37011.78750809297
 37011.78899675475
 37011.79293721155
 37011.80184704646
 37011.81982476197
 37011.853106829
 37011.91070929736
 37012.00515396782
 37012.15327912568
 37012.37713483577
 37012.70496279907
 37013.17226077084
 37013.8229315402
 37014.71051647125
 37015.89951360579
 37017.46678032744
 37019.50302058733
 37022.11435669131
 37025.42398564872
 37029.57392008254
 37034.72681370126
 37041.06787133202
 37048.80684351554
 37058.18010566241
 37069.45282177072
 37082.92119270579
 37098.91478904062
 37117.79896845851
 37139.97737771706
 37165.89453917306
 37196.03852187037
 37230.94369718729
 37271.19357904735
 37317.4237486901
 37370.32486400507
 37430.64575342518
 37499.19659438366
 37576.85217633106
 37664.55524831451
 37763.31995111911
 37874.23533396814
 37998.46895578827
 38137.27057103342
 38291.97590007351
 38464.01048414261
 38654.8936248435
 38866.24240822587
 39099.77581341347
 39357.31890580514
 39640.80711482194
 39952.29059622937
 40293.93867901813
 40668.04439684043
 41077.02910401041
 41523.44717607967
 42009.99079493897
 42539.49481853082


# name: QUERY
# type: sq_string
# elements: 1
# length: 2
R5


# name: DATASIZE
# type: sq_string
# elements: 1
# length: 4
1000


