# Created by Octave 4.0.0, Mon May 23 13:38:51 2016 CEST <peter@Independence>
# name: x
# type: matrix
# rows: 1
# columns: 100
 0.008333333333333333 0.008417508417508417 0.008501683501683501 0.008585858585858586 0.00867003367003367 0.008754208754208754 0.008838383838383838 0.008922558922558922 0.009006734006734006 0.00909090909090909 0.009175084175084176 0.009259259259259259 0.009343434343434343 0.009427609427609427 0.009511784511784513 0.009595959595959595 0.009680134680134681 0.009764309764309764 0.009848484848484849 0.009932659932659932 0.01001683501683502 0.0101010101010101 0.01018518518518519 0.01026936026936027 0.01035353535353535 0.01043771043771044 0.01052188552188552 0.01060606060606061 0.01069023569023569 0.01077441077441077 0.01085858585858586 0.01094276094276094 0.01102693602693603 0.01111111111111111 0.0111952861952862 0.01127946127946128 0.01136363636363636 0.01144781144781145 0.01153198653198653 0.01161616161616162 0.0117003367003367 0.01178451178451178 0.01186868686868687 0.01195286195286195 0.01203703703703704 0.01212121212121212 0.01220538720538721 0.01228956228956229 0.01237373737373737 0.01245791245791246 0.01254208754208754 0.01262626262626263 0.01271043771043771 0.01279461279461279 0.01287878787878788 0.01296296296296296 0.01304713804713805 0.01313131313131313 0.01321548821548822 0.0132996632996633 0.01338383838383838 0.01346801346801347 0.01355218855218855 0.01363636363636364 0.01372053872053872 0.0138047138047138 0.01388888888888889 0.01397306397306397 0.01405723905723906 0.01414141414141414 0.01422558922558922 0.01430976430976431 0.01439393939393939 0.01447811447811448 0.01456228956228956 0.01464646464646465 0.01473063973063973 0.01481481481481482 0.0148989898989899 0.01498316498316498 0.01506734006734007 0.01515151515151515 0.01523569023569024 0.01531986531986532 0.0154040404040404 0.01548821548821549 0.01557239057239057 0.01565656565656566 0.01574074074074074 0.01582491582491583 0.01590909090909091 0.01599326599326599 0.01607744107744108 0.01616161616161616 0.01624579124579124 0.01632996632996633 0.01641414141414142 0.0164983164983165 0.01658249158249158 0.01666666666666667


# name: y
# type: matrix
# rows: 100
# columns: 1
 37860.59714977078
 37761.84010365012
 37670.59605514527
 37586.47394301462
 37509.09315870593
 37438.08354635636
 37373.08540279236
 37313.74947752989
 37259.73697277418
 37210.71954341995
 37166.37929705126
 37126.40879394155
 37090.51104705365
 37058.39952203978
 37029.79813724151
 37004.44126368988
 36982.07372510523
 36962.45079789735
 36945.33821116536
 36930.51214669779
 36917.75923897257
 36906.876575157
 36897.67169510775
 36889.96259137092
 36883.57770918195
 36878.3559464657
 36874.14665383638
 36870.80963459763
 36868.21514474243
 36866.24389295318
 36864.78704060164
 36863.74620174898
 36863.03344314574
 36862.57128423185
 36862.29269713663
 36862.14110667876
 36862.07039036635
 36862.04487839685
 36862.03935365714
 36862.03905172345
 36862.03966086141
 36862.04732202603
 36862.07862886172
 36862.16062770226
 36862.33081757082
 36862.63715017995
 36863.1380299316
 36863.9023139171
 36865.00931191716
 36866.54878640187
 36868.62095253073
 36871.3364781526
 36874.81648380574
 36879.19254271779
 36884.60668080577
 36891.2113766761
 36899.16956162459
 36908.6546196364
 36919.8503873861
 36932.95115423766
 36948.16166224441
 36965.69710614908
 36985.7831333838
 37008.65584407004
 37034.56179101869
 37063.75797972999
 37096.51186839366
 37133.1013678887
 37173.81484178354
 37218.95110633598
 37268.81943049322
 37323.73953589184
 37384.04159685782
 37450.0662404065
 37522.16454624268
 37600.69804676044
 37686.03872704315
 37778.56902486397
 37878.68183068491
 37986.78048765795
 38103.2787916238
 38228.60099111313
 38363.18178734572
 38507.46633423074
 38661.91023836681
 38826.97955904185
 39003.15080823335
 39190.91095060813
 39390.75740352183
 39603.19803702037
 39828.75117383885
 40067.94558940123
 40321.32051182118
 40589.42562190196
 40872.82105313599
 41172.07739170504
 41487.77567648043
 41820.50739902266
 42170.87450358162
 42539.48938709662


# name: QUERY
# type: sq_string
# elements: 1
# length: 2
R5


# name: DATASIZE
# type: sq_string
# elements: 1
# length: 4
1000


