# Created by Octave 4.0.0, Mon May 23 13:38:50 2016 CEST <peter@Independence>
# name: x
# type: matrix
# rows: 1
# columns: 100
 0.008333333333333333 0.008417508417508417 0.008501683501683501 0.008585858585858586 0.00867003367003367 0.008754208754208754 0.008838383838383838 0.008922558922558922 0.009006734006734006 0.00909090909090909 0.009175084175084176 0.009259259259259259 0.009343434343434343 0.009427609427609427 0.009511784511784513 0.009595959595959595 0.009680134680134681 0.009764309764309764 0.009848484848484849 0.009932659932659932 0.01001683501683502 0.0101010101010101 0.01018518518518519 0.01026936026936027 0.01035353535353535 0.01043771043771044 0.01052188552188552 0.01060606060606061 0.01069023569023569 0.01077441077441077 0.01085858585858586 0.01094276094276094 0.01102693602693603 0.01111111111111111 0.0111952861952862 0.01127946127946128 0.01136363636363636 0.01144781144781145 0.01153198653198653 0.01161616161616162 0.0117003367003367 0.01178451178451178 0.01186868686868687 0.01195286195286195 0.01203703703703704 0.01212121212121212 0.01220538720538721 0.01228956228956229 0.01237373737373737 0.01245791245791246 0.01254208754208754 0.01262626262626263 0.01271043771043771 0.01279461279461279 0.01287878787878788 0.01296296296296296 0.01304713804713805 0.01313131313131313 0.01321548821548822 0.0132996632996633 0.01338383838383838 0.01346801346801347 0.01355218855218855 0.01363636363636364 0.01372053872053872 0.0138047138047138 0.01388888888888889 0.01397306397306397 0.01405723905723906 0.01414141414141414 0.01422558922558922 0.01430976430976431 0.01439393939393939 0.01447811447811448 0.01456228956228956 0.01464646464646465 0.01473063973063973 0.01481481481481482 0.0148989898989899 0.01498316498316498 0.01506734006734007 0.01515151515151515 0.01523569023569024 0.01531986531986532 0.0154040404040404 0.01548821548821549 0.01557239057239057 0.01565656565656566 0.01574074074074074 0.01582491582491583 0.01590909090909091 0.01599326599326599 0.01607744107744108 0.01616161616161616 0.01624579124579124 0.01632996632996633 0.01641414141414142 0.0164983164983165 0.01658249158249158 0.01666666666666667


# name: y
# type: matrix
# rows: 100
# columns: 1
 38855.03450441035
 38745.82749811923
 38639.46349882561
 38535.94250652949
 38435.26452123082
 38337.42954292968
 38242.43757162605
 38150.28860731988
 38060.9826500112
 37974.5196997
 37890.89975638632
 37810.12282007012
 37732.1888907514
 37657.09796843017
 37584.85005310645
 37515.44514478021
 37448.88324345146
 37385.1643491202
 37324.28846178643
 37266.25558145015
 37211.06570811137
 37158.71884177007
 37109.21498242626
 37062.55413007995
 37018.73628473113
 36977.76144637979
 36939.62961502594
 36904.34079066959
 36871.89497331073
 36842.29216294936
 36815.53235958548
 36791.61556321909
 36770.54177385019
 36752.31099147878
 36736.92321610486
 36724.37844772844
 36714.6766863495
 36707.81793196805
 36703.80218458409
 36702.62944419763
 36704.29971080866
 36708.81298441717
 36716.16926502318
 36726.36855262668
 36739.41084722766
 36755.29614882614
 36774.02445742211
 36795.59577301558
 36820.01009560653
 36847.26742519497
 36877.3677617809
 36910.31110536432
 36946.09745594524
 36984.72681352364
 37026.19917809954
 37070.51454967292
 37117.6729282438
 37167.67431381217
 37220.51870637803
 37276.20610594138
 37334.73651250221
 37396.10992606055
 37460.32634661636
 37527.38577416968
 37597.28820872049
 37670.03365026876
 37745.62209881455
 37824.05355435784
 37905.32801689861
 37989.44548643685
 38076.4059629726
 38166.20944650582
 38258.85593703655
 38354.34543456479
 38452.67793909047
 38553.85345061367
 38657.87196913436
 38764.73349465254
 38874.43802716823
 38986.98556668141
 39102.37611319205
 39220.60966670017
 39341.68622720585
 39465.60579470896
 39592.36836920955
 39721.97395070763
 39854.42253920324
 39989.7141346963
 40127.84873718691
 40268.82634667497
 40412.64696316054
 40559.31058664354
 40708.81721712417
 40861.16685460213
 41016.35949907771
 41174.39515055081
 41335.27380902118
 41498.99547448911
 41665.56014695473
 41834.96782641765


# name: QUERY
# type: sq_string
# elements: 1
# length: 2
R5


# name: DATASIZE
# type: sq_string
# elements: 1
# length: 4
1000


