# Created by Octave 3.8.2, Wed May 18 18:01:18 2016 CEST <Andrea@Andreas-MacBook-Pro.local>
# name: x
# type: matrix
# rows: 1
# columns: 100
 0.008333333333333333 0.008417508417508417 0.008501683501683501 0.008585858585858586 0.00867003367003367 0.008754208754208754 0.008838383838383838 0.008922558922558922 0.009006734006734006 0.00909090909090909 0.009175084175084176 0.009259259259259259 0.009343434343434343 0.009427609427609427 0.009511784511784513 0.009595959595959595 0.009680134680134681 0.009764309764309764 0.009848484848484849 0.009932659932659932 0.01001683501683502 0.0101010101010101 0.01018518518518519 0.01026936026936027 0.01035353535353535 0.01043771043771044 0.01052188552188552 0.01060606060606061 0.01069023569023569 0.01077441077441077 0.01085858585858586 0.01094276094276094 0.01102693602693603 0.01111111111111111 0.0111952861952862 0.01127946127946128 0.01136363636363636 0.01144781144781145 0.01153198653198653 0.01161616161616162 0.0117003367003367 0.01178451178451178 0.01186868686868687 0.01195286195286195 0.01203703703703704 0.01212121212121212 0.01220538720538721 0.01228956228956229 0.01237373737373737 0.01245791245791246 0.01254208754208754 0.01262626262626263 0.01271043771043771 0.01279461279461279 0.01287878787878788 0.01296296296296296 0.01304713804713805 0.01313131313131313 0.01321548821548822 0.0132996632996633 0.01338383838383838 0.01346801346801347 0.01355218855218855 0.01363636363636364 0.01372053872053872 0.0138047138047138 0.01388888888888889 0.01397306397306397 0.01405723905723906 0.01414141414141414 0.01422558922558922 0.01430976430976431 0.01439393939393939 0.01447811447811448 0.01456228956228956 0.01464646464646465 0.01473063973063973 0.01481481481481482 0.0148989898989899 0.01498316498316498 0.01506734006734007 0.01515151515151515 0.01523569023569024 0.01531986531986532 0.0154040404040404 0.01548821548821549 0.01557239057239057 0.01565656565656566 0.01574074074074074 0.01582491582491583 0.01590909090909091 0.01599326599326599 0.01607744107744108 0.01616161616161616 0.01624579124579124 0.01632996632996633 0.01641414141414142 0.0164983164983165 0.01658249158249158 0.01666666666666667


# name: y
# type: matrix
# rows: 100
# columns: 1
 36718.53299522623
 36813.04831144329
 36902.70688673861
 36987.63682505994
 37067.9662303552
 37143.82320657213
 37215.33585765857
 37282.63228756237
 37345.8406002313
 37405.08889961323
 37460.50528965597
 37512.21787430733
 37560.35475751515
 37605.04404322724
 37646.41383539137
 37684.59223795544
 37719.70735486724
 37751.88729007458
 37781.2601475253
 37807.95403116722
 37832.09704494814
 37853.8172928159
 37873.24287871832
 37890.5019066032
 37905.72248041839
 37919.0327041117
 37930.56068163094
 37940.43451692395
 37948.78231393854
 37955.73217662254
 37961.41220892375
 37965.95051479001
 37969.47519816914
 37972.11436300896
 37973.99611325728
 37975.24855286193
 37975.99978577073
 37976.3779159315
 37976.51104729206
 37976.52728380025
 37976.55472940386
 37976.72148805072
 37977.15566368867
 37977.98536026551
 37979.33868172907
 37981.34373202718
 37984.12861510763
 37987.82143491827
 37992.55029540692
 37998.44330052139
 38005.62855420951
 38014.23416041908
 38024.38822309795
 38036.21884619392
 38049.85413365483
 38065.42218942848
 38083.0511174627
 38102.86902170532
 38125.00400610414
 38149.58417460701
 38176.73763116173
 38206.59247971614
 38239.27682421802
 38274.91876861524
 38313.64641685558
 38355.58787288688
 38400.87124065698
 38449.62462411368
 38501.97612720481
 38558.05385387816
 38617.98590808159
 38681.9003937629
 38749.92541486993
 38822.18907535051
 38898.81947915237
 38979.94473022345
 39065.69293251153
 39156.19218996439
 39251.57060652992
 39351.95628615588
 39457.47733279015
 39568.26185038043
 39684.43794287477
 39806.13371422072
 39933.47726836624
 40066.59670925919
 40205.62014084731
 40350.67566707853
 40501.89139190049
 40659.39541926121
 40823.31585310843
 40993.7807973898
 41170.91835605349
 41354.85663304702
 41545.72373231839
 41743.64775781523
 41948.75681348552
 42161.17900327696
 42381.04243113766
 42608.47520101518


# name: QUERY
# type: sq_string
# elements: 1
# length: 2
R5


# name: DATASIZE
# type: sq_string
# elements: 1
# length: 4
1000


