# Created by Octave 4.0.0, Sun May 22 18:32:51 2016 CEST <peter@Independence>
# name: x
# type: matrix
# rows: 1
# columns: 100
 60 60.60606060606061 61.21212121212122 61.81818181818182 62.42424242424242 63.03030303030303 63.63636363636364 64.24242424242425 64.84848484848484 65.45454545454545 66.06060606060606 66.66666666666667 67.27272727272728 67.87878787878788 68.48484848484848 69.09090909090909 69.6969696969697 70.30303030303031 70.90909090909091 71.51515151515152 72.12121212121212 72.72727272727273 73.33333333333334 73.93939393939394 74.54545454545455 75.15151515151516 75.75757575757575 76.36363636363636 76.96969696969697 77.57575757575758 78.18181818181819 78.78787878787878 79.39393939393939 80 80.60606060606061 81.21212121212122 81.81818181818181 82.42424242424242 83.03030303030303 83.63636363636364 84.24242424242424 84.84848484848484 85.45454545454545 86.06060606060606 86.66666666666667 87.27272727272728 87.87878787878788 88.48484848484848 89.09090909090909 89.6969696969697 90.3030303030303 90.90909090909091 91.51515151515152 92.12121212121212 92.72727272727272 93.33333333333333 93.93939393939394 94.54545454545455 95.15151515151516 95.75757575757576 96.36363636363636 96.96969696969697 97.57575757575758 98.18181818181819 98.78787878787878 99.39393939393939 100 100.6060606060606 101.2121212121212 101.8181818181818 102.4242424242424 103.030303030303 103.6363636363636 104.2424242424242 104.8484848484848 105.4545454545455 106.0606060606061 106.6666666666667 107.2727272727273 107.8787878787879 108.4848484848485 109.0909090909091 109.6969696969697 110.3030303030303 110.9090909090909 111.5151515151515 112.1212121212121 112.7272727272727 113.3333333333333 113.9393939393939 114.5454545454545 115.1515151515152 115.7575757575758 116.3636363636364 116.969696969697 117.5757575757576 118.1818181818182 118.7878787878788 119.3939393939394 120


# name: y
# type: matrix
# rows: 100
# columns: 1
 81968.96024296882
 81962.00097894011
 81955.17630711322
 81948.48680169397
 81941.93300389782
 81935.51542380637
 81929.23454224617
 81923.09081268498
 81917.08466314081
 81911.21649809832
 81905.48670042824
 81899.8956333043
 81894.44364211298
 81889.13105635114
 81883.95819150639
 81878.92535091563
 81874.0328275965
 81869.28090604734
 81864.66986401069
 81860.19997419573
 81855.87150595526
 81851.68472691263
 81847.63990453423
 81843.73730764359
 81839.97720787287
 81836.35988104765
 81832.88560850169
 81829.55467831758
 81826.36738649024
 81823.32403800976
 81820.42494786067
 81817.67044193478
 81815.06085785484
 81812.59654570669
 81810.27786867757
 81808.10520359881
 81806.07894139078
 81804.1994874089
 81802.46726168932
 81800.88269909292
 81799.44624934744
 81798.15837698645
 81797.01956118544
 81796.03029549457
 81795.19108746848
 81794.50245819351
 81793.96494171288
 81793.57908435109
 81793.34544393833
 81793.26458893655
 81793.33709746874
 81793.56355625339
 81793.9445594461
 81794.48070739093
 81795.17260528373
 81796.02086175051
 81797.02608734371
 81798.18889295963
 81799.50988818027
 81800.98967954329
 81802.62886874386
 81804.42805077216
 81806.38781199073
 81808.50872815597
 81810.79136238787
 81813.23626309293
 81815.84396184447
 81818.61497122522
 81821.54978263717
 81824.6488640833
 81827.91265792647
 81831.3415786304
 81834.93601048773
 81838.69630534062
 81842.62278029877
 81846.71571546022
 81850.9753516401
 81855.40188811255
 81859.99548037093
 81864.75623791145
 81869.68422204554
 81874.77944374572
 81880.04186153009
 81885.47137939045
 81891.06784476875
 81896.83104658657
 81902.76071333238
 81908.85651121107
 81915.11804235996
 81921.54484313574
 81928.1363824763
 81934.89206034143
 81941.81120623625
 81948.89307782076
 81956.13685960918
 81963.54166176214
 81971.10651897492
 81978.83038946443
 81986.71215405776
 81994.75061538453


# name: QUERY
# type: sq_string
# elements: 1
# length: 2
R2


# name: DATASIZE
# type: sq_string
# elements: 1
# length: 3
250


