# Created by Octave 4.0.0, Wed May 18 23:30:53 2016 CEST <peter@Independence>
# name: x
# type: matrix
# rows: 1
# columns: 100
 60 60.60606060606061 61.21212121212122 61.81818181818182 62.42424242424242 63.03030303030303 63.63636363636364 64.24242424242425 64.84848484848484 65.45454545454545 66.06060606060606 66.66666666666667 67.27272727272728 67.87878787878788 68.48484848484848 69.09090909090909 69.6969696969697 70.30303030303031 70.90909090909091 71.51515151515152 72.12121212121212 72.72727272727273 73.33333333333334 73.93939393939394 74.54545454545455 75.15151515151516 75.75757575757575 76.36363636363636 76.96969696969697 77.57575757575758 78.18181818181819 78.78787878787878 79.39393939393939 80 80.60606060606061 81.21212121212122 81.81818181818181 82.42424242424242 83.03030303030303 83.63636363636364 84.24242424242424 84.84848484848484 85.45454545454545 86.06060606060606 86.66666666666667 87.27272727272728 87.87878787878788 88.48484848484848 89.09090909090909 89.6969696969697 90.3030303030303 90.90909090909091 91.51515151515152 92.12121212121212 92.72727272727272 93.33333333333333 93.93939393939394 94.54545454545455 95.15151515151516 95.75757575757576 96.36363636363636 96.96969696969697 97.57575757575758 98.18181818181819 98.78787878787878 99.39393939393939 100 100.6060606060606 101.2121212121212 101.8181818181818 102.4242424242424 103.030303030303 103.6363636363636 104.2424242424242 104.8484848484848 105.4545454545455 106.0606060606061 106.6666666666667 107.2727272727273 107.8787878787879 108.4848484848485 109.0909090909091 109.6969696969697 110.3030303030303 110.9090909090909 111.5151515151515 112.1212121212121 112.7272727272727 113.3333333333333 113.9393939393939 114.5454545454545 115.1515151515152 115.7575757575758 116.3636363636364 116.969696969697 117.5757575757576 118.1818181818182 118.7878787878788 119.3939393939394 120


# name: y
# type: matrix
# rows: 100
# columns: 1
 82256.54278551777
 82236.65344558992
 82216.78263892261
 82196.93965057646
 82177.13393927278
 82157.37513134618
 82137.67301435655
 82118.03753036453
 82098.47876887456
 82079.00695945047
 82059.6324640096
 82040.36576880142
 82021.21747607805
 82002.19829546411
 81983.3190350345
 81964.59059210877
 81946.02394377226
 81927.63013713375
 81909.42027933094
 81891.40552729506
 81873.59707728682
 81856.00615421637
 81838.64400076054
 81821.52186629111
 81804.65099562833
 81788.0426176349
 81771.70793366503
 81755.6581058849
 81739.90424548033
 81724.45740076837
 81709.32854522958
 81694.52856547822
 81680.06824918823
 81665.95827299233
 81652.20919037258
 81638.83141956071
 81625.8352314665
 81613.2307376528
 81601.02787837613
 81589.23641071115
 81577.86589677818
 81566.92569209237
 81556.42493405328
 81546.37253059348
 81536.7771490047
 81527.64720496006
 81518.99085175022
 81510.81596975183
 81503.13015614565
 81495.94071490175
 81489.25464704909
 81483.07864124575
 81477.41906466648
 81472.28195422301
 81467.67300813287
 81463.59757785099
 81460.06066037901
 81457.06689096559
 81454.62053621082
 81452.72548758757
 81451.38525539121
 81450.60296312917
 81450.38134236046
 81450.72272799513
 81451.62905406268
 81453.10184995718
 81455.14223716696
 81457.75092649537
 81460.92821577816
 81464.67398810269
 81468.98771053289
 81473.86843334335
 81479.31478976485
 81485.32499624279
 81491.8968532094
 81499.02774636915
 81506.71464849653
 81514.95412174423
 81523.74232045858
 81533.07499449897
 81542.9474930563
 81553.35476896539
 81564.29138350474
 81575.75151167688
 81587.72894796131
 81600.21711253133
 81613.20905792533
 81626.69747616231
 81640.67470629084
 81655.13274235956
 81670.06324179703
 81685.45753418792
 81701.30663043181
 81717.60123227045
 81734.33174216862
 81751.48827353303
 81769.06066125368
 81787.03847255092
 81805.41101811179
 81824.16736349784


# name: QUERY
# type: sq_string
# elements: 1
# length: 2
R2


# name: DATASIZE
# type: sq_string
# elements: 1
# length: 3
250


