# Created by Octave 4.0.0, Sun May 22 18:32:50 2016 CEST <peter@Independence>
# name: x
# type: matrix
# rows: 1
# columns: 100
 60 60.60606060606061 61.21212121212122 61.81818181818182 62.42424242424242 63.03030303030303 63.63636363636364 64.24242424242425 64.84848484848484 65.45454545454545 66.06060606060606 66.66666666666667 67.27272727272728 67.87878787878788 68.48484848484848 69.09090909090909 69.6969696969697 70.30303030303031 70.90909090909091 71.51515151515152 72.12121212121212 72.72727272727273 73.33333333333334 73.93939393939394 74.54545454545455 75.15151515151516 75.75757575757575 76.36363636363636 76.96969696969697 77.57575757575758 78.18181818181819 78.78787878787878 79.39393939393939 80 80.60606060606061 81.21212121212122 81.81818181818181 82.42424242424242 83.03030303030303 83.63636363636364 84.24242424242424 84.84848484848484 85.45454545454545 86.06060606060606 86.66666666666667 87.27272727272728 87.87878787878788 88.48484848484848 89.09090909090909 89.6969696969697 90.3030303030303 90.90909090909091 91.51515151515152 92.12121212121212 92.72727272727272 93.33333333333333 93.93939393939394 94.54545454545455 95.15151515151516 95.75757575757576 96.36363636363636 96.96969696969697 97.57575757575758 98.18181818181819 98.78787878787878 99.39393939393939 100 100.6060606060606 101.2121212121212 101.8181818181818 102.4242424242424 103.030303030303 103.6363636363636 104.2424242424242 104.8484848484848 105.4545454545455 106.0606060606061 106.6666666666667 107.2727272727273 107.8787878787879 108.4848484848485 109.0909090909091 109.6969696969697 110.3030303030303 110.9090909090909 111.5151515151515 112.1212121212121 112.7272727272727 113.3333333333333 113.9393939393939 114.5454545454545 115.1515151515152 115.7575757575758 116.3636363636364 116.969696969697 117.5757575757576 118.1818181818182 118.7878787878788 119.3939393939394 120


# name: y
# type: matrix
# rows: 100
# columns: 1
 82868.01117703323
 82860.11070353468
 82852.21023003614
 82844.30975653759
 82836.40928303904
 82828.50880954051
 82820.60833604196
 82812.70786254342
 82804.80738904486
 82796.90691554634
 82789.00644204779
 82781.10596854924
 82773.20549505069
 82765.30502155215
 82757.4045480536
 82749.50407455505
 82741.60360105651
 82733.70312755796
 82725.80265405943
 82717.90218056088
 82710.00170706233
 82702.10123356378
 82694.20076006524
 82686.30028656671
 82678.39981306816
 82670.49933956961
 82662.59886607106
 82654.69839257252
 82646.79791907397
 82638.89744557544
 82630.99697207689
 82623.09649857834
 82615.1960250798
 82607.29555158125
 82599.3950780827
 82591.49460458416
 82583.59413108561
 82575.69365758708
 82567.79318408853
 82559.89271058998
 82551.99223709144
 82544.09176359289
 82536.19129009434
 82528.29081659581
 82520.39034309726
 82512.48986959872
 82504.58939610017
 82496.68892260162
 82488.78844910309
 82480.88797560454
 82472.98750210599
 82465.08702860745
 82457.1865551089
 82449.28608161035
 82441.38560811181
 82433.48513461326
 82425.58466111473
 82417.68418761618
 82409.78371411763
 82401.88324061909
 82393.98276712054
 82386.08229362199
 82378.18182012346
 82370.28134662491
 82362.38087312636
 82354.48039962782
 82346.57992612927
 82338.67945263073
 82330.77897913218
 82322.87850563363
 82314.9780321351
 82307.07755863655
 82299.17708513801
 82291.27661163946
 82283.37613814091
 82275.47566464238
 82267.57519114383
 82259.67471764528
 82251.77424414674
 82243.87377064819
 82235.97329714966
 82228.07282365111
 82220.17235015256
 82212.27187665402
 82204.37140315547
 82196.47092965692
 82188.57045615837
 82180.66998265983
 82172.76950916128
 82164.86903566275
 82156.9685621642
 82149.06808866565
 82141.1676151671
 82133.26714166858
 82125.36666817003
 82117.46619467148
 82109.56572117293
 82101.66524767439
 82093.76477417584
 82085.86430067729


# name: QUERY
# type: sq_string
# elements: 1
# length: 2
R2


# name: DATASIZE
# type: sq_string
# elements: 1
# length: 3
250


