# Created by Octave 4.0.0, Sun May 22 18:32:50 2016 CEST <peter@Independence>
# name: x
# type: matrix
# rows: 1
# columns: 100
 60 60.60606060606061 61.21212121212122 61.81818181818182 62.42424242424242 63.03030303030303 63.63636363636364 64.24242424242425 64.84848484848484 65.45454545454545 66.06060606060606 66.66666666666667 67.27272727272728 67.87878787878788 68.48484848484848 69.09090909090909 69.6969696969697 70.30303030303031 70.90909090909091 71.51515151515152 72.12121212121212 72.72727272727273 73.33333333333334 73.93939393939394 74.54545454545455 75.15151515151516 75.75757575757575 76.36363636363636 76.96969696969697 77.57575757575758 78.18181818181819 78.78787878787878 79.39393939393939 80 80.60606060606061 81.21212121212122 81.81818181818181 82.42424242424242 83.03030303030303 83.63636363636364 84.24242424242424 84.84848484848484 85.45454545454545 86.06060606060606 86.66666666666667 87.27272727272728 87.87878787878788 88.48484848484848 89.09090909090909 89.6969696969697 90.3030303030303 90.90909090909091 91.51515151515152 92.12121212121212 92.72727272727272 93.33333333333333 93.93939393939394 94.54545454545455 95.15151515151516 95.75757575757576 96.36363636363636 96.96969696969697 97.57575757575758 98.18181818181819 98.78787878787878 99.39393939393939 100 100.6060606060606 101.2121212121212 101.8181818181818 102.4242424242424 103.030303030303 103.6363636363636 104.2424242424242 104.8484848484848 105.4545454545455 106.0606060606061 106.6666666666667 107.2727272727273 107.8787878787879 108.4848484848485 109.0909090909091 109.6969696969697 110.3030303030303 110.9090909090909 111.5151515151515 112.1212121212121 112.7272727272727 113.3333333333333 113.9393939393939 114.5454545454545 115.1515151515152 115.7575757575758 116.3636363636364 116.969696969697 117.5757575757576 118.1818181818182 118.7878787878788 119.3939393939394 120


# name: y
# type: matrix
# rows: 1
# columns: 100
 82936.15173797787 82926.69045401504 82917.22917005222 82907.76788608941 82898.30660212658 82888.84531816376 82879.38403420094 82869.92275023811 82860.46146627529 82851.00018231248 82841.53889834965 82832.07761438683 82822.616330424 82813.15504646118 82803.69376249835 82794.23247853554 82784.77119457272 82775.3099106099 82765.84862664707 82756.38734268425 82746.92605872142 82737.46477475861 82728.00349079579 82718.54220683296 82709.08092287014 82699.61963890732 82690.15835494449 82680.69707098167 82671.23578701886 82661.77450305603 82652.31321909321 82642.85193513038 82633.39065116756 82623.92936720474 82614.46808324193 82605.0067992791 82595.54551531628 82586.08423135345 82576.62294739063 82567.1616634278 82557.70037946499 82548.23909550217 82538.77781153934 82529.31652757652 82519.8552436137 82510.39395965087 82500.93267568805 82491.47139172524 82482.01010776241 82472.54882379959 82463.08753983676 82453.62625587394 82444.16497191112 82434.70368794831 82425.24240398548 82415.78112002266 82406.31983605983 82396.85855209701 82387.39726813418 82377.93598417136 82368.47470020855 82359.01341624573 82349.5521322829 82340.09084832008 82330.62956435725 82321.16828039443 82311.70699643162 82302.24571246879 82292.78442850597 82283.32314454314 82273.86186058032 82264.4005766175 82254.93929265469 82245.47800869186 82236.01672472904 82226.55544076621 82217.09415680339 82207.63287284056 82198.17158887775 82188.71030491493 82179.24902095211 82169.78773698928 82160.32645302646 82150.86516906363 82141.40388510081 82131.942601138 82122.48131717517 82113.02003321235 82103.55874924953 82094.0974652867 82084.63618132388 82075.17489736107 82065.71361339824 82056.25232943542 82046.79104547259 82037.32976150977 82027.86847754694 82018.40719358413 82008.94590962131 81999.48462565849


# name: QUERY
# type: sq_string
# elements: 1
# length: 2
R2


# name: DATASIZE
# type: sq_string
# elements: 1
# length: 3
250


