# Created by Octave 4.0.0, Wed May 18 23:30:53 2016 CEST <peter@Independence>
# name: x
# type: matrix
# rows: 1
# columns: 100
 60 60.60606060606061 61.21212121212122 61.81818181818182 62.42424242424242 63.03030303030303 63.63636363636364 64.24242424242425 64.84848484848484 65.45454545454545 66.06060606060606 66.66666666666667 67.27272727272728 67.87878787878788 68.48484848484848 69.09090909090909 69.6969696969697 70.30303030303031 70.90909090909091 71.51515151515152 72.12121212121212 72.72727272727273 73.33333333333334 73.93939393939394 74.54545454545455 75.15151515151516 75.75757575757575 76.36363636363636 76.96969696969697 77.57575757575758 78.18181818181819 78.78787878787878 79.39393939393939 80 80.60606060606061 81.21212121212122 81.81818181818181 82.42424242424242 83.03030303030303 83.63636363636364 84.24242424242424 84.84848484848484 85.45454545454545 86.06060606060606 86.66666666666667 87.27272727272728 87.87878787878788 88.48484848484848 89.09090909090909 89.6969696969697 90.3030303030303 90.90909090909091 91.51515151515152 92.12121212121212 92.72727272727272 93.33333333333333 93.93939393939394 94.54545454545455 95.15151515151516 95.75757575757576 96.36363636363636 96.96969696969697 97.57575757575758 98.18181818181819 98.78787878787878 99.39393939393939 100 100.6060606060606 101.2121212121212 101.8181818181818 102.4242424242424 103.030303030303 103.6363636363636 104.2424242424242 104.8484848484848 105.4545454545455 106.0606060606061 106.6666666666667 107.2727272727273 107.8787878787879 108.4848484848485 109.0909090909091 109.6969696969697 110.3030303030303 110.9090909090909 111.5151515151515 112.1212121212121 112.7272727272727 113.3333333333333 113.9393939393939 114.5454545454545 115.1515151515152 115.7575757575758 116.3636363636364 116.969696969697 117.5757575757576 118.1818181818182 118.7878787878788 119.3939393939394 120


# name: y
# type: matrix
# rows: 100
# columns: 1
 82820.39345443464
 82812.54250129807
 82804.69154816147
 82796.8405950249
 82788.98964188831
 82781.13868875173
 82773.28773561513
 82765.43678247854
 82757.58582934194
 82749.73487620534
 82741.88392306877
 82734.03296993219
 82726.1820167956
 82718.33106365902
 82710.48011052243
 82702.62915738583
 82694.77820424925
 82686.92725111266
 82679.07629797608
 82671.22534483948
 82663.37439170291
 82655.52343856631
 82647.67248542972
 82639.82153229314
 82631.97057915655
 82624.11962601996
 82616.26867288337
 82608.41771974678
 82600.56676661019
 82592.71581347361
 82584.86486033702
 82577.01390720044
 82569.16295406384
 82561.31200092725
 82553.46104779067
 82545.61009465408
 82537.75914151748
 82529.9081883809
 82522.05723524431
 82514.20628210773
 82506.35532897114
 82498.50437583456
 82490.65342269797
 82482.80246956137
 82474.95151642479
 82467.1005632882
 82459.24961015162
 82451.39865701503
 82443.54770387843
 82435.69675074184
 82427.84579760526
 82419.99484446867
 82412.14389133209
 82404.2929381955
 82396.4419850589
 82388.59103192232
 82380.74007878573
 82372.88912564915
 82365.03817251256
 82357.18721937598
 82349.33626623938
 82341.48531310279
 82333.63435996621
 82325.78340682962
 82317.93245369302
 82310.08150055645
 82302.23054741985
 82294.37959428327
 82286.52864114668
 82278.6776880101
 82270.82673487351
 82262.97578173691
 82255.12482860032
 82247.27387546375
 82239.42292232715
 82231.57196919057
 82223.72101605397
 82215.87006291738
 82208.0191097808
 82200.16815664421
 82192.31720350763
 82184.46625037104
 82176.61529723444
 82168.76434409786
 82160.91339096126
 82153.06243782469
 82145.2114846881
 82137.36053155152
 82129.50957841493
 82121.65862527835
 82113.80767214176
 82105.95671900516
 82098.10576586856
 82090.25481273199
 82082.40385959539
 82074.55290645879
 82066.70195332222
 82058.85100018563
 82051.00004704903
 82043.14909391246


# name: QUERY
# type: sq_string
# elements: 1
# length: 2
R2


# name: DATASIZE
# type: sq_string
# elements: 1
# length: 3
250


