# Created by Octave 4.0.0, Wed May 18 23:30:52 2016 CEST <peter@Independence>
# name: x
# type: matrix
# rows: 1
# columns: 100
 60 60.60606060606061 61.21212121212122 61.81818181818182 62.42424242424242 63.03030303030303 63.63636363636364 64.24242424242425 64.84848484848484 65.45454545454545 66.06060606060606 66.66666666666667 67.27272727272728 67.87878787878788 68.48484848484848 69.09090909090909 69.6969696969697 70.30303030303031 70.90909090909091 71.51515151515152 72.12121212121212 72.72727272727273 73.33333333333334 73.93939393939394 74.54545454545455 75.15151515151516 75.75757575757575 76.36363636363636 76.96969696969697 77.57575757575758 78.18181818181819 78.78787878787878 79.39393939393939 80 80.60606060606061 81.21212121212122 81.81818181818181 82.42424242424242 83.03030303030303 83.63636363636364 84.24242424242424 84.84848484848484 85.45454545454545 86.06060606060606 86.66666666666667 87.27272727272728 87.87878787878788 88.48484848484848 89.09090909090909 89.6969696969697 90.3030303030303 90.90909090909091 91.51515151515152 92.12121212121212 92.72727272727272 93.33333333333333 93.93939393939394 94.54545454545455 95.15151515151516 95.75757575757576 96.36363636363636 96.96969696969697 97.57575757575758 98.18181818181819 98.78787878787878 99.39393939393939 100 100.6060606060606 101.2121212121212 101.8181818181818 102.4242424242424 103.030303030303 103.6363636363636 104.2424242424242 104.8484848484848 105.4545454545455 106.0606060606061 106.6666666666667 107.2727272727273 107.8787878787879 108.4848484848485 109.0909090909091 109.6969696969697 110.3030303030303 110.9090909090909 111.5151515151515 112.1212121212121 112.7272727272727 113.3333333333333 113.9393939393939 114.5454545454545 115.1515151515152 115.7575757575758 116.3636363636364 116.969696969697 117.5757575757576 118.1818181818182 118.7878787878788 119.3939393939394 120


# name: y
# type: matrix
# rows: 1
# columns: 100
 83372.59848980469 83354.32009974436 83336.04170968402 83317.7633196237 83299.48492956336 83281.20653950302 83262.9281494427 83244.64975938236 83226.37136932202 83208.0929792617 83189.81458920136 83171.53619914102 83153.25780908069 83134.97941902035 83116.70102896003 83098.42263889969 83080.14424883935 83061.86585877903 83043.58746871869 83025.30907865835 83007.03068859802 82988.75229853769 82970.47390847735 82952.19551841702 82933.91712835668 82915.63873829636 82897.36034823602 82879.08195817568 82860.80356811536 82842.52517805502 82824.24678799468 82805.96839793435 82787.69000787401 82769.41161781368 82751.13322775335 82732.85483769301 82714.57644763269 82696.29805757235 82678.01966751201 82659.74127745169 82641.46288739135 82623.18449733101 82604.90610727068 82586.62771721034 82568.34932715 82550.07093708968 82531.79254702934 82513.51415696902 82495.23576690868 82476.95737684834 82458.67898678801 82440.40059672768 82422.12220666734 82403.84381660701 82385.56542654667 82367.28703648635 82349.00864642601 82330.73025636567 82312.45186630535 82294.17347624501 82275.89508618467 82257.61669612434 82239.338306064 82221.05991600367 82202.78152594334 82184.503135883 82166.22474582268 82147.94635576234 82129.667965702 82111.38957564168 82093.11118558134 82074.832795521 82056.55440546067 82038.27601540033 82019.99762533999 82001.71923527967 81983.44084521933 81965.16245515901 81946.88406509867 81928.60567503833 81910.327284978 81892.04889491767 81873.77050485733 81855.492114797 81837.21372473666 81818.93533467632 81800.656944616 81782.37855455566 81764.10016449534 81745.821774435 81727.54338437466 81709.26499431433 81690.98660425399 81672.70821419366 81654.42982413333 81636.15143407299 81617.87304401265 81599.59465395233 81581.31626389199 81563.03787383166


# name: QUERY
# type: sq_string
# elements: 1
# length: 2
R2


# name: DATASIZE
# type: sq_string
# elements: 1
# length: 3
250


