# Created by Octave 4.0.0, Sun May 22 18:32:50 2016 CEST <peter@Independence>
# name: SVs
# type: cell
# rows: 1
# columns: 7
# name: <cell-element>
# type: sparse matrix
# nnz: 91
# rows: 13
# columns: 7
1 1 1.929213632920958
2 1 0.2537025206390756
3 1 1.101195516109911
4 1 0.7620640084135786
5 1 -1.50843822430187
6 1 1.142831463589461
7 1 -0.802641759769502
8 1 -0.307039675254861
9 1 0.03209183244147191
10 1 1.236176571648452
11 1 1.146189201289425
12 1 1.244906689668358
13 1 -0.7113112943304896
1 2 0.3833045747529864
2 2 0.5035305752936229
3 2 2.125615135642532
4 2 0.4791761121615969
5 2 -2.039771217493668
6 2 0.2132099116086776
7 2 0.3179727609543769
8 2 0.5325239837841301
9 2 -0.4961621494590651
10 2 0.6817433928152737
11 2 0.7733625636452766
12 2 0.943070648009712
13 2 -0.09064100937183781
1 3 -1.351163182662257
2 3 -0.358595662985001
3 3 -1.06340201099112
4 3 0.667335470799053
5 3 -0.2418230136112063
6 3 0.0959835792201286
7 3 0.1960744215405241
8 3 -0.2626752724279554
9 3 0.1043244827468282
10 3 -0.4795387641221456
11 3 0.533881014371859
12 3 0.3712333956012163
13 3 1.664073442239658
1 4 -0.8581967850257749
2 4 -0.2166517235312183
3 4 -1.027130280842523
4 4 0.8432048514143345
5 4 0.01864850278496707
6 4 -0.3312851671211547
7 4 -0.09598494080496937
8 4 0.3705932857365263
9 4 -0.3795518802116543
10 4 -0.9909302460246486
11 4 -0.04771822771446983
12 4 0.6682380164612736
13 4 1.888983635041825
1 5 0.8723614441661548
2 5 0.3082647340082127
3 5 0.5677560047663761
4 5 0.2051466342559491
5 5 -1.453562272943292
6 5 0.07319617108611175
7 5 0.9290085581747997
8 5 -0.425434113900163
9 5 0.006372928812440909
10 5 -0.1194718573983808
11 5 -1.252074933295776
12 5 -0.1896871424270603
13 5 1.041285173365587
1 6 0.8053246317371615
2 6 0.2831248262843464
3 6 0.5701458896364525
4 6 0.2388356909106362
5 6 -1.44243482013633
6 6 0.1011617119582504
7 6 0.9742413340927073
8 6 -0.3911686766146207
9 6 0.04931939070685322
10 6 -0.0825180355218654
11 6 -1.268368218318725
12 6 -0.1329870502500468
13 6 1.033980167852595
1 7 1.315587028960544
2 7 0.4385290096535147
3 7 0.4385290096535147
4 7 0.4385290096535147
5 7 -0.4385290096535147
6 7 -1.315587028960544
7 7 -0.4385290096535147
8 7 -0.4385290096535147
9 7 -1.315587028960544
10 7 0.4385290096535147
11 7 -1.315587028960544
12 7 0.4385290096535147
13 7 -1.315587028960544



# name: <cell-element>
# type: sparse matrix
# nnz: 56
# rows: 8
# columns: 7
1 1 1.643805928424044
2 1 1.101195516109911
3 1 -1.828766400878406
4 1 -1.50843822430187
5 1 -1.644090827380403
6 1 2.254242642277443
7 1 -0.6240101141314336
8 1 0.4900872547165195
1 2 1.374879145128332
2 2 2.125615135642532
3 2 -1.325373632287571
4 2 -2.039771217493668
5 2 -2.108195661531265
6 2 2.199451682598357
7 2 1.805527905907333
8 2 2.503689182358745
1 3 2.569061474886568
2 3 -1.06340201099112
3 3 -0.4753683123587958
4 3 -0.2418230136112063
5 3 0.533881014371859
6 3 -1.192686015654964
7 3 1.351289559988422
8 3 0.5839264355320567
1 4 2.97900690566894
2 4 -1.027130280842523
3 4 -0.6952966283453389
4 4 0.01864850278496707
5 4 0.5556156859167747
6 4 -0.9688080025248363
7 4 0.736615860006148
8 4 0.298193216100777
1 5 0.9615721686228829
2 5 0.5677560047663761
3 5 -0.6574498383427562
4 5 -1.453562272943292
5 5 -1.884690907104894
6 5 1.747508474958392
7 5 2.281755208872258
8 5 1.279067370491695
1 6 1.057669705378068
2 6 0.5701458896364525
3 6 -0.7125224030471223
4 6 -1.44243482013633
5 6 -1.997250655515521
6 6 1.796508614868179
7 6 2.276135918101304
8 6 1.31482135185023
1 7 -1.315587028960544
2 7 0.4385290096535147
3 7 -0.4385290096535147
4 7 -0.4385290096535147
5 7 0.4385290096535147
6 7 1.315587028960544
7 7 -1.315587028960544
8 7 -0.4385290096535147



# name: <cell-element>
# type: sparse matrix
# nnz: 49
# rows: 7
# columns: 7
1 1 1.101195516109911
2 1 -1.828766400878406
3 1 -0.7039242713905695
4 1 0.03209183244147191
5 1 2.254242642277443
6 1 1.146189201289425
7 1 0.4900872547165195
1 2 2.125615135642532
2 2 -1.325373632287571
3 2 -0.7087804783894511
4 2 -0.4961621494590651
5 2 2.199451682598357
6 2 0.7733625636452766
7 2 2.503689182358745
1 3 -1.06340201099112
2 3 -0.4753683123587958
3 3 -0.9132657475105261
4 3 0.1043244827468282
5 3 -1.192686015654964
6 3 0.533881014371859
7 3 0.5839264355320567
1 4 -1.027130280842523
2 4 -0.6952966283453389
3 4 -0.8823301415710246
4 4 -0.3795518802116543
5 4 -0.9688080025248363
6 4 -0.04771822771446983
7 4 0.298193216100777
1 5 0.5677560047663761
2 5 -0.6574498383427562
3 5 -0.4030466317171058
4 5 0.006372928812440909
5 5 1.747508474958392
6 5 -1.252074933295776
7 5 1.279067370491695
1 6 0.5701458896364525
2 6 -0.7125224030471223
3 6 -0.4491908772204891
4 6 0.04931939070685322
5 6 1.796508614868179
6 6 -1.268368218318725
7 6 1.31482135185023
1 7 0.4385290096535147
2 7 -0.4385290096535147
3 7 1.315587028960544
4 7 -1.315587028960544
5 7 1.315587028960544
6 7 -1.315587028960544
7 7 -0.4385290096535147



# name: <cell-element>
# type: sparse matrix
# nnz: 98
# rows: 14
# columns: 7
1 1 -0.9779156677076067
2 1 0.5444826054559313
3 1 0.8876433983922207
4 1 1.643805928424044
5 1 1.101195516109911
6 1 -1.828766400878406
7 1 -1.50843822430187
8 1 0.3792819106177177
9 1 -1.644090827380403
10 1 -0.7039242713905695
11 1 2.254242642277443
12 1 1.146189201289425
13 1 -0.6240101141314336
14 1 0.4900872547165195
1 2 -0.4509324322138739
2 2 0.8019693933559102
3 2 1.258905511166304
4 2 1.374879145128332
5 2 2.125615135642532
6 2 -1.325373632287571
7 2 -2.039771217493668
8 2 -0.7876425494836307
9 2 -2.108195661531265
10 2 -0.7087804783894511
11 2 2.199451682598357
12 2 0.7733625636452766
13 2 1.805527905907333
14 2 2.503689182358745
1 3 -0.5129023782289441
2 3 -0.5712887029158416
3 3 -0.3335729524049021
4 3 2.569061474886568
5 3 -1.06340201099112
6 3 -0.4753683123587958
7 3 -0.2418230136112063
8 3 -0.6797204487629367
9 3 0.533881014371859
10 3 -0.9132657475105261
11 3 -1.192686015654964
12 3 0.533881014371859
13 3 1.351289559988422
14 3 0.5839264355320567
1 4 -0.791830054526338
2 4 -0.6611077065729017
3 4 -0.3473740714846545
4 4 2.97900690566894
5 4 -1.027130280842523
6 4 -0.6952966283453389
7 4 0.01864850278496707
8 4 -1.063330315660398
9 4 0.5556156859167747
10 4 -0.8823301415710246
11 4 -0.9688080025248363
12 4 -0.04771822771446983
13 4 0.736615860006148
14 4 0.298193216100777
1 5 -1.060424517637786
2 5 1.013131218499015
3 5 1.97341852244197
4 5 0.9615721686228829
5 5 0.5677560047663761
6 5 -0.6574498383427562
7 5 -1.453562272943292
8 5 -2.097711192119438
9 5 -1.884690907104894
10 5 -0.4030466317171058
11 5 1.747508474958392
12 5 -1.252074933295776
13 5 2.281755208872258
14 5 1.279067370491695
1 6 -0.9820338082282268
2 6 0.9735546808310994
3 6 2.012461065643866
4 6 1.057669705378068
5 6 0.5701458896364525
6 6 -0.7125224030471223
7 6 -1.44243482013633
8 6 -2.130461388267455
9 6 -1.997250655515521
10 6 -0.4491908772204891
11 6 1.796508614868179
12 6 -1.268368218318725
13 6 2.276135918101304
14 6 1.31482135185023
1 7 1.315587028960544
2 7 -0.4385290096535147
3 7 -1.315587028960544
4 7 -1.315587028960544
5 7 0.4385290096535147
6 7 -0.4385290096535147
7 7 -0.4385290096535147
8 7 1.315587028960544
9 7 0.4385290096535147
10 7 1.315587028960544
11 7 1.315587028960544
12 7 -1.315587028960544
13 7 -1.315587028960544
14 7 -0.4385290096535147



