# Created by Octave 4.0.0, Wed May 18 23:30:45 2016 CEST <peter@Independence>
# name: SVs
# type: cell
# rows: 1
# columns: 7
# name: <cell-element>
# type: sparse matrix
# nnz: 203
# rows: 29
# columns: 7
1 1 0.3792819106177177
2 1 0.2557171632590538
3 1 -0.540738219172334
4 1 2.091728137599201
5 1 -0.802641759769502
6 1 1.075005162050195
7 1 -1.274068132844404
8 1 1.330864774787428
9 1 -0.1270649345368071
10 1 0.03813576030140655
11 1 1.51285415812546
12 1 0.2537025206390756
13 1 -1.50843822430187
14 1 0.7352021068138691
15 1 1.146189201289425
16 1 -0.7039242713905695
17 1 0.5370955825160112
18 1 -1.644090827380403
19 1 0.07305623238102896
20 1 -0.468882632393111
21 1 0.1361817011403464
22 1 -0.4030709734738226
23 1 1.244906689668358
24 1 -1.762283194419125
25 1 -1.010149949627258
26 1 -0.307039675254861
27 1 1.101195516109911
28 1 -0.7113112943304896
29 1 0.4988173727364251
1 2 -0.7876425494836307
2 2 -0.1459217748937382
3 2 -0.8595462025400885
4 2 1.046287182235917
5 2 0.3179727609543769
6 2 0.1432391524515869
7 2 -0.3276138014342499
8 2 0.3384614362876686
9 2 -0.5634268571570418
10 2 -0.3562206311448837
11 2 0.7671773031673016
12 2 0.5035305752936229
13 2 -2.039771217493668
14 2 0.1672070368037395
15 2 0.7733625636452766
16 2 -0.7087804783894511
17 2 0.202772284552095
18 2 -2.108195661531265
19 2 -0.0218299865543674
20 2 -0.7366141505403381
21 2 0.2097307025898167
22 2 0.8309628018464175
23 2 0.943070648009712
24 2 -1.040851650300727
25 2 -1.678706637091885
26 2 0.5325239837841301
27 2 2.125615135642532
28 2 -0.09064100937183781
29 2 0.462166645847166
1 3 -0.6797204487629367
2 3 1.034335225973837
3 3 0.5213696590818095
4 3 3.219651949969139
5 3 0.1960744215405241
6 3 -0.1125390089473621
7 3 -1.150981498021465
8 3 -1.071742914517819
9 3 -0.08334584660391336
10 3 -1.034208848647671
11 3 -0.8590498745869786
12 3 -0.358595662985001
13 3 -0.2418230136112063
14 3 0.4129379132347144
15 3 0.533881014371859
16 3 -0.9132657475105261
17 3 -0.7589590322665831
18 3 0.533881014371859
19 3 -0.3460843076949516
20 3 -0.1834366889243089
21 3 0.6298014049289047
22 3 0.221097132120623
23 3 0.3712333956012163
24 3 0.1335176450902769
25 3 -0.6296750276027389
26 3 -0.2626752724279554
27 3 -1.06340201099112
28 3 1.664073442239658
29 3 0.4379606238148133
1 4 -1.063330315660398
2 4 0.4631044858266505
3 4 0.0910485724207164
4 4 2.588850974854068
5 4 -0.09598494080496937
6 4 -0.2347517409401556
7 4 -1.228241585386271
8 4 -1.153830402705085
9 4 0.9819716515495207
10 4 -1.041208072160586
11 4 0.4208711118724634
12 4 -0.2166517235312183
13 4 0.01864850278496707
14 4 -0.1382183147591565
15 4 -0.04771822771446983
16 4 -0.8823301415710246
17 4 -0.4821186455289658
18 4 0.5556156859167747
19 4 0.1775264333745281
20 4 0.08501523328440395
21 4 -0.007495966805720192
22 4 0.457071146690338
23 4 0.6682380164612736
24 4 0.4148377727361509
25 4 -0.6550743674365892
26 4 0.3705932857365263
27 4 -1.027130280842523
28 4 1.888983635041825
29 4 0.2036709029652154
1 5 -2.097711192119438
2 5 -0.1354144583469216
3 5 -1.094684149463374
4 5 0.7302348527312915
5 5 0.9290085581747997
6 5 -0.2541359547722251
7 5 0.877110304023167
8 5 -0.002785586626082505
9 5 0.5314611472877833
10 5 -0.8304440188481984
11 5 -0.7581935081665138
12 5 0.3082647340082127
13 5 -1.453562272943292
14 5 0.5840378099904178
15 5 -1.252074933295776
16 5 -0.4030466317171058
17 5 0.7512655178123453
18 5 -1.884690907104894
19 5 0.7868819667399363
20 5 0.6508610522640885
21 5 -0.2487086863642112
22 5 0.2193932138269855
23 5 -0.1896871424270603
24 5 -0.2490478906397121
25 5 -1.197123840664636
26 5 -0.425434113900163
27 5 0.5677560047663761
28 5 1.041285173365587
29 5 0.3309914204667708
1 6 -2.130461388267455
2 6 -0.2377016726452529
3 6 -0.9875270343210901
4 6 0.8492704404800677
5 6 0.9742413340927073
6 6 -0.2768409085569038
7 6 0.8506437470032836
8 6 -0.07908476921382586
9 6 0.4698945134416978
10 6 -0.7574981916824405
11 6 -0.7513183123279692
12 6 0.2831248262843464
13 6 -1.44243482013633
14 6 0.6841303310633655
15 6 -1.268368218318725
16 6 -0.4491908772204891
17 6 0.6975200696647198
18 6 -1.997250655515521
19 6 0.7692753355027463
20 6 0.6312580299195565
21 6 -0.2655111297403733
22 6 0.1457941739627645
23 6 -0.1329870502500468
24 6 -0.3032770591288083
25 6 -1.202106178573562
26 6 -0.3911686766146207
27 6 0.5701458896364525
28 6 1.033980167852595
29 6 0.3153975295799181
1 7 1.315587028960544
2 7 -0.4385290096535147
3 7 -1.315587028960544
4 7 -1.315587028960544
5 7 -0.4385290096535147
6 7 0.4385290096535147
7 7 0.4385290096535147
8 7 -0.4385290096535147
9 7 0.4385290096535147
10 7 1.315587028960544
11 7 1.315587028960544
12 7 0.4385290096535147
13 7 -0.4385290096535147
14 7 -1.315587028960544
15 7 -1.315587028960544
16 7 1.315587028960544
17 7 1.315587028960544
18 7 0.4385290096535147
19 7 -0.4385290096535147
20 7 0.4385290096535147
21 7 -1.315587028960544
22 7 0.4385290096535147
23 7 0.4385290096535147
24 7 -0.4385290096535147
25 7 0.4385290096535147
26 7 -0.4385290096535147
27 7 0.4385290096535147
28 7 -1.315587028960544
29 7 -1.315587028960544



# name: <cell-element>
# type: sparse matrix
# nnz: 70
# rows: 10
# columns: 7
1 1 0.6814783036144499
2 1 2.091728137599201
3 1 -1.00813530700728
4 1 -1.50843822430187
5 1 -0.7039242713905695
6 1 0.1341670585203681
7 1 0.4900872547165195
8 1 -1.010149949627258
9 1 1.101195516109911
10 1 0.4988173727364251
1 2 1.077600063405665
2 2 1.046287182235917
3 2 -1.378334925130231
4 2 -2.039771217493668
5 2 -0.7087804783894511
6 2 -1.007219296451739
7 2 2.503689182358745
8 2 -1.678706637091885
9 2 2.125615135642532
10 2 0.462166645847166
1 3 -0.3919592770917996
2 3 3.219651949969139
3 3 0.8716876072031938
4 3 -0.2418230136112063
5 3 -0.9132657475105261
6 3 2.352197983192378
7 3 0.5839264355320567
8 3 -0.6296750276027389
9 3 -1.06340201099112
10 3 0.4379606238148133
1 4 -0.4459186107110912
2 4 2.588850974854068
3 4 0.6843269208247734
4 4 0.01864850278496707
5 4 -0.8823301415710246
6 4 3.268607184211937
7 4 0.298193216100777
8 4 -0.6550743674365892
9 4 -1.027130280842523
10 4 0.2036709029652154
1 5 1.538219436974357
2 5 0.7302348527312915
3 5 -1.254110158948782
4 5 -1.453562272943292
5 5 -0.4030466317171058
6 5 -1.400985610240657
7 5 1.279067370491695
8 5 -1.197123840664636
9 5 0.5677560047663761
10 5 0.3309914204667708
1 6 1.529057169471898
2 6 0.8492704404800677
3 6 -1.204852791619993
4 6 -1.44243482013633
5 6 -0.4491908772204891
6 6 -1.392309132038953
7 6 1.31482135185023
8 6 -1.202106178573562
9 6 0.5701458896364525
10 6 0.3153975295799181
1 7 1.315587028960544
2 7 -1.315587028960544
3 7 1.315587028960544
4 7 -0.4385290096535147
5 7 1.315587028960544
6 7 -1.315587028960544
7 7 -0.4385290096535147
8 7 0.4385290096535147
9 7 0.4385290096535147
10 7 -1.315587028960544



# name: <cell-element>
# type: sparse matrix
# nnz: 42
# rows: 6
# columns: 7
1 1 1.146189201289425
2 1 -0.468882632393111
3 1 0.1341670585203681
4 1 -1.010149949627258
5 1 1.101195516109911
6 1 0.4988173727364251
1 2 0.7733625636452766
2 2 -0.7366141505403381
3 2 -1.007219296451739
4 2 -1.678706637091885
5 2 2.125615135642532
6 2 0.462166645847166
1 3 0.533881014371859
2 3 -0.1834366889243089
3 3 2.352197983192378
4 3 -0.6296750276027389
5 3 -1.06340201099112
6 3 0.4379606238148133
1 4 -0.04771822771446983
2 4 0.08501523328440395
3 4 3.268607184211937
4 4 -0.6550743674365892
5 4 -1.027130280842523
6 4 0.2036709029652154
1 5 -1.252074933295776
2 5 0.6508610522640885
3 5 -1.400985610240657
4 5 -1.197123840664636
5 5 0.5677560047663761
6 5 0.3309914204667708
1 6 -1.268368218318725
2 6 0.6312580299195565
3 6 -1.392309132038953
4 6 -1.202106178573562
5 6 0.5701458896364525
6 6 0.3153975295799181
1 7 -1.315587028960544
2 7 0.4385290096535147
3 7 -1.315587028960544
4 7 0.4385290096535147
5 7 0.4385290096535147
6 7 -1.315587028960544



