# Created by Octave 4.0.0, Sun May 22 18:32:43 2016 CEST <peter@Independence>
# name: mu
# type: matrix
# rows: 1
# columns: 8
 82467.81818181818 56642.21212121212 63779.4696969697 8279.984848484848 8770.727272727272 19740.21212121212 20076.34848484848 90


# name: sigma
# type: matrix
# rows: 1
# columns: 8
 2966.553871772072 1489.09785301397 2586.794858029747 239.7821763071477 497.237090808323 2948.076048049234 2912.678220324297 22.80350850198276


