# Created by Octave 4.0.0, Wed May 18 23:30:53 2016 CEST <peter@Independence>
# name: x
# type: matrix
# rows: 1
# columns: 100
 60 60.60606060606061 61.21212121212122 61.81818181818182 62.42424242424242 63.03030303030303 63.63636363636364 64.24242424242425 64.84848484848484 65.45454545454545 66.06060606060606 66.66666666666667 67.27272727272728 67.87878787878788 68.48484848484848 69.09090909090909 69.6969696969697 70.30303030303031 70.90909090909091 71.51515151515152 72.12121212121212 72.72727272727273 73.33333333333334 73.93939393939394 74.54545454545455 75.15151515151516 75.75757575757575 76.36363636363636 76.96969696969697 77.57575757575758 78.18181818181819 78.78787878787878 79.39393939393939 80 80.60606060606061 81.21212121212122 81.81818181818181 82.42424242424242 83.03030303030303 83.63636363636364 84.24242424242424 84.84848484848484 85.45454545454545 86.06060606060606 86.66666666666667 87.27272727272728 87.87878787878788 88.48484848484848 89.09090909090909 89.6969696969697 90.3030303030303 90.90909090909091 91.51515151515152 92.12121212121212 92.72727272727272 93.33333333333333 93.93939393939394 94.54545454545455 95.15151515151516 95.75757575757576 96.36363636363636 96.96969696969697 97.57575757575758 98.18181818181819 98.78787878787878 99.39393939393939 100 100.6060606060606 101.2121212121212 101.8181818181818 102.4242424242424 103.030303030303 103.6363636363636 104.2424242424242 104.8484848484848 105.4545454545455 106.0606060606061 106.6666666666667 107.2727272727273 107.8787878787879 108.4848484848485 109.0909090909091 109.6969696969697 110.3030303030303 110.9090909090909 111.5151515151515 112.1212121212121 112.7272727272727 113.3333333333333 113.9393939393939 114.5454545454545 115.1515151515152 115.7575757575758 116.3636363636364 116.969696969697 117.5757575757576 118.1818181818182 118.7878787878788 119.3939393939394 120


# name: y
# type: matrix
# rows: 100
# columns: 1
 82268.43462080682
 82268.43920097133
 82268.44333252319
 82268.44705132527
 82268.45039104586
 82268.45338325003
 82268.45605748925
 82268.45844138874
 82268.46056073318
 82268.46243955026
 82268.46410019246
 82268.4655634167
 82268.46684846225
 82268.46797312648
 82268.46895383883
 82268.46980573281
 82268.47054271591
 82268.47117753779
 82268.47172185639
 82268.47218630204
 82268.47258053979
 82268.47291332968
 82268.47319258505
 82268.47342542904
 82268.47361824891
 82268.47377674872
 82268.47390599978
 82268.47401048933
 82268.47409416719
 82268.47416049056
 82268.47421246668
 82268.47425269386
 82268.47428340022
 82268.47430648073
 82268.47432353219
 82268.47433588632
 82268.47434464087
 82268.47435068876
 82268.47435474537
 82268.47435737379
 82268.47435900819
 82268.47435997517
 82268.47436051321
 82268.47436079028
 82268.47436091924
 82268.47436097158
 82268.47436098904
 82268.47436099335
 82268.47436099399
 82268.47436099402
 82268.47436099402
 82268.47436099399
 82268.47436099335
 82268.47436098904
 82268.47436097158
 82268.47436091924
 82268.47436079028
 82268.47436051321
 82268.47435997517
 82268.47435900819
 82268.47435737379
 82268.47435474537
 82268.47435068876
 82268.47434464087
 82268.47433588632
 82268.47432353219
 82268.47430648073
 82268.47428340022
 82268.47425269386
 82268.47421246668
 82268.47416049056
 82268.47409416719
 82268.47401048933
 82268.47390599978
 82268.47377674872
 82268.47361824891
 82268.47342542904
 82268.47319258505
 82268.47291332968
 82268.47258053979
 82268.47218630204
 82268.47172185639
 82268.47117753779
 82268.47054271591
 82268.46980573281
 82268.46895383883
 82268.46797312648
 82268.46684846225
 82268.4655634167
 82268.46410019246
 82268.46243955026
 82268.46056073318
 82268.45844138874
 82268.45605748925
 82268.45338325003
 82268.45039104586
 82268.44705132527
 82268.44333252319
 82268.43920097133
 82268.43462080682


# name: QUERY
# type: sq_string
# elements: 1
# length: 2
R2


# name: DATASIZE
# type: sq_string
# elements: 1
# length: 3
250


