# Created by Octave 4.0.0, Sun May 22 18:32:50 2016 CEST <peter@Independence>
# name: x
# type: matrix
# rows: 1
# columns: 100
 60 60.60606060606061 61.21212121212122 61.81818181818182 62.42424242424242 63.03030303030303 63.63636363636364 64.24242424242425 64.84848484848484 65.45454545454545 66.06060606060606 66.66666666666667 67.27272727272728 67.87878787878788 68.48484848484848 69.09090909090909 69.6969696969697 70.30303030303031 70.90909090909091 71.51515151515152 72.12121212121212 72.72727272727273 73.33333333333334 73.93939393939394 74.54545454545455 75.15151515151516 75.75757575757575 76.36363636363636 76.96969696969697 77.57575757575758 78.18181818181819 78.78787878787878 79.39393939393939 80 80.60606060606061 81.21212121212122 81.81818181818181 82.42424242424242 83.03030303030303 83.63636363636364 84.24242424242424 84.84848484848484 85.45454545454545 86.06060606060606 86.66666666666667 87.27272727272728 87.87878787878788 88.48484848484848 89.09090909090909 89.6969696969697 90.3030303030303 90.90909090909091 91.51515151515152 92.12121212121212 92.72727272727272 93.33333333333333 93.93939393939394 94.54545454545455 95.15151515151516 95.75757575757576 96.36363636363636 96.96969696969697 97.57575757575758 98.18181818181819 98.78787878787878 99.39393939393939 100 100.6060606060606 101.2121212121212 101.8181818181818 102.4242424242424 103.030303030303 103.6363636363636 104.2424242424242 104.8484848484848 105.4545454545455 106.0606060606061 106.6666666666667 107.2727272727273 107.8787878787879 108.4848484848485 109.0909090909091 109.6969696969697 110.3030303030303 110.9090909090909 111.5151515151515 112.1212121212121 112.7272727272727 113.3333333333333 113.9393939393939 114.5454545454545 115.1515151515152 115.7575757575758 116.3636363636364 116.969696969697 117.5757575757576 118.1818181818182 118.7878787878788 119.3939393939394 120


# name: y
# type: matrix
# rows: 100
# columns: 1
 82529.15761475
 82529.16103971089
 82529.16412920767
 82529.16691005792
 82529.16940743814
 82529.17164495215
 82529.17364469793
 82529.17542733315
 82529.17701213904
 82529.17841708312
 82529.17965888012
 82529.1807530517
 82529.18171398458
 82529.18255498735
 82529.18328834559
 82529.18392537588
 82529.184476478
 82529.18495118586
 82529.18535821707
 82529.18570552079
 82529.18600032436
 82529.18624917838
 82529.1864580003
 82529.18663211665
 82529.18677630373
 82529.1868948269
 82529.18699147842
 82529.18706961373
 82529.18713218646
 82529.18718178182
 82529.1872206486
 82529.18725072972
 82529.18727369136
 82529.18729095053
 82529.1873037013
 82529.18731293948
 82529.18731948597
 82529.18732400847
 82529.18732704192
 82529.18732900741
 82529.18733022959
 82529.18733095266
 82529.187331355
 82529.18733156219
 82529.18733165863
 82529.18733169777
 82529.18733171083
 82529.18733171404
 82529.18733171452
 82529.18733171454
 82529.18733171454
 82529.18733171452
 82529.18733171404
 82529.18733171083
 82529.18733169777
 82529.18733165863
 82529.18733156219
 82529.187331355
 82529.18733095266
 82529.18733022959
 82529.18732900741
 82529.18732704192
 82529.18732400847
 82529.18731948597
 82529.18731293948
 82529.1873037013
 82529.18729095053
 82529.18727369136
 82529.18725072972
 82529.1872206486
 82529.18718178182
 82529.18713218646
 82529.18706961373
 82529.18699147842
 82529.1868948269
 82529.18677630373
 82529.18663211665
 82529.1864580003
 82529.18624917838
 82529.18600032436
 82529.18570552079
 82529.18535821707
 82529.18495118586
 82529.184476478
 82529.18392537588
 82529.18328834559
 82529.18255498735
 82529.18171398458
 82529.1807530517
 82529.17965888012
 82529.17841708312
 82529.17701213904
 82529.17542733315
 82529.17364469793
 82529.17164495215
 82529.16940743814
 82529.16691005792
 82529.16412920767
 82529.16103971089
 82529.15761475


# name: QUERY
# type: sq_string
# elements: 1
# length: 2
R2


# name: DATASIZE
# type: sq_string
# elements: 1
# length: 3
250


