# Created by Octave 4.0.0, Sun May 22 18:32:50 2016 CEST <peter@Independence>
# name: x
# type: matrix
# rows: 1
# columns: 100
 60 60.60606060606061 61.21212121212122 61.81818181818182 62.42424242424242 63.03030303030303 63.63636363636364 64.24242424242425 64.84848484848484 65.45454545454545 66.06060606060606 66.66666666666667 67.27272727272728 67.87878787878788 68.48484848484848 69.09090909090909 69.6969696969697 70.30303030303031 70.90909090909091 71.51515151515152 72.12121212121212 72.72727272727273 73.33333333333334 73.93939393939394 74.54545454545455 75.15151515151516 75.75757575757575 76.36363636363636 76.96969696969697 77.57575757575758 78.18181818181819 78.78787878787878 79.39393939393939 80 80.60606060606061 81.21212121212122 81.81818181818181 82.42424242424242 83.03030303030303 83.63636363636364 84.24242424242424 84.84848484848484 85.45454545454545 86.06060606060606 86.66666666666667 87.27272727272728 87.87878787878788 88.48484848484848 89.09090909090909 89.6969696969697 90.3030303030303 90.90909090909091 91.51515151515152 92.12121212121212 92.72727272727272 93.33333333333333 93.93939393939394 94.54545454545455 95.15151515151516 95.75757575757576 96.36363636363636 96.96969696969697 97.57575757575758 98.18181818181819 98.78787878787878 99.39393939393939 100 100.6060606060606 101.2121212121212 101.8181818181818 102.4242424242424 103.030303030303 103.6363636363636 104.2424242424242 104.8484848484848 105.4545454545455 106.0606060606061 106.6666666666667 107.2727272727273 107.8787878787879 108.4848484848485 109.0909090909091 109.6969696969697 110.3030303030303 110.9090909090909 111.5151515151515 112.1212121212121 112.7272727272727 113.3333333333333 113.9393939393939 114.5454545454545 115.1515151515152 115.7575757575758 116.3636363636364 116.969696969697 117.5757575757576 118.1818181818182 118.7878787878788 119.3939393939394 120


# name: y
# type: matrix
# rows: 100
# columns: 1
 82506.41104980791
 82506.34025778076
 82506.2737118162
 82506.21123863627
 82506.15266857295
 82506.09783556814
 82506.04657717378
 82505.9987345517
 82505.95415247371
 82505.91267932157
 82505.87416708701
 82505.83847137172
 82505.80545138732
 82505.77496995544
 82505.7468935076
 82505.72109208535
 82505.69743934013
 82505.6758125334
 82505.65609253652
 82505.63816383087
 82505.62191450772
 82505.60723626833
 82505.59402442396
 82505.58217789576
 82505.57159921486
 82505.56219452237
 82505.55387356933
 82505.54654971676
 82505.54013993562
 82505.53456480683
 82505.52974852129
 82505.52561887982
 82505.52210729325
 82505.5191487823
 82505.51668197772
 82505.51464912016
 82505.51299606025
 82505.5116722586
 82505.51063078573
 82505.50982832216
 82505.50922515836
 82505.50878519473
 82505.50847594168
 82505.50826851951
 82505.50813765853
 82505.508061699
 82505.50802259112
 82505.50800589507
 82505.50800078096
 82505.50800002889
 82505.50800002889
 82505.50800078096
 82505.50800589507
 82505.50802259112
 82505.508061699
 82505.50813765853
 82505.50826851951
 82505.50847594168
 82505.50878519473
 82505.50922515836
 82505.50982832216
 82505.51063078573
 82505.5116722586
 82505.51299606025
 82505.51464912016
 82505.51668197772
 82505.5191487823
 82505.52210729325
 82505.52561887982
 82505.52974852129
 82505.53456480683
 82505.54013993562
 82505.54654971676
 82505.55387356933
 82505.56219452237
 82505.57159921486
 82505.58217789576
 82505.59402442396
 82505.60723626833
 82505.62191450772
 82505.63816383087
 82505.65609253652
 82505.6758125334
 82505.69743934013
 82505.72109208535
 82505.7468935076
 82505.77496995544
 82505.80545138732
 82505.83847137172
 82505.87416708701
 82505.91267932157
 82505.95415247371
 82505.9987345517
 82506.04657717378
 82506.09783556814
 82506.15266857295
 82506.21123863627
 82506.2737118162
 82506.34025778076
 82506.41104980791


# name: QUERY
# type: sq_string
# elements: 1
# length: 2
R2


# name: DATASIZE
# type: sq_string
# elements: 1
# length: 3
250


