# Created by Octave 4.0.0, Wed May 18 23:30:53 2016 CEST <peter@Independence>
# name: x
# type: matrix
# rows: 1
# columns: 100
 60 60.60606060606061 61.21212121212122 61.81818181818182 62.42424242424242 63.03030303030303 63.63636363636364 64.24242424242425 64.84848484848484 65.45454545454545 66.06060606060606 66.66666666666667 67.27272727272728 67.87878787878788 68.48484848484848 69.09090909090909 69.6969696969697 70.30303030303031 70.90909090909091 71.51515151515152 72.12121212121212 72.72727272727273 73.33333333333334 73.93939393939394 74.54545454545455 75.15151515151516 75.75757575757575 76.36363636363636 76.96969696969697 77.57575757575758 78.18181818181819 78.78787878787878 79.39393939393939 80 80.60606060606061 81.21212121212122 81.81818181818181 82.42424242424242 83.03030303030303 83.63636363636364 84.24242424242424 84.84848484848484 85.45454545454545 86.06060606060606 86.66666666666667 87.27272727272728 87.87878787878788 88.48484848484848 89.09090909090909 89.6969696969697 90.3030303030303 90.90909090909091 91.51515151515152 92.12121212121212 92.72727272727272 93.33333333333333 93.93939393939394 94.54545454545455 95.15151515151516 95.75757575757576 96.36363636363636 96.96969696969697 97.57575757575758 98.18181818181819 98.78787878787878 99.39393939393939 100 100.6060606060606 101.2121212121212 101.8181818181818 102.4242424242424 103.030303030303 103.6363636363636 104.2424242424242 104.8484848484848 105.4545454545455 106.0606060606061 106.6666666666667 107.2727272727273 107.8787878787879 108.4848484848485 109.0909090909091 109.6969696969697 110.3030303030303 110.9090909090909 111.5151515151515 112.1212121212121 112.7272727272727 113.3333333333333 113.9393939393939 114.5454545454545 115.1515151515152 115.7575757575758 116.3636363636364 116.969696969697 117.5757575757576 118.1818181818182 118.7878787878788 119.3939393939394 120


# name: y
# type: matrix
# rows: 100
# columns: 1
 82788.27640590286
 82788.43385827738
 82788.58186675452
 82788.72081673122
 82788.8510855753
 82788.97304262545
 82789.08704919132
 82789.1934585534
 82789.29261596312
 82789.38485864276
 82789.47051578556
 82789.54990855562
 82789.62335008792
 82789.69114548837
 82789.75359183377
 82789.81097817181
 82789.86358552107
 82789.91168687106
 82789.95554718214
 82789.9954233856
 82790.03156438364
 82790.06421104931
 82790.09359622661
 82790.1199447304
 82790.14347334644
 82790.16439083143
 82790.18289791289
 82790.19918728933
 82790.21344363007
 82790.22584357538
 82790.23655573641
 82790.24574069523
 82790.25355100477
 82790.2601311889
 82790.26561774233
 82790.27013913073
 82790.27381579063
 82790.27676012945
 82790.27907652555
 82790.28086132815
 82790.28220285737
 82790.28318140424
 82790.2838692307
 82790.28433056956
 82790.28462162452
 82790.28479057022
 82790.28487755217
 82790.28491468677
 82790.28492606133
 82790.28492773406
 82790.28492773406
 82790.28492606133
 82790.28491468677
 82790.28487755217
 82790.28479057022
 82790.28462162452
 82790.28433056956
 82790.2838692307
 82790.28318140424
 82790.28220285737
 82790.28086132815
 82790.27907652555
 82790.27676012945
 82790.27381579063
 82790.27013913073
 82790.26561774233
 82790.2601311889
 82790.25355100477
 82790.24574069523
 82790.23655573641
 82790.22584357538
 82790.21344363007
 82790.19918728933
 82790.18289791289
 82790.16439083143
 82790.14347334644
 82790.1199447304
 82790.09359622661
 82790.06421104931
 82790.03156438364
 82789.9954233856
 82789.95554718214
 82789.91168687106
 82789.86358552107
 82789.81097817181
 82789.75359183377
 82789.69114548837
 82789.62335008792
 82789.54990855562
 82789.47051578556
 82789.38485864276
 82789.29261596312
 82789.1934585534
 82789.08704919132
 82788.97304262545
 82788.8510855753
 82788.72081673122
 82788.58186675452
 82788.43385827738
 82788.27640590286


# name: QUERY
# type: sq_string
# elements: 1
# length: 2
R2


# name: DATASIZE
# type: sq_string
# elements: 1
# length: 3
250


