# Created by Octave 4.0.0, Sun May 22 18:32:50 2016 CEST <peter@Independence>
# name: x
# type: matrix
# rows: 1
# columns: 100
 60 60.60606060606061 61.21212121212122 61.81818181818182 62.42424242424242 63.03030303030303 63.63636363636364 64.24242424242425 64.84848484848484 65.45454545454545 66.06060606060606 66.66666666666667 67.27272727272728 67.87878787878788 68.48484848484848 69.09090909090909 69.6969696969697 70.30303030303031 70.90909090909091 71.51515151515152 72.12121212121212 72.72727272727273 73.33333333333334 73.93939393939394 74.54545454545455 75.15151515151516 75.75757575757575 76.36363636363636 76.96969696969697 77.57575757575758 78.18181818181819 78.78787878787878 79.39393939393939 80 80.60606060606061 81.21212121212122 81.81818181818181 82.42424242424242 83.03030303030303 83.63636363636364 84.24242424242424 84.84848484848484 85.45454545454545 86.06060606060606 86.66666666666667 87.27272727272728 87.87878787878788 88.48484848484848 89.09090909090909 89.6969696969697 90.3030303030303 90.90909090909091 91.51515151515152 92.12121212121212 92.72727272727272 93.33333333333333 93.93939393939394 94.54545454545455 95.15151515151516 95.75757575757576 96.36363636363636 96.96969696969697 97.57575757575758 98.18181818181819 98.78787878787878 99.39393939393939 100 100.6060606060606 101.2121212121212 101.8181818181818 102.4242424242424 103.030303030303 103.6363636363636 104.2424242424242 104.8484848484848 105.4545454545455 106.0606060606061 106.6666666666667 107.2727272727273 107.8787878787879 108.4848484848485 109.0909090909091 109.6969696969697 110.3030303030303 110.9090909090909 111.5151515151515 112.1212121212121 112.7272727272727 113.3333333333333 113.9393939393939 114.5454545454545 115.1515151515152 115.7575757575758 116.3636363636364 116.969696969697 117.5757575757576 118.1818181818182 118.7878787878788 119.3939393939394 120


# name: y
# type: matrix
# rows: 100
# columns: 1
 83115.88498939687
 83115.3450855565
 83114.81620016186
 83114.29833321294
 83113.79148470973
 83113.29565465225
 83112.8108430405
 83112.33704987446
 83111.87427515414
 83111.42251887955
 83110.98178105068
 83110.55206166752
 83110.13336073009
 83109.72567823839
 83109.32901419241
 83108.94336859214
 83108.5687414376
 83108.20513272878
 83107.85254246568
 83107.51097064831
 83107.18041727666
 83106.86088235072
 83106.55236587051
 83106.25486783602
 83105.96838824726
 83105.69292710422
 83105.42848440689
 83105.17506015529
 83104.93265434941
 83104.70126698924
 83104.48089807482
 83104.2715476061
 83104.07321558311
 83103.88590200583
 83103.70960687428
 83103.54433018847
 83103.39007194835
 83103.24683215398
 83103.11461080531
 83102.99340790237
 83102.88322344515
 83102.78405743366
 83102.69590986788
 83102.61878074783
 83102.55267007349
 83102.49757784489
 83102.453504062
 83102.42044872484
 83102.39841183339
 83102.38739338767
 83102.38739338767
 83102.39841183339
 83102.42044872484
 83102.453504062
 83102.49757784489
 83102.55267007349
 83102.61878074783
 83102.69590986788
 83102.78405743366
 83102.88322344515
 83102.99340790237
 83103.11461080531
 83103.24683215398
 83103.39007194835
 83103.54433018847
 83103.70960687428
 83103.88590200583
 83104.07321558311
 83104.2715476061
 83104.48089807482
 83104.70126698924
 83104.93265434941
 83105.17506015529
 83105.42848440689
 83105.69292710422
 83105.96838824726
 83106.25486783602
 83106.55236587051
 83106.86088235072
 83107.18041727666
 83107.51097064831
 83107.85254246568
 83108.20513272878
 83108.5687414376
 83108.94336859214
 83109.32901419241
 83109.72567823839
 83110.13336073009
 83110.55206166752
 83110.98178105068
 83111.42251887955
 83111.87427515414
 83112.33704987446
 83112.8108430405
 83113.29565465225
 83113.79148470973
 83114.29833321294
 83114.81620016186
 83115.3450855565
 83115.88498939687


# name: QUERY
# type: sq_string
# elements: 1
# length: 2
R2


# name: DATASIZE
# type: sq_string
# elements: 1
# length: 3
250


