# Created by Octave 4.0.0, Sun May 22 18:32:50 2016 CEST <peter@Independence>
# name: x
# type: matrix
# rows: 1
# columns: 100
 60 60.60606060606061 61.21212121212122 61.81818181818182 62.42424242424242 63.03030303030303 63.63636363636364 64.24242424242425 64.84848484848484 65.45454545454545 66.06060606060606 66.66666666666667 67.27272727272728 67.87878787878788 68.48484848484848 69.09090909090909 69.6969696969697 70.30303030303031 70.90909090909091 71.51515151515152 72.12121212121212 72.72727272727273 73.33333333333334 73.93939393939394 74.54545454545455 75.15151515151516 75.75757575757575 76.36363636363636 76.96969696969697 77.57575757575758 78.18181818181819 78.78787878787878 79.39393939393939 80 80.60606060606061 81.21212121212122 81.81818181818181 82.42424242424242 83.03030303030303 83.63636363636364 84.24242424242424 84.84848484848484 85.45454545454545 86.06060606060606 86.66666666666667 87.27272727272728 87.87878787878788 88.48484848484848 89.09090909090909 89.6969696969697 90.3030303030303 90.90909090909091 91.51515151515152 92.12121212121212 92.72727272727272 93.33333333333333 93.93939393939394 94.54545454545455 95.15151515151516 95.75757575757576 96.36363636363636 96.96969696969697 97.57575757575758 98.18181818181819 98.78787878787878 99.39393939393939 100 100.6060606060606 101.2121212121212 101.8181818181818 102.4242424242424 103.030303030303 103.6363636363636 104.2424242424242 104.8484848484848 105.4545454545455 106.0606060606061 106.6666666666667 107.2727272727273 107.8787878787879 108.4848484848485 109.0909090909091 109.6969696969697 110.3030303030303 110.9090909090909 111.5151515151515 112.1212121212121 112.7272727272727 113.3333333333333 113.9393939393939 114.5454545454545 115.1515151515152 115.7575757575758 116.3636363636364 116.969696969697 117.5757575757576 118.1818181818182 118.7878787878788 119.3939393939394 120


# name: y
# type: matrix
# rows: 100
# columns: 1
 82574.70571143199
 82573.67773370846
 82572.69128467234
 82571.74550806203
 82570.83954761593
 82569.97254707245
 82569.14365016998
 82568.35200064695
 82567.59674224173
 82566.87701869276
 82566.19197373842
 82565.54075111711
 82564.92249456725
 82564.33634782725
 82563.78145463549
 82563.25695873039
 82562.76200385035
 82562.29573373379
 82561.85729211908
 82561.44582274466
 82561.0604693489
 82560.70037567023
 82560.36468544704
 82560.05254241775
 82559.76309032075
 82559.49547289444
 82559.24883387724
 82559.02231700753
 82558.81506602374
 82558.62622466426
 82558.45493666751
 82558.30034577186
 82558.16159571575
 82558.03783023756
 82557.92819307571
 82557.83182796861
 82557.74787865463
 82557.67548887221
 82557.61380235973
 82557.5619628556
 82557.51911409824
 82557.48439982603
 82557.4569637774
 82557.43594969073
 82557.42050130444
 82557.40976235693
 82557.4028765866
 82557.39898773184
 82557.39723953108
 82557.39677572272
 82557.39674004515
 82557.39627623679
 82557.39452803603
 82557.39063918128
 82557.38375341095
 82557.37301446343
 82557.35756607713
 82557.33655199046
 82557.30911594183
 82557.27440166962
 82557.23155291226
 82557.17971340814
 82557.11802689567
 82557.04563711323
 82556.96168779927
 82556.86532269216
 82556.7556855303
 82556.63192005212
 82556.493169996
 82556.33857910037
 82556.1672911036
 82555.97844974413
 82555.77119876034
 82555.54468189063
 82555.29804287343
 82555.03042544713
 82554.74097335013
 82554.42883032083
 82554.09314009764
 82553.73304641897
 82553.34769302321
 82552.93622364878
 82552.49778203409
 82552.03151191751
 82551.53655703747
 82551.01206113238
 82550.45716794062
 82549.87102120061
 82549.25276465075
 82548.60154202946
 82547.91649707512
 82547.19677352614
 82546.44151512093
 82545.64986559788
 82544.82096869542
 82543.95396815194
 82543.04800770583
 82542.10223109552
 82541.11578205939
 82540.08780433587


# name: QUERY
# type: sq_string
# elements: 1
# length: 2
R2


# name: DATASIZE
# type: sq_string
# elements: 1
# length: 3
250


