# Created by Octave 4.0.0, Wed May 18 23:30:53 2016 CEST <peter@Independence>
# name: x
# type: matrix
# rows: 1
# columns: 100
 60 60.60606060606061 61.21212121212122 61.81818181818182 62.42424242424242 63.03030303030303 63.63636363636364 64.24242424242425 64.84848484848484 65.45454545454545 66.06060606060606 66.66666666666667 67.27272727272728 67.87878787878788 68.48484848484848 69.09090909090909 69.6969696969697 70.30303030303031 70.90909090909091 71.51515151515152 72.12121212121212 72.72727272727273 73.33333333333334 73.93939393939394 74.54545454545455 75.15151515151516 75.75757575757575 76.36363636363636 76.96969696969697 77.57575757575758 78.18181818181819 78.78787878787878 79.39393939393939 80 80.60606060606061 81.21212121212122 81.81818181818181 82.42424242424242 83.03030303030303 83.63636363636364 84.24242424242424 84.84848484848484 85.45454545454545 86.06060606060606 86.66666666666667 87.27272727272728 87.87878787878788 88.48484848484848 89.09090909090909 89.6969696969697 90.3030303030303 90.90909090909091 91.51515151515152 92.12121212121212 92.72727272727272 93.33333333333333 93.93939393939394 94.54545454545455 95.15151515151516 95.75757575757576 96.36363636363636 96.96969696969697 97.57575757575758 98.18181818181819 98.78787878787878 99.39393939393939 100 100.6060606060606 101.2121212121212 101.8181818181818 102.4242424242424 103.030303030303 103.6363636363636 104.2424242424242 104.8484848484848 105.4545454545455 106.0606060606061 106.6666666666667 107.2727272727273 107.8787878787879 108.4848484848485 109.0909090909091 109.6969696969697 110.3030303030303 110.9090909090909 111.5151515151515 112.1212121212121 112.7272727272727 113.3333333333333 113.9393939393939 114.5454545454545 115.1515151515152 115.7575757575758 116.3636363636364 116.969696969697 117.5757575757576 118.1818181818182 118.7878787878788 119.3939393939394 120


# name: y
# type: matrix
# rows: 100
# columns: 1
 82590.81175134776
 82591.32003971333
 82591.81795484695
 82592.30549674862
 82592.78266541834
 82593.24946085611
 82593.70588306192
 82594.15193203579
 82594.58760777771
 82595.01291028768
 82595.42783956569
 82595.83239561177
 82596.22657842588
 82596.61038800805
 82596.98382435826
 82597.34688747652
 82597.69957736283
 82598.04189401719
 82598.37383743961
 82598.69540763008
 82599.00660458859
 82599.30742831515
 82599.59787880976
 82599.87795607242
 82600.14766010313
 82600.40699090189
 82600.6559484687
 82600.89453280356
 82601.12274390647
 82601.34058177743
 82601.54804641644
 82601.7451378235
 82601.9318559986
 82602.10820094176
 82602.27417265296
 82602.42977113223
 82602.57499637952
 82602.70984839488
 82602.83432717829
 82602.94843272974
 82603.05216504924
 82603.14552413679
 82603.2285099924
 82603.30112261606
 82603.36336200776
 82603.41522816752
 82603.45672109531
 82603.48784079116
 82603.50858725507
 82603.51896048701
 82603.51896048701
 82603.50858725507
 82603.48784079116
 82603.45672109531
 82603.41522816752
 82603.36336200776
 82603.30112261606
 82603.2285099924
 82603.14552413679
 82603.05216504924
 82602.94843272974
 82602.83432717829
 82602.70984839488
 82602.57499637952
 82602.42977113223
 82602.27417265296
 82602.10820094176
 82601.9318559986
 82601.7451378235
 82601.54804641644
 82601.34058177743
 82601.12274390647
 82600.89453280356
 82600.6559484687
 82600.40699090189
 82600.14766010313
 82599.87795607242
 82599.59787880976
 82599.30742831515
 82599.00660458859
 82598.69540763008
 82598.37383743961
 82598.04189401719
 82597.69957736283
 82597.34688747652
 82596.98382435826
 82596.61038800805
 82596.22657842588
 82595.83239561177
 82595.42783956569
 82595.01291028768
 82594.58760777771
 82594.15193203579
 82593.70588306192
 82593.24946085611
 82592.78266541834
 82592.30549674862
 82591.81795484695
 82591.32003971333
 82590.81175134776


# name: QUERY
# type: sq_string
# elements: 1
# length: 2
R2


# name: DATASIZE
# type: sq_string
# elements: 1
# length: 3
250


