# Created by Octave 4.0.0, Wed May 18 23:30:53 2016 CEST <peter@Independence>
# name: x
# type: matrix
# rows: 1
# columns: 100
 60 60.60606060606061 61.21212121212122 61.81818181818182 62.42424242424242 63.03030303030303 63.63636363636364 64.24242424242425 64.84848484848484 65.45454545454545 66.06060606060606 66.66666666666667 67.27272727272728 67.87878787878788 68.48484848484848 69.09090909090909 69.6969696969697 70.30303030303031 70.90909090909091 71.51515151515152 72.12121212121212 72.72727272727273 73.33333333333334 73.93939393939394 74.54545454545455 75.15151515151516 75.75757575757575 76.36363636363636 76.96969696969697 77.57575757575758 78.18181818181819 78.78787878787878 79.39393939393939 80 80.60606060606061 81.21212121212122 81.81818181818181 82.42424242424242 83.03030303030303 83.63636363636364 84.24242424242424 84.84848484848484 85.45454545454545 86.06060606060606 86.66666666666667 87.27272727272728 87.87878787878788 88.48484848484848 89.09090909090909 89.6969696969697 90.3030303030303 90.90909090909091 91.51515151515152 92.12121212121212 92.72727272727272 93.33333333333333 93.93939393939394 94.54545454545455 95.15151515151516 95.75757575757576 96.36363636363636 96.96969696969697 97.57575757575758 98.18181818181819 98.78787878787878 99.39393939393939 100 100.6060606060606 101.2121212121212 101.8181818181818 102.4242424242424 103.030303030303 103.6363636363636 104.2424242424242 104.8484848484848 105.4545454545455 106.0606060606061 106.6666666666667 107.2727272727273 107.8787878787879 108.4848484848485 109.0909090909091 109.6969696969697 110.3030303030303 110.9090909090909 111.5151515151515 112.1212121212121 112.7272727272727 113.3333333333333 113.9393939393939 114.5454545454545 115.1515151515152 115.7575757575758 116.3636363636364 116.969696969697 117.5757575757576 118.1818181818182 118.7878787878788 119.3939393939394 120


# name: y
# type: matrix
# rows: 100
# columns: 1
 82524.36295895276
 82522.43005913196
 82520.57524543171
 82518.79690782892
 82517.09343630045
 82515.46322082324
 82513.90465137415
 82512.41611793009
 82510.99601046795
 82509.64271896463
 82508.35463339704
 82507.13014374206
 82505.96763997659
 82504.86551207751
 82503.82215002175
 82502.83594378617
 82501.90528334769
 82501.0285586832
 82500.20415976959
 82499.43047658376
 82498.70589910261
 82498.02881730303
 82497.39762116192
 82496.81070065616
 82496.26644576268
 82495.76324645834
 82495.29949272006
 82494.87357452472
 82494.48388184923
 82494.12880467047
 82493.80673296536
 82493.51605671075
 82493.2551658836
 82493.02245046075
 82492.81630041913
 82492.63510573562
 82492.47725638712
 82492.34114235052
 82492.22515360273
 82492.12768012064
 82492.04711188114
 82491.98183886112
 82491.9302510375
 82491.89073838714
 82491.86169088697
 82491.84149851388
 82491.82855124475
 82491.82123905649
 82491.81795192599
 82491.81707983013
 82491.81701274583
 82491.81614064999
 82491.81285351948
 82491.80554133122
 82491.79259406209
 82491.772401689
 82491.74335418882
 82491.70384153847
 82491.65225371484
 82491.58698069483
 82491.50641245533
 82491.40893897324
 82491.29295022544
 82491.15683618885
 82490.99898684035
 82490.81779215684
 82490.61164211521
 82490.37892669237
 82490.11803586521
 82489.82735961062
 82489.5052879055
 82489.15021072674
 82488.76051805125
 82488.33459985591
 82487.87084611763
 82487.36764681329
 82486.8233919198
 82486.23647141406
 82485.60527527293
 82484.92819347336
 82484.2036159922
 82483.42993280638
 82482.60553389277
 82481.72880922827
 82480.79814878979
 82479.81194255422
 82478.76858049845
 82477.66645259938
 82476.50394883391
 82475.27945917893
 82473.99137361134
 82472.63808210802
 82471.21797464589
 82469.72944120182
 82468.17087175274
 82466.54065627551
 82464.83718474706
 82463.05884714425
 82461.204033444
 82459.2711336232


# name: QUERY
# type: sq_string
# elements: 1
# length: 2
R2


# name: DATASIZE
# type: sq_string
# elements: 1
# length: 3
250


