# Created by Octave 3.8.2, Wed May 11 14:06:04 2016 CEST <Andrea@Andreas-MacBook-Pro.local>
# name: ylin
# type: matrix
# rows: 1
# columns: 100
 24155.50332776153 24161.25878487356 24167.01424198558 24172.7696990976 24178.52515620963 24184.28061332165 24190.03607043367 24195.7915275457 24201.54698465772 24207.30244176975 24213.05789888177 24218.81335599379 24224.56881310582 24230.32427021784 24236.07972732986 24241.83518444189 24247.59064155391 24253.34609866593 24259.10155577796 24264.85701288998 24270.612470002 24276.36792711403 24282.12338422605 24287.87884133808 24293.6342984501 24299.38975556212 24305.14521267415 24310.90066978617 24316.65612689819 24322.41158401022 24328.16704112224 24333.92249823426 24339.67795534629 24345.43341245831 24351.18886957033 24356.94432668236 24362.69978379438 24368.45524090641 24374.21069801843 24379.96615513045 24385.72161224248 24391.4770693545 24397.23252646653 24402.98798357855 24408.74344069057 24414.4988978026 24420.25435491462 24426.00981202664 24431.76526913867 24437.52072625069 24443.27618336272 24449.03164047474 24454.78709758676 24460.54255469879 24466.29801181081 24472.05346892283 24477.80892603486 24483.56438314688 24489.3198402589 24495.07529737093 24500.83075448295 24506.58621159497 24512.341668707 24518.09712581902 24523.85258293105 24529.60804004307 24535.36349715509 24541.11895426712 24546.87441137914 24552.62986849116 24558.38532560319 24564.14078271521 24569.89623982723 24575.65169693926 24581.40715405128 24587.1626111633 24592.91806827533 24598.67352538735 24604.42898249938 24610.1844396114 24615.93989672342 24621.69535383545 24627.45081094747 24633.20626805949 24638.96172517152 24644.71718228354 24650.47263939556 24656.22809650759 24661.98355361961 24667.73901073164 24673.49446784366 24679.24992495568 24685.00538206771 24690.76083917973 24696.51629629175 24702.27175340378 24708.0272105158 24713.78266762782 24719.53812473985 24725.29358185187


