# Created by Octave 3.8.2, Wed May 11 14:05:57 2016 CEST <Andrea@Andreas-MacBook-Pro.local>
# name: mu
# type: matrix
# rows: 1
# columns: 2
 24418.9222614841 87.73851590106007


