# Created by Octave 3.8.2, Wed May 11 14:05:57 2016 CEST <Andrea@Andreas-MacBook-Pro.local>
# name: sigma
# type: matrix
# rows: 1
# columns: 2
 1419.310918473114 20.54511125234423


