# Created by Octave 3.8.2, Wed May 11 14:06:05 2016 CEST <Andrea@Andreas-MacBook-Pro.local>
# name: ysvr
# type: matrix
# rows: 100
# columns: 1
 24383.13318731832
 24377.32688988032
 24371.77427550016
 24366.46967763166
 24361.40742972881
 24356.58186524553
 24351.98731763575
 24347.61812035348
 24343.46860685253
 24339.53311058693
 24335.80596501059
 24332.28150357743
 24328.95405974143
 24325.8179669565
 24322.86755867655
 24320.09716835556
 24317.50112944744
 24315.07377540615
 24312.80943968561
 24310.70245573976
 24308.74715702255
 24306.93787698789
 24305.26894908974
 24303.73470678202
 24302.32948351868
 24301.04761275365
 24299.88342794087
 24298.83126253427
 24297.88544998779
 24297.04032375538
 24296.29021729096
 24295.62946404848
 24295.05239748186
 24294.55335104505
 24294.12665819199
 24293.7666523766
 24293.46766705283
 24293.22403567462
 24293.03009169589
 24292.88016857059
 24292.76859975266
 24292.68971869603
 24292.63785885463
 24292.60735368241
 24292.5925366333
 24292.58774116124
 24292.58730072016
 24292.58554876401
 24292.57681874671
 24292.55544412221
 24292.51575834445
 24292.45209486735
 24292.35878714485
 24292.2301686309
 24292.06057277943
 24291.84433304438
 24291.57578287967
 24291.24925573926
 24290.85908507708
 24290.39960434705
 24289.86514700313
 24289.25004649925
 24288.54863628934
 24287.75524982734
 24286.86422056719
 24285.86988196282
 24284.76656746817
 24283.54861053719
 24282.2103446238
 24280.74610318193
 24279.15021966553
 24277.41702752855
 24275.5408602249
 24273.51605120853
 24271.33693393338
 24268.99784185339
 24266.49310842248
 24263.81706709459
 24260.96405132367
 24257.92839456366
 24254.70443026846
 24251.28649189206
 24247.66891288835
 24243.84602671131
 24239.81216681485
 24235.56166665289
 24231.08885967941
 24226.3880793483
 24221.45365911352
 24216.27993242901
 24210.86123274872
 24205.19189352654
 24199.2662482165
 24193.07863027246
 24186.62337314834
 24179.89481029815
 24172.88727517577
 24165.59510123511
 24158.01262193017
 24150.13417071487


