# Created by Octave 3.8.2, Wed May 11 14:06:05 2016 CEST <Andrea@Andreas-MacBook-Pro.local>
# name: ysvr
# type: matrix
# rows: 100
# columns: 1
 24382.54179977103
 24380.20021203558
 24377.85862430016
 24375.51703656471
 24373.17544882927
 24370.83386109384
 24368.4922733584
 24366.15068562296
 24363.80909788752
 24361.46751015208
 24359.12592241665
 24356.78433468122
 24354.44274694578
 24352.10115921034
 24349.7595714749
 24347.41798373946
 24345.07639600402
 24342.73480826859
 24340.39322053315
 24338.05163279771
 24335.71004506228
 24333.36845732684
 24331.0268695914
 24328.68528185596
 24326.34369412053
 24324.00210638509
 24321.66051864965
 24319.31893091422
 24316.97734317878
 24314.63575544334
 24312.2941677079
 24309.95257997247
 24307.61099223703
 24305.26940450159
 24302.92781676615
 24300.58622903072
 24298.24464129528
 24295.90305355984
 24293.5614658244
 24291.21987808897
 24288.87829035353
 24286.53670261809
 24284.19511488266
 24281.85352714722
 24279.51193941178
 24277.17035167634
 24274.82876394091
 24272.48717620547
 24270.14558847003
 24267.80400073459
 24265.46241299916
 24263.12082526372
 24260.77923752828
 24258.43764979284
 24256.0960620574
 24253.75447432197
 24251.41288658654
 24249.0712988511
 24246.72971111565
 24244.38812338022
 24242.04653564478
 24239.70494790934
 24237.36336017391
 24235.02177243847
 24232.68018470303
 24230.3385969676
 24227.99700923216
 24225.65542149672
 24223.31383376128
 24220.97224602585
 24218.63065829041
 24216.28907055498
 24213.94748281953
 24211.6058950841
 24209.26430734866
 24206.92271961322
 24204.58113187779
 24202.23954414234
 24199.89795640691
 24197.55636867147
 24195.21478093604
 24192.8731932006
 24190.53160546516
 24188.19001772972
 24185.84842999428
 24183.50684225885
 24181.16525452341
 24178.82366678798
 24176.48207905253
 24174.14049131709
 24171.79890358166
 24169.45731584622
 24167.11572811079
 24164.77414037535
 24162.43255263992
 24160.09096490447
 24157.74937716904
 24155.4077894336
 24153.06620169817
 24150.72461396273


