# Created by Octave 3.8.2, Wed May 11 14:06:05 2016 CEST <Andrea@Andreas-MacBook-Pro.local>
# name: ysvr
# type: matrix
# rows: 100
# columns: 1
 24170.72225274806
 24230.60608735118
 24286.58374071044
 24338.20026470451
 24385.0546478045
 24426.80646287047
 24463.18172550507
 24493.97783572944
 24519.06748825656
 24538.40145192153
 24552.0101366705
 24560.00388662887
 24562.57195981963
 24559.98017868477
 24552.5672602245
 24540.73985982201
 24524.9663881436
 24505.76968535794
 24483.7186607578
 24459.41902815492
 24433.50328763546
 24406.62012192256
 24379.42339025395
 24352.56091396194
 24326.66325552332
 24302.3326964873
 24280.13261923617
 24260.5774929152
 24244.12365511495
 24231.16106811793
 24222.00621194484
 24216.89625635508
 24215.98463075447
 24219.33808510167
 24226.93530690462
 24238.66712983966
 24254.33833902428
 24273.6710471752
 24296.30958543776
 24321.82682323386
 24349.73180366962
 24379.4785554684
 24410.47591959381
 24442.09820918496
 24473.69650555453
 24504.61038112613
 24534.17983254912
 24561.75720397072
 24586.71888161002
 24608.47654631327
 24626.4877805257
 24640.26583984822
 24649.3884167315
 24653.50524449097
 24652.34441323342
 24645.71729494417
 24633.52200232655
 24615.74533441963
 24592.46319093611
 24563.83946605465
 24530.12346047722
 24491.64587735678
 24448.81349269168
 24402.10261349619
 24352.05145708043
 24299.25160176476
 24244.3386730433
 24187.98243940978
 24130.87649865557
 24073.72773841507
 24017.24575411699
 23962.1324034246
 23909.07166890666
 23858.71999032997
 23811.69721491245
 23768.57829847957
 23729.88587311691
 23696.08377802458
 23667.57163028745
 23644.68049161547
 23627.66966621351
 23616.72464422755
 23611.95618508044
 23613.40051582061
 23621.02060168936
 23634.70842975489
 23654.28823190278
 23679.52056090708
 23710.10712287255
 23745.69626113006
 23785.88898072244
 23830.24539893102
 23878.29150581274
 23929.52611934822
 23983.42792241612
 24039.462473244
 24097.08908705413
 24155.7674941159
 24214.96418810996
 24274.15838837045


