# Created by Octave 4.0.0, Wed May 11 23:22:56 2016 CEST <peter@Independence>
# name: mu
# type: matrix
# rows: 1
# columns: 13
 200117.8441926346 12.48725212464589 13.01416430594901 90647.40793201134 163672.5807365439 8014.320113314448 8825.045325779036 129482.2039660057 137430.2861189802 250106215.7677054 252450917.6487252 548.1586402266289 89.91501416430594


