# Created by Octave 4.0.0, Wed May 11 23:23:37 2016 CEST <peter@Independence>
# name: y
# type: matrix
# rows: 1
# columns: 100
 200042.1396538969 200043.6733833605 200045.2071128241 200046.7408422878 200048.2745717514 200049.808301215 200051.3420306787 200052.8757601423 200054.409489606 200055.9432190696 200057.4769485332 200059.0106779969 200060.5444074605 200062.0781369241 200063.6118663878 200065.1455958514 200066.6793253151 200068.2130547787 200069.7467842423 200071.2805137059 200072.8142431696 200074.3479726332 200075.8817020969 200077.4154315605 200078.9491610242 200080.4828904878 200082.0166199514 200083.550349415 200085.0840788787 200086.6178083423 200088.151537806 200089.6852672696 200091.2189967333 200092.7527261969 200094.2864556605 200095.8201851241 200097.3539145878 200098.8876440514 200100.4213735151 200101.9551029787 200103.4888324424 200105.022561906 200106.5562913696 200108.0900208332 200109.6237502969 200111.1574797605 200112.6912092242 200114.2249386878 200115.7586681515 200117.2923976151 200118.8261270787 200120.3598565423 200121.893586006 200123.4273154696 200124.9610449333 200126.4947743969 200128.0285038605 200129.5622333242 200131.0959627878 200132.6296922514 200134.1634217151 200135.6971511787 200137.2308806424 200138.764610106 200140.2983395696 200141.8320690333 200143.3657984969 200144.8995279605 200146.4332574242 200147.9669868878 200149.5007163514 200151.0344458151 200152.5681752787 200154.1019047424 200155.635634206 200157.1693636696 200158.7030931333 200160.2368225969 200161.7705520605 200163.3042815242 200164.8380109878 200166.3717404515 200167.9054699151 200169.4391993787 200170.9729288424 200172.506658306 200174.0403877696 200175.5741172333 200177.1078466969 200178.6415761606 200180.1753056242 200181.7090350878 200183.2427645515 200184.7764940151 200186.3102234787 200187.8439529424 200189.377682406 200190.9114118697 200192.4451413333 200193.9788707969


