# Created by Octave 4.0.0, Wed May 11 23:22:56 2016 CEST <peter@Independence>
# name: sigma
# type: matrix
# rows: 1
# columns: 13
 299253.9076202133 22.18992097128378 23.42971411152784 123836.2363561943 258669.9679232599 1763.803582095701 2841.478340060091 250624.4964476766 268848.8878306628 28611539.54418185 25469099.04337907 267.465498604213 20.46181660330248


