# Created by Octave 4.0.0, Wed May 11 23:23:37 2016 CEST <peter@Independence>
# name: y
# type: matrix
# rows: 100
# columns: 1
 89706.41195122804
 88795.23874363047
 87909.23977634154
 87048.22849752341
 86212.01350318044
 85400.39896997529
 84613.18509100014
 83850.16851385683
 83111.14278039144
 82395.89876743016
 81704.22512785449
 81035.90873135705
 80390.73510421699
 79768.48886743039
 79168.95417254278
 78591.91513451873
 78037.15626100072
 77504.46287730573
 76993.62154651797
 76504.420484038
 76036.64996596308
 75590.1027306756
 75164.57437303181
 74759.8637305485
 74375.77326100289
 74012.10941086824
 73668.68297402472
 73345.30944019952
 73041.80933260539
 72758.00853425928
 72493.7386024891
 72248.83707114536
 72023.14774005766
 71816.52095129791
 71628.81385182538
 71459.89064211938
 71309.62281041731
 71177.88935220643
 71064.57697463597
 70969.58028553952
 70892.80196678686
 70834.15293170039
 70793.55246630609
 70770.92835420488
 70766.21698488381
 70779.36344530624
 70810.32159465224
 70859.05412210144
 70925.53258758056
 71009.73744542364
 71111.65805092182
 71231.2926497595
 71368.64835037303
 71523.7410792789
 71696.59551946181
 71887.24503192482
 72095.73156054065
 72322.10552036425
 72566.42566959174
 72828.75896538164
 73109.18040377335
 73407.77284396505
 73724.62681724157
 74059.84032085484
 74413.51859719897
 74785.77389862994
 75176.72523831158
 75586.49812748471
 76015.22429958131
 76463.04142162451
 76930.09279337198
 77416.52703468096
 77922.49776159275
 78448.16325164492
 78993.68609894291
 79559.23285953263
 80144.97368763204
 80751.08196329066
 81377.73391206333
 82025.10821728714
 82693.38562557104
 83382.7485461091
 84093.38064443645
 84825.46643126479
 85579.19084702406
 86354.73884275604
 87152.29495800268
 87972.0428963374
 88814.1650991871
 89678.84231859773
 90566.25318959398
 91476.57380277863
 92409.97727782447
 93366.63333849728
 94346.70788985418
 95350.36259824938
 96377.75447477466
 97429.03546276028
 98504.35202994461
 99603.84476591897


