# Created by Octave 4.0.0, Wed May 11 23:23:37 2016 CEST <peter@Independence>
# name: y
# type: matrix
# rows: 100
# columns: 1
 105126.9873890244
 105129.832271268
 105132.5618983216
 105135.1786534717
 105137.6849200045
 105140.0830812065
 105142.375520364
 105144.5646207636
 105146.6527656915
 105148.6423384342
 105150.5357222781
 105152.3353005095
 105154.0434564149
 105155.6625732806
 105157.1950343931
 105158.6432230387
 105160.0095225039
 105161.2963160751
 105162.5059870385
 105163.6409186807
 105164.703494288
 105165.6960971469
 105166.6211105436
 105167.4809177647
 105168.2779020965
 105169.0144468254
 105169.6929352379
 105170.3157506202
 105170.8852762588
 105171.4038954401
 105171.8739914505
 105172.2979475764
 105172.6781471042
 105173.0169733202
 105173.316809511
 105173.5800389628
 105173.8090449621
 105174.0062107953
 105174.1739197487
 105174.3145551087
 105174.4305001619
 105174.5241381944
 105174.5978524929
 105174.6540263436
 105174.6950430329
 105174.7232858472
 105174.741138073
 105174.7509829966
 105174.7552039045
 105174.7561840829
 105174.7563068184
 105174.7579553973
 105174.763513106
 105174.775363231
 105174.7958890585
 105174.827473875
 105174.8725009669
 105174.9333536206
 105175.0124151225
 105175.112068759
 105175.2346978165
 105175.3826855813
 105175.55841534
 105175.7642703788
 105176.0026339841
 105176.2758894425
 105176.5864200402
 105176.9366090636
 105177.3288397992
 105177.7654955333
 105178.2489595524
 105178.7816151429
 105179.365845591
 105180.0040341833
 105180.6985642062
 105181.4518189459
 105182.266181689
 105183.1440357218
 105184.0877643307
 105185.0997508022
 105186.1823784225
 105187.3380304782
 105188.5690902555
 105189.8779410409
 105191.2669661209
 105192.7385487817
 105194.2950723098
 105195.9389199916
 105197.6724751135
 105199.4981209619
 105201.4182408231
 105203.4352179836
 105205.5514357298
 105207.769277348
 105210.0911261247
 105212.5193653462
 105215.056378299
 105217.7045482694
 105220.4662585438
 105223.3438924088


