# Created by Octave 4.0.0, Wed May 11 23:23:37 2016 CEST <peter@Independence>
# name: y
# type: matrix
# rows: 100
# columns: 1
 205825.5729368125
 205841.8115856452
 205858.0502344776
 205874.2888833102
 205890.5275321427
 205906.7661809753
 205923.0048298079
 205939.2434786404
 205955.482127473
 205971.7207763056
 205987.9594251382
 206004.1980739707
 206020.4367228032
 206036.6753716359
 206052.9140204684
 206069.1526693009
 206085.3913181335
 206101.6299669661
 206117.8686157987
 206134.1072646312
 206150.3459134638
 206166.5845622964
 206182.8232111289
 206199.0618599615
 206215.3005087941
 206231.5391576266
 206247.7778064592
 206264.0164552917
 206280.2551041243
 206296.4937529568
 206312.7324017894
 206328.971050622
 206345.2096994546
 206361.4483482871
 206377.6869971197
 206393.9256459522
 206410.1642947848
 206426.4029436173
 206442.6415924499
 206458.8802412825
 206475.118890115
 206491.3575389476
 206507.5961877801
 206523.8348366127
 206540.0734854453
 206556.3121342779
 206572.5507831104
 206588.789431943
 206605.0280807755
 206621.2667296081
 206637.5053784407
 206653.7440272732
 206669.9826761058
 206686.2213249383
 206702.4599737709
 206718.6986226035
 206734.937271436
 206751.1759202686
 206767.4145691012
 206783.6532179338
 206799.8918667663
 206816.1305155988
 206832.3691644314
 206848.607813264
 206864.8464620965
 206881.0851109291
 206897.3237597617
 206913.5624085942
 206929.8010574268
 206946.0397062593
 206962.278355092
 206978.5170039245
 206994.755652757
 207010.9943015896
 207027.2329504222
 207043.4715992547
 207059.7102480873
 207075.9488969198
 207092.1875457524
 207108.426194585
 207124.6648434176
 207140.9034922501
 207157.1421410827
 207173.3807899152
 207189.6194387478
 207205.8580875804
 207222.096736413
 207238.3353852455
 207254.574034078
 207270.8126829106
 207287.0513317432
 207303.2899805757
 207319.5286294083
 207335.7672782408
 207352.0059270734
 207368.2445759059
 207384.4832247385
 207400.7218735711
 207416.9605224036
 207433.1991712363


