# Created by Octave 3.8.2, Wed May 11 13:59:01 2016 CEST <Andrea@Andreas-MacBook-Pro.local>
# name: ylin
# type: matrix
# rows: 1
# columns: 100
 645765.8179236968 645614.1526913038 645462.4874589107 645310.8222265176 645159.1569941246 645007.4917617316 644855.8265293385 644704.1612969454 644552.4960645523 644400.8308321593 644249.1655997663 644097.5003673732 643945.8351349802 643794.1699025871 643642.504670194 643490.8394378009 643339.174205408 643187.5089730149 643035.8437406218 642884.1785082287 642732.5132758357 642580.8480434426 642429.1828110496 642277.5175786566 642125.8523462635 641974.1871138704 641822.5218814773 641670.8566490842 641519.1914166913 641367.5261842982 641215.8609519051 641064.1957195121 640912.530487119 640760.8652547259 640609.200022333 640457.5347899399 640305.8695575468 640154.2043251537 640002.5390927606 639850.8738603676 639699.2086279746 639547.5433955815 639395.8781631885 639244.2129307954 639092.5476984023 638940.8824660092 638789.2172336163 638637.5520012232 638485.8867688301 638334.221536437 638182.556304044 638030.8910716509 637879.2258392579 637727.5606068649 637575.8953744718 637424.2301420787 637272.5649096856 637120.8996772926 636969.2344448996 636817.5692125065 636665.9039801134 636514.2387477204 636362.5735153273 636210.9082829342 636059.2430505413 635907.5778181482 635755.9125857551 635604.247353362 635452.582120969 635300.916888576 635149.2516561829 634997.5864237898 634845.9211913968 634694.2559590037 634542.5907266106 634390.9254942175 634239.2602618246 634087.5950294315 633935.9297970384 633784.2645646454 633632.5993322523 633480.9340998593 633329.2688674662 633177.6036350732 633025.9384026801 632874.273170287 632722.6079378939 632570.9427055009 632419.2774731079 632267.6122407148 632115.9470083218 631964.2817759287 631812.6165435356 631660.9513111426 631509.2860787496 631357.6208463565 631205.9556139634 631054.2903815703 630902.6251491773 630750.9599167843


