# Created by Octave 3.8.2, Wed May 11 13:58:52 2016 CEST <Andrea@Andreas-MacBook-Pro.local>
# name: mu
# type: matrix
# rows: 1
# columns: 2
 638834.8401084011 87.69647696476964


