# Created by Octave 3.8.2, Wed May 11 13:58:52 2016 CEST <Andrea@Andreas-MacBook-Pro.local>
# name: sigma
# type: matrix
# rows: 1
# columns: 2
 607498.2417557746 20.68277516779243


