# Created by Octave 3.8.2, Wed May 11 13:59:01 2016 CEST <Andrea@Andreas-MacBook-Pro.local>
# name: ysvr
# type: matrix
# rows: 100
# columns: 1
 723190.0503509282
 710442.7218102305
 698253.1821315167
 686608.9525898139
 675497.5544601146
 664906.5090174262
 654823.3375367516
 645235.5612930992
 636130.701561473
 627496.2796168715
 619319.8167343033
 611588.8341887735
 604290.8532552873
 597413.3952088433
 590943.9813244534
 584870.1328771166
 579179.3711418378
 573859.2173936265
 568897.192907482
 564280.8189584103
 559997.6168214157
 556035.1077715032
 552380.8130836759
 549022.2540329385
 545946.951894297
 543142.4279427546
 540596.2034533154
 538295.7997009845
 536228.7379607662
 534382.5395076649
 532744.7256166845
 531302.8175628304
 530044.336621106
 528956.8040665163
 528027.7411740657
 527244.6692187585
 526595.1094755991
 526066.583219592
 525646.6117257416
 525322.7162690524
 525082.4181245286
 524913.2385671748
 524802.6988719953
 524738.3203139945
 524707.624168177
 524698.1317095471
 524697.3642131094
 524692.8429538679
 524672.0892068273
 524622.6242469922
 524531.9693493666
 524387.6457889552
 524177.1748407623
 523888.0777797924
 523507.8758810498
 523024.0904195391
 522424.2426702646
 521695.8539082307
 520826.4454084419
 519803.5384459025
 518614.654295617
 517247.3142325899
 515689.0395318256
 513927.3514683283
 511949.7713171025
 509743.8203531527
 507297.0198514835
 504596.8910870992
 501630.9553350037
 498386.7338702023
 494851.7479676988
 491013.5189024976
 486859.5679496037
 482377.4163840202
 477554.5854807545
 472378.5965148067
 466836.9707611852
 460917.2294948918
 454606.8939909321
 447893.4855243091
 440764.5253700304
 433207.5348030973
 425210.0350985149
 416759.5475312879
 407843.5933764224
 398449.6939089212
 388565.3704037884
 378178.1441360271
 367275.5363806437
 355845.0684126443
 343874.2615070316
 331350.6369388049
 318261.715982982
 304595.0199145513
 290338.0700085227
 275478.3875399096
 260003.4937837067
 243900.9100149247
 227158.1575085561
 209762.7575396264


