# Created by Octave 3.8.2, Wed May 11 13:59:01 2016 CEST <Andrea@Andreas-MacBook-Pro.local>
# name: ysvr
# type: matrix
# rows: 100
# columns: 1
 645027.9111147814
 643232.5108862789
 641437.1106577527
 639641.7104292546
 637846.3102007532
 636050.9099722378
 634255.5097437137
 632460.1095152231
 630664.7092867227
 628869.3090582106
 627073.9088296919
 625278.5086011856
 623483.1083726869
 621687.7081441709
 619892.3079156728
 618096.9076871525
 616301.50745865
 614506.1072301421
 612710.7070016186
 610915.3067731329
 609119.9065446255
 607324.5063161096
 605529.1060876006
 603733.7058590858
 601938.3056305832
 600142.905402076
 598347.5051735691
 596552.1049450613
 594756.7047165533
 592961.3044880406
 591165.9042595316
 589370.504031027
 587575.1038025118
 585779.7035740032
 583984.3033455034
 582188.9031169907
 580393.5028884828
 578598.1026599731
 576802.7024314645
 575007.3022029584
 573211.9019744495
 571416.5017459417
 569621.1015174338
 567825.7012889254
 566030.301060417
 564234.9008319085
 562439.5006034001
 560644.1003748918
 558848.7001463829
 557053.2999178766
 555257.8996893672
 553462.4994608605
 551667.0992323492
 549871.6990038417
 548076.2987753366
 546280.8985468232
 544485.4983183144
 542690.0980898101
 540894.6978612976
 539099.2976327887
 537303.8974042833
 535508.4971757829
 533713.0969472629
 531917.6967187631
 530122.296490245
 528326.8962617512
 526531.4960332373
 524736.0958047283
 522940.6955762253
 521145.2953477034
 519349.8951192015
 517554.4948906812
 515759.0946621825
 513963.6944336838
 512168.2942051673
 510372.8939766605
 508577.4937481402
 506782.0935196269
 504986.693291139
 503191.2930626177
 501395.892834119
 499600.4926056197
 497805.0923770859
 496009.6921485997
 494214.2919200821
 492418.8916915742
 490623.4914630749
 488828.0912345703
 487032.6910060365
 485237.2907775416
 483441.8905490197
 481646.4903205388
 479851.0900920223
 478055.6898635155
 476260.2896349839
 474464.8894064857
 472669.489177994
 470874.0889494829
 469078.6887209858
 467283.2884924585


