# Created by Octave 3.8.2, Wed May 11 13:59:01 2016 CEST <Andrea@Andreas-MacBook-Pro.local>
# name: ysvr
# type: matrix
# rows: 100
# columns: 1
 671573.5452525115
 665037.30679796
 658444.3396185476
 651839.0935550745
 645265.676670874
 638767.3540183519
 632386.0537409191
 626161.8880302556
 620132.6963354899
 614333.6179592704
 608796.7007778441
 603550.5522932494
 598620.0385736502
 594026.0358735069
 589785.2388620271
 585910.0284422826
 582408.4011320419
 579283.9609207957
 576535.9734360247
 574159.4811676133
 572145.4774340643
 570481.1357498937
 569150.0902912708
 568132.7622766787
 567406.7262992624
 566947.1099840261
 566727.0198096277
 566717.9855424145
 566890.415487055
 567214.0546686362
 567658.4381262346
 568193.3317158092
 568789.1531851077
 569417.3667863871
 570050.8453223301
 570664.1942621027
 571234.0334011357
 571739.2324511281
 572161.0979156474
 572483.5096101005
 572693.0062010824
 572778.8201471422
 572732.863399719
 572549.6661489141
 572226.2717552013
 571762.0917780958
 571158.7256816017
 570419.7503517614
 569550.4849945655
 568557.7372865372
 567449.536821984
 566234.8619402441
 564923.3659256832
 563525.1083585978
 562050.2970644992
 560509.0456734262
 558911.1512724281
 557265.8960277434
 555581.8759841865
 553866.8595344841
 552127.6773080936
 550370.1444744655
 548599.0157068941
 546817.9723262151
 545029.6404538063
 543235.6383644893
 541436.6506542094
 539632.5263349081
 537822.3975483102
 536004.8152573663
 534177.898032677
 532339.4899033023
 530487.32318629
 528619.1822445227
 526733.0642439426
 524827.3331822553
 522900.863734864
 520953.1718004228
 518984.5290187774
 516996.0589670748
 514989.8132047165
 512968.825823106
 510937.1456507619
 508899.8457574372
 506863.0103819955
 504833.6998685526
 502819.8946250419
 500830.4195103669
 498874.8504043263
 496963.4050133144
 495106.8202107189
 493316.2184012531
 491602.9655321381
 489978.5234509665
 488454.2993314674
 487041.4948566057
 485750.9577665798
 484593.038251586
 483577.4525003459
 482713.1555108877


