# Created by Octave 3.8.2, Wed May 18 21:55:09 2016 CEST <Andrea@Andreas-MacBook-Pro.local>
# name: SVs
# type: cell
# rows: 1
# columns: 7
# name: <cell-element>
# type: sparse matrix
# nnz: 153
# rows: 9
# columns: 30
1 2 1.569394446448777
2 2 1.294741808519679
3 2 0.3498161968357128
4 2 0.1819250858759193
5 2 -1.714383487913544
6 2 0.7815976950220537
7 2 -0.9580125085382688
8 2 -1.869790388058378
9 2 0.4776717351820171
1 3 1.838285702525396
2 3 1.167912807123378
3 3 -1.238263997597669
4 3 0.4137828451533162
5 3 -0.04779056418672362
6 3 0.9618814960660091
7 3 -1.448012572232657
8 3 -1.362673691376265
9 3 0.5639761118319893
1 4 -0.3248931448269642
2 4 -0.3248931448269642
3 4 2.92403830344269
4 4 -0.3248931448269642
5 4 -0.3248931448269642
6 4 -0.3248931448269642
7 4 -0.3248931448269642
8 4 -0.3248931448269642
9 4 -0.3248931448269642
1 5 -0.2837500301593173
2 5 -0.1896892466810906
3 5 -0.8807224693011295
4 5 -1.046269448222809
5 5 1.10207884641989
6 5 -0.7703578166866768
7 5 -1.890308211967429
8 5 -0.2536505794462847
9 5 0.5703218838229813
1 6 -0.6407770461098159
2 6 -0.4657499825890791
3 6 0.3507957671411376
4 6 -1.256338328831051
5 6 0.1542611407301409
6 6 -1.310478056106533
7 6 -2.368798478327259
8 6 0.7957798269396208
9 6 -0.5591966351467605
1 7 0.5043496892205358
2 7 -0.0847563873101833
3 7 -0.4618128351623929
4 7 -0.4697458553149745
5 7 0.2769893316475435
6 7 -1.044969146578676
7 7 -0.2218389755467955
8 7 0.3775800271822798
9 7 0.7943809059989237
1 8 0.6933127045017849
2 8 -0.1065521768038294
3 8 -0.1434025413283567
4 8 -0.6354201296149108
5 8 0.2862466202739863
6 8 -1.023408812739304
7 8 -0.1414458848049305
8 8 0.5019680019817282
9 8 0.4124509660349781
1 12 -0.5831404583187986
2 12 -0.820277058744188
3 12 -1.208318768531189
4 12 -1.06973244360726
5 12 0.297652628975505
6 12 0.7380491726226568
7 12 0.839679144233538
8 12 0.1991023534740444
9 12 -1.057413659169578
1 13 -0.5831404583187986
2 13 -0.820277058744188
3 13 -1.208318768531189
4 13 -1.06973244360726
5 13 0.297652628975505
6 13 0.7380491726226568
7 13 0.839679144233538
8 13 0.1991023534740444
9 13 -1.057413659169578
1 14 0.3379619821012589
2 14 -0.6407159598784057
3 14 -0.1672089710310167
4 14 -0.3351151302664712
5 14 1.041541078413146
6 14 1.316930419166106
7 14 2.605566617035442
8 14 -0.3647456289550808
9 14 -1.556937458543844
1 15 0.3379619821012589
2 15 -0.6407159598784057
3 15 -0.1672089710310167
4 15 -0.3351151302664712
5 15 1.041541078413146
6 15 1.316930419166106
7 15 2.605566617035442
8 15 -0.3647456289550808
9 15 -1.556937458543844
1 19 -1.47099573987207
2 19 -1.197197420554337
3 19 0.4040816952028128
4 19 1.397487031274447
5 19 1.066178957583281
6 19 1.306249751779751
7 19 -0.1890903427631782
8 19 -0.3508095016779477
9 19 -0.06542275065188399
1 20 -1.47099573987207
2 20 -1.197197420554337
3 20 0.4040816952028128
4 20 1.397487031274447
5 20 1.066178957583281
6 20 1.306249751779751
7 20 -0.1890903427631782
8 20 -0.3508095016779477
9 20 -0.06542275065188399
1 22 1.716882217428053
2 22 0.5548737319013044
3 22 -0.1054028471852029
4 22 0.3702311707535953
5 22 -1.549920975740072
6 22 -1.405077694557063
7 22 -0.8465828806261835
8 22 0.03030617302230054
9 22 0.9678728174366394
1 23 1.716882217428053
2 23 0.5548737319013044
3 23 -0.1054028471852029
4 23 0.3702311707535953
5 23 -1.549920975740072
6 23 -1.405077694557063
7 23 -0.8465828806261835
8 23 0.03030617302230054
9 23 0.9678728174366394
1 24 0.5581662166002778
2 24 1.573456777301141
3 24 -0.1701732211385853
4 24 -0.1026982966390318
5 24 -0.6076640673522971
6 24 -0.2013529696437941
7 24 0.03785416341960503
8 24 1.327429074252227
9 24 -0.1750450568425242
1 25 0.5581662166002778
2 25 1.573456777301141
3 25 -0.1701732211385853
4 25 -0.1026982966390318
5 25 -0.6076640673522971
6 25 -0.2013529696437941
7 25 0.03785416341960503
8 25 1.327429074252227
9 25 -0.1750450568425242



# name: <cell-element>
# type: sparse matrix
# nnz: 51
# rows: 3
# columns: 30
1 2 1.569394446448777
2 2 0.1819250858759193
3 2 -0.9580125085382688
1 3 1.838285702525396
2 3 0.4137828451533162
3 3 -1.448012572232657
1 4 -0.3248931448269642
2 4 -0.3248931448269642
3 4 -0.3248931448269642
1 5 -0.2837500301593173
2 5 -1.046269448222809
3 5 -1.890308211967429
1 6 -0.6407770461098159
2 6 -1.256338328831051
3 6 -2.368798478327259
1 7 0.5043496892205358
2 7 -0.4697458553149745
3 7 -0.2218389755467955
1 8 0.6933127045017849
2 8 -0.6354201296149108
3 8 -0.1414458848049305
1 12 -0.5831404583187986
2 12 -1.06973244360726
3 12 0.839679144233538
1 13 -0.5831404583187986
2 13 -1.06973244360726
3 13 0.839679144233538
1 14 0.3379619821012589
2 14 -0.3351151302664712
3 14 2.605566617035442
1 15 0.3379619821012589
2 15 -0.3351151302664712
3 15 2.605566617035442
1 19 -1.47099573987207
2 19 1.397487031274447
3 19 -0.1890903427631782
1 20 -1.47099573987207
2 20 1.397487031274447
3 20 -0.1890903427631782
1 22 1.716882217428053
2 22 0.3702311707535953
3 22 -0.8465828806261835
1 23 1.716882217428053
2 23 0.3702311707535953
3 23 -0.8465828806261835
1 24 0.5581662166002778
2 24 -0.1026982966390318
3 24 0.03785416341960503
1 25 0.5581662166002778
2 25 -0.1026982966390318
3 25 0.03785416341960503



# name: <cell-element>
# type: sparse matrix
# nnz: 51
# rows: 3
# columns: 30
1 2 1.569394446448777
2 2 0.1819250858759193
3 2 -0.9580125085382688
1 3 1.838285702525396
2 3 0.4137828451533162
3 3 -1.448012572232657
1 4 -0.3248931448269642
2 4 -0.3248931448269642
3 4 -0.3248931448269642
1 5 -0.2837500301593173
2 5 -1.046269448222809
3 5 -1.890308211967429
1 6 -0.6407770461098159
2 6 -1.256338328831051
3 6 -2.368798478327259
1 7 0.5043496892205358
2 7 -0.4697458553149745
3 7 -0.2218389755467955
1 8 0.6933127045017849
2 8 -0.6354201296149108
3 8 -0.1414458848049305
1 12 -0.5831404583187986
2 12 -1.06973244360726
3 12 0.839679144233538
1 13 -0.5831404583187986
2 13 -1.06973244360726
3 13 0.839679144233538
1 14 0.3379619821012589
2 14 -0.3351151302664712
3 14 2.605566617035442
1 15 0.3379619821012589
2 15 -0.3351151302664712
3 15 2.605566617035442
1 19 -1.47099573987207
2 19 1.397487031274447
3 19 -0.1890903427631782
1 20 -1.47099573987207
2 20 1.397487031274447
3 20 -0.1890903427631782
1 22 1.716882217428053
2 22 0.3702311707535953
3 22 -0.8465828806261835
1 23 1.716882217428053
2 23 0.3702311707535953
3 23 -0.8465828806261835
1 24 0.5581662166002778
2 24 -0.1026982966390318
3 24 0.03785416341960503
1 25 0.5581662166002778
2 25 -0.1026982966390318
3 25 0.03785416341960503



# name: <cell-element>
# type: sparse matrix
# nnz: 51
# rows: 3
# columns: 30
1 2 1.569394446448777
2 2 0.1819250858759193
3 2 -0.9580125085382688
1 3 1.838285702525396
2 3 0.4137828451533162
3 3 -1.448012572232657
1 4 -0.3248931448269642
2 4 -0.3248931448269642
3 4 -0.3248931448269642
1 5 -0.2837500301593173
2 5 -1.046269448222809
3 5 -1.890308211967429
1 6 -0.6407770461098159
2 6 -1.256338328831051
3 6 -2.368798478327259
1 7 0.5043496892205358
2 7 -0.4697458553149745
3 7 -0.2218389755467955
1 8 0.6933127045017849
2 8 -0.6354201296149108
3 8 -0.1414458848049305
1 12 -0.5831404583187986
2 12 -1.06973244360726
3 12 0.839679144233538
1 13 -0.5831404583187986
2 13 -1.06973244360726
3 13 0.839679144233538
1 14 0.3379619821012589
2 14 -0.3351151302664712
3 14 2.605566617035442
1 15 0.3379619821012589
2 15 -0.3351151302664712
3 15 2.605566617035442
1 19 -1.47099573987207
2 19 1.397487031274447
3 19 -0.1890903427631782
1 20 -1.47099573987207
2 20 1.397487031274447
3 20 -0.1890903427631782
1 22 1.716882217428053
2 22 0.3702311707535953
3 22 -0.8465828806261835
1 23 1.716882217428053
2 23 0.3702311707535953
3 23 -0.8465828806261835
1 24 0.5581662166002778
2 24 -0.1026982966390318
3 24 0.03785416341960503
1 25 0.5581662166002778
2 25 -0.1026982966390318
3 25 0.03785416341960503



