# Created by Octave 3.8.2, Wed May 18 21:54:59 2016 CEST <Andrea@Andreas-MacBook-Pro.local>
# name: mu
# type: matrix
# rows: 1
# columns: 31
 245981.45 69 57835.4 113110.25 10.1 3155.25 5391 47520.4 55207.95 205567 205567 1 598.35 598.35 10158.6 10158.6 8895 8895 1 45641.5 45641.5 1 3307.55 3307.55 7381.6 7381.6 224871 224871 1 50 16


# name: sigma
# type: matrix
# rows: 1
# columns: 31
 13774.29105817294 0 2322.934179007231 12643.7092820064 0.3077935056255463 797.3567434441057 1348.362906014471 12605.53964021583 12265.82167726325 0 0 0 324.7073621780565 324.7073621780565 3442.399031887042 3442.399031887042 0 0 0 11563.25578582525 11563.25578582525 0 1532.691045016472 1532.691045016472 4105.228750598051 4105.228750598051 0 0 0 0 0


