# Created by Octave 4.0.0, Thu May 19 00:43:47 2016 CEST <peter@Independence>
# name: x
# type: matrix
# rows: 1
# columns: 100
 60 60.60606060606061 61.21212121212122 61.81818181818182 62.42424242424242 63.03030303030303 63.63636363636364 64.24242424242425 64.84848484848484 65.45454545454545 66.06060606060606 66.66666666666666 67.27272727272727 67.87878787878788 68.48484848484848 69.09090909090909 69.69696969696969 70.3030303030303 70.90909090909091 71.51515151515152 72.12121212121212 72.72727272727272 73.33333333333333 73.93939393939394 74.54545454545455 75.15151515151516 75.75757575757575 76.36363636363636 76.96969696969697 77.57575757575758 78.18181818181819 78.78787878787878 79.39393939393939 80 80.60606060606061 81.21212121212122 81.81818181818181 82.42424242424242 83.03030303030303 83.63636363636364 84.24242424242424 84.84848484848484 85.45454545454545 86.06060606060606 86.66666666666666 87.27272727272727 87.87878787878788 88.48484848484848 89.09090909090909 89.6969696969697 90.3030303030303 90.90909090909091 91.51515151515152 92.12121212121212 92.72727272727272 93.33333333333333 93.93939393939394 94.54545454545455 95.15151515151514 95.75757575757575 96.36363636363636 96.96969696969697 97.57575757575756 98.18181818181817 98.78787878787878 99.39393939393939 100 100.6060606060606 101.2121212121212 101.8181818181818 102.4242424242424 103.030303030303 103.6363636363636 104.2424242424242 104.8484848484848 105.4545454545455 106.060606060606 106.6666666666667 107.2727272727273 107.8787878787879 108.4848484848485 109.0909090909091 109.6969696969697 110.3030303030303 110.9090909090909 111.5151515151515 112.1212121212121 112.7272727272727 113.3333333333333 113.9393939393939 114.5454545454545 115.1515151515152 115.7575757575758 116.3636363636364 116.969696969697 117.5757575757576 118.1818181818182 118.7878787878788 119.3939393939394 120


# name: y
# type: matrix
# rows: 100
# columns: 1
 40265.90630103118
 40245.67387724204
 40224.45046736091
 40202.23512767201
 40179.02759623704
 40154.82830101036
 40129.63836733054
 40103.45962477205
 40076.29461334178
 40048.14658900551
 40019.0195285306
 39988.9181336316
 39957.8478344064
 39925.81479205173
 39892.82590084699
 39858.88878939698
 39824.01182112476
 39788.20409400662
 39751.47543954248
 39713.83642095573
 39675.29833061773
 39635.87318669299
 39595.57372900246
 39554.41341410293
 39512.40640958197
 39469.5675875689
 39425.91251746306
 39381.45745788203
 39336.21934783366
 39290.21579711621
 39243.46507595303
 39195.98610386824
 39147.79843781171
 39098.92225954254
 39049.37836228106
 38999.18813664083
 38948.37355585294
 38896.95716029601
 38844.96204134649
 38792.41182456459
 38739.33065223238
 38685.74316526166
 38631.67448448983
 38577.15019138342
 38522.19630816937
 38466.83927741526
 38411.10594108083
 38355.02351906325
 38298.61958726022
 38241.92205517508
 38184.95914308935
 38127.75935882839
 38070.35147414685
 38012.76450076104
 37955.02766605598
 37897.17038849537
 37839.22225276339
 37781.21298466744
 37723.17242583146
 37665.1305082101
 37607.11722845364
 37549.16262215483
 37491.29673800785
 37433.54961191106
 37375.9512410442
 37318.53155795151
 37261.32040466209
 37204.34750687849
 37147.64244826514
 37091.23464486732
 37035.15331969186
 36979.42747748023
 36924.08587970445
 36869.15701981608
 36814.66909877805
 36760.6500009088
 36707.12727006782
 36654.12808621084
 36601.67924234297
 36549.80712189705
 36498.53767656399
 36447.89640460131
 36397.90832964532
 36348.59798005168
 36299.9893687883
 36252.10597390359
 36204.9707195927
 36158.60595788273
 36113.03345095793
 36068.27435414407
 36024.34919957093
 35981.27788053037
 35939.0796365467
 35897.77303917488
 35857.37597854134
 35817.90565064047
 35779.37854539957
 35741.81043552322
 35705.21636612761
 35669.61064517328


# name: TRAIN_QUERIES
# type: cell
# rows: 1
# columns: 1
# name: <cell-element>
# type: sq_string
# elements: 1
# length: 2
R5





# name: TEST_QUERIES
# type: cell
# rows: 1
# columns: 1
# name: <cell-element>
# type: sq_string
# elements: 1
# length: 2
R2





