# Created by Octave 4.0.0, Thu May 19 00:43:47 2016 CEST <peter@Independence>
# name: x
# type: matrix
# rows: 1
# columns: 100
 60 60.60606060606061 61.21212121212122 61.81818181818182 62.42424242424242 63.03030303030303 63.63636363636364 64.24242424242425 64.84848484848484 65.45454545454545 66.06060606060606 66.66666666666666 67.27272727272727 67.87878787878788 68.48484848484848 69.09090909090909 69.69696969696969 70.3030303030303 70.90909090909091 71.51515151515152 72.12121212121212 72.72727272727272 73.33333333333333 73.93939393939394 74.54545454545455 75.15151515151516 75.75757575757575 76.36363636363636 76.96969696969697 77.57575757575758 78.18181818181819 78.78787878787878 79.39393939393939 80 80.60606060606061 81.21212121212122 81.81818181818181 82.42424242424242 83.03030303030303 83.63636363636364 84.24242424242424 84.84848484848484 85.45454545454545 86.06060606060606 86.66666666666666 87.27272727272727 87.87878787878788 88.48484848484848 89.09090909090909 89.6969696969697 90.3030303030303 90.90909090909091 91.51515151515152 92.12121212121212 92.72727272727272 93.33333333333333 93.93939393939394 94.54545454545455 95.15151515151514 95.75757575757575 96.36363636363636 96.96969696969697 97.57575757575756 98.18181818181817 98.78787878787878 99.39393939393939 100 100.6060606060606 101.2121212121212 101.8181818181818 102.4242424242424 103.030303030303 103.6363636363636 104.2424242424242 104.8484848484848 105.4545454545455 106.060606060606 106.6666666666667 107.2727272727273 107.8787878787879 108.4848484848485 109.0909090909091 109.6969696969697 110.3030303030303 110.9090909090909 111.5151515151515 112.1212121212121 112.7272727272727 113.3333333333333 113.9393939393939 114.5454545454545 115.1515151515152 115.7575757575758 116.3636363636364 116.969696969697 117.5757575757576 118.1818181818182 118.7878787878788 119.3939393939394 120


# name: y
# type: matrix
# rows: 100
# columns: 1
 50937.93375808391
 50933.43171954656
 50928.92968100922
 50924.42764247188
 50919.92560393454
 50915.4235653972
 50910.92152685986
 50906.41948832251
 50901.91744978518
 50897.41541124784
 50892.91337271049
 50888.41133417314
 50883.90929563581
 50879.40725709846
 50874.90521856112
 50870.40318002378
 50865.90114148644
 50861.3991029491
 50856.89706441176
 50852.39502587442
 50847.89298733707
 50843.39094879973
 50838.88891026239
 50834.38687172505
 50829.88483318771
 50825.38279465037
 50820.88075611302
 50816.37871757569
 50811.87667903834
 50807.374640501
 50802.87260196366
 50798.37056342632
 50793.86852488897
 50789.36648635163
 50784.8644478143
 50780.36240927695
 50775.86037073961
 50771.35833220227
 50766.85629366493
 50762.35425512758
 50757.85221659024
 50753.3501780529
 50748.84813951555
 50744.34610097822
 50739.84406244088
 50735.34202390353
 50730.83998536619
 50726.33794682885
 50721.83590829151
 50717.33386975417
 50712.83183121683
 50708.32979267948
 50703.82775414214
 50699.3257156048
 50694.82367706746
 50690.32163853012
 50685.81959999278
 50681.31756145543
 50676.81552291809
 50672.31348438075
 50667.81144584341
 50663.30940730607
 50658.80736876873
 50654.30533023139
 50649.80329169404
 50645.3012531567
 50640.79921461936
 50636.29717608202
 50631.79513754467
 50627.29309900734
 50622.79106046999
 50618.28902193265
 50613.78698339531
 50609.28494485797
 50604.78290632062
 50600.28086778329
 50595.77882924594
 50591.2767907086
 50586.77475217126
 50582.27271363392
 50577.77067509657
 50573.26863655924
 50568.7665980219
 50564.26455948455
 50559.76252094721
 50555.26048240987
 50550.75844387253
 50546.25640533519
 50541.75436679785
 50537.2523282605
 50532.75028972316
 50528.24825118583
 50523.74621264848
 50519.24417411114
 50514.7421355738
 50510.24009703645
 50505.73805849912
 50501.23601996178
 50496.73398142443
 50492.23194288709


# name: TRAIN_QUERIES
# type: cell
# rows: 1
# columns: 1
# name: <cell-element>
# type: sq_string
# elements: 1
# length: 2
R5





# name: TEST_QUERIES
# type: cell
# rows: 1
# columns: 1
# name: <cell-element>
# type: sq_string
# elements: 1
# length: 2
R2





