# Created by Octave 4.0.0, Thu May 19 00:43:47 2016 CEST <peter@Independence>
# name: x
# type: matrix
# rows: 1
# columns: 100
 60 60.60606060606061 61.21212121212122 61.81818181818182 62.42424242424242 63.03030303030303 63.63636363636364 64.24242424242425 64.84848484848484 65.45454545454545 66.06060606060606 66.66666666666666 67.27272727272727 67.87878787878788 68.48484848484848 69.09090909090909 69.69696969696969 70.3030303030303 70.90909090909091 71.51515151515152 72.12121212121212 72.72727272727272 73.33333333333333 73.93939393939394 74.54545454545455 75.15151515151516 75.75757575757575 76.36363636363636 76.96969696969697 77.57575757575758 78.18181818181819 78.78787878787878 79.39393939393939 80 80.60606060606061 81.21212121212122 81.81818181818181 82.42424242424242 83.03030303030303 83.63636363636364 84.24242424242424 84.84848484848484 85.45454545454545 86.06060606060606 86.66666666666666 87.27272727272727 87.87878787878788 88.48484848484848 89.09090909090909 89.6969696969697 90.3030303030303 90.90909090909091 91.51515151515152 92.12121212121212 92.72727272727272 93.33333333333333 93.93939393939394 94.54545454545455 95.15151515151514 95.75757575757575 96.36363636363636 96.96969696969697 97.57575757575756 98.18181818181817 98.78787878787878 99.39393939393939 100 100.6060606060606 101.2121212121212 101.8181818181818 102.4242424242424 103.030303030303 103.6363636363636 104.2424242424242 104.8484848484848 105.4545454545455 106.060606060606 106.6666666666667 107.2727272727273 107.8787878787879 108.4848484848485 109.0909090909091 109.6969696969697 110.3030303030303 110.9090909090909 111.5151515151515 112.1212121212121 112.7272727272727 113.3333333333333 113.9393939393939 114.5454545454545 115.1515151515152 115.7575757575758 116.3636363636364 116.969696969697 117.5757575757576 118.1818181818182 118.7878787878788 119.3939393939394 120


# name: y
# type: matrix
# rows: 1
# columns: 100
 57533.55468663568 57540.96841219968 57548.38213776367 57555.79586332766 57563.20958889166 57570.62331445565 57578.03704001964 57585.45076558364 57592.86449114763 57600.27821671162 57607.69194227562 57615.10566783961 57622.5193934036 57629.93311896759 57637.34684453159 57644.76057009558 57652.17429565958 57659.58802122357 57667.00174678756 57674.41547235155 57681.82919791555 57689.24292347954 57696.65664904354 57704.07037460753 57711.48410017152 57718.89782573551 57726.31155129951 57733.7252768635 57741.1390024275 57748.55272799149 57755.96645355548 57763.38017911947 57770.79390468347 57778.20763024746 57785.62135581145 57793.03508137545 57800.44880693944 57807.86253250343 57815.27625806742 57822.68998363142 57830.10370919541 57837.51743475941 57844.9311603234 57852.3448858874 57859.75861145138 57867.17233701538 57874.58606257937 57881.99978814337 57889.41351370736 57896.82723927136 57904.24096483534 57911.65469039934 57919.06841596333 57926.48214152733 57933.89586709132 57941.30959265531 57948.7233182193 57956.1370437833 57963.55076934729 57970.96449491128 57978.37822047528 57985.79194603927 57993.20567160327 58000.61939716725 58008.03312273125 58015.44684829524 58022.86057385924 58030.27429942323 58037.68802498723 58045.10175055121 58052.51547611521 58059.9292016792 58067.3429272432 58074.75665280719 58082.17037837119 58089.58410393518 58096.99782949917 58104.41155506316 58111.82528062716 58119.23900619115 58126.65273175514 58134.06645731914 58141.48018288313 58148.89390844712 58156.30763401111 58163.72135957511 58171.1350851391 58178.5488107031 58185.96253626708 58193.37626183108 58200.78998739507 58208.20371295907 58215.61743852306 58223.03116408706 58230.44488965105 58237.85861521504 58245.27234077903 58252.68606634303 58260.09979190702 58267.51351747102


# name: TRAIN_QUERIES
# type: cell
# rows: 1
# columns: 1
# name: <cell-element>
# type: sq_string
# elements: 1
# length: 2
R5





# name: TEST_QUERIES
# type: cell
# rows: 1
# columns: 1
# name: <cell-element>
# type: sq_string
# elements: 1
# length: 2
R2





