# Created by Octave 4.0.0, Thu May 19 00:42:24 2016 CEST <peter@Independence>
# name: SVs
# type: cell
# rows: 1
# columns: 7
# name: <cell-element>
# type: sparse matrix
# nnz: 64
# rows: 8
# columns: 8
1 1 -0.8307419354738528
2 1 -0.8113131451151121
3 1 -0.8387263698678559
4 1 -0.8467551622307145
5 1 -0.8262174226505844
6 1 -0.3674229507773985
7 1 -0.2466805595525303
8 1 -0.8279473834359518
1 2 -0.471585516637344
2 2 -0.4887460342088238
3 2 -0.518038211796077
4 2 -0.5232689577938008
5 2 -0.5159092064075298
6 2 -0.268559157946746
7 2 -0.176424614407892
8 2 -0.5172673650174651
1 3 -0.8677979017038744
2 3 0.6094793880551763
3 3 -0.8644677004194762
4 3 -0.8691299822176336
5 3 -0.8944395119790601
6 3 -0.8734592438873513
7 3 -0.8051901175571878
8 3 -0.8934404515937406
1 4 -0.9140182485288643
2 4 1.813575056748287
3 4 -0.9097009725227727
4 4 -0.9161768865319101
5 4 -0.9130931179561304
6 4 -0.6941455490757711
7 4 -0.4798236330590814
8 4 -0.9097009725227727
1 5 -0.3217405242787106
2 5 -0.3276733614079642
3 5 -0.3148921258640783
4 5 -0.3154963963124282
5 5 -0.3343935812426435
6 5 -0.1810004434903051
7 5 -0.1985425977181599
8 5 -0.3306947136497138
1 6 -0.3051713114158306
2 6 -0.3211495619500014
3 6 -0.3077976410370358
4 6 -0.3083398510233491
5 6 -0.3279102427168457
6 6 -0.002109817190825382
7 6 -0.06261706285097822
8 6 -0.3216409397500979
1 7 -0.3004163201273053
2 7 -0.3004163201273053
3 7 0.6878384597450324
4 7 0.6878384597450324
5 7 0.6878384597450324
6 7 1.67609323961737
7 7 1.67609323961737
8 7 0.6878384597450324
1 8 -0.4421509438776498
2 8 -1.356841212655468
3 8 0.4725393249001683
4 8 -1.356841212655468
5 8 -0.4421509438776498
6 8 -1.356841212655468
7 8 -1.356841212655468
8 8 -1.356841212655468



# name: <cell-element>
# type: sparse matrix
# nnz: 104
# rows: 13
# columns: 8
1 1 -0.7236617986565009
2 1 -0.1065537359377769
3 1 -0.006260368355327567
4 1 -0.8307419354738528
5 1 0.8394243078761613
6 1 0.06067580664773127
7 1 -0.7918399967875158
8 1 -0.7516073190355116
9 1 -0.8467551622307145
10 1 -0.8301652818787304
11 1 -0.7634508967199494
12 1 -0.8262174226505844
13 1 -0.8279473834359518
1 2 -0.3955836949651539
2 2 0.08505762499411049
3 2 0.1995467251127103
4 2 -0.471585516637344
5 2 0.2579108383504704
6 2 0.1713924641986461
7 2 -0.5191394214798083
8 2 -0.4747973782148937
9 2 -0.5232689577938008
10 2 -0.5212500733736267
11 2 -0.4863233729046149
12 2 -0.5159092064075298
13 2 -0.5172673650174651
1 3 -0.8674648815754346
2 3 -0.5337787128787328
3 3 -0.4981455591356719
4 3 -0.8677979017038744
5 3 -0.6266913287134432
6 3 -0.4198858289523137
7 3 -0.4152235471541562
8 3 -0.7802136079242011
9 3 -0.8691299822176336
10 3 -0.8881121295387036
11 3 -0.8664658211901151
12 3 -0.8944395119790601
13 3 -0.8934404515937406
1 4 -0.9186439013925338
2 4 -0.3863854452129563
3 4 -0.06351487532882086
4 4 -0.9140182485288643
5 4 -0.505418912238053
6 4 -0.2198619421208521
7 4 0.7570759426861594
8 4 -0.7703146328975299
9 4 -0.9161768865319101
10 4 -0.9093925956651947
11 4 -0.9103177262379286
12 4 -0.9130931179561304
13 4 -0.9097009725227727
1 5 -0.2172200479398843
2 5 -0.06422975715311251
3 5 0.09615826881951875
4 5 -0.3217405242787106
5 5 -0.265982841999151
6 5 0.03595095869301897
7 5 -0.3164119575978069
8 5 -0.344574622736054
9 5 -0.3154963963124282
10 5 -0.3380924488355732
11 5 -0.3352542088508994
12 5 -0.3343935812426435
13 5 -0.3306947136497138
1 6 -0.2195190776403972
2 6 0.05046760741949504
3 6 0.1708890565672705
4 6 -0.3051713114158306
5 6 -0.1638917218570643
6 6 0.1272919848552646
7 6 -0.2514247465225221
8 6 -0.3285371730135205
9 6 -0.3083398510233491
10 6 -0.3235217306401222
11 6 -0.3251144724749176
12 6 -0.3279102427168457
13 6 -0.3216409397500979
1 7 -0.3004163201273053
2 7 1.67609323961737
3 7 1.67609323961737
4 7 -0.3004163201273053
5 7 1.67609323961737
6 7 1.67609323961737
7 7 -1.288671099999643
8 7 -1.288671099999643
9 7 0.6878384597450324
10 7 0.6878384597450324
11 7 -1.288671099999643
12 7 0.6878384597450324
13 7 0.6878384597450324
1 8 1.387229593677986
2 8 -1.356841212655468
3 8 -1.356841212655468
4 8 -0.4421509438776498
5 8 -1.356841212655468
6 8 -1.356841212655468
7 8 1.387229593677986
8 8 1.387229593677986
9 8 -1.356841212655468
10 8 -1.356841212655468
11 8 1.387229593677986
12 8 -0.4421509438776498
13 8 -1.356841212655468



