# Created by Octave 4.0.0, Thu May 19 00:42:16 2016 CEST <peter@Independence>
# name: mu
# type: matrix
# rows: 1
# columns: 9
 57896.47009966777 30550.13289036545 41955.58970099668 4022.84219269103 4400.96511627907 21610.67109634552 22738.51661129568 575.9966777408638 89.66777408637874


# name: sigma
# type: matrix
# rows: 1
# columns: 9
 70544.90967474718 22543.86361232983 54485.53612123797 3002.821495159875 3242.785492575938 54611.30871137876 59017.72524991481 252.9712024588385 21.86532499872706


