# Created by Octave 4.0.0, Thu May 19 00:43:47 2016 CEST <peter@Independence>
# name: x
# type: matrix
# rows: 1
# columns: 100
 60 60.60606060606061 61.21212121212122 61.81818181818182 62.42424242424242 63.03030303030303 63.63636363636364 64.24242424242425 64.84848484848484 65.45454545454545 66.06060606060606 66.66666666666666 67.27272727272727 67.87878787878788 68.48484848484848 69.09090909090909 69.69696969696969 70.3030303030303 70.90909090909091 71.51515151515152 72.12121212121212 72.72727272727272 73.33333333333333 73.93939393939394 74.54545454545455 75.15151515151516 75.75757575757575 76.36363636363636 76.96969696969697 77.57575757575758 78.18181818181819 78.78787878787878 79.39393939393939 80 80.60606060606061 81.21212121212122 81.81818181818181 82.42424242424242 83.03030303030303 83.63636363636364 84.24242424242424 84.84848484848484 85.45454545454545 86.06060606060606 86.66666666666666 87.27272727272727 87.87878787878788 88.48484848484848 89.09090909090909 89.6969696969697 90.3030303030303 90.90909090909091 91.51515151515152 92.12121212121212 92.72727272727272 93.33333333333333 93.93939393939394 94.54545454545455 95.15151515151514 95.75757575757575 96.36363636363636 96.96969696969697 97.57575757575756 98.18181818181817 98.78787878787878 99.39393939393939 100 100.6060606060606 101.2121212121212 101.8181818181818 102.4242424242424 103.030303030303 103.6363636363636 104.2424242424242 104.8484848484848 105.4545454545455 106.060606060606 106.6666666666667 107.2727272727273 107.8787878787879 108.4848484848485 109.0909090909091 109.6969696969697 110.3030303030303 110.9090909090909 111.5151515151515 112.1212121212121 112.7272727272727 113.3333333333333 113.9393939393939 114.5454545454545 115.1515151515152 115.7575757575758 116.3636363636364 116.969696969697 117.5757575757576 118.1818181818182 118.7878787878788 119.3939393939394 120


# name: y
# type: matrix
# rows: 100
# columns: 1
 35511.99530050896
 35485.7029632255
 35460.48468612088
 35436.31807046202
 35413.18071751586
 35391.05022854931
 35369.90420482929
 35349.72024762274
 35330.47595819659
 35312.14893781775
 35294.71678775315
 35278.15710926973
 35262.44750363439
 35247.56557211408
 35233.4889159757
 35220.1951364862
 35207.66183491251
 35195.86661252151
 35184.78707058018
 35174.40081035541
 35164.68543311414
 35155.61854012329
 35147.1777326498
 35139.34061196058
 35132.08477932256
 35125.38783600266
 35119.22738326782
 35113.58102238495
 35108.42635462098
 35103.74098124285
 35099.50250351746
 35095.68852271176
 35092.27664009266
 35089.24445692708
 35086.56957448197
 35084.22959402423
 35082.2021168208
 35080.4647441386
 35078.99507724456
 35077.7707174056
 35076.76926588865
 35075.96832396064
 35075.34549288847
 35074.87837393911
 35074.54456837945
 35074.32167747642
 35074.18730249695
 35074.11904470799
 35074.09450537642
 35074.0912857692
 35074.08698715323
 35074.05921079547
 35073.98555796281
 35073.84362992219
 35073.61102794054
 35073.26535328479
 35072.78420722185
 35072.14519101864
 35071.32590594212
 35070.30395325918
 35069.05693423677
 35067.56245014179
 35065.79810224119
 35063.74149180188
 35061.3702200908
 35058.66188837486
 35055.594097921
 35052.14444999613
 35048.29054586719
 35044.00998680109
 35039.28037406477
 35034.07930892515
 35028.38439264915
 35022.17322650371
 35015.42341175574
 35008.11254967218
 35000.21824151993
 34991.71808856596
 34982.58969207715
 34972.81065332046
 34962.35857356279
 34951.21105407107
 34939.34569611224
 34926.7401009532
 34913.37186986092
 34899.21860410227
 34884.25790494422
 34868.46737365368
 34851.82461149756
 34834.30721974281
 34815.89279965634
 34796.55895250509
 34776.28327955597
 34755.04338207592
 34732.81686133184
 34709.58131859069
 34685.31435511937
 34659.99357218482
 34633.59657105395
 34606.1009529937


# name: TRAIN_QUERIES
# type: cell
# rows: 1
# columns: 1
# name: <cell-element>
# type: sq_string
# elements: 1
# length: 2
R5





# name: TEST_QUERIES
# type: cell
# rows: 1
# columns: 1
# name: <cell-element>
# type: sq_string
# elements: 1
# length: 2
R2





