# Created by Octave 4.0.0, Thu May 19 00:43:47 2016 CEST <peter@Independence>
# name: x
# type: matrix
# rows: 1
# columns: 100
 60 60.60606060606061 61.21212121212122 61.81818181818182 62.42424242424242 63.03030303030303 63.63636363636364 64.24242424242425 64.84848484848484 65.45454545454545 66.06060606060606 66.66666666666666 67.27272727272727 67.87878787878788 68.48484848484848 69.09090909090909 69.69696969696969 70.3030303030303 70.90909090909091 71.51515151515152 72.12121212121212 72.72727272727272 73.33333333333333 73.93939393939394 74.54545454545455 75.15151515151516 75.75757575757575 76.36363636363636 76.96969696969697 77.57575757575758 78.18181818181819 78.78787878787878 79.39393939393939 80 80.60606060606061 81.21212121212122 81.81818181818181 82.42424242424242 83.03030303030303 83.63636363636364 84.24242424242424 84.84848484848484 85.45454545454545 86.06060606060606 86.66666666666666 87.27272727272727 87.87878787878788 88.48484848484848 89.09090909090909 89.6969696969697 90.3030303030303 90.90909090909091 91.51515151515152 92.12121212121212 92.72727272727272 93.33333333333333 93.93939393939394 94.54545454545455 95.15151515151514 95.75757575757575 96.36363636363636 96.96969696969697 97.57575757575756 98.18181818181817 98.78787878787878 99.39393939393939 100 100.6060606060606 101.2121212121212 101.8181818181818 102.4242424242424 103.030303030303 103.6363636363636 104.2424242424242 104.8484848484848 105.4545454545455 106.060606060606 106.6666666666667 107.2727272727273 107.8787878787879 108.4848484848485 109.0909090909091 109.6969696969697 110.3030303030303 110.9090909090909 111.5151515151515 112.1212121212121 112.7272727272727 113.3333333333333 113.9393939393939 114.5454545454545 115.1515151515152 115.7575757575758 116.3636363636364 116.969696969697 117.5757575757576 118.1818181818182 118.7878787878788 119.3939393939394 120


# name: y
# type: matrix
# rows: 100
# columns: 1
 34989.04901325975
 34995.76263661716
 35002.33769712277
 35008.77419477659
 35015.07212957862
 35021.23150152885
 35027.25231062728
 35033.13455687392
 35038.87824026876
 35044.48336081181
 35049.94991850306
 35055.27791334252
 35060.46734533018
 35065.51821446605
 35070.43052075012
 35075.2042641824
 35079.83944476288
 35084.33606249157
 35088.69411736846
 35092.91360939356
 35096.99453856686
 35100.93690488837
 35104.74070835808
 35108.405948976
 35111.93262674212
 35115.32074165644
 35118.57029371898
 35121.68128292971
 35124.65370928866
 35127.4875727958
 35130.18287345115
 35132.7396112547
 35135.15778620647
 35137.43739830643
 35139.5784475546
 35141.58093395097
 35143.44485749555
 35145.17021818834
 35146.75701602933
 35148.20525101852
 35149.51492315592
 35150.68603244153
 35151.71857887533
 35152.61256245735
 35153.36798318756
 35153.98484106599
 35154.46313609261
 35154.80286826745
 35155.00403759049
 35155.06664406174
 35154.99068768118
 35154.77616844884
 35154.4230863647
 35153.93144142875
 35153.30123364102
 35152.53246300149
 35151.62512951017
 35150.57923316705
 35149.39477397214
 35148.07175192543
 35146.61016702693
 35145.01001927663
 35143.27130867454
 35141.39403522064
 35139.37819891496
 35137.22379975748
 35134.93083774821
 35132.49931288714
 35129.92922517427
 35127.22057460962
 35124.37336119316
 35121.38758492491
 35118.26324580486
 35115.00034383302
 35111.59887900938
 35108.05885133396
 35104.38026080673
 35100.56310742771
 35096.6073911969
 35092.51311211428
 35088.28027017988
 35083.90886539368
 35079.39889775568
 35074.75036726589
 35069.96327392431
 35065.03761773092
 35059.97339868575
 35054.77061678877
 35049.42927204
 35043.94936443944
 35038.33089398708
 35032.57386068293
 35026.67826452699
 35020.64410551924
 35014.47138365971
 35008.16009894837
 35001.71025138524
 34995.12184097031
 34988.3948677036
 34981.52933158509


# name: TRAIN_QUERIES
# type: cell
# rows: 1
# columns: 1
# name: <cell-element>
# type: sq_string
# elements: 1
# length: 2
R5





# name: TEST_QUERIES
# type: cell
# rows: 1
# columns: 1
# name: <cell-element>
# type: sq_string
# elements: 1
# length: 2
R2





