# Created by Octave 4.0.0, Thu May 19 00:43:47 2016 CEST <peter@Independence>
# name: x
# type: matrix
# rows: 1
# columns: 100
 60 60.60606060606061 61.21212121212122 61.81818181818182 62.42424242424242 63.03030303030303 63.63636363636364 64.24242424242425 64.84848484848484 65.45454545454545 66.06060606060606 66.66666666666666 67.27272727272727 67.87878787878788 68.48484848484848 69.09090909090909 69.69696969696969 70.3030303030303 70.90909090909091 71.51515151515152 72.12121212121212 72.72727272727272 73.33333333333333 73.93939393939394 74.54545454545455 75.15151515151516 75.75757575757575 76.36363636363636 76.96969696969697 77.57575757575758 78.18181818181819 78.78787878787878 79.39393939393939 80 80.60606060606061 81.21212121212122 81.81818181818181 82.42424242424242 83.03030303030303 83.63636363636364 84.24242424242424 84.84848484848484 85.45454545454545 86.06060606060606 86.66666666666666 87.27272727272727 87.87878787878788 88.48484848484848 89.09090909090909 89.6969696969697 90.3030303030303 90.90909090909091 91.51515151515152 92.12121212121212 92.72727272727272 93.33333333333333 93.93939393939394 94.54545454545455 95.15151515151514 95.75757575757575 96.36363636363636 96.96969696969697 97.57575757575756 98.18181818181817 98.78787878787878 99.39393939393939 100 100.6060606060606 101.2121212121212 101.8181818181818 102.4242424242424 103.030303030303 103.6363636363636 104.2424242424242 104.8484848484848 105.4545454545455 106.060606060606 106.6666666666667 107.2727272727273 107.8787878787879 108.4848484848485 109.0909090909091 109.6969696969697 110.3030303030303 110.9090909090909 111.5151515151515 112.1212121212121 112.7272727272727 113.3333333333333 113.9393939393939 114.5454545454545 115.1515151515152 115.7575757575758 116.3636363636364 116.969696969697 117.5757575757576 118.1818181818182 118.7878787878788 119.3939393939394 120


# name: y
# type: matrix
# rows: 100
# columns: 1
 33933.96396875141
 33916.56116675994
 33900.21373661981
 33884.87812246603
 33870.51168633008
 33857.07270813993
 33844.52038572002
 33832.81483479126
 33821.91708897104
 33811.78909977322
 33802.39373660817
 33793.69478678267
 33785.65695550002
 33778.24586586001
 33771.42805885886
 33765.17099338929
 33759.44304624051
 33754.2135120982
 33749.45260354447
 33745.13145105798
 33741.2221030138
 33737.69752568351
 33734.53160323517
 33731.69913773329
 33729.17584913888
 33726.93837530942
 33724.96427199883
 33723.23201285758
 33721.72098943255
 33720.41151116713
 33719.28480540114
 33718.32301737095
 33717.50921020935
 33716.82736494562
 33716.26238050552
 33715.80007371127
 33715.4271792816
 33715.13134983167
 33714.90115587315
 33714.72608581417
 33714.59654595935
 33714.50386050977
 33714.44027156298
 33714.39893911304
 33714.37394105045
 33714.36027316219
 33714.35384913174
 33714.35150053902
 33714.35097686047
 33714.35094546897
 33714.35099163388
 33714.35161852105
 33714.35424719279
 33714.3612166079
 33714.37578362165
 33714.40212298578
 33714.44532734851
 33714.51140725453
 33714.60729114503
 33714.74082535765
 33714.92077412651
 33715.1568195822
 33715.45956175181
 33715.84051855888
 33716.31212582343
 33716.88773726197
 33717.58162448747
 33718.4089770094
 33719.38590223367
 33720.52942546269
 33721.85748989534
 33723.38895662696
 33725.1436046494
 33727.14213085096
 33729.40615001642
 33731.95819482704
 33734.82171586054
 33738.02108159114
 33741.58157838954
 33745.52941052287
 33749.89170015478
 33754.69648734538
 33759.97273005126
 33765.75030412547
 33772.06000331756
 33778.93353927354
 33786.4035415359
 33794.5035575436
 33803.26805263209
 33812.73241003328
 33822.93293087557
 33833.90683418381
 33845.69225687936
 33858.32825378003
 33871.85479760011
 33886.31277895038
 33901.74400633808
 33918.19120616694
 33935.69802273714
 33954.30901824536


# name: TRAIN_QUERIES
# type: cell
# rows: 1
# columns: 1
# name: <cell-element>
# type: sq_string
# elements: 1
# length: 2
R5





# name: TEST_QUERIES
# type: cell
# rows: 1
# columns: 1
# name: <cell-element>
# type: sq_string
# elements: 1
# length: 2
R2





