# Created by Octave 4.0.0, Thu May 19 00:43:47 2016 CEST <peter@Independence>
# name: x
# type: matrix
# rows: 1
# columns: 100
 60 60.60606060606061 61.21212121212122 61.81818181818182 62.42424242424242 63.03030303030303 63.63636363636364 64.24242424242425 64.84848484848484 65.45454545454545 66.06060606060606 66.66666666666666 67.27272727272727 67.87878787878788 68.48484848484848 69.09090909090909 69.69696969696969 70.3030303030303 70.90909090909091 71.51515151515152 72.12121212121212 72.72727272727272 73.33333333333333 73.93939393939394 74.54545454545455 75.15151515151516 75.75757575757575 76.36363636363636 76.96969696969697 77.57575757575758 78.18181818181819 78.78787878787878 79.39393939393939 80 80.60606060606061 81.21212121212122 81.81818181818181 82.42424242424242 83.03030303030303 83.63636363636364 84.24242424242424 84.84848484848484 85.45454545454545 86.06060606060606 86.66666666666666 87.27272727272727 87.87878787878788 88.48484848484848 89.09090909090909 89.6969696969697 90.3030303030303 90.90909090909091 91.51515151515152 92.12121212121212 92.72727272727272 93.33333333333333 93.93939393939394 94.54545454545455 95.15151515151514 95.75757575757575 96.36363636363636 96.96969696969697 97.57575757575756 98.18181818181817 98.78787878787878 99.39393939393939 100 100.6060606060606 101.2121212121212 101.8181818181818 102.4242424242424 103.030303030303 103.6363636363636 104.2424242424242 104.8484848484848 105.4545454545455 106.060606060606 106.6666666666667 107.2727272727273 107.8787878787879 108.4848484848485 109.0909090909091 109.6969696969697 110.3030303030303 110.9090909090909 111.5151515151515 112.1212121212121 112.7272727272727 113.3333333333333 113.9393939393939 114.5454545454545 115.1515151515152 115.7575757575758 116.3636363636364 116.969696969697 117.5757575757576 118.1818181818182 118.7878787878788 119.3939393939394 120


# name: y
# type: matrix
# rows: 100
# columns: 1
 31932.40281945217
 31926.84601958977
 31921.83939276215
 31917.33847038908
 31913.30153584782
 31909.6895085143
 31906.46583030063
 31903.59635468885
 31901.04923826114
 31898.79483472623
 31896.80559144217
 31895.05594843548
 31893.52223991657
 31892.18259829147
 31891.01686066996
 31890.00647786991
 31889.13442591808
 31888.38512004713
 31887.74433118903
 31887.19910496474
 31886.73768317024
 31886.34942775892
 31886.02474732019
 31885.75502605456
 31885.53255524493
 31885.35046722423
 31885.20267183942
 31885.08379541179
 31884.98912219356
 31884.91453832088
 31884.85647826306
 31884.8118737682
 31884.77810530507
 31884.75295600144
 31884.73456807857
 31884.72140178214
 31884.71219680951
 31884.70593623321
 31884.70181292084
 31884.69919845128
 31884.69761452718
 31884.69670688382
 31884.69622169431
 31884.69598447103
 31884.69588146351
 31884.69584355251
 31884.69583264055
 31884.69583053867
 31884.69583034954
 31884.69583034697
 31884.69583035156
 31884.69583060293
 31884.695833128
 31884.69584560585
 31884.69588772872
 31884.69600005941
 31884.69625538501
 31884.69677256693
 31884.69773288727
 31884.69939889151
 31884.70213572752
 31884.70643498087
 31884.71294100658
 31884.72247975701
 31884.73609010621
 31884.7550576706
 31884.78095112586
 31884.81566102025
 31884.86144108423
 31884.9209520364
 31884.9973078857
 31885.09412473009
 31885.21557205138
 31885.36642650652
 31885.5521282151
 31885.77883954329
 31886.05350638403
 31886.38392193353
 31886.77879296417
 31887.24780859369
 31887.80171155063
 31888.45237193622
 31889.21286348253
 31890.09754230693
 31891.1221281629
 31892.30378818718
 31893.6612231432
 31895.21475616085
 31896.98642397263
 31899.00007064602
 31901.28144381228
 31903.85829339151
 31906.76047281404
 31910.02004273815
 31913.67137726417
 31917.75127264482
 31922.29905849188
 31927.35671147929
 31932.96897154243
 31939.18346057383


# name: TRAIN_QUERIES
# type: cell
# rows: 1
# columns: 1
# name: <cell-element>
# type: sq_string
# elements: 1
# length: 2
R5





# name: TEST_QUERIES
# type: cell
# rows: 1
# columns: 1
# name: <cell-element>
# type: sq_string
# elements: 1
# length: 2
R2





