# Created by Octave 4.0.0, Mon May 23 13:46:44 2016 CEST <peter@Independence>
# name: x
# type: matrix
# rows: 1
# columns: 100
 60 60.60606060606061 61.21212121212121 61.81818181818182 62.42424242424242 63.03030303030303 63.63636363636363 64.24242424242425 64.84848484848484 65.45454545454545 66.06060606060606 66.66666666666667 67.27272727272727 67.87878787878788 68.48484848484848 69.09090909090909 69.69696969696969 70.3030303030303 70.90909090909091 71.51515151515152 72.12121212121212 72.72727272727272 73.33333333333333 73.93939393939394 74.54545454545455 75.15151515151516 75.75757575757575 76.36363636363636 76.96969696969697 77.57575757575758 78.18181818181819 78.78787878787878 79.39393939393939 80 80.60606060606061 81.2121212121212 81.81818181818181 82.42424242424242 83.03030303030303 83.63636363636364 84.24242424242424 84.84848484848484 85.45454545454545 86.06060606060606 86.66666666666667 87.27272727272727 87.87878787878788 88.48484848484848 89.09090909090909 89.69696969696969 90.3030303030303 90.90909090909091 91.51515151515152 92.12121212121212 92.72727272727272 93.33333333333333 93.93939393939394 94.54545454545455 95.15151515151516 95.75757575757575 96.36363636363636 96.96969696969697 97.57575757575758 98.18181818181817 98.78787878787878 99.39393939393939 100 100.6060606060606 101.2121212121212 101.8181818181818 102.4242424242424 103.030303030303 103.6363636363636 104.2424242424242 104.8484848484848 105.4545454545455 106.0606060606061 106.6666666666667 107.2727272727273 107.8787878787879 108.4848484848485 109.0909090909091 109.6969696969697 110.3030303030303 110.9090909090909 111.5151515151515 112.1212121212121 112.7272727272727 113.3333333333333 113.9393939393939 114.5454545454545 115.1515151515152 115.7575757575758 116.3636363636364 116.969696969697 117.5757575757576 118.1818181818182 118.7878787878788 119.3939393939394 120


# name: y
# type: matrix
# rows: 100
# columns: 1
 312252.5076989492
 309684.270753199
 306729.9560649696
 303398.3492338341
 299700.7463145907
 295650.9038399957
 291264.9652007619
 286561.3638217062
 281560.7038514038
 276285.6193539467
 270760.6132515484
 265011.877512025
 259067.096302167
 252955.2340335015
 246706.310408112
 240351.1647265868
 233921.2118458154
 227448.1922696842
 220963.9189196621
 214500.0231642468
 208087.7026861159
 201757.4737340229
 195538.9302437855
 189460.5122204399
 183549.2856534474
 177830.736090805
 172328.5778284077
 167064.5804807078
 162058.4144905169
 157327.5169127775
 152886.9785725024
 148749.4534541198
 144925.0909314649
 141421.4911978956
 138243.6840076556
 135394.1305957176
 132872.7484067983
 130676.9580377145
 128801.7515831748
 127239.7813756562
 125981.467927045
 125015.1257148409
 124327.1053101446
 123901.950219361
 123722.5667071475
 123770.4047849649
 124025.6484876708
 124467.4135196902
 125073.9503319057
 125822.8506898104
 126691.2558117233
 127656.0641918891
 128694.1372758161
 129782.5012229169
 130898.5430729407
 132020.1997263732
 133126.1382533977
 134195.9261596676
 135210.1903585543
 136150.763727277
 137000.818257017
 137744.983943483
 138369.4527032094
 138862.0667410263
 139212.3909345996
 139411.768941781
 139453.3628748642
 139332.176521958
 139045.062228845
 138590.7116842645
 137969.6309769332
 137184.1004132437
 136238.1196999185
 135137.3392054226
 133888.9781171247
 132501.7304075318
 130985.6596118516
 129352.0835001346
 127613.4497997439
 125783.2041873321
 123875.6518233128
 121905.8137454363
 119889.2794709765
 117842.0571787216
 115780.4228519609
 113720.7697616226
 111679.4596543167
 109672.6769831077
 107716.2874792947
 105825.7023114005
 104015.7490131636
 102300.5502859915
 100693.4116936112
 99206.71916827686
 97851.84713976835
 96639.07798161142
 95577.53334471199
 94675.11781830239
 93938.47522327649
 93372.95770525932


# name: QUERY
# type: sq_string
# elements: 1
# length: 2
R1


# name: DATASIZE
# type: sq_string
# elements: 1
# length: 3
500


