# Created by Octave 4.0.0, Wed May 18 23:46:21 2016 CEST <peter@Independence>
# name: x
# type: matrix
# rows: 1
# columns: 100
 60 60.60606060606061 61.21212121212121 61.81818181818182 62.42424242424242 63.03030303030303 63.63636363636363 64.24242424242425 64.84848484848484 65.45454545454545 66.06060606060606 66.66666666666667 67.27272727272727 67.87878787878788 68.48484848484848 69.09090909090909 69.69696969696969 70.3030303030303 70.90909090909091 71.51515151515152 72.12121212121212 72.72727272727272 73.33333333333333 73.93939393939394 74.54545454545455 75.15151515151516 75.75757575757575 76.36363636363636 76.96969696969697 77.57575757575758 78.18181818181819 78.78787878787878 79.39393939393939 80 80.60606060606061 81.2121212121212 81.81818181818181 82.42424242424242 83.03030303030303 83.63636363636364 84.24242424242424 84.84848484848484 85.45454545454545 86.06060606060606 86.66666666666667 87.27272727272727 87.87878787878788 88.48484848484848 89.09090909090909 89.69696969696969 90.3030303030303 90.90909090909091 91.51515151515152 92.12121212121212 92.72727272727272 93.33333333333333 93.93939393939394 94.54545454545455 95.15151515151516 95.75757575757575 96.36363636363636 96.96969696969697 97.57575757575758 98.18181818181817 98.78787878787878 99.39393939393939 100 100.6060606060606 101.2121212121212 101.8181818181818 102.4242424242424 103.030303030303 103.6363636363636 104.2424242424242 104.8484848484848 105.4545454545455 106.0606060606061 106.6666666666667 107.2727272727273 107.8787878787879 108.4848484848485 109.0909090909091 109.6969696969697 110.3030303030303 110.9090909090909 111.5151515151515 112.1212121212121 112.7272727272727 113.3333333333333 113.9393939393939 114.5454545454545 115.1515151515152 115.7575757575758 116.3636363636364 116.969696969697 117.5757575757576 118.1818181818182 118.7878787878788 119.3939393939394 120


# name: y
# type: matrix
# rows: 100
# columns: 1
 352695.8909619255
 349730.475260934
 346298.5756665278
 342409.6210363237
 338075.9660130317
 333312.8328869807
 328138.2261500112
 322572.8203355055
 316639.822065114
 310364.8075382732
 303775.537001261
 296901.7480138422
 289774.9295894775
 282428.0795158337
 274895.4473627314
 267212.2658519044
 259414.4733948142
 251538.4306996461
 243620.6344054154
 235697.4307194413
 227804.7320144374
 219977.7392838821
 212250.6732604828
 204656.5168743125
 197226.7715668926
 189991.229787954
 182977.7657859734
 176212.146565397
 169717.8646264717
 163515.993831784
 157625.0694610258
 152060.9932263195
 146836.9637287254
 141963.432546384
 137448.0858599695
 133295.851245433
 129508.9290007937
 126086.8471261019
 123026.5388463922
 120322.4413588418
 117966.614299406
 115948.8762624634
 114256.9575705797
 112876.6673810639
 111792.0731318121
 110985.6902708589
 110438.6801815605
 110131.0542075275
 110041.8816971123
 110149.5000249559
 110431.7246060754
 110866.0569943492
 111429.889249933
 112100.7028669991
 112856.2606720105
 113674.7902313127
 114535.1574429759
 115417.0291294499
 116301.0235927163
 117168.848240375
 118003.4235378077
 118788.9926867151
 119511.2165725892
 120157.2536619787
 120715.8246637808
 121177.2618965546
 121533.5434254331
 121778.3121472717
 121906.8801109544
 121916.2184612136
 121804.9334889027
 121573.2293584707
 121222.8581645597
 120757.0580443494
 120180.4801406394
 119499.1052728701
 118720.1512293952
 117851.9716444177
 116903.9474670548
 115886.372067916
 114810.3310602309
 113687.5779376994
 112530.4066495908
 111351.5222448577
 110163.9107207783
 108980.7092075374
 107815.0776078133
 106680.0727895221
 105588.5264000858
 104552.9273317275
 103585.3098192297
 102697.1480943282
 101899.2584545814
 101201.7095294459
 100613.7414428351
 100143.6944802589
 99798.94777050038
 99585.86838762558
 99509.77117001853
 99574.88944032291


# name: QUERY
# type: sq_string
# elements: 1
# length: 2
R1


# name: DATASIZE
# type: sq_string
# elements: 1
# length: 3
500


