# Created by Octave 4.0.0, Mon May 23 13:46:44 2016 CEST <peter@Independence>
# name: x
# type: matrix
# rows: 1
# columns: 100
 60 60.60606060606061 61.21212121212121 61.81818181818182 62.42424242424242 63.03030303030303 63.63636363636363 64.24242424242425 64.84848484848484 65.45454545454545 66.06060606060606 66.66666666666667 67.27272727272727 67.87878787878788 68.48484848484848 69.09090909090909 69.69696969696969 70.3030303030303 70.90909090909091 71.51515151515152 72.12121212121212 72.72727272727272 73.33333333333333 73.93939393939394 74.54545454545455 75.15151515151516 75.75757575757575 76.36363636363636 76.96969696969697 77.57575757575758 78.18181818181819 78.78787878787878 79.39393939393939 80 80.60606060606061 81.2121212121212 81.81818181818181 82.42424242424242 83.03030303030303 83.63636363636364 84.24242424242424 84.84848484848484 85.45454545454545 86.06060606060606 86.66666666666667 87.27272727272727 87.87878787878788 88.48484848484848 89.09090909090909 89.69696969696969 90.3030303030303 90.90909090909091 91.51515151515152 92.12121212121212 92.72727272727272 93.33333333333333 93.93939393939394 94.54545454545455 95.15151515151516 95.75757575757575 96.36363636363636 96.96969696969697 97.57575757575758 98.18181818181817 98.78787878787878 99.39393939393939 100 100.6060606060606 101.2121212121212 101.8181818181818 102.4242424242424 103.030303030303 103.6363636363636 104.2424242424242 104.8484848484848 105.4545454545455 106.0606060606061 106.6666666666667 107.2727272727273 107.8787878787879 108.4848484848485 109.0909090909091 109.6969696969697 110.3030303030303 110.9090909090909 111.5151515151515 112.1212121212121 112.7272727272727 113.3333333333333 113.9393939393939 114.5454545454545 115.1515151515152 115.7575757575758 116.3636363636364 116.969696969697 117.5757575757576 118.1818181818182 118.7878787878788 119.3939393939394 120


# name: y
# type: matrix
# rows: 1
# columns: 100
 262811.2619958787 260685.1649494652 258559.0679030517 256432.9708566382 254306.8738102247 252180.7767638112 250054.6797173977 247928.5826709842 245802.4856245707 243676.3885781572 241550.2915317437 239424.1944853302 237298.0974389167 235172.0003925032 233045.9033460897 230919.8062996762 228793.7092532627 226667.6122068492 224541.5151604357 222415.4181140222 220289.3210676087 218163.2240211952 216037.1269747817 213911.0299283682 211784.9328819547 209658.8358355412 207532.7387891277 205406.6417427142 203280.5446963006 201154.4476498872 199028.3506034737 196902.2535570601 194776.1565106466 192650.0594642331 190523.9624178197 188397.8653714061 186271.7683249926 184145.6712785791 182019.5742321656 179893.4771857521 177767.3801393386 175641.2830929251 173515.1860465116 171389.0890000981 169262.9919536846 167136.8949072711 165010.7978608576 162884.7008144441 160758.6037680306 158632.5067216171 156506.4096752036 154380.3126287901 152254.2155823766 150128.1185359631 148002.0214895496 145875.9244431361 143749.8273967226 141623.7303503091 139497.6333038956 137371.5362574821 135245.4392110686 133119.3421646551 130993.2451182416 128867.1480718281 126741.0510254146 124614.9539790011 122488.8569325876 120362.7598861741 118236.6628397606 116110.5657933471 113984.4687469336 111858.3717005201 109732.2746541066 107606.1776076931 105480.0805612796 103353.983514866 101227.8864684525 99101.78942203903 96975.69237562553 94849.59532921205 92723.49828279854 90597.40123638503 88471.30418997155 86345.20714355804 84219.11009714453 82093.01305073102 79966.91600431752 77840.81895790402 75714.72191149052 73588.624865077 71462.5278186635 69336.43077224999 67210.33372583649 65084.23667942302 62958.1396330095 60832.04258659601 58705.94554018251 56579.84849376899 54453.75144735551 52327.65440094197


# name: QUERY
# type: sq_string
# elements: 1
# length: 2
R1


# name: DATASIZE
# type: sq_string
# elements: 1
# length: 3
500


