# Created by Octave 4.0.0, Wed May 18 23:46:21 2016 CEST <peter@Independence>
# name: x
# type: matrix
# rows: 1
# columns: 100
 60 60.60606060606061 61.21212121212121 61.81818181818182 62.42424242424242 63.03030303030303 63.63636363636363 64.24242424242425 64.84848484848484 65.45454545454545 66.06060606060606 66.66666666666667 67.27272727272727 67.87878787878788 68.48484848484848 69.09090909090909 69.69696969696969 70.3030303030303 70.90909090909091 71.51515151515152 72.12121212121212 72.72727272727272 73.33333333333333 73.93939393939394 74.54545454545455 75.15151515151516 75.75757575757575 76.36363636363636 76.96969696969697 77.57575757575758 78.18181818181819 78.78787878787878 79.39393939393939 80 80.60606060606061 81.2121212121212 81.81818181818181 82.42424242424242 83.03030303030303 83.63636363636364 84.24242424242424 84.84848484848484 85.45454545454545 86.06060606060606 86.66666666666667 87.27272727272727 87.87878787878788 88.48484848484848 89.09090909090909 89.69696969696969 90.3030303030303 90.90909090909091 91.51515151515152 92.12121212121212 92.72727272727272 93.33333333333333 93.93939393939394 94.54545454545455 95.15151515151516 95.75757575757575 96.36363636363636 96.96969696969697 97.57575757575758 98.18181818181817 98.78787878787878 99.39393939393939 100 100.6060606060606 101.2121212121212 101.8181818181818 102.4242424242424 103.030303030303 103.6363636363636 104.2424242424242 104.8484848484848 105.4545454545455 106.0606060606061 106.6666666666667 107.2727272727273 107.8787878787879 108.4848484848485 109.0909090909091 109.6969696969697 110.3030303030303 110.9090909090909 111.5151515151515 112.1212121212121 112.7272727272727 113.3333333333333 113.9393939393939 114.5454545454545 115.1515151515152 115.7575757575758 116.3636363636364 116.969696969697 117.5757575757576 118.1818181818182 118.7878787878788 119.3939393939394 120


# name: y
# type: matrix
# rows: 100
# columns: 1
 254130.5611033572
 252095.8102416596
 250061.0593799621
 248026.3085182648
 245991.5576565672
 243956.8067948696
 241922.0559331725
 239887.3050714749
 237852.5542097773
 235817.8033480798
 233783.0524863824
 231748.3016246851
 229713.5507629875
 227678.79990129
 225644.0490395927
 223609.2981778951
 221574.5473161977
 219539.7964545001
 217505.0455928028
 215470.2947311054
 213435.5438694078
 211400.7930077104
 209366.0421460129
 207331.2912843154
 205296.540422618
 203261.7895609206
 201227.0386992231
 199192.2878375256
 197157.5369758282
 195122.7861141306
 193088.0352524332
 191053.2843907358
 189018.5335290384
 186983.7826673408
 184949.0318056434
 182914.2809439458
 180879.5300822484
 178844.779220551
 176810.0283588536
 174775.2774971561
 172740.5266354586
 170705.7757737612
 168671.0249120636
 166636.2740503662
 164601.5231886687
 162566.7723269713
 160532.0214652738
 158497.2706035764
 156462.5197418789
 154427.7688801814
 152393.018018484
 150358.2671567865
 148323.516295089
 146288.7654333916
 144254.0145716941
 142219.2637099967
 140184.5128482992
 138149.7619866017
 136115.0111249043
 134080.2602632068
 132045.5094015093
 130010.7585398119
 127976.0076781144
 125941.256816417
 123906.5059547195
 121871.755093022
 119837.0042313246
 117802.2533696272
 115767.5025079297
 113732.7516462322
 111698.0007845347
 109663.2499228372
 107628.4990611398
 105593.7481994423
 103558.9973377449
 101524.2464760474
 99489.4956143499
 97454.74475265248
 95419.99389095501
 93385.24302925752
 91350.49216756003
 89315.74130586264
 87280.99044416513
 85246.23958246771
 83211.48872077037
 81176.73785907276
 79141.98699737532
 77107.23613567799
 75072.48527398043
 73037.73441228287
 71002.98355058553
 68968.23268888811
 66933.48182719055
 64898.73096549297
 62863.98010379566
 60829.22924209823
 58794.47838040073
 56759.72751870326
 54724.97665700586
 52690.22579530824


# name: QUERY
# type: sq_string
# elements: 1
# length: 2
R1


# name: DATASIZE
# type: sq_string
# elements: 1
# length: 3
500


