# Created by Octave 4.0.0, Mon May 23 13:46:44 2016 CEST <peter@Independence>
# name: x
# type: matrix
# rows: 1
# columns: 100
 60 60.60606060606061 61.21212121212121 61.81818181818182 62.42424242424242 63.03030303030303 63.63636363636363 64.24242424242425 64.84848484848484 65.45454545454545 66.06060606060606 66.66666666666667 67.27272727272727 67.87878787878788 68.48484848484848 69.09090909090909 69.69696969696969 70.3030303030303 70.90909090909091 71.51515151515152 72.12121212121212 72.72727272727272 73.33333333333333 73.93939393939394 74.54545454545455 75.15151515151516 75.75757575757575 76.36363636363636 76.96969696969697 77.57575757575758 78.18181818181819 78.78787878787878 79.39393939393939 80 80.60606060606061 81.2121212121212 81.81818181818181 82.42424242424242 83.03030303030303 83.63636363636364 84.24242424242424 84.84848484848484 85.45454545454545 86.06060606060606 86.66666666666667 87.27272727272727 87.87878787878788 88.48484848484848 89.09090909090909 89.69696969696969 90.3030303030303 90.90909090909091 91.51515151515152 92.12121212121212 92.72727272727272 93.33333333333333 93.93939393939394 94.54545454545455 95.15151515151516 95.75757575757575 96.36363636363636 96.96969696969697 97.57575757575758 98.18181818181817 98.78787878787878 99.39393939393939 100 100.6060606060606 101.2121212121212 101.8181818181818 102.4242424242424 103.030303030303 103.6363636363636 104.2424242424242 104.8484848484848 105.4545454545455 106.0606060606061 106.6666666666667 107.2727272727273 107.8787878787879 108.4848484848485 109.0909090909091 109.6969696969697 110.3030303030303 110.9090909090909 111.5151515151515 112.1212121212121 112.7272727272727 113.3333333333333 113.9393939393939 114.5454545454545 115.1515151515152 115.7575757575758 116.3636363636364 116.969696969697 117.5757575757576 118.1818181818182 118.7878787878788 119.3939393939394 120


# name: y
# type: matrix
# rows: 100
# columns: 1
 247621.6122869537
 245985.7594284962
 244349.9065700386
 242714.0537115811
 241078.2008531236
 239442.3479946661
 237806.4951362085
 236170.642277751
 234534.7894192935
 232898.9365608359
 231263.0837023784
 229627.2308439209
 227991.3779854634
 226355.5251270059
 224719.6722685483
 223083.8194100908
 221447.9665516333
 219812.1136931757
 218176.2608347182
 216540.4079762607
 214904.5551178032
 213268.7022593456
 211632.8494008881
 209996.9965424305
 208361.1436839731
 206725.2908255155
 205089.437967058
 203453.5851086005
 201817.7322501429
 200181.8793916854
 198546.0265332279
 196910.1736747704
 195274.3208163128
 193638.4679578553
 192002.6150993978
 190366.7622409402
 188730.9093824827
 187095.0565240252
 185459.2036655676
 183823.3508071101
 182187.4979486526
 180551.6450901951
 178915.7922317375
 177279.93937328
 175644.0865148225
 174008.233656365
 172372.3807979074
 170736.5279394499
 169100.6750809924
 167464.8222225349
 165828.9693640773
 164193.1165056198
 162557.2636471623
 160921.4107887048
 159285.5579302472
 157649.7050717897
 156013.8522133322
 154377.9993548747
 152742.1464964171
 151106.2936379596
 149470.4407795021
 147834.5879210446
 146198.735062587
 144562.8822041295
 142927.0293456719
 141291.1764872144
 139655.3236287569
 138019.4707702994
 136383.6179118418
 134747.7650533843
 133111.9121949268
 131476.0593364692
 129840.2064780117
 128204.3536195542
 126568.5007610967
 124932.6479026391
 123296.7950441816
 121660.9421857241
 120025.0893272666
 118389.236468809
 116753.3836103515
 115117.530751894
 113481.6778934365
 111845.8250349789
 110209.9721765214
 108574.1193180639
 106938.2664596064
 105302.4136011488
 103666.5607426913
 102030.7078842338
 100394.8550257762
 98759.00216731869
 97123.14930886118
 95487.29645040366
 93851.44359194615
 92215.59073348864
 90579.7378750311
 88943.88501657355
 87308.03215811601
 85672.17929965847


# name: QUERY
# type: sq_string
# elements: 1
# length: 2
R1


# name: DATASIZE
# type: sq_string
# elements: 1
# length: 3
500


