# Created by Octave 4.0.0, Wed May 18 23:46:21 2016 CEST <peter@Independence>
# name: x
# type: matrix
# rows: 1
# columns: 100
 60 60.60606060606061 61.21212121212121 61.81818181818182 62.42424242424242 63.03030303030303 63.63636363636363 64.24242424242425 64.84848484848484 65.45454545454545 66.06060606060606 66.66666666666667 67.27272727272727 67.87878787878788 68.48484848484848 69.09090909090909 69.69696969696969 70.3030303030303 70.90909090909091 71.51515151515152 72.12121212121212 72.72727272727272 73.33333333333333 73.93939393939394 74.54545454545455 75.15151515151516 75.75757575757575 76.36363636363636 76.96969696969697 77.57575757575758 78.18181818181819 78.78787878787878 79.39393939393939 80 80.60606060606061 81.2121212121212 81.81818181818181 82.42424242424242 83.03030303030303 83.63636363636364 84.24242424242424 84.84848484848484 85.45454545454545 86.06060606060606 86.66666666666667 87.27272727272727 87.87878787878788 88.48484848484848 89.09090909090909 89.69696969696969 90.3030303030303 90.90909090909091 91.51515151515152 92.12121212121212 92.72727272727272 93.33333333333333 93.93939393939394 94.54545454545455 95.15151515151516 95.75757575757575 96.36363636363636 96.96969696969697 97.57575757575758 98.18181818181817 98.78787878787878 99.39393939393939 100 100.6060606060606 101.2121212121212 101.8181818181818 102.4242424242424 103.030303030303 103.6363636363636 104.2424242424242 104.8484848484848 105.4545454545455 106.0606060606061 106.6666666666667 107.2727272727273 107.8787878787879 108.4848484848485 109.0909090909091 109.6969696969697 110.3030303030303 110.9090909090909 111.5151515151515 112.1212121212121 112.7272727272727 113.3333333333333 113.9393939393939 114.5454545454545 115.1515151515152 115.7575757575758 116.3636363636364 116.969696969697 117.5757575757576 118.1818181818182 118.7878787878788 119.3939393939394 120


# name: y
# type: matrix
# rows: 1
# columns: 100
 258020.0792782229 255989.2960679691 253958.5128577152 251927.7296474615 249896.9464372077 247866.1632269539 245835.3800167001 243804.5968064463 241773.8135961925 239743.0303859387 237712.2471756849 235681.4639654311 233650.6807551773 231619.8975449235 229589.1143346697 227558.3311244159 225527.5479141621 223496.7647039083 221465.9814936545 219435.1982834007 217404.4150731469 215373.6318628931 213342.8486526393 211312.0654423855 209281.2822321317 207250.4990218779 205219.7158116241 203188.9326013703 201158.1493911165 199127.3661808627 197096.582970609 195065.7997603551 193035.0165501013 191004.2333398476 188973.4501295938 186942.6669193399 184911.8837090862 182881.1004988324 180850.3172885785 178819.5340783247 176788.750868071 174757.9676578172 172727.1844475634 170696.4012373096 168665.6180270558 166634.834816802 164604.0516065482 162573.2683962944 160542.4851860406 158511.7019757868 156480.918765533 154450.1355552792 152419.3523450254 150388.5691347716 148357.7859245178 146327.002714264 144296.2195040102 142265.4362937564 140234.6530835026 138203.8698732488 136173.086662995 134142.3034527412 132111.5202424874 130080.7370322336 128049.9538219798 126019.170611726 123988.3874014722 121957.6041912184 119926.8209809646 117896.0377707108 115865.254560457 113834.4713502032 111803.6881399494 109772.9049296956 107742.1217194418 105711.338509188 103680.5552989342 101649.7720886804 99618.98887842664 97588.20566817286 95557.42245791908 93526.63924766527 91495.85603741146 89465.07282715767 87434.28961690387 85403.50640665006 83372.72319639627 81341.93998614246 79311.15677588867 77280.37356563486 75249.59035538106 73218.80714512726 71188.02393487346 69157.2407246197 67126.4575143659 65095.67430411209 63064.8910938583 61034.10788360449 59003.3246733507 56972.54146309687


# name: QUERY
# type: sq_string
# elements: 1
# length: 2
R1


# name: DATASIZE
# type: sq_string
# elements: 1
# length: 3
500


