# Created by Octave 4.0.0, Wed May 18 23:46:19 2016 CEST <peter@Independence>
# name: SVs
# type: cell
# rows: 1
# columns: 7
# name: <cell-element>
# type: sparse matrix
# nnz: 18
# rows: 18
# columns: 1
1 1 -0.5280818946357841
2 1 -1.537305071050839
3 1 -0.5280818946357841
4 1 -0.5280818946357841
5 1 -1.537305071050839
6 1 0.4811412817792707
7 1 -1.537305071050839
8 1 -0.5280818946357841
9 1 -1.537305071050839
10 1 -1.537305071050839
11 1 -1.537305071050839
12 1 -0.5280818946357841
13 1 -0.5280818946357841
14 1 1.490364458194326
15 1 -0.5280818946357841
16 1 -0.5280818946357841
17 1 -0.5280818946357841
18 1 1.490364458194326



# name: <cell-element>
# type: sparse matrix
# nnz: 10
# rows: 10
# columns: 1
1 1 1.490364458194326
2 1 -1.537305071050839
3 1 -1.537305071050839
4 1 1.490364458194326
5 1 -1.537305071050839
6 1 -1.537305071050839
7 1 -1.537305071050839
8 1 1.490364458194326
9 1 1.490364458194326
10 1 1.490364458194326



# name: <cell-element>
# type: sparse matrix
# nnz: 26
# rows: 26
# columns: 1
1 1 1.490364458194326
2 1 -0.5280818946357841
3 1 -1.537305071050839
4 1 -0.5280818946357841
5 1 -0.5280818946357841
6 1 -1.537305071050839
7 1 1.490364458194326
8 1 0.4811412817792707
9 1 -1.537305071050839
10 1 1.490364458194326
11 1 -0.5280818946357841
12 1 -1.537305071050839
13 1 -1.537305071050839
14 1 0.4811412817792707
15 1 -1.537305071050839
16 1 -0.5280818946357841
17 1 -0.5280818946357841
18 1 1.490364458194326
19 1 -0.5280818946357841
20 1 0.4811412817792707
21 1 -0.5280818946357841
22 1 1.490364458194326
23 1 1.490364458194326
24 1 -0.5280818946357841
25 1 1.490364458194326
26 1 0.4811412817792707



# name: <cell-element>
# type: sparse matrix
# nnz: 6
# rows: 6
# columns: 1
1 1 1.490364458194326
2 1 -1.537305071050839
3 1 -1.537305071050839
4 1 -1.537305071050839
5 1 1.490364458194326
6 1 1.490364458194326



# name: <cell-element>
# type: sparse matrix
# nnz: 20
# rows: 20
# columns: 1
1 1 1.490364458194326
2 1 1.490364458194326
3 1 -1.537305071050839
4 1 -1.537305071050839
5 1 1.490364458194326
6 1 0.4811412817792707
7 1 -1.537305071050839
8 1 1.490364458194326
9 1 -1.537305071050839
10 1 -1.537305071050839
11 1 1.490364458194326
12 1 1.490364458194326
13 1 -1.537305071050839
14 1 -1.537305071050839
15 1 1.490364458194326
16 1 1.490364458194326
17 1 -0.5280818946357841
18 1 1.490364458194326
19 1 1.490364458194326
20 1 -1.537305071050839



# name: <cell-element>
# type: sparse matrix
# nnz: 15
# rows: 15
# columns: 1
1 1 -1.537305071050839
2 1 -0.5280818946357841
3 1 -1.537305071050839
4 1 0.4811412817792707
5 1 0.4811412817792707
6 1 -1.537305071050839
7 1 0.4811412817792707
8 1 1.490364458194326
9 1 -0.5280818946357841
10 1 -1.537305071050839
11 1 -0.5280818946357841
12 1 -1.537305071050839
13 1 -0.5280818946357841
14 1 -1.537305071050839
15 1 0.4811412817792707



# name: <cell-element>
# type: scalar
0





# name: coefficients
# type: cell
# rows: 1
# columns: 7
# name: <cell-element>
# type: matrix
# rows: 18
# columns: 1
 -0.5505308649240506
 0.6157899999999999
 -0.6157899999999999
 -0.6157899999999999
 0.6157899999999999
 0.6157899999999999
 0.6157899999999999
 -0.6157899999999999
 0.6157899999999999
 0.6157899999999999
 0.6157899999999999
 -0.6157899999999999
 -0.6157899999999999
 0.6157899999999999
 -0.6157899999999999
 -0.6157899999999999
 -0.6157899999999999
 0.5505308649240503



# name: <cell-element>
# type: matrix
# rows: 10
# columns: 1
 -0.6157899999999999
 0.6157899999999999
 0.6157899999999999
 -0.6157899999999999
 0.6157899999999999
 0.6157899999999999
 0.6157899999999999
 -0.6157899999999999
 -0.6157899999999999
 -0.6157899999999999



# name: <cell-element>
# type: matrix
# rows: 26
# columns: 1
 5
 -1.63129075022735
 5
 -5
 -5
 5
 5
 -5
 5
 1.631290750227341
 -5
 5
 5
 -5
 5
 -5
 -5
 5
 -5
 -5
 -5
 5
 5
 -5
 5
 -5



# name: <cell-element>
# type: matrix
# rows: 6
# columns: 1
 -0.1
 0.1
 0.1
 0.1
 -0.1
 -0.1



# name: <cell-element>
# type: matrix
# rows: 20
# columns: 1
 -5
 -3.188767019461447
 5
 5
 -5
 5
 5
 -5
 5
 5
 -5
 -5
 5
 5
 -5
 -5
 3.188767019461447
 -5
 -5
 5



# name: <cell-element>
# type: matrix
# rows: 15
# columns: 1
 3.4526
 -3.4526
 3.4526
 3.4526
 3.4526
 3.4526
 -3.393124932099372
 -1.016720604078988
 2.403850724077943
 -1.104372080255605
 -3.4526
 -3.4526
 3.110366892356022
 -3.4526
 -3.4526



# name: <cell-element>
# type: scalar
0





# name: b
# type: cell
# rows: 1
# columns: 7
# name: <cell-element>
# type: scalar
-0.0462892947468508



# name: <cell-element>
# type: scalar
-0.4639081021053961



# name: <cell-element>
# type: scalar
0.03774809360438559



# name: <cell-element>
# type: scalar
-0.2669968205553118



# name: <cell-element>
# type: scalar
-0.4171126824732568



# name: <cell-element>
# type: scalar
0.3805948057460994



# name: <cell-element>
# type: scalar
0





# name: models
# type: cell
# rows: 1
# columns: 7
# name: <cell-element>
# type: scalar struct
# ndims: 2
 1 1
# length: 11
# name: Parameters
# type: matrix
# rows: 5
# columns: 1
 3
 0
 3
 1
 0


# name: nr_class
# type: scalar
2


# name: totalSV
# type: scalar
18


# name: rho
# type: scalar
0.0462892947468508


# name: Label
# type: matrix
# rows: 0
# columns: 0


# name: sv_indices
# type: matrix
# rows: 18
# columns: 1
 3
 4
 5
 6
 8
 16
 21
 23
 25
 26
 31
 32
 33
 34
 35
 41
 46
 47


# name: ProbA
# type: matrix
# rows: 0
# columns: 0


# name: ProbB
# type: matrix
# rows: 0
# columns: 0


# name: nSV
# type: matrix
# rows: 0
# columns: 0


# name: sv_coef
# type: matrix
# rows: 18
# columns: 1
 -0.5505308649240506
 0.6157899999999999
 -0.6157899999999999
 -0.6157899999999999
 0.6157899999999999
 0.6157899999999999
 0.6157899999999999
 -0.6157899999999999
 0.6157899999999999
 0.6157899999999999
 0.6157899999999999
 -0.6157899999999999
 -0.6157899999999999
 0.6157899999999999
 -0.6157899999999999
 -0.6157899999999999
 -0.6157899999999999
 0.5505308649240503


# name: SVs
# type: sparse matrix
# nnz: 18
# rows: 18
# columns: 1
1 1 -0.5280818946357841
2 1 -1.537305071050839
3 1 -0.5280818946357841
4 1 -0.5280818946357841
5 1 -1.537305071050839
6 1 0.4811412817792707
7 1 -1.537305071050839
8 1 -0.5280818946357841
9 1 -1.537305071050839
10 1 -1.537305071050839
11 1 -1.537305071050839
12 1 -0.5280818946357841
13 1 -0.5280818946357841
14 1 1.490364458194326
15 1 -0.5280818946357841
16 1 -0.5280818946357841
17 1 -0.5280818946357841
18 1 1.490364458194326





# name: <cell-element>
# type: scalar struct
# ndims: 2
 1 1
# length: 11
# name: Parameters
# type: matrix
# rows: 5
# columns: 1
 3
 1
 2
 1
 0


# name: nr_class
# type: scalar
2


# name: totalSV
# type: scalar
10


# name: rho
# type: scalar
0.4639081021053961


# name: Label
# type: matrix
# rows: 0
# columns: 0


# name: sv_indices
# type: matrix
# rows: 10
# columns: 1
 1
 4
 8
 12
 21
 25
 26
 27
 29
 40


# name: ProbA
# type: matrix
# rows: 0
# columns: 0


# name: ProbB
# type: matrix
# rows: 0
# columns: 0


# name: nSV
# type: matrix
# rows: 0
# columns: 0


# name: sv_coef
# type: matrix
# rows: 10
# columns: 1
 -0.6157899999999999
 0.6157899999999999
 0.6157899999999999
 -0.6157899999999999
 0.6157899999999999
 0.6157899999999999
 0.6157899999999999
 -0.6157899999999999
 -0.6157899999999999
 -0.6157899999999999


# name: SVs
# type: sparse matrix
# nnz: 10
# rows: 10
# columns: 1
1 1 1.490364458194326
2 1 -1.537305071050839
3 1 -1.537305071050839
4 1 1.490364458194326
5 1 -1.537305071050839
6 1 -1.537305071050839
7 1 -1.537305071050839
8 1 1.490364458194326
9 1 1.490364458194326
10 1 1.490364458194326





# name: <cell-element>
# type: scalar struct
# ndims: 2
 1 1
# length: 11
# name: Parameters
# type: matrix
# rows: 5
# columns: 1
 3
 1
 3
 1
 0


# name: nr_class
# type: scalar
2


# name: totalSV
# type: scalar
26


# name: rho
# type: scalar
-0.03774809360438559


# name: Label
# type: matrix
# rows: 0
# columns: 0


