# Created by Octave 4.0.0, Mon May 23 13:46:44 2016 CEST <peter@Independence>
# name: SVs
# type: cell
# rows: 1
# columns: 7
# name: <cell-element>
# type: sparse matrix
# nnz: 12
# rows: 12
# columns: 1
1 1 -1.537305071050839
2 1 -1.537305071050839
3 1 -0.5280818946357841
4 1 -1.537305071050839
5 1 -1.537305071050839
6 1 -0.5280818946357841
7 1 -0.5280818946357841
8 1 -1.537305071050839
9 1 -0.5280818946357841
10 1 -0.5280818946357841
11 1 -1.537305071050839
12 1 -0.5280818946357841



# name: <cell-element>
# type: sparse matrix
# nnz: 42
# rows: 42
# columns: 1
1 1 -0.5280818946357841
2 1 -1.537305071050839
3 1 0.4811412817792707
4 1 -0.5280818946357841
5 1 -0.5280818946357841
6 1 -0.5280818946357841
7 1 -1.537305071050839
8 1 -1.537305071050839
9 1 -0.5280818946357841
10 1 -0.5280818946357841
11 1 -1.537305071050839
12 1 -0.5280818946357841
13 1 -1.537305071050839
14 1 0.4811412817792707
15 1 1.490364458194326
16 1 -0.5280818946357841
17 1 1.490364458194326
18 1 1.490364458194326
19 1 0.4811412817792707
20 1 1.490364458194326
21 1 -0.5280818946357841
22 1 1.490364458194326
23 1 -0.5280818946357841
24 1 1.490364458194326
25 1 1.490364458194326
26 1 -0.5280818946357841
27 1 -0.5280818946357841
28 1 -1.537305071050839
29 1 -0.5280818946357841
30 1 -0.5280818946357841
31 1 -1.537305071050839
32 1 0.4811412817792707
33 1 -0.5280818946357841
34 1 -0.5280818946357841
35 1 1.490364458194326
36 1 -0.5280818946357841
37 1 -0.5280818946357841
38 1 -0.5280818946357841
39 1 0.4811412817792707
40 1 -1.537305071050839
41 1 0.4811412817792707
42 1 -0.5280818946357841



# name: <cell-element>
# type: sparse matrix
# nnz: 45
# rows: 45
# columns: 1
1 1 0.4811412817792707
2 1 -0.5280818946357841
3 1 -0.5280818946357841
4 1 -1.537305071050839
5 1 0.4811412817792707
6 1 -0.5280818946357841
7 1 -0.5280818946357841
8 1 -1.537305071050839
9 1 -1.537305071050839
10 1 0.4811412817792707
11 1 -0.5280818946357841
12 1 -1.537305071050839
13 1 -0.5280818946357841
14 1 -1.537305071050839
15 1 0.4811412817792707
16 1 1.490364458194326
17 1 -0.5280818946357841
18 1 1.490364458194326
19 1 1.490364458194326
20 1 0.4811412817792707
21 1 -0.5280818946357841
22 1 1.490364458194326
23 1 -0.5280818946357841
24 1 1.490364458194326
25 1 1.490364458194326
26 1 1.490364458194326
27 1 0.4811412817792707
28 1 -0.5280818946357841
29 1 -0.5280818946357841
30 1 -1.537305071050839
31 1 -0.5280818946357841
32 1 -0.5280818946357841
33 1 -1.537305071050839
34 1 -0.5280818946357841
35 1 1.490364458194326
36 1 -0.5280818946357841
37 1 -0.5280818946357841
38 1 -0.5280818946357841
39 1 -0.5280818946357841
40 1 0.4811412817792707
41 1 -0.5280818946357841
42 1 -1.537305071050839
43 1 0.4811412817792707
44 1 0.4811412817792707
45 1 -0.5280818946357841



# name: <cell-element>
# type: sparse matrix
# nnz: 17
# rows: 17
# columns: 1
1 1 -1.537305071050839
2 1 -1.537305071050839
3 1 -1.537305071050839
4 1 -1.537305071050839
5 1 -1.537305071050839
6 1 1.490364458194326
7 1 1.490364458194326
8 1 1.490364458194326
9 1 1.490364458194326
10 1 1.490364458194326
11 1 1.490364458194326
12 1 1.490364458194326
13 1 -1.537305071050839
14 1 -1.537305071050839
15 1 1.490364458194326
16 1 -1.537305071050839
17 1 0.4811412817792707



# name: <cell-element>
# type: sparse matrix
# nnz: 17
# rows: 17
# columns: 1
1 1 -1.537305071050839
2 1 -1.537305071050839
3 1 -1.537305071050839
4 1 -1.537305071050839
5 1 1.490364458194326
6 1 1.490364458194326
7 1 1.490364458194326
8 1 0.4811412817792707
9 1 1.490364458194326
10 1 1.490364458194326
11 1 1.490364458194326
12 1 1.490364458194326
13 1 -1.537305071050839
14 1 -1.537305071050839
15 1 1.490364458194326
16 1 -1.537305071050839
17 1 0.4811412817792707



# name: <cell-element>
# type: sparse matrix
# nnz: 42
# rows: 42
# columns: 1
1 1 -0.5280818946357841
2 1 -1.537305071050839
3 1 0.4811412817792707
4 1 -0.5280818946357841
5 1 -0.5280818946357841
6 1 -0.5280818946357841
7 1 -0.5280818946357841
8 1 -1.537305071050839
9 1 -1.537305071050839
10 1 -0.5280818946357841
11 1 0.4811412817792707
12 1 -0.5280818946357841
13 1 -1.537305071050839
14 1 -0.5280818946357841
15 1 -1.537305071050839
16 1 0.4811412817792707
17 1 1.490364458194326
18 1 -0.5280818946357841
19 1 1.490364458194326
20 1 1.490364458194326
21 1 0.4811412817792707
22 1 1.490364458194326
23 1 -0.5280818946357841
24 1 1.490364458194326
25 1 1.490364458194326
26 1 -0.5280818946357841
27 1 -0.5280818946357841
28 1 -1.537305071050839
29 1 -0.5280818946357841
30 1 -0.5280818946357841
31 1 -1.537305071050839
32 1 0.4811412817792707
33 1 -0.5280818946357841
34 1 -0.5280818946357841
35 1 1.490364458194326
36 1 -0.5280818946357841
37 1 -0.5280818946357841
38 1 -0.5280818946357841
39 1 0.4811412817792707
40 1 -1.537305071050839
41 1 0.4811412817792707
42 1 -0.5280818946357841



# name: <cell-element>
# type: scalar
0





# name: coefficients
# type: cell
# rows: 1
# columns: 7
# name: <cell-element>
# type: matrix
# rows: 12
# columns: 1
 0.1
 0.1
 -0.1
 0.1
 0.1
 -0.1
 -0.1
 0.1
 -0.1
 -0.1
 0.1
 -0.1



# name: <cell-element>
# type: matrix
# rows: 42
# columns: 1
 0.1
 0.1
 0.1
 0.1
 0.1
 0.1
 0.1
 0.1
 0.1
 -0.1
 0.1
 -0.1
 0.1
 -0.1
 -0.1
 -0.1
 -0.1
 -0.1
 0.1
 -0.1
 -0.1
 -0.1
 0.1
 -0.1
 -0.1
 -0.1
 0.1
 0.1
 -0.1
 -0.1
 0.1
 0.1
 -0.1
 0.1
 -0.1
 0.1
 -0.1
 -0.1
 -0.1
 0.1
 0.1
 -0.1



# name: <cell-element>
# type: matrix
# rows: 45
# columns: 1
 -0.1
 0.1
 -0.1
 0.1
 0.1
 0.06450168505773821
 -0.1
 0.1
 0.1
 -0.1
 -0.1
 0.1
 -0.1
 0.1
 -0.1
 0.1
 -0.1
 0.1
 0.1
 0.1
 -0.1
 0.0354983149422618
 -0.1
 0.1
 0.1
 0.1
 -0.1
 -0.1
 0.1
 0.1
 -0.1
 -0.1
 0.1
 -0.1
 0.1
 0.1
 -0.1
 -0.1
 -0.1
 -0.1
 -0.1
 0.1
 0.1
 -0.1
 -0.1



# name: <cell-element>
# type: matrix
# rows: 17
# columns: 1
 0.1
 0.04949004389094494
 0.1
 0.1
 0.1
 -0.1
 -0.1
 -0.1
 -0.1
 -0.1
 -0.1
 -0.1
 0.1
 0.1
 -0.1
 0.1
 0.05050995610905507



# name: <cell-element>
# type: matrix
# rows: 17
# columns: 1
 5
 5
 5
 5
 -5
 -5
 -5
 1.788459765212314
 -5
 -5
 -5
 -5
 3.211540234787686
 5
 -5
 5
 5



# name: <cell-element>
# type: matrix
# rows: 42
# columns: 1
 0.35789
 0.35789
 0.35789
 0.35789
 0.35789
 0.35789
 -0.1641426784814349
 -0.35789
 0.35789
 0.35789
 -0.35789
 -0.35789
 0.35789
 -0.35789
 0.35789
 -0.35789
 0.35789
 -0.35789
 -0.35789
 -0.35789
 0.35789
 -0.35789
 -0.35789
 0.35789
 -0.35789
 -0.35789
 0.35789
 0.1641426784814349
 -0.35789
 -0.35789
 0.35789
 0.35789
 -0.35789
 0.35789
 -0.35789
 0.35789
 -0.35789
 -0.35789
 -0.35789
 0.35789
 0.35789
 -0.35789



# name: <cell-element>
# type: scalar
0





# name: b
# type: cell
# rows: 1
# columns: 7
# name: <cell-element>
# type: scalar
0.1070207552566528



# name: <cell-element>
# type: scalar
-0.2228513419306268



# name: <cell-element>
# type: scalar
-0.02602134286634398



# name: <cell-element>
# type: scalar
-0.5589195155442901



# name: <cell-element>
# type: scalar
-0.5752388170649598



# name: <cell-element>
# type: scalar
0.2570061184005349



# name: <cell-element>
# type: scalar
0





# name: models
# type: cell
# rows: 1
# columns: 7
# name: <cell-element>
# type: scalar struct
# ndims: 2
 1 1
# length: 11
# name: Parameters
# type: matrix
# rows: 5
# columns: 1
 3
 0
 3
 1
 0


# name: nr_class
# type: scalar
2


# name: totalSV
# type: scalar
12


# name: rho
# type: scalar
-0.1070207552566528


# name: Label
# type: matrix
# rows: 0
# columns: 0


# name: sv_indices
# type: matrix
# rows: 12
# columns: 1
 4
 11
 14
 15
 17
 20
 37
 38
 40
 44
 49
 52


# name: ProbA
# type: matrix
# rows: 0
# columns: 0


# name: ProbB
# type: matrix
# rows: 0
# columns: 0


# name: nSV
# type: matrix
# rows: 0
# columns: 0


# name: sv_coef
# type: matrix
# rows: 12
# columns: 1
 0.1
 0.1
 -0.1
 0.1
 0.1
 -0.1
 -0.1
 0.1
 -0.1
 -0.1
 0.1
 -0.1


