# Created by Octave 4.0.0, Wed May 18 23:46:09 2016 CEST <peter@Independence>
# name: mu
# type: matrix
# rows: 1
# columns: 2
 155937.8023255814 90.46511627906976


# name: sigma
# type: matrix
# rows: 1
# columns: 2
 88334.93544230255 19.81722226301189


