# Created by Octave 4.0.0, Mon May 23 13:46:44 2016 CEST <peter@Independence>
# name: x
# type: matrix
# rows: 1
# columns: 100
 60 60.60606060606061 61.21212121212121 61.81818181818182 62.42424242424242 63.03030303030303 63.63636363636363 64.24242424242425 64.84848484848484 65.45454545454545 66.06060606060606 66.66666666666667 67.27272727272727 67.87878787878788 68.48484848484848 69.09090909090909 69.69696969696969 70.3030303030303 70.90909090909091 71.51515151515152 72.12121212121212 72.72727272727272 73.33333333333333 73.93939393939394 74.54545454545455 75.15151515151516 75.75757575757575 76.36363636363636 76.96969696969697 77.57575757575758 78.18181818181819 78.78787878787878 79.39393939393939 80 80.60606060606061 81.2121212121212 81.81818181818181 82.42424242424242 83.03030303030303 83.63636363636364 84.24242424242424 84.84848484848484 85.45454545454545 86.06060606060606 86.66666666666667 87.27272727272727 87.87878787878788 88.48484848484848 89.09090909090909 89.69696969696969 90.3030303030303 90.90909090909091 91.51515151515152 92.12121212121212 92.72727272727272 93.33333333333333 93.93939393939394 94.54545454545455 95.15151515151516 95.75757575757575 96.36363636363636 96.96969696969697 97.57575757575758 98.18181818181817 98.78787878787878 99.39393939393939 100 100.6060606060606 101.2121212121212 101.8181818181818 102.4242424242424 103.030303030303 103.6363636363636 104.2424242424242 104.8484848484848 105.4545454545455 106.0606060606061 106.6666666666667 107.2727272727273 107.8787878787879 108.4848484848485 109.0909090909091 109.6969696969697 110.3030303030303 110.9090909090909 111.5151515151515 112.1212121212121 112.7272727272727 113.3333333333333 113.9393939393939 114.5454545454545 115.1515151515152 115.7575757575758 116.3636363636364 116.969696969697 117.5757575757576 118.1818181818182 118.7878787878788 119.3939393939394 120


# name: y
# type: matrix
# rows: 100
# columns: 1
 158009.8573956983
 157152.7938721372
 156312.9517184422
 155490.330934613
 154684.9315206498
 153896.7534765525
 153125.7968023211
 152372.0614979556
 151635.5475634563
 150916.2549988228
 150214.1838040552
 149529.3339791537
 148861.7055241179
 148211.2984389482
 147578.1127236445
 146962.1483782066
 146363.4054026348
 145781.8837969289
 145217.5835610889
 144670.5046951149
 144140.6471990067
 143628.0110727646
 143132.5963163884
 142654.4029298782
 142193.4309132339
 141749.6802664556
 141323.1509895431
 140913.8430824966
 140521.7565453162
 140146.8913780016
 139789.247580553
 139448.8251529703
 139125.6240952536
 138819.6444074028
 138530.886089418
 138259.3491412991
 138005.0335630462
 137767.9393546592
 137548.0665161381
 137345.4150474831
 137159.9849486939
 136991.7762197707
 136840.7888607134
 136707.0228715221
 136590.4782521968
 136491.1550027374
 136409.0531231439
 136344.1726134164
 136296.5134735548
 136266.0757035592
 136252.8593034295
 136256.8642731658
 136278.090612768
 136316.5383222361
 136372.2074015702
 136445.0978507703
 136535.2096698363
 136642.5428587682
 136767.0974175661
 136908.87334623
 137067.8706447598
 137244.0893131555
 137437.5293514172
 137648.1907595448
 137876.0735375384
 138121.1776853979
 138383.5032031234
 138663.0500907148
 138959.8183481721
 139273.8079754954
 139605.0189726847
 139953.4513397399
 140319.1050766611
 140701.9801834482
 141102.0766601012
 141519.3945066202
 141953.9337230051
 142405.694309256
 142874.6762653729
 143360.8795913557
 143864.3042872043
 144384.9503529191
 144922.8177884997
 145477.9065939462
 146050.2167692587
 146639.7483144372
 147246.5012294815
 147870.475514392
 148511.6711691682
 149170.0881938105
 149845.7265883188
 150538.5863526928
 151248.6674869329
 151975.969991039
 152720.4938650109
 153482.2391088489
 154261.2057225527
 155057.3937061226
 155870.8030595586
 156701.4337828601


# name: QUERY
# type: sq_string
# elements: 1
# length: 2
R1


# name: DATASIZE
# type: sq_string
# elements: 1
# length: 3
500


