# Created by Octave 4.0.0, Mon May 23 13:46:44 2016 CEST <peter@Independence>
# name: x
# type: matrix
# rows: 1
# columns: 100
 60 60.60606060606061 61.21212121212121 61.81818181818182 62.42424242424242 63.03030303030303 63.63636363636363 64.24242424242425 64.84848484848484 65.45454545454545 66.06060606060606 66.66666666666667 67.27272727272727 67.87878787878788 68.48484848484848 69.09090909090909 69.69696969696969 70.3030303030303 70.90909090909091 71.51515151515152 72.12121212121212 72.72727272727272 73.33333333333333 73.93939393939394 74.54545454545455 75.15151515151516 75.75757575757575 76.36363636363636 76.96969696969697 77.57575757575758 78.18181818181819 78.78787878787878 79.39393939393939 80 80.60606060606061 81.2121212121212 81.81818181818181 82.42424242424242 83.03030303030303 83.63636363636364 84.24242424242424 84.84848484848484 85.45454545454545 86.06060606060606 86.66666666666667 87.27272727272727 87.87878787878788 88.48484848484848 89.09090909090909 89.69696969696969 90.3030303030303 90.90909090909091 91.51515151515152 92.12121212121212 92.72727272727272 93.33333333333333 93.93939393939394 94.54545454545455 95.15151515151516 95.75757575757575 96.36363636363636 96.96969696969697 97.57575757575758 98.18181818181817 98.78787878787878 99.39393939393939 100 100.6060606060606 101.2121212121212 101.8181818181818 102.4242424242424 103.030303030303 103.6363636363636 104.2424242424242 104.8484848484848 105.4545454545455 106.0606060606061 106.6666666666667 107.2727272727273 107.8787878787879 108.4848484848485 109.0909090909091 109.6969696969697 110.3030303030303 110.9090909090909 111.5151515151515 112.1212121212121 112.7272727272727 113.3333333333333 113.9393939393939 114.5454545454545 115.1515151515152 115.7575757575758 116.3636363636364 116.969696969697 117.5757575757576 118.1818181818182 118.7878787878788 119.3939393939394 120


# name: y
# type: matrix
# rows: 100
# columns: 1
 225881.6133815273
 216666.7038976073
 207996.1496260825
 199848.0783647839
 192201.0664116354
 185034.1385646537
 178326.7681219484
 172058.8768817188
 166210.8351422593
 160763.4617019537
 155698.0238592785
 150996.2374128047
 146640.2666611923
 142612.7244031951
 138896.6719376597
 135475.6190635224
 132333.5240798144
 129454.7937856569
 126824.2834802648
 124427.2969629442
 122249.5865330934
 120277.3529902034
 118497.2456338569
 116896.3622637287
 115462.2491795862
 114182.9011812881
 113046.7615687862
 112042.7221421237
 111160.1232014364
 110388.753546952
 109718.8504789905
 109141.099797964
 108646.6358043765
 108227.0412988244
 107874.3475819963
 107581.0344546727
 107340.0302177265
 107144.7116721224
 106988.9041189176
 106866.8813592612
 106773.3656943946
 106703.5279256511
 106652.9873544565
 106617.8117823285
 106594.5175108769
 106580.0693418038
 106571.8805769033
 106567.8130180617
 106566.1769672576
 106565.7312265614
 106565.6830981359
 106565.688384236
 106565.8513872087
 106566.7249094932
 106569.3102536206
 106575.0572222145
 106585.8641179905
 106604.0777437561
 106632.4934024114
 106674.3548969483
 106733.3545304509
 106813.6331060955
 106919.7799271505
 107056.8327969764
 107230.2780190261
 107446.0503968442
 107710.5332340678
 108030.558334426
 108413.4060017401
 108866.8050399234
 109398.9327529815
 110018.4149450121
 110734.325920205
 111556.1884828421
 112493.9739372976
 113558.1020880378
 114759.4412396208
 116109.3081966974
 117619.4682640102
 119302.1352463941
 121169.9714487756
 123236.0876761746
 125514.0432337013
 128017.8459265598
 130761.9520600455
 133761.2664395459
 137031.1423705407
 140587.3816586025
 144446.2346093942
 148624.4000286731
 153139.0252222876
 158007.7059961765
 163248.4866563745
 168879.8600090059
 174920.767360286
 181390.5985165256
 188309.1917841249
 195696.8339695794
 203574.260379472
 211962.6548204809


# name: QUERY
# type: sq_string
# elements: 1
# length: 2
R1


# name: DATASIZE
# type: sq_string
# elements: 1
# length: 3
500


