# Created by Octave 4.0.0, Wed May 18 23:46:21 2016 CEST <peter@Independence>
# name: x
# type: matrix
# rows: 1
# columns: 100
 60 60.60606060606061 61.21212121212121 61.81818181818182 62.42424242424242 63.03030303030303 63.63636363636363 64.24242424242425 64.84848484848484 65.45454545454545 66.06060606060606 66.66666666666667 67.27272727272727 67.87878787878788 68.48484848484848 69.09090909090909 69.69696969696969 70.3030303030303 70.90909090909091 71.51515151515152 72.12121212121212 72.72727272727272 73.33333333333333 73.93939393939394 74.54545454545455 75.15151515151516 75.75757575757575 76.36363636363636 76.96969696969697 77.57575757575758 78.18181818181819 78.78787878787878 79.39393939393939 80 80.60606060606061 81.2121212121212 81.81818181818181 82.42424242424242 83.03030303030303 83.63636363636364 84.24242424242424 84.84848484848484 85.45454545454545 86.06060606060606 86.66666666666667 87.27272727272727 87.87878787878788 88.48484848484848 89.09090909090909 89.69696969696969 90.3030303030303 90.90909090909091 91.51515151515152 92.12121212121212 92.72727272727272 93.33333333333333 93.93939393939394 94.54545454545455 95.15151515151516 95.75757575757575 96.36363636363636 96.96969696969697 97.57575757575758 98.18181818181817 98.78787878787878 99.39393939393939 100 100.6060606060606 101.2121212121212 101.8181818181818 102.4242424242424 103.030303030303 103.6363636363636 104.2424242424242 104.8484848484848 105.4545454545455 106.0606060606061 106.6666666666667 107.2727272727273 107.8787878787879 108.4848484848485 109.0909090909091 109.6969696969697 110.3030303030303 110.9090909090909 111.5151515151515 112.1212121212121 112.7272727272727 113.3333333333333 113.9393939393939 114.5454545454545 115.1515151515152 115.7575757575758 116.3636363636364 116.969696969697 117.5757575757576 118.1818181818182 118.7878787878788 119.3939393939394 120


# name: y
# type: matrix
# rows: 100
# columns: 1
 158110.3918562018
 153678.6894248987
 149674.6353905335
 146064.5588496574
 142816.8176094499
 139901.7150074232
 137291.4184754114
 134959.8798426886
 132882.7573822769
 131037.3395967904
 129402.4707469892
 127958.4781221844
 126687.101049007
 125571.4216453218
 124595.7973125361
 123745.7949703703
 123008.1270336906
 122370.5891288091
 121821.999553052
 121352.140474147
 120951.700871843
 120612.221220609
 120326.0399133372
 120086.2414268698
 119886.6062285466
 119721.562424049
 119586.1391468108
 119475.9216884973
 119387.0083709462
 119315.9691593523
 119259.8060168723
 119215.9150004453
 119182.0500980138
 119156.288807019
 119136.9994542514
 119122.8102569989
 119112.5801255319
 119105.3712069034
 119100.423170077
 119097.1292323721
 119095.0139272334
 119093.7126133238
 119092.952724937
 119092.5367637346
 119092.3270318045
 119092.2321060409
 119092.195053848
 119092.183390165
 119092.1807758133
 119092.1804571663
 119092.1804471415
 119092.1804475144
 119092.180512555
 119092.1814539868
 119092.186987267
 119092.2076191903
 119092.266276814
 119092.4056777058
 119092.6974415135
 119093.2529428572
 119094.2359055437
 119095.8767381032
 119098.4886106483
 119102.4852730542
 119108.4006144642
 119116.9099641122
 119128.8531334729
 119145.2591997318
 119167.3730305771
 119196.6835503114
 119234.9537472965
 119284.2524227027
 119346.9876805969
 119425.9421593426
 119524.3100043239
 119645.7355820226
 119794.3539352999
 119974.8329802302
 120192.41744399
 120452.9745442478
 120763.0414097862
 121129.8742426745
 121561.4992211168
 122066.7651446663
 122655.3978197382
 123338.0561870177
 124126.3901900966
 125033.100385467
 126071.999293271
 127258.0744907224
 128607.5534452889
 130137.9700896169
 131868.2331394633
 133818.6961502159
 136011.2293158412
 138469.2930111858
 141218.0130713781
 144284.2578180724
 147696.7168197315
 151485.9814006868


# name: QUERY
# type: sq_string
# elements: 1
# length: 2
R1


# name: DATASIZE
# type: sq_string
# elements: 1
# length: 3
500


