# Created by Octave 4.0.0, Wed May 18 23:46:21 2016 CEST <peter@Independence>
# name: x
# type: matrix
# rows: 1
# columns: 100
 60 60.60606060606061 61.21212121212121 61.81818181818182 62.42424242424242 63.03030303030303 63.63636363636363 64.24242424242425 64.84848484848484 65.45454545454545 66.06060606060606 66.66666666666667 67.27272727272727 67.87878787878788 68.48484848484848 69.09090909090909 69.69696969696969 70.3030303030303 70.90909090909091 71.51515151515152 72.12121212121212 72.72727272727272 73.33333333333333 73.93939393939394 74.54545454545455 75.15151515151516 75.75757575757575 76.36363636363636 76.96969696969697 77.57575757575758 78.18181818181819 78.78787878787878 79.39393939393939 80 80.60606060606061 81.2121212121212 81.81818181818181 82.42424242424242 83.03030303030303 83.63636363636364 84.24242424242424 84.84848484848484 85.45454545454545 86.06060606060606 86.66666666666667 87.27272727272727 87.87878787878788 88.48484848484848 89.09090909090909 89.69696969696969 90.3030303030303 90.90909090909091 91.51515151515152 92.12121212121212 92.72727272727272 93.33333333333333 93.93939393939394 94.54545454545455 95.15151515151516 95.75757575757575 96.36363636363636 96.96969696969697 97.57575757575758 98.18181818181817 98.78787878787878 99.39393939393939 100 100.6060606060606 101.2121212121212 101.8181818181818 102.4242424242424 103.030303030303 103.6363636363636 104.2424242424242 104.8484848484848 105.4545454545455 106.0606060606061 106.6666666666667 107.2727272727273 107.8787878787879 108.4848484848485 109.0909090909091 109.6969696969697 110.3030303030303 110.9090909090909 111.5151515151515 112.1212121212121 112.7272727272727 113.3333333333333 113.9393939393939 114.5454545454545 115.1515151515152 115.7575757575758 116.3636363636364 116.969696969697 117.5757575757576 118.1818181818182 118.7878787878788 119.3939393939394 120


# name: y
# type: matrix
# rows: 100
# columns: 1
 206309.3358133762
 202710.8961735555
 199184.7616293019
 195730.9321806144
 192349.4078274932
 189040.1885699385
 185803.2744079501
 182638.6653415284
 179546.3613706736
 176526.3624953854
 173578.6687156629
 170703.2800315075
 167900.1964429183
 165169.4179498956
 162510.9445524397
 159924.7762505497
 157410.9130442267
 154969.3549334697
 152600.1019182797
 150303.153998656
 148078.5111745986
 145926.1734461078
 143846.1408131834
 141838.4132758257
 139902.9908340345
 138039.8734878096
 136249.0612371513
 134530.5540820594
 132884.3520225341
 131310.4550585752
 129808.8631901828
 128379.5764173569
 127022.5947400976
 125737.9181584046
 124525.5466722781
 123385.4802817182
 122317.7189867247
 121322.2627872977
 120399.1116834372
 119548.2656751432
 118769.7247624157
 118063.4889452547
 117429.5582236601
 116867.9325976321
 116378.6120671705
 115961.5966322754
 115616.8862929468
 115344.4810491847
 115144.3809009891
 115016.5858483599
 114961.0958912973
 114977.9110298011
 115067.0312638714
 115228.4565935082
 115462.1870187115
 115768.2225394813
 116146.5631558176
 116597.2088677203
 117120.1596751896
 117715.4155782253
 118382.9765768275
 119122.8426709962
 119935.0138607314
 120819.4901460331
 121776.2715269013
 122805.3580033359
 123906.7495753371
 125080.4462429047
 126326.4480060388
 127644.7548647394
 129035.3668190065
 130498.28386884
 132033.5060142401
 133641.0332552066
 135320.8655917396
 137073.0030238393
 138897.4455515051
 140794.1931747378
 142763.2458935367
 144804.6037079022
 146918.2666178339
 149104.2346233328
 151362.5077243974
 153693.0859210288
 156095.9692132267
 158571.1576009912
 161118.6510843219
 163738.4496632195
 166430.5533376831
 169194.9621077137
 172031.6759733105
 174940.6949344736
 177922.0189912034
 180975.6481434999
 184101.5823913628
 187299.8217347918
 190570.3661737871
 193913.2157083499
 197328.3703384791
 200815.830064174


# name: QUERY
# type: sq_string
# elements: 1
# length: 2
R1


# name: DATASIZE
# type: sq_string
# elements: 1
# length: 3
500


