# Created by Octave 4.0.0, Mon May 23 13:46:44 2016 CEST <peter@Independence>
# name: x
# type: matrix
# rows: 1
# columns: 100
 60 60.60606060606061 61.21212121212121 61.81818181818182 62.42424242424242 63.03030303030303 63.63636363636363 64.24242424242425 64.84848484848484 65.45454545454545 66.06060606060606 66.66666666666667 67.27272727272727 67.87878787878788 68.48484848484848 69.09090909090909 69.69696969696969 70.3030303030303 70.90909090909091 71.51515151515152 72.12121212121212 72.72727272727272 73.33333333333333 73.93939393939394 74.54545454545455 75.15151515151516 75.75757575757575 76.36363636363636 76.96969696969697 77.57575757575758 78.18181818181819 78.78787878787878 79.39393939393939 80 80.60606060606061 81.2121212121212 81.81818181818181 82.42424242424242 83.03030303030303 83.63636363636364 84.24242424242424 84.84848484848484 85.45454545454545 86.06060606060606 86.66666666666667 87.27272727272727 87.87878787878788 88.48484848484848 89.09090909090909 89.69696969696969 90.3030303030303 90.90909090909091 91.51515151515152 92.12121212121212 92.72727272727272 93.33333333333333 93.93939393939394 94.54545454545455 95.15151515151516 95.75757575757575 96.36363636363636 96.96969696969697 97.57575757575758 98.18181818181817 98.78787878787878 99.39393939393939 100 100.6060606060606 101.2121212121212 101.8181818181818 102.4242424242424 103.030303030303 103.6363636363636 104.2424242424242 104.8484848484848 105.4545454545455 106.0606060606061 106.6666666666667 107.2727272727273 107.8787878787879 108.4848484848485 109.0909090909091 109.6969696969697 110.3030303030303 110.9090909090909 111.5151515151515 112.1212121212121 112.7272727272727 113.3333333333333 113.9393939393939 114.5454545454545 115.1515151515152 115.7575757575758 116.3636363636364 116.969696969697 117.5757575757576 118.1818181818182 118.7878787878788 119.3939393939394 120


# name: y
# type: matrix
# rows: 100
# columns: 1
 257361.0050332684
 251293.1362744953
 245466.658441287
 239876.6719302432
 234518.2771379668
 229386.5744610589
 224476.6642961217
 219783.6470397567
 215302.6230885659
 211028.6928391508
 206956.956688113
 203082.5150320544
 199400.4682675765
 195905.9167912814
 192593.9609997709
 189459.7012896463
 186498.2380575095
 183704.6716999623
 181074.1026136063
 178601.6311950433
 176282.357840875
 174111.3829477033
 172083.8069121298
 170194.7301307562
 168439.2530001843
 166812.4759170157
 165309.4992778523
 163925.4234792957
 162655.3489179477
 161494.37599041
 160437.6050932844
 159480.1366231726
 158617.0709766762
 157843.5085503971
 157154.5497409369
 156545.2949448975
 156010.8445588804
 155546.2989794876
 155146.7586033205
 154807.3238269812
 154523.0950470711
 154289.1726601922
 154100.657062946
 153952.6486519343
 153840.247823759
 153758.5549750216
 153702.6705023239
 153667.6948022678
 153648.7282714547
 153640.8713064866
 153639.2243039652
 153638.8876604921
 153634.9617726691
 153622.547037098
 153596.7438503804
 153552.6526091181
 153485.3737099129
 153390.0075493664
 153261.6545240804
 153095.4150306566
 152886.3894656967
 152629.6782258025
 152320.3817075758
 151953.6003076181
 151524.4344225313
 151027.9844489172
 150459.3507833773
 149813.6338225135
 149085.9339629275
 148271.351601221
 147364.9871339958
 146361.9409578535
 145257.3134693959
 144046.2050652248
 142723.7161419418
 141284.9470961487
 139724.9983244473
 138038.9702234392
 136221.9631897262
 134269.0776199099
 132175.4139105924
 129936.0724583749
 127546.1536598596
 125000.757911648
 122294.9856103419
 119423.9371525429
 116382.7129348529
 113166.4133538733
 109770.1388062066
 106188.9896884536
 102418.0663972164
 98452.46932909713
 94287.29888069682
 89917.65544861757
 85338.6394294614
 80545.35121982935
 75532.89121632421
 70296.35981554608
 64830.8574140983
 59131.48440858143


# name: QUERY
# type: sq_string
# elements: 1
# length: 2
R1


# name: DATASIZE
# type: sq_string
# elements: 1
# length: 3
500


