# Created by Octave 4.0.0, Wed May 18 23:46:21 2016 CEST <peter@Independence>
# name: x
# type: matrix
# rows: 1
# columns: 100
 60 60.60606060606061 61.21212121212121 61.81818181818182 62.42424242424242 63.03030303030303 63.63636363636363 64.24242424242425 64.84848484848484 65.45454545454545 66.06060606060606 66.66666666666667 67.27272727272727 67.87878787878788 68.48484848484848 69.09090909090909 69.69696969696969 70.3030303030303 70.90909090909091 71.51515151515152 72.12121212121212 72.72727272727272 73.33333333333333 73.93939393939394 74.54545454545455 75.15151515151516 75.75757575757575 76.36363636363636 76.96969696969697 77.57575757575758 78.18181818181819 78.78787878787878 79.39393939393939 80 80.60606060606061 81.2121212121212 81.81818181818181 82.42424242424242 83.03030303030303 83.63636363636364 84.24242424242424 84.84848484848484 85.45454545454545 86.06060606060606 86.66666666666667 87.27272727272727 87.87878787878788 88.48484848484848 89.09090909090909 89.69696969696969 90.3030303030303 90.90909090909091 91.51515151515152 92.12121212121212 92.72727272727272 93.33333333333333 93.93939393939394 94.54545454545455 95.15151515151516 95.75757575757575 96.36363636363636 96.96969696969697 97.57575757575758 98.18181818181817 98.78787878787878 99.39393939393939 100 100.6060606060606 101.2121212121212 101.8181818181818 102.4242424242424 103.030303030303 103.6363636363636 104.2424242424242 104.8484848484848 105.4545454545455 106.0606060606061 106.6666666666667 107.2727272727273 107.8787878787879 108.4848484848485 109.0909090909091 109.6969696969697 110.3030303030303 110.9090909090909 111.5151515151515 112.1212121212121 112.7272727272727 113.3333333333333 113.9393939393939 114.5454545454545 115.1515151515152 115.7575757575758 116.3636363636364 116.969696969697 117.5757575757576 118.1818181818182 118.7878787878788 119.3939393939394 120


# name: y
# type: matrix
# rows: 100
# columns: 1
 228789.3993928737
 221341.4763550627
 214333.5267900486
 207747.8725558261
 201567.1980092498
 195774.550006032
 190353.3379007442
 185287.3335468154
 180560.6712965342
 176157.8480010466
 172063.7230103571
 168263.5181733298
 164742.817837686
 161487.568850006
 158484.0805557288
 155719.0247991511
 153179.4359234289
 150852.7107705761
 148726.6086814652
 146789.2514958274
 145029.1235522518
 143435.0716881868
 141996.3052399383
 140702.3960426715
 139543.2784304094
 138509.2492360339
 137590.9677912851
 136779.4559267618
 136066.0979719209
 135442.6407550782
 134901.1936034076
 134434.2283429417
 134034.5792985713
 133695.4432940459
 133410.3796519733
 133173.3101938199
 132978.5192399104
 132820.6536094281
 132694.7226204147
 132596.0980897704
 132520.5143332536
 132464.0681654816
 132423.2188999298
 132394.7883489322
 132375.9608236813
 132364.2831342279
 132357.6645894815
 132354.3769972098
 132353.0546640392
 132352.6943954543
 132352.6554957983
 132352.6597682729
 132352.7915149382
 132353.4975367127
 132355.5871333736
 132360.2321035562
 132368.9667447545
 132383.6878533209
 132406.6547244662
 132440.4891522598
 132488.1754296295
 132553.0603483614
 132638.8531991002
 132749.6257713491
 132889.8123534698
 133064.2097326822
 133277.9771950648
 133536.6365255547
 133846.0720079473
 134212.5304248964
 134642.6210579144
 135143.3156873722
 135721.948592499
 136386.2165513824
 137144.1788409688
 138004.2572370628
 138975.2360143273
 140066.261946284
 141286.844305313
 142646.8548626525
 144156.5278883997
 145826.46015151
 147667.6109197969
 149691.301959933
 151909.2175374491
 154333.4044167342
 156976.2718610361
 159850.591632461
 162969.4979919733
 166346.4876993962
 169995.4200134115
 173930.5166915583
 178166.3619902359
 182717.9026647009
 187600.4479690682
 192829.6696563123
 198421.6019782647
 204392.6416856174
 210759.5480279183
 217539.4427535754


# name: QUERY
# type: sq_string
# elements: 1
# length: 2
R1


# name: DATASIZE
# type: sq_string
# elements: 1
# length: 3
500


