# Created by Octave 4.0.0, Wed May 18 23:46:21 2016 CEST <peter@Independence>
# name: x
# type: matrix
# rows: 1
# columns: 100
 60 60.60606060606061 61.21212121212121 61.81818181818182 62.42424242424242 63.03030303030303 63.63636363636363 64.24242424242425 64.84848484848484 65.45454545454545 66.06060606060606 66.66666666666667 67.27272727272727 67.87878787878788 68.48484848484848 69.09090909090909 69.69696969696969 70.3030303030303 70.90909090909091 71.51515151515152 72.12121212121212 72.72727272727272 73.33333333333333 73.93939393939394 74.54545454545455 75.15151515151516 75.75757575757575 76.36363636363636 76.96969696969697 77.57575757575758 78.18181818181819 78.78787878787878 79.39393939393939 80 80.60606060606061 81.2121212121212 81.81818181818181 82.42424242424242 83.03030303030303 83.63636363636364 84.24242424242424 84.84848484848484 85.45454545454545 86.06060606060606 86.66666666666667 87.27272727272727 87.87878787878788 88.48484848484848 89.09090909090909 89.69696969696969 90.3030303030303 90.90909090909091 91.51515151515152 92.12121212121212 92.72727272727272 93.33333333333333 93.93939393939394 94.54545454545455 95.15151515151516 95.75757575757575 96.36363636363636 96.96969696969697 97.57575757575758 98.18181818181817 98.78787878787878 99.39393939393939 100 100.6060606060606 101.2121212121212 101.8181818181818 102.4242424242424 103.030303030303 103.6363636363636 104.2424242424242 104.8484848484848 105.4545454545455 106.0606060606061 106.6666666666667 107.2727272727273 107.8787878787879 108.4848484848485 109.0909090909091 109.6969696969697 110.3030303030303 110.9090909090909 111.5151515151515 112.1212121212121 112.7272727272727 113.3333333333333 113.9393939393939 114.5454545454545 115.1515151515152 115.7575757575758 116.3636363636364 116.969696969697 117.5757575757576 118.1818181818182 118.7878787878788 119.3939393939394 120


# name: y
# type: matrix
# rows: 100
# columns: 1
 280897.1889349729
 273781.963158722
 266949.7940872568
 260394.9364109741
 254111.6448203225
 248094.1740057265
 242336.7786576403
 236833.7134665088
 231579.2331227633
 226567.59231685
 221793.0457391851
 217249.8480802449
 212932.2540304334
 208834.5182802081
 204950.8955200104
 201275.6404402675
 197803.0077314373
 194527.2520839369
 191442.6281882195
 188543.3907347219
 185823.7944138815
 183278.093916138
 180900.543931935
 178685.3991517058
 176626.9142658986
 174719.343964941
 172956.9429392786
 171333.9658793501
 169844.6674755962
 168483.3024184532
 167244.1253983636
 166121.3911057644
 165109.354231096
 164202.2694647969
 163394.3914973073
 162679.9750190664
 162053.2747205139
 161508.545292088
 161040.0414242288
 160642.0178073756
 160308.7291319674
 160034.4300884438
 159813.375367244
 159639.8196588076
 159508.0176535737
 159412.2240419816
 159346.6935144707
 159305.6807614804
 159283.4404734499
 159274.2273408186
 159272.2960540258
 159271.9013035109
 159267.2977797131
 159252.7401730719
 159222.4831740265
 159170.7814730163
 159091.8897604806
 158980.0627268587
 158829.5550625901
 158634.6214581139
 158389.5166038694
 158088.4951902964
 157725.8119078337
 157295.721446921
 156792.4784979969
 156210.3377515014
 155543.5538978744
 154786.3816275541
 153933.0756309798
 152977.8905985931
 151915.0812208294
 150738.9021881307
 149443.6081909366
 148023.4539196851
 146472.6940648181
 144785.5833167672
 142956.3763659835
 140979.3279028981
 138848.692617952
 136558.7252015826
 134103.6803442392
 131477.8127363449
 128675.3770683552
 125690.6280306973
 122517.8203138137
 119151.2086081509
 115585.0476041451
 111813.5919922187
 107831.0964628373
 103631.8157064291
 99210.0044134217
 94559.91727427802
 89675.80897941453
 84551.93421927447
 79182.54768432365
 73561.90406497374
 67684.2580516795
 61543.86433484731
 55134.9776049489
 48451.8525524258


# name: QUERY
# type: sq_string
# elements: 1
# length: 2
R1


# name: DATASIZE
# type: sq_string
# elements: 1
# length: 3
500


