# Created by Octave 4.0.0, Mon May 23 13:46:44 2016 CEST <peter@Independence>
# name: x
# type: matrix
# rows: 1
# columns: 100
 60 60.60606060606061 61.21212121212121 61.81818181818182 62.42424242424242 63.03030303030303 63.63636363636363 64.24242424242425 64.84848484848484 65.45454545454545 66.06060606060606 66.66666666666667 67.27272727272727 67.87878787878788 68.48484848484848 69.09090909090909 69.69696969696969 70.3030303030303 70.90909090909091 71.51515151515152 72.12121212121212 72.72727272727272 73.33333333333333 73.93939393939394 74.54545454545455 75.15151515151516 75.75757575757575 76.36363636363636 76.96969696969697 77.57575757575758 78.18181818181819 78.78787878787878 79.39393939393939 80 80.60606060606061 81.2121212121212 81.81818181818181 82.42424242424242 83.03030303030303 83.63636363636364 84.24242424242424 84.84848484848484 85.45454545454545 86.06060606060606 86.66666666666667 87.27272727272727 87.87878787878788 88.48484848484848 89.09090909090909 89.69696969696969 90.3030303030303 90.90909090909091 91.51515151515152 92.12121212121212 92.72727272727272 93.33333333333333 93.93939393939394 94.54545454545455 95.15151515151516 95.75757575757575 96.36363636363636 96.96969696969697 97.57575757575758 98.18181818181817 98.78787878787878 99.39393939393939 100 100.6060606060606 101.2121212121212 101.8181818181818 102.4242424242424 103.030303030303 103.6363636363636 104.2424242424242 104.8484848484848 105.4545454545455 106.0606060606061 106.6666666666667 107.2727272727273 107.8787878787879 108.4848484848485 109.0909090909091 109.6969696969697 110.3030303030303 110.9090909090909 111.5151515151515 112.1212121212121 112.7272727272727 113.3333333333333 113.9393939393939 114.5454545454545 115.1515151515152 115.7575757575758 116.3636363636364 116.969696969697 117.5757575757576 118.1818181818182 118.7878787878788 119.3939393939394 120


# name: y
# type: matrix
# rows: 100
# columns: 1
 243894.0274759987
 228132.491503229
 213891.9050277283
 201052.5160685223
 189501.7878359878
 179134.1029024357
 169850.4735684838
 161558.2584204015
 154170.8850823416
 147607.5791598308
 141793.0993779053
 136657.478912474
 132135.7729124602
 128167.8122181335
 124697.9632701173
 121674.8942124373
 119051.3471892609
 116783.9168331785
 114832.8349482135
 113161.7613846073
 111737.581107531
 110530.207458615
 109512.3916103178
 108659.5382138191
 107949.5272397057
 107362.5420117723
 106880.9034340674
 106488.9104108426
 106172.686459686
 105920.0325176854
 105720.2859407585
 105564.1856959769
 105443.74374704
 105352.1226328011
 105283.5192388985
 105233.0547624591
 105196.6708698949
 105171.0320477821
 105153.4341468295
 105141.7191189284
 105134.1959472907
 105129.5677696732
 105126.8651946854
 105125.3858111853
 105124.63989076
 105124.3022832918
 105124.1705056105
 105124.1290232317
 105124.1197251799
 105124.1185918985
 105124.1185562448
 105124.118557571
 105124.1187888909
 105124.1221371324
 105124.141816476
 105124.2151947784
 105124.4238130828
 105124.9195982139
 105125.9572684595
 105127.9329323375
 105131.4288804488
 105137.2645704156
 105146.5538049062
 105160.7681027442
 105181.8062631061
 105212.0701228004
 105254.5465066368
 105312.8953708793
 105391.5441397846
 105495.7882352248
 105631.8977994036
 105807.2306106456
 106030.3511922815
 106311.1561146168
 106661.0054899784
 107092.8606608833
 107621.4280811856
 108263.3093905066
 109037.1576815282
 109963.8399605164
 111066.6058008567
 112371.2621898714
 113906.3545681832
 115703.3540630143
 117796.8509137551
 120224.7540910633
 123028.4971089668
 126253.2500301562
 129948.1376637586
 134166.4639574399
 138965.9425812271
 144408.9337048299
 150562.6869693414
 157499.5906498654
 165297.427012092
 174039.6338636304
 183815.5722949624
 194720.8006180787
 206857.354492025
 220334.0332479046


# name: QUERY
# type: sq_string
# elements: 1
# length: 2
R1


# name: DATASIZE
# type: sq_string
# elements: 1
# length: 3
500


