# Created by Octave 3.8.2, Mon May 23 11:18:13 2016 CEST <Andrea@Andreas-MacBook-Pro.local>
# name: x
# type: matrix
# rows: 1
# columns: 100
 60 60.6060606060606 61.21212121212121 61.81818181818182 62.42424242424243 63.03030303030303 63.63636363636364 64.24242424242425 64.84848484848484 65.45454545454545 66.06060606060606 66.66666666666667 67.27272727272728 67.87878787878788 68.48484848484848 69.09090909090909 69.6969696969697 70.30303030303031 70.90909090909091 71.51515151515152 72.12121212121212 72.72727272727273 73.33333333333333 73.93939393939394 74.54545454545455 75.15151515151516 75.75757575757576 76.36363636363636 76.96969696969697 77.57575757575758 78.18181818181819 78.78787878787878 79.39393939393939 80 80.60606060606061 81.21212121212122 81.81818181818183 82.42424242424242 83.03030303030303 83.63636363636364 84.24242424242425 84.84848484848484 85.45454545454545 86.06060606060606 86.66666666666667 87.27272727272728 87.87878787878788 88.48484848484848 89.09090909090909 89.6969696969697 90.30303030303031 90.90909090909091 91.51515151515152 92.12121212121212 92.72727272727273 93.33333333333334 93.93939393939394 94.54545454545455 95.15151515151516 95.75757575757576 96.36363636363636 96.96969696969697 97.57575757575758 98.18181818181819 98.7878787878788 99.39393939393939 100 100.6060606060606 101.2121212121212 101.8181818181818 102.4242424242424 103.030303030303 103.6363636363636 104.2424242424242 104.8484848484849 105.4545454545455 106.0606060606061 106.6666666666667 107.2727272727273 107.8787878787879 108.4848484848485 109.0909090909091 109.6969696969697 110.3030303030303 110.9090909090909 111.5151515151515 112.1212121212121 112.7272727272727 113.3333333333333 113.9393939393939 114.5454545454545 115.1515151515152 115.7575757575758 116.3636363636364 116.969696969697 117.5757575757576 118.1818181818182 118.7878787878788 119.3939393939394 120


# name: y
# type: matrix
# rows: 100
# columns: 1
 969510.0724789966
 965451.7496800842
 961372.1252137972
 957272.6388627919
 953154.7686706637
 949020.0302930656
 944869.9762963331
 940706.1954036544
 936530.3116889107
 932343.9837183862
 928148.9036406447
 923946.7962249374
 919739.4178486029
 915528.5554340009
 911316.0253356097
 907103.6721779967
 902893.3676454694
 898687.0092242849
 894486.5188983954
 890293.8417997833
 886110.9448145255
 881939.8151458155
 877782.4588352456
 873640.8992437401
 869517.1754936082
 865413.3408732614
 861331.4612062215
 857273.6131861169
 853241.8826794391
 849238.3629979021
 845265.1531423138
 841324.3560199407
 837418.0766374003
 833548.4202711849
 829717.4906179742
 825927.3879269464
 822180.2071163527
 818478.0358766653
 814822.9527626508
 811217.0252767673
 807662.3079463122
 804160.8403967894
 800714.6454239821
 797325.7270672549
 793996.0686866185
 790727.6310461115
 787522.3504060665
 784382.1366268327
 781308.8712865313
 778304.4058154192
 775370.5596494297
 772509.1184054525
 769721.832080889
 767010.41328002
 764376.5354696745
 761821.831266681
 759347.8907595353
 756956.2598666922
 754648.4387338377
 752425.880172458
 750289.9881419707
 748242.1162776265
 746283.5664663333
 744415.5874724926
 742639.3736158676
 740956.0635034367
 739366.7388171104
 737872.4231591101
 736474.0809567287
 735172.6164281073
 733968.8726105767
 732863.6304530175
 731857.6079736059
 730951.4594842116
 730145.7748826151
 729441.0790136181
 728837.8311000098
 728336.4242442525
 727937.1850016415
 727640.373025588
 727446.1807855656
 727354.7333581477
 727366.0882914541
 727480.235543218
 727697.0974925639
 728016.5290254818
 728438.3176938718
 728962.1839479127
 729587.78144141
 730314.697409656
 731142.4531192324
 732070.5043890742
 733098.2421820086
 734224.9932658728
 735450.0209432157
 736772.5258484819
 738191.6468114797
 739706.4617858352
 741315.9888410391
 743019.1872166027


# name: TRAIN_QUERIES
# type: cell
# rows: 1
# columns: 1
# name: <cell-element>
# type: sq_string
# elements: 1
# length: 2
R2





# name: TEST_QUERIES
# type: cell
# rows: 1
# columns: 1
# name: <cell-element>
# type: sq_string
# elements: 1
# length: 2
R5





# name: DATASIZE
# type: sq_string
# elements: 1
# length: 4
1000


