# Created by Octave 3.8.2, Mon May 23 11:18:13 2016 CEST <Andrea@Andreas-MacBook-Pro.local>
# name: x
# type: matrix
# rows: 1
# columns: 100
 60 60.6060606060606 61.21212121212121 61.81818181818182 62.42424242424243 63.03030303030303 63.63636363636364 64.24242424242425 64.84848484848484 65.45454545454545 66.06060606060606 66.66666666666667 67.27272727272728 67.87878787878788 68.48484848484848 69.09090909090909 69.6969696969697 70.30303030303031 70.90909090909091 71.51515151515152 72.12121212121212 72.72727272727273 73.33333333333333 73.93939393939394 74.54545454545455 75.15151515151516 75.75757575757576 76.36363636363636 76.96969696969697 77.57575757575758 78.18181818181819 78.78787878787878 79.39393939393939 80 80.60606060606061 81.21212121212122 81.81818181818183 82.42424242424242 83.03030303030303 83.63636363636364 84.24242424242425 84.84848484848484 85.45454545454545 86.06060606060606 86.66666666666667 87.27272727272728 87.87878787878788 88.48484848484848 89.09090909090909 89.6969696969697 90.30303030303031 90.90909090909091 91.51515151515152 92.12121212121212 92.72727272727273 93.33333333333334 93.93939393939394 94.54545454545455 95.15151515151516 95.75757575757576 96.36363636363636 96.96969696969697 97.57575757575758 98.18181818181819 98.7878787878788 99.39393939393939 100 100.6060606060606 101.2121212121212 101.8181818181818 102.4242424242424 103.030303030303 103.6363636363636 104.2424242424242 104.8484848484849 105.4545454545455 106.0606060606061 106.6666666666667 107.2727272727273 107.8787878787879 108.4848484848485 109.0909090909091 109.6969696969697 110.3030303030303 110.9090909090909 111.5151515151515 112.1212121212121 112.7272727272727 113.3333333333333 113.9393939393939 114.5454545454545 115.1515151515152 115.7575757575758 116.3636363636364 116.969696969697 117.5757575757576 118.1818181818182 118.7878787878788 119.3939393939394 120


# name: y
# type: matrix
# rows: 1
# columns: 100
 398047.5499727154 398425.4773039658 398803.4046352162 399181.3319664667 399559.2592977171 399937.1866289676 400315.113960218 400693.0412914684 401070.9686227189 401448.8959539693 401826.8232852197 402204.7506164702 402582.6779477206 402960.605278971 403338.5326102215 403716.4599414719 404094.3872727224 404472.3146039728 404850.2419352232 405228.1692664737 405606.0965977241 405984.0239289745 406361.951260225 406739.8785914754 407117.8059227258 407495.7332539763 407873.6605852267 408251.5879164772 408629.5152477276 409007.442578978 409385.3699102285 409763.2972414789 410141.2245727293 410519.1519039798 410897.0792352302 411275.0065664806 411652.9338977311 412030.8612289815 412408.788560232 412786.7158914824 413164.6432227328 413542.5705539833 413920.4978852337 414298.4252164841 414676.3525477346 415054.279878985 415432.2072102355 415810.1345414859 416188.0618727363 416565.9892039868 416943.9165352372 417321.8438664876 417699.7711977381 418077.6985289885 418455.6258602389 418833.5531914894 419211.4805227398 419589.4078539903 419967.3351852407 420345.2625164911 420723.1898477416 421101.117178992 421479.0445102424 421856.9718414929 422234.8991727433 422612.8265039937 422990.7538352442 423368.6811664946 423746.6084977451 424124.5358289955 424502.4631602459 424880.3904914964 425258.3178227468 425636.2451539972 426014.1724852477 426392.0998164981 426770.0271477485 427147.954478999 427525.8818102494 427903.8091414999 428281.7364727503 428659.6638040007 429037.5911352512 429415.5184665016 429793.445797752 430171.3731290025 430549.3004602529 430927.2277915033 431305.1551227538 431683.0824540042 432061.0097852547 432438.9371165051 432816.8644477555 433194.791779006 433572.7191102564 433950.6464415068 434328.5737727573 434706.5011040077 435084.4284352581 435462.3557665086


# name: TRAIN_QUERIES
# type: cell
# rows: 1
# columns: 1
# name: <cell-element>
# type: sq_string
# elements: 1
# length: 2
R2





# name: TEST_QUERIES
# type: cell
# rows: 1
# columns: 1
# name: <cell-element>
# type: sq_string
# elements: 1
# length: 2
R5





# name: DATASIZE
# type: sq_string
# elements: 1
# length: 4
1000


