# Created by Octave 3.8.2, Mon May 23 11:18:13 2016 CEST <Andrea@Andreas-MacBook-Pro.local>
# name: x
# type: matrix
# rows: 1
# columns: 100
 60 60.6060606060606 61.21212121212121 61.81818181818182 62.42424242424243 63.03030303030303 63.63636363636364 64.24242424242425 64.84848484848484 65.45454545454545 66.06060606060606 66.66666666666667 67.27272727272728 67.87878787878788 68.48484848484848 69.09090909090909 69.6969696969697 70.30303030303031 70.90909090909091 71.51515151515152 72.12121212121212 72.72727272727273 73.33333333333333 73.93939393939394 74.54545454545455 75.15151515151516 75.75757575757576 76.36363636363636 76.96969696969697 77.57575757575758 78.18181818181819 78.78787878787878 79.39393939393939 80 80.60606060606061 81.21212121212122 81.81818181818183 82.42424242424242 83.03030303030303 83.63636363636364 84.24242424242425 84.84848484848484 85.45454545454545 86.06060606060606 86.66666666666667 87.27272727272728 87.87878787878788 88.48484848484848 89.09090909090909 89.6969696969697 90.30303030303031 90.90909090909091 91.51515151515152 92.12121212121212 92.72727272727273 93.33333333333334 93.93939393939394 94.54545454545455 95.15151515151516 95.75757575757576 96.36363636363636 96.96969696969697 97.57575757575758 98.18181818181819 98.7878787878788 99.39393939393939 100 100.6060606060606 101.2121212121212 101.8181818181818 102.4242424242424 103.030303030303 103.6363636363636 104.2424242424242 104.8484848484849 105.4545454545455 106.0606060606061 106.6666666666667 107.2727272727273 107.8787878787879 108.4848484848485 109.0909090909091 109.6969696969697 110.3030303030303 110.9090909090909 111.5151515151515 112.1212121212121 112.7272727272727 113.3333333333333 113.9393939393939 114.5454545454545 115.1515151515152 115.7575757575758 116.3636363636364 116.969696969697 117.5757575757576 118.1818181818182 118.7878787878788 119.3939393939394 120


# name: y
# type: matrix
# rows: 100
# columns: 1
 362915.4129049532
 363931.3714917532
 364947.3300785529
 365963.2886653528
 366979.2472521524
 367995.2058389522
 369011.1644257518
 370027.1230125516
 371043.0815993513
 372059.0401861513
 373074.9987729508
 374090.9573597506
 375106.9159465504
 376122.8745333501
 377138.8331201499
 378154.7917069496
 379170.7502937494
 380186.7088805492
 381202.6674673489
 382218.6260541485
 383234.5846409484
 384250.543227748
 385266.5018145478
 386282.4604013475
 387298.4189881473
 388314.377574947
 389330.3361617469
 390346.2947485467
 391362.2533353464
 392378.2119221461
 393394.1705089458
 394410.1290957455
 395426.0876825452
 396442.0462693452
 397458.0048561448
 398473.9634429446
 399489.9220297443
 400505.880616544
 401521.8392033437
 402537.7977901435
 403553.7563769433
 404569.7149637431
 405585.6735505428
 406601.6321373426
 407617.5907241423
 408633.549310942
 409649.5078977417
 410665.4664845415
 411681.4250713413
 412697.383658141
 413713.3422449408
 414729.3008317405
 415745.2594185403
 416761.21800534
 417777.1765921398
 418793.1351789395
 419809.0937657392
 420825.052352539
 421841.0109393387
 422856.9695261385
 423872.9281129382
 424888.8866997379
 425904.8452865377
 426920.8038733375
 427936.7624601373
 428952.721046937
 429968.6796337367
 430984.6382205365
 432000.5968073362
 433016.5553941359
 434032.5139809357
 435048.4725677355
 436064.4311545352
 437080.3897413349
 438096.3483281347
 439112.3069149344
 440128.2655017341
 441144.2240885339
 442160.1826753336
 443176.1412621334
 444192.0998489331
 445208.0584357328
 446224.0170225325
 447239.9756093325
 448255.9341961321
 449271.8927829319
 450287.8513697317
 451303.8099565314
 452319.7685433311
 453335.7271301308
 454351.6857169305
 455367.6443037303
 456383.60289053
 457399.5614773299
 458415.5200641296
 459431.4786509293
 460447.4372377291
 461463.3958245288
 462479.3544113286
 463495.3129981282


# name: TRAIN_QUERIES
# type: cell
# rows: 1
# columns: 1
# name: <cell-element>
# type: sq_string
# elements: 1
# length: 2
R2





# name: TEST_QUERIES
# type: cell
# rows: 1
# columns: 1
# name: <cell-element>
# type: sq_string
# elements: 1
# length: 2
R5





# name: DATASIZE
# type: sq_string
# elements: 1
# length: 4
1000


