# Created by Octave 3.8.2, Mon May 23 11:18:13 2016 CEST <Andrea@Andreas-MacBook-Pro.local>
# name: SVs
# type: cell
# rows: 1
# columns: 7
# name: <cell-element>
# type: sparse matrix
# nnz: 42
# rows: 6
# columns: 7
1 1 0.5242886170404298
2 1 3.566938213447474
3 1 0.3293670133308423
4 1 -0.002141895125810422
5 1 -0.04039021414824909
6 1 1.961763362890526
1 2 1.370957992201392
2 2 3.319758449034977
3 2 0.7981463449271354
4 2 0.4055232390347865
5 2 0.3231814197792872
6 2 1.668081565452054
1 3 1.138825177780246
2 3 1.102734710982999
3 3 1.398918485983871
4 3 1.139026800499784
5 3 1.180359458005011
6 3 1.108581769849592
1 4 1.455916747814836
2 4 0.75950419508669
3 4 1.982028910481563
4 4 0.9959802431646105
5 4 1.362298577587702
6 4 0.9768488917949114
1 5 1.886995857707198
2 5 2.409262190863563
3 5 1.211815754771245
4 5 0.6128940703136716
5 5 0.63820313798378
6 5 1.736871132464168
1 6 1.776555126763203
2 6 2.592297265876745
3 6 1.180431452457796
4 6 0.6252204072149163
5 6 0.6219301880168425
6 6 1.641815028385023
1 7 1.265815541168315
2 7 -1.582269426460393
3 7 1.265815541168315
4 7 0.3164538852920789
5 7 1.265815541168315
6 7 -0.632907770584157



# name: <cell-element>
# type: sparse matrix
# nnz: 84
# rows: 12
# columns: 7
1 1 1.806203765015746
2 1 0.03700441642517899
3 1 -0.1074139114017479
4 1 0.5242886170404298
5 1 1.742089739631718
6 1 3.299446488043339
7 1 1.961763362890526
8 1 1.362309330841303
9 1 3.752448503303917
10 1 0.06758898548581932
11 1 -0.1563324945869661
12 1 0.3363616708203871
1 2 1.433207220047664
2 2 0.8385217150358542
3 2 0.1029886054403955
4 2 1.370957992201392
5 2 1.425680905939048
6 2 3.279496727428977
7 2 1.668081565452054
8 2 1.498469292894581
9 2 3.337313663669219
10 2 0.67773227726087
11 2 0.2099295271414985
12 2 1.763731856311633
1 3 1.204352561629997
2 3 1.208183393301213
3 3 1.161608545088006
4 3 1.138825177780246
5 3 1.015028827984102
6 3 1.123703473814919
7 3 1.108581769849592
8 3 1.078741607358013
9 3 1.090637347810737
10 3 1.401539581337861
11 3 1.046078726792907
12 3 1.398918485983871
1 4 1.642525830847148
2 4 1.137269977460504
3 4 0.8071757591554485
4 4 1.455916747814836
5 4 0.7286117670552906
6 4 1.139779007148333
7 4 0.9768488917949114
8 4 0.8802512488134797
9 4 0.7478999327804791
10 4 2.000846633140283
11 4 0.8084302739993632
12 4 1.924164413305998
1 5 1.50905535040871
2 5 1.018824913357
3 5 0.2374771094384596
4 5 1.886995857707198
5 5 1.256161825771944
6 5 2.596709116229173
7 5 1.736871132464168
8 5 1.463571054823346
9 5 2.236181079251292
10 5 0.8865306208109308
11 5 0.2704409345925061
12 5 2.076774434820148
1 6 1.410204130155083
2 6 1.087109982677063
3 6 0.2501280853079014
4 6 1.776555126763203
5 6 1.334558421905756
6 6 2.782186424676726
7 6 1.641815028385023
8 6 1.482503397035789
9 6 2.418646536595935
10 6 0.9566329914916326
11 6 0.2779140597689012
12 6 1.958296959718325
1 7 -0.632907770584157
2 7 1.265815541168315
3 7 0.3164538852920789
4 7 1.265815541168315
5 7 -0.632907770584157
6 7 -1.582269426460393
7 7 -0.632907770584157
8 7 -0.632907770584157
9 7 -1.582269426460393
10 7 1.265815541168315
11 7 1.265815541168315
12 7 1.265815541168315



# name: <cell-element>
# type: sparse matrix
# nnz: 126
# rows: 18
# columns: 7
1 1 1.806203765015746
2 1 0.03700441642517899
3 1 2.360392810932187
4 1 -0.1074139114017479
5 1 0.5242886170404298
6 1 1.742089739631718
7 1 0.6922132198794205
8 1 3.299446488043339
9 1 1.961763362890526
10 1 1.362309330841303
11 1 0.08921563888174994
12 1 1.784405436577592
13 1 3.752448503303917
14 1 0.06758898548581932
15 1 -0.1563324945869661
16 1 1.52463468614933
17 1 -0.1031836622844083
18 1 0.3363616708203871
1 2 1.433207220047664
2 2 0.8385217150358542
3 2 1.624197007902245
4 2 0.1029886054403955
5 2 1.370957992201392
6 2 1.425680905939048
7 2 0.7590303857771159
8 2 3.279496727428977
9 2 1.668081565452054
10 2 1.498469292894581
11 2 0.6998728610762324
12 2 1.472726747350195
13 2 3.337313663669219
14 2 0.67773227726087
15 2 0.2099295271414985
16 2 1.523643595925373
17 2 0.08843000030640952
18 2 1.763731856311633
1 3 1.204352561629997
2 3 1.208183393301213
3 3 1.157374467977714
4 3 1.161608545088006
5 3 1.138825177780246
6 3 1.015028827984102
7 3 1.099105502031321
8 3 1.123703473814919
9 3 1.108581769849592
10 3 1.078741607358013
11 3 1.074910775686797
12 3 1.026118077558675
13 3 1.090637347810737
14 3 1.401539581337861
15 3 1.046078726792907
16 3 1.174512399138418
17 3 1.084588666224606
18 3 1.398918485983871
1 4 1.642525830847148
2 4 1.137269977460504
3 4 0.851083778692463
4 4 0.8071757591554485
5 4 1.455916747814836
6 4 0.7286117670552906
7 4 1.899544559494172
8 4 1.139779007148333
9 4 0.9768488917949114
10 4 0.8802512488134797
11 4 0.933881758390833
12 4 0.9423497335872573
13 4 0.7478999327804791
14 4 2.000846633140283
15 4 0.8084302739993632
16 4 0.8501428925595269
17 4 0.8043531007566405
18 4 1.924164413305998
1 5 1.50905535040871
2 5 1.018824913357
3 5 1.542933961141194
4 5 0.2374771094384596
5 5 1.886995857707198
6 5 1.256161825771944
7 5 0.5863021998783977
8 5 2.596709116229173
9 5 1.736871132464168
10 5 1.463571054823346
11 5 0.8491269311684325
12 5 1.396891597976651
13 5 2.236181079251292
14 5 0.8865306208109308
15 5 0.2704409345925061
16 5 1.485807178984277
17 5 0.2063770284657702
18 5 2.076774434820148
1 6 1.410204130155083
2 6 1.087109982677063
3 6 1.613535276600093
4 6 0.2501280853079014
5 6 1.776555126763203
6 6 1.334558421905756
7 6 0.5809344479195936
8 6 2.782186424676726
9 6 1.641815028385023
10 6 1.482503397035789
11 6 0.860422191033245
12 6 1.310179999868318
13 6 2.418646536595935
14 6 0.9566329914916326
15 6 0.2779140597689012
16 6 1.424929449953892
17 6 0.2385976514614568
18 6 1.958296959718325
1 7 -0.632907770584157
2 7 1.265815541168315
3 7 -0.632907770584157
4 7 0.3164538852920789
5 7 1.265815541168315
6 7 -0.632907770584157
7 7 -0.632907770584157
8 7 -1.582269426460393
9 7 -0.632907770584157
10 7 -0.632907770584157
11 7 0.3164538852920789
12 7 -0.632907770584157
13 7 -1.582269426460393
14 7 1.265815541168315
15 7 1.265815541168315
16 7 -0.632907770584157
17 7 0.3164538852920789
18 7 1.265815541168315



