# Created by Octave 3.8.2, Mon May 23 11:18:06 2016 CEST <Andrea@Andreas-MacBook-Pro.local>
# name: mu
# type: matrix
# rows: 1
# columns: 8
 418833.5531914894 162404.5815602837 348672.0567375887 5904.702127659574 7937.666666666667 310186.6666666667 335099.7801418439 93.33333333333333


# name: sigma
# type: matrix
# rows: 1
# columns: 8
 481641.5686811605 227173.3823100182 431153.9424437597 4959.758514779124 6376.967190787555 380417.0159682036 409091.285099777 21.06678722087267


