# Created by Octave 3.8.2, Mon May 23 11:18:13 2016 CEST <Andrea@Andreas-MacBook-Pro.local>
# name: x
# type: matrix
# rows: 1
# columns: 100
 60 60.6060606060606 61.21212121212121 61.81818181818182 62.42424242424243 63.03030303030303 63.63636363636364 64.24242424242425 64.84848484848484 65.45454545454545 66.06060606060606 66.66666666666667 67.27272727272728 67.87878787878788 68.48484848484848 69.09090909090909 69.6969696969697 70.30303030303031 70.90909090909091 71.51515151515152 72.12121212121212 72.72727272727273 73.33333333333333 73.93939393939394 74.54545454545455 75.15151515151516 75.75757575757576 76.36363636363636 76.96969696969697 77.57575757575758 78.18181818181819 78.78787878787878 79.39393939393939 80 80.60606060606061 81.21212121212122 81.81818181818183 82.42424242424242 83.03030303030303 83.63636363636364 84.24242424242425 84.84848484848484 85.45454545454545 86.06060606060606 86.66666666666667 87.27272727272728 87.87878787878788 88.48484848484848 89.09090909090909 89.6969696969697 90.30303030303031 90.90909090909091 91.51515151515152 92.12121212121212 92.72727272727273 93.33333333333334 93.93939393939394 94.54545454545455 95.15151515151516 95.75757575757576 96.36363636363636 96.96969696969697 97.57575757575758 98.18181818181819 98.7878787878788 99.39393939393939 100 100.6060606060606 101.2121212121212 101.8181818181818 102.4242424242424 103.030303030303 103.6363636363636 104.2424242424242 104.8484848484849 105.4545454545455 106.0606060606061 106.6666666666667 107.2727272727273 107.8787878787879 108.4848484848485 109.0909090909091 109.6969696969697 110.3030303030303 110.9090909090909 111.5151515151515 112.1212121212121 112.7272727272727 113.3333333333333 113.9393939393939 114.5454545454545 115.1515151515152 115.7575757575758 116.3636363636364 116.969696969697 117.5757575757576 118.1818181818182 118.7878787878788 119.3939393939394 120


# name: y
# type: matrix
# rows: 100
# columns: 1
 712258.311268811
 712259.5072943163
 712260.5975577242
 712261.5896770393
 712262.4908510956
 712263.3078752235
 712264.0471566176
 712264.7147294073
 712265.3162694278
 712265.8571086924
 712266.3422495684
 712266.7763786528
 712267.1638803495
 712267.5088501496
 712267.8151076115
 712268.0862090441
 712268.3254598908
 712268.5359268144
 712268.720449486
 712268.8816520724
 712269.0219544272
 712269.1435829832
 712269.2485813448
 712269.3388205853
 712269.4160092415
 712269.4817030136
 712269.5373141649
 712269.584120623
 712269.6232747831
 712269.6558120131
 712269.6826588598
 712269.7046409564
 712269.7224906327
 712269.7368542259
 712269.748299093
 712269.7573203256
 712269.7643471658
 712269.7697491229
 712269.7738417934
 712269.776892381
 712269.7791249189
 712269.7807251941
 712269.7818453721
 712269.7826083243
 712269.7831116567
 712269.7834314394
 712269.7836256394
 712269.7837372528
 712269.7837971405
 712269.7838265644
 712269.7838394257
 712269.7838442039
 712269.7838455995
 712269.7838458751
 712269.7838459011
 712269.7838459016
 712269.7838459011
 712269.7838458751
 712269.7838455995
 712269.7838442039
 712269.7838394257
 712269.7838265644
 712269.7837971405
 712269.7837372528
 712269.7836256394
 712269.7834314394
 712269.7831116567
 712269.7826083243
 712269.7818453721
 712269.7807251941
 712269.7791249189
 712269.776892381
 712269.7738417934
 712269.7697491229
 712269.7643471658
 712269.7573203256
 712269.748299093
 712269.7368542259
 712269.7224906327
 712269.7046409564
 712269.6826588598
 712269.6558120131
 712269.6232747831
 712269.584120623
 712269.5373141649
 712269.4817030136
 712269.4160092415
 712269.3388205853
 712269.2485813448
 712269.1435829832
 712269.0219544272
 712268.8816520724
 712268.720449486
 712268.5359268144
 712268.3254598908
 712268.0862090441
 712267.8151076115
 712267.5088501496
 712267.1638803495
 712266.7763786528


# name: TRAIN_QUERIES
# type: cell
# rows: 1
# columns: 1
# name: <cell-element>
# type: sq_string
# elements: 1
# length: 2
R2





# name: TEST_QUERIES
# type: cell
# rows: 1
# columns: 1
# name: <cell-element>
# type: sq_string
# elements: 1
# length: 2
R5





# name: DATASIZE
# type: sq_string
# elements: 1
# length: 4
1000


