# Created by Octave 3.8.2, Mon May 23 11:18:13 2016 CEST <Andrea@Andreas-MacBook-Pro.local>
# name: x
# type: matrix
# rows: 1
# columns: 100
 60 60.6060606060606 61.21212121212121 61.81818181818182 62.42424242424243 63.03030303030303 63.63636363636364 64.24242424242425 64.84848484848484 65.45454545454545 66.06060606060606 66.66666666666667 67.27272727272728 67.87878787878788 68.48484848484848 69.09090909090909 69.6969696969697 70.30303030303031 70.90909090909091 71.51515151515152 72.12121212121212 72.72727272727273 73.33333333333333 73.93939393939394 74.54545454545455 75.15151515151516 75.75757575757576 76.36363636363636 76.96969696969697 77.57575757575758 78.18181818181819 78.78787878787878 79.39393939393939 80 80.60606060606061 81.21212121212122 81.81818181818183 82.42424242424242 83.03030303030303 83.63636363636364 84.24242424242425 84.84848484848484 85.45454545454545 86.06060606060606 86.66666666666667 87.27272727272728 87.87878787878788 88.48484848484848 89.09090909090909 89.6969696969697 90.30303030303031 90.90909090909091 91.51515151515152 92.12121212121212 92.72727272727273 93.33333333333334 93.93939393939394 94.54545454545455 95.15151515151516 95.75757575757576 96.36363636363636 96.96969696969697 97.57575757575758 98.18181818181819 98.7878787878788 99.39393939393939 100 100.6060606060606 101.2121212121212 101.8181818181818 102.4242424242424 103.030303030303 103.6363636363636 104.2424242424242 104.8484848484849 105.4545454545455 106.0606060606061 106.6666666666667 107.2727272727273 107.8787878787879 108.4848484848485 109.0909090909091 109.6969696969697 110.3030303030303 110.9090909090909 111.5151515151515 112.1212121212121 112.7272727272727 113.3333333333333 113.9393939393939 114.5454545454545 115.1515151515152 115.7575757575758 116.3636363636364 116.969696969697 117.5757575757576 118.1818181818182 118.7878787878788 119.3939393939394 120


# name: y
# type: matrix
# rows: 100
# columns: 1
 624530.8446134711
 624056.5452079412
 623599.4911180204
 623159.3629860121
 622735.8414542199
 622328.6071649473
 621937.3407604978
 621561.722883175
 621201.4341752825
 620856.1552791236
 620525.5668370019
 620209.3494912211
 619907.1838840848
 619618.7506578963
 619343.7304549592
 619081.803917577
 618832.6516880535
 618595.9544086918
 618371.3927217959
 618158.647269669
 617957.3986946148
 617767.3276389368
 617588.1147449384
 617419.4406549234
 617260.9860111952
 617112.4314560574
 616973.4576318134
 616843.7451807668
 616722.9747452212
 616610.82696748
 616506.9824898469
 616411.1219546255
 616322.926004119
 616242.0752806312
 616168.2504264655
 616101.1320839257
 616040.400895315
 615985.7375029372
 615936.8225490956
 615893.336676094
 615854.9605262356
 615821.3747418243
 615792.2599651635
 615767.2968385566
 615746.1660043075
 615728.5481047193
 615714.1237820957
 615702.5736787403
 615693.5784369565
 615686.8186990481
 615681.9751073185
 615678.7283040711
 615676.7589316096
 615675.7476322374
 615675.3750482582
 615675.3218219755
 615675.2685956927
 615674.8960117134
 615673.8847123414
 615671.9153398798
 615668.6685366324
 615663.8249449028
 615657.0652069943
 615648.0699652106
 615636.5198618553
 615622.0955392317
 615604.4776396435
 615583.3468053942
 615558.3836787874
 615529.2689021265
 615495.6831177152
 615457.3069678569
 615413.8210948553
 615364.9061410137
 615310.2427486359
 615249.5115600253
 615182.3932174854
 615108.5683633197
 615027.7176398319
 614939.5216893255
 614843.6611541039
 614739.8166764709
 614627.6688987297
 614506.8984631841
 614377.1860121374
 614238.2121878935
 614089.6576327556
 613931.2029890274
 613762.5288990124
 613583.3160050141
 613393.2449493362
 613191.9963742818
 612979.250922155
 612754.6892352591
 612517.9919558974
 612268.8397263738
 612006.9131889917
 611731.8929860546
 611443.4597598661
 611141.2941527297


# name: TRAIN_QUERIES
# type: cell
# rows: 1
# columns: 1
# name: <cell-element>
# type: sq_string
# elements: 1
# length: 2
R2





# name: TEST_QUERIES
# type: cell
# rows: 1
# columns: 1
# name: <cell-element>
# type: sq_string
# elements: 1
# length: 2
R5





# name: DATASIZE
# type: sq_string
# elements: 1
# length: 4
1000


