# Created by Octave 3.8.2, Mon May 23 11:18:13 2016 CEST <Andrea@Andreas-MacBook-Pro.local>
# name: x
# type: matrix
# rows: 1
# columns: 100
 60 60.6060606060606 61.21212121212121 61.81818181818182 62.42424242424243 63.03030303030303 63.63636363636364 64.24242424242425 64.84848484848484 65.45454545454545 66.06060606060606 66.66666666666667 67.27272727272728 67.87878787878788 68.48484848484848 69.09090909090909 69.6969696969697 70.30303030303031 70.90909090909091 71.51515151515152 72.12121212121212 72.72727272727273 73.33333333333333 73.93939393939394 74.54545454545455 75.15151515151516 75.75757575757576 76.36363636363636 76.96969696969697 77.57575757575758 78.18181818181819 78.78787878787878 79.39393939393939 80 80.60606060606061 81.21212121212122 81.81818181818183 82.42424242424242 83.03030303030303 83.63636363636364 84.24242424242425 84.84848484848484 85.45454545454545 86.06060606060606 86.66666666666667 87.27272727272728 87.87878787878788 88.48484848484848 89.09090909090909 89.6969696969697 90.30303030303031 90.90909090909091 91.51515151515152 92.12121212121212 92.72727272727273 93.33333333333334 93.93939393939394 94.54545454545455 95.15151515151516 95.75757575757576 96.36363636363636 96.96969696969697 97.57575757575758 98.18181818181819 98.7878787878788 99.39393939393939 100 100.6060606060606 101.2121212121212 101.8181818181818 102.4242424242424 103.030303030303 103.6363636363636 104.2424242424242 104.8484848484849 105.4545454545455 106.0606060606061 106.6666666666667 107.2727272727273 107.8787878787879 108.4848484848485 109.0909090909091 109.6969696969697 110.3030303030303 110.9090909090909 111.5151515151515 112.1212121212121 112.7272727272727 113.3333333333333 113.9393939393939 114.5454545454545 115.1515151515152 115.7575757575758 116.3636363636364 116.969696969697 117.5757575757576 118.1818181818182 118.7878787878788 119.3939393939394 120


# name: y
# type: matrix
# rows: 100
# columns: 1
 624318.5261634812
 622791.6440099006
 621292.7780426244
 619821.9282616522
 618379.0946669844
 616964.2772586208
 615577.4760365614
 614218.6910008063
 612887.9221513553
 611585.1694882086
 610310.4330113662
 609063.7127208279
 607845.0086165939
 606654.3206986642
 605491.6489670386
 604356.9934217173
 603250.3540627002
 602171.7308899873
 601121.1239035787
 600098.5331034743
 599103.9584896741
 598137.4000621783
 597198.8578209865
 596288.331766099
 595405.8218975158
 594551.3282152368
 593724.8507192619
 592926.3894095914
 592155.9442862251
 591413.515349163
 590699.1025984051
 590012.7060339515
 589354.325655802
 588723.9614639569
 588121.613458416
 587547.2816391792
 587000.9660062467
 586482.6665596184
 585992.3832992945
 585530.1162252746
 585095.8653375591
 584689.6306361478
 584311.4121210406
 583961.2097922377
 583639.0236497391
 583344.8536935447
 583078.6999236546
 582840.5623400686
 582630.4409427869
 582448.3357318094
 582294.246707136
 582168.1738687671
 582070.1172167023
 582000.0767509417
 581958.0524714853
 581944.0443783333
 581958.0524714853
 582000.0767509417
 582070.1172167023
 582168.1738687671
 582294.246707136
 582448.3357318094
 582630.4409427869
 582840.5623400686
 583078.6999236546
 583344.8536935447
 583639.0236497391
 583961.2097922377
 584311.4121210406
 584689.6306361478
 585095.8653375591
 585530.1162252747
 585992.3832992945
 586482.6665596185
 587000.9660062467
 587547.2816391792
 588121.613458416
 588723.961463957
 589354.3256558022
 590012.7060339515
 590699.1025984052
 591413.515349163
 592155.9442862251
 592926.3894095914
 593724.850719262
 594551.3282152368
 595405.8218975158
 596288.3317660991
 597198.8578209865
 598137.4000621783
 599103.9584896741
 600098.5331034744
 601121.1239035787
 602171.7308899874
 603250.3540627002
 604356.9934217173
 605491.6489670386
 606654.3206986642
 607845.0086165939
 609063.712720828


# name: TRAIN_QUERIES
# type: cell
# rows: 1
# columns: 1
# name: <cell-element>
# type: sq_string
# elements: 1
# length: 2
R2





# name: TEST_QUERIES
# type: cell
# rows: 1
# columns: 1
# name: <cell-element>
# type: sq_string
# elements: 1
# length: 2
R5





# name: DATASIZE
# type: sq_string
# elements: 1
# length: 4
1000


