# Created by Octave 3.8.2, Mon May 23 11:18:13 2016 CEST <Andrea@Andreas-MacBook-Pro.local>
# name: x
# type: matrix
# rows: 1
# columns: 100
 60 60.6060606060606 61.21212121212121 61.81818181818182 62.42424242424243 63.03030303030303 63.63636363636364 64.24242424242425 64.84848484848484 65.45454545454545 66.06060606060606 66.66666666666667 67.27272727272728 67.87878787878788 68.48484848484848 69.09090909090909 69.6969696969697 70.30303030303031 70.90909090909091 71.51515151515152 72.12121212121212 72.72727272727273 73.33333333333333 73.93939393939394 74.54545454545455 75.15151515151516 75.75757575757576 76.36363636363636 76.96969696969697 77.57575757575758 78.18181818181819 78.78787878787878 79.39393939393939 80 80.60606060606061 81.21212121212122 81.81818181818183 82.42424242424242 83.03030303030303 83.63636363636364 84.24242424242425 84.84848484848484 85.45454545454545 86.06060606060606 86.66666666666667 87.27272727272728 87.87878787878788 88.48484848484848 89.09090909090909 89.6969696969697 90.30303030303031 90.90909090909091 91.51515151515152 92.12121212121212 92.72727272727273 93.33333333333334 93.93939393939394 94.54545454545455 95.15151515151516 95.75757575757576 96.36363636363636 96.96969696969697 97.57575757575758 98.18181818181819 98.7878787878788 99.39393939393939 100 100.6060606060606 101.2121212121212 101.8181818181818 102.4242424242424 103.030303030303 103.6363636363636 104.2424242424242 104.8484848484849 105.4545454545455 106.0606060606061 106.6666666666667 107.2727272727273 107.8787878787879 108.4848484848485 109.0909090909091 109.6969696969697 110.3030303030303 110.9090909090909 111.5151515151515 112.1212121212121 112.7272727272727 113.3333333333333 113.9393939393939 114.5454545454545 115.1515151515152 115.7575757575758 116.3636363636364 116.969696969697 117.5757575757576 118.1818181818182 118.7878787878788 119.3939393939394 120


# name: y
# type: matrix
# rows: 100
# columns: 1
 643263.2389543679
 643438.394358618
 643604.0845348904
 643760.656781371
 643908.4519046912
 644047.8042199272
 644179.0415506004
 644302.4852286774
 644418.4500945699
 644527.2444971348
 644629.1702936738
 644724.5228499339
 644813.5910401077
 644896.6572468318
 644973.9973611892
 645045.8807827071
 645112.5704193581
 645174.3226875601
 645231.3875121759
 645284.0083265137
 645332.4220723263
 645376.8591998121
 645417.5436676143
 645454.6929428217
 645488.5180009676
 645519.2233260309
 645547.0069104353
 645572.0602550497
 645594.5683691885
 645614.7097706104
 645632.6564855203
 645648.5740485671
 645662.6215028458
 645674.9513998956
 645685.7097997018
 645695.036270694
 645703.0638897473
 645709.9192421819
 645715.722421763
 645720.5870307011
 645724.6201796518
 645727.9224877154
 645730.588082438
 645732.7045998103
 645734.3531842683
 645735.6084886931
 645736.5386744111
 645737.2054111937
 645737.663877257
 645737.9627592629
 645738.1442523181
 645738.2440599743
 645738.2913942287
 645738.3089755232
 645738.313032745
 645738.3133032265
 645738.313032745
 645738.3089755232
 645738.2913942287
 645738.2440599743
 645738.1442523181
 645737.9627592629
 645737.663877257
 645737.2054111937
 645736.5386744111
 645735.6084886931
 645734.3531842683
 645732.7045998103
 645730.588082438
 645727.9224877154
 645724.6201796518
 645720.5870307011
 645715.722421763
 645709.9192421819
 645703.0638897473
 645695.036270694
 645685.7097997018
 645674.9513998956
 645662.6215028458
 645648.5740485671
 645632.6564855203
 645614.7097706104
 645594.5683691885
 645572.0602550497
 645547.0069104353
 645519.2233260309
 645488.5180009676
 645454.6929428217
 645417.5436676143
 645376.8591998121
 645332.4220723263
 645284.0083265137
 645231.3875121759
 645174.3226875601
 645112.5704193581
 645045.8807827071
 644973.9973611892
 644896.6572468318
 644813.5910401077
 644724.5228499339


# name: TRAIN_QUERIES
# type: cell
# rows: 1
# columns: 1
# name: <cell-element>
# type: sq_string
# elements: 1
# length: 2
R2





# name: TEST_QUERIES
# type: cell
# rows: 1
# columns: 1
# name: <cell-element>
# type: sq_string
# elements: 1
# length: 2
R5





# name: DATASIZE
# type: sq_string
# elements: 1
# length: 4
1000


