# Created by Octave 3.8.2, Wed May 18 21:47:39 2016 CEST <Andrea@Andreas-MacBook-Pro.local>
# name: SVs
# type: cell
# rows: 1
# columns: 7
# name: <cell-element>
# type: sparse matrix
# nnz: 68
# rows: 4
# columns: 30
1 1 -0.3248931448269656
2 1 2.924038303442689
3 1 -0.3248931448269656
4 1 -0.3248931448269656
1 2 0.6761521461248209
2 2 -2.229309851121191
3 2 0.1149364090799052
4 2 0.1831483148373979
1 3 0.8931453214384389
2 3 -0.780866602368595
3 3 -0.677795804512111
4 3 -0.844512490955581
1 5 0.8169243211318674
2 5 -0.5477150094830527
3 5 -1.111111093022272
4 5 -0.4207228661199162
1 6 0.6317186266208406
2 6 -0.1750619488462325
3 6 -0.7836858917424456
4 6 -0.9101286953828992
1 7 -0.2987218785571147
2 7 1.528471253941452
3 7 -0.4040056513241836
4 7 -1.47255263823216
1 8 -0.2804202967231431
2 8 1.093357342080927
3 8 -0.3829617873756917
4 8 -1.47663225738921
1 12 1.485813852012999
2 12 -0.6858999603774649
3 12 -0.1852491507146759
4 12 -0.790706760398616
1 13 1.485813852012999
2 13 -0.6858999603774649
3 13 -0.1852491507146759
4 13 -0.790706760398616
1 14 -1.165485118585926
2 14 -0.6792789530469878
3 14 -0.6106568574731115
4 14 0.6474148947146222
1 15 -1.165485118585926
2 15 -0.6792789530469878
3 15 -0.6106568574731115
4 15 0.6474148947146222
1 19 1.181051776075392
2 19 0.4946222909500614
3 19 1.420041146183609
4 19 0.5501828864739832
1 20 1.181051776075392
2 20 0.4946222909500614
3 20 1.420041146183609
4 20 0.5501828864739832
1 22 -0.5744048829082168
2 22 1.046765089803273
3 22 -0.0509734191781946
4 22 -0.9755392756732806
1 23 -0.5744048829082168
2 23 1.046765089803273
3 23 -0.0509734191781946
4 23 -0.9755392756732806
1 24 -0.3848161299287418
2 24 1.926836718613655
3 24 0.04769878455941032
4 24 -0.6353678544693078
1 25 -0.3848161299287418
2 25 1.926836718613655
3 25 0.04769878455941032
4 25 -0.6353678544693078



# name: <cell-element>
# type: sparse matrix
# nnz: 170
# rows: 10
# columns: 30
1 1 -0.3248931448269656
2 1 -0.3248931448269656
3 1 -0.3248931448269656
4 1 -0.3248931448269656
5 1 -0.3248931448269656
6 1 2.924038303442689
7 1 -0.3248931448269656
8 1 -0.3248931448269656
9 1 -0.3248931448269656
10 1 -0.3248931448269656
1 2 -0.5178822653662791
2 2 -0.07274414997369318
3 2 0.4994272277664986
4 2 0.6761521461248209
5 2 -0.0568323861067446
6 2 -2.229309851121191
7 2 0.3507435326163234
8 2 0.07633081805845618
9 2 0.1149364090799052
10 2 0.1831483148373979
1 3 1.029256694342148
2 3 -1.295562412865214
3 3 -0.3763499206151142
4 3 0.8931453214384389
5 3 1.187811963841682
6 3 -0.780866602368595
7 3 -0.8860435723396433
8 3 0.8196267510644334
9 3 -0.677795804512111
10 3 -0.844512490955581
1 5 0.5145286648362218
2 5 -0.8473042095717781
3 5 -0.3877470056886045
4 5 0.8169243211318674
5 5 0.47874634819799
6 5 -0.5477150094830527
7 5 -0.3449485485330723
8 5 0.01076977569405599
9 5 -1.111111093022272
10 5 -0.4207228661199162
1 6 0.4779113356253635
2 6 -0.9426829993052548
3 6 -0.4638044705923429
4 6 0.6317186266208406
5 6 1.147397672811198
6 6 -0.1750619488462325
7 6 -0.6742279423223515
8 6 0.2929651452258941
9 6 -0.7836858917424456
10 6 -0.9101286953828992
1 7 -0.5472137974014704
2 7 -0.1482938204061254
3 7 0.3463098264890576
4 7 -0.2987218785571147
5 7 0.04069332860002248
6 7 1.528471253941452
7 7 -1.114571942885502
8 7 1.252051763119698
9 7 -0.4040056513241836
10 7 -1.47255263823216
1 8 -0.6377656888861579
2 8 -0.171236698409572
3 8 0.3679126691608609
4 8 -0.2804202967231431
5 8 0.5552833633698979
6 8 1.093357342080927
7 8 -1.018516603283252
8 8 1.462785044370183
9 8 -0.3829617873756917
10 8 -1.47663225738921
1 12 1.353865848799119
2 12 -0.8199357484523234
3 12 -0.2048743284078795
4 12 1.485813852012999
5 12 -0.05956450208373387
6 12 -0.6858999603774649
7 12 -0.6295297691310291
8 12 -0.6412213643525121
9 12 -0.1852491507146759
10 12 -0.790706760398616
1 13 1.353865848799119
2 13 -0.8199357484523234
3 13 -0.2048743284078795
4 13 1.485813852012999
5 13 -0.05956450208373387
6 13 -0.6858999603774649
7 13 -0.6295297691310291
8 13 -0.6412213643525121
9 13 -0.1852491507146759
10 13 -0.790706760398616
1 14 -0.9404684796111219
2 14 0.3606915651462549
3 14 -0.722899199845886
4 14 -1.165485118585926
5 14 -0.8622712079106581
6 14 -0.6792789530469878
7 14 -0.02923088489755422
8 14 1.727813934331234
9 14 -0.6106568574731115
10 14 0.6474148947146222
1 15 -0.9404684796111219
2 15 0.3606915651462549
3 15 -0.722899199845886
4 15 -1.165485118585926
5 15 -0.8622712079106581
6 15 -0.6792789530469878
7 15 -0.02923088489755422
8 15 1.727813934331234
9 15 -0.6106568574731115
10 15 0.6474148947146222
1 19 -0.8788277494657484
2 19 -0.4736491512567235
3 19 -0.8318376713364741
4 19 1.181051776075392
5 19 -0.6584570895596972
6 19 0.4946222909500614
7 19 1.090125482336776
8 19 -0.6429907535716551
9 19 1.420041146183609
10 19 0.5501828864739832
1 20 -0.8788277494657484
2 20 -0.4736491512567235
3 20 -0.8318376713364741
4 20 1.181051776075392
5 20 -0.6584570895596972
6 20 0.4946222909500614
7 20 1.090125482336776
8 20 -0.6429907535716551
9 20 1.420041146183609
10 20 0.5501828864739832
1 22 -1.325798086916922
2 22 -0.7240964977693261
3 22 1.740434076316517
4 22 -0.5744048829082168
5 22 -1.530278789570332
6 22 1.046765089803273
7 22 -0.1967515277684251
8 22 0.4665877851455096
9 22 -0.0509734191781946
10 22 -0.9755392756732806
1 23 -1.325798086916922
2 23 -0.7240964977693261
3 23 1.740434076316517
4 23 -0.5744048829082168
5 23 -1.530278789570332
6 23 1.046765089803273
7 23 -0.1967515277684251
8 23 0.4665877851455096
9 23 -0.0509734191781946
10 23 -0.9755392756732806
1 24 -1.594354580148324
2 24 -0.4963116473492937
3 24 0.5033897335675648
4 24 -0.3848161299287418
5 24 -1.289934234831537
6 24 1.926836718613655
7 24 -0.2373038021054835
8 24 0.4755158542124268
9 24 0.04769878455941032
10 24 -0.6353678544693078
1 25 -1.594354580148324
2 25 -0.4963116473492937
3 25 0.5033897335675648
4 25 -0.3848161299287418
5 25 -1.289934234831537
6 25 1.926836718613655
7 25 -0.2373038021054835
8 25 0.4755158542124268
9 25 0.04769878455941032
10 25 -0.6353678544693078



