# Created by Octave 3.8.2, Wed May 18 21:47:27 2016 CEST <Andrea@Andreas-MacBook-Pro.local>
# name: mu
# type: matrix
# rows: 1
# columns: 31
 291205.95 28.3 88339.75 129945.05 8 3492.65 5153.05 31201.1 38341.95 172348 172348 1 2226.65 2226.65 4202.95 4202.95 7102 7102 1 42303.05 42303.05 1 2850.1 2850.1 6631.7 6631.7 190065 190065 1 40 8


# name: sigma
# type: matrix
# rows: 1
# columns: 31
 20438.27288633548 4.001315573132101 7667.283213862584 15193.4401650844 0 1425.285023203577 2119.535412723617 12604.03161022611 15808.23518055334 0 0 0 2394.882774298479 2394.882774298479 1879.860982402128 1879.860982402128 0 0 0 10151.07909988417 10151.07909988417 0 1022.101339089437 1022.101339089437 3192.953476839768 3192.953476839768 0 0 0 0 0


