# Created by Octave 3.8.2, Wed May 18 21:56:03 2016 CEST <Andrea@Andreas-MacBook-Pro.local>
# name: SVs
# type: cell
# rows: 1
# columns: 7
# name: <cell-element>
# type: sparse matrix
# nnz: 66
# rows: 11
# columns: 13
1 3 0.4675271403971364
2 3 1.409255083782327
3 3 -0.3872784075137428
4 3 -0.5652427432715741
5 3 0.08482142762161508
6 3 -0.2521573377716858
7 3 -1.179878828805565
8 3 2.931426890785073
9 3 -0.2220846606644597
10 3 -0.8082958870149085
11 3 -0.5541199722867096
1 4 0.3358065294380781
2 4 1.316976260324199
3 4 -1.235687733004847
4 4 -2.026890470086669
5 4 0.09338178697648028
6 4 -0.01656965420921844
7 4 -1.529730900145228
8 4 1.734260164976793
9 4 0.6723754448233086
10 4 -0.4386097280734081
11 4 0.02455722073810399
1 5 0.522041772029137
2 5 0.003992307797746324
3 5 -1.564414327031235
4 5 -0.3942879225012494
5 5 -0.1376395640746889
6 5 -0.9969362900658397
7 5 0.8984593643880925
8 5 -0.2127329726513492
9 5 -0.0378318691310265
10 5 -2.165161595644517
11 5 0.6817340839389969
1 6 0.522041772029137
2 6 0.003992307797746324
3 6 -1.564414327031235
4 6 -0.3942879225012494
5 6 -0.1376395640746889
6 6 -0.9969362900658397
7 6 0.8984593643880925
8 6 -0.2127329726513492
9 6 -0.0378318691310265
10 6 -2.165161595644517
11 6 0.6817340839389969
1 7 -0.8169903301377843
2 7 -0.4348547547988234
3 7 0.9881996240088463
4 7 1.757427137531631
5 7 1.162828808242863
6 7 1.088648577664743
7 7 -1.140062581575457
8 7 -0.04710196823568405
9 7 -1.504355250672911
10 7 0.2377236832491273
11 7 -1.358142546749443
1 8 -0.8169903301377843
2 8 -0.4348547547988234
3 8 0.9881996240088463
4 8 1.757427137531631
5 8 1.162828808242863
6 8 1.088648577664743
7 8 -1.140062581575457
8 8 -0.04710196823568405
9 8 -1.504355250672911
10 8 0.2377236832491273
11 8 -1.358142546749443



# name: <cell-element>
# type: sparse matrix
# nnz: 12
# rows: 2
# columns: 13
1 3 -1.179878828805565
2 3 2.931426890785073
1 4 -1.529730900145228
2 4 1.734260164976793
1 5 0.8984593643880925
2 5 -0.2127329726513492
1 6 0.8984593643880925
2 6 -0.2127329726513492
1 7 -1.140062581575457
2 7 -0.04710196823568405
1 8 -1.140062581575457
2 8 -0.04710196823568405



# name: <cell-element>
# type: sparse matrix
# nnz: 60
# rows: 10
# columns: 13
1 3 0.4675271403971364
2 3 1.409255083782327
3 3 -0.3872784075137428
4 3 -0.5652427432715741
5 3 0.08482142762161508
6 3 -0.2521573377716858
7 3 -1.179878828805565
8 3 2.931426890785073
9 3 -0.2220846606644597
10 3 -0.8082958870149085
1 4 0.3358065294380781
2 4 1.316976260324199
3 4 -1.235687733004847
4 4 -2.026890470086669
5 4 0.09338178697648028
6 4 -0.01656965420921844
7 4 -1.529730900145228
8 4 1.734260164976793
9 4 0.6723754448233086
10 4 -0.4386097280734081
1 5 0.522041772029137
2 5 0.003992307797746324
3 5 -1.564414327031235
4 5 -0.3942879225012494
5 5 -0.1376395640746889
6 5 -0.9969362900658397
7 5 0.8984593643880925
8 5 -0.2127329726513492
9 5 -0.0378318691310265
10 5 -2.165161595644517
1 6 0.522041772029137
2 6 0.003992307797746324
3 6 -1.564414327031235
4 6 -0.3942879225012494
5 6 -0.1376395640746889
6 6 -0.9969362900658397
7 6 0.8984593643880925
8 6 -0.2127329726513492
9 6 -0.0378318691310265
10 6 -2.165161595644517
1 7 -0.8169903301377843
2 7 -0.4348547547988234
3 7 0.9881996240088463
4 7 1.757427137531631
5 7 1.162828808242863
6 7 1.088648577664743
7 7 -1.140062581575457
8 7 -0.04710196823568405
9 7 -1.504355250672911
10 7 0.2377236832491273
1 8 -0.8169903301377843
2 8 -0.4348547547988234
3 8 0.9881996240088463
4 8 1.757427137531631
5 8 1.162828808242863
6 8 1.088648577664743
7 8 -1.140062581575457
8 8 -0.04710196823568405
9 8 -1.504355250672911
10 8 0.2377236832491273



# name: <cell-element>
# type: sparse matrix
# nnz: 12
# rows: 2
# columns: 13
1 3 -1.179878828805565
2 3 2.931426890785073
1 4 -1.529730900145228
2 4 1.734260164976793
1 5 0.8984593643880925
2 5 -0.2127329726513492
1 6 0.8984593643880925
2 6 -0.2127329726513492
1 7 -1.140062581575457
2 7 -0.04710196823568405
1 8 -1.140062581575457
2 8 -0.04710196823568405



# name: <cell-element>
# type: sparse matrix
# nnz: 12
# rows: 2
# columns: 13
1 3 -1.179878828805565
2 3 2.931426890785073
1 4 -1.529730900145228
2 4 1.734260164976793
1 5 0.8984593643880925
2 5 -0.2127329726513492
1 6 0.8984593643880925
2 6 -0.2127329726513492
1 7 -1.140062581575457
2 7 -0.04710196823568405
1 8 -1.140062581575457
2 8 -0.04710196823568405



# name: <cell-element>
# type: sparse matrix
# nnz: 66
# rows: 11
# columns: 13
1 3 1.409255083782327
2 3 -0.3872784075137428
3 3 -0.5652427432715741
4 3 0.08482142762161508
5 3 -0.2521573377716858
6 3 -1.179878828805565
7 3 2.931426890785073
8 3 -0.2220846606644597
9 3 -0.8082958870149085
10 3 -0.5541199722867096
11 3 0.5313800849398769
1 4 1.316976260324199
2 4 -1.235687733004847
3 4 -2.026890470086669
4 4 0.09338178697648028
5 4 -0.01656965420921844
6 4 -1.529730900145228
7 4 1.734260164976793
8 4 0.6723754448233086
9 4 -0.4386097280734081
10 4 0.02455722073810399
11 4 0.7164399536954398
1 5 0.003992307797746324
2 5 -1.564414327031235
3 5 -0.3942879225012494
4 5 -0.1376395640746889
5 5 -0.9969362900658397
6 5 0.8984593643880925
7 5 -0.2127329726513492
8 5 -0.0378318691310265
9 5 -2.165161595644517
10 5 0.6817340839389969
11 5 0.7919978231148526
1 6 0.003992307797746324
2 6 -1.564414327031235
3 6 -0.3942879225012494
4 6 -0.1376395640746889
5 6 -0.9969362900658397
6 6 0.8984593643880925
7 6 -0.2127329726513492
8 6 -0.0378318691310265
9 6 -2.165161595644517
10 6 0.6817340839389969
11 6 0.7919978231148526
1 7 -0.4348547547988234
2 7 0.9881996240088463
3 7 1.757427137531631
4 7 1.162828808242863
5 7 1.088648577664743
6 7 -1.140062581575457
7 7 -0.04710196823568405
8 7 -1.504355250672911
9 7 0.2377236832491273
10 7 -1.358142546749443
11 7 -0.8192206934179729
1 8 -0.4348547547988234
2 8 0.9881996240088463
3 8 1.757427137531631
4 8 1.162828808242863
5 8 1.088648577664743
6 8 -1.140062581575457
7 8 -0.04710196823568405
8 8 -1.504355250672911
9 8 0.2377236832491273
10 8 -1.358142546749443
11 8 -0.8192206934179729



# name: <cell-element>
# type: scalar
0





# name: coefficients
# type: cell
# rows: 1
# columns: 7
# name: <cell-element>
# type: matrix
# rows: 11
# columns: 1
 -0.87368
 -0.8230754418769414
 -0.87368
 0.87368
 -0.8554661806454167
 0.87368
 -0.3112902219438716
 0.87368
 0.3018064486720982
 -0.05933460420586904
 0.87368



# name: <cell-element>
# type: matrix
# rows: 2
# columns: 1
 -0.1
 0.1



# name: <cell-element>
# type: matrix
# rows: 10
# columns: 1
 -5
 4.752032551697104
 -0.6166603732247695
 0.7254474142097083
 5
 5
 -4.105929685234223
 0.58828796084099
 -5
 -1.343177868288809



# name: <cell-element>
# type: matrix
# rows: 2
# columns: 1
 -0.1
 0.1



# name: <cell-element>
# type: matrix
# rows: 2
# columns: 1
 -0.1
 0.1



# name: <cell-element>
# type: matrix
# rows: 11
# columns: 1
 -2.02511640241263
 -1.684891807322383
 1.765779596331952
 -0.3504507213577005
 1.791108363138121
 -2.849634057920632
 2.738491807279636
 -1.909427417055012
 -0.5047266715036962
 2.9368
 0.09206731082234558



# name: <cell-element>
# type: scalar
0





# name: b
# type: cell
# rows: 1
# columns: 7
# name: <cell-element>
# type: scalar
0.09851446489214807



# name: <cell-element>
# type: scalar
0.1984259695287313



# name: <cell-element>
# type: scalar
0.07224932315895596



# name: <cell-element>
# type: scalar
0.2030382865600963



# name: <cell-element>
# type: scalar
0.2040137905886386



# name: <cell-element>
# type: scalar
0.3547692820619533



# name: <cell-element>
# type: scalar
0





# name: models
# type: cell
# rows: 1
# columns: 7
# name: <cell-element>
# type: scalar struct
# ndims: 2
 1 1
# length: 11
# name: Parameters
# type: matrix
# rows: 5
# columns: 1
 3
 0
 3
 0.07692307692307693
 0


# name: nr_class
# type: scalar
2


# name: totalSV
# type: scalar
11


# name: rho
# type: scalar
-0.09851446489214807


# name: Label
# type: matrix
# rows: 0
# columns: 0


# name: sv_indices
# type: matrix
# rows: 11
# columns: 1
 1
 2
 3
 4
 5
 6
 7
 8
 9
 10
 11


