# Created by Octave 3.8.2, Wed May 18 21:55:53 2016 CEST <Andrea@Andreas-MacBook-Pro.local>
# name: mu
# type: matrix
# rows: 1
# columns: 14
 177533.75 87 1 31623.1 87438.45 3415.8 3415.8 35172.2 35172.2 6291 6291 1 50 16


# name: sigma
# type: matrix
# rows: 1
# columns: 14
 11773.51113338305 0 0 2427.452658761097 7148.610254889812 1052.023093602837 1052.023093602837 12105.651236205 12105.651236205 0 0 0 0 0


