# Created by Octave 4.0.0, Wed May 18 23:34:40 2016 CEST <peter@Independence>
# name: x
# type: matrix
# rows: 1
# columns: 100
 60 60.60606060606061 61.21212121212122 61.81818181818181 62.42424242424242 63.03030303030303 63.63636363636364 64.24242424242425 64.84848484848484 65.45454545454545 66.06060606060606 66.66666666666666 67.27272727272728 67.87878787878788 68.48484848484848 69.09090909090909 69.69696969696969 70.3030303030303 70.90909090909091 71.51515151515152 72.12121212121212 72.72727272727272 73.33333333333333 73.93939393939394 74.54545454545455 75.15151515151516 75.75757575757575 76.36363636363636 76.96969696969697 77.57575757575758 78.18181818181819 78.78787878787878 79.39393939393939 80 80.60606060606061 81.21212121212122 81.81818181818181 82.42424242424242 83.03030303030303 83.63636363636364 84.24242424242425 84.84848484848484 85.45454545454545 86.06060606060606 86.66666666666667 87.27272727272727 87.87878787878788 88.48484848484848 89.09090909090909 89.69696969696969 90.3030303030303 90.90909090909091 91.51515151515152 92.12121212121212 92.72727272727273 93.33333333333333 93.93939393939394 94.54545454545455 95.15151515151516 95.75757575757575 96.36363636363636 96.96969696969697 97.57575757575758 98.18181818181819 98.78787878787878 99.39393939393939 100 100.6060606060606 101.2121212121212 101.8181818181818 102.4242424242424 103.030303030303 103.6363636363636 104.2424242424242 104.8484848484848 105.4545454545455 106.0606060606061 106.6666666666667 107.2727272727273 107.8787878787879 108.4848484848485 109.0909090909091 109.6969696969697 110.3030303030303 110.9090909090909 111.5151515151515 112.1212121212121 112.7272727272727 113.3333333333333 113.9393939393939 114.5454545454545 115.1515151515151 115.7575757575758 116.3636363636364 116.969696969697 117.5757575757576 118.1818181818182 118.7878787878788 119.3939393939394 120


# name: y
# type: matrix
# rows: 100
# columns: 1
 1126032.466330739
 1123460.78296748
 1120834.085021253
 1118153.46607501
 1115420.065730653
 1112635.06883237
 1109799.704636266
 1106915.245927081
 1103983.008082841
 1101004.348088403
 1097980.663498902
 1094913.391354198
 1091804.007045503
 1088654.023135422
 1085464.988132752
 1082238.485223393
 1078976.130958871
 1075679.573903964
 1072350.493245038
 1068990.597360739
 1065601.62235675
 1062185.330566383
 1058743.509018815
 1055277.967876856
 1051790.53884615
 1048283.07355778
 1044757.44192629
 1041215.530485149
 1037659.240701751
 1034090.487274058
 1030511.196411019
 1026923.304098936
 1023328.754355964
 1019729.497476933
 1016127.488270738
 1012524.684292491
 1008923.044072706
 1005324.525345728
 1001731.083279657
 998144.6687100106
 994567.2263793339
 991000.6931849931
 987446.9964373426
 983908.0521304563
 980385.7632275847
 976882.0179634743
 973398.6881656614
 969937.6275968162
 966500.6703201792
 963089.6290900966
 959706.2937696148
 956352.4297770545
 953029.7765634331
 949740.0461225584
 946484.921535559
 943266.0555515636
 940085.0692061842
 936943.5504793924
 933843.0529943223
 930785.0947584617
 927771.1569486293
 924802.6827410668
 921881.0761878996
 919007.7011411547
 916183.8802254414
 913410.8938603306
 910689.9793333902
 908022.3299247556
 905409.0940840351
 902851.3746602719
 900350.2281856015
 897906.6642131651
 895521.6447097558
 893196.0835035959
 890930.8457875581
 888726.7476780657
 886584.5558298231
 884504.9871064496
 882488.7083070045
 880536.3359483182
 878648.4361029586
 876825.5242925896
 875068.0654363959
 873376.47385418
 871751.1133236528
 870192.2971913764
 868700.2885367388
 867275.3003882731
 865917.4959915656
 864626.9891279328
 863403.8444829753
 862248.0780640678
 861159.6576657672
 860138.5033820823
 859184.4881644731
 858297.4384244108
 857477.1346792693
 856723.3122402751
 856035.6619411943
 855413.8309063942


# name: QUERY
# type: sq_string
# elements: 1
# length: 2
R3


# name: DATASIZE
# type: sq_string
# elements: 1
# length: 4
1000


