# Created by Octave 4.0.0, Sun May 22 18:34:32 2016 CEST <peter@Independence>
# name: x
# type: matrix
# rows: 1
# columns: 100
 60 60.60606060606061 61.21212121212122 61.81818181818181 62.42424242424242 63.03030303030303 63.63636363636364 64.24242424242425 64.84848484848484 65.45454545454545 66.06060606060606 66.66666666666666 67.27272727272728 67.87878787878788 68.48484848484848 69.09090909090909 69.69696969696969 70.3030303030303 70.90909090909091 71.51515151515152 72.12121212121212 72.72727272727272 73.33333333333333 73.93939393939394 74.54545454545455 75.15151515151516 75.75757575757575 76.36363636363636 76.96969696969697 77.57575757575758 78.18181818181819 78.78787878787878 79.39393939393939 80 80.60606060606061 81.21212121212122 81.81818181818181 82.42424242424242 83.03030303030303 83.63636363636364 84.24242424242425 84.84848484848484 85.45454545454545 86.06060606060606 86.66666666666667 87.27272727272727 87.87878787878788 88.48484848484848 89.09090909090909 89.69696969696969 90.3030303030303 90.90909090909091 91.51515151515152 92.12121212121212 92.72727272727273 93.33333333333333 93.93939393939394 94.54545454545455 95.15151515151516 95.75757575757575 96.36363636363636 96.96969696969697 97.57575757575758 98.18181818181819 98.78787878787878 99.39393939393939 100 100.6060606060606 101.2121212121212 101.8181818181818 102.4242424242424 103.030303030303 103.6363636363636 104.2424242424242 104.8484848484848 105.4545454545455 106.0606060606061 106.6666666666667 107.2727272727273 107.8787878787879 108.4848484848485 109.0909090909091 109.6969696969697 110.3030303030303 110.9090909090909 111.5151515151515 112.1212121212121 112.7272727272727 113.3333333333333 113.9393939393939 114.5454545454545 115.1515151515151 115.7575757575758 116.3636363636364 116.969696969697 117.5757575757576 118.1818181818182 118.7878787878788 119.3939393939394 120


# name: y
# type: matrix
# rows: 100
# columns: 1
 1129437.271788485
 1126736.703451633
 1123979.441174816
 1121166.637320509
 1118299.491682598
 1115379.250661784
 1112407.206385696
 1109384.695774581
 1106313.09955348
 1103193.841211901
 1100028.385912073
 1096818.239346943
 1093564.946549168
 1090270.090652406
 1086935.291606321
 1083562.204846731
 1080152.519922478
 1076707.959080578
 1073230.275811352
 1069721.253355243
 1066182.703173124
 1062616.463381935
 1059024.397157551
 1055408.391106836
 1051770.353610879
 1048112.213141451
 1044435.916552791
 1040743.427350815
 1037036.723941938
 1033317.797863671
 1029588.651999246
 1025851.298778474
 1022107.758367136
 1018360.056847167
 1014610.224389932
 1010860.293424899
 1007112.296806027
 1003368.265978168
 999630.2291458069
 995900.2094464294
 992180.223130836
 988472.2777526653
 984778.3703694068
 981100.485757145
 977440.5946412625
 973800.6519452943
 970182.5950601033
 966588.3421355073
 963019.7903964511
 959478.81448578
 955967.2648356222
 952486.9660693438
 949039.7154359906
 945627.281279074
 942251.4015415091
 938913.7823084453
 935616.0963896813
 932359.9819432793
 929147.0411419382
 925978.8388836118
 922856.9015477904
 919782.7157987896
 916757.7274373207
 913783.3403015372
 910860.9152186762
 907991.7690083385
 905177.1735383654
 902418.3548341955
 899716.492242499
 897072.7176498086
 894488.1147567774
 891963.7184086191
 889500.513982192
 887099.4368301146
 884761.3717822086
 882487.1527044843
 880277.5621158042
 878133.3308622665
 876055.1378492822
 874043.6098312238
 872099.3212584534
 870222.7941814503
 868414.4982116853
 866674.8505388083
 865004.2160036368
 863402.9072263679
 861871.1847893493
 860409.2574736876
 859017.2825488916
 857695.3661146874
 856443.5634940749
 855261.8796766282
 854150.2698109904
 853108.6397454421
 852136.8466153773
 851234.6994764617
 850401.9599821954
 849638.3431045571
 848943.5178963591
 848317.1082938961


# name: QUERY
# type: sq_string
# elements: 1
# length: 2
R3


# name: DATASIZE
# type: sq_string
# elements: 1
# length: 4
1000


