# Created by Octave 4.0.0, Sun May 22 18:34:32 2016 CEST <peter@Independence>
# name: x
# type: matrix
# rows: 1
# columns: 100
 60 60.60606060606061 61.21212121212122 61.81818181818181 62.42424242424242 63.03030303030303 63.63636363636364 64.24242424242425 64.84848484848484 65.45454545454545 66.06060606060606 66.66666666666666 67.27272727272728 67.87878787878788 68.48484848484848 69.09090909090909 69.69696969696969 70.3030303030303 70.90909090909091 71.51515151515152 72.12121212121212 72.72727272727272 73.33333333333333 73.93939393939394 74.54545454545455 75.15151515151516 75.75757575757575 76.36363636363636 76.96969696969697 77.57575757575758 78.18181818181819 78.78787878787878 79.39393939393939 80 80.60606060606061 81.21212121212122 81.81818181818181 82.42424242424242 83.03030303030303 83.63636363636364 84.24242424242425 84.84848484848484 85.45454545454545 86.06060606060606 86.66666666666667 87.27272727272727 87.87878787878788 88.48484848484848 89.09090909090909 89.69696969696969 90.3030303030303 90.90909090909091 91.51515151515152 92.12121212121212 92.72727272727273 93.33333333333333 93.93939393939394 94.54545454545455 95.15151515151516 95.75757575757575 96.36363636363636 96.96969696969697 97.57575757575758 98.18181818181819 98.78787878787878 99.39393939393939 100 100.6060606060606 101.2121212121212 101.8181818181818 102.4242424242424 103.030303030303 103.6363636363636 104.2424242424242 104.8484848484848 105.4545454545455 106.0606060606061 106.6666666666667 107.2727272727273 107.8787878787879 108.4848484848485 109.0909090909091 109.6969696969697 110.3030303030303 110.9090909090909 111.5151515151515 112.1212121212121 112.7272727272727 113.3333333333333 113.9393939393939 114.5454545454545 115.1515151515151 115.7575757575758 116.3636363636364 116.969696969697 117.5757575757576 118.1818181818182 118.7878787878788 119.3939393939394 120


# name: y
# type: matrix
# rows: 100
# columns: 1
 1059492.022773665
 1058672.125863701
 1057852.228953738
 1057032.332043774
 1056212.435133811
 1055392.538223847
 1054572.641313884
 1053752.74440392
 1052932.847493957
 1052112.950583993
 1051293.05367403
 1050473.156764066
 1049653.259854103
 1048833.362944139
 1048013.466034176
 1047193.569124212
 1046373.672214248
 1045553.775304285
 1044733.878394321
 1043913.981484358
 1043094.084574394
 1042274.187664431
 1041454.290754467
 1040634.393844504
 1039814.49693454
 1038994.600024577
 1038174.703114613
 1037354.80620465
 1036534.909294686
 1035715.012384723
 1034895.115474759
 1034075.218564795
 1033255.321654832
 1032435.424744868
 1031615.527834905
 1030795.630924941
 1029975.734014978
 1029155.837105014
 1028335.940195051
 1027516.043285087
 1026696.146375124
 1025876.24946516
 1025056.352555197
 1024236.455645233
 1023416.55873527
 1022596.661825306
 1021776.764915342
 1020956.868005379
 1020136.971095415
 1019317.074185452
 1018497.177275488
 1017677.280365525
 1016857.383455561
 1016037.486545598
 1015217.589635634
 1014397.692725671
 1013577.795815707
 1012757.898905744
 1011938.00199578
 1011118.105085817
 1010298.208175853
 1009478.311265889
 1008658.414355926
 1007838.517445962
 1007018.620535999
 1006198.723626035
 1005378.826716072
 1004558.929806108
 1003739.032896145
 1002919.135986181
 1002099.239076218
 1001279.342166254
 1000459.445256291
 999639.548346327
 998819.6514363636
 997999.7545264
 997179.8576164366
 996359.960706473
 995540.0637965094
 994720.166886546
 993900.2699765824
 993080.3730666189
 992260.4761566553
 991440.5792466918
 990620.6823367282
 989800.7854267646
 988980.8885168012
 988160.9916068376
 987341.0946968741
 986521.1977869105
 985701.300876947
 984881.4039669835
 984061.50705702
 983241.6101470564
 982421.7132370929
 981601.8163271294
 980781.9194171658
 979962.0225072023
 979142.1255972388
 978322.2286872753


# name: QUERY
# type: sq_string
# elements: 1
# length: 2
R3


# name: DATASIZE
# type: sq_string
# elements: 1
# length: 4
1000


