# Created by Octave 4.0.0, Wed May 18 23:34:40 2016 CEST <peter@Independence>
# name: x
# type: matrix
# rows: 1
# columns: 100
 60 60.60606060606061 61.21212121212122 61.81818181818181 62.42424242424242 63.03030303030303 63.63636363636364 64.24242424242425 64.84848484848484 65.45454545454545 66.06060606060606 66.66666666666666 67.27272727272728 67.87878787878788 68.48484848484848 69.09090909090909 69.69696969696969 70.3030303030303 70.90909090909091 71.51515151515152 72.12121212121212 72.72727272727272 73.33333333333333 73.93939393939394 74.54545454545455 75.15151515151516 75.75757575757575 76.36363636363636 76.96969696969697 77.57575757575758 78.18181818181819 78.78787878787878 79.39393939393939 80 80.60606060606061 81.21212121212122 81.81818181818181 82.42424242424242 83.03030303030303 83.63636363636364 84.24242424242425 84.84848484848484 85.45454545454545 86.06060606060606 86.66666666666667 87.27272727272727 87.87878787878788 88.48484848484848 89.09090909090909 89.69696969696969 90.3030303030303 90.90909090909091 91.51515151515152 92.12121212121212 92.72727272727273 93.33333333333333 93.93939393939394 94.54545454545455 95.15151515151516 95.75757575757575 96.36363636363636 96.96969696969697 97.57575757575758 98.18181818181819 98.78787878787878 99.39393939393939 100 100.6060606060606 101.2121212121212 101.8181818181818 102.4242424242424 103.030303030303 103.6363636363636 104.2424242424242 104.8484848484848 105.4545454545455 106.0606060606061 106.6666666666667 107.2727272727273 107.8787878787879 108.4848484848485 109.0909090909091 109.6969696969697 110.3030303030303 110.9090909090909 111.5151515151515 112.1212121212121 112.7272727272727 113.3333333333333 113.9393939393939 114.5454545454545 115.1515151515151 115.7575757575758 116.3636363636364 116.969696969697 117.5757575757576 118.1818181818182 118.7878787878788 119.3939393939394 120


# name: y
# type: matrix
# rows: 100
# columns: 1
 1075186.185356455
 1073995.86286001
 1072805.540363564
 1071615.217867118
 1070424.895370672
 1069234.572874227
 1068044.250377781
 1066853.927881335
 1065663.605384889
 1064473.282888444
 1063282.960391998
 1062092.637895552
 1060902.315399106
 1059711.992902661
 1058521.670406215
 1057331.347909769
 1056141.025413323
 1054950.702916878
 1053760.380420432
 1052570.057923986
 1051379.73542754
 1050189.412931095
 1048999.090434649
 1047808.767938203
 1046618.445441758
 1045428.122945312
 1044237.800448866
 1043047.47795242
 1041857.155455975
 1040666.832959529
 1039476.510463083
 1038286.187966638
 1037095.865470192
 1035905.542973746
 1034715.2204773
 1033524.897980855
 1032334.575484409
 1031144.252987963
 1029953.930491517
 1028763.607995072
 1027573.285498626
 1026382.96300218
 1025192.640505734
 1024002.318009289
 1022811.995512843
 1021621.673016397
 1020431.350519952
 1019241.028023506
 1018050.70552706
 1016860.383030614
 1015670.060534169
 1014479.738037723
 1013289.415541277
 1012099.093044832
 1010908.770548386
 1009718.44805194
 1008528.125555494
 1007337.803059049
 1006147.480562603
 1004957.158066157
 1003766.835569711
 1002576.513073266
 1001386.19057682
 1000195.868080374
 999005.5455839285
 997815.2230874827
 996624.900591037
 995434.5780945913
 994244.2555981455
 993053.9331016998
 991863.6106052541
 990673.2881088083
 989482.9656123626
 988292.6431159169
 987102.3206194711
 985911.9981230254
 984721.6756265797
 983531.3531301339
 982341.0306336882
 981150.7081372425
 979960.3856407967
 978770.063144351
 977579.7406479053
 976389.4181514595
 975199.0956550138
 974008.7731585681
 972818.4506621223
 971628.1281656767
 970437.8056692309
 969247.4831727851
 968057.1606763395
 966866.8381798937
 965676.5156834481
 964486.1931870023
 963295.8706905566
 962105.5481941109
 960915.2256976651
 959724.9032012194
 958534.5807047737
 957344.2582083279


# name: QUERY
# type: sq_string
# elements: 1
# length: 2
R3


# name: DATASIZE
# type: sq_string
# elements: 1
# length: 4
1000


