# Created by Octave 4.0.0, Sun May 22 18:34:32 2016 CEST <peter@Independence>
# name: x
# type: matrix
# rows: 1
# columns: 100
 60 60.60606060606061 61.21212121212122 61.81818181818181 62.42424242424242 63.03030303030303 63.63636363636364 64.24242424242425 64.84848484848484 65.45454545454545 66.06060606060606 66.66666666666666 67.27272727272728 67.87878787878788 68.48484848484848 69.09090909090909 69.69696969696969 70.3030303030303 70.90909090909091 71.51515151515152 72.12121212121212 72.72727272727272 73.33333333333333 73.93939393939394 74.54545454545455 75.15151515151516 75.75757575757575 76.36363636363636 76.96969696969697 77.57575757575758 78.18181818181819 78.78787878787878 79.39393939393939 80 80.60606060606061 81.21212121212122 81.81818181818181 82.42424242424242 83.03030303030303 83.63636363636364 84.24242424242425 84.84848484848484 85.45454545454545 86.06060606060606 86.66666666666667 87.27272727272727 87.87878787878788 88.48484848484848 89.09090909090909 89.69696969696969 90.3030303030303 90.90909090909091 91.51515151515152 92.12121212121212 92.72727272727273 93.33333333333333 93.93939393939394 94.54545454545455 95.15151515151516 95.75757575757575 96.36363636363636 96.96969696969697 97.57575757575758 98.18181818181819 98.78787878787878 99.39393939393939 100 100.6060606060606 101.2121212121212 101.8181818181818 102.4242424242424 103.030303030303 103.6363636363636 104.2424242424242 104.8484848484848 105.4545454545455 106.0606060606061 106.6666666666667 107.2727272727273 107.8787878787879 108.4848484848485 109.0909090909091 109.6969696969697 110.3030303030303 110.9090909090909 111.5151515151515 112.1212121212121 112.7272727272727 113.3333333333333 113.9393939393939 114.5454545454545 115.1515151515151 115.7575757575758 116.3636363636364 116.969696969697 117.5757575757576 118.1818181818182 118.7878787878788 119.3939393939394 120


# name: y
# type: matrix
# rows: 1
# columns: 100
 1026408.150649093 1026284.02243766 1026159.894226228 1026035.766014796 1025911.637803363 1025787.509591931 1025663.381380499 1025539.253169067 1025415.124957634 1025290.996746202 1025166.86853477 1025042.740323338 1024918.612111905 1024794.483900473 1024670.355689041 1024546.227477609 1024422.099266176 1024297.971054744 1024173.842843312 1024049.71463188 1023925.586420447 1023801.458209015 1023677.329997583 1023553.201786151 1023429.073574718 1023304.945363286 1023180.817151854 1023056.688940422 1022932.560728989 1022808.432517557 1022684.304306125 1022560.176094693 1022436.04788326 1022311.919671828 1022187.791460396 1022063.663248964 1021939.535037531 1021815.406826099 1021691.278614667 1021567.150403235 1021443.022191802 1021318.89398037 1021194.765768938 1021070.637557506 1020946.509346073 1020822.381134641 1020698.252923209 1020574.124711777 1020449.996500344 1020325.868288912 1020201.74007748 1020077.611866048 1019953.483654615 1019829.355443183 1019705.227231751 1019581.099020319 1019456.970808886 1019332.842597454 1019208.714386022 1019084.58617459 1018960.457963157 1018836.329751725 1018712.201540293 1018588.073328861 1018463.945117428 1018339.816905996 1018215.688694564 1018091.560483132 1017967.432271699 1017843.304060267 1017719.175848835 1017595.047637403 1017470.91942597 1017346.791214538 1017222.663003106 1017098.534791674 1016974.406580241 1016850.278368809 1016726.150157377 1016602.021945945 1016477.893734512 1016353.76552308 1016229.637311648 1016105.509100216 1015981.380888783 1015857.252677351 1015733.124465919 1015608.996254487 1015484.868043054 1015360.739831622 1015236.61162019 1015112.483408758 1014988.355197325 1014864.226985893 1014740.098774461 1014615.970563029 1014491.842351596 1014367.714140164 1014243.585928732 1014119.4577173


# name: QUERY
# type: sq_string
# elements: 1
# length: 2
R3


# name: DATASIZE
# type: sq_string
# elements: 1
# length: 4
1000


