# Created by Octave 4.0.0, Wed May 18 23:34:40 2016 CEST <peter@Independence>
# name: x
# type: matrix
# rows: 1
# columns: 100
 60 60.60606060606061 61.21212121212122 61.81818181818181 62.42424242424242 63.03030303030303 63.63636363636364 64.24242424242425 64.84848484848484 65.45454545454545 66.06060606060606 66.66666666666666 67.27272727272728 67.87878787878788 68.48484848484848 69.09090909090909 69.69696969696969 70.3030303030303 70.90909090909091 71.51515151515152 72.12121212121212 72.72727272727272 73.33333333333333 73.93939393939394 74.54545454545455 75.15151515151516 75.75757575757575 76.36363636363636 76.96969696969697 77.57575757575758 78.18181818181819 78.78787878787878 79.39393939393939 80 80.60606060606061 81.21212121212122 81.81818181818181 82.42424242424242 83.03030303030303 83.63636363636364 84.24242424242425 84.84848484848484 85.45454545454545 86.06060606060606 86.66666666666667 87.27272727272727 87.87878787878788 88.48484848484848 89.09090909090909 89.69696969696969 90.3030303030303 90.90909090909091 91.51515151515152 92.12121212121212 92.72727272727273 93.33333333333333 93.93939393939394 94.54545454545455 95.15151515151516 95.75757575757575 96.36363636363636 96.96969696969697 97.57575757575758 98.18181818181819 98.78787878787878 99.39393939393939 100 100.6060606060606 101.2121212121212 101.8181818181818 102.4242424242424 103.030303030303 103.6363636363636 104.2424242424242 104.8484848484848 105.4545454545455 106.0606060606061 106.6666666666667 107.2727272727273 107.8787878787879 108.4848484848485 109.0909090909091 109.6969696969697 110.3030303030303 110.9090909090909 111.5151515151515 112.1212121212121 112.7272727272727 113.3333333333333 113.9393939393939 114.5454545454545 115.1515151515151 115.7575757575758 116.3636363636364 116.969696969697 117.5757575757576 118.1818181818182 118.7878787878788 119.3939393939394 120


# name: y
# type: matrix
# rows: 1
# columns: 100
 1022487.522670113 1022445.933995081 1022404.345320048 1022362.756645015 1022321.167969982 1022279.57929495 1022237.990619917 1022196.401944884 1022154.813269852 1022113.224594819 1022071.635919786 1022030.047244754 1021988.458569721 1021946.869894688 1021905.281219656 1021863.692544623 1021822.10386959 1021780.515194557 1021738.926519525 1021697.337844492 1021655.749169459 1021614.160494427 1021572.571819394 1021530.983144361 1021489.394469329 1021447.805794296 1021406.217119263 1021364.628444231 1021323.039769198 1021281.451094165 1021239.862419133 1021198.2737441 1021156.685069067 1021115.096394035 1021073.507719002 1021031.919043969 1020990.330368936 1020948.741693904 1020907.153018871 1020865.564343838 1020823.975668806 1020782.386993773 1020740.79831874 1020699.209643708 1020657.620968675 1020616.032293642 1020574.44361861 1020532.854943577 1020491.266268544 1020449.677593512 1020408.088918479 1020366.500243446 1020324.911568413 1020283.322893381 1020241.734218348 1020200.145543315 1020158.556868283 1020116.96819325 1020075.379518217 1020033.790843185 1019992.202168152 1019950.613493119 1019909.024818087 1019867.436143054 1019825.847468021 1019784.258792988 1019742.670117956 1019701.081442923 1019659.49276789 1019617.904092858 1019576.315417825 1019534.726742792 1019493.13806776 1019451.549392727 1019409.960717694 1019368.372042662 1019326.783367629 1019285.194692596 1019243.606017564 1019202.017342531 1019160.428667498 1019118.839992465 1019077.251317433 1019035.6626424 1018994.073967367 1018952.485292335 1018910.896617302 1018869.307942269 1018827.719267237 1018786.130592204 1018744.541917171 1018702.953242139 1018661.364567106 1018619.775892073 1018578.187217041 1018536.598542008 1018495.009866975 1018453.421191943 1018411.83251691 1018370.243841877


# name: QUERY
# type: sq_string
# elements: 1
# length: 2
R3


# name: DATASIZE
# type: sq_string
# elements: 1
# length: 4
1000


