# Created by Octave 4.0.0, Sun May 22 18:34:32 2016 CEST <peter@Independence>
# name: SVs
# type: cell
# rows: 1
# columns: 7
# name: <cell-element>
# type: sparse matrix
# nnz: 56
# rows: 8
# columns: 7
1 1 -1.386393461715482
2 1 -0.3683014746117623
3 1 -0.5159172036836021
4 1 0.1612889760789621
5 1 1.973766639218769
6 1 -0.8994137369424025
7 1 1.322431257334774
8 1 -1.923592970605786
1 2 0.256299687002825
2 2 1.363662760733748
3 2 1.038716104823238
4 2 1.443176624333384
5 2 1.429924313733445
6 2 1.591072410628706
7 2 -0.404195473298147
8 2 2.482687867792619
1 3 -0.2444020369773803
2 3 2.715816920786017
3 3 -0.0671434167520271
4 3 -0.5014270363041424
5 3 0.2519220996536086
6 3 -0.6609597945069602
7 3 -0.9622994488900606
8 3 -0.8559442767548487
1 4 1.614803287622523
2 4 2.216005417035474
3 4 -0.5305590114056479
4 4 -0.335974347437923
5 4 -0.4228357276496364
6 4 -0.6405581391846735
7 4 -0.4873179749683756
8 4 0.08733264084274156
1 5 -0.926465942209159
2 5 -0.9846213524067272
3 5 0.1267931535912423
4 5 0.3090134388769559
5 5 0.06691462012856096
6 5 0.02900590829607208
7 5 1.676742530560503
8 5 2.744648174114366
1 6 -0.1251096923392661
2 6 -0.9991225828697662
3 6 0.001170539693827988
4 6 -0.8924661475708338
5 6 0.1056215113729244
6 6 1.278944255400298
7 6 -0.6936202597444481
8 6 -0.7332327474369777
1 7 -0.3859279752005054
2 7 1.370709705022486
3 7 -0.3859279752005054
4 7 0.4923908649109902
5 7 -0.3859279752005054
6 7 -1.264246815312001
7 7 1.370709705022486
8 7 1.370709705022486



# name: <cell-element>
# type: sparse matrix
# nnz: 161
# rows: 23
# columns: 7
1 1 -0.3256907486941177
2 1 0.1947688321571113
3 1 -1.054638524213822
4 1 0.1080255686819065
5 1 -0.3683014746117623
6 1 -0.6239658301176292
7 1 0.6908794267696864
8 1 -1.330086431038595
9 1 0.4930439135806228
10 1 -0.1324206704248017
11 1 0.4823912321012117
12 1 1.29808227109612
13 1 -0.1963367593012684
14 1 0.1612889760789621
15 1 -0.8370194597058516
16 1 1.973766639218769
17 1 -0.2724273412970621
18 1 -0.8994137369424025
19 1 0.9785018267137867
20 1 1.322431257334774
21 1 0.7867535600843866
22 1 -0.3409088650932765
23 1 -0.383519591010921
1 2 1.646732115148451
2 2 -0.7720796155524605
3 2 0.5637532929214155
4 2 -0.3225612400025212
5 2 1.363662760733748
6 2 -0.8563643109680741
7 2 -0.4375912960099939
8 2 -0.4566746232739064
9 2 -1.385926642541646
10 2 -1.674296921196324
11 2 2.295035149697479
12 2 1.052498507847175
13 2 0.02782985225987242
14 2 1.443176624333384
15 2 0.2552395021548299
16 2 1.429924313733445
17 2 -0.9454198381996658
18 2 1.591072410628706
19 2 0.3024177278906136
20 2 -0.404195473298147
21 2 -1.08854479267901
22 2 0.1900381340031288
23 2 -0.5563319989854496
1 3 2.370162611346579
2 3 -0.5989192774280866
3 3 0.7925608913409358
4 3 0.0392117553831848
5 3 2.715816920786017
6 3 -0.3418942781013245
7 3 -0.3862089331576628
8 3 -1.316816689340767
9 3 0.08352641043952309
10 3 0.7216574432507945
11 3 -1.485212378554853
12 3 0.7836979603296681
13 3 -0.08486927877456242
14 3 -0.5014270363041424
15 3 0.7039315812282592
16 3 0.2519220996536086
17 3 -0.3773460021463951
18 3 -0.6609597945069602
19 3 0.2076074445972703
20 3 -0.9622994488900606
21 3 0.1012522724620584
22 3 -0.2444020369773803
23 3 -1.19273565518302
1 4 2.167074770540666
2 4 -0.5650759790880318
3 4 -0.4213184983009602
4 4 -0.5984550247589085
5 4 2.216005417035474
6 4 -0.4436976311939344
7 4 2.405279778282832
8 4 -0.6272823823837567
9 4 -0.5263866306967883
10 4 2.399210860888127
11 4 -0.5199384059649143
12 4 -0.4592492320178656
13 4 -0.5654552864252008
14 4 -0.335974347437923
15 4 2.217901953721319
16 4 -0.4228357276496364
17 4 -0.3488707969016708
18 4 -0.6405581391846735
19 4 -0.3799739985495333
20 4 -0.4873179749683756
21 4 -0.4281460303700032
22 4 -0.5028695757923068
23 4 -0.4133530442204101
1 5 0.3055671923467296
2 5 -0.4138367708380026
3 5 0.1685788927702357
4 5 -0.274263786363839
5 5 -0.9846213524067272
6 5 0.4589251629417982
7 5 -0.8006779438559005
8 5 0.4416939302906669
9 5 -0.2557402112638728
10 5 0.08414585277969228
11 5 0.3120289045909038
12 5 -0.1178903500548223
13 5 0.7492714331133609
14 5 0.3090134388769559
15 5 -1.391278442973426
16 5 0.06691462012856096
17 5 -0.9716979279183787
18 5 0.02900590829607208
19 5 -0.4263294145100728
20 5 1.676742530560503
21 5 -0.6955674246839995
22 5 0.00186671687054027
23 5 -0.3285421692149026
1 6 1.620587204996652
2 6 -0.9450323802226923
3 6 -0.9420059045983918
4 6 1.555335531962087
5 6 -0.9991225828697662
6 6 0.05988094715033936
7 6 -0.9288965429846219
8 6 1.624423960442352
9 6 0.0229515052240336
10 6 1.649000659660963
11 6 -0.8523438811827215
12 6 -0.8886723208573931
13 6 -0.8673743035651078
14 6 -0.8924661475708338
15 6 -0.1215573397447856
16 6 0.1056215113729244
17 6 -1.012323168039588
18 6 1.278944255400298
19 6 -0.9241260876122758
20 6 -0.6936202597444481
21 6 -0.9362427222925429
22 6 1.567055075868953
23 6 1.548295219871515
1 7 -1.264246815312001
2 7 0.4923908649109902
3 7 1.370709705022486
4 7 -1.264246815312001
5 7 1.370709705022486
6 7 -0.3859279752005054
7 7 0.4923908649109902
8 7 -1.264246815312001
9 7 -0.3859279752005054
10 7 -1.264246815312001
11 7 1.370709705022486
12 7 1.370709705022486
13 7 1.370709705022486
14 7 0.4923908649109902
15 7 -0.3859279752005054
16 7 -0.3859279752005054
17 7 0.4923908649109902
18 7 -1.264246815312001
19 7 0.4923908649109902
20 7 1.370709705022486
21 7 0.4923908649109902
22 7 -1.264246815312001
23 7 -1.264246815312001



# name: <cell-element>
# type: sparse matrix
# nnz: 91
# rows: 13
# columns: 7
1 1 -0.3256907486941177
2 1 0.1947688321571113
3 1 0.1080255686819065
4 1 -0.3683014746117623
5 1 -0.1324206704248017
6 1 -0.2465565434184923
7 1 1.973766639218769
8 1 -0.01524117415127935
9 1 -0.2724273412970621
10 1 -0.8994137369424025
11 1 0.9785018267137867
12 1 -0.3409088650932765
13 1 -1.923592970605786
1 2 1.646732115148451
2 2 -0.7720796155524605
3 2 -0.3225612400025212
4 2 1.363662760733748
5 2 -1.674296921196324
6 2 -0.6538690050010024
7 2 1.429924313733445
8 2 1.160107269918682
9 2 -0.9454198381996658
10 2 1.591072410628706
11 2 0.3024177278906136
12 2 0.1900381340031288
13 2 2.482687867792619
1 3 2.370162611346579
2 3 -0.5989192774280866
3 3 0.0392117553831848
4 3 2.715816920786017
5 3 0.7216574432507945
6 3 1.864975543704323
7 3 0.2519220996536086
8 3 0.5266729610029061
9 3 -0.3773460021463951
10 3 -0.6609597945069602
11 3 0.2076074445972703
12 3 -0.2444020369773803
13 3 -0.8559442767548487
1 4 2.167074770540666
2 4 -0.5650759790880318
3 4 -0.5984550247589085
4 4 2.216005417035474
5 4 2.399210860888127
6 4 2.405659085620001
7 4 -0.4228357276496364
8 4 -0.09170042230105205
9 4 -0.3488707969016708
10 4 -0.6405581391846735
11 4 -0.3799739985495333
12 4 -0.5028695757923068
13 4 0.08733264084274156
1 5 0.3055671923467296
2 5 -0.4138367708380026
3 5 -0.274263786363839
4 5 -0.9846213524067272
5 5 0.08414585277969228
6 5 0.07036086665878723
7 5 0.06691462012856096
8 5 -0.8308326009953803
9 5 -0.9716979279183787
10 5 0.02900590829607208
11 5 -0.4263294145100728
12 5 0.00186671687054027
13 5 2.744648174114366
1 6 1.620587204996652
2 6 -0.9450323802226923
3 6 1.555335531962087
4 6 -0.9991225828697662
5 6 1.649000659660963
6 6 1.591293711321019
7 6 0.1056215113729244
8 6 -0.9949316653829244
9 6 -1.012323168039588
10 6 1.278944255400298
11 6 -0.9241260876122758
12 6 1.567055075868953
13 6 -0.7332327474369777
1 7 -1.264246815312001
2 7 0.4923908649109902
3 7 -1.264246815312001
4 7 1.370709705022486
5 7 -1.264246815312001
6 7 -1.264246815312001
7 7 -0.3859279752005054
8 7 0.4923908649109902
9 7 0.4923908649109902
10 7 -1.264246815312001
11 7 0.4923908649109902
12 7 -1.264246815312001
13 7 1.370709705022486



