# Created by Octave 4.0.0, Wed May 18 23:34:33 2016 CEST <peter@Independence>
# name: SVs
# type: cell
# rows: 1
# columns: 7
# name: <cell-element>
# type: sparse matrix
# nnz: 56
# rows: 8
# columns: 7
1 1 -0.3256907486941177
2 1 0.8871931283188342
3 1 -0.01524117415127935
4 1 0.7867535600843866
5 1 0.733490152687331
6 1 1.75919119799063
7 1 0.6908794267696864
8 1 -0.1339424820647176
1 2 1.646732115148451
2 2 1.286799359254101
3 2 1.160107269918682
4 2 -1.08854479267901
5 2 -0.5881375444253037
6 2 0.1338483370593864
7 2 -0.4375912960099939
8 2 0.2149524779310146
1 3 2.370162611346579
2 3 -0.5811934154055513
3 3 0.5266729610029061
4 3 0.1012522724620584
5 3 -1.538389964622458
6 3 -1.387720137430908
7 3 -0.3862089331576628
8 3 -0.7761778976534398
1 4 2.167074770540666
2 4 -0.566593208436708
3 4 -0.09170042230105205
4 4 -0.4281460303700032
5 4 -0.5536967589729601
6 4 -0.5009730391064616
7 4 2.405279778282832
8 4 -0.5768345065402725
1 5 0.3055671923467296
2 5 2.795049529618926
3 5 -0.8308326009953803
4 5 -0.6955674246839995
5 5 -0.7735387524303686
6 5 0.4024928760093432
7 5 -0.8006779438559005
8 5 -0.3496504292125384
1 6 1.620587204996652
2 6 -0.6288676332224005
3 6 -0.9949316653829244
4 6 -0.9362427222925429
5 6 -0.9425371476601041
6 6 -0.8029973034503316
7 6 -0.9288965429846219
8 6 1.534885357131928
1 7 -1.264246815312001
2 7 0.4923908649109902
3 7 0.4923908649109902
4 7 0.4923908649109902
5 7 1.370709705022486
6 7 1.370709705022486
7 7 0.4923908649109902
8 7 -1.264246815312001



# name: <cell-element>
# type: sparse matrix
# nnz: 140
# rows: 20
# columns: 7
1 1 0.4823912321012117
2 1 -0.3256907486941177
3 1 -0.01524117415127935
4 1 -0.2815582111365574
5 1 0.3530372427083623
6 1 -0.2465565434184923
7 1 0.1080255686819065
8 1 0.733490152687331
9 1 -0.674185614234853
10 1 1.75919119799063
11 1 0.1612889760789621
12 1 -0.2100330640605113
13 1 -0.3409088650932765
14 1 0.6908794267696864
15 1 -1.687712166418825
16 1 0.1947688321571113
17 1 -0.3119944439348749
18 1 -0.1963367593012684
19 1 0.6665304405310325
20 1 0.9785018267137867
1 2 2.295035149697479
2 2 1.646732115148451
3 2 1.160107269918682
4 2 1.139433665382776
5 2 0.3384640127224484
6 2 -0.6538690050010024
7 2 -0.3225612400025212
8 2 -0.5881375444253037
9 2 -0.5208158065776124
10 2 0.1338483370593864
11 2 1.443176624333384
12 2 -0.9427693760796779
13 2 0.1900381340031288
14 2 -0.4375912960099939
15 2 -0.6353157701610874
16 2 -0.7720796155524605
17 2 1.681188122708293
18 2 0.02782985225987242
19 2 0.7206606504246962
20 2 0.3024177278906136
1 3 -1.485212378554853
2 3 2.370162611346579
3 3 0.5266729610029061
4 3 1.262296234938122
5 3 1.147078131791642
6 3 1.864975543704323
7 3 0.0392117553831848
8 3 -1.538389964622458
9 3 0.8191496843747388
10 3 -1.387720137430908
11 3 -0.5014270363041424
12 3 -2.016988239230912
13 3 -0.2444020369773803
14 3 -0.3862089331576628
15 3 0.3494143407775528
16 3 -0.5989192774280866
17 3 0.7305203742620622
18 3 -0.08486927877456242
19 3 -1.307953758329499
20 3 0.2076074445972703
1 4 -0.5199384059649143
2 4 2.167074770540666
3 4 -0.09170042230105205
4 4 -0.4008359020938312
5 4 -0.5499036856012696
6 4 2.405659085620001
7 4 -0.5984550247589085
8 4 -0.5536967589729601
9 4 -0.573420740505751
10 4 -0.5009730391064616
11 4 -0.335974347437923
12 4 -0.5696276671340604
13 4 -0.5028695757923068
14 4 2.405279778282832
15 4 -0.5089384931870117
16 4 -0.5650759790880318
17 4 -0.2741472514793671
18 4 -0.5654552864252008
19 4 -0.4387666358107367
20 4 -0.3799739985495333
1 5 0.3120289045909038
2 5 0.3055671923467296
3 5 -0.8308326009953803
4 5 4.533680904118075
5 5 0.3697535339721937
6 5 0.07036086665878723
7 5 -0.274263786363839
8 5 -0.7735387524303686
9 5 -0.3315576349288505
10 5 0.4024928760093432
11 5 0.3090134388769559
12 5 -0.6843671234607641
13 5 0.00186671687054027
14 5 -0.8006779438559005
15 5 -0.2449706908569157
16 5 -0.4138367708380026
17 5 -0.0661966521014284
18 5 0.7492714331133609
19 5 0.7996727886179199
20 5 -0.4263294145100728
1 6 -0.8523438811827215
2 6 1.620587204996652
3 6 -0.9949316653829244
4 6 -0.5389587695962377
5 6 0.06802130800506266
6 6 1.591293711321019
7 6 1.555335531962087
8 6 -0.9425371476601041
9 6 1.510297925730252
10 6 -0.8029973034503316
11 6 -0.8924661475708338
12 6 -0.9519922009402771
13 6 1.567055075868953
14 6 -0.9288965429846219
15 6 -0.07482941468023019
16 6 -0.9450323802226923
17 6 0.009868974067925869
18 6 -0.8673743035651078
19 6 -0.8152266260527801
20 6 -0.9241260876122758
1 7 1.370709705022486
2 7 -1.264246815312001
3 7 0.4923908649109902
4 7 1.370709705022486
5 7 -0.3859279752005054
6 7 -1.264246815312001
7 7 -1.264246815312001
8 7 1.370709705022486
9 7 -1.264246815312001
10 7 1.370709705022486
11 7 0.4923908649109902
12 7 0.4923908649109902
13 7 -1.264246815312001
14 7 0.4923908649109902
15 7 -0.3859279752005054
16 7 0.4923908649109902
17 7 -0.3859279752005054
18 7 1.370709705022486
19 7 0.4923908649109902
20 7 0.4923908649109902



