# Created by Octave 4.0.0, Sun May 22 18:34:32 2016 CEST <peter@Independence>
# name: x
# type: matrix
# rows: 1
# columns: 100
 60 60.60606060606061 61.21212121212122 61.81818181818181 62.42424242424242 63.03030303030303 63.63636363636364 64.24242424242425 64.84848484848484 65.45454545454545 66.06060606060606 66.66666666666666 67.27272727272728 67.87878787878788 68.48484848484848 69.09090909090909 69.69696969696969 70.3030303030303 70.90909090909091 71.51515151515152 72.12121212121212 72.72727272727272 73.33333333333333 73.93939393939394 74.54545454545455 75.15151515151516 75.75757575757575 76.36363636363636 76.96969696969697 77.57575757575758 78.18181818181819 78.78787878787878 79.39393939393939 80 80.60606060606061 81.21212121212122 81.81818181818181 82.42424242424242 83.03030303030303 83.63636363636364 84.24242424242425 84.84848484848484 85.45454545454545 86.06060606060606 86.66666666666667 87.27272727272727 87.87878787878788 88.48484848484848 89.09090909090909 89.69696969696969 90.3030303030303 90.90909090909091 91.51515151515152 92.12121212121212 92.72727272727273 93.33333333333333 93.93939393939394 94.54545454545455 95.15151515151516 95.75757575757575 96.36363636363636 96.96969696969697 97.57575757575758 98.18181818181819 98.78787878787878 99.39393939393939 100 100.6060606060606 101.2121212121212 101.8181818181818 102.4242424242424 103.030303030303 103.6363636363636 104.2424242424242 104.8484848484848 105.4545454545455 106.0606060606061 106.6666666666667 107.2727272727273 107.8787878787879 108.4848484848485 109.0909090909091 109.6969696969697 110.3030303030303 110.9090909090909 111.5151515151515 112.1212121212121 112.7272727272727 113.3333333333333 113.9393939393939 114.5454545454545 115.1515151515151 115.7575757575758 116.3636363636364 116.969696969697 117.5757575757576 118.1818181818182 118.7878787878788 119.3939393939394 120


# name: y
# type: matrix
# rows: 100
# columns: 1
 966647.5181235567
 965690.9423462425
 964774.6373662985
 963897.7371450713
 963059.3756439078
 962258.6868241552
 961494.8046471601
 960766.8630742694
 960073.9960668301
 959415.3375861889
 958790.0215936929
 958197.1820506889
 957635.9529185237
 957105.4681585443
 956604.8617320973
 956133.2676005301
 955689.819725189
 955273.6520674214
 954883.8985885738
 954519.6932499933
 954180.1700130266
 953864.4628390206
 953571.7056893226
 953301.0325252789
 953051.5773082366
 952822.4739995426
 952612.8565605439
 952421.8589525872
 952248.6151370194
 952092.2590751876
 951951.9247284384
 951826.7460581188
 951715.8570255756
 951618.3915921558
 951533.4837192062
 951460.2673680737
 951397.8765001053
 951345.4450766477
 951302.1070590478
 951266.9964086526
 951239.2470868089
 951217.9930548636
 951202.3682741636
 951191.5067060557
 951184.5423118869
 951180.609053004
 951178.8408907538
 951178.3717864834
 951178.3357015395
 951177.8665972691
 951176.0984350189
 951172.1651761361
 951165.2007819673
 951154.3392138593
 951138.7144331593
 951117.460401214
 951089.7110793703
 951054.6004289751
 951011.2624113753
 950958.8309879176
 950896.4401199492
 950823.2237688167
 950738.3158958672
 950640.8504624474
 950529.9614299042
 950404.7827595846
 950264.4484128354
 950108.0923510034
 949934.8485354357
 949743.850927479
 949534.2334884802
 949305.1301797864
 949055.6749627441
 948785.0017987004
 948492.2446490022
 948176.5374749963
 947837.0142380297
 947472.8088994492
 947083.0554206015
 946666.8877628339
 946223.4398874929
 945751.8457559255
 945251.2393294787
 944720.7545694993
 944159.5254373341
 943566.68589433
 942941.3699018339
 942282.7114211929
 941589.8444137535
 940861.9028408629
 940098.0206638677
 939297.331844115
 938458.9703429517
 937582.0701217245
 936665.7651417804
 935709.1893644662
 934711.4767511289
 933671.7612631152
 932589.1768617722
 931462.8575084467


# name: QUERY
# type: sq_string
# elements: 1
# length: 2
R3


# name: DATASIZE
# type: sq_string
# elements: 1
# length: 4
1000


