# Created by Octave 4.0.0, Sun May 22 18:34:32 2016 CEST <peter@Independence>
# name: x
# type: matrix
# rows: 1
# columns: 100
 60 60.60606060606061 61.21212121212122 61.81818181818181 62.42424242424242 63.03030303030303 63.63636363636364 64.24242424242425 64.84848484848484 65.45454545454545 66.06060606060606 66.66666666666666 67.27272727272728 67.87878787878788 68.48484848484848 69.09090909090909 69.69696969696969 70.3030303030303 70.90909090909091 71.51515151515152 72.12121212121212 72.72727272727272 73.33333333333333 73.93939393939394 74.54545454545455 75.15151515151516 75.75757575757575 76.36363636363636 76.96969696969697 77.57575757575758 78.18181818181819 78.78787878787878 79.39393939393939 80 80.60606060606061 81.21212121212122 81.81818181818181 82.42424242424242 83.03030303030303 83.63636363636364 84.24242424242425 84.84848484848484 85.45454545454545 86.06060606060606 86.66666666666667 87.27272727272727 87.87878787878788 88.48484848484848 89.09090909090909 89.69696969696969 90.3030303030303 90.90909090909091 91.51515151515152 92.12121212121212 92.72727272727273 93.33333333333333 93.93939393939394 94.54545454545455 95.15151515151516 95.75757575757575 96.36363636363636 96.96969696969697 97.57575757575758 98.18181818181819 98.78787878787878 99.39393939393939 100 100.6060606060606 101.2121212121212 101.8181818181818 102.4242424242424 103.030303030303 103.6363636363636 104.2424242424242 104.8484848484848 105.4545454545455 106.0606060606061 106.6666666666667 107.2727272727273 107.8787878787879 108.4848484848485 109.0909090909091 109.6969696969697 110.3030303030303 110.9090909090909 111.5151515151515 112.1212121212121 112.7272727272727 113.3333333333333 113.9393939393939 114.5454545454545 115.1515151515151 115.7575757575758 116.3636363636364 116.969696969697 117.5757575757576 118.1818181818182 118.7878787878788 119.3939393939394 120


# name: y
# type: matrix
# rows: 100
# columns: 1
 905442.0400662178
 905080.2406168825
 904726.1390281714
 904379.7353000845
 904041.0294326217
 903710.0214257831
 903386.7112795686
 903071.0989939782
 902763.184569012
 902462.96800467
 902170.4493009521
 901885.6284578585
 901608.505475389
 901339.0803535435
 901077.3530923222
 900823.3236917251
 900576.9921517522
 900338.3584724035
 900107.4226536788
 899884.1846955784
 899668.6445981021
 899460.8023612499
 899260.6579850218
 899068.211469418
 898883.4628144383
 898706.4120200828
 898537.0590863514
 898375.4040132441
 898221.446800761
 898075.1874489021
 897936.6259576674
 897805.7623270567
 897682.5965570703
 897567.1286477079
 897459.3585989698
 897359.2864108557
 897266.912083366
 897182.2356165003
 897105.2570102587
 897035.9762646413
 896974.393379648
 896920.508355279
 896874.3211915341
 896835.8318884133
 896805.0404459167
 896781.9468640442
 896766.5511427959
 896758.8532821718
 896758.8532821718
 896766.5511427959
 896781.9468640442
 896805.0404459167
 896835.8318884133
 896874.3211915341
 896920.508355279
 896974.393379648
 897035.9762646413
 897105.2570102587
 897182.2356165003
 897266.912083366
 897359.2864108557
 897459.3585989698
 897567.1286477079
 897682.5965570703
 897805.7623270567
 897936.6259576674
 898075.1874489021
 898221.446800761
 898375.4040132441
 898537.0590863514
 898706.4120200828
 898883.4628144383
 899068.211469418
 899260.6579850218
 899460.8023612499
 899668.6445981021
 899884.1846955784
 900107.4226536788
 900338.3584724035
 900576.9921517522
 900823.3236917251
 901077.3530923222
 901339.0803535435
 901608.505475389
 901885.6284578585
 902170.4493009523
 902462.96800467
 902763.1845690121
 903071.0989939782
 903386.7112795686
 903710.0214257831
 904041.0294326217
 904379.7353000845
 904726.1390281714
 905080.2406168826
 905442.0400662178
 905811.5373761771
 906188.7325467608
 906573.6255779684
 906966.2164698003


# name: QUERY
# type: sq_string
# elements: 1
# length: 2
R3


# name: DATASIZE
# type: sq_string
# elements: 1
# length: 4
1000


