# Created by Octave 4.0.0, Wed May 18 23:34:40 2016 CEST <peter@Independence>
# name: x
# type: matrix
# rows: 1
# columns: 100
 60 60.60606060606061 61.21212121212122 61.81818181818181 62.42424242424242 63.03030303030303 63.63636363636364 64.24242424242425 64.84848484848484 65.45454545454545 66.06060606060606 66.66666666666666 67.27272727272728 67.87878787878788 68.48484848484848 69.09090909090909 69.69696969696969 70.3030303030303 70.90909090909091 71.51515151515152 72.12121212121212 72.72727272727272 73.33333333333333 73.93939393939394 74.54545454545455 75.15151515151516 75.75757575757575 76.36363636363636 76.96969696969697 77.57575757575758 78.18181818181819 78.78787878787878 79.39393939393939 80 80.60606060606061 81.21212121212122 81.81818181818181 82.42424242424242 83.03030303030303 83.63636363636364 84.24242424242425 84.84848484848484 85.45454545454545 86.06060606060606 86.66666666666667 87.27272727272727 87.87878787878788 88.48484848484848 89.09090909090909 89.69696969696969 90.3030303030303 90.90909090909091 91.51515151515152 92.12121212121212 92.72727272727273 93.33333333333333 93.93939393939394 94.54545454545455 95.15151515151516 95.75757575757575 96.36363636363636 96.96969696969697 97.57575757575758 98.18181818181819 98.78787878787878 99.39393939393939 100 100.6060606060606 101.2121212121212 101.8181818181818 102.4242424242424 103.030303030303 103.6363636363636 104.2424242424242 104.8484848484848 105.4545454545455 106.0606060606061 106.6666666666667 107.2727272727273 107.8787878787879 108.4848484848485 109.0909090909091 109.6969696969697 110.3030303030303 110.9090909090909 111.5151515151515 112.1212121212121 112.7272727272727 113.3333333333333 113.9393939393939 114.5454545454545 115.1515151515151 115.7575757575758 116.3636363636364 116.969696969697 117.5757575757576 118.1818181818182 118.7878787878788 119.3939393939394 120


# name: y
# type: matrix
# rows: 100
# columns: 1
 906160.9466126099
 905591.2000114896
 905033.5756784782
 904488.0736135758
 903954.6938167823
 903433.4362880978
 902924.3010275222
 902427.2880350555
 901942.3973106978
 901469.628854449
 901008.9826663092
 900560.4587462783
 900124.0570943564
 899699.7777105434
 899287.6205948393
 898887.5857472442
 898499.673167758
 898123.8828563808
 897760.2148131125
 897408.6690379531
 897069.2455309028
 896741.9442919613
 896426.7653211288
 896123.7086184052
 895832.7741837905
 895553.9620172849
 895287.2721188881
 895032.7044886004
 894790.2591264215
 894559.9360323516
 894341.7352063906
 894135.6566485385
 893941.7003587955
 893759.8663371613
 893590.1545836361
 893432.5650982199
 893287.0978809126
 893153.7529317142
 893032.5302506248
 892923.4298376443
 892826.4516927727
 892741.5958160101
 892668.8622073565
 892608.2508668117
 892559.761794376
 892523.3949900492
 892499.1504538313
 892487.0281857223
 892487.0281857223
 892499.1504538313
 892523.3949900492
 892559.761794376
 892608.2508668117
 892668.8622073565
 892741.5958160101
 892826.4516927727
 892923.4298376443
 893032.5302506248
 893153.7529317142
 893287.0978809126
 893432.5650982199
 893590.1545836361
 893759.8663371613
 893941.7003587955
 894135.6566485385
 894341.7352063906
 894559.9360323516
 894790.2591264215
 895032.7044886004
 895287.2721188881
 895553.9620172849
 895832.7741837905
 896123.7086184052
 896426.7653211288
 896741.9442919613
 897069.2455309028
 897408.6690379531
 897760.2148131125
 898123.8828563808
 898499.673167758
 898887.5857472442
 899287.6205948393
 899699.7777105434
 900124.0570943563
 900560.4587462783
 901008.9826663092
 901469.628854449
 901942.3973106978
 902427.2880350555
 902924.3010275222
 903433.4362880978
 903954.6938167823
 904488.0736135758
 905033.5756784782
 905591.2000114896
 906160.9466126099
 906742.8154818391
 907336.8066191775
 907942.9200246246
 908561.1556981807


# name: QUERY
# type: sq_string
# elements: 1
# length: 2
R3


# name: DATASIZE
# type: sq_string
# elements: 1
# length: 4
1000


