# Created by Octave 4.0.0, Sun May 22 18:34:32 2016 CEST <peter@Independence>
# name: x
# type: matrix
# rows: 1
# columns: 100
 60 60.60606060606061 61.21212121212122 61.81818181818181 62.42424242424242 63.03030303030303 63.63636363636364 64.24242424242425 64.84848484848484 65.45454545454545 66.06060606060606 66.66666666666666 67.27272727272728 67.87878787878788 68.48484848484848 69.09090909090909 69.69696969696969 70.3030303030303 70.90909090909091 71.51515151515152 72.12121212121212 72.72727272727272 73.33333333333333 73.93939393939394 74.54545454545455 75.15151515151516 75.75757575757575 76.36363636363636 76.96969696969697 77.57575757575758 78.18181818181819 78.78787878787878 79.39393939393939 80 80.60606060606061 81.21212121212122 81.81818181818181 82.42424242424242 83.03030303030303 83.63636363636364 84.24242424242425 84.84848484848484 85.45454545454545 86.06060606060606 86.66666666666667 87.27272727272727 87.87878787878788 88.48484848484848 89.09090909090909 89.69696969696969 90.3030303030303 90.90909090909091 91.51515151515152 92.12121212121212 92.72727272727273 93.33333333333333 93.93939393939394 94.54545454545455 95.15151515151516 95.75757575757575 96.36363636363636 96.96969696969697 97.57575757575758 98.18181818181819 98.78787878787878 99.39393939393939 100 100.6060606060606 101.2121212121212 101.8181818181818 102.4242424242424 103.030303030303 103.6363636363636 104.2424242424242 104.8484848484848 105.4545454545455 106.0606060606061 106.6666666666667 107.2727272727273 107.8787878787879 108.4848484848485 109.0909090909091 109.6969696969697 110.3030303030303 110.9090909090909 111.5151515151515 112.1212121212121 112.7272727272727 113.3333333333333 113.9393939393939 114.5454545454545 115.1515151515151 115.7575757575758 116.3636363636364 116.969696969697 117.5757575757576 118.1818181818182 118.7878787878788 119.3939393939394 120


# name: y
# type: matrix
# rows: 100
# columns: 1
 954502.4203540782
 954460.4556709054
 954422.7687187986
 954389.0033024085
 954358.8259498641
 954331.9249250741
 954308.0092619765
 954286.8078207374
 954268.0683658986
 954251.5566664742
 954237.0556179958
 954224.3643865068
 954213.2975745053
 954203.6844088363
 954195.3679505324
 954188.2043266032
 954182.0619837745
 954176.8209641752
 954172.3722029733
 954168.616847962
 954165.4656010929
 954162.8380819589
 954160.6622132264
 954158.8736280157
 954157.4150992304
 954156.2359908354
 954155.291731085
 954154.5433076983
 954153.9567849842
 954153.5028429152
 954153.1563381505
 954152.8958870068
 954152.7034703795
 954152.5640606112
 954152.4652703106
 954152.3970231189
 954152.351246426
 954152.321586035
 954152.3031427759
 954152.2922310685
 954152.2861594328
 954152.2830329501
 954152.2815776718
 954152.2809869767
 954152.2807898789
 954152.2807412827
 954152.2807341875
 954152.2807338408
 954152.2807338408
 954152.2807341875
 954152.2807412827
 954152.2807898789
 954152.2809869767
 954152.2815776718
 954152.2830329501
 954152.2861594328
 954152.2922310685
 954152.3031427759
 954152.321586035
 954152.351246426
 954152.3970231189
 954152.4652703106
 954152.5640606112
 954152.7034703795
 954152.8958870068
 954153.1563381505
 954153.5028429152
 954153.9567849842
 954154.5433076983
 954155.291731085
 954156.2359908354
 954157.4150992304
 954158.8736280157
 954160.6622132264
 954162.8380819589
 954165.4656010929
 954168.616847962
 954172.3722029733
 954176.8209641752
 954182.0619837745
 954188.2043266032
 954195.3679505324
 954203.6844088363
 954213.2975745053
 954224.3643865068
 954237.0556179958
 954251.5566664742
 954268.0683658986
 954286.8078207374
 954308.0092619765
 954331.9249250741
 954358.8259498641
 954389.0033024085
 954422.7687187986
 954460.4556709054
 954502.4203540782
 954549.0426967925
 954600.7273922472
 954657.9049519096
 954721.03278101


# name: QUERY
# type: sq_string
# elements: 1
# length: 2
R3


# name: DATASIZE
# type: sq_string
# elements: 1
# length: 4
1000


