# Created by Octave 4.0.0, Wed May 18 23:34:40 2016 CEST <peter@Independence>
# name: x
# type: matrix
# rows: 1
# columns: 100
 60 60.60606060606061 61.21212121212122 61.81818181818181 62.42424242424242 63.03030303030303 63.63636363636364 64.24242424242425 64.84848484848484 65.45454545454545 66.06060606060606 66.66666666666666 67.27272727272728 67.87878787878788 68.48484848484848 69.09090909090909 69.69696969696969 70.3030303030303 70.90909090909091 71.51515151515152 72.12121212121212 72.72727272727272 73.33333333333333 73.93939393939394 74.54545454545455 75.15151515151516 75.75757575757575 76.36363636363636 76.96969696969697 77.57575757575758 78.18181818181819 78.78787878787878 79.39393939393939 80 80.60606060606061 81.21212121212122 81.81818181818181 82.42424242424242 83.03030303030303 83.63636363636364 84.24242424242425 84.84848484848484 85.45454545454545 86.06060606060606 86.66666666666667 87.27272727272727 87.87878787878788 88.48484848484848 89.09090909090909 89.69696969696969 90.3030303030303 90.90909090909091 91.51515151515152 92.12121212121212 92.72727272727273 93.33333333333333 93.93939393939394 94.54545454545455 95.15151515151516 95.75757575757575 96.36363636363636 96.96969696969697 97.57575757575758 98.18181818181819 98.78787878787878 99.39393939393939 100 100.6060606060606 101.2121212121212 101.8181818181818 102.4242424242424 103.030303030303 103.6363636363636 104.2424242424242 104.8484848484848 105.4545454545455 106.0606060606061 106.6666666666667 107.2727272727273 107.8787878787879 108.4848484848485 109.0909090909091 109.6969696969697 110.3030303030303 110.9090909090909 111.5151515151515 112.1212121212121 112.7272727272727 113.3333333333333 113.9393939393939 114.5454545454545 115.1515151515151 115.7575757575758 116.3636363636364 116.969696969697 117.5757575757576 118.1818181818182 118.7878787878788 119.3939393939394 120


# name: y
# type: matrix
# rows: 100
# columns: 1
 957445.5561996347
 957435.3543806924
 957426.1924990143
 957417.9839617758
 957410.6477003401
 957404.1079301448
 957398.2939159223
 957393.139742258
 957388.584089483
 957384.5700149036
 957381.0447393656
 957377.9594391555
 957375.2690432376
 957372.9320358254
 957370.9102642918
 957369.1687524115
 957367.6755189428
 957366.4014015425
 957365.3198860188
 957364.4069409184
 957363.6408574509
 957363.0020947474
 957362.4731304571
 957362.038316678
 957361.6837412239
 957361.3970942282
 957361.1675400821
 957360.9855947103
 957360.8430081808
 957360.7326526521
 957360.6484156556
 957360.5850987135
 957360.5383212939
 957360.5044301
 957360.4804136966
 957360.4638224718
 957360.4526939347
 957360.4454833491
 957360.440999703
 957360.4383470138
 957360.4368709696
 957360.4361109064
 957360.4357571211
 957360.4356135202
 957360.4355656048
 957360.4355537909
 957360.435552066
 957360.4355519817
 957360.4355519817
 957360.435552066
 957360.4355537909
 957360.4355656048
 957360.4356135202
 957360.4357571211
 957360.4361109064
 957360.4368709696
 957360.4383470138
 957360.440999703
 957360.4454833491
 957360.4526939347
 957360.4638224718
 957360.4804136966
 957360.5044301
 957360.5383212939
 957360.5850987135
 957360.6484156556
 957360.7326526521
 957360.8430081808
 957360.9855947103
 957361.1675400821
 957361.3970942282
 957361.6837412239
 957362.038316678
 957362.4731304571
 957363.0020947474
 957363.6408574509
 957364.4069409184
 957365.3198860188
 957366.4014015425
 957367.6755189428
 957369.1687524115
 957370.9102642918
 957372.9320358254
 957375.2690432376
 957377.9594391555
 957381.0447393656
 957384.5700149036
 957388.584089483
 957393.139742258
 957398.2939159223
 957404.1079301448
 957410.6477003401
 957417.9839617758
 957426.1924990143
 957435.3543806924
 957445.5561996347
 957456.890318305
 957469.4551195917
 957483.3552629298
 957498.7019457597


# name: QUERY
# type: sq_string
# elements: 1
# length: 2
R3


# name: DATASIZE
# type: sq_string
# elements: 1
# length: 4
1000


