# Created by Octave 4.0.0, Sun May 22 18:34:32 2016 CEST <peter@Independence>
# name: x
# type: matrix
# rows: 1
# columns: 100
 60 60.60606060606061 61.21212121212122 61.81818181818181 62.42424242424242 63.03030303030303 63.63636363636364 64.24242424242425 64.84848484848484 65.45454545454545 66.06060606060606 66.66666666666666 67.27272727272728 67.87878787878788 68.48484848484848 69.09090909090909 69.69696969696969 70.3030303030303 70.90909090909091 71.51515151515152 72.12121212121212 72.72727272727272 73.33333333333333 73.93939393939394 74.54545454545455 75.15151515151516 75.75757575757575 76.36363636363636 76.96969696969697 77.57575757575758 78.18181818181819 78.78787878787878 79.39393939393939 80 80.60606060606061 81.21212121212122 81.81818181818181 82.42424242424242 83.03030303030303 83.63636363636364 84.24242424242425 84.84848484848484 85.45454545454545 86.06060606060606 86.66666666666667 87.27272727272727 87.87878787878788 88.48484848484848 89.09090909090909 89.69696969696969 90.3030303030303 90.90909090909091 91.51515151515152 92.12121212121212 92.72727272727273 93.33333333333333 93.93939393939394 94.54545454545455 95.15151515151516 95.75757575757575 96.36363636363636 96.96969696969697 97.57575757575758 98.18181818181819 98.78787878787878 99.39393939393939 100 100.6060606060606 101.2121212121212 101.8181818181818 102.4242424242424 103.030303030303 103.6363636363636 104.2424242424242 104.8484848484848 105.4545454545455 106.0606060606061 106.6666666666667 107.2727272727273 107.8787878787879 108.4848484848485 109.0909090909091 109.6969696969697 110.3030303030303 110.9090909090909 111.5151515151515 112.1212121212121 112.7272727272727 113.3333333333333 113.9393939393939 114.5454545454545 115.1515151515151 115.7575757575758 116.3636363636364 116.969696969697 117.5757575757576 118.1818181818182 118.7878787878788 119.3939393939394 120


# name: y
# type: matrix
# rows: 100
# columns: 1
 951113.0086131556
 950954.5997070393
 950806.0876627753
 950667.0514184542
 950537.0790656861
 950415.7678496018
 950302.7241688508
 950197.5635756032
 950099.9107755483
 950009.3996278954
 949925.6731453738
 949848.3834942321
 949777.191994239
 949711.7691186827
 949651.7944943716
 949596.9569016334
 949546.9542743159
 949501.4936997863
 949460.291418932
 949423.07282616
 949389.5724693969
 949359.5340500893
 949332.7104232034
 949308.8635972253
 949287.7647341609
 949269.1941495355
 949252.9413123946
 949238.8048453034
 949226.5925243467
 949216.1212791292
 949207.2171927751
 949199.7155019288
 949193.4605967542
 949188.3060209351
 949184.1144716748
 949180.7577996966
 949178.1170092437
 949176.0822580786
 949174.5528574842
 949173.4372722624
 949172.6531207357
 949172.1271747458
 949171.7953596541
 949171.6027543424
 949171.5035912115
 949171.4612561826
 949171.4482886962
 949171.446381713
 949171.446381713
 949171.4482886962
 949171.4612561826
 949171.5035912115
 949171.6027543424
 949171.7953596541
 949172.1271747458
 949172.6531207357
 949173.4372722624
 949174.5528574842
 949176.0822580786
 949178.1170092437
 949180.7577996966
 949184.1144716748
 949188.3060209351
 949193.4605967542
 949199.7155019288
 949207.2171927751
 949216.1212791292
 949226.5925243467
 949238.8048453034
 949252.9413123946
 949269.1941495355
 949287.7647341609
 949308.8635972253
 949332.7104232034
 949359.5340500893
 949389.5724693969
 949423.07282616
 949460.291418932
 949501.4936997863
 949546.9542743159
 949596.9569016334
 949651.7944943716
 949711.7691186827
 949777.191994239
 949848.3834942321
 949925.6731453738
 950009.3996278954
 950099.9107755483
 950197.5635756032
 950302.7241688508
 950415.7678496018
 950537.0790656861
 950667.0514184542
 950806.0876627753
 950954.5997070393
 951113.0086131556
 951281.744596553
 951461.2470261805
 951651.9644245066
 951854.35446752


# name: QUERY
# type: sq_string
# elements: 1
# length: 2
R3


# name: DATASIZE
# type: sq_string
# elements: 1
# length: 4
1000


