# Created by Octave 4.0.0, Wed May 18 23:34:40 2016 CEST <peter@Independence>
# name: x
# type: matrix
# rows: 1
# columns: 100
 60 60.60606060606061 61.21212121212122 61.81818181818181 62.42424242424242 63.03030303030303 63.63636363636364 64.24242424242425 64.84848484848484 65.45454545454545 66.06060606060606 66.66666666666666 67.27272727272728 67.87878787878788 68.48484848484848 69.09090909090909 69.69696969696969 70.3030303030303 70.90909090909091 71.51515151515152 72.12121212121212 72.72727272727272 73.33333333333333 73.93939393939394 74.54545454545455 75.15151515151516 75.75757575757575 76.36363636363636 76.96969696969697 77.57575757575758 78.18181818181819 78.78787878787878 79.39393939393939 80 80.60606060606061 81.21212121212122 81.81818181818181 82.42424242424242 83.03030303030303 83.63636363636364 84.24242424242425 84.84848484848484 85.45454545454545 86.06060606060606 86.66666666666667 87.27272727272727 87.87878787878788 88.48484848484848 89.09090909090909 89.69696969696969 90.3030303030303 90.90909090909091 91.51515151515152 92.12121212121212 92.72727272727273 93.33333333333333 93.93939393939394 94.54545454545455 95.15151515151516 95.75757575757575 96.36363636363636 96.96969696969697 97.57575757575758 98.18181818181819 98.78787878787878 99.39393939393939 100 100.6060606060606 101.2121212121212 101.8181818181818 102.4242424242424 103.030303030303 103.6363636363636 104.2424242424242 104.8484848484848 105.4545454545455 106.0606060606061 106.6666666666667 107.2727272727273 107.8787878787879 108.4848484848485 109.0909090909091 109.6969696969697 110.3030303030303 110.9090909090909 111.5151515151515 112.1212121212121 112.7272727272727 113.3333333333333 113.9393939393939 114.5454545454545 115.1515151515151 115.7575757575758 116.3636363636364 116.969696969697 117.5757575757576 118.1818181818182 118.7878787878788 119.3939393939394 120


# name: y
# type: matrix
# rows: 100
# columns: 1
 1008691.338227694
 1007594.771146577
 1006544.368344102
 1005539.137040083
 1004578.084454335
 1003660.217806671
 1002784.544316906
 1001950.071204855
 1001155.80569033
 1000400.754993146
 999683.9263331182
 999004.3269300598
 998360.9640037849
 997752.8447741079
 997178.976460843
 996638.3662838041
 996130.0214628055
 995652.9492176613
 995206.1567681857
 994788.6513341927
 994399.4401354967
 994037.5303919116
 993701.9293232517
 993391.6441493311
 993105.6820899639
 992843.0503649643
 992602.7561941465
 992383.8067973244
 992185.2093943125
 992005.9712049246
 991845.0994489751
 991701.6013462781
 991574.4841166476
 991462.7549798979
 991365.4211558431
 991281.4898642972
 991209.9683250746
 991149.8637579894
 991100.1833828556
 991059.9344194874
 991028.124087699
 991003.7596073045
 990985.848198118
 990973.3970799537
 990965.4134726258
 990960.9045959484
 990958.8776697356
 990958.3399138016
 990958.2985479606
 990957.7607920265
 990955.7338658137
 990951.2249891363
 990943.2413818084
 990930.7902636442
 990912.8788544576
 990888.5143740632
 990856.7040422747
 990816.4550789066
 990766.7747037727
 990706.6701366875
 990635.1485974649
 990551.2173059192
 990453.8834818642
 990342.1543451146
 990215.0371154841
 990071.539012787
 989910.6672568375
 989731.4290674498
 989532.8316644378
 989313.8822676158
 989073.5880967978
 988810.9563717982
 988524.9943124311
 988214.7091385104
 987879.1080698505
 987517.1983262654
 987127.9871275694
 986710.4816935764
 986263.6892441008
 985786.6169989567
 985278.272177958
 984737.6620009192
 984163.7936876542
 983555.6744579772
 982912.3115317024
 982232.7121286439
 981515.8834686158
 980760.8327714324
 979966.5672569076
 979132.0941448557
 978256.4206550911
 977338.5540074274
 976377.5014216792
 975372.2701176603
 974321.8673151851
 973225.3002340677
 972081.5760941223
 970889.7021151627
 969648.6855170035
 968357.5335194586


# name: QUERY
# type: sq_string
# elements: 1
# length: 2
R3


# name: DATASIZE
# type: sq_string
# elements: 1
# length: 4
1000


