# Created by Octave 4.0.0, Wed May 18 23:49:56 2016 CEST <peter@Independence>
# name: x
# type: matrix
# rows: 1
# columns: 100
 60 60.60606060606061 61.21212121212121 61.81818181818182 62.42424242424242 63.03030303030303 63.63636363636364 64.24242424242425 64.84848484848484 65.45454545454545 66.06060606060606 66.66666666666667 67.27272727272728 67.87878787878788 68.48484848484848 69.09090909090909 69.6969696969697 70.30303030303031 70.90909090909091 71.51515151515152 72.12121212121212 72.72727272727272 73.33333333333334 73.93939393939394 74.54545454545455 75.15151515151516 75.75757575757576 76.36363636363636 76.96969696969697 77.57575757575758 78.18181818181819 78.7878787878788 79.39393939393939 80 80.60606060606061 81.21212121212122 81.81818181818181 82.42424242424242 83.03030303030303 83.63636363636364 84.24242424242425 84.84848484848484 85.45454545454545 86.06060606060606 86.66666666666667 87.27272727272728 87.87878787878788 88.48484848484848 89.09090909090909 89.6969696969697 90.30303030303031 90.90909090909091 91.51515151515152 92.12121212121212 92.72727272727273 93.33333333333333 93.93939393939394 94.54545454545455 95.15151515151516 95.75757575757575 96.36363636363636 96.96969696969697 97.57575757575758 98.18181818181819 98.78787878787878 99.39393939393939 100 100.6060606060606 101.2121212121212 101.8181818181818 102.4242424242424 103.030303030303 103.6363636363636 104.2424242424242 104.8484848484848 105.4545454545455 106.0606060606061 106.6666666666667 107.2727272727273 107.8787878787879 108.4848484848485 109.0909090909091 109.6969696969697 110.3030303030303 110.9090909090909 111.5151515151515 112.1212121212121 112.7272727272727 113.3333333333333 113.9393939393939 114.5454545454545 115.1515151515152 115.7575757575758 116.3636363636364 116.969696969697 117.5757575757576 118.1818181818182 118.7878787878788 119.3939393939394 120


# name: y
# type: matrix
# rows: 100
# columns: 1
 1341707.692642431
 1338090.078733388
 1333843.733378968
 1328976.858312689
 1323500.461292761
 1317428.296954736
 1310776.787165189
 1303564.921535899
 1295814.13896044
 1287548.191227911
 1278792.989949176
 1269576.43819724
 1259928.24841311
 1249879.748259929
 1239463.676219628
 1228713.968816665
 1217665.541421555
 1206354.06463218
 1194815.738253041
 1183087.064891622
 1171204.625167167
 1159204.856481201
 1147123.83723179
 1134997.07826627
 1122859.32326124
 1110744.359595932
 1098684.841147329
 1086712.124284843
 1074856.118181094
 1063145.150385621
 1051605.848432652
 1040263.038074584
 1029139.658552002
 1018256.695131215
 1007633.12896344
 997285.9041481989
 987229.911718988
 977477.9901136231
 968040.9415464667
 958927.5635662777
 950144.6949628724
 941697.2750790237
 933588.4154917317
 925819.482949585
 918390.1923906343
 911298.7088179801
 904541.7567779196
 898114.7361676201
 892011.8430952526
 886226.1945246421
 880749.9554578731
 875574.4674419628
 870690.3772286003
 866087.7644679636
 861756.2673775484
 857685.2053936499
 853863.6978854152
 850280.7780881185
 846925.5014923597
 843787.0480082378
 840854.8173072081
 838118.5168283796
 835568.2420196908
 833194.5484669245
 830988.5156443318
 828941.8020991532
 827046.6919581215
 825296.1327167756
 823683.7643417878
 822203.9397823474
 820851.737048783
 819622.9630749568
 818514.1496354931
 817522.5416395755
 816646.0781698736
 815883.3666781652
 815233.6507884091
 814696.7721934214
 814273.1271629253
 813963.6182085571
 813769.6014754109
 813692.8304498378
 813735.3965894181
 813899.6674932303
 814188.2232386462
 814603.7915147892
 815149.1821824133
 815827.2218851877
 816640.6893281158
 817592.2518250382
 818684.4036987966
 819919.4070947
 821299.2357404535
 822825.5221537806
 824499.5087627398
 826322.003363393
 828293.3392952941
 830413.3406675614
 832681.2929174274
 835095.9189296192


# name: QUERY
# type: sq_string
# elements: 1
# length: 2
R3


# name: DATASIZE
# type: sq_string
# elements: 1
# length: 4
1000


