# Created by Octave 4.0.0, Mon May 23 13:48:31 2016 CEST <peter@Independence>
# name: x
# type: matrix
# rows: 1
# columns: 100
 60 60.60606060606061 61.21212121212121 61.81818181818182 62.42424242424242 63.03030303030303 63.63636363636364 64.24242424242425 64.84848484848484 65.45454545454545 66.06060606060606 66.66666666666667 67.27272727272728 67.87878787878788 68.48484848484848 69.09090909090909 69.6969696969697 70.30303030303031 70.90909090909091 71.51515151515152 72.12121212121212 72.72727272727272 73.33333333333334 73.93939393939394 74.54545454545455 75.15151515151516 75.75757575757576 76.36363636363636 76.96969696969697 77.57575757575758 78.18181818181819 78.7878787878788 79.39393939393939 80 80.60606060606061 81.21212121212122 81.81818181818181 82.42424242424242 83.03030303030303 83.63636363636364 84.24242424242425 84.84848484848484 85.45454545454545 86.06060606060606 86.66666666666667 87.27272727272728 87.87878787878788 88.48484848484848 89.09090909090909 89.6969696969697 90.30303030303031 90.90909090909091 91.51515151515152 92.12121212121212 92.72727272727273 93.33333333333333 93.93939393939394 94.54545454545455 95.15151515151516 95.75757575757575 96.36363636363636 96.96969696969697 97.57575757575758 98.18181818181819 98.78787878787878 99.39393939393939 100 100.6060606060606 101.2121212121212 101.8181818181818 102.4242424242424 103.030303030303 103.6363636363636 104.2424242424242 104.8484848484848 105.4545454545455 106.0606060606061 106.6666666666667 107.2727272727273 107.8787878787879 108.4848484848485 109.0909090909091 109.6969696969697 110.3030303030303 110.9090909090909 111.5151515151515 112.1212121212121 112.7272727272727 113.3333333333333 113.9393939393939 114.5454545454545 115.1515151515152 115.7575757575758 116.3636363636364 116.969696969697 117.5757575757576 118.1818181818182 118.7878787878788 119.3939393939394 120


# name: y
# type: matrix
# rows: 100
# columns: 1
 1336227.33496798
 1332666.346531898
 1328488.544175621
 1323702.203183044
 1318318.366191456
 1312350.783952418
 1305815.83578765
 1298732.430388947
 1291121.887811737
 1283007.803703158
 1274415.896984868
 1265373.842376085
 1255911.089291381
 1246058.668778859
 1235848.990275775
 1225315.63004933
 1214493.11325912
 1203416.691623999
 1192122.118699542
 1180645.424772804
 1169022.693359019
 1157289.841240831
 1145482.403925505
 1133635.328310498
 1121782.774244228
 1109957.926548495
 1098192.818933644
 1086518.171089217
 1074963.240073732
 1063555.686959465
 1052321.459514133
 1041284.691523414
 1030467.619178591
 1019890.514774597
 1009571.637787429
 999527.2032284485
 989771.3670083012
 980316.2278869314
 971171.8454398802
 962346.273336192
 953845.6071009081
 945674.0454262299
 937833.9640007012
 930326.0007456306
 923149.1512827299
 916300.8734066016
 909777.1993000989
 903572.8542093704
 897681.3802880371
 892095.2643257754
 886806.0680947775
 881804.5600772158
 877080.8473769386
 872624.5066681211
 868424.7130913431
 864470.3660724732
 860750.2111106412
 857252.9566573808
 853967.3852886433
 850882.4584537882
 847987.4141698775
 845271.8571147575
 842725.8406576668
 840339.9404507565
 838105.3192882675
 836013.7830216577
 834057.827398201
 832230.6757671004
 830526.3076706573
 828939.4784082306
 827465.7297274319
 826101.3918600557
 824843.5771795437
 823690.1658122297
 822639.7835861585
 821691.7727488508
 820846.1559289731
 820103.5938564073
 819465.3373906414
 818933.1744386894
 818509.3723707818
 818196.6165648014
 817997.9457287417
 817916.6846642715
 817956.3751436442
 818120.7055766262
 818413.4401437069
 818838.3480665013
 819399.1336759165
 820099.3679232472
 820942.4219589168
 821931.4033780888
 823069.0957019499
 824357.9016282109
 825799.7905445062
 827396.2507541195
 829148.2468151618
 831056.1823423371
 833119.8685652019
 835338.4988788459


# name: QUERY
# type: sq_string
# elements: 1
# length: 2
R3


# name: DATASIZE
# type: sq_string
# elements: 1
# length: 4
1000


