# Created by Octave 4.0.0, Wed May 18 23:49:56 2016 CEST <peter@Independence>
# name: x
# type: matrix
# rows: 1
# columns: 100
 60 60.60606060606061 61.21212121212121 61.81818181818182 62.42424242424242 63.03030303030303 63.63636363636364 64.24242424242425 64.84848484848484 65.45454545454545 66.06060606060606 66.66666666666667 67.27272727272728 67.87878787878788 68.48484848484848 69.09090909090909 69.6969696969697 70.30303030303031 70.90909090909091 71.51515151515152 72.12121212121212 72.72727272727272 73.33333333333334 73.93939393939394 74.54545454545455 75.15151515151516 75.75757575757576 76.36363636363636 76.96969696969697 77.57575757575758 78.18181818181819 78.7878787878788 79.39393939393939 80 80.60606060606061 81.21212121212122 81.81818181818181 82.42424242424242 83.03030303030303 83.63636363636364 84.24242424242425 84.84848484848484 85.45454545454545 86.06060606060606 86.66666666666667 87.27272727272728 87.87878787878788 88.48484848484848 89.09090909090909 89.6969696969697 90.30303030303031 90.90909090909091 91.51515151515152 92.12121212121212 92.72727272727273 93.33333333333333 93.93939393939394 94.54545454545455 95.15151515151516 95.75757575757575 96.36363636363636 96.96969696969697 97.57575757575758 98.18181818181819 98.78787878787878 99.39393939393939 100 100.6060606060606 101.2121212121212 101.8181818181818 102.4242424242424 103.030303030303 103.6363636363636 104.2424242424242 104.8484848484848 105.4545454545455 106.0606060606061 106.6666666666667 107.2727272727273 107.8787878787879 108.4848484848485 109.0909090909091 109.6969696969697 110.3030303030303 110.9090909090909 111.5151515151515 112.1212121212121 112.7272727272727 113.3333333333333 113.9393939393939 114.5454545454545 115.1515151515152 115.7575757575758 116.3636363636364 116.969696969697 117.5757575757576 118.1818181818182 118.7878787878788 119.3939393939394 120


# name: y
# type: matrix
# rows: 100
# columns: 1
 1271454.281382301
 1266108.754165262
 1260763.226948223
 1255417.699731184
 1250072.172514145
 1244726.645297106
 1239381.118080067
 1234035.590863029
 1228690.063645989
 1223344.53642895
 1217999.009211911
 1212653.481994873
 1207307.954777834
 1201962.427560795
 1196616.900343756
 1191271.373126717
 1185925.845909678
 1180580.318692639
 1175234.7914756
 1169889.264258561
 1164543.737041522
 1159198.209824483
 1153852.682607444
 1148507.155390405
 1143161.628173366
 1137816.100956327
 1132470.573739288
 1127125.046522249
 1121779.51930521
 1116433.992088172
 1111088.464871133
 1105742.937654093
 1100397.410437055
 1095051.883220016
 1089706.356002977
 1084360.828785938
 1079015.301568899
 1073669.77435186
 1068324.247134821
 1062978.719917782
 1057633.192700743
 1052287.665483704
 1046942.138266665
 1041596.611049626
 1036251.083832587
 1030905.556615548
 1025560.029398509
 1020214.50218147
 1014868.974964431
 1009523.447747392
 1004177.920530353
 998832.3933133145
 993486.8660962755
 988141.3388792366
 982795.8116621977
 977450.2844451587
 972104.7572281198
 966759.2300110807
 961413.7027940417
 956068.1755770028
 950722.6483599639
 945377.121142925
 940031.5939258859
 934686.0667088471
 929340.5394918082
 923995.0122747691
 918649.4850577302
 913303.9578406912
 907958.4306236521
 902612.9034066134
 897267.3761895743
 891921.8489725355
 886576.3217554964
 881230.7945384578
 875885.2673214187
 870539.7401043796
 865194.2128873407
 859848.685670302
 854503.1584532629
 849157.631236224
 843812.1040191846
 838466.5768021466
 833121.049585107
 827775.5223680679
 822429.995151029
 817084.4679339903
 811738.9407169515
 806393.4134999122
 801047.8862828729
 795702.3590658342
 790356.8318487953
 785011.3046317564
 779665.7774147176
 774320.2501976788
 768974.7229806397
 763629.1957636006
 758283.6685465615
 752938.1413295225
 747592.6141124838
 742247.0868954447


# name: QUERY
# type: sq_string
# elements: 1
# length: 2
R3


# name: DATASIZE
# type: sq_string
# elements: 1
# length: 4
1000


