# Created by Octave 4.0.0, Mon May 23 13:48:31 2016 CEST <peter@Independence>
# name: x
# type: matrix
# rows: 1
# columns: 100
 60 60.60606060606061 61.21212121212121 61.81818181818182 62.42424242424242 63.03030303030303 63.63636363636364 64.24242424242425 64.84848484848484 65.45454545454545 66.06060606060606 66.66666666666667 67.27272727272728 67.87878787878788 68.48484848484848 69.09090909090909 69.6969696969697 70.30303030303031 70.90909090909091 71.51515151515152 72.12121212121212 72.72727272727272 73.33333333333334 73.93939393939394 74.54545454545455 75.15151515151516 75.75757575757576 76.36363636363636 76.96969696969697 77.57575757575758 78.18181818181819 78.7878787878788 79.39393939393939 80 80.60606060606061 81.21212121212122 81.81818181818181 82.42424242424242 83.03030303030303 83.63636363636364 84.24242424242425 84.84848484848484 85.45454545454545 86.06060606060606 86.66666666666667 87.27272727272728 87.87878787878788 88.48484848484848 89.09090909090909 89.6969696969697 90.30303030303031 90.90909090909091 91.51515151515152 92.12121212121212 92.72727272727273 93.33333333333333 93.93939393939394 94.54545454545455 95.15151515151516 95.75757575757575 96.36363636363636 96.96969696969697 97.57575757575758 98.18181818181819 98.78787878787878 99.39393939393939 100 100.6060606060606 101.2121212121212 101.8181818181818 102.4242424242424 103.030303030303 103.6363636363636 104.2424242424242 104.8484848484848 105.4545454545455 106.0606060606061 106.6666666666667 107.2727272727273 107.8787878787879 108.4848484848485 109.0909090909091 109.6969696969697 110.3030303030303 110.9090909090909 111.5151515151515 112.1212121212121 112.7272727272727 113.3333333333333 113.9393939393939 114.5454545454545 115.1515151515152 115.7575757575758 116.3636363636364 116.969696969697 117.5757575757576 118.1818181818182 118.7878787878788 119.3939393939394 120


# name: y
# type: matrix
# rows: 1
# columns: 100
 1266006.264736023 1260811.92181516 1255617.578894297 1250423.235973435 1245228.893052572 1240034.550131709 1234840.207210847 1229645.864289984 1224451.521369122 1219257.178448259 1214062.835527396 1208868.492606534 1203674.149685671 1198479.806764808 1193285.463843946 1188091.120923083 1182896.77800222 1177702.435081358 1172508.092160495 1167313.749239632 1162119.40631877 1156925.063397907 1151730.720477045 1146536.377556182 1141342.034635319 1136147.691714457 1130953.348793594 1125759.005872731 1120564.662951868 1115370.320031006 1110175.977110143 1104981.634189281 1099787.291268418 1094592.948347555 1089398.605426693 1084204.26250583 1079009.919584967 1073815.576664105 1068621.233743242 1063426.890822379 1058232.547901517 1053038.204980654 1047843.862059792 1042649.519138929 1037455.176218066 1032260.833297204 1027066.490376341 1021872.147455478 1016677.804534616 1011483.461613753 1006289.11869289 1001094.775772028 995900.4328511651 990706.0899303023 985511.7470094397 980317.4040885771 975123.0611677144 969928.7182468518 964734.3753259892 959540.0324051265 954345.6894842639 949151.3465634013 943957.0036425386 938762.660721676 933568.3178008132 928373.9748799506 923179.631959088 917985.2890382253 912790.9461173627 907596.6031965001 902402.2602756374 897207.9173547748 892013.5744339121 886819.2315130495 881624.8885921868 876430.5456713241 871236.2027504614 866041.8598295989 860847.5169087362 855653.1739878736 850458.8310670109 845264.4881461483 840070.1452252857 834875.8023044229 829681.4593835603 824487.1164626977 819292.7735418351 814098.4306209724 808904.0877001097 803709.7447792471 798515.4018583845 793321.0589375218 788126.7160166592 782932.3730957966 777738.0301749338 772543.6872540712 767349.3443332086 762155.0014123459 756960.6584914833 751766.3155706206


# name: QUERY
# type: sq_string
# elements: 1
# length: 2
R3


# name: DATASIZE
# type: sq_string
# elements: 1
# length: 4
1000


