# Created by Octave 4.0.0, Mon May 23 13:48:31 2016 CEST <peter@Independence>
# name: x
# type: matrix
# rows: 1
# columns: 100
 60 60.60606060606061 61.21212121212121 61.81818181818182 62.42424242424242 63.03030303030303 63.63636363636364 64.24242424242425 64.84848484848484 65.45454545454545 66.06060606060606 66.66666666666667 67.27272727272728 67.87878787878788 68.48484848484848 69.09090909090909 69.6969696969697 70.30303030303031 70.90909090909091 71.51515151515152 72.12121212121212 72.72727272727272 73.33333333333334 73.93939393939394 74.54545454545455 75.15151515151516 75.75757575757576 76.36363636363636 76.96969696969697 77.57575757575758 78.18181818181819 78.7878787878788 79.39393939393939 80 80.60606060606061 81.21212121212122 81.81818181818181 82.42424242424242 83.03030303030303 83.63636363636364 84.24242424242425 84.84848484848484 85.45454545454545 86.06060606060606 86.66666666666667 87.27272727272728 87.87878787878788 88.48484848484848 89.09090909090909 89.6969696969697 90.30303030303031 90.90909090909091 91.51515151515152 92.12121212121212 92.72727272727273 93.33333333333333 93.93939393939394 94.54545454545455 95.15151515151516 95.75757575757575 96.36363636363636 96.96969696969697 97.57575757575758 98.18181818181819 98.78787878787878 99.39393939393939 100 100.6060606060606 101.2121212121212 101.8181818181818 102.4242424242424 103.030303030303 103.6363636363636 104.2424242424242 104.8484848484848 105.4545454545455 106.0606060606061 106.6666666666667 107.2727272727273 107.8787878787879 108.4848484848485 109.0909090909091 109.6969696969697 110.3030303030303 110.9090909090909 111.5151515151515 112.1212121212121 112.7272727272727 113.3333333333333 113.9393939393939 114.5454545454545 115.1515151515152 115.7575757575758 116.3636363636364 116.969696969697 117.5757575757576 118.1818181818182 118.7878787878788 119.3939393939394 120


# name: y
# type: matrix
# rows: 100
# columns: 1
 1267042.223893555
 1261837.879488969
 1256633.535084384
 1251429.190679798
 1246224.846275212
 1241020.501870627
 1235816.157466041
 1230611.813061456
 1225407.46865687
 1220203.124252285
 1214998.779847699
 1209794.435443114
 1204590.091038528
 1199385.746633942
 1194181.402229357
 1188977.057824771
 1183772.713420186
 1178568.3690156
 1173364.024611014
 1168159.680206429
 1162955.335801843
 1157750.991397258
 1152546.646992672
 1147342.302588087
 1142137.958183501
 1136933.613778915
 1131729.26937433
 1126524.924969744
 1121320.580565159
 1116116.236160573
 1110911.891755987
 1105707.547351402
 1100503.202946816
 1095298.858542231
 1090094.514137645
 1084890.16973306
 1079685.825328474
 1074481.480923889
 1069277.136519303
 1064072.792114717
 1058868.447710132
 1053664.103305546
 1048459.758900961
 1043255.414496375
 1038051.07009179
 1032846.725687204
 1027642.381282619
 1022438.036878033
 1017233.692473447
 1012029.348068862
 1006825.003664276
 1001620.659259691
 996416.314855105
 991211.9704505195
 986007.6260459339
 980803.2816413484
 975598.9372367627
 970394.5928321772
 965190.2484275916
 959985.9040230061
 954781.5596184204
 949577.2152138349
 944372.8708092492
 939168.5264046637
 933964.1820000781
 928759.8375954926
 923555.4931909071
 918351.1487863215
 913146.804381736
 907942.4599771502
 902738.1155725648
 897533.7711679791
 892329.4267633935
 887125.082358808
 881920.7379542225
 876716.3935496369
 871512.0491450513
 866307.7047404659
 861103.3603358801
 855899.0159312946
 850694.671526709
 845490.3271221234
 840285.9827175378
 835081.6383129524
 829877.2939083669
 824672.9495037813
 819468.6050991956
 814264.2606946102
 809059.9162900245
 803855.5718854389
 798651.2274808533
 793446.8830762677
 788242.5386716821
 783038.1942670967
 777833.849862511
 772629.5054579254
 767425.1610533397
 762220.8166487543
 757016.4722441686
 751812.1278395831


# name: QUERY
# type: sq_string
# elements: 1
# length: 2
R3


# name: DATASIZE
# type: sq_string
# elements: 1
# length: 4
1000


