# Created by Octave 4.0.0, Wed May 18 23:49:56 2016 CEST <peter@Independence>
# name: x
# type: matrix
# rows: 1
# columns: 100
 60 60.60606060606061 61.21212121212121 61.81818181818182 62.42424242424242 63.03030303030303 63.63636363636364 64.24242424242425 64.84848484848484 65.45454545454545 66.06060606060606 66.66666666666667 67.27272727272728 67.87878787878788 68.48484848484848 69.09090909090909 69.6969696969697 70.30303030303031 70.90909090909091 71.51515151515152 72.12121212121212 72.72727272727272 73.33333333333334 73.93939393939394 74.54545454545455 75.15151515151516 75.75757575757576 76.36363636363636 76.96969696969697 77.57575757575758 78.18181818181819 78.7878787878788 79.39393939393939 80 80.60606060606061 81.21212121212122 81.81818181818181 82.42424242424242 83.03030303030303 83.63636363636364 84.24242424242425 84.84848484848484 85.45454545454545 86.06060606060606 86.66666666666667 87.27272727272728 87.87878787878788 88.48484848484848 89.09090909090909 89.6969696969697 90.30303030303031 90.90909090909091 91.51515151515152 92.12121212121212 92.72727272727273 93.33333333333333 93.93939393939394 94.54545454545455 95.15151515151516 95.75757575757575 96.36363636363636 96.96969696969697 97.57575757575758 98.18181818181819 98.78787878787878 99.39393939393939 100 100.6060606060606 101.2121212121212 101.8181818181818 102.4242424242424 103.030303030303 103.6363636363636 104.2424242424242 104.8484848484848 105.4545454545455 106.0606060606061 106.6666666666667 107.2727272727273 107.8787878787879 108.4848484848485 109.0909090909091 109.6969696969697 110.3030303030303 110.9090909090909 111.5151515151515 112.1212121212121 112.7272727272727 113.3333333333333 113.9393939393939 114.5454545454545 115.1515151515152 115.7575757575758 116.3636363636364 116.969696969697 117.5757575757576 118.1818181818182 118.7878787878788 119.3939393939394 120


# name: y
# type: matrix
# rows: 1
# columns: 100
 1266651.358562319 1261443.926781212 1256236.495000106 1251029.063219 1245821.631437893 1240614.199656787 1235406.767875681 1230199.336094574 1224991.904313468 1219784.472532362 1214577.040751255 1209369.608970149 1204162.177189043 1198954.745407936 1193747.31362683 1188539.881845724 1183332.450064617 1178125.018283511 1172917.586502405 1167710.154721298 1162502.722940192 1157295.291159086 1152087.859377979 1146880.427596873 1141672.995815767 1136465.56403466 1131258.132253554 1126050.700472448 1120843.268691341 1115635.836910235 1110428.405129129 1105220.973348022 1100013.541566916 1094806.10978581 1089598.678004703 1084391.246223597 1079183.814442491 1073976.382661384 1068768.950880278 1063561.519099172 1058354.087318065 1053146.655536959 1047939.223755853 1042731.791974746 1037524.36019364 1032316.928412534 1027109.496631427 1021902.064850321 1016694.633069215 1011487.201288108 1006279.769507002 1001072.337725896 995864.9059447893 990657.474163683 985450.0423825766 980242.6106014703 975035.1788203639 969827.7470392577 964620.3152581513 959412.883477045 954205.4516959387 948998.0199148323 943790.588133726 938583.1563526196 933375.7245715134 928168.292790407 922960.8610093007 917753.4292281943 912545.997447088 907338.5656659816 902131.1338848753 896923.7021037689 891716.2703226627 886508.8385415563 881301.40676045 876093.9749793436 870886.5431982373 865679.111417131 860471.6796360246 855264.2478549184 850056.816073812 844849.3842927057 839641.9525115993 834434.5207304929 829227.0889493867 824019.6571682803 818812.2253871741 813604.7936060677 808397.3618249613 803189.930043855 797982.4982627486 792775.0664816423 787567.6347005359 782360.2029194296 777152.7711383232 771945.339357217 766737.9075761107 761530.4757950043 756323.044013898 751115.6122327917


# name: QUERY
# type: sq_string
# elements: 1
# length: 2
R3


# name: DATASIZE
# type: sq_string
# elements: 1
# length: 4
1000


