# Created by Octave 4.0.0, Mon May 23 13:48:31 2016 CEST <peter@Independence>
# name: SVs
# type: cell
# rows: 1
# columns: 7
# name: <cell-element>
# type: sparse matrix
# nnz: 30
# rows: 30
# columns: 1
1 1 0.4524343682199643
2 1 -0.4408334869835552
3 1 -1.334101342187075
4 1 -1.334101342187075
5 1 -1.334101342187075
6 1 -0.4408334869835552
7 1 1.345702223423484
8 1 1.345702223423484
9 1 0.4524343682199643
10 1 -1.334101342187075
11 1 1.345702223423484
12 1 0.4524343682199643
13 1 1.345702223423484
14 1 -1.334101342187075
15 1 0.4524343682199643
16 1 0.4524343682199643
17 1 -0.4408334869835552
18 1 0.4524343682199643
19 1 0.4524343682199643
20 1 1.345702223423484
21 1 -0.4408334869835552
22 1 -1.334101342187075
23 1 -1.334101342187075
24 1 1.345702223423484
25 1 -0.4408334869835552
26 1 -1.334101342187075
27 1 -0.4408334869835552
28 1 0.4524343682199643
29 1 -0.4408334869835552
30 1 1.345702223423484



# name: <cell-element>
# type: sparse matrix
# nnz: 24
# rows: 24
# columns: 1
1 1 -1.334101342187075
2 1 -1.334101342187075
3 1 -1.334101342187075
4 1 -1.334101342187075
5 1 -1.334101342187075
6 1 1.345702223423484
7 1 1.345702223423484
8 1 -1.334101342187075
9 1 0.4524343682199643
10 1 -1.334101342187075
11 1 1.345702223423484
12 1 -1.334101342187075
13 1 1.345702223423484
14 1 -1.334101342187075
15 1 1.345702223423484
16 1 1.345702223423484
17 1 1.345702223423484
18 1 -1.334101342187075
19 1 -1.334101342187075
20 1 1.345702223423484
21 1 -1.334101342187075
22 1 1.345702223423484
23 1 1.345702223423484
24 1 1.345702223423484



# name: <cell-element>
# type: sparse matrix
# nnz: 21
# rows: 21
# columns: 1
1 1 0.4524343682199643
2 1 -1.334101342187075
3 1 -1.334101342187075
4 1 0.4524343682199643
5 1 -1.334101342187075
6 1 1.345702223423484
7 1 0.4524343682199643
8 1 0.4524343682199643
9 1 -1.334101342187075
10 1 1.345702223423484
11 1 0.4524343682199643
12 1 -1.334101342187075
13 1 0.4524343682199643
14 1 0.4524343682199643
15 1 0.4524343682199643
16 1 0.4524343682199643
17 1 1.345702223423484
18 1 -1.334101342187075
19 1 1.345702223423484
20 1 0.4524343682199643
21 1 1.345702223423484



# name: <cell-element>
# type: sparse matrix
# nnz: 38
# rows: 38
# columns: 1
1 1 0.4524343682199643
2 1 -1.334101342187075
3 1 -1.334101342187075
4 1 -1.334101342187075
5 1 -0.4408334869835552
6 1 -0.4408334869835552
7 1 -1.334101342187075
8 1 -1.334101342187075
9 1 1.345702223423484
10 1 -0.4408334869835552
11 1 1.345702223423484
12 1 -1.334101342187075
13 1 -0.4408334869835552
14 1 0.4524343682199643
15 1 -1.334101342187075
16 1 1.345702223423484
17 1 -1.334101342187075
18 1 -0.4408334869835552
19 1 0.4524343682199643
20 1 1.345702223423484
21 1 -1.334101342187075
22 1 0.4524343682199643
23 1 1.345702223423484
24 1 0.4524343682199643
25 1 0.4524343682199643
26 1 1.345702223423484
27 1 0.4524343682199643
28 1 1.345702223423484
29 1 -1.334101342187075
30 1 -1.334101342187075
31 1 1.345702223423484
32 1 -1.334101342187075
33 1 1.345702223423484
34 1 -0.4408334869835552
35 1 0.4524343682199643
36 1 -0.4408334869835552
37 1 1.345702223423484
38 1 1.345702223423484



# name: <cell-element>
# type: sparse matrix
# nnz: 24
# rows: 24
# columns: 1
1 1 -1.334101342187075
2 1 -1.334101342187075
3 1 -1.334101342187075
4 1 -1.334101342187075
5 1 -1.334101342187075
6 1 1.345702223423484
7 1 1.345702223423484
8 1 -1.334101342187075
9 1 0.4524343682199643
10 1 -1.334101342187075
11 1 1.345702223423484
12 1 -1.334101342187075
13 1 1.345702223423484
14 1 -1.334101342187075
15 1 1.345702223423484
16 1 1.345702223423484
17 1 1.345702223423484
18 1 -1.334101342187075
19 1 -1.334101342187075
20 1 1.345702223423484
21 1 -1.334101342187075
22 1 1.345702223423484
23 1 1.345702223423484
24 1 1.345702223423484



# name: <cell-element>
# type: sparse matrix
# nnz: 16
# rows: 16
# columns: 1
1 1 -1.334101342187075
2 1 0.4524343682199643
3 1 -1.334101342187075
4 1 -0.4408334869835552
5 1 0.4524343682199643
6 1 0.4524343682199643
7 1 -1.334101342187075
8 1 -1.334101342187075
9 1 -1.334101342187075
10 1 1.345702223423484
11 1 -0.4408334869835552
12 1 0.4524343682199643
13 1 1.345702223423484
14 1 1.345702223423484
15 1 1.345702223423484
16 1 0.4524343682199643



# name: <cell-element>
# type: scalar
0





# name: coefficients
# type: cell
# rows: 1
# columns: 7
# name: <cell-element>
# type: matrix
# rows: 30
# columns: 1
 -0.35789
 -0.35789
 0.35789
 0.35789
 0.35789
 -0.35789
 0.35789
 0.35789
 -0.35789
 0.35789
 0.35789
 -0.35789
 0.2074167564677469
 0.35789
 -0.35789
 -0.35789
 -0.35789
 -0.35789
 -0.35789
 0.35789
 -0.35789
 0.35789
 0.35789
 0.35789
 -0.35789
 0.35789
 -0.2074167564677469
 -0.35789
 -0.35789
 0.35789



# name: <cell-element>
# type: matrix
# rows: 24
# columns: 1
 0.35789
 0.35789
 0.35789
 0.35789
 0.35789
 -0.35789
 -0.35789
 0.35789
 -0.35789
 0.35789
 -0.35789
 0.35789
 -0.35789
 0.35789
 -0.35789
 -0.35789
 -0.35789
 0.35789
 0.35789
 -0.35789
 0.35789
 -0.35789
 -0.35789
 -0.35789



# name: <cell-element>
# type: matrix
# rows: 21
# columns: 1
 -0.6157899999999999
 0.6157899999999999
 0.02790256117184048
 -0.6157899999999999
 0.6157899999999999
 0.6157899999999999
 -0.6157899999999999
 -0.6157899999999999
 0.6157899999999999
 0.5878874388281594
 -0.6157899999999999
 0.6157899999999999
 -0.6157899999999999
 -0.6157899999999999
 -0.6157899999999999
 -0.6157899999999999
 0.6157899999999999
 0.6157899999999999
 0.6157899999999999
 -0.6157899999999999
 0.6157899999999999



# name: <cell-element>
# type: matrix
# rows: 38
# columns: 1
 -0.1
 0.1
 0.1
 0.1
 0.1
 0.1
 0.1
 0.1
 -0.1
 0.1
 -0.1
 0.1
 0.1
 -0.1
 0.1
 -0.1
 0.1
 0.1
 -0.1
 -0.1
 0.1
 -0.1
 -0.1
 -0.1
 -0.1
 -0.1
 -0.1
 -0.1
 0.1
 0.1
 -0.1
 0.1
 -0.1
 0.1
 -0.1
 0.1
 -0.1
 -0.1



# name: <cell-element>
# type: matrix
# rows: 24
# columns: 1
 0.1
 0.1
 0.1
 0.1
 0.1
 -0.1
 -0.1
 0.1
 -0.07814869189086728
 0.1
 -0.1
 0.07814869189086728
 -0.1
 0.1
 -0.1
 -0.1
 -0.1
 0.1
 0.1
 -0.1
 0.1
 -0.1
 -0.1
 -0.1



# name: <cell-element>
# type: matrix
# rows: 16
# columns: 1
 0.5120266598036981
 0.6157899999999999
 0.6157899999999999
 -0.01418764864746217
 0.6157899999999999
 -0.6157899999999999
 0.6157899999999999
 -0.6157899999999999
 0.6157899999999999
 -0.6157899999999999
 -0.6157899999999999
 -0.6157899999999999
 -0.1059875744818203
 0.6157899999999999
 -0.6157899999999999
 -0.3918514366744156



# name: <cell-element>
# type: scalar
0





# name: b
# type: cell
# rows: 1
# columns: 7
# name: <cell-element>
# type: scalar
0.002565136702846994



# name: <cell-element>
# type: scalar
-0.4318566456412012



# name: <cell-element>
# type: scalar
0.04042433441508364



# name: <cell-element>
# type: scalar
-0.3288276233584035



# name: <cell-element>
# type: scalar
-0.1003763796656412



# name: <cell-element>
# type: scalar
0.09772430783049718



# name: <cell-element>
# type: scalar
0





# name: models
# type: cell
# rows: 1
# columns: 7
# name: <cell-element>
# type: scalar struct
# ndims: 2
 1 1
# length: 11
# name: Parameters
# type: matrix
# rows: 5
# columns: 1
 3
 0
 3
 1
 0


# name: nr_class
# type: scalar
2


# name: totalSV
# type: scalar
30


# name: rho
# type: scalar
-0.002565136702846994


# name: Label
# type: matrix
# rows: 0
# columns: 0


# name: sv_indices
# type: matrix
# rows: 30
# columns: 1
 1
 2
 3
 4
 6
 10
 12
 14
 18
 19
 20
 23
 24
 25
 26
 28
 29
 30
 32
 33
 34
 35
 36
 37
 38
 39
 41
 42
 44
 46


# name: ProbA
# type: matrix
# rows: 0
# columns: 0


# name: ProbB
# type: matrix
# rows: 0
# columns: 0


# name: nSV
# type: matrix
# rows: 0
# columns: 0


# name: sv_coef
# type: matrix
# rows: 30
# columns: 1
 -0.35789
 -0.35789
 0.35789
 0.35789
 0.35789
 -0.35789
 0.35789
 0.35789
 -0.35789
 0.35789
 0.35789
 -0.35789
 0.2074167564677469
 0.35789
 -0.35789
 -0.35789
 -0.35789
 -0.35789
 -0.35789
 0.35789
 -0.35789
 0.35789
 0.35789
 0.35789
 -0.35789
 0.35789
 -0.2074167564677469
 -0.35789
 -0.35789
 0.35789


