# Created by Octave 4.0.0, Wed May 18 23:49:55 2016 CEST <peter@Independence>
# name: SVs
# type: cell
# rows: 1
# columns: 7
# name: <cell-element>
# type: sparse matrix
# nnz: 30
# rows: 30
# columns: 1
1 1 1.345702223423484
2 1 -1.334101342187075
3 1 -1.334101342187075
4 1 0.4524343682199643
5 1 -0.4408334869835552
6 1 0.4524343682199643
7 1 1.345702223423484
8 1 1.345702223423484
9 1 0.4524343682199643
10 1 -0.4408334869835552
11 1 0.4524343682199643
12 1 -0.4408334869835552
13 1 -0.4408334869835552
14 1 1.345702223423484
15 1 1.345702223423484
16 1 0.4524343682199643
17 1 -1.334101342187075
18 1 -1.334101342187075
19 1 1.345702223423484
20 1 0.4524343682199643
21 1 -1.334101342187075
22 1 -1.334101342187075
23 1 0.4524343682199643
24 1 0.4524343682199643
25 1 -1.334101342187075
26 1 0.4524343682199643
27 1 1.345702223423484
28 1 0.4524343682199643
29 1 -0.4408334869835552
30 1 1.345702223423484



# name: <cell-element>
# type: sparse matrix
# nnz: 22
# rows: 22
# columns: 1
1 1 1.345702223423484
2 1 1.345702223423484
3 1 -1.334101342187075
4 1 -1.334101342187075
5 1 -1.334101342187075
6 1 1.345702223423484
7 1 1.345702223423484
8 1 -1.334101342187075
9 1 1.345702223423484
10 1 -1.334101342187075
11 1 1.345702223423484
12 1 0.4524343682199643
13 1 -1.334101342187075
14 1 -1.334101342187075
15 1 1.345702223423484
16 1 -1.334101342187075
17 1 -1.334101342187075
18 1 1.345702223423484
19 1 -1.334101342187075
20 1 1.345702223423484
21 1 -1.334101342187075
22 1 1.345702223423484



# name: <cell-element>
# type: sparse matrix
# nnz: 23
# rows: 23
# columns: 1
1 1 1.345702223423484
2 1 -1.334101342187075
3 1 -1.334101342187075
4 1 0.4524343682199643
5 1 0.4524343682199643
6 1 1.345702223423484
7 1 0.4524343682199643
8 1 0.4524343682199643
9 1 1.345702223423484
10 1 0.4524343682199643
11 1 -1.334101342187075
12 1 -1.334101342187075
13 1 0.4524343682199643
14 1 1.345702223423484
15 1 0.4524343682199643
16 1 -1.334101342187075
17 1 -1.334101342187075
18 1 0.4524343682199643
19 1 0.4524343682199643
20 1 -1.334101342187075
21 1 0.4524343682199643
22 1 1.345702223423484
23 1 0.4524343682199643



# name: <cell-element>
# type: sparse matrix
# nnz: 22
# rows: 22
# columns: 1
1 1 1.345702223423484
2 1 1.345702223423484
3 1 -1.334101342187075
4 1 -1.334101342187075
5 1 -1.334101342187075
6 1 1.345702223423484
7 1 1.345702223423484
8 1 -1.334101342187075
9 1 1.345702223423484
10 1 -1.334101342187075
11 1 1.345702223423484
12 1 0.4524343682199643
13 1 -1.334101342187075
14 1 -1.334101342187075
15 1 1.345702223423484
16 1 -1.334101342187075
17 1 -1.334101342187075
18 1 1.345702223423484
19 1 -1.334101342187075
20 1 1.345702223423484
21 1 -1.334101342187075
22 1 1.345702223423484



# name: <cell-element>
# type: sparse matrix
# nnz: 22
# rows: 22
# columns: 1
1 1 1.345702223423484
2 1 1.345702223423484
3 1 -1.334101342187075
4 1 -1.334101342187075
5 1 -1.334101342187075
6 1 1.345702223423484
7 1 1.345702223423484
8 1 -1.334101342187075
9 1 1.345702223423484
10 1 -1.334101342187075
11 1 1.345702223423484
12 1 0.4524343682199643
13 1 -1.334101342187075
14 1 -1.334101342187075
15 1 1.345702223423484
16 1 -1.334101342187075
17 1 -1.334101342187075
18 1 1.345702223423484
19 1 -1.334101342187075
20 1 1.345702223423484
21 1 -1.334101342187075
22 1 1.345702223423484



# name: <cell-element>
# type: sparse matrix
# nnz: 11
# rows: 11
# columns: 1
1 1 1.345702223423484
2 1 0.4524343682199643
3 1 -1.334101342187075
4 1 -0.4408334869835552
5 1 0.4524343682199643
6 1 0.4524343682199643
7 1 1.345702223423484
8 1 -1.334101342187075
9 1 -0.4408334869835552
10 1 -1.334101342187075
11 1 1.345702223423484



# name: <cell-element>
# type: scalar
0





# name: coefficients
# type: cell
# rows: 1
# columns: 7
# name: <cell-element>
# type: matrix
# rows: 30
# columns: 1
 0.87368
 0.87368
 0.87368
 -0.87368
 -0.87368
 -0.87368
 0.87368
 0.87368
 -0.87368
 -0.87368
 -0.87368
 -0.7883659411622554
 -0.87368
 0.7883659411622554
 0.87368
 -0.87368
 0.87368
 0.87368
 0.87368
 -0.87368
 0.87368
 0.87368
 -0.87368
 -0.87368
 0.87368
 -0.87368
 0.87368
 -0.87368
 -0.87368
 0.87368



# name: <cell-element>
# type: matrix
# rows: 22
# columns: 1
 -0.35789
 -0.35789
 0.35789
 0.35789
 0.35789
 -0.35789
 -0.35789
 0.35789
 -0.35789
 0.35789
 -0.35789
 -0.35789
 0.35789
 0.35789
 -0.35789
 0.35789
 0.35789
 -0.35789
 0.35789
 -0.35789
 0.35789
 -0.35789



# name: <cell-element>
# type: matrix
# rows: 23
# columns: 1
 0.1
 0.1
 0.04101551218724778
 -0.1
 -0.1
 0.05898448781275223
 -0.1
 -0.1
 0.1
 -0.1
 0.1
 0.1
 -0.1
 0.1
 -0.1
 0.1
 0.1
 -0.1
 -0.1
 0.1
 -0.1
 0.1
 -0.1



# name: <cell-element>
# type: matrix
# rows: 22
# columns: 1
 -0.1
 -0.1
 0.1
 0.1
 0.1
 -0.1
 -0.1
 0.09865189612367627
 -0.1
 0.1
 -0.1
 -0.09865189612367627
 0.1
 0.1
 -0.1
 0.1
 0.1
 -0.1
 0.1
 -0.1
 0.1
 -0.1



# name: <cell-element>
# type: matrix
# rows: 22
# columns: 1
 -0.1
 -0.1
 0.1
 0.1
 0.1
 -0.1
 -0.1
 0.07280843065977326
 -0.1
 0.1
 -0.1
 -0.07280843065977326
 0.1
 0.1
 -0.1
 0.1
 0.1
 -0.1
 0.1
 -0.1
 0.1
 -0.1



# name: <cell-element>
# type: matrix
# rows: 11
# columns: 1
 -0.7052961013255059
 -0.4329318023360449
 -1.9053
 -1.9053
 -1.9053
 1.9053
 1.9053
 1.9053
 1.271739622129498
 1.771788281532053
 -1.9053



# name: <cell-element>
# type: scalar
0





# name: b
# type: cell
# rows: 1
# columns: 7
# name: <cell-element>
# type: scalar
-0.009462675031481174



# name: <cell-element>
# type: scalar
-0.4454829523222511



# name: <cell-element>
# type: scalar
0.05099770235798363



# name: <cell-element>
# type: scalar
-0.1076831088251149



# name: <cell-element>
# type: scalar
-0.1003763772639234



# name: <cell-element>
# type: scalar
0.0987196593649196



# name: <cell-element>
# type: scalar
0





# name: models
# type: cell
# rows: 1
# columns: 7
# name: <cell-element>
# type: scalar struct
# ndims: 2
 1 1
# length: 11
# name: Parameters
# type: matrix
# rows: 5
# columns: 1
 3
 0
 3
 1
 0


# name: nr_class
# type: scalar
2


# name: totalSV
# type: scalar
30


# name: rho
# type: scalar
0.009462675031481174


# name: Label
# type: matrix
# rows: 0
# columns: 0


# name: sv_indices
# type: matrix
# rows: 30
# columns: 1
 1
 4
 5
 9
 10
 11
 12
 13
 14
 15
 16
 17
 19
 20
 22
 23
 24
 25
 27
 28
 29
 31
 32
 36
 37
 38
 40
 41
 45
 46


# name: ProbA
# type: matrix
# rows: 0
# columns: 0


# name: ProbB
# type: matrix
# rows: 0
# columns: 0


# name: nSV
# type: matrix
# rows: 0
# columns: 0


# name: sv_coef
# type: matrix
# rows: 30
# columns: 1
 0.87368
 0.87368
 0.87368
 -0.87368
 -0.87368
 -0.87368
 0.87368
 0.87368
 -0.87368
 -0.87368
 -0.87368
 -0.7883659411622554
 -0.87368
 0.7883659411622554
 0.87368
 -0.87368
 0.87368
 0.87368
 0.87368
 -0.87368
 0.87368
 0.87368
 -0.87368
 -0.87368
 0.87368
 -0.87368
 0.87368
 -0.87368
 -0.87368
 0.87368


# name: SVs
# type: sparse matrix
# nnz: 30
# rows: 30
# columns: 1
1 1 1.345702223423484
2 1 -1.334101342187075
3 1 -1.334101342187075
4 1 0.4524343682199643
5 1 -0.4408334869835552
6 1 0.4524343682199643
7 1 1.345702223423484
8 1 1.345702223423484
9 1 0.4524343682199643
10 1 -0.4408334869835552
11 1 0.4524343682199643
12 1 -0.4408334869835552
13 1 -0.4408334869835552
14 1 1.345702223423484
15 1 1.345702223423484
16 1 0.4524343682199643
17 1 -1.334101342187075
18 1 -1.334101342187075
19 1 1.345702223423484
20 1 0.4524343682199643
21 1 -1.334101342187075
22 1 -1.334101342187075
23 1 0.4524343682199643
24 1 0.4524343682199643
25 1 -1.334101342187075
26 1 0.4524343682199643
27 1 1.345702223423484
28 1 0.4524343682199643
29 1 -0.4408334869835552
30 1 1.345702223423484





# name: <cell-element>
# type: scalar struct
# ndims: 2
 1 1
# length: 11
# name: Parameters
# type: matrix
# rows: 5
# columns: 1
 3
 1
 2
 1
 0


# name: nr_class
# type: scalar
2


# name: totalSV
# type: scalar
22


# name: rho
# type: scalar
0.4454829523222511


# name: Label
# type: matrix
# rows: 0
# columns: 0


