# Created by Octave 4.0.0, Wed May 18 23:49:46 2016 CEST <peter@Independence>
# name: mu
# type: matrix
# rows: 1
# columns: 2
 1009999.363636364 89.87012987012987


# name: sigma
# type: matrix
# rows: 1
# columns: 2
 211695.8865108843 22.38970078627005


