# Created by Octave 4.0.0, Wed May 18 23:49:56 2016 CEST <peter@Independence>
# name: x
# type: matrix
# rows: 1
# columns: 100
 60 60.60606060606061 61.21212121212121 61.81818181818182 62.42424242424242 63.03030303030303 63.63636363636364 64.24242424242425 64.84848484848484 65.45454545454545 66.06060606060606 66.66666666666667 67.27272727272728 67.87878787878788 68.48484848484848 69.09090909090909 69.6969696969697 70.30303030303031 70.90909090909091 71.51515151515152 72.12121212121212 72.72727272727272 73.33333333333334 73.93939393939394 74.54545454545455 75.15151515151516 75.75757575757576 76.36363636363636 76.96969696969697 77.57575757575758 78.18181818181819 78.7878787878788 79.39393939393939 80 80.60606060606061 81.21212121212122 81.81818181818181 82.42424242424242 83.03030303030303 83.63636363636364 84.24242424242425 84.84848484848484 85.45454545454545 86.06060606060606 86.66666666666667 87.27272727272728 87.87878787878788 88.48484848484848 89.09090909090909 89.6969696969697 90.30303030303031 90.90909090909091 91.51515151515152 92.12121212121212 92.72727272727273 93.33333333333333 93.93939393939394 94.54545454545455 95.15151515151516 95.75757575757575 96.36363636363636 96.96969696969697 97.57575757575758 98.18181818181819 98.78787878787878 99.39393939393939 100 100.6060606060606 101.2121212121212 101.8181818181818 102.4242424242424 103.030303030303 103.6363636363636 104.2424242424242 104.8484848484848 105.4545454545455 106.0606060606061 106.6666666666667 107.2727272727273 107.8787878787879 108.4848484848485 109.0909090909091 109.6969696969697 110.3030303030303 110.9090909090909 111.5151515151515 112.1212121212121 112.7272727272727 113.3333333333333 113.9393939393939 114.5454545454545 115.1515151515152 115.7575757575758 116.3636363636364 116.969696969697 117.5757575757576 118.1818181818182 118.7878787878788 119.3939393939394 120


# name: y
# type: matrix
# rows: 100
# columns: 1
 1119141.589436155
 1104051.578523844
 1090445.810774994
 1078205.123297288
 1067217.677227702
 1057378.651276098
 1048589.941819055
 1040759.869543905
 1033802.892642973
 1027639.326558038
 1022195.070275003
 1017401.339168789
 1013194.404398422
 1009515.338852349
 1006309.769643964
 1003527.637157344
 1001122.960643199
 999053.6103650311
 997281.0862955173
 995770.3033630952
 994489.3832487632
 993409.4527330983
 992504.448593483
 991750.9290515458
 991127.8917708163
 990616.59840459
 990200.4056940103
 989864.6031163597
 989596.2570835664
 989384.0616909226
 989218.1960160162
 989090.1879678761
 988992.7846863287
 988919.8294915695
 988866.1453839465
 988827.4250939562
 988800.1276824535
 988781.3816910743
 988768.8948428711
 988760.8702931609
 988755.9294305868
 988753.0412283926
 988751.4581459102
 988750.6585802593
 988750.2958682617
 988750.1538385666
 988750.1089139904
 988750.0987640687
 988750.0975078215
 988750.0974667313
 988750.0974679347
 988750.0976976255
 988750.1011046728
 988750.1213544504
 988750.1973328801
 988750.4142006875
 988750.9309978712
 988752.0147983843
 988754.0814150297
 988757.7426545679
 988763.8601230376
 988773.6055812896
 988788.527850734
 988810.6262692992
 988842.4306976052
 988887.0880753491
 988948.4555279039
 989031.2000231296
 989140.9045783988
 989284.1810178332
 989468.7892797551
 989703.76327435
 989999.5432915441
 990368.1149590927
 990823.1547508837
 991380.1820454519
 992056.717734709
 992872.4493828826
 993849.4029356729
 995012.120979618
 996387.8475516764
 998006.7194990169
 999901.9643890302
 1002110.104969541
 1004671.170179246
 1007628.912708357
 1011031.033109457
 1014929.410458577
 1019380.339566472
 1024444.774740124
 1030188.580094452
 1036682.786414228
 1044003.854566226
 1052233.945461554
 1061461.19656823
 1071780.004973958
 1083291.316999093
 1096102.924359869
 1110329.76688181
 1126094.241763333


# name: QUERY
# type: sq_string
# elements: 1
# length: 2
R3


# name: DATASIZE
# type: sq_string
# elements: 1
# length: 4
1000


