# Created by Octave 4.0.0, Wed May 18 23:49:56 2016 CEST <peter@Independence>
# name: x
# type: matrix
# rows: 1
# columns: 100
 60 60.60606060606061 61.21212121212121 61.81818181818182 62.42424242424242 63.03030303030303 63.63636363636364 64.24242424242425 64.84848484848484 65.45454545454545 66.06060606060606 66.66666666666667 67.27272727272728 67.87878787878788 68.48484848484848 69.09090909090909 69.6969696969697 70.30303030303031 70.90909090909091 71.51515151515152 72.12121212121212 72.72727272727272 73.33333333333334 73.93939393939394 74.54545454545455 75.15151515151516 75.75757575757576 76.36363636363636 76.96969696969697 77.57575757575758 78.18181818181819 78.7878787878788 79.39393939393939 80 80.60606060606061 81.21212121212122 81.81818181818181 82.42424242424242 83.03030303030303 83.63636363636364 84.24242424242425 84.84848484848484 85.45454545454545 86.06060606060606 86.66666666666667 87.27272727272728 87.87878787878788 88.48484848484848 89.09090909090909 89.6969696969697 90.30303030303031 90.90909090909091 91.51515151515152 92.12121212121212 92.72727272727273 93.33333333333333 93.93939393939394 94.54545454545455 95.15151515151516 95.75757575757575 96.36363636363636 96.96969696969697 97.57575757575758 98.18181818181819 98.78787878787878 99.39393939393939 100 100.6060606060606 101.2121212121212 101.8181818181818 102.4242424242424 103.030303030303 103.6363636363636 104.2424242424242 104.8484848484848 105.4545454545455 106.0606060606061 106.6666666666667 107.2727272727273 107.8787878787879 108.4848484848485 109.0909090909091 109.6969696969697 110.3030303030303 110.9090909090909 111.5151515151515 112.1212121212121 112.7272727272727 113.3333333333333 113.9393939393939 114.5454545454545 115.1515151515152 115.7575757575758 116.3636363636364 116.969696969697 117.5757575757576 118.1818181818182 118.7878787878788 119.3939393939394 120


# name: y
# type: matrix
# rows: 100
# columns: 1
 1274853.155680832
 1259700.416627079
 1245162.485217133
 1231226.62874831
 1217880.114517928
 1205110.209823305
 1192904.181961758
 1181249.298230604
 1170132.825927162
 1159542.032348749
 1149464.184792682
 1139886.55055628
 1130796.39693686
 1122180.991231739
 1114027.600738236
 1106323.492753667
 1099055.934575351
 1092212.193500605
 1085779.536826747
 1079745.231851094
 1074096.545870965
 1068820.746183676
 1063905.100086545
 1059336.87487689
 1055103.337852029
 1051191.756309279
 1047589.397545958
 1044283.528859384
 1041261.417546873
 1038510.330905744
 1036017.536233315
 1033770.300826903
 1031755.891983825
 1029961.5770014
 1028374.623176944
 1026982.297807777
 1025771.868191214
 1024730.601624574
 1023845.765405175
 1023104.626830334
 1022494.453197368
 1022002.511803596
 1021616.069946335
 1021322.394922903
 1021108.754030617
 1020962.414566795
 1020870.643828754
 1020820.709113813
 1020799.877719288
 1020795.416942498
 1020794.59408076
 1020784.676431392
 1020752.931291711
 1020686.625959035
 1020573.027730682
 1020399.403903969
 1020153.021776214
 1019821.148644735
 1019391.051806848
 1018849.998559873
 1018185.256201126
 1017384.092027925
 1016433.773337588
 1015321.567427432
 1014034.741594775
 1012560.563136935
 1010886.299351229
 1008999.217534975
 1006886.584985491
 1004535.669000094
 1001933.736876101
 999068.0559108311
 995925.8934016012
 992494.516645729
 988761.1929405322
 984713.1895833283
 980337.7738714351
 975622.2131021701
 970553.774572851
 965119.7255807956
 959307.3334233211
 953103.8653977457
 946496.5888013865
 939472.7709315614
 932019.6790855883
 924124.5805607841
 915774.7426544672
 906957.4326639548
 897659.9178865645
 887869.4656196143
 877573.3431604216
 866758.8178063043
 855413.1568545791
 843523.6276025651
 831077.4973475789
 818062.033386938
 804464.5030179608
 790272.1735379647
 775472.312244267
 760052.1864341854


# name: QUERY
# type: sq_string
# elements: 1
# length: 2
R3


# name: DATASIZE
# type: sq_string
# elements: 1
# length: 4
1000


