# Created by Octave 4.0.0, Mon May 23 13:48:31 2016 CEST <peter@Independence>
# name: x
# type: matrix
# rows: 1
# columns: 100
 60 60.60606060606061 61.21212121212121 61.81818181818182 62.42424242424242 63.03030303030303 63.63636363636364 64.24242424242425 64.84848484848484 65.45454545454545 66.06060606060606 66.66666666666667 67.27272727272728 67.87878787878788 68.48484848484848 69.09090909090909 69.6969696969697 70.30303030303031 70.90909090909091 71.51515151515152 72.12121212121212 72.72727272727272 73.33333333333334 73.93939393939394 74.54545454545455 75.15151515151516 75.75757575757576 76.36363636363636 76.96969696969697 77.57575757575758 78.18181818181819 78.7878787878788 79.39393939393939 80 80.60606060606061 81.21212121212122 81.81818181818181 82.42424242424242 83.03030303030303 83.63636363636364 84.24242424242425 84.84848484848484 85.45454545454545 86.06060606060606 86.66666666666667 87.27272727272728 87.87878787878788 88.48484848484848 89.09090909090909 89.6969696969697 90.30303030303031 90.90909090909091 91.51515151515152 92.12121212121212 92.72727272727273 93.33333333333333 93.93939393939394 94.54545454545455 95.15151515151516 95.75757575757575 96.36363636363636 96.96969696969697 97.57575757575758 98.18181818181819 98.78787878787878 99.39393939393939 100 100.6060606060606 101.2121212121212 101.8181818181818 102.4242424242424 103.030303030303 103.6363636363636 104.2424242424242 104.8484848484848 105.4545454545455 106.0606060606061 106.6666666666667 107.2727272727273 107.8787878787879 108.4848484848485 109.0909090909091 109.6969696969697 110.3030303030303 110.9090909090909 111.5151515151515 112.1212121212121 112.7272727272727 113.3333333333333 113.9393939393939 114.5454545454545 115.1515151515152 115.7575757575758 116.3636363636364 116.969696969697 117.5757575757576 118.1818181818182 118.7878787878788 119.3939393939394 120


# name: y
# type: matrix
# rows: 100
# columns: 1
 1065725.198130621
 1055858.321675517
 1046585.799904734
 1037883.271240998
 1029726.883915834
 1022093.295969551
 1014959.675251254
 1008303.69941884
 1002103.555938997
 996337.9420872058
 990986.0649477363
 986027.6414136557
 981442.8981868186
 977212.5717778725
 973317.9085062571
 969740.6645002045
 966463.1056967385
 963468.0078416744
 960738.6564896198
 958258.8470039743
 956012.8845569296
 953985.5841294685
 952162.2705113663
 950528.7783011902
 949071.4519062996
 947777.145542845
 946633.2232357698
 945627.5588188086
 944748.5359344884
 943985.0480341278
 943326.4983778374
 942762.80003452
 942284.3758818698
 941882.1586063735
 941547.5907033093
 941272.6244767476
 941049.7220395507
 940871.8553133726
 940732.5060286593
 940625.665724649
 940545.8357493714
 940488.0272596487
 940447.7612210943
 940421.0684081143
 940404.4894039059
 940395.074600459
 940390.3841985549
 940388.4882077671
 940387.966446461
 940387.9085417938
 940387.9139297147
 940388.0918549648
 940389.0613710773
 940391.951340377
 940398.400433981
 940410.5571317979
 940431.0797225286
 940463.1363036658
 940510.4047814941
 940577.0728710899
 940667.838096322
 940787.9077898505
 940942.9990931279
 941139.3389563983
 941383.664138698
 941683.2212078552
 942045.7665404897
 942479.5663220136
 942993.3965466308
 943596.543017337
 944298.8013459201
 945110.4769529597
 946042.3850678273
 947105.8507286867
 948312.708782493
 949675.3038849938
 951206.4905007285
 952919.6329030279
 954828.6051740157
 956947.7912046066
 959292.0846945081
 961876.889152218
 964718.117895029
 967832.1940490226
 971236.0505490731
 974947.130138849
 978983.3853708066
 983363.2786061977
 988105.7820150659
 993230.3775762424
 998757.0570773567
 1004706.322114825
 1011099.184093858
 1017957.164228458
 1025302.293541418
 1033157.112864328
 1041544.672837559
 1050488.533910285
 1060012.766340469
 1070141.950194862


# name: QUERY
# type: sq_string
# elements: 1
# length: 2
R3


# name: DATASIZE
# type: sq_string
# elements: 1
# length: 4
1000


