# Created by Octave 4.0.0, Mon May 23 13:48:31 2016 CEST <peter@Independence>
# name: x
# type: matrix
# rows: 1
# columns: 100
 60 60.60606060606061 61.21212121212121 61.81818181818182 62.42424242424242 63.03030303030303 63.63636363636364 64.24242424242425 64.84848484848484 65.45454545454545 66.06060606060606 66.66666666666667 67.27272727272728 67.87878787878788 68.48484848484848 69.09090909090909 69.6969696969697 70.30303030303031 70.90909090909091 71.51515151515152 72.12121212121212 72.72727272727272 73.33333333333334 73.93939393939394 74.54545454545455 75.15151515151516 75.75757575757576 76.36363636363636 76.96969696969697 77.57575757575758 78.18181818181819 78.7878787878788 79.39393939393939 80 80.60606060606061 81.21212121212122 81.81818181818181 82.42424242424242 83.03030303030303 83.63636363636364 84.24242424242425 84.84848484848484 85.45454545454545 86.06060606060606 86.66666666666667 87.27272727272728 87.87878787878788 88.48484848484848 89.09090909090909 89.6969696969697 90.30303030303031 90.90909090909091 91.51515151515152 92.12121212121212 92.72727272727273 93.33333333333333 93.93939393939394 94.54545454545455 95.15151515151516 95.75757575757575 96.36363636363636 96.96969696969697 97.57575757575758 98.18181818181819 98.78787878787878 99.39393939393939 100 100.6060606060606 101.2121212121212 101.8181818181818 102.4242424242424 103.030303030303 103.6363636363636 104.2424242424242 104.8484848484848 105.4545454545455 106.0606060606061 106.6666666666667 107.2727272727273 107.8787878787879 108.4848484848485 109.0909090909091 109.6969696969697 110.3030303030303 110.9090909090909 111.5151515151515 112.1212121212121 112.7272727272727 113.3333333333333 113.9393939393939 114.5454545454545 115.1515151515152 115.7575757575758 116.3636363636364 116.969696969697 117.5757575757576 118.1818181818182 118.7878787878788 119.3939393939394 120


# name: y
# type: matrix
# rows: 100
# columns: 1
 1276004.155456349
 1260649.266494846
 1245917.387212968
 1231795.615043384
 1218271.047418768
 1205330.781771787
 1192961.915535115
 1181151.546141418
 1169886.771023369
 1159154.68761364
 1148942.393344898
 1139236.985649817
 1130025.561961065
 1121295.219711314
 1113033.056333233
 1105226.169259494
 1097861.655922767
 1090926.613755721
 1084408.140191028
 1078293.332661359
 1072569.288599384
 1067223.105437773
 1062241.880609196
 1057612.711546325
 1053322.695681829
 1049358.93044838
 1045708.513278647
 1042358.541605302
 1039296.112861014
 1036508.324478455
 1033982.273890294
 1031705.058529202
 1029663.77582785
 1027845.523218908
 1026237.398135046
 1024826.498008936
 1023599.920273247
 1022544.76236065
 1021648.121703816
 1020897.095735415
 1020278.781888118
 1019780.277594594
 1019388.680287515
 1019091.087399551
 1018874.596363373
 1018726.30461165
 1018633.309577054
 1018582.708692255
 1018561.599389923
 1018557.07910273
 1018556.245263344
 1018546.195304438
 1018514.026658681
 1018446.836758744
 1018331.723037298
 1018155.782927012
 1017906.113860558
 1017569.813270605
 1017133.978589825
 1016585.707250887
 1015912.096686463
 1015100.244329223
 1014137.247611837
 1013010.203966976
 1011706.21082731
 1010212.36562551
 1008515.765794246
 1006603.508766189
 1004462.69197401
 1002080.412850377
 999443.7688279635
 996539.8573394383
 993355.7758174723
 989878.6216947359
 986095.4924038997
 981993.4853776344
 977559.6980486101
 972781.2278494975
 967645.1722129666
 962138.6285716889
 956248.6943583335
 949962.467005573
 943267.0439460753
 936149.5226125121
 928597.0004375556
 920596.5748538724
 912135.3432941374
 903200.4031910177
 893778.8519771846
 883857.7870853102
 873424.305948063
 862465.5059981152
 850968.4846681346
 838920.3393907958
 826308.1675987662
 813119.0667247148
 799340.1342013165
 784958.4674612404
 769961.1639371549
 754335.3210617313


# name: QUERY
# type: sq_string
# elements: 1
# length: 2
R3


# name: DATASIZE
# type: sq_string
# elements: 1
# length: 4
1000


