# Created by Octave 4.0.0, Mon May 23 13:48:31 2016 CEST <peter@Independence>
# name: x
# type: matrix
# rows: 1
# columns: 100
 60 60.60606060606061 61.21212121212121 61.81818181818182 62.42424242424242 63.03030303030303 63.63636363636364 64.24242424242425 64.84848484848484 65.45454545454545 66.06060606060606 66.66666666666667 67.27272727272728 67.87878787878788 68.48484848484848 69.09090909090909 69.6969696969697 70.30303030303031 70.90909090909091 71.51515151515152 72.12121212121212 72.72727272727272 73.33333333333334 73.93939393939394 74.54545454545455 75.15151515151516 75.75757575757576 76.36363636363636 76.96969696969697 77.57575757575758 78.18181818181819 78.7878787878788 79.39393939393939 80 80.60606060606061 81.21212121212122 81.81818181818181 82.42424242424242 83.03030303030303 83.63636363636364 84.24242424242425 84.84848484848484 85.45454545454545 86.06060606060606 86.66666666666667 87.27272727272728 87.87878787878788 88.48484848484848 89.09090909090909 89.6969696969697 90.30303030303031 90.90909090909091 91.51515151515152 92.12121212121212 92.72727272727273 93.33333333333333 93.93939393939394 94.54545454545455 95.15151515151516 95.75757575757575 96.36363636363636 96.96969696969697 97.57575757575758 98.18181818181819 98.78787878787878 99.39393939393939 100 100.6060606060606 101.2121212121212 101.8181818181818 102.4242424242424 103.030303030303 103.6363636363636 104.2424242424242 104.8484848484848 105.4545454545455 106.0606060606061 106.6666666666667 107.2727272727273 107.8787878787879 108.4848484848485 109.0909090909091 109.6969696969697 110.3030303030303 110.9090909090909 111.5151515151515 112.1212121212121 112.7272727272727 113.3333333333333 113.9393939393939 114.5454545454545 115.1515151515152 115.7575757575758 116.3636363636364 116.969696969697 117.5757575757576 118.1818181818182 118.7878787878788 119.3939393939394 120


# name: y
# type: matrix
# rows: 100
# columns: 1
 1119141.594751719
 1104051.583165404
 1090445.814808846
 1078205.126784406
 1067217.680224059
 1057378.653832992
 1048589.943983396
 1040759.871358513
 1033802.894146844
 1027639.327786611
 1022195.071260404
 1017401.339940077
 1013194.404981805
 1009515.339271404
 1006309.769919842
 1003527.637308956
 1001122.960687405
 999053.6103168087
 997281.0861681242
 995770.3031682222
 994489.3829966773
 993409.4524327769
 992504.448252739
 991750.9286771456
 991127.8913685879
 990616.5979795244
 990200.4052503553
 989864.6026577058
 989596.2566129267
 989384.0612108051
 989218.1955284902
 989090.1874746325
 988992.7841887346
 988919.828990717
 988866.1448806961
 988827.4245889762
 988800.1271762543
 988781.3811840379
 988768.894335277
 988760.8697852083
 988755.9289224135
 988753.0407200903
 988751.4576375372
 988750.6580718507
 988750.2953598368
 988750.1533301354
 988750.1084055572
 988750.098255635
 988750.0969993877
 988750.0969582975
 988750.0969595009
 988750.0971891917
 988750.1005962391
 988750.1208460177
 988750.1968244507
 988750.413692268
 988750.9304894747
 988752.0142900362
 988754.0809067739
 988757.7421464756
 988763.8596152185
 988773.6050739059
 988788.5273440167
 988810.6257635689
 988842.4301932956
 988887.0875730341
 988948.4550283297
 989031.1995272514
 989140.9040874206
 989284.1805332545
 989468.788803422
 989703.7628085122
 989999.5428389173
 990368.1145229284
 990823.154335044
 991380.1816544922
 992056.7173739669
 992872.4490585757
 993849.402655002
 995012.1207508806
 996387.8473843863
 998006.7194040344
 999901.9643786998
 1002110.105057839
 1004671.170381934
 1007628.913043155
 1011031.033596212
 1014929.411119454
 1019380.340426153
 1024444.775826011
 1030188.581436887
 1036682.78804673
 1044003.856525728
 1052233.947788656
 1061461.199307472
 1071780.008174094
 1083291.320713388
 1096102.928646399
 1110329.77180379
 1126094.247389441


# name: QUERY
# type: sq_string
# elements: 1
# length: 2
R3


# name: DATASIZE
# type: sq_string
# elements: 1
# length: 4
1000


