# Created by Octave 4.0.0, Mon May 23 13:48:31 2016 CEST <peter@Independence>
# name: x
# type: matrix
# rows: 1
# columns: 100
 60 60.60606060606061 61.21212121212121 61.81818181818182 62.42424242424242 63.03030303030303 63.63636363636364 64.24242424242425 64.84848484848484 65.45454545454545 66.06060606060606 66.66666666666667 67.27272727272728 67.87878787878788 68.48484848484848 69.09090909090909 69.6969696969697 70.30303030303031 70.90909090909091 71.51515151515152 72.12121212121212 72.72727272727272 73.33333333333334 73.93939393939394 74.54545454545455 75.15151515151516 75.75757575757576 76.36363636363636 76.96969696969697 77.57575757575758 78.18181818181819 78.7878787878788 79.39393939393939 80 80.60606060606061 81.21212121212122 81.81818181818181 82.42424242424242 83.03030303030303 83.63636363636364 84.24242424242425 84.84848484848484 85.45454545454545 86.06060606060606 86.66666666666667 87.27272727272728 87.87878787878788 88.48484848484848 89.09090909090909 89.6969696969697 90.30303030303031 90.90909090909091 91.51515151515152 92.12121212121212 92.72727272727273 93.33333333333333 93.93939393939394 94.54545454545455 95.15151515151516 95.75757575757575 96.36363636363636 96.96969696969697 97.57575757575758 98.18181818181819 98.78787878787878 99.39393939393939 100 100.6060606060606 101.2121212121212 101.8181818181818 102.4242424242424 103.030303030303 103.6363636363636 104.2424242424242 104.8484848484848 105.4545454545455 106.0606060606061 106.6666666666667 107.2727272727273 107.8787878787879 108.4848484848485 109.0909090909091 109.6969696969697 110.3030303030303 110.9090909090909 111.5151515151515 112.1212121212121 112.7272727272727 113.3333333333333 113.9393939393939 114.5454545454545 115.1515151515152 115.7575757575758 116.3636363636364 116.969696969697 117.5757575757576 118.1818181818182 118.7878787878788 119.3939393939394 120


# name: y
# type: matrix
# rows: 100
# columns: 1
 1084864.461501244
 1078185.024981247
 1071642.502240575
 1065236.89327923
 1058968.19809721
 1052836.416694519
 1046841.549071153
 1040983.595227113
 1035262.5551624
 1029678.428877014
 1024231.216370954
 1018920.91764422
 1013747.532696814
 1008711.061528734
 1003811.504139979
 999048.8605305513
 994423.1307004504
 989934.3146496754
 985582.4123782271
 981367.4238861053
 977289.34917331
 973348.1882398411
 969543.9410856988
 965876.6077108827
 962346.1881153932
 958952.6822992301
 955696.0902623938
 952576.4120048835
 949593.6475266999
 946747.7968278428
 944038.859908312
 941466.8367681078
 939031.7274072301
 936733.5318256788
 934572.2500234537
 932547.8820005555
 930660.4277569836
 928909.887292738
 927296.260607819
 925819.5477022264
 924479.7485759603
 923276.8632290206
 922210.8916614075
 921281.8338731208
 920489.6898641606
 919834.4596345267
 919316.1431842195
 918934.7405132386
 918690.2516215842
 918582.6765092562
 918612.0151762548
 918778.2676225798
 919081.4338482312
 919521.5138532091
 920098.5076375136
 920812.4152011444
 921663.2365441016
 922650.9716663854
 923775.6205679956
 925037.1832489324
 926435.6597091955
 927971.0499487851
 929643.3539677012
 931452.5717659437
 933398.7033435127
 935481.7487004083
 937701.7078366301
 940058.5807521786
 942552.3674470533
 945183.0679212546
 947950.6821747824
 950855.2102076367
 953896.6520198173
 957075.0076113244
 960390.2769821578
 963842.460132318
 967431.5570618049
 971157.5677706179
 975020.4922587575
 979020.3305262231
 983157.0825730159
 987430.748399134
 991841.3280045795
 996388.8213893521
 1001073.228553449
 1005894.549496875
 1010852.784219626
 1015947.932721703
 1021179.995003108
 1026548.971063838
 1032054.860903895
 1037697.664523278
 1043477.381921988
 1049394.013100025
 1055447.558057388
 1061638.016794077
 1067965.389310092
 1074429.675605435
 1081030.875680104
 1087768.9895341


# name: QUERY
# type: sq_string
# elements: 1
# length: 2
R3


# name: DATASIZE
# type: sq_string
# elements: 1
# length: 4
1000


