# Created by Octave 4.0.0, Wed May 18 23:49:56 2016 CEST <peter@Independence>
# name: x
# type: matrix
# rows: 1
# columns: 100
 60 60.60606060606061 61.21212121212121 61.81818181818182 62.42424242424242 63.03030303030303 63.63636363636364 64.24242424242425 64.84848484848484 65.45454545454545 66.06060606060606 66.66666666666667 67.27272727272728 67.87878787878788 68.48484848484848 69.09090909090909 69.6969696969697 70.30303030303031 70.90909090909091 71.51515151515152 72.12121212121212 72.72727272727272 73.33333333333334 73.93939393939394 74.54545454545455 75.15151515151516 75.75757575757576 76.36363636363636 76.96969696969697 77.57575757575758 78.18181818181819 78.7878787878788 79.39393939393939 80 80.60606060606061 81.21212121212122 81.81818181818181 82.42424242424242 83.03030303030303 83.63636363636364 84.24242424242425 84.84848484848484 85.45454545454545 86.06060606060606 86.66666666666667 87.27272727272728 87.87878787878788 88.48484848484848 89.09090909090909 89.6969696969697 90.30303030303031 90.90909090909091 91.51515151515152 92.12121212121212 92.72727272727273 93.33333333333333 93.93939393939394 94.54545454545455 95.15151515151516 95.75757575757575 96.36363636363636 96.96969696969697 97.57575757575758 98.18181818181819 98.78787878787878 99.39393939393939 100 100.6060606060606 101.2121212121212 101.8181818181818 102.4242424242424 103.030303030303 103.6363636363636 104.2424242424242 104.8484848484848 105.4545454545455 106.0606060606061 106.6666666666667 107.2727272727273 107.8787878787879 108.4848484848485 109.0909090909091 109.6969696969697 110.3030303030303 110.9090909090909 111.5151515151515 112.1212121212121 112.7272727272727 113.3333333333333 113.9393939393939 114.5454545454545 115.1515151515152 115.7575757575758 116.3636363636364 116.969696969697 117.5757575757576 118.1818181818182 118.7878787878788 119.3939393939394 120


# name: y
# type: matrix
# rows: 100
# columns: 1
 1086171.947083392
 1079324.121407428
 1072616.661118672
 1066049.566217125
 1059622.836702786
 1053336.472575656
 1047190.473835735
 1041184.840483022
 1035319.572517518
 1029594.669939223
 1024010.132748136
 1018565.960944258
 1013262.154527589
 1008098.713498128
 1003075.637855876
 998192.9276008327
 993450.5827329981
 988848.6032523718
 984386.9891589539
 980065.740452745
 975884.8571337449
 971844.3392019534
 967944.1866573704
 964184.3994999959
 960564.9777298303
 957085.9213468733
 953747.230351125
 950548.904742585
 947490.9445212539
 944573.3496871316
 941796.1202402175
 939159.2561805125
 936662.757508016
 934306.6242227281
 932090.8563246487
 930015.4538137781
 928080.416690116
 926285.7449536627
 924631.438604418
 923117.4976423819
 921743.9220675546
 920510.7118799357
 919417.8670795256
 918465.3876663242
 917653.2736403312
 916981.5250015471
 916450.1417499714
 916059.1238856046
 915808.4714084462
 915698.1843184966
 915728.2626157555
 915898.7063002232
 916209.5153718995
 916660.6898307845
 917252.229676878
 917984.1349101802
 918856.405530691
 919869.0415384105
 921022.0429333387
 922315.4097154754
 923749.1418848209
 925323.2394413749
 927037.7023851376
 928892.530716109
 930887.7244342889
 933023.2835396775
 935299.2080322749
 937715.4979120806
 940272.1531790952
 942969.1738333185
 945806.5598747503
 948784.3113033909
 951902.4281192399
 955160.9103222975
 958559.757912564
 962098.970890039
 965778.5492547229
 969598.493006615
 973558.802145716
 977659.4766720256
 981900.5165855441
 986281.9218862705
 990803.6925742062
 995465.8286493509
 1000268.330111703
 1005211.196961265
 1010294.429198035
 1015518.026822013
 1020881.989833201
 1026386.318231597
 1032031.012017202
 1037816.071190015
 1043741.495750037
 1049807.285697268
 1056013.441031707
 1062359.961753355
 1068846.847862211
 1075474.099358276
 1082241.71624155
 1089149.698512033


# name: QUERY
# type: sq_string
# elements: 1
# length: 2
R3


# name: DATASIZE
# type: sq_string
# elements: 1
# length: 4
1000


