# Created by Octave 4.0.0, Mon May 23 11:56:25 2016 CEST <peter@Independence>
# name: x
# type: matrix
# rows: 1
# columns: 100
 0.008333333333333333 0.008417508417508417 0.008501683501683501 0.008585858585858586 0.00867003367003367 0.008754208754208754 0.008838383838383838 0.008922558922558922 0.009006734006734006 0.00909090909090909 0.009175084175084175 0.009259259259259259 0.009343434343434343 0.009427609427609427 0.009511784511784511 0.009595959595959595 0.009680134680134681 0.009764309764309764 0.009848484848484848 0.009932659932659932 0.01001683501683502 0.0101010101010101 0.01018518518518518 0.01026936026936027 0.01035353535353535 0.01043771043771044 0.01052188552188552 0.0106060606060606 0.01069023569023569 0.01077441077441077 0.01085858585858586 0.01094276094276094 0.01102693602693603 0.01111111111111111 0.01119528619528619 0.01127946127946128 0.01136363636363636 0.01144781144781145 0.01153198653198653 0.01161616161616162 0.0117003367003367 0.01178451178451178 0.01186868686868687 0.01195286195286195 0.01203703703703704 0.01212121212121212 0.01220538720538721 0.01228956228956229 0.01237373737373737 0.01245791245791246 0.01254208754208754 0.01262626262626263 0.01271043771043771 0.01279461279461279 0.01287878787878788 0.01296296296296296 0.01304713804713805 0.01313131313131313 0.01321548821548822 0.0132996632996633 0.01338383838383838 0.01346801346801347 0.01355218855218855 0.01363636363636364 0.01372053872053872 0.0138047138047138 0.01388888888888889 0.01397306397306397 0.01405723905723906 0.01414141414141414 0.01422558922558922 0.01430976430976431 0.01439393939393939 0.01447811447811448 0.01456228956228956 0.01464646464646465 0.01473063973063973 0.01481481481481482 0.0148989898989899 0.01498316498316498 0.01506734006734007 0.01515151515151515 0.01523569023569023 0.01531986531986532 0.0154040404040404 0.01548821548821549 0.01557239057239057 0.01565656565656565 0.01574074074074074 0.01582491582491583 0.01590909090909091 0.01599326599326599 0.01607744107744108 0.01616161616161616 0.01624579124579124 0.01632996632996633 0.01641414141414141 0.0164983164983165 0.01658249158249158 0.01666666666666667


# name: y
# type: matrix
# rows: 100
# columns: 1
 113610.6250747159
 113864.3478756946
 114132.6637178812
 114415.5066059643
 114712.8003405032
 115024.4585327205
 115350.3846298393
 115690.4719509815
 116044.6037336285
 116412.6531906319
 116794.4835777466
 117189.9482716461
 117598.8908583623
 118021.1452320809
 118456.535704208
 118904.8771226079
 119365.9750009011
 119839.6256576944
 120325.6163656041
 120823.7255099165
 121333.7227567209
 121855.3692303323
 122388.4176998116
 122932.6127743784
 123487.6911074957
 124053.3816093996
 124629.4056678297
 125215.4773767081
 125811.303772504
 126416.5850780084
 127031.0149532346
 127654.2807531509
 128286.0637919424
 128926.0396134886
 129573.8782677381
 130229.2445926515
 130891.7985013765
 131561.1952743148
 132237.0858557308
 132919.1171545482
 133606.9323489761
 134300.1711946002
 134998.4703355698
 135701.4636185111
 136408.7824087915
 137120.0559087562
 137834.9114775615
 138552.9749522218
 139273.8709694914
 139997.2232881988
 140722.6551116548
 141449.7894097525
 142178.2492403838
 142907.6580697946
 143637.6400915064
 144367.8205434347
 145097.8260228374
 145827.2847987306
 146555.8271214165
 147283.0855287702
 148008.6951489387
 148732.2939991143
 149453.5232800477
 150172.027665975
 150887.4555896415
 151599.4595221111
 152307.6962470601
 153011.8271292626
 153711.5183769839
 154406.4412980084
 155096.2725490381
 155780.6943782072
 156459.3948604718
 157132.0681256407
 157798.4145788283
 158458.1411131184
 159110.9613142426
 159756.5956570876
 160394.7716938558
 161025.2242337203
 161647.695513823
 162261.9353614805
 162867.701347473
 163464.7589303059
 164052.8815913443
 164631.8509607362
 165201.4569340502
 165761.4977795686
 166311.7802361884
 166852.1196018959
 167382.339812793
 167902.2735126666
 168411.7621131042
 168910.6558441722
 169398.8137956844
 169876.1039491017
 170342.4032001154
 170797.5973719776
 171241.5812196554
 171674.2584248946


# name: QUERY
# type: sq_string
# elements: 1
# length: 2
R4


# name: DATASIZE
# type: sq_string
# elements: 1
# length: 3
250


