# Created by Octave 3.8.2, Wed May 18 09:26:07 2016 CEST <Andrea@Andreas-MacBook-Pro.local>
# name: x
# type: matrix
# rows: 1
# columns: 100
 0.008333333333333333 0.008417508417508417 0.008501683501683501 0.008585858585858586 0.00867003367003367 0.008754208754208754 0.008838383838383838 0.008922558922558922 0.009006734006734006 0.00909090909090909 0.009175084175084175 0.009259259259259259 0.009343434343434345 0.009427609427609427 0.009511784511784511 0.009595959595959595 0.009680134680134679 0.009764309764309764 0.009848484848484849 0.009932659932659932 0.01001683501683502 0.0101010101010101 0.01018518518518519 0.01026936026936027 0.01035353535353535 0.01043771043771044 0.01052188552188552 0.01060606060606061 0.01069023569023569 0.01077441077441077 0.01085858585858586 0.01094276094276094 0.01102693602693603 0.01111111111111111 0.0111952861952862 0.01127946127946128 0.01136363636363636 0.01144781144781145 0.01153198653198653 0.01161616161616162 0.0117003367003367 0.01178451178451178 0.01186868686868687 0.01195286195286195 0.01203703703703704 0.01212121212121212 0.01220538720538721 0.01228956228956229 0.01237373737373737 0.01245791245791246 0.01254208754208754 0.01262626262626263 0.01271043771043771 0.01279461279461279 0.01287878787878788 0.01296296296296296 0.01304713804713805 0.01313131313131313 0.01321548821548822 0.0132996632996633 0.01338383838383838 0.01346801346801347 0.01355218855218855 0.01363636363636364 0.01372053872053872 0.01380471380471381 0.01388888888888889 0.01397306397306397 0.01405723905723906 0.01414141414141414 0.01422558922558923 0.01430976430976431 0.01439393939393939 0.01447811447811448 0.01456228956228956 0.01464646464646465 0.01473063973063973 0.01481481481481482 0.0148989898989899 0.01498316498316498 0.01506734006734007 0.01515151515151515 0.01523569023569024 0.01531986531986532 0.0154040404040404 0.01548821548821549 0.01557239057239057 0.01565656565656566 0.01574074074074074 0.01582491582491583 0.01590909090909091 0.01599326599326599 0.01607744107744108 0.01616161616161616 0.01624579124579125 0.01632996632996633 0.01641414141414142 0.0164983164983165 0.01658249158249158 0.01666666666666667


# name: y
# type: matrix
# rows: 100
# columns: 1
 159930.0742130687
 160067.4494282981
 160216.9436552923
 160378.3965368296
 160551.6375738418
 160736.4863695442
 160932.7528881852
 161140.2377279426
 161358.7324074606
 161588.0196654993
 161827.8737731365
 162078.0608579377
 162338.3392394881
 162608.4597756534
 162888.1662189185
 163177.1955821319
 163475.2785129651
 163782.1396763789
 164097.4981443768
 164421.0677923082
 164752.5577009748
 165091.6725637841
 165438.1130981844
 165791.5764606109
 166151.7566641664
 166518.3449982596
 166891.0304494215
 167269.5001225219
 167653.4396616109
 168042.5336696152
 168436.4661261249
 168834.9208025151
 169237.581673655
 169644.1333254722
 170054.2613576486
 170467.6527807429
 170883.9964070486
 171302.9832345166
 171724.3068230877
 172147.6636628051
 172572.753533095
 172999.2798526303
 173426.9500192154
 173855.4757391541
 174284.5733455944
 174713.9641053657
 175143.3745138579
 175572.5365775181
 176001.1880835709
 176429.0728566035
 176855.9410016817
 177281.5491337
 177705.6605927005
 178128.0456449252
 178548.4816694037
 178966.7533299077
 179382.6527321387
 179795.9795660478
 180206.5412332204
 180614.1529592898
 181018.6378913778
 181419.8271805921
 181817.5600496408
 182211.6838456576
 182602.0540783607
 182988.5344436979
 183370.9968331599
 183749.321328974
 184123.3961854138
 184493.1177964919
 184858.3906503248
 185219.1272704832
 185575.2481446698
 185926.6816410806
 186273.3639128344
 186615.2387908706
 186952.2576657358
 187284.3793586965
 187611.5699826316
 187933.8027931719
 188251.0580305704
 188563.3227527935
 188870.5906603403
 189172.8619133015
 189470.1429411791
 189762.4462459952
 190049.790199221
 190332.1988330641
 190609.7016266503
 190882.3332876418
 191150.1335298286
 191413.1468472322
 191671.4222852555
 191925.0132094088
 192173.9770721383
 192418.3751782734
 192658.2724496058
 192893.7371891011
 193124.8408452348
 193351.6577769351


# name: QUERY
# type: sq_string
# elements: 1
# length: 2
R4


# name: DATASIZE
# type: sq_string
# elements: 1
# length: 3
250


