# Created by Octave 4.0.0, Mon May 23 11:56:25 2016 CEST <peter@Independence>
# name: x
# type: matrix
# rows: 1
# columns: 100
 0.008333333333333333 0.008417508417508417 0.008501683501683501 0.008585858585858586 0.00867003367003367 0.008754208754208754 0.008838383838383838 0.008922558922558922 0.009006734006734006 0.00909090909090909 0.009175084175084175 0.009259259259259259 0.009343434343434343 0.009427609427609427 0.009511784511784511 0.009595959595959595 0.009680134680134681 0.009764309764309764 0.009848484848484848 0.009932659932659932 0.01001683501683502 0.0101010101010101 0.01018518518518518 0.01026936026936027 0.01035353535353535 0.01043771043771044 0.01052188552188552 0.0106060606060606 0.01069023569023569 0.01077441077441077 0.01085858585858586 0.01094276094276094 0.01102693602693603 0.01111111111111111 0.01119528619528619 0.01127946127946128 0.01136363636363636 0.01144781144781145 0.01153198653198653 0.01161616161616162 0.0117003367003367 0.01178451178451178 0.01186868686868687 0.01195286195286195 0.01203703703703704 0.01212121212121212 0.01220538720538721 0.01228956228956229 0.01237373737373737 0.01245791245791246 0.01254208754208754 0.01262626262626263 0.01271043771043771 0.01279461279461279 0.01287878787878788 0.01296296296296296 0.01304713804713805 0.01313131313131313 0.01321548821548822 0.0132996632996633 0.01338383838383838 0.01346801346801347 0.01355218855218855 0.01363636363636364 0.01372053872053872 0.0138047138047138 0.01388888888888889 0.01397306397306397 0.01405723905723906 0.01414141414141414 0.01422558922558922 0.01430976430976431 0.01439393939393939 0.01447811447811448 0.01456228956228956 0.01464646464646465 0.01473063973063973 0.01481481481481482 0.0148989898989899 0.01498316498316498 0.01506734006734007 0.01515151515151515 0.01523569023569023 0.01531986531986532 0.0154040404040404 0.01548821548821549 0.01557239057239057 0.01565656565656565 0.01574074074074074 0.01582491582491583 0.01590909090909091 0.01599326599326599 0.01607744107744108 0.01616161616161616 0.01624579124579124 0.01632996632996633 0.01641414141414141 0.0164983164983165 0.01658249158249158 0.01666666666666667


# name: y
# type: matrix
# rows: 1
# columns: 100
 116080.9199017469 116701.1331118942 117321.3463220416 117941.559532189 118561.7727423364 119181.9859524837 119802.1991626311 120422.4123727784 121042.6255829258 121662.8387930732 122283.0520032205 122903.2652133679 123523.4784235153 124143.6916336626 124763.90484381 125384.1180539574 126004.3312641047 126624.5444742521 127244.7576843995 127864.9708945468 128485.1841046942 129105.3973148416 129725.6105249889 130345.8237351363 130966.0369452836 131586.250155431 132206.4633655784 132826.6765757258 133446.8897858731 134067.1029960205 134687.3162061679 135307.5294163152 135927.7426264626 136547.9558366099 137168.1690467573 137788.3822569047 138408.595467052 139028.8086771994 139649.0218873468 140269.2350974941 140889.4483076415 141509.6615177889 142129.8747279362 142750.0879380836 143370.301148231 143990.5143583783 144610.7275685257 145230.940778673 145851.1539888204 146471.3671989678 147091.5804091152 147711.7936192625 148332.0068294099 148952.2200395573 149572.4332497046 150192.646459852 150812.8596699993 151433.0728801467 152053.2860902941 152673.4993004414 153293.7125105888 153913.9257207362 154534.1389308835 155154.3521410309 155774.5653511783 156394.7785613256 157014.991771473 157635.2049816204 158255.4181917677 158875.6314019151 159495.8446120624 160116.0578222098 160736.2710323572 161356.4842425045 161976.6974526519 162596.9106627993 163217.1238729467 163837.337083094 164457.5502932414 165077.7635033887 165697.9767135361 166318.1899236835 166938.4031338308 167558.6163439782 168178.8295541256 168799.0427642729 169419.2559744203 170039.4691845677 170659.682394715 171279.8956048624 171900.1088150098 172520.3220251571 173140.5352353045 173760.7484454519 174380.9616555992 175001.1748657466 175621.3880758939 176241.6012860413 176861.8144961887 177482.0277063361


# name: QUERY
# type: sq_string
# elements: 1
# length: 2
R4


# name: DATASIZE
# type: sq_string
# elements: 1
# length: 3
250


