# Created by Octave 3.8.2, Wed May 18 09:26:06 2016 CEST <Andrea@Andreas-MacBook-Pro.local>
# name: x
# type: matrix
# rows: 1
# columns: 100
 0.008333333333333333 0.008417508417508417 0.008501683501683501 0.008585858585858586 0.00867003367003367 0.008754208754208754 0.008838383838383838 0.008922558922558922 0.009006734006734006 0.00909090909090909 0.009175084175084175 0.009259259259259259 0.009343434343434345 0.009427609427609427 0.009511784511784511 0.009595959595959595 0.009680134680134679 0.009764309764309764 0.009848484848484849 0.009932659932659932 0.01001683501683502 0.0101010101010101 0.01018518518518519 0.01026936026936027 0.01035353535353535 0.01043771043771044 0.01052188552188552 0.01060606060606061 0.01069023569023569 0.01077441077441077 0.01085858585858586 0.01094276094276094 0.01102693602693603 0.01111111111111111 0.0111952861952862 0.01127946127946128 0.01136363636363636 0.01144781144781145 0.01153198653198653 0.01161616161616162 0.0117003367003367 0.01178451178451178 0.01186868686868687 0.01195286195286195 0.01203703703703704 0.01212121212121212 0.01220538720538721 0.01228956228956229 0.01237373737373737 0.01245791245791246 0.01254208754208754 0.01262626262626263 0.01271043771043771 0.01279461279461279 0.01287878787878788 0.01296296296296296 0.01304713804713805 0.01313131313131313 0.01321548821548822 0.0132996632996633 0.01338383838383838 0.01346801346801347 0.01355218855218855 0.01363636363636364 0.01372053872053872 0.01380471380471381 0.01388888888888889 0.01397306397306397 0.01405723905723906 0.01414141414141414 0.01422558922558923 0.01430976430976431 0.01439393939393939 0.01447811447811448 0.01456228956228956 0.01464646464646465 0.01473063973063973 0.01481481481481482 0.0148989898989899 0.01498316498316498 0.01506734006734007 0.01515151515151515 0.01523569023569024 0.01531986531986532 0.0154040404040404 0.01548821548821549 0.01557239057239057 0.01565656565656566 0.01574074074074074 0.01582491582491583 0.01590909090909091 0.01599326599326599 0.01607744107744108 0.01616161616161616 0.01624579124579125 0.01632996632996633 0.01641414141414142 0.0164983164983165 0.01658249158249158 0.01666666666666667


# name: y
# type: matrix
# rows: 100
# columns: 1
 171245.4412601675
 171553.0172680619
 171860.5932759562
 172168.1692838505
 172475.7452917448
 172783.3212996391
 173090.8973075334
 173398.4733154277
 173706.049323322
 174013.6253312164
 174321.2013391107
 174628.777347005
 174936.3533548993
 175243.9293627936
 175551.505370688
 175859.0813785823
 176166.6573864766
 176474.2333943709
 176781.8094022652
 177089.3854101595
 177396.9614180538
 177704.5374259482
 178012.1134338425
 178319.6894417368
 178627.2654496311
 178934.8414575254
 179242.4174654197
 179549.993473314
 179857.5694812083
 180165.1454891027
 180472.721496997
 180780.2975048913
 181087.8735127856
 181395.4495206799
 181703.0255285742
 182010.6015364686
 182318.1775443629
 182625.7535522572
 182933.3295601515
 183240.9055680458
 183548.4815759401
 183856.0575838345
 184163.6335917288
 184471.2095996231
 184778.7856075174
 185086.3616154117
 185393.937623306
 185701.5136312003
 186009.0896390947
 186316.665646989
 186624.2416548833
 186931.8176627776
 187239.3936706719
 187546.9696785662
 187854.5456864605
 188162.1216943549
 188469.6977022492
 188777.2737101435
 189084.8497180378
 189392.4257259321
 189700.0017338264
 190007.5777417207
 190315.153749615
 190622.7297575094
 190930.3057654037
 191237.881773298
 191545.4577811923
 191853.0337890866
 192160.6097969809
 192468.1858048752
 192775.7618127696
 193083.3378206639
 193390.9138285582
 193698.4898364525
 194006.0658443468
 194313.6418522412
 194621.2178601355
 194928.7938680298
 195236.3698759241
 195543.9458838184
 195851.5218917127
 196159.097899607
 196466.6739075014
 196774.2499153957
 197081.82592329
 197389.4019311843
 197696.9779390786
 198004.5539469729
 198312.1299548672
 198619.7059627616
 198927.2819706559
 199234.8579785502
 199542.4339864445
 199850.0099943388
 200157.5860022331
 200465.1620101274
 200772.7380180217
 201080.3140259161
 201387.8900338104
 201695.4660417047


# name: QUERY
# type: sq_string
# elements: 1
# length: 2
R4


# name: DATASIZE
# type: sq_string
# elements: 1
# length: 3
250


