# Created by Octave 4.0.0, Mon May 23 11:56:25 2016 CEST <peter@Independence>
# name: x
# type: matrix
# rows: 1
# columns: 100
 0.008333333333333333 0.008417508417508417 0.008501683501683501 0.008585858585858586 0.00867003367003367 0.008754208754208754 0.008838383838383838 0.008922558922558922 0.009006734006734006 0.00909090909090909 0.009175084175084175 0.009259259259259259 0.009343434343434343 0.009427609427609427 0.009511784511784511 0.009595959595959595 0.009680134680134681 0.009764309764309764 0.009848484848484848 0.009932659932659932 0.01001683501683502 0.0101010101010101 0.01018518518518518 0.01026936026936027 0.01035353535353535 0.01043771043771044 0.01052188552188552 0.0106060606060606 0.01069023569023569 0.01077441077441077 0.01085858585858586 0.01094276094276094 0.01102693602693603 0.01111111111111111 0.01119528619528619 0.01127946127946128 0.01136363636363636 0.01144781144781145 0.01153198653198653 0.01161616161616162 0.0117003367003367 0.01178451178451178 0.01186868686868687 0.01195286195286195 0.01203703703703704 0.01212121212121212 0.01220538720538721 0.01228956228956229 0.01237373737373737 0.01245791245791246 0.01254208754208754 0.01262626262626263 0.01271043771043771 0.01279461279461279 0.01287878787878788 0.01296296296296296 0.01304713804713805 0.01313131313131313 0.01321548821548822 0.0132996632996633 0.01338383838383838 0.01346801346801347 0.01355218855218855 0.01363636363636364 0.01372053872053872 0.0138047138047138 0.01388888888888889 0.01397306397306397 0.01405723905723906 0.01414141414141414 0.01422558922558922 0.01430976430976431 0.01439393939393939 0.01447811447811448 0.01456228956228956 0.01464646464646465 0.01473063973063973 0.01481481481481482 0.0148989898989899 0.01498316498316498 0.01506734006734007 0.01515151515151515 0.01523569023569023 0.01531986531986532 0.0154040404040404 0.01548821548821549 0.01557239057239057 0.01565656565656565 0.01574074074074074 0.01582491582491583 0.01590909090909091 0.01599326599326599 0.01607744107744108 0.01616161616161616 0.01624579124579124 0.01632996632996633 0.01641414141414141 0.0164983164983165 0.01658249158249158 0.01666666666666667


# name: y
# type: matrix
# rows: 100
# columns: 1
 120902.7560785126
 121410.6360313283
 121918.515984144
 122426.3959369597
 122934.2758897753
 123442.155842591
 123950.0357954067
 124457.9157482223
 124965.795701038
 125473.6756538537
 125981.5556066694
 126489.435559485
 126997.3155123007
 127505.1954651164
 128013.075417932
 128520.9553707477
 129028.8353235634
 129536.7152763791
 130044.5952291947
 130552.4751820104
 131060.3551348261
 131568.2350876417
 132076.1150404574
 132583.9949932731
 133091.8749460888
 133599.7548989044
 134107.6348517201
 134615.5148045358
 135123.3947573514
 135631.2747101671
 136139.1546629828
 136647.0346157984
 137154.9145686141
 137662.7945214298
 138170.6744742455
 138678.5544270611
 139186.4343798768
 139694.3143326925
 140202.1942855082
 140710.0742383238
 141217.9541911395
 141725.8341439552
 142233.7140967709
 142741.5940495865
 143249.4740024022
 143757.3539552179
 144265.2339080335
 144773.1138608492
 145280.9938136649
 145788.8737664805
 146296.7537192962
 146804.6336721119
 147312.5136249276
 147820.3935777432
 148328.2735305589
 148836.1534833746
 149344.0334361902
 149851.9133890059
 150359.7933418216
 150867.6732946373
 151375.5532474529
 151883.4332002686
 152391.3131530843
 152899.1931059
 153407.0730587156
 153914.9530115313
 154422.832964347
 154930.7129171626
 155438.5928699783
 155946.472822794
 156454.3527756096
 156962.2327284253
 157470.112681241
 157977.9926340567
 158485.8725868723
 158993.752539688
 159501.6324925037
 160009.5124453194
 160517.392398135
 161025.2723509507
 161533.1523037664
 162041.0322565821
 162548.9122093977
 163056.7921622134
 163564.6721150291
 164072.5520678447
 164580.4320206604
 165088.3119734761
 165596.1919262917
 166104.0718791074
 166611.9518319231
 167119.8317847388
 167627.7117375544
 168135.5916903701
 168643.4716431858
 169151.3515960014
 169659.2315488171
 170167.1115016328
 170674.9914544485
 171182.8714072641


# name: QUERY
# type: sq_string
# elements: 1
# length: 2
R4


# name: DATASIZE
# type: sq_string
# elements: 1
# length: 3
250


