# Created by Octave 4.0.0, Mon May 23 11:56:24 2016 CEST <peter@Independence>
# name: SVs
# type: cell
# rows: 1
# columns: 7
# name: <cell-element>
# type: sparse matrix
# nnz: 56
# rows: 8
# columns: 7
1 1 -0.7218293409984518
2 1 3.356120506177166
3 1 0.5368122357517867
4 1 -0.5711221668807173
5 1 2.60487501817387
6 1 0.06697842140500958
7 1 -1.047827128983622
8 1 0.6293436922009732
1 2 -0.745080289268357
2 2 1.71520454333671
3 2 0.842148446684608
4 2 -0.02722366968408294
5 2 1.758751079507294
6 2 0.09156107919771515
7 2 -0.8463425165457229
8 2 1.830919308648999
1 3 -0.9944738329253453
2 3 -1.102779034488588
3 3 1.187102369991395
4 3 0.0963142685330249
5 3 -0.7469190864950769
6 3 -0.8552242880583194
7 3 0.2355638134000509
8 3 -0.5689891124983215
1 4 -0.00244829636859413
2 4 -0.7931959320119719
3 4 0.3851118096384369
4 4 -0.4118867954566672
5 4 -1.58394356765535
6 4 -0.1118402617738045
7 4 -0.9182153210464981
8 4 0.3601079318315317
1 5 1.363969526452184
2 5 -0.07785595415392452
3 5 0.4263159561459817
4 5 0.5656317901738614
5 5 1.027822147100511
6 5 0.3428444366755019
7 5 -1.318818873772766
8 5 0.8593060288762444
1 6 0.7256104022935321
2 6 1.406085499836929
3 6 1.708245733388674
4 6 1.290702866079763
5 6 1.724172302735481
6 6 -0.5597082023975849
7 6 -0.6944956217956889
8 6 -0.1442574952655941
1 7 0.2181335447863965
2 7 1.553645043478609
3 7 1.553645043478609
4 7 1.553645043478609
5 7 0.2181335447863965
6 7 -1.117377953905817
7 7 1.553645043478609
8 7 -1.117377953905817



# name: <cell-element>
# type: sparse matrix
# nnz: 42
# rows: 6
# columns: 7
1 1 -0.5042429953877409
2 1 3.356120506177166
3 1 0.5368122357517867
4 1 -0.5711221668807173
5 1 -0.5462333427862991
6 1 -0.3802569514327253
1 2 -0.7603357460829975
2 2 1.71520454333671
3 2 0.842148446684608
4 2 -0.02722366968408294
5 2 -0.9452432180003889
6 2 -0.8507821850923984
1 3 0.3980216157449146
2 3 -1.102779034488588
3 3 1.187102369991395
4 3 0.0963142685330249
5 3 0.4908546456562652
6 3 1.024644567646531
1 4 -0.2399851355341938
2 4 -0.7931959320119719
3 4 0.3851118096384369
4 4 -0.4118867954566672
5 4 0.7445425531126995
6 4 1.266498502331846
1 5 -0.4800726634044933
2 5 -0.07785595415392452
3 5 0.4263159561459817
4 5 0.5656317901738614
5 5 -1.339367221910964
6 5 -1.259238495917511
1 6 -1.058086908542263
2 6 1.406085499836929
3 6 1.708245733388674
4 6 1.290702866079763
5 6 -1.450628461736974
6 6 -1.399788969437805
1 7 -1.117377953905817
2 7 1.553645043478609
3 7 1.553645043478609
4 7 1.553645043478609
5 7 -1.117377953905817
6 7 -1.117377953905817



# name: <cell-element>
# type: sparse matrix
# nnz: 84
# rows: 12
# columns: 7
1 1 0.4177123413122397
2 1 -0.7218293409984518
3 1 -0.5317275864122517
4 1 -0.5274522055862167
5 1 -0.5711221668807173
6 1 -0.5724963964319428
7 1 -0.1292310200755262
8 1 1.122234024573868
9 1 2.60487501817387
10 1 0.06697842140500958
11 1 -0.3062012478389044
12 1 0.6293436922009732
1 2 1.371035769936447
2 2 -0.745080289268357
3 2 -0.8017569090131513
4 2 0.2155884154059067
5 2 -0.02722366968408294
6 2 -0.8630148888539831
7 2 -0.6641271840662091
8 2 1.371838688716165
9 2 1.758751079507294
10 2 0.09156107919771515
11 2 -0.7996787662891756
12 2 1.830919308648999
1 3 -0.2750178511123778
2 3 -0.9944738329253453
3 3 -0.3755869668496743
4 3 -0.2518095936345401
5 3 0.0963142685330249
6 3 -0.02746310468210931
7 3 0.003481238621674243
8 3 -0.5689891124983215
9 3 -0.7469190864950769
10 3 -0.8552242880583194
11 3 0.3980216157449146
12 3 -0.5689891124983215
1 4 0.3194766303953107
2 4 -0.00244829636859413
3 4 -0.2993693453255937
4 4 0.2663433900556371
5 4 -0.4118867954566672
6 4 -0.07433444506344665
7 4 -0.346251616213541
8 4 0.03505752034176371
9 4 -1.58394356765535
10 4 -0.1118402617738045
11 4 1.997861928183824
12 4 0.3601079318315317
1 5 0.6705365148793997
2 5 1.363969526452184
3 5 -0.8554487073836357
4 5 -0.2742942296568911
5 5 0.5656317901738614
6 5 -0.9188634659919507
7 5 0.16587301730346
8 5 0.394854370479841
9 5 1.027822147100511
10 5 0.3428444366755019
11 5 -0.3693672088417603
12 5 0.8593060288762444
1 6 0.6734371578815769
2 6 0.7256104022935321
3 6 -0.9617952363994959
4 6 0.5886262147096616
5 6 1.290702866079763
6 6 -1.002461599838388
7 6 -0.6917758135656923
8 6 0.8502769968357832
9 6 1.724172302735481
10 6 -0.5597082023975849
11 6 -0.9731713573615013
12 6 -0.1442574952655941
1 7 0.2181335447863965
2 7 0.2181335447863965
3 7 -0.5831733544289314
4 7 1.553645043478609
5 7 1.553645043478609
6 7 -0.5831733544289314
7 7 -1.117377953905817
8 7 0.2181335447863965
9 7 0.2181335447863965
10 7 -1.117377953905817
11 7 -1.117377953905817
12 7 -1.117377953905817



# name: <cell-element>
# type: sparse matrix
# nnz: 56
# rows: 8
# columns: 7
1 1 3.356120506177166
2 1 0.5368122357517867
3 1 -0.5711221668807173
4 1 -0.6154028968646514
5 1 -0.3402516022748261
6 1 2.60487501817387
7 1 -0.5462333427862991
8 1 -0.3802569514327253
1 2 1.71520454333671
2 2 0.842148446684608
3 2 -0.02722366968408294
4 2 -0.8093137916457905
5 2 -0.7892880526692966
6 2 1.758751079507294
7 2 -0.9452432180003889
8 2 -0.8507821850923984
1 3 -1.102779034488588
2 3 1.187102369991395
3 3 0.0963142685330249
4 3 0.8235063361719384
5 3 1.66673969120004
6 3 -0.7469190864950769
7 3 0.4908546456562652
8 3 1.024644567646531
1 4 -0.7931959320119719
2 4 0.3851118096384369
3 4 -0.4118867954566672
4 4 0.1850807871831951
5 4 0.6695309196919839
6 4 -1.58394356765535
7 4 0.7445425531126995
8 4 1.266498502331846
1 5 -0.07785595415392452
2 5 0.4263159561459817
3 5 0.5656317901738614
4 5 -1.301908271477215
5 5 -1.183140785587533
6 5 1.027822147100511
7 5 -1.339367221910964
8 5 -1.259238495917511
1 6 1.406085499836929
2 6 1.708245733388674
3 6 1.290702866079763
4 6 -1.233305323359355
5 6 -1.333258275811733
6 6 1.724172302735481
7 6 -1.450628461736974
8 6 -1.399788969437805
1 7 1.553645043478609
2 7 1.553645043478609
3 7 1.553645043478609
4 7 -0.5831733544289314
5 7 -1.117377953905817
6 7 0.2181335447863965
7 7 -1.117377953905817
8 7 -1.117377953905817



# name: <cell-element>
# type: sparse matrix
# nnz: 63
# rows: 9
# columns: 7
1 1 2.646101904710636
2 1 3.356120506177166
3 1 0.5368122357517867
4 1 -0.5711221668807173
5 1 -0.6154028968646514
6 1 -0.3402516022748261
7 1 2.60487501817387
8 1 -0.5462333427862991
9 1 -0.3802569514327253
1 2 1.525762941839735
2 2 1.71520454333671
3 2 0.842148446684608
4 2 -0.02722366968408294
5 2 -0.8093137916457905
6 2 -0.7892880526692966
7 2 1.758751079507294
8 2 -0.9452432180003889
9 2 -0.8507821850923984
1 3 -1.164667721096155
2 3 -1.102779034488588
3 3 1.187102369991395
4 3 0.0963142685330249
5 3 0.8235063361719384
6 3 1.66673969120004
7 3 -0.7469190864950769
8 3 0.4908546456562652
9 3 1.024644567646531
1 4 -0.09308735341862558
2 4 -0.7931959320119719
3 4 0.3851118096384369
4 4 -0.4118867954566672
5 4 0.1850807871831951
6 4 0.6695309196919839
7 4 -1.58394356765535
8 4 0.7445425531126995
9 4 1.266498502331846
1 5 0.540069251820122
2 5 -0.07785595415392452
3 5 0.4263159561459817
4 5 0.5656317901738614
5 5 -1.301908271477215
6 5 -1.183140785587533
7 5 1.027822147100511
8 5 -1.339367221910964
9 5 -1.259238495917511
1 6 1.349701783068921
2 6 1.406085499836929
3 6 1.708245733388674
4 6 1.290702866079763
5 6 -1.233305323359355
6 6 -1.333258275811733
7 6 1.724172302735481
8 6 -1.450628461736974
9 6 -1.399788969437805
1 7 0.2181335447863965
2 7 1.553645043478609
3 7 1.553645043478609
4 7 1.553645043478609
5 7 -0.5831733544289314
6 7 -1.117377953905817
7 7 0.2181335447863965
8 7 -1.117377953905817
9 7 -1.117377953905817



