# Created by Octave 3.8.2, Wed May 18 09:26:02 2016 CEST <Andrea@Andreas-MacBook-Pro.local>
# name: SVs
# type: cell
# rows: 1
# columns: 7
# name: <cell-element>
# type: sparse matrix
# nnz: 70
# rows: 10
# columns: 7
1 1 -0.7501769198623947
2 1 0.9852129751934612
3 1 -0.007036494355966671
4 1 1.096945708183336
5 1 -0.4657425386914484
6 1 2.255616765979978
7 1 -0.4268846678507074
8 1 0.874134415113363
9 1 -0.3754666771422521
10 1 2.953095922383986
1 2 -1.005366777935452
2 2 1.209767436635573
3 2 0.5800148169747847
4 2 0.5567313867864528
5 2 -0.1479132110785366
6 2 1.585235665184421
7 2 -0.7340323158981987
8 2 1.374218120721665
9 2 -0.3820766851576462
10 2 1.540547979291461
1 3 0.7363825413429821
2 3 0.4876738702672895
3 3 0.004764533928652942
4 3 -1.182819370457779
5 3 0.6659150845382026
6 3 0.4400047083111151
7 3 0.5788670496617101
8 3 -1.381786307318334
9 3 -1.367278301505585
10 3 0.516689881892787
1 4 0.529924246010704
2 4 0.5800033824087947
3 4 0.2683998670428968
4 4 -1.073999205850369
5 4 0.381077923938601
6 4 -0.1405797468748442
7 4 0.3782957496942626
8 4 -0.8472520049367913
9 4 -0.7457026450184406
10 4 0.6898992650601605
1 5 0.8223901655929686
2 5 0.8310921108192593
3 5 0.4512907546135633
4 5 0.2674483928075
5 5 1.022424754592256
6 5 1.540245571159245
7 5 2.132638753779382
8 5 0.1014505262756022
9 5 -0.7149902081201688
10 5 0.66850893165464
1 6 -0.4083774411660969
2 6 -0.03308994026539913
3 6 0.0875631331386075
4 6 2.727023750652729
5 6 0.2021947296277083
6 6 0.4337631283853982
7 6 -0.3051321641332566
8 6 2.441373827213831
9 6 1.076664063868512
10 6 0.419135549893736
1 7 0.129134728100986
2 7 0.129134728100986
3 7 1.620469419886646
4 7 -0.3679768358275676
5 7 1.620469419886646
6 7 0.129134728100986
7 7 -0.7656660869704104
8 7 -0.3679768358275676
9 7 0.6262462920295389
10 7 1.620469419886646



# name: <cell-element>
# type: sparse matrix
# nnz: 182
# rows: 26
# columns: 7
1 1 -0.4444165018327252
2 1 -0.7501769198623947
3 1 -0.8303785186010285
4 1 1.708466544242675
5 1 -0.209437592640904
6 1 -0.007036494355966671
7 1 1.096945708183336
8 1 -0.08710725851264518
9 1 -0.4669200499290467
10 1 0.2537168274810599
11 1 -1.367192808363858
12 1 -1.289477066682376
13 1 0.09305196083988147
14 1 -0.2011950139777165
15 1 -0.4084369917950021
16 1 0.6594348661246221
17 1 0.06989423983378328
18 1 -0.4268846678507074
19 1 -0.9071784182088232
20 1 0.874134415113363
21 1 -0.9532321910571088
22 1 -0.3754666771422521
23 1 -0.2884616801419397
24 1 2.953095922383986
25 1 -0.3031151533209396
26 1 -1.296542134107966
1 2 -1.038779416926188
2 2 -1.005366777935452
3 2 -0.8960996567366664
4 2 1.530556271061035
5 2 0.5243729188475507
6 2 0.5800148169747847
7 2 0.5567313867864528
8 2 -0.7659782821211659
9 2 -0.9589832516547596
10 2 1.299005307849514
11 2 -1.008254289946998
12 2 -0.8327118930546525
13 2 0.2780177273863617
14 2 -0.3884017114686498
15 2 -0.8593411704944574
16 2 1.654902621653446
17 2 1.02964168734395
18 2 -0.7340323158981987
19 2 -0.7222072667080616
20 2 1.374218120721665
21 2 -0.3966059122633572
22 2 -0.3820766851576462
23 2 -0.742694851932834
24 2 1.540547979291461
25 2 -0.8480202900682409
26 2 -0.8850537774544066
1 3 0.7716162697453719
2 3 0.7363825413429821
3 3 0.9685106343469619
4 3 0.7426002581198745
5 3 -1.472979486712754
6 3 0.004764533928652942
7 3 -1.182819370457779
8 3 0.6410442174306333
9 3 0.6327539283947768
10 3 -1.176601653680887
11 3 -1.50614064285618
12 3 -1.531011509963749
13 3 0.4047709799087253
14 3 0.7073665297174847
15 3 0.7467454026378026
16 3 0.9042608943190746
17 3 0.2368926269326327
18 3 0.5788670496617101
19 3 -1.423237752497616
20 3 -1.381786307318334
21 3 -1.597333822250601
22 3 -1.367278301505585
23 3 1.005816935008316
24 3 0.516689881892787
25 3 0.5933750554744589
26 3 -1.522721220927893
1 4 0.8957801591412001
2 4 0.529924246010704
3 4 0.3546472686173864
4 4 0.2294494276221595
5 4 -0.9682765845655106
6 4 0.2683998670428968
7 4 -1.073999205850369
8 4 0.4102907535041539
9 4 0.5313153331328732
10 4 -0.4619208720959265
11 4 -1.783453638156654
12 4 -1.03783094067397
13 4 -0.0696343036442157
14 4 0.3866422724272777
15 4 0.4575877156579062
16 4 0.716329920381375
17 4 0.1501574616585159
18 4 0.3782957496942626
19 4 -2.15070063840932
20 4 -0.8472520049367913
21 4 -1.82518625182173
22 4 -0.7457026450184406
23 4 1.132264969909962
24 4 0.6898992650601605
25 4 -0.1725747506847355
26 4 -2.022720623169755
1 5 -1.111865001162258
2 5 0.8223901655929686
3 5 -0.942232144852289
4 5 0.9760510971205051
5 5 -0.7825128970279679
6 5 0.4512907546135633
7 5 0.2674483928075
8 5 0.5745499534517807
9 5 -0.6407482956832085
10 5 -0.1927633433373369
11 5 -1.107348801741018
12 5 -1.24118251629726
13 5 2.310202496877868
14 5 0.4382929123768255
15 5 -0.1491434660004878
16 5 1.504556580610914
17 5 0.2518069216412561
18 5 2.132638753779382
19 5 -1.11715225902127
20 5 0.1014505262756022
21 5 -1.245698715718499
22 5 -0.7149902081201688
23 5 -0.005065689342410598
24 5 0.66850893165464
25 5 2.454941180768322
26 5 -1.196681429317242
1 6 -1.262281545665042
2 6 -0.4083774411660969
3 6 -0.8195842393944581
4 6 0.7004125678236648
5 6 0.878402395888399
6 6 0.0875631331386075
7 6 2.727023750652729
8 6 -0.8568866601898145
9 6 -1.022861476312973
10 6 1.866176086927083
11 6 0.03339778279269114
12 6 -0.04640425000995892
13 6 0.3151358418785176
14 6 -0.8966339962058403
15 6 -1.052577674452195
16 6 -0.283030130538405
17 6 0.03539562780158101
18 6 -0.3051321641332566
19 6 0.3414151877646844
20 6 2.441373827213831
21 6 0.1139123337453648
22 6 1.076664063868512
23 6 -0.9895407745912784
24 6 0.419135549893736
25 6 -0.4580720893942178
26 6 0.0007895992210200515
1 7 -1.362199963684675
2 7 0.129134728100986
3 7 1.620469419886646
4 7 1.620469419886646
5 7 0.6262462920295389
6 7 1.620469419886646
7 7 -0.3679768358275676
8 7 -1.362199963684675
9 7 -0.7656660869704104
10 7 0.6262462920295389
11 7 -0.3679768358275676
12 7 -0.3679768358275676
13 7 0.129134728100986
14 7 -1.362199963684675
15 7 -1.362199963684675
16 7 -0.7656660869704104
17 7 1.620469419886646
18 7 -0.7656660869704104
19 7 0.6262462920295389
20 7 -0.3679768358275676
21 7 0.6262462920295389
22 7 0.6262462920295389
23 7 -1.362199963684675
24 7 1.620469419886646
25 7 -1.362199963684675
26 7 -0.3679768358275676



