# Created by Octave 3.8.2, Wed May 18 09:25:52 2016 CEST <Andrea@Andreas-MacBook-Pro.local>
# name: mu
# type: matrix
# rows: 1
# columns: 8
 185852.4367816092 21768.7816091954 52200.18390804598 2597.701149425287 4146.057471264367 22526.98850574713 126125.4827586207 0.01213920817369092


# name: sigma
# type: matrix
# rows: 1
# columns: 8
 87474.66252016243 7643.239157833797 21818.09105836028 482.4922246618369 718.8622366373813 9078.429930967925 71577.12403298976 0.002793917884172384


