# Created by Octave 4.0.0, Mon May 23 11:56:25 2016 CEST <peter@Independence>
# name: x
# type: matrix
# rows: 1
# columns: 100
 0.008333333333333333 0.008417508417508417 0.008501683501683501 0.008585858585858586 0.00867003367003367 0.008754208754208754 0.008838383838383838 0.008922558922558922 0.009006734006734006 0.00909090909090909 0.009175084175084175 0.009259259259259259 0.009343434343434343 0.009427609427609427 0.009511784511784511 0.009595959595959595 0.009680134680134681 0.009764309764309764 0.009848484848484848 0.009932659932659932 0.01001683501683502 0.0101010101010101 0.01018518518518518 0.01026936026936027 0.01035353535353535 0.01043771043771044 0.01052188552188552 0.0106060606060606 0.01069023569023569 0.01077441077441077 0.01085858585858586 0.01094276094276094 0.01102693602693603 0.01111111111111111 0.01119528619528619 0.01127946127946128 0.01136363636363636 0.01144781144781145 0.01153198653198653 0.01161616161616162 0.0117003367003367 0.01178451178451178 0.01186868686868687 0.01195286195286195 0.01203703703703704 0.01212121212121212 0.01220538720538721 0.01228956228956229 0.01237373737373737 0.01245791245791246 0.01254208754208754 0.01262626262626263 0.01271043771043771 0.01279461279461279 0.01287878787878788 0.01296296296296296 0.01304713804713805 0.01313131313131313 0.01321548821548822 0.0132996632996633 0.01338383838383838 0.01346801346801347 0.01355218855218855 0.01363636363636364 0.01372053872053872 0.0138047138047138 0.01388888888888889 0.01397306397306397 0.01405723905723906 0.01414141414141414 0.01422558922558922 0.01430976430976431 0.01439393939393939 0.01447811447811448 0.01456228956228956 0.01464646464646465 0.01473063973063973 0.01481481481481482 0.0148989898989899 0.01498316498316498 0.01506734006734007 0.01515151515151515 0.01523569023569023 0.01531986531986532 0.0154040404040404 0.01548821548821549 0.01557239057239057 0.01565656565656565 0.01574074074074074 0.01582491582491583 0.01590909090909091 0.01599326599326599 0.01607744107744108 0.01616161616161616 0.01624579124579124 0.01632996632996633 0.01641414141414141 0.0164983164983165 0.01658249158249158 0.01666666666666667


# name: y
# type: matrix
# rows: 100
# columns: 1
 142774.4970083051
 142774.2129861719
 142773.962010839
 142773.7409319037
 142773.5468297927
 142773.3770042001
 142773.228962823
 142773.1004103938
 142772.9892380101
 142772.893512761
 142772.8114676514
 142772.7414918224
 142772.6821210697
 142772.6320286586
 142772.5900164362
 142772.5550062407
 142772.5260316078
 142772.5022297742
 142772.4828339784
 142772.4671660583
 142772.4546293459
 142772.4447018594
 142772.4369297921
 142772.4309212988
 142772.4263405787
 142772.4229022557
 142772.4203660562
 142772.4185317833
 142772.4172345887
 142772.4163405411
 142772.4157424922
 142772.41535624
 142772.415116988
 142772.4149761032
 142772.4148981698
 142772.4148583408
 142772.4148399863
 142772.4148326392
 142772.4148302377
 142772.4148296651
 142772.4148295865
 142772.4148295832
 142772.4148295832
 142772.4148295898
 142772.4148297063
 142772.4148304592
 142772.4148334168
 142772.4148421063
 142772.4148632271
 142772.4149081621
 142772.4149947847
 142772.4151495646
 142772.4154099696
 142772.4158271644
 142772.4164690074
 142772.4174233437
 142772.4188015957
 142772.4207426509
 142772.4234170459
 142772.4270314491
 142772.4318334386
 142772.438116579
 142772.4462257941
 142772.456563037
 142772.4695932576
 142772.4858506667
 142772.5059452978
 142772.5305698656
 142772.5605069215
 142772.5966363065
 142772.6399429012
 142772.6915246726
 142772.7526010182
 142772.8245214074
 142772.9087743196
 142773.0069964797
 142773.1209823905
 142773.2526941622
 142773.4042716394
 142773.5780428247
 142773.7765345997
 142774.0024837427
 142774.2588482442
 142774.548818919
 142774.8758313153
 142775.2435779212
 142775.6560206685
 142776.1174037328
 142776.6322666317
 142777.2054576191
 142777.8421473776
 142778.5478430073
 142779.3284023119
 142780.1900483817
 142781.1393844746
 142782.1834091928
 142783.3295319575
 142784.5855887808
 142785.9598583341
 142787.4610783142


# name: QUERY
# type: sq_string
# elements: 1
# length: 2
R4


# name: DATASIZE
# type: sq_string
# elements: 1
# length: 3
250


