# Created by Octave 4.0.0, Mon May 23 11:56:25 2016 CEST <peter@Independence>
# name: x
# type: matrix
# rows: 1
# columns: 100
 0.008333333333333333 0.008417508417508417 0.008501683501683501 0.008585858585858586 0.00867003367003367 0.008754208754208754 0.008838383838383838 0.008922558922558922 0.009006734006734006 0.00909090909090909 0.009175084175084175 0.009259259259259259 0.009343434343434343 0.009427609427609427 0.009511784511784511 0.009595959595959595 0.009680134680134681 0.009764309764309764 0.009848484848484848 0.009932659932659932 0.01001683501683502 0.0101010101010101 0.01018518518518518 0.01026936026936027 0.01035353535353535 0.01043771043771044 0.01052188552188552 0.0106060606060606 0.01069023569023569 0.01077441077441077 0.01085858585858586 0.01094276094276094 0.01102693602693603 0.01111111111111111 0.01119528619528619 0.01127946127946128 0.01136363636363636 0.01144781144781145 0.01153198653198653 0.01161616161616162 0.0117003367003367 0.01178451178451178 0.01186868686868687 0.01195286195286195 0.01203703703703704 0.01212121212121212 0.01220538720538721 0.01228956228956229 0.01237373737373737 0.01245791245791246 0.01254208754208754 0.01262626262626263 0.01271043771043771 0.01279461279461279 0.01287878787878788 0.01296296296296296 0.01304713804713805 0.01313131313131313 0.01321548821548822 0.0132996632996633 0.01338383838383838 0.01346801346801347 0.01355218855218855 0.01363636363636364 0.01372053872053872 0.0138047138047138 0.01388888888888889 0.01397306397306397 0.01405723905723906 0.01414141414141414 0.01422558922558922 0.01430976430976431 0.01439393939393939 0.01447811447811448 0.01456228956228956 0.01464646464646465 0.01473063973063973 0.01481481481481482 0.0148989898989899 0.01498316498316498 0.01506734006734007 0.01515151515151515 0.01523569023569023 0.01531986531986532 0.0154040404040404 0.01548821548821549 0.01557239057239057 0.01565656565656565 0.01574074074074074 0.01582491582491583 0.01590909090909091 0.01599326599326599 0.01607744107744108 0.01616161616161616 0.01624579124579124 0.01632996632996633 0.01641414141414141 0.0164983164983165 0.01658249158249158 0.01666666666666667


# name: y
# type: matrix
# rows: 100
# columns: 1
 143840.1264645965
 143837.3035495389
 143834.6825808391
 143832.2536895077
 143830.0072538057
 143827.9338992441
 143826.0244985841
 143824.270171837
 143822.6622862642
 143821.1924563775
 143819.8525439384
 143818.6346579588
 143817.5311547008
 143816.5346376766
 143815.6379576482
 143814.8342126283
 143814.1167478792
 143813.4791559138
 143812.9152764949
 143812.4191966353
 143811.9852505983
 143811.608019897
 143811.2823332948
 143811.0032668053
 143810.7661436921
 143810.5665344689
 143810.4002568998
 143810.2633759987
 143810.1522040299
 143810.0633005077
 143809.9934721966
 143809.9397731112
 143809.8995045162
 143809.8702149266
 143809.8497001073
 143809.8360030736
 143809.8274140907
 143809.822470674
 143809.8199575891
 143809.8189068518
 143809.8185977279
 143809.8185567334
 143809.8185576344
 143809.8186214472
 143809.8190164381
 143809.8202581237
 143809.8231092707
 143809.8285798959
 143809.8379272662
 143809.8526558988
 143809.8745175607
 143809.9055112695
 143809.9478832926
 143810.0041271477
 143810.0769836025
 143810.1694406748
 143810.2847336329
 143810.4263449948
 143810.5980045289
 143810.8036892536
 143811.0476234376
 143811.3342785996
 143811.6683735084
 143812.054874183
 143812.4989938927
 143813.0061931566
 143813.5821797443
 143814.2329086752
 143814.9645822191
 143815.7836498958
 143816.6968084753
 143817.7110019776
 143818.8334216731
 143820.0715060821
 143821.4329409751
 143822.9256593728
 143824.557841546
 143826.3379150156
 143828.2745545527
 143830.3766821785
 143832.6534671644
 143835.1143260318
 143837.7689225523
 143840.6271677477
 143843.69921989
 143846.9954845011
 143850.5266143531
 143854.3035094686
 143858.3373171197
 143862.6394318292
 143867.2214953698
 143872.0953967642
 143877.2732722856
 143882.7675054571
 143888.5907270518
 143894.7558150933
 143901.275894855
 143908.1643388607
 143915.4347668841
 143923.1010459493


# name: QUERY
# type: sq_string
# elements: 1
# length: 2
R4


# name: DATASIZE
# type: sq_string
# elements: 1
# length: 3
250


