# Created by Octave 3.8.2, Wed May 18 09:26:06 2016 CEST <Andrea@Andreas-MacBook-Pro.local>
# name: x
# type: matrix
# rows: 1
# columns: 100
 0.008333333333333333 0.008417508417508417 0.008501683501683501 0.008585858585858586 0.00867003367003367 0.008754208754208754 0.008838383838383838 0.008922558922558922 0.009006734006734006 0.00909090909090909 0.009175084175084175 0.009259259259259259 0.009343434343434345 0.009427609427609427 0.009511784511784511 0.009595959595959595 0.009680134680134679 0.009764309764309764 0.009848484848484849 0.009932659932659932 0.01001683501683502 0.0101010101010101 0.01018518518518519 0.01026936026936027 0.01035353535353535 0.01043771043771044 0.01052188552188552 0.01060606060606061 0.01069023569023569 0.01077441077441077 0.01085858585858586 0.01094276094276094 0.01102693602693603 0.01111111111111111 0.0111952861952862 0.01127946127946128 0.01136363636363636 0.01144781144781145 0.01153198653198653 0.01161616161616162 0.0117003367003367 0.01178451178451178 0.01186868686868687 0.01195286195286195 0.01203703703703704 0.01212121212121212 0.01220538720538721 0.01228956228956229 0.01237373737373737 0.01245791245791246 0.01254208754208754 0.01262626262626263 0.01271043771043771 0.01279461279461279 0.01287878787878788 0.01296296296296296 0.01304713804713805 0.01313131313131313 0.01321548821548822 0.0132996632996633 0.01338383838383838 0.01346801346801347 0.01355218855218855 0.01363636363636364 0.01372053872053872 0.01380471380471381 0.01388888888888889 0.01397306397306397 0.01405723905723906 0.01414141414141414 0.01422558922558923 0.01430976430976431 0.01439393939393939 0.01447811447811448 0.01456228956228956 0.01464646464646465 0.01473063973063973 0.01481481481481482 0.0148989898989899 0.01498316498316498 0.01506734006734007 0.01515151515151515 0.01523569023569024 0.01531986531986532 0.0154040404040404 0.01548821548821549 0.01557239057239057 0.01565656565656566 0.01574074074074074 0.01582491582491583 0.01590909090909091 0.01599326599326599 0.01607744107744108 0.01616161616161616 0.01624579124579125 0.01632996632996633 0.01641414141414142 0.0164983164983165 0.01658249158249158 0.01666666666666667


# name: y
# type: matrix
# rows: 100
# columns: 1
 147440.911148919
 148080.4260012567
 148691.6570848146
 149275.2441042368
 149831.8267641674
 150362.0447692504
 150866.5378241298
 151345.9456334498
 151800.9079018543
 152232.0643339876
 152640.0546344935
 153025.5185080162
 153389.0956591998
 153731.4257926882
 154053.1486131256
 154354.903825156
 154637.3311334235
 154901.0702425721
 155146.7608572459
 155375.0426820889
 155586.5554217453
 155781.938780859
 155961.8324640741
 156126.8761760347
 156277.7096213849
 156414.9725047687
 156539.3045308301
 156651.3454042133
 156751.7348295623
 156841.1125115211
 156920.1181547338
 156989.3914638445
 157049.5721434971
 157101.2998983359
 157145.2144330048
 157181.9554521479
 157212.1626604093
 157236.475762433
 157255.5344628631
 157269.9784663436
 157280.4474775186
 157287.5812010322
 157292.0193415284
 157294.4016036513
 157295.3676920449
 157295.5573113533
 157295.6101662205
 157296.1659612907
 157297.8644012079
 157301.3451906161
 157307.2480341593
 157316.2126364818
 157328.8787022274
 157345.8859360403
 157367.8740425646
 157395.4827264443
 157429.3516923233
 157470.1206448459
 157518.4292886561
 157574.9173283979
 157640.2244687155
 157714.9904142527
 157799.8548696538
 157895.4575395627
 158002.4381286236
 158121.4363414804
 158253.0918827773
 158398.0444571583
 158556.9337692675
 158730.3995237488
 158919.0814252465
 159123.6191784045
 159344.652487867
 159582.8210582779
 159838.7645942813
 160113.1228005213
 160406.5353816419
 160719.6420422872
 161053.0824871013
 161407.4964207282
 161783.523547812
 162181.8035729968
 162602.9762009265
 163047.6811362453
 163516.5580835973
 164010.2467476263
 164529.3868329767
 165074.6180442923
 165646.5800862173
 166245.9126633957
 166873.2554804716
 167529.248242089
 168214.530652892
 168929.7424175247
 169675.5232406311
 170452.5128268552
 171261.3508808412
 172102.6771072331
 172977.1312106749
 173885.3528958108


# name: QUERY
# type: sq_string
# elements: 1
# length: 2
R4


# name: DATASIZE
# type: sq_string
# elements: 1
# length: 3
250


