# Created by Octave 3.8.2, Wed May 18 09:26:07 2016 CEST <Andrea@Andreas-MacBook-Pro.local>
# name: x
# type: matrix
# rows: 1
# columns: 100
 0.008333333333333333 0.008417508417508417 0.008501683501683501 0.008585858585858586 0.00867003367003367 0.008754208754208754 0.008838383838383838 0.008922558922558922 0.009006734006734006 0.00909090909090909 0.009175084175084175 0.009259259259259259 0.009343434343434345 0.009427609427609427 0.009511784511784511 0.009595959595959595 0.009680134680134679 0.009764309764309764 0.009848484848484849 0.009932659932659932 0.01001683501683502 0.0101010101010101 0.01018518518518519 0.01026936026936027 0.01035353535353535 0.01043771043771044 0.01052188552188552 0.01060606060606061 0.01069023569023569 0.01077441077441077 0.01085858585858586 0.01094276094276094 0.01102693602693603 0.01111111111111111 0.0111952861952862 0.01127946127946128 0.01136363636363636 0.01144781144781145 0.01153198653198653 0.01161616161616162 0.0117003367003367 0.01178451178451178 0.01186868686868687 0.01195286195286195 0.01203703703703704 0.01212121212121212 0.01220538720538721 0.01228956228956229 0.01237373737373737 0.01245791245791246 0.01254208754208754 0.01262626262626263 0.01271043771043771 0.01279461279461279 0.01287878787878788 0.01296296296296296 0.01304713804713805 0.01313131313131313 0.01321548821548822 0.0132996632996633 0.01338383838383838 0.01346801346801347 0.01355218855218855 0.01363636363636364 0.01372053872053872 0.01380471380471381 0.01388888888888889 0.01397306397306397 0.01405723905723906 0.01414141414141414 0.01422558922558923 0.01430976430976431 0.01439393939393939 0.01447811447811448 0.01456228956228956 0.01464646464646465 0.01473063973063973 0.01481481481481482 0.0148989898989899 0.01498316498316498 0.01506734006734007 0.01515151515151515 0.01523569023569024 0.01531986531986532 0.0154040404040404 0.01548821548821549 0.01557239057239057 0.01565656565656566 0.01574074074074074 0.01582491582491583 0.01590909090909091 0.01599326599326599 0.01607744107744108 0.01616161616161616 0.01624579124579125 0.01632996632996633 0.01641414141414142 0.0164983164983165 0.01658249158249158 0.01666666666666667


# name: y
# type: matrix
# rows: 100
# columns: 1
 154383.6206594235
 154301.6517137336
 154228.4463976362
 154163.2385560396
 154105.3134067827
 154054.0051909468
 154008.6948781775
 153968.8079270175
 153933.8121002484
 153903.2153352428
 153876.5636693273
 153853.4392201541
 153833.4582210841
 153816.2691115791
 153801.5506826041
 153789.0102770403
 153778.3820451076
 153769.4252547972
 153761.9226573144
 153755.6789075315
 153750.5190394503
 153746.2869966755
 153742.844217897
 153740.0682773836
 153737.8515804856
 153736.1001141478
 153734.7322524331
 153733.6776170552
 153732.8759929224
 153732.2762986901
 153731.8356123249
 153731.5182516778
 153731.2949100673
 153731.1418468733
 153731.0401331405
 153730.974952192
 153730.9349552528
 153730.9116720839
 153730.8989766257
 153730.8926076518
 153730.889744433
 153730.8886374112
 153730.8882938834
 153730.8882186954
 153730.8882099462
 153730.8882097019
 153730.8882097199
 153730.8882121833
 153730.8882454447
 153730.8884347812
 153730.8891281578
 153730.8910770029
 153730.8956719919
 153730.905233842
 153730.9233591169
 153730.9553210413
 153731.0085253255
 153731.0930210001
 153731.222066261
 153731.4127493238
 153731.6866642891
 153732.0706420171
 153732.5975360127
 153733.3070633205
 153734.2467004299
 153735.47263419
 153737.0507677351
 153739.0577814196
 153741.5822487636
 153744.725807408
 153748.6043850798
 153753.3494805675
 153759.1094997071
 153766.0511463768
 153774.3608685031
 153784.2463590766
 153795.9381121768
 153809.6910340089
 153825.7861089488
 153844.5321205993
 153866.2674278558
 153891.3617959822
 153920.2182826973
 153953.2751792701
 153991.0080066264
 154033.9315664649
 154082.6020473831
 154137.6191860138
 154199.6284831711
 154269.3234750073
 154347.4480591784
 154434.7988760212
 154532.2277447397
 154640.6441546015
 154761.0178111441
 154894.3812373922
 155041.8324300839
 155204.5375709074
 155383.7337927481
 155580.7320009452


# name: QUERY
# type: sq_string
# elements: 1
# length: 2
R4


# name: DATASIZE
# type: sq_string
# elements: 1
# length: 3
250


