# Created by Octave 3.8.2, Wed May 18 09:26:06 2016 CEST <Andrea@Andreas-MacBook-Pro.local>
# name: x
# type: matrix
# rows: 1
# columns: 100
 0.008333333333333333 0.008417508417508417 0.008501683501683501 0.008585858585858586 0.00867003367003367 0.008754208754208754 0.008838383838383838 0.008922558922558922 0.009006734006734006 0.00909090909090909 0.009175084175084175 0.009259259259259259 0.009343434343434345 0.009427609427609427 0.009511784511784511 0.009595959595959595 0.009680134680134679 0.009764309764309764 0.009848484848484849 0.009932659932659932 0.01001683501683502 0.0101010101010101 0.01018518518518519 0.01026936026936027 0.01035353535353535 0.01043771043771044 0.01052188552188552 0.01060606060606061 0.01069023569023569 0.01077441077441077 0.01085858585858586 0.01094276094276094 0.01102693602693603 0.01111111111111111 0.0111952861952862 0.01127946127946128 0.01136363636363636 0.01144781144781145 0.01153198653198653 0.01161616161616162 0.0117003367003367 0.01178451178451178 0.01186868686868687 0.01195286195286195 0.01203703703703704 0.01212121212121212 0.01220538720538721 0.01228956228956229 0.01237373737373737 0.01245791245791246 0.01254208754208754 0.01262626262626263 0.01271043771043771 0.01279461279461279 0.01287878787878788 0.01296296296296296 0.01304713804713805 0.01313131313131313 0.01321548821548822 0.0132996632996633 0.01338383838383838 0.01346801346801347 0.01355218855218855 0.01363636363636364 0.01372053872053872 0.01380471380471381 0.01388888888888889 0.01397306397306397 0.01405723905723906 0.01414141414141414 0.01422558922558923 0.01430976430976431 0.01439393939393939 0.01447811447811448 0.01456228956228956 0.01464646464646465 0.01473063973063973 0.01481481481481482 0.0148989898989899 0.01498316498316498 0.01506734006734007 0.01515151515151515 0.01523569023569024 0.01531986531986532 0.0154040404040404 0.01548821548821549 0.01557239057239057 0.01565656565656566 0.01574074074074074 0.01582491582491583 0.01590909090909091 0.01599326599326599 0.01607744107744108 0.01616161616161616 0.01624579124579125 0.01632996632996633 0.01641414141414142 0.0164983164983165 0.01658249158249158 0.01666666666666667


# name: y
# type: matrix
# rows: 100
# columns: 1
 133107.2346754979
 132784.3275424325
 132468.6420542032
 132160.1782108099
 131858.9360122527
 131564.9154585315
 131278.1165496463
 130998.5392855972
 130726.1836663842
 130461.0496920072
 130203.1373624661
 129952.4466777612
 129708.9776378923
 129472.7302428594
 129243.7044926626
 129021.9003873018
 128807.3179267771
 128599.9571110884
 128399.8179402357
 128206.9004142191
 128021.2045330385
 127842.730296694
 127671.4777051855
 127507.4467585131
 127350.6374566767
 127201.0497996763
 127058.683787512
 126923.5394201837
 126795.6166976915
 126674.9156200353
 126561.4361872152
 126455.1783992311
 126356.142256083
 126264.327757771
 126179.734904295
 126102.3636956551
 126032.2141318512
 125969.2862128833
 125913.5799387515
 125865.0953094557
 125823.832324996
 125789.7909853723
 125762.9712905847
 125743.3732406331
 125730.9968355175
 125725.842075238
 125727.9089597945
 125737.1974891871
 125753.7076634157
 125777.4394824803
 125808.392946381
 125846.5680551178
 125891.9648086905
 125944.5832070993
 126004.4232503442
 126071.4849384251
 126145.7682713421
 126227.273249095
 126315.9998716841
 126411.9481391091
 126515.1180513703
 126625.5096084674
 126743.1228104006
 126867.9576571698
 127000.0141487751
 127139.2922852164
 127285.7920664938
 127439.5134926072
 127600.4565635567
 127768.6212793422
 127944.0076399637
 128126.6156454213
 128316.4452957149
 128513.4965908445
 128717.7695308102
 128929.264115612
 129147.9803452498
 129373.9182197236
 129607.0777390335
 129847.4589031794
 130095.0617121613
 130349.8861659793
 130611.9322646333
 130881.2000081234
 131157.6893964496
 131441.4004296117
 131732.3331076099
 132030.4874304442
 132335.8633981145
 132648.4610106208
 132968.2802679632
 133295.3211701415
 133629.583717156
 133971.0679090065
 134319.773745693
 134675.7012272156
 135038.8503535743
 135409.2211247689
 135786.8135407997
 136171.6276016663


# name: QUERY
# type: sq_string
# elements: 1
# length: 2
R4


# name: DATASIZE
# type: sq_string
# elements: 1
# length: 3
250


