# Created by Octave 3.8.2, Wed May 18 09:26:07 2016 CEST <Andrea@Andreas-MacBook-Pro.local>
# name: x
# type: matrix
# rows: 1
# columns: 100
 0.008333333333333333 0.008417508417508417 0.008501683501683501 0.008585858585858586 0.00867003367003367 0.008754208754208754 0.008838383838383838 0.008922558922558922 0.009006734006734006 0.00909090909090909 0.009175084175084175 0.009259259259259259 0.009343434343434345 0.009427609427609427 0.009511784511784511 0.009595959595959595 0.009680134680134679 0.009764309764309764 0.009848484848484849 0.009932659932659932 0.01001683501683502 0.0101010101010101 0.01018518518518519 0.01026936026936027 0.01035353535353535 0.01043771043771044 0.01052188552188552 0.01060606060606061 0.01069023569023569 0.01077441077441077 0.01085858585858586 0.01094276094276094 0.01102693602693603 0.01111111111111111 0.0111952861952862 0.01127946127946128 0.01136363636363636 0.01144781144781145 0.01153198653198653 0.01161616161616162 0.0117003367003367 0.01178451178451178 0.01186868686868687 0.01195286195286195 0.01203703703703704 0.01212121212121212 0.01220538720538721 0.01228956228956229 0.01237373737373737 0.01245791245791246 0.01254208754208754 0.01262626262626263 0.01271043771043771 0.01279461279461279 0.01287878787878788 0.01296296296296296 0.01304713804713805 0.01313131313131313 0.01321548821548822 0.0132996632996633 0.01338383838383838 0.01346801346801347 0.01355218855218855 0.01363636363636364 0.01372053872053872 0.01380471380471381 0.01388888888888889 0.01397306397306397 0.01405723905723906 0.01414141414141414 0.01422558922558923 0.01430976430976431 0.01439393939393939 0.01447811447811448 0.01456228956228956 0.01464646464646465 0.01473063973063973 0.01481481481481482 0.0148989898989899 0.01498316498316498 0.01506734006734007 0.01515151515151515 0.01523569023569024 0.01531986531986532 0.0154040404040404 0.01548821548821549 0.01557239057239057 0.01565656565656566 0.01574074074074074 0.01582491582491583 0.01590909090909091 0.01599326599326599 0.01607744107744108 0.01616161616161616 0.01624579124579125 0.01632996632996633 0.01641414141414142 0.0164983164983165 0.01658249158249158 0.01666666666666667


# name: y
# type: matrix
# rows: 100
# columns: 1
 147645.1598131198
 147437.1019260684
 147242.6923582605
 147061.3207651252
 146892.3907643794
 146735.3199360285
 146589.5398223656
 146454.4959279718
 146329.6477197167
 146214.4686267574
 146108.4460405393
 146011.081314796
 145921.8897655488
 145840.4006711073
 145766.1572720691
 145698.7167713199
 145637.6503340331
 145582.5430876707
 145532.9941219823
 145488.6164890058
 145449.037203067
 145413.8972407799
 145382.8515410463
 145355.5690050563
 145331.7324962879
 145311.0388405073
 145293.1988257685
 145277.9372024137
 145264.9926830733
 145254.1179426654
 145245.0796183964
 145237.6583097607
 145231.6485785407
 145226.8589488069
 145223.1119069177
 145220.2439015198
 145218.1053435478
 145216.5606062243
 145215.48802506
 145214.7798978538
 145214.3424846923
 145214.0960079504
 145213.9746522911
 145213.9265646652
 145213.9138543118
 145213.9125927579
 145213.9128138186
 145213.918513597
 145213.9476504843
 145214.0321451597
 145214.2178805905
 145214.564702032
 145215.1464170276
 145216.0507954087
 145217.3795692947
 145219.2484330931
 145221.7870434996
 145225.1390194977
 145229.461942359
 145234.9273556433
 145241.7207651983
 145250.0416391598
 145260.1034079517
 145272.1334642857
 145286.3731631619
 145303.0778218682
 145322.5167199806
 145344.9730993633
 145370.7441641683
 145400.1410808359
 145433.4889780941
 145471.1269469594
 145513.4080407359
 145560.6992750161
 145613.3816276803
 145671.8500388971
 145736.5134111228
 145807.7946091021
 145886.1304598676
 145971.9717527398
 146065.7832393275
 146168.0436335273
 146279.2456115242
 146399.8958117908
 146530.5148350881
 146671.6372444651
 146823.8115652585
 146987.6002850936
 147163.5798538833
 147352.3406838288
 147554.4871494191
 147770.6375874316
 148001.4242969315
 148247.493539272
 148509.5055380946
 148788.1344793285
 149084.0685111913
 149398.0097441884
 149730.6742511133
 150082.7920670477


# name: QUERY
# type: sq_string
# elements: 1
# length: 2
R4


# name: DATASIZE
# type: sq_string
# elements: 1
# length: 3
250


