# Created by Octave 4.0.0, Mon May 23 11:56:25 2016 CEST <peter@Independence>
# name: x
# type: matrix
# rows: 1
# columns: 100
 0.008333333333333333 0.008417508417508417 0.008501683501683501 0.008585858585858586 0.00867003367003367 0.008754208754208754 0.008838383838383838 0.008922558922558922 0.009006734006734006 0.00909090909090909 0.009175084175084175 0.009259259259259259 0.009343434343434343 0.009427609427609427 0.009511784511784511 0.009595959595959595 0.009680134680134681 0.009764309764309764 0.009848484848484848 0.009932659932659932 0.01001683501683502 0.0101010101010101 0.01018518518518518 0.01026936026936027 0.01035353535353535 0.01043771043771044 0.01052188552188552 0.0106060606060606 0.01069023569023569 0.01077441077441077 0.01085858585858586 0.01094276094276094 0.01102693602693603 0.01111111111111111 0.01119528619528619 0.01127946127946128 0.01136363636363636 0.01144781144781145 0.01153198653198653 0.01161616161616162 0.0117003367003367 0.01178451178451178 0.01186868686868687 0.01195286195286195 0.01203703703703704 0.01212121212121212 0.01220538720538721 0.01228956228956229 0.01237373737373737 0.01245791245791246 0.01254208754208754 0.01262626262626263 0.01271043771043771 0.01279461279461279 0.01287878787878788 0.01296296296296296 0.01304713804713805 0.01313131313131313 0.01321548821548822 0.0132996632996633 0.01338383838383838 0.01346801346801347 0.01355218855218855 0.01363636363636364 0.01372053872053872 0.0138047138047138 0.01388888888888889 0.01397306397306397 0.01405723905723906 0.01414141414141414 0.01422558922558922 0.01430976430976431 0.01439393939393939 0.01447811447811448 0.01456228956228956 0.01464646464646465 0.01473063973063973 0.01481481481481482 0.0148989898989899 0.01498316498316498 0.01506734006734007 0.01515151515151515 0.01523569023569023 0.01531986531986532 0.0154040404040404 0.01548821548821549 0.01557239057239057 0.01565656565656565 0.01574074074074074 0.01582491582491583 0.01590909090909091 0.01599326599326599 0.01607744107744108 0.01616161616161616 0.01624579124579124 0.01632996632996633 0.01641414141414141 0.0164983164983165 0.01658249158249158 0.01666666666666667


# name: y
# type: matrix
# rows: 100
# columns: 1
 132025.0395088045
 132272.1281299578
 132507.2868018918
 132730.8107107805
 132942.9950427978
 133144.1349841176
 133334.525720914
 133514.4624393606
 133684.2403256316
 133844.1545659009
 133994.5003463422
 134135.5728531297
 134267.6672724372
 134391.0787904387
 134506.102593308
 134613.0338672191
 134712.1677983459
 134803.7995728624
 134888.2243769425
 134965.73739676
 135036.633818489
 135101.2088283034
 135159.7576123771
 135212.5753568839
 135259.9572479979
 135302.1984718929
 135339.594214743
 135372.439662722
 135401.0300020038
 135425.6604187624
 135446.6260991717
 135464.2222294056
 135478.7439956381
 135490.486584043
 135499.7451807944
 135506.814972066
 135511.991144032
 135515.5688828661
 135517.8433747424
 135519.1098058347
 135519.6633623169
 135519.799230363
 135519.812596147
 135519.9986458427
 135520.6525656241
 135522.0695416651
 135524.5447601396
 135528.3734072216
 135533.850669085
 135541.2717319036
 135550.9317818515
 135563.1260051026
 135578.1495878307
 135596.2977162099
 135617.865576414
 135643.1483546169
 135672.4412369927
 135706.0394097152
 135744.2380589583
 135787.332370896
 135835.6175317022
 135889.3887275509
 135948.9411446159
 136014.5699690711
 136086.5703870906
 136165.2375848482
 136250.8667485179
 136343.7530642736
 136444.1917182892
 136552.4778967387
 136668.9067857959
 136793.7735716348
 136927.3734404293
 137070.0015783534
 137221.9531715809
 137383.5234062859
 137555.0074686422
 137736.7005448237
 137928.8978210044
 138131.8944833583
 138345.9857180591
 138571.466711281
 138808.6326491977
 139057.7787179833
 139319.2001038116
 139593.1919928565
 139880.0495712921
 140180.0680252922
 140493.5425410307
 140820.7683046817
 141162.0405024189
 141517.6543204163
 141887.9049448479
 142273.0875618877
 142673.4973577094
 143089.429518487
 143521.1792303945
 143969.0416796059
 144433.3120522949
 144914.2855346356


# name: QUERY
# type: sq_string
# elements: 1
# length: 2
R4


# name: DATASIZE
# type: sq_string
# elements: 1
# length: 3
250


