# Created by Octave 4.0.0, Mon May 23 11:56:25 2016 CEST <peter@Independence>
# name: x
# type: matrix
# rows: 1
# columns: 100
 0.008333333333333333 0.008417508417508417 0.008501683501683501 0.008585858585858586 0.00867003367003367 0.008754208754208754 0.008838383838383838 0.008922558922558922 0.009006734006734006 0.00909090909090909 0.009175084175084175 0.009259259259259259 0.009343434343434343 0.009427609427609427 0.009511784511784511 0.009595959595959595 0.009680134680134681 0.009764309764309764 0.009848484848484848 0.009932659932659932 0.01001683501683502 0.0101010101010101 0.01018518518518518 0.01026936026936027 0.01035353535353535 0.01043771043771044 0.01052188552188552 0.0106060606060606 0.01069023569023569 0.01077441077441077 0.01085858585858586 0.01094276094276094 0.01102693602693603 0.01111111111111111 0.01119528619528619 0.01127946127946128 0.01136363636363636 0.01144781144781145 0.01153198653198653 0.01161616161616162 0.0117003367003367 0.01178451178451178 0.01186868686868687 0.01195286195286195 0.01203703703703704 0.01212121212121212 0.01220538720538721 0.01228956228956229 0.01237373737373737 0.01245791245791246 0.01254208754208754 0.01262626262626263 0.01271043771043771 0.01279461279461279 0.01287878787878788 0.01296296296296296 0.01304713804713805 0.01313131313131313 0.01321548821548822 0.0132996632996633 0.01338383838383838 0.01346801346801347 0.01355218855218855 0.01363636363636364 0.01372053872053872 0.0138047138047138 0.01388888888888889 0.01397306397306397 0.01405723905723906 0.01414141414141414 0.01422558922558922 0.01430976430976431 0.01439393939393939 0.01447811447811448 0.01456228956228956 0.01464646464646465 0.01473063973063973 0.01481481481481482 0.0148989898989899 0.01498316498316498 0.01506734006734007 0.01515151515151515 0.01523569023569023 0.01531986531986532 0.0154040404040404 0.01548821548821549 0.01557239057239057 0.01565656565656565 0.01574074074074074 0.01582491582491583 0.01590909090909091 0.01599326599326599 0.01607744107744108 0.01616161616161616 0.01624579124579124 0.01632996632996633 0.01641414141414141 0.0164983164983165 0.01658249158249158 0.01666666666666667


# name: y
# type: matrix
# rows: 100
# columns: 1
 145099.9978201477
 145032.7212122621
 144967.08890617
 144903.1009018715
 144840.7571993667
 144780.0577986555
 144721.0026997379
 144663.5919026139
 144607.8254072835
 144553.7032137467
 144501.2253220036
 144450.391732054
 144401.2024438981
 144353.6574575358
 144307.7567729671
 144263.500390192
 144220.8883092105
 144179.9205300226
 144140.5970526283
 144102.9178770277
 144066.8830032207
 144032.4924312073
 143999.7461609875
 143968.6441925613
 143939.1865259287
 143911.3731610897
 143885.2040980444
 143860.6793367926
 143837.7988773345
 143816.56271967
 143796.9708637991
 143779.0233097218
 143762.7200574382
 143748.0611069481
 143735.0464582517
 143723.6761113488
 143713.9500662396
 143705.868322924
 143699.430881402
 143694.6377416736
 143691.4889037388
 143689.9843675977
 143690.1241332502
 143691.9082006962
 143695.3365699359
 143700.4092409692
 143707.1262137961
 143715.4874884166
 143725.4930648307
 143737.1429430385
 143750.4371230399
 143765.3756048348
 143781.9583884234
 143800.1854738056
 143820.0568609815
 143841.5725499509
 143864.7325407139
 143889.5368332706
 143915.9854276208
 143944.0783237647
 143973.8155217022
 144005.1970214333
 144038.222822958
 144072.8929262763
 144109.2073313883
 144147.1660382939
 144186.769046993
 144228.0163574858
 144270.9079697722
 144315.4438838522
 144361.6240997258
 144409.4486173931
 144458.9174368539
 144510.0305581084
 144562.7879811564
 144617.1897059981
 144673.2357326334
 144730.9260610623
 144790.2606912849
 144851.239623301
 144913.8628571107
 144978.1303927141
 145044.0422301111
 145111.5983693017
 145180.7988102859
 145251.6435530637
 145324.1325976351
 145398.2659440002
 145474.0435921588
 145551.4655421111
 145630.531793857
 145711.2423473965
 145793.5972027296
 145877.5963598563
 145963.2398187766
 146050.5275794906
 146139.4596419981
 146230.0360062993
 146322.2566723941
 146416.1216402825


# name: QUERY
# type: sq_string
# elements: 1
# length: 2
R4


# name: DATASIZE
# type: sq_string
# elements: 1
# length: 3
250


