# Created by Octave 3.8.2, Wed May 18 09:26:06 2016 CEST <Andrea@Andreas-MacBook-Pro.local>
# name: x
# type: matrix
# rows: 1
# columns: 100
 0.008333333333333333 0.008417508417508417 0.008501683501683501 0.008585858585858586 0.00867003367003367 0.008754208754208754 0.008838383838383838 0.008922558922558922 0.009006734006734006 0.00909090909090909 0.009175084175084175 0.009259259259259259 0.009343434343434345 0.009427609427609427 0.009511784511784511 0.009595959595959595 0.009680134680134679 0.009764309764309764 0.009848484848484849 0.009932659932659932 0.01001683501683502 0.0101010101010101 0.01018518518518519 0.01026936026936027 0.01035353535353535 0.01043771043771044 0.01052188552188552 0.01060606060606061 0.01069023569023569 0.01077441077441077 0.01085858585858586 0.01094276094276094 0.01102693602693603 0.01111111111111111 0.0111952861952862 0.01127946127946128 0.01136363636363636 0.01144781144781145 0.01153198653198653 0.01161616161616162 0.0117003367003367 0.01178451178451178 0.01186868686868687 0.01195286195286195 0.01203703703703704 0.01212121212121212 0.01220538720538721 0.01228956228956229 0.01237373737373737 0.01245791245791246 0.01254208754208754 0.01262626262626263 0.01271043771043771 0.01279461279461279 0.01287878787878788 0.01296296296296296 0.01304713804713805 0.01313131313131313 0.01321548821548822 0.0132996632996633 0.01338383838383838 0.01346801346801347 0.01355218855218855 0.01363636363636364 0.01372053872053872 0.01380471380471381 0.01388888888888889 0.01397306397306397 0.01405723905723906 0.01414141414141414 0.01422558922558923 0.01430976430976431 0.01439393939393939 0.01447811447811448 0.01456228956228956 0.01464646464646465 0.01473063973063973 0.01481481481481482 0.0148989898989899 0.01498316498316498 0.01506734006734007 0.01515151515151515 0.01523569023569024 0.01531986531986532 0.0154040404040404 0.01548821548821549 0.01557239057239057 0.01565656565656566 0.01574074074074074 0.01582491582491583 0.01590909090909091 0.01599326599326599 0.01607744107744108 0.01616161616161616 0.01624579124579125 0.01632996632996633 0.01641414141414142 0.0164983164983165 0.01658249158249158 0.01666666666666667


# name: y
# type: matrix
# rows: 1
# columns: 100
 172972.8216450071 173257.6819553804 173542.5422657537 173827.402576127 174112.2628865002 174397.1231968736 174681.9835072469 174966.8438176201 175251.7041279934 175536.5644383667 175821.42474874 176106.2850591133 176391.1453694866 176676.0056798599 176960.8659902332 177245.7263006065 177530.5866109798 177815.4469213531 178100.3072317264 178385.1675420997 178670.027852473 178954.8881628462 179239.7484732195 179524.6087835928 179809.4690939661 180094.3294043394 180379.1897147127 180664.050025086 180948.9103354593 181233.7706458326 181518.6309562059 181803.4912665792 182088.3515769525 182373.2118873258 182658.0721976991 182942.9325080724 183227.7928184457 183512.653128819 183797.5134391922 184082.3737495655 184367.2340599388 184652.0943703121 184936.9546806854 185221.8149910587 185506.675301432 185791.5356118053 186076.3959221786 186361.2562325519 186646.1165429252 186930.9768532985 187215.8371636718 187500.6974740451 187785.5577844184 188070.4180947916 188355.278405165 188640.1387155382 188924.9990259115 189209.8593362848 189494.7196466581 189779.5799570314 190064.4402674047 190349.300577778 190634.1608881513 190919.0211985246 191203.8815088979 191488.7418192712 191773.6021296445 192058.4624400178 192343.3227503911 192628.1830607644 192913.0433711376 193197.9036815109 193482.7639918842 193767.6243022575 194052.4846126308 194337.3449230041 194622.2052333774 194907.0655437507 195191.925854124 195476.7861644973 195761.6464748706 196046.5067852439 196331.3670956172 196616.2274059905 196901.0877163637 197185.9480267371 197470.8083371104 197755.6686474836 198040.5289578569 198325.3892682302 198610.2495786035 198895.1098889768 199179.9701993501 199464.8305097234 199749.6908200967 200034.55113047 200319.4114408433 200604.2717512166 200889.1320615899 201173.9923719632


# name: QUERY
# type: sq_string
# elements: 1
# length: 2
R4


# name: DATASIZE
# type: sq_string
# elements: 1
# length: 3
250


