# Created by Octave 3.8.2, Mon May 23 09:48:04 2016 CEST <Andrea@Andreas-MacBook-Pro.local>
# name: x
# type: matrix
# rows: 1
# columns: 100
 8 8.121212121212121 8.242424242424242 8.363636363636363 8.484848484848484 8.606060606060606 8.727272727272727 8.848484848484848 8.969696969696971 9.09090909090909 9.212121212121211 9.333333333333334 9.454545454545455 9.575757575757574 9.696969696969697 9.818181818181818 9.939393939393939 10.06060606060606 10.18181818181818 10.3030303030303 10.42424242424242 10.54545454545455 10.66666666666667 10.78787878787879 10.90909090909091 11.03030303030303 11.15151515151515 11.27272727272727 11.39393939393939 11.51515151515152 11.63636363636364 11.75757575757576 11.87878787878788 12 12.12121212121212 12.24242424242424 12.36363636363636 12.48484848484848 12.60606060606061 12.72727272727273 12.84848484848485 12.96969696969697 13.09090909090909 13.21212121212121 13.33333333333333 13.45454545454546 13.57575757575758 13.6969696969697 13.81818181818182 13.93939393939394 14.06060606060606 14.18181818181818 14.3030303030303 14.42424242424242 14.54545454545454 14.66666666666667 14.78787878787879 14.90909090909091 15.03030303030303 15.15151515151515 15.27272727272727 15.39393939393939 15.51515151515151 15.63636363636364 15.75757575757576 15.87878787878788 16 16.12121212121212 16.24242424242424 16.36363636363636 16.48484848484848 16.60606060606061 16.72727272727273 16.84848484848485 16.96969696969697 17.09090909090909 17.21212121212121 17.33333333333333 17.45454545454545 17.57575757575757 17.6969696969697 17.81818181818182 17.93939393939394 18.06060606060606 18.18181818181818 18.3030303030303 18.42424242424242 18.54545454545455 18.66666666666666 18.78787878787879 18.90909090909091 19.03030303030303 19.15151515151515 19.27272727272727 19.39393939393939 19.51515151515152 19.63636363636364 19.75757575757576 19.87878787878788 20


# name: y
# type: matrix
# rows: 100
# columns: 1
 284561.5948106945
 284095.6485385181
 283558.3840855577
 282951.0306570664
 282275.153376791
 281532.6453435523
 280725.7171524123
 279856.883956583
 278928.9501714125
 277944.9919459375
 276908.3375503332
 275822.5458488191
 274691.383046946
 273518.7979194436
 272308.8957397549
 271065.9111448378
 269794.1801786399
 268498.1117647436
 267182.1588629679
 265850.7895661755
 264508.458392167
 263159.5780214154
 261808.4917245641
 260459.4467142129
 259116.5686436955
 257783.837461485
 256465.0648137573
 255163.8731697263
 253883.6768248861
 252627.6649165086
 251398.7865639348
 250199.7382236301
 249032.9533259381
 247900.5942372391
 246804.5465680704
 245746.4158249618
 244727.5263815307
 243748.9227230027
 242811.3728979862
 241915.3740922369
 241061.1602214625
 240248.7114240924
 239477.7653204924
 238747.8298924355
 238058.197825816
 237407.9621506656
 236796.0330055074
 236221.155347971
 235681.9274303607
 235176.8198574678
 234704.1950442915
 234262.3268933859
 233849.4205152035
 233463.6318199299
 233103.0868158046
 232765.9004566535
 232450.1948902036
 232154.1169685692
 231875.8548929603
 231613.6538760292
 231365.8307172187
 231130.7871988671
 230907.0222235404
 230693.1426259938
 230487.8726061844
 230290.0617427765
 230098.6915594951
 229912.8806294054
 229731.8882146418
 229555.1164512044
 229382.1111001183
 229212.5608974404
 229046.2955462483
 228883.2824038055
 228723.62192651
 228567.5419439651
 228415.3908415171
 228267.629737849
 228124.8237506692
 227987.6324491613
 227856.7995966366
 227733.1422907296
 227617.5396114891
 227510.9208898092
 227414.2537098243
 227328.5317591364
 227254.7626400632
 227193.9557534826
 227147.1103643267
 227115.2039543572
 227099.1809635557
 227099.9420163282
 227118.3337227879
 227155.1391386905
 227211.0689602208
 227286.7535218151
 227382.7356566416
 227499.4644703228
 227637.2900690516
 227796.4592735339


# name: QUERY
# type: sq_string
# elements: 1
# length: 2
Q2


# name: DATASIZE
# type: sq_string
# elements: 1
# length: 2
40


