# Created by Octave 3.8.2, Mon May 23 09:48:04 2016 CEST <Andrea@Andreas-MacBook-Pro.local>
# name: x
# type: matrix
# rows: 1
# columns: 100
 8 8.121212121212121 8.242424242424242 8.363636363636363 8.484848484848484 8.606060606060606 8.727272727272727 8.848484848484848 8.969696969696971 9.09090909090909 9.212121212121211 9.333333333333334 9.454545454545455 9.575757575757574 9.696969696969697 9.818181818181818 9.939393939393939 10.06060606060606 10.18181818181818 10.3030303030303 10.42424242424242 10.54545454545455 10.66666666666667 10.78787878787879 10.90909090909091 11.03030303030303 11.15151515151515 11.27272727272727 11.39393939393939 11.51515151515152 11.63636363636364 11.75757575757576 11.87878787878788 12 12.12121212121212 12.24242424242424 12.36363636363636 12.48484848484848 12.60606060606061 12.72727272727273 12.84848484848485 12.96969696969697 13.09090909090909 13.21212121212121 13.33333333333333 13.45454545454546 13.57575757575758 13.6969696969697 13.81818181818182 13.93939393939394 14.06060606060606 14.18181818181818 14.3030303030303 14.42424242424242 14.54545454545454 14.66666666666667 14.78787878787879 14.90909090909091 15.03030303030303 15.15151515151515 15.27272727272727 15.39393939393939 15.51515151515151 15.63636363636364 15.75757575757576 15.87878787878788 16 16.12121212121212 16.24242424242424 16.36363636363636 16.48484848484848 16.60606060606061 16.72727272727273 16.84848484848485 16.96969696969697 17.09090909090909 17.21212121212121 17.33333333333333 17.45454545454545 17.57575757575757 17.6969696969697 17.81818181818182 17.93939393939394 18.06060606060606 18.18181818181818 18.3030303030303 18.42424242424242 18.54545454545455 18.66666666666666 18.78787878787879 18.90909090909091 19.03030303030303 19.15151515151515 19.27272727272727 19.39393939393939 19.51515151515152 19.63636363636364 19.75757575757576 19.87878787878788 20


# name: y
# type: matrix
# rows: 100
# columns: 1
 271980.8305381908
 271481.7144790629
 270982.598419935
 270483.4823608071
 269984.3663016792
 269485.2502425513
 268986.1341834234
 268487.0181242955
 267987.9020651676
 267488.7860060396
 266989.6699469117
 266490.5538877838
 265991.4378286559
 265492.321769528
 264993.2057104001
 264494.0896512722
 263994.9735921443
 263495.8575330164
 262996.7414738885
 262497.6254147606
 261998.5093556326
 261499.3932965047
 261000.2772373768
 260501.1611782489
 260002.045119121
 259502.9290599931
 259003.8130008652
 258504.6969417372
 258005.5808826093
 257506.4648234814
 257007.3487643535
 256508.2327052256
 256009.1166460977
 255510.0005869698
 255010.8845278419
 254511.768468714
 254012.652409586
 253513.5363504581
 253014.4202913302
 252515.3042322023
 252016.1881730744
 251517.0721139465
 251017.9560548186
 250518.8399956907
 250019.7239365628
 249520.6078774348
 249021.4918183069
 248522.375759179
 248023.2597000511
 247524.1436409232
 247025.0275817953
 246525.9115226674
 246026.7954635395
 245527.6794044116
 245028.5633452836
 244529.4472861557
 244030.3312270278
 243531.2151678999
 243032.099108772
 242532.9830496441
 242033.8669905162
 241534.7509313883
 241035.6348722604
 240536.5188131325
 240037.4027540045
 239538.2866948766
 239039.1706357487
 238540.0545766208
 238040.9385174929
 237541.822458365
 237042.7063992371
 236543.5903401092
 236044.4742809813
 235545.3582218534
 235046.2421627254
 234547.1261035975
 234048.0100444696
 233548.8939853417
 233049.7779262138
 232550.6618670859
 232051.545807958
 231552.42974883
 231053.3136897021
 230554.1976305742
 230055.0815714463
 229555.9655123184
 229056.8494531905
 228557.7333940626
 228058.6173349347
 227559.5012758068
 227060.3852166789
 226561.2691575509
 226062.153098423
 225563.0370392951
 225063.9209801672
 224564.8049210393
 224065.6888619114
 223566.5728027835
 223067.4567436556
 222568.3406845276


# name: QUERY
# type: sq_string
# elements: 1
# length: 2
Q2


# name: DATASIZE
# type: sq_string
# elements: 1
# length: 2
40


