# Created by Octave 3.8.2, Mon May 23 09:48:04 2016 CEST <Andrea@Andreas-MacBook-Pro.local>
# name: x
# type: matrix
# rows: 1
# columns: 100
 8 8.121212121212121 8.242424242424242 8.363636363636363 8.484848484848484 8.606060606060606 8.727272727272727 8.848484848484848 8.969696969696971 9.09090909090909 9.212121212121211 9.333333333333334 9.454545454545455 9.575757575757574 9.696969696969697 9.818181818181818 9.939393939393939 10.06060606060606 10.18181818181818 10.3030303030303 10.42424242424242 10.54545454545455 10.66666666666667 10.78787878787879 10.90909090909091 11.03030303030303 11.15151515151515 11.27272727272727 11.39393939393939 11.51515151515152 11.63636363636364 11.75757575757576 11.87878787878788 12 12.12121212121212 12.24242424242424 12.36363636363636 12.48484848484848 12.60606060606061 12.72727272727273 12.84848484848485 12.96969696969697 13.09090909090909 13.21212121212121 13.33333333333333 13.45454545454546 13.57575757575758 13.6969696969697 13.81818181818182 13.93939393939394 14.06060606060606 14.18181818181818 14.3030303030303 14.42424242424242 14.54545454545454 14.66666666666667 14.78787878787879 14.90909090909091 15.03030303030303 15.15151515151515 15.27272727272727 15.39393939393939 15.51515151515151 15.63636363636364 15.75757575757576 15.87878787878788 16 16.12121212121212 16.24242424242424 16.36363636363636 16.48484848484848 16.60606060606061 16.72727272727273 16.84848484848485 16.96969696969697 17.09090909090909 17.21212121212121 17.33333333333333 17.45454545454545 17.57575757575757 17.6969696969697 17.81818181818182 17.93939393939394 18.06060606060606 18.18181818181818 18.3030303030303 18.42424242424242 18.54545454545455 18.66666666666666 18.78787878787879 18.90909090909091 19.03030303030303 19.15151515151515 19.27272727272727 19.39393939393939 19.51515151515152 19.63636363636364 19.75757575757576 19.87878787878788 20


# name: y
# type: matrix
# rows: 1
# columns: 100
 281223.5744457655 280558.9478343474 279894.3212229293 279229.6946115113 278565.0680000933 277900.4413886752 277235.8147772572 276571.1881658391 275906.5615544211 275241.934943003 274577.308331585 273912.6817201669 273248.0551087488 272583.4284973308 271918.8018859128 271254.1752744947 270589.5486630767 269924.9220516586 269260.2954402406 268595.6688288226 267931.0422174045 267266.4156059864 266601.7889945684 265937.1623831504 265272.5357717323 264607.9091603142 263943.2825488962 263278.6559374782 262614.0293260601 261949.4027146421 261284.776103224 260620.149491806 259955.5228803879 259290.8962689699 258626.2696575518 257961.6430461338 257297.0164347157 256632.3898232977 255967.7632118796 255303.1366004616 254638.5099890435 253973.8833776255 253309.2567662074 252644.6301547894 251980.0035433713 251315.3769319533 250650.7503205352 249986.1237091172 249321.4970976991 248656.8704862811 247992.2438748631 247327.617263445 246662.990652027 245998.3640406089 245333.7374291909 244669.1108177728 244004.4842063548 243339.8575949367 242675.2309835187 242010.6043721006 241345.9777606826 240681.3511492645 240016.7245378465 239352.0979264284 238687.4713150104 238022.8447035924 237358.2180921743 236693.5914807562 236028.9648693382 235364.3382579201 234699.7116465021 234035.085035084 233370.458423666 232705.831812248 232041.2052008299 231376.5785894119 230711.9519779938 230047.3253665758 229382.6987551577 228718.0721437397 228053.4455323216 227388.8189209036 226724.1923094855 226059.5656980675 225394.9390866495 224730.3124752314 224065.6858638133 223401.0592523953 222736.4326409773 222071.8060295592 221407.1794181411 220742.5528067231 220077.9261953051 219413.299583887 218748.672972469 218084.0463610509 217419.4197496329 216754.7931382148 216090.1665267968 215425.5399153787


# name: QUERY
# type: sq_string
# elements: 1
# length: 2
Q2


# name: DATASIZE
# type: sq_string
# elements: 1
# length: 2
40


