# Created by Octave 3.8.2, Mon May 23 09:48:03 2016 CEST <Andrea@Andreas-MacBook-Pro.local>
# name: SVs
# type: cell
# rows: 1
# columns: 7
# name: <cell-element>
# type: sparse matrix
# nnz: 42
# rows: 42
# columns: 1
1 1 1.323155746464681
2 1 1.323155746464681
3 1 -0.4636699624363415
4 1 -1.357082816886853
5 1 -1.357082816886853
6 1 -0.4636699624363415
7 1 0.4297428920141699
8 1 -1.357082816886853
9 1 0.4297428920141699
10 1 -0.4636699624363415
11 1 0.4297428920141699
12 1 1.323155746464681
13 1 0.4297428920141699
14 1 -0.4636699624363415
15 1 0.4297428920141699
16 1 -0.4636699624363415
17 1 0.4297428920141699
18 1 -0.4636699624363415
19 1 1.323155746464681
20 1 -1.357082816886853
21 1 1.323155746464681
22 1 -1.357082816886853
23 1 -1.357082816886853
24 1 -0.4636699624363415
25 1 1.323155746464681
26 1 0.4297428920141699
27 1 1.323155746464681
28 1 -1.357082816886853
29 1 -1.357082816886853
30 1 -1.357082816886853
31 1 -1.357082816886853
32 1 -0.4636699624363415
33 1 0.4297428920141699
34 1 0.4297428920141699
35 1 -1.357082816886853
36 1 -0.4636699624363415
37 1 -1.357082816886853
38 1 -0.4636699624363415
39 1 0.4297428920141699
40 1 1.323155746464681
41 1 1.323155746464681
42 1 1.323155746464681



# name: <cell-element>
# type: sparse matrix
# nnz: 27
# rows: 27
# columns: 1
1 1 1.323155746464681
2 1 1.323155746464681
3 1 -1.357082816886853
4 1 -1.357082816886853
5 1 0.4297428920141699
6 1 1.323155746464681
7 1 1.323155746464681
8 1 0.4297428920141699
9 1 1.323155746464681
10 1 -1.357082816886853
11 1 1.323155746464681
12 1 -1.357082816886853
13 1 -1.357082816886853
14 1 -0.4636699624363415
15 1 1.323155746464681
16 1 1.323155746464681
17 1 -1.357082816886853
18 1 -1.357082816886853
19 1 -1.357082816886853
20 1 -1.357082816886853
21 1 1.323155746464681
22 1 -0.4636699624363415
23 1 -1.357082816886853
24 1 1.323155746464681
25 1 -1.357082816886853
26 1 0.4297428920141699
27 1 1.323155746464681



# name: <cell-element>
# type: sparse matrix
# nnz: 42
# rows: 42
# columns: 1
1 1 1.323155746464681
2 1 1.323155746464681
3 1 -0.4636699624363415
4 1 -1.357082816886853
5 1 -1.357082816886853
6 1 0.4297428920141699
7 1 -1.357082816886853
8 1 0.4297428920141699
9 1 -0.4636699624363415
10 1 0.4297428920141699
11 1 1.323155746464681
12 1 1.323155746464681
13 1 0.4297428920141699
14 1 -0.4636699624363415
15 1 0.4297428920141699
16 1 -0.4636699624363415
17 1 0.4297428920141699
18 1 -0.4636699624363415
19 1 1.323155746464681
20 1 -1.357082816886853
21 1 1.323155746464681
22 1 -1.357082816886853
23 1 -1.357082816886853
24 1 -0.4636699624363415
25 1 0.4297428920141699
26 1 1.323155746464681
27 1 0.4297428920141699
28 1 1.323155746464681
29 1 -1.357082816886853
30 1 -1.357082816886853
31 1 -1.357082816886853
32 1 1.323155746464681
33 1 -0.4636699624363415
34 1 0.4297428920141699
35 1 0.4297428920141699
36 1 0.4297428920141699
37 1 -0.4636699624363415
38 1 -1.357082816886853
39 1 0.4297428920141699
40 1 1.323155746464681
41 1 1.323155746464681
42 1 1.323155746464681



# name: <cell-element>
# type: sparse matrix
# nnz: 27
# rows: 27
# columns: 1
1 1 1.323155746464681
2 1 1.323155746464681
3 1 -1.357082816886853
4 1 -1.357082816886853
5 1 0.4297428920141699
6 1 1.323155746464681
7 1 1.323155746464681
8 1 1.323155746464681
9 1 -1.357082816886853
10 1 1.323155746464681
11 1 -1.357082816886853
12 1 -1.357082816886853
13 1 -0.4636699624363415
14 1 1.323155746464681
15 1 1.323155746464681
16 1 -1.357082816886853
17 1 -1.357082816886853
18 1 -1.357082816886853
19 1 -1.357082816886853
20 1 1.323155746464681
21 1 -0.4636699624363415
22 1 -1.357082816886853
23 1 1.323155746464681
24 1 -1.357082816886853
25 1 0.4297428920141699
26 1 1.323155746464681
27 1 1.323155746464681



# name: <cell-element>
# type: sparse matrix
# nnz: 32
# rows: 32
# columns: 1
1 1 1.323155746464681
2 1 1.323155746464681
3 1 -1.357082816886853
4 1 -0.4636699624363415
5 1 -1.357082816886853
6 1 0.4297428920141699
7 1 -0.4636699624363415
8 1 1.323155746464681
9 1 1.323155746464681
10 1 0.4297428920141699
11 1 1.323155746464681
12 1 -1.357082816886853
13 1 1.323155746464681
14 1 -1.357082816886853
15 1 -1.357082816886853
16 1 -0.4636699624363415
17 1 1.323155746464681
18 1 1.323155746464681
19 1 -1.357082816886853
20 1 -1.357082816886853
21 1 -1.357082816886853
22 1 -1.357082816886853
23 1 1.323155746464681
24 1 -0.4636699624363415
25 1 -1.357082816886853
26 1 1.323155746464681
27 1 -1.357082816886853
28 1 -0.4636699624363415
29 1 0.4297428920141699
30 1 1.323155746464681
31 1 1.323155746464681
32 1 1.323155746464681



# name: <cell-element>
# type: sparse matrix
# nnz: 35
# rows: 35
# columns: 1
1 1 -0.4636699624363415
2 1 -1.357082816886853
3 1 -1.357082816886853
4 1 0.4297428920141699
5 1 -1.357082816886853
6 1 0.4297428920141699
7 1 0.4297428920141699
8 1 1.323155746464681
9 1 0.4297428920141699
10 1 -0.4636699624363415
11 1 0.4297428920141699
12 1 -0.4636699624363415
13 1 -1.357082816886853
14 1 1.323155746464681
15 1 -1.357082816886853
16 1 -1.357082816886853
17 1 -0.4636699624363415
18 1 0.4297428920141699
19 1 0.4297428920141699
20 1 1.323155746464681
21 1 -1.357082816886853
22 1 -1.357082816886853
23 1 -1.357082816886853
24 1 -1.357082816886853
25 1 1.323155746464681
26 1 -0.4636699624363415
27 1 0.4297428920141699
28 1 0.4297428920141699
29 1 -1.357082816886853
30 1 1.323155746464681
31 1 -0.4636699624363415
32 1 -1.357082816886853
33 1 0.4297428920141699
34 1 1.323155746464681
35 1 1.323155746464681



# name: <cell-element>
# type: scalar
0





# name: coefficients
# type: cell
# rows: 1
# columns: 7
# name: <cell-element>
# type: matrix
# rows: 42
# columns: 1
 0.1
 0.1
 -0.1
 0.1
 -0.1
 -0.1
 -0.1
 0.1
 -0.1
 -0.1
 -0.1
 0.1
 -0.1
 -0.1
 -0.1
 -0.1
 -0.1
 -0.1
 0.1
 0.1
 -0.1
 0.1
 0.1
 0.1
 0.1
 -0.1
 -0.1
 0.1
 0.1
 0.1
 0.1
 0.1
 -0.1
 -0.08282030034122523
 0.08282030034122521
 -0.1
 0.1
 -0.1
 -0.1
 0.1
 0.1
 0.1



# name: <cell-element>
# type: matrix
# rows: 27
# columns: 1
 -0.1
 -0.1
 0.1
 0.1
 -0.1
 -0.1
 -0.07621449397482701
 -0.023785506025173
 -0.1
 0.1
 -0.1
 0.1
 0.1
 0.1
 -0.1
 -0.1
 0.1
 0.1
 0.1
 0.1
 -0.1
 0.1
 0.1
 -0.1
 0.1
 -0.1
 -0.1



# name: <cell-element>
# type: matrix
# rows: 42
# columns: 1
 0.1
 0.1
 -0.1
 0.1
 -0.1
 -0.1
 0.1
 -0.1
 -0.01064864603904122
 -0.1
 0.1
 0.1
 -0.1
 -0.1
 -0.1
 -0.1
 -0.1
 -0.1
 0.1
 0.1
 -0.1
 0.1
 0.1
 0.1
 -0.1
 0.1
 -0.1
 -0.1
 0.1
 0.1
 0.1
 0.01064864603904123
 0.1
 -0.1
 -0.1
 -0.1
 -0.1
 0.1
 -0.1
 0.1
 0.1
 0.1



# name: <cell-element>
# type: matrix
# rows: 27
# columns: 1
 -0.1
 -0.1
 0.1
 0.1
 -0.01846565876767764
 -0.1
 -0.1
 -0.1
 0.1
 -0.1
 0.1
 0.1
 0.1
 -0.1
 -0.1
 0.1
 0.1
 0.1
 0.1
 -0.1
 0.1
 0.1
 -0.1
 0.1
 -0.1
 -0.08153434123232237
 -0.1



# name: <cell-element>
# type: matrix
# rows: 32
# columns: 1
 -4.7421
 -4.7421
 4.7421
 4.7421
 4.7421
 -4.7421
 3.827721937376849
 -4.7421
 -4.7421
 -4.7421
 -4.7421
 4.7421
 -4.7421
 4.7421
 4.7421
 4.7421
 -4.7421
 -4.7421
 4.7421
 4.7421
 4.7421
 4.7421
 -4.7421
 4.7421
 4.7421
 -4.7421
 4.7421
 4.7421
 -4.7421
 -4.7421
 -4.7421
 -3.827721937376849



# name: <cell-element>
# type: matrix
# rows: 35
# columns: 1
 -0.35789
 0.35789
 -0.35789
 0.1876425746084196
 0.35789
 -0.35789
 0.35789
 -0.01205450007809687
 -0.35789
 -0.35789
 -0.35789
 -0.3399801868971647
 0.35789
 -0.35789
 0.35789
 0.35789
 0.35789
 0.35789
 -0.35789
 -0.35789
 0.35789
 -0.193497887633158
 0.35789
 -0.35789
 -0.35789
 0.35789
 0.35789
 0.35789
 -0.35789
 -0.35789
 -0.35789
 0.35789
 -0.35789
 0.35789
 0.35789



# name: <cell-element>
# type: scalar
0





# name: b
# type: cell
# rows: 1
# columns: 7
# name: <cell-element>
# type: scalar
-0.03510968340489359



# name: <cell-element>
# type: scalar
-0.3161944764308095



# name: <cell-element>
# type: scalar
-0.03497400334381493



# name: <cell-element>
# type: scalar
-0.3655760839216997



# name: <cell-element>
# type: scalar
-0.4519472255177276



# name: <cell-element>
# type: scalar
0.08570211806290272



