# Created by Octave 3.8.2, Mon May 23 09:47:56 2016 CEST <Andrea@Andreas-MacBook-Pro.local>
# name: mu
# type: matrix
# rows: 1
# columns: 2
 247908.1139240506 14.07594936708861


# name: sigma
# type: matrix
# rows: 1
# columns: 2
 26951.69817778356 4.477213395883114


