# Created by Octave 3.8.2, Mon May 23 09:48:04 2016 CEST <Andrea@Andreas-MacBook-Pro.local>
# name: x
# type: matrix
# rows: 1
# columns: 100
 8 8.121212121212121 8.242424242424242 8.363636363636363 8.484848484848484 8.606060606060606 8.727272727272727 8.848484848484848 8.969696969696971 9.09090909090909 9.212121212121211 9.333333333333334 9.454545454545455 9.575757575757574 9.696969696969697 9.818181818181818 9.939393939393939 10.06060606060606 10.18181818181818 10.3030303030303 10.42424242424242 10.54545454545455 10.66666666666667 10.78787878787879 10.90909090909091 11.03030303030303 11.15151515151515 11.27272727272727 11.39393939393939 11.51515151515152 11.63636363636364 11.75757575757576 11.87878787878788 12 12.12121212121212 12.24242424242424 12.36363636363636 12.48484848484848 12.60606060606061 12.72727272727273 12.84848484848485 12.96969696969697 13.09090909090909 13.21212121212121 13.33333333333333 13.45454545454546 13.57575757575758 13.6969696969697 13.81818181818182 13.93939393939394 14.06060606060606 14.18181818181818 14.3030303030303 14.42424242424242 14.54545454545454 14.66666666666667 14.78787878787879 14.90909090909091 15.03030303030303 15.15151515151515 15.27272727272727 15.39393939393939 15.51515151515151 15.63636363636364 15.75757575757576 15.87878787878788 16 16.12121212121212 16.24242424242424 16.36363636363636 16.48484848484848 16.60606060606061 16.72727272727273 16.84848484848485 16.96969696969697 17.09090909090909 17.21212121212121 17.33333333333333 17.45454545454545 17.57575757575757 17.6969696969697 17.81818181818182 17.93939393939394 18.06060606060606 18.18181818181818 18.3030303030303 18.42424242424242 18.54545454545455 18.66666666666666 18.78787878787879 18.90909090909091 19.03030303030303 19.15151515151515 19.27272727272727 19.39393939393939 19.51515151515152 19.63636363636364 19.75757575757576 19.87878787878788 20


# name: y
# type: matrix
# rows: 100
# columns: 1
 248533.7746618086
 247722.297545111
 246958.8903530975
 246241.6161550346
 245568.5778529447
 244937.9181816045
 244347.8197085458
 243796.5048340551
 243282.2357911737
 242803.3146456984
 242358.0832961803
 241944.9234739254
 241562.2567429949
 241208.5445002047
 240882.2879751257
 240582.0282300832
 240306.3461601583
 240053.8624931863
 239823.2377897575
 239613.1724432172
 239422.4066796656
 239249.7205579577
 239093.9339697034
 238953.9066392675
 238828.5381237697
 238716.7678130847
 238617.5749298419
 238529.9785294256
 238453.0374999752
 238385.8505623846
 238327.5562703031
 238277.3330101345
 238234.3990010377
 238198.0122949262
 238167.4707764687
 238142.1121630887
 238121.3140049645
 238104.4936850294
 238091.1084189715
 238080.6552552338
 238072.6710750143
 238066.7325922657
 238062.4563536958
 238059.4987387671
 238057.555959697
 238056.364061458
 238055.6989217772
 238055.3762511369
 238055.251592774
 238055.2203226805
 238055.217649603
 238055.2186150434
 238055.2380932582
 238055.3307912588
 238055.5912488116
 238056.1538384379
 238057.1927654137
 238058.92206777
 238061.5956162929
 238065.507114523
 238070.9900987561
 238078.4179380426
 238088.2038341882
 238100.800821753
 238116.7017680524
 238136.4393731564
 238160.5861698901
 238189.7545238334
 238224.596633321
 238265.8045294426
 238314.1100760429
 238370.2849697211
 238435.1407398317
 238509.5287484839
 238594.3401905418
 238690.5060936244
 238798.9973181057
 238920.8245571143
 239057.0383365339
 239208.7290150032
 239377.0267839155
 239563.1016674192
 239768.1635224175
 239993.4620385685
 240240.2867382851
 240509.9669767354
 240803.871941842
 241123.4106542827
 241470.0319674899
 241845.2245676512
 242250.5169737088
 242687.4775373598
 243157.7144430567
 243662.8757080062
 244204.6491821702
 244784.7625482655
 245404.9833217637
 246067.1188508914
 246773.0163166301
 247524.562732716


# name: QUERY
# type: sq_string
# elements: 1
# length: 2
Q2


# name: DATASIZE
# type: sq_string
# elements: 1
# length: 2
40


