# Created by Octave 3.8.2, Mon May 23 09:48:04 2016 CEST <Andrea@Andreas-MacBook-Pro.local>
# name: x
# type: matrix
# rows: 1
# columns: 100
 8 8.121212121212121 8.242424242424242 8.363636363636363 8.484848484848484 8.606060606060606 8.727272727272727 8.848484848484848 8.969696969696971 9.09090909090909 9.212121212121211 9.333333333333334 9.454545454545455 9.575757575757574 9.696969696969697 9.818181818181818 9.939393939393939 10.06060606060606 10.18181818181818 10.3030303030303 10.42424242424242 10.54545454545455 10.66666666666667 10.78787878787879 10.90909090909091 11.03030303030303 11.15151515151515 11.27272727272727 11.39393939393939 11.51515151515152 11.63636363636364 11.75757575757576 11.87878787878788 12 12.12121212121212 12.24242424242424 12.36363636363636 12.48484848484848 12.60606060606061 12.72727272727273 12.84848484848485 12.96969696969697 13.09090909090909 13.21212121212121 13.33333333333333 13.45454545454546 13.57575757575758 13.6969696969697 13.81818181818182 13.93939393939394 14.06060606060606 14.18181818181818 14.3030303030303 14.42424242424242 14.54545454545454 14.66666666666667 14.78787878787879 14.90909090909091 15.03030303030303 15.15151515151515 15.27272727272727 15.39393939393939 15.51515151515151 15.63636363636364 15.75757575757576 15.87878787878788 16 16.12121212121212 16.24242424242424 16.36363636363636 16.48484848484848 16.60606060606061 16.72727272727273 16.84848484848485 16.96969696969697 17.09090909090909 17.21212121212121 17.33333333333333 17.45454545454545 17.57575757575757 17.6969696969697 17.81818181818182 17.93939393939394 18.06060606060606 18.18181818181818 18.3030303030303 18.42424242424242 18.54545454545455 18.66666666666666 18.78787878787879 18.90909090909091 19.03030303030303 19.15151515151515 19.27272727272727 19.39393939393939 19.51515151515152 19.63636363636364 19.75757575757576 19.87878787878788 20


# name: y
# type: matrix
# rows: 100
# columns: 1
 247601.1279501629
 246248.9006895786
 245027.5153913024
 243926.6415899236
 242936.5730070748
 242048.2018852453
 241252.9938602954
 240542.9633732354
 239910.6496206778
 239349.0930443135
 238851.8123591577
 238412.782120799
 238026.4108315939
 237687.5195856086
 237391.32125266
 237133.4002010714
 236909.6925595252
 236716.4670176421
 236550.3061655653
 236408.0883724558
 236286.9702038271
 236184.3693778664
 236097.9482605775
 236025.5978998864
 235965.4225986446
 235915.725026511
 235874.9918707623
 235841.8800260008
 235815.2033227665
 235793.9197950546
 235777.1194867426
 235764.0127969122
 235753.9193640859
 235746.2574893644
 235740.5340984678
 235736.3352426853
 235733.3171387263
 235731.1977474785
 235729.7488916707
 235728.7889124396
 235728.1758648028
 235727.8012520359
 235727.5842989544
 235727.4667641018
 235727.4082908408
 235727.3822973513
 235727.3724055316
 235727.369408806
 235727.3687788367
 235727.3687111404
 235727.3687096102
 235727.3687099424
 235727.3687419686
 235727.3691308915
 235727.3712374275
 235727.3787368523
 235727.399436953
 235727.4476348846
 235727.5470129308
 235727.7340731707
 235728.0621110502
 235728.6057278579
 235729.4658821061
 235730.7754798177
 235732.7055037161
 235735.4716813221
 235739.3416919544
 235744.6429126355
 235751.7707029025
 235761.1972285228
 235773.4808241148
 235789.2758946744
 235809.3433560041
 235834.5616140483
 235865.9380831367
 235904.6212431255
 235951.9132354529
 236009.2829980875
 236078.3799393965
 236161.0481509032
 236259.341158962
 236375.5372153347
 236512.1551266655
 236671.9706228686
 236858.03326441
 237073.6838885426
 237322.5725943186
 237608.6772666996
 237936.3226393875
 238310.1998967021
 238735.3868142066
 239217.3684384333
 239762.0583053954
 240375.8201979387
 241065.490442152
 241838.4007426599
 242702.4015566118
 243665.8860069353
 244737.8143341293
 245927.7388872197


# name: QUERY
# type: sq_string
# elements: 1
# length: 2
Q2


# name: DATASIZE
# type: sq_string
# elements: 1
# length: 2
40


