# Created by Octave 3.8.2, Mon May 23 09:48:04 2016 CEST <Andrea@Andreas-MacBook-Pro.local>
# name: x
# type: matrix
# rows: 1
# columns: 100
 8 8.121212121212121 8.242424242424242 8.363636363636363 8.484848484848484 8.606060606060606 8.727272727272727 8.848484848484848 8.969696969696971 9.09090909090909 9.212121212121211 9.333333333333334 9.454545454545455 9.575757575757574 9.696969696969697 9.818181818181818 9.939393939393939 10.06060606060606 10.18181818181818 10.3030303030303 10.42424242424242 10.54545454545455 10.66666666666667 10.78787878787879 10.90909090909091 11.03030303030303 11.15151515151515 11.27272727272727 11.39393939393939 11.51515151515152 11.63636363636364 11.75757575757576 11.87878787878788 12 12.12121212121212 12.24242424242424 12.36363636363636 12.48484848484848 12.60606060606061 12.72727272727273 12.84848484848485 12.96969696969697 13.09090909090909 13.21212121212121 13.33333333333333 13.45454545454546 13.57575757575758 13.6969696969697 13.81818181818182 13.93939393939394 14.06060606060606 14.18181818181818 14.3030303030303 14.42424242424242 14.54545454545454 14.66666666666667 14.78787878787879 14.90909090909091 15.03030303030303 15.15151515151515 15.27272727272727 15.39393939393939 15.51515151515151 15.63636363636364 15.75757575757576 15.87878787878788 16 16.12121212121212 16.24242424242424 16.36363636363636 16.48484848484848 16.60606060606061 16.72727272727273 16.84848484848485 16.96969696969697 17.09090909090909 17.21212121212121 17.33333333333333 17.45454545454545 17.57575757575757 17.6969696969697 17.81818181818182 17.93939393939394 18.06060606060606 18.18181818181818 18.3030303030303 18.42424242424242 18.54545454545455 18.66666666666666 18.78787878787879 18.90909090909091 19.03030303030303 19.15151515151515 19.27272727272727 19.39393939393939 19.51515151515152 19.63636363636364 19.75757575757576 19.87878787878788 20


# name: y
# type: matrix
# rows: 100
# columns: 1
 246500.8779078137
 246219.8384272722
 245944.4620302565
 245674.7487167665
 245410.6984868023
 245152.3113403639
 244899.5872774513
 244652.5262980644
 244411.1284022033
 244175.3935898679
 243945.3218610584
 243720.9132157745
 243502.1676540165
 243289.0851757842
 243081.6657810778
 242879.909469897
 242683.8162422421
 242493.3860981129
 242308.6190375095
 242129.5150604318
 241956.0741668799
 241788.2963568538
 241626.1816303535
 241469.7299873789
 241318.9414279301
 241173.815952007
 241034.3535596098
 240900.5542507383
 240772.4180253926
 240649.9448835726
 240533.1348252784
 240421.98785051
 240316.5039592673
 240216.6831515505
 240122.5254273594
 240034.030786694
 239951.1992295544
 239874.0307559407
 239802.5253658526
 239736.6830592903
 239676.5038362538
 239621.9876967431
 239573.1346407582
 239529.944668299
 239492.4177793656
 239460.5539739579
 239434.353252076
 239413.8156137199
 239398.9410588896
 239389.729587585
 239386.1811998062
 239388.2958955531
 239396.0736748259
 239409.5145376244
 239428.6184839486
 239453.3855137987
 239483.8156271745
 239519.9088240761
 239561.6651045034
 239609.0844684565
 239662.1669159354
 239720.9124469401
 239785.3210614705
 239855.3927595267
 239931.1275411087
 240012.5254062164
 240099.5863548499
 240192.3103870092
 240290.6975026942
 240394.747701905
 240504.4609846416
 240619.837350904
 240740.8768006921
 240867.579334006
 240999.9449508456
 241137.973651211
 241281.6654351022
 241431.0203025192
 241586.0382534619
 241746.7192879305
 241913.0634059247
 242085.0706074448
 242262.7408924906
 242446.0742610622
 242635.0707131595
 242829.7302487826
 243030.0528679315
 243236.0385706061
 243447.6873568066
 243664.9992265328
 243887.9741797847
 244116.6122165625
 244350.913336866
 244590.8775406952
 244836.5048280503
 245087.7951989311
 245344.7486533377
 245607.36519127
 245875.6448127282
 246149.5875177121


# name: QUERY
# type: sq_string
# elements: 1
# length: 2
Q2


# name: DATASIZE
# type: sq_string
# elements: 1
# length: 2
40


