# Created by Octave 3.8.2, Mon May 23 09:48:04 2016 CEST <Andrea@Andreas-MacBook-Pro.local>
# name: x
# type: matrix
# rows: 1
# columns: 100
 8 8.121212121212121 8.242424242424242 8.363636363636363 8.484848484848484 8.606060606060606 8.727272727272727 8.848484848484848 8.969696969696971 9.09090909090909 9.212121212121211 9.333333333333334 9.454545454545455 9.575757575757574 9.696969696969697 9.818181818181818 9.939393939393939 10.06060606060606 10.18181818181818 10.3030303030303 10.42424242424242 10.54545454545455 10.66666666666667 10.78787878787879 10.90909090909091 11.03030303030303 11.15151515151515 11.27272727272727 11.39393939393939 11.51515151515152 11.63636363636364 11.75757575757576 11.87878787878788 12 12.12121212121212 12.24242424242424 12.36363636363636 12.48484848484848 12.60606060606061 12.72727272727273 12.84848484848485 12.96969696969697 13.09090909090909 13.21212121212121 13.33333333333333 13.45454545454546 13.57575757575758 13.6969696969697 13.81818181818182 13.93939393939394 14.06060606060606 14.18181818181818 14.3030303030303 14.42424242424242 14.54545454545454 14.66666666666667 14.78787878787879 14.90909090909091 15.03030303030303 15.15151515151515 15.27272727272727 15.39393939393939 15.51515151515151 15.63636363636364 15.75757575757576 15.87878787878788 16 16.12121212121212 16.24242424242424 16.36363636363636 16.48484848484848 16.60606060606061 16.72727272727273 16.84848484848485 16.96969696969697 17.09090909090909 17.21212121212121 17.33333333333333 17.45454545454545 17.57575757575757 17.6969696969697 17.81818181818182 17.93939393939394 18.06060606060606 18.18181818181818 18.3030303030303 18.42424242424242 18.54545454545455 18.66666666666666 18.78787878787879 18.90909090909091 19.03030303030303 19.15151515151515 19.27272727272727 19.39393939393939 19.51515151515152 19.63636363636364 19.75757575757576 19.87878787878788 20


# name: y
# type: matrix
# rows: 100
# columns: 1
 275088.0869783612
 273438.3466583785
 271854.4204020903
 270334.968526159
 268878.6513472475
 267484.1291820186
 266150.0623471349
 264875.1111592595
 263657.9359350547
 262497.1969911834
 261391.5546443086
 260339.6692110928
 259340.2010081989
 258391.8103522895
 257493.1575600275
 256642.9029480756
 255839.7068330965
 255082.2295317531
 254369.131360708
 253699.072636624
 253070.7136761639
 252482.7147959904
 251933.7363127664
 251422.4385431544
 250947.4818038173
 250507.5264114179
 250101.2326826189
 249727.260934083
 249384.2714824731
 249070.9246444518
 248785.8807366819
 248527.8000758262
 248295.3429785475
 248087.1697615084
 247901.9407413718
 247738.3162348003
 247594.9565584568
 247470.522029004
 247363.6729631047
 247273.0696774216
 247197.3724886174
 247135.241713355
 247085.3376682971
 247046.3206701063
 247016.8510354456
 246995.5890809776
 246981.1951233651
 246972.3294792709
 246967.6524653577
 246965.8243982882
 246965.5055947253
 246965.3563713316
 246964.0370447699
 246960.2079317031
 246952.5293487937
 246939.6616127047
 246920.2650400987
 246892.9999476385
 246856.5266519868
 246809.5054698065
 246750.5967177603
 246678.4607125108
 246591.7577707209
 246489.1482090534
 246369.2923441709
 246230.8504927363
 246072.4829714123
 245892.8500968616
 245690.612185747
 245464.4295547313
 245212.9625204772
 244934.8713996475
 244628.8165089049
 244293.4581649122
 243927.456684332
 243529.4723838273
 243098.1655800608
 242632.1965896951
 242130.225729393
 241590.9133158175
 241012.919665631
 240394.9050954964
 239735.5299220766
 239033.4544620341
 238287.3390320319
 237495.8439487326
 236657.6295287989
 235771.3560888937
 234835.6839456798
 233849.2734158197
 232810.7848159764
 231718.8784628126
 230572.2146729909
 229369.4537631742
 228109.2560500253
 226790.2818502068
 225411.1914803816
 223970.6452572124
 222467.3034973619
 220899.8265174929


# name: QUERY
# type: sq_string
# elements: 1
# length: 2
Q2


# name: DATASIZE
# type: sq_string
# elements: 1
# length: 2
40


