# Created by Octave 4.0.0, Thu May 19 00:39:32 2016 CEST <peter@Independence>
# name: x
# type: matrix
# rows: 1
# columns: 100
 60 60.60606060606061 61.21212121212121 61.81818181818181 62.42424242424242 63.03030303030303 63.63636363636364 64.24242424242425 64.84848484848484 65.45454545454545 66.06060606060606 66.66666666666666 67.27272727272727 67.87878787878788 68.48484848484848 69.09090909090909 69.69696969696969 70.3030303030303 70.90909090909091 71.51515151515152 72.12121212121212 72.72727272727272 73.33333333333333 73.93939393939394 74.54545454545455 75.15151515151516 75.75757575757575 76.36363636363636 76.96969696969697 77.57575757575758 78.18181818181819 78.78787878787878 79.39393939393939 80 80.60606060606061 81.21212121212122 81.81818181818181 82.42424242424242 83.03030303030303 83.63636363636364 84.24242424242424 84.84848484848484 85.45454545454545 86.06060606060606 86.66666666666666 87.27272727272727 87.87878787878788 88.48484848484848 89.09090909090908 89.6969696969697 90.3030303030303 90.90909090909091 91.51515151515152 92.12121212121212 92.72727272727272 93.33333333333333 93.93939393939394 94.54545454545455 95.15151515151514 95.75757575757575 96.36363636363636 96.96969696969697 97.57575757575758 98.18181818181817 98.78787878787878 99.39393939393939 100 100.6060606060606 101.2121212121212 101.8181818181818 102.4242424242424 103.030303030303 103.6363636363636 104.2424242424242 104.8484848484848 105.4545454545455 106.0606060606061 106.6666666666667 107.2727272727273 107.8787878787879 108.4848484848485 109.0909090909091 109.6969696969697 110.3030303030303 110.9090909090909 111.5151515151515 112.1212121212121 112.7272727272727 113.3333333333333 113.9393939393939 114.5454545454545 115.1515151515151 115.7575757575758 116.3636363636363 116.969696969697 117.5757575757576 118.1818181818182 118.7878787878788 119.3939393939394 120


# name: y
# type: matrix
# rows: 100
# columns: 1
 126974.6537656545
 126668.2342496379
 126376.6554416577
 126099.5173451997
 125836.4124448543
 125586.9264006357
 125350.6387545504
 125127.1236482844
 124915.9505508478
 124716.6849949892
 124528.8893211736
 124352.1234278925
 124185.9455270616
 124029.9129032407
 123883.5826754001
 123746.512559946
 123618.2616337068
 123498.3910955796
 123386.4650255275
 123282.051139622
 123184.721539823
 123094.053457193
 123009.6299872486
 122931.040816164
 122857.8829365474
 122789.7613515291
 122726.2897659166
 122667.0912631877
 122611.7989671181
 122560.0566868622
 122511.5195443282
 122465.8545827268
 122422.7413551917
 122381.8724924141
 122342.9542482591
 122305.7070223788
 122269.8658588665
 122235.1809200488
 122201.4179345415
 122168.3586187573
 122135.8010710834
 122103.5601380093
 122071.4677515234
 122039.3732371586
 122007.1435921117
 121974.6637329193
 121941.8367122268
 121908.5839042439
 121874.8451585336
 121840.5789218443
 121805.7623277472
 121770.3912539047
 121734.4803468493
 121698.0630142194
 121661.1913844474
 121623.9362339656
 121586.3868820465
 121548.6510534573
 121510.8547091679
 121473.1418454052
 121435.6742614098
 121398.6312963042
 121362.20953554
 121326.6224874437
 121292.1002304408
 121258.8890315819
 121227.2509370548
 121197.463335412
 121169.8184942924
 121144.6230714632
 121122.1976010544
 121102.8759559032
 121087.00478696
 121074.9429407606
 121067.0608559925
 121063.7399402313
 121065.3719279472
 121072.3582209212
 121085.1092122312
 121104.0435950035
 121129.587657142
 121162.1745632734
 121202.2436251667
 121250.2395618984
 121306.6117510534
 121371.8134722595
 121446.3011443664
 121530.5335575847
 121624.971101903
 121730.0749931077
 121846.3064977235
 121974.1261581917
 122113.9930195994
 122266.3638592589
 122431.6924204299
 122610.4286514634
 122803.0179516272
 123009.9004248578
 123231.5101426619
 123468.2744173675


# name: TRAIN_QUERIES
# type: cell
# rows: 1
# columns: 1
# name: <cell-element>
# type: sq_string
# elements: 1
# length: 2
R2





# name: TEST_QUERIES
# type: cell
# rows: 1
# columns: 1
# name: <cell-element>
# type: sq_string
# elements: 1
# length: 2
R5





