# Created by Octave 4.0.0, Thu May 19 00:39:32 2016 CEST <peter@Independence>
# name: x
# type: matrix
# rows: 1
# columns: 100
 60 60.60606060606061 61.21212121212121 61.81818181818181 62.42424242424242 63.03030303030303 63.63636363636364 64.24242424242425 64.84848484848484 65.45454545454545 66.06060606060606 66.66666666666666 67.27272727272727 67.87878787878788 68.48484848484848 69.09090909090909 69.69696969696969 70.3030303030303 70.90909090909091 71.51515151515152 72.12121212121212 72.72727272727272 73.33333333333333 73.93939393939394 74.54545454545455 75.15151515151516 75.75757575757575 76.36363636363636 76.96969696969697 77.57575757575758 78.18181818181819 78.78787878787878 79.39393939393939 80 80.60606060606061 81.21212121212122 81.81818181818181 82.42424242424242 83.03030303030303 83.63636363636364 84.24242424242424 84.84848484848484 85.45454545454545 86.06060606060606 86.66666666666666 87.27272727272727 87.87878787878788 88.48484848484848 89.09090909090908 89.6969696969697 90.3030303030303 90.90909090909091 91.51515151515152 92.12121212121212 92.72727272727272 93.33333333333333 93.93939393939394 94.54545454545455 95.15151515151514 95.75757575757575 96.36363636363636 96.96969696969697 97.57575757575758 98.18181818181817 98.78787878787878 99.39393939393939 100 100.6060606060606 101.2121212121212 101.8181818181818 102.4242424242424 103.030303030303 103.6363636363636 104.2424242424242 104.8484848484848 105.4545454545455 106.0606060606061 106.6666666666667 107.2727272727273 107.8787878787879 108.4848484848485 109.0909090909091 109.6969696969697 110.3030303030303 110.9090909090909 111.5151515151515 112.1212121212121 112.7272727272727 113.3333333333333 113.9393939393939 114.5454545454545 115.1515151515151 115.7575757575758 116.3636363636363 116.969696969697 117.5757575757576 118.1818181818182 118.7878787878788 119.3939393939394 120


# name: y
# type: matrix
# rows: 100
# columns: 1
 56503.75422732661
 56487.3655076015
 56470.97678787635
 56454.58806815124
 56438.19934842606
 56421.81062870083
 56405.42190897567
 56389.03318925055
 56372.6444695254
 56356.25574980026
 56339.86703007515
 56323.47831034998
 56307.08959062477
 56290.70087089962
 56274.31215117448
 56257.92343144935
 56241.53471172416
 56225.14599199904
 56208.75727227388
 56192.36855254872
 56175.97983282356
 56159.5911130984
 56143.20239337324
 56126.8136736481
 56110.42495392295
 56094.03623419781
 56077.64751447265
 56061.2587947475
 56044.87007502235
 56028.48135529718
 56012.09263557201
 55995.70391584688
 55979.31519612173
 55962.92647639658
 55946.53775667143
 55930.14903694626
 55913.7603172211
 55897.37159749595
 55880.9828777708
 55864.59415804564
 55848.2054383205
 55831.81671859534
 55815.42799887019
 55799.03927914504
 55782.65055941988
 55766.26183969472
 55749.87311996957
 55733.48440024442
 55717.09568051926
 55700.70696079411
 55684.31824106896
 55667.9295213438
 55651.54080161865
 55635.1520818935
 55618.76336216833
 55602.37464244319
 55585.98592271804
 55569.59720299288
 55553.20848326773
 55536.81976354257
 55520.43104381742
 55504.04232409228
 55487.65360436711
 55471.26488464194
 55454.8761649168
 55438.48744519166
 55422.09872546648
 55405.71000574133
 55389.32128601622
 55372.93256629106
 55356.54384656588
 55340.15512684071
 55323.7664071156
 55307.37768739041
 55290.98896766528
 55274.6002479401
 55258.21152821498
 55241.82280848979
 55225.43408876465
 55209.0453690395
 55192.6566493143
 55176.26792958919
 55159.87920986403
 55143.4904901389
 55127.10177041373
 55110.71305068855
 55094.32433096344
 55077.93561123823
 55061.54689151308
 55045.15817178792
 55028.76945206281
 55012.38073233765
 54995.99201261254
 54979.6032928874
 54963.21457316221
 54946.82585343702
 54930.43713371184
 54914.04841398672
 54897.65969426162
 54881.27097453645


# name: TRAIN_QUERIES
# type: cell
# rows: 1
# columns: 1
# name: <cell-element>
# type: sq_string
# elements: 1
# length: 2
R2





# name: TEST_QUERIES
# type: cell
# rows: 1
# columns: 1
# name: <cell-element>
# type: sq_string
# elements: 1
# length: 2
R5





