# Created by Octave 4.0.0, Thu May 19 00:39:32 2016 CEST <peter@Independence>
# name: x
# type: matrix
# rows: 1
# columns: 100
 60 60.60606060606061 61.21212121212121 61.81818181818181 62.42424242424242 63.03030303030303 63.63636363636364 64.24242424242425 64.84848484848484 65.45454545454545 66.06060606060606 66.66666666666666 67.27272727272727 67.87878787878788 68.48484848484848 69.09090909090909 69.69696969696969 70.3030303030303 70.90909090909091 71.51515151515152 72.12121212121212 72.72727272727272 73.33333333333333 73.93939393939394 74.54545454545455 75.15151515151516 75.75757575757575 76.36363636363636 76.96969696969697 77.57575757575758 78.18181818181819 78.78787878787878 79.39393939393939 80 80.60606060606061 81.21212121212122 81.81818181818181 82.42424242424242 83.03030303030303 83.63636363636364 84.24242424242424 84.84848484848484 85.45454545454545 86.06060606060606 86.66666666666666 87.27272727272727 87.87878787878788 88.48484848484848 89.09090909090908 89.6969696969697 90.3030303030303 90.90909090909091 91.51515151515152 92.12121212121212 92.72727272727272 93.33333333333333 93.93939393939394 94.54545454545455 95.15151515151514 95.75757575757575 96.36363636363636 96.96969696969697 97.57575757575758 98.18181818181817 98.78787878787878 99.39393939393939 100 100.6060606060606 101.2121212121212 101.8181818181818 102.4242424242424 103.030303030303 103.6363636363636 104.2424242424242 104.8484848484848 105.4545454545455 106.0606060606061 106.6666666666667 107.2727272727273 107.8787878787879 108.4848484848485 109.0909090909091 109.6969696969697 110.3030303030303 110.9090909090909 111.5151515151515 112.1212121212121 112.7272727272727 113.3333333333333 113.9393939393939 114.5454545454545 115.1515151515151 115.7575757575758 116.3636363636363 116.969696969697 117.5757575757576 118.1818181818182 118.7878787878788 119.3939393939394 120


# name: y
# type: matrix
# rows: 1
# columns: 100
 58135.87303060001 58130.98244848249 58126.09186636496 58121.20128424744 58116.31070212992 58111.4201200124 58106.52953789489 58101.63895577737 58096.74837365984 58091.85779154232 58086.9672094248 58082.07662730728 58077.18604518976 58072.29546307225 58067.40488095472 58062.5142988372 58057.62371671968 58052.73313460216 58047.84255248464 58042.95197036712 58038.0613882496 58033.17080613208 58028.28022401456 58023.38964189704 58018.49905977952 58013.608477662 58008.71789554448 58003.82731342695 57998.93673130944 57994.04614919192 57989.1555670744 57984.26498495688 57979.37440283936 57974.48382072183 57969.59323860431 57964.7026564868 57959.81207436928 57954.92149225176 57950.03091013424 57945.14032801671 57940.24974589919 57935.35916378167 57930.46858166415 57925.57799954664 57920.68741742912 57915.79683531159 57910.90625319407 57906.01567107655 57901.12508895903 57896.23450684151 57891.34392472399 57886.45334260647 57881.56276048895 57876.67217837143 57871.78159625391 57866.89101413639 57862.00043201887 57857.10984990135 57852.21926778383 57847.32868566631 57842.43810354879 57837.54752143127 57832.65693931375 57827.76635719623 57822.8757750787 57817.98519296119 57813.09461084367 57808.20402872615 57803.31344660863 57798.42286449111 57793.53228237358 57788.64170025606 57783.75111813855 57778.86053602103 57773.96995390351 57769.07937178599 57764.18878966846 57759.29820755094 57754.40762543342 57749.51704331591 57744.62646119839 57739.73587908086 57734.84529696334 57729.95471484582 57725.0641327283 57720.17355061078 57715.28296849326 57710.39238637574 57705.50180425822 57700.6112221407 57695.72064002318 57690.83005790566 57685.93947578814 57681.04889367062 57676.1583115531 57671.26772943558 57666.37714731806 57661.48656520054 57656.59598308302 57651.7054009655


# name: TRAIN_QUERIES
# type: cell
# rows: 1
# columns: 1
# name: <cell-element>
# type: sq_string
# elements: 1
# length: 2
R2





# name: TEST_QUERIES
# type: cell
# rows: 1
# columns: 1
# name: <cell-element>
# type: sq_string
# elements: 1
# length: 2
R5





