# Created by Octave 4.0.0, Thu May 19 00:38:49 2016 CEST <peter@Independence>
# name: SVs
# type: cell
# rows: 1
# columns: 7
# name: <cell-element>
# type: sparse matrix
# nnz: 80
# rows: 10
# columns: 8
1 1 0.5466617134293834
2 1 0.4453481125632559
3 1 0.6493060533611782
4 1 0.7280858060486749
5 1 0.4242337193880034
6 1 7.282064420397221
7 1 4.42984702298391
8 1 1.177210240711346
9 1 1.02328808878251
10 1 4.273440824799161
1 2 0.3312330497922475
2 2 0.3314716452237226
3 2 0.419238057017109
4 2 0.3887345487777513
5 2 0.2704279217555496
6 2 8.664986047828874
7 2 6.770042777558744
8 2 0.3702342260910652
9 2 0.4488605975094815
10 2 7.290529534574353
1 3 1.76439319348448
2 3 0.707720325944924
3 3 0.8709001888804369
4 3 1.060055621834256
5 3 0.7197090505687576
6 3 2.509692240932802
7 3 2.574631165978567
8 3 1.516959238053692
9 3 1.077705688641566
10 3 2.354504861079844
1 4 2.570640242102209
2 4 0.5797592495788267
3 4 0.7015681083221254
4 4 0.8773429171415689
5 4 0.6210817484942749
6 4 3.007610249290193
7 4 3.149771980633638
8 4 1.619297636474167
9 4 0.9023214426053845
10 4 2.680422403399966
1 5 0.226186282568994
2 5 0.1646056305144263
3 5 0.3160211558903467
4 5 0.3628795824760258
5 5 0.1982250409135301
6 5 9.385498003948381
7 5 7.596234895158602
8 5 -0.1643921617735363
9 5 0.2557772233124318
10 5 7.168045193212717
1 6 0.1980334440070814
2 6 0.1896800214054417
3 6 0.2803138094301288
4 6 0.3170485360028567
5 6 0.1716684834225959
6 6 9.221458148109324
7 6 7.825165768980073
8 6 -0.1685005067407276
9 6 0.2221617883980244
10 6 7.219076668654207
1 7 -0.3004163201273058
2 7 -0.3004163201273058
3 7 -0.3004163201273058
4 7 0.6878384597450335
5 7 -0.3004163201273058
6 7 1.676093239617373
7 7 1.676093239617373
8 7 -1.288671099999645
9 7 0.6878384597450335
10 7 1.676093239617373
1 8 -1.356841212655466
2 8 -0.4421509438776491
3 8 0.4725393249001675
4 8 -1.356841212655466
5 8 -0.4421509438776491
6 8 1.387229593677984
7 8 1.387229593677984
8 8 0.4725393249001675
9 8 0.4725393249001675
10 8 1.387229593677984



# name: <cell-element>
# type: sparse matrix
# nnz: 96
# rows: 12
# columns: 8
1 1 0.5466617134293834
2 1 1.214870156269727
3 1 0.4453481125632559
4 1 0.7383324968543121
5 1 0.3937597947842251
6 1 0.3457644724824957
7 1 1.353444450974536
8 1 0.7130040966377803
9 1 7.282064420397221
10 1 4.42984702298391
11 1 4.404740412611656
12 1 4.273440824799161
1 2 0.3312330497922475
2 2 0.5435462768156464
3 2 0.3314716452237226
4 2 0.3108056101590315
5 2 0.1956007237460063
6 2 0.1947014025042924
7 2 0.5260553963390472
8 2 0.2760807981320371
9 2 8.664986047828874
10 2 6.770042777558744
11 2 6.602695612621041
12 2 7.290529534574353
1 3 1.76439319348448
2 3 1.33346514728335
3 3 0.707720325944924
4 3 1.002776159742606
5 3 0.6967306617064098
6 3 0.6677579105321454
7 3 1.380754005521804
8 3 1.116003003412146
9 3 2.509692240932802
10 3 2.574631165978567
11 3 2.292230097061598
12 3 2.354504861079844
1 4 2.570640242102209
2 4 1.171534439270953
3 4 0.5797592495788267
4 4 0.8785764245718808
5 4 0.5726665818545335
6 4 0.5711246975666436
7 4 1.187570035865008
8 4 1.038007259939692
9 4 3.007610249290193
10 4 3.149771980633638
11 4 2.621522423602574
12 4 2.680422403399966
1 5 0.226186282568994
2 5 0.1155864792952536
3 5 0.1646056305144263
4 5 0.226186282568994
5 5 0.06854494045249875
6 5 0.1105142697742559
7 5 0.04446567864704036
8 5 0.1568966044915381
9 5 9.385498003948381
10 5 7.596234895158602
11 5 6.734233944974607
12 5 7.168045193212717
1 6 0.1980334440070814
2 6 0.0894558942478377
3 6 0.1896800214054417
4 6 0.1933738269372013
5 6 0.0467568578256632
6 6 0.08652457150933128
7 6 0.02896559264975717
8 6 0.1284441810761804
9 6 9.221458148109324
10 6 7.825165768980073
11 6 6.754775479749276
12 6 7.219076668654207
1 7 -0.3004163201273058
2 7 -1.288671099999645
3 7 -0.3004163201273058
4 7 0.6878384597450335
5 7 -0.3004163201273058
6 7 -0.3004163201273058
7 7 -1.288671099999645
8 7 0.6878384597450335
9 7 1.676093239617373
10 7 1.676093239617373
11 7 1.676093239617373
12 7 1.676093239617373
1 8 -1.356841212655466
2 8 0.4725393249001675
3 8 -0.4421509438776491
4 8 1.387229593677984
5 8 -1.356841212655466
6 8 -0.4421509438776491
7 8 -1.356841212655466
8 8 0.4725393249001675
9 8 1.387229593677984
10 8 1.387229593677984
11 8 1.387229593677984
12 8 1.387229593677984



# name: <cell-element>
# type: sparse matrix
# nnz: 96
# rows: 12
# columns: 8
1 1 0.4036072638701622
2 1 1.214870156269727
3 1 0.4453481125632559
4 1 0.3937597947842251
5 1 0.3457644724824957
6 1 1.353444450974536
7 1 0.7130040966377803
8 1 0.4011675755831057
9 1 7.282064420397221
10 1 4.42984702298391
11 1 4.404740412611656
12 1 1.02328808878251
1 2 0.2106322359289389
2 2 0.5435462768156464
3 2 0.3314716452237226
4 2 0.1956007237460063
5 2 0.1947014025042924
6 2 0.5260553963390472
7 2 0.2760807981320371
8 2 0.1944628070728173
9 2 8.664986047828874
10 2 6.770042777558744
11 2 6.602695612621041
12 2 0.4488605975094815
1 3 0.6794136150275392
2 3 1.33346514728335
3 3 0.707720325944924
4 3 0.6967306617064098
5 3 0.6677579105321454
6 3 1.380754005521804
7 3 1.116003003412146
8 3 0.7333628758347903
9 3 2.509692240932802
10 3 2.574631165978567
11 3 2.292230097061598
12 3 1.077705688641566
1 4 0.5409037655240024
2 4 1.171534439270953
3 4 0.5797592495788267
4 4 0.5726665818545335
5 4 0.5711246975666436
6 4 1.187570035865008
7 4 1.038007259939692
8 4 0.5896273090213219
9 4 3.007610249290193
10 4 3.149771980633638
11 4 2.621522423602574
12 4 0.9023214426053845
1 5 0.08480530888082349
2 5 0.1155864792952536
3 5 0.1646056305144263
4 5 0.06854494045249875
5 5 0.1105142697742559
6 5 0.04446567864704036
7 5 0.1568966044915381
8 5 0.0708704661173605
9 5 9.385498003948381
10 5 7.596234895158602
11 5 6.734233944974607
12 5 0.2557772233124318
1 6 0.0620573458769424
2 6 0.0894558942478377
3 6 0.1896800214054417
4 6 0.0467568578256632
5 6 0.08652457150933128
6 6 0.02896559264975717
7 6 0.1284441810761804
8 6 0.04985762118489254
9 6 9.221458148109324
10 6 7.825165768980073
11 6 6.754775479749276
12 6 0.2221617883980244
1 7 -0.3004163201273058
2 7 -1.288671099999645
3 7 -0.3004163201273058
4 7 -0.3004163201273058
5 7 -0.3004163201273058
6 7 -1.288671099999645
7 7 0.6878384597450335
8 7 -0.3004163201273058
9 7 1.676093239617373
10 7 1.676093239617373
11 7 1.676093239617373
12 7 0.6878384597450335
1 8 1.387229593677984
2 8 0.4725393249001675
3 8 -0.4421509438776491
4 8 -1.356841212655466
5 8 -0.4421509438776491
6 8 -1.356841212655466
7 8 0.4725393249001675
8 8 0.4725393249001675
9 8 1.387229593677984
10 8 1.387229593677984
11 8 1.387229593677984
12 8 0.4725393249001675



# name: <cell-element>
# type: sparse matrix
# nnz: 56
# rows: 7
# columns: 8
1 1 0.4453481125632559
2 1 0.3937597947842251
3 1 0.3457644724824957
4 1 7.282064420397221
5 1 4.42984702298391
6 1 4.404740412611656
7 1 4.273440824799161
1 2 0.3314716452237226
2 2 0.1956007237460063
3 2 0.1947014025042924
4 2 8.664986047828874
5 2 6.770042777558744
6 2 6.602695612621041
7 2 7.290529534574353
1 3 0.707720325944924
2 3 0.6967306617064098
3 3 0.6677579105321454
4 3 2.509692240932802
5 3 2.574631165978567
6 3 2.292230097061598
7 3 2.354504861079844
1 4 0.5797592495788267
2 4 0.5726665818545335
3 4 0.5711246975666436
4 4 3.007610249290193
5 4 3.149771980633638
6 4 2.621522423602574
7 4 2.680422403399966
1 5 0.1646056305144263
2 5 0.06854494045249875
3 5 0.1105142697742559
4 5 9.385498003948381
5 5 7.596234895158602
6 5 6.734233944974607
7 5 7.168045193212717
1 6 0.1896800214054417
2 6 0.0467568578256632
3 6 0.08652457150933128
4 6 9.221458148109324
5 6 7.825165768980073
6 6 6.754775479749276
7 6 7.219076668654207
1 7 -0.3004163201273058
2 7 -0.3004163201273058
3 7 -0.3004163201273058
4 7 1.676093239617373
5 7 1.676093239617373
6 7 1.676093239617373
7 7 1.676093239617373
1 8 -0.4421509438776491
2 8 -1.356841212655466
3 8 -0.4421509438776491
4 8 1.387229593677984
5 8 1.387229593677984
6 8 1.387229593677984
7 8 1.387229593677984



