# Created by Octave 4.0.0, Thu May 19 00:38:40 2016 CEST <peter@Independence>
# name: mu
# type: matrix
# rows: 1
# columns: 9
 57896.47009966777 30550.13289036545 41955.58970099668 4022.84219269103 4400.96511627907 21610.67109634552 22738.51661129568 575.9966777408638 89.66777408637874


# name: sigma
# type: matrix
# rows: 1
# columns: 9
 70544.90967474721 22543.86361232982 54485.53612123799 3002.821495159874 3242.785492575935 54611.30871137878 59017.72524991482 252.9712024588381 21.8653249987271


