# Created by Octave 4.0.0, Thu May 19 00:39:32 2016 CEST <peter@Independence>
# name: x
# type: matrix
# rows: 1
# columns: 100
 60 60.60606060606061 61.21212121212121 61.81818181818181 62.42424242424242 63.03030303030303 63.63636363636364 64.24242424242425 64.84848484848484 65.45454545454545 66.06060606060606 66.66666666666666 67.27272727272727 67.87878787878788 68.48484848484848 69.09090909090909 69.69696969696969 70.3030303030303 70.90909090909091 71.51515151515152 72.12121212121212 72.72727272727272 73.33333333333333 73.93939393939394 74.54545454545455 75.15151515151516 75.75757575757575 76.36363636363636 76.96969696969697 77.57575757575758 78.18181818181819 78.78787878787878 79.39393939393939 80 80.60606060606061 81.21212121212122 81.81818181818181 82.42424242424242 83.03030303030303 83.63636363636364 84.24242424242424 84.84848484848484 85.45454545454545 86.06060606060606 86.66666666666666 87.27272727272727 87.87878787878788 88.48484848484848 89.09090909090908 89.6969696969697 90.3030303030303 90.90909090909091 91.51515151515152 92.12121212121212 92.72727272727272 93.33333333333333 93.93939393939394 94.54545454545455 95.15151515151514 95.75757575757575 96.36363636363636 96.96969696969697 97.57575757575758 98.18181818181817 98.78787878787878 99.39393939393939 100 100.6060606060606 101.2121212121212 101.8181818181818 102.4242424242424 103.030303030303 103.6363636363636 104.2424242424242 104.8484848484848 105.4545454545455 106.0606060606061 106.6666666666667 107.2727272727273 107.8787878787879 108.4848484848485 109.0909090909091 109.6969696969697 110.3030303030303 110.9090909090909 111.5151515151515 112.1212121212121 112.7272727272727 113.3333333333333 113.9393939393939 114.5454545454545 115.1515151515151 115.7575757575758 116.3636363636363 116.969696969697 117.5757575757576 118.1818181818182 118.7878787878788 119.3939393939394 120


# name: y
# type: matrix
# rows: 100
# columns: 1
 92470.01913473723
 92476.38409969819
 92482.3630690673
 92487.97197312719
 92493.22640644568
 92498.14162787572
 92502.73256055545
 92507.01379190812
 92510.99957364218
 92514.70382175123
 92518.140116514
 92521.32170249445
 92524.26148854161
 92526.97204778972
 92529.46561765819
 92531.75409985156
 92533.84906035953
 92535.76172945698
 92537.50300170391
 92539.08343594553
 92540.51325531218
 92541.80234721937
 92542.96026336774
 92543.99621974312
 92544.91909661648
 92545.73743854399
 92546.45945436691
 92547.09301721172
 92547.64566449003
 92548.12459789861
 92548.5366834194
 92548.88845131948
 92549.1860961511
 92549.43547675168
 92549.64211624378
 92549.81120203514
 92549.94758581865
 92550.05578357232
 92550.13997555937
 92550.2040063282
 92550.25138471229
 92550.28528383034
 92550.30854108618
 92550.3236581688
 92550.33280105237
 92550.33779999622
 92550.34014954479
 92550.34100852776
 92550.34120005989
 92550.34121154112
 92550.3411946566
 92550.34096537658
 92550.34000395649
 92550.3374549369
 92550.3321271436
 92550.32249368745
 92550.30669196454
 92550.28252365609
 92550.24745472847
 92550.19861543323
 92550.13280030707
 92550.04646817186
 92549.93574213461
 92549.79640958746
 92549.62392220781
 92549.41339595811
 92549.15961108604
 92548.85701212438
 92548.49970789114
 92548.08147148942
 92547.59574030753
 92547.0356160189
 92546.39386458213
 92545.66291624101
 92544.83486552446
 92543.90147124656
 92542.85415650654
 92541.68400868881
 92540.38177946294
 92538.93788478365
 92537.34240489081
 92535.58508430944
 92533.65533184976
 92531.54222060711
 92529.23448796201
 92526.72053558016
 92523.98842941233
 92521.02589969456
 92517.82034094799
 92514.35881197892
 92510.62803587881
 92506.61440002429
 92502.30395607717
 92497.68241998437
 92492.735171978
 92487.44725657531
 92481.80338257874
 92475.78792307586
 92469.38491543938
 92462.57806132725


# name: TRAIN_QUERIES
# type: cell
# rows: 1
# columns: 1
# name: <cell-element>
# type: sq_string
# elements: 1
# length: 2
R2





# name: TEST_QUERIES
# type: cell
# rows: 1
# columns: 1
# name: <cell-element>
# type: sq_string
# elements: 1
# length: 2
R5





