# Created by Octave 4.0.0, Thu May 19 00:39:32 2016 CEST <peter@Independence>
# name: x
# type: matrix
# rows: 1
# columns: 100
 60 60.60606060606061 61.21212121212121 61.81818181818181 62.42424242424242 63.03030303030303 63.63636363636364 64.24242424242425 64.84848484848484 65.45454545454545 66.06060606060606 66.66666666666666 67.27272727272727 67.87878787878788 68.48484848484848 69.09090909090909 69.69696969696969 70.3030303030303 70.90909090909091 71.51515151515152 72.12121212121212 72.72727272727272 73.33333333333333 73.93939393939394 74.54545454545455 75.15151515151516 75.75757575757575 76.36363636363636 76.96969696969697 77.57575757575758 78.18181818181819 78.78787878787878 79.39393939393939 80 80.60606060606061 81.21212121212122 81.81818181818181 82.42424242424242 83.03030303030303 83.63636363636364 84.24242424242424 84.84848484848484 85.45454545454545 86.06060606060606 86.66666666666666 87.27272727272727 87.87878787878788 88.48484848484848 89.09090909090908 89.6969696969697 90.3030303030303 90.90909090909091 91.51515151515152 92.12121212121212 92.72727272727272 93.33333333333333 93.93939393939394 94.54545454545455 95.15151515151514 95.75757575757575 96.36363636363636 96.96969696969697 97.57575757575758 98.18181818181817 98.78787878787878 99.39393939393939 100 100.6060606060606 101.2121212121212 101.8181818181818 102.4242424242424 103.030303030303 103.6363636363636 104.2424242424242 104.8484848484848 105.4545454545455 106.0606060606061 106.6666666666667 107.2727272727273 107.8787878787879 108.4848484848485 109.0909090909091 109.6969696969697 110.3030303030303 110.9090909090909 111.5151515151515 112.1212121212121 112.7272727272727 113.3333333333333 113.9393939393939 114.5454545454545 115.1515151515151 115.7575757575758 116.3636363636363 116.969696969697 117.5757575757576 118.1818181818182 118.7878787878788 119.3939393939394 120


# name: y
# type: matrix
# rows: 100
# columns: 1
 73811.53329484149
 73825.26360351767
 73838.43301957966
 73851.05324002935
 73863.13596186863
 73874.69288209941
 73885.73569772358
 73896.27610574303
 73906.32580315968
 73915.89648697538
 73924.99985419208
 73933.64760181165
 73941.85142683599
 73949.62302626699
 73956.97409710653
 73963.91633635656
 73970.46144101894
 73976.62110809555
 73982.40703458834
 73987.83091749914
 73992.90445382991
 73997.63934058251
 74002.04727475884
 74006.13995336079
 74009.92907339027
 74013.42633184919
 74016.64342573941
 74019.59205206286
 74022.28390782142
 74024.73069001699
 74026.94409565146
 74028.93582172673
 74030.7175652447
 74032.30102320728
 74033.69789261634
 74034.91987047378
 74035.97865378152
 74036.88593954143
 74037.65342475542
 74038.29280642539
 74038.81578155323
 74039.23404714084
 74039.5593001901
 74039.80323770293
 74039.97755668122
 74040.09395412685
 74040.16412704173
 74040.19977242778
 74040.21258728685
 74040.21426862087
 74040.21651343172
 74040.2310187213
 74040.2694814915
 74040.34359874425
 74040.4650674814
 74040.64558470488
 74040.89684741656
 74041.23055261836
 74041.65839731217
 74042.19207849988
 74042.8432931834
 74043.62373836461
 74044.54511104542
 74045.61910822771
 74046.85742691338
 74048.27176410434
 74049.87381680249
 74051.6752820097
 74053.68785672789
 74055.92323795895
 74058.39312270479
 74061.10920796727
 74064.08319074831
 74067.32676804981
 74070.85163687366
 74074.66949422176
 74078.79203709601
 74083.23096249829
 74087.99796743051
 74093.10474889456
 74098.56300389236
 74104.38442942577
 74110.5807224967
 74117.16358010705
 74124.14469925873
 74131.53577695362
 74139.34851019361
 74147.59459598061
 74156.28573131652
 74165.4336132032
 74175.04993864261
 74185.14640463659
 74195.73470818707
 74206.82654629592
 74218.43361596507
 74230.56761419639
 74243.24023799179
 74256.46318435315
 74270.24815028238
 74284.60683278137


# name: TRAIN_QUERIES
# type: cell
# rows: 1
# columns: 1
# name: <cell-element>
# type: sq_string
# elements: 1
# length: 2
R2





# name: TEST_QUERIES
# type: cell
# rows: 1
# columns: 1
# name: <cell-element>
# type: sq_string
# elements: 1
# length: 2
R5





