# Created by Octave 4.0.0, Thu May 19 00:39:32 2016 CEST <peter@Independence>
# name: x
# type: matrix
# rows: 1
# columns: 100
 60 60.60606060606061 61.21212121212121 61.81818181818181 62.42424242424242 63.03030303030303 63.63636363636364 64.24242424242425 64.84848484848484 65.45454545454545 66.06060606060606 66.66666666666666 67.27272727272727 67.87878787878788 68.48484848484848 69.09090909090909 69.69696969696969 70.3030303030303 70.90909090909091 71.51515151515152 72.12121212121212 72.72727272727272 73.33333333333333 73.93939393939394 74.54545454545455 75.15151515151516 75.75757575757575 76.36363636363636 76.96969696969697 77.57575757575758 78.18181818181819 78.78787878787878 79.39393939393939 80 80.60606060606061 81.21212121212122 81.81818181818181 82.42424242424242 83.03030303030303 83.63636363636364 84.24242424242424 84.84848484848484 85.45454545454545 86.06060606060606 86.66666666666666 87.27272727272727 87.87878787878788 88.48484848484848 89.09090909090908 89.6969696969697 90.3030303030303 90.90909090909091 91.51515151515152 92.12121212121212 92.72727272727272 93.33333333333333 93.93939393939394 94.54545454545455 95.15151515151514 95.75757575757575 96.36363636363636 96.96969696969697 97.57575757575758 98.18181818181817 98.78787878787878 99.39393939393939 100 100.6060606060606 101.2121212121212 101.8181818181818 102.4242424242424 103.030303030303 103.6363636363636 104.2424242424242 104.8484848484848 105.4545454545455 106.0606060606061 106.6666666666667 107.2727272727273 107.8787878787879 108.4848484848485 109.0909090909091 109.6969696969697 110.3030303030303 110.9090909090909 111.5151515151515 112.1212121212121 112.7272727272727 113.3333333333333 113.9393939393939 114.5454545454545 115.1515151515151 115.7575757575758 116.3636363636363 116.969696969697 117.5757575757576 118.1818181818182 118.7878787878788 119.3939393939394 120


# name: y
# type: matrix
# rows: 100
# columns: 1
 71622.48823555565
 71643.09431969961
 71663.27511370866
 71683.03061758283
 71702.36083132209
 71721.26575492647
 71739.74538839594
 71757.79973173051
 71775.42878493021
 71792.63254799499
 71809.41102092488
 71825.76420371987
 71841.69209637996
 71857.19469890516
 71872.27201129546
 71886.92403355087
 71901.15076567137
 71914.95220765698
 71928.32835950771
 71941.27922122352
 71953.80479280444
 71965.90507425048
 71977.5800655616
 71988.82976673784
 71999.65417777917
 72010.05329868561
 72020.02712945716
 72029.57567009381
 72038.69892059555
 72047.39688096241
 72055.66955119437
 72063.51693129142
 72070.93902125359
 72077.93582108086
 72084.50733077322
 72090.65355033071
 72096.37447975329
 72101.67011904097
 72106.54046819375
 72110.98552721164
 72115.00529609463
 72118.59977484273
 72121.76896345592
 72124.51286193423
 72126.83147027763
 72128.72478848614
 72130.19281655975
 72131.23555449847
 72131.85300230229
 72132.04515997121
 72131.81202750525
 72131.15360490436
 72130.0698921686
 72128.56088929795
 72126.62659629238
 72124.26701315193
 72121.48213987658
 72118.27197646632
 72114.63652292118
 72110.57577924115
 72106.0897454262
 72101.17842147636
 72095.84180739164
 72090.07990317201
 72083.89270881748
 72077.28022432806
 72070.24244970374
 72062.77938494453
 72054.89103005042
 72046.57738502142
 72037.8384498575
 72028.67422455871
 72019.08470912502
 72009.06990355642
 71998.62980785292
 71987.76442201453
 71976.47374604126
 71964.75777993308
 71952.61652369
 71940.04997731202
 71927.05814079916
 71913.64101415139
 71899.79859736873
 71885.53089045118
 71870.83789339871
 71855.71960621137
 71840.17602888911
 71824.20716143197
 71807.81300383992
 71790.993556113
 71773.74881825116
 71756.07879025443
 71737.9834721228
 71719.46286385627
 71700.51696545485
 71681.14577691854
 71661.34929824733
 71641.12752944122
 71620.4804705002
 71599.40812142431


# name: TRAIN_QUERIES
# type: cell
# rows: 1
# columns: 1
# name: <cell-element>
# type: sq_string
# elements: 1
# length: 2
R2





# name: TEST_QUERIES
# type: cell
# rows: 1
# columns: 1
# name: <cell-element>
# type: sq_string
# elements: 1
# length: 2
R5





