# Created by Octave 4.0.0, Thu May 19 00:39:32 2016 CEST <peter@Independence>
# name: x
# type: matrix
# rows: 1
# columns: 100
 60 60.60606060606061 61.21212121212121 61.81818181818181 62.42424242424242 63.03030303030303 63.63636363636364 64.24242424242425 64.84848484848484 65.45454545454545 66.06060606060606 66.66666666666666 67.27272727272727 67.87878787878788 68.48484848484848 69.09090909090909 69.69696969696969 70.3030303030303 70.90909090909091 71.51515151515152 72.12121212121212 72.72727272727272 73.33333333333333 73.93939393939394 74.54545454545455 75.15151515151516 75.75757575757575 76.36363636363636 76.96969696969697 77.57575757575758 78.18181818181819 78.78787878787878 79.39393939393939 80 80.60606060606061 81.21212121212122 81.81818181818181 82.42424242424242 83.03030303030303 83.63636363636364 84.24242424242424 84.84848484848484 85.45454545454545 86.06060606060606 86.66666666666666 87.27272727272727 87.87878787878788 88.48484848484848 89.09090909090908 89.6969696969697 90.3030303030303 90.90909090909091 91.51515151515152 92.12121212121212 92.72727272727272 93.33333333333333 93.93939393939394 94.54545454545455 95.15151515151514 95.75757575757575 96.36363636363636 96.96969696969697 97.57575757575758 98.18181818181817 98.78787878787878 99.39393939393939 100 100.6060606060606 101.2121212121212 101.8181818181818 102.4242424242424 103.030303030303 103.6363636363636 104.2424242424242 104.8484848484848 105.4545454545455 106.0606060606061 106.6666666666667 107.2727272727273 107.8787878787879 108.4848484848485 109.0909090909091 109.6969696969697 110.3030303030303 110.9090909090909 111.5151515151515 112.1212121212121 112.7272727272727 113.3333333333333 113.9393939393939 114.5454545454545 115.1515151515151 115.7575757575758 116.3636363636363 116.969696969697 117.5757575757576 118.1818181818182 118.7878787878788 119.3939393939394 120


# name: y
# type: matrix
# rows: 100
# columns: 1
 92607.15595492453
 92608.22095002602
 92609.1805010587
 92610.04313070135
 92610.816834203
 92611.50910160724
 92612.12693949799
 92612.67689226687
 92613.16506290206
 92613.59713329884
 92613.97838409169
 92614.31371400776
 92614.60765874217
 92614.86440935472
 92615.08783018817
 92615.28147630813
 92615.44861046446
 92615.59221957435
 92615.71503072679
 92615.81952670873
 92615.90796105278
 92615.98237260645
 92616.04459962295
 92616.09629337364
 92616.13893128186
 92616.17382957852
 92616.20215547917
 92616.2249388826
 92616.24308359111
 92616.25737805213
 92616.26850562172
 92616.27705434934
 92616.2835262844
 92616.28834630417
 92616.29187046345
 92616.29439386568
 92616.29615805569
 92616.2973579339
 92616.29814819225
 92616.29864927153
 92616.29895284039
 92616.29912679586
 92616.29921978543
 92616.29926525074
 92616.29928499277
 92616.29929225866
 92616.29929435
 92616.29929475283
 92616.29929478909
 92616.29929478958
 92616.29929478868
 92616.29929474051
 92616.29929425658
 92616.29929186511
 92616.299283792
 92616.29926226314
 92616.2992133284
 92616.29911420727
 92616.29893015594
 92616.29861085591
 92616.29808632436
 92616.29726234582
 92616.2960154257
 92616.29418726513
 92616.29157875743
 92616.28794350626
 92616.28298086523
 92616.27632849905
 92616.26755446631
 92616.25614882383
 92616.24151475252
 92616.2229592048
 92616.19968307368
 92616.17077088324
 92616.13518000091
 92616.09172937108
 92616.0390877703
 92615.9757615843
 92615.90008210622
 92615.81019235667
 92615.70403342519
 92615.57933033338
 92615.43357741955
 92615.26402324489
 92615.06765502132
 92614.84118256081
 92614.58102174621
 92614.28327752385
 92613.94372641751
 92613.557798564
 92613.12055927035
 92612.62669009257
 92612.07046943586
 92611.44575267656
 92610.74595180547
 92609.96401459296
 92609.09240327534
 92608.12307276318
 92607.04744837079
 92605.85640306765


# name: TRAIN_QUERIES
# type: cell
# rows: 1
# columns: 1
# name: <cell-element>
# type: sq_string
# elements: 1
# length: 2
R2





# name: TEST_QUERIES
# type: cell
# rows: 1
# columns: 1
# name: <cell-element>
# type: sq_string
# elements: 1
# length: 2
R5





