# Created by Octave 3.8.2, Wed May 18 17:59:03 2016 CEST <Andrea@Andreas-MacBook-Pro.local>
# name: x
# type: matrix
# rows: 1
# columns: 100
 0.008333333333333333 0.008417508417508417 0.008501683501683501 0.008585858585858586 0.00867003367003367 0.008754208754208754 0.008838383838383838 0.008922558922558922 0.009006734006734006 0.00909090909090909 0.009175084175084175 0.009259259259259259 0.009343434343434343 0.009427609427609427 0.009511784511784511 0.009595959595959595 0.009680134680134679 0.009764309764309764 0.009848484848484848 0.009932659932659932 0.01001683501683502 0.0101010101010101 0.01018518518518518 0.01026936026936027 0.01035353535353535 0.01043771043771044 0.01052188552188552 0.0106060606060606 0.01069023569023569 0.01077441077441077 0.01085858585858586 0.01094276094276094 0.01102693602693603 0.01111111111111111 0.0111952861952862 0.01127946127946128 0.01136363636363636 0.01144781144781145 0.01153198653198653 0.01161616161616161 0.0117003367003367 0.01178451178451178 0.01186868686868687 0.01195286195286195 0.01203703703703704 0.01212121212121212 0.01220538720538721 0.01228956228956229 0.01237373737373737 0.01245791245791246 0.01254208754208754 0.01262626262626263 0.01271043771043771 0.01279461279461279 0.01287878787878788 0.01296296296296296 0.01304713804713805 0.01313131313131313 0.01321548821548822 0.0132996632996633 0.01338383838383838 0.01346801346801347 0.01355218855218855 0.01363636363636364 0.01372053872053872 0.0138047138047138 0.01388888888888889 0.01397306397306397 0.01405723905723906 0.01414141414141414 0.01422558922558922 0.01430976430976431 0.01439393939393939 0.01447811447811448 0.01456228956228956 0.01464646464646465 0.01473063973063973 0.01481481481481482 0.0148989898989899 0.01498316498316498 0.01506734006734007 0.01515151515151515 0.01523569023569023 0.01531986531986532 0.0154040404040404 0.01548821548821549 0.01557239057239057 0.01565656565656566 0.01574074074074074 0.01582491582491583 0.01590909090909091 0.01599326599326599 0.01607744107744108 0.01616161616161616 0.01624579124579124 0.01632996632996633 0.01641414141414141 0.0164983164983165 0.01658249158249158 0.01666666666666667


# name: y
# type: matrix
# rows: 100
# columns: 1
 653174.0569026419
 649887.4742821694
 646782.7255338691
 643872.9196615871
 641170.7308188019
 638688.3247991628
 636437.2875287791
 634428.5562063034
 632672.3537281383
 631178.127019927
 629954.489871824
 629009.1708439332
 628348.9667698907
 627979.7023411256
 627906.1962022145
 628132.2339294013
 628660.5482003761
 629492.8063944199
 630629.6057887849
 632070.4764405165
 633813.8917636923
 635857.2867312522
 638197.0835491476
 640828.7245695227
 643746.7121300586
 646944.6549295305
 650415.3204760312
 654150.693075273
 658142.0367627753
 662379.9625265315
 666854.4991167398
 671555.1666971159
 676471.052558851
 681590.8880939641
 686903.1262100649
 692396.0183636931
 698057.6903946116
 703876.2163587429
 709839.68958278
 715936.2901986081
 722154.3484602354
 728482.4031994124
 734909.2548379274
 741424.0124439744
 748016.1343961393
 754675.4623005176
 761392.2478932354
 768157.1727510948
 774961.3607260587
 781796.3831136208
 788654.2566595628
 795527.4346029462
 802408.7910441768
 809291.5990144438
 816169.5027055677
 823036.484396219
 829886.8266805138
 836715.070667244
 843515.9708715474
 850284.4475649708
 857015.5373839645
 863704.3430203964
 870345.9828303128
 876935.54119871
 883468.0204884188
 889938.2953804589
 896341.0703815975
 902670.8412327324
 908921.8608996592
 915088.1107663801
 921163.2775812271
 927140.7366285397
 933013.5415145284
 938774.420866334
 944415.7821493826
 949929.7227111437
 955308.0480606707
 960542.2972941195
 965623.7754781552
 970543.5927071116
 975292.7094572147
 979861.9877734371
 984242.2477427404
 988424.3286327468
 992399.1540082367
 996157.800080214
 999691.5664943834
 1002992.048728379
 1006051.211240468
 1008861.460497067
 1011415.71700242
 1013707.485461224
 1015730.922223726
 1017480.899192505
 1018953.06341038
 1020143.891599065
 1021050.738977515
 1021671.881756576
 1022006.552781563
 1022054.969875696


# name: QUERY
# type: sq_string
# elements: 1
# length: 2
R3


# name: DATASIZE
# type: sq_string
# elements: 1
# length: 3
750


