# Created by Octave 4.0.0, Mon May 23 13:37:17 2016 CEST <peter@Independence>
# name: x
# type: matrix
# rows: 1
# columns: 100
 0.008333333333333333 0.008417508417508417 0.008501683501683501 0.008585858585858586 0.00867003367003367 0.008754208754208754 0.008838383838383838 0.008922558922558922 0.009006734006734006 0.00909090909090909 0.009175084175084175 0.009259259259259259 0.009343434343434343 0.009427609427609427 0.009511784511784511 0.009595959595959595 0.009680134680134679 0.009764309764309764 0.009848484848484848 0.009932659932659932 0.01001683501683502 0.0101010101010101 0.01018518518518519 0.01026936026936027 0.01035353535353535 0.01043771043771044 0.01052188552188552 0.01060606060606061 0.01069023569023569 0.01077441077441077 0.01085858585858586 0.01094276094276094 0.01102693602693603 0.01111111111111111 0.0111952861952862 0.01127946127946128 0.01136363636363636 0.01144781144781145 0.01153198653198653 0.01161616161616162 0.0117003367003367 0.01178451178451178 0.01186868686868687 0.01195286195286195 0.01203703703703704 0.01212121212121212 0.01220538720538721 0.01228956228956229 0.01237373737373737 0.01245791245791246 0.01254208754208754 0.01262626262626263 0.01271043771043771 0.01279461279461279 0.01287878787878788 0.01296296296296296 0.01304713804713805 0.01313131313131313 0.01321548821548822 0.0132996632996633 0.01338383838383838 0.01346801346801347 0.01355218855218855 0.01363636363636364 0.01372053872053872 0.0138047138047138 0.01388888888888889 0.01397306397306397 0.01405723905723906 0.01414141414141414 0.01422558922558922 0.01430976430976431 0.01439393939393939 0.01447811447811448 0.01456228956228956 0.01464646464646465 0.01473063973063973 0.01481481481481482 0.0148989898989899 0.01498316498316498 0.01506734006734007 0.01515151515151515 0.01523569023569024 0.01531986531986532 0.0154040404040404 0.01548821548821549 0.01557239057239057 0.01565656565656566 0.01574074074074074 0.01582491582491583 0.01590909090909091 0.01599326599326599 0.01607744107744108 0.01616161616161616 0.01624579124579124 0.01632996632996633 0.01641414141414142 0.0164983164983165 0.01658249158249158 0.01666666666666667


# name: y
# type: matrix
# rows: 100
# columns: 1
 666631.7853823538
 662735.3222242093
 658996.1377795348
 655429.8670367005
 652051.8659507331
 648877.1211279609
 645920.1601488139
 643194.9633279397
 640714.8777163653
 638492.5341467573
 636539.7681096015
 634867.545225326
 633485.8920450136
 632403.8328705917
 631629.3332345492
 631169.250619768
 631029.2929325524
 631213.9851670963
 631726.6446182717
 632569.3649127113
 633743.0090366825
 635247.2114443755
 637080.3892331107
 639239.7622738441
 641721.3820875058
 644520.1691614145
 647629.9583065485
 651043.5515671001
 654752.7781096841
 658748.5604420032
 663020.9862407329
 667559.3850068985
 672352.4087149195
 677388.1155795683
 682654.0560339249
 688137.3599914847
 693824.8244572242
 699703.0005557736
 705758.2790599156
 711976.9735292473
 718345.4002066769
 724849.953869005
 731477.1788865309
 738213.8348146542
 745046.9559169038
 751963.9041027194
 758952.4148534896
 766000.6358056315
 773097.1577585851
 780231.0379771658
 787391.8157604166
 794569.5203515317
 801754.6713642362
 808938.2719988325
 816111.7954146737
 823267.164713847
 830396.7270721755
 837493.2226272123
 844549.7487977308
 851559.7207644721
 858516.8288868911
 865414.9938647549
 872248.3204763063
 879011.0507360157
 885697.5173146182
 892302.0980522189
 898819.1723719519
 905243.0803673799
 911568.0852920117
 917788.3401246746
 923897.858820782
 929890.4927877029
 935759.9130434711
 941499.5984331076
 947102.8301870357
 952562.6930127
 957872.0828148772
 963023.7210435753
 968010.1755722156
 972823.8879142805
 977457.2064950923
 981902.425608083
 986151.8296030264
 990197.7417782877
 994032.5773812507
 997648.900061534
 1001039.481071223
 1004197.360465727
 1007115.909528505
 1009788.893623159
 1012210.534667441
 1014375.572425572
 1016279.323827887
 1017917.739549847
 1019287.457115529
 1020385.849833292
 1021211.070922679
 1021762.092251021
 1022038.737164723
 1022041.706972867


# name: QUERY
# type: sq_string
# elements: 1
# length: 2
R3


# name: DATASIZE
# type: sq_string
# elements: 1
# length: 3
750


