# Created by Octave 4.0.0, Mon May 23 13:37:17 2016 CEST <peter@Independence>
# name: x
# type: matrix
# rows: 1
# columns: 100
 0.008333333333333333 0.008417508417508417 0.008501683501683501 0.008585858585858586 0.00867003367003367 0.008754208754208754 0.008838383838383838 0.008922558922558922 0.009006734006734006 0.00909090909090909 0.009175084175084175 0.009259259259259259 0.009343434343434343 0.009427609427609427 0.009511784511784511 0.009595959595959595 0.009680134680134679 0.009764309764309764 0.009848484848484848 0.009932659932659932 0.01001683501683502 0.0101010101010101 0.01018518518518519 0.01026936026936027 0.01035353535353535 0.01043771043771044 0.01052188552188552 0.01060606060606061 0.01069023569023569 0.01077441077441077 0.01085858585858586 0.01094276094276094 0.01102693602693603 0.01111111111111111 0.0111952861952862 0.01127946127946128 0.01136363636363636 0.01144781144781145 0.01153198653198653 0.01161616161616162 0.0117003367003367 0.01178451178451178 0.01186868686868687 0.01195286195286195 0.01203703703703704 0.01212121212121212 0.01220538720538721 0.01228956228956229 0.01237373737373737 0.01245791245791246 0.01254208754208754 0.01262626262626263 0.01271043771043771 0.01279461279461279 0.01287878787878788 0.01296296296296296 0.01304713804713805 0.01313131313131313 0.01321548821548822 0.0132996632996633 0.01338383838383838 0.01346801346801347 0.01355218855218855 0.01363636363636364 0.01372053872053872 0.0138047138047138 0.01388888888888889 0.01397306397306397 0.01405723905723906 0.01414141414141414 0.01422558922558922 0.01430976430976431 0.01439393939393939 0.01447811447811448 0.01456228956228956 0.01464646464646465 0.01473063973063973 0.01481481481481482 0.0148989898989899 0.01498316498316498 0.01506734006734007 0.01515151515151515 0.01523569023569024 0.01531986531986532 0.0154040404040404 0.01548821548821549 0.01557239057239057 0.01565656565656566 0.01574074074074074 0.01582491582491583 0.01590909090909091 0.01599326599326599 0.01607744107744108 0.01616161616161616 0.01624579124579124 0.01632996632996633 0.01641414141414142 0.0164983164983165 0.01658249158249158 0.01666666666666667


# name: y
# type: matrix
# rows: 1
# columns: 100
 596724.8683699328 600871.4078270034 605017.9472840742 609164.4867411449 613311.0261982155 617457.5656552863 621604.1051123569 625750.6445694277 629897.1840264983 634043.7234835691 638190.2629406399 642336.8023977105 646483.3418547813 650629.8813118519 654776.4207689227 658922.9602259933 663069.4996830641 667216.0391401347 671362.5785972055 675509.1180542762 679655.6575113469 683802.1969684176 687948.7364254883 692095.275882559 696241.8153396298 700388.3547967004 704534.8942537712 708681.4337108418 712827.9731679126 716974.5126249832 721121.052082054 725267.5915391247 729414.1309961954 733560.6704532661 737707.2099103368 741853.7493674075 746000.2888244782 750146.8282815489 754293.3677386197 758439.9071956903 762586.4466527611 766732.9861098317 770879.5255669025 775026.0650239732 779172.6044810439 783319.1439381146 787465.6833951853 791612.222852256 795758.7623093267 799905.3017663974 804051.8412234682 808198.3806805388 812344.9201376096 816491.4595946802 820637.999051751 824784.5385088216 828931.0779658924 833077.6174229631 837224.1568800338 841370.6963371045 845517.2357941752 849663.7752512459 853810.3147083166 857956.8541653873 862103.3936224581 866249.9330795287 870396.4725365995 874543.0119936701 878689.5514507409 882836.0909078115 886982.6303648823 891129.1698219529 895275.7092790237 899422.2487360945 903568.7881931651 907715.3276502358 911861.8671073066 916008.4065643772 920154.946021448 924301.4854785186 928448.0249355894 932594.56439266 936741.1038497308 940887.6433068016 945034.1827638722 949180.722220943 953327.2616780136 957473.8011350844 961620.340592155 965766.8800492258 969913.4195062965 974059.9589633672 978206.4984204379 982353.0378775086 986499.5773345793 990646.11679165 994792.6562487207 998939.1957057915 1003085.735162862 1007232.274619933


# name: QUERY
# type: sq_string
# elements: 1
# length: 2
R3


# name: DATASIZE
# type: sq_string
# elements: 1
# length: 3
750


