# Created by Octave 4.0.0, Mon May 23 13:37:17 2016 CEST <peter@Independence>
# name: x
# type: matrix
# rows: 1
# columns: 100
 0.008333333333333333 0.008417508417508417 0.008501683501683501 0.008585858585858586 0.00867003367003367 0.008754208754208754 0.008838383838383838 0.008922558922558922 0.009006734006734006 0.00909090909090909 0.009175084175084175 0.009259259259259259 0.009343434343434343 0.009427609427609427 0.009511784511784511 0.009595959595959595 0.009680134680134679 0.009764309764309764 0.009848484848484848 0.009932659932659932 0.01001683501683502 0.0101010101010101 0.01018518518518519 0.01026936026936027 0.01035353535353535 0.01043771043771044 0.01052188552188552 0.01060606060606061 0.01069023569023569 0.01077441077441077 0.01085858585858586 0.01094276094276094 0.01102693602693603 0.01111111111111111 0.0111952861952862 0.01127946127946128 0.01136363636363636 0.01144781144781145 0.01153198653198653 0.01161616161616162 0.0117003367003367 0.01178451178451178 0.01186868686868687 0.01195286195286195 0.01203703703703704 0.01212121212121212 0.01220538720538721 0.01228956228956229 0.01237373737373737 0.01245791245791246 0.01254208754208754 0.01262626262626263 0.01271043771043771 0.01279461279461279 0.01287878787878788 0.01296296296296296 0.01304713804713805 0.01313131313131313 0.01321548821548822 0.0132996632996633 0.01338383838383838 0.01346801346801347 0.01355218855218855 0.01363636363636364 0.01372053872053872 0.0138047138047138 0.01388888888888889 0.01397306397306397 0.01405723905723906 0.01414141414141414 0.01422558922558922 0.01430976430976431 0.01439393939393939 0.01447811447811448 0.01456228956228956 0.01464646464646465 0.01473063973063973 0.01481481481481482 0.0148989898989899 0.01498316498316498 0.01506734006734007 0.01515151515151515 0.01523569023569024 0.01531986531986532 0.0154040404040404 0.01548821548821549 0.01557239057239057 0.01565656565656566 0.01574074074074074 0.01582491582491583 0.01590909090909091 0.01599326599326599 0.01607744107744108 0.01616161616161616 0.01624579124579124 0.01632996632996633 0.01641414141414142 0.0164983164983165 0.01658249158249158 0.01666666666666667


# name: y
# type: matrix
# rows: 100
# columns: 1
 601383.6819520494
 605463.0127429503
 609542.3435338512
 613621.6743247521
 617701.0051156529
 621780.3359065538
 625859.6666974548
 629938.9974883557
 634018.3282792566
 638097.6590701574
 642176.9898610583
 646256.3206519593
 650335.6514428601
 654414.982233761
 658494.3130246619
 662573.6438155628
 666652.9746064637
 670732.3053973645
 674811.6361882655
 678890.9669791664
 682970.2977700674
 687049.6285609682
 691128.9593518691
 695208.2901427699
 699287.6209336708
 703366.9517245718
 707446.2825154727
 711525.6133063736
 715604.9440972744
 719684.2748881753
 723763.6056790763
 727842.9364699771
 731922.267260878
 736001.598051779
 740080.9288426798
 744160.2596335807
 748239.5904244815
 752318.9212153825
 756398.2520062834
 760477.5827971844
 764556.9135880852
 768636.2443789861
 772715.575169887
 776794.9059607879
 780874.2367516888
 784953.5675425896
 789032.8983334906
 793112.2291243915
 797191.5599152923
 801270.8907061933
 805350.2214970941
 809429.552287995
 813508.883078896
 817588.2138697968
 821667.5446606977
 825746.8754515985
 829826.2062424995
 833905.5370334004
 837984.8678243014
 842064.1986152022
 846143.5294061031
 850222.8601970039
 854302.1909879049
 858381.5217788058
 862460.8525697067
 866540.1833606076
 870619.5141515085
 874698.8449424093
 878778.1757333103
 882857.5065242111
 886936.837315112
 891016.168106013
 895095.4988969138
 899174.8296878147
 903254.1604787157
 907333.4912696165
 911412.8220605175
 915492.1528514184
 919571.4836423192
 923650.8144332201
 927730.145224121
 931809.4760150219
 935888.8068059229
 939968.1375968237
 944047.4683877246
 948126.7991786256
 952206.1299695264
 956285.4607604273
 960364.7915513281
 964444.122342229
 968523.45313313
 972602.7839240308
 976682.1147149317
 980761.4455058327
 984840.7762967335
 988920.1070876344
 992999.4378785354
 997078.7686694361
 1001158.099460337
 1005237.430251238


# name: QUERY
# type: sq_string
# elements: 1
# length: 2
R3


# name: DATASIZE
# type: sq_string
# elements: 1
# length: 3
750


