# Created by Octave 3.8.2, Wed May 18 17:59:03 2016 CEST <Andrea@Andreas-MacBook-Pro.local>
# name: x
# type: matrix
# rows: 1
# columns: 100
 0.008333333333333333 0.008417508417508417 0.008501683501683501 0.008585858585858586 0.00867003367003367 0.008754208754208754 0.008838383838383838 0.008922558922558922 0.009006734006734006 0.00909090909090909 0.009175084175084175 0.009259259259259259 0.009343434343434343 0.009427609427609427 0.009511784511784511 0.009595959595959595 0.009680134680134679 0.009764309764309764 0.009848484848484848 0.009932659932659932 0.01001683501683502 0.0101010101010101 0.01018518518518518 0.01026936026936027 0.01035353535353535 0.01043771043771044 0.01052188552188552 0.0106060606060606 0.01069023569023569 0.01077441077441077 0.01085858585858586 0.01094276094276094 0.01102693602693603 0.01111111111111111 0.0111952861952862 0.01127946127946128 0.01136363636363636 0.01144781144781145 0.01153198653198653 0.01161616161616161 0.0117003367003367 0.01178451178451178 0.01186868686868687 0.01195286195286195 0.01203703703703704 0.01212121212121212 0.01220538720538721 0.01228956228956229 0.01237373737373737 0.01245791245791246 0.01254208754208754 0.01262626262626263 0.01271043771043771 0.01279461279461279 0.01287878787878788 0.01296296296296296 0.01304713804713805 0.01313131313131313 0.01321548821548822 0.0132996632996633 0.01338383838383838 0.01346801346801347 0.01355218855218855 0.01363636363636364 0.01372053872053872 0.0138047138047138 0.01388888888888889 0.01397306397306397 0.01405723905723906 0.01414141414141414 0.01422558922558922 0.01430976430976431 0.01439393939393939 0.01447811447811448 0.01456228956228956 0.01464646464646465 0.01473063973063973 0.01481481481481482 0.0148989898989899 0.01498316498316498 0.01506734006734007 0.01515151515151515 0.01523569023569023 0.01531986531986532 0.0154040404040404 0.01548821548821549 0.01557239057239057 0.01565656565656566 0.01574074074074074 0.01582491582491583 0.01590909090909091 0.01599326599326599 0.01607744107744108 0.01616161616161616 0.01624579124579124 0.01632996632996633 0.01641414141414141 0.0164983164983165 0.01658249158249158 0.01666666666666667


# name: y
# type: matrix
# rows: 1
# columns: 100
 597100.3925276489 601241.1328392802 605381.8731509115 609522.6134625429 613663.3537741741 617804.0940858055 621944.8343974368 626085.5747090681 630226.3150206994 634367.0553323308 638507.795643962 642648.5359555933 646789.2762672247 650930.0165788559 655070.7568904873 659211.4972021186 663352.2375137499 667492.9778253812 671633.7181370126 675774.4584486438 679915.1987602751 684055.9390719065 688196.6793835377 692337.4196951691 696478.1600068004 700618.9003184317 704759.640630063 708900.3809416944 713041.1212533256 717181.861564957 721322.6018765883 725463.3421882195 729604.0824998509 733744.8228114822 737885.5631231135 742026.3034347448 746167.0437463762 750307.7840580074 754448.5243696388 758589.2646812701 762730.0049929015 766870.7453045327 771011.485616164 775152.2259277953 779292.9662394266 783433.706551058 787574.4468626893 791715.1871743206 795855.9274859519 799996.6677975833 804137.4081092145 808278.1484208459 812418.8887324771 816559.6290441084 820700.3693557398 824841.1096673711 828981.8499790024 833122.5902906337 837263.330602265 841404.0709138963 845544.8112255277 849685.551537159 853826.2918487902 857967.0321604216 862107.7724720528 866248.5127836842 870389.2530953155 874529.9934069468 878670.7337185781 882811.4740302095 886952.2143418408 891092.9546534721 895233.6949651034 899374.4352767346 903515.175588366 907655.9158999973 911796.6562116287 915937.39652326 920078.1368348913 924218.8771465226 928359.617458154 932500.3577697852 936641.0980814165 940781.8383930479 944922.5787046792 949063.3190163104 953204.0593279417 957344.7996395731 961485.5399512044 965626.2802628357 969767.020574467 973907.7608860984 978048.5011977297 982189.241509361 986329.9818209923 990470.7221326237 994611.4624442549 998752.2027558861 1002892.943067518 1007033.683379149


# name: QUERY
# type: sq_string
# elements: 1
# length: 2
R3


# name: DATASIZE
# type: sq_string
# elements: 1
# length: 3
750


