# Created by Octave 3.8.2, Wed May 18 17:59:03 2016 CEST <Andrea@Andreas-MacBook-Pro.local>
# name: x
# type: matrix
# rows: 1
# columns: 100
 0.008333333333333333 0.008417508417508417 0.008501683501683501 0.008585858585858586 0.00867003367003367 0.008754208754208754 0.008838383838383838 0.008922558922558922 0.009006734006734006 0.00909090909090909 0.009175084175084175 0.009259259259259259 0.009343434343434343 0.009427609427609427 0.009511784511784511 0.009595959595959595 0.009680134680134679 0.009764309764309764 0.009848484848484848 0.009932659932659932 0.01001683501683502 0.0101010101010101 0.01018518518518518 0.01026936026936027 0.01035353535353535 0.01043771043771044 0.01052188552188552 0.0106060606060606 0.01069023569023569 0.01077441077441077 0.01085858585858586 0.01094276094276094 0.01102693602693603 0.01111111111111111 0.0111952861952862 0.01127946127946128 0.01136363636363636 0.01144781144781145 0.01153198653198653 0.01161616161616161 0.0117003367003367 0.01178451178451178 0.01186868686868687 0.01195286195286195 0.01203703703703704 0.01212121212121212 0.01220538720538721 0.01228956228956229 0.01237373737373737 0.01245791245791246 0.01254208754208754 0.01262626262626263 0.01271043771043771 0.01279461279461279 0.01287878787878788 0.01296296296296296 0.01304713804713805 0.01313131313131313 0.01321548821548822 0.0132996632996633 0.01338383838383838 0.01346801346801347 0.01355218855218855 0.01363636363636364 0.01372053872053872 0.0138047138047138 0.01388888888888889 0.01397306397306397 0.01405723905723906 0.01414141414141414 0.01422558922558922 0.01430976430976431 0.01439393939393939 0.01447811447811448 0.01456228956228956 0.01464646464646465 0.01473063973063973 0.01481481481481482 0.0148989898989899 0.01498316498316498 0.01506734006734007 0.01515151515151515 0.01523569023569023 0.01531986531986532 0.0154040404040404 0.01548821548821549 0.01557239057239057 0.01565656565656566 0.01574074074074074 0.01582491582491583 0.01590909090909091 0.01599326599326599 0.01607744107744108 0.01616161616161616 0.01624579124579124 0.01632996632996633 0.01641414141414141 0.0164983164983165 0.01658249158249158 0.01666666666666667


# name: y
# type: matrix
# rows: 100
# columns: 1
 584772.0652791735
 589082.7920910278
 593393.518902882
 597704.2457147361
 602014.9725265903
 606325.6993384444
 610636.4261502986
 614947.1529621527
 619257.8797740068
 623568.6065858611
 627879.3333977151
 632190.0602095693
 636500.7870214235
 640811.5138332775
 645122.2406451317
 649432.9674569858
 653743.69426884
 658054.4210806941
 662365.1478925484
 666675.8747044024
 670986.6015162566
 675297.3283281107
 679608.0551399649
 683918.7819518191
 688229.5087636731
 692540.2355755273
 696850.9623873815
 701161.6891992355
 705472.4160110897
 709783.1428229439
 714093.869634798
 718404.5964466522
 722715.3232585064
 727026.0500703605
 731336.7768822146
 735647.5036940688
 739958.2305059229
 744268.9573177771
 748579.6841296313
 752890.4109414853
 757201.1377533395
 761511.8645651937
 765822.5913770478
 770133.318188902
 774444.045000756
 778754.7718126102
 783065.4986244644
 787376.2254363185
 791686.9522481726
 795997.6790600268
 800308.4058718809
 804619.1326837351
 808929.8594955893
 813240.5863074434
 817551.3131192976
 821862.0399311517
 826172.7667430058
 830483.4935548599
 834794.2203667142
 839104.9471785682
 843415.6739904224
 847726.4008022766
 852037.1276141306
 856347.8544259849
 860658.5812378391
 864969.3080496931
 869280.0348615474
 873590.7616734013
 877901.4884852556
 882212.2152971098
 886522.9421089638
 890833.668920818
 895144.3957326723
 899455.1225445262
 903765.8493563805
 908076.5761682345
 912387.3029800887
 916698.029791943
 921008.756603797
 925319.4834156513
 929630.2102275052
 933940.9370393595
 938251.6638512135
 942562.3906630678
 946873.117474922
 951183.844286776
 955494.5710986302
 959805.2979104844
 964116.0247223387
 968426.7515341926
 972737.4783460468
 977048.2051579009
 981358.9319697551
 985669.658781609
 989980.3855934632
 994291.1124053175
 998601.8392171717
 1002912.566029026
 1007223.29284088
 1011534.019652734


# name: QUERY
# type: sq_string
# elements: 1
# length: 2
R3


# name: DATASIZE
# type: sq_string
# elements: 1
# length: 3
750


