# Created by Octave 4.0.0, Mon May 23 13:37:17 2016 CEST <peter@Independence>
# name: SVs
# type: cell
# rows: 1
# columns: 7
# name: <cell-element>
# type: sparse matrix
# nnz: 36
# rows: 36
# columns: 1
1 1 -1.141301320984742
2 1 0.1742173356020346
3 1 0.1742173356020346
4 1 -1.141301320984742
5 1 -0.6150938583500315
6 1 0.1742173356020346
7 1 -0.6150938583500315
8 1 -0.6150938583500315
9 1 0.1742173356020346
10 1 1.489735992188811
11 1 -0.6150938583500315
12 1 0.1742173356020346
13 1 0.1742173356020346
14 1 -0.6150938583500315
15 1 -1.141301320984742
16 1 -1.141301320984742
17 1 1.489735992188811
18 1 1.489735992188811
19 1 0.1742173356020346
20 1 -0.6150938583500315
21 1 -0.6150938583500315
22 1 -1.141301320984742
23 1 -1.141301320984742
24 1 -0.6150938583500315
25 1 1.489735992188811
26 1 0.1742173356020346
27 1 -0.6150938583500315
28 1 1.489735992188811
29 1 -1.141301320984742
30 1 1.489735992188811
31 1 -1.141301320984742
32 1 -0.6150938583500315
33 1 1.489735992188811
34 1 1.489735992188811
35 1 1.489735992188811
36 1 1.489735992188811



# name: <cell-element>
# type: sparse matrix
# nnz: 8
# rows: 8
# columns: 1
1 1 -1.141301320984742
2 1 -1.141301320984742
3 1 0.1742173356020346
4 1 -1.141301320984742
5 1 1.489735992188811
6 1 -1.141301320984742
7 1 1.489735992188811
8 1 0.1742173356020346



# name: <cell-element>
# type: sparse matrix
# nnz: 21
# rows: 21
# columns: 1
1 1 0.1742173356020346
2 1 -1.141301320984742
3 1 -0.6150938583500315
4 1 0.1742173356020346
5 1 0.1742173356020346
6 1 -0.6150938583500315
7 1 -0.6150938583500315
8 1 -0.6150938583500315
9 1 0.1742173356020346
10 1 -0.6150938583500315
11 1 -0.6150938583500315
12 1 -0.6150938583500315
13 1 -1.141301320984742
14 1 0.1742173356020346
15 1 -1.141301320984742
16 1 -0.6150938583500315
17 1 0.1742173356020346
18 1 -0.6150938583500315
19 1 -0.6150938583500315
20 1 1.489735992188811
21 1 0.1742173356020346



# name: <cell-element>
# type: sparse matrix
# nnz: 32
# rows: 32
# columns: 1
1 1 0.1742173356020346
2 1 -1.141301320984742
3 1 0.1742173356020346
4 1 0.1742173356020346
5 1 -1.141301320984742
6 1 -0.6150938583500315
7 1 0.1742173356020346
8 1 0.1742173356020346
9 1 -0.6150938583500315
10 1 0.1742173356020346
11 1 0.1742173356020346
12 1 0.1742173356020346
13 1 -0.6150938583500315
14 1 -1.141301320984742
15 1 -1.141301320984742
16 1 1.489735992188811
17 1 0.1742173356020346
18 1 -0.6150938583500315
19 1 -0.6150938583500315
20 1 -1.141301320984742
21 1 0.1742173356020346
22 1 -1.141301320984742
23 1 -0.6150938583500315
24 1 0.1742173356020346
25 1 1.489735992188811
26 1 -1.141301320984742
27 1 1.489735992188811
28 1 -1.141301320984742
29 1 -0.6150938583500315
30 1 1.489735992188811
31 1 1.489735992188811
32 1 0.1742173356020346



# name: <cell-element>
# type: sparse matrix
# nnz: 30
# rows: 30
# columns: 1
1 1 0.1742173356020346
2 1 -1.141301320984742
3 1 0.1742173356020346
4 1 0.1742173356020346
5 1 -1.141301320984742
6 1 -0.6150938583500315
7 1 0.1742173356020346
8 1 0.1742173356020346
9 1 -0.6150938583500315
10 1 0.1742173356020346
11 1 0.1742173356020346
12 1 0.1742173356020346
13 1 -0.6150938583500315
14 1 -1.141301320984742
15 1 -1.141301320984742
16 1 1.489735992188811
17 1 0.1742173356020346
18 1 -0.6150938583500315
19 1 -0.6150938583500315
20 1 0.1742173356020346
21 1 -1.141301320984742
22 1 -0.6150938583500315
23 1 0.1742173356020346
24 1 1.489735992188811
25 1 -1.141301320984742
26 1 1.489735992188811
27 1 -1.141301320984742
28 1 -0.6150938583500315
29 1 1.489735992188811
30 1 0.1742173356020346



# name: <cell-element>
# type: sparse matrix
# nnz: 12
# rows: 12
# columns: 1
1 1 -1.141301320984742
2 1 -1.141301320984742
3 1 -1.141301320984742
4 1 -0.6150938583500315
5 1 -1.141301320984742
6 1 0.1742173356020346
7 1 -1.141301320984742
8 1 1.489735992188811
9 1 -1.141301320984742
10 1 1.489735992188811
11 1 -1.141301320984742
12 1 1.489735992188811



# name: <cell-element>
# type: scalar
0





# name: coefficients
# type: cell
# rows: 1
# columns: 7
# name: <cell-element>
# type: matrix
# rows: 36
# columns: 1
 0.1
 -0.1
 -0.1
 0.1
 -0.1
 -0.1
 -0.1
 -0.1
 -0.1
 0.1
 -0.1
 -0.1
 -0.1
 -0.1
 0.1
 0.1
 0.1
 0.1
 -0.1
 -0.1
 -0.1
 0.1
 0.1
 -0.1
 0.01987278277498018
 -0.01987278277498018
 -0.1
 0.1
 0.1
 0.1
 0.1
 -0.1
 0.1
 0.1
 0.1
 0.1



# name: <cell-element>
# type: matrix
# rows: 8
# columns: 1
 -1.680320149025999
 -5
 5
 -5
 5
 -5
 5
 1.680320149026



# name: <cell-element>
# type: matrix
# rows: 21
# columns: 1
 5
 5
 -5
 5
 5
 -5
 -5
 -5
 1.682211204125039
 -5
 -5
 -5
 5
 5
 5
 -5
 5
 -5
 -5
 3.317788795874959
 5



# name: <cell-element>
# type: matrix
# rows: 32
# columns: 1
 2.4211
 -2.4211
 2.4211
 2.4211
 -2.4211
 -2.4211
 2.4211
 2.4211
 -2.4211
 2.4211
 2.4211
 2.4211
 -2.4211
 -2.4211
 -2.4211
 2.4211
 2.4211
 -2.4211
 -2.4211
 -2.4211
 2.4211
 -2.4211
 -2.412811529490236
 2.4211
 -2.4211
 -2.4211
 2.4211
 -2.4211
 -2.4211
 2.412811529490235
 2.4211
 2.4211



# name: <cell-element>
# type: matrix
# rows: 30
# columns: 1
 5
 -5
 5
 5
 -5
 -5
 5
 5
 -5
 5
 5
 5
 -5
 -5
 -5
 2.255147264008147
 5
 -5
 -5
 5
 -5
 -2.255147264008144
 5
 -5
 -5
 5
 -5
 -5
 5
 5



# name: <cell-element>
# type: matrix
# rows: 12
# columns: 1
 4.7421
 -0.0798356386325742
 -4.7421
 -1.282509551257836
 4.7421
 0.2052708054741512
 4.7421
 -4.7421
 -4.7421
 1.15707438441626
 -4.7421
 4.7421



# name: <cell-element>
# type: scalar
0





# name: b
# type: cell
# rows: 1
# columns: 7
# name: <cell-element>
# type: scalar
0.01093598085283555



# name: <cell-element>
# type: scalar
-0.7644641483873145



# name: <cell-element>
# type: scalar
-0.2893821301702032



# name: <cell-element>
# type: scalar
-0.8511139839537897



# name: <cell-element>
# type: scalar
-0.7947301395649915



# name: <cell-element>
# type: scalar
0.3473105110237041



# name: <cell-element>
# type: scalar
0





# name: models
# type: cell
# rows: 1
# columns: 7
# name: <cell-element>
# type: scalar struct
# ndims: 2
 1 1
# length: 11
# name: Parameters
# type: matrix
# rows: 5
# columns: 1
 3
 0
 3
 1
 0


# name: nr_class
# type: scalar
2


# name: totalSV
# type: scalar
36


# name: rho
# type: scalar
-0.01093598085283555


# name: Label
# type: matrix
# rows: 0
# columns: 0


# name: sv_indices
# type: matrix
# rows: 36
# columns: 1
 3
 4
 5
 6
 7
 10
 11
 12
 13
 14
 15
 16
 17
 18
 19
 20
 21
 22
 23
 24
 25
 26
 28
 29
 30
 31
 32
 33
 35
 36
 37
 38
 39
 40
 41
 43


# name: ProbA
# type: matrix
# rows: 0
# columns: 0


# name: ProbB
# type: matrix
# rows: 0
# columns: 0


# name: nSV
# type: matrix
# rows: 0
# columns: 0


# name: sv_coef
# type: matrix
# rows: 36
# columns: 1
 0.1
 -0.1
 -0.1
 0.1
 -0.1
 -0.1
 -0.1
 -0.1
 -0.1
 0.1
 -0.1
 -0.1
 -0.1
 -0.1
 0.1
 0.1
 0.1
 0.1
 -0.1
 -0.1
 -0.1
 0.1
 0.1
 -0.1
 0.01987278277498018
 -0.01987278277498018
 -0.1
 0.1
 0.1
 0.1
 0.1
 -0.1
 0.1
 0.1
 0.1
 0.1


# name: SVs
# type: sparse matrix
# nnz: 36
# rows: 36
# columns: 1
1 1 -1.141301320984742
2 1 0.1742173356020346
3 1 0.1742173356020346
4 1 -1.141301320984742
5 1 -0.6150938583500315
6 1 0.1742173356020346
7 1 -0.6150938583500315
8 1 -0.6150938583500315
9 1 0.1742173356020346
10 1 1.489735992188811
11 1 -0.6150938583500315
12 1 0.1742173356020346
13 1 0.1742173356020346
14 1 -0.6150938583500315
15 1 -1.141301320984742
16 1 -1.141301320984742
17 1 1.489735992188811
18 1 1.489735992188811
19 1 0.1742173356020346
20 1 -0.6150938583500315
21 1 -0.6150938583500315
22 1 -1.141301320984742
23 1 -1.141301320984742
24 1 -0.6150938583500315
25 1 1.489735992188811
26 1 0.1742173356020346
27 1 -0.6150938583500315
28 1 1.489735992188811
29 1 -1.141301320984742
30 1 1.489735992188811
31 1 -1.141301320984742
32 1 -0.6150938583500315
33 1 1.489735992188811
34 1 1.489735992188811
35 1 1.489735992188811
36 1 1.489735992188811





# name: <cell-element>
# type: scalar struct
# ndims: 2
 1 1
# length: 11
# name: Parameters
# type: matrix
# rows: 5
# columns: 1
 3
 1
 2
 1
 0


