# Created by Octave 3.8.2, Wed May 18 17:59:03 2016 CEST <Andrea@Andreas-MacBook-Pro.local>
# name: SVs
# type: cell
# rows: 1
# columns: 7
# name: <cell-element>
# type: sparse matrix
# nnz: 30
# rows: 30
# columns: 1
1 1 -1.130750236331828
2 1 -1.130750236331828
3 1 1.523422344125522
4 1 0.1963360538968472
5 1 -1.130750236331828
6 1 -0.5999157202403581
7 1 -0.5999157202403581
8 1 -1.130750236331828
9 1 -0.5999157202403581
10 1 -0.5999157202403581
11 1 1.523422344125522
12 1 -1.130750236331828
13 1 1.523422344125522
14 1 -1.130750236331828
15 1 -0.5999157202403581
16 1 -0.5999157202403581
17 1 -0.5999157202403581
18 1 -1.130750236331828
19 1 -0.5999157202403581
20 1 1.523422344125522
21 1 1.523422344125522
22 1 -1.130750236331828
23 1 0.1963360538968472
24 1 -1.130750236331828
25 1 0.1963360538968472
26 1 1.523422344125522
27 1 -0.5999157202403581
28 1 0.1963360538968472
29 1 0.1963360538968472
30 1 -0.5999157202403581



# name: <cell-element>
# type: sparse matrix
# nnz: 11
# rows: 11
# columns: 1
1 1 0.1963360538968472
2 1 -1.130750236331828
3 1 0.1963360538968472
4 1 1.523422344125522
5 1 -1.130750236331828
6 1 1.523422344125522
7 1 -1.130750236331828
8 1 1.523422344125522
9 1 -1.130750236331828
10 1 -1.130750236331828
11 1 1.523422344125522



# name: <cell-element>
# type: sparse matrix
# nnz: 21
# rows: 21
# columns: 1
1 1 -1.130750236331828
2 1 -1.130750236331828
3 1 0.1963360538968472
4 1 0.1963360538968472
5 1 -1.130750236331828
6 1 -0.5999157202403581
7 1 0.1963360538968472
8 1 -0.5999157202403581
9 1 -0.5999157202403581
10 1 0.1963360538968472
11 1 -0.5999157202403581
12 1 0.1963360538968472
13 1 -0.5999157202403581
14 1 -0.5999157202403581
15 1 -0.5999157202403581
16 1 -0.5999157202403581
17 1 1.523422344125522
18 1 -0.5999157202403581
19 1 0.1963360538968472
20 1 0.1963360538968472
21 1 -0.5999157202403581



# name: <cell-element>
# type: sparse matrix
# nnz: 13
# rows: 13
# columns: 1
1 1 0.1963360538968472
2 1 0.1963360538968472
3 1 0.1963360538968472
4 1 -1.130750236331828
5 1 0.1963360538968472
6 1 -1.130750236331828
7 1 -1.130750236331828
8 1 -1.130750236331828
9 1 1.523422344125522
10 1 -1.130750236331828
11 1 -1.130750236331828
12 1 1.523422344125522
13 1 0.1963360538968472



# name: <cell-element>
# type: sparse matrix
# nnz: 30
# rows: 30
# columns: 1
1 1 -1.130750236331828
2 1 0.1963360538968472
3 1 0.1963360538968472
4 1 0.1963360538968472
5 1 -0.5999157202403581
6 1 0.1963360538968472
7 1 -0.5999157202403581
8 1 -1.130750236331828
9 1 0.1963360538968472
10 1 -0.5999157202403581
11 1 0.1963360538968472
12 1 -1.130750236331828
13 1 -1.130750236331828
14 1 -0.5999157202403581
15 1 0.1963360538968472
16 1 -0.5999157202403581
17 1 -0.5999157202403581
18 1 -1.130750236331828
19 1 -0.5999157202403581
20 1 1.523422344125522
21 1 -1.130750236331828
22 1 0.1963360538968472
23 1 -1.130750236331828
24 1 0.1963360538968472
25 1 1.523422344125522
26 1 -0.5999157202403581
27 1 0.1963360538968472
28 1 0.1963360538968472
29 1 0.1963360538968472
30 1 0.1963360538968472



# name: <cell-element>
# type: sparse matrix
# nnz: 11
# rows: 11
# columns: 1
1 1 -1.130750236331828
2 1 -1.130750236331828
3 1 0.1963360538968472
4 1 -1.130750236331828
5 1 -1.130750236331828
6 1 -0.5999157202403581
7 1 0.1963360538968472
8 1 -1.130750236331828
9 1 1.523422344125522
10 1 -1.130750236331828
11 1 -1.130750236331828



# name: <cell-element>
# type: scalar
0





# name: coefficients
# type: cell
# rows: 1
# columns: 7
# name: <cell-element>
# type: matrix
# rows: 30
# columns: 1
 0.35789
 0.35789
 0.35789
 -0.35789
 0.35789
 -0.35789
 -0.35789
 0.35789
 -0.35789
 -0.35789
 0.35789
 0.35789
 0.35789
 0.35789
 -0.35789
 -0.35789
 -0.35789
 0.35789
 -0.35789
 0.03652764534203451
 0.35789
 0.35789
 -0.0365276453420344
 0.35789
 -0.35789
 0.35789
 -0.35789
 -0.35789
 -0.35789
 -0.35789



# name: <cell-element>
# type: matrix
# rows: 11
# columns: 1
 0.8414360742158321
 -0.87368
 0.87368
 0.03224392578416759
 -0.87368
 0.87368
 -0.87368
 0.87368
 -0.87368
 -0.87368
 0.87368



# name: <cell-element>
# type: matrix
# rows: 21
# columns: 1
 0.35789
 0.35789
 0.35789
 0.35789
 0.35789
 -0.35789
 0.35789
 -0.35789
 -0.35789
 0.01510067373359943
 -0.35789
 0.35789
 -0.35789
 -0.35789
 -0.35789
 -0.35789
 0.3427893262664006
 -0.35789
 0.35789
 0.35789
 -0.35789



# name: <cell-element>
# type: matrix
# rows: 13
# columns: 1
 1.6474
 1.6474
 0.2439893911728046
 -1.6474
 1.6474
 -1.6474
 -1.6474
 -1.6474
 1.6474
 -1.6474
 -1.6474
 1.403410608827196
 1.6474



# name: <cell-element>
# type: matrix
# rows: 30
# columns: 1
 -5
 5
 5
 5
 -5
 5
 -1.00112785556661
 -5
 5
 -5
 5
 -5
 -5
 -5
 5
 -5
 -5
 -5
 -5
 5
 -5
 5
 -5
 5
 1.001127855566636
 -5
 5
 5
 5
 5



# name: <cell-element>
# type: matrix
# rows: 11
# columns: 1
 4.4842
 4.4842
 -4.323190529642118
 4.4842
 -4.4842
 -1.073975839077021
 4.4842
 -4.4842
 1.203160183724725
 -4.4842
 -0.2901938150055859



# name: <cell-element>
# type: scalar
0





# name: b
# type: cell
# rows: 1
# columns: 7
# name: <cell-element>
# type: scalar
-0.03203254661178213



# name: <cell-element>
# type: scalar
-0.7489921586067885



# name: <cell-element>
# type: scalar
-0.2903905901101876



# name: <cell-element>
# type: scalar
-0.5258574812928067



# name: <cell-element>
# type: scalar
-0.7670649206122865



# name: <cell-element>
# type: scalar
0.3354977266024625



# name: <cell-element>
# type: scalar
0





# name: models
# type: cell
# rows: 1
# columns: 7
# name: <cell-element>
# type: scalar struct
# ndims: 2
 1 1
# length: 11
# name: Parameters
# type: matrix
# rows: 5
# columns: 1
 3
 0
 3
 1
 0


# name: nr_class
# type: scalar
2


# name: totalSV
# type: scalar
30


# name: rho
# type: scalar
0.03203254661178213


# name: Label
# type: matrix
# rows: 0
# columns: 0


# name: sv_indices
# type: matrix
# rows: 30
# columns: 1
 1
 2
 5
 7
 8
 9
 11
 13
 14
 16
 18
 20
 21
 22
 23
 25
 26
 27
 28
 29
 30
 31
 33
 34
 35
 36
 37
 40
 41
 44


# name: ProbA
# type: matrix
# rows: 0
# columns: 0


# name: ProbB
# type: matrix
# rows: 0
# columns: 0


# name: nSV
# type: matrix
# rows: 0
# columns: 0


# name: sv_coef
# type: matrix
# rows: 30
# columns: 1
 0.35789
 0.35789
 0.35789
 -0.35789
 0.35789
 -0.35789
 -0.35789
 0.35789
 -0.35789
 -0.35789
 0.35789
 0.35789
 0.35789
 0.35789
 -0.35789
 -0.35789
 -0.35789
 0.35789
 -0.35789
 0.03652764534203451
 0.35789
 0.35789
 -0.0365276453420344
 0.35789
 -0.35789
 0.35789
 -0.35789
 -0.35789
 -0.35789
 -0.35789


# name: SVs
# type: sparse matrix
# nnz: 30
# rows: 30
# columns: 1
1 1 -1.130750236331828
2 1 -1.130750236331828
3 1 1.523422344125522
4 1 0.1963360538968472
5 1 -1.130750236331828
6 1 -0.5999157202403581
7 1 -0.5999157202403581
8 1 -1.130750236331828
9 1 -0.5999157202403581
10 1 -0.5999157202403581
11 1 1.523422344125522
12 1 -1.130750236331828
13 1 1.523422344125522
14 1 -1.130750236331828
15 1 -0.5999157202403581
16 1 -0.5999157202403581
17 1 -0.5999157202403581
18 1 -1.130750236331828
19 1 -0.5999157202403581
20 1 1.523422344125522
21 1 1.523422344125522
22 1 -1.130750236331828
23 1 0.1963360538968472
24 1 -1.130750236331828
25 1 0.1963360538968472
26 1 1.523422344125522
27 1 -0.5999157202403581
28 1 0.1963360538968472
29 1 0.1963360538968472
30 1 -0.5999157202403581





# name: <cell-element>
# type: scalar struct
# ndims: 2
 1 1
# length: 11
# name: Parameters
# type: matrix
# rows: 5
# columns: 1
 3
 1
 2
 1
 0


# name: nr_class
# type: scalar
2


# name: totalSV
# type: scalar
11


# name: rho
# type: scalar
0.7489921586067885


# name: Label
# type: matrix
# rows: 0
# columns: 0


# name: sv_indices
# type: matrix
# rows: 11
# columns: 1
 3
 13
 17
 18
 20
 21
 22
 30
 31
 34
 36


# name: ProbA
# type: matrix
# rows: 0
# columns: 0


# name: ProbB
# type: matrix
# rows: 0
# columns: 0


# name: nSV
# type: matrix
# rows: 0
# columns: 0


