# Created by Octave 4.0.0, Mon May 23 13:37:12 2016 CEST <peter@Independence>
# name: mu
# type: matrix
# rows: 1
# columns: 2
 774796.3243243244 0.01194819819819819


# name: sigma
# type: matrix
# rows: 1
# columns: 2
 162085.5672722762 0.003167318567322665


