# Created by Octave 3.8.2, Wed May 18 17:58:53 2016 CEST <Andrea@Andreas-MacBook-Pro.local>
# name: mu
# type: matrix
# rows: 1
# columns: 2
 771743.205479452 0.01188356164383561


# name: sigma
# type: matrix
# rows: 1
# columns: 2
 161050.4338392307 0.003139710429793298


