# Created by Octave 4.0.0, Mon May 23 13:37:17 2016 CEST <peter@Independence>
# name: x
# type: matrix
# rows: 1
# columns: 100
 0.008333333333333333 0.008417508417508417 0.008501683501683501 0.008585858585858586 0.00867003367003367 0.008754208754208754 0.008838383838383838 0.008922558922558922 0.009006734006734006 0.00909090909090909 0.009175084175084175 0.009259259259259259 0.009343434343434343 0.009427609427609427 0.009511784511784511 0.009595959595959595 0.009680134680134679 0.009764309764309764 0.009848484848484848 0.009932659932659932 0.01001683501683502 0.0101010101010101 0.01018518518518519 0.01026936026936027 0.01035353535353535 0.01043771043771044 0.01052188552188552 0.01060606060606061 0.01069023569023569 0.01077441077441077 0.01085858585858586 0.01094276094276094 0.01102693602693603 0.01111111111111111 0.0111952861952862 0.01127946127946128 0.01136363636363636 0.01144781144781145 0.01153198653198653 0.01161616161616162 0.0117003367003367 0.01178451178451178 0.01186868686868687 0.01195286195286195 0.01203703703703704 0.01212121212121212 0.01220538720538721 0.01228956228956229 0.01237373737373737 0.01245791245791246 0.01254208754208754 0.01262626262626263 0.01271043771043771 0.01279461279461279 0.01287878787878788 0.01296296296296296 0.01304713804713805 0.01313131313131313 0.01321548821548822 0.0132996632996633 0.01338383838383838 0.01346801346801347 0.01355218855218855 0.01363636363636364 0.01372053872053872 0.0138047138047138 0.01388888888888889 0.01397306397306397 0.01405723905723906 0.01414141414141414 0.01422558922558922 0.01430976430976431 0.01439393939393939 0.01447811447811448 0.01456228956228956 0.01464646464646465 0.01473063973063973 0.01481481481481482 0.0148989898989899 0.01498316498316498 0.01506734006734007 0.01515151515151515 0.01523569023569024 0.01531986531986532 0.0154040404040404 0.01548821548821549 0.01557239057239057 0.01565656565656566 0.01574074074074074 0.01582491582491583 0.01590909090909091 0.01599326599326599 0.01607744107744108 0.01616161616161616 0.01624579124579124 0.01632996632996633 0.01641414141414142 0.0164983164983165 0.01658249158249158 0.01666666666666667


# name: y
# type: matrix
# rows: 100
# columns: 1
 720642.1311440126
 710799.7193741386
 702063.1914833052
 694330.826147973
 687508.086923877
 681507.2756444582
 676247.1943892126
 671652.8160216438
 667654.9632971167
 664189.9965405517
 661199.5098937525
 658630.0361326556
 656432.760054294
 654563.2404335723
 652981.140549807
 651649.967283082
 650536.8187803694
 649612.1406914445
 648849.490974582
 648225.3132720374
 647718.7188553226
 647311.2771402589
 646986.8147718227
 646731.223278768
 646532.2752980471
 646379.4493690053
 646263.7632973706
 646177.6160890241
 646114.6384535581
 646069.551877621
 646038.0362680464
 646016.6061647695
 646002.4955235288
 645993.5510683542
 645988.1342138405
 645985.0315572076
 645983.3739401462
 645982.5640804492
 645982.2127734298
 645982.0836631252
 645982.0465832858
 645982.0394681514
 645982.0388330125
 645982.0388245576
 645982.038841007
 645982.0397220327
 645982.0485084628
 645982.091771774
 645982.237513368
 645982.6256336359
 645983.5069708065
 645985.2909095823
 645988.6015595605
 645994.34250344
 646003.7701150151
 646018.575446954
 646040.9746883647
 646073.8081921451
 646120.648072121
 646185.9143699688
 646274.9997919239
 646394.4030152768
 646551.8705646526
 646756.5472580794
 647019.1352228401
 647352.061481111
 647769.6541053891
 648288.3269436965
 648926.772914588
 649706.1658719199
 650650.3710394325
 651786.1640150945
 653143.4583452489
 654755.5416685333
 656659.3204296107
 658895.5731626315
 661509.2123445661
 664549.5548182297
 668070.6007851684
 672131.3213682949
 676795.954744326
 682134.3108459215
 688222.0846338454
 695141.1779385842
 702980.0298720163
 711833.9558087172
 721805.4949371689
 733004.7663806579
 745549.8338879321
 759567.0790937666
 775191.5833492565
 792567.5181218436
 811848.5439653632
 833198.2180592589
 856790.410318497
 882809.728072571
 911451.9493144969
 942924.4645192388
 977446.7270334116
 1015250.712032376


# name: QUERY
# type: sq_string
# elements: 1
# length: 2
R3


# name: DATASIZE
# type: sq_string
# elements: 1
# length: 3
750


