# Created by Octave 3.8.2, Wed May 18 17:59:03 2016 CEST <Andrea@Andreas-MacBook-Pro.local>
# name: x
# type: matrix
# rows: 1
# columns: 100
 0.008333333333333333 0.008417508417508417 0.008501683501683501 0.008585858585858586 0.00867003367003367 0.008754208754208754 0.008838383838383838 0.008922558922558922 0.009006734006734006 0.00909090909090909 0.009175084175084175 0.009259259259259259 0.009343434343434343 0.009427609427609427 0.009511784511784511 0.009595959595959595 0.009680134680134679 0.009764309764309764 0.009848484848484848 0.009932659932659932 0.01001683501683502 0.0101010101010101 0.01018518518518518 0.01026936026936027 0.01035353535353535 0.01043771043771044 0.01052188552188552 0.0106060606060606 0.01069023569023569 0.01077441077441077 0.01085858585858586 0.01094276094276094 0.01102693602693603 0.01111111111111111 0.0111952861952862 0.01127946127946128 0.01136363636363636 0.01144781144781145 0.01153198653198653 0.01161616161616161 0.0117003367003367 0.01178451178451178 0.01186868686868687 0.01195286195286195 0.01203703703703704 0.01212121212121212 0.01220538720538721 0.01228956228956229 0.01237373737373737 0.01245791245791246 0.01254208754208754 0.01262626262626263 0.01271043771043771 0.01279461279461279 0.01287878787878788 0.01296296296296296 0.01304713804713805 0.01313131313131313 0.01321548821548822 0.0132996632996633 0.01338383838383838 0.01346801346801347 0.01355218855218855 0.01363636363636364 0.01372053872053872 0.0138047138047138 0.01388888888888889 0.01397306397306397 0.01405723905723906 0.01414141414141414 0.01422558922558922 0.01430976430976431 0.01439393939393939 0.01447811447811448 0.01456228956228956 0.01464646464646465 0.01473063973063973 0.01481481481481482 0.0148989898989899 0.01498316498316498 0.01506734006734007 0.01515151515151515 0.01523569023569023 0.01531986531986532 0.0154040404040404 0.01548821548821549 0.01557239057239057 0.01565656565656566 0.01574074074074074 0.01582491582491583 0.01590909090909091 0.01599326599326599 0.01607744107744108 0.01616161616161616 0.01624579124579124 0.01632996632996633 0.01641414141414141 0.0164983164983165 0.01658249158249158 0.01666666666666667


# name: y
# type: matrix
# rows: 100
# columns: 1
 620485.4055312737
 627742.8993292325
 634656.3122021032
 641234.0003518655
 647484.3199805
 653415.6272899859
 659036.2784823034
 664354.6297594323
 669379.0373233525
 674117.8573760442
 678579.4461194869
 682772.1597556608
 686704.3544865458
 690384.3865141218
 693820.6120403686
 697021.3872672662
 699995.0683967945
 702750.0116309335
 705294.5731716631
 707637.1092209631
 709785.9759808135
 711749.5296531941
 713536.126440085
 715154.122543466
 716611.8741653172
 717917.7375076183
 719080.0687723493
 720107.22416149
 721007.5598770205
 721789.4321209206
 722461.1970951704
 723031.2110017495
 723507.8300426381
 723899.4104198159
 724214.308335263
 724460.8799909593
 724647.4815888846
 724782.4693310189
 724874.199419342
 724931.028055834
 724961.3114424747
 724973.4057812442
 724975.667274122
 724976.4521230884
 724984.1165301233
 725007.0166972064
 725053.5088263177
 725131.9491194373
 725250.6937785448
 725418.0990056203
 725642.5210026439
 725932.3159715951
 726295.840114454
 726741.4496332008
 727277.500729815
 727912.3496062767
 728654.3524645658
 729511.8655066623
 730493.2449345459
 731606.8469501968
 732861.0277555947
 734264.1435527196
 735824.5505435513
 737550.6049300701
 739450.6629142554
 741533.0806980875
 743806.2144835461
 746278.4204726111
 748958.0548672626
 751853.4738694804
 754973.0336812446
 758325.0905045348
 761918.0005413311
 765760.1199936135
 769859.8050633617
 774225.4119525556
 778865.2968631756
 783787.8159972011
 789001.3255566121
 794514.1817433885
 800334.7407595105
 806471.3588069578
 812932.3920877102
 819726.1968037479
 826861.129157051
 834345.5453495986
 842187.8015833715
 850396.2540603488
 858979.2589825115
 867945.172551838
 877302.3509703099
 887059.1504399059
 897223.9271626067
 907805.037340391
 918810.8371752396
 930249.6828691338
 942129.9306240506
 954459.9366419718
 967248.0571248776
 980502.6482747466


# name: QUERY
# type: sq_string
# elements: 1
# length: 2
R3


# name: DATASIZE
# type: sq_string
# elements: 1
# length: 3
750


