# Created by Octave 3.8.2, Wed May 18 17:59:03 2016 CEST <Andrea@Andreas-MacBook-Pro.local>
# name: x
# type: matrix
# rows: 1
# columns: 100
 0.008333333333333333 0.008417508417508417 0.008501683501683501 0.008585858585858586 0.00867003367003367 0.008754208754208754 0.008838383838383838 0.008922558922558922 0.009006734006734006 0.00909090909090909 0.009175084175084175 0.009259259259259259 0.009343434343434343 0.009427609427609427 0.009511784511784511 0.009595959595959595 0.009680134680134679 0.009764309764309764 0.009848484848484848 0.009932659932659932 0.01001683501683502 0.0101010101010101 0.01018518518518518 0.01026936026936027 0.01035353535353535 0.01043771043771044 0.01052188552188552 0.0106060606060606 0.01069023569023569 0.01077441077441077 0.01085858585858586 0.01094276094276094 0.01102693602693603 0.01111111111111111 0.0111952861952862 0.01127946127946128 0.01136363636363636 0.01144781144781145 0.01153198653198653 0.01161616161616161 0.0117003367003367 0.01178451178451178 0.01186868686868687 0.01195286195286195 0.01203703703703704 0.01212121212121212 0.01220538720538721 0.01228956228956229 0.01237373737373737 0.01245791245791246 0.01254208754208754 0.01262626262626263 0.01271043771043771 0.01279461279461279 0.01287878787878788 0.01296296296296296 0.01304713804713805 0.01313131313131313 0.01321548821548822 0.0132996632996633 0.01338383838383838 0.01346801346801347 0.01355218855218855 0.01363636363636364 0.01372053872053872 0.0138047138047138 0.01388888888888889 0.01397306397306397 0.01405723905723906 0.01414141414141414 0.01422558922558922 0.01430976430976431 0.01439393939393939 0.01447811447811448 0.01456228956228956 0.01464646464646465 0.01473063973063973 0.01481481481481482 0.0148989898989899 0.01498316498316498 0.01506734006734007 0.01515151515151515 0.01523569023569023 0.01531986531986532 0.0154040404040404 0.01548821548821549 0.01557239057239057 0.01565656565656566 0.01574074074074074 0.01582491582491583 0.01590909090909091 0.01599326599326599 0.01607744107744108 0.01616161616161616 0.01624579124579124 0.01632996632996633 0.01641414141414141 0.0164983164983165 0.01658249158249158 0.01666666666666667


# name: y
# type: matrix
# rows: 100
# columns: 1
 761639.8947387079
 754813.8234999753
 748467.3699979625
 742577.523785944
 737121.8401081007
 732078.4398995466
 727426.0097862987
 723143.8020853043
 719211.6348044222
 715609.8916424272
 712319.5219890177
 709322.0409248041
 706599.5292213183
 704134.6333410086
 701910.5654372408
 699911.1033542998
 698120.5906273866
 696523.9364826211
 695106.6158370406
 693854.6692986001
 692754.7031661728
 691793.8894295492
 690959.9657694378
 690241.2355574646
 689626.5678561738
 689105.3974190269
 688667.7246904038
 688304.1158056015
 688005.7025908352
 687764.1825632376
 687571.8189308596
 687421.4405926693
 687306.442138553
 687220.7838493147
 687158.991696676
 687116.1573432765
 687087.9381426733
 687070.5571393417
 687060.8030686742
 687056.0303569816
 687054.1591214921
 687053.6751703519
 687053.6300026248
 687053.6408082927
 687053.8904682549
 687055.1275543285
 687058.6663292488
 687066.3867466683
 687080.7344511575
 687104.720778205
 687141.9227542166
 687196.4830965162
 687273.1102133456
 687377.0782038642
 687514.2268581489
 687690.9616571949
 687914.2537729149
 688191.6400681392
 688531.2230966162
 688941.6711030119
 689432.2180229104
 690012.6634828129
 690693.3728001388
 691485.2769832257
 692399.872731328
 693449.2224346183
 694645.9541741877
 696003.2617220434
 697534.9045411127
 699255.207785238
 701179.0622991819
 703321.9246186231
 705699.8169701599
 708329.3272713049
 711227.6091304932
 714412.3818470726
 717901.9304113144
 721715.1055044024
 725871.3234984389
 730390.5664564508
 735293.382132371
 740600.8839710616
 746334.7511082937
 752517.2283707617
 759171.1262760789
 766319.8210327651
 773987.2545402735
 782197.9343889651
 790976.9338601254
 800349.8919259466
 810343.0132495501
 820983.0681849704
 832297.3927771616
 844313.8887619845
 857061.0235662367
 870567.8303076327
 884863.9077947766
 899979.4205272155
 915945.0986954205
 932792.2381807663


# name: QUERY
# type: sq_string
# elements: 1
# length: 2
R3


# name: DATASIZE
# type: sq_string
# elements: 1
# length: 3
750


