# Created by Octave 4.0.0, Mon May 23 13:37:17 2016 CEST <peter@Independence>
# name: x
# type: matrix
# rows: 1
# columns: 100
 0.008333333333333333 0.008417508417508417 0.008501683501683501 0.008585858585858586 0.00867003367003367 0.008754208754208754 0.008838383838383838 0.008922558922558922 0.009006734006734006 0.00909090909090909 0.009175084175084175 0.009259259259259259 0.009343434343434343 0.009427609427609427 0.009511784511784511 0.009595959595959595 0.009680134680134679 0.009764309764309764 0.009848484848484848 0.009932659932659932 0.01001683501683502 0.0101010101010101 0.01018518518518519 0.01026936026936027 0.01035353535353535 0.01043771043771044 0.01052188552188552 0.01060606060606061 0.01069023569023569 0.01077441077441077 0.01085858585858586 0.01094276094276094 0.01102693602693603 0.01111111111111111 0.0111952861952862 0.01127946127946128 0.01136363636363636 0.01144781144781145 0.01153198653198653 0.01161616161616162 0.0117003367003367 0.01178451178451178 0.01186868686868687 0.01195286195286195 0.01203703703703704 0.01212121212121212 0.01220538720538721 0.01228956228956229 0.01237373737373737 0.01245791245791246 0.01254208754208754 0.01262626262626263 0.01271043771043771 0.01279461279461279 0.01287878787878788 0.01296296296296296 0.01304713804713805 0.01313131313131313 0.01321548821548822 0.0132996632996633 0.01338383838383838 0.01346801346801347 0.01355218855218855 0.01363636363636364 0.01372053872053872 0.0138047138047138 0.01388888888888889 0.01397306397306397 0.01405723905723906 0.01414141414141414 0.01422558922558922 0.01430976430976431 0.01439393939393939 0.01447811447811448 0.01456228956228956 0.01464646464646465 0.01473063973063973 0.01481481481481482 0.0148989898989899 0.01498316498316498 0.01506734006734007 0.01515151515151515 0.01523569023569024 0.01531986531986532 0.0154040404040404 0.01548821548821549 0.01557239057239057 0.01565656565656566 0.01574074074074074 0.01582491582491583 0.01590909090909091 0.01599326599326599 0.01607744107744108 0.01616161616161616 0.01624579124579124 0.01632996632996633 0.01641414141414142 0.0164983164983165 0.01658249158249158 0.01666666666666667


# name: y
# type: matrix
# rows: 100
# columns: 1
 792053.7856548064
 785555.9954600178
 779211.2940214516
 773019.6813391078
 766981.1574129837
 761095.7222430799
 755363.375829396
 749784.1181719353
 744357.9492706939
 739084.8691256749
 733964.8777368756
 728997.9751042974
 724184.1612279405
 719523.4361078036
 715015.7997438894
 710661.2521361948
 706459.7932847207
 702411.4231894679
 698516.1418504363
 694773.9492676256
 691184.8454410359
 687748.8303706662
 684465.9040565187
 681336.0664985912
 678359.3176968852
 675535.6576513996
 672865.0863621355
 670347.6038290919
 667983.2100522693
 665771.9050316676
 663713.6887672866
 661808.5612591268
 660056.5225071877
 658457.5725114696
 657011.7112719725
 655718.9387886962
 654579.2550616409
 653592.6600908063
 652759.1538761928
 652078.7364178002
 651551.4077156284
 651177.1677696776
 650956.0165799477
 650887.9541464386
 650972.9804691505
 651211.0955480833
 651602.299383237
 652146.5919746116
 652843.9733222071
 653694.4434260236
 654698.0022860609
 655854.6499023192
 657164.3862747983
 658627.2114034984
 660243.1252884194
 662012.1279295612
 663934.2193269241
 666009.3994805078
 668237.6683903123
 670619.0260563379
 673153.4724785843
 675841.0076570516
 678681.6315917398
 681675.3442826488
 684822.1457297789
 688122.0359331297
 691575.0148927023
 695181.0826084947
 698940.2390805085
 702852.4843087425
 706917.8182931987
 711136.2410338749
 715507.7525307726
 720032.3527838901
 724710.0417932302
 729540.8195587898
 734524.6860805713
 739661.641358573
 744951.6853927952
 750394.818183238
 755991.0397299043
 761740.3500327882
 767642.7490918947
 773698.2369072223
 779906.8134787714
 786268.4788065396
 792783.2328905289
 799451.0757307408
 806272.0073271735
 813246.0276798254
 820373.1367887004
 827653.3346537926
 835086.6212751098
 842672.9966526459
 850412.4607864008
 858305.0136763804
 866350.6553225822
 874549.3857249994
 882901.2048836405
 891406.1127985035


# name: QUERY
# type: sq_string
# elements: 1
# length: 2
R3


# name: DATASIZE
# type: sq_string
# elements: 1
# length: 3
750


