# Created by Octave 3.8.2, Wed May 18 17:59:03 2016 CEST <Andrea@Andreas-MacBook-Pro.local>
# name: x
# type: matrix
# rows: 1
# columns: 100
 0.008333333333333333 0.008417508417508417 0.008501683501683501 0.008585858585858586 0.00867003367003367 0.008754208754208754 0.008838383838383838 0.008922558922558922 0.009006734006734006 0.00909090909090909 0.009175084175084175 0.009259259259259259 0.009343434343434343 0.009427609427609427 0.009511784511784511 0.009595959595959595 0.009680134680134679 0.009764309764309764 0.009848484848484848 0.009932659932659932 0.01001683501683502 0.0101010101010101 0.01018518518518518 0.01026936026936027 0.01035353535353535 0.01043771043771044 0.01052188552188552 0.0106060606060606 0.01069023569023569 0.01077441077441077 0.01085858585858586 0.01094276094276094 0.01102693602693603 0.01111111111111111 0.0111952861952862 0.01127946127946128 0.01136363636363636 0.01144781144781145 0.01153198653198653 0.01161616161616161 0.0117003367003367 0.01178451178451178 0.01186868686868687 0.01195286195286195 0.01203703703703704 0.01212121212121212 0.01220538720538721 0.01228956228956229 0.01237373737373737 0.01245791245791246 0.01254208754208754 0.01262626262626263 0.01271043771043771 0.01279461279461279 0.01287878787878788 0.01296296296296296 0.01304713804713805 0.01313131313131313 0.01321548821548822 0.0132996632996633 0.01338383838383838 0.01346801346801347 0.01355218855218855 0.01363636363636364 0.01372053872053872 0.0138047138047138 0.01388888888888889 0.01397306397306397 0.01405723905723906 0.01414141414141414 0.01422558922558922 0.01430976430976431 0.01439393939393939 0.01447811447811448 0.01456228956228956 0.01464646464646465 0.01473063973063973 0.01481481481481482 0.0148989898989899 0.01498316498316498 0.01506734006734007 0.01515151515151515 0.01523569023569023 0.01531986531986532 0.0154040404040404 0.01548821548821549 0.01557239057239057 0.01565656565656566 0.01574074074074074 0.01582491582491583 0.01590909090909091 0.01599326599326599 0.01607744107744108 0.01616161616161616 0.01624579124579124 0.01632996632996633 0.01641414141414141 0.0164983164983165 0.01658249158249158 0.01666666666666667


# name: y
# type: matrix
# rows: 100
# columns: 1
 709662.5901036868
 701422.1309933001
 694123.7969986588
 687679.3735807273
 682006.9916959711
 677030.815912719
 672680.7403878877
 668892.0927046152
 665605.3455702702
 662765.836375247
 660323.4946123615
 658232.5771567902
 656451.4114067378
 654942.146284662
 653670.5110991454
 652605.5822674006
 651719.5578983786
 650987.540236523
 650387.325966137
 649899.2043763811
 649505.7633868908
 649191.7034340213
 648943.6592177215
 648750.0293090248
 648600.8136181727
 648487.4587233561
 648402.7110600884
 648340.4779711975
 648295.6966174471
 648264.2107487805
 648242.6553361901
 648228.3490642121
 648219.1946840448
 648213.5872272941
 648210.3300803417
 648208.558919339
 648207.6735058266
 648207.2773429776
 648207.1251924668
 648207.0784519637
 648207.0683932519
 648207.0672609714
 648207.0672319885
 648207.0672353879
 648207.0676330911
 648207.0727611
 648207.1013313645
 648207.2046942757
 648207.4929617837
 648208.1689911401
 648209.5702292662
 648212.2184177451
 648216.8771584395
 648224.6173397343
 648236.8904234035
 648255.6095921025
 648283.2387574858
 648322.8894289485
 648378.4254429936
 648454.5755532236
 648557.053880958
 648692.6882264743
 648869.5562408743
 649097.1294585781
 649386.4251904368
 649750.166277476
 650202.9487052644
 650761.4170788978
 651444.4479586259
 652273.3410560824
 653272.0182911592
 654467.230709492
 655888.7732605824
 657569.7074365225
 659546.5917713908
 661859.7202012024
 664553.3682845742
 667676.0472839142
 671280.7661072953
 675425.3011110275
 680172.4737626135
 685590.4361646587
 691752.9644391054
 698739.7599723068
 706636.7585206209
 715536.4471765707
 725538.189195852
 736748.5566847111
 749281.6711481479
 763259.5518985173
 778812.4723250346
 796079.3240237138
 815207.9887879968
 836355.7184597896
 859689.5226418574
 885386.5642697857
 913634.563045094
 944632.2067292714
 978589.5702984077
 1015728.542957329


# name: QUERY
# type: sq_string
# elements: 1
# length: 2
R3


# name: DATASIZE
# type: sq_string
# elements: 1
# length: 3
750


