# Created by Octave 4.0.0, Mon May 23 13:37:17 2016 CEST <peter@Independence>
# name: x
# type: matrix
# rows: 1
# columns: 100
 0.008333333333333333 0.008417508417508417 0.008501683501683501 0.008585858585858586 0.00867003367003367 0.008754208754208754 0.008838383838383838 0.008922558922558922 0.009006734006734006 0.00909090909090909 0.009175084175084175 0.009259259259259259 0.009343434343434343 0.009427609427609427 0.009511784511784511 0.009595959595959595 0.009680134680134679 0.009764309764309764 0.009848484848484848 0.009932659932659932 0.01001683501683502 0.0101010101010101 0.01018518518518519 0.01026936026936027 0.01035353535353535 0.01043771043771044 0.01052188552188552 0.01060606060606061 0.01069023569023569 0.01077441077441077 0.01085858585858586 0.01094276094276094 0.01102693602693603 0.01111111111111111 0.0111952861952862 0.01127946127946128 0.01136363636363636 0.01144781144781145 0.01153198653198653 0.01161616161616162 0.0117003367003367 0.01178451178451178 0.01186868686868687 0.01195286195286195 0.01203703703703704 0.01212121212121212 0.01220538720538721 0.01228956228956229 0.01237373737373737 0.01245791245791246 0.01254208754208754 0.01262626262626263 0.01271043771043771 0.01279461279461279 0.01287878787878788 0.01296296296296296 0.01304713804713805 0.01313131313131313 0.01321548821548822 0.0132996632996633 0.01338383838383838 0.01346801346801347 0.01355218855218855 0.01363636363636364 0.01372053872053872 0.0138047138047138 0.01388888888888889 0.01397306397306397 0.01405723905723906 0.01414141414141414 0.01422558922558922 0.01430976430976431 0.01439393939393939 0.01447811447811448 0.01456228956228956 0.01464646464646465 0.01473063973063973 0.01481481481481482 0.0148989898989899 0.01498316498316498 0.01506734006734007 0.01515151515151515 0.01523569023569024 0.01531986531986532 0.0154040404040404 0.01548821548821549 0.01557239057239057 0.01565656565656566 0.01574074074074074 0.01582491582491583 0.01590909090909091 0.01599326599326599 0.01607744107744108 0.01616161616161616 0.01624579124579124 0.01632996632996633 0.01641414141414142 0.0164983164983165 0.01658249158249158 0.01666666666666667


# name: y
# type: matrix
# rows: 100
# columns: 1
 766855.289477363
 755161.9732218835
 744275.7519725856
 734158.6042151748
 724773.425841226
 716084.0301481843
 708055.147839367
 700652.4270239607
 693842.433217013
 687592.6493394471
 681871.4757180468
 676648.2300854707
 671893.1475802452
 667577.3807467617
 663672.9995352826
 660152.9913019362
 656991.26080872
 654162.6302235014
 651642.8391200147
 649408.5444778629
 647437.3206825171
 645707.659525315
 644198.9702034664
 642891.5793200457
 641766.7308839981
 640806.5863101349
 639994.2244191382
 639313.6414375561
 638749.7509978062
 638288.3841381744
 637916.2893028141
 637621.1323417478
 637391.4965108659
 637216.8824719272
 637087.7082925587
 636995.3094462558
 636931.9388123821
 636890.7666761695
 636865.8807287181
 636852.2860669966
 636845.9051938416
 636843.5780179581
 636843.0618539196
 636843.0314221676
 636843.0788490121
 636843.7136666313
 636846.3628130716
 636853.3706322478
 636867.9988739429
 636894.4266938084
 636937.7506533638
 637003.984719997
 637100.0602669644
 637233.8260733902
 637414.0483242674
 637650.4106104568
 637953.513928688
 638334.8766815586
 638806.9346775344
 639383.0411309496
 640077.4666620068
 640905.3992967769
 641882.9444671985
 643027.1250110792
 644355.8811720951
 645888.070599789
 647643.4683495748
 649642.766882731
 651907.5760664078
 654460.4231736213
 657324.7528832585
 660524.9272800712
 664086.2258546823
 668034.8455035803
 672397.9005291285
 677203.4226395473
 682480.3609489361
 688258.5819772549
 694568.8696503395
 701442.925299886
 708913.367663468
 717013.7328845123
 725778.474512334
 735242.9635020999
 745443.4882148613
 756417.2544175099
 768202.3852828346
 780837.921389484
 794363.8207219709
 808820.9586706675
 824251.1280318414
 840697.0390075984
 858202.319205944
 876811.5136407062
 896570.0847316302
 917524.4123043186
 939721.7935902044
 963210.4432266224
 988039.4932567996
 1014258.993129762


# name: QUERY
# type: sq_string
# elements: 1
# length: 2
R3


# name: DATASIZE
# type: sq_string
# elements: 1
# length: 3
750


