# Created by Octave 3.8.2, Wed May 18 17:59:03 2016 CEST <Andrea@Andreas-MacBook-Pro.local>
# name: x
# type: matrix
# rows: 1
# columns: 100
 0.008333333333333333 0.008417508417508417 0.008501683501683501 0.008585858585858586 0.00867003367003367 0.008754208754208754 0.008838383838383838 0.008922558922558922 0.009006734006734006 0.00909090909090909 0.009175084175084175 0.009259259259259259 0.009343434343434343 0.009427609427609427 0.009511784511784511 0.009595959595959595 0.009680134680134679 0.009764309764309764 0.009848484848484848 0.009932659932659932 0.01001683501683502 0.0101010101010101 0.01018518518518518 0.01026936026936027 0.01035353535353535 0.01043771043771044 0.01052188552188552 0.0106060606060606 0.01069023569023569 0.01077441077441077 0.01085858585858586 0.01094276094276094 0.01102693602693603 0.01111111111111111 0.0111952861952862 0.01127946127946128 0.01136363636363636 0.01144781144781145 0.01153198653198653 0.01161616161616161 0.0117003367003367 0.01178451178451178 0.01186868686868687 0.01195286195286195 0.01203703703703704 0.01212121212121212 0.01220538720538721 0.01228956228956229 0.01237373737373737 0.01245791245791246 0.01254208754208754 0.01262626262626263 0.01271043771043771 0.01279461279461279 0.01287878787878788 0.01296296296296296 0.01304713804713805 0.01313131313131313 0.01321548821548822 0.0132996632996633 0.01338383838383838 0.01346801346801347 0.01355218855218855 0.01363636363636364 0.01372053872053872 0.0138047138047138 0.01388888888888889 0.01397306397306397 0.01405723905723906 0.01414141414141414 0.01422558922558922 0.01430976430976431 0.01439393939393939 0.01447811447811448 0.01456228956228956 0.01464646464646465 0.01473063973063973 0.01481481481481482 0.0148989898989899 0.01498316498316498 0.01506734006734007 0.01515151515151515 0.01523569023569023 0.01531986531986532 0.0154040404040404 0.01548821548821549 0.01557239057239057 0.01565656565656566 0.01574074074074074 0.01582491582491583 0.01590909090909091 0.01599326599326599 0.01607744107744108 0.01616161616161616 0.01624579124579124 0.01632996632996633 0.01641414141414141 0.0164983164983165 0.01658249158249158 0.01666666666666667


# name: y
# type: matrix
# rows: 100
# columns: 1
 782592.0292577347
 776431.4863519245
 770418.7608376883
 764553.8527150262
 758836.7619839374
 753267.4886444225
 747846.0326964813
 742572.3941401142
 737446.5729753207
 732468.5692021011
 727638.3828204552
 722956.0138303832
 718421.4622318851
 714034.7280249606
 709795.81120961
 705704.7117858332
 701761.4297536303
 697965.9651130009
 694318.3178639455
 690818.4880064639
 687466.475540556
 684262.280466222
 681205.9027834618
 678297.3424922754
 675536.5995926628
 672923.6740846239
 670458.565968159
 668141.2752432678
 665971.8019099503
 663950.1459682067
 662076.307418037
 660350.2862594409
 658772.0824924187
 657341.6961169704
 656059.1271330958
 654924.3755407949
 653937.441340068
 653098.3245309148
 652407.0251133353
 651863.5430873298
 651467.878452898
 651220.0312100401
 651120.0013587559
 651167.7888990454
 651363.3938309089
 651706.8161543461
 652198.0558693572
 652837.112975942
 653623.9874741007
 654558.679363833
 655641.1886451393
 656871.5153180193
 658249.6593824732
 659775.6208385008
 661449.3996861023
 663270.9959252775
 665240.4095560266
 667357.6405783494
 669622.6889922461
 672035.5547977164
 674596.2379947607
 677304.7385833788
 680161.0565635706
 683165.1919353363
 686317.1446986757
 689616.914853589
 693064.5024000762
 696659.9073381369
 700403.1296677716
 704294.16938898
 708333.0265017624
 712519.7010061183
 716854.1929020484
 721336.5021895518
 725966.6288686296
 730744.5729392807
 735670.3344015059
 740743.9132553048
 745965.3095006772
 751334.523137624
 756851.5541661442
 762516.4025862382
 768329.068397906
 774289.5516011475
 780397.8521959636
 786653.9701823526
 793057.9055603156
 799609.6583298526
 806309.2284909637
 813156.6160436478
 820151.8209879063
 827294.8433237381
 834585.6830511448
 842024.3401701236
 849610.8146806767
 857345.1065828049
 865227.2158765059
 873257.1425617804
 881434.8866386298
 889760.4481070527


# name: QUERY
# type: sq_string
# elements: 1
# length: 2
R3


# name: DATASIZE
# type: sq_string
# elements: 1
# length: 3
750


