# Created by Octave 4.0.0, Mon May 23 13:37:17 2016 CEST <peter@Independence>
# name: x
# type: matrix
# rows: 1
# columns: 100
 0.008333333333333333 0.008417508417508417 0.008501683501683501 0.008585858585858586 0.00867003367003367 0.008754208754208754 0.008838383838383838 0.008922558922558922 0.009006734006734006 0.00909090909090909 0.009175084175084175 0.009259259259259259 0.009343434343434343 0.009427609427609427 0.009511784511784511 0.009595959595959595 0.009680134680134679 0.009764309764309764 0.009848484848484848 0.009932659932659932 0.01001683501683502 0.0101010101010101 0.01018518518518519 0.01026936026936027 0.01035353535353535 0.01043771043771044 0.01052188552188552 0.01060606060606061 0.01069023569023569 0.01077441077441077 0.01085858585858586 0.01094276094276094 0.01102693602693603 0.01111111111111111 0.0111952861952862 0.01127946127946128 0.01136363636363636 0.01144781144781145 0.01153198653198653 0.01161616161616162 0.0117003367003367 0.01178451178451178 0.01186868686868687 0.01195286195286195 0.01203703703703704 0.01212121212121212 0.01220538720538721 0.01228956228956229 0.01237373737373737 0.01245791245791246 0.01254208754208754 0.01262626262626263 0.01271043771043771 0.01279461279461279 0.01287878787878788 0.01296296296296296 0.01304713804713805 0.01313131313131313 0.01321548821548822 0.0132996632996633 0.01338383838383838 0.01346801346801347 0.01355218855218855 0.01363636363636364 0.01372053872053872 0.0138047138047138 0.01388888888888889 0.01397306397306397 0.01405723905723906 0.01414141414141414 0.01422558922558922 0.01430976430976431 0.01439393939393939 0.01447811447811448 0.01456228956228956 0.01464646464646465 0.01473063973063973 0.01481481481481482 0.0148989898989899 0.01498316498316498 0.01506734006734007 0.01515151515151515 0.01523569023569024 0.01531986531986532 0.0154040404040404 0.01548821548821549 0.01557239057239057 0.01565656565656566 0.01574074074074074 0.01582491582491583 0.01590909090909091 0.01599326599326599 0.01607744107744108 0.01616161616161616 0.01624579124579124 0.01632996632996633 0.01641414141414142 0.0164983164983165 0.01658249158249158 0.01666666666666667


# name: y
# type: matrix
# rows: 100
# columns: 1
 613877.5247846895
 621658.2358722619
 629076.653563431
 636141.4152857403
 642861.1584667256
 649244.5205339254
 655300.1389148788
 661036.6510371189
 666462.6943281859
 671586.9062156158
 676417.9241269486
 680964.3854897195
 685234.9277314662
 689238.188279727
 692982.8045620376
 696477.4140059373
 699730.6540389637
 702751.1620886525
 705547.575582542
 708128.5319481707
 710502.6686130738
 712678.6230047913
 714665.0325508581
 716470.5346788138
 718103.7668161946
 719573.3663905384
 720887.9708293824
 722056.2175602644
 723086.7440107217
 723988.1876082914
 724769.1857805115
 725438.375954919
 726004.3955590517
 726475.8820204467
 726861.4727666418
 727169.8052251741
 727409.5168235812
 727589.2449894006
 727717.6271501698
 727803.300733426
 727854.9031667069
 727881.0718775498
 727890.4442934921
 727891.6578420714
 727893.3499508251
 727904.1580472905
 727932.7195590052
 727987.6719135067
 728077.6525383324
 728211.2988610195
 728397.2483091059
 728644.1383101286
 728960.6062916253
 729355.2896811333
 729836.8259061902
 730413.8523943333
 731095.0065731002
 731888.9258700283
 732804.247712655
 733849.6095285178
 735033.648745154
 736365.0027901011
 737852.3090908967
 739504.2050750781
 741329.3281701829
 743336.3158037481
 745533.805403312
 747930.4343964111
 750534.8402105838
 753355.6602733659
 756401.5320122966
 759681.0928549136
 763202.9802287521
 766975.8315613513
 771008.284280249
 775308.9758129807
 779886.5435870865
 784749.625030101
 789906.8575695623
 795366.8786330094
 801138.3256479817
 807229.8360420098
 813650.0472426359
 820407.5966773982
 827511.1217738326
 834969.2599594762
 842790.648661867
 850983.9253085423
 859557.7273270398
 868520.692144896
 877881.4571896514
 887648.6598888359
 897830.9376699973
 908436.9279606668
 919475.268188379
 930954.595780681
 942883.5481651037
 955270.7627691806
 968124.8770204582
 981454.5283464715


# name: QUERY
# type: sq_string
# elements: 1
# length: 2
R3


# name: DATASIZE
# type: sq_string
# elements: 1
# length: 3
750


