# Created by Octave 4.0.0, Mon May 23 13:35:48 2016 CEST <peter@Independence>
# name: x
# type: matrix
# rows: 1
# columns: 100
 0.008333333333333333 0.008417508417508417 0.008501683501683501 0.008585858585858586 0.00867003367003367 0.008754208754208754 0.008838383838383838 0.008922558922558922 0.009006734006734006 0.00909090909090909 0.009175084175084175 0.009259259259259259 0.009343434343434343 0.009427609427609427 0.009511784511784511 0.009595959595959595 0.009680134680134679 0.009764309764309764 0.009848484848484848 0.009932659932659932 0.01001683501683502 0.0101010101010101 0.01018518518518518 0.01026936026936027 0.01035353535353535 0.01043771043771044 0.01052188552188552 0.0106060606060606 0.01069023569023569 0.01077441077441077 0.01085858585858586 0.01094276094276094 0.01102693602693603 0.01111111111111111 0.01119528619528619 0.01127946127946128 0.01136363636363636 0.01144781144781145 0.01153198653198653 0.01161616161616162 0.0117003367003367 0.01178451178451178 0.01186868686868687 0.01195286195286195 0.01203703703703704 0.01212121212121212 0.01220538720538721 0.01228956228956229 0.01237373737373737 0.01245791245791246 0.01254208754208754 0.01262626262626263 0.01271043771043771 0.01279461279461279 0.01287878787878788 0.01296296296296296 0.01304713804713805 0.01313131313131313 0.01321548821548822 0.0132996632996633 0.01338383838383838 0.01346801346801347 0.01355218855218855 0.01363636363636364 0.01372053872053872 0.0138047138047138 0.01388888888888889 0.01397306397306397 0.01405723905723906 0.01414141414141414 0.01422558922558922 0.01430976430976431 0.01439393939393939 0.01447811447811448 0.01456228956228956 0.01464646464646465 0.01473063973063973 0.01481481481481481 0.0148989898989899 0.01498316498316498 0.01506734006734007 0.01515151515151515 0.01523569023569023 0.01531986531986532 0.0154040404040404 0.01548821548821549 0.01557239057239057 0.01565656565656566 0.01574074074074074 0.01582491582491583 0.01590909090909091 0.01599326599326599 0.01607744107744108 0.01616161616161616 0.01624579124579124 0.01632996632996633 0.01641414141414142 0.0164983164983165 0.01658249158249158 0.01666666666666667


# name: y
# type: matrix
# rows: 100
# columns: 1
 101585.1486078954
 102710.1682965294
 104013.4658061131
 105482.3618022675
 107102.6571075986
 108858.769000347
 110733.88702859
 112710.1465851653
 114768.8181947141
 116890.5102001374
 119055.3823064023
 121243.3672494783
 123434.3977109409
 125608.6354973493
 127746.6999499149
 129829.8925453236
 131840.4146930089
 133761.5758269122
 135577.989029078
 137275.7516057114
 138842.6082601286
 140268.0947671652
 141543.660345205
 142662.7672396518
 143620.9663695158
 144415.9482406697
 145047.5686888762
 145517.8493764948
 145830.9533225049
 145993.1360900018
 146012.6735828335
 145899.7677081788
 145666.4314397964
 145326.3550631991
 144894.7555956328
 144388.2115477127
 143824.4853279568
 143222.3356851219
 142601.3226358939
 141981.6073376198
 141383.7493386818
 140828.5035748377
 140336.6193810806
 139928.6436586141
 139624.7301792228
 139444.456828872
 139406.6523933721
 139529.2342761597
 139829.058316558
 140321.7816511511
 141021.7393358953
 141941.8352268184
 143093.4474068443
 144486.3482492172
 146128.6390275113
 148026.6988210531
 150185.1473249256
 152606.8210570681
 155292.7623622059
 158242.2205436254
 161452.6644086861
 164919.8054913575
 168637.6312133115
 172598.4472620002
 176792.9284970851
 181210.1777425301
 185837.7918773778
 190661.9347002247
 195667.416107199
 200837.7771873184
 206155.3808991384
 211601.5080454827
 217156.4583059876
 222799.6561178615
 228509.7612117535
 234264.7836106316
 240042.202884342
 245819.0914209183
 251572.2414282085
 257278.2953170906
 262913.8790420975
 268455.7378888635
 273880.8741030937
 279166.6856557867
 284291.1053375424
 289232.7392745052
 293971.0038634719
 298486.2600375265
 302759.9436997697
 306774.6911045351
 310514.4579258509
 313964.6307343254
 317112.1296080959
 319945.5006324004
 322454.9970965229
 324632.6482764497
 326472.3147960603
 327969.729687841
 329122.5244241555
 329930.2393595896


# name: QUERY
# type: sq_string
# elements: 1
# length: 2
R1


# name: DATASIZE
# type: sq_string
# elements: 1
# length: 3
500


