# Created by Octave 3.8.2, Wed May 18 17:56:43 2016 CEST <Andrea@Andreas-MacBook-Pro.local>
# name: x
# type: matrix
# rows: 1
# columns: 100
 0.008333333333333333 0.008417508417508417 0.008501683501683501 0.008585858585858586 0.00867003367003367 0.008754208754208754 0.008838383838383838 0.008922558922558922 0.009006734006734006 0.00909090909090909 0.009175084175084175 0.009259259259259259 0.009343434343434343 0.009427609427609427 0.009511784511784511 0.009595959595959595 0.009680134680134679 0.009764309764309764 0.009848484848484848 0.009932659932659932 0.01001683501683502 0.0101010101010101 0.01018518518518518 0.01026936026936027 0.01035353535353535 0.01043771043771044 0.01052188552188552 0.0106060606060606 0.01069023569023569 0.01077441077441077 0.01085858585858586 0.01094276094276094 0.01102693602693603 0.01111111111111111 0.01119528619528619 0.01127946127946128 0.01136363636363636 0.01144781144781145 0.01153198653198653 0.01161616161616161 0.0117003367003367 0.01178451178451178 0.01186868686868687 0.01195286195286195 0.01203703703703704 0.01212121212121212 0.01220538720538721 0.01228956228956229 0.01237373737373737 0.01245791245791246 0.01254208754208754 0.01262626262626263 0.01271043771043771 0.01279461279461279 0.01287878787878788 0.01296296296296296 0.01304713804713805 0.01313131313131313 0.01321548821548822 0.0132996632996633 0.01338383838383838 0.01346801346801347 0.01355218855218855 0.01363636363636364 0.01372053872053872 0.0138047138047138 0.01388888888888889 0.01397306397306397 0.01405723905723906 0.01414141414141414 0.01422558922558922 0.01430976430976431 0.01439393939393939 0.01447811447811448 0.01456228956228956 0.01464646464646465 0.01473063973063973 0.01481481481481481 0.0148989898989899 0.01498316498316498 0.01506734006734007 0.01515151515151515 0.01523569023569023 0.01531986531986532 0.0154040404040404 0.01548821548821549 0.01557239057239057 0.01565656565656566 0.01574074074074074 0.01582491582491583 0.01590909090909091 0.01599326599326599 0.01607744107744108 0.01616161616161616 0.01624579124579124 0.01632996632996633 0.01641414141414141 0.0164983164983165 0.01658249158249158 0.01666666666666667


# name: y
# type: matrix
# rows: 100
# columns: 1
 86874.57711931699
 87639.44285587812
 88618.86199499124
 89801.0814132739
 91172.57107360259
 92718.15913216581
 94421.18976551283
 96263.70190170672
 98226.62669585504
 100290.0012787428
 102433.1960340524
 104635.1524299679
 106874.6282492814
 109130.446931892
 111381.7476673622
 113608.232854277
 115790.409577965
 117909.8218478225
 119949.2704782399
 121893.0176900689
 123726.9737488457
 125438.8632369514
 127018.368874012
 128457.2511470906
 129749.4423829576
 130891.1142819791
 131880.7183297683
 132718.9989014691
 133408.9792671765
 133955.9210886978
 134367.2583609861
 134652.5070901383
 134823.1523083433
 134892.5142998898
 134875.5961473338
 134788.9149000908
 134650.3188168913
 134478.7932374586
 134294.2576971029
 134117.3569113192
 133969.2482273887
 133871.3880687863
 133845.319788971
 133912.4652077165
 134093.9219299089
 134410.2683485593
 134881.3780159506
 135526.244834803
 136362.820280749
 137407.8636238359
 138676.805875684
 140183.6279555031
 141940.7533472204
 143958.955315813
 146247.2785672641
 148812.9750764855
 151661.4536733023
 154796.2428698182
 158218.9663337861
 161929.3303620058
 165925.1226842941
 170202.2219305802
 174754.6171188149
 179574.4365665565
 184651.9856908258
 189975.7932350125
 195532.6655439836
 201307.7485945211
 207284.5975732538
 213445.2538737773
 219770.3294544691
 226239.0985545858
 232829.5968051766
 239518.7277902529
 246282.3771103471
 253095.53397365
 259932.4202887028
 266766.6271574036
 273571.2585689389
 280319.081976108
 286982.6852980888
 293534.6397414478
 299947.6676682055
 306194.8145706237
 312249.6240420938
 318086.3144673073
 323679.9559981324
 329006.646239588
 334043.6829480762
 338769.7319462743
 343164.9883900335
 347211.3294857637
 350892.4567549217
 354194.0259772572
 357103.7630174272
 359611.5638504857
 361709.577249635
 363392.2687826048
 364656.4649781957
 365501.3767682399


# name: QUERY
# type: sq_string
# elements: 1
# length: 2
R1


# name: DATASIZE
# type: sq_string
# elements: 1
# length: 3
500


