# Created by Octave 3.8.2, Wed May 18 17:56:43 2016 CEST <Andrea@Andreas-MacBook-Pro.local>
# name: x
# type: matrix
# rows: 1
# columns: 100
 0.008333333333333333 0.008417508417508417 0.008501683501683501 0.008585858585858586 0.00867003367003367 0.008754208754208754 0.008838383838383838 0.008922558922558922 0.009006734006734006 0.00909090909090909 0.009175084175084175 0.009259259259259259 0.009343434343434343 0.009427609427609427 0.009511784511784511 0.009595959595959595 0.009680134680134679 0.009764309764309764 0.009848484848484848 0.009932659932659932 0.01001683501683502 0.0101010101010101 0.01018518518518518 0.01026936026936027 0.01035353535353535 0.01043771043771044 0.01052188552188552 0.0106060606060606 0.01069023569023569 0.01077441077441077 0.01085858585858586 0.01094276094276094 0.01102693602693603 0.01111111111111111 0.01119528619528619 0.01127946127946128 0.01136363636363636 0.01144781144781145 0.01153198653198653 0.01161616161616161 0.0117003367003367 0.01178451178451178 0.01186868686868687 0.01195286195286195 0.01203703703703704 0.01212121212121212 0.01220538720538721 0.01228956228956229 0.01237373737373737 0.01245791245791246 0.01254208754208754 0.01262626262626263 0.01271043771043771 0.01279461279461279 0.01287878787878788 0.01296296296296296 0.01304713804713805 0.01313131313131313 0.01321548821548822 0.0132996632996633 0.01338383838383838 0.01346801346801347 0.01355218855218855 0.01363636363636364 0.01372053872053872 0.0138047138047138 0.01388888888888889 0.01397306397306397 0.01405723905723906 0.01414141414141414 0.01422558922558922 0.01430976430976431 0.01439393939393939 0.01447811447811448 0.01456228956228956 0.01464646464646465 0.01473063973063973 0.01481481481481481 0.0148989898989899 0.01498316498316498 0.01506734006734007 0.01515151515151515 0.01523569023569023 0.01531986531986532 0.0154040404040404 0.01548821548821549 0.01557239057239057 0.01565656565656566 0.01574074074074074 0.01582491582491583 0.01590909090909091 0.01599326599326599 0.01607744107744108 0.01616161616161616 0.01624579124579124 0.01632996632996633 0.01641414141414141 0.0164983164983165 0.01658249158249158 0.01666666666666667


# name: y
# type: matrix
# rows: 1
# columns: 100
 64719.41565073183 67061.8776702218 69404.33968971176 71746.80170920173 74089.26372869169 76431.72574818165 78774.18776767162 81116.64978716157 83459.11180665155 85801.57382614151 88144.03584563149 90486.49786512143 92828.95988461139 95171.42190410137 97513.88392359133 99856.34594308131 102198.8079625713 104541.2699820612 106883.7320015512 109226.1940210412 111568.6560405311 113911.1180600211 116253.580079511 118596.042099001 120938.504118491 123280.966137981 125623.4281574709 127965.8901769609 130308.3521964508 132650.8142159408 134993.2762354308 137335.7382549207 139678.2002744107 142020.6622939007 144363.1243133906 146705.5863328806 149048.0483523706 151390.5103718605 153732.9723913505 156075.4344108404 158417.8964303304 160760.3584498204 163102.8204693103 165445.2824888003 167787.7445082903 170130.2065277802 172472.6685472702 174815.1305667602 177157.5925862501 179500.0546057401 181842.5166252301 184184.97864472 186527.44066421 188869.9026836999 191212.3647031899 193554.8267226799 195897.2887421699 198239.7507616598 200582.2127811498 202924.6748006397 205267.1368201297 207609.5988396197 209952.0608591096 212294.5228785996 214636.9848980895 216979.4469175795 219321.9089370695 221664.3709565595 224006.8329760494 226349.2949955394 228691.7570150294 231034.2190345193 233376.6810540093 235719.1430734993 238061.6050929892 240404.0671124792 242746.5291319691 245088.9911514591 247431.4531709491 249773.915190439 252116.377209929 254458.839229419 256801.3012489089 259143.7632683989 261486.2252878889 263828.6873073788 266171.1493268688 268513.6113463588 270856.0733658487 273198.5353853387 275540.9974048287 277883.4594243186 280225.9214438086 282568.3834632986 284910.8454827885 287253.3075022785 289595.7695217684 291938.2315412584 294280.6935607484 296623.1555802383


# name: QUERY
# type: sq_string
# elements: 1
# length: 2
R1


# name: DATASIZE
# type: sq_string
# elements: 1
# length: 3
500


