# Created by Octave 4.0.0, Mon May 23 13:35:48 2016 CEST <peter@Independence>
# name: x
# type: matrix
# rows: 1
# columns: 100
 0.008333333333333333 0.008417508417508417 0.008501683501683501 0.008585858585858586 0.00867003367003367 0.008754208754208754 0.008838383838383838 0.008922558922558922 0.009006734006734006 0.00909090909090909 0.009175084175084175 0.009259259259259259 0.009343434343434343 0.009427609427609427 0.009511784511784511 0.009595959595959595 0.009680134680134679 0.009764309764309764 0.009848484848484848 0.009932659932659932 0.01001683501683502 0.0101010101010101 0.01018518518518518 0.01026936026936027 0.01035353535353535 0.01043771043771044 0.01052188552188552 0.0106060606060606 0.01069023569023569 0.01077441077441077 0.01085858585858586 0.01094276094276094 0.01102693602693603 0.01111111111111111 0.01119528619528619 0.01127946127946128 0.01136363636363636 0.01144781144781145 0.01153198653198653 0.01161616161616162 0.0117003367003367 0.01178451178451178 0.01186868686868687 0.01195286195286195 0.01203703703703704 0.01212121212121212 0.01220538720538721 0.01228956228956229 0.01237373737373737 0.01245791245791246 0.01254208754208754 0.01262626262626263 0.01271043771043771 0.01279461279461279 0.01287878787878788 0.01296296296296296 0.01304713804713805 0.01313131313131313 0.01321548821548822 0.0132996632996633 0.01338383838383838 0.01346801346801347 0.01355218855218855 0.01363636363636364 0.01372053872053872 0.0138047138047138 0.01388888888888889 0.01397306397306397 0.01405723905723906 0.01414141414141414 0.01422558922558922 0.01430976430976431 0.01439393939393939 0.01447811447811448 0.01456228956228956 0.01464646464646465 0.01473063973063973 0.01481481481481481 0.0148989898989899 0.01498316498316498 0.01506734006734007 0.01515151515151515 0.01523569023569023 0.01531986531986532 0.0154040404040404 0.01548821548821549 0.01557239057239057 0.01565656565656566 0.01574074074074074 0.01582491582491583 0.01590909090909091 0.01599326599326599 0.01607744107744108 0.01616161616161616 0.01624579124579124 0.01632996632996633 0.01641414141414142 0.0164983164983165 0.01658249158249158 0.01666666666666667


# name: y
# type: matrix
# rows: 100
# columns: 1
 69158.86798779583
 71306.43168297037
 73453.99537814487
 75601.55907331943
 77749.12276849399
 79896.68646366849
 82044.25015884306
 84191.81385401757
 86339.37754919207
 88486.94124436662
 90634.50493954115
 92782.06863471569
 94929.63232989023
 97077.19602506478
 99224.75972023932
 101372.3234154138
 103519.8871105884
 105667.4508057629
 107815.0145009374
 109962.578196112
 112110.1418912865
 114257.705586461
 116405.2692816356
 118552.8329768101
 120700.3966719846
 122847.9603671592
 124995.5240623337
 127143.0877575082
 129290.6514526828
 131438.2151478573
 133585.7788430318
 135733.3425382064
 137880.9062333809
 140028.4699285554
 142176.03362373
 144323.5973189045
 146471.161014079
 148618.7247092536
 150766.2884044281
 152913.8520996026
 155061.4157947772
 157208.9794899517
 159356.5431851262
 161504.1068803008
 163651.6705754753
 165799.2342706498
 167946.7979658244
 170094.3616609989
 172241.9253561735
 174389.4890513479
 176537.0527465225
 178684.616441697
 180832.1801368716
 182979.7438320461
 185127.3075272206
 187274.8712223952
 189422.4349175697
 191569.9986127442
 193717.5623079188
 195865.1260030933
 198012.6896982678
 200160.2533934423
 202307.8170886169
 204455.3807837914
 206602.944478966
 208750.5081741405
 210898.071869315
 213045.6355644896
 215193.1992596641
 217340.7629548386
 219488.3266500132
 221635.8903451877
 223783.4540403622
 225931.0177355368
 228078.5814307113
 230226.1451258858
 232373.7088210604
 234521.2725162349
 236668.8362114094
 238816.3999065839
 240963.9636017585
 243111.527296933
 245259.0909921076
 247406.6546872821
 249554.2183824567
 251701.7820776312
 253849.3457728057
 255996.9094679802
 258144.4731631548
 260292.0368583293
 262439.6005535038
 264587.1642486784
 266734.7279438529
 268882.2916390274
 271029.8553342021
 273177.4190293766
 275324.9827245511
 277472.5464197256
 279620.1101149002
 281767.6738100747


# name: QUERY
# type: sq_string
# elements: 1
# length: 2
R1


# name: DATASIZE
# type: sq_string
# elements: 1
# length: 3
500


