# Created by Octave 4.0.0, Mon May 23 13:35:48 2016 CEST <peter@Independence>
# name: x
# type: matrix
# rows: 1
# columns: 100
 0.008333333333333333 0.008417508417508417 0.008501683501683501 0.008585858585858586 0.00867003367003367 0.008754208754208754 0.008838383838383838 0.008922558922558922 0.009006734006734006 0.00909090909090909 0.009175084175084175 0.009259259259259259 0.009343434343434343 0.009427609427609427 0.009511784511784511 0.009595959595959595 0.009680134680134679 0.009764309764309764 0.009848484848484848 0.009932659932659932 0.01001683501683502 0.0101010101010101 0.01018518518518518 0.01026936026936027 0.01035353535353535 0.01043771043771044 0.01052188552188552 0.0106060606060606 0.01069023569023569 0.01077441077441077 0.01085858585858586 0.01094276094276094 0.01102693602693603 0.01111111111111111 0.01119528619528619 0.01127946127946128 0.01136363636363636 0.01144781144781145 0.01153198653198653 0.01161616161616162 0.0117003367003367 0.01178451178451178 0.01186868686868687 0.01195286195286195 0.01203703703703704 0.01212121212121212 0.01220538720538721 0.01228956228956229 0.01237373737373737 0.01245791245791246 0.01254208754208754 0.01262626262626263 0.01271043771043771 0.01279461279461279 0.01287878787878788 0.01296296296296296 0.01304713804713805 0.01313131313131313 0.01321548821548822 0.0132996632996633 0.01338383838383838 0.01346801346801347 0.01355218855218855 0.01363636363636364 0.01372053872053872 0.0138047138047138 0.01388888888888889 0.01397306397306397 0.01405723905723906 0.01414141414141414 0.01422558922558922 0.01430976430976431 0.01439393939393939 0.01447811447811448 0.01456228956228956 0.01464646464646465 0.01473063973063973 0.01481481481481481 0.0148989898989899 0.01498316498316498 0.01506734006734007 0.01515151515151515 0.01523569023569023 0.01531986531986532 0.0154040404040404 0.01548821548821549 0.01557239057239057 0.01565656565656566 0.01574074074074074 0.01582491582491583 0.01590909090909091 0.01599326599326599 0.01607744107744108 0.01616161616161616 0.01624579124579124 0.01632996632996633 0.01641414141414142 0.0164983164983165 0.01658249158249158 0.01666666666666667


# name: y
# type: matrix
# rows: 1
# columns: 100
 59106.87909530706 61595.5107962824 64084.14249725769 66572.77419823303 69061.40589920834 71550.03760018366 74038.66930115898 76527.30100213431 79015.93270310962 81504.56440408494 83993.19610506025 86481.82780603558 88970.45950701091 91459.09120798622 93947.72290896153 96436.35460993685 98924.98631091218 101413.6180118875 103902.2497128628 106390.8814138381 108879.5131148135 111368.1448157888 113856.7765167641 116345.4082177394 118834.0399187147 121322.6716196901 123811.3033206654 126299.9350216407 128788.566722616 131277.1984235913 133765.8301245667 136254.461825542 138743.0935265173 141231.7252274926 143720.3569284679 146208.9886294433 148697.6203304186 151186.2520313939 153674.8837323692 156163.5154333445 158652.1471343198 161140.7788352951 163629.4105362705 166118.0422372458 168606.6739382211 171095.3056391964 173583.9373401717 176072.5690411471 178561.2007421224 181049.8324430977 183538.464144073 186027.0958450483 188515.7275460237 191004.359246999 193492.9909479743 195981.6226489496 198470.2543499249 200958.8860509003 203447.5177518756 205936.1494528509 208424.7811538262 210913.4128548015 213402.0445557769 215890.6762567522 218379.3079577275 220867.9396587028 223356.5713596782 225845.2030606535 228333.8347616288 230822.4664626041 233311.0981635794 235799.7298645547 238288.3615655301 240776.9932665054 243265.6249674807 245754.256668456 248242.8883694313 250731.5200704066 253220.151771382 255708.7834723573 258197.4151733326 260686.0468743079 263174.6785752833 265663.3102762586 268151.9419772339 270640.5736782092 273129.2053791845 275617.8370801599 278106.4687811352 280595.1004821105 283083.7321830858 285572.3638840611 288060.9955850365 290549.6272860118 293038.2589869871 295526.8906879624 298015.5223889378 300504.154089913 302992.7857908884 305481.4174918637


# name: QUERY
# type: sq_string
# elements: 1
# length: 2
R1


# name: DATASIZE
# type: sq_string
# elements: 1
# length: 3
500


