# Created by Octave 3.8.2, Wed May 18 17:56:43 2016 CEST <Andrea@Andreas-MacBook-Pro.local>
# name: x
# type: matrix
# rows: 1
# columns: 100
 0.008333333333333333 0.008417508417508417 0.008501683501683501 0.008585858585858586 0.00867003367003367 0.008754208754208754 0.008838383838383838 0.008922558922558922 0.009006734006734006 0.00909090909090909 0.009175084175084175 0.009259259259259259 0.009343434343434343 0.009427609427609427 0.009511784511784511 0.009595959595959595 0.009680134680134679 0.009764309764309764 0.009848484848484848 0.009932659932659932 0.01001683501683502 0.0101010101010101 0.01018518518518518 0.01026936026936027 0.01035353535353535 0.01043771043771044 0.01052188552188552 0.0106060606060606 0.01069023569023569 0.01077441077441077 0.01085858585858586 0.01094276094276094 0.01102693602693603 0.01111111111111111 0.01119528619528619 0.01127946127946128 0.01136363636363636 0.01144781144781145 0.01153198653198653 0.01161616161616161 0.0117003367003367 0.01178451178451178 0.01186868686868687 0.01195286195286195 0.01203703703703704 0.01212121212121212 0.01220538720538721 0.01228956228956229 0.01237373737373737 0.01245791245791246 0.01254208754208754 0.01262626262626263 0.01271043771043771 0.01279461279461279 0.01287878787878788 0.01296296296296296 0.01304713804713805 0.01313131313131313 0.01321548821548822 0.0132996632996633 0.01338383838383838 0.01346801346801347 0.01355218855218855 0.01363636363636364 0.01372053872053872 0.0138047138047138 0.01388888888888889 0.01397306397306397 0.01405723905723906 0.01414141414141414 0.01422558922558922 0.01430976430976431 0.01439393939393939 0.01447811447811448 0.01456228956228956 0.01464646464646465 0.01473063973063973 0.01481481481481481 0.0148989898989899 0.01498316498316498 0.01506734006734007 0.01515151515151515 0.01523569023569023 0.01531986531986532 0.0154040404040404 0.01548821548821549 0.01557239057239057 0.01565656565656566 0.01574074074074074 0.01582491582491583 0.01590909090909091 0.01599326599326599 0.01607744107744108 0.01616161616161616 0.01624579124579124 0.01632996632996633 0.01641414141414141 0.0164983164983165 0.01658249158249158 0.01666666666666667


# name: y
# type: matrix
# rows: 100
# columns: 1
 54291.29351627019
 56911.79463763723
 59532.29575900422
 62152.79688037126
 64773.29800173825
 67393.79912310529
 70014.30024447228
 72634.8013658393
 75255.30248720631
 77875.80360857333
 80496.30472994037
 83116.80585130738
 85737.30697267439
 88357.80809404141
 90978.3092154084
 93598.81033677544
 96219.31145814246
 98839.81257950947
 101460.3137008765
 104080.8148222435
 106701.3159436105
 109321.8170649775
 111942.3181863445
 114562.8193077116
 117183.3204290786
 119803.8215504456
 122424.3226718126
 125044.8237931796
 127665.3249145467
 130285.8260359137
 132906.3271572807
 135526.8282786477
 138147.3294000147
 140767.8305213818
 143388.3316427488
 146008.8327641158
 148629.3338854828
 151249.8350068498
 153870.3361282168
 156490.8372495838
 159111.3383709509
 161731.8394923179
 164352.3406136849
 166972.8417350519
 169593.3428564189
 172213.8439777859
 174834.3450991529
 177454.84622052
 180075.347341887
 182695.848463254
 185316.349584621
 187936.850705988
 190557.3518273551
 193177.8529487221
 195798.3540700891
 198418.8551914561
 201039.3563128231
 203659.8574341901
 206280.3585555571
 208900.8596769242
 211521.3607982912
 214141.8619196582
 216762.3630410252
 219382.8641623922
 222003.3652837593
 224623.8664051263
 227244.3675264933
 229864.8686478603
 232485.3697692273
 235105.8708905943
 237726.3720119614
 240346.8731333284
 242967.3742546954
 245587.8753760624
 248208.3764974294
 250828.8776187964
 253449.3787401635
 256069.8798615305
 258690.3809828975
 261310.8821042645
 263931.3832256316
 266551.8843469985
 269172.3854683655
 271792.8865897326
 274413.3877110996
 277033.8888324666
 279654.3899538336
 282274.8910752006
 284895.3921965676
 287515.8933179346
 290136.3944393017
 292756.8955606687
 295377.3966820357
 297997.8978034027
 300618.3989247698
 303238.9000461368
 305859.4011675038
 308479.9022888708
 311100.4034102379
 313720.9045316048


# name: QUERY
# type: sq_string
# elements: 1
# length: 2
R1


# name: DATASIZE
# type: sq_string
# elements: 1
# length: 3
500


