# Created by Octave 4.0.0, Mon May 23 13:35:48 2016 CEST <peter@Independence>
# name: SVs
# type: cell
# rows: 1
# columns: 7
# name: <cell-element>
# type: sparse matrix
# nnz: 16
# rows: 16
# columns: 1
1 1 1.922165628086323
2 1 1.922165628086323
3 1 0.3387724861761364
4 1 1.922165628086323
5 1 0.3387724861761364
6 1 1.922165628086323
7 1 0.3387724861761364
8 1 -0.6112633989699758
9 1 0.3387724861761364
10 1 0.3387724861761364
11 1 1.922165628086323
12 1 0.3387724861761364
13 1 0.3387724861761364
14 1 1.922165628086323
15 1 -0.6112633989699758
16 1 0.3387724861761364



# name: <cell-element>
# type: sparse matrix
# nnz: 6
# rows: 6
# columns: 1
1 1 1.922165628086323
2 1 1.922165628086323
3 1 1.922165628086323
4 1 -1.244620655734051
5 1 -1.244620655734051
6 1 -1.244620655734051



# name: <cell-element>
# type: sparse matrix
# nnz: 10
# rows: 10
# columns: 1
1 1 1.922165628086323
2 1 1.922165628086323
3 1 1.922165628086323
4 1 1.922165628086323
5 1 0.3387724861761364
6 1 -0.6112633989699758
7 1 1.922165628086323
8 1 0.3387724861761364
9 1 -0.6112633989699758
10 1 -0.6112633989699758



# name: <cell-element>
# type: sparse matrix
# nnz: 2
# rows: 2
# columns: 1
1 1 1.922165628086323
2 1 -1.244620655734051



# name: <cell-element>
# type: sparse matrix
# nnz: 8
# rows: 8
# columns: 1
1 1 1.922165628086323
2 1 -1.244620655734051
3 1 -0.6112633989699758
4 1 -1.244620655734051
5 1 -1.244620655734051
6 1 -1.244620655734051
7 1 0.3387724861761364
8 1 -0.6112633989699758



# name: <cell-element>
# type: sparse matrix
# nnz: 41
# rows: 41
# columns: 1
1 1 0.3387724861761364
2 1 1.922165628086323
3 1 -0.6112633989699758
4 1 0.3387724861761364
5 1 0.3387724861761364
6 1 0.3387724861761364
7 1 1.922165628086323
8 1 1.922165628086323
9 1 0.3387724861761364
10 1 -0.6112633989699758
11 1 0.3387724861761364
12 1 1.922165628086323
13 1 0.3387724861761364
14 1 1.922165628086323
15 1 -0.6112633989699758
16 1 0.3387724861761364
17 1 -1.244620655734051
18 1 -1.244620655734051
19 1 -0.6112633989699758
20 1 -1.244620655734051
21 1 0.3387724861761364
22 1 0.3387724861761364
23 1 -1.244620655734051
24 1 -1.244620655734051
25 1 0.3387724861761364
26 1 0.3387724861761364
27 1 1.922165628086323
28 1 0.3387724861761364
29 1 0.3387724861761364
30 1 1.922165628086323
31 1 -0.6112633989699758
32 1 0.3387724861761364
33 1 0.3387724861761364
34 1 -1.244620655734051
35 1 0.3387724861761364
36 1 0.3387724861761364
37 1 0.3387724861761364
38 1 -0.6112633989699758
39 1 1.922165628086323
40 1 -0.6112633989699758
41 1 0.3387724861761364



# name: <cell-element>
# type: scalar
0





# name: coefficients
# type: cell
# rows: 1
# columns: 7
# name: <cell-element>
# type: matrix
# rows: 16
# columns: 1
 0.1
 0.1
 -0.1
 0.1
 -0.1
 0.1
 -0.1
 0.1
 -0.1
 -0.1
 0.1
 -0.1
 -0.1
 0.1
 0.1
 -0.1



# name: <cell-element>
# type: matrix
# rows: 6
# columns: 1
 0.09615471353600677
 0.1
 0.1
 -0.1
 -0.09615471353600677
 -0.1



# name: <cell-element>
# type: matrix
# rows: 10
# columns: 1
 -0.1
 0.05182389911791233
 0.1
 0.1
 -0.1
 0.1
 -0.1
 -0.05182389911791233
 -0.1
 0.1



# name: <cell-element>
# type: matrix
# rows: 2
# columns: 1
 0.01520037069472818
 -0.01520037069472818



# name: <cell-element>
# type: matrix
# rows: 8
# columns: 1
 1.183225335525576
 -1.183225335525566
 5
 -5
 -5
 -5
 5
 5



# name: <cell-element>
# type: matrix
# rows: 41
# columns: 1
 0.35789
 0.35789
 0.35789
 0.35789
 0.35789
 0.35789
 -0.35789
 0.35789
 0.35789
 -0.01412357478541056
 -0.35789
 0.35789
 -0.35789
 0.35789
 -0.35789
 -0.35789
 -0.35789
 -0.35789
 0.35789
 -0.35789
 -0.35789
 0.1813538719216577
 0.35789
 -0.35789
 -0.35789
 0.35789
 -0.1672302971362472
 -0.35789
 -0.35789
 0.35789
 0.35789
 -0.35789
 0.35789
 -0.35789
 0.35789
 -0.35789
 -0.35789
 -0.35789
 0.35789
 0.35789
 -0.35789



# name: <cell-element>
# type: scalar
0





# name: b
# type: cell
# rows: 1
# columns: 7
# name: <cell-element>
# type: scalar
-0.03643778356411993



# name: <cell-element>
# type: scalar
-0.8289527132204519



# name: <cell-element>
# type: scalar
-0.1171556205433641



# name: <cell-element>
# type: scalar
-0.5326185380470819



# name: <cell-element>
# type: scalar
-0.4516455116852311



# name: <cell-element>
# type: scalar
0.4191137988938467



# name: <cell-element>
# type: scalar
0





# name: models
# type: cell
# rows: 1
# columns: 7
# name: <cell-element>
# type: scalar struct
# ndims: 2
 1 1
# length: 11
# name: Parameters
# type: matrix
# rows: 5
# columns: 1
 3
 0
 3
 1
 0


# name: nr_class
# type: scalar
2


# name: totalSV
# type: scalar
16


# name: rho
# type: scalar
0.03643778356411993


# name: Label
# type: matrix
# rows: 0
# columns: 0


# name: sv_indices
# type: matrix
# rows: 16
# columns: 1
 4
 11
 14
 15
 16
 17
 20
 23
 36
 37
 38
 40
 44
 49
 50
 52


# name: ProbA
# type: matrix
# rows: 0
# columns: 0


# name: ProbB
# type: matrix
# rows: 0
# columns: 0


# name: nSV
# type: matrix
# rows: 0
# columns: 0


# name: sv_coef
# type: matrix
# rows: 16
# columns: 1
 0.1
 0.1
 -0.1
 0.1
 -0.1
 0.1
 -0.1
 0.1
 -0.1
 -0.1
 0.1
 -0.1
 -0.1
 0.1
 0.1
 -0.1


# name: SVs
# type: sparse matrix
# nnz: 16
# rows: 16
# columns: 1
1 1 1.922165628086323
2 1 1.922165628086323
3 1 0.3387724861761364
4 1 1.922165628086323
5 1 0.3387724861761364
6 1 1.922165628086323
7 1 0.3387724861761364
8 1 -0.6112633989699758
9 1 0.3387724861761364
10 1 0.3387724861761364
11 1 1.922165628086323
12 1 0.3387724861761364
13 1 0.3387724861761364
14 1 1.922165628086323
15 1 -0.6112633989699758
16 1 0.3387724861761364





# name: <cell-element>
# type: scalar struct
# ndims: 2
 1 1
# length: 11
# name: Parameters
# type: matrix
# rows: 5
# columns: 1
 3
 1
 2
 1
 0


# name: nr_class
# type: scalar
2


# name: totalSV
# type: scalar
6


# name: rho
# type: scalar
0.8289527132204519


# name: Label
# type: matrix
# rows: 0
# columns: 0


# name: sv_indices
# type: matrix
# rows: 6
# columns: 1
 11
 15
 17
 25
 31
 42


# name: ProbA
# type: matrix
# rows: 0
# columns: 0


# name: ProbB
# type: matrix
# rows: 0
# columns: 0


# name: nSV
# type: matrix
# rows: 0
# columns: 0


# name: sv_coef
# type: matrix
# rows: 6
# columns: 1
 0.09615471353600677
 0.1
 0.1
 -0.1
 -0.09615471353600677
 -0.1


# name: SVs
# type: sparse matrix
# nnz: 6
# rows: 6
# columns: 1
1 1 1.922165628086323
2 1 1.922165628086323
3 1 1.922165628086323
4 1 -1.244620655734051
5 1 -1.244620655734051
6 1 -1.244620655734051





# name: <cell-element>
# type: scalar struct
# ndims: 2
 1 1
# length: 11
# name: Parameters
# type: matrix
# rows: 5
# columns: 1
 3
 1
 3
 1
 0


# name: nr_class
# type: scalar
2


# name: totalSV
# type: scalar
10


# name: rho
# type: scalar
0.1171556205433641


# name: Label
# type: matrix
# rows: 0
# columns: 0


# name: sv_indices
# type: matrix
# rows: 10
# columns: 1
 10
 11
 15
 17
 20
 23
 35
 37
 47
 50


# name: ProbA
# type: matrix
# rows: 0
# columns: 0


# name: ProbB
# type: matrix
# rows: 0
# columns: 0


# name: nSV
# type: matrix
# rows: 0
# columns: 0


# name: sv_coef
# type: matrix
# rows: 10
# columns: 1
 -0.1
 0.05182389911791233
 0.1
 0.1
 -0.1
 0.1
 -0.1
 -0.05182389911791233
 -0.1
 0.1


# name: SVs
# type: sparse matrix
# nnz: 10
# rows: 10
# columns: 1
1 1 1.922165628086323
2 1 1.922165628086323
3 1 1.922165628086323
4 1 1.922165628086323
5 1 0.3387724861761364
6 1 -0.6112633989699758
7 1 1.922165628086323
8 1 0.3387724861761364
9 1 -0.6112633989699758
10 1 -0.6112633989699758





# name: <cell-element>
# type: scalar struct
# ndims: 2
 1 1
# length: 11
# name: Parameters
# type: matrix
# rows: 5
# columns: 1
 3
 1
 4
 1
 0


# name: nr_class
# type: scalar
2


# name: totalSV
# type: scalar
2


# name: rho
# type: scalar
0.5326185380470819


# name: Label
# type: matrix
# rows: 0
# columns: 0


# name: sv_indices
# type: matrix
# rows: 2
# columns: 1
 17
 25


# name: ProbA
# type: matrix
# rows: 0
# columns: 0


# name: ProbB
# type: matrix
# rows: 0
# columns: 0


