# Created by Octave 3.8.2, Wed May 18 17:56:43 2016 CEST <Andrea@Andreas-MacBook-Pro.local>
# name: SVs
# type: cell
# rows: 1
# columns: 7
# name: <cell-element>
# type: sparse matrix
# nnz: 2
# rows: 2
# columns: 1
1 1 1.977273402748313
2 1 0.3674243679436549



# name: <cell-element>
# type: sparse matrix
# nnz: 31
# rows: 31
# columns: 1
1 1 -1.242424666861004
2 1 -1.242424666861004
3 1 0.3674243679436549
4 1 1.977273402748313
5 1 0.3674243679436549
6 1 1.977273402748313
7 1 -0.5984850529391401
8 1 1.977273402748313
9 1 -1.242424666861004
10 1 -0.5984850529391401
11 1 0.3674243679436549
12 1 -1.242424666861004
13 1 1.977273402748313
14 1 -1.242424666861004
15 1 -0.5984850529391401
16 1 -1.242424666861004
17 1 0.3674243679436549
18 1 -1.242424666861004
19 1 0.3674243679436549
20 1 -0.5984850529391401
21 1 -0.5984850529391401
22 1 -1.242424666861004
23 1 0.3674243679436549
24 1 0.3674243679436549
25 1 -1.242424666861004
26 1 -1.242424666861004
27 1 -1.242424666861004
28 1 -1.242424666861004
29 1 0.3674243679436549
30 1 0.3674243679436549
31 1 1.977273402748313



# name: <cell-element>
# type: sparse matrix
# nnz: 14
# rows: 14
# columns: 1
1 1 0.3674243679436549
2 1 1.977273402748313
3 1 1.977273402748313
4 1 -0.5984850529391401
5 1 1.977273402748313
6 1 0.3674243679436549
7 1 0.3674243679436549
8 1 -0.5984850529391401
9 1 0.3674243679436549
10 1 -1.242424666861004
11 1 0.3674243679436549
12 1 -0.5984850529391401
13 1 -0.5984850529391401
14 1 0.3674243679436549



# name: <cell-element>
# type: sparse matrix
# nnz: 28
# rows: 28
# columns: 1
1 1 -1.242424666861004
2 1 -1.242424666861004
3 1 0.3674243679436549
4 1 1.977273402748313
5 1 0.3674243679436549
6 1 1.977273402748313
7 1 -0.5984850529391401
8 1 -1.242424666861004
9 1 -0.5984850529391401
10 1 0.3674243679436549
11 1 -1.242424666861004
12 1 1.977273402748313
13 1 -1.242424666861004
14 1 -1.242424666861004
15 1 0.3674243679436549
16 1 -1.242424666861004
17 1 0.3674243679436549
18 1 -0.5984850529391401
19 1 -0.5984850529391401
20 1 -1.242424666861004
21 1 0.3674243679436549
22 1 0.3674243679436549
23 1 -1.242424666861004
24 1 -1.242424666861004
25 1 -1.242424666861004
26 1 -1.242424666861004
27 1 0.3674243679436549
28 1 0.3674243679436549



# name: <cell-element>
# type: sparse matrix
# nnz: 40
# rows: 40
# columns: 1
1 1 -1.242424666861004
2 1 -1.242424666861004
3 1 0.3674243679436549
4 1 1.977273402748313
5 1 0.3674243679436549
6 1 0.3674243679436549
7 1 1.977273402748313
8 1 -0.5984850529391401
9 1 0.3674243679436549
10 1 1.977273402748313
11 1 -1.242424666861004
12 1 -0.5984850529391401
13 1 0.3674243679436549
14 1 -1.242424666861004
15 1 1.977273402748313
16 1 0.3674243679436549
17 1 0.3674243679436549
18 1 -1.242424666861004
19 1 -0.5984850529391401
20 1 -1.242424666861004
21 1 0.3674243679436549
22 1 0.3674243679436549
23 1 0.3674243679436549
24 1 -1.242424666861004
25 1 0.3674243679436549
26 1 -0.5984850529391401
27 1 -0.5984850529391401
28 1 -0.5984850529391401
29 1 -0.5984850529391401
30 1 -1.242424666861004
31 1 0.3674243679436549
32 1 -0.5984850529391401
33 1 0.3674243679436549
34 1 0.3674243679436549
35 1 -1.242424666861004
36 1 -1.242424666861004
37 1 -1.242424666861004
38 1 -1.242424666861004
39 1 0.3674243679436549
40 1 0.3674243679436549



# name: <cell-element>
# type: sparse matrix
# nnz: 40
# rows: 40
# columns: 1
1 1 -1.242424666861004
2 1 -1.242424666861004
3 1 0.3674243679436549
4 1 1.977273402748313
5 1 0.3674243679436549
6 1 0.3674243679436549
7 1 1.977273402748313
8 1 -0.5984850529391401
9 1 1.977273402748313
10 1 -1.242424666861004
11 1 -0.5984850529391401
12 1 0.3674243679436549
13 1 -0.5984850529391401
14 1 0.3674243679436549
15 1 0.3674243679436549
16 1 0.3674243679436549
17 1 0.3674243679436549
18 1 0.3674243679436549
19 1 1.977273402748313
20 1 0.3674243679436549
21 1 0.3674243679436549
22 1 -1.242424666861004
23 1 -0.5984850529391401
24 1 -1.242424666861004
25 1 0.3674243679436549
26 1 0.3674243679436549
27 1 0.3674243679436549
28 1 -1.242424666861004
29 1 0.3674243679436549
30 1 -0.5984850529391401
31 1 -0.5984850529391401
32 1 -0.5984850529391401
33 1 0.3674243679436549
34 1 -0.5984850529391401
35 1 0.3674243679436549
36 1 -1.242424666861004
37 1 -1.242424666861004
38 1 -1.242424666861004
39 1 0.3674243679436549
40 1 0.3674243679436549



# name: <cell-element>
# type: scalar
0





# name: coefficients
# type: cell
# rows: 1
# columns: 7
# name: <cell-element>
# type: matrix
# rows: 2
# columns: 1
 0.572805995107276
 -0.572805995107276



# name: <cell-element>
# type: matrix
# rows: 31
# columns: 1
 -5
 -5
 5
 5
 5
 5
 1.965830511899933
 3.034169488100072
 -5
 5
 5
 -5
 5
 -5
 -5
 -5
 5
 -5
 5
 -5
 -5
 -5
 5
 5
 -5
 -5
 -5
 -5
 5
 5
 5



# name: <cell-element>
# type: matrix
# rows: 14
# columns: 1
 0.1
 0.05983192816438017
 0.1
 0.1
 -0.1
 -0.1
 -0.1
 -0.1
 -0.05983192816438018
 0.1
 0.1
 -0.1
 -0.1
 0.1



# name: <cell-element>
# type: matrix
# rows: 28
# columns: 1
 -0.1
 -0.1
 0.1
 0.1
 0.1
 0.1
 0.1
 -0.1
 0.1
 0.1
 -0.1
 -0.003303333114503664
 -0.1
 -0.1
 0.1
 -0.1
 0.1
 -0.1
 0.00330333311450367
 -0.1
 0.1
 0.1
 -0.1
 -0.1
 -0.1
 -0.1
 0.1
 0.1



# name: <cell-element>
# type: matrix
# rows: 40
# columns: 1
 -5
 -5
 5
 5
 5
 5
 5
 5
 5
 -1.31319720285494
 -5
 5
 5
 -5
 -5
 -5
 -5
 -5
 -5
 -5
 5
 -5
 5
 -5
 5
 -5
 -5
 5
 1.313197202854941
 -5
 5
 5
 5
 5
 -5
 -5
 -5
 -5
 5
 5



# name: <cell-element>
# type: matrix
# rows: 40
# columns: 1
 -2.4211
 2.4211
 2.4211
 2.4211
 -2.4211
 2.4211
 2.4211
 2.4211
 -0.447563102526035
 2.4211
 -1.88418894244616
 -2.4211
 2.4211
 -2.4211
 -0.9412318793227601
 -2.4211
 2.4211
 -2.4211
 -2.4211
 -2.4211
 -2.4211
 -2.4211
 -2.4211
 -2.4211
 2.4211
 -2.4211
 -2.4211
 2.4211
 2.4211
 -2.4211
 -2.4211
 2.4211
 2.4211
 2.4211
 2.4211
 -1.569216075705045
 2.4211
 -2.4211
 2.4211
 2.4211



# name: <cell-element>
# type: scalar
0





# name: b
# type: cell
# rows: 1
# columns: 7
# name: <cell-element>
# type: scalar
0.002215906645268273



# name: <cell-element>
# type: scalar
-0.5213586836280719



# name: <cell-element>
# type: scalar
-0.1595731776173304



# name: <cell-element>
# type: scalar
-0.4356618350416486



# name: <cell-element>
# type: scalar
-0.382664155442742



# name: <cell-element>
# type: scalar
0.5144156220067628



# name: <cell-element>
# type: scalar
0





# name: models
# type: cell
# rows: 1
# columns: 7
# name: <cell-element>
# type: scalar struct
# ndims: 2
 1 1
# length: 11
# name: Parameters
# type: matrix
# rows: 5
# columns: 1
 3
 0
 3
 1
 0


# name: nr_class
# type: scalar
2


# name: totalSV
# type: scalar
2


# name: rho
# type: scalar
-0.002215906645268273


# name: Label
# type: matrix
# rows: 0
# columns: 0


# name: sv_indices
# type: matrix
# rows: 2
# columns: 1
 8
 26


# name: ProbA
# type: matrix
# rows: 0
# columns: 0


# name: ProbB
# type: matrix
# rows: 0
# columns: 0


# name: nSV
# type: matrix
# rows: 0
# columns: 0


# name: sv_coef
# type: matrix
# rows: 2
# columns: 1
 0.572805995107276
 -0.572805995107276


# name: SVs
# type: sparse matrix
# nnz: 2
# rows: 2
# columns: 1
1 1 1.977273402748313
2 1 0.3674243679436549





# name: <cell-element>
# type: scalar struct
# ndims: 2
 1 1
# length: 11
# name: Parameters
# type: matrix
# rows: 5
# columns: 1
 3
 1
 2
 1
 0


# name: nr_class
# type: scalar
2


# name: totalSV
# type: scalar
31


# name: rho
# type: scalar
0.5213586836280719


# name: Label
# type: matrix
# rows: 0
# columns: 0


# name: sv_indices
# type: matrix
# rows: 31
# columns: 1
 1
 2
 3
 4
 7
 8
 9
 12
 13
 16
 20
 22
 25
 27
 28
 29
 30
 34
 35
 36
 37
 40
 41
 44
 45
 46
 47
 48
 49
 50
 51


# name: ProbA
# type: matrix
# rows: 0
# columns: 0


# name: ProbB
# type: matrix
# rows: 0
# columns: 0


# name: nSV
# type: matrix
# rows: 0
# columns: 0


