# Created by Octave 4.0.0, Mon May 23 13:35:41 2016 CEST <peter@Independence>
# name: mu
# type: matrix
# rows: 1
# columns: 2
 155937.8023255814 0.01160852713178294


# name: sigma
# type: matrix
# rows: 1
# columns: 2
 88334.93544230255 0.002631479546286306


