# Created by Octave 3.8.2, Wed May 18 17:56:33 2016 CEST <Andrea@Andreas-MacBook-Pro.local>
# name: mu
# type: matrix
# rows: 1
# columns: 2
 154206.9764705882 0.01154901960784313


# name: sigma
# type: matrix
# rows: 1
# columns: 2
 87379.92970356203 0.002588234409925436


