# Created by Octave 4.0.0, Mon May 23 13:35:48 2016 CEST <peter@Independence>
# name: x
# type: matrix
# rows: 1
# columns: 100
 0.008333333333333333 0.008417508417508417 0.008501683501683501 0.008585858585858586 0.00867003367003367 0.008754208754208754 0.008838383838383838 0.008922558922558922 0.009006734006734006 0.00909090909090909 0.009175084175084175 0.009259259259259259 0.009343434343434343 0.009427609427609427 0.009511784511784511 0.009595959595959595 0.009680134680134679 0.009764309764309764 0.009848484848484848 0.009932659932659932 0.01001683501683502 0.0101010101010101 0.01018518518518518 0.01026936026936027 0.01035353535353535 0.01043771043771044 0.01052188552188552 0.0106060606060606 0.01069023569023569 0.01077441077441077 0.01085858585858586 0.01094276094276094 0.01102693602693603 0.01111111111111111 0.01119528619528619 0.01127946127946128 0.01136363636363636 0.01144781144781145 0.01153198653198653 0.01161616161616162 0.0117003367003367 0.01178451178451178 0.01186868686868687 0.01195286195286195 0.01203703703703704 0.01212121212121212 0.01220538720538721 0.01228956228956229 0.01237373737373737 0.01245791245791246 0.01254208754208754 0.01262626262626263 0.01271043771043771 0.01279461279461279 0.01287878787878788 0.01296296296296296 0.01304713804713805 0.01313131313131313 0.01321548821548822 0.0132996632996633 0.01338383838383838 0.01346801346801347 0.01355218855218855 0.01363636363636364 0.01372053872053872 0.0138047138047138 0.01388888888888889 0.01397306397306397 0.01405723905723906 0.01414141414141414 0.01422558922558922 0.01430976430976431 0.01439393939393939 0.01447811447811448 0.01456228956228956 0.01464646464646465 0.01473063973063973 0.01481481481481481 0.0148989898989899 0.01498316498316498 0.01506734006734007 0.01515151515151515 0.01523569023569023 0.01531986531986532 0.0154040404040404 0.01548821548821549 0.01557239057239057 0.01565656565656566 0.01574074074074074 0.01582491582491583 0.01590909090909091 0.01599326599326599 0.01607744107744108 0.01616161616161616 0.01624579124579124 0.01632996632996633 0.01641414141414142 0.0164983164983165 0.01658249158249158 0.01666666666666667


# name: y
# type: matrix
# rows: 100
# columns: 1
 169664.8104783533
 165252.7489229162
 160955.5569768783
 156773.2346402398
 152705.7819130004
 148753.1987951604
 144915.4852867195
 141192.6413876779
 137584.6670980356
 134091.5624177924
 130713.3273469486
 127449.961885504
 124301.4660334586
 121267.8397908125
 118349.0831575656
 115545.196133718
 112856.1787192696
 110282.0309142204
 107822.7527185705
 105478.3441323199
 103248.8051554685
 101134.1357880163
 99134.33602996341
 97249.40588130977
 95479.34534205531
 93824.15441220015
 92283.83309174425
 90858.38138068756
 89547.79927903012
 88352.08678677194
 87271.243903913
 86305.27063045329
 85454.16696639285
 84717.93291173165
 84096.56846646969
 83590.07363060699
 83198.44840414351
 82921.6927870793
 82759.80677941433
 82712.79038114859
 82780.64359228211
 82963.36641281487
 83260.95884274688
 83673.42088207815
 84200.75253080865
 84842.95378893839
 85600.02465646739
 86471.96513339564
 87458.77521972313
 88560.45491544985
 89777.00422057584
 91108.42313510105
 92554.71165902553
 94115.86979234924
 95791.8975350722
 97582.79488719442
 99488.56184871588
 101509.1984196366
 103644.7045999565
 105895.0803896757
 108260.3257887942
 110740.4407973119
 113335.4254152288
 116045.279642545
 118870.0034792604
 121809.596925375
 124864.059980889
 128033.3926458021
 131317.5949201145
 134716.6668038262
 138230.6082969371
 141859.4193994472
 145603.1001113567
 149461.6504326652
 153435.0703633732
 157523.3599034803
 161726.5190529867
 166044.5478118923
 170477.4461801971
 175025.2141579013
 179687.8517450046
 184465.3589415073
 189357.7357474091
 194364.9821627102
 199487.0981874105
 204724.0838215101
 210075.9390650089
 215542.663917907
 221124.2583802044
 226820.7224519009
 232632.0561329969
 238558.2594234918
 244599.3323233862
 250755.2748326798
 257026.0869513725
 263411.7686794645
 269912.3200169559
 276527.7409638464
 283258.0315201362
 290103.1916858253


# name: QUERY
# type: sq_string
# elements: 1
# length: 2
R1


# name: DATASIZE
# type: sq_string
# elements: 1
# length: 3
500


