# Created by Octave 3.8.2, Wed May 18 17:56:43 2016 CEST <Andrea@Andreas-MacBook-Pro.local>
# name: x
# type: matrix
# rows: 1
# columns: 100
 0.008333333333333333 0.008417508417508417 0.008501683501683501 0.008585858585858586 0.00867003367003367 0.008754208754208754 0.008838383838383838 0.008922558922558922 0.009006734006734006 0.00909090909090909 0.009175084175084175 0.009259259259259259 0.009343434343434343 0.009427609427609427 0.009511784511784511 0.009595959595959595 0.009680134680134679 0.009764309764309764 0.009848484848484848 0.009932659932659932 0.01001683501683502 0.0101010101010101 0.01018518518518518 0.01026936026936027 0.01035353535353535 0.01043771043771044 0.01052188552188552 0.0106060606060606 0.01069023569023569 0.01077441077441077 0.01085858585858586 0.01094276094276094 0.01102693602693603 0.01111111111111111 0.01119528619528619 0.01127946127946128 0.01136363636363636 0.01144781144781145 0.01153198653198653 0.01161616161616161 0.0117003367003367 0.01178451178451178 0.01186868686868687 0.01195286195286195 0.01203703703703704 0.01212121212121212 0.01220538720538721 0.01228956228956229 0.01237373737373737 0.01245791245791246 0.01254208754208754 0.01262626262626263 0.01271043771043771 0.01279461279461279 0.01287878787878788 0.01296296296296296 0.01304713804713805 0.01313131313131313 0.01321548821548822 0.0132996632996633 0.01338383838383838 0.01346801346801347 0.01355218855218855 0.01363636363636364 0.01372053872053872 0.0138047138047138 0.01388888888888889 0.01397306397306397 0.01405723905723906 0.01414141414141414 0.01422558922558922 0.01430976430976431 0.01439393939393939 0.01447811447811448 0.01456228956228956 0.01464646464646465 0.01473063973063973 0.01481481481481481 0.0148989898989899 0.01498316498316498 0.01506734006734007 0.01515151515151515 0.01523569023569023 0.01531986531986532 0.0154040404040404 0.01548821548821549 0.01557239057239057 0.01565656565656566 0.01574074074074074 0.01582491582491583 0.01590909090909091 0.01599326599326599 0.01607744107744108 0.01616161616161616 0.01624579124579124 0.01632996632996633 0.01641414141414141 0.0164983164983165 0.01658249158249158 0.01666666666666667


# name: y
# type: matrix
# rows: 100
# columns: 1
 152962.695909731
 149255.8023308075
 145836.0811845495
 142688.3033955502
 139797.6548229845
 137149.7362606064
 134730.5634367501
 132526.5670143302
 130524.5925908413
 128711.9006983576
 127076.1668035344
 125605.481307606
 124288.3495463877
 123113.6917902741
 122070.8432442404
 121149.5540478418
 120339.9892752134
 119632.7289350707
 119018.767970709
 118489.5162600038
 118036.7986154107
 117652.8547839654
 117330.3394472836
 117062.3222215613
 116842.2876575744
 116664.1352406788
 116522.1793908108
 116411.1494624865
 116326.1897448022
 116262.8594614344
 116217.1327706394
 116185.398765254
 116164.4614726946
 116151.5398549582
 116144.2678086214
 116140.6941648413
 116139.2826893549
 116138.9120824791
 116138.8759791114
 116138.8829487288
 116139.0564953888
 116139.9350577289
 116142.4720089665
 116148.0356568994
 116158.4092439052
 116175.7909469417
 116202.7938775469
 116242.4460818388
 116298.1905405154
 116373.8851688548
 116473.8028167155
 116602.6312685356
 116765.4732433336
 116967.8463947081
 117215.6833108376
 117515.3315144809
 117873.5534629768
 118297.526548244
 118794.8430967817
 119373.5103696689
 120041.9505625646
 120809.0008057081
 121683.9131639188
 122676.3546365961
 123796.4071577194
 125054.5675958484
 126461.7477541228
 128029.2743702623
 129768.8891165665
 131692.7485999159
 133813.4243617698
 136143.9028781691
 138697.5855597336
 141488.2887516638
 144530.2437337399
 147838.0967203225
 151426.9088603519
 155312.1562373494
 159509.7298694148
 164035.9357092297
 168907.4946440537
 174141.5424957302
 179755.6300206788
 185767.7229099001
 192196.2017889771
 199059.8622180695
 206377.9146919187
 214169.9846398484
 222456.1124257594
 231256.7533481311
 240592.7776400273
 250485.4704690908
 260956.5319375408
 272028.0770821834
 283722.6358743962
 296063.1532201448
 309072.9889599695
 322775.9178689927
 337196.129656921
 352358.2289680317


# name: QUERY
# type: sq_string
# elements: 1
# length: 2
R1


# name: DATASIZE
# type: sq_string
# elements: 1
# length: 3
500


