# Created by Octave 4.0.0, Mon May 23 13:35:48 2016 CEST <peter@Independence>
# name: x
# type: matrix
# rows: 1
# columns: 100
 0.008333333333333333 0.008417508417508417 0.008501683501683501 0.008585858585858586 0.00867003367003367 0.008754208754208754 0.008838383838383838 0.008922558922558922 0.009006734006734006 0.00909090909090909 0.009175084175084175 0.009259259259259259 0.009343434343434343 0.009427609427609427 0.009511784511784511 0.009595959595959595 0.009680134680134679 0.009764309764309764 0.009848484848484848 0.009932659932659932 0.01001683501683502 0.0101010101010101 0.01018518518518518 0.01026936026936027 0.01035353535353535 0.01043771043771044 0.01052188552188552 0.0106060606060606 0.01069023569023569 0.01077441077441077 0.01085858585858586 0.01094276094276094 0.01102693602693603 0.01111111111111111 0.01119528619528619 0.01127946127946128 0.01136363636363636 0.01144781144781145 0.01153198653198653 0.01161616161616162 0.0117003367003367 0.01178451178451178 0.01186868686868687 0.01195286195286195 0.01203703703703704 0.01212121212121212 0.01220538720538721 0.01228956228956229 0.01237373737373737 0.01245791245791246 0.01254208754208754 0.01262626262626263 0.01271043771043771 0.01279461279461279 0.01287878787878788 0.01296296296296296 0.01304713804713805 0.01313131313131313 0.01321548821548822 0.0132996632996633 0.01338383838383838 0.01346801346801347 0.01355218855218855 0.01363636363636364 0.01372053872053872 0.0138047138047138 0.01388888888888889 0.01397306397306397 0.01405723905723906 0.01414141414141414 0.01422558922558922 0.01430976430976431 0.01439393939393939 0.01447811447811448 0.01456228956228956 0.01464646464646465 0.01473063973063973 0.01481481481481481 0.0148989898989899 0.01498316498316498 0.01506734006734007 0.01515151515151515 0.01523569023569023 0.01531986531986532 0.0154040404040404 0.01548821548821549 0.01557239057239057 0.01565656565656566 0.01574074074074074 0.01582491582491583 0.01590909090909091 0.01599326599326599 0.01607744107744108 0.01616161616161616 0.01624579124579124 0.01632996632996633 0.01641414141414142 0.0164983164983165 0.01658249158249158 0.01666666666666667


# name: y
# type: matrix
# rows: 100
# columns: 1
 132393.8084629633
 130028.8090732664
 127955.9953839555
 126145.7460219144
 124570.7513213817
 123205.8897869601
 122028.1079493634
 121016.3036145704
 120151.2125056319
 119415.2982977281
 118792.6460461209
 118268.8590071118
 117830.9588520708
 117467.2892744165
 117167.4229896353
 116922.0721282919
 116723.0020220575
 116562.9483827467
 116435.5378743561
 116335.2120781188
 116257.1548505594
 116197.2230745656
 116151.8808034611
 116118.1367980908
 116093.4854569128
 116075.8511390999
 116063.5358806478
 116055.1705034926
 116049.6691176371
 116046.1870162839
 116044.0819639786
 116042.8788777595
 116042.2379013173
 116041.9258721622
 116041.7911817992
 116041.7420289122
 116041.7280655563
 116041.725436358
 116041.7252107246
 116041.7252080608
 116041.7252159946
 116041.7256016107
 116041.7293156933
 116041.7472899757
 116041.8072273996
 116041.9657853821
 116042.324152091
 116043.0470157285
 116044.3849268233
 116046.700053531
 116050.4953299425
 116056.4469974012
 116065.4405388285
 116078.6100060569
 116097.3807401722
 116123.515484864
 116159.1638927837
 116206.9154249119
 116269.8556429337
 116351.6258946214
 116456.4863922271
 116589.3826838823
 116756.0155180076
 116962.9141007274
 117217.5127462967
 117528.2309205358
 117904.5566772671
 118357.133487769
 118897.8504632365
 119539.9359702423
 120298.054639219
 121188.407765924
 122228.8371059632
 123438.9320622513
 124840.1402655928
 126455.8815480559
 128311.6653096942
 130435.211277887
 132856.5736600157
 135608.2686889726
 138725.4055616631
 142245.8207707113
 146210.2158288081
 150662.2983865836
 155648.9267429389
 161220.257748796
 167429.8981036891
 174335.0590452819
 181996.7144321668
 190479.7622192302
 199853.1893267594
 210190.2399014321
 221568.5869715697
 234070.5074944846
 247783.0607972401
 262798.2704105523
 279213.3092949284
 297130.6884606501
 316658.4489810208
 337910.3573972554


# name: QUERY
# type: sq_string
# elements: 1
# length: 2
R1


# name: DATASIZE
# type: sq_string
# elements: 1
# length: 3
500


