# Created by Octave 4.0.0, Mon May 23 13:35:48 2016 CEST <peter@Independence>
# name: x
# type: matrix
# rows: 1
# columns: 100
 0.008333333333333333 0.008417508417508417 0.008501683501683501 0.008585858585858586 0.00867003367003367 0.008754208754208754 0.008838383838383838 0.008922558922558922 0.009006734006734006 0.00909090909090909 0.009175084175084175 0.009259259259259259 0.009343434343434343 0.009427609427609427 0.009511784511784511 0.009595959595959595 0.009680134680134679 0.009764309764309764 0.009848484848484848 0.009932659932659932 0.01001683501683502 0.0101010101010101 0.01018518518518518 0.01026936026936027 0.01035353535353535 0.01043771043771044 0.01052188552188552 0.0106060606060606 0.01069023569023569 0.01077441077441077 0.01085858585858586 0.01094276094276094 0.01102693602693603 0.01111111111111111 0.01119528619528619 0.01127946127946128 0.01136363636363636 0.01144781144781145 0.01153198653198653 0.01161616161616162 0.0117003367003367 0.01178451178451178 0.01186868686868687 0.01195286195286195 0.01203703703703704 0.01212121212121212 0.01220538720538721 0.01228956228956229 0.01237373737373737 0.01245791245791246 0.01254208754208754 0.01262626262626263 0.01271043771043771 0.01279461279461279 0.01287878787878788 0.01296296296296296 0.01304713804713805 0.01313131313131313 0.01321548821548822 0.0132996632996633 0.01338383838383838 0.01346801346801347 0.01355218855218855 0.01363636363636364 0.01372053872053872 0.0138047138047138 0.01388888888888889 0.01397306397306397 0.01405723905723906 0.01414141414141414 0.01422558922558922 0.01430976430976431 0.01439393939393939 0.01447811447811448 0.01456228956228956 0.01464646464646465 0.01473063973063973 0.01481481481481481 0.0148989898989899 0.01498316498316498 0.01506734006734007 0.01515151515151515 0.01523569023569023 0.01531986531986532 0.0154040404040404 0.01548821548821549 0.01557239057239057 0.01565656565656566 0.01574074074074074 0.01582491582491583 0.01590909090909091 0.01599326599326599 0.01607744107744108 0.01616161616161616 0.01624579124579124 0.01632996632996633 0.01641414141414142 0.0164983164983165 0.01658249158249158 0.01666666666666667


# name: y
# type: matrix
# rows: 100
# columns: 1
 145141.4646665222
 141555.8232001849
 138242.9835255941
 135188.7447752386
 132379.2856895288
 129801.1646167971
 127441.3195132976
 125287.0679432061
 123326.1070786204
 121546.5136995598
 119936.7441939657
 118485.6345577009
 117182.4003945504
 116016.6369162207
 114978.3189423403
 114057.8009004592
 113245.8168260494
 112533.4803625047
 111912.2847611406
 111374.1028811943
 110911.187189825
 110516.1697621136
 110182.0622810627
 109902.2560375968
 109670.5219305621
 109481.0104667266
 109328.2517607801
 109207.1555353343
 109113.0111209224
 109041.4874559997
 108988.6330869431
 108950.8761680514
 108925.024461545
 108908.2653375663
 108898.1657741794
 108892.6723573701
 108890.111281046
 108889.1883470368
 108888.9889650935
 108888.9781528892
 108889.0005360187
 108889.2803479985
 108890.4214302672
 108893.4072321847
 108899.6008110332
 108910.7448320162
 108928.9615682594
 108956.75290081
 108997.0003186371
 109052.9649186316
 109128.2874056061
 109226.9880922951
 109353.4668993549
 109512.5033553634
 109709.2565968204
 109949.2653681476
 110238.4480216882
 110583.1025177075
 110989.9064243925
 111465.9169178517
 112018.5707821159
 112655.6844091372
 113385.4537987897
 114216.4545588693
 115157.6419050937
 116218.3506611023
 117408.2952584564
 118737.5697366389
 120216.6477430547
 121856.3825330304
 123668.0069698142
 125663.1335245764
 127853.754276409
 130252.2409123255
 132871.3447272617
 135724.1966240747
 138824.3071135436
 142185.5663143694
 145822.2439531747
 149748.9893645038
 153980.8314908231
 158533.1788825206
 163421.819697906
 168662.9217032109
 174273.0322725888
 180269.0783881147
 186668.3666397856
 193488.5832255203
 200747.7939511591
 208464.4442304645
 216657.3590851207
 225345.7431447332
 234549.1806468298
 244287.6354368602
 254581.4509681952
 265451.3503021281
 276918.4361078737
 289004.1906625685
 301730.4758512706
 315119.5331669608


# name: QUERY
# type: sq_string
# elements: 1
# length: 2
R1


# name: DATASIZE
# type: sq_string
# elements: 1
# length: 3
500


