# Created by Octave 4.0.0, Mon May 23 13:35:48 2016 CEST <peter@Independence>
# name: x
# type: matrix
# rows: 1
# columns: 100
 0.008333333333333333 0.008417508417508417 0.008501683501683501 0.008585858585858586 0.00867003367003367 0.008754208754208754 0.008838383838383838 0.008922558922558922 0.009006734006734006 0.00909090909090909 0.009175084175084175 0.009259259259259259 0.009343434343434343 0.009427609427609427 0.009511784511784511 0.009595959595959595 0.009680134680134679 0.009764309764309764 0.009848484848484848 0.009932659932659932 0.01001683501683502 0.0101010101010101 0.01018518518518518 0.01026936026936027 0.01035353535353535 0.01043771043771044 0.01052188552188552 0.0106060606060606 0.01069023569023569 0.01077441077441077 0.01085858585858586 0.01094276094276094 0.01102693602693603 0.01111111111111111 0.01119528619528619 0.01127946127946128 0.01136363636363636 0.01144781144781145 0.01153198653198653 0.01161616161616162 0.0117003367003367 0.01178451178451178 0.01186868686868687 0.01195286195286195 0.01203703703703704 0.01212121212121212 0.01220538720538721 0.01228956228956229 0.01237373737373737 0.01245791245791246 0.01254208754208754 0.01262626262626263 0.01271043771043771 0.01279461279461279 0.01287878787878788 0.01296296296296296 0.01304713804713805 0.01313131313131313 0.01321548821548822 0.0132996632996633 0.01338383838383838 0.01346801346801347 0.01355218855218855 0.01363636363636364 0.01372053872053872 0.0138047138047138 0.01388888888888889 0.01397306397306397 0.01405723905723906 0.01414141414141414 0.01422558922558922 0.01430976430976431 0.01439393939393939 0.01447811447811448 0.01456228956228956 0.01464646464646465 0.01473063973063973 0.01481481481481481 0.0148989898989899 0.01498316498316498 0.01506734006734007 0.01515151515151515 0.01523569023569023 0.01531986531986532 0.0154040404040404 0.01548821548821549 0.01557239057239057 0.01565656565656566 0.01574074074074074 0.01582491582491583 0.01590909090909091 0.01599326599326599 0.01607744107744108 0.01616161616161616 0.01624579124579124 0.01632996632996633 0.01641414141414142 0.0164983164983165 0.01658249158249158 0.01666666666666667


# name: y
# type: matrix
# rows: 100
# columns: 1
 87801.55190094039
 92143.56188457363
 96262.43607717623
 100164.0605219445
 103854.3212620749
 107339.1043407636
 110624.295801207
 113715.7816866013
 116619.4480401429
 119341.1809050281
 121886.8663244533
 124262.3903416147
 126473.6389997086
 128526.4983419315
 130426.8544114795
 132180.593251549
 133793.6009053364
 135271.7634160379
 136620.9668268499
 137847.0971809686
 138956.0405215905
 139953.6828919118
 140845.9103351288
 141638.6088944378
 142337.6646130352
 142948.9635341173
 143478.3917008804
 143931.8351565208
 144315.1799442348
 144634.3121072188
 144895.117688669
 145103.4827317819
 145265.2932797536
 145386.4353757805
 145472.795063059
 145530.2583847853
 145564.7113841558
 145582.0401043668
 145588.1305886146
 145588.8688800954
 145590.1410220058
 145597.8330575418
 145617.8310299
 145656.0209822765
 145718.2889578677
 145810.52099987
 145938.6031514796
 146108.4214558928
 146325.861956306
 146596.8106959155
 146927.1537179176
 147322.7770655086
 147789.5667818848
 148333.4089102426
 148960.1894937783
 149675.7945756881
 150486.1101991685
 151397.0224074157
 152414.417243626
 153544.1807509958
 154792.1989727214
 156164.357951999
 157666.543732025
 159304.6423559958
 161084.5398671076
 163012.1223085568
 165093.2757235396
 167333.8861552524
 169739.8396468915
 172317.0222416533
 175071.319982734
 178008.61891333
 181134.8050766375
 184455.7645158529
 187977.3832741725
 191705.5473947928
 195646.1429209097
 199805.0558957199
 204188.1723624195
 208801.378364205
 213650.5599442724
 218741.6031458185
 224080.3940120391
 229672.8185861309
 235524.7629112901
 241642.1130307129
 248030.7549875957
 254696.574825135
 261645.4585865267
 268883.2923149675
 276415.9620536537
 284249.3538457813
 292389.3537345468
 300841.8477631467
 309612.7219747769
 318707.8624126342
 328133.1551199147
 337894.4861398145
 347997.7415155302
 358448.8072902581


# name: QUERY
# type: sq_string
# elements: 1
# length: 2
R1


# name: DATASIZE
# type: sq_string
# elements: 1
# length: 3
500


