# Created by Octave 3.8.2, Wed May 18 17:56:43 2016 CEST <Andrea@Andreas-MacBook-Pro.local>
# name: x
# type: matrix
# rows: 1
# columns: 100
 0.008333333333333333 0.008417508417508417 0.008501683501683501 0.008585858585858586 0.00867003367003367 0.008754208754208754 0.008838383838383838 0.008922558922558922 0.009006734006734006 0.00909090909090909 0.009175084175084175 0.009259259259259259 0.009343434343434343 0.009427609427609427 0.009511784511784511 0.009595959595959595 0.009680134680134679 0.009764309764309764 0.009848484848484848 0.009932659932659932 0.01001683501683502 0.0101010101010101 0.01018518518518518 0.01026936026936027 0.01035353535353535 0.01043771043771044 0.01052188552188552 0.0106060606060606 0.01069023569023569 0.01077441077441077 0.01085858585858586 0.01094276094276094 0.01102693602693603 0.01111111111111111 0.01119528619528619 0.01127946127946128 0.01136363636363636 0.01144781144781145 0.01153198653198653 0.01161616161616161 0.0117003367003367 0.01178451178451178 0.01186868686868687 0.01195286195286195 0.01203703703703704 0.01212121212121212 0.01220538720538721 0.01228956228956229 0.01237373737373737 0.01245791245791246 0.01254208754208754 0.01262626262626263 0.01271043771043771 0.01279461279461279 0.01287878787878788 0.01296296296296296 0.01304713804713805 0.01313131313131313 0.01321548821548822 0.0132996632996633 0.01338383838383838 0.01346801346801347 0.01355218855218855 0.01363636363636364 0.01372053872053872 0.0138047138047138 0.01388888888888889 0.01397306397306397 0.01405723905723906 0.01414141414141414 0.01422558922558922 0.01430976430976431 0.01439393939393939 0.01447811447811448 0.01456228956228956 0.01464646464646465 0.01473063973063973 0.01481481481481481 0.0148989898989899 0.01498316498316498 0.01506734006734007 0.01515151515151515 0.01523569023569023 0.01531986531986532 0.0154040404040404 0.01548821548821549 0.01557239057239057 0.01565656565656566 0.01574074074074074 0.01582491582491583 0.01590909090909091 0.01599326599326599 0.01607744107744108 0.01616161616161616 0.01624579124579124 0.01632996632996633 0.01641414141414141 0.0164983164983165 0.01658249158249158 0.01666666666666667


# name: y
# type: matrix
# rows: 100
# columns: 1
 135833.5467365907
 133617.1876539546
 131679.5103930855
 129991.7478093203
 128527.4198234978
 127262.2088494861
 126173.8387113179
 125241.957049293
 124448.0212151661
 123775.1876566315
 123208.2047912002
 122733.3093686856
 122338.1263236845
 122011.572116494
 121743.7615636908
 121525.9181577278
 121350.2878757368
 121210.0564775235
 121099.2702927716
 121012.7604974055
 120946.0708791697
 120895.3890923819
 120857.4814018811
 120829.6309161628
 120809.5793097052
 120795.4720344865
 120785.8070206881
 120779.3868665895
 120775.2745176521
 120772.7524347926
 120771.2852518457
 120770.4859222166
 120770.0853547223
 120769.9055386234
 120769.8361578443
 120769.8146943837
 120769.8100209138
 120769.80948257
 120769.8094679288
 120769.8094691766
 120769.8096314665
 120769.8117914656
 120769.8240050915
 120769.8685644381
 120769.9935038913
 120770.2875954332
 120770.8988331373
 120772.0564068516
 120774.0961650722
 120777.489567006
 120782.8761238231
 120791.0993290982
 120803.2460784418
 120820.6895783209
 120845.1357440694
 120878.6730870871
 120923.826091229
 120983.6120783835
 121061.6015632427
 121161.9820972595
 121289.6256017826
 121450.1591904147
 121650.0394805223
 121896.6303939521
 122198.2844469559
 122564.427529247
 123005.6471723134
 123533.784306894
 124162.0285096121
 124905.0167388414
 125778.935559777
 126801.6268585973
 127992.6970460492
 129373.6297497757
 130967.9019963794
 132801.103882296
 134901.0617338449
 137297.964757094
 140024.4951756196
 143115.9618590818
 146610.4374392211
 150548.8989175033
 154975.371758391
 159937.0774759109
 165484.5847052487
 171671.963767947
 178556.9447216204
 186201.0789031587
 194669.9039592019
 204033.1123625729
 214364.7234248178
 225743.2587946609
 238251.9214401384
 251978.7781316376
 267016.9454005184
 283464.7790013232
 301426.0668491016
 321010.2254566278
 342332.499857561
 365514.1670123934


# name: QUERY
# type: sq_string
# elements: 1
# length: 2
R1


# name: DATASIZE
# type: sq_string
# elements: 1
# length: 3
500


