# Created by Octave 3.8.2, Wed May 18 17:56:43 2016 CEST <Andrea@Andreas-MacBook-Pro.local>
# name: x
# type: matrix
# rows: 1
# columns: 100
 0.008333333333333333 0.008417508417508417 0.008501683501683501 0.008585858585858586 0.00867003367003367 0.008754208754208754 0.008838383838383838 0.008922558922558922 0.009006734006734006 0.00909090909090909 0.009175084175084175 0.009259259259259259 0.009343434343434343 0.009427609427609427 0.009511784511784511 0.009595959595959595 0.009680134680134679 0.009764309764309764 0.009848484848484848 0.009932659932659932 0.01001683501683502 0.0101010101010101 0.01018518518518518 0.01026936026936027 0.01035353535353535 0.01043771043771044 0.01052188552188552 0.0106060606060606 0.01069023569023569 0.01077441077441077 0.01085858585858586 0.01094276094276094 0.01102693602693603 0.01111111111111111 0.01119528619528619 0.01127946127946128 0.01136363636363636 0.01144781144781145 0.01153198653198653 0.01161616161616161 0.0117003367003367 0.01178451178451178 0.01186868686868687 0.01195286195286195 0.01203703703703704 0.01212121212121212 0.01220538720538721 0.01228956228956229 0.01237373737373737 0.01245791245791246 0.01254208754208754 0.01262626262626263 0.01271043771043771 0.01279461279461279 0.01287878787878788 0.01296296296296296 0.01304713804713805 0.01313131313131313 0.01321548821548822 0.0132996632996633 0.01338383838383838 0.01346801346801347 0.01355218855218855 0.01363636363636364 0.01372053872053872 0.0138047138047138 0.01388888888888889 0.01397306397306397 0.01405723905723906 0.01414141414141414 0.01422558922558922 0.01430976430976431 0.01439393939393939 0.01447811447811448 0.01456228956228956 0.01464646464646465 0.01473063973063973 0.01481481481481481 0.0148989898989899 0.01498316498316498 0.01506734006734007 0.01515151515151515 0.01523569023569023 0.01531986531986532 0.0154040404040404 0.01548821548821549 0.01557239057239057 0.01565656565656566 0.01574074074074074 0.01582491582491583 0.01590909090909091 0.01599326599326599 0.01607744107744108 0.01616161616161616 0.01624579124579124 0.01632996632996633 0.01641414141414141 0.0164983164983165 0.01658249158249158 0.01666666666666667


# name: y
# type: matrix
# rows: 100
# columns: 1
 194272.6614983774
 189848.7804408971
 185542.2363852748
 181353.0293315229
 177281.1592796405
 173326.6262296266
 169489.4301814788
 165769.5711352003
 162167.049090789
 158681.8640482438
 155314.0160075708
 152063.5049687638
 148930.3309318259
 145914.4938967557
 143015.9938635529
 140234.8308322175
 137571.004802751
 135024.5157751507
 132595.3637494207
 130283.5487255582
 128089.070703563
 126011.9296834363
 124052.1256651765
 122209.6586487864
 120484.5286342637
 118876.7356216086
 117386.2796108219
 116013.160601903
 114757.3785948523
 113618.9335896693
 112597.8255863543
 111694.0545849077
 110907.6205853289
 110238.5235876181
 109686.7635917752
 109252.3405978004
 108935.2546056936
 108735.5056154548
 108653.093627084
 108688.0186405812
 108840.2806559464
 109109.8796731796
 109496.8156922808
 110001.0887132499
 110622.6987360872
 111361.6457607924
 112217.9297873656
 113191.5508158068
 114282.5088461163
 115490.8038782933
 116816.4359123382
 118259.404948252
 119819.7109860329
 121497.3540256821
 123292.3340671993
 125204.6511105845
 127234.3051558382
 129381.2962029588
 131645.6242519476
 134027.2893028063
 136526.2913555313
 139142.6304101241
 141876.306466584
 144727.3195249132
 147695.6695851107
 150781.3566471785
 153984.3807111103
 157304.7417769131
 160742.4398445817
 164297.4749141174
 167969.8469855209
 171759.5560587937
 175666.602133935
 179690.9852109461
 183832.7052898218
 188091.7623705713
 192468.1564531825
 196961.8875376669
 201572.955624019
 206301.3607122337
 211147.1028023126
 216110.1818942667
 221190.5979880889
 226388.3510837826
 231703.4411813364
 237135.8682807616
 242685.6323820537
 248352.7334852111
 254137.1715902472
 260038.9466971435
 266058.0588059056
 272194.5079165415
 278448.2940290382
 284819.4171434187
 291307.8772596451
 297913.6743777571
 304636.808497725
 311477.2796195673
 318435.0877432767
 325510.2328688568


# name: QUERY
# type: sq_string
# elements: 1
# length: 2
R1


# name: DATASIZE
# type: sq_string
# elements: 1
# length: 3
500


