# Created by Octave 3.8.2, Wed May 18 17:56:43 2016 CEST <Andrea@Andreas-MacBook-Pro.local>
# name: x
# type: matrix
# rows: 1
# columns: 100
 0.008333333333333333 0.008417508417508417 0.008501683501683501 0.008585858585858586 0.00867003367003367 0.008754208754208754 0.008838383838383838 0.008922558922558922 0.009006734006734006 0.00909090909090909 0.009175084175084175 0.009259259259259259 0.009343434343434343 0.009427609427609427 0.009511784511784511 0.009595959595959595 0.009680134680134679 0.009764309764309764 0.009848484848484848 0.009932659932659932 0.01001683501683502 0.0101010101010101 0.01018518518518518 0.01026936026936027 0.01035353535353535 0.01043771043771044 0.01052188552188552 0.0106060606060606 0.01069023569023569 0.01077441077441077 0.01085858585858586 0.01094276094276094 0.01102693602693603 0.01111111111111111 0.01119528619528619 0.01127946127946128 0.01136363636363636 0.01144781144781145 0.01153198653198653 0.01161616161616161 0.0117003367003367 0.01178451178451178 0.01186868686868687 0.01195286195286195 0.01203703703703704 0.01212121212121212 0.01220538720538721 0.01228956228956229 0.01237373737373737 0.01245791245791246 0.01254208754208754 0.01262626262626263 0.01271043771043771 0.01279461279461279 0.01287878787878788 0.01296296296296296 0.01304713804713805 0.01313131313131313 0.01321548821548822 0.0132996632996633 0.01338383838383838 0.01346801346801347 0.01355218855218855 0.01363636363636364 0.01372053872053872 0.0138047138047138 0.01388888888888889 0.01397306397306397 0.01405723905723906 0.01414141414141414 0.01422558922558922 0.01430976430976431 0.01439393939393939 0.01447811447811448 0.01456228956228956 0.01464646464646465 0.01473063973063973 0.01481481481481481 0.0148989898989899 0.01498316498316498 0.01506734006734007 0.01515151515151515 0.01523569023569023 0.01531986531986532 0.0154040404040404 0.01548821548821549 0.01557239057239057 0.01565656565656566 0.01574074074074074 0.01582491582491583 0.01590909090909091 0.01599326599326599 0.01607744107744108 0.01616161616161616 0.01624579124579124 0.01632996632996633 0.01641414141414141 0.0164983164983165 0.01658249158249158 0.01666666666666667


# name: y
# type: matrix
# rows: 100
# columns: 1
 87374.29586754928
 91419.87016768179
 95253.69700414311
 98881.4681530425
 102308.8753904888
 105541.6104925913
 108585.3652354588
 111445.8313952005
 114128.7007479254
 116639.6650697426
 118984.4161367611
 121168.64572509
 123198.0456108383
 125078.3075701151
 126815.1233790294
 128414.1848136903
 129881.1836502069
 131221.8116646881
 132441.760633243
 133546.7223319807
 134542.3885370103
 135434.4510244408
 136228.6015703811
 136930.5319509405
 137545.9339422279
 138080.4993203525
 138539.9198614231
 138929.887341549
 139256.0935368391
 139524.2302234025
 139739.9891773483
 139909.0621747855
 140037.1409918231
 140129.9174045702
 140193.0831891359
 140232.3301216292
 140253.3499781592
 140261.8345348348
 140263.4755677653
 140263.9648530595
 140268.9941668267
 140284.2552851757
 140315.4399842157
 140368.2400400557
 140448.3472288048
 140561.4533265721
 140713.2501094665
 140909.4293535971
 141155.682835073
 141457.7023300033
 141821.1796144969
 142251.806464663
 142755.2746566105
 143337.2759664486
 144003.5021702863
 144759.6450442326
 145611.3963643966
 146564.4479068874
 147624.4914478139
 148797.2187632853
 150088.3216294106
 151503.4918222989
 153048.4211180591
 154728.8012928004
 156550.3241226318
 158518.6813836624
 160639.5648520012
 162918.6663037572
 165361.6775150395
 167974.2902619572
 170762.1963206193
 173731.0874671349
 176886.655477613
 180234.5921281627
 183780.5891948929
 187530.3384539129
 191489.5316813316
 195663.860653258
 200059.0171458013
 204680.6929350704
 209534.5797971745
 214626.3695082226
 219961.7538443237
 225546.4245815869
 231386.0734961212
 237486.3923640357
 243853.0729614394
 250491.8070644415
 257408.2864491509
 264608.2028916766
 272097.248168128
 279881.1140546135
 287965.4923272427
 296356.0747621247
 305058.5531353682
 314078.6192230823
 323421.9648013762
 333094.2816463589
 343101.2615341396
 353448.5962408272


# name: QUERY
# type: sq_string
# elements: 1
# length: 2
R1


# name: DATASIZE
# type: sq_string
# elements: 1
# length: 3
500


