# Created by Octave 4.0.0, Wed May 11 16:24:20 2016 CEST <peter@Independence>
# name: y
# type: matrix
# rows: 1
# columns: 100
 768211.7040991402 768121.0409680412 768030.3778369421 767939.7147058429 767849.0515747438 767758.3884436447 767667.7253125457 767577.0621814465 767486.3990503474 767395.7359192483 767305.0727881491 767214.40965705 767123.746525951 767033.0833948518 766942.4202637527 766851.7571326536 766761.0940015545 766670.4308704553 766579.7677393563 766489.1046082572 766398.441477158 766307.7783460589 766217.1152149598 766126.4520838606 766035.7889527616 765945.1258216625 765854.4626905633 765763.7995594642 765673.1364283651 765582.4732972661 765491.8101661669 765401.1470350678 765310.4839039687 765219.8207728695 765129.1576417704 765038.4945106714 764947.8313795722 764857.1682484731 764766.505117374 764675.8419862749 764585.1788551757 764494.5157240767 764403.8525929776 764313.1894618784 764222.5263307793 764131.8631996802 764041.200068581 763950.536937482 763859.8738063829 763769.2106752837 763678.5475441846 763587.8844130855 763497.2212819865 763406.5581508873 763315.8950197882 763225.2318886891 763134.5687575899 763043.9056264908 762953.2424953918 762862.5793642926 762771.9162331935 762681.2531020944 762590.5899709953 762499.9268398961 762409.2637087971 762318.600577698 762227.9374465988 762137.2743154997 762046.6111844006 761955.9480533014 761865.2849222024 761774.6217911033 761683.9586600042 761593.295528905 761502.6323978059 761411.9692667068 761321.3061356077 761230.6430045086 761139.9798734095 761049.3167423103 760958.6536112112 760867.9904801121 760777.327349013 760686.6642179139 760596.0010868148 760505.3379557157 760414.6748246165 760324.0116935174 760233.3485624184 760142.6854313192 760052.0223002201 759961.359169121 759870.6960380218 759780.0329069227 759689.3697758237 759598.7066447246 759508.0435136254 759417.3803825263 759326.7172514272 759236.054120328


