# Created by Octave 4.0.0, Wed May 11 16:24:20 2016 CEST <peter@Independence>
# name: y
# type: matrix
# rows: 100
# columns: 1
 764255.50189827
 765869.4352353815
 767417.2628961407
 768900.3672106462
 770320.1305089964
 771677.9351212899
 772975.1633776249
 774213.1976081001
 775393.4201428138
 776517.2133118644
 777585.9594453506
 778601.0408733707
 779563.8399260232
 780475.7389334063
 781338.1202256189
 782152.3661327591
 782919.8589849257
 783641.9811122167
 784320.1148447309
 784955.6425125668
 785549.9464458226
 786104.4089745969
 786620.412428988
 787099.3391390946
 787542.5714350151
 787951.4916468478
 788327.4821046912
 788671.9251386439
 788986.2030788043
 789271.6982552707
 789529.7929981418
 789761.8696375159
 789969.3105034914
 790153.497926167
 790315.8142356409
 790457.6417620117
 790580.3628353778
 790685.3597858376
 790774.0149434897
 790847.7106384324
 790907.8292007644
 790955.7529605839
 790992.8642479894
 791020.5453930795
 791040.1787259525
 791053.1465767069
 791060.8312754412
 791064.6151522539
 791065.8805372432
 791066.009760508
 791066.3851521463
 791068.3890422567
 791073.403760938
 791082.8116382881
 791097.9950044058
 791120.3361893895
 791151.2175233376
 791192.0213363486
 791244.129958521
 791308.9257199531
 791387.7909507436
 791482.1079809907
 791593.259140793
 791722.6267602489
 791871.5931694569
 792041.5406985155
 792233.851677523
 792449.908436578
 792691.0933057789
 792958.7886152242
 793254.3766950122
 793579.2398752416
 793934.7604860107
 794322.320857418
 794743.3033195619
 795199.0902025409
 795691.0638364535
 796220.6065513981
 796789.100677473
 797397.928544777
 798048.4724834083
 798742.1148234655
 799480.2378950469
 800264.2240282511
 801095.4555531766
 801975.3147999217
 802905.1840985848
 803886.4457792646
 804920.4821720594
 806008.6756070676
 807152.4084143878
 808353.0629241185
 809612.0214663579
 810930.6663712047
 812310.3799687572
 813752.5445891139
 815258.5425623733
 816829.7562186338
 818467.567887994
 820173.3599005521


