# Created by Octave 4.0.0, Wed May 11 16:24:20 2016 CEST <peter@Independence>
# name: y
# type: matrix
# rows: 100
# columns: 1
 711257.3581455753
 712415.5576019881
 713573.757058401
 714731.9565148139
 715890.1559712269
 717048.3554276398
 718206.5548840527
 719364.7543404655
 720522.9537968785
 721681.1532532914
 722839.3527097043
 723997.5521661172
 725155.75162253
 726313.9510789431
 727472.150535356
 728630.3499917688
 729788.5494481818
 730946.7489045947
 732104.9483610075
 733263.1478174205
 734421.3472738334
 735579.5467302463
 736737.7461866592
 737895.9456430721
 739054.1450994851
 740212.344555898
 741370.5440123109
 742528.7434687238
 743686.9429251367
 744845.1423815496
 746003.3418379625
 747161.5412943754
 748319.7407507884
 749477.9402072013
 750636.1396636141
 751794.339120027
 752952.53857644
 754110.7380328529
 755268.9374892658
 756427.1369456787
 757585.3364020917
 758743.5358585045
 759901.7353149174
 761059.9347713303
 762218.1342277433
 763376.3336841562
 764534.5331405691
 765692.7325969819
 766850.9320533948
 768009.1315098078
 769167.3309662207
 770325.5304226336
 771483.7298790466
 772641.9293354594
 773800.1287918723
 774958.3282482852
 776116.5277046982
 777274.7271611111
 778432.926617524
 779591.1260739369
 780749.3255303497
 781907.5249867627
 783065.7244431756
 784223.9238995885
 785382.1233560015
 786540.3228124144
 787698.5222688273
 788856.7217252401
 790014.921181653
 791173.120638066
 792331.3200944789
 793489.5195508918
 794647.7190073048
 795805.9184637177
 796964.1179201305
 798122.3173765434
 799280.5168329563
 800438.7162893693
 801596.9157457822
 802755.115202195
 803913.3146586081
 805071.5141150209
 806229.7135714338
 807387.9130278467
 808546.1124842596
 809704.3119406726
 810862.5113970854
 812020.7108534983
 813178.9103099112
 814337.1097663242
 815495.3092227371
 816653.50867915
 817811.7081355629
 818969.9075919758
 820128.1070483888
 821286.3065048016
 822444.5059612145
 823602.7054176275
 824760.9048740404
 825919.1043304532


