# Created by Octave 4.0.0, Wed May 11 16:24:20 2016 CEST <peter@Independence>
# name: y
# type: matrix
# rows: 100
# columns: 1
 664085.1536229529
 667047.2667587161
 670032.3285498773
 673038.7458785478
 676064.9011859167
 679109.1540173854
 682169.8425991246
 685245.2854438012
 688333.7829831652
 691433.6192251482
 694543.0634330763
 697660.3718245692
 700783.7892876621
 703911.5511116611
 707041.8847302169
 710173.0114740917
 713303.1483310714
 716430.5097104771
 719553.3092097205
 722669.7613803518
 725778.0834910593
 728876.4972850846
 731963.2307295441
 735036.5197541567
 738094.6099769177
 741135.7584142778
 744158.2351734295
 747160.3251243402
 750140.3295492156
 753096.5677671268
 756027.3787315865
 758931.1225989155
 761806.1822653033
 764650.9648705303
 767463.9032663832
 770243.4574478725
 772988.1159454297
 775696.3971763414
 778366.8507537567
 780998.0587516879
 783588.6369245073
 786137.235879531
 788642.5422013701
 791103.2795268197
 793518.2095691477
 795886.1330907414
 798205.8908231598
 800476.3643337431
 802696.4768380155
 804865.1939572279
 806981.5244204706
 809044.5207108936
 811053.2796556629
 813006.9429593786
 814904.6976807783
 816745.7766526416
 818529.4588449094
 820255.0696711172
 821921.9812383438
 823529.6125409536
 825077.4295985132
 826564.9455383358
 827991.7206231996
 829357.3622248659
 830661.5247441018
 831903.9094779894
 833084.2644353793
 834202.3841014155
 835258.1091521317
 836251.3261201777
 837181.9670128097
 838050.0088833206
 838855.4733571634
 839598.4261140543
 840278.9763274076
 840897.2760624916
 841453.5196347395
 841947.9429296954
 842380.8226861
 842752.4757436645
 843063.2582571032
 843313.5648780229
 843503.8279062944
 843634.516412537
 843706.1353333805
 843719.2245411637
 843674.3578897492
 843572.1422381337
 843413.2164535359
 843198.2503956455
 842927.9438837076
 842603.0256481169
 842224.2522681785
 841792.4070976841
 841308.2991799343
 840772.7621538218
 840186.6531525661
 839550.8516966688
 838866.2585826361
 838133.7947689786


