# Created by Octave 4.0.0, Wed May 11 16:16:16 2016 CEST <peter@Independence>
# name: y
# type: matrix
# rows: 1
# columns: 100
 155766.4843350402 156048.4168066596 156330.3492782791 156612.2817498986 156894.214221518 157176.1466931375 157458.0791647569 157740.0116363764 158021.9441079958 158303.8765796153 158585.8090512347 158867.7415228542 159149.6739944736 159431.6064660931 159713.5389377126 159995.471409332 160277.4038809515 160559.3363525709 160841.2688241904 161123.2012958098 161405.1337674293 161687.0662390488 161968.9987106682 162250.9311822877 162532.8636539071 162814.7961255266 163096.7285971461 163378.6610687655 163660.593540385 163942.5260120044 164224.4584836239 164506.3909552433 164788.3234268628 165070.2558984822 165352.1883701017 165634.1208417211 165916.0533133406 166197.9857849601 166479.9182565795 166761.850728199 167043.7831998184 167325.7156714379 167607.6481430573 167889.5806146768 168171.5130862962 168453.4455579157 168735.3780295351 169017.3105011546 169299.2429727741 169581.1754443935 169863.107916013 170145.0403876324 170426.9728592519 170708.9053308713 170990.8378024908 171272.7702741103 171554.7027457297 171836.6352173492 172118.5676889686 172400.5001605881 172682.4326322076 172964.365103827 173246.2975754465 173528.2300470659 173810.1625186854 174092.0949903048 174374.0274619243 174655.9599335437 174937.8924051632 175219.8248767827 175501.7573484021 175783.6898200216 176065.622291641 176347.5547632605 176629.4872348799 176911.4197064994 177193.3521781188 177475.2846497383 177757.2171213577 178039.1495929772 178321.0820645967 178603.0145362161 178884.9470078356 179166.879479455 179448.8119510745 179730.7444226939 180012.6768943134 180294.6093659328 180576.5418375523 180858.4743091718 181140.4067807912 181422.3392524107 181704.2717240301 181986.2041956496 182268.136667269 182550.0691388885 182832.001610508 183113.9340821274 183395.8665537469 183677.7990253663


