# Created by Octave 4.0.0, Wed May 11 16:16:16 2016 CEST <peter@Independence>
# name: y
# type: matrix
# rows: 100
# columns: 1
 146778.290778429
 146922.9115345064
 147061.7687692639
 147194.9796796531
 147322.6614626257
 147444.9313151333
 147561.9064341274
 147673.7040165599
 147780.4412593822
 147882.235359546
 147979.203514003
 148071.4629197047
 148159.1307736028
 148242.324272649
 148321.1606137948
 148395.7569939919
 148466.2306101919
 148532.6986593465
 148595.2783384072
 148654.0868443258
 148709.2413740538
 148760.8591245429
 148809.0572927447
 148853.9530756108
 148895.6636700929
 148934.3062731425
 148969.9980817114
 149002.8562927512
 149032.9981032134
 149060.5407100498
 149085.6013102119
 149108.2971006513
 149128.7452783198
 149147.0630401689
 149163.3675831503
 149177.7761042156
 149190.4058003164
 149201.3738684044
 149210.7975054311
 149218.7939083483
 149225.4802741075
 149230.9737996605
 149235.3916819587
 149238.8511179538
 149241.4693045975
 149243.3634388415
 149244.6507176372
 149245.4483379365
 149245.8734966908
 149246.0433908518
 149246.0752173712
 149246.0861732006
 149246.1934552916
 149246.5142605958
 149247.1657860649
 149248.2652286505
 149249.9297853043
 149252.2766529778
 149255.4230286227
 149259.4861091906
 149264.5830916332
 149270.8311729021
 149278.3475499489
 149287.2494197252
 149297.6539791828
 149309.6784252731
 149323.4399549479
 149339.0557651587
 149356.6430528573
 149376.3190149952
 149398.200848524
 149422.4057503954
 149449.050917561
 149478.2535469726
 149510.1308355815
 149544.7999803396
 149582.3781781985
 149622.9826261097
 149666.7305210249
 149713.7390598957
 149764.1254396739
 149818.0068573109
 149875.5005097584
 149936.7235939681
 150001.7933068916
 150070.8268454805
 150143.9414066864
 150221.254187461
 150302.8823847559
 150388.9431955228
 150479.5538167132
 150574.8314452789
 150674.8932781713
 150779.8565123422
 150889.8383447432
 151004.955972326
 151125.3265920421
 151251.0674008431
 151382.2955956808
 151519.1283735067


