# Created by Octave 4.0.0, Wed May 11 16:16:16 2016 CEST <peter@Independence>
# name: y
# type: matrix
# rows: 100
# columns: 1
 135280.6219754928
 135967.9840370425
 136655.3460985923
 137342.7081601421
 138030.0702216918
 138717.4322832416
 139404.7943447913
 140092.1564063411
 140779.5184678908
 141466.8805294405
 142154.2425909903
 142841.6046525401
 143528.9667140898
 144216.3287756396
 144903.6908371893
 145591.0528987391
 146278.4149602888
 146965.7770218386
 147653.1390833883
 148340.5011449381
 149027.8632064878
 149715.2252680376
 150402.5873295873
 151089.9493911371
 151777.3114526868
 152464.6735142366
 153152.0355757863
 153839.3976373361
 154526.7596988858
 155214.1217604356
 155901.4838219853
 156588.8458835351
 157276.2079450848
 157963.5700066346
 158650.9320681843
 159338.2941297341
 160025.6561912838
 160713.0182528336
 161400.3803143833
 162087.7423759331
 162775.1044374828
 163462.4664990326
 164149.8285605823
 164837.1906221321
 165524.5526836818
 166211.9147452316
 166899.2768067813
 167586.6388683311
 168274.0009298808
 168961.3629914306
 169648.7250529803
 170336.0871145301
 171023.4491760798
 171710.8112376296
 172398.1732991793
 173085.5353607291
 173772.8974222788
 174460.2594838286
 175147.6215453784
 175834.9836069281
 176522.3456684779
 177209.7077300276
 177897.0697915773
 178584.4318531271
 179271.7939146768
 179959.1559762266
 180646.5180377763
 181333.8800993261
 182021.2421608758
 182708.6042224256
 183395.9662839753
 184083.3283455251
 184770.6904070749
 185458.0524686246
 186145.4145301743
 186832.7765917241
 187520.1386532738
 188207.5007148236
 188894.8627763734
 189582.2248379231
 190269.5868994729
 190956.9489610226
 191644.3110225724
 192331.6730841221
 193019.0351456719
 193706.3972072216
 194393.7592687714
 195081.1213303211
 195768.4833918709
 196455.8454534206
 197143.2075149704
 197830.5695765201
 198517.9316380699
 199205.2936996196
 199892.6557611694
 200580.0178227191
 201267.3798842689
 201954.7419458186
 202642.1040073684
 203329.4660689181


