# Created by Octave 4.0.0, Wed May 11 16:16:16 2016 CEST <peter@Independence>
# name: y
# type: matrix
# rows: 100
# columns: 1
 117026.2871561724
 117341.6682937654
 117683.7341461529
 118052.3859640286
 118447.5055764969
 118868.9554242881
 119316.5786147657
 119790.1989987432
 120289.6212690952
 120814.6310811155
 121364.9951945397
 121940.4616371203
 122540.7598896055
 123165.6010919441
 123814.6782705041
 124487.6665860594
 125184.2236022715
 125903.9895743555
 126646.5877575941
 127411.62473533
 128198.690766036
 129007.3601490372
 129837.191608425
 130687.7286946806
 131558.5002034935
 132449.0206112373
 133358.79052654
 134287.2971573577
 135234.0147929419
 136198.4053000652
 137179.9186328489
 138177.9933555181
 139192.0571773866
 140221.5274993608
 141265.811971231
 142324.3090590058
 143396.4086215294
 144481.4924956092
 145578.9350888706
 146688.1039795444
 147808.3605223827
 148939.0604598948
 150079.5545380851
 151229.1891258718
 152387.3068373626
 153553.2471561605
 154726.3470608733
 155905.9416509999
 157091.3647723715
 158281.9496413258
 159477.029466802
 160675.9380695451
 161878.0104976225
 163082.5836374591
 164288.9968196104
 165496.5924185055
 166704.7164454024
 167912.7191338141
 169119.9555166784
 170325.7859945617
 171529.5768942035
 172730.7010167273
 173928.5381748648
 175122.4757185582
 176311.9090483298
 177496.2421158286
 178674.8879109883
 179847.2689352546
 181012.8176603642
 182170.9769721848
 183321.2005991508
 184462.9535248557
 185595.7123843907
 186718.9658440467
 187832.2149640234
 188934.9735438209
 190026.7684500157
 191107.1399261524
 192175.6418845128
 193231.8421795539
 194275.3228628333
 195305.6804192735
 196322.5259846434
 197325.4855441674
 198314.2001121985
 199288.3258929244
 200247.5344221025
 201191.512689848
 202119.9632445297
 203032.6042778533
 203929.1696912411
 204809.4091436433
 205673.088080943
 206519.9877471418
 207349.9051775386
 208162.6531741392
 208958.0602635573
 209735.9706376908
 210496.2440774791
 211238.7558600701


