# Created by Octave 4.0.0, Wed May 18 23:47:14 2016 CEST <peter@Independence>
# name: x
# type: matrix
# rows: 1
# columns: 100
 60 60.60606060606061 61.21212121212121 61.81818181818181 62.42424242424242 63.03030303030303 63.63636363636364 64.24242424242425 64.84848484848484 65.45454545454545 66.06060606060606 66.66666666666667 67.27272727272728 67.87878787878788 68.48484848484848 69.09090909090909 69.6969696969697 70.30303030303031 70.90909090909091 71.51515151515152 72.12121212121212 72.72727272727272 73.33333333333333 73.93939393939394 74.54545454545455 75.15151515151516 75.75757575757575 76.36363636363636 76.96969696969697 77.57575757575758 78.18181818181819 78.78787878787878 79.39393939393939 80 80.60606060606061 81.21212121212122 81.81818181818181 82.42424242424242 83.03030303030303 83.63636363636364 84.24242424242425 84.84848484848484 85.45454545454545 86.06060606060606 86.66666666666667 87.27272727272727 87.87878787878788 88.48484848484848 89.09090909090909 89.6969696969697 90.30303030303031 90.90909090909091 91.51515151515152 92.12121212121212 92.72727272727272 93.33333333333333 93.93939393939394 94.54545454545455 95.15151515151516 95.75757575757576 96.36363636363636 96.96969696969697 97.57575757575758 98.18181818181819 98.78787878787878 99.39393939393939 100 100.6060606060606 101.2121212121212 101.8181818181818 102.4242424242424 103.030303030303 103.6363636363636 104.2424242424242 104.8484848484848 105.4545454545455 106.0606060606061 106.6666666666667 107.2727272727273 107.8787878787879 108.4848484848485 109.0909090909091 109.6969696969697 110.3030303030303 110.9090909090909 111.5151515151515 112.1212121212121 112.7272727272727 113.3333333333333 113.9393939393939 114.5454545454545 115.1515151515152 115.7575757575758 116.3636363636364 116.969696969697 117.5757575757576 118.1818181818182 118.7878787878788 119.3939393939394 120


# name: y
# type: matrix
# rows: 100
# columns: 1
 84555.96154889152
 84549.15452430968
 84540.82615998131
 84530.99793490535
 84519.69822836856
 84506.96215078124
 84492.83132206602
 84477.35359925347
 84460.58275545362
 84442.57811286554
 84423.4041329527
 84403.12996734354
 84381.8289734096
 84359.57819882427
 84336.45783970669
 84312.55067720897
 84287.94149760237
 84262.7165010631
 84236.96270444524
 84210.76734335949
 84184.21727885067
 84157.39841388601
 84130.39512473176
 84103.28971210918
 84076.16187678742
 84049.0882239903
 84022.14180067503
 83995.391669383
 83968.90252197439
 83942.73433614291
 83916.94207716853
 83891.57544691267
 83866.67868159394
 83842.29039941114
 83818.44349860688
 83795.16510609604
 83772.47657632259
 83750.39353956006
 83728.92599844009
 83708.07847108283
 83687.85017881644
 83668.23527611322
 83649.22312003933
 83630.79857621633
 83612.94235802666
 83595.63139556375
 83578.83923063141
 83562.53643393649
 83546.69104049439
 83531.26899917862
 83516.23463229206
 83501.5511010195
 83487.18087263597
 83473.08618539393
 83459.22950709141
 83445.57398343344
 83432.0838724363
 83418.72496128996
 83405.46496228344
 83392.2738846117
 83379.12437911759
 83365.99205327677
 83352.85575400635
 83339.69781616559
 83326.50427491932
 83313.26504044815
 83299.97403381248
 83286.62928310843
 83273.23297938924
 83259.79149216472
 83246.31534463084
 83232.8191491195
 83219.32150359183
 83205.8448503259
 83192.4152982676
 83179.06241081942
 83165.81896113457
 83152.72065725908
 83139.80583972036
 83127.11515439632
 83114.69120370872
 83102.57817936948
 83090.82148006535
 83079.46731759167
 83068.5623150415
 83058.15310071761
 83048.28590146234
 83039.00613909341
 83030.35803359124
 83022.38421660583
 83015.12535873926
 83008.61981391335
 83002.90328395364
 82998.00850631027
 82993.96496759781
 82990.79864536999
 82988.53178025593
 82987.18268027392
 82986.76555881069
 82987.29040741319


# name: QUERY
# type: sq_string
# elements: 1
# length: 2
R2


# name: DATASIZE
# type: sq_string
# elements: 1
# length: 3
250


