# Created by Octave 4.0.0, Mon May 23 13:47:15 2016 CEST <peter@Independence>
# name: x
# type: matrix
# rows: 1
# columns: 100
 60 60.60606060606061 61.21212121212121 61.81818181818181 62.42424242424242 63.03030303030303 63.63636363636364 64.24242424242425 64.84848484848484 65.45454545454545 66.06060606060606 66.66666666666667 67.27272727272728 67.87878787878788 68.48484848484848 69.09090909090909 69.6969696969697 70.30303030303031 70.90909090909091 71.51515151515152 72.12121212121212 72.72727272727272 73.33333333333333 73.93939393939394 74.54545454545455 75.15151515151516 75.75757575757575 76.36363636363636 76.96969696969697 77.57575757575758 78.18181818181819 78.78787878787878 79.39393939393939 80 80.60606060606061 81.21212121212122 81.81818181818181 82.42424242424242 83.03030303030303 83.63636363636364 84.24242424242425 84.84848484848484 85.45454545454545 86.06060606060606 86.66666666666667 87.27272727272727 87.87878787878788 88.48484848484848 89.09090909090909 89.6969696969697 90.30303030303031 90.90909090909091 91.51515151515152 92.12121212121212 92.72727272727272 93.33333333333333 93.93939393939394 94.54545454545455 95.15151515151516 95.75757575757576 96.36363636363636 96.96969696969697 97.57575757575758 98.18181818181819 98.78787878787878 99.39393939393939 100 100.6060606060606 101.2121212121212 101.8181818181818 102.4242424242424 103.030303030303 103.6363636363636 104.2424242424242 104.8484848484848 105.4545454545455 106.0606060606061 106.6666666666667 107.2727272727273 107.8787878787879 108.4848484848485 109.0909090909091 109.6969696969697 110.3030303030303 110.9090909090909 111.5151515151515 112.1212121212121 112.7272727272727 113.3333333333333 113.9393939393939 114.5454545454545 115.1515151515152 115.7575757575758 116.3636363636364 116.969696969697 117.5757575757576 118.1818181818182 118.7878787878788 119.3939393939394 120


# name: y
# type: matrix
# rows: 100
# columns: 1
 84919.29299252118
 84918.40270613605
 84915.26440765579
 84909.8912284259
 84902.3056155883
 84892.53910976298
 84880.63205165042
 84866.6332200881
 84850.59940478559
 84832.59491761817
 84812.69104696969
 84790.96546017639
 84767.501559627
 84742.38779851529
 84715.71696261573
 84687.58542475672
 84658.09237889678
 84627.33906086581
 84595.42796291495
 84562.462049226
 84528.5439794655
 84493.775347332
 84458.25594084116
 84422.08303082484
 84385.35069379391
 84348.14917493214
 84310.56429655885
 84272.67691692403
 84234.56244368985
 84196.29040591106
 84157.92408776082
 84119.52022666526
 84081.12877791242
 84042.79274719933
 84004.54809197616
 83966.42369184694
 83928.4413876956
 83890.61608862858
 83852.95594526571
 83815.4625873726
 83778.13142331326
 83740.95199831483
 83703.90840807887
 83666.97976384737
 83630.14070463972
 83593.36195201881
 83556.61090242316
 83519.85225181756
 83483.04864716853
 83446.16135904321
 83409.15096946291
 83371.97806901427
 83334.60395713446
 83296.991339441
 83259.10501597318
 83220.91255425055
 83182.38494113553
 83143.49720761186
 83104.22902075847
 83064.56523741089
 83024.49641425695
 82984.0192694131
 82943.13709086928
 82901.86008757391
 82860.20567935574
 82818.19872234303
 82775.87166704171
 82733.26464677039
 82690.42549471711
 82647.40968847835
 82604.28022155985
 82561.10740195744
 82517.968578588
 82474.94779700108
 82432.13538646477
 82389.62748117681
 82347.52547899917
 82305.93544174281
 82264.9674416316
 82224.73485914509
 82185.35363796922
 82146.94150326704
 82109.61714991073
 82073.49940768519
 82038.7063907766
 82005.35463909207
 81973.55825911321
 81943.42807206542
 81915.07077718129
 81888.58813775172
 81864.07619748868
 81841.62453447304
 81821.315559628
 81803.22386624879
 81787.41563663549
 81773.94811132252
 81762.86912578325
 81754.21671881639
 81748.01881610224
 81744.29299165822


# name: QUERY
# type: sq_string
# elements: 1
# length: 2
R2


# name: DATASIZE
# type: sq_string
# elements: 1
# length: 3
250


