# Created by Octave 4.0.0, Mon May 23 13:47:15 2016 CEST <peter@Independence>
# name: x
# type: matrix
# rows: 1
# columns: 100
 60 60.60606060606061 61.21212121212121 61.81818181818181 62.42424242424242 63.03030303030303 63.63636363636364 64.24242424242425 64.84848484848484 65.45454545454545 66.06060606060606 66.66666666666667 67.27272727272728 67.87878787878788 68.48484848484848 69.09090909090909 69.6969696969697 70.30303030303031 70.90909090909091 71.51515151515152 72.12121212121212 72.72727272727272 73.33333333333333 73.93939393939394 74.54545454545455 75.15151515151516 75.75757575757575 76.36363636363636 76.96969696969697 77.57575757575758 78.18181818181819 78.78787878787878 79.39393939393939 80 80.60606060606061 81.21212121212122 81.81818181818181 82.42424242424242 83.03030303030303 83.63636363636364 84.24242424242425 84.84848484848484 85.45454545454545 86.06060606060606 86.66666666666667 87.27272727272727 87.87878787878788 88.48484848484848 89.09090909090909 89.6969696969697 90.30303030303031 90.90909090909091 91.51515151515152 92.12121212121212 92.72727272727272 93.33333333333333 93.93939393939394 94.54545454545455 95.15151515151516 95.75757575757576 96.36363636363636 96.96969696969697 97.57575757575758 98.18181818181819 98.78787878787878 99.39393939393939 100 100.6060606060606 101.2121212121212 101.8181818181818 102.4242424242424 103.030303030303 103.6363636363636 104.2424242424242 104.8484848484848 105.4545454545455 106.0606060606061 106.6666666666667 107.2727272727273 107.8787878787879 108.4848484848485 109.0909090909091 109.6969696969697 110.3030303030303 110.9090909090909 111.5151515151515 112.1212121212121 112.7272727272727 113.3333333333333 113.9393939393939 114.5454545454545 115.1515151515152 115.7575757575758 116.3636363636364 116.969696969697 117.5757575757576 118.1818181818182 118.7878787878788 119.3939393939394 120


# name: y
# type: matrix
# rows: 100
# columns: 1
 84961.08471822267
 84928.58343472896
 84896.08215123527
 84863.58086774156
 84831.07958424787
 84798.57830075416
 84766.07701726047
 84733.57573376676
 84701.07445027307
 84668.57316677937
 84636.07188328567
 84603.57059979197
 84571.06931629826
 84538.56803280457
 84506.06674931086
 84473.56546581717
 84441.06418232346
 84408.56289882977
 84376.06161533608
 84343.56033184237
 84311.05904834866
 84278.55776485497
 84246.05648136127
 84213.55519786756
 84181.05391437387
 84148.55263088018
 84116.05134738647
 84083.55006389276
 84051.04878039907
 84018.54749690538
 83986.04621341167
 83953.54492991797
 83921.04364642427
 83888.54236293057
 83856.04107943687
 83823.53979594317
 83791.03851244946
 83758.53722895577
 83726.03594546206
 83693.53466196837
 83661.03337847468
 83628.53209498097
 83596.03081148728
 83563.52952799357
 83531.02824449987
 83498.52696100617
 83466.02567751247
 83433.52439401878
 83401.02311052507
 83368.52182703138
 83336.02054353767
 83303.51926004398
 83271.01797655027
 83238.51669305658
 83206.01540956287
 83173.51412606917
 83141.01284257548
 83108.51155908177
 83076.01027558808
 83043.50899209437
 83011.00770860068
 82978.50642510697
 82946.00514161328
 82913.50385811957
 82881.00257462588
 82848.50129113217
 82816.00000763847
 82783.49872414478
 82750.99744065107
 82718.49615715738
 82685.99487366367
 82653.49359016998
 82620.99230667627
 82588.49102318258
 82555.98973968888
 82523.48845619518
 82490.98717270148
 82458.48588920778
 82425.98460571408
 82393.48332222037
 82360.98203872668
 82328.48075523297
 82295.97947173928
 82263.47818824557
 82230.97690475188
 82198.47562125819
 82165.97433776448
 82133.47305427078
 82100.97177077708
 82068.47048728338
 82035.96920378969
 82003.46792029598
 81970.96663680229
 81938.46535330858
 81905.96406981487
 81873.46278632118
 81840.96150282749
 81808.46021933378
 81775.95893584008
 81743.45765234638


# name: QUERY
# type: sq_string
# elements: 1
# length: 2
R2


# name: DATASIZE
# type: sq_string
# elements: 1
# length: 3
250


