# Created by Octave 4.0.0, Wed May 18 23:47:14 2016 CEST <peter@Independence>
# name: x
# type: matrix
# rows: 1
# columns: 100
 60 60.60606060606061 61.21212121212121 61.81818181818181 62.42424242424242 63.03030303030303 63.63636363636364 64.24242424242425 64.84848484848484 65.45454545454545 66.06060606060606 66.66666666666667 67.27272727272728 67.87878787878788 68.48484848484848 69.09090909090909 69.6969696969697 70.30303030303031 70.90909090909091 71.51515151515152 72.12121212121212 72.72727272727272 73.33333333333333 73.93939393939394 74.54545454545455 75.15151515151516 75.75757575757575 76.36363636363636 76.96969696969697 77.57575757575758 78.18181818181819 78.78787878787878 79.39393939393939 80 80.60606060606061 81.21212121212122 81.81818181818181 82.42424242424242 83.03030303030303 83.63636363636364 84.24242424242425 84.84848484848484 85.45454545454545 86.06060606060606 86.66666666666667 87.27272727272727 87.87878787878788 88.48484848484848 89.09090909090909 89.6969696969697 90.30303030303031 90.90909090909091 91.51515151515152 92.12121212121212 92.72727272727272 93.33333333333333 93.93939393939394 94.54545454545455 95.15151515151516 95.75757575757576 96.36363636363636 96.96969696969697 97.57575757575758 98.18181818181819 98.78787878787878 99.39393939393939 100 100.6060606060606 101.2121212121212 101.8181818181818 102.4242424242424 103.030303030303 103.6363636363636 104.2424242424242 104.8484848484848 105.4545454545455 106.0606060606061 106.6666666666667 107.2727272727273 107.8787878787879 108.4848484848485 109.0909090909091 109.6969696969697 110.3030303030303 110.9090909090909 111.5151515151515 112.1212121212121 112.7272727272727 113.3333333333333 113.9393939393939 114.5454545454545 115.1515151515152 115.7575757575758 116.3636363636364 116.969696969697 117.5757575757576 118.1818181818182 118.7878787878788 119.3939393939394 120


# name: y
# type: matrix
# rows: 1
# columns: 100
 83885.47175866496 83869.09260123702 83852.71344380909 83836.33428638114 83819.95512895321 83803.57597152526 83787.19681409733 83770.81765666939 83754.43849924146 83738.05934181351 83721.68018438558 83705.30102695765 83688.9218695297 83672.54271210177 83656.16355467383 83639.78439724589 83623.40523981795 83607.02608239002 83590.64692496207 83574.26776753414 83557.88861010619 83541.50945267826 83525.13029525032 83508.75113782239 83492.37198039446 83475.99282296651 83459.61366553858 83443.23450811063 83426.8553506827 83410.47619325476 83394.09703582682 83377.71787839888 83361.33872097095 83344.959563543 83328.58040611507 83312.20124868712 83295.82209125919 83279.44293383126 83263.06377640332 83246.68461897539 83230.30546154744 83213.92630411951 83197.54714669156 83181.16798926363 83164.78883183569 83148.40967440775 83132.03051697981 83115.65135955188 83099.27220212393 83082.893044696 83066.51388726807 83050.13472984012 83033.75557241219 83017.37641498425 83000.99725755632 82984.61810012837 82968.23894270044 82951.85978527249 82935.48062784456 82919.10147041662 82902.72231298868 82886.34315556074 82869.96399813281 82853.58484070488 82837.20568327693 82820.826525849 82804.44736842105 82788.06821099312 82771.68905356518 82755.30989613725 82738.9307387093 82722.55158128137 82706.17242385342 82689.79326642549 82673.41410899755 82657.03495156961 82640.65579414168 82624.27663671374 82607.89747928581 82591.51832185786 82575.13916442993 82558.76000700198 82542.38084957405 82526.00169214611 82509.62253471818 82493.24337729023 82476.8642198623 82460.48506243435 82444.10590500642 82427.72674757849 82411.34759015054 82394.96843272261 82378.58927529467 82362.21011786674 82345.83096043879 82329.45180301086 82313.07264558291 82296.69348815498 82280.31433072704 82263.93517329911


# name: QUERY
# type: sq_string
# elements: 1
# length: 2
R2


# name: DATASIZE
# type: sq_string
# elements: 1
# length: 3
250


