# Created by Octave 4.0.0, Wed May 18 23:47:14 2016 CEST <peter@Independence>
# name: x
# type: matrix
# rows: 1
# columns: 100
 60 60.60606060606061 61.21212121212121 61.81818181818181 62.42424242424242 63.03030303030303 63.63636363636364 64.24242424242425 64.84848484848484 65.45454545454545 66.06060606060606 66.66666666666667 67.27272727272728 67.87878787878788 68.48484848484848 69.09090909090909 69.6969696969697 70.30303030303031 70.90909090909091 71.51515151515152 72.12121212121212 72.72727272727272 73.33333333333333 73.93939393939394 74.54545454545455 75.15151515151516 75.75757575757575 76.36363636363636 76.96969696969697 77.57575757575758 78.18181818181819 78.78787878787878 79.39393939393939 80 80.60606060606061 81.21212121212122 81.81818181818181 82.42424242424242 83.03030303030303 83.63636363636364 84.24242424242425 84.84848484848484 85.45454545454545 86.06060606060606 86.66666666666667 87.27272727272727 87.87878787878788 88.48484848484848 89.09090909090909 89.6969696969697 90.30303030303031 90.90909090909091 91.51515151515152 92.12121212121212 92.72727272727272 93.33333333333333 93.93939393939394 94.54545454545455 95.15151515151516 95.75757575757576 96.36363636363636 96.96969696969697 97.57575757575758 98.18181818181819 98.78787878787878 99.39393939393939 100 100.6060606060606 101.2121212121212 101.8181818181818 102.4242424242424 103.030303030303 103.6363636363636 104.2424242424242 104.8484848484848 105.4545454545455 106.0606060606061 106.6666666666667 107.2727272727273 107.8787878787879 108.4848484848485 109.0909090909091 109.6969696969697 110.3030303030303 110.9090909090909 111.5151515151515 112.1212121212121 112.7272727272727 113.3333333333333 113.9393939393939 114.5454545454545 115.1515151515152 115.7575757575758 116.3636363636364 116.969696969697 117.5757575757576 118.1818181818182 118.7878787878788 119.3939393939394 120


# name: y
# type: matrix
# rows: 100
# columns: 1
 84266.80977387339
 84246.85524275045
 84226.90071162755
 84206.94618050462
 84186.99164938169
 84167.03711825877
 84147.08258713582
 84127.12805601292
 84107.17352489002
 84087.21899376708
 84067.26446264415
 84047.30993152125
 84027.35540039832
 84007.4008692754
 83987.44633815245
 83967.49180702955
 83947.53727590661
 83927.58274478371
 83907.62821366078
 83887.67368253783
 83867.71915141492
 83847.76462029202
 83827.81008916908
 83807.85555804618
 83787.90102692327
 83767.94649580031
 83747.99196467741
 83728.03743355449
 83708.08290243158
 83688.12837130865
 83668.17384018571
 83648.21930906281
 83628.26477793988
 83608.31024681697
 83588.35571569404
 83568.40118457111
 83548.44665344821
 83528.49212232527
 83508.53759120234
 83488.58306007943
 83468.62852895651
 83448.6739978336
 83428.71946671067
 83408.76493558775
 83388.81040446482
 83368.8558733419
 83348.90134221899
 83328.94681109606
 83308.99227997314
 83289.03774885021
 83269.0832177273
 83249.12868660437
 83229.17415548145
 83209.21962435853
 83189.2650932356
 83169.31056211269
 83149.35603098977
 83129.40149986684
 83109.44696874393
 83089.492437621
 83069.5379064981
 83049.58337537516
 83029.62884425223
 83009.67431312932
 82989.7197820064
 82969.76525088347
 82949.81071976054
 82929.85618863763
 82909.9016575147
 82889.94712639178
 82869.99259526886
 82850.03806414593
 82830.083533023
 82810.12900190009
 82790.1744707772
 82770.21993965427
 82750.26540853133
 82730.31087740841
 82710.35634628549
 82690.40181516255
 82670.44728403963
 82650.49275291672
 82630.53822179382
 82610.58369067087
 82590.62915954797
 82570.67462842505
 82550.72009730211
 82530.76556617919
 82510.81103505626
 82490.85650393336
 82470.90197281043
 82450.94744168749
 82430.9929105646
 82411.03837944167
 82391.08384831873
 82371.12931719585
 82351.17478607291
 82331.22025494995
 82311.26572382708
 82291.31119270413


# name: QUERY
# type: sq_string
# elements: 1
# length: 2
R2


# name: DATASIZE
# type: sq_string
# elements: 1
# length: 3
250


