# Created by Octave 4.0.0, Mon May 23 13:47:15 2016 CEST <peter@Independence>
# name: x
# type: matrix
# rows: 1
# columns: 100
 60 60.60606060606061 61.21212121212121 61.81818181818181 62.42424242424242 63.03030303030303 63.63636363636364 64.24242424242425 64.84848484848484 65.45454545454545 66.06060606060606 66.66666666666667 67.27272727272728 67.87878787878788 68.48484848484848 69.09090909090909 69.6969696969697 70.30303030303031 70.90909090909091 71.51515151515152 72.12121212121212 72.72727272727272 73.33333333333333 73.93939393939394 74.54545454545455 75.15151515151516 75.75757575757575 76.36363636363636 76.96969696969697 77.57575757575758 78.18181818181819 78.78787878787878 79.39393939393939 80 80.60606060606061 81.21212121212122 81.81818181818181 82.42424242424242 83.03030303030303 83.63636363636364 84.24242424242425 84.84848484848484 85.45454545454545 86.06060606060606 86.66666666666667 87.27272727272727 87.87878787878788 88.48484848484848 89.09090909090909 89.6969696969697 90.30303030303031 90.90909090909091 91.51515151515152 92.12121212121212 92.72727272727272 93.33333333333333 93.93939393939394 94.54545454545455 95.15151515151516 95.75757575757576 96.36363636363636 96.96969696969697 97.57575757575758 98.18181818181819 98.78787878787878 99.39393939393939 100 100.6060606060606 101.2121212121212 101.8181818181818 102.4242424242424 103.030303030303 103.6363636363636 104.2424242424242 104.8484848484848 105.4545454545455 106.0606060606061 106.6666666666667 107.2727272727273 107.8787878787879 108.4848484848485 109.0909090909091 109.6969696969697 110.3030303030303 110.9090909090909 111.5151515151515 112.1212121212121 112.7272727272727 113.3333333333333 113.9393939393939 114.5454545454545 115.1515151515152 115.7575757575758 116.3636363636364 116.969696969697 117.5757575757576 118.1818181818182 118.7878787878788 119.3939393939394 120


# name: y
# type: matrix
# rows: 1
# columns: 100
 84273.45815342813 84249.02904623169 84224.59993903527 84200.17083183883 84175.74172464239 84151.31261744596 84126.88351024952 84102.4544030531 84078.02529585666 84053.59618866022 84029.16708146379 84004.73797426735 83980.30886707093 83955.87975987449 83931.45065267805 83907.02154548162 83882.59243828518 83858.16333108876 83833.73422389232 83809.30511669589 83784.87600949945 83760.44690230301 83736.01779510659 83711.58868791015 83687.15958071372 83662.73047351728 83638.30136632084 83613.87225912441 83589.44315192798 83565.01404473155 83540.58493753511 83516.15583033867 83491.72672314224 83467.2976159458 83442.86850874938 83418.43940155294 83394.0102943565 83369.58118716007 83345.15207996363 83320.72297276721 83296.29386557077 83271.86475837434 83247.4356511779 83223.00654398146 83198.57743678504 83174.1483295886 83149.71922239217 83125.29011519573 83100.86100799929 83076.43190080287 83052.00279360643 83027.57368641 83003.14457921356 82978.71547201712 82954.2863648207 82929.85725762426 82905.42815042783 82880.99904323139 82856.56993603495 82832.14082883853 82807.71172164209 82783.28261444566 82758.85350724922 82734.4244000528 82709.99529285636 82685.56618565992 82661.13707846349 82636.70797126705 82612.27886407063 82587.84975687419 82563.42064967775 82538.99154248132 82514.56243528488 82490.13332808846 82465.70422089202 82441.27511369558 82416.84600649915 82392.41689930271 82367.98779210629 82343.55868490985 82319.12957771341 82294.70047051698 82270.27136332054 82245.84225612412 82221.41314892768 82196.98404173125 82172.55493453481 82148.12582733837 82123.69672014195 82099.26761294551 82074.83850574908 82050.40939855264 82025.9802913562 82001.55118415978 81977.12207696334 81952.69296976691 81928.26386257047 81903.83475537403 81879.40564817761 81854.97654098117


# name: QUERY
# type: sq_string
# elements: 1
# length: 2
R2


# name: DATASIZE
# type: sq_string
# elements: 1
# length: 3
250


