# Created by Octave 4.0.0, Wed May 18 23:47:14 2016 CEST <peter@Independence>
# name: SVs
# type: cell
# rows: 1
# columns: 7
# name: <cell-element>
# type: sparse matrix
# nnz: 29
# rows: 29
# columns: 1
1 1 1.368711604885965
2 1 1.368711604885965
3 1 -0.4094436424872549
4 1 -0.4094436424872549
5 1 -1.298521266173865
6 1 0.4796339811993552
7 1 0.4796339811993552
8 1 0.4796339811993552
9 1 -1.298521266173865
10 1 0.4796339811993552
11 1 0.4796339811993552
12 1 -1.298521266173865
13 1 1.368711604885965
14 1 -1.298521266173865
15 1 -1.298521266173865
16 1 -0.4094436424872549
17 1 -1.298521266173865
18 1 0.4796339811993552
19 1 -0.4094436424872549
20 1 -0.4094436424872549
21 1 -1.298521266173865
22 1 1.368711604885965
23 1 -1.298521266173865
24 1 -1.298521266173865
25 1 -0.4094436424872549
26 1 1.368711604885965
27 1 0.4796339811993552
28 1 -1.298521266173865
29 1 -1.298521266173865



# name: <cell-element>
# type: sparse matrix
# nnz: 36
# rows: 36
# columns: 1
1 1 1.368711604885965
2 1 1.368711604885965
3 1 -0.4094436424872549
4 1 -1.298521266173865
5 1 -0.4094436424872549
6 1 -0.4094436424872549
7 1 -1.298521266173865
8 1 0.4796339811993552
9 1 0.4796339811993552
10 1 1.368711604885965
11 1 0.4796339811993552
12 1 -1.298521266173865
13 1 0.4796339811993552
14 1 0.4796339811993552
15 1 0.4796339811993552
16 1 -1.298521266173865
17 1 1.368711604885965
18 1 -1.298521266173865
19 1 -1.298521266173865
20 1 -0.4094436424872549
21 1 -1.298521266173865
22 1 0.4796339811993552
23 1 -0.4094436424872549
24 1 -0.4094436424872549
25 1 -1.298521266173865
26 1 -0.4094436424872549
27 1 1.368711604885965
28 1 -1.298521266173865
29 1 -1.298521266173865
30 1 -1.298521266173865
31 1 -0.4094436424872549
32 1 1.368711604885965
33 1 0.4796339811993552
34 1 -1.298521266173865
35 1 -0.4094436424872549
36 1 -1.298521266173865



# name: <cell-element>
# type: sparse matrix
# nnz: 29
# rows: 29
# columns: 1
1 1 1.368711604885965
2 1 1.368711604885965
3 1 -0.4094436424872549
4 1 -0.4094436424872549
5 1 -1.298521266173865
6 1 0.4796339811993552
7 1 0.4796339811993552
8 1 0.4796339811993552
9 1 -1.298521266173865
10 1 0.4796339811993552
11 1 0.4796339811993552
12 1 -1.298521266173865
13 1 1.368711604885965
14 1 -1.298521266173865
15 1 -1.298521266173865
16 1 -0.4094436424872549
17 1 -1.298521266173865
18 1 0.4796339811993552
19 1 -0.4094436424872549
20 1 -0.4094436424872549
21 1 -1.298521266173865
22 1 1.368711604885965
23 1 -1.298521266173865
24 1 -1.298521266173865
25 1 -0.4094436424872549
26 1 1.368711604885965
27 1 0.4796339811993552
28 1 -1.298521266173865
29 1 -1.298521266173865



# name: <cell-element>
# type: sparse matrix
# nnz: 36
# rows: 36
# columns: 1
1 1 1.368711604885965
2 1 1.368711604885965
3 1 -0.4094436424872549
4 1 -1.298521266173865
5 1 -0.4094436424872549
6 1 -0.4094436424872549
7 1 -1.298521266173865
8 1 0.4796339811993552
9 1 0.4796339811993552
10 1 1.368711604885965
11 1 0.4796339811993552
12 1 -1.298521266173865
13 1 0.4796339811993552
14 1 0.4796339811993552
15 1 0.4796339811993552
16 1 -1.298521266173865
17 1 1.368711604885965
18 1 -1.298521266173865
19 1 -1.298521266173865
20 1 -0.4094436424872549
21 1 -1.298521266173865
22 1 0.4796339811993552
23 1 -0.4094436424872549
24 1 -0.4094436424872549
25 1 -1.298521266173865
26 1 -0.4094436424872549
27 1 1.368711604885965
28 1 -1.298521266173865
29 1 -1.298521266173865
30 1 -1.298521266173865
31 1 -0.4094436424872549
32 1 1.368711604885965
33 1 0.4796339811993552
34 1 -1.298521266173865
35 1 -0.4094436424872549
36 1 -1.298521266173865



# name: <cell-element>
# type: sparse matrix
# nnz: 34
# rows: 34
# columns: 1
1 1 1.368711604885965
2 1 -0.4094436424872549
3 1 -1.298521266173865
4 1 -0.4094436424872549
5 1 -0.4094436424872549
6 1 -1.298521266173865
7 1 0.4796339811993552
8 1 0.4796339811993552
9 1 1.368711604885965
10 1 0.4796339811993552
11 1 -1.298521266173865
12 1 0.4796339811993552
13 1 0.4796339811993552
14 1 0.4796339811993552
15 1 -1.298521266173865
16 1 1.368711604885965
17 1 -1.298521266173865
18 1 -1.298521266173865
19 1 -0.4094436424872549
20 1 -1.298521266173865
21 1 0.4796339811993552
22 1 -0.4094436424872549
23 1 -0.4094436424872549
24 1 -1.298521266173865
25 1 -0.4094436424872549
26 1 1.368711604885965
27 1 -1.298521266173865
28 1 -1.298521266173865
29 1 -0.4094436424872549
30 1 1.368711604885965
31 1 0.4796339811993552
32 1 -1.298521266173865
33 1 -0.4094436424872549
34 1 -1.298521266173865



# name: <cell-element>
# type: sparse matrix
# nnz: 21
# rows: 21
# columns: 1
1 1 1.368711604885965
2 1 -0.4094436424872549
3 1 0.4796339811993552
4 1 0.4796339811993552
5 1 0.4796339811993552
6 1 -1.298521266173865
7 1 -1.298521266173865
8 1 1.368711604885965
9 1 -1.298521266173865
10 1 -1.298521266173865
11 1 -0.4094436424872549
12 1 -1.298521266173865
13 1 -0.4094436424872549
14 1 -0.4094436424872549
15 1 -1.298521266173865
16 1 -1.298521266173865
17 1 -1.298521266173865
18 1 -0.4094436424872549
19 1 1.368711604885965
20 1 0.4796339811993552
21 1 -1.298521266173865



# name: <cell-element>
# type: scalar
0





# name: coefficients
# type: cell
# rows: 1
# columns: 7
# name: <cell-element>
# type: matrix
# rows: 29
# columns: 1
 5
 -5
 -5
 -5
 5
 5
 -5
 5
 5
 -5
 5
 -5
 5
 -5
 -5
 5
 -5
 -2.617560589229648
 -5
 -5
 5
 5
 5
 5
 5
 -5
 -5
 -2.382439410770352
 5



# name: <cell-element>
# type: matrix
# rows: 36
# columns: 1
 0.5899991737207564
 -5
 -5
 5
 -0.5899991737207567
 -5
 5
 5
 -5
 -5
 5
 5
 -5
 5
 5
 -5
 5
 -5
 -5
 5
 -5
 -5
 -5
 -5
 5
 5
 5
 -5
 5
 5
 5
 -5
 -5
 -5
 5
 5



# name: <cell-element>
# type: matrix
# rows: 29
# columns: 1
 0.1
 -0.1
 -0.1
 -0.1
 0.1
 0.1
 -0.1
 0.1
 0.1
 -0.1
 0.1
 -0.1
 0.1
 -0.1
 -0.1
 0.1
 -0.1
 -0.1
 -0.1
 -0.1
 0.1
 0.1
 0.1
 0.1
 0.1
 -0.08979042741382702
 -0.1
 -0.01020957258617295
 0.1



# name: <cell-element>
# type: matrix
# rows: 36
# columns: 1
 0.02903621030044209
 -0.1
 -0.1
 0.1
 -0.02903621030044209
 -0.1
 0.1
 0.1
 -0.1
 -0.1
 0.1
 0.1
 -0.1
 0.1
 0.1
 -0.1
 0.1
 -0.1
 -0.1
 0.1
 -0.1
 -0.1
 -0.1
 -0.1
 0.1
 0.1
 0.1
 -0.1
 0.1
 0.1
 0.1
 -0.1
 -0.1
 -0.1
 0.1
 0.1



# name: <cell-element>
# type: matrix
# rows: 34
# columns: 1
 -5
 -5
 5
 -2.713234098447635
 -5
 5
 5
 -5
 -5
 5
 5
 -5
 5
 5
 -5
 5
 -5
 -5
 5
 -5
 -5
 -5
 -5
 5
 5
 2.713234098447634
 5
 5
 5
 -5
 -5
 -5
 5
 5



# name: <cell-element>
# type: matrix
# rows: 21
# columns: 1
 -2.9368
 -0.07738489839676201
 2.9368
 -2.9368
 2.9368
 2.9368
 -2.9368
 2.9368
 -2.9368
 -2.9368
 2.9368
 -2.9368
 -2.9368
 -2.9368
 0.276168788687146
 2.9368
 2.9368
 2.9368
 -0.1987838902903842
 -2.9368
 2.9368



# name: <cell-element>
# type: scalar
0





# name: b
# type: cell
# rows: 1
# columns: 7
# name: <cell-element>
# type: scalar
0.05899183088038731



# name: <cell-element>
# type: scalar
-0.002471831902943832



# name: <cell-element>
# type: scalar
0.04521918540426734



# name: <cell-element>
# type: scalar
0.008346668497763157



# name: <cell-element>
# type: scalar
0.009225355141147758



# name: <cell-element>
# type: scalar
0.1711431785601589



# name: <cell-element>
# type: scalar
0





# name: models
# type: cell
# rows: 1
# columns: 7
# name: <cell-element>
# type: scalar struct
# ndims: 2
 1 1
# length: 11
# name: Parameters
# type: matrix
# rows: 5
# columns: 1
 3
 0
 3
 1
 0


# name: nr_class
# type: scalar
2


# name: totalSV
# type: scalar
29


# name: rho
# type: scalar
-0.05899183088038731


# name: Label
# type: matrix
# rows: 0
# columns: 0


# name: sv_indices
# type: matrix
# rows: 29
# columns: 1
 1
 2
 3
 7
 8
 9
 11
 14
 15
 16
 18
 21
 22
 23
 24
 25
 27
 28
 30
 31
 32
 34
 36
 37
 39
 40
 41
 42
 44


# name: ProbA
# type: matrix
# rows: 0
# columns: 0


# name: ProbB
# type: matrix
# rows: 0
# columns: 0


# name: nSV
# type: matrix
# rows: 0
# columns: 0


# name: sv_coef
# type: matrix
# rows: 29
# columns: 1
 5
 -5
 -5
 -5
 5
 5
 -5
 5
 5
 -5
 5
 -5
 5
 -5
 -5
 5
 -5
 -2.617560589229648
 -5
 -5
 5
 5
 5
 5
 5
 -5
 -5
 -2.382439410770352
 5


