# Created by Octave 4.0.0, Mon May 23 13:47:14 2016 CEST <peter@Independence>
# name: SVs
# type: cell
# rows: 1
# columns: 7
# name: <cell-element>
# type: sparse matrix
# nnz: 20
# rows: 20
# columns: 1
1 1 -0.4094436424872549
2 1 -0.4094436424872549
3 1 -0.4094436424872549
4 1 -1.298521266173865
5 1 0.4796339811993552
6 1 0.4796339811993552
7 1 -1.298521266173865
8 1 -1.298521266173865
9 1 0.4796339811993552
10 1 0.4796339811993552
11 1 -1.298521266173865
12 1 -1.298521266173865
13 1 -0.4094436424872549
14 1 -1.298521266173865
15 1 1.368711604885965
16 1 1.368711604885965
17 1 0.4796339811993552
18 1 0.4796339811993552
19 1 -0.4094436424872549
20 1 -0.4094436424872549



# name: <cell-element>
# type: sparse matrix
# nnz: 8
# rows: 8
# columns: 1
1 1 -0.4094436424872549
2 1 -1.298521266173865
3 1 0.4796339811993552
4 1 0.4796339811993552
5 1 -1.298521266173865
6 1 0.4796339811993552
7 1 -1.298521266173865
8 1 1.368711604885965



# name: <cell-element>
# type: sparse matrix
# nnz: 7
# rows: 7
# columns: 1
1 1 -0.4094436424872549
2 1 -1.298521266173865
3 1 0.4796339811993552
4 1 0.4796339811993552
5 1 0.4796339811993552
6 1 -1.298521266173865
7 1 -0.4094436424872549



# name: <cell-element>
# type: sparse matrix
# nnz: 8
# rows: 8
# columns: 1
1 1 -0.4094436424872549
2 1 -1.298521266173865
3 1 0.4796339811993552
4 1 0.4796339811993552
5 1 -1.298521266173865
6 1 0.4796339811993552
7 1 -1.298521266173865
8 1 1.368711604885965



# name: <cell-element>
# type: sparse matrix
# nnz: 8
# rows: 8
# columns: 1
1 1 -0.4094436424872549
2 1 -1.298521266173865
3 1 0.4796339811993552
4 1 0.4796339811993552
5 1 -1.298521266173865
6 1 0.4796339811993552
7 1 -1.298521266173865
8 1 1.368711604885965



# name: <cell-element>
# type: sparse matrix
# nnz: 21
# rows: 21
# columns: 1
1 1 -0.4094436424872549
2 1 -0.4094436424872549
3 1 -0.4094436424872549
4 1 -1.298521266173865
5 1 0.4796339811993552
6 1 0.4796339811993552
7 1 -1.298521266173865
8 1 -1.298521266173865
9 1 0.4796339811993552
10 1 0.4796339811993552
11 1 -1.298521266173865
12 1 -1.298521266173865
13 1 -0.4094436424872549
14 1 -1.298521266173865
15 1 1.368711604885965
16 1 1.368711604885965
17 1 -1.298521266173865
18 1 0.4796339811993552
19 1 0.4796339811993552
20 1 -0.4094436424872549
21 1 -0.4094436424872549



# name: <cell-element>
# type: scalar
0





# name: coefficients
# type: cell
# rows: 1
# columns: 7
# name: <cell-element>
# type: matrix
# rows: 20
# columns: 1
 2.9368
 -2.745321181745525
 -2.9368
 2.9368
 -2.9368
 2.9368
 2.9368
 2.9368
 2.9368
 -2.9368
 -2.9368
 -2.9368
 2.9368
 -2.9368
 -2.9368
 2.745321181745525
 -2.9368
 2.9368
 -2.9368
 2.9368



# name: <cell-element>
# type: matrix
# rows: 8
# columns: 1
 0.1
 0.1
 -0.1
 0.02023878022170124
 0.1
 -0.1
 -0.1
 -0.02023878022170124



# name: <cell-element>
# type: matrix
# rows: 7
# columns: 1
 5
 4.687417203820034
 -5
 5
 -5
 -5
 0.3125827961799664



# name: <cell-element>
# type: matrix
# rows: 8
# columns: 1
 5
 5
 -5
 3.985561950671414
 5
 -5
 -5
 -3.985561950671416



# name: <cell-element>
# type: matrix
# rows: 8
# columns: 1
 0.1
 0.1
 -0.1
 0.06870296561527302
 0.1
 -0.1
 -0.1
 -0.06870296561527303



# name: <cell-element>
# type: matrix
# rows: 21
# columns: 1
 1.1316
 -1.1316
 -1.1316
 1.1316
 -1.1316
 1.1316
 1.1316
 1.1316
 1.1316
 -1.1316
 -1.1316
 -1.1316
 1.1316
 -1.1316
 -1.1316
 0.6620587254815863
 0.4396133394504089
 -1.101672064931995
 1.1316
 -1.1316
 1.1316



# name: <cell-element>
# type: scalar
0





# name: b
# type: cell
# rows: 1
# columns: 7
# name: <cell-element>
# type: scalar
0.08426752235697868



# name: <cell-element>
# type: scalar
0.04108106394828787



# name: <cell-element>
# type: scalar
0.01965325979854302



# name: <cell-element>
# type: scalar
0.06282212136424069



# name: <cell-element>
# type: scalar
0.06516840059806643



# name: <cell-element>
# type: scalar
0.07409287167694513



# name: <cell-element>
# type: scalar
0





# name: models
# type: cell
# rows: 1
# columns: 7
# name: <cell-element>
# type: scalar struct
# ndims: 2
 1 1
# length: 11
# name: Parameters
# type: matrix
# rows: 5
# columns: 1
 3
 0
 3
 1
 0


# name: nr_class
# type: scalar
2


# name: totalSV
# type: scalar
20


# name: rho
# type: scalar
-0.08426752235697868


# name: Label
# type: matrix
# rows: 0
# columns: 0


# name: sv_indices
# type: matrix
# rows: 20
# columns: 1
 1
 3
 5
 6
 7
 8
 9
 12
 13
 17
 18
 19
 20
 21
 27
 32
 37
 39
 43
 46


# name: ProbA
# type: matrix
# rows: 0
# columns: 0


# name: ProbB
# type: matrix
# rows: 0
# columns: 0


# name: nSV
# type: matrix
# rows: 0
# columns: 0


# name: sv_coef
# type: matrix
# rows: 20
# columns: 1
 2.9368
 -2.745321181745525
 -2.9368
 2.9368
 -2.9368
 2.9368
 2.9368
 2.9368
 2.9368
 -2.9368
 -2.9368
 -2.9368
 2.9368
 -2.9368
 -2.9368
 2.745321181745525
 -2.9368
 2.9368
 -2.9368
 2.9368


# name: SVs
# type: sparse matrix
# nnz: 20
# rows: 20
# columns: 1
1 1 -0.4094436424872549
2 1 -0.4094436424872549
3 1 -0.4094436424872549
4 1 -1.298521266173865
5 1 0.4796339811993552
6 1 0.4796339811993552
7 1 -1.298521266173865
8 1 -1.298521266173865
9 1 0.4796339811993552
10 1 0.4796339811993552
11 1 -1.298521266173865
12 1 -1.298521266173865
13 1 -0.4094436424872549
14 1 -1.298521266173865
15 1 1.368711604885965
16 1 1.368711604885965
17 1 0.4796339811993552
18 1 0.4796339811993552
19 1 -0.4094436424872549
20 1 -0.4094436424872549





# name: <cell-element>
# type: scalar struct
# ndims: 2
 1 1
# length: 11
# name: Parameters
# type: matrix
# rows: 5
# columns: 1
 3
 1
 2
 1
 0


# name: nr_class
# type: scalar
2


# name: totalSV
# type: scalar
8


# name: rho
# type: scalar
-0.04108106394828787


# name: Label
# type: matrix
# rows: 0
# columns: 0


# name: sv_indices
# type: matrix
# rows: 8
# columns: 1
 1
 6
 7
 8
 12
 17
 19
 27


# name: ProbA
# type: matrix
# rows: 0
# columns: 0


# name: ProbB
# type: matrix
# rows: 0
# columns: 0


# name: nSV
# type: matrix
# rows: 0
# columns: 0


# name: sv_coef
# type: matrix
# rows: 8
# columns: 1
 0.1
 0.1
 -0.1
 0.02023878022170124
 0.1
 -0.1
 -0.1
 -0.02023878022170124


# name: SVs
# type: sparse matrix
# nnz: 8
# rows: 8
# columns: 1
1 1 -0.4094436424872549
2 1 -1.298521266173865
3 1 0.4796339811993552
4 1 0.4796339811993552
5 1 -1.298521266173865
6 1 0.4796339811993552
7 1 -1.298521266173865
8 1 1.368711604885965





# name: <cell-element>
# type: scalar struct
# ndims: 2
 1 1
# length: 11
# name: Parameters
# type: matrix
# rows: 5
# columns: 1
 3
 1
 3
 1
 0


# name: nr_class
# type: scalar
2


# name: totalSV
# type: scalar
7


# name: rho
# type: scalar
-0.01965325979854302


# name: Label
# type: matrix
# rows: 0
# columns: 0


# name: sv_indices
# type: matrix
# rows: 7
# columns: 1
 1
 6
 7
 8
 17
 19
 20


# name: ProbA
# type: matrix
# rows: 0
# columns: 0


# name: ProbB
# type: matrix
# rows: 0
# columns: 0


# name: nSV
# type: matrix
# rows: 0
# columns: 0


# name: sv_coef
# type: matrix
# rows: 7
# columns: 1
 5
 4.687417203820034
 -5
 5
 -5
 -5
 0.3125827961799664


# name: SVs
# type: sparse matrix
# nnz: 7
# rows: 7
# columns: 1
1 1 -0.4094436424872549
2 1 -1.298521266173865
3 1 0.4796339811993552
4 1 0.4796339811993552
5 1 0.4796339811993552
6 1 -1.298521266173865
7 1 -0.4094436424872549





# name: <cell-element>
# type: scalar struct
# ndims: 2
 1 1
# length: 11
# name: Parameters
# type: matrix
# rows: 5
# columns: 1
 3
 1
 4
 1
 0


# name: nr_class
# type: scalar
2


# name: totalSV
# type: scalar
8


# name: rho
# type: scalar
-0.06282212136424069


# name: Label
# type: matrix
# rows: 0
# columns: 0


# name: sv_indices
# type: matrix
# rows: 8
# columns: 1
 1
 6
 7
 8
 12
 17
 19
 27


# name: ProbA
# type: matrix
# rows: 0
# columns: 0


# name: ProbB
# type: matrix
# rows: 0
# columns: 0


# name: nSV
# type: matrix
# rows: 0
# columns: 0


# name: sv_coef
# type: matrix
# rows: 8
# columns: 1
 5
 5
 -5
 3.985561950671414
 5
 -5
 -5
 -3.985561950671416


