# Created by Octave 4.0.0, Wed May 18 23:47:05 2016 CEST <peter@Independence>
# name: mu
# type: matrix
# rows: 1
# columns: 2
 83096.03947368421 89.21052631578948


# name: sigma
# type: matrix
# rows: 1
# columns: 2
 3543.107729816823 22.49522366457597


