# Created by Octave 4.0.0, Mon May 23 13:47:08 2016 CEST <peter@Independence>
# name: mu
# type: matrix
# rows: 1
# columns: 2
 83096.03947368421 89.21052631578948


# name: sigma
# type: matrix
# rows: 1
# columns: 2
 3543.107729816823 22.49522366457597


