# Created by Octave 4.0.0, Mon May 23 13:47:15 2016 CEST <peter@Independence>
# name: x
# type: matrix
# rows: 1
# columns: 100
 60 60.60606060606061 61.21212121212121 61.81818181818181 62.42424242424242 63.03030303030303 63.63636363636364 64.24242424242425 64.84848484848484 65.45454545454545 66.06060606060606 66.66666666666667 67.27272727272728 67.87878787878788 68.48484848484848 69.09090909090909 69.6969696969697 70.30303030303031 70.90909090909091 71.51515151515152 72.12121212121212 72.72727272727272 73.33333333333333 73.93939393939394 74.54545454545455 75.15151515151516 75.75757575757575 76.36363636363636 76.96969696969697 77.57575757575758 78.18181818181819 78.78787878787878 79.39393939393939 80 80.60606060606061 81.21212121212122 81.81818181818181 82.42424242424242 83.03030303030303 83.63636363636364 84.24242424242425 84.84848484848484 85.45454545454545 86.06060606060606 86.66666666666667 87.27272727272727 87.87878787878788 88.48484848484848 89.09090909090909 89.6969696969697 90.30303030303031 90.90909090909091 91.51515151515152 92.12121212121212 92.72727272727272 93.33333333333333 93.93939393939394 94.54545454545455 95.15151515151516 95.75757575757576 96.36363636363636 96.96969696969697 97.57575757575758 98.18181818181819 98.78787878787878 99.39393939393939 100 100.6060606060606 101.2121212121212 101.8181818181818 102.4242424242424 103.030303030303 103.6363636363636 104.2424242424242 104.8484848484848 105.4545454545455 106.0606060606061 106.6666666666667 107.2727272727273 107.8787878787879 108.4848484848485 109.0909090909091 109.6969696969697 110.3030303030303 110.9090909090909 111.5151515151515 112.1212121212121 112.7272727272727 113.3333333333333 113.9393939393939 114.5454545454545 115.1515151515152 115.7575757575758 116.3636363636364 116.969696969697 117.5757575757576 118.1818181818182 118.7878787878788 119.3939393939394 120


# name: y
# type: matrix
# rows: 100
# columns: 1
 83826.80733415544
 83785.92673882733
 83747.56367869272
 83711.61261064021
 83677.97025170985
 83646.5355790929
 83617.20983013159
 83589.89650231932
 83564.50135330089
 83540.93240087187
 83519.09992297934
 83498.91645772135
 83480.29680334707
 83463.1580182569
 83447.41942100246
 83433.00259028641
 83419.83136496264
 83407.83184403607
 83396.93238666297
 83387.0636121506
 83378.15839995744
 83370.15188969312
 83362.98148111842
 83356.5868341453
 83350.90986883685
 83345.8947654073
 83341.48796422206
 83337.63816579769
 83334.2963308019
 83331.41568005354
 83328.95169452265
 83326.8621153304
 83325.10694374911
 83323.64844120227
 83322.45112926452
 83321.48178966166
 83320.70946427064
 83320.10545511953
 83319.64332438762
 83319.29889440532
 83319.05024765419
 83318.87772676695
 83318.76393452748
 83318.69373387079
 83318.65424788311
 83318.63485980174
 83318.62721301518
 83318.62521106307
 83318.62501763625
 83318.62505657664
 83318.62601187738
 83318.63082768272
 83318.64470828809
 83318.67511814006
 83318.73178183637
 83318.82668412589
 83318.97406990867
 83319.19044423592
 83319.49457230997
 83319.90747948432
 83320.45245126364
 83321.15503330374
 83322.04303141159
 83323.14651154532
 83324.49779981418
 83326.13148247864
 83328.08440595026
 83330.39567679178
 83333.10666171712
 83336.26098759129
 83339.90454143053
 83344.08547040219
 83348.85418182478
 83354.26334316797
 83360.36788205258
 83367.2249862506
 83374.89410368516
 83383.43694243053
 83392.91747071214
 83403.40191690663
 83414.95876954174
 83427.65877729635
 83441.57494900054
 83456.78255363555
 83473.35912033367
 83491.3844383785
 83510.94055720473
 83532.11178639808
 83554.9846956956
 83579.64811498557
 83606.19313430705
 83634.71310385069
 83665.30363395797
 83698.06259512168
 83733.09011798572
 83770.48859334525
 83810.36267214645
 83852.81926548669
 83897.96754461431
 83945.91894092939


# name: QUERY
# type: sq_string
# elements: 1
# length: 2
R2


# name: DATASIZE
# type: sq_string
# elements: 1
# length: 3
250


