# Created by Octave 4.0.0, Wed May 18 23:47:14 2016 CEST <peter@Independence>
# name: x
# type: matrix
# rows: 1
# columns: 100
 60 60.60606060606061 61.21212121212121 61.81818181818181 62.42424242424242 63.03030303030303 63.63636363636364 64.24242424242425 64.84848484848484 65.45454545454545 66.06060606060606 66.66666666666667 67.27272727272728 67.87878787878788 68.48484848484848 69.09090909090909 69.6969696969697 70.30303030303031 70.90909090909091 71.51515151515152 72.12121212121212 72.72727272727272 73.33333333333333 73.93939393939394 74.54545454545455 75.15151515151516 75.75757575757575 76.36363636363636 76.96969696969697 77.57575757575758 78.18181818181819 78.78787878787878 79.39393939393939 80 80.60606060606061 81.21212121212122 81.81818181818181 82.42424242424242 83.03030303030303 83.63636363636364 84.24242424242425 84.84848484848484 85.45454545454545 86.06060606060606 86.66666666666667 87.27272727272727 87.87878787878788 88.48484848484848 89.09090909090909 89.6969696969697 90.30303030303031 90.90909090909091 91.51515151515152 92.12121212121212 92.72727272727272 93.33333333333333 93.93939393939394 94.54545454545455 95.15151515151516 95.75757575757576 96.36363636363636 96.96969696969697 97.57575757575758 98.18181818181819 98.78787878787878 99.39393939393939 100 100.6060606060606 101.2121212121212 101.8181818181818 102.4242424242424 103.030303030303 103.6363636363636 104.2424242424242 104.8484848484848 105.4545454545455 106.0606060606061 106.6666666666667 107.2727272727273 107.8787878787879 108.4848484848485 109.0909090909091 109.6969696969697 110.3030303030303 110.9090909090909 111.5151515151515 112.1212121212121 112.7272727272727 113.3333333333333 113.9393939393939 114.5454545454545 115.1515151515152 115.7575757575758 116.3636363636364 116.969696969697 117.5757575757576 118.1818181818182 118.7878787878788 119.3939393939394 120


# name: y
# type: matrix
# rows: 100
# columns: 1
 84266.81023385804
 84205.20527367279
 84146.15630093336
 84089.60916034397
 84035.50969660887
 83983.80375443232
 83934.43717851854
 83887.35581357179
 83842.50550429629
 83799.83209539631
 83759.28143157609
 83720.79935753986
 83684.33171799185
 83649.82435763633
 83617.22312117752
 83586.47385331969
 83557.52239876706
 83530.31460222388
 83504.79630839439
 83480.91336198284
 83458.61160769346
 83437.83689023049
 83418.53505429821
 83400.65194460082
 83384.13340584257
 83368.92528272772
 83354.9734199605
 83342.22366224516
 83330.62185428594
 83320.11384078709
 83310.64546645283
 83302.16257598742
 83294.61101409511
 83287.93662548011
 83282.08525484671
 83277.0027468991
 83272.63494634157
 83268.92769787835
 83265.82684621366
 83263.27823605176
 83261.22771209689
 83259.62111905331
 83258.40430162523
 83257.52310451692
 83256.9233724326
 83256.55095007653
 83256.35168215295
 83256.27141336609
 83256.25598842022
 83256.25125201955
 83256.20304886834
 83256.05722367084
 83255.75962113128
 83255.25608595389
 83254.49246284294
 83253.41459650267
 83251.96833163731
 83250.0995129511
 83247.7539851483
 83244.87759293313
 83241.41618100984
 83237.3155940827
 83232.52167685592
 83226.98027403375
 83220.63723032044
 83213.43839042023
 83205.32959903734
 83196.25670087605
 83186.16554064059
 83175.00196303519
 83162.71181276412
 83149.24093453158
 83134.53517304185
 83118.54037299915
 83101.20237910774
 83082.46703607186
 83062.28018859575
 83040.58768138364
 83017.33535913978
 82992.46906656842
 82965.9346483738
 82937.67794926016
 82907.64481393175
 82875.78108709279
 82842.03261344756
 82806.34523770027
 82768.66480455518
 82728.93715871652
 82687.10814488855
 82643.1236077755
 82596.92939208161
 82548.47134251113
 82497.6953037683
 82444.54712055737
 82388.97263758257
 82330.91769954815
 82270.32815115835
 82207.14983711741
 82141.32860212959
 82072.81029089911


# name: QUERY
# type: sq_string
# elements: 1
# length: 2
R2


# name: DATASIZE
# type: sq_string
# elements: 1
# length: 3
250


