# Created by Octave 4.0.0, Mon May 23 13:47:15 2016 CEST <peter@Independence>
# name: x
# type: matrix
# rows: 1
# columns: 100
 60 60.60606060606061 61.21212121212121 61.81818181818181 62.42424242424242 63.03030303030303 63.63636363636364 64.24242424242425 64.84848484848484 65.45454545454545 66.06060606060606 66.66666666666667 67.27272727272728 67.87878787878788 68.48484848484848 69.09090909090909 69.6969696969697 70.30303030303031 70.90909090909091 71.51515151515152 72.12121212121212 72.72727272727272 73.33333333333333 73.93939393939394 74.54545454545455 75.15151515151516 75.75757575757575 76.36363636363636 76.96969696969697 77.57575757575758 78.18181818181819 78.78787878787878 79.39393939393939 80 80.60606060606061 81.21212121212122 81.81818181818181 82.42424242424242 83.03030303030303 83.63636363636364 84.24242424242425 84.84848484848484 85.45454545454545 86.06060606060606 86.66666666666667 87.27272727272727 87.87878787878788 88.48484848484848 89.09090909090909 89.6969696969697 90.30303030303031 90.90909090909091 91.51515151515152 92.12121212121212 92.72727272727272 93.33333333333333 93.93939393939394 94.54545454545455 95.15151515151516 95.75757575757576 96.36363636363636 96.96969696969697 97.57575757575758 98.18181818181819 98.78787878787878 99.39393939393939 100 100.6060606060606 101.2121212121212 101.8181818181818 102.4242424242424 103.030303030303 103.6363636363636 104.2424242424242 104.8484848484848 105.4545454545455 106.0606060606061 106.6666666666667 107.2727272727273 107.8787878787879 108.4848484848485 109.0909090909091 109.6969696969697 110.3030303030303 110.9090909090909 111.5151515151515 112.1212121212121 112.7272727272727 113.3333333333333 113.9393939393939 114.5454545454545 115.1515151515152 115.7575757575758 116.3636363636364 116.969696969697 117.5757575757576 118.1818181818182 118.7878787878788 119.3939393939394 120


# name: y
# type: matrix
# rows: 100
# columns: 1
 84965.08439142985
 84855.38948445625
 84750.24581498442
 84649.55695311479
 84553.22646894761
 84461.15793258324
 84373.25491412199
 84289.4209836642
 84209.55971131017
 84133.57466716022
 84061.36942131471
 83992.84754387394
 83927.91260493823
 83866.46817460791
 83808.41782298331
 83753.66512016473
 83702.11363625253
 83653.66694134699
 83608.22860554849
 83565.7021989573
 83525.99129167377
 83488.99945379821
 83454.63025543097
 83422.78726667234
 83393.37405762267
 83366.29419838227
 83341.45125905146
 83318.74880973059
 83298.09042051995
 83279.37966151988
 83262.52010283069
 83247.41531455274
 83233.96886678631
 83222.08432963175
 83211.66527318937
 83202.61526755951
 83194.83788284248
 83188.2366891386
 83182.71525654821
 83178.17715517162
 83174.52595510917
 83171.66522646116
 83169.49853932793
 83167.92946380979
 83166.86157000709
 83166.19842802013
 83165.84360794924
 83165.70067989474
 83165.67321395696
 83165.66478023621
 83165.57894883284
 83165.31928984716
 83164.78937337949
 83163.89276953015
 83162.53304839948
 83160.61378008778
 83158.0385346954
 83154.71088232264
 83150.53439306984
 83145.41263703731
 83139.2491843254
 83131.94760503439
 83123.41146926465
 83113.54434711648
 83102.24980869021
 83089.43142408614
 83074.99276340463
 83058.83739674598
 83040.86889421052
 83020.99082589858
 82999.10676191047
 82975.12027234654
 82948.93492730708
 82920.45429689244
 82889.58195120293
 82856.22146033887
 82820.27639440059
 82781.65032348841
 82740.24681770267
 82695.96944714368
 82648.72178191176
 82598.40739210726
 82544.92984783046
 82488.19271918171
 82428.09957626133
 82364.55398916964
 82297.45952800696
 82226.71976287363
 82152.23826386996
 82073.91860109629
 81991.66434465292
 81905.37906464019
 81814.96633115843
 81720.32971430793
 81621.37278418904
 81517.99911090209
 81410.11226454741
 81297.61581522526
 81180.41333303605
 81058.40838808006


# name: QUERY
# type: sq_string
# elements: 1
# length: 2
R2


# name: DATASIZE
# type: sq_string
# elements: 1
# length: 3
250


