# Created by Octave 4.0.0, Wed May 18 23:47:14 2016 CEST <peter@Independence>
# name: x
# type: matrix
# rows: 1
# columns: 100
 60 60.60606060606061 61.21212121212121 61.81818181818181 62.42424242424242 63.03030303030303 63.63636363636364 64.24242424242425 64.84848484848484 65.45454545454545 66.06060606060606 66.66666666666667 67.27272727272728 67.87878787878788 68.48484848484848 69.09090909090909 69.6969696969697 70.30303030303031 70.90909090909091 71.51515151515152 72.12121212121212 72.72727272727272 73.33333333333333 73.93939393939394 74.54545454545455 75.15151515151516 75.75757575757575 76.36363636363636 76.96969696969697 77.57575757575758 78.18181818181819 78.78787878787878 79.39393939393939 80 80.60606060606061 81.21212121212122 81.81818181818181 82.42424242424242 83.03030303030303 83.63636363636364 84.24242424242425 84.84848484848484 85.45454545454545 86.06060606060606 86.66666666666667 87.27272727272727 87.87878787878788 88.48484848484848 89.09090909090909 89.6969696969697 90.30303030303031 90.90909090909091 91.51515151515152 92.12121212121212 92.72727272727272 93.33333333333333 93.93939393939394 94.54545454545455 95.15151515151516 95.75757575757576 96.36363636363636 96.96969696969697 97.57575757575758 98.18181818181819 98.78787878787878 99.39393939393939 100 100.6060606060606 101.2121212121212 101.8181818181818 102.4242424242424 103.030303030303 103.6363636363636 104.2424242424242 104.8484848484848 105.4545454545455 106.0606060606061 106.6666666666667 107.2727272727273 107.8787878787879 108.4848484848485 109.0909090909091 109.6969696969697 110.3030303030303 110.9090909090909 111.5151515151515 112.1212121212121 112.7272727272727 113.3333333333333 113.9393939393939 114.5454545454545 115.1515151515152 115.7575757575758 116.3636363636364 116.969696969697 117.5757575757576 118.1818181818182 118.7878787878788 119.3939393939394 120


# name: y
# type: matrix
# rows: 100
# columns: 1
 83451.18022533263
 83413.06393321892
 83378.77867119873
 83348.0100005218
 83320.46324909046
 83295.86266510072
 83273.95058921102
 83254.4866452295
 83237.2469493242
 83222.02333775013
 83208.622613103
 83196.86580908699
 83186.58747380946
 83177.63497159317
 83169.86780330955
 83163.15694523422
 83157.38420642156
 83152.44160460164
 83148.23076059759
 83144.66231126308
 83141.65534094146
 83139.13683144549
 83137.04113055779
 83135.30943905236
 83133.8893162367
 83132.73420401497
 83131.80296947183
 83131.05946597732
 83130.47211281238
 83130.01349331532
 83129.65997154918
 83129.39132748973
 83129.19041073461
 83129.04281273304
 83128.93655753651
 83128.86181107034
 83128.81060892594
 83128.7766026741
 83128.75482469895
 83128.74147155287
 83128.73370583226
 83128.72947657398
 83128.72735817288
 83128.72640782
 83128.72604146166
 83128.7259282794
 83128.72590369076
 83128.72590087092
 83128.72590079512
 83128.72590080199
 83128.72590167774
 83128.72591326103
 83128.725978569
 83128.72621644373
 83128.72688271993
 83128.72844991319
 83128.73170542929
 83128.73786829413
 83128.74872440474
 83128.76678030088
 83128.79543545778
 83128.8391730994
 83128.90376953282
 83128.99652200322
 83129.12649506996
 83129.30478550326
 83129.54480570192
 83129.86258563171
 83130.27709328476
 83130.81057365968
 83131.48890626257
 83132.34198112891
 83133.40409336613
 83134.71435621734
 83136.31713264552
 83138.26248543875
 83140.60664583649
 83143.4125006761
 83146.75009806099
 83150.69717154891
 83155.33968286171
 83160.77238311492
 83167.09939256987
 83174.43479890487
 83182.90327400823
 83192.6407092921
 83203.79486952665
 83216.5260651955
 83231.00784337193
 83247.4276971167
 83265.98779339371
 83286.90571951125
 83310.41524807962
 83336.76712049291
 83366.22984892879
 83399.09053687281
 83435.65571815924
 83476.25221453444
 83521.2280117425
 83570.95315413468


# name: QUERY
# type: sq_string
# elements: 1
# length: 2
R2


# name: DATASIZE
# type: sq_string
# elements: 1
# length: 3
250


