# Created by Octave 4.0.0, Mon May 23 13:47:15 2016 CEST <peter@Independence>
# name: x
# type: matrix
# rows: 1
# columns: 100
 60 60.60606060606061 61.21212121212121 61.81818181818181 62.42424242424242 63.03030303030303 63.63636363636364 64.24242424242425 64.84848484848484 65.45454545454545 66.06060606060606 66.66666666666667 67.27272727272728 67.87878787878788 68.48484848484848 69.09090909090909 69.6969696969697 70.30303030303031 70.90909090909091 71.51515151515152 72.12121212121212 72.72727272727272 73.33333333333333 73.93939393939394 74.54545454545455 75.15151515151516 75.75757575757575 76.36363636363636 76.96969696969697 77.57575757575758 78.18181818181819 78.78787878787878 79.39393939393939 80 80.60606060606061 81.21212121212122 81.81818181818181 82.42424242424242 83.03030303030303 83.63636363636364 84.24242424242425 84.84848484848484 85.45454545454545 86.06060606060606 86.66666666666667 87.27272727272727 87.87878787878788 88.48484848484848 89.09090909090909 89.6969696969697 90.30303030303031 90.90909090909091 91.51515151515152 92.12121212121212 92.72727272727272 93.33333333333333 93.93939393939394 94.54545454545455 95.15151515151516 95.75757575757576 96.36363636363636 96.96969696969697 97.57575757575758 98.18181818181819 98.78787878787878 99.39393939393939 100 100.6060606060606 101.2121212121212 101.8181818181818 102.4242424242424 103.030303030303 103.6363636363636 104.2424242424242 104.8484848484848 105.4545454545455 106.0606060606061 106.6666666666667 107.2727272727273 107.8787878787879 108.4848484848485 109.0909090909091 109.6969696969697 110.3030303030303 110.9090909090909 111.5151515151515 112.1212121212121 112.7272727272727 113.3333333333333 113.9393939393939 114.5454545454545 115.1515151515152 115.7575757575758 116.3636363636364 116.969696969697 117.5757575757576 118.1818181818182 118.7878787878788 119.3939393939394 120


# name: y
# type: matrix
# rows: 100
# columns: 1
 83875.52977611667
 83849.49685222177
 83824.00972204162
 83799.06838557623
 83774.6728428256
 83750.82309378975
 83727.51913846865
 83704.76097686231
 83682.54860897074
 83660.88203479392
 83639.76125433187
 83619.18626758459
 83599.15707455206
 83579.6736752343
 83560.7360696313
 83542.34425774305
 83524.49823956958
 83507.19801511087
 83490.44358436692
 83474.23494733773
 83458.5721040233
 83443.45505442363
 83428.88379853874
 83414.85833636859
 83401.37866791322
 83388.44479317259
 83376.05671214675
 83364.21442483565
 83352.91793123932
 83342.16723135776
 83331.96232519095
 83322.3032127389
 83313.18989400163
 83304.62236897911
 83296.60063767135
 83289.12470007836
 83282.19455620012
 83275.81020603665
 83269.97164958795
 83264.678886854
 83259.93191783482
 83255.7307425304
 83252.07536094074
 83248.96577306585
 83246.40197890572
 83244.38397846035
 83242.91177172973
 83241.98535871389
 83241.60473941281
 83241.76991382649
 83242.48088195492
 83243.73764379813
 83245.5401993561
 83247.88854862882
 83250.7826916163
 83254.22262831856
 83258.20835873557
 83262.73988286735
 83267.81720071389
 83273.44031227518
 83279.60921755125
 83286.32391654208
 83293.58440924766
 83301.39069566801
 83309.74277580313
 83318.640649653
 83328.08431721764
 83338.07377849704
 83348.6090334912
 83359.69008220012
 83371.31692462381
 83383.48956076225
 83396.20799061547
 83409.47221418344
 83423.28223146618
 83437.63804246366
 83452.53964717593
 83467.98704560295
 83483.98023774473
 83500.51922360128
 83517.60400317259
 83535.23457645865
 83553.41094345949
 83572.13310417508
 83591.40105860544
 83611.21480675056
 83631.57434861045
 83652.47968418509
 83673.93081347449
 83695.92773647865
 83718.47045319759
 83741.55896363128
 83765.19326777974
 83789.37336564295
 83814.09925722094
 83839.37094251368
 83865.18842152118
 83891.55169424345
 83918.46076068048
 83945.91562083227


# name: QUERY
# type: sq_string
# elements: 1
# length: 2
R2


# name: DATASIZE
# type: sq_string
# elements: 1
# length: 3
250


