# Created by Octave 4.0.0, Wed May 18 23:47:14 2016 CEST <peter@Independence>
# name: x
# type: matrix
# rows: 1
# columns: 100
 60 60.60606060606061 61.21212121212121 61.81818181818181 62.42424242424242 63.03030303030303 63.63636363636364 64.24242424242425 64.84848484848484 65.45454545454545 66.06060606060606 66.66666666666667 67.27272727272728 67.87878787878788 68.48484848484848 69.09090909090909 69.6969696969697 70.30303030303031 70.90909090909091 71.51515151515152 72.12121212121212 72.72727272727272 73.33333333333333 73.93939393939394 74.54545454545455 75.15151515151516 75.75757575757575 76.36363636363636 76.96969696969697 77.57575757575758 78.18181818181819 78.78787878787878 79.39393939393939 80 80.60606060606061 81.21212121212122 81.81818181818181 82.42424242424242 83.03030303030303 83.63636363636364 84.24242424242425 84.84848484848484 85.45454545454545 86.06060606060606 86.66666666666667 87.27272727272727 87.87878787878788 88.48484848484848 89.09090909090909 89.6969696969697 90.30303030303031 90.90909090909091 91.51515151515152 92.12121212121212 92.72727272727272 93.33333333333333 93.93939393939394 94.54545454545455 95.15151515151516 95.75757575757576 96.36363636363636 96.96969696969697 97.57575757575758 98.18181818181819 98.78787878787878 99.39393939393939 100 100.6060606060606 101.2121212121212 101.8181818181818 102.4242424242424 103.030303030303 103.6363636363636 104.2424242424242 104.8484848484848 105.4545454545455 106.0606060606061 106.6666666666667 107.2727272727273 107.8787878787879 108.4848484848485 109.0909090909091 109.6969696969697 110.3030303030303 110.9090909090909 111.5151515151515 112.1212121212121 112.7272727272727 113.3333333333333 113.9393939393939 114.5454545454545 115.1515151515152 115.7575757575758 116.3636363636364 116.969696969697 117.5757575757576 118.1818181818182 118.7878787878788 119.3939393939394 120


# name: y
# type: matrix
# rows: 100
# columns: 1
 83507.31725011038
 83490.06824662286
 83473.18087741542
 83456.65514248794
 83440.49104184048
 83424.68857547303
 83409.2477433856
 83394.16854557818
 83379.4509820508
 83365.0950528034
 83351.10075783604
 83337.4680971487
 83324.19707074136
 83311.28767861401
 83298.73992076669
 83286.55379719938
 83274.7293079121
 83263.26645290482
 83252.16523217755
 83241.42564573033
 83231.04769356307
 83221.03137567586
 83211.37669206865
 83202.08364274145
 83193.15222769427
 83184.5824469271
 83176.37430043994
 83168.52778823281
 83161.0429103057
 83153.91966665856
 83147.15805729147
 83140.7580822044
 83134.71974139732
 83129.04303487026
 83123.72796262322
 83118.7745246562
 83114.18272096917
 83109.95255156218
 83106.08401643518
 83102.57711558821
 83099.43184902125
 83096.64821673431
 83094.22621872736
 83092.16585500045
 83090.46712555354
 83089.13003038664
 83088.15456949976
 83087.5407428929
 83087.28855056605
 83087.39799251921
 83087.86906875239
 83088.70177926558
 83089.89612405878
 83091.452103132
 83093.36971648523
 83095.64896411847
 83098.28984603172
 83101.29236222501
 83104.65651269829
 83108.38229745158
 83112.46971648489
 83116.91876979823
 83121.72945739156
 83126.90177926492
 83132.43573541829
 83138.33132585167
 83144.58855056507
 83151.20740955847
 83158.18790283189
 83165.53003038533
 83173.23379221877
 83181.29918833224
 83189.72621872571
 83198.5148833992
 83207.66518235271
 83217.17711558624
 83227.05068309976
 83237.28588489332
 83247.88272096685
 83258.84119132045
 83270.16129595402
 83281.84303486762
 83293.88640806124
 83306.29141553487
 83319.05805728851
 83332.18633332216
 83345.67624363584
 83359.52778822949
 83373.74096710318
 83388.31578025692
 83403.25222769064
 83418.55030940438
 83434.21002539813
 83450.23137567186
 83466.61436022566
 83483.35897905947
 83500.46523217329
 83517.9331195671
 83535.7626412409
 83553.95379719479


# name: QUERY
# type: sq_string
# elements: 1
# length: 2
R2


# name: DATASIZE
# type: sq_string
# elements: 1
# length: 3
250


