# Created by Octave 4.0.0, Mon May 23 13:47:15 2016 CEST <peter@Independence>
# name: x
# type: matrix
# rows: 1
# columns: 100
 60 60.60606060606061 61.21212121212121 61.81818181818181 62.42424242424242 63.03030303030303 63.63636363636364 64.24242424242425 64.84848484848484 65.45454545454545 66.06060606060606 66.66666666666667 67.27272727272728 67.87878787878788 68.48484848484848 69.09090909090909 69.6969696969697 70.30303030303031 70.90909090909091 71.51515151515152 72.12121212121212 72.72727272727272 73.33333333333333 73.93939393939394 74.54545454545455 75.15151515151516 75.75757575757575 76.36363636363636 76.96969696969697 77.57575757575758 78.18181818181819 78.78787878787878 79.39393939393939 80 80.60606060606061 81.21212121212122 81.81818181818181 82.42424242424242 83.03030303030303 83.63636363636364 84.24242424242425 84.84848484848484 85.45454545454545 86.06060606060606 86.66666666666667 87.27272727272727 87.87878787878788 88.48484848484848 89.09090909090909 89.6969696969697 90.30303030303031 90.90909090909091 91.51515151515152 92.12121212121212 92.72727272727272 93.33333333333333 93.93939393939394 94.54545454545455 95.15151515151516 95.75757575757576 96.36363636363636 96.96969696969697 97.57575757575758 98.18181818181819 98.78787878787878 99.39393939393939 100 100.6060606060606 101.2121212121212 101.8181818181818 102.4242424242424 103.030303030303 103.6363636363636 104.2424242424242 104.8484848484848 105.4545454545455 106.0606060606061 106.6666666666667 107.2727272727273 107.8787878787879 108.4848484848485 109.0909090909091 109.6969696969697 110.3030303030303 110.9090909090909 111.5151515151515 112.1212121212121 112.7272727272727 113.3333333333333 113.9393939393939 114.5454545454545 115.1515151515152 115.7575757575758 116.3636363636364 116.969696969697 117.5757575757576 118.1818181818182 118.7878787878788 119.3939393939394 120


# name: y
# type: matrix
# rows: 100
# columns: 1
 83778.27163319146
 83724.92094737367
 83676.93248520017
 83633.86613243335
 83595.30944185713
 83560.8764486509
 83530.20651168672
 83502.96318074971
 83478.833089682
 83457.5248754496
 83438.76812313289
 83422.31233684022
 83407.92593654477
 83395.39528084488
 83384.52371564749
 83375.13064877495
 83367.05065049513
 83360.13257997473
 83354.23873765602
 83349.24404355674
 83345.0352414934
 83341.51012922775
 83338.57681453662
 83336.15299720503
 83334.16527694263
 83332.54848722331
 83331.24505504826
 83330.20438663218
 83329.38227901283
 83328.74035758394
 83328.24553955128
 83327.86952331208
 83327.58830375783
 83327.38171350016
 83327.23299002019
 83327.12836874115
 83327.05670202419
 83327.00910408753
 83326.97862184895
 83326.9599316915
 83326.94906215256
 83326.94314253611
 83326.94017744836
 83326.93884725659
 83326.93833447143
 83326.93817605227
 83326.93814163601
 83326.93813768913
 83326.93813758303
 83326.93813759265
 83326.9381388184
 83326.93815503134
 83326.93824644171
 83326.93857939068
 83326.93951196544
 83326.94170553757
 83326.94626222465
 83326.9548882753
 83326.97008337728
 83326.9953558891
 83327.03546399478
 83327.09668278201
 83327.18709724346
 83327.31692120148
 83327.49884215611
 83327.7483920563
 83328.08434399439
 83328.52913482407
 83329.10931370142
 83329.85601654933
 83330.80546644518
 83331.9994999319
 83333.48611925218
 83335.32007050606
 83337.56344773178
 83340.28632290993
 83343.5674018909
 83347.49470624559
 83352.16628103939
 83357.69092852956
 83364.18896778573
 83371.79302023385
 83380.64882112334
 83390.91605691753
 83402.76922860742
 83416.39854094871
 83432.01081762217
 83449.83044231716
 83470.10032573863
 83493.08289853729
 83519.06113016306
 83548.33957364182
 83581.24543627558
 83618.12967626571
 83659.36812525966
 83705.36263682084
 83756.54226082187
 83813.36444376105
 83876.31625500218
 83945.91563893769


# name: QUERY
# type: sq_string
# elements: 1
# length: 2
R2


# name: DATASIZE
# type: sq_string
# elements: 1
# length: 3
250


