# Created by Octave 4.0.0, Wed May 18 23:47:14 2016 CEST <peter@Independence>
# name: x
# type: matrix
# rows: 1
# columns: 100
 60 60.60606060606061 61.21212121212121 61.81818181818181 62.42424242424242 63.03030303030303 63.63636363636364 64.24242424242425 64.84848484848484 65.45454545454545 66.06060606060606 66.66666666666667 67.27272727272728 67.87878787878788 68.48484848484848 69.09090909090909 69.6969696969697 70.30303030303031 70.90909090909091 71.51515151515152 72.12121212121212 72.72727272727272 73.33333333333333 73.93939393939394 74.54545454545455 75.15151515151516 75.75757575757575 76.36363636363636 76.96969696969697 77.57575757575758 78.18181818181819 78.78787878787878 79.39393939393939 80 80.60606060606061 81.21212121212122 81.81818181818181 82.42424242424242 83.03030303030303 83.63636363636364 84.24242424242425 84.84848484848484 85.45454545454545 86.06060606060606 86.66666666666667 87.27272727272727 87.87878787878788 88.48484848484848 89.09090909090909 89.6969696969697 90.30303030303031 90.90909090909091 91.51515151515152 92.12121212121212 92.72727272727272 93.33333333333333 93.93939393939394 94.54545454545455 95.15151515151516 95.75757575757576 96.36363636363636 96.96969696969697 97.57575757575758 98.18181818181819 98.78787878787878 99.39393939393939 100 100.6060606060606 101.2121212121212 101.8181818181818 102.4242424242424 103.030303030303 103.6363636363636 104.2424242424242 104.8484848484848 105.4545454545455 106.0606060606061 106.6666666666667 107.2727272727273 107.8787878787879 108.4848484848485 109.0909090909091 109.6969696969697 110.3030303030303 110.9090909090909 111.5151515151515 112.1212121212121 112.7272727272727 113.3333333333333 113.9393939393939 114.5454545454545 115.1515151515152 115.7575757575758 116.3636363636364 116.969696969697 117.5757575757576 118.1818181818182 118.7878787878788 119.3939393939394 120


# name: y
# type: matrix
# rows: 100
# columns: 1
 83472.62243521634
 83444.707320125
 83418.51129165912
 83393.96228022009
 83370.98975954253
 83349.52474669425
 83329.49980207624
 83310.84902942266
 83293.50807580093
 83277.41413161156
 83262.50593058833
 83248.72374979818
 83236.00940964124
 83224.30627385082
 83213.55924949345
 83203.71478696883
 83194.72088000986
 83186.5270656826
 83179.08442438635
 83172.34557985356
 83166.26469914989
 83160.79749267417
 83155.90121415847
 83151.53466066797
 83147.65817260112
 83144.2336336895
 83141.22447099791
 83138.59565492436
 83136.31369920001
 83134.3466608892
 83132.66414038953
 83131.23728143174
 83130.03877107972
 83129.04283973065
 83128.22526111483
 83127.56335229575
 83127.03597367014
 83126.62352896786
 83126.307965252
 83126.07277291882
 83125.90298569779
 83125.78518065154
 83125.70747817593
 83125.65954199998
 83125.63257918591
 83125.61934012912
 83125.61411855822
 83125.61275153501
 83125.61261945443
 83125.6126460447
 83125.61329836714
 83125.61658681632
 83125.62606511998
 83125.64683033906
 83125.68552286766
 83125.7503264331
 83125.85096809588
 83125.9987182497
 83126.20639062142
 83126.48834227114
 83126.86047359211
 83127.34022831077
 83127.94659348679
 83128.70009951298
 83129.62282011536
 83130.73837235317
 83132.07191661879
 83133.65015663781
 83135.50133946903
 83137.65525550443
 83140.14323846916
 83142.99816542157
 83146.2544567532
 83149.94807618881
 83154.11653078631
 83158.79887093682
 83164.03569036463
 83169.86912612725
 83176.34285861536
 83183.50211155285
 83191.39365199677
 83200.06579033738
 83209.56838029812
 83219.95281893565
 83231.27204663977
 83243.5805471335
 83256.93434747308
 83271.39101804787
 83287.00967258048
 83303.85096812666
 83321.97710507541
 83341.45182714888
 83362.3404214024
 83384.70971822453
 83408.628091337
 83434.1654577947
 83461.39327798579
 83490.38455563152
 83521.2138377864
 83553.95721483813


# name: QUERY
# type: sq_string
# elements: 1
# length: 2
R2


# name: DATASIZE
# type: sq_string
# elements: 1
# length: 3
250


