# Created by Octave 3.8.2, Mon May 23 11:21:44 2016 CEST <Andrea@Andreas-MacBook-Pro.local>
# name: x
# type: matrix
# rows: 1
# columns: 100
 60 60.60606060606061 61.21212121212121 61.81818181818182 62.42424242424242 63.03030303030303 63.63636363636364 64.24242424242425 64.84848484848484 65.45454545454545 66.06060606060606 66.66666666666667 67.27272727272728 67.87878787878788 68.48484848484848 69.09090909090909 69.69696969696969 70.30303030303031 70.90909090909091 71.51515151515152 72.12121212121212 72.72727272727273 73.33333333333333 73.93939393939394 74.54545454545455 75.15151515151516 75.75757575757575 76.36363636363636 76.96969696969697 77.57575757575758 78.18181818181819 78.78787878787878 79.39393939393939 80 80.60606060606061 81.21212121212122 81.81818181818183 82.42424242424242 83.03030303030303 83.63636363636364 84.24242424242425 84.84848484848484 85.45454545454545 86.06060606060606 86.66666666666667 87.27272727272728 87.87878787878788 88.48484848484848 89.09090909090909 89.6969696969697 90.30303030303031 90.90909090909091 91.51515151515152 92.12121212121212 92.72727272727273 93.33333333333333 93.93939393939394 94.54545454545455 95.15151515151516 95.75757575757575 96.36363636363636 96.96969696969697 97.57575757575758 98.18181818181819 98.78787878787878 99.39393939393939 100 100.6060606060606 101.2121212121212 101.8181818181818 102.4242424242424 103.030303030303 103.6363636363636 104.2424242424242 104.8484848484848 105.4545454545455 106.0606060606061 106.6666666666667 107.2727272727273 107.8787878787879 108.4848484848485 109.0909090909091 109.6969696969697 110.3030303030303 110.9090909090909 111.5151515151515 112.1212121212121 112.7272727272727 113.3333333333333 113.9393939393939 114.5454545454545 115.1515151515152 115.7575757575758 116.3636363636364 116.969696969697 117.5757575757576 118.1818181818182 118.7878787878788 119.3939393939394 120


# name: y
# type: matrix
# rows: 100
# columns: 1
 224501.996317553
 223570.2804050278
 222626.7822205879
 221671.723769868
 220705.3376852126
 219727.8672343883
 218739.5663225215
 217740.6994871206
 216731.5418860316
 215712.3792781715
 214683.5079968783
 213645.234915708
 212597.8774065039
 211541.7632895598
 210477.2307756887
 209404.6284000097
 208324.3149472557
 207236.6593684043
 206142.04068843
 205040.847904972
 203933.4798777133
 202820.3452082597
 201701.8621103168
 200578.4582699519
 199450.57069574
 198318.6455585895
 197183.1380210496
 196044.512055905
 194903.2402538714
 193759.8036202102
 192614.6913600914
 191468.4006525429
 190321.4364128336
 189174.311043154
 188027.5441714669
 186881.6623784196
 185737.1989122231
 184594.6933914223
 183454.691495499
 182317.7446432711
 181184.4096590721
 180055.2484267163
 178930.8275312809
 177811.717888761
 176698.4943636765
 175591.7353747406
 174492.0224887268
 173399.9400026974
 172316.0745147898
 171241.0144837857
 170175.3497777189
 169119.671211811
 168074.5700760541
 167040.6376527938
 166018.4647246993
 165008.641073538
 164011.7549702077
 163028.3926565106
 162059.137819188
 161104.5710567663
 160165.2693397964
 159241.8054651019
 158334.7475046823
 157444.658249947
 156572.0946519852
 155717.607258607
 154881.7396489166
 154065.0278662062
 153267.9998499812
 152491.1748679547
 151735.0629488686
 151000.1643170168
 150286.9688293699
 149595.9554162118
 148927.591526214
 148282.3325768905
 147660.6214113795
 147062.8877625107
 146489.5477251221
 145941.003237592
 145417.6415735553
 144919.834844769
 144447.9395160908
 144002.2959335255
 143583.2278662868
 143191.0420638117
 142826.0278286448
 142488.4566061026
 142178.5815915984
 141896.637356496
 141642.8394933285
 141417.3842811977
 141220.4483721372
 141052.1884991903
 140912.7412069256
 140802.2226050668
 140720.7281458893
 140668.3324259805
 140645.0890129331
 140651.0302974839


# name: TRAIN_QUERIES
# type: cell
# rows: 1
# columns: 1
# name: <cell-element>
# type: sq_string
# elements: 1
# length: 2
R3





# name: TEST_QUERIES
# type: cell
# rows: 1
# columns: 1
# name: <cell-element>
# type: sq_string
# elements: 1
# length: 2
R4





# name: DATASIZE
# type: sq_string
# elements: 1
# length: 3
250


