# Created by Octave 3.8.2, Mon May 23 11:21:44 2016 CEST <Andrea@Andreas-MacBook-Pro.local>
# name: x
# type: matrix
# rows: 1
# columns: 100
 60 60.60606060606061 61.21212121212121 61.81818181818182 62.42424242424242 63.03030303030303 63.63636363636364 64.24242424242425 64.84848484848484 65.45454545454545 66.06060606060606 66.66666666666667 67.27272727272728 67.87878787878788 68.48484848484848 69.09090909090909 69.69696969696969 70.30303030303031 70.90909090909091 71.51515151515152 72.12121212121212 72.72727272727273 73.33333333333333 73.93939393939394 74.54545454545455 75.15151515151516 75.75757575757575 76.36363636363636 76.96969696969697 77.57575757575758 78.18181818181819 78.78787878787878 79.39393939393939 80 80.60606060606061 81.21212121212122 81.81818181818183 82.42424242424242 83.03030303030303 83.63636363636364 84.24242424242425 84.84848484848484 85.45454545454545 86.06060606060606 86.66666666666667 87.27272727272728 87.87878787878788 88.48484848484848 89.09090909090909 89.6969696969697 90.30303030303031 90.90909090909091 91.51515151515152 92.12121212121212 92.72727272727273 93.33333333333333 93.93939393939394 94.54545454545455 95.15151515151516 95.75757575757575 96.36363636363636 96.96969696969697 97.57575757575758 98.18181818181819 98.78787878787878 99.39393939393939 100 100.6060606060606 101.2121212121212 101.8181818181818 102.4242424242424 103.030303030303 103.6363636363636 104.2424242424242 104.8484848484848 105.4545454545455 106.0606060606061 106.6666666666667 107.2727272727273 107.8787878787879 108.4848484848485 109.0909090909091 109.6969696969697 110.3030303030303 110.9090909090909 111.5151515151515 112.1212121212121 112.7272727272727 113.3333333333333 113.9393939393939 114.5454545454545 115.1515151515152 115.7575757575758 116.3636363636364 116.969696969697 117.5757575757576 118.1818181818182 118.7878787878788 119.3939393939394 120


# name: y
# type: matrix
# rows: 100
# columns: 1
 220812.4407331551
 220515.9443375433
 220219.4479419316
 219922.9515463199
 219626.4551507081
 219329.9587550964
 219033.4623594846
 218736.9659638729
 218440.4695682611
 218143.9731726494
 217847.4767770377
 217550.9803814259
 217254.4839858141
 216957.9875902025
 216661.4911945907
 216364.994798979
 216068.4984033672
 215772.0020077554
 215475.5056121437
 215179.009216532
 214882.5128209202
 214586.0164253085
 214289.5200296968
 213993.023634085
 213696.5272384733
 213400.0308428615
 213103.5344472497
 212807.038051638
 212510.5416560263
 212214.0452604145
 211917.5488648028
 211621.052469191
 211324.5560735793
 211028.0596779676
 210731.5632823558
 210435.0668867441
 210138.5704911323
 209842.0740955206
 209545.5776999088
 209249.0813042971
 208952.5849086854
 208656.0885130736
 208359.5921174619
 208063.0957218501
 207766.5993262384
 207470.1029306266
 207173.6065350149
 206877.1101394031
 206580.6137437914
 206284.1173481797
 205987.6209525679
 205691.1245569562
 205394.6281613444
 205098.1317657327
 204801.6353701209
 204505.1389745092
 204208.6425788974
 203912.1461832857
 203615.649787674
 203319.1533920622
 203022.6569964505
 202726.1606008387
 202429.664205227
 202133.1678096153
 201836.6714140035
 201540.1750183918
 201243.67862278
 200947.1822271683
 200650.6858315565
 200354.1894359448
 200057.693040333
 199761.1966447214
 199464.7002491096
 199168.2038534978
 198871.7074578861
 198575.2110622743
 198278.7146666626
 197982.2182710508
 197685.7218754392
 197389.2254798274
 197092.7290842157
 196796.2326886039
 196499.7362929921
 196203.2398973804
 195906.7435017686
 195610.2471061569
 195313.7507105452
 195017.2543149334
 194720.7579193217
 194424.2615237099
 194127.7651280982
 193831.2687324864
 193534.7723368748
 193238.275941263
 192941.7795456512
 192645.2831500396
 192348.7867544279
 192052.290358816
 191755.7939632043
 191459.2975675926


# name: TRAIN_QUERIES
# type: cell
# rows: 1
# columns: 1
# name: <cell-element>
# type: sq_string
# elements: 1
# length: 2
R3





# name: TEST_QUERIES
# type: cell
# rows: 1
# columns: 1
# name: <cell-element>
# type: sq_string
# elements: 1
# length: 2
R4





# name: DATASIZE
# type: sq_string
# elements: 1
# length: 3
250


