# Created by Octave 3.8.2, Mon May 23 11:21:44 2016 CEST <Andrea@Andreas-MacBook-Pro.local>
# name: x
# type: matrix
# rows: 1
# columns: 100
 60 60.60606060606061 61.21212121212121 61.81818181818182 62.42424242424242 63.03030303030303 63.63636363636364 64.24242424242425 64.84848484848484 65.45454545454545 66.06060606060606 66.66666666666667 67.27272727272728 67.87878787878788 68.48484848484848 69.09090909090909 69.69696969696969 70.30303030303031 70.90909090909091 71.51515151515152 72.12121212121212 72.72727272727273 73.33333333333333 73.93939393939394 74.54545454545455 75.15151515151516 75.75757575757575 76.36363636363636 76.96969696969697 77.57575757575758 78.18181818181819 78.78787878787878 79.39393939393939 80 80.60606060606061 81.21212121212122 81.81818181818183 82.42424242424242 83.03030303030303 83.63636363636364 84.24242424242425 84.84848484848484 85.45454545454545 86.06060606060606 86.66666666666667 87.27272727272728 87.87878787878788 88.48484848484848 89.09090909090909 89.6969696969697 90.30303030303031 90.90909090909091 91.51515151515152 92.12121212121212 92.72727272727273 93.33333333333333 93.93939393939394 94.54545454545455 95.15151515151516 95.75757575757575 96.36363636363636 96.96969696969697 97.57575757575758 98.18181818181819 98.78787878787878 99.39393939393939 100 100.6060606060606 101.2121212121212 101.8181818181818 102.4242424242424 103.030303030303 103.6363636363636 104.2424242424242 104.8484848484848 105.4545454545455 106.0606060606061 106.6666666666667 107.2727272727273 107.8787878787879 108.4848484848485 109.0909090909091 109.6969696969697 110.3030303030303 110.9090909090909 111.5151515151515 112.1212121212121 112.7272727272727 113.3333333333333 113.9393939393939 114.5454545454545 115.1515151515152 115.7575757575758 116.3636363636364 116.969696969697 117.5757575757576 118.1818181818182 118.7878787878788 119.3939393939394 120


# name: y
# type: matrix
# rows: 1
# columns: 100
 222483.6021875261 222193.7740950251 221903.9460025241 221614.1179100231 221324.289817522 221034.461725021 220744.63363252 220454.8055400189 220164.9774475179 219875.1493550169 219585.3212625158 219295.4931700148 219005.6650775138 218715.8369850127 218426.0088925117 218136.1808000107 217846.3527075096 217556.5246150086 217266.6965225076 216976.8684300066 216687.0403375055 216397.2122450045 216107.3841525035 215817.5560600024 215527.7279675014 215237.8998750004 214948.0717824993 214658.2436899983 214368.4155974973 214078.5875049962 213788.7594124952 213498.9313199942 213209.1032274931 212919.2751349921 212629.4470424911 212339.6189499901 212049.790857489 211759.962764988 211470.134672487 211180.3065799859 210890.4784874849 210600.6503949839 210310.8223024828 210020.9942099818 209731.1661174808 209441.3380249797 209151.5099324787 208861.6818399777 208571.8537474766 208282.0256549756 207992.1975624746 207702.3694699735 207412.5413774725 207122.7132849715 206832.8851924705 206543.0570999694 206253.2290074684 205963.4009149674 205673.5728224663 205383.7447299653 205093.9166374643 204804.0885449632 204514.2604524622 204224.4323599612 203934.6042674601 203644.7761749591 203354.9480824581 203065.1199899571 202775.291897456 202485.463804955 202195.635712454 201905.8076199529 201615.9795274519 201326.1514349509 201036.3233424498 200746.4952499488 200456.6671574478 200166.8390649467 199877.0109724457 199587.1828799447 199297.3547874436 199007.5266949426 198717.6986024416 198427.8705099406 198138.0424174395 197848.2143249385 197558.3862324375 197268.5581399364 196978.7300474354 196688.9019549344 196399.0738624333 196109.2457699323 195819.4176774313 195529.5895849303 195239.7614924292 194949.9333999282 194660.1053074272 194370.2772149261 194080.4491224251 193790.6210299241


# name: TRAIN_QUERIES
# type: cell
# rows: 1
# columns: 1
# name: <cell-element>
# type: sq_string
# elements: 1
# length: 2
R3





# name: TEST_QUERIES
# type: cell
# rows: 1
# columns: 1
# name: <cell-element>
# type: sq_string
# elements: 1
# length: 2
R4





# name: DATASIZE
# type: sq_string
# elements: 1
# length: 3
250


