# Created by Octave 3.8.2, Mon May 23 11:21:44 2016 CEST <Andrea@Andreas-MacBook-Pro.local>
# name: SVs
# type: cell
# rows: 1
# columns: 7
# name: <cell-element>
# type: sparse matrix
# nnz: 98
# rows: 14
# columns: 7
1 1 1.654113362192311
2 1 -0.7026577362059141
3 1 0.6161673820546045
4 1 -1.143220871272988
5 1 -0.1623816120155727
6 1 -0.5173741747291072
7 1 -0.4122906475920196
8 1 -0.230945480658681
9 1 1.509466871686746
10 1 -0.187802158614323
11 1 1.186876554989929
12 1 -0.2810705021210055
13 1 -0.5798514336232189
14 1 -0.9323377452636371
1 2 1.37368069689971
2 2 -0.8969662619322776
3 2 1.157339460567565
4 2 -0.7137458272573729
5 2 1.206108640978805
6 2 -0.5907188495073648
7 2 1.628038853394947
8 2 0.8370277077287807
9 2 1.323519482795629
10 2 -0.008704762414564077
11 2 1.590789951821007
12 2 -0.002560613701336986
13 2 -0.978616238191647
14 2 -0.3588732379066862
1 3 -0.2378351690375934
2 3 0.2260942648329652
3 3 -1.662179922148957
4 3 -1.662179922148957
5 3 0.2891723896136113
6 3 -1.51771066861909
7 3 -1.666249478586418
8 3 -0.2276612779439408
9 3 -0.2256264997252103
10 3 -0.5410171236284409
11 3 -0.2134178304128272
12 3 -1.413936979463834
13 3 -0.14627014919472
14 3 -1.552301898337509
1 4 -0.3594303289849018
2 4 0.2519931684287987
3 4 -2.124535267219929
4 4 -2.004187203249359
5 4 0.4027740761620416
6 4 -1.141001089253546
7 4 -2.193700821226003
8 4 -0.6513089668905372
9 4 -0.5517105691217896
10 4 -0.7578239200598922
11 4 0.07492935017324741
12 4 -0.03850215839671513
13 4 0.07769597233349039
14 4 -0.9874535593600603
1 5 0.9977463164689836
2 5 -0.4931194852499701
3 5 -0.5178884538294729
4 5 -0.9496496032174038
5 5 2.121291397428008
6 5 -0.9421469695812889
7 5 -1.131562774942383
8 5 -0.2357688739509035
9 5 0.1514903526365098
10 5 0.1313462952025573
11 5 0.7465622533639841
12 5 -0.874109387840082
13 5 2.501664645198713
14 5 -0.9041199223845418
1 6 0.3751648019554061
2 6 -0.4057518952751983
3 6 2.324862619655208
4 6 0.8471961079769633
5 6 1.210484508303374
6 6 1.031749796214775
7 6 0.7220313194832805
8 6 -0.7603686326634117
9 6 0.1508123462588835
10 6 -0.2614387622731536
11 6 0.2313060792383324
12 6 1.250977513697457
13 6 0.0606750172317164
14 6 0.9949046956083747
1 7 -0.3676779919783492
2 7 -1.389658353068328
3 7 0.1433121885666404
4 7 -0.7764701364143409
5 7 -1.389658353068328
6 7 0.1433121885666404
7 7 0.1433121885666404
8 7 0.6543023691116301
9 7 -1.389658353068328
10 7 -0.3676779919783492
11 7 -0.3676779919783492
12 7 0.1433121885666404
13 7 0.6543023691116301
14 7 -0.7764701364143409



# name: <cell-element>
# type: sparse matrix
# nnz: 357
# rows: 51
# columns: 7
1 1 -0.3456959762206455
2 1 0.1150961853651527
3 1 -0.7026577362059141
4 1 1.313263216248504
5 1 -1.48425003515059
6 1 -0.1355289219464702
7 1 -0.209105292735811
8 1 0.1756042469875302
9 1 0.6161673820546045
10 1 -0.4930277357331209
11 1 -0.472261655413015
12 1 -1.143220871272988
13 1 -0.6471621767297691
14 1 -0.8141859089595863
15 1 -0.7108925611604389
16 1 0.7831911142844218
17 1 -0.005382884078220325
18 1 -0.1623816120155727
19 1 -0.8447979756383631
20 1 0.588419602316532
21 1 -0.6861880862968646
22 1 -0.5118246187814927
23 1 0.5352512759797091
24 1 0.1920738968965797
25 1 0.1492886107198098
26 1 0.1913578251614036
27 1 -0.7160840812404653
28 1 -0.6602304858967322
29 1 -0.5173741747291072
30 1 -0.4122906475920196
31 1 1.810754054262076
32 1 -0.230945480658681
33 1 -0.9212386333684081
34 1 1.509466871686746
35 1 -0.01666101390724336
36 1 -0.5180902464642833
37 1 0.1242260999886475
38 1 0.4443101656123488
39 1 -0.2993303313679952
40 1 -0.187802158614323
41 1 1.186876554989929
42 1 1.645699519303993
43 1 -0.2810705021210055
44 1 -0.5666041065224616
45 1 -0.3886602803312094
46 1 -0.6888733553037748
47 1 -0.009500296555482702
48 1 0.3490726248339321
49 1 -1.281601734095763
50 1 -0.9323377452636371
51 1 -0.3166950709460148
1 2 -0.9057504745457194
2 2 1.136458955174957
3 2 -0.8969662619322776
4 2 1.386064996649808
5 2 0.01903990911860201
6 2 0.6255345887406669
7 2 0.4587305514089158
8 2 -0.1027390384240318
9 2 1.157339460567565
10 2 -0.9461194516380943
11 2 -0.8891420725552774
12 2 -0.7137458272573729
13 2 -0.9813523044155059
14 2 -0.9134306604372533
15 2 -1.011737039848887
16 2 1.386881016400783
17 2 -0.4932764910085288
18 2 1.206108640978805
19 2 -0.9011903641726212
20 2 1.386209000135274
21 2 -1.05575410523974
22 2 -0.8981182898160077
23 2 1.592806000617535
24 2 -0.538781592415867
25 2 1.37828880843463
26 2 1.476787192493552
27 2 -0.8170923286603254
28 2 -1.048745935613716
29 2 -0.5907188495073648
30 2 1.628038853394947
31 2 1.551957011906939
32 2 0.8370277077287807
33 2 -0.9981527110532363
34 2 1.323519482795629
35 2 1.463346867183367
36 2 -1.043465807813286
37 2 0.6279826479935933
38 2 0.7980507643292464
39 2 -0.9077665233422472
40 2 -0.008704762414564077
41 2 1.590789951821007
42 2 1.274414294251634
43 2 -0.002560613701336986
44 2 -0.9789522463244016
45 2 -0.5164610521685967
46 2 -1.055610101754274
47 2 -0.107827161577173
48 2 1.359712358809482
49 2 -1.028105436030218
50 2 -0.3588732379066862
51 2 -0.7191699585432686
1 3 -0.1035398066013791
2 3 -0.1360962581010674
3 3 0.2260942648329652
4 3 0.4295720867060172
5 3 -1.55433667655624
6 3 0.1467379143024749
7 3 -0.2785307334122038
8 3 -1.521780225056552
9 3 -1.662179922148957
10 3 -0.1340614798823369
11 3 -0.08522680263280441
12 3 -1.662179922148957
13 3 -0.3171915195680837
14 3 0.01040777364753003
15 3 -0.1747570442569473
16 3 0.08569456774055928
17 3 -1.601136575587042
18 3 0.2891723896136113
19 3 -0.4677651077541422
20 3 0.09790323705294239
21 3 -0.2093482739753661
22 3 -0.345678414630311
23 3 -0.003835673883583607
24 3 -1.493293329994324
25 3 -0.07301813332042129
26 3 0.0775554548656372
27 3 0.1243553538964392
28 3 -0.1849309353505999
29 3 -1.51771066861909
30 3 -1.666249478586418
31 3 0.03482511227229627
32 3 -0.2276612779439408
33 3 -0.02825301250834985
34 3 -0.2256264997252103
35 3 0.006338217210068993
36 3 -0.01807912141469725
37 3 -0.05267035113311608
38 3 -0.02011389963342777
39 3 -0.1564440402883726
40 3 -0.5410171236284409
41 3 -0.2134178304128272
42 3 -0.1788266006944083
43 3 -1.413936979463834
44 3 0.1691204747085106
45 3 -1.552301898337509
46 3 0.004303438991338473
47 3 -0.08522680263280441
48 3 -0.1116789194763012
49 3 -1.678458147898802
50 3 -1.552301898337509
51 3 -0.1259223670074148
1 4 -0.2266324652932384
2 4 -0.2916480860589486
3 4 0.2519931684287987
4 4 1.342042299564536
5 4 -1.294548619147032
6 4 0.1454782152594436
7 4 0.01544697372802314
8 4 -1.402446883396509
9 4 -2.124535267219929
10 4 -0.0730849353997525
11 4 -0.1837498218094721
12 4 -2.004187203249359
13 4 -0.7218578319767334
14 4 -0.3248475519818645
15 4 -0.2598319312161542
16 4 -0.03435222515635065
17 4 -1.807757029872106
18 4 0.4027740761620416
19 4 -0.550327258041668
20 4 -0.09521791268169641
21 4 -0.4341291273114625
22 4 -0.5530938802019111
23 4 -0.2764316641776122
24 4 -1.883839139278789
25 4 0.1869775476630885
26 4 -0.1643834666877711
27 4 -0.07585155755999548
28 4 0.2727428346306211
29 4 -1.141001089253546
30 4 -2.193700821226003
31 4 0.311475544874023
32 4 -0.6513089668905372
33 4 -0.1477837337263132
34 4 -0.5517105691217896
35 4 -0.05510189135817307
36 4 0.05002975073106051
37 4 0.3612747437583967
38 4 0.5549382949754059
39 4 0.09844563853531281
40 4 -0.7578239200598922
41 4 0.07492935017324741
42 4 0.3322252110758454
43 4 -0.03850215839671513
44 4 1.425040964371826
45 4 -1.327748085069948
46 4 -0.3068645079402851
47 4 0.4553398972066584
48 4 -0.4050795946289112
49 4 -2.076119379415676
50 4 -0.9874535593600603
51 4 -0.3220809298216215
1 5 -0.4620811926731658
2 5 0.2272361196203006
3 5 -0.4931194852499701
4 5 0.7704062397143768
5 5 -1.288809753891094
6 5 -0.05180018616123531
7 5 1.85376598160873
8 5 -0.1909586237406827
9 5 -0.5178884538294729
10 5 -1.17513971551379
11 5 -0.9472857597430114
12 5 -0.9496496032174038
13 5 2.372372684729773
14 5 -1.158798362799513
15 5 -1.077605478244296
16 5 0.2597132734423873
17 5 -0.644919346627255
