# Created by Octave 3.8.2, Mon May 23 11:21:44 2016 CEST <Andrea@Andreas-MacBook-Pro.local>
# name: x
# type: matrix
# rows: 1
# columns: 100
 60 60.60606060606061 61.21212121212121 61.81818181818182 62.42424242424242 63.03030303030303 63.63636363636364 64.24242424242425 64.84848484848484 65.45454545454545 66.06060606060606 66.66666666666667 67.27272727272728 67.87878787878788 68.48484848484848 69.09090909090909 69.69696969696969 70.30303030303031 70.90909090909091 71.51515151515152 72.12121212121212 72.72727272727273 73.33333333333333 73.93939393939394 74.54545454545455 75.15151515151516 75.75757575757575 76.36363636363636 76.96969696969697 77.57575757575758 78.18181818181819 78.78787878787878 79.39393939393939 80 80.60606060606061 81.21212121212122 81.81818181818183 82.42424242424242 83.03030303030303 83.63636363636364 84.24242424242425 84.84848484848484 85.45454545454545 86.06060606060606 86.66666666666667 87.27272727272728 87.87878787878788 88.48484848484848 89.09090909090909 89.6969696969697 90.30303030303031 90.90909090909091 91.51515151515152 92.12121212121212 92.72727272727273 93.33333333333333 93.93939393939394 94.54545454545455 95.15151515151516 95.75757575757575 96.36363636363636 96.96969696969697 97.57575757575758 98.18181818181819 98.78787878787878 99.39393939393939 100 100.6060606060606 101.2121212121212 101.8181818181818 102.4242424242424 103.030303030303 103.6363636363636 104.2424242424242 104.8484848484848 105.4545454545455 106.0606060606061 106.6666666666667 107.2727272727273 107.8787878787879 108.4848484848485 109.0909090909091 109.6969696969697 110.3030303030303 110.9090909090909 111.5151515151515 112.1212121212121 112.7272727272727 113.3333333333333 113.9393939393939 114.5454545454545 115.1515151515152 115.7575757575758 116.3636363636364 116.969696969697 117.5757575757576 118.1818181818182 118.7878787878788 119.3939393939394 120


# name: y
# type: matrix
# rows: 100
# columns: 1
 195943.4252433612
 196096.853661696
 196240.1417189081
 196373.7463730631
 196498.1140465421
 196613.6806260421
 196720.8714625753
 196820.1013714696
 196911.7746323685
 196996.2849892309
 197074.0156503313
 197145.3392882599
 197210.6180399221
 197270.2035065393
 197324.4367536481
 197373.6483111008
 197418.1581730651
 197458.2757980245
 197494.3001087777
 197526.5194924394
 197555.2118004394
 197580.6443485233
 197603.0739167522
 197622.7467495027
 197639.898555467
 197654.7545076528
 197667.5292433834
 197678.4268642976
 197687.6409363498
 197695.3544898099
 197701.7400192634
 197706.9594836112
 197711.1643060699
 197714.4953741717
 197717.0830397641
 197719.0471190104
 197720.4968923892
 197721.531104695
 197722.2379650375
 197722.6951468421
 197722.9697878497
 197723.1184901169
 197723.1873200156
 197723.2118082333
 197723.2169497734
 197723.2172039543
 197723.2164944102
 197723.2082090911
 197723.1752002621
 197723.0897845041
 197722.9137427135
 197722.5983201022
 197722.0842261978
 197721.3016348433
 197720.1701841972
 197718.5989767337
 197716.4865792425
 197713.7210228288
 197710.1798029134
 197705.7298792326
 197700.2276758382
 197693.5190810977
 197685.439447694
 197675.8135926256
 197664.4557972067
 197651.1698070667
 197635.7488321509
 197617.9755467199
 197597.6220893499
 197574.4500629328
 197548.2105346759
 197518.6440361021
 197485.4805630498
 197448.439575673
 197407.2299984412
 197361.5502201394
 197311.0880938684
 197255.5209370442
 197194.5155313985
 197127.7281229786
 197054.8044221474
 196975.3796035832
 196889.0783062798
 196795.5146335467
 196694.2921530089
 196585.0038966069
 196467.2323605969
 196340.5495055504
 196204.5167563547
 196058.6850022124
 195902.5945966418
 195735.7753574768
 195557.7465668666
 195368.0169712763
 195166.0847814863
 194951.4376725926
 194723.5527840067
 194481.8967194558
 194225.9255469824
 193955.0847989449


# name: TRAIN_QUERIES
# type: cell
# rows: 1
# columns: 1
# name: <cell-element>
# type: sq_string
# elements: 1
# length: 2
R3





# name: TEST_QUERIES
# type: cell
# rows: 1
# columns: 1
# name: <cell-element>
# type: sq_string
# elements: 1
# length: 2
R4





# name: DATASIZE
# type: sq_string
# elements: 1
# length: 3
250


