# Created by Octave 3.8.2, Mon May 23 11:21:44 2016 CEST <Andrea@Andreas-MacBook-Pro.local>
# name: x
# type: matrix
# rows: 1
# columns: 100
 60 60.60606060606061 61.21212121212121 61.81818181818182 62.42424242424242 63.03030303030303 63.63636363636364 64.24242424242425 64.84848484848484 65.45454545454545 66.06060606060606 66.66666666666667 67.27272727272728 67.87878787878788 68.48484848484848 69.09090909090909 69.69696969696969 70.30303030303031 70.90909090909091 71.51515151515152 72.12121212121212 72.72727272727273 73.33333333333333 73.93939393939394 74.54545454545455 75.15151515151516 75.75757575757575 76.36363636363636 76.96969696969697 77.57575757575758 78.18181818181819 78.78787878787878 79.39393939393939 80 80.60606060606061 81.21212121212122 81.81818181818183 82.42424242424242 83.03030303030303 83.63636363636364 84.24242424242425 84.84848484848484 85.45454545454545 86.06060606060606 86.66666666666667 87.27272727272728 87.87878787878788 88.48484848484848 89.09090909090909 89.6969696969697 90.30303030303031 90.90909090909091 91.51515151515152 92.12121212121212 92.72727272727273 93.33333333333333 93.93939393939394 94.54545454545455 95.15151515151516 95.75757575757575 96.36363636363636 96.96969696969697 97.57575757575758 98.18181818181819 98.78787878787878 99.39393939393939 100 100.6060606060606 101.2121212121212 101.8181818181818 102.4242424242424 103.030303030303 103.6363636363636 104.2424242424242 104.8484848484848 105.4545454545455 106.0606060606061 106.6666666666667 107.2727272727273 107.8787878787879 108.4848484848485 109.0909090909091 109.6969696969697 110.3030303030303 110.9090909090909 111.5151515151515 112.1212121212121 112.7272727272727 113.3333333333333 113.9393939393939 114.5454545454545 115.1515151515152 115.7575757575758 116.3636363636364 116.969696969697 117.5757575757576 118.1818181818182 118.7878787878788 119.3939393939394 120


# name: y
# type: matrix
# rows: 100
# columns: 1
 205755.422863732
 204338.5607730233
 202984.8386878879
 201692.8174350481
 200461.0578412257
 199288.1207331427
 198172.566937521
 197112.9572810827
 196107.8525905496
 195155.8136926439
 194255.4014140875
 193405.1765816023
 192603.7000219104
 191849.5325617336
 191141.235027794
 190477.3682468136
 189856.4930455143
 189277.170250618
 188737.9606888469
 188237.4251869228
 187774.1245715678
 187346.6196695037
 186953.4713074527
 186593.2403121365
 186264.4875102773
 185965.773728597
 185695.6597938176
 185452.706532661
 185235.4747718493
 185042.5253381044
 184872.4190581483
 184723.7167587029
 184594.9792664903
 184484.7674082323
 184391.6420106511
 184314.1639004685
 184250.8939044065
 184200.3928491872
 184161.2215615324
 184131.9408681642
 184111.1115958045
 184097.2945711754
 184089.0506209987
 184084.9405719965
 184083.5252508908
 184083.3654844034
 184083.0220992565
 184081.0559221719
 184076.0277798716
 184066.4984990777
 184051.028906512
 184028.1798288967
 183996.5120929535
 183954.5865254046
 183900.9639529719
 183834.2052023773
 183752.8711003429
 183655.5224735907
 183540.7201488425
 183407.0249528204
 183252.9977122463
 183077.1992538422
 182878.1904043302
 182654.5319904321
 182404.78483887
 182127.5097763658
 181821.2676296415
 181484.6192254191
 181116.1253904205
 180714.3469513677
 180277.8447349828
 179805.1795679876
 179294.9122771042
 178745.6036890545
 178155.8146305605
 177524.1059283442
 176849.0384091276
 176129.1728996325
 175363.0702265811
 174549.2912166953
 173686.396696697
 172772.9474933083
 171807.504433251
 170788.6283432473
 169714.880050019
 168584.8203802882
 167397.0101607767
 166150.0102182066
 164842.3813793
 163472.6844707786
 162039.4803193645
 160541.3297517798
 158976.7935947463
 157344.432674986
 155642.807819221
 153870.4798541731
 152026.0096065644
 150107.9579031169
 148114.8855705524
 146045.3534355931


# name: TRAIN_QUERIES
# type: cell
# rows: 1
# columns: 1
# name: <cell-element>
# type: sq_string
# elements: 1
# length: 2
R3





# name: TEST_QUERIES
# type: cell
# rows: 1
# columns: 1
# name: <cell-element>
# type: sq_string
# elements: 1
# length: 2
R4





# name: DATASIZE
# type: sq_string
# elements: 1
# length: 3
250


