# Created by Octave 3.8.2, Mon May 23 11:21:44 2016 CEST <Andrea@Andreas-MacBook-Pro.local>
# name: x
# type: matrix
# rows: 1
# columns: 100
 60 60.60606060606061 61.21212121212121 61.81818181818182 62.42424242424242 63.03030303030303 63.63636363636364 64.24242424242425 64.84848484848484 65.45454545454545 66.06060606060606 66.66666666666667 67.27272727272728 67.87878787878788 68.48484848484848 69.09090909090909 69.69696969696969 70.30303030303031 70.90909090909091 71.51515151515152 72.12121212121212 72.72727272727273 73.33333333333333 73.93939393939394 74.54545454545455 75.15151515151516 75.75757575757575 76.36363636363636 76.96969696969697 77.57575757575758 78.18181818181819 78.78787878787878 79.39393939393939 80 80.60606060606061 81.21212121212122 81.81818181818183 82.42424242424242 83.03030303030303 83.63636363636364 84.24242424242425 84.84848484848484 85.45454545454545 86.06060606060606 86.66666666666667 87.27272727272728 87.87878787878788 88.48484848484848 89.09090909090909 89.6969696969697 90.30303030303031 90.90909090909091 91.51515151515152 92.12121212121212 92.72727272727273 93.33333333333333 93.93939393939394 94.54545454545455 95.15151515151516 95.75757575757575 96.36363636363636 96.96969696969697 97.57575757575758 98.18181818181819 98.78787878787878 99.39393939393939 100 100.6060606060606 101.2121212121212 101.8181818181818 102.4242424242424 103.030303030303 103.6363636363636 104.2424242424242 104.8484848484848 105.4545454545455 106.0606060606061 106.6666666666667 107.2727272727273 107.8787878787879 108.4848484848485 109.0909090909091 109.6969696969697 110.3030303030303 110.9090909090909 111.5151515151515 112.1212121212121 112.7272727272727 113.3333333333333 113.9393939393939 114.5454545454545 115.1515151515152 115.7575757575758 116.3636363636364 116.969696969697 117.5757575757576 118.1818181818182 118.7878787878788 119.3939393939394 120


# name: y
# type: matrix
# rows: 100
# columns: 1
 198398.1463472757
 197431.1148247397
 196485.876832009
 195562.432369084
 194660.781435964
 193780.9240326496
 192922.8601591405
 192086.5898154368
 191272.1130015384
 190479.4297174453
 189708.5399631577
 188959.4437386754
 188232.1410439984
 187526.6318791269
 186842.9162440607
 186180.9941387998
 185540.8655633444
 184922.5305176942
 184325.9890018495
 183751.2410158101
 183198.2865595761
 182667.1256331475
 182157.7582365241
 181670.1843697062
 181204.4040326937
 180760.4172254864
 180338.2239480846
 179937.8242004881
 179559.217982697
 179202.4052947113
 178867.3861365309
 178554.1605081559
 178262.7284095862
 177993.0898408219
 177745.244801863
 177519.1932927094
 177314.9353133612
 177132.4708638184
 176971.7999440809
 176832.9225541488
 176715.838694022
 176620.5483637007
 176547.0515631847
 176495.348292474
 176465.4385515687
 176457.3223404688
 176470.9996591742
 176506.470507685
 176563.7348860012
 176642.7927941227
 176743.6442320496
 176866.2891997818
 177010.7276973195
 177176.9597246624
 177364.9852818108
 177574.8043687645
 177806.4169855236
 178059.823132088
 178335.0228084578
 178632.0160146329
 178950.8027506135
 179291.3830163994
 179653.7568119906
 180037.9241373872
 180443.8849925892
 180871.6393775966
 181321.1872924093
 181792.5287370273
 182285.6637114508
 182800.5922156796
 183337.3142497137
 183895.8298135533
 184476.1389071982
 185078.2415306484
 185702.137683904
 186347.827366965
 187015.3105798313
 187704.5873225031
 188415.6575949801
 189148.5213972626
 189903.1787293504
 190679.6295912436
 191477.8739829421
 192297.911904446
 193139.7433557552
 194003.3683368698
 194888.7868477899
 195795.9988885152
 196725.0044590458
 197675.803559382
 198648.3961895234
 199642.7823494702
 200658.9620392223
 201696.9352587798
 202756.7020081427
 203838.262287311
 204941.6160962845
 206066.7634350635
 207213.7043036479
 208382.4387020376


# name: TRAIN_QUERIES
# type: cell
# rows: 1
# columns: 1
# name: <cell-element>
# type: sq_string
# elements: 1
# length: 2
R3





# name: TEST_QUERIES
# type: cell
# rows: 1
# columns: 1
# name: <cell-element>
# type: sq_string
# elements: 1
# length: 2
R4





# name: DATASIZE
# type: sq_string
# elements: 1
# length: 3
250


