# Created by Octave 3.8.2, Mon May 23 11:21:44 2016 CEST <Andrea@Andreas-MacBook-Pro.local>
# name: x
# type: matrix
# rows: 1
# columns: 100
 60 60.60606060606061 61.21212121212121 61.81818181818182 62.42424242424242 63.03030303030303 63.63636363636364 64.24242424242425 64.84848484848484 65.45454545454545 66.06060606060606 66.66666666666667 67.27272727272728 67.87878787878788 68.48484848484848 69.09090909090909 69.69696969696969 70.30303030303031 70.90909090909091 71.51515151515152 72.12121212121212 72.72727272727273 73.33333333333333 73.93939393939394 74.54545454545455 75.15151515151516 75.75757575757575 76.36363636363636 76.96969696969697 77.57575757575758 78.18181818181819 78.78787878787878 79.39393939393939 80 80.60606060606061 81.21212121212122 81.81818181818183 82.42424242424242 83.03030303030303 83.63636363636364 84.24242424242425 84.84848484848484 85.45454545454545 86.06060606060606 86.66666666666667 87.27272727272728 87.87878787878788 88.48484848484848 89.09090909090909 89.6969696969697 90.30303030303031 90.90909090909091 91.51515151515152 92.12121212121212 92.72727272727273 93.33333333333333 93.93939393939394 94.54545454545455 95.15151515151516 95.75757575757575 96.36363636363636 96.96969696969697 97.57575757575758 98.18181818181819 98.78787878787878 99.39393939393939 100 100.6060606060606 101.2121212121212 101.8181818181818 102.4242424242424 103.030303030303 103.6363636363636 104.2424242424242 104.8484848484848 105.4545454545455 106.0606060606061 106.6666666666667 107.2727272727273 107.8787878787879 108.4848484848485 109.0909090909091 109.6969696969697 110.3030303030303 110.9090909090909 111.5151515151515 112.1212121212121 112.7272727272727 113.3333333333333 113.9393939393939 114.5454545454545 115.1515151515152 115.7575757575758 116.3636363636364 116.969696969697 117.5757575757576 118.1818181818182 118.7878787878788 119.3939393939394 120


# name: y
# type: matrix
# rows: 100
# columns: 1
 187080.9145664405
 187089.000700727
 187096.2159644738
 187102.6370648194
 187108.3355259438
 187113.3779279897
 187117.8261403468
 187121.7375492959
 187125.1652800159
 187128.1584129508
 187130.7621945391
 187133.0182423039
 187134.9647443047
 187136.6366529508
 187138.0658731755
 187139.2814449718
 187140.3097202901
 187141.1745342967
 187141.8973709935
 187142.4975231998
 187142.9922468947
 187143.3969099213
 187143.7251350526
 187143.9889374177
 187144.1988562905
 187144.3640812394
 187144.492572638
 187144.5911765377
 187144.6657339013
 187144.7211841983
 187144.7616633614
 187144.7905961042
 187144.8107826005
 187144.8244795254
 187144.8334754565
 187144.839160638
 187144.8425911051
 187144.8445471703
 187144.8455862708
 187144.8460901774
 187144.846306565
 187144.8463849438
 187144.8464069529
 187144.8464110141
 187144.8464113481
 187144.8464113516
 187144.8464113355
 187144.8464106252
 187144.8464040217
 187144.8463726242
 187144.8462690143
 187144.8459968012
 187144.8453845287
 187144.8441539431
 187144.8418826228
 187144.8379609696
 187144.8315435604
 187144.8214948612
 187144.8063293021
 187144.7841457136
 187144.7525561244
 187144.7086089209
 187144.6487063672
 187144.5685164873
 187144.4628793086
 187144.3257074661
 187144.1498811687
 187143.9271375267
 187143.6479542406
 187143.301427651
 187142.8751451503
 187142.3550519558
 187141.7253122436
 187140.9681646448
 187140.0637721021
 187138.9900660884
 187137.7225851867
 187136.234308031
 187134.4954806093
 187132.4734379269
 187130.1324200323
 187127.4333824038
 187124.333800697
 187120.787469855
 187116.7442975786
 187112.150092159
 187106.9463446708
 187101.0700055276
 187094.4532553975
 187087.0232704817
 187078.7019821528
 187069.4058309556
 187059.045514969
 187047.5257325289
 187034.7449193131
 187020.5949797868
 187004.9610130106
 186987.7210328084
 186968.7456822981
 186947.8979427826


# name: TRAIN_QUERIES
# type: cell
# rows: 1
# columns: 1
# name: <cell-element>
# type: sq_string
# elements: 1
# length: 2
R3





# name: TEST_QUERIES
# type: cell
# rows: 1
# columns: 1
# name: <cell-element>
# type: sq_string
# elements: 1
# length: 2
R4





# name: DATASIZE
# type: sq_string
# elements: 1
# length: 3
250


