# Created by Octave 3.8.2, Wed May 18 09:29:02 2016 CEST <Andrea@Andreas-MacBook-Pro.local>
# name: x
# type: matrix
# rows: 1
# columns: 100
 0.008333333333333333 0.008417508417508417 0.008501683501683501 0.008585858585858586 0.00867003367003367 0.008754208754208754 0.008838383838383838 0.008922558922558922 0.009006734006734006 0.00909090909090909 0.009175084175084175 0.009259259259259259 0.009343434343434343 0.009427609427609427 0.009511784511784511 0.009595959595959595 0.009680134680134679 0.009764309764309764 0.009848484848484848 0.009932659932659932 0.01001683501683502 0.0101010101010101 0.01018518518518519 0.01026936026936027 0.01035353535353535 0.01043771043771044 0.01052188552188552 0.01060606060606061 0.01069023569023569 0.01077441077441077 0.01085858585858586 0.01094276094276094 0.01102693602693603 0.01111111111111111 0.0111952861952862 0.01127946127946128 0.01136363636363636 0.01144781144781145 0.01153198653198653 0.01161616161616162 0.0117003367003367 0.01178451178451178 0.01186868686868687 0.01195286195286195 0.01203703703703704 0.01212121212121212 0.01220538720538721 0.01228956228956229 0.01237373737373737 0.01245791245791246 0.01254208754208754 0.01262626262626263 0.01271043771043771 0.01279461279461279 0.01287878787878788 0.01296296296296296 0.01304713804713805 0.01313131313131313 0.01321548821548822 0.0132996632996633 0.01338383838383839 0.01346801346801347 0.01355218855218855 0.01363636363636364 0.01372053872053872 0.01380471380471381 0.01388888888888889 0.01397306397306397 0.01405723905723906 0.01414141414141414 0.01422558922558922 0.01430976430976431 0.01439393939393939 0.01447811447811448 0.01456228956228956 0.01464646464646465 0.01473063973063973 0.01481481481481482 0.0148989898989899 0.01498316498316498 0.01506734006734007 0.01515151515151515 0.01523569023569024 0.01531986531986532 0.0154040404040404 0.01548821548821549 0.01557239057239057 0.01565656565656566 0.01574074074074074 0.01582491582491583 0.01590909090909091 0.01599326599326599 0.01607744107744108 0.01616161616161616 0.01624579124579125 0.01632996632996633 0.01641414141414142 0.0164983164983165 0.01658249158249158 0.01666666666666667


# name: y
# type: matrix
# rows: 100
# columns: 1
 23289.58684767152
 23286.96978338961
 23284.212472971
 23281.31513481928
 23278.27825737336
 23275.1026016344
 23271.78920316036
 23268.33937351841
 23264.75470118694
 23261.03705190016
 23257.18856842953
 23253.21166979769
 23249.10904992172
 23244.88367568406
 23240.53878443079
 23236.07788089828
 23231.50473357079
 23226.8233704726
 23222.03807440034
 23217.15337760167
 23212.17405590874
 23207.10512233564
 23201.95182015051
 23196.71961543453
 23191.41418914113
 23186.04142866991
 23180.60741897144
 23175.11843319976
 23169.58092293106
 23164.00150796782
 23158.38696574883
 23152.74422038675
 23147.0803313555
 23141.40248185095
 23135.71796684917
 23130.03418088721
 23124.3586055922
 23118.69879698531
 23113.06237258744
 23107.45699835435
 23101.89037546923
 23096.37022702106
 23090.90428459759
 23085.50027482182
 23080.16590586117
 23074.90885393853
 23069.73674987445
 23064.65716568952
 23059.67760129617
 23054.80547130846
 23050.04809199851
 23045.41266842771
 23040.90628178039
 23036.53587692706
 23032.30825024408
 23028.2300377154
 23024.30770334194
 23020.54752788284
 23016.95559795244
 23013.53779549553
 23010.29978766273
 23007.24701710691
 23004.38469272016
 23001.71778083006
 22999.25099687269
 22996.98879755867
 22994.93537354724
 22993.09464264223
 22991.47024352242
 22990.06553001744
 22988.88356593909
 22987.92712047665
 22987.19866416312
 22986.70036541846
 22986.43408767377
 22986.40138707991
 22986.60351080162
 22987.0413958978
 22987.71566878649
 22988.62664529224
 22989.7743312718
 22991.15842381322
 22992.77831300161
 22994.63308424401
 22996.72152114421
 22999.04210891758
 23001.59303833421
 23004.37221017814
 23007.37724020895
 23010.60546461113
 23014.05394591565
 23017.71947937701
 23021.59859978855
 23025.68758871741
 23029.9824821404
 23034.47907846066
 23039.17294688485
 23044.05943613963
 23049.13368350584
 23054.39062414834


# name: QUERY
# type: sq_string
# elements: 1
# length: 2
R5


# name: DATASIZE
# type: sq_string
# elements: 1
# length: 3
500


