# Created by Octave 4.0.0, Mon May 23 11:57:12 2016 CEST <peter@Independence>
# name: x
# type: matrix
# rows: 1
# columns: 100
 0.008333333333333333 0.008417508417508417 0.008501683501683501 0.008585858585858586 0.00867003367003367 0.008754208754208754 0.008838383838383838 0.008922558922558922 0.009006734006734006 0.00909090909090909 0.009175084175084175 0.009259259259259259 0.009343434343434343 0.009427609427609427 0.009511784511784511 0.009595959595959595 0.009680134680134679 0.009764309764309764 0.009848484848484848 0.009932659932659932 0.01001683501683502 0.0101010101010101 0.01018518518518519 0.01026936026936027 0.01035353535353535 0.01043771043771044 0.01052188552188552 0.01060606060606061 0.01069023569023569 0.01077441077441077 0.01085858585858586 0.01094276094276094 0.01102693602693603 0.01111111111111111 0.0111952861952862 0.01127946127946128 0.01136363636363636 0.01144781144781145 0.01153198653198653 0.01161616161616162 0.0117003367003367 0.01178451178451178 0.01186868686868687 0.01195286195286195 0.01203703703703704 0.01212121212121212 0.01220538720538721 0.01228956228956229 0.01237373737373737 0.01245791245791246 0.01254208754208754 0.01262626262626263 0.01271043771043771 0.01279461279461279 0.01287878787878788 0.01296296296296296 0.01304713804713805 0.01313131313131313 0.01321548821548822 0.0132996632996633 0.01338383838383839 0.01346801346801347 0.01355218855218855 0.01363636363636364 0.01372053872053872 0.01380471380471381 0.01388888888888889 0.01397306397306397 0.01405723905723906 0.01414141414141414 0.01422558922558922 0.01430976430976431 0.01439393939393939 0.01447811447811448 0.01456228956228956 0.01464646464646465 0.01473063973063973 0.01481481481481482 0.0148989898989899 0.01498316498316498 0.01506734006734007 0.01515151515151515 0.01523569023569024 0.01531986531986532 0.0154040404040404 0.01548821548821549 0.01557239057239057 0.01565656565656566 0.01574074074074074 0.01582491582491583 0.01590909090909091 0.01599326599326599 0.01607744107744108 0.01616161616161616 0.01624579124579125 0.01632996632996633 0.01641414141414142 0.0164983164983165 0.01658249158249158 0.01666666666666667


# name: y
# type: matrix
# rows: 100
# columns: 1
 23105.37492577149
 23103.16526384099
 23100.95339888102
 23098.73939869323
 23096.5234650035
 23094.30593577383
 23092.08728719171
 23089.86813532875
 23087.64923746109
 23085.43149304468
 23083.21594433994
 23081.00377668056
 23078.79631838261
 23076.59504029072
 23074.4015549592
 23072.21761546685
 23070.04511386519
 23067.8860792608
 23065.74267553345
 23063.61719869264
 23061.51207387608
 23059.42985199481
 23057.37320603043
 23055.34492699081
 23053.3479195319
 23051.38519725372
 23049.45987767999
 23047.57517693135
 23045.73440410312
 23043.94095535957
 23042.198307757
 23040.51001280933
 23038.87968980986
 23037.3110189244
 23035.80773407094
 23034.37361560197
 23033.01248280612
 23031.72818624625
 23030.52459995157
 23029.40561348201
 23028.3751238831
 23027.4370275503
 23026.59521202189
 23025.85354771953
 23025.2158796562
 23024.68601913105
 23024.26773543087
 23023.96474755779
 23023.78071600313
 23023.71923458672
 23023.78382238128
 23023.97791574115
 23024.30486045422
 23024.76790403589
 23025.37018818338
 23026.11474140837
 23027.00447186531
 23028.04216039272
 23029.23045378362
 23030.57185830118
 23032.06873345474
 23033.72328605091
 23035.53756453344
 23037.51345362521
 23039.65266928455
 23041.95675398757
 23044.42707234717
 23047.06480707854
 23049.87095532035
 23052.84632531944
 23055.99153348639
 23059.30700182807
 23062.79295576254
 23066.44942232051
 23070.27622873681
 23074.27300143417
 23078.43916540081
 23082.77394396219
 23087.27635894643
 23091.94523124193
 23096.77918174474
 23101.77663269229
 23106.9358093793
 23112.25474225049
 23117.73126936416
 23123.3630392197
 23129.1475139412
 23135.08197280854
 23141.1635161268
 23147.38906942359
 23153.75538796376
 23160.2590615698
 23166.89651973584
 23173.66403702246
 23180.55773871913
 23187.57360676015
 23194.70748588002
 23201.95508999336
 23209.31200878411
 23216.77371448859


# name: QUERY
# type: sq_string
# elements: 1
# length: 2
R5


# name: DATASIZE
# type: sq_string
# elements: 1
# length: 3
500


