# Created by Octave 4.0.0, Mon May 23 11:57:12 2016 CEST <peter@Independence>
# name: x
# type: matrix
# rows: 1
# columns: 100
 0.008333333333333333 0.008417508417508417 0.008501683501683501 0.008585858585858586 0.00867003367003367 0.008754208754208754 0.008838383838383838 0.008922558922558922 0.009006734006734006 0.00909090909090909 0.009175084175084175 0.009259259259259259 0.009343434343434343 0.009427609427609427 0.009511784511784511 0.009595959595959595 0.009680134680134679 0.009764309764309764 0.009848484848484848 0.009932659932659932 0.01001683501683502 0.0101010101010101 0.01018518518518519 0.01026936026936027 0.01035353535353535 0.01043771043771044 0.01052188552188552 0.01060606060606061 0.01069023569023569 0.01077441077441077 0.01085858585858586 0.01094276094276094 0.01102693602693603 0.01111111111111111 0.0111952861952862 0.01127946127946128 0.01136363636363636 0.01144781144781145 0.01153198653198653 0.01161616161616162 0.0117003367003367 0.01178451178451178 0.01186868686868687 0.01195286195286195 0.01203703703703704 0.01212121212121212 0.01220538720538721 0.01228956228956229 0.01237373737373737 0.01245791245791246 0.01254208754208754 0.01262626262626263 0.01271043771043771 0.01279461279461279 0.01287878787878788 0.01296296296296296 0.01304713804713805 0.01313131313131313 0.01321548821548822 0.0132996632996633 0.01338383838383839 0.01346801346801347 0.01355218855218855 0.01363636363636364 0.01372053872053872 0.01380471380471381 0.01388888888888889 0.01397306397306397 0.01405723905723906 0.01414141414141414 0.01422558922558922 0.01430976430976431 0.01439393939393939 0.01447811447811448 0.01456228956228956 0.01464646464646465 0.01473063973063973 0.01481481481481482 0.0148989898989899 0.01498316498316498 0.01506734006734007 0.01515151515151515 0.01523569023569024 0.01531986531986532 0.0154040404040404 0.01548821548821549 0.01557239057239057 0.01565656565656566 0.01574074074074074 0.01582491582491583 0.01590909090909091 0.01599326599326599 0.01607744107744108 0.01616161616161616 0.01624579124579125 0.01632996632996633 0.01641414141414142 0.0164983164983165 0.01658249158249158 0.01666666666666667


# name: y
# type: matrix
# rows: 1
# columns: 100
 23541.76645388874 23541.67695115105 23541.58744841336 23541.49794567567 23541.40844293798 23541.31894020029 23541.2294374626 23541.13993472491 23541.05043198722 23540.96092924953 23540.87142651183 23540.78192377414 23540.69242103645 23540.60291829876 23540.51341556107 23540.42391282338 23540.33441008568 23540.24490734799 23540.1554046103 23540.06590187261 23539.97639913492 23539.88689639723 23539.79739365954 23539.70789092185 23539.61838818416 23539.52888544647 23539.43938270877 23539.34987997108 23539.26037723339 23539.1708744957 23539.08137175801 23538.99186902032 23538.90236628263 23538.81286354494 23538.72336080725 23538.63385806956 23538.54435533186 23538.45485259417 23538.36534985648 23538.27584711879 23538.1863443811 23538.09684164341 23538.00733890571 23537.91783616802 23537.82833343033 23537.73883069264 23537.64932795495 23537.55982521726 23537.47032247957 23537.38081974188 23537.29131700419 23537.2018142665 23537.1123115288 23537.02280879111 23536.93330605342 23536.84380331573 23536.75430057804 23536.66479784035 23536.57529510266 23536.48579236497 23536.39628962728 23536.30678688959 23536.21728415189 23536.1277814142 23536.03827867651 23535.94877593882 23535.85927320113 23535.76977046344 23535.68026772574 23535.59076498805 23535.50126225036 23535.41175951267 23535.32225677498 23535.23275403729 23535.1432512996 23535.05374856191 23534.96424582422 23534.87474308653 23534.78524034883 23534.69573761114 23534.60623487345 23534.51673213576 23534.42722939807 23534.33772666038 23534.24822392269 23534.15872118499 23534.0692184473 23533.97971570961 23533.89021297192 23533.80071023423 23533.71120749654 23533.62170475885 23533.53220202116 23533.44269928347 23533.35319654577 23533.26369380808 23533.17419107039 23533.0846883327 23532.99518559501 23532.90568285732


# name: QUERY
# type: sq_string
# elements: 1
# length: 2
R5


# name: DATASIZE
# type: sq_string
# elements: 1
# length: 3
500


