# Created by Octave 4.0.0, Mon May 23 11:57:12 2016 CEST <peter@Independence>
# name: x
# type: matrix
# rows: 1
# columns: 100
 0.008333333333333333 0.008417508417508417 0.008501683501683501 0.008585858585858586 0.00867003367003367 0.008754208754208754 0.008838383838383838 0.008922558922558922 0.009006734006734006 0.00909090909090909 0.009175084175084175 0.009259259259259259 0.009343434343434343 0.009427609427609427 0.009511784511784511 0.009595959595959595 0.009680134680134679 0.009764309764309764 0.009848484848484848 0.009932659932659932 0.01001683501683502 0.0101010101010101 0.01018518518518519 0.01026936026936027 0.01035353535353535 0.01043771043771044 0.01052188552188552 0.01060606060606061 0.01069023569023569 0.01077441077441077 0.01085858585858586 0.01094276094276094 0.01102693602693603 0.01111111111111111 0.0111952861952862 0.01127946127946128 0.01136363636363636 0.01144781144781145 0.01153198653198653 0.01161616161616162 0.0117003367003367 0.01178451178451178 0.01186868686868687 0.01195286195286195 0.01203703703703704 0.01212121212121212 0.01220538720538721 0.01228956228956229 0.01237373737373737 0.01245791245791246 0.01254208754208754 0.01262626262626263 0.01271043771043771 0.01279461279461279 0.01287878787878788 0.01296296296296296 0.01304713804713805 0.01313131313131313 0.01321548821548822 0.0132996632996633 0.01338383838383839 0.01346801346801347 0.01355218855218855 0.01363636363636364 0.01372053872053872 0.01380471380471381 0.01388888888888889 0.01397306397306397 0.01405723905723906 0.01414141414141414 0.01422558922558922 0.01430976430976431 0.01439393939393939 0.01447811447811448 0.01456228956228956 0.01464646464646465 0.01473063973063973 0.01481481481481482 0.0148989898989899 0.01498316498316498 0.01506734006734007 0.01515151515151515 0.01523569023569024 0.01531986531986532 0.0154040404040404 0.01548821548821549 0.01557239057239057 0.01565656565656566 0.01574074074074074 0.01582491582491583 0.01590909090909091 0.01599326599326599 0.01607744107744108 0.01616161616161616 0.01624579124579125 0.01632996632996633 0.01641414141414142 0.0164983164983165 0.01658249158249158 0.01666666666666667


# name: y
# type: matrix
# rows: 100
# columns: 1
 23558.7909791909
 23558.26852624247
 23557.74607329405
 23557.22362034561
 23556.70116739718
 23556.17871444875
 23555.65626150032
 23555.13380855189
 23554.61135560346
 23554.08890265503
 23553.5664497066
 23553.04399675817
 23552.52154380974
 23551.99909086131
 23551.47663791287
 23550.95418496445
 23550.43173201602
 23549.90927906759
 23549.38682611915
 23548.86437317072
 23548.34192022229
 23547.81946727386
 23547.29701432543
 23546.774561377
 23546.25210842857
 23545.72965548014
 23545.20720253171
 23544.68474958328
 23544.16229663485
 23543.63984368641
 23543.11739073799
 23542.59493778956
 23542.07248484112
 23541.55003189269
 23541.02757894426
 23540.50512599583
 23539.9826730474
 23539.46022009897
 23538.93776715054
 23538.41531420211
 23537.89286125368
 23537.37040830525
 23536.84795535682
 23536.32550240838
 23535.80304945996
 23535.28059651153
 23534.75814356309
 23534.23569061466
 23533.71323766623
 23533.1907847178
 23532.66833176937
 23532.14587882094
 23531.62342587251
 23531.10097292408
 23530.57851997565
 23530.05606702722
 23529.53361407879
 23529.01116113035
 23528.48870818193
 23527.9662552335
 23527.44380228506
 23526.92134933663
 23526.3988963882
 23525.87644343977
 23525.35399049134
 23524.83153754291
 23524.30908459448
 23523.78663164605
 23523.26417869762
 23522.74172574919
 23522.21927280076
 23521.69681985232
 23521.1743669039
 23520.65191395547
 23520.12946100703
 23519.6070080586
 23519.08455511017
 23518.56210216174
 23518.03964921331
 23517.51719626488
 23516.99474331645
 23516.47229036802
 23515.94983741959
 23515.42738447116
 23514.90493152273
 23514.38247857429
 23513.86002562587
 23513.33757267743
 23512.81511972901
 23512.29266678057
 23511.77021383214
 23511.24776088371
 23510.72530793528
 23510.20285498685
 23509.68040203842
 23509.15794908999
 23508.63549614156
 23508.11304319313
 23507.5905902447
 23507.06813729626


# name: QUERY
# type: sq_string
# elements: 1
# length: 2
R5


# name: DATASIZE
# type: sq_string
# elements: 1
# length: 3
500


