# Created by Octave 3.8.2, Wed May 18 09:29:02 2016 CEST <Andrea@Andreas-MacBook-Pro.local>
# name: x
# type: matrix
# rows: 1
# columns: 100
 0.008333333333333333 0.008417508417508417 0.008501683501683501 0.008585858585858586 0.00867003367003367 0.008754208754208754 0.008838383838383838 0.008922558922558922 0.009006734006734006 0.00909090909090909 0.009175084175084175 0.009259259259259259 0.009343434343434343 0.009427609427609427 0.009511784511784511 0.009595959595959595 0.009680134680134679 0.009764309764309764 0.009848484848484848 0.009932659932659932 0.01001683501683502 0.0101010101010101 0.01018518518518519 0.01026936026936027 0.01035353535353535 0.01043771043771044 0.01052188552188552 0.01060606060606061 0.01069023569023569 0.01077441077441077 0.01085858585858586 0.01094276094276094 0.01102693602693603 0.01111111111111111 0.0111952861952862 0.01127946127946128 0.01136363636363636 0.01144781144781145 0.01153198653198653 0.01161616161616162 0.0117003367003367 0.01178451178451178 0.01186868686868687 0.01195286195286195 0.01203703703703704 0.01212121212121212 0.01220538720538721 0.01228956228956229 0.01237373737373737 0.01245791245791246 0.01254208754208754 0.01262626262626263 0.01271043771043771 0.01279461279461279 0.01287878787878788 0.01296296296296296 0.01304713804713805 0.01313131313131313 0.01321548821548822 0.0132996632996633 0.01338383838383839 0.01346801346801347 0.01355218855218855 0.01363636363636364 0.01372053872053872 0.01380471380471381 0.01388888888888889 0.01397306397306397 0.01405723905723906 0.01414141414141414 0.01422558922558922 0.01430976430976431 0.01439393939393939 0.01447811447811448 0.01456228956228956 0.01464646464646465 0.01473063973063973 0.01481481481481482 0.0148989898989899 0.01498316498316498 0.01506734006734007 0.01515151515151515 0.01523569023569024 0.01531986531986532 0.0154040404040404 0.01548821548821549 0.01557239057239057 0.01565656565656566 0.01574074074074074 0.01582491582491583 0.01590909090909091 0.01599326599326599 0.01607744107744108 0.01616161616161616 0.01624579124579125 0.01632996632996633 0.01641414141414142 0.0164983164983165 0.01658249158249158 0.01666666666666667


# name: y
# type: matrix
# rows: 100
# columns: 1
 23501.12999828811
 23500.78506460871
 23500.44013092931
 23500.09519724991
 23499.75026357051
 23499.4053298911
 23499.06039621171
 23498.7154625323
 23498.37052885291
 23498.0255951735
 23497.68066149411
 23497.33572781471
 23496.9907941353
 23496.6458604559
 23496.3009267765
 23495.9559930971
 23495.6110594177
 23495.2661257383
 23494.9211920589
 23494.5762583795
 23494.2313247001
 23493.8863910207
 23493.5414573413
 23493.1965236619
 23492.8515899825
 23492.5066563031
 23492.1617226237
 23491.81678894429
 23491.47185526489
 23491.12692158549
 23490.78198790609
 23490.43705422669
 23490.09212054729
 23489.74718686789
 23489.40225318849
 23489.05731950909
 23488.71238582969
 23488.36745215029
 23488.02251847089
 23487.67758479149
 23487.33265111209
 23486.98771743269
 23486.64278375329
 23486.29785007389
 23485.95291639449
 23485.60798271509
 23485.26304903569
 23484.91811535629
 23484.57318167689
 23484.22824799749
 23483.88331431808
 23483.53838063868
 23483.19344695928
 23482.84851327988
 23482.50357960048
 23482.15864592108
 23481.81371224168
 23481.46877856228
 23481.12384488288
 23480.77891120348
 23480.43397752408
 23480.08904384468
 23479.74411016528
 23479.39917648588
 23479.05424280648
 23478.70930912708
 23478.36437544768
 23478.01944176828
 23477.67450808888
 23477.32957440948
 23476.98464073008
 23476.63970705068
 23476.29477337128
 23475.94983969187
 23475.60490601247
 23475.25997233307
 23474.91503865367
 23474.57010497427
 23474.22517129487
 23473.88023761547
 23473.53530393607
 23473.19037025667
 23472.84543657727
 23472.50050289787
 23472.15556921847
 23471.81063553907
 23471.46570185967
 23471.12076818027
 23470.77583450087
 23470.43090082147
 23470.08596714206
 23469.74103346267
 23469.39609978327
 23469.05116610387
 23468.70623242446
 23468.36129874506
 23468.01636506567
 23467.67143138626
 23467.32649770686
 23466.98156402746


# name: QUERY
# type: sq_string
# elements: 1
# length: 2
R5


# name: DATASIZE
# type: sq_string
# elements: 1
# length: 3
500


