# Created by Octave 4.0.0, Mon May 23 11:57:12 2016 CEST <peter@Independence>
# name: SVs
# type: cell
# rows: 1
# columns: 7
# name: <cell-element>
# type: sparse matrix
# nnz: 280
# rows: 40
# columns: 7
1 1 -1.237528370163731
2 1 -0.682531647795353
3 1 1.016094684301805
4 1 -0.7173691043942338
5 1 1.330833085298591
6 1 -0.05665872062235503
7 1 -0.1335413834612646
8 1 -1.179866373034549
9 1 -1.262755493907748
10 1 1.305605961554573
11 1 1.285184004237988
12 1 0.3121378026830391
13 1 0.5391819163791939
14 1 -0.9972700487921389
15 1 -0.5768179863918523
16 1 -1.028503630570446
17 1 -0.2188330875481798
18 1 -1.179866373034549
19 1 -0.9167835111326555
20 1 -1.022497172536156
21 1 -0.8038621000880071
22 1 1.221515549074516
23 1 -0.8242840574045924
24 1 -0.3846113292945785
25 1 -0.7954530588400014
26 1 -0.9972700487921389
27 1 -1.236327078556873
28 1 1.633558570226797
29 1 -0.4759094914157836
30 1 1.211905216219652
31 1 -1.454962151005022
32 1 -1.237528370163731
33 1 1.08937347232014
34 1 -0.71376522957366
35 1 -0.9384067600560988
36 1 2.719526182826394
37 1 1.239534923177386
38 1 -1.028503630570446
39 1 -0.9167835111326555
40 1 0.2736964712635844
1 2 -1.077457596202366
2 2 -1.238515625239363
3 2 0.9175034541889012
4 2 -0.7337564414533083
5 2 1.610717135868763
6 2 0.1769685990290968
7 2 -0.1999403967585166
8 2 -1.067495243890799
9 2 -1.060023479657124
10 2 1.220525003665727
11 2 1.317657938703504
12 2 1.227996767899402
13 2 0.8012760105539544
14 2 -0.984475641294408
15 2 -0.4846976336641365
16 2 -0.9413054479442849
17 2 0.1279870334972263
18 2 -1.067495243890799
19 2 -1.089910536591824
20 2 -1.217760724590266
21 2 -1.126439161734236
22 2 1.184826574549279
23 2 -0.4880184177679921
24 2 -0.5120941025209453
25 2 -0.710510952726319
26 2 -0.984475641294408
27 2 -1.030966618748387
28 2 1.59743399945334
29 2 -0.7246242851677054
30 2 1.166562261978073
31 2 -0.7362470295312
32 2 -1.077457596202366
33 2 1.51026341672713
34 2 -0.9869662293722997
35 2 -1.211949352408518
36 2 -0.3543568575878032
37 2 1.198939906990665
38 2 -0.9413054479442849
39 2 -1.089910536591824
40 2 -0.04386354387730226
1 3 -0.003854369973302096
2 3 0.7116708718702517
3 3 0.6274914316533631
4 3 0.3609232042998822
5 3 1.385106393605361
6 3 0.5713718048421039
7 3 2.465409209722099
8 3 0.4030129244083265
9 3 -0.9859478391703368
10 3 1.79197368798699
11 3 0.7677904986815108
12 3 -0.5931104514915229
13 3 0.2346540439745492
14 3 -1.322665600037892
15 3 0.1364446970548457
16 3 -1.561174013985743
17 3 0.4871923646252153
18 3 0.4030129244083265
19 3 -0.1722132504070795
20 3 -3.104463751295369
21 3 -1.238486159821003
22 3 0.7958503120871404
23 3 0.6695811517618074
24 3 -1.154306719604114
25 3 -1.43490485366041
26 3 -1.322665600037892
27 3 0.2065942305689196
28 3 0.7397306852758813
29 3 0.7818204053843256
30 3 0.9361493791152882
31 3 0.4731624579224005
32 3 -0.003854369973302096
33 3 0.7397306852758813
34 3 -0.9157983056562629
35 3 0.2065942305689196
36 3 0.4731624579224005
37 3 0.6274914316533631
38 3 -1.561174013985743
39 3 -0.1722132504070795
40 3 -1.294605786632262
1 4 -0.4531726341127101
2 4 0.4017082340241974
3 4 0.122942733544771
4 4 -0.1186540335373985
5 4 1.962795036708985
6 4 0.01143653335300048
7 4 4.174334673845768
8 4 -0.1744071336332838
9 4 0.4946300675173395
10 4 2.96635083843492
11 4 0.2344489337365416
12 4 -0.2301602337291691
13 4 -0.3788351673181964
14 4 -0.3416664339209396
15 4 -0.2115758670305406
16 4 -0.2301602337291691
17 4 -0.007147833345627942
18 4 -0.1744071336332838
19 4 -0.4717570008113386
20 4 -4.857667541687647
21 4 0.1415271002433995
22 4 0.3645395006269406
23 4 0.3459551339283121
24 4 -0.2301602337291691
25 4 -0.4345882674140817
26 4 -0.3416664339209396
27 4 -0.3974195340168248
28 4 0.2902020338324269
29 4 0.5317988009145964
30 4 0.6618893678049953
31 4 -0.1558227669346554
32 4 -0.4531726341127101
33 4 0.6061362677091101
34 4 0.1601114669420279
35 4 -0.5275101009072238
36 4 -0.1000696668387701
37 4 0.2158645670379132
38 4 -0.2301602337291691
39 4 -0.4717570008113386
40 4 -0.490341367509967
1 5 -1.134839368756427
2 5 -1.104227635569829
3 5 0.7619543209169011
4 5 -0.694937425186044
5 5 1.07033918857449
6 5 0.5658124749435085
7 5 -0.4194318265066544
8 5 -1.015793739697432
9 5 -0.1529963709936644
10 5 1.04086122328369
11 5 0.5635449391519085
12 5 2.984139396684817
13 5 1.462622880521275
14 5 -1.115565314527828
15 5 -0.614439904584247
16 5 -1.05547561605043
17 5 0.4762448111753119
18 5 -1.015793739697432
19 5 -1.173387477213626
20 5 -1.572473776535211
21 5 -1.401274824269417
22 5 0.7710244640833007
23 5 0.7177373729807027
24 5 -0.696071193081844
25 5 -0.456846167068053
26 5 -1.115565314527828
27 5 0.2302171777867211
28 5 0.8107063404362992
29 5 -0.9080857895964359
30 5 0.7710244640833007
31 5 0.6542463708159051
32 5 -1.134839368756427
33 5 1.916130038841258
34 5 -1.046405472884031
35 5 -1.189260227754825
36 5 -1.32191107156342
37 5 0.8163751799152991
38 5 -1.05547561605043
39 5 -1.173387477213626
40 5 -1.097425028195029
1 6 -0.964833912124925
2 6 -0.9424161166285937
3 6 0.666945623213293
4 6 -0.8893213378214934
5 6 1.298183549031042
6 6 0.4439475522234714
7 6 -0.4975998586224417
8 6 -0.9329770448406647
9 6 -0.1424547826016148
10 6 1.035069422942522
11 6 0.5796342091749501
12 6 2.985417631123342
13 6 1.48578510081613
14 6 -0.9671936800719072
15 6 -0.6627836149111984
16 6 -0.9919712435152207
17 6 0.5229997784473764
18 6 -0.9329770448406647
19 6 -0.9034799455033867
20 6 -1.776594085886815
21 6 -1.52881845145368
22 6 0.6846438828156598
23 6 1.092883737643587
24 6 -0.856284586563742
25 6 -0.4999596265694239
26 6 -0.9671936800719072
27 6 0.1218392274603959
28 6 0.6988024904975532
29 6 -0.8020099237831505
30 6 0.6327289879820506
31 6 0.687003650762642
32 6 -0.964833912124925
33 6 1.835030756969501
34 6 -0.9671936800719072
35 6 -0.9424161166285937
36 6 -1.514659843771787
37 6 0.7318392417553046
38 6 -0.9919712435152207
39 6 -0.9034799455033867
40 6 -1.094621149208948
1 7 0.1568544994662671
2 7 -0.7170491404171965
3 7 0.1568544994662671
4 7 -1.299651567006172
5 7 -0.7170491404171965
6 7 0.1568544994662671
7 7 1.613360565938706
8 7 0.1568544994662671
9 7 -0.7170491404171965
10 7 1.613360565938706
11 7 -1.299651567006172
12 7 -1.299651567006172
13 7 -0.7170491404171965
14 7 0.1568544994662671
15 7 -1.299651567006172
16 7 0.1568544994662671
17 7 -0.7170491404171965
18 7 0.1568544994662671
19 7 0.1568544994662671
20 7 1.613360565938706
21 7 1.613360565938706
22 7 -1.299651567006172
23 7 -0.7170491404171965
24 7 0.1568544994662671
25 7 0.1568544994662671
26 7 0.1568544994662671
27 7 -0.7170491404171965
28 7 -1.299651567006172
29 7 1.613360565938706
30 7 -1.299651567006172
31 7 1.613360565938706
32 7 0.1568544994662671
33 7 -1.299651567006172
34 7 1.613360565938706
35 7 0.1568544994662671
36 7 1.613360565938706
37 7 -1.299651567006172
38 7 0.1568544994662671
39 7 0.1568544994662671
40 7 1.613360565938706



