# Created by Octave 3.8.2, Wed May 18 09:28:55 2016 CEST <Andrea@Andreas-MacBook-Pro.local>
# name: SVs
# type: cell
# rows: 1
# columns: 7
# name: <cell-element>
# type: sparse matrix
# nnz: 77
# rows: 11
# columns: 7
1 1 0.6497007442101264
2 1 -0.7678233518822682
3 1 1.330833085298591
4 1 -0.1335413834612646
5 1 0.3001248866144596
6 1 -0.08909359400752
7 1 -0.4530849508854823
8 1 0.2736964712635844
9 1 1.223918132288232
10 1 -1.028503630570446
11 1 -0.5768179863918523
1 2 0.6808975867891879
2 2 -1.190364255733457
3 2 1.610717135868763
4 2 -0.1999403967585166
5 2 0.237572908924462
6 2 -0.4730748893006418
7 2 -0.9778340730866968
8 2 -0.04386354387730226
9 2 1.245430884444644
10 2 -0.9413054479442849
11 2 -0.4846976336641365
1 3 0.6274914316533631
2 3 -1.098187092792855
3 3 1.385106393605361
4 3 2.465409209722099
5 3 0.6555512450589926
6 3 0.5854017115449187
7 3 0.3188334841914379
8 3 -1.294605786632262
9 3 0.9221194724124735
10 3 -1.561174013985743
11 3 0.1364446970548457
1 4 0.3645395006269406
2 4 0.25303330043517
3 4 1.962795036708985
4 4 4.174334673845768
5 4 0.5689675343118532
6 4 0.01143653335300048
7 4 -0.2115758670305406
8 4 -0.490341367509967
9 4 0.6618893678049953
10 4 -0.2301602337291691
11 4 -0.2115758670305406
1 5 -0.08270276145406709
2 5 -1.482906112767014
3 5 1.07033918857449
4 5 -0.4194318265066544
5 5 0.2937081799515187
6 5 -1.049806776571431
7 5 -1.06454575921683
8 5 -1.097425028195029
9 5 0.8560570562682975
10 5 -1.05547561605043
11 5 -0.614439904584247
1 6 0.1100403877254847
2 6 -1.55005636297652
3 6 1.298183549031042
4 6 -0.4975998586224417
5 6 0.1489765588506916
6 6 -0.925897740999718
7 6 -0.9943310114622029
8 6 -1.094621149208948
9 6 0.8462879871839432
10 6 -0.9919712435152207
11 6 -0.6627836149111984
1 7 0.1568544994662671
2 7 1.613360565938706
3 7 -0.7170491404171965
4 7 1.613360565938706
5 7 0.1568544994662671
6 7 -1.299651567006172
7 7 1.613360565938706
8 7 1.613360565938706
9 7 -1.299651567006172
10 7 0.1568544994662671
11 7 -1.299651567006172



# name: <cell-element>
# type: sparse matrix
# nnz: 266
# rows: 38
# columns: 7
1 1 1.08937347232014
2 1 1.016094684301805
3 1 -1.022497172536156
4 1 0.3842152990945168
5 1 0.6497007442101264
6 1 -1.062139795562469
7 1 1.363267958683755
8 1 -1.179866373034549
9 1 -0.8038621000880071
10 1 1.221515549074516
11 1 0.2172357657412602
12 1 -0.9972700487921389
13 1 -0.9384067600560988
14 1 1.330833085298591
15 1 -0.9708416334412637
16 1 1.418527372599222
17 1 -1.237528370163731
18 1 1.016094684301805
19 1 -0.1335413834612646
20 1 1.386092499214057
21 1 -1.015289422895008
22 1 -1.028503630570446
23 1 1.214307799433368
24 1 0.1463595609366405
25 1 -1.179866373034549
26 1 -0.2188330875481798
27 1 1.177067759620771
28 1 -1.012886839681292
29 1 -0.9167835111326555
30 1 -0.71376522957366
31 1 -0.8266866406183084
32 1 -0.7173691043942338
33 1 1.223918132288232
34 1 -0.809868558122297
35 1 -1.028503630570446
36 1 0.5391819163791939
37 1 -0.5768179863918523
38 1 0.5644090401232111
1 2 1.51026341672713
2 2 0.9175034541889012
3 2 -1.217760724590266
4 2 0.6144819047120754
5 2 0.6808975867891879
6 2 -1.073306616072546
7 2 1.406488913481642
8 2 -1.067495243890799
9 2 -1.126439161734236
10 2 1.184826574549279
11 2 1.083542659381682
12 2 -0.984475641294408
13 2 -1.211949352408518
14 2 1.610717135868763
15 2 -0.6582086030905929
16 2 1.453810086961585
17 2 -1.077457596202366
18 2 0.9175034541889012
19 2 -0.1999403967585166
20 2 1.43803636246827
21 2 -0.8723991777892807
22 2 -0.9413054479442849
23 2 1.207241867250304
24 2 0.2433842811062093
25 2 -1.067495243890799
26 2 0.1279870334972263
27 2 1.169052850055965
28 2 -0.6648501712983041
29 2 -1.089910536591824
30 2 -0.9869662293722997
31 2 -0.9969285816838667
32 2 -0.7337564414533083
33 2 1.245430884444644
34 2 -0.8541348652180748
35 2 -0.9413054479442849
36 2 0.8012760105539544
37 2 -0.4846976336641365
38 2 0.7879928741385318
1 3 0.7397306852758813
2 3 0.6274914316533631
3 3 -3.104463751295369
4 3 -1.280575879929447
5 3 0.6274914316533631
6 3 0.4731624579224005
7 3 0.50122227132803
8 3 0.4030129244083265
9 3 -1.238486159821003
10 3 0.7958503120871404
11 3 -1.252516066523818
12 3 -1.322665600037892
13 3 0.2065942305689196
14 3 1.385106393605361
15 3 -1.11221699949567
16 3 0.6836110584646222
17 3 -0.003854369973302096
18 3 0.6274914316533631
19 3 2.465409209722099
20 3 0.6836110584646222
21 3 0.3889830177055117
22 3 -1.561174013985743
23 3 0.2767437640829935
24 3 -0.8877384922506333
25 3 0.4030129244083265
26 3 0.4871923646252153
27 3 1.399136300308176
28 3 -1.238486159821003
29 3 -0.1722132504070795
30 3 -0.9157983056562629
31 3 -1.420874946957595
32 3 0.3609232042998822
33 3 0.9221194724124735
34 3 0.5573418981392891
35 3 -1.561174013985743
36 3 0.2346540439745492
37 3 0.1364446970548457
38 3 0.5152521780308448
1 4 0.6061362677091101
2 4 0.122942733544771
3 4 -4.857667541687647
4 4 -0.2487446004277975
5 4 0.3645395006269406
6 4 0.08577400014751418
7 4 -0.1000696668387701
8 4 -0.1744071336332838
9 4 0.1415271002433995
10 4 0.3645395006269406
11 4 -0.3230820672223111
12 4 -0.3416664339209396
13 4 -0.5275101009072238
14 4 1.962795036708985
15 4 0.3459551339283121
16 4 0.1415271002433995
17 4 -0.4531726341127101
18 4 0.122942733544771
19 4 4.174334673845768
20 4 0.1786958336406563
21 4 -0.1186540335373985
22 4 -0.2301602337291691
23 4 -0.2673289671264259
24 4 0.5317988009145964
25 4 -0.1744071336332838
26 4 -0.007147833345627942
27 4 1.423848402448761
28 4 -0.4345882674140817
29 4 -0.4717570008113386
30 4 0.1601114669420279
31 4 -0.2115758670305406
32 4 -0.1186540335373985
33 4 0.6618893678049953
34 4 0.1786958336406563
35 4 -0.2301602337291691
36 4 -0.3788351673181964
37 4 -0.2115758670305406
38 4 -0.06290093344151322
1 5 1.916130038841258
2 5 0.7619543209169011
3 5 -1.572473776535211
4 5 0.6871256397941039
5 5 -0.08270276145406709
6 5 -0.9987872212604325
7 5 0.7585530172295012
8 5 -1.015793739697432
9 5 -1.401274824269417
10 5 0.7710244640833007
11 5 2.687092207985228
12 5 -1.115565314527828
13 5 -1.189260227754825
14 5 1.07033918857449
15 5 0.6463099955453054
16 5 1.100950921761088
17 5 -1.134839368756427
18 5 0.7619543209169011
19 5 -0.4194318265066544
20 5 0.7948335898950998
21 5 -0.6495867093540457
22 5 -1.05547561605043
23 5 0.7710244640833007
24 5 0.710934765605903
25 5 -1.015793739697432
26 5 0.4762448111753119
27 5 0.7721582319791007
28 5 0.6859918718983039
29 5 -1.173387477213626
30 5 -1.046405472884031
31 5 -0.7312179978516427
32 5 -0.694937425186044
33 5 0.8560570562682975
34 5 -0.9613728806990339
35 5 -1.05547561605043
36 5 1.462622880521275
37 5 -0.614439904584247
38 5 0.7982348935824997
1 6 1.835030756969501
2 6 0.666945623213293
3 6 -1.776594085886815
4 6 0.7495375013576714
5 6 0.1100403877254847
6 6 -0.9140989012648069
7 6 0.6315491040085595
8 6 -0.9329770448406647
9 6 -1.52881845145368
10 6 0.6846438828156598
11 6 2.898106217085
12 6 -0.9671936800719072
13 6 -0.9424161166285937
14 6 1.298183549031042
15 6 0.666945623213293
16 6 1.368976587440509
17 6 -0.964833912124925
18 6 0.666945623213293
19 6 -0.4975998586224417
20 6 0.7047019103650088
21 6 -0.7701530564988903
22 6 -0.9919712435152207
23 6 0.6516071315579084
24 6 0.6881835347361331
25 6 -0.9329770448406647
26 6 0.5229997784473764
27 6 0.6339088719555417
28 6 0.6468875956639439
29 6 -0.9034799455033867
30 6 -0.9671936800719072
31 6 -0.9164586692117891
32 6 -0.8893213378214934
33 6 0.8462879871839432
34 6 -0.8244277192794818
35 6 -0.9919712435152207
36 6 1.48578510081613
37 6 -0.6627836149111984
38 6 0.7094214462589733
1 7 -1.299651567006172
2 7 0.1568544994662671
3 7 1.613360565938706
4 7 1.613360565938706
5 7 0.1568544994662671
6 7 0.1568544994662671
7 7 0.1568544994662671
8 7 0.1568544994662671
9 7 1.613360565938706
10 7 -1.299651567006172
11 7 -0.7170491404171965
12 7 0.1568544994662671
13 7 0.1568544994662671
14 7 -0.7170491404171965
15 7 1.613360565938706
16 7 -1.299651567006172
17 7 0.1568544994662671
18 7 0.1568544994662671
19 7 1.613360565938706
20 7 0.1568544994662671
