# Created by Octave 3.8.2, Wed May 18 09:29:02 2016 CEST <Andrea@Andreas-MacBook-Pro.local>
# name: x
# type: matrix
# rows: 1
# columns: 100
 0.008333333333333333 0.008417508417508417 0.008501683501683501 0.008585858585858586 0.00867003367003367 0.008754208754208754 0.008838383838383838 0.008922558922558922 0.009006734006734006 0.00909090909090909 0.009175084175084175 0.009259259259259259 0.009343434343434343 0.009427609427609427 0.009511784511784511 0.009595959595959595 0.009680134680134679 0.009764309764309764 0.009848484848484848 0.009932659932659932 0.01001683501683502 0.0101010101010101 0.01018518518518519 0.01026936026936027 0.01035353535353535 0.01043771043771044 0.01052188552188552 0.01060606060606061 0.01069023569023569 0.01077441077441077 0.01085858585858586 0.01094276094276094 0.01102693602693603 0.01111111111111111 0.0111952861952862 0.01127946127946128 0.01136363636363636 0.01144781144781145 0.01153198653198653 0.01161616161616162 0.0117003367003367 0.01178451178451178 0.01186868686868687 0.01195286195286195 0.01203703703703704 0.01212121212121212 0.01220538720538721 0.01228956228956229 0.01237373737373737 0.01245791245791246 0.01254208754208754 0.01262626262626263 0.01271043771043771 0.01279461279461279 0.01287878787878788 0.01296296296296296 0.01304713804713805 0.01313131313131313 0.01321548821548822 0.0132996632996633 0.01338383838383839 0.01346801346801347 0.01355218855218855 0.01363636363636364 0.01372053872053872 0.01380471380471381 0.01388888888888889 0.01397306397306397 0.01405723905723906 0.01414141414141414 0.01422558922558922 0.01430976430976431 0.01439393939393939 0.01447811447811448 0.01456228956228956 0.01464646464646465 0.01473063973063973 0.01481481481481482 0.0148989898989899 0.01498316498316498 0.01506734006734007 0.01515151515151515 0.01523569023569024 0.01531986531986532 0.0154040404040404 0.01548821548821549 0.01557239057239057 0.01565656565656566 0.01574074074074074 0.01582491582491583 0.01590909090909091 0.01599326599326599 0.01607744107744108 0.01616161616161616 0.01624579124579125 0.01632996632996633 0.01641414141414142 0.0164983164983165 0.01658249158249158 0.01666666666666667


# name: y
# type: matrix
# rows: 100
# columns: 1
 23445.47942434366
 23442.29479186955
 23439.25433559172
 23436.35471571943
 23433.59259246199
 23430.96462602866
 23428.46747662872
 23426.09780447147
 23423.85226976618
 23421.72753272212
 23419.72025354858
 23417.82709245486
 23416.04470965021
 23414.36976534392
 23412.79891974528
 23411.32883306356
 23409.95616550805
 23408.67757728803
 23407.48972861278
 23406.38927969158
 23405.3728907337
 23404.43722194844
 23403.57893354506
 23402.79468573287
 23402.08113872112
 23401.43495271911
 23400.85278793611
 23400.33130458142
 23399.8671628643
 23399.45702299403
 23399.09754517991
 23398.7853896312
 23398.5172165572
 23398.28968616717
 23398.09945867041
 23397.94319427619
 23397.8175531938
 23397.71919563252
 23397.64478180162
 23397.59097191038
 23397.5544261681
 23397.53180478404
 23397.51976796749
 23397.51497592774
 23397.51408887405
 23397.51376701572
 23397.51067056202
 23397.50145972224
 23397.48279470565
 23397.45133572153
 23397.40374297918
 23397.33667668786
 23397.24679705686
 23397.13076429546
 23396.98523861294
 23396.80688021858
 23396.59234932166
 23396.33830613147
 23396.04141085728
 23395.69832370838
 23395.30570489404
 23394.86021462355
 23394.35851310618
 23393.79726055123
 23393.17311716797
 23392.48274316567
 23391.72279875363
 23390.88994414112
 23389.98083953742
 23388.99214515182
 23387.92052119359
 23386.76262787202
 23385.51512539638
 23384.17467397596
 23382.73793382004
 23381.2015651379
 23379.56222813882
 23377.81658303208
 23375.96129002696
 23373.99300933275
 23371.90840115872
 23369.70412571415
 23367.37684320833
 23364.92321385054
 23362.33989785006
 23359.62355541616
 23356.77084675813
 23353.77843208526
 23350.64297160681
 23347.36112553208
 23343.92955407033
 23340.34491743087
 23336.60387582295
 23332.70308945587
 23328.63921853892
 23324.40892328135
 23320.00886389247
 23315.43570058154
 23310.68609355786
 23305.75670303069


# name: QUERY
# type: sq_string
# elements: 1
# length: 2
R5


# name: DATASIZE
# type: sq_string
# elements: 1
# length: 3
500


