# Created by Octave 4.0.0, Mon May 23 11:57:12 2016 CEST <peter@Independence>
# name: x
# type: matrix
# rows: 1
# columns: 100
 0.008333333333333333 0.008417508417508417 0.008501683501683501 0.008585858585858586 0.00867003367003367 0.008754208754208754 0.008838383838383838 0.008922558922558922 0.009006734006734006 0.00909090909090909 0.009175084175084175 0.009259259259259259 0.009343434343434343 0.009427609427609427 0.009511784511784511 0.009595959595959595 0.009680134680134679 0.009764309764309764 0.009848484848484848 0.009932659932659932 0.01001683501683502 0.0101010101010101 0.01018518518518519 0.01026936026936027 0.01035353535353535 0.01043771043771044 0.01052188552188552 0.01060606060606061 0.01069023569023569 0.01077441077441077 0.01085858585858586 0.01094276094276094 0.01102693602693603 0.01111111111111111 0.0111952861952862 0.01127946127946128 0.01136363636363636 0.01144781144781145 0.01153198653198653 0.01161616161616162 0.0117003367003367 0.01178451178451178 0.01186868686868687 0.01195286195286195 0.01203703703703704 0.01212121212121212 0.01220538720538721 0.01228956228956229 0.01237373737373737 0.01245791245791246 0.01254208754208754 0.01262626262626263 0.01271043771043771 0.01279461279461279 0.01287878787878788 0.01296296296296296 0.01304713804713805 0.01313131313131313 0.01321548821548822 0.0132996632996633 0.01338383838383839 0.01346801346801347 0.01355218855218855 0.01363636363636364 0.01372053872053872 0.01380471380471381 0.01388888888888889 0.01397306397306397 0.01405723905723906 0.01414141414141414 0.01422558922558922 0.01430976430976431 0.01439393939393939 0.01447811447811448 0.01456228956228956 0.01464646464646465 0.01473063973063973 0.01481481481481482 0.0148989898989899 0.01498316498316498 0.01506734006734007 0.01515151515151515 0.01523569023569024 0.01531986531986532 0.0154040404040404 0.01548821548821549 0.01557239057239057 0.01565656565656566 0.01574074074074074 0.01582491582491583 0.01590909090909091 0.01599326599326599 0.01607744107744108 0.01616161616161616 0.01624579124579125 0.01632996632996633 0.01641414141414142 0.0164983164983165 0.01658249158249158 0.01666666666666667


# name: y
# type: matrix
# rows: 100
# columns: 1
 22765.24161052334
 22761.25492921442
 22757.35954059006
 22753.55544465024
 22749.84264139496
 22746.22113082423
 22742.69091293804
 22739.2519877364
 22735.9043552193
 22732.64801538674
 22729.48296823873
 22726.40921377526
 22723.42675199634
 22720.53558290196
 22717.73570649213
 22715.02712276684
 22712.4098317261
 22709.8838333699
 22707.44912769824
 22705.10571471113
 22702.85359440856
 22700.69276679054
 22698.62323185706
 22696.64498960813
 22694.75804004374
 22692.96238316389
 22691.25801896859
 22689.64494745783
 22688.12316863162
 22686.69268248995
 22685.35348903283
 22684.10558826025
 22682.94898017222
 22681.88366476872
 22680.90964204978
 22680.02691201538
 22679.23547466552
 22678.53533000021
 22677.92647801944
 22677.40891872321
 22676.98265211153
 22676.6476781844
 22676.4039969418
 22676.25160838376
 22676.19051251026
 22676.2207093213
 22676.34219881688
 22676.55498099701
 22676.85905586169
 22677.25442341091
 22677.74108364467
 22678.31903656298
 22678.98828216583
 22679.74882045323
 22680.60065142517
 22681.54377508165
 22682.57819142268
 22683.70390044826
 22684.92090215837
 22686.22919655304
 22687.62878363224
 22689.119663396
 22690.70183584429
 22692.37530097713
 22694.14005879451
 22695.99610929644
 22697.94345248292
 22699.98208835393
 22702.11201690949
 22704.3332381496
 22706.64575207425
 22709.04955868345
 22711.54465797719
 22714.13104995547
 22716.8087346183
 22719.57771196567
 22722.43798199759
 22725.38954471405
 22728.43240011505
 22731.5665482006
 22734.79198897069
 22738.10872242534
 22741.51674856451
 22745.01606738824
 22748.60667889651
 22752.28858308933
 22756.06177996669
 22759.92626952859
 22763.88205177504
 22767.92912670604
 22772.06749432157
 22776.29715462165
 22780.61810760628
 22785.03035327545
 22789.53389162917
 22794.12872266742
 22798.81484639023
 22803.59226279758
 22808.46097188947
 22813.42097366591


# name: QUERY
# type: sq_string
# elements: 1
# length: 2
R5


# name: DATASIZE
# type: sq_string
# elements: 1
# length: 3
500


