# Created by Octave 3.8.2, Wed May 18 09:29:02 2016 CEST <Andrea@Andreas-MacBook-Pro.local>
# name: x
# type: matrix
# rows: 1
# columns: 100
 0.008333333333333333 0.008417508417508417 0.008501683501683501 0.008585858585858586 0.00867003367003367 0.008754208754208754 0.008838383838383838 0.008922558922558922 0.009006734006734006 0.00909090909090909 0.009175084175084175 0.009259259259259259 0.009343434343434343 0.009427609427609427 0.009511784511784511 0.009595959595959595 0.009680134680134679 0.009764309764309764 0.009848484848484848 0.009932659932659932 0.01001683501683502 0.0101010101010101 0.01018518518518519 0.01026936026936027 0.01035353535353535 0.01043771043771044 0.01052188552188552 0.01060606060606061 0.01069023569023569 0.01077441077441077 0.01085858585858586 0.01094276094276094 0.01102693602693603 0.01111111111111111 0.0111952861952862 0.01127946127946128 0.01136363636363636 0.01144781144781145 0.01153198653198653 0.01161616161616162 0.0117003367003367 0.01178451178451178 0.01186868686868687 0.01195286195286195 0.01203703703703704 0.01212121212121212 0.01220538720538721 0.01228956228956229 0.01237373737373737 0.01245791245791246 0.01254208754208754 0.01262626262626263 0.01271043771043771 0.01279461279461279 0.01287878787878788 0.01296296296296296 0.01304713804713805 0.01313131313131313 0.01321548821548822 0.0132996632996633 0.01338383838383839 0.01346801346801347 0.01355218855218855 0.01363636363636364 0.01372053872053872 0.01380471380471381 0.01388888888888889 0.01397306397306397 0.01405723905723906 0.01414141414141414 0.01422558922558922 0.01430976430976431 0.01439393939393939 0.01447811447811448 0.01456228956228956 0.01464646464646465 0.01473063973063973 0.01481481481481482 0.0148989898989899 0.01498316498316498 0.01506734006734007 0.01515151515151515 0.01523569023569024 0.01531986531986532 0.0154040404040404 0.01548821548821549 0.01557239057239057 0.01565656565656566 0.01574074074074074 0.01582491582491583 0.01590909090909091 0.01599326599326599 0.01607744107744108 0.01616161616161616 0.01624579124579125 0.01632996632996633 0.01641414141414142 0.0164983164983165 0.01658249158249158 0.01666666666666667


# name: y
# type: matrix
# rows: 100
# columns: 1
 23620.64727208083
 23620.65868195822
 23620.66884412532
 23620.67787020852
 23620.68586417051
 23620.69292266938
 23620.69913540914
 23620.70458548153
 23620.7093496993
 23620.7134989208
 23620.717098366
 23620.72020792393
 23620.72288245134
 23620.72517206298
 23620.72712241302
 23620.72877496807
 23620.73016727141
 23620.73133319868
 23620.732303205
 23620.73310456336
 23620.73376159444
 23620.73429588789
 23620.73472651486
 23620.735070232
 23620.73534167682
 23620.73555355442
 23620.73571681562
 23620.73584082647
 23620.73593352913
 23620.73600159414
 23620.73605056406
 23620.73608498854
 23620.73610855068
 23620.73612418488
 23620.73613418601
 23620.73614030993
 23620.73614386551
 23620.73614579788
 23620.73614676319
 23620.73614719469
 23620.73614736018
 23620.73614741092
 23620.7361474218
 23620.73614742302
 23620.73614742305
 23620.73614742305
 23620.7361474226
 23620.73614741689
 23620.73614738522
 23620.73614727094
 23620.7361469527
 23620.7361462072
 23620.73614466318
 23620.7361417469
 23620.73613661898
 23620.73612810256
 23620.73611460293
 23620.73609401848
 23620.73606364306
 23620.73602005974
 23620.73595902587
 23620.73587534966
 23620.73576275798
 23620.73561375569
 23620.73541947626
 23620.73516952379
 23620.73485180645
 23620.73445236125
 23620.73395517023
 23620.73334196801
 23620.73259204073
 23620.7316820164
 23620.73058564655
 23620.72927357939
 23620.72771312419
 23620.72586800723
 23620.72369811896
 23620.72115925266
 23620.7182028344
 23620.71477564446
 23620.71081953008
 23620.70627110958
 23620.70106146793
 23620.69511584363
 23620.68835330701
 23620.68068642991
 23620.67202094673
 23620.66225540686
 23620.65128081854
 23620.63898028401
 23620.62522862613
 23620.60989200634
 23620.59282753399
 23620.57388286712
 23620.55289580453
 23620.52969386929
 23620.50409388362
 23620.47590153516
 23620.4449109346
 23620.41090416471


# name: QUERY
# type: sq_string
# elements: 1
# length: 2
R5


# name: DATASIZE
# type: sq_string
# elements: 1
# length: 3
500


