# Created by Octave 3.8.2, Wed May 18 09:29:02 2016 CEST <Andrea@Andreas-MacBook-Pro.local>
# name: x
# type: matrix
# rows: 1
# columns: 100
 0.008333333333333333 0.008417508417508417 0.008501683501683501 0.008585858585858586 0.00867003367003367 0.008754208754208754 0.008838383838383838 0.008922558922558922 0.009006734006734006 0.00909090909090909 0.009175084175084175 0.009259259259259259 0.009343434343434343 0.009427609427609427 0.009511784511784511 0.009595959595959595 0.009680134680134679 0.009764309764309764 0.009848484848484848 0.009932659932659932 0.01001683501683502 0.0101010101010101 0.01018518518518519 0.01026936026936027 0.01035353535353535 0.01043771043771044 0.01052188552188552 0.01060606060606061 0.01069023569023569 0.01077441077441077 0.01085858585858586 0.01094276094276094 0.01102693602693603 0.01111111111111111 0.0111952861952862 0.01127946127946128 0.01136363636363636 0.01144781144781145 0.01153198653198653 0.01161616161616162 0.0117003367003367 0.01178451178451178 0.01186868686868687 0.01195286195286195 0.01203703703703704 0.01212121212121212 0.01220538720538721 0.01228956228956229 0.01237373737373737 0.01245791245791246 0.01254208754208754 0.01262626262626263 0.01271043771043771 0.01279461279461279 0.01287878787878788 0.01296296296296296 0.01304713804713805 0.01313131313131313 0.01321548821548822 0.0132996632996633 0.01338383838383839 0.01346801346801347 0.01355218855218855 0.01363636363636364 0.01372053872053872 0.01380471380471381 0.01388888888888889 0.01397306397306397 0.01405723905723906 0.01414141414141414 0.01422558922558922 0.01430976430976431 0.01439393939393939 0.01447811447811448 0.01456228956228956 0.01464646464646465 0.01473063973063973 0.01481481481481482 0.0148989898989899 0.01498316498316498 0.01506734006734007 0.01515151515151515 0.01523569023569024 0.01531986531986532 0.0154040404040404 0.01548821548821549 0.01557239057239057 0.01565656565656566 0.01574074074074074 0.01582491582491583 0.01590909090909091 0.01599326599326599 0.01607744107744108 0.01616161616161616 0.01624579124579125 0.01632996632996633 0.01641414141414142 0.0164983164983165 0.01658249158249158 0.01666666666666667


# name: y
# type: matrix
# rows: 100
# columns: 1
 23609.30445309568
 23609.3564883886
 23609.40503048386
 23609.45023933009
 23609.49227112732
 23609.53127832706
 23609.56740963221
 23609.60080999712
 23609.63162062756
 23609.65997898072
 23609.68601876524
 23609.70986994118
 23609.73165872004
 23609.75150756472
 23609.76953518958
 23609.78585656039
 23609.80058289437
 23609.81382166014
 23609.82567657778
 23609.83624761877
 23609.84563100605
 23609.85391921396
 23609.8612009683
 23609.86756124626
 23609.87308127651
 23609.87783853909
 23609.88190676553
 23609.88535593874
 23609.88825229309
 23609.89065831437
 23609.89263273978
 23609.89423055799
 23609.89550300907
 23609.89649758452
 23609.89725802727
 23609.89782433171
 23609.89823274362
 23609.89851576021
 23609.89870213016
 23609.89881685353
 23609.89888118185
 23609.89891261805
 23609.8989249165
 23609.898928083
 23609.89892837479
 23609.89892830051
 23609.89892662027
 23609.89891834557
 23609.89889473937
 23609.89884331604
 23609.89874784139
 23609.89858833264
 23609.89834105847
 23609.89797853897
 23609.89746954567
 23609.8967791015
 23609.89586848087
 23609.89469520957
 23609.89321306485
 23609.89137207538
 23609.88911852126
 23609.88639493401
 23609.8831400966
 23609.87928904342
 23609.87477306027
 23609.86951968441
 23609.8634527045
 23609.85649216067
 23609.84855434444
 23609.83955179877
 23609.82939331805
 23609.81798394812
 23609.80522498622
 23609.79101398104
 23609.77524473267
 23609.75780729268
 23609.73858796401
 23609.71746930108
 23609.69433010971
 23609.66904544715
 23609.64148662209
 23609.61152119466
 23609.5790129764
 23609.54382203027
 23609.5058046707
 23609.4648134635
 23609.42069722594
 23609.37330102672
 23609.32246618595
 23609.2680302752
 23609.20982711743
 23609.14768678706
 23609.08143560992
 23609.01089616329
 23608.93588727587
 23608.85622402778
 23608.77171775058
 23608.68217602725
 23608.58740269222
 23608.48719783132


# name: QUERY
# type: sq_string
# elements: 1
# length: 2
R5


# name: DATASIZE
# type: sq_string
# elements: 1
# length: 3
500


