# Created by Octave 3.8.2, Wed May 18 09:29:02 2016 CEST <Andrea@Andreas-MacBook-Pro.local>
# name: x
# type: matrix
# rows: 1
# columns: 100
 0.008333333333333333 0.008417508417508417 0.008501683501683501 0.008585858585858586 0.00867003367003367 0.008754208754208754 0.008838383838383838 0.008922558922558922 0.009006734006734006 0.00909090909090909 0.009175084175084175 0.009259259259259259 0.009343434343434343 0.009427609427609427 0.009511784511784511 0.009595959595959595 0.009680134680134679 0.009764309764309764 0.009848484848484848 0.009932659932659932 0.01001683501683502 0.0101010101010101 0.01018518518518519 0.01026936026936027 0.01035353535353535 0.01043771043771044 0.01052188552188552 0.01060606060606061 0.01069023569023569 0.01077441077441077 0.01085858585858586 0.01094276094276094 0.01102693602693603 0.01111111111111111 0.0111952861952862 0.01127946127946128 0.01136363636363636 0.01144781144781145 0.01153198653198653 0.01161616161616162 0.0117003367003367 0.01178451178451178 0.01186868686868687 0.01195286195286195 0.01203703703703704 0.01212121212121212 0.01220538720538721 0.01228956228956229 0.01237373737373737 0.01245791245791246 0.01254208754208754 0.01262626262626263 0.01271043771043771 0.01279461279461279 0.01287878787878788 0.01296296296296296 0.01304713804713805 0.01313131313131313 0.01321548821548822 0.0132996632996633 0.01338383838383839 0.01346801346801347 0.01355218855218855 0.01363636363636364 0.01372053872053872 0.01380471380471381 0.01388888888888889 0.01397306397306397 0.01405723905723906 0.01414141414141414 0.01422558922558922 0.01430976430976431 0.01439393939393939 0.01447811447811448 0.01456228956228956 0.01464646464646465 0.01473063973063973 0.01481481481481482 0.0148989898989899 0.01498316498316498 0.01506734006734007 0.01515151515151515 0.01523569023569024 0.01531986531986532 0.0154040404040404 0.01548821548821549 0.01557239057239057 0.01565656565656566 0.01574074074074074 0.01582491582491583 0.01590909090909091 0.01599326599326599 0.01607744107744108 0.01616161616161616 0.01624579124579125 0.01632996632996633 0.01641414141414142 0.0164983164983165 0.01658249158249158 0.01666666666666667


# name: y
# type: matrix
# rows: 100
# columns: 1
 23120.40236274481
 23120.17262828715
 23119.94815461503
 23119.72894172844
 23119.5149896274
 23119.30629831189
 23119.10286778192
 23118.90469803748
 23118.71178907858
 23118.52414090522
 23118.3417535174
 23118.16462691511
 23117.99276109837
 23117.82615606715
 23117.66481182148
 23117.50872836134
 23117.35790568675
 23117.21234379768
 23117.07204269416
 23116.93700237617
 23116.80722284373
 23116.68270409681
 23116.56344613544
 23116.4494489596
 23116.3407125693
 23116.23723696454
 23116.13902214531
 23116.04606811163
 23115.95837486348
 23115.87594240086
 23115.79877072379
 23115.72685983225
 23115.66020972625
 23115.59882040579
 23115.54269187086
 23115.49182412147
 23115.44621715762
 23115.40587097931
 23115.37078558653
 23115.34096097929
 23115.31639715759
 23115.29709412143
 23115.2830518708
 23115.27427040571
 23115.27074972616
 23115.27248983215
 23115.27949072367
 23115.29175240073
 23115.30927486333
 23115.33205811146
 23115.36010214514
 23115.39340696434
 23115.43197256909
 23115.47579895937
 23115.5248861352
 23115.57923409656
 23115.63884284345
 23115.70371237589
 23115.77384269386
 23115.84923379737
 23115.92988568642
 23116.015798361
 23116.10697182112
 23116.20340606678
 23116.30510109797
 23116.41205691471
 23116.52427351698
 23116.64175090478
 23116.76448907813
 23116.89248803701
 23117.02574778143
 23117.16426831139
 23117.30804962688
 23117.45709172792
 23117.61139461449
 23117.77095828659
 23117.93578274424
 23118.10586798742
 23118.28121401614
 23118.46182083039
 23118.64768843019
 23118.83881681552
 23119.03520598639
 23119.23685594279
 23119.44376668474
 23119.65593821222
 23119.87337052523
 23120.09606362379
 23120.32401750788
 23120.55723217751
 23120.79570763268
 23121.03944387339
 23121.28844089963
 23121.54269871141
 23121.80221730873
 23122.06699669158
 23122.33703685997
 23122.6123378139
 23122.89289955337
 23123.17872207837


# name: QUERY
# type: sq_string
# elements: 1
# length: 2
R5


# name: DATASIZE
# type: sq_string
# elements: 1
# length: 3
500


