# Created by Octave 4.0.0, Mon May 23 11:57:12 2016 CEST <peter@Independence>
# name: x
# type: matrix
# rows: 1
# columns: 100
 0.008333333333333333 0.008417508417508417 0.008501683501683501 0.008585858585858586 0.00867003367003367 0.008754208754208754 0.008838383838383838 0.008922558922558922 0.009006734006734006 0.00909090909090909 0.009175084175084175 0.009259259259259259 0.009343434343434343 0.009427609427609427 0.009511784511784511 0.009595959595959595 0.009680134680134679 0.009764309764309764 0.009848484848484848 0.009932659932659932 0.01001683501683502 0.0101010101010101 0.01018518518518519 0.01026936026936027 0.01035353535353535 0.01043771043771044 0.01052188552188552 0.01060606060606061 0.01069023569023569 0.01077441077441077 0.01085858585858586 0.01094276094276094 0.01102693602693603 0.01111111111111111 0.0111952861952862 0.01127946127946128 0.01136363636363636 0.01144781144781145 0.01153198653198653 0.01161616161616162 0.0117003367003367 0.01178451178451178 0.01186868686868687 0.01195286195286195 0.01203703703703704 0.01212121212121212 0.01220538720538721 0.01228956228956229 0.01237373737373737 0.01245791245791246 0.01254208754208754 0.01262626262626263 0.01271043771043771 0.01279461279461279 0.01287878787878788 0.01296296296296296 0.01304713804713805 0.01313131313131313 0.01321548821548822 0.0132996632996633 0.01338383838383839 0.01346801346801347 0.01355218855218855 0.01363636363636364 0.01372053872053872 0.01380471380471381 0.01388888888888889 0.01397306397306397 0.01405723905723906 0.01414141414141414 0.01422558922558922 0.01430976430976431 0.01439393939393939 0.01447811447811448 0.01456228956228956 0.01464646464646465 0.01473063973063973 0.01481481481481482 0.0148989898989899 0.01498316498316498 0.01506734006734007 0.01515151515151515 0.01523569023569024 0.01531986531986532 0.0154040404040404 0.01548821548821549 0.01557239057239057 0.01565656565656566 0.01574074074074074 0.01582491582491583 0.01590909090909091 0.01599326599326599 0.01607744107744108 0.01616161616161616 0.01624579124579125 0.01632996632996633 0.01641414141414142 0.0164983164983165 0.01658249158249158 0.01666666666666667


# name: y
# type: matrix
# rows: 100
# columns: 1
 23060.17745366342
 23061.89946459831
 23063.50587467393
 23065.0019770916
 23066.3929410007
 23067.68381149866
 23068.87950963094
 23069.98483239107
 23071.00445272063
 23071.94291950922
 23072.80465759452
 23073.59396776225
 23074.31502674618
 23074.97188722811
 23075.56847783793
 23076.10860315353
 23076.59594370088
 23077.034055954
 23077.42637233494
 23077.77620121382
 23078.0867269088
 23078.36100968607
 23078.6019857599
 23078.8124672926
 23078.99514239451
 23079.15257512405
 23079.28720548766
 23079.40134943985
 23079.49719888316
 23079.57682166819
 23079.6421615936
 23079.69503840608
 23079.73714780038
 23079.77006141929
 23079.79522685365
 23079.81396764236
 23079.82748327237
 23079.83684917866
 23079.84301674426
 23079.84681330028
 23079.84894212585
 23079.84998244816
 23079.85038944243
 23079.85049423196
 23079.85050388808
 23079.85050143017
 23079.85044582567
 23079.85017199005
 23079.84939078685
 23079.84768902763
 23079.84452947204
 23079.83925082774
 23079.83106775046
 23079.81907084398
 23079.80222666012
 23079.77937769875
 23079.74924240779
 23079.71041518322
 23079.66136636904
 23079.60044225734
 23079.52586508822
 23079.43573304985
 23079.32802027845
 23079.20057685828
 23079.05112882165
 23078.87727814894
 23078.67650276853
 23078.4461565569
 23078.18346933856
 23077.88554688606
 23077.54937092001
 23077.17179910906
 23076.74956506992
 23076.27927836735
 23075.75742451413
 23075.18036497114
 23074.54433714726
 23073.84545439944
 23073.07970603269
 23072.24295730005
 23071.33094940261
 23070.33929948953
 23069.26350065799
 23068.09892195325
 23066.84080836858
 23065.48428084534
 23064.0243362729
 23062.45584748872
 23060.77356327827
 23058.9721083751
 23057.04598346079
 23054.98956516498
 23052.79710606534
 23050.46273468762
 23047.98045550559
 23045.34414894108
 23042.54757136397
 23039.5843550922
 23036.44800839173
 23033.1319154766


# name: QUERY
# type: sq_string
# elements: 1
# length: 2
R5


# name: DATASIZE
# type: sq_string
# elements: 1
# length: 3
500


