# Created by Octave 4.0.0, Mon May 23 11:57:12 2016 CEST <peter@Independence>
# name: x
# type: matrix
# rows: 1
# columns: 100
 0.008333333333333333 0.008417508417508417 0.008501683501683501 0.008585858585858586 0.00867003367003367 0.008754208754208754 0.008838383838383838 0.008922558922558922 0.009006734006734006 0.00909090909090909 0.009175084175084175 0.009259259259259259 0.009343434343434343 0.009427609427609427 0.009511784511784511 0.009595959595959595 0.009680134680134679 0.009764309764309764 0.009848484848484848 0.009932659932659932 0.01001683501683502 0.0101010101010101 0.01018518518518519 0.01026936026936027 0.01035353535353535 0.01043771043771044 0.01052188552188552 0.01060606060606061 0.01069023569023569 0.01077441077441077 0.01085858585858586 0.01094276094276094 0.01102693602693603 0.01111111111111111 0.0111952861952862 0.01127946127946128 0.01136363636363636 0.01144781144781145 0.01153198653198653 0.01161616161616162 0.0117003367003367 0.01178451178451178 0.01186868686868687 0.01195286195286195 0.01203703703703704 0.01212121212121212 0.01220538720538721 0.01228956228956229 0.01237373737373737 0.01245791245791246 0.01254208754208754 0.01262626262626263 0.01271043771043771 0.01279461279461279 0.01287878787878788 0.01296296296296296 0.01304713804713805 0.01313131313131313 0.01321548821548822 0.0132996632996633 0.01338383838383839 0.01346801346801347 0.01355218855218855 0.01363636363636364 0.01372053872053872 0.01380471380471381 0.01388888888888889 0.01397306397306397 0.01405723905723906 0.01414141414141414 0.01422558922558922 0.01430976430976431 0.01439393939393939 0.01447811447811448 0.01456228956228956 0.01464646464646465 0.01473063973063973 0.01481481481481482 0.0148989898989899 0.01498316498316498 0.01506734006734007 0.01515151515151515 0.01523569023569024 0.01531986531986532 0.0154040404040404 0.01548821548821549 0.01557239057239057 0.01565656565656566 0.01574074074074074 0.01582491582491583 0.01590909090909091 0.01599326599326599 0.01607744107744108 0.01616161616161616 0.01624579124579125 0.01632996632996633 0.01641414141414142 0.0164983164983165 0.01658249158249158 0.01666666666666667


# name: y
# type: matrix
# rows: 100
# columns: 1
 23431.48102794573
 23427.98152736083
 23424.64045783109
 23421.45414935703
 23418.41893193914
 23415.53113557792
 23412.78709027389
 23410.18312602754
 23407.71557283939
 23405.38076070993
 23403.17501963966
 23401.0946796291
 23399.13607067874
 23397.2955227891
 23395.56936596067
 23393.95393019395
 23392.44554548946
 23391.04054184769
 23389.73524926915
 23388.52599775435
 23387.40911730379
 23386.38093791796
 23385.43778959738
 23384.57600234256
 23383.79190615398
 23383.08183103217
 23382.44210697761
 23381.86906399083
 23381.35903207231
 23380.90834122256
 23380.5133214421
 23380.17030273141
 23379.87561509101
 23379.62558852141
 23379.41655302309
 23379.24483859657
 23379.10677524236
 23378.99869296095
 23378.91692175285
 23378.85779161856
 23378.81763255859
 23378.79277457345
 23378.77954766362
 23378.77428182964
 23378.77330707198
 23378.77295339116
 23378.76955078768
 23378.75942926205
 23378.73891881477
 23378.70434944634
 23378.65205115727
 23378.57835394806
 23378.47958781922
 23378.35208277125
 23378.19216880465
 23377.99617591992
 23377.76043411758
 23377.48127339813
 23377.15502376206
 23376.77801520989
 23376.34657774212
 23375.85704135925
 23375.30573606178
 23374.68899185023
 23374.00313872509
 23373.24450668686
 23372.40942573606
 23371.49422587318
 23370.49523709873
 23369.40878941322
 23368.23121281714
 23366.95883731101
 23365.58799289532
 23364.11500957058
 23362.5362173373
 23360.84794619597
 23359.0465261471
 23357.1282871912
 23355.08955932877
 23352.92667256032
 23350.63595688634
 23348.21374230734
 23345.65635882383
 23342.9601364363
 23340.12140514527
 23337.13649495124
 23334.00173585471
 23330.71345785619
 23327.26799095617
 23323.66166515517
 23319.89081045369
 23315.95175685223
 23311.84083435129
 23307.55437295139
 23303.08870265301
 23298.44015345668
 23293.60505536288
 23288.57973837214
 23283.36053248494
 23277.94376770179


# name: QUERY
# type: sq_string
# elements: 1
# length: 2
R5


# name: DATASIZE
# type: sq_string
# elements: 1
# length: 3
500


