# Created by Octave 4.0.0, Mon May 23 11:57:12 2016 CEST <peter@Independence>
# name: x
# type: matrix
# rows: 1
# columns: 100
 0.008333333333333333 0.008417508417508417 0.008501683501683501 0.008585858585858586 0.00867003367003367 0.008754208754208754 0.008838383838383838 0.008922558922558922 0.009006734006734006 0.00909090909090909 0.009175084175084175 0.009259259259259259 0.009343434343434343 0.009427609427609427 0.009511784511784511 0.009595959595959595 0.009680134680134679 0.009764309764309764 0.009848484848484848 0.009932659932659932 0.01001683501683502 0.0101010101010101 0.01018518518518519 0.01026936026936027 0.01035353535353535 0.01043771043771044 0.01052188552188552 0.01060606060606061 0.01069023569023569 0.01077441077441077 0.01085858585858586 0.01094276094276094 0.01102693602693603 0.01111111111111111 0.0111952861952862 0.01127946127946128 0.01136363636363636 0.01144781144781145 0.01153198653198653 0.01161616161616162 0.0117003367003367 0.01178451178451178 0.01186868686868687 0.01195286195286195 0.01203703703703704 0.01212121212121212 0.01220538720538721 0.01228956228956229 0.01237373737373737 0.01245791245791246 0.01254208754208754 0.01262626262626263 0.01271043771043771 0.01279461279461279 0.01287878787878788 0.01296296296296296 0.01304713804713805 0.01313131313131313 0.01321548821548822 0.0132996632996633 0.01338383838383839 0.01346801346801347 0.01355218855218855 0.01363636363636364 0.01372053872053872 0.01380471380471381 0.01388888888888889 0.01397306397306397 0.01405723905723906 0.01414141414141414 0.01422558922558922 0.01430976430976431 0.01439393939393939 0.01447811447811448 0.01456228956228956 0.01464646464646465 0.01473063973063973 0.01481481481481482 0.0148989898989899 0.01498316498316498 0.01506734006734007 0.01515151515151515 0.01523569023569024 0.01531986531986532 0.0154040404040404 0.01548821548821549 0.01557239057239057 0.01565656565656566 0.01574074074074074 0.01582491582491583 0.01590909090909091 0.01599326599326599 0.01607744107744108 0.01616161616161616 0.01624579124579125 0.01632996632996633 0.01641414141414142 0.0164983164983165 0.01658249158249158 0.01666666666666667


# name: y
# type: matrix
# rows: 100
# columns: 1
 23265.99246360007
 23266.3239183007
 23266.61912726229
 23266.88133320914
 23267.11355623709
 23267.31860424515
 23267.49908311679
 23267.65740665097
 23267.79580624274
 23267.9163403135
 23268.02090349098
 23268.11123553881
 23268.18893003577
 23268.25544280469
 23268.31210009105
 23268.36010649114
 23268.40055262996
 23268.43442258875
 23268.46260108218
 23268.48588038516
 23268.50496700934
 23268.52048812931
 23268.53299775832
 23268.54298267382
 23268.55086809252
 23268.5570230952
 23268.56176580111
 23268.56536829207
 23268.56806128619
 23268.57003856129
 23268.57146112793
 23268.57246115212
 23268.57314562768
 23268.57359979827
 23268.57389032902
 23268.57406822791
 23268.57417151673
 23268.5742276517
 23268.57425569379
 23268.57426822866
 23268.57427303627
 23268.57427451013
 23268.57427482621
 23268.57427486155
 23268.57427486244
 23268.57427486233
 23268.57427484935
 23268.57427468353
 23268.57427376363
 23268.57427044365
 23268.57426119898
 23268.57423954224
 23268.57419468872
 23268.57410997154
 23268.5739610064
 23268.57371360606
 23268.57332144438
 23268.57272347011
 23268.57184107029
 23268.57057498329
 23268.56880196154
 23268.5663711839
 23268.56310041771
 23268.55877193041
 23268.55312815095
 23268.54586708073
 23268.53663745429
 23268.52503364956
 23268.51059034791
 23268.49277694365
 23268.47099170342
 23268.44455567501
 23268.41270634603
 23268.37459105208
 23268.32926013469
 23268.27565984885
 23268.21262502022
 23268.13887145197
 23268.05298808134
 23267.95342888576
 23267.83850453872
 23267.70637381522
 23267.55503474693
 23267.38231552695
 23267.18586516433
 23266.96314388808
 23266.71141330102
 23266.42772628313
 23266.10891664464
 23265.75158852878
 23265.35210556414
 23264.90657976669
 23264.41086019154
 23263.8605213342
 23263.25085128165
 23262.57683961299
 23261.83316504971
 23261.01418285574
 23260.11391198699
 23259.1260219907


# name: QUERY
# type: sq_string
# elements: 1
# length: 2
R5


# name: DATASIZE
# type: sq_string
# elements: 1
# length: 3
500


