# Created by Octave 3.8.2, Wed May 18 09:29:02 2016 CEST <Andrea@Andreas-MacBook-Pro.local>
# name: x
# type: matrix
# rows: 1
# columns: 100
 0.008333333333333333 0.008417508417508417 0.008501683501683501 0.008585858585858586 0.00867003367003367 0.008754208754208754 0.008838383838383838 0.008922558922558922 0.009006734006734006 0.00909090909090909 0.009175084175084175 0.009259259259259259 0.009343434343434343 0.009427609427609427 0.009511784511784511 0.009595959595959595 0.009680134680134679 0.009764309764309764 0.009848484848484848 0.009932659932659932 0.01001683501683502 0.0101010101010101 0.01018518518518519 0.01026936026936027 0.01035353535353535 0.01043771043771044 0.01052188552188552 0.01060606060606061 0.01069023569023569 0.01077441077441077 0.01085858585858586 0.01094276094276094 0.01102693602693603 0.01111111111111111 0.0111952861952862 0.01127946127946128 0.01136363636363636 0.01144781144781145 0.01153198653198653 0.01161616161616162 0.0117003367003367 0.01178451178451178 0.01186868686868687 0.01195286195286195 0.01203703703703704 0.01212121212121212 0.01220538720538721 0.01228956228956229 0.01237373737373737 0.01245791245791246 0.01254208754208754 0.01262626262626263 0.01271043771043771 0.01279461279461279 0.01287878787878788 0.01296296296296296 0.01304713804713805 0.01313131313131313 0.01321548821548822 0.0132996632996633 0.01338383838383839 0.01346801346801347 0.01355218855218855 0.01363636363636364 0.01372053872053872 0.01380471380471381 0.01388888888888889 0.01397306397306397 0.01405723905723906 0.01414141414141414 0.01422558922558922 0.01430976430976431 0.01439393939393939 0.01447811447811448 0.01456228956228956 0.01464646464646465 0.01473063973063973 0.01481481481481482 0.0148989898989899 0.01498316498316498 0.01506734006734007 0.01515151515151515 0.01523569023569024 0.01531986531986532 0.0154040404040404 0.01548821548821549 0.01557239057239057 0.01565656565656566 0.01574074074074074 0.01582491582491583 0.01590909090909091 0.01599326599326599 0.01607744107744108 0.01616161616161616 0.01624579124579125 0.01632996632996633 0.01641414141414142 0.0164983164983165 0.01658249158249158 0.01666666666666667


# name: y
# type: matrix
# rows: 1
# columns: 100
 23626.41034149221 23624.40448462905 23622.39862776588 23620.39277090272 23618.38691403956 23616.3810571764 23614.37520031324 23612.36934345008 23610.36348658692 23608.35762972376 23606.35177286059 23604.34591599743 23602.34005913427 23600.33420227111 23598.32834540795 23596.32248854479 23594.31663168162 23592.31077481846 23590.3049179553 23588.29906109214 23586.29320422898 23584.28734736582 23582.28149050266 23580.2756336395 23578.26977677633 23576.26391991317 23574.25806305001 23572.25220618685 23570.24634932369 23568.24049246053 23566.23463559736 23564.2287787342 23562.22292187104 23560.21706500788 23558.21120814472 23556.20535128156 23554.1994944184 23552.19363755524 23550.18778069207 23548.18192382891 23546.17606696575 23544.17021010259 23542.16435323943 23540.15849637627 23538.1526395131 23536.14678264994 23534.14092578678 23532.13506892362 23530.12921206046 23528.1233551973 23526.11749833414 23524.11164147098 23522.10578460781 23520.09992774465 23518.09407088149 23516.08821401833 23514.08235715517 23512.07650029201 23510.07064342884 23508.06478656568 23506.05892970252 23504.05307283936 23502.0472159762 23500.04135911304 23498.03550224988 23496.02964538672 23494.02378852355 23492.01793166039 23490.01207479723 23488.00621793407 23486.00036107091 23483.99450420775 23481.98864734459 23479.98279048142 23477.97693361826 23475.9710767551 23473.96521989194 23471.95936302878 23469.95350616562 23467.94764930246 23465.94179243929 23463.93593557613 23461.93007871297 23459.92422184981 23457.91836498665 23455.91250812349 23453.90665126033 23451.90079439717 23449.89493753401 23447.88908067084 23445.88322380768 23443.87736694452 23441.87151008136 23439.8656532182 23437.85979635503 23435.85393949187 23433.84808262871 23431.84222576555 23429.83636890239 23427.83051203923


# name: QUERY
# type: sq_string
# elements: 1
# length: 2
R5


# name: DATASIZE
# type: sq_string
# elements: 1
# length: 3
500


