# Created by Octave 4.0.0, Thu May 12 00:30:55 2016 CEST <peter@Independence>
# name: mu
# type: matrix
# rows: 1
# columns: 13
 293177.1124095715 378.4652198107958 355.3683917640512 33378.71341124095 63361.49304396216 3339.486922648859 5198.106288258208 31498.69616026711 201647.531441291 45747287.64830273 46242315.74067891 556.4830272676684 88.4028937117418


