# Created by Octave 4.0.0, Thu May 12 00:31:34 2016 CEST <peter@Independence>
# name: y
# type: matrix
# rows: 1
# columns: 100
 301855.7583819525 301670.5735380705 301485.3886941885 301300.2038503065 301115.0190064245 300929.8341625424 300744.6493186604 300559.4644747784 300374.2796308963 300189.0947870143 300003.9099431323 299818.7250992503 299633.5402553682 299448.3554114862 299263.1705676042 299077.9857237221 298892.8008798402 298707.6160359581 298522.4311920761 298337.2463481941 298152.061504312 297966.87666043 297781.691816548 297596.506972666 297411.3221287839 297226.1372849019 297040.9524410199 296855.7675971378 296670.5827532558 296485.3979093738 296300.2130654918 296115.0282216098 295929.8433777277 295744.6585338457 295559.4736899637 295374.2888460816 295189.1040021996 295003.9191583176 294818.7343144356 294633.5494705535 294448.3646266715 294263.1797827895 294077.9949389074 293892.8100950255 293707.6252511434 293522.4404072614 293337.2555633794 293152.0707194973 292966.8858756153 292781.7010317333 292596.5161878513 292411.3313439692 292226.1465000872 292040.9616562052 291855.7768123231 291670.5919684411 291485.4071245591 291300.2222806771 291115.0374367951 290929.852592913 290744.667749031 290559.482905149 290374.2980612669 290189.1132173849 290003.9283735029 289818.7435296209 289633.5586857388 289448.3738418568 289263.1889979748 289078.0041540927 288892.8193102108 288707.6344663287 288522.4496224467 288337.2647785647 288152.0799346826 287966.8950908007 287781.7102469186 287596.5254030366 287411.3405591546 287226.1557152725 287040.9708713905 286855.7860275085 286670.6011836265 286485.4163397444 286300.2314958624 286115.0466519804 285929.8618080983 285744.6769642163 285559.4921203343 285374.3072764523 285189.1224325703 285003.9375886882 284818.7527448062 284633.5679009242 284448.3830570421 284263.1982131601 284078.0133692781 283892.8285253961 283707.643681514 283522.458837632


