# Created by Octave 4.0.0, Thu May 12 00:30:55 2016 CEST <peter@Independence>
# name: sigma
# type: matrix
# rows: 1
# columns: 13
 320288.3892273743 427.2870163755974 357.9677746478499 21885.64018074524 59236.4241370278 2376.499861995806 3640.041801956162 58012.04544989499 242078.9238550138 95991548.25672776 96785404.09845275 271.6330355013674 20.91871404777106


