# Created by Octave 4.0.0, Thu May 12 00:31:34 2016 CEST <peter@Independence>
# name: y
# type: matrix
# rows: 100
# columns: 1
 283220.8436162737
 282257.2098015927
 281310.7552743753
 280380.9756512062
 279467.3610313918
 278569.396747542
 277686.5641254033
 276818.3412520211
 275964.2037512301
 275123.6255654988
 274296.0797431094
 273481.039229648
 272677.9776627917
 271886.3701693182
 271105.6941633045
 270335.4301444419
 269575.062495405
 268824.0802771822
 268081.9780213176
 267348.2565179555
 266622.4235986265
 265903.9949126912
 265192.4946963611
 264487.4565332293
 263788.4241052534
 263094.9519331115
 262406.6061049194
 261722.9649922349
 261043.6199523543
 260368.1760158801
 259696.2525585684
 259027.4839564789
 258361.5202234824
 257698.0276301757
 257036.6893033021
 256377.2058047777
 255719.295689473
 255062.6960408977
 254407.1629839914
 253752.4721742219
 253098.4192622639
 252444.8203335173
 251791.5123217978
 251138.3533965262
 250485.2233228294
 249832.0237939347
 249178.6787353565
 248525.1345803298
 247871.3605160549
 247217.3487003074
 246563.114448036
 245908.6963876047
 245254.1565863626
 244599.5806453046
 243945.0777625804
 243290.780765693
 242636.8461122452
 241983.4538591607
 241330.8076003224
 240679.134372633
 240028.6845305499
 239379.7315891809
 238732.572036069
 238087.5251118511
 237444.9325600151
 236805.1583460073
 236168.5883460252
 235535.6300058109
 234906.7119698803
 234282.2836815855
 233662.8149545224
 233048.7955157675
 232440.7345215384
 231839.1600458304
 231244.6185427095
 230657.6742828978
 230078.9087653726
 229508.9201047268
 228948.3223950534
 228397.7450511736
 227857.8321280485
 227329.2416192345
 226812.6447352953
 226308.72516309
 225818.1783068913
 225341.7105123108
 224880.0382740392
 224433.8874284097
 224003.9923318507
 223591.0950262546
 223195.9443923812
 222819.2952923602
 222461.907702407
 222124.5458368798
 221807.977264797
 221512.972019962
 221240.3017058309
 220990.7385962814
 220765.0547334376
 220564.021023697


