# Created by Octave 4.0.0, Thu May 12 00:31:34 2016 CEST <peter@Independence>
# name: y
# type: matrix
# rows: 100
# columns: 1
 265252.8995060852
 264571.8783487783
 263919.9159276786
 263296.378668623
 262700.6329974482
 262132.0453399908
 261589.9821220876
 261073.8097695752
 260582.8947082904
 260116.6033640699
 259674.3021627504
 259255.3575301685
 258859.1358921612
 258485.0036745648
 258132.3273032163
 257800.4732039522
 257488.8078026094
 257196.6975250245
 256923.5087970342
 256668.6080444753
 256431.3616931844
 256211.1361689983
 256007.2978977535
 255819.213305287
 255646.2488174353
 255487.7708600351
 255343.1458589233
 255211.7402399363
 255092.9204289111
 254986.0528516843
 254890.5039340925
 254805.6401019725
 254730.8277811611
 254665.4333974948
 254608.8233768104
 254560.3641449447
 254519.4221277343
 254485.3637510159
 254457.5554406262
 254435.363622402
 254418.1547221799
 254405.2951657966
 254396.1513790889
 254390.0897878935
 254386.476818047
 254384.6788953862
 254384.0624457477
 254383.9938949684
 254383.8396688848
 254382.9661933337
 254380.7398941518
 254376.5271971757
 254369.6945282423
 254359.6083131882
 254345.6349778501
 254327.1409480648
 254303.4926496688
 254274.056508499
 254238.198950392
 254195.2864011846
 254144.6852867134
 254085.7620328151
 254017.8830653265
 253940.4148100843
 253852.7236929251
 253754.1761396857
 253644.1385762028
 253521.977428313
 253387.0591218531
 253238.7500826599
 253076.4167365699
 252899.4255094199
 252707.1428270467
 252498.9351152868
 252274.1687999771
 252032.2103069541
 251772.4260620548
 251494.1824911156
 251196.8460199733
 250879.7830744648
 250542.3600804266
 250183.9434636954
 249803.899650108
 249401.595065501
 248976.3961357112
 248527.6692865753
 248054.78094393
 247557.0975336119
 247033.9854814579
 246484.8112133045
 245908.9411549885
 245305.7417323467
 244674.5793712157
 244014.8204974321
 243325.8315368328
 242606.9789152545
 241857.6290585337
 241077.1483925073
 240264.9033430119
 239420.2603358843


