# Created by Octave 4.0.0, Thu May 12 00:31:34 2016 CEST <peter@Independence>
# name: y
# type: matrix
# rows: 100
# columns: 1
 514013.0730285834
 513718.1030666509
 513423.1331047172
 513128.1631427869
 512833.1931808539
 512538.223218923
 512243.2532569907
 511948.2832950621
 511653.3133331285
 511358.3433712018
 511063.373409269
 510768.4034473368
 510473.4334854036
 510178.4635234736
 509883.4935615419
 509588.5235996147
 509293.5536376822
 508998.5836757502
 508703.613713821
 508408.6437518894
 508113.6737899588
 507818.7038280274
 507523.7338660954
 507228.7639041614
 506933.7939422323
 506638.8239803006
 506343.8540183718
 506048.8840564399
 505753.9140945112
 505458.9441325768
 505163.9741706456
 504869.0042087161
 504574.0342467827
 504279.0642848524
 503984.0943229211
 503689.1243609904
 503394.1543990591
 503099.1844371286
 502804.2144751961
 502509.2445132656
 502214.2745513348
 501919.3045894036
 501624.3346274723
 501329.3646655414
 501034.3947036101
 500739.4247416793
 500444.4547797481
 500149.484817817
 499854.5148558859
 499559.5448939546
 499264.5749320235
 498969.6049700924
 498674.6350081614
 498379.6650462303
 498084.695084299
 497789.7251223668
 497494.7551604363
 497199.7851985068
 496904.8152365746
 496609.8452746447
 496314.875312713
 496019.9053507817
 495724.9353888509
 495429.9654269204
 495134.9954649884
 494840.0255030572
 494545.0555411255
 494250.0855791926
 493955.1156172648
 493660.1456553333
 493365.1756934028
 493070.2057314711
 492775.2357695376
 492480.265807608
 492185.2958456768
 491890.3258837437
 491595.355921816
 491300.3859598831
 491005.4159979483
 490710.4460360209
 490415.4760740931
 490120.5061121575
 489825.5361502281
 489530.5661882918
 489235.596226363
 488940.6262644327
 488645.6563025035
 488350.6863405727
 488055.7163786376
 487760.7464167067
 487465.7764547793
 487170.8064928484
 486875.8365309181
 486580.8665689827
 486285.896607053
 485990.9266451244
 485695.9566831845
 485400.9867212622
 485106.0167593308
 484811.0467974034


