# Created by Octave 4.0.0, Wed May 11 23:59:41 2016 CEST <peter@Independence>
# name: y
# type: matrix
# rows: 1
# columns: 100
 302032.8117123719 301843.8489066446 301654.8861009172 301465.9232951899 301276.9604894626 301087.9976837353 300899.034878008 300710.0720722806 300521.1092665533 300332.146460826 300143.1836550987 299954.2208493713 299765.258043644 299576.2952379167 299387.3324321894 299198.3696264621 299009.4068207347 298820.4440150074 298631.4812092801 298442.5184035528 298253.5555978254 298064.5927920981 297875.6299863708 297686.6671806434 297497.7043749161 297308.7415691888 297119.7787634615 296930.8159577341 296741.8531520068 296552.8903462795 296363.9275405522 296174.9647348248 295986.0019290975 295797.0391233702 295608.0763176429 295419.1135119156 295230.1507061882 295041.1879004609 294852.2250947336 294663.2622890063 294474.2994832789 294285.3366775516 294096.3738718243 293907.411066097 293718.4482603697 293529.4854546423 293340.522648915 293151.5598431877 292962.5970374604 292773.634231733 292584.6714260057 292395.7086202784 292206.7458145511 292017.7830088238 291828.8202030964 291639.8573973691 291450.8945916418 291261.9317859145 291072.9689801871 290884.0061744598 290695.0433687325 290506.0805630052 290317.1177572779 290128.1549515505 289939.1921458232 289750.2293400959 289561.2665343686 289372.3037286412 289183.3409229139 288994.3781171866 288805.4153114593 288616.452505732 288427.4897000046 288238.5268942773 288049.56408855 287860.6012828227 287671.6384770953 287482.675671368 287293.7128656407 287104.7500599134 286915.7872541861 286726.8244484587 286537.8616427314 286348.8988370041 286159.9360312768 285970.9732255494 285782.0104198221 285593.0476140948 285404.0848083675 285215.1220026402 285026.1591969128 284837.1963911855 284648.2335854582 284459.2707797309 284270.3079740035 284081.3451682762 283892.3823625489 283703.4195568216 283514.4567510943 283325.4939453669


