# Created by Octave 4.0.0, Wed May 11 23:55:41 2016 CEST <peter@Independence>
# name: sigma
# type: matrix
# rows: 1
# columns: 13
 320288.389227374 427.2870163755993 357.9677746478482 21885.64018074525 59236.42413702779 2376.499861995801 3640.041801956163 58012.04544989501 242078.923855014 95991548.25672796 96785404.09845287 271.6330355013667 20.91871404777107


