# Created by Octave 4.0.0, Wed May 11 23:59:41 2016 CEST <peter@Independence>
# name: y
# type: matrix
# rows: 100
# columns: 1
 237457.3476957375
 237291.3573334191
 237140.9853994093
 237005.3490571422
 236883.5601401848
 236774.7261801729
 236677.9514444339
 236592.3379820836
 236516.9866773171
 236450.998308645
 236393.4746127976
 236343.5193519923
 236300.2393832626
 236262.7457285197
 236230.1546440377
 236201.5886880156
 236176.1777848827
 236153.0602849972
 236131.3840184171
 236110.3073413758
 236089.0001741454
 236066.6450289409
 236042.4380265428
 236015.5899003221
 235985.326986356
 235950.8921983405
 235911.5459860243
 235866.5672758859
 235815.2543928292
 235756.9259616551
 235690.9217871063
 235616.6037113183
 235533.356447509
 235440.5883887923
 235337.7323910003
 235224.2465284674
 235099.6148217306
 234963.3479361574
 234814.9838505137
 234654.0884945683
 234480.2563548415
 234293.1110476333
 234092.305858547
 233877.5242477244
 233648.4803200848
 233404.9192598861
 233146.6177289805
 232873.3842281819
 232585.0594212183
 232281.5164207605
 231962.6610361306
 231628.4319822672
 231278.8010496343
 230913.7732347942
 230533.3868313992
 230137.7134814341
 229726.8581865912
 229300.9592796986
 228860.1883561802
 228404.7501655916
 227934.8824633292
 227450.8558226196
 226952.9734070373
 226441.5707037549
 225917.015217841
 225379.7061279771
 224830.0739039687
 224268.5798865281
 223695.7158298303
 223112.0034073904
 222517.9936818794
 221914.2665395288
 221301.4300898116
 220680.1200311708
 220050.9989835623
 219414.7557886591
 218772.1047786
 218123.7850141808
 217470.5594934792
 216813.2143318714
 216152.5579145119
 215489.4200223149
 214824.6509325693
 214159.1204952939
 213493.717186517
 212829.3471396796
 212166.9331563609
 211507.4136975965
 210851.74185705
 210200.8843173218
 209555.8202907244
 208917.5404458375
 208287.0458211883
 207665.3467274269
 207053.4616393569
 206452.4160792007
 205863.2414924882
 205286.9741179693
 204724.6538529321
 204177.323115338


