# Created by Octave 4.0.0, Wed May 11 23:59:41 2016 CEST <peter@Independence>
# name: y
# type: matrix
# rows: 100
# columns: 1
 297480.1618931292
 297290.5997269235
 297101.0375607188
 296911.4753945136
 296721.9132283092
 296532.351062104
 296342.7888958995
 296153.2267296946
 295963.6645634898
 295774.1023972845
 295584.5402310799
 295394.9780648745
 295205.4158986701
 295015.8537324648
 294826.2915662598
 294636.7294000551
 294447.1672338502
 294257.605067645
 294068.04290144
 293878.4807352354
 293688.9185690304
 293499.3564028254
 293309.7942366205
 293120.2320704157
 292930.6699042106
 292741.1077380059
 292551.5455718011
 292361.9834055962
 292172.4212393909
 291982.8590731864
 291793.2969069813
 291603.7347407764
 291414.1725745714
 291224.6104083665
 291035.0482421616
 290845.4860759567
 290655.9239097518
 290466.3617435468
 290276.7995773419
 290087.237411137
 289897.6752449321
 289708.1130787272
 289518.5509125222
 289328.9887463173
 289139.4265801124
 288949.8644139075
 288760.3022477026
 288570.7400814976
 288381.1779152927
 288191.6157490878
 288002.0535828829
 287812.4914166779
 287622.929250473
 287433.3670842682
 287243.8049180632
 287054.2427518584
 286864.6805856534
 286675.1184194484
 286485.5562532436
 286295.9940870386
 286106.4319208337
 285916.8697546287
 285727.3075884238
 285537.7454222189
 285348.1832560141
 285158.6210898092
 284969.0589236042
 284779.4967573992
 284589.9345911944
 284400.3724249893
 284210.8102587845
 284021.2480925798
 283831.6859263747
 283642.1237601697
 283452.5615939648
 283262.9994277597
 283073.4372615548
 282883.8750953501
 282694.3129291451
 282504.7507629402
 282315.1885967352
 282125.6264305301
 281936.0642643253
 281746.5020981209
 281556.9399319156
 281367.3777657108
 281177.8155995058
 280988.2534333009
 280798.6912670962
 280609.1291008911
 280419.5669346859
 280230.0047684809
 280040.4426022759
 279850.8804360717
 279661.3182698665
 279471.7561036607
 279282.1939374568
 279092.6317712518
 278903.0696050468
 278713.5074388416


