# Created by Octave 4.0.0, Wed May 11 23:59:41 2016 CEST <peter@Independence>
# name: y
# type: matrix
# rows: 100
# columns: 1
 317937.8761048871
 317670.8472879404
 317415.2124194317
 317170.7230745393
 316937.1308284424
 316714.1872563195
 316501.6439333494
 316299.2524347109
 316106.7643355826
 315923.9312111434
 315750.504636572
 315586.2361870471
 315430.8774377475
 315284.1799638519
 315145.8953405392
 315015.775142988
 314893.570946377
 314779.0343258851
 314671.916856691
 314571.9701139733
 314478.945672911
 314392.5951086827
 314312.6699964671
 314238.9219114431
 314171.1024287894
 314108.9631236846
 314052.2555713077
 314000.7313468372
 313954.142025452
 313912.2391823308
 313874.7743926524
 313841.4992315955
 313812.1652743389
 313786.5240960612
 313764.3272719414
 313745.326377158
 313729.2729868898
 313715.9186763157
 313705.0150206143
 313696.3135949644
 313689.5659745447
 313684.5237345341
 313680.9384501112
 313678.5616964548
 313677.1450487436
 313676.4400821564
 313676.1983718719
 313676.1714930689
 313676.1110209262
 313675.7685306224
 313674.8955973363
 313673.2437962468
 313670.5647025324
 313666.609891372
 313661.1309379444
 313653.8794174282
 313644.6069050023
 313633.0649758453
 313619.005205136
 313602.1791680532
 313582.3384397756
 313559.2345954819
 313532.619210351
 313502.2438595615
 313467.8601182923
 313429.219561722
 313386.0737650293
 313338.1743033932
 313285.2727519922
 313227.1206860052
 313163.4696806109
 313094.071310988
 313018.6771523153
 312937.0387797716
 312848.9077685355
 312754.0356937859
 312652.1741307015
 312543.0746544611
 312426.4888402432
 312302.1682632269
 312169.8644985906
 312029.3291215134
 311880.3137071738
 311722.5698307506
 311555.8490674227
 311379.9029923686
 311194.4831807672
 310999.3412077972
 310794.2286486375
 310578.8970784665
 310353.0980724633
 310116.5832058064
 309869.1040536748
 309610.4121912472
 309340.259193702
 309058.3966362183
 308764.5760939749
 308458.5491421502
 308140.0673559232
 307808.8823104726


