# Created by Octave 3.8.2, Wed May 18 09:23:50 2016 CEST <Andrea@Andreas-MacBook-Pro.local>
# name: x
# type: matrix
# rows: 1
# columns: 100
 0.008333333333333333 0.008417508417508417 0.008501683501683501 0.008585858585858586 0.00867003367003367 0.008754208754208754 0.008838383838383838 0.008922558922558922 0.009006734006734006 0.00909090909090909 0.009175084175084175 0.009259259259259259 0.009343434343434343 0.009427609427609427 0.009511784511784511 0.009595959595959595 0.009680134680134679 0.009764309764309764 0.009848484848484849 0.009932659932659932 0.01001683501683502 0.0101010101010101 0.01018518518518518 0.01026936026936027 0.01035353535353535 0.01043771043771044 0.01052188552188552 0.01060606060606061 0.01069023569023569 0.01077441077441077 0.01085858585858586 0.01094276094276094 0.01102693602693603 0.01111111111111111 0.0111952861952862 0.01127946127946128 0.01136363636363636 0.01144781144781145 0.01153198653198653 0.01161616161616162 0.0117003367003367 0.01178451178451178 0.01186868686868687 0.01195286195286195 0.01203703703703704 0.01212121212121212 0.01220538720538721 0.01228956228956229 0.01237373737373737 0.01245791245791246 0.01254208754208754 0.01262626262626263 0.01271043771043771 0.01279461279461279 0.01287878787878788 0.01296296296296296 0.01304713804713805 0.01313131313131313 0.01321548821548822 0.0132996632996633 0.01338383838383838 0.01346801346801347 0.01355218855218855 0.01363636363636364 0.01372053872053872 0.0138047138047138 0.01388888888888889 0.01397306397306397 0.01405723905723906 0.01414141414141414 0.01422558922558922 0.01430976430976431 0.01439393939393939 0.01447811447811448 0.01456228956228956 0.01464646464646465 0.01473063973063973 0.01481481481481481 0.0148989898989899 0.01498316498316498 0.01506734006734007 0.01515151515151515 0.01523569023569023 0.01531986531986532 0.0154040404040404 0.01548821548821549 0.01557239057239057 0.01565656565656566 0.01574074074074074 0.01582491582491583 0.01590909090909091 0.01599326599326599 0.01607744107744108 0.01616161616161616 0.01624579124579124 0.01632996632996633 0.01641414141414142 0.0164983164983165 0.01658249158249158 0.01666666666666667


# name: y
# type: matrix
# rows: 100
# columns: 1
 180785.1027923638
 181190.669926155
 181621.2612412818
 182076.4823637559
 182555.91582802
 183059.1216312645
 183585.6378231622
 184134.9811300002
 184706.6476121048
 185300.1133533946
 185914.8351818199
 186550.2514193833
 187205.782660376
 187880.8325763981
 188574.7887466808
 189287.0235121698
 190016.8948517833
 190763.7472792091
 191526.9127585642
 192305.711637201
 193099.4535939114
 193907.4386007467
 194728.957896649
 195563.2949710641
 196409.7265556905
 197267.5236225053
 198135.9523861989
 199014.2753091452
 199901.7521070354
 200797.6407533061
 201701.1984805019
 202611.6827767264
 203528.3523753505
 204450.468236172
 205377.2945162418
 206308.099528606
 207242.1566872438
 208178.7454365218
 209117.1521635226
 210056.6710916561
 210996.6051540057
 211936.2668449166
 212874.9790483875
 213812.0758418871
 214746.9032742745
 215678.8201165713
 216607.1985843955
 217531.4250309405
 218450.9006094486
 219365.041904208
 220273.2815291694
 221175.0686933634
 222069.869732369
 222957.1686051709
 223836.4673558159
 224707.2865393644
 225569.1656117121
 226421.6632829377
 227264.3578339161
 228096.8473960161
 228918.7501937833
 229729.7047505888
 230529.370057306
 231317.4257041529
 232093.5719759183
 232857.5299108658
 233609.041323681
 234347.8687929065
 235073.7956133728
 235786.62571421
 236486.183543085
 237172.3139173786
 237844.8818430764
 238503.7723022065
 239148.8900097155
 239780.1591407258
 240397.5230291703
 241000.9438388455
 241590.4022079711
 242165.8968683845
 242727.4442405369
 243275.0780054903
 243808.848655151
 244328.8230219972
 244835.0837895867
 245327.7289851503
 245806.8714555947
 246272.6383282505
 246725.1704577154
 247164.6218601463
 247591.1591363599
 248004.9608851003
 248406.2171078321
 248795.1286064071
 249171.9063749479
 249536.7709872768
 249889.9519812037
 250231.6872409692
 250562.2223791167
 250881.8101190461


# name: QUERY
# type: sq_string
# elements: 1
# length: 2
R3


# name: DATASIZE
# type: sq_string
# elements: 1
# length: 3
250


