# Created by Octave 4.0.0, Mon May 23 11:55:47 2016 CEST <peter@Independence>
# name: x
# type: matrix
# rows: 1
# columns: 100
 0.008333333333333333 0.008417508417508417 0.008501683501683501 0.008585858585858586 0.00867003367003367 0.008754208754208754 0.008838383838383838 0.008922558922558922 0.009006734006734006 0.00909090909090909 0.009175084175084175 0.009259259259259259 0.009343434343434343 0.009427609427609427 0.009511784511784511 0.009595959595959595 0.009680134680134679 0.009764309764309764 0.009848484848484848 0.009932659932659932 0.01001683501683502 0.0101010101010101 0.01018518518518518 0.01026936026936027 0.01035353535353535 0.01043771043771044 0.01052188552188552 0.0106060606060606 0.01069023569023569 0.01077441077441077 0.01085858585858586 0.01094276094276094 0.01102693602693603 0.01111111111111111 0.0111952861952862 0.01127946127946128 0.01136363636363636 0.01144781144781145 0.01153198653198653 0.01161616161616162 0.0117003367003367 0.01178451178451178 0.01186868686868687 0.01195286195286195 0.01203703703703704 0.01212121212121212 0.01220538720538721 0.01228956228956229 0.01237373737373737 0.01245791245791246 0.01254208754208754 0.01262626262626263 0.01271043771043771 0.01279461279461279 0.01287878787878788 0.01296296296296296 0.01304713804713805 0.01313131313131313 0.01321548821548822 0.0132996632996633 0.01338383838383838 0.01346801346801347 0.01355218855218855 0.01363636363636364 0.01372053872053872 0.0138047138047138 0.01388888888888889 0.01397306397306397 0.01405723905723906 0.01414141414141414 0.01422558922558922 0.01430976430976431 0.01439393939393939 0.01447811447811448 0.01456228956228956 0.01464646464646465 0.01473063973063973 0.01481481481481482 0.0148989898989899 0.01498316498316498 0.01506734006734007 0.01515151515151515 0.01523569023569023 0.01531986531986532 0.0154040404040404 0.01548821548821549 0.01557239057239057 0.01565656565656566 0.01574074074074074 0.01582491582491583 0.01590909090909091 0.01599326599326599 0.01607744107744108 0.01616161616161616 0.01624579124579124 0.01632996632996633 0.01641414141414142 0.0164983164983165 0.01658249158249158 0.01666666666666667


# name: y
# type: matrix
# rows: 100
# columns: 1
 144558.7151143074
 144839.4799180145
 145141.136952119
 145463.5832359154
 145806.7010051349
 146170.3577743572
 146554.4064156318
 146958.6852532532
 147383.0181746103
 147827.2147570031
 148291.0704103017
 148774.3665352931
 149276.8706975419
 149798.3368165676
 150338.5053701145
 150897.1036132741
 151473.8458121917
 152068.4334920717
 152680.5556991714
 153309.8892764561
 153956.0991525644
 154618.838643716
 155297.7497681733
 155992.4635728523
 156702.6004716562
 157427.7705950949
 158167.5741507305
 158921.6017939786
 159689.4350087775
 160470.646497627
 161264.8005804812
 162071.453601972
 162890.154346426
 163720.4444601289
 164561.8588802819
 165413.9262700856
 166276.16945938
 167148.105890264
 168029.2480671102
 168919.1040103877
 169817.1777137029
 170722.9696034631
 171635.9770005704
 172555.6945835483
 173481.6148525083
 174413.228593361
 175350.0253416835
 176291.4938456531
 177237.1225274661
 178186.3999426631
 179138.8152367895
 180093.8585988273
 181051.0217108404
 182009.7981932883
 182969.6840454674
 183930.178080556
 184890.7823547442
 185851.0025899468
 186810.3485896073
 187768.3346471159
 188724.4799463783
 189678.3089540872
 190629.3518032634
 191577.1446676493
 192521.2301265563
 193461.1575197814
 194396.483292228
 195326.7713278851
 196251.593272834
 197170.5288469736
 198083.1661441737
 198989.1019205842
 199887.9418708495
 200779.3008919944
 201662.803334773
 202538.0832422863
 203404.784575699
 204262.5614269039
 205111.0782180049
 205950.0098875079
 206779.0420631298
 207597.8712211576
 208406.2048323077
 209203.7614940565
 209990.2710494334
 210765.4746922867
 211529.1250590513
 212280.9863070681
 213020.8341795218
 213748.4560570835
 214463.6509963612
 215166.2297552809
 215856.0148055362
 216532.8403322611
 217196.5522210998
 217847.0080328579
 218484.0769659406
 219107.6398067925
 219717.588868572
 220313.8279183049


# name: QUERY
# type: sq_string
# elements: 1
# length: 2
R3


# name: DATASIZE
# type: sq_string
# elements: 1
# length: 3
250


