# Created by Octave 4.0.0, Mon May 23 11:55:47 2016 CEST <peter@Independence>
# name: x
# type: matrix
# rows: 1
# columns: 100
 0.008333333333333333 0.008417508417508417 0.008501683501683501 0.008585858585858586 0.00867003367003367 0.008754208754208754 0.008838383838383838 0.008922558922558922 0.009006734006734006 0.00909090909090909 0.009175084175084175 0.009259259259259259 0.009343434343434343 0.009427609427609427 0.009511784511784511 0.009595959595959595 0.009680134680134679 0.009764309764309764 0.009848484848484848 0.009932659932659932 0.01001683501683502 0.0101010101010101 0.01018518518518518 0.01026936026936027 0.01035353535353535 0.01043771043771044 0.01052188552188552 0.0106060606060606 0.01069023569023569 0.01077441077441077 0.01085858585858586 0.01094276094276094 0.01102693602693603 0.01111111111111111 0.0111952861952862 0.01127946127946128 0.01136363636363636 0.01144781144781145 0.01153198653198653 0.01161616161616162 0.0117003367003367 0.01178451178451178 0.01186868686868687 0.01195286195286195 0.01203703703703704 0.01212121212121212 0.01220538720538721 0.01228956228956229 0.01237373737373737 0.01245791245791246 0.01254208754208754 0.01262626262626263 0.01271043771043771 0.01279461279461279 0.01287878787878788 0.01296296296296296 0.01304713804713805 0.01313131313131313 0.01321548821548822 0.0132996632996633 0.01338383838383838 0.01346801346801347 0.01355218855218855 0.01363636363636364 0.01372053872053872 0.0138047138047138 0.01388888888888889 0.01397306397306397 0.01405723905723906 0.01414141414141414 0.01422558922558922 0.01430976430976431 0.01439393939393939 0.01447811447811448 0.01456228956228956 0.01464646464646465 0.01473063973063973 0.01481481481481482 0.0148989898989899 0.01498316498316498 0.01506734006734007 0.01515151515151515 0.01523569023569023 0.01531986531986532 0.0154040404040404 0.01548821548821549 0.01557239057239057 0.01565656565656566 0.01574074074074074 0.01582491582491583 0.01590909090909091 0.01599326599326599 0.01607744107744108 0.01616161616161616 0.01624579124579124 0.01632996632996633 0.01641414141414142 0.0164983164983165 0.01658249158249158 0.01666666666666667


# name: y
# type: matrix
# rows: 100
# columns: 1
 155157.3917709183
 155844.3468574176
 156531.301943917
 157218.2570304164
 157905.2121169157
 158592.1672034151
 159279.1222899144
 159966.0773764138
 160653.0324629132
 161339.9875494125
 162026.9426359119
 162713.8977224113
 163400.8528089106
 164087.80789541
 164774.7629819094
 165461.7180684087
 166148.6731549081
 166835.6282414075
 167522.5833279068
 168209.5384144062
 168896.4935009055
 169583.4485874049
 170270.4036739042
 170957.3587604036
 171644.313846903
 172331.2689334023
 173018.2240199017
 173705.1791064011
 174392.1341929004
 175079.0892793998
 175766.0443658992
 176452.9994523985
 177139.9545388979
 177826.9096253972
 178513.8647118966
 179200.819798396
 179887.7748848953
 180574.7299713947
 181261.6850578941
 181948.6401443934
 182635.5952308928
 183322.5503173922
 184009.5054038915
 184696.4604903909
 185383.4155768902
 186070.3706633896
 186757.325749889
 187444.2808363883
 188131.2359228877
 188818.1910093871
 189505.1460958864
 190192.1011823858
 190879.0562688851
 191566.0113553845
 192252.9664418839
 192939.9215283832
 193626.8766148826
 194313.8317013819
 195000.7867878813
 195687.7418743807
 196374.69696088
 197061.6520473794
 197748.6071338788
 198435.5622203781
 199122.5173068775
 199809.4723933769
 200496.4274798762
 201183.3825663756
 201870.337652875
 202557.2927393743
 203244.2478258737
 203931.202912373
 204618.1579988724
 205305.1130853718
 205992.0681718711
 206679.0232583705
 207365.9783448699
 208052.9334313692
 208739.8885178686
 209426.843604368
 210113.7986908673
 210800.7537773667
 211487.708863866
 212174.6639503654
 212861.6190368648
 213548.5741233641
 214235.5292098635
 214922.4842963628
 215609.4393828622
 216296.3944693616
 216983.3495558609
 217670.3046423603
 218357.2597288597
 219044.214815359
 219731.1699018584
 220418.1249883578
 221105.0800748571
 221792.0351613565
 222478.9902478559
 223165.9453343552


# name: QUERY
# type: sq_string
# elements: 1
# length: 2
R3


# name: DATASIZE
# type: sq_string
# elements: 1
# length: 3
250


