# Created by Octave 3.8.2, Wed May 18 09:23:50 2016 CEST <Andrea@Andreas-MacBook-Pro.local>
# name: x
# type: matrix
# rows: 1
# columns: 100
 0.008333333333333333 0.008417508417508417 0.008501683501683501 0.008585858585858586 0.00867003367003367 0.008754208754208754 0.008838383838383838 0.008922558922558922 0.009006734006734006 0.00909090909090909 0.009175084175084175 0.009259259259259259 0.009343434343434343 0.009427609427609427 0.009511784511784511 0.009595959595959595 0.009680134680134679 0.009764309764309764 0.009848484848484849 0.009932659932659932 0.01001683501683502 0.0101010101010101 0.01018518518518518 0.01026936026936027 0.01035353535353535 0.01043771043771044 0.01052188552188552 0.01060606060606061 0.01069023569023569 0.01077441077441077 0.01085858585858586 0.01094276094276094 0.01102693602693603 0.01111111111111111 0.0111952861952862 0.01127946127946128 0.01136363636363636 0.01144781144781145 0.01153198653198653 0.01161616161616162 0.0117003367003367 0.01178451178451178 0.01186868686868687 0.01195286195286195 0.01203703703703704 0.01212121212121212 0.01220538720538721 0.01228956228956229 0.01237373737373737 0.01245791245791246 0.01254208754208754 0.01262626262626263 0.01271043771043771 0.01279461279461279 0.01287878787878788 0.01296296296296296 0.01304713804713805 0.01313131313131313 0.01321548821548822 0.0132996632996633 0.01338383838383838 0.01346801346801347 0.01355218855218855 0.01363636363636364 0.01372053872053872 0.0138047138047138 0.01388888888888889 0.01397306397306397 0.01405723905723906 0.01414141414141414 0.01422558922558922 0.01430976430976431 0.01439393939393939 0.01447811447811448 0.01456228956228956 0.01464646464646465 0.01473063973063973 0.01481481481481481 0.0148989898989899 0.01498316498316498 0.01506734006734007 0.01515151515151515 0.01523569023569023 0.01531986531986532 0.0154040404040404 0.01548821548821549 0.01557239057239057 0.01565656565656566 0.01574074074074074 0.01582491582491583 0.01590909090909091 0.01599326599326599 0.01607744107744108 0.01616161616161616 0.01624579124579124 0.01632996632996633 0.01641414141414142 0.0164983164983165 0.01658249158249158 0.01666666666666667


# name: y
# type: matrix
# rows: 100
# columns: 1
 213016.9241934027
 213440.5424971883
 213864.1608009739
 214287.7791047595
 214711.397408545
 215135.0157123306
 215558.6340161162
 215982.2523199018
 216405.8706236874
 216829.4889274729
 217253.1072312585
 217676.7255350441
 218100.3438388297
 218523.9621426153
 218947.5804464009
 219371.1987501864
 219794.817053972
 220218.4353577576
 220642.0536615431
 221065.6719653287
 221489.2902691143
 221912.9085728999
 222336.5268766855
 222760.145180471
 223183.7634842566
 223607.3817880422
 224031.0000918278
 224454.6183956134
 224878.2366993989
 225301.8550031845
 225725.4733069701
 226149.0916107557
 226572.7099145413
 226996.3282183268
 227419.9465221124
 227843.564825898
 228267.1831296836
 228690.8014334692
 229114.4197372548
 229538.0380410403
 229961.6563448259
 230385.2746486115
 230808.8929523971
 231232.5112561827
 231656.1295599682
 232079.7478637538
 232503.3661675394
 232926.984471325
 233350.6027751105
 233774.2210788961
 234197.8393826817
 234621.4576864673
 235045.0759902529
 235468.6942940385
 235892.312597824
 236315.9309016096
 236739.5492053952
 237163.1675091808
 237586.7858129664
 238010.4041167519
 238434.0224205375
 238857.6407243231
 239281.2590281087
 239704.8773318942
 240128.4956356798
 240552.1139394654
 240975.732243251
 241399.3505470366
 241822.9688508221
 242246.5871546077
 242670.2054583933
 243093.8237621789
 243517.4420659645
 243941.06036975
 244364.6786735356
 244788.2969773212
 245211.9152811068
 245635.5335848923
 246059.151888678
 246482.7701924635
 246906.3884962491
 247330.0068000347
 247753.6251038203
 248177.2434076059
 248600.8617113914
 249024.480015177
 249448.0983189626
 249871.7166227482
 250295.3349265337
 250718.9532303193
 251142.5715341049
 251566.1898378905
 251989.8081416761
 252413.4264454616
 252837.0447492472
 253260.6630530328
 253684.2813568184
 254107.8996606039
 254531.5179643895
 254955.1362681751


# name: QUERY
# type: sq_string
# elements: 1
# length: 2
R3


# name: DATASIZE
# type: sq_string
# elements: 1
# length: 3
250


