# Created by Octave 4.0.0, Mon May 23 11:55:47 2016 CEST <peter@Independence>
# name: x
# type: matrix
# rows: 1
# columns: 100
 0.008333333333333333 0.008417508417508417 0.008501683501683501 0.008585858585858586 0.00867003367003367 0.008754208754208754 0.008838383838383838 0.008922558922558922 0.009006734006734006 0.00909090909090909 0.009175084175084175 0.009259259259259259 0.009343434343434343 0.009427609427609427 0.009511784511784511 0.009595959595959595 0.009680134680134679 0.009764309764309764 0.009848484848484848 0.009932659932659932 0.01001683501683502 0.0101010101010101 0.01018518518518518 0.01026936026936027 0.01035353535353535 0.01043771043771044 0.01052188552188552 0.0106060606060606 0.01069023569023569 0.01077441077441077 0.01085858585858586 0.01094276094276094 0.01102693602693603 0.01111111111111111 0.0111952861952862 0.01127946127946128 0.01136363636363636 0.01144781144781145 0.01153198653198653 0.01161616161616162 0.0117003367003367 0.01178451178451178 0.01186868686868687 0.01195286195286195 0.01203703703703704 0.01212121212121212 0.01220538720538721 0.01228956228956229 0.01237373737373737 0.01245791245791246 0.01254208754208754 0.01262626262626263 0.01271043771043771 0.01279461279461279 0.01287878787878788 0.01296296296296296 0.01304713804713805 0.01313131313131313 0.01321548821548822 0.0132996632996633 0.01338383838383838 0.01346801346801347 0.01355218855218855 0.01363636363636364 0.01372053872053872 0.0138047138047138 0.01388888888888889 0.01397306397306397 0.01405723905723906 0.01414141414141414 0.01422558922558922 0.01430976430976431 0.01439393939393939 0.01447811447811448 0.01456228956228956 0.01464646464646465 0.01473063973063973 0.01481481481481482 0.0148989898989899 0.01498316498316498 0.01506734006734007 0.01515151515151515 0.01523569023569023 0.01531986531986532 0.0154040404040404 0.01548821548821549 0.01557239057239057 0.01565656565656566 0.01574074074074074 0.01582491582491583 0.01590909090909091 0.01599326599326599 0.01607744107744108 0.01616161616161616 0.01624579124579124 0.01632996632996633 0.01641414141414142 0.0164983164983165 0.01658249158249158 0.01666666666666667


# name: y
# type: matrix
# rows: 1
# columns: 100
 153397.3270064264 154121.0720790659 154844.8171517054 155568.5622243449 156292.3072969845 157016.052369624 157739.7974422635 158463.542514903 159187.2875875425 159911.032660182 160634.7777328215 161358.522805461 162082.2678781005 162806.0129507401 163529.7580233796 164253.5030960191 164977.2481686586 165700.9932412981 166424.7383139376 167148.4833865771 167872.2284592167 168595.9735318561 169319.7186044957 170043.4636771352 170767.2087497747 171490.9538224142 172214.6988950537 172938.4439676932 173662.1890403327 174385.9341129723 175109.6791856118 175833.4242582513 176557.1693308908 177280.9144035303 178004.6594761698 178728.4045488093 179452.1496214488 180175.8946940883 180899.6397667279 181623.3848393674 182347.1299120069 183070.8749846464 183794.6200572859 184518.3651299254 185242.1102025649 185965.8552752044 186689.600347844 187413.3454204835 188137.090493123 188860.8355657625 189584.580638402 190308.3257110415 191032.070783681 191755.8158563206 192479.56092896 193203.3060015996 193927.0510742391 194650.7961468786 195374.5412195181 196098.2862921576 196822.0313647971 197545.7764374366 198269.5215100762 198993.2665827157 199717.0116553552 200440.7567279947 201164.5018006342 201888.2468732737 202611.9919459132 203335.7370185527 204059.4820911922 204783.2271638318 205506.9722364713 206230.7173091108 206954.4623817503 207678.2074543898 208401.9525270293 209125.6975996688 209849.4426723083 210573.1877449478 211296.9328175874 212020.6778902269 212744.4229628664 213468.1680355059 214191.9131081454 214915.6581807849 215639.4032534244 216363.148326064 217086.8933987035 217810.638471343 218534.3835439825 219258.128616622 219981.8736892615 220705.618761901 221429.3638345405 222153.1089071801 222876.8539798196 223600.5990524591 224324.3441250986 225048.0891977381


# name: QUERY
# type: sq_string
# elements: 1
# length: 2
R3


# name: DATASIZE
# type: sq_string
# elements: 1
# length: 3
250


