# Created by Octave 4.0.0, Mon May 23 11:55:47 2016 CEST <peter@Independence>
# name: SVs
# type: cell
# rows: 1
# columns: 7
# name: <cell-element>
# type: sparse matrix
# nnz: 77
# rows: 11
# columns: 7
1 1 0.1253258479841946
2 1 2.574584089573281
3 1 -0.01388299876951904
4 1 4.115979454923985
5 1 -1.09461489196113
6 1 -0.0754330242772059
7 1 1.906429711112883
8 1 -0.9919513728526055
9 1 2.364208025826304
10 1 0.399656235110252
11 1 2.169940757817667
1 2 0.6243586081433879
2 2 1.526419298084547
3 2 0.9841995841204348
4 2 1.56987179329687
5 2 -0.9611424052019317
6 2 1.189053750665598
7 2 1.364596212466242
8 2 -0.8665583100199363
9 2 1.352515669616264
10 2 1.453093212413753
11 2 1.303584788692905
1 3 -0.9767715465178501
2 3 0.8130555957904351
3 3 -1.783298592125905
4 3 0.1280600228082518
5 3 0.4705578092993434
6 3 2.194095057448063
7 3 2.956428840283073
8 3 -1.915878380445037
9 3 -0.6674187071065416
10 3 1.045070225348916
11 3 -0.6011288129469755
1 4 -0.07536958826475186
2 4 0.622242801702244
3 4 0.1198577596737731
4 4 0.9528277775448128
5 4 -0.2419635918389598
6 4 0.7940428678881459
7 4 2.561501124558259
8 4 -0.9994457018404366
9 4 -0.6402273816335508
10 4 -0.2731999675091238
11 4 -1.002048733146284
1 5 -0.1844712043895671
2 5 0.2657564313163522
3 5 1.031987696522714
4 5 0.07846311328637354
5 5 -1.103879801453013
6 5 1.337825451355476
7 5 0.2054503951521456
8 5 0.3357114332668318
9 5 0.3960174694310384
10 5 -0.2713980479462591
11 5 -0.3133538188205
1 6 -0.8299536027079818
2 6 2.154116319275415
3 6 0.3291046443794304
4 6 1.571088316075972
5 6 -0.4398977079791757
6 6 2.306821660182572
7 6 1.791695643522428
8 6 0.2300290238452334
9 6 0.9986557902520938
10 6 -0.5327860441504031
11 6 0.6473050162347717
1 7 -1.14379442890729
2 7 1.542697824042218
3 7 -0.6064959783173882
4 7 1.542697824042218
5 7 1.542697824042218
6 7 1.542697824042218
7 7 1.542697824042218
8 7 0.1994516975674642
9 7 0.1994516975674642
10 7 -0.6064959783173882
11 7 1.542697824042218



# name: <cell-element>
# type: sparse matrix
# nnz: 140
# rows: 20
# columns: 7
1 1 0.9329295029854452
2 1 0.1253258479841946
3 1 0.3094950649329763
4 1 2.574584089573281
5 1 -0.2826835007913702
6 1 1.054586975277982
7 1 -0.01388299876951904
8 1 -0.7265168878507059
9 1 -0.5589373262145428
10 1 -0.0754330242772059
11 1 1.906429711112883
12 1 -0.9919513728526055
13 1 0.611474877580065
14 1 2.364208025826304
15 1 -0.8746216367285774
16 1 0.3431552351324926
17 1 -0.4916169858155104
18 1 -0.5447519687733182
19 1 -0.3216331263079533
20 1 0.1298940139398432
1 2 1.36473668389473
2 2 0.6243586081433879
3 2 0.6251077890953246
4 2 1.526419298084547
5 2 -0.6890024244109628
6 2 0.6779718700163507
7 2 0.9841995841204348
8 2 -0.9447540718783186
9 2 -1.004079838509798
10 2 1.189053750665598
11 2 1.364596212466242
12 2 -0.8665583100199363
13 2 1.338889941052918
14 2 1.352515669616264
15 2 -0.981651233761196
16 2 1.357010755327884
17 2 -0.8548055338364309
18 2 -0.8635615862121899
19 2 -0.8710065719220599
20 2 -0.09265438666943147
1 3 1.155553382281527
2 3 -0.9767715465178501
3 3 0.3379780209802112
4 3 0.8130555957904351
5 3 -0.05976134397718552
6 3 1.277084854907398
7 3 -1.783298592125905
8 3 -1.098303019143721
9 3 -1.054109756370677
10 3 2.194095057448063
11 3 2.956428840283073
12 3 -1.915878380445037
13 3 0.01757686587564162
14 3 -0.6674187071065416
15 3 -0.1591961852165347
16 3 0.227494864047601
17 3 0.1612049698880349
18 3 -1.252979438849376
19 3 0.0617701286486857
20 3 0.1612049698880349
1 4 -0.1430484022167738
2 4 -0.07536958826475186
3 4 0.7159519287127359
4 4 0.622242801702244
5 4 -0.5699455363756817
6 4 1.738943231910607
7 4 0.1198577596737731
8 4 -1.322221583765465
9 4 -0.8016153225960646
10 4 0.7940428678881459
11 4 2.561501124558259
12 4 -0.9994457018404366
13 4 -0.7261274147265017
14 4 -0.6402273816335508
15 4 2.545882936723177
16 4 0.387969984176014
17 4 -0.3096424057909818
18 4 -1.004651764452131
19 4 -0.3903363762722388
20 4 0.8929580575103319
1 5 -0.09263372645950395
2 5 -0.1844712043895671
3 5 -0.2809608622522976
4 5 0.2657564313163522
5 5 -0.6563228616343662
6 5 0.08156456657481845
7 5 1.031987696522714
8 5 1.548293517568557
9 5 1.088675370517068
10 5 1.337825451355476
11 5 0.2054503951521456
12 5 0.3357114332668318
13 5 -0.395973088365463
14 5 0.3960174694310384
15 5 -0.9717234307731665
16 5 0.9398056126717125
17 5 -1.234399294008403
18 5 0.5811570004551525
19 5 -0.8276781558209474
20 5 -0.1671547568624163
1 6 1.237192404973992
2 6 -0.8299536027079818
3 6 0.7724739765744636
4 6 2.154116319275415
5 6 -1.139930618988258
6 6 1.466576583082297
7 6 0.3291046443794304
8 6 0.4848344405822246
9 6 -0.2420034467725024
10 6 2.306821660182572
11 6 1.791695643522428
12 6 0.2300290238452334
13 6 0.7935463252355677
14 6 0.9986557902520938
15 6 -0.8359234425725723
16 6 0.8393282759852086
17 6 -1.451133231532125
18 6 -0.5103694931356826
19 6 -1.257034365206251
20 6 0.9316433493879821
1 7 1.542697824042218
2 7 -1.14379442890729
3 7 1.542697824042218
4 7 1.542697824042218
5 7 -1.14379442890729
6 7 1.542697824042218
7 7 -0.6064959783173882
8 7 -0.6064959783173882
9 7 -1.14379442890729
10 7 1.542697824042218
11 7 1.542697824042218
12 7 0.1994516975674642
13 7 1.542697824042218
14 7 0.1994516975674642
15 7 0.1994516975674642
16 7 0.1994516975674642
17 7 -1.14379442890729
18 7 -1.14379442890729
19 7 -1.14379442890729
20 7 1.542697824042218



