# Created by Octave 3.8.2, Wed May 18 09:23:45 2016 CEST <Andrea@Andreas-MacBook-Pro.local>
# name: SVs
# type: cell
# rows: 1
# columns: 7
# name: <cell-element>
# type: sparse matrix
# nnz: 119
# rows: 17
# columns: 7
1 1 2.26810782104089
2 1 1.218347688411701
3 1 3.916502718958192
4 1 1.677617746436971
5 1 -1.26600921167475
6 1 0.1613478307298962
7 1 -0.1775617982956482
8 1 -0.7795901847021727
9 1 0.1565967611641175
10 1 -1.000628040214828
11 1 -0.6682794120182155
12 1 0.1916641793877219
13 1 -0.7273284194786075
14 1 0.3995800332425118
15 1 2.466069052948335
16 1 2.085304763462359
17 1 -1.267140418714221
1 2 1.32104142779121
2 2 1.655900722825821
3 2 1.546253952791306
4 2 1.54048051667002
5 2 0.2947282537601796
6 2 0.5665649141599084
7 2 -0.0699685472793994
8 2 -1.097494628058599
9 2 1.411669820014428
10 2 -0.4301048189458614
11 2 -1.098319404647354
12 2 1.400705143010977
13 2 -0.8932411316668699
14 2 -0.171222002616582
15 2 1.501230854299258
16 2 1.270341925717728
17 2 -0.7887856025145201
1 3 0.4377724990128201
2 3 -1.561916812088728
3 3 0.6517065709285874
4 3 0.4734281776654479
5 3 -1.350954046727346
6 3 0.3545759154900216
7 3 -1.27964268942209
8 3 0.5744526005145603
9 3 0.794329285539099
10 3 -1.481691535120315
11 3 0.7319318478970002
12 3 -1.547060279316799
13 3 0.9666650656934671
14 3 -1.43712193680453
15 3 0.8359275773004982
16 3 0.455600338339134
17 3 -1.642142089057141
1 4 0.08381565585867493
2 4 -0.06381863078894452
3 4 1.159436887148474
4 4 0.6356866797557286
5 4 -0.652598226347903
6 4 0.4652042296983585
7 4 0.4915674951711477
8 4 2.235058118438273
9 4 0.4704768827929163
10 4 -0.7141125124510778
11 4 0.317569943050739
12 4 -0.8810798604454093
13 4 0.4441136173201272
14 4 -1.241377821906862
15 4 0.9362279061455253
16 4 -0.1604839375225049
17 4 -2.005912520617748
1 5 0.9231590792196509
2 5 -0.990883790587894
3 5 0.5521471935386133
4 5 0.6771598799238137
5 5 -1.004774089075138
6 5 0.2449501574294091
7 5 -0.9100583580860294
8 5 -0.6748291728346498
9 5 1.705444585327362
10 5 -0.9394494244503437
11 5 1.387678843847429
12 5 -0.8527860404103619
13 5 0.1009138013768956
14 5 -0.2410089809504198
15 5 0.770969721881146
16 5 0.09437126948072971
17 5 -0.9840392956811359
1 6 0.1562603008272984
2 6 1.075792873955103
3 6 0.5118431846175764
4 6 0.01631354599071442
5 6 0.4750790726599795
6 6 -0.9796328777423428
7 6 1.008256930145222
8 6 -0.9833412150206308
9 6 0.1786945134346897
10 6 0.7591475315868491
11 6 -0.4826665654017069
12 6 1.447780852459927
13 6 -0.1892290291790302
14 6 2.141301319812337
15 6 0.8740077531136901
16 6 -0.06199131104121468
17 6 0.6154556016844445
1 7 0.1218735703232842
2 7 0.6250213377129695
3 7 1.631316872492341
4 7 0.1218735703232842
5 7 -0.3812741970664018
6 7 -1.387569731845774
7 7 -0.3812741970664018
8 7 0.1218735703232842
9 7 0.1218735703232842
10 7 0.6250213377129695
11 7 -0.7837924109781506
12 7 0.6250213377129695
13 7 1.631316872492341
14 7 -0.3812741970664018
15 7 1.631316872492341
16 7 1.631316872492341
17 7 0.6250213377129695



# name: <cell-element>
# type: sparse matrix
# nnz: 266
# rows: 38
# columns: 7
1 1 -0.2592349465454623
2 1 0.3231104373742649
3 1 2.26810782104089
4 1 -0.7103603138865409
5 1 1.837344180410292
6 1 1.218347688411701
7 1 0.006372466322354191
8 1 3.916502718958192
9 1 -0.3818577896241306
10 1 -1.26600921167475
11 1 0.1613478307298962
12 1 0.3122508497953422
13 1 0.4203942427687803
14 1 -0.1775617982956482
15 1 1.853633561778676
16 1 1.035770872241064
17 1 -0.4825352161370594
18 1 -0.1900050757298304
19 1 -1.000628040214828
20 1 -0.889995991754553
21 1 -0.6682794120182155
22 1 -0.4691869730713003
23 1 0.1916641793877219
24 1 1.299342112437832
25 1 -0.7381880070575301
26 1 0.4194892771372034
27 1 -0.4415855213082052
28 1 0.9563601380701919
29 1 0.3995800332425118
30 1 2.466069052948335
31 1 -0.7603596650311638
32 1 2.085304763462359
33 1 0.3346487491768702
34 1 -0.4191876219266772
35 1 -0.2006384219008588
36 1 -1.698130300752714
37 1 -1.267140418714221
38 1 -1.112391295714573
1 2 -0.9828506822216262
2 2 1.08127402181308
3 2 1.32104142779121
4 2 -0.9739722048250261
5 2 1.333558625432318
6 2 1.655900722825821
7 2 0.5648668447124712
8 2 1.546253952791306
9 2 -0.4443200860344069
10 2 0.2947282537601796
11 2 0.5665649141599084
12 2 1.326426733753082
13 2 -0.6119437986314198
14 2 -0.0699685472793994
15 2 1.429329742267775
16 2 0.6221160432260675
17 2 -1.120733921353525
18 2 0.7419027136752787
19 2 -0.4301048189458614
20 2 -0.9782416365785824
21 2 -1.098319404647354
22 2 -0.9751365953032687
23 2 1.400705143010977
24 2 1.217895837926883
25 2 -0.931666017448877
26 2 1.425254375593926
27 2 -0.7950927176050011
28 2 1.102378599231228
29 2 -0.171222002616582
30 2 1.501230854299258
31 2 -0.9875567604045234
32 2 1.270341925717728
33 2 0.5673411744787368
34 2 -0.9660640528269615
35 2 -0.9848883655585507
36 2 -0.04813622581234998
37 2 -0.7887856025145201
38 2 -0.5837073295340358
1 3 0.6338787316022735
2 3 0.5863378267321029
3 3 0.4377724990128201
4 3 1.11523039341275
5 3 1.412361048851316
6 3 -1.561916812088728
7 3 0.9993494377917094
8 3 0.6517065709285874
9 3 -1.600543797295741
10 3 -1.350954046727346
11 3 0.3545759154900216
12 3 0.550682148079475
13 3 -1.395523645043131
14 3 -1.27964268942209
15 3 -1.535175053099257
16 3 0.9607224525846958
17 3 0.333776769609322
18 3 -1.365810579499274
19 3 -1.481691535120315
20 3 0.1020148583672407
21 3 0.7319318478970002
22 3 0.2802932516303802
23 3 -1.547060279316799
24 3 0.9102102411601396
25 3 0.1584696829005682
26 3 0.898325014942597
27 3 0.5298830021987755
28 3 -1.642142089057141
29 3 -1.43712193680453
30 3 0.8359275773004982
31 3 0.446686418675977
32 3 0.455600338339134
33 3 0.7081613954619149
34 3 0.6606204905917444
35 3 0.5566247611882463
36 3 -1.484662841674701
37 3 -1.642142089057141
38 3 -1.588658571078199
1 4 0.2525405548845257
2 4 0.1699356564031196
3 4 0.08381565585867493
4 4 0.8606532117901963
5 4 2.245603424627388
6 4 -0.06381863078894452
7 4 0.7253217823632118
8 4 1.159436887148474
9 4 -1.102531290416839
10 4 -0.652598226347903
11 4 0.4652042296983585
12 4 0.4195079028788573
13 4 -1.853005580875571
14 4 0.4915674951711477
15 4 0.6374442307872479
16 4 1.690217298667296
17 4 -0.02515250809552038
18 4 -1.629796599872622
19 4 -0.7141125124510778
20 4 -0.1587263864909856
21 4 0.317569943050739
22 4 -0.1622414885540241
23 4 -0.8810798604454093
24 4 0.134784635772734
25 4 -0.2448463870354303
26 4 0.3316303513028933
27 4 -0.07963659007261804
28 4 -2.158819460359925
29 4 -1.241377821906862
30 4 0.9362279061455253
31 4 -0.06381863078894452
32 4 -0.1604839375225049
33 4 0.9994997432802193
34 4 0.3070246368616233
35 4 0.6655650472915563
36 4 -1.104288841448358
37 4 -2.005912520617748
38 4 -1.738764763826818
1 5 -0.5065351215978906
2 5 0.1685535157495644
3 5 0.9231590792196509
4 5 -0.5369327313308458
5 5 0.7005116860762827
6 5 -0.990883790587894
7 5 -0.1047230088364413
8 5 0.5521471935386133
9 5 -0.6913364840803607
10 5 -1.004774089075138
11 5 0.2449501574294091
12 5 2.06145897481565
13 5 -0.3255586239162558
14 5 -0.9100583580860294
15 5 -0.1819248852111987
16 5 0.5557707496657206
17 5 1.732419947606938
18 5 -0.9305918428063038
19 5 -0.9394494244503437
20 5 0.8527010434147875
21 5 1.387678843847429
22 5 1.139465249140581
23 5 -0.8527860404103619
24 5 0.09819613428156515
25 5 1.212137680356455
26 5 0.1433899315335418
27 5 0.09910202331334196
28 5 -0.5611904265150917
29 5 -0.2410089809504198
30 5 0.770969721881146
31 5 0.666389865879356
32 5 0.09437126948072971
33 5 0.1322173001416277
34 5 -0.9817242459332618
35 5 0.6760526822183087
36 5 -1.316198607332635
37 5 -0.9840392956811359
38 5 -1.063354913130039
1 6 -1.244926344290066
2 6 -0.9781593662410363
3 6 0.1562603008272984
4 6 -0.6034208329337739
5 6 0.6488797542390801
6 6 1.075792873955103
7 6 -0.6365257246631264
8 6 0.5118431846175764
9 6 1.331262930494116
10 6 0.4750790726599795
11 6 -0.9796328777423428
12 6 -0.1910586392931524
13 6 2.08169777958449
14 6 1.008256930145222
15 6 2.883226639982666
16 6 0.4469227237225146
