# Created by Octave 3.8.2, Wed May 18 09:23:35 2016 CEST <Andrea@Andreas-MacBook-Pro.local>
# name: mu
# type: matrix
# rows: 1
# columns: 8
 231416.8777777778 19482.83333333333 53890.16666666666 2037.666666666667 3476.311111111111 23962.42222222222 162298.4555555556 0.01216358024691357


# name: sigma
# type: matrix
# rows: 1
# columns: 8
 98343.0487922199 4420.057359559684 20611.64226988712 336.5522815288099 568.9735217165048 9934.991686947973 81438.11561267207 0.002760399586178031


