# Created by Octave 4.0.0, Mon May 23 11:55:47 2016 CEST <peter@Independence>
# name: x
# type: matrix
# rows: 1
# columns: 100
 0.008333333333333333 0.008417508417508417 0.008501683501683501 0.008585858585858586 0.00867003367003367 0.008754208754208754 0.008838383838383838 0.008922558922558922 0.009006734006734006 0.00909090909090909 0.009175084175084175 0.009259259259259259 0.009343434343434343 0.009427609427609427 0.009511784511784511 0.009595959595959595 0.009680134680134679 0.009764309764309764 0.009848484848484848 0.009932659932659932 0.01001683501683502 0.0101010101010101 0.01018518518518518 0.01026936026936027 0.01035353535353535 0.01043771043771044 0.01052188552188552 0.0106060606060606 0.01069023569023569 0.01077441077441077 0.01085858585858586 0.01094276094276094 0.01102693602693603 0.01111111111111111 0.0111952861952862 0.01127946127946128 0.01136363636363636 0.01144781144781145 0.01153198653198653 0.01161616161616162 0.0117003367003367 0.01178451178451178 0.01186868686868687 0.01195286195286195 0.01203703703703704 0.01212121212121212 0.01220538720538721 0.01228956228956229 0.01237373737373737 0.01245791245791246 0.01254208754208754 0.01262626262626263 0.01271043771043771 0.01279461279461279 0.01287878787878788 0.01296296296296296 0.01304713804713805 0.01313131313131313 0.01321548821548822 0.0132996632996633 0.01338383838383838 0.01346801346801347 0.01355218855218855 0.01363636363636364 0.01372053872053872 0.0138047138047138 0.01388888888888889 0.01397306397306397 0.01405723905723906 0.01414141414141414 0.01422558922558922 0.01430976430976431 0.01439393939393939 0.01447811447811448 0.01456228956228956 0.01464646464646465 0.01473063973063973 0.01481481481481482 0.0148989898989899 0.01498316498316498 0.01506734006734007 0.01515151515151515 0.01523569023569023 0.01531986531986532 0.0154040404040404 0.01548821548821549 0.01557239057239057 0.01565656565656566 0.01574074074074074 0.01582491582491583 0.01590909090909091 0.01599326599326599 0.01607744107744108 0.01616161616161616 0.01624579124579124 0.01632996632996633 0.01641414141414142 0.0164983164983165 0.01658249158249158 0.01666666666666667


# name: y
# type: matrix
# rows: 100
# columns: 1
 156513.9211228996
 156000.2148415669
 155498.8424445399
 155009.8039318185
 154533.0993034029
 154068.728559293
 153616.6916994888
 153176.9887239904
 152749.6196327976
 152334.5844259105
 151931.8831033292
 151541.5156650535
 151163.4821110835
 150797.7824414193
 150444.4166560608
 150103.384755008
 149774.6867382608
 149458.3226058194
 149154.2923576837
 148862.5959938538
 148583.2335143295
 148316.2049191109
 148061.510208198
 147819.1493815909
 147589.1224392894
 147371.4293812937
 147166.0702076036
 146973.0449182193
 146792.3535131407
 146623.9959923678
 146467.9723559006
 146324.2826037391
 146192.9267358833
 146073.9047523332
 145967.2166530888
 145872.8624381502
 145790.8421075172
 145721.15566119
 145663.8030991684
 145618.7844214526
 145586.0996280424
 145565.748718938
 145557.7316941393
 145562.0485536463
 145578.699297459
 145607.6839255774
 145649.0024380016
 145702.6548347314
 145768.6411157669
 145846.9612811082
 145937.6153307551
 146040.6032647078
 146155.9250829662
 146283.5807855302
 146423.5703724
 146575.8938435755
 146740.5511990567
 146917.5424388436
 147106.8675629362
 147308.5265713345
 147522.5194640386
 147748.8462410483
 147987.5069023638
 148238.5014479849
 148501.8298779118
 148777.4921921444
 149065.4883906826
 149365.8184735266
 149678.4824406763
 150003.4802921317
 150340.8120278929
 150690.4776479597
 151052.4771523322
 151426.8105410104
 151813.4778139944
 152212.478971284
 152623.8140128794
 153047.4829387804
 153483.4857489872
 153931.8224434997
 154392.4930223179
 154865.4974854418
 155350.8358328714
 155848.5080646067
 156358.5141806477
 156880.8541809944
 157415.5280656469
 157962.535834605
 158521.8774878689
 159093.5530254385
 159677.5624473137
 160273.9057534947
 160882.5829439814
 161503.5940187738
 162136.9389778719
 162782.6178212757
 163440.6305489852
 164110.9771610004
 164793.6576573214
 165488.672037948


# name: QUERY
# type: sq_string
# elements: 1
# length: 2
R3


# name: DATASIZE
# type: sq_string
# elements: 1
# length: 3
250


