# Created by Octave 4.0.0, Mon May 23 11:55:47 2016 CEST <peter@Independence>
# name: x
# type: matrix
# rows: 1
# columns: 100
 0.008333333333333333 0.008417508417508417 0.008501683501683501 0.008585858585858586 0.00867003367003367 0.008754208754208754 0.008838383838383838 0.008922558922558922 0.009006734006734006 0.00909090909090909 0.009175084175084175 0.009259259259259259 0.009343434343434343 0.009427609427609427 0.009511784511784511 0.009595959595959595 0.009680134680134679 0.009764309764309764 0.009848484848484848 0.009932659932659932 0.01001683501683502 0.0101010101010101 0.01018518518518518 0.01026936026936027 0.01035353535353535 0.01043771043771044 0.01052188552188552 0.0106060606060606 0.01069023569023569 0.01077441077441077 0.01085858585858586 0.01094276094276094 0.01102693602693603 0.01111111111111111 0.0111952861952862 0.01127946127946128 0.01136363636363636 0.01144781144781145 0.01153198653198653 0.01161616161616162 0.0117003367003367 0.01178451178451178 0.01186868686868687 0.01195286195286195 0.01203703703703704 0.01212121212121212 0.01220538720538721 0.01228956228956229 0.01237373737373737 0.01245791245791246 0.01254208754208754 0.01262626262626263 0.01271043771043771 0.01279461279461279 0.01287878787878788 0.01296296296296296 0.01304713804713805 0.01313131313131313 0.01321548821548822 0.0132996632996633 0.01338383838383838 0.01346801346801347 0.01355218855218855 0.01363636363636364 0.01372053872053872 0.0138047138047138 0.01388888888888889 0.01397306397306397 0.01405723905723906 0.01414141414141414 0.01422558922558922 0.01430976430976431 0.01439393939393939 0.01447811447811448 0.01456228956228956 0.01464646464646465 0.01473063973063973 0.01481481481481482 0.0148989898989899 0.01498316498316498 0.01506734006734007 0.01515151515151515 0.01523569023569023 0.01531986531986532 0.0154040404040404 0.01548821548821549 0.01557239057239057 0.01565656565656566 0.01574074074074074 0.01582491582491583 0.01590909090909091 0.01599326599326599 0.01607744107744108 0.01616161616161616 0.01624579124579124 0.01632996632996633 0.01641414141414142 0.0164983164983165 0.01658249158249158 0.01666666666666667


# name: y
# type: matrix
# rows: 100
# columns: 1
 172775.8558718024
 172606.5923096004
 172449.2290924179
 172303.1949157145
 172167.932529182
 172042.8987367444
 171927.564396558
 171821.4144210114
 171723.9477767253
 171634.6774845526
 171553.1306195787
 171478.8483111209
 171411.385742729
 171350.3121521849
 171295.2108315028
 171245.6791269291
 171201.3284389425
 171161.7842222537
 171126.6859858061
 171095.6872927748
 171068.4557605676
 171044.6730608242
 171024.0349194167
 171006.2511164495
 170991.045486259
 170978.1559174141
 170967.3343527158
 170958.3467891973
 170950.9732781241
 170945.0079249939
 170940.2588895368
 170936.5483857149
 170933.7126817226
 170931.6020999867
 170930.081017166
 170929.0278641517
 170928.3351260672
 170927.9093422681
 170927.6711063423
 170927.5550661099
 170927.5099236231
 170927.4984351666
 170927.4974112573
 170927.497716644
 170927.5042703082
 170927.5360454633
 170927.6260695551
 170927.8214242616
 170928.183245493
 170928.7867233918
 170929.7211023326
 170931.0896809225
 170933.0098120006
 170935.6129026384
 170939.0444141394
 170943.4638620396
 170949.044816107
 170955.9749003421
 170964.4557929775
 170974.7032264779
 170986.9469875405
 171001.4309170946
 171018.4129103018
 171038.1649165557
 171060.9729394824
 171087.1370369403
 171116.9713210196
 171150.8039580434
 171188.9771685664
 171231.8472273758
 171279.7844634913
 171333.1732601643
 171392.4120548788
 171457.9133393511
 171530.1036595294
 171609.4236155944
 171696.3278619589
 171791.2851072681
 171894.7781143993
 172007.3037004622
 172129.3727367983
 172261.5101489819
 172404.2549168193
 172558.1600743489
 172723.7927098415
 172901.7339658001
 173092.5790389599
 173296.9371802884
 173515.4316949853
 173748.6999424826
 173997.3933364445
 174262.1773447673
 174543.7314895797
 174842.7493472426
 175159.9385483491
 175496.0207777246
 175851.7317744268
 176227.8213317453
 176625.0532972024
 177044.2055725523


# name: QUERY
# type: sq_string
# elements: 1
# length: 2
R3


# name: DATASIZE
# type: sq_string
# elements: 1
# length: 3
250


