# Created by Octave 3.8.2, Wed May 18 09:23:50 2016 CEST <Andrea@Andreas-MacBook-Pro.local>
# name: x
# type: matrix
# rows: 1
# columns: 100
 0.008333333333333333 0.008417508417508417 0.008501683501683501 0.008585858585858586 0.00867003367003367 0.008754208754208754 0.008838383838383838 0.008922558922558922 0.009006734006734006 0.00909090909090909 0.009175084175084175 0.009259259259259259 0.009343434343434343 0.009427609427609427 0.009511784511784511 0.009595959595959595 0.009680134680134679 0.009764309764309764 0.009848484848484849 0.009932659932659932 0.01001683501683502 0.0101010101010101 0.01018518518518518 0.01026936026936027 0.01035353535353535 0.01043771043771044 0.01052188552188552 0.01060606060606061 0.01069023569023569 0.01077441077441077 0.01085858585858586 0.01094276094276094 0.01102693602693603 0.01111111111111111 0.0111952861952862 0.01127946127946128 0.01136363636363636 0.01144781144781145 0.01153198653198653 0.01161616161616162 0.0117003367003367 0.01178451178451178 0.01186868686868687 0.01195286195286195 0.01203703703703704 0.01212121212121212 0.01220538720538721 0.01228956228956229 0.01237373737373737 0.01245791245791246 0.01254208754208754 0.01262626262626263 0.01271043771043771 0.01279461279461279 0.01287878787878788 0.01296296296296296 0.01304713804713805 0.01313131313131313 0.01321548821548822 0.0132996632996633 0.01338383838383838 0.01346801346801347 0.01355218855218855 0.01363636363636364 0.01372053872053872 0.0138047138047138 0.01388888888888889 0.01397306397306397 0.01405723905723906 0.01414141414141414 0.01422558922558922 0.01430976430976431 0.01439393939393939 0.01447811447811448 0.01456228956228956 0.01464646464646465 0.01473063973063973 0.01481481481481481 0.0148989898989899 0.01498316498316498 0.01506734006734007 0.01515151515151515 0.01523569023569023 0.01531986531986532 0.0154040404040404 0.01548821548821549 0.01557239057239057 0.01565656565656566 0.01574074074074074 0.01582491582491583 0.01590909090909091 0.01599326599326599 0.01607744107744108 0.01616161616161616 0.01624579124579124 0.01632996632996633 0.01641414141414142 0.0164983164983165 0.01658249158249158 0.01666666666666667


# name: y
# type: matrix
# rows: 100
# columns: 1
 173107.1047515782
 172965.6667982003
 172833.4486382928
 172710.0406198014
 172595.0424002403
 172488.0629466926
 172388.7205358099
 172296.6427538127
 172211.4664964901
 172132.8379691998
 172060.4126868682
 171993.8554739906
 171932.8404646308
 171877.0511024214
 171826.1801405636
 171779.9296418273
 171738.0109785512
 171700.1448326425
 171666.0611955774
 171635.4993684004
 171608.2079617251
 171583.9448957334
 171562.4774001763
 171543.5820143731
 171527.044587212
 171512.6602771499
 171500.2335522124
 171489.5781899936
 171480.5172776566
 171472.883211933
 171466.517699123
 171461.2717550957
 171457.0057052889
 171453.589184709
 171450.9011379309
 171448.8298190986
 171447.2727919245
 171446.1369296897
 171445.3384152442
 171444.8027410066
 171444.4647089639
 171444.2684306724
 171444.1673272564
 171444.1241294095
 171444.1108773935
 171444.1089210394
 171444.1089197463
 171444.1108424825
 171444.1239677847
 171444.1668837585
 171444.267488078
 171444.4629879861
 171444.7999002944
 171445.334051383
 171446.1305772011
 171447.2639232662
 171448.8178446646
 171450.8854060515
 171453.5689816505
 171456.980255254
 171461.2402202231
 171466.4791794877
 171472.8367455463
 171480.461840466
 171489.5126958827
 171500.156853001
 171512.5711625942
 171526.9417850043
 171543.4641901417
 171562.3431574861
 171583.7927760852
 171608.036444556
 171635.3068710837
 171665.8460734226
 171699.9053788955
 171737.7454243938
 171779.6361563777
 171825.8568308762
 171876.6960134868
 171932.4515793758
 171993.4307132781
 172059.9499094974
 172132.3349719061
 172210.9210139452
 172296.0524586244
 172388.0830385223
 172487.3757957858
 172594.3030821308
 172709.2465588419
 172832.5971967721
 172964.7552763436
 173106.1303875466
 173257.1414299407
 173418.2166126538
 173589.7934543825
 173772.3187833921
 173966.2487375169
 174172.0487641593
 174390.193620291
 174621.1673724521


# name: QUERY
# type: sq_string
# elements: 1
# length: 2
R3


# name: DATASIZE
# type: sq_string
# elements: 1
# length: 3
250


