# Created by Octave 4.0.0, Mon May 23 11:55:47 2016 CEST <peter@Independence>
# name: x
# type: matrix
# rows: 1
# columns: 100
 0.008333333333333333 0.008417508417508417 0.008501683501683501 0.008585858585858586 0.00867003367003367 0.008754208754208754 0.008838383838383838 0.008922558922558922 0.009006734006734006 0.00909090909090909 0.009175084175084175 0.009259259259259259 0.009343434343434343 0.009427609427609427 0.009511784511784511 0.009595959595959595 0.009680134680134679 0.009764309764309764 0.009848484848484848 0.009932659932659932 0.01001683501683502 0.0101010101010101 0.01018518518518518 0.01026936026936027 0.01035353535353535 0.01043771043771044 0.01052188552188552 0.0106060606060606 0.01069023569023569 0.01077441077441077 0.01085858585858586 0.01094276094276094 0.01102693602693603 0.01111111111111111 0.0111952861952862 0.01127946127946128 0.01136363636363636 0.01144781144781145 0.01153198653198653 0.01161616161616162 0.0117003367003367 0.01178451178451178 0.01186868686868687 0.01195286195286195 0.01203703703703704 0.01212121212121212 0.01220538720538721 0.01228956228956229 0.01237373737373737 0.01245791245791246 0.01254208754208754 0.01262626262626263 0.01271043771043771 0.01279461279461279 0.01287878787878788 0.01296296296296296 0.01304713804713805 0.01313131313131313 0.01321548821548822 0.0132996632996633 0.01338383838383838 0.01346801346801347 0.01355218855218855 0.01363636363636364 0.01372053872053872 0.0138047138047138 0.01388888888888889 0.01397306397306397 0.01405723905723906 0.01414141414141414 0.01422558922558922 0.01430976430976431 0.01439393939393939 0.01447811447811448 0.01456228956228956 0.01464646464646465 0.01473063973063973 0.01481481481481482 0.0148989898989899 0.01498316498316498 0.01506734006734007 0.01515151515151515 0.01523569023569023 0.01531986531986532 0.0154040404040404 0.01548821548821549 0.01557239057239057 0.01565656565656566 0.01574074074074074 0.01582491582491583 0.01590909090909091 0.01599326599326599 0.01607744107744108 0.01616161616161616 0.01624579124579124 0.01632996632996633 0.01641414141414142 0.0164983164983165 0.01658249158249158 0.01666666666666667


# name: y
# type: matrix
# rows: 100
# columns: 1
 164826.9142358969
 164820.3934634474
 164814.6186607211
 164809.5199362524
 164805.0324292661
 164801.096062254
 164797.6552997926
 164794.6589136007
 164792.0597538365
 164789.8145266357
 164787.8835778898
 164786.2306832636
 164784.8228444541
 164783.6300916886
 164782.6252924636
 164781.7839665239
 164781.0841070808
 164780.5060082723
 164780.0320988617
 164779.6467821776
 164779.3362822935
 164779.0884964475
 164778.8928537027
 164778.7401798472
 164778.6225685345
 164778.5332586642
 164778.4665180029
 164778.4175330448
 164778.382305113
 164778.3575527007
 164778.3406200529
 164778.3293919877
 164778.3222149582
 164778.3178243547
 164778.3152780465
 164778.3138961645
 164778.3132071236
 164778.3128998853
 164778.3127824606
 164778.3127466532
 164778.3127390422
 164778.3127382062
 164778.3127381862
 164778.3127381895
 164778.3127385337
 164778.3127428306
 164778.3127664108
 164778.3128509876
 164778.3130855619
 164778.3136335666
 164778.3147662524
 164778.3169023116
 164778.3206537447
 164778.3268779647
 164778.3367361438
 164778.3517577981
 164778.3739116144
 164778.4056825161
 164778.4501549695
 164778.5111025301
 164778.5930836296
 164778.7015436025
 164778.8429229531
 164779.0247718631
 164779.2558709383
 164779.5463581966
 164779.9078622957
 164780.3536420008
 164780.8987318924
 164781.5600943154
 164782.3567775665
 164783.3100803235
 164784.4437223136
 164785.7840212226
 164787.3600758438
 164789.2039554674
 164791.35089551
 164793.839499384
 164796.7119466076
 164800.0142071545
 164803.7962620446
 164808.1123301736
 164813.0211013838
 164818.5859757751
 164824.8753092551
 164831.9626653308
 164839.9270731395
 164848.8532917199
 164858.8320805242
 164869.9604761692
 164882.3420754286
 164896.087324465
 164911.3138143019
 164928.1465825362
 164946.7184212908
 164967.1701914074
 164989.6511428794
 165014.3192415247
 165041.3415018996
 165070.8943264514


# name: QUERY
# type: sq_string
# elements: 1
# length: 2
R3


# name: DATASIZE
# type: sq_string
# elements: 1
# length: 3
250


