# Created by Octave 3.8.2, Wed May 18 09:23:50 2016 CEST <Andrea@Andreas-MacBook-Pro.local>
# name: x
# type: matrix
# rows: 1
# columns: 100
 0.008333333333333333 0.008417508417508417 0.008501683501683501 0.008585858585858586 0.00867003367003367 0.008754208754208754 0.008838383838383838 0.008922558922558922 0.009006734006734006 0.00909090909090909 0.009175084175084175 0.009259259259259259 0.009343434343434343 0.009427609427609427 0.009511784511784511 0.009595959595959595 0.009680134680134679 0.009764309764309764 0.009848484848484849 0.009932659932659932 0.01001683501683502 0.0101010101010101 0.01018518518518518 0.01026936026936027 0.01035353535353535 0.01043771043771044 0.01052188552188552 0.01060606060606061 0.01069023569023569 0.01077441077441077 0.01085858585858586 0.01094276094276094 0.01102693602693603 0.01111111111111111 0.0111952861952862 0.01127946127946128 0.01136363636363636 0.01144781144781145 0.01153198653198653 0.01161616161616162 0.0117003367003367 0.01178451178451178 0.01186868686868687 0.01195286195286195 0.01203703703703704 0.01212121212121212 0.01220538720538721 0.01228956228956229 0.01237373737373737 0.01245791245791246 0.01254208754208754 0.01262626262626263 0.01271043771043771 0.01279461279461279 0.01287878787878788 0.01296296296296296 0.01304713804713805 0.01313131313131313 0.01321548821548822 0.0132996632996633 0.01338383838383838 0.01346801346801347 0.01355218855218855 0.01363636363636364 0.01372053872053872 0.0138047138047138 0.01388888888888889 0.01397306397306397 0.01405723905723906 0.01414141414141414 0.01422558922558922 0.01430976430976431 0.01439393939393939 0.01447811447811448 0.01456228956228956 0.01464646464646465 0.01473063973063973 0.01481481481481481 0.0148989898989899 0.01498316498316498 0.01506734006734007 0.01515151515151515 0.01523569023569023 0.01531986531986532 0.0154040404040404 0.01548821548821549 0.01557239057239057 0.01565656565656566 0.01574074074074074 0.01582491582491583 0.01590909090909091 0.01599326599326599 0.01607744107744108 0.01616161616161616 0.01624579124579124 0.01632996632996633 0.01641414141414142 0.0164983164983165 0.01658249158249158 0.01666666666666667


# name: y
# type: matrix
# rows: 100
# columns: 1
 175516.1504214908
 175481.6388709115
 175450.794412245
 175423.298466374
 175398.8536785697
 175377.1829541186
 175358.0285163721
 175341.1509872241
 175326.3284900126
 175313.3557748477
 175302.0433663646
 175292.2167339027
 175283.71548411
 175276.392575973
 175270.1135582727
 175264.7558294651
 175260.2079199885
 175256.368796996
 175253.1471915127
 175250.4609480198
 175248.2363964635
 175246.4077466895
 175244.9165053034
 175243.7109149566
 175242.7454160574
 175241.9801309081
 175241.3803702675
 175240.9161623393
 175240.5618041852
 175240.2954355649
 175240.0986352001
 175239.9560394659
 175239.854983506
 175239.7851647746
 175239.7383290036
 175239.7079785953
 175239.6891034407
 175239.6779341632
 175239.6717177886
 175239.6685158395
 175239.6670248564
 175239.6664193437
 175239.6662171414
 175239.6661672229
 175239.6661599172
 175239.6661595582
 175239.6661595581
 175239.6661599078
 175239.6661671012
 175239.6662164871
 175239.6664170447
 175239.6670185861
 175239.6685013838
 175239.6716882236
 175239.6778788835
 175239.689007038
 175239.7078195878
 175239.7380784155
 175239.7847845666
 175239.8544248557
 175239.9552408992
 175240.0975205728
 175240.2939118949
 175240.5597593354
 175240.9134625503
 175241.3768575419
 175241.975620244
 175242.7396925339
 175243.7037306682
 175244.9075761461
 175246.3967489967
 175248.222963493
 175250.4446662906
 175253.1275969929
 175256.3453711408
 175260.180085629
 175264.7229465471
 175270.0749194468
 175276.3474020346
 175283.6629192896
 175292.1558410074
 175301.9731217696
 175313.2750633383
 175326.2360994769
 175341.0456031963
 175357.9087164257
 175377.047202111
 175398.7003187364
 175423.1257172736
 175450.6003605555
 175481.4214650755
 175515.9074652126
 175554.3989998825
 175597.2599216136
 175644.8783280483
 175697.6676158714
 175756.0675571624
 175820.545398174
 175891.5969805368
 175969.7478848884


# name: QUERY
# type: sq_string
# elements: 1
# length: 2
R3


# name: DATASIZE
# type: sq_string
# elements: 1
# length: 3
250


