# Created by Octave 3.8.2, Wed May 18 09:23:50 2016 CEST <Andrea@Andreas-MacBook-Pro.local>
# name: x
# type: matrix
# rows: 1
# columns: 100
 0.008333333333333333 0.008417508417508417 0.008501683501683501 0.008585858585858586 0.00867003367003367 0.008754208754208754 0.008838383838383838 0.008922558922558922 0.009006734006734006 0.00909090909090909 0.009175084175084175 0.009259259259259259 0.009343434343434343 0.009427609427609427 0.009511784511784511 0.009595959595959595 0.009680134680134679 0.009764309764309764 0.009848484848484849 0.009932659932659932 0.01001683501683502 0.0101010101010101 0.01018518518518518 0.01026936026936027 0.01035353535353535 0.01043771043771044 0.01052188552188552 0.01060606060606061 0.01069023569023569 0.01077441077441077 0.01085858585858586 0.01094276094276094 0.01102693602693603 0.01111111111111111 0.0111952861952862 0.01127946127946128 0.01136363636363636 0.01144781144781145 0.01153198653198653 0.01161616161616162 0.0117003367003367 0.01178451178451178 0.01186868686868687 0.01195286195286195 0.01203703703703704 0.01212121212121212 0.01220538720538721 0.01228956228956229 0.01237373737373737 0.01245791245791246 0.01254208754208754 0.01262626262626263 0.01271043771043771 0.01279461279461279 0.01287878787878788 0.01296296296296296 0.01304713804713805 0.01313131313131313 0.01321548821548822 0.0132996632996633 0.01338383838383838 0.01346801346801347 0.01355218855218855 0.01363636363636364 0.01372053872053872 0.0138047138047138 0.01388888888888889 0.01397306397306397 0.01405723905723906 0.01414141414141414 0.01422558922558922 0.01430976430976431 0.01439393939393939 0.01447811447811448 0.01456228956228956 0.01464646464646465 0.01473063973063973 0.01481481481481481 0.0148989898989899 0.01498316498316498 0.01506734006734007 0.01515151515151515 0.01523569023569023 0.01531986531986532 0.0154040404040404 0.01548821548821549 0.01557239057239057 0.01565656565656566 0.01574074074074074 0.01582491582491583 0.01590909090909091 0.01599326599326599 0.01607744107744108 0.01616161616161616 0.01624579124579124 0.01632996632996633 0.01641414141414142 0.0164983164983165 0.01658249158249158 0.01666666666666667


# name: y
# type: matrix
# rows: 100
# columns: 1
 146911.0015932393
 146792.7704950508
 146677.1665599951
 146564.1897880722
 146453.8401792822
 146346.1177336251
 146241.0224511008
 146138.5543317093
 146038.7133754507
 145941.4995823249
 145846.912952332
 145754.953485472
 145665.6211817447
 145578.9160411504
 145494.8380636888
 145413.3872493602
 145334.5635981643
 145258.3671101013
 145184.7977851712
 145113.8556233738
 145045.5406247095
 144979.8527891778
 144916.792116779
 144856.3586075131
 144798.5522613801
 144743.3730783798
 144690.8210585125
 144640.896201778
 144593.5985081763
 144548.9279777075
 144506.8846103715
 144467.4684061683
 144430.679365098
 144396.5174871606
 144364.982772356
 144336.0752206842
 144309.7948321453
 144286.1416067393
 144265.1155444661
 144246.7166453257
 144230.9449093182
 144217.8003364435
 144207.2829267016
 144199.3926800927
 144194.1295966165
 144191.4936762733
 144191.4849190628
 144194.1033249852
 144199.3488940404
 144207.2216262285
 144217.7215215495
 144230.8485800033
 144246.6028015899
 144264.9841863094
 144285.9927341617
 144309.6284451469
 144335.8913192649
 144364.7813565158
 144396.2985568995
 144430.4429204161
 144467.2144470655
 144506.6131368477
 144548.6389897629
 144593.2920058108
 144640.5721849916
 144690.4795273052
 144743.0140327517
 144798.1757013311
 144855.9645330432
 144916.3805278883
 144979.4236858661
 145045.0940069769
 145113.3914912204
 145184.3161385968
 145257.8679491061
 145334.0469227482
 145412.8530595232
 145494.2863594309
 145578.3468224716
 145665.0344486451
 145754.3492379514
 145846.2911903906
 145940.8603059627
 146038.0565846675
 146137.8800265052
 146240.3306314758
 146345.4083995793
 146453.1133308156
 146563.4454251846
 146676.4046826866
 146791.9911033214
 146910.204687089
 147031.0454339895
 147154.5133440229
 147280.608417189
 147409.3306534881
 147540.68005292
 147674.6566154847
 147811.2603411822
 147950.4912300127


# name: QUERY
# type: sq_string
# elements: 1
# length: 2
R3


# name: DATASIZE
# type: sq_string
# elements: 1
# length: 3
250


