# Created by Octave 4.0.0, Mon May 23 11:55:47 2016 CEST <peter@Independence>
# name: x
# type: matrix
# rows: 1
# columns: 100
 0.008333333333333333 0.008417508417508417 0.008501683501683501 0.008585858585858586 0.00867003367003367 0.008754208754208754 0.008838383838383838 0.008922558922558922 0.009006734006734006 0.00909090909090909 0.009175084175084175 0.009259259259259259 0.009343434343434343 0.009427609427609427 0.009511784511784511 0.009595959595959595 0.009680134680134679 0.009764309764309764 0.009848484848484848 0.009932659932659932 0.01001683501683502 0.0101010101010101 0.01018518518518518 0.01026936026936027 0.01035353535353535 0.01043771043771044 0.01052188552188552 0.0106060606060606 0.01069023569023569 0.01077441077441077 0.01085858585858586 0.01094276094276094 0.01102693602693603 0.01111111111111111 0.0111952861952862 0.01127946127946128 0.01136363636363636 0.01144781144781145 0.01153198653198653 0.01161616161616162 0.0117003367003367 0.01178451178451178 0.01186868686868687 0.01195286195286195 0.01203703703703704 0.01212121212121212 0.01220538720538721 0.01228956228956229 0.01237373737373737 0.01245791245791246 0.01254208754208754 0.01262626262626263 0.01271043771043771 0.01279461279461279 0.01287878787878788 0.01296296296296296 0.01304713804713805 0.01313131313131313 0.01321548821548822 0.0132996632996633 0.01338383838383838 0.01346801346801347 0.01355218855218855 0.01363636363636364 0.01372053872053872 0.0138047138047138 0.01388888888888889 0.01397306397306397 0.01405723905723906 0.01414141414141414 0.01422558922558922 0.01430976430976431 0.01439393939393939 0.01447811447811448 0.01456228956228956 0.01464646464646465 0.01473063973063973 0.01481481481481482 0.0148989898989899 0.01498316498316498 0.01506734006734007 0.01515151515151515 0.01523569023569023 0.01531986531986532 0.0154040404040404 0.01548821548821549 0.01557239057239057 0.01565656565656566 0.01574074074074074 0.01582491582491583 0.01590909090909091 0.01599326599326599 0.01607744107744108 0.01616161616161616 0.01624579124579124 0.01632996632996633 0.01641414141414142 0.0164983164983165 0.01658249158249158 0.01666666666666667


# name: y
# type: matrix
# rows: 100
# columns: 1
 157418.3091791368
 158139.304134708
 158826.0947524198
 159479.5122433991
 160100.3878187723
 160689.552689666
 161247.8380672068
 161776.0751625214
 162275.0951867363
 162745.7293509781
 163188.8088663734
 163605.1649440488
 163995.6287951308
 164361.0316307462
 164702.2046620214
 165019.979100083
 165315.1861560577
 165588.6570410721
 165841.2229662526
 166073.715142726
 166286.9647816188
 166481.8030940576
 166659.061291169
 166819.5705840796
 166964.1621839159
 167093.6673018046
 167208.9171488723
 167310.7429362455
 167399.9758750509
 167477.447176415
 167543.9880514644
 167600.4297113257
 167647.6033671256
 167686.3402299905
 167717.4715110472
 167741.8284214221
 167760.2421722419
 167773.5439746331
 167782.5650397224
 167788.1365786364
 167791.0898025015
 167792.2559224445
 167792.466149592
 167792.5516950704
 167793.3437700065
 167795.6735855267
 167800.3723527578
 167808.2712828261
 167820.2015868585
 167836.9944759815
 167859.4811613215
 167888.4928540054
 167924.8607651595
 167969.4161059106
 168022.9900873852
 168086.4139207099
 168160.5188170113
 168246.135987416
 168344.0966430506
 168455.2319950416
 168580.3732545157
 168720.3516325995
 168875.9983404195
 169048.1445891024
 169237.6215897746
 169445.260553563
 169671.8926915939
 169918.349214994
 170185.4613348899
 170474.0602624082
 170784.9772086755
 171119.0433848183
 171477.0900019633
 171859.9482712371
 172268.4494037662
 172703.4246106772
 173165.7051030968
 173656.1220921514
 174175.5067889678
 174724.6904046725
 175304.5041503921
 175915.7792372531
 176559.3468763822
 177236.0382789061
 177946.6846559511
 178692.117218644
 179473.1671781113
 180290.6657454797
 181145.4441318757
 182038.3335484259
 182970.1652062568
 183941.7703164953
 184953.9800902676
 186007.6257387006
 187103.5384729207
 188242.5495040547
 189425.4900432289
 190653.1913015701
 191926.4844902048
 193246.2008202596


# name: QUERY
# type: sq_string
# elements: 1
# length: 2
R3


# name: DATASIZE
# type: sq_string
# elements: 1
# length: 3
250


