# Created by Octave 3.8.2, Wed May 18 09:23:50 2016 CEST <Andrea@Andreas-MacBook-Pro.local>
# name: x
# type: matrix
# rows: 1
# columns: 100
 0.008333333333333333 0.008417508417508417 0.008501683501683501 0.008585858585858586 0.00867003367003367 0.008754208754208754 0.008838383838383838 0.008922558922558922 0.009006734006734006 0.00909090909090909 0.009175084175084175 0.009259259259259259 0.009343434343434343 0.009427609427609427 0.009511784511784511 0.009595959595959595 0.009680134680134679 0.009764309764309764 0.009848484848484849 0.009932659932659932 0.01001683501683502 0.0101010101010101 0.01018518518518518 0.01026936026936027 0.01035353535353535 0.01043771043771044 0.01052188552188552 0.01060606060606061 0.01069023569023569 0.01077441077441077 0.01085858585858586 0.01094276094276094 0.01102693602693603 0.01111111111111111 0.0111952861952862 0.01127946127946128 0.01136363636363636 0.01144781144781145 0.01153198653198653 0.01161616161616162 0.0117003367003367 0.01178451178451178 0.01186868686868687 0.01195286195286195 0.01203703703703704 0.01212121212121212 0.01220538720538721 0.01228956228956229 0.01237373737373737 0.01245791245791246 0.01254208754208754 0.01262626262626263 0.01271043771043771 0.01279461279461279 0.01287878787878788 0.01296296296296296 0.01304713804713805 0.01313131313131313 0.01321548821548822 0.0132996632996633 0.01338383838383838 0.01346801346801347 0.01355218855218855 0.01363636363636364 0.01372053872053872 0.0138047138047138 0.01388888888888889 0.01397306397306397 0.01405723905723906 0.01414141414141414 0.01422558922558922 0.01430976430976431 0.01439393939393939 0.01447811447811448 0.01456228956228956 0.01464646464646465 0.01473063973063973 0.01481481481481481 0.0148989898989899 0.01498316498316498 0.01506734006734007 0.01515151515151515 0.01523569023569023 0.01531986531986532 0.0154040404040404 0.01548821548821549 0.01557239057239057 0.01565656565656566 0.01574074074074074 0.01582491582491583 0.01590909090909091 0.01599326599326599 0.01607744107744108 0.01616161616161616 0.01624579124579124 0.01632996632996633 0.01641414141414142 0.0164983164983165 0.01658249158249158 0.01666666666666667


# name: y
# type: matrix
# rows: 100
# columns: 1
 185621.7534771303
 186583.2305532483
 187502.4549516911
 188380.3760997151
 189217.943424577
 190016.1063535334
 190775.8143138408
 191498.0167327559
 192183.6630375352
 192833.7026554352
 193449.0850137126
 194030.7595396239
 194579.6756604257
 195096.7828033746
 195583.0303957272
 196039.3678647401
 196466.7446376698
 196866.1101417728
 197238.4138043059
 197584.6050525255
 197905.6333136883
 198202.4480150508
 198475.9985838696
 198727.2344474013
 198957.1050329024
 199166.5597676296
 199356.5480788394
 199528.0193937884
 199681.9231397331
 199819.2087439302
 199940.8256336363
 200047.7232361078
 200140.8509786015
 200221.1582883738
 200289.5945926813
 200347.1093187807
 200394.6518939285
 200433.1717453812
 200463.6183003955
 200486.940986228
 200504.0892301351
 200516.0124593736
 200523.6601011999
 200527.9815828707
 200529.9263316425
 200530.443774772
 200530.4833395156
 200530.99445313
 200532.9265428717
 200537.2290359974
 200544.8513597635
 200556.7429414268
 200573.8532082437
 200597.1315874708
 200627.5275063648
 200665.9903921822
 200713.4696721795
 200770.9147736134
 200839.2751237404
 200919.5001498171
 201012.5392791002
 201119.341938846
 201240.8575563114
 201378.0355587528
 201531.8253734267
 201703.1764275899
 201893.0381484988
 202102.3599634101
 202332.0912995802
 202583.1815842659
 202856.5802447237
 203153.2367082101
 203474.1004019817
 203820.1207532952
 204192.247189407
 204591.4291375739
 205018.6160250522
 205474.7572790987
 205960.8023269699
 206477.7005959224
 207026.4015132128
 207607.8545060976
 208223.0090018334
 208872.8144276768
 209558.2202108844
 210280.1757787127
 211039.6305584184
 211837.533977258
 212674.8354624881
 213552.4844413653
 214471.4303411461
 215432.6225890871
 216437.010612445
 217485.5438384762
 218579.1716944374
 219718.8436075852
 220905.509005176
 222140.1173144666
 223423.6179627134
 224756.9603771732


# name: QUERY
# type: sq_string
# elements: 1
# length: 2
R3


# name: DATASIZE
# type: sq_string
# elements: 1
# length: 3
250


