# Created by Octave 3.8.2, Wed May 18 09:23:50 2016 CEST <Andrea@Andreas-MacBook-Pro.local>
# name: x
# type: matrix
# rows: 1
# columns: 100
 0.008333333333333333 0.008417508417508417 0.008501683501683501 0.008585858585858586 0.00867003367003367 0.008754208754208754 0.008838383838383838 0.008922558922558922 0.009006734006734006 0.00909090909090909 0.009175084175084175 0.009259259259259259 0.009343434343434343 0.009427609427609427 0.009511784511784511 0.009595959595959595 0.009680134680134679 0.009764309764309764 0.009848484848484849 0.009932659932659932 0.01001683501683502 0.0101010101010101 0.01018518518518518 0.01026936026936027 0.01035353535353535 0.01043771043771044 0.01052188552188552 0.01060606060606061 0.01069023569023569 0.01077441077441077 0.01085858585858586 0.01094276094276094 0.01102693602693603 0.01111111111111111 0.0111952861952862 0.01127946127946128 0.01136363636363636 0.01144781144781145 0.01153198653198653 0.01161616161616162 0.0117003367003367 0.01178451178451178 0.01186868686868687 0.01195286195286195 0.01203703703703704 0.01212121212121212 0.01220538720538721 0.01228956228956229 0.01237373737373737 0.01245791245791246 0.01254208754208754 0.01262626262626263 0.01271043771043771 0.01279461279461279 0.01287878787878788 0.01296296296296296 0.01304713804713805 0.01313131313131313 0.01321548821548822 0.0132996632996633 0.01338383838383838 0.01346801346801347 0.01355218855218855 0.01363636363636364 0.01372053872053872 0.0138047138047138 0.01388888888888889 0.01397306397306397 0.01405723905723906 0.01414141414141414 0.01422558922558922 0.01430976430976431 0.01439393939393939 0.01447811447811448 0.01456228956228956 0.01464646464646465 0.01473063973063973 0.01481481481481481 0.0148989898989899 0.01498316498316498 0.01506734006734007 0.01515151515151515 0.01523569023569023 0.01531986531986532 0.0154040404040404 0.01548821548821549 0.01557239057239057 0.01565656565656566 0.01574074074074074 0.01582491582491583 0.01590909090909091 0.01599326599326599 0.01607744107744108 0.01616161616161616 0.01624579124579124 0.01632996632996633 0.01641414141414142 0.0164983164983165 0.01658249158249158 0.01666666666666667


# name: y
# type: matrix
# rows: 1
# columns: 100
 211768.2372591771 212200.0438781486 212631.8504971201 213063.6571160917 213495.4637350632 213927.2703540347 214359.0769730062 214790.8835919778 215222.6902109493 215654.4968299208 216086.3034488923 216518.1100678638 216949.9166868353 217381.7233058069 217813.5299247784 218245.3365437499 218677.1431627214 219108.949781693 219540.7564006645 219972.563019636 220404.3696386075 220836.176257579 221267.9828765506 221699.7894955221 222131.5961144936 222563.4027334651 222995.2093524366 223427.0159714082 223858.8225903797 224290.6292093512 224722.4358283227 225154.2424472942 225586.0490662658 226017.8556852373 226449.6623042088 226881.4689231803 227313.2755421518 227745.0821611233 228176.8887800949 228608.6953990664 229040.5020180379 229472.3086370094 229904.115255981 230335.9218749525 230767.728493924 231199.5351128955 231631.341731867 232063.1483508385 232494.9549698101 232926.7615887816 233358.5682077531 233790.3748267246 234222.1814456962 234653.9880646677 235085.7946836392 235517.6013026107 235949.4079215822 236381.2145405537 236813.0211595253 237244.8277784968 237676.6343974683 238108.4410164398 238540.2476354114 238972.0542543829 239403.8608733544 239835.6674923259 240267.4741112974 240699.2807302689 241131.0873492405 241562.893968212 241994.7005871835 242426.507206155 242858.3138251266 243290.1204440981 243721.9270630696 244153.7336820411 244585.5403010126 245017.3469199841 245449.1535389557 245880.9601579272 246312.7667768987 246744.5733958702 247176.3800148418 247608.1866338133 248039.9932527848 248471.7998717563 248903.6064907278 249335.4131096994 249767.2197286709 250199.0263476424 250630.8329666139 251062.6395855854 251494.446204557 251926.2528235285 252358.0594425 252789.8660614715 253221.672680443 253653.4792994146 254085.2859183861 254517.0925373576


# name: QUERY
# type: sq_string
# elements: 1
# length: 2
R3


# name: DATASIZE
# type: sq_string
# elements: 1
# length: 3
250


