# Created by Octave 4.0.0, Sun May 22 18:35:18 2016 CEST <peter@Independence>
# name: x
# type: matrix
# rows: 1
# columns: 100
 60 60.60606060606061 61.21212121212121 61.81818181818181 62.42424242424242 63.03030303030303 63.63636363636363 64.24242424242425 64.84848484848484 65.45454545454545 66.06060606060606 66.66666666666666 67.27272727272727 67.87878787878788 68.48484848484848 69.09090909090909 69.6969696969697 70.3030303030303 70.90909090909091 71.51515151515152 72.12121212121212 72.72727272727272 73.33333333333333 73.93939393939394 74.54545454545455 75.15151515151516 75.75757575757575 76.36363636363636 76.96969696969697 77.57575757575758 78.18181818181819 78.78787878787878 79.39393939393939 80 80.60606060606061 81.21212121212122 81.81818181818183 82.42424242424242 83.03030303030303 83.63636363636364 84.24242424242425 84.84848484848484 85.45454545454545 86.06060606060606 86.66666666666667 87.27272727272728 87.87878787878788 88.48484848484848 89.09090909090909 89.6969696969697 90.3030303030303 90.90909090909091 91.51515151515152 92.12121212121212 92.72727272727273 93.33333333333334 93.93939393939394 94.54545454545455 95.15151515151516 95.75757575757576 96.36363636363637 96.96969696969697 97.57575757575758 98.18181818181819 98.7878787878788 99.39393939393941 100 100.6060606060606 101.2121212121212 101.8181818181818 102.4242424242424 103.030303030303 103.6363636363636 104.2424242424242 104.8484848484848 105.4545454545455 106.0606060606061 106.6666666666667 107.2727272727273 107.8787878787879 108.4848484848485 109.0909090909091 109.6969696969697 110.3030303030303 110.9090909090909 111.5151515151515 112.1212121212121 112.7272727272727 113.3333333333333 113.9393939393939 114.5454545454546 115.1515151515152 115.7575757575758 116.3636363636364 116.969696969697 117.5757575757576 118.1818181818182 118.7878787878788 119.3939393939394 120


# name: y
# type: matrix
# rows: 100
# columns: 1
 1510980.567947358
 1512450.687585234
 1514093.933115469
 1515911.000761982
 1517902.443060753
 1520068.666772061
 1522409.930962721
 1524926.345263012
 1527617.86830268
 1530484.306330188
 1533525.31201905
 1536740.383464831
 1540128.863376072
 1543689.938462092
 1547422.639020314
 1551325.838725405
 1555398.254622207
 1559638.447324101
 1564044.821418061
 1568615.626077353
 1573348.955882429
 1578242.751850244
 1583294.802671829
 1588502.746157606
 1593864.070889562
 1599376.118079015
 1605036.083628363
 1610841.020394813
 1616787.840653746
 1622873.318758987
 1629094.093996922
 1635446.673631009
 1641927.436132923
 1648532.6345962
 1655258.400327913
 1662100.746613607
 1669055.572650363
 1676118.667642572
 1683285.715054699
 1690552.297015001
 1697913.898863905
 1705365.913840482
 1712903.647900166
 1720522.324656664
 1728217.090440733
 1735983.019468312
 1743815.119110274
 1751708.335255884
 1759657.557761877
 1767657.625978902
 1775703.33434695
 1783789.438051261
 1791910.658730072
 1800061.690225509
 1808237.204368834
 1816431.856791205
 1824640.292751063
 1832857.152969252
 1841077.079462957
 1849294.721369564
 1857504.740751592
 1865701.81837386
 1873880.659444156
 1882035.999308734
 1890162.609094063
 1898255.301286386
 1906308.935240756
 1914318.422611379
 1922278.73269526
 1930184.897681302
 1938032.01779724
 1945815.266346958
 1953529.894630997
 1961171.236743262
 1968734.714237206
 1976215.840655021
 1983610.225913632
 1990913.580541582
 1998121.71976117
 2005230.567410523
 2012236.159700581
 2019134.648802295
 2025922.306259667
 2032595.526224565
 2039150.828509648
 2045584.861455977
 2051894.404612349
 2058076.371223631
 2064127.810525816
 2070045.909845801
 2075827.996504297
 2081471.539520606
 2086974.15111836
 2092333.588031676
 2097547.752611525
 2102614.693732474
 2107532.607500277
 2112299.837761168
 2116914.87641402
 2121376.363526861


# name: QUERY
# type: sq_string
# elements: 1
# length: 2
R4


# name: DATASIZE
# type: sq_string
# elements: 1
# length: 4
1000


