# Created by Octave 4.0.0, Wed May 18 23:38:19 2016 CEST <peter@Independence>
# name: x
# type: matrix
# rows: 1
# columns: 100
 60 60.60606060606061 61.21212121212121 61.81818181818181 62.42424242424242 63.03030303030303 63.63636363636363 64.24242424242425 64.84848484848484 65.45454545454545 66.06060606060606 66.66666666666666 67.27272727272727 67.87878787878788 68.48484848484848 69.09090909090909 69.6969696969697 70.3030303030303 70.90909090909091 71.51515151515152 72.12121212121212 72.72727272727272 73.33333333333333 73.93939393939394 74.54545454545455 75.15151515151516 75.75757575757575 76.36363636363636 76.96969696969697 77.57575757575758 78.18181818181819 78.78787878787878 79.39393939393939 80 80.60606060606061 81.21212121212122 81.81818181818183 82.42424242424242 83.03030303030303 83.63636363636364 84.24242424242425 84.84848484848484 85.45454545454545 86.06060606060606 86.66666666666667 87.27272727272728 87.87878787878788 88.48484848484848 89.09090909090909 89.6969696969697 90.3030303030303 90.90909090909091 91.51515151515152 92.12121212121212 92.72727272727273 93.33333333333334 93.93939393939394 94.54545454545455 95.15151515151516 95.75757575757576 96.36363636363637 96.96969696969697 97.57575757575758 98.18181818181819 98.7878787878788 99.39393939393941 100 100.6060606060606 101.2121212121212 101.8181818181818 102.4242424242424 103.030303030303 103.6363636363636 104.2424242424242 104.8484848484848 105.4545454545455 106.0606060606061 106.6666666666667 107.2727272727273 107.8787878787879 108.4848484848485 109.0909090909091 109.6969696969697 110.3030303030303 110.9090909090909 111.5151515151515 112.1212121212121 112.7272727272727 113.3333333333333 113.9393939393939 114.5454545454546 115.1515151515152 115.7575757575758 116.3636363636364 116.969696969697 117.5757575757576 118.1818181818182 118.7878787878788 119.3939393939394 120


# name: y
# type: matrix
# rows: 100
# columns: 1
 1414224.689307039
 1416617.408631631
 1419219.828078851
 1422032.476402438
 1425055.709407412
 1428289.707764673
 1431734.47502722
 1435389.83585304
 1439255.434439378
 1443330.73317284
 1447615.011499419
 1452107.365018184
 1456806.704802072
 1461711.756948823
 1466821.062364743
 1472132.976783612
 1477645.671022666
 1483357.131477197
 1489265.160854899
 1495367.37915073
 1501661.224862599
 1508143.956447823
 1514812.654019875
 1521664.2212845
 1528695.387713922
 1535902.710957374
 1543282.579485849
 1550831.21546848
 1558544.67787761
 1566418.86581916
 1574449.52208453
 1582632.23691986
 1590962.452008066
 1599435.464658734
 1608046.432200513
 1616790.376570328
 1625662.189093349
 1634656.635447329
 1643768.360804539
 1652991.895144264
 1662321.658728454
 1671751.967732866
 1681277.040025712
 1690891.001085586
 1700587.890050163
 1710361.66588694
 1720206.213677043
 1730115.351002942
 1740082.834430704
 1750102.366077246
 1760167.600252906
 1770272.150169495
 1780409.594703896
 1790573.485207152
 1800757.35234893
 1810954.712987176
 1821159.077052732
 1831363.954438669
 1841562.861884098
 1851749.329842207
 1861916.909322368
 1872059.17869614
 1882169.750457141
 1892242.277924804
 1902270.461882188
 1912248.057138106
 1922168.879004033
 1932026.809676372
 1941815.80451489
 1951529.898208308
 1961163.210818269
 1970709.953693121
 1980164.435243243
 1989521.066569864
 1998774.366939629
 2007918.969097475
 2016949.624410649
 2025861.207837053
 2034648.722711424
 2043307.305343183
 2051832.229420169
 2060218.9102128
 2068462.908573603
 2076559.93472741
 2084505.851847922
 2092296.679416701
 2099928.596361081
 2107397.943967856
 2114701.228570031
 2121835.124004296
 2128796.473837315
 2135582.293359326
 2142189.77134392
 2148616.271573323
 2154859.334128864
 2160916.676446736
 2166786.194139541
 2172465.961584509
 2177954.232279668
 2183249.438969602


# name: QUERY
# type: sq_string
# elements: 1
# length: 2
R4


# name: DATASIZE
# type: sq_string
# elements: 1
# length: 4
1000


