# Created by Octave 4.0.0, Wed May 18 23:38:19 2016 CEST <peter@Independence>
# name: x
# type: matrix
# rows: 1
# columns: 100
 60 60.60606060606061 61.21212121212121 61.81818181818181 62.42424242424242 63.03030303030303 63.63636363636363 64.24242424242425 64.84848484848484 65.45454545454545 66.06060606060606 66.66666666666666 67.27272727272727 67.87878787878788 68.48484848484848 69.09090909090909 69.6969696969697 70.3030303030303 70.90909090909091 71.51515151515152 72.12121212121212 72.72727272727272 73.33333333333333 73.93939393939394 74.54545454545455 75.15151515151516 75.75757575757575 76.36363636363636 76.96969696969697 77.57575757575758 78.18181818181819 78.78787878787878 79.39393939393939 80 80.60606060606061 81.21212121212122 81.81818181818183 82.42424242424242 83.03030303030303 83.63636363636364 84.24242424242425 84.84848484848484 85.45454545454545 86.06060606060606 86.66666666666667 87.27272727272728 87.87878787878788 88.48484848484848 89.09090909090909 89.6969696969697 90.3030303030303 90.90909090909091 91.51515151515152 92.12121212121212 92.72727272727273 93.33333333333334 93.93939393939394 94.54545454545455 95.15151515151516 95.75757575757576 96.36363636363637 96.96969696969697 97.57575757575758 98.18181818181819 98.7878787878788 99.39393939393941 100 100.6060606060606 101.2121212121212 101.8181818181818 102.4242424242424 103.030303030303 103.6363636363636 104.2424242424242 104.8484848484848 105.4545454545455 106.0606060606061 106.6666666666667 107.2727272727273 107.8787878787879 108.4848484848485 109.0909090909091 109.6969696969697 110.3030303030303 110.9090909090909 111.5151515151515 112.1212121212121 112.7272727272727 113.3333333333333 113.9393939393939 114.5454545454546 115.1515151515152 115.7575757575758 116.3636363636364 116.969696969697 117.5757575757576 118.1818181818182 118.7878787878788 119.3939393939394 120


# name: y
# type: matrix
# rows: 100
# columns: 1
 1805990.652454756
 1804561.61852069
 1803132.584586623
 1801703.550652557
 1800274.51671849
 1798845.482784423
 1797416.448850357
 1795987.41491629
 1794558.380982224
 1793129.347048157
 1791700.313114091
 1790271.279180024
 1788842.245245958
 1787413.211311891
 1785984.177377824
 1784555.143443757
 1783126.109509691
 1781697.075575625
 1780268.041641558
 1778839.007707492
 1777409.973773425
 1775980.939839359
 1774551.905905292
 1773122.871971226
 1771693.838037159
 1770264.804103092
 1768835.770169026
 1767406.736234959
 1765977.702300892
 1764548.668366826
 1763119.63443276
 1761690.600498693
 1760261.566564626
 1758832.53263056
 1757403.498696493
 1755974.464762427
 1754545.43082836
 1753116.396894294
 1751687.362960227
 1750258.329026161
 1748829.295092094
 1747400.261158027
 1745971.227223961
 1744542.193289894
 1743113.159355828
 1741684.125421761
 1740255.091487695
 1738826.057553628
 1737397.023619561
 1735967.989685495
 1734538.955751428
 1733109.921817362
 1731680.887883295
 1730251.853949229
 1728822.820015162
 1727393.786081095
 1725964.752147029
 1724535.718212962
 1723106.684278896
 1721677.650344829
 1720248.616410763
 1718819.582476696
 1717390.548542629
 1715961.514608563
 1714532.480674496
 1713103.44674043
 1711674.412806363
 1710245.378872297
 1708816.34493823
 1707387.311004163
 1705958.277070097
 1704529.243136031
 1703100.209201964
 1701671.175267897
 1700242.141333831
 1698813.107399764
 1697384.073465698
 1695955.039531631
 1694526.005597565
 1693096.971663498
 1691667.937729432
 1690238.903795365
 1688809.869861299
 1687380.835927232
 1685951.801993165
 1684522.768059099
 1683093.734125032
 1681664.700190966
 1680235.666256899
 1678806.632322833
 1677377.598388765
 1675948.564454699
 1674519.530520633
 1673090.496586566
 1671661.462652499
 1670232.428718433
 1668803.394784366
 1667374.3608503
 1665945.326916234
 1664516.292982167


# name: QUERY
# type: sq_string
# elements: 1
# length: 2
R4


# name: DATASIZE
# type: sq_string
# elements: 1
# length: 4
1000


