# Created by Octave 4.0.0, Sun May 22 18:35:18 2016 CEST <peter@Independence>
# name: x
# type: matrix
# rows: 1
# columns: 100
 60 60.60606060606061 61.21212121212121 61.81818181818181 62.42424242424242 63.03030303030303 63.63636363636363 64.24242424242425 64.84848484848484 65.45454545454545 66.06060606060606 66.66666666666666 67.27272727272727 67.87878787878788 68.48484848484848 69.09090909090909 69.6969696969697 70.3030303030303 70.90909090909091 71.51515151515152 72.12121212121212 72.72727272727272 73.33333333333333 73.93939393939394 74.54545454545455 75.15151515151516 75.75757575757575 76.36363636363636 76.96969696969697 77.57575757575758 78.18181818181819 78.78787878787878 79.39393939393939 80 80.60606060606061 81.21212121212122 81.81818181818183 82.42424242424242 83.03030303030303 83.63636363636364 84.24242424242425 84.84848484848484 85.45454545454545 86.06060606060606 86.66666666666667 87.27272727272728 87.87878787878788 88.48484848484848 89.09090909090909 89.6969696969697 90.3030303030303 90.90909090909091 91.51515151515152 92.12121212121212 92.72727272727273 93.33333333333334 93.93939393939394 94.54545454545455 95.15151515151516 95.75757575757576 96.36363636363637 96.96969696969697 97.57575757575758 98.18181818181819 98.7878787878788 99.39393939393941 100 100.6060606060606 101.2121212121212 101.8181818181818 102.4242424242424 103.030303030303 103.6363636363636 104.2424242424242 104.8484848484848 105.4545454545455 106.0606060606061 106.6666666666667 107.2727272727273 107.8787878787879 108.4848484848485 109.0909090909091 109.6969696969697 110.3030303030303 110.9090909090909 111.5151515151515 112.1212121212121 112.7272727272727 113.3333333333333 113.9393939393939 114.5454545454546 115.1515151515152 115.7575757575758 116.3636363636364 116.969696969697 117.5757575757576 118.1818181818182 118.7878787878788 119.3939393939394 120


# name: y
# type: matrix
# rows: 100
# columns: 1
 1818014.495574467
 1816387.701292193
 1814760.907009919
 1813134.112727645
 1811507.318445371
 1809880.524163098
 1808253.729880824
 1806626.93559855
 1805000.141316276
 1803373.347034002
 1801746.552751728
 1800119.758469454
 1798492.96418718
 1796866.169904907
 1795239.375622632
 1793612.581340359
 1791985.787058085
 1790358.992775811
 1788732.198493537
 1787105.404211263
 1785478.609928989
 1783851.815646715
 1782225.021364441
 1780598.227082168
 1778971.432799894
 1777344.63851762
 1775717.844235346
 1774091.049953072
 1772464.255670798
 1770837.461388524
 1769210.66710625
 1767583.872823976
 1765957.078541703
 1764330.284259429
 1762703.489977155
 1761076.695694881
 1759449.901412607
 1757823.107130333
 1756196.312848059
 1754569.518565785
 1752942.724283511
 1751315.930001237
 1749689.135718964
 1748062.34143669
 1746435.547154416
 1744808.752872142
 1743181.958589868
 1741555.164307594
 1739928.37002532
 1738301.575743046
 1736674.781460773
 1735047.987178499
 1733421.192896225
 1731794.398613951
 1730167.604331677
 1728540.810049403
 1726914.015767129
 1725287.221484855
 1723660.427202581
 1722033.632920307
 1720406.838638033
 1718780.044355759
 1717153.250073486
 1715526.455791212
 1713899.661508938
 1712272.867226664
 1710646.07294439
 1709019.278662116
 1707392.484379843
 1705765.690097569
 1704138.895815294
 1702512.101533021
 1700885.307250747
 1699258.512968473
 1697631.718686199
 1696004.924403925
 1694378.130121651
 1692751.335839377
 1691124.541557104
 1689497.74727483
 1687870.952992556
 1686244.158710282
 1684617.364428008
 1682990.570145734
 1681363.77586346
 1679736.981581186
 1678110.187298913
 1676483.393016638
 1674856.598734365
 1673229.804452091
 1671603.010169817
 1669976.215887543
 1668349.421605269
 1666722.627322995
 1665095.833040721
 1663469.038758447
 1661842.244476174
 1660215.450193899
 1658588.655911626
 1656961.861629352


# name: QUERY
# type: sq_string
# elements: 1
# length: 2
R4


# name: DATASIZE
# type: sq_string
# elements: 1
# length: 4
1000


