# Created by Octave 4.0.0, Wed May 18 23:38:19 2016 CEST <peter@Independence>
# name: x
# type: matrix
# rows: 1
# columns: 100
 60 60.60606060606061 61.21212121212121 61.81818181818181 62.42424242424242 63.03030303030303 63.63636363636363 64.24242424242425 64.84848484848484 65.45454545454545 66.06060606060606 66.66666666666666 67.27272727272727 67.87878787878788 68.48484848484848 69.09090909090909 69.6969696969697 70.3030303030303 70.90909090909091 71.51515151515152 72.12121212121212 72.72727272727272 73.33333333333333 73.93939393939394 74.54545454545455 75.15151515151516 75.75757575757575 76.36363636363636 76.96969696969697 77.57575757575758 78.18181818181819 78.78787878787878 79.39393939393939 80 80.60606060606061 81.21212121212122 81.81818181818183 82.42424242424242 83.03030303030303 83.63636363636364 84.24242424242425 84.84848484848484 85.45454545454545 86.06060606060606 86.66666666666667 87.27272727272728 87.87878787878788 88.48484848484848 89.09090909090909 89.6969696969697 90.3030303030303 90.90909090909091 91.51515151515152 92.12121212121212 92.72727272727273 93.33333333333334 93.93939393939394 94.54545454545455 95.15151515151516 95.75757575757576 96.36363636363637 96.96969696969697 97.57575757575758 98.18181818181819 98.7878787878788 99.39393939393941 100 100.6060606060606 101.2121212121212 101.8181818181818 102.4242424242424 103.030303030303 103.6363636363636 104.2424242424242 104.8484848484848 105.4545454545455 106.0606060606061 106.6666666666667 107.2727272727273 107.8787878787879 108.4848484848485 109.0909090909091 109.6969696969697 110.3030303030303 110.9090909090909 111.5151515151515 112.1212121212121 112.7272727272727 113.3333333333333 113.9393939393939 114.5454545454546 115.1515151515152 115.7575757575758 116.3636363636364 116.969696969697 117.5757575757576 118.1818181818182 118.7878787878788 119.3939393939394 120


# name: y
# type: matrix
# rows: 1
# columns: 100
 1893379.347704725 1890030.119748131 1886680.891791538 1883331.663834944 1879982.43587835 1876633.207921756 1873283.979965163 1869934.752008569 1866585.524051975 1863236.296095381 1859887.068138788 1856537.840182194 1853188.612225601 1849839.384269007 1846490.156312413 1843140.928355819 1839791.700399226 1836442.472442632 1833093.244486038 1829744.016529444 1826394.788572851 1823045.560616257 1819696.332659663 1816347.10470307 1812997.876746476 1809648.648789882 1806299.420833288 1802950.192876695 1799600.964920101 1796251.736963507 1792902.509006914 1789553.28105032 1786204.053093726 1782854.825137132 1779505.597180539 1776156.369223945 1772807.141267351 1769457.913310758 1766108.685354164 1762759.45739757 1759410.229440976 1756061.001484383 1752711.773527789 1749362.545571195 1746013.317614601 1742664.089658008 1739314.861701414 1735965.63374482 1732616.405788227 1729267.177831633 1725917.949875039 1722568.721918446 1719219.493961852 1715870.266005258 1712521.038048664 1709171.810092071 1705822.582135477 1702473.354178883 1699124.12622229 1695774.898265696 1692425.670309102 1689076.442352508 1685727.214395915 1682377.986439321 1679028.758482727 1675679.530526133 1672330.30256954 1668981.074612946 1665631.846656352 1662282.618699759 1658933.390743165 1655584.162786571 1652234.934829978 1648885.706873384 1645536.47891679 1642187.250960196 1638838.023003603 1635488.795047009 1632139.567090415 1628790.339133821 1625441.111177228 1622091.883220634 1618742.65526404 1615393.427307447 1612044.199350853 1608694.971394259 1605345.743437666 1601996.515481072 1598647.287524478 1595298.059567884 1591948.831611291 1588599.603654697 1585250.375698103 1581901.14774151 1578551.919784916 1575202.691828322 1571853.463871728 1568504.235915135 1565155.007958541 1561805.780001947


# name: QUERY
# type: sq_string
# elements: 1
# length: 2
R4


# name: DATASIZE
# type: sq_string
# elements: 1
# length: 4
1000


