# Created by Octave 4.0.0, Sun May 22 18:35:18 2016 CEST <peter@Independence>
# name: x
# type: matrix
# rows: 1
# columns: 100
 60 60.60606060606061 61.21212121212121 61.81818181818181 62.42424242424242 63.03030303030303 63.63636363636363 64.24242424242425 64.84848484848484 65.45454545454545 66.06060606060606 66.66666666666666 67.27272727272727 67.87878787878788 68.48484848484848 69.09090909090909 69.6969696969697 70.3030303030303 70.90909090909091 71.51515151515152 72.12121212121212 72.72727272727272 73.33333333333333 73.93939393939394 74.54545454545455 75.15151515151516 75.75757575757575 76.36363636363636 76.96969696969697 77.57575757575758 78.18181818181819 78.78787878787878 79.39393939393939 80 80.60606060606061 81.21212121212122 81.81818181818183 82.42424242424242 83.03030303030303 83.63636363636364 84.24242424242425 84.84848484848484 85.45454545454545 86.06060606060606 86.66666666666667 87.27272727272728 87.87878787878788 88.48484848484848 89.09090909090909 89.6969696969697 90.3030303030303 90.90909090909091 91.51515151515152 92.12121212121212 92.72727272727273 93.33333333333334 93.93939393939394 94.54545454545455 95.15151515151516 95.75757575757576 96.36363636363637 96.96969696969697 97.57575757575758 98.18181818181819 98.7878787878788 99.39393939393941 100 100.6060606060606 101.2121212121212 101.8181818181818 102.4242424242424 103.030303030303 103.6363636363636 104.2424242424242 104.8484848484848 105.4545454545455 106.0606060606061 106.6666666666667 107.2727272727273 107.8787878787879 108.4848484848485 109.0909090909091 109.6969696969697 110.3030303030303 110.9090909090909 111.5151515151515 112.1212121212121 112.7272727272727 113.3333333333333 113.9393939393939 114.5454545454546 115.1515151515152 115.7575757575758 116.3636363636364 116.969696969697 117.5757575757576 118.1818181818182 118.7878787878788 119.3939393939394 120


# name: y
# type: matrix
# rows: 1
# columns: 100
 2029432.431915018 2023132.132275394 2016831.83263577 2010531.532996146 2004231.233356522 1997930.933716898 1991630.634077274 1985330.33443765 1979030.034798026 1972729.735158402 1966429.435518778 1960129.135879154 1953828.83623953 1947528.536599906 1941228.236960282 1934927.937320658 1928627.637681034 1922327.33804141 1916027.038401786 1909726.738762162 1903426.439122538 1897126.139482914 1890825.83984329 1884525.540203666 1878225.240564042 1871924.940924418 1865624.641284794 1859324.34164517 1853024.042005546 1846723.742365922 1840423.442726298 1834123.143086674 1827822.84344705 1821522.543807426 1815222.244167802 1808921.944528178 1802621.644888554 1796321.34524893 1790021.045609306 1783720.745969682 1777420.446330058 1771120.146690434 1764819.84705081 1758519.547411186 1752219.247771562 1745918.948131938 1739618.648492314 1733318.34885269 1727018.049213066 1720717.749573442 1714417.449933818 1708117.150294194 1701816.85065457 1695516.551014946 1689216.251375322 1682915.951735698 1676615.652096074 1670315.35245645 1664015.052816826 1657714.753177202 1651414.453537578 1645114.153897954 1638813.85425833 1632513.554618706 1626213.254979082 1619912.955339458 1613612.655699834 1607312.35606021 1601012.056420587 1594711.756780962 1588411.457141338 1582111.157501715 1575810.85786209 1569510.558222466 1563210.258582843 1556909.958943218 1550609.659303594 1544309.359663971 1538009.060024346 1531708.760384722 1525408.460745099 1519108.161105474 1512807.861465851 1506507.561826227 1500207.262186602 1493906.962546979 1487606.662907355 1481306.36326773 1475006.063628107 1468705.763988483 1462405.464348858 1456105.164709235 1449804.865069611 1443504.565429987 1437204.265790363 1430903.966150739 1424603.666511115 1418303.366871491 1412003.067231867 1405702.767592243


# name: QUERY
# type: sq_string
# elements: 1
# length: 2
R4


# name: DATASIZE
# type: sq_string
# elements: 1
# length: 4
1000


