# Created by Octave 4.0.0, Wed May 18 23:38:10 2016 CEST <peter@Independence>
# name: SVs
# type: cell
# rows: 1
# columns: 7
# name: <cell-element>
# type: sparse matrix
# nnz: 84
# rows: 12
# columns: 7
1 1 -0.4787335819876093
2 1 0.8843726681180027
3 1 -0.6475868336898811
4 1 1.19854205158829
5 1 -0.1911713775734374
6 1 -1.890960778042973
7 1 -0.7908562593766572
8 1 -1.602375220588182
9 1 0.4607045093013936
10 1 -0.6741940127459967
11 1 -1.947245195277064
12 1 0.5016386309261868
1 2 1.581508374208694
2 2 0.4310461106224708
3 2 -0.6113659809107221
4 2 -0.5993172207177584
5 2 -1.616854452497736
6 2 -0.48854636087922
7 2 2.749072103875253
8 2 -0.3210297272286584
9 2 0.5418169704610092
10 2 -0.1488490573743689
11 2 -0.5029271391740477
12 2 0.5694125179997328
1 3 -0.4116295358694482
2 3 -0.4291777857589443
3 3 -0.2509955561117527
4 3 -2.12325883278338
5 3 0.04732469200968185
6 3 0.9449851671262156
7 3 0.737105899204492
8 3 0.446884843339748
9 3 -0.3535853246964994
10 3 0.1647629797316945
11 3 0.2052589410151472
12 3 -0.03771682668556871
1 4 -0.556961782015794
2 4 0.1642737806421955
3 4 -0.4328956106185726
4 4 -0.1380365707268921
5 4 -0.4103948523148753
6 4 -0.3936202249987421
7 4 -0.4932035158273403
8 4 -0.5574389595980911
9 4 -0.5405175084104819
10 4 0.211000477739433
11 4 5.282884294006437
12 4 -0.3877105641718331
1 5 -0.8858963467276411
2 5 1.449941626345159
3 5 -0.8723482557791844
4 5 0.4303123015643094
5 5 -0.8910988136518485
6 5 -0.9280967145905196
7 5 -0.9220116863130985
8 5 -0.915500860891583
9 5 -0.8705908748390132
10 5 1.486831142556242
11 5 -0.5096232813745898
12 5 -0.8839067127997821
1 6 -0.8974762733442636
2 6 0.9733724673962042
3 6 -0.9335120479107324
4 6 -1.352999719965192
5 6 -0.9176615544760669
6 6 0.1140578431188729
7 6 0.1149248006583005
8 6 0.1041733864357944
9 6 -0.7902587218563751
10 6 2.613040135846689
11 6 0.160867846579938
12 6 -0.8775647682775428
1 7 -0.3721247750811146
2 7 1.502281499401537
3 7 -0.3721247750811146
4 7 1.502281499401537
5 7 -0.3721247750811146
6 7 -1.309327912322441
7 7 -1.309327912322441
8 7 -1.309327912322441
9 7 -0.3721247750811146
10 7 1.502281499401537
11 7 -1.309327912322441
12 7 -0.3721247750811146



# name: <cell-element>
# type: sparse matrix
# nnz: 175
# rows: 25
# columns: 7
1 1 1.454380311743247
2 1 -1.25136512765558
3 1 -1.044647813450375
4 1 0.8843726681180027
5 1 -0.7673191394424012
6 1 -0.6475868336898811
7 1 0.4924284535606083
8 1 1.351021654640645
9 1 -0.1911713775734374
10 1 0.3726961478080883
11 1 -1.890960778042973
12 1 1.683611392842089
13 1 0.1782590700903208
14 1 -0.2321054991982306
15 1 0.8935828454835812
16 1 0.1076477102875526
17 1 -0.1840079062890986
18 1 0.4811715701137901
19 1 0.2458003707712295
20 1 -0.6741940127459967
21 1 -1.627959046603677
22 1 1.003081620829903
23 1 -0.2361989113607099
24 1 0.5016386309261868
25 1 0.1189045937343707
1 2 1.43808926094406
2 2 2.132253315932234
3 2 -0.1523470845271648
4 2 0.4310461106224708
5 2 -0.2339677180924036
6 2 -0.6113659809107221
7 2 0.0004001011449249797
8 2 -0.1741125868112285
9 2 -1.616854452497736
10 2 -0.8915968228180421
11 2 -0.48854636087922
12 2 1.450138021137024
13 2 0.8119424005935852
14 2 -0.2390204239797756
15 2 0.02488629121449663
16 2 1.7299801933607
17 2 0.2825742914704649
18 2 -0.4761089310026121
19 2 -0.9883755740453968
20 2 -0.1488490573743689
21 2 -1.541063864187157
22 2 0.8904536766896721
23 2 0.1815201737230264
24 2 0.5694125179997328
25 2 -0.5577295645678509
1 3 -0.148405787527006
2 3 -0.1848521526821134
3 3 0.5035791891365817
4 3 -0.4291777857589443
5 3 -0.9691239362049797
6 3 -0.2509955561117527
7 3 0.4252869973219066
8 3 0.6372158613719755
9 3 0.04732469200968185
10 3 2.194960505408787
11 3 0.9449851671262156
12 3 0.8356460716608934
13 3 1.250054742128226
14 3 -0.3805826322188012
15 3 -0.9245783787931817
16 3 0.7735522643595993
17 3 -0.01476911529161221
18 3 -0.02556803830053292
19 3 0.1391155375855078
20 3 0.1647629797316945
21 3 -1.360584895278355
22 3 0.5913204385840625
23 3 -0.7814926489249824
24 3 -0.03771682668556871
25 3 -0.4413265741439801
1 4 0.4305388715639246
2 4 -0.5987331734507165
3 4 -0.4551394271471869
4 4 0.1642737806421955
5 4 -0.2934129327163709
6 4 -0.4328956106185726
7 4 0.5245428552764347
8 4 0.03921654811251098
9 4 -0.4103948523148753
10 4 0.4402292470813407
11 4 -0.3936202249987421
12 4 0.2406221938097164
13 4 0.1716149742159956
14 4 -0.6279511238744409
15 4 -0.1508102475453043
16 4 1.153352790840281
17 4 -0.6084602549360016
18 4 -0.5806371312912993
19 4 -0.5823623117811424
20 4 0.211000477739433
21 4 -0.2296913724957862
22 4 0.2271878095696622
23 4 -0.1402756347669011
24 4 -0.3877105641718331
25 4 -0.05409002221048812
1 5 1.588968264775093
2 5 -0.886190533845379
3 5 -0.9166311587649971
4 5 1.449941626345159
5 5 0.9408817861647196
6 5 -0.8723482557791844
7 5 1.50277918104414
8 5 1.136074938783827
9 5 -0.8910988136518485
10 5 0.9461229619202083
11 5 -0.9280967145905196
12 5 1.228356792558458
13 5 1.012547316398927
14 5 -0.8680515755069595
15 5 1.184507428482996
16 5 0.8077621153883124
17 5 -0.886190533845379
18 5 -0.8793932630723819
19 5 -0.8797803513851949
20 5 1.486831142556242
21 5 -0.8526919112545378
22 5 1.303962881817102
23 5 0.99684701443123
24 5 -0.8839067127997821
25 5 0.9170681131604609
1 6 1.602686678664221
2 6 -1.000655627872187
3 6 0.1574456457664082
4 6 0.9733724673962042
5 6 0.1944339328926427
6 6 -0.9335120479107324
7 6 1.702694793771606
8 6 0.5737050417201047
9 6 -0.9176615544760669
10 6 0.2748784666826831
11 6 0.1140578431188729
12 6 1.239477098988258
13 6 -0.3407583486672593
14 6 -0.8794412750569616
15 6 1.064608341084909
16 6 -0.4578660605062488
17 6 -0.9700440415951629
18 6 -0.8824984411170482
19 6 -0.8463086675139707
20 6 2.613040135846689
21 6 0.2078774784217922
22 6 1.052984265654952
23 6 -0.002650611958538152
24 6 -0.8775647682775428
25 6 -0.2656353371422577
1 7 1.502281499401537
2 7 -0.3721247750811146
3 7 -1.309327912322441
4 7 1.502281499401537
5 7 0.5650783621602113
6 7 -0.3721247750811146
7 7 1.502281499401537
8 7 0.5650783621602113
9 7 -0.3721247750811146
10 7 0.5650783621602113
11 7 -1.309327912322441
12 7 0.5650783621602113
13 7 0.5650783621602113
14 7 -0.3721247750811146
15 7 0.5650783621602113
16 7 0.5650783621602113
17 7 -0.3721247750811146
18 7 -0.3721247750811146
19 7 -0.3721247750811146
20 7 1.502281499401537
21 7 -1.309327912322441
22 7 0.5650783621602113
23 7 0.5650783621602113
24 7 -0.3721247750811146
25 7 0.5650783621602113



