# Created by Octave 4.0.0, Sun May 22 18:35:18 2016 CEST <peter@Independence>
# name: SVs
# type: cell
# rows: 1
# columns: 7
# name: <cell-element>
# type: sparse matrix
# nnz: 105
# rows: 15
# columns: 7
1 1 -1.818302712158965
2 1 -2.03218349764851
3 1 -0.04687859884604157
4 1 1.179098343816513
5 1 -0.1911713775734374
6 1 1.625280269526759
7 1 -1.947245195277064
8 1 -0.6475868336898811
9 1 -0.5309245870592206
10 1 0.1782590700903208
11 1 1.349998301600025
12 1 -0.9627795702007884
13 1 1.19854205158829
14 1 -1.25136512765558
15 1 1.964010125971922
1 2 -1.145398126237571
2 2 -1.592368262428164
3 2 -0.4916557183483719
4 2 0.134102472318459
5 2 -1.616854452497736
6 2 -0.5674463066589508
7 2 -0.5029271391740477
8 2 -0.6113659809107221
9 2 0.1453738931441349
10 2 0.8119424005935852
11 2 1.430704536954824
12 2 -0.5394620894365832
13 2 -0.5993172207177584
14 2 2.132253315932234
15 2 0.6961188348676749
1 3 -0.3927314206038369
2 3 1.401239664253116
3 3 1.479531856067791
4 3 -2.012569871941943
5 3 0.04732469200968185
6 3 0.4887306699993157
7 3 0.2052589410151472
8 3 -0.2509955561117527
9 3 0.1121182300632061
10 3 1.250054742128226
11 3 1.657714085714982
12 3 0.09322011479759486
13 3 -2.12325883278338
14 3 -0.1848521526821134
15 3 2.190910909280442
1 4 -0.1530860175531823
2 4 0.6188037807640279
3 4 4.93204865311453
4 4 -0.1774220742503296
5 4 -0.4103948523148753
6 4 0.1737439203523976
7 4 5.282884294006437
8 4 -0.4328956106185726
9 4 0.0825662961658005
10 4 0.1716149742159956
11 4 0.1702935593727115
12 4 -0.5313777224111008
13 4 -0.1380365707268921
14 4 -0.5987331734507165
15 4 0.6073882247567687
1 5 -0.4131453902890657
2 5 -0.4342804121686581
3 5 0.4382708372757457
4 5 0.2927565987230647
5 5 -0.8910988136518485
6 5 1.366431193738872
7 5 -0.5096232813745898
8 5 -0.8723482557791844
9 5 2.035900430749038
10 5 1.012547316398927
11 5 1.113507690146826
12 5 -0.8954496862878671
13 5 0.4303123015643094
14 5 -0.886190533845379
15 5 0.672172821176158
1 6 0.1771689297883849
2 6 0.364180796911743
3 6 -1.094412522826858
4 6 -1.016540343314988
5 6 -0.9176615544760669
6 6 2.296292635882417
7 6 0.160867846579938
8 6 -0.9335120479107324
9 6 2.601176506359786
10 6 -0.3407583486672593
11 6 0.1485365163151856
12 6 -0.9904403584438005
13 6 -1.352999719965192
14 6 -1.000655627872187
15 6 0.01795674060693376
1 7 -1.309327912322441
2 7 -1.309327912322441
3 7 0.5650783621602113
4 7 1.502281499401537
5 7 -0.3721247750811146
6 7 0.5650783621602113
7 7 -1.309327912322441
8 7 -0.3721247750811146
9 7 1.502281499401537
10 7 0.5650783621602113
11 7 0.5650783621602113
12 7 -0.3721247750811146
13 7 1.502281499401537
14 7 -0.3721247750811146
15 7 0.5650783621602113



# name: <cell-element>
# type: sparse matrix
# nnz: 147
# rows: 21
# columns: 7
1 1 -0.2321054991982306
2 1 -1.818302712158965
3 1 -0.3354641563008333
4 1 1.351021654640645
5 1 -0.04687859884604157
6 1 -0.6240497137556251
7 1 -0.1911713775734374
8 1 0.5016386309261868
9 1 -0.6475868336898811
10 1 -1.627959046603677
11 1 -0.03971512756170276
12 1 -0.5309245870592206
13 1 0.1782590700903208
14 1 1.003081620829903
15 1 0.6960757086439542
16 1 1.683611392842089
17 1 -0.9627795702007884
18 1 -0.7673191394424012
19 1 -1.186893886096531
20 1 -1.25136512765558
21 1 0.1189045937343707
1 2 -0.2390204239797756
2 2 -1.145398126237571
3 2 -0.1154234645809853
4 2 -0.1741125868112285
5 2 -0.4916557183483719
6 2 0.2922910335615648
7 2 -1.616854452497736
8 2 0.5694125179997328
9 2 -0.6113659809107221
10 2 -1.541063864187157
11 2 -0.5585069039351389
12 2 0.1453738931441349
13 2 0.8119424005935852
14 2 0.8904536766896721
15 2 -0.3276371118506063
16 2 1.450138021137024
17 2 -0.5394620894365832
18 2 -0.2339677180924036
19 2 0.3770210245959555
20 2 2.132253315932234
21 2 -0.5577295645678509
1 3 -0.3805826322188012
2 3 -0.3927314206038369
3 3 1.800799815583182
4 3 0.6372158613719755
5 3 1.479531856067791
6 3 0.02707671136795552
7 3 0.04732469200968185
8 3 -0.03771682668556871
9 3 -0.2509955561117527
10 3 -1.360584895278355
11 3 -2.401331100263088
12 3 0.1121182300632061
13 3 1.250054742128226
14 3 0.5913204385840625
15 3 -0.179452691177653
16 3 0.8356460716608934
17 3 0.09322011479759486
18 3 -0.9691239362049797
19 3 0.5872708424557171
20 3 -0.1848521526821134
21 3 -0.4413265741439801
1 4 -0.6279511238744409
2 4 -0.1530860175531823
3 4 1.027524732985348
4 4 0.03921654811251098
5 4 4.93204865311453
6 4 -0.3968503501712142
7 4 -0.4103948523148753
8 4 -0.3877105641718331
9 4 -0.4328956106185726
10 4 -0.2296913724957862
11 4 -0.3233650024974753
12 4 0.0825662961658005
13 4 0.1716149742159956
14 4 0.2271878095696622
15 4 -0.5773335941830893
16 4 0.2406221938097164
17 4 -0.5313777224111008
18 4 -0.2934129327163709
19 4 -0.4851649088640292
20 4 -0.5987331734507165
21 4 -0.05409002221048812
1 5 -0.8680515755069595
2 5 -0.4131453902890657
3 5 0.8569765234793634
4 5 1.136074938783827
5 5 0.4382708372757457
6 5 -0.9113590159444834
7 5 -0.8910988136518485
8 5 -0.8839067127997821
9 5 -0.8723482557791844
10 5 -0.8526919112545378
11 5 0.4288491077418761
12 5 2.035900430749038
13 5 1.012547316398927
14 5 1.303962881817102
15 5 -0.8839996139948572
16 5 1.228356792558458
17 5 -0.8954496862878671
18 5 0.9408817861647196
19 5 -0.9185743420953186
20 5 -0.886190533845379
21 5 0.9170681131604609
1 6 -0.8794412750569616
2 6 0.1771689297883849
3 6 0.1873613845446811
4 6 0.5737050417201047
5 6 -1.094412522826858
6 6 0.2505181005583735
7 6 -0.9176615544760669
8 6 -0.8775647682775428
9 6 -0.9335120479107324
10 6 0.2078774784217922
11 6 -0.9764663717885538
12 6 2.601176506359786
13 6 -0.3407583486672593
14 6 1.052984265654952
15 6 -0.929285629906023
16 6 1.239477098988258
17 6 -0.9904403584438005
18 6 0.1944339328926427
19 6 0.2067424484853048
20 6 -1.000655627872187
21 6 -0.2656353371422577
1 7 -0.3721247750811146
2 7 -1.309327912322441
3 7 0.5650783621602113
4 7 0.5650783621602113
5 7 0.5650783621602113
6 7 -1.309327912322441
7 7 -0.3721247750811146
8 7 -0.3721247750811146
9 7 -0.3721247750811146
10 7 -1.309327912322441
11 7 1.502281499401537
12 7 1.502281499401537
13 7 0.5650783621602113
14 7 0.5650783621602113
15 7 -0.3721247750811146
16 7 0.5650783621602113
17 7 -0.3721247750811146
18 7 0.5650783621602113
19 7 -1.309327912322441
20 7 -0.3721247750811146
21 7 0.5650783621602113



# name: <cell-element>
# type: sparse matrix
# nnz: 70
# rows: 10
# columns: 7
1 1 -1.818302712158965
2 1 1.351021654640645
3 1 0.2938979636803615
4 1 -0.1840079062890986
5 1 0.5016386309261868
6 1 -0.5309245870592206
7 1 0.1782590700903208
8 1 -0.7673191394424012
9 1 -0.7908562593766572
10 1 0.1189045937343707
1 2 -1.145398126237571
2 2 -0.1741125868112285
3 2 -0.6840472117521491
4 2 0.2825742914704649
5 2 0.5694125179997328
6 2 0.1453738931441349
7 2 0.8119424005935852
8 2 -0.2339677180924036
9 2 2.749072103875253
10 2 -0.5577295645678509
1 3 -0.3927314206038369
2 3 0.6372158613719755
3 3 -0.1524553836553512
4 3 -0.01476911529161221
5 3 -0.03771682668556871
6 3 0.1121182300632061
7 3 1.250054742128226
8 3 -0.9691239362049797
9 3 0.737105899204492
10 3 -0.4413265741439801
1 4 -0.1530860175531823
2 4 0.03921654811251098
3 4 -0.5742502928820933
4 4 -0.6084602549360016
5 4 -0.3877105641718331
6 4 0.0825662961658005
7 4 0.1716149742159956
8 4 -0.2934129327163709
9 4 -0.4932035158273403
10 4 -0.05409002221048812
1 5 -0.4131453902890657
2 5 1.136074938783827
3 5 -0.8857415114025159
4 5 -0.886190533845379
5 5 -0.8839067127997821
6 5 2.035900430749038
7 5 1.012547316398927
8 5 0.9408817861647196
9 5 -0.9220116863130985
10 5 0.9170681131604609
1 6 0.1771689297883849
2 6 0.5737050417201047
3 6 -0.8873408552681928
4 6 -0.9700440415951629
5 6 -0.8775647682775428
6 6 2.601176506359786
7 6 -0.3407583486672593
8 6 0.1944339328926427
9 6 0.1149248006583005
10 6 -0.2656353371422577
1 7 -1.309327912322441
2 7 0.5650783621602113
3 7 -0.3721247750811146
4 7 -0.3721247750811146
5 7 -0.3721247750811146
6 7 1.502281499401537
7 7 0.5650783621602113
8 7 0.5650783621602113
9 7 -1.309327912322441
10 7 0.5650783621602113



