# Created by Octave 4.0.0, Sun May 22 18:35:18 2016 CEST <peter@Independence>
# name: x
# type: matrix
# rows: 1
# columns: 100
 60 60.60606060606061 61.21212121212121 61.81818181818181 62.42424242424242 63.03030303030303 63.63636363636363 64.24242424242425 64.84848484848484 65.45454545454545 66.06060606060606 66.66666666666666 67.27272727272727 67.87878787878788 68.48484848484848 69.09090909090909 69.6969696969697 70.3030303030303 70.90909090909091 71.51515151515152 72.12121212121212 72.72727272727272 73.33333333333333 73.93939393939394 74.54545454545455 75.15151515151516 75.75757575757575 76.36363636363636 76.96969696969697 77.57575757575758 78.18181818181819 78.78787878787878 79.39393939393939 80 80.60606060606061 81.21212121212122 81.81818181818183 82.42424242424242 83.03030303030303 83.63636363636364 84.24242424242425 84.84848484848484 85.45454545454545 86.06060606060606 86.66666666666667 87.27272727272728 87.87878787878788 88.48484848484848 89.09090909090909 89.6969696969697 90.3030303030303 90.90909090909091 91.51515151515152 92.12121212121212 92.72727272727273 93.33333333333334 93.93939393939394 94.54545454545455 95.15151515151516 95.75757575757576 96.36363636363637 96.96969696969697 97.57575757575758 98.18181818181819 98.7878787878788 99.39393939393941 100 100.6060606060606 101.2121212121212 101.8181818181818 102.4242424242424 103.030303030303 103.6363636363636 104.2424242424242 104.8484848484848 105.4545454545455 106.0606060606061 106.6666666666667 107.2727272727273 107.8787878787879 108.4848484848485 109.0909090909091 109.6969696969697 110.3030303030303 110.9090909090909 111.5151515151515 112.1212121212121 112.7272727272727 113.3333333333333 113.9393939393939 114.5454545454546 115.1515151515152 115.7575757575758 116.3636363636364 116.969696969697 117.5757575757576 118.1818181818182 118.7878787878788 119.3939393939394 120


# name: y
# type: matrix
# rows: 100
# columns: 1
 1774654.858211215
 1774654.065277554
 1774653.35553971
 1774652.721862867
 1774652.157581302
 1774651.656477358
 1774651.212760898
 1774650.821049243
 1774650.476347586
 1774650.174029899
 1774649.909820315
 1774649.679774991
 1774649.480264456
 1774649.307956447
 1774649.159799214
 1774649.033005319
 1774648.925035911
 1774648.833585487
 1774648.756567133
 1774648.692098246
 1774648.638486742
 1774648.594217743
 1774648.557940749
 1774648.528457289
 1774648.504709057
 1774648.48576653
 1774648.470818064
 1774648.459159482
 1774648.450184132
 1774648.443373436
 1774648.438287921
 1774648.434558722
 1774648.431879587
 1774648.42999934
 1774648.428714846
 1774648.427864452
 1774648.427321902
 1774648.426990748
 1774648.426799234
 1774648.426695664
 1774648.426644257
 1774648.426621476
 1774648.426612844
 1774648.426610247
 1774648.426609707
 1774648.42660965
 1774648.426609649
 1774648.426609649
 1774648.42660968
 1774648.426610045
 1774648.426611995
 1774648.426618886
 1774648.426637817
 1774648.426681748
 1774648.426772106
 1774648.426941869
 1774648.427239132
 1774648.427731159
 1774648.428508911
 1774648.429692066
 1774648.431434509
 1774648.433930314
 1774648.437420205
 1774648.442198497
 1774648.448620525
 1774648.457110547
 1774648.468170137
 1774648.482387057
 1774648.500444609
 1774648.523131476
 1774648.551352037
 1774648.586137167
 1774648.628655528
 1774648.680225325
 1774648.742326561
 1774648.816613764
 1774648.9049292
 1774649.009316569
 1774649.132035179
 1774649.275574609
 1774649.442669848
 1774649.636316919
 1774649.859788985
 1774650.116652939
 1774650.410786473
 1774650.746395629
 1774651.12803284
 1774651.560615439
 1774652.049444665
 1774652.600225143
 1774653.219084847
 1774653.912595549
 1774654.687793742
 1774655.552202059
 1774656.513851159
 1774657.581302104
 1774658.763669222
 1774660.070643438
 1774661.512516105
 1774663.1002033


# name: QUERY
# type: sq_string
# elements: 1
# length: 2
R4


# name: DATASIZE
# type: sq_string
# elements: 1
# length: 4
1000


