# Created by Octave 4.0.0, Wed May 18 23:38:19 2016 CEST <peter@Independence>
# name: x
# type: matrix
# rows: 1
# columns: 100
 60 60.60606060606061 61.21212121212121 61.81818181818181 62.42424242424242 63.03030303030303 63.63636363636363 64.24242424242425 64.84848484848484 65.45454545454545 66.06060606060606 66.66666666666666 67.27272727272727 67.87878787878788 68.48484848484848 69.09090909090909 69.6969696969697 70.3030303030303 70.90909090909091 71.51515151515152 72.12121212121212 72.72727272727272 73.33333333333333 73.93939393939394 74.54545454545455 75.15151515151516 75.75757575757575 76.36363636363636 76.96969696969697 77.57575757575758 78.18181818181819 78.78787878787878 79.39393939393939 80 80.60606060606061 81.21212121212122 81.81818181818183 82.42424242424242 83.03030303030303 83.63636363636364 84.24242424242425 84.84848484848484 85.45454545454545 86.06060606060606 86.66666666666667 87.27272727272728 87.87878787878788 88.48484848484848 89.09090909090909 89.6969696969697 90.3030303030303 90.90909090909091 91.51515151515152 92.12121212121212 92.72727272727273 93.33333333333334 93.93939393939394 94.54545454545455 95.15151515151516 95.75757575757576 96.36363636363637 96.96969696969697 97.57575757575758 98.18181818181819 98.7878787878788 99.39393939393941 100 100.6060606060606 101.2121212121212 101.8181818181818 102.4242424242424 103.030303030303 103.6363636363636 104.2424242424242 104.8484848484848 105.4545454545455 106.0606060606061 106.6666666666667 107.2727272727273 107.8787878787879 108.4848484848485 109.0909090909091 109.6969696969697 110.3030303030303 110.9090909090909 111.5151515151515 112.1212121212121 112.7272727272727 113.3333333333333 113.9393939393939 114.5454545454546 115.1515151515152 115.7575757575758 116.3636363636364 116.969696969697 117.5757575757576 118.1818181818182 118.7878787878788 119.3939393939394 120


# name: y
# type: matrix
# rows: 100
# columns: 1
 1446559.672995022
 1446310.154580803
 1446076.692204952
 1445858.581844894
 1445655.135262276
 1445465.680002962
 1445289.559397035
 1445126.132558797
 1444974.774386767
 1444834.875563684
 1444705.842556506
 1444587.097616408
 1444478.078778784
 1444378.239863249
 1444287.050473632
 1444203.995997984
 1444128.577608575
 1444060.31226189
 1443998.732698637
 1443943.387443739
 1443893.84080634
 1443849.6728798
 1443810.479541701
 1443775.872453842
 1443745.479062238
 1443718.942597127
 1443695.922072963
 1443676.092288419
 1443659.143826386
 1443644.783053975
 1443632.732122515
 1443622.728967553
 1443614.527308855
 1443607.896650405
 1443602.622280407
 1443598.505271283
 1443595.362479672
 1443593.026546434
 1443591.345896646
 1443590.184739604
 1443589.423068823
 1443588.956662036
 1443588.697081195
 1443588.57167247
 1443588.523566249
 1443588.511677142
 1443588.510703973
 1443588.511129787
 1443588.519221848
 1443588.557031637
 1443588.662394855
 1443588.888931421
 1443589.306045473
 1443589.998925366
 1443591.068543675
 1443592.631657194
 1443594.820806934
 1443597.784318127
 1443601.68630022
 1443606.706646883
 1443613.041036
 1443620.900929677
 1443630.513574237
 1443642.122000223
 1443655.985022394
 1443672.377239729
 1443691.589035427
 1443713.926576904
 1443739.711815794
 1443769.282487951
 1443802.992113448
 1443841.209996573
 1443884.321225838
 1443932.72667397
 1443986.842997913
 1444047.102638836
 1444113.953822119
 1444187.860557365
 1444269.302638396
 1444358.77564325
 1444456.790934185
 1444563.875657678
 1444680.572744423
 1444807.440909334
 1444945.054651543
 1445094.004254402
 1445254.895785478
 1445428.351096561
 1445615.007823656
 1445815.519386988
 1446030.554991002
 1446260.799624359
 1446506.95405994
 1446769.734854845
 1447049.874350391
 1447348.120672115
 1447665.237729772
 1448002.005217336
 1448359.218612999
 1448737.689179171


# name: QUERY
# type: sq_string
# elements: 1
# length: 2
R4


# name: DATASIZE
# type: sq_string
# elements: 1
# length: 4
1000


