# Created by Octave 4.0.0, Wed May 18 23:38:19 2016 CEST <peter@Independence>
# name: x
# type: matrix
# rows: 1
# columns: 100
 60 60.60606060606061 61.21212121212121 61.81818181818181 62.42424242424242 63.03030303030303 63.63636363636363 64.24242424242425 64.84848484848484 65.45454545454545 66.06060606060606 66.66666666666666 67.27272727272727 67.87878787878788 68.48484848484848 69.09090909090909 69.6969696969697 70.3030303030303 70.90909090909091 71.51515151515152 72.12121212121212 72.72727272727272 73.33333333333333 73.93939393939394 74.54545454545455 75.15151515151516 75.75757575757575 76.36363636363636 76.96969696969697 77.57575757575758 78.18181818181819 78.78787878787878 79.39393939393939 80 80.60606060606061 81.21212121212122 81.81818181818183 82.42424242424242 83.03030303030303 83.63636363636364 84.24242424242425 84.84848484848484 85.45454545454545 86.06060606060606 86.66666666666667 87.27272727272728 87.87878787878788 88.48484848484848 89.09090909090909 89.6969696969697 90.3030303030303 90.90909090909091 91.51515151515152 92.12121212121212 92.72727272727273 93.33333333333334 93.93939393939394 94.54545454545455 95.15151515151516 95.75757575757576 96.36363636363637 96.96969696969697 97.57575757575758 98.18181818181819 98.7878787878788 99.39393939393941 100 100.6060606060606 101.2121212121212 101.8181818181818 102.4242424242424 103.030303030303 103.6363636363636 104.2424242424242 104.8484848484848 105.4545454545455 106.0606060606061 106.6666666666667 107.2727272727273 107.8787878787879 108.4848484848485 109.0909090909091 109.6969696969697 110.3030303030303 110.9090909090909 111.5151515151515 112.1212121212121 112.7272727272727 113.3333333333333 113.9393939393939 114.5454545454546 115.1515151515152 115.7575757575758 116.3636363636364 116.969696969697 117.5757575757576 118.1818181818182 118.7878787878788 119.3939393939394 120


# name: y
# type: matrix
# rows: 100
# columns: 1
 1514300.835647266
 1511349.451435113
 1508462.786386593
 1505640.840501707
 1502883.613780453
 1500191.106222833
 1497563.317828846
 1495000.248598492
 1492501.898531771
 1490068.267628683
 1487699.355889229
 1485395.163313407
 1483155.689901219
 1480980.935652664
 1478870.900567742
 1476825.584646453
 1474844.987888798
 1472929.110294775
 1471077.951864386
 1469291.512597629
 1467569.792494507
 1465912.791555017
 1464320.50977916
 1462792.947166936
 1461330.103718346
 1459931.979433388
 1458598.574312064
 1457329.888354373
 1456125.921560315
 1454986.673929891
 1453912.145463099
 1452902.336159941
 1451957.246020416
 1451076.875044523
 1450261.223232264
 1449510.290583638
 1448824.077098646
 1448202.582777286
 1447645.80761956
 1447153.751625467
 1446726.414795007
 1446363.79712818
 1446065.898624986
 1445832.719285425
 1445664.259109498
 1445560.518097204
 1445521.496248543
 1445547.193563515
 1445637.61004212
 1445792.745684358
 1446012.600490229
 1446297.174459734
 1446646.467592872
 1447060.479889643
 1447539.211350047
 1448082.661974084
 1448690.831761754
 1449363.720713058
 1450101.328827994
 1450903.656106564
 1451770.702548767
 1452702.468154603
 1453698.952924072
 1454760.156857175
 1455886.07995391
 1457076.722214279
 1458332.083638281
 1459652.164225916
 1461036.963977184
 1462486.482892085
 1464000.720970619
 1465579.678212787
 1467223.354618588
 1468931.750188022
 1470704.864921089
 1472542.698817789
 1474445.251878122
 1476412.524102089
 1478444.515489688
 1480541.226040921
 1482702.655755787
 1484928.804634286
 1487219.672676418
 1489575.259882184
 1491995.566251582
 1494480.591784614
 1497030.336481279
 1499644.800341577
 1502323.983365508
 1505067.885553072
 1507876.50690427
 1510749.8474191
 1513687.907097564
 1516690.685939661
 1519758.183945391
 1522890.401114754
 1526087.33744775
 1529348.99294438
 1532675.367604642
 1536066.461428538


# name: QUERY
# type: sq_string
# elements: 1
# length: 2
R4


# name: DATASIZE
# type: sq_string
# elements: 1
# length: 4
1000


