# Created by Octave 4.0.0, Wed May 18 23:38:19 2016 CEST <peter@Independence>
# name: x
# type: matrix
# rows: 1
# columns: 100
 60 60.60606060606061 61.21212121212121 61.81818181818181 62.42424242424242 63.03030303030303 63.63636363636363 64.24242424242425 64.84848484848484 65.45454545454545 66.06060606060606 66.66666666666666 67.27272727272727 67.87878787878788 68.48484848484848 69.09090909090909 69.6969696969697 70.3030303030303 70.90909090909091 71.51515151515152 72.12121212121212 72.72727272727272 73.33333333333333 73.93939393939394 74.54545454545455 75.15151515151516 75.75757575757575 76.36363636363636 76.96969696969697 77.57575757575758 78.18181818181819 78.78787878787878 79.39393939393939 80 80.60606060606061 81.21212121212122 81.81818181818183 82.42424242424242 83.03030303030303 83.63636363636364 84.24242424242425 84.84848484848484 85.45454545454545 86.06060606060606 86.66666666666667 87.27272727272728 87.87878787878788 88.48484848484848 89.09090909090909 89.6969696969697 90.3030303030303 90.90909090909091 91.51515151515152 92.12121212121212 92.72727272727273 93.33333333333334 93.93939393939394 94.54545454545455 95.15151515151516 95.75757575757576 96.36363636363637 96.96969696969697 97.57575757575758 98.18181818181819 98.7878787878788 99.39393939393941 100 100.6060606060606 101.2121212121212 101.8181818181818 102.4242424242424 103.030303030303 103.6363636363636 104.2424242424242 104.8484848484848 105.4545454545455 106.0606060606061 106.6666666666667 107.2727272727273 107.8787878787879 108.4848484848485 109.0909090909091 109.6969696969697 110.3030303030303 110.9090909090909 111.5151515151515 112.1212121212121 112.7272727272727 113.3333333333333 113.9393939393939 114.5454545454546 115.1515151515152 115.7575757575758 116.3636363636364 116.969696969697 117.5757575757576 118.1818181818182 118.7878787878788 119.3939393939394 120


# name: y
# type: matrix
# rows: 100
# columns: 1
 1479974.761461952
 1479954.448920749
 1479936.267602541
 1479920.034735113
 1479905.579562991
 1479892.742808776
 1479881.376146823
 1479871.341689283
 1479862.511484491
 1479854.767027714
 1479847.998784251
 1479842.105724884
 1479836.994873688
 1479832.580868192
 1479828.785531895
 1479825.537459134
 1479822.771612309
 1479820.428931462
 1479818.455956204
 1479816.804460006
 1479815.431096834
 1479814.297060147
 1479813.367754241
 1479812.612477949
 1479812.004120704
 1479811.51887094
 1479811.13593686
 1479810.837279553
 1479810.607358465
 1479810.432889226
 1479810.302613825
 1479810.207083148
 1479810.138451865
 1479810.090285669
 1479810.057380873
 1479810.035596359
 1479810.021697881
 1479810.013214725
 1479810.008308716
 1479810.005655587
 1479810.004338696
 1479810.003755101
 1479810.003533988
 1479810.003467448
 1479810.003453617
 1479810.003452163
 1479810.003452132
 1479810.003452142
 1479810.003452932
 1479810.003462277
 1479810.003512236
 1479810.003688772
 1479810.004173717
 1479810.005299096
 1479810.007613796
 1479810.011962602
 1479810.019577575
 1479810.032181794
 1479810.052105443
 1479810.082414257
 1479810.127050324
 1479810.190985235
 1479810.280385591
 1479810.402790868
 1479810.567303627
 1479810.784792086
 1479811.068105043
 1479811.432299154
 1479811.89487856
 1479812.476046876
 1479813.19897153
 1479814.090060453
 1479815.17925113
 1479816.500311995
 1479818.091156196
 1479819.994167692
 1479822.256539725
 1479824.930625634
 1479828.074302024
 1479831.751344295
 1479836.031814517
 1479840.992461666
 1479846.717134208
 1479853.297205043
 1479860.832008799
 1479869.429291477
 1479879.205672461
 1479890.287118869
 1479902.809432266
 1479916.918747731
 1479932.772045269
 1479950.537673594
 1479970.395886246
 1479992.539390078
 1480017.173906089
 1480044.518742612
 1480074.807380858
 1480108.288072812
 1480145.224451484
 1480185.896153514


# name: QUERY
# type: sq_string
# elements: 1
# length: 2
R4


# name: DATASIZE
# type: sq_string
# elements: 1
# length: 4
1000


