# Created by Octave 4.0.0, Sun May 22 18:35:18 2016 CEST <peter@Independence>
# name: x
# type: matrix
# rows: 1
# columns: 100
 60 60.60606060606061 61.21212121212121 61.81818181818181 62.42424242424242 63.03030303030303 63.63636363636363 64.24242424242425 64.84848484848484 65.45454545454545 66.06060606060606 66.66666666666666 67.27272727272727 67.87878787878788 68.48484848484848 69.09090909090909 69.6969696969697 70.3030303030303 70.90909090909091 71.51515151515152 72.12121212121212 72.72727272727272 73.33333333333333 73.93939393939394 74.54545454545455 75.15151515151516 75.75757575757575 76.36363636363636 76.96969696969697 77.57575757575758 78.18181818181819 78.78787878787878 79.39393939393939 80 80.60606060606061 81.21212121212122 81.81818181818183 82.42424242424242 83.03030303030303 83.63636363636364 84.24242424242425 84.84848484848484 85.45454545454545 86.06060606060606 86.66666666666667 87.27272727272728 87.87878787878788 88.48484848484848 89.09090909090909 89.6969696969697 90.3030303030303 90.90909090909091 91.51515151515152 92.12121212121212 92.72727272727273 93.33333333333334 93.93939393939394 94.54545454545455 95.15151515151516 95.75757575757576 96.36363636363637 96.96969696969697 97.57575757575758 98.18181818181819 98.7878787878788 99.39393939393941 100 100.6060606060606 101.2121212121212 101.8181818181818 102.4242424242424 103.030303030303 103.6363636363636 104.2424242424242 104.8484848484848 105.4545454545455 106.0606060606061 106.6666666666667 107.2727272727273 107.8787878787879 108.4848484848485 109.0909090909091 109.6969696969697 110.3030303030303 110.9090909090909 111.5151515151515 112.1212121212121 112.7272727272727 113.3333333333333 113.9393939393939 114.5454545454546 115.1515151515152 115.7575757575758 116.3636363636364 116.969696969697 117.5757575757576 118.1818181818182 118.7878787878788 119.3939393939394 120


# name: y
# type: matrix
# rows: 100
# columns: 1
 1498590.110067001
 1496764.493381655
 1494978.909567835
 1493233.358625541
 1491527.840554774
 1489862.355355533
 1488236.903027819
 1486651.483571631
 1485106.09698697
 1483600.743273835
 1482135.422432227
 1480710.134462145
 1479324.87936359
 1477979.657136561
 1476674.467781058
 1475409.311297082
 1474184.187684633
 1472999.09694371
 1471854.039074313
 1470749.014076443
 1469684.021950099
 1468659.062695282
 1467674.136311991
 1466729.242800227
 1465824.382159989
 1464959.554391277
 1464134.759494093
 1463349.997468434
 1462605.268314302
 1461900.572031697
 1461235.908620618
 1460611.278081065
 1460026.680413039
 1459482.115616539
 1458977.583691566
 1458513.084638119
 1458088.618456199
 1457704.185145805
 1457359.784706938
 1457055.417139597
 1456791.082443782
 1456566.780619494
 1456382.511666733
 1456238.275585498
 1456134.072375789
 1456069.902037607
 1456045.764570951
 1456061.659975822
 1456117.58825222
 1456213.549400143
 1456349.543419593
 1456525.57031057
 1456741.630073073
 1456997.722707103
 1457293.848212659
 1457630.006589741
 1458006.19783835
 1458422.421958486
 1458878.678950148
 1459374.968813336
 1459911.291548051
 1460487.647154292
 1461104.03563206
 1461760.456981354
 1462456.911202175
 1463193.398294522
 1463969.918258396
 1464786.471093795
 1465643.056800722
 1466539.675379175
 1467476.326829155
 1468453.01115066
 1469469.728343693
 1470526.478408252
 1471623.261344337
 1472760.077151949
 1473936.925831087
 1475153.807381751
 1476410.721803943
 1477707.66909766
 1479044.649262904
 1480421.662299675
 1481838.708207972
 1483295.786987795
 1484792.898639146
 1486330.043162022
 1487907.220556425
 1489524.430822354
 1491181.67395981
 1492878.949968792
 1494616.258849301
 1496393.600601336
 1498210.975224898
 1500068.382719986
 1501965.8230866
 1503903.296324741
 1505880.802434409
 1507898.341415603
 1509955.913268323
 1512053.51799257


# name: QUERY
# type: sq_string
# elements: 1
# length: 2
R4


# name: DATASIZE
# type: sq_string
# elements: 1
# length: 4
1000


