# Created by Octave 4.0.0, Sun May 22 18:35:18 2016 CEST <peter@Independence>
# name: x
# type: matrix
# rows: 1
# columns: 100
 60 60.60606060606061 61.21212121212121 61.81818181818181 62.42424242424242 63.03030303030303 63.63636363636363 64.24242424242425 64.84848484848484 65.45454545454545 66.06060606060606 66.66666666666666 67.27272727272727 67.87878787878788 68.48484848484848 69.09090909090909 69.6969696969697 70.3030303030303 70.90909090909091 71.51515151515152 72.12121212121212 72.72727272727272 73.33333333333333 73.93939393939394 74.54545454545455 75.15151515151516 75.75757575757575 76.36363636363636 76.96969696969697 77.57575757575758 78.18181818181819 78.78787878787878 79.39393939393939 80 80.60606060606061 81.21212121212122 81.81818181818183 82.42424242424242 83.03030303030303 83.63636363636364 84.24242424242425 84.84848484848484 85.45454545454545 86.06060606060606 86.66666666666667 87.27272727272728 87.87878787878788 88.48484848484848 89.09090909090909 89.6969696969697 90.3030303030303 90.90909090909091 91.51515151515152 92.12121212121212 92.72727272727273 93.33333333333334 93.93939393939394 94.54545454545455 95.15151515151516 95.75757575757576 96.36363636363637 96.96969696969697 97.57575757575758 98.18181818181819 98.7878787878788 99.39393939393941 100 100.6060606060606 101.2121212121212 101.8181818181818 102.4242424242424 103.030303030303 103.6363636363636 104.2424242424242 104.8484848484848 105.4545454545455 106.0606060606061 106.6666666666667 107.2727272727273 107.8787878787879 108.4848484848485 109.0909090909091 109.6969696969697 110.3030303030303 110.9090909090909 111.5151515151515 112.1212121212121 112.7272727272727 113.3333333333333 113.9393939393939 114.5454545454546 115.1515151515152 115.7575757575758 116.3636363636364 116.969696969697 117.5757575757576 118.1818181818182 118.7878787878788 119.3939393939394 120


# name: y
# type: matrix
# rows: 100
# columns: 1
 1618995.909525022
 1618938.042155152
 1618883.898441165
 1618833.315108798
 1618786.132544409
 1618742.19479497
 1618701.349568068
 1618663.44823191
 1618628.345815316
 1618595.901007725
 1618565.976159192
 1618538.437280387
 1618513.154042597
 1618489.999777728
 1618468.851478297
 1618449.589797444
 1618432.099048921
 1618416.267207098
 1618401.985906961
 1618389.150444113
 1618377.659774772
 1618367.416515775
 1618358.326944573
 1618350.300999235
 1618343.252278446
 1618337.098041508
 1618331.759208337
 1618327.16035947
 1618323.229736056
 1618319.899239863
 1618317.104433274
 1618314.78453929
 1618312.882441527
 1618311.344684219
 1618310.121472215
 1618309.166670981
 1618308.4378066
 1618307.89606577
 1618307.506295808
 1618307.237004645
 1618307.060360829
 1618306.952193525
 1618306.891992515
 1618306.862908197
 1618306.851751583
 1618306.848994307
 1618306.848768613
 1618306.848867366
 1618306.850744046
 1618306.85951275
 1618306.88394819
 1618306.936485697
 1618307.033221215
 1618307.193911307
 1618307.441973153
 1618307.804484547
 1618308.312183901
 1618308.999470243
 1618309.904403219
 1618311.068703089
 1618312.53775073
 1618314.360587638
 1618316.589915922
 1618319.282098309
 1618322.497158143
 1618326.298779384
 1618330.754306609
 1618335.934745009
 1618341.914760395
 1618348.772679192
 1618356.590488442
 1618365.453835804
 1618375.452029554
 1618386.678038582
 1618399.228492397
 1618413.203681123
 1618428.707555503
 1618445.847726892
 1618464.735467264
 1618485.485709211
 1618508.217045939
 1618533.051731271
 1618560.115679648
 1618589.538466125
 1618621.453326375
 1618655.997156687
 1618693.310513968
 1618733.537615738
 1618776.826340136
 1618823.328225919
 1618873.198472456
 1618926.595939736
 1618983.683148363
 1619044.626279559
 1619109.59517516
 1619178.763337621
 1619252.30793001
 1619330.409776017
 1619413.253359942
 1619501.026826707


# name: QUERY
# type: sq_string
# elements: 1
# length: 2
R4


# name: DATASIZE
# type: sq_string
# elements: 1
# length: 4
1000


