# Created by Octave 4.0.0, Sun May 22 18:35:18 2016 CEST <peter@Independence>
# name: x
# type: matrix
# rows: 1
# columns: 100
 60 60.60606060606061 61.21212121212121 61.81818181818181 62.42424242424242 63.03030303030303 63.63636363636363 64.24242424242425 64.84848484848484 65.45454545454545 66.06060606060606 66.66666666666666 67.27272727272727 67.87878787878788 68.48484848484848 69.09090909090909 69.6969696969697 70.3030303030303 70.90909090909091 71.51515151515152 72.12121212121212 72.72727272727272 73.33333333333333 73.93939393939394 74.54545454545455 75.15151515151516 75.75757575757575 76.36363636363636 76.96969696969697 77.57575757575758 78.18181818181819 78.78787878787878 79.39393939393939 80 80.60606060606061 81.21212121212122 81.81818181818183 82.42424242424242 83.03030303030303 83.63636363636364 84.24242424242425 84.84848484848484 85.45454545454545 86.06060606060606 86.66666666666667 87.27272727272728 87.87878787878788 88.48484848484848 89.09090909090909 89.6969696969697 90.3030303030303 90.90909090909091 91.51515151515152 92.12121212121212 92.72727272727273 93.33333333333334 93.93939393939394 94.54545454545455 95.15151515151516 95.75757575757576 96.36363636363637 96.96969696969697 97.57575757575758 98.18181818181819 98.7878787878788 99.39393939393941 100 100.6060606060606 101.2121212121212 101.8181818181818 102.4242424242424 103.030303030303 103.6363636363636 104.2424242424242 104.8484848484848 105.4545454545455 106.0606060606061 106.6666666666667 107.2727272727273 107.8787878787879 108.4848484848485 109.0909090909091 109.6969696969697 110.3030303030303 110.9090909090909 111.5151515151515 112.1212121212121 112.7272727272727 113.3333333333333 113.9393939393939 114.5454545454546 115.1515151515152 115.7575757575758 116.3636363636364 116.969696969697 117.5757575757576 118.1818181818182 118.7878787878788 119.3939393939394 120


# name: y
# type: matrix
# rows: 100
# columns: 1
 1639897.926352306
 1640259.991388534
 1640606.352133638
 1640937.356775359
 1641253.353501435
 1641554.690499605
 1641841.715957609
 1642114.778063186
 1642374.225004076
 1642620.404968017
 1642853.66614275
 1643074.356716012
 1643282.824875545
 1643479.418809085
 1643664.486704374
 1643838.376749151
 1644001.437131154
 1644154.016038123
 1644296.461657797
 1644429.122177916
 1644552.345786219
 1644666.480670445
 1644771.875018333
 1644868.877017623
 1644957.834856053
 1645039.096721364
 1645113.010801295
 1645179.925283584
 1645240.188355971
 1645294.148206196
 1645342.153021998
 1645384.550991115
 1645421.690301287
 1645453.919140254
 1645481.585695755
 1645505.038155529
 1645524.624707316
 1645540.693538853
 1645553.592837882
 1645563.670792141
 1645571.27558937
 1645576.755417307
 1645580.458463693
 1645582.732916265
 1645583.926962765
 1645584.38879093
 1645584.4665885
 1645584.508543215
 1645584.862842814
 1645585.877675036
 1645587.90122762
 1645591.281688306
 1645596.367244833
 1645603.506084939
 1645613.046396366
 1645625.336366851
 1645640.724184134
 1645659.558035955
 1645682.186110052
 1645708.956594164
 1645740.217676033
 1645776.317543395
 1645817.604383992
 1645864.426385561
 1645917.131735843
 1645976.068622576
 1646041.5852335
 1646114.029756355
 1646193.750378879
 1646281.095288811
 1646376.412673892
 1646480.05072186
 1646592.357620454
 1646713.681557415
 1646844.37072048
 1646984.77329739
 1647135.237475884
 1647296.111443701
 1647467.74338858
 1647650.48149826
 1647844.673960482
 1648050.668962983
 1648268.814693504
 1648499.459339784
 1648742.951089562
 1648999.638130577
 1649269.868650569
 1649553.990837276
 1649852.352878439
 1650165.302961796
 1650493.189275087
 1650836.36000605
 1651195.163342426
 1651569.947471954
 1651961.060582372
 1652368.850861421
 1652793.666496839
 1653235.855676366
 1653695.76658774
 1654173.747418702


# name: QUERY
# type: sq_string
# elements: 1
# length: 2
R4


# name: DATASIZE
# type: sq_string
# elements: 1
# length: 4
1000


