# Created by Octave 4.0.0, Wed May 18 23:38:19 2016 CEST <peter@Independence>
# name: x
# type: matrix
# rows: 1
# columns: 100
 60 60.60606060606061 61.21212121212121 61.81818181818181 62.42424242424242 63.03030303030303 63.63636363636363 64.24242424242425 64.84848484848484 65.45454545454545 66.06060606060606 66.66666666666666 67.27272727272727 67.87878787878788 68.48484848484848 69.09090909090909 69.6969696969697 70.3030303030303 70.90909090909091 71.51515151515152 72.12121212121212 72.72727272727272 73.33333333333333 73.93939393939394 74.54545454545455 75.15151515151516 75.75757575757575 76.36363636363636 76.96969696969697 77.57575757575758 78.18181818181819 78.78787878787878 79.39393939393939 80 80.60606060606061 81.21212121212122 81.81818181818183 82.42424242424242 83.03030303030303 83.63636363636364 84.24242424242425 84.84848484848484 85.45454545454545 86.06060606060606 86.66666666666667 87.27272727272728 87.87878787878788 88.48484848484848 89.09090909090909 89.6969696969697 90.3030303030303 90.90909090909091 91.51515151515152 92.12121212121212 92.72727272727273 93.33333333333334 93.93939393939394 94.54545454545455 95.15151515151516 95.75757575757576 96.36363636363637 96.96969696969697 97.57575757575758 98.18181818181819 98.7878787878788 99.39393939393941 100 100.6060606060606 101.2121212121212 101.8181818181818 102.4242424242424 103.030303030303 103.6363636363636 104.2424242424242 104.8484848484848 105.4545454545455 106.0606060606061 106.6666666666667 107.2727272727273 107.8787878787879 108.4848484848485 109.0909090909091 109.6969696969697 110.3030303030303 110.9090909090909 111.5151515151515 112.1212121212121 112.7272727272727 113.3333333333333 113.9393939393939 114.5454545454546 115.1515151515152 115.7575757575758 116.3636363636364 116.969696969697 117.5757575757576 118.1818181818182 118.7878787878788 119.3939393939394 120


# name: y
# type: matrix
# rows: 100
# columns: 1
 1554080.299456331
 1554695.427157025
 1555283.874169104
 1555846.23204354
 1556383.092331302
 1556895.04658336
 1557382.686350685
 1557846.603184247
 1558287.388635016
 1558705.634253962
 1559101.931592057
 1559476.87220027
 1559831.047629571
 1560165.04943093
 1560479.469155318
 1560774.898353705
 1561051.928577062
 1561311.151376358
 1561553.158302564
 1561778.54090665
 1561987.890739586
 1562181.799352343
 1562360.858295891
 1562525.6591212
 1562676.79337924
 1562814.852620981
 1562940.428397395
 1563054.112259451
 1563156.495758119
 1563248.170444369
 1563329.727869173
 1563401.7595835
 1563464.857138319
 1563519.612084603
 1563566.615973321
 1563606.460355442
 1563639.736781938
 1563667.036803779
 1563688.951971934
 1563706.073837375
 1563718.993951071
 1563728.303863993
 1563734.595127111
 1563738.459291394
 1563740.487907815
 1563741.272527341
 1563741.404700945
 1563741.475979596
 1563742.077914265
 1563743.802055921
 1563747.239955535
 1563752.983164077
 1563761.623232518
 1563773.751711827
 1563789.960152976
 1563810.840106933
 1563836.98312467
 1563868.980757157
 1563907.424555364
 1563952.906070261
 1564006.016852818
 1564067.348454006
 1564137.492424796
 1564217.040316156
 1564306.583679058
 1564406.714064472
 1564518.023023367
 1564641.102106715
 1564776.542865486
 1564924.936850649
 1565086.875613175
 1565262.950704035
 1565453.753674198
 1565659.876074635
 1565881.909456316
 1566120.445370211
 1566376.075367291
 1566649.390998525
 1566940.983814885
 1567251.44536734
 1567581.36720686
 1567931.340884416
 1568301.957950979
 1568693.809957517
 1569107.488455002
 1569543.584994404
 1570002.691126694
 1570485.39840284
 1570992.298373814
 1571523.982590586
 1572081.042604126
 1572664.069965404
 1573273.656225391
 1573910.392935057
 1574574.871645372
 1575267.683907307
 1575989.421271831
 1576740.675289914
 1577522.037512528
 1578334.099490643


# name: QUERY
# type: sq_string
# elements: 1
# length: 2
R4


# name: DATASIZE
# type: sq_string
# elements: 1
# length: 4
1000


