# Created by Octave 3.8.2, Mon May 23 09:48:36 2016 CEST <Andrea@Andreas-MacBook-Pro.local>
# name: x
# type: matrix
# rows: 1
# columns: 100
 8 8.121212121212121 8.242424242424242 8.363636363636363 8.484848484848484 8.606060606060606 8.727272727272727 8.848484848484848 8.969696969696971 9.09090909090909 9.212121212121211 9.333333333333332 9.454545454545455 9.575757575757574 9.696969696969697 9.818181818181818 9.939393939393939 10.06060606060606 10.18181818181818 10.3030303030303 10.42424242424242 10.54545454545454 10.66666666666667 10.78787878787879 10.90909090909091 11.03030303030303 11.15151515151515 11.27272727272727 11.39393939393939 11.51515151515152 11.63636363636364 11.75757575757576 11.87878787878788 12 12.12121212121212 12.24242424242424 12.36363636363636 12.48484848484848 12.60606060606061 12.72727272727273 12.84848484848485 12.96969696969697 13.09090909090909 13.21212121212121 13.33333333333333 13.45454545454545 13.57575757575758 13.6969696969697 13.81818181818182 13.93939393939394 14.06060606060606 14.18181818181818 14.3030303030303 14.42424242424242 14.54545454545454 14.66666666666667 14.78787878787879 14.90909090909091 15.03030303030303 15.15151515151515 15.27272727272727 15.39393939393939 15.51515151515152 15.63636363636364 15.75757575757576 15.87878787878788 16 16.12121212121212 16.24242424242424 16.36363636363636 16.48484848484848 16.60606060606061 16.72727272727273 16.84848484848485 16.96969696969697 17.09090909090909 17.21212121212121 17.33333333333334 17.45454545454545 17.57575757575757 17.6969696969697 17.81818181818182 17.93939393939394 18.06060606060606 18.18181818181818 18.3030303030303 18.42424242424242 18.54545454545454 18.66666666666667 18.78787878787879 18.90909090909091 19.03030303030303 19.15151515151515 19.27272727272727 19.39393939393939 19.51515151515152 19.63636363636364 19.75757575757576 19.87878787878788 20


# name: y
# type: matrix
# rows: 100
# columns: 1
 232210.921340082
 232428.6009944577
 232602.5929020401
 232732.4265131693
 232817.7737270577
 232858.4467324872
 232854.3948556166
 232805.7004633131
 232712.5739797206
 232575.3480822244
 232394.4711504596
 232170.500048455
 231904.0923253548
 231595.9979243563
 231247.0504925323
 230858.1583860643
 230430.2954661046
 229964.4917800551
 229461.8242215404
 228923.4072598297
 228350.3838260086
 227743.9164388992
 227105.1786486909
 226435.3468705595
 225735.5926743529
 225007.0755898028
 224250.9364798043
 223468.2915272006
 222660.2268733112
 221827.7939392614
 220972.0054540874
 220093.8322066786
 219194.2005319621
 218273.9905353603
 217334.0350535343
 216375.1193437595
 215397.981489014
 214403.3135009716
 213391.7630985928
 212363.9361358755
 211320.3996485331
 210261.6854858963
 209188.2944911286
 208100.7011898918
 206999.3589448314
 205884.7055306618
 204757.1690821591
 203617.1743650036
 202465.1493171237
 201301.5318059614
 200126.7765449077
 198941.362110041
 197745.7979962608
 196540.6316499665
 195326.4554136211
 194103.9133159055
 192873.7076397688
 191636.6051995657
 190393.4432577197
 189145.135011025
 187892.6745768748
 186637.1414104557
 185379.7040853413
 184121.6233720279
 182864.2545518291
 181609.0489072456
 180357.5543344815
 179111.4150292161
 177872.3702030702
 176642.2517954258
 175422.981153329
 174216.5646611044
 173025.0883109546
 171850.7112161391
 170695.6580792271
 169562.2106392652
 168452.6981333878
 167369.4868202484
 166314.968624533
 165291.548973547
 164301.6339082772
 163347.6165622418
 162431.8631116803
 161556.6983100162
 160724.3907278976
 159937.1378273065
 159197.0510041006
 158506.1407377684
 157866.3019900396
 157279.2999952053
 156746.7565845014
 156270.1371846601
 155850.7386267225
 155489.6778954424
 155187.8819421492
 154946.0786748394
 154764.7892286301
 154644.3216076611
 154584.7657762132
 154585.9902623984


# name: QUERY
# type: sq_string
# elements: 1
# length: 2
Q3


# name: DATASIZE
# type: sq_string
# elements: 1
# length: 2
50


