# Created by Octave 3.8.2, Mon May 23 09:48:36 2016 CEST <Andrea@Andreas-MacBook-Pro.local>
# name: x
# type: matrix
# rows: 1
# columns: 100
 8 8.121212121212121 8.242424242424242 8.363636363636363 8.484848484848484 8.606060606060606 8.727272727272727 8.848484848484848 8.969696969696971 9.09090909090909 9.212121212121211 9.333333333333332 9.454545454545455 9.575757575757574 9.696969696969697 9.818181818181818 9.939393939393939 10.06060606060606 10.18181818181818 10.3030303030303 10.42424242424242 10.54545454545454 10.66666666666667 10.78787878787879 10.90909090909091 11.03030303030303 11.15151515151515 11.27272727272727 11.39393939393939 11.51515151515152 11.63636363636364 11.75757575757576 11.87878787878788 12 12.12121212121212 12.24242424242424 12.36363636363636 12.48484848484848 12.60606060606061 12.72727272727273 12.84848484848485 12.96969696969697 13.09090909090909 13.21212121212121 13.33333333333333 13.45454545454545 13.57575757575758 13.6969696969697 13.81818181818182 13.93939393939394 14.06060606060606 14.18181818181818 14.3030303030303 14.42424242424242 14.54545454545454 14.66666666666667 14.78787878787879 14.90909090909091 15.03030303030303 15.15151515151515 15.27272727272727 15.39393939393939 15.51515151515152 15.63636363636364 15.75757575757576 15.87878787878788 16 16.12121212121212 16.24242424242424 16.36363636363636 16.48484848484848 16.60606060606061 16.72727272727273 16.84848484848485 16.96969696969697 17.09090909090909 17.21212121212121 17.33333333333334 17.45454545454545 17.57575757575757 17.6969696969697 17.81818181818182 17.93939393939394 18.06060606060606 18.18181818181818 18.3030303030303 18.42424242424242 18.54545454545454 18.66666666666667 18.78787878787879 18.90909090909091 19.03030303030303 19.15151515151515 19.27272727272727 19.39393939393939 19.51515151515152 19.63636363636364 19.75757575757576 19.87878787878788 20


# name: y
# type: matrix
# rows: 100
# columns: 1
 241071.4349193998
 240156.4975068166
 239241.5600942334
 238326.6226816501
 237411.6852690669
 236496.7478564836
 235581.8104439004
 234666.8730313171
 233751.9356187339
 232836.9982061506
 231922.0607935674
 231007.1233809841
 230092.1859684009
 229177.2485558176
 228262.3111432344
 227347.3737306511
 226432.4363180679
 225517.4989054846
 224602.5614929014
 223687.6240803181
 222772.6866677349
 221857.7492551516
 220942.8118425684
 220027.8744299851
 219112.9370174019
 218197.9996048186
 217283.0621922354
 216368.1247796521
 215453.1873670689
 214538.2499544857
 213623.3125419024
 212708.3751293191
 211793.4377167359
 210878.5003041526
 209963.5628915694
 209048.6254789862
 208133.6880664029
 207218.7506538196
 206303.8132412364
 205388.8758286532
 204473.9384160699
 203559.0010034867
 202644.0635909034
 201729.1261783202
 200814.1887657369
 199899.2513531537
 198984.3139405704
 198069.3765279872
 197154.4391154039
 196239.5017028207
 195324.5642902374
 194409.6268776542
 193494.6894650709
 192579.7520524877
 191664.8146399044
 190749.8772273212
 189834.9398147379
 188920.0024021547
 188005.0649895714
 187090.1275769882
 186175.190164405
 185260.2527518217
 184345.3153392384
 183430.3779266552
 182515.440514072
 181600.5031014887
 180685.5656889055
 179770.6282763222
 178855.6908637389
 177940.7534511557
 177025.8160385725
 176110.8786259892
 175195.941213406
 174281.0038008227
 173366.0663882394
 172451.1289756562
 171536.191563073
 170621.2541504897
 169706.3167379065
 168791.3793253232
 167876.44191274
 166961.5045001567
 166046.5670875735
 165131.6296749902
 164216.692262407
 163301.7548498237
 162386.8174372405
 161471.8800246572
 160556.942612074
 159642.0051994907
 158727.0677869075
 157812.1303743242
 156897.192961741
 155982.2555491577
 155067.3181365745
 154152.3807239912
 153237.443311408
 152322.5058988247
 151407.5684862415
 150492.6310736582


# name: QUERY
# type: sq_string
# elements: 1
# length: 2
Q3


# name: DATASIZE
# type: sq_string
# elements: 1
# length: 2
50


