# Created by Octave 3.8.2, Mon May 23 09:48:36 2016 CEST <Andrea@Andreas-MacBook-Pro.local>
# name: x
# type: matrix
# rows: 1
# columns: 100
 8 8.121212121212121 8.242424242424242 8.363636363636363 8.484848484848484 8.606060606060606 8.727272727272727 8.848484848484848 8.969696969696971 9.09090909090909 9.212121212121211 9.333333333333332 9.454545454545455 9.575757575757574 9.696969696969697 9.818181818181818 9.939393939393939 10.06060606060606 10.18181818181818 10.3030303030303 10.42424242424242 10.54545454545454 10.66666666666667 10.78787878787879 10.90909090909091 11.03030303030303 11.15151515151515 11.27272727272727 11.39393939393939 11.51515151515152 11.63636363636364 11.75757575757576 11.87878787878788 12 12.12121212121212 12.24242424242424 12.36363636363636 12.48484848484848 12.60606060606061 12.72727272727273 12.84848484848485 12.96969696969697 13.09090909090909 13.21212121212121 13.33333333333333 13.45454545454545 13.57575757575758 13.6969696969697 13.81818181818182 13.93939393939394 14.06060606060606 14.18181818181818 14.3030303030303 14.42424242424242 14.54545454545454 14.66666666666667 14.78787878787879 14.90909090909091 15.03030303030303 15.15151515151515 15.27272727272727 15.39393939393939 15.51515151515152 15.63636363636364 15.75757575757576 15.87878787878788 16 16.12121212121212 16.24242424242424 16.36363636363636 16.48484848484848 16.60606060606061 16.72727272727273 16.84848484848485 16.96969696969697 17.09090909090909 17.21212121212121 17.33333333333334 17.45454545454545 17.57575757575757 17.6969696969697 17.81818181818182 17.93939393939394 18.06060606060606 18.18181818181818 18.3030303030303 18.42424242424242 18.54545454545454 18.66666666666667 18.78787878787879 18.90909090909091 19.03030303030303 19.15151515151515 19.27272727272727 19.39393939393939 19.51515151515152 19.63636363636364 19.75757575757576 19.87878787878788 20


# name: y
# type: matrix
# rows: 1
# columns: 100
 244949.3549581006 243991.2763225834 243033.1976870662 242075.119051549 241117.0404160318 240158.9617805146 239200.8831449975 238242.8045094803 237284.7258739631 236326.6472384459 235368.5686029287 234410.4899674116 233452.4113318943 232494.3326963772 231536.25406086 230578.1754253428 229620.0967898256 228662.0181543084 227703.9395187913 226745.8608832741 225787.7822477569 224829.7036122397 223871.6249767225 222913.5463412053 221955.4677056881 220997.389070171 220039.3104346538 219081.2317991366 218123.1531636194 217165.0745281022 216206.9958925851 215248.9172570679 214290.8386215507 213332.7599860335 212374.6813505163 211416.6027149991 210458.524079482 209500.4454439648 208542.3668084476 207584.2881729304 206626.2095374132 205668.130901896 204710.0522663789 203751.9736308617 202793.8949953445 201835.8163598273 200877.7377243101 199919.6590887929 198961.5804532758 198003.5018177586 197045.4231822414 196087.3445467242 195129.265911207 194171.1872756899 193213.1086401727 192255.0300046555 191296.9513691383 190338.8727336211 189380.7940981039 188422.7154625868 187464.6368270696 186506.5581915524 185548.4795560352 184590.400920518 183632.3222850008 182674.2436494837 181716.1650139665 180758.0863784493 179800.0077429321 178841.9291074149 177883.8504718977 176925.7718363806 175967.6932008634 175009.6145653462 174051.535929829 173093.4572943118 172135.3786587947 171177.3000232775 170219.2213877603 169261.1427522431 168303.0641167259 167344.9854812087 166386.9068456916 165428.8282101744 164470.7495746572 163512.67093914 162554.5923036228 161596.5136681056 160638.4350325884 159680.3563970713 158722.2777615541 157764.1991260369 156806.1204905197 155848.0418550025 154889.9632194854 153931.8845839681 152973.805948451 152015.7273129338 151057.6486774166 150099.5700418994


# name: QUERY
# type: sq_string
# elements: 1
# length: 2
Q3


# name: DATASIZE
# type: sq_string
# elements: 1
# length: 2
50


