# Created by Octave 3.8.2, Mon May 23 09:48:35 2016 CEST <Andrea@Andreas-MacBook-Pro.local>
# name: SVs
# type: cell
# rows: 1
# columns: 7
# name: <cell-element>
# type: sparse matrix
# nnz: 34
# rows: 34
# columns: 1
1 1 1.333229162597338
2 1 1.333229162597338
3 1 -0.4444097208657794
4 1 0.4444097208657794
5 1 0.4444097208657794
6 1 1.333229162597338
7 1 0.4444097208657794
8 1 -0.4444097208657794
9 1 0.4444097208657794
10 1 -0.4444097208657794
11 1 0.4444097208657794
12 1 -0.4444097208657794
13 1 1.333229162597338
14 1 -1.333229162597338
15 1 -1.333229162597338
16 1 -0.4444097208657794
17 1 0.4444097208657794
18 1 1.333229162597338
19 1 0.4444097208657794
20 1 1.333229162597338
21 1 -0.4444097208657794
22 1 0.4444097208657794
23 1 1.333229162597338
24 1 -0.4444097208657794
25 1 0.4444097208657794
26 1 0.4444097208657794
27 1 0.4444097208657794
28 1 1.333229162597338
29 1 -1.333229162597338
30 1 -1.333229162597338
31 1 -0.4444097208657794
32 1 0.4444097208657794
33 1 1.333229162597338
34 1 1.333229162597338



# name: <cell-element>
# type: sparse matrix
# nnz: 0
# rows: 0
# columns: 1



# name: <cell-element>
# type: sparse matrix
# nnz: 12
# rows: 12
# columns: 1
1 1 -0.4444097208657794
2 1 0.4444097208657794
3 1 0.4444097208657794
4 1 -0.4444097208657794
5 1 0.4444097208657794
6 1 -0.4444097208657794
7 1 1.333229162597338
8 1 -1.333229162597338
9 1 0.4444097208657794
10 1 -0.4444097208657794
11 1 0.4444097208657794
12 1 0.4444097208657794



# name: <cell-element>
# type: sparse matrix
# nnz: 0
# rows: 0
# columns: 1



# name: <cell-element>
# type: sparse matrix
# nnz: 0
# rows: 0
# columns: 1



# name: <cell-element>
# type: sparse matrix
# nnz: 17
# rows: 17
# columns: 1
1 1 1.333229162597338
2 1 1.333229162597338
3 1 0.4444097208657794
4 1 -0.4444097208657794
5 1 0.4444097208657794
6 1 0.4444097208657794
7 1 1.333229162597338
8 1 -1.333229162597338
9 1 -0.4444097208657794
10 1 0.4444097208657794
11 1 1.333229162597338
12 1 0.4444097208657794
13 1 1.333229162597338
14 1 0.4444097208657794
15 1 -1.333229162597338
16 1 0.4444097208657794
17 1 1.333229162597338



# name: <cell-element>
# type: scalar
0





# name: coefficients
# type: cell
# rows: 1
# columns: 7
# name: <cell-element>
# type: matrix
# rows: 34
# columns: 1
 -0.1
 -0.1
 0.1
 -0.1
 -0.1
 -0.1
 -0.1
 0.1
 -0.1
 0.1
 0.1
 0.1
 0.1
 0.1
 0.04777387896222094
 -0.1
 0.1
 0.1
 -0.04777387896222098
 -0.1
 0.1
 -0.1
 0.1
 0.1
 -0.1
 -0.1
 0.1
 -0.1
 -0.1
 0.1
 0.1
 -0.1
 -0.1
 0.1



# name: <cell-element>
# type: matrix
# rows: 0
# columns: 1



# name: <cell-element>
# type: matrix
# rows: 12
# columns: 1
 5
 -5
 -5
 5
 -5
 5
 5
 3.420363385827473
 -5
 5
 -3.42036338582747
 -5



# name: <cell-element>
# type: matrix
# rows: 0
# columns: 1



# name: <cell-element>
# type: matrix
# rows: 0
# columns: 1



# name: <cell-element>
# type: matrix
# rows: 17
# columns: 1
 -0.87368
 -0.87368
 -0.87368
 0.87368
 -0.87368
 0.87368
 0.87368
 0.87368
 -0.5311673434306863
 0.87368
 -0.87368
 -0.1104930518908177
 0.87368
 0.87368
 0.03051823774519146
 -0.87368
 -0.2625378424236876



# name: <cell-element>
# type: scalar
0





# name: b
# type: cell
# rows: 1
# columns: 7
# name: <cell-element>
# type: scalar
-0.04994687202664137



# name: <cell-element>
# type: scalar
-0.02660011446127053



# name: <cell-element>
# type: scalar
-0.06181591453154145



# name: <cell-element>
# type: scalar
-0.02660011446127053



# name: <cell-element>
# type: scalar
-0.02660011446127053



# name: <cell-element>
# type: scalar
-0.05973996725266528



# name: <cell-element>
# type: scalar
0





# name: models
# type: cell
# rows: 1
# columns: 7
# name: <cell-element>
# type: scalar struct
# ndims: 2
 1 1
# length: 11
# name: Parameters
# type: matrix
# rows: 5
# columns: 1
 3
 0
 3
 1
 0


# name: nr_class
# type: scalar
2


# name: totalSV
# type: scalar
34


# name: rho
# type: scalar
0.04994687202664137


# name: Label
# type: matrix
# rows: 0
# columns: 0


# name: sv_indices
# type: matrix
# rows: 34
# columns: 1
 1
 2
 7
 9
 11
 12
 14
 15
 16
 17
 18
 19
 20
 21
 23
 24
 26
 27
 28
 29
 30
 32
 34
 35
 36
 38
 39
 40
 41
 42
 43
 44
 45
 46


# name: ProbA
# type: matrix
# rows: 0
# columns: 0


# name: ProbB
# type: matrix
# rows: 0
# columns: 0


# name: nSV
# type: matrix
# rows: 0
# columns: 0


# name: sv_coef
# type: matrix
# rows: 34
# columns: 1
 -0.1
 -0.1
 0.1
 -0.1
 -0.1
 -0.1
 -0.1
 0.1
 -0.1
 0.1
 0.1
 0.1
 0.1
 0.1
 0.04777387896222094
 -0.1
 0.1
 0.1
 -0.04777387896222098
 -0.1
 0.1
 -0.1
 0.1
 0.1
 -0.1
 -0.1
 0.1
 -0.1
 -0.1
 0.1
 0.1
 -0.1
 -0.1
 0.1


# name: SVs
# type: sparse matrix
# nnz: 34
# rows: 34
# columns: 1
1 1 1.333229162597338
2 1 1.333229162597338
3 1 -0.4444097208657794
4 1 0.4444097208657794
5 1 0.4444097208657794
6 1 1.333229162597338
7 1 0.4444097208657794
8 1 -0.4444097208657794
9 1 0.4444097208657794
10 1 -0.4444097208657794
11 1 0.4444097208657794
12 1 -0.4444097208657794
13 1 1.333229162597338
14 1 -1.333229162597338
15 1 -1.333229162597338
16 1 -0.4444097208657794
17 1 0.4444097208657794
18 1 1.333229162597338
19 1 0.4444097208657794
20 1 1.333229162597338
21 1 -0.4444097208657794
22 1 0.4444097208657794
23 1 1.333229162597338
24 1 -0.4444097208657794
25 1 0.4444097208657794
26 1 0.4444097208657794
27 1 0.4444097208657794
28 1 1.333229162597338
29 1 -1.333229162597338
30 1 -1.333229162597338
31 1 -0.4444097208657794
32 1 0.4444097208657794
33 1 1.333229162597338
34 1 1.333229162597338





# name: <cell-element>
# type: scalar struct
# ndims: 2
 1 1
# length: 11
# name: Parameters
# type: matrix
# rows: 5
# columns: 1
 3
 1
 2
 1
 0


# name: nr_class
# type: scalar
2


# name: totalSV
# type: scalar
0


# name: rho
# type: scalar
0.02660011446127053


# name: Label
# type: matrix
# rows: 0
# columns: 0


# name: sv_indices
# type: matrix
# rows: 0
# columns: 1


# name: ProbA
# type: matrix
# rows: 0
# columns: 0


# name: ProbB
# type: matrix
# rows: 0
# columns: 0


# name: nSV
# type: matrix
# rows: 0
# columns: 0


# name: sv_coef
# type: matrix
# rows: 0
# columns: 1


# name: SVs
# type: sparse matrix
# nnz: 0
# rows: 0
# columns: 1





# name: <cell-element>
# type: scalar struct
# ndims: 2
 1 1
# length: 11
# name: Parameters
# type: matrix
# rows: 5
# columns: 1
 3
 1
 3
 1
 0


# name: nr_class
# type: scalar
2


# name: totalSV
# type: scalar
12


# name: rho
# type: scalar
0.06181591453154145


# name: Label
# type: matrix
# rows: 0
# columns: 0


# name: sv_indices
# type: matrix
# rows: 12
# columns: 1
 7
 9
 11
 15
 16
 17
 20
 21
 32
 35
 38
 44


# name: ProbA
# type: matrix
# rows: 0
# columns: 0


# name: ProbB
# type: matrix
# rows: 0
# columns: 0


# name: nSV
# type: matrix
# rows: 0
# columns: 0


# name: sv_coef
# type: matrix
# rows: 12
# columns: 1
 5
 -5
 -5
 5
 -5
 5
 5
 3.420363385827473
 -5
 5
 -3.42036338582747
 -5


# name: SVs
# type: sparse matrix
# nnz: 12
# rows: 12
# columns: 1
1 1 -0.4444097208657794
2 1 0.4444097208657794
3 1 0.4444097208657794
4 1 -0.4444097208657794
5 1 0.4444097208657794
6 1 -0.4444097208657794
7 1 1.333229162597338
8 1 -1.333229162597338
9 1 0.4444097208657794
10 1 -0.4444097208657794
11 1 0.4444097208657794
12 1 0.4444097208657794





# name: <cell-element>
# type: scalar struct
# ndims: 2
 1 1
# length: 11
# name: Parameters
# type: matrix
# rows: 5
# columns: 1
 3
 1
 4
 1
 0


# name: nr_class
# type: scalar
2


# name: totalSV
# type: scalar
0


# name: rho
# type: scalar
0.02660011446127053


# name: Label
# type: matrix
# rows: 0
# columns: 0


# name: sv_indices
# type: matrix
# rows: 0
# columns: 1


# name: ProbA
# type: matrix
# rows: 0
# columns: 0


# name: ProbB
# type: matrix
# rows: 0
# columns: 0


# name: nSV
# type: matrix
# rows: 0
# columns: 0


# name: sv_coef
# type: matrix
# rows: 0
# columns: 1


# name: SVs
# type: sparse matrix
# nnz: 0
# rows: 0
# columns: 1





# name: <cell-element>
# type: scalar struct
# ndims: 2
 1 1
# length: 11
