# Created by Octave 3.8.2, Mon May 23 09:48:28 2016 CEST <Andrea@Andreas-MacBook-Pro.local>
# name: mu
# type: matrix
# rows: 1
# columns: 2
 197524.4625 14


# name: sigma
# type: matrix
# rows: 1
# columns: 2
 34885.65815576082 4.500351603704096


