# Created by Octave 3.8.2, Mon May 23 09:48:36 2016 CEST <Andrea@Andreas-MacBook-Pro.local>
# name: x
# type: matrix
# rows: 1
# columns: 100
 8 8.121212121212121 8.242424242424242 8.363636363636363 8.484848484848484 8.606060606060606 8.727272727272727 8.848484848484848 8.969696969696971 9.09090909090909 9.212121212121211 9.333333333333332 9.454545454545455 9.575757575757574 9.696969696969697 9.818181818181818 9.939393939393939 10.06060606060606 10.18181818181818 10.3030303030303 10.42424242424242 10.54545454545454 10.66666666666667 10.78787878787879 10.90909090909091 11.03030303030303 11.15151515151515 11.27272727272727 11.39393939393939 11.51515151515152 11.63636363636364 11.75757575757576 11.87878787878788 12 12.12121212121212 12.24242424242424 12.36363636363636 12.48484848484848 12.60606060606061 12.72727272727273 12.84848484848485 12.96969696969697 13.09090909090909 13.21212121212121 13.33333333333333 13.45454545454545 13.57575757575758 13.6969696969697 13.81818181818182 13.93939393939394 14.06060606060606 14.18181818181818 14.3030303030303 14.42424242424242 14.54545454545454 14.66666666666667 14.78787878787879 14.90909090909091 15.03030303030303 15.15151515151515 15.27272727272727 15.39393939393939 15.51515151515152 15.63636363636364 15.75757575757576 15.87878787878788 16 16.12121212121212 16.24242424242424 16.36363636363636 16.48484848484848 16.60606060606061 16.72727272727273 16.84848484848485 16.96969696969697 17.09090909090909 17.21212121212121 17.33333333333334 17.45454545454545 17.57575757575757 17.6969696969697 17.81818181818182 17.93939393939394 18.06060606060606 18.18181818181818 18.3030303030303 18.42424242424242 18.54545454545454 18.66666666666667 18.78787878787879 18.90909090909091 19.03030303030303 19.15151515151515 19.27272727272727 19.39393939393939 19.51515151515152 19.63636363636364 19.75757575757576 19.87878787878788 20


# name: y
# type: matrix
# rows: 100
# columns: 1
 237237.7802375312
 234751.1349094844
 232364.9461518
 230077.1426949858
 227885.6532695497
 225788.406606
 223783.3314348441
 221868.3564865908
 220041.4104917474
 218300.4221808222
 216643.3202843234
 215068.0335327586
 213572.490656636
 212154.6203864636
 210812.3514527493
 209543.6125860011
 208346.3325167272
 207218.4399754353
 206157.8636926336
 205162.53239883
 204230.3748245326
 203359.3197002493
 202547.2957564881
 201792.231723757
 201092.056332564
 200444.6983134172
 199848.0863968245
 199300.1493132938
 198798.8157933333
 198342.0145674509
 197927.6743661545
 197553.7239199522
 197218.091959352
 196918.7072148619
 196653.4984169898
 196420.3942962438
 196217.3235831319
 196042.215008162
 195892.9973018423
 195767.5991946805
 195663.9494171848
 195579.9766998631
 195513.6097732235
 195462.7773677739
 195425.4082140223
 195399.4310424767
 195382.7745836452
 195373.3675680357
 195369.1387261562
 195368.0167885147
 195367.9304856192
 195366.8085479776
 195362.5797060982
 195353.1726904886
 195336.5162316571
 195310.5390601115
 195273.16990636
 195222.3375009104
 195155.9705742707
 195071.997856949
 194968.3480794533
 194842.9499722916
 194693.7322659718
 194518.6236910019
 194315.55297789
 194082.448857144
 193817.2400592719
 193517.8553147818
 193182.2233541816
 192808.2729079793
 192393.932706683
 191937.1314808005
 191435.79796084
 190887.8608773093
 190291.2489607166
 189643.8909415698
 188943.7155503768
 188188.6515176457
 187376.6275738846
 186505.5724496013
 185573.4148753038
 184578.0835815003
 183517.5072986986
 182389.6147574066
 181192.3346881327
 179923.5958213845
 178581.3268876702
 177163.4566174979
 175667.9137413752
 174092.6269898106
 172435.5250933115
 170694.5367823865
 168867.590787543
 166952.6158392897
 164947.540668134
 162850.2940045841
 160658.804579148
 158371.0011223338
 155984.8123646494
 153498.1670366027


# name: QUERY
# type: sq_string
# elements: 1
# length: 2
Q3


# name: DATASIZE
# type: sq_string
# elements: 1
# length: 2
50


