# Created by Octave 4.0.0, Mon May 23 11:57:32 2016 CEST <peter@Independence>
# name: x
# type: matrix
# rows: 1
# columns: 100
 0.008333333333333333 0.008417508417508417 0.008501683501683501 0.008585858585858586 0.00867003367003367 0.008754208754208754 0.008838383838383838 0.008922558922558922 0.009006734006734006 0.00909090909090909 0.009175084175084176 0.009259259259259259 0.009343434343434345 0.009427609427609427 0.009511784511784513 0.009595959595959595 0.009680134680134681 0.009764309764309765 0.009848484848484848 0.009932659932659932 0.01001683501683502 0.0101010101010101 0.01018518518518519 0.01026936026936027 0.01035353535353535 0.01043771043771044 0.01052188552188552 0.01060606060606061 0.01069023569023569 0.01077441077441077 0.01085858585858586 0.01094276094276094 0.01102693602693603 0.01111111111111111 0.0111952861952862 0.01127946127946128 0.01136363636363636 0.01144781144781145 0.01153198653198653 0.01161616161616162 0.0117003367003367 0.01178451178451178 0.01186868686868687 0.01195286195286195 0.01203703703703704 0.01212121212121212 0.01220538720538721 0.01228956228956229 0.01237373737373737 0.01245791245791246 0.01254208754208754 0.01262626262626263 0.01271043771043771 0.01279461279461279 0.01287878787878788 0.01296296296296296 0.01304713804713805 0.01313131313131313 0.01321548821548822 0.0132996632996633 0.01338383838383838 0.01346801346801347 0.01355218855218855 0.01363636363636364 0.01372053872053872 0.0138047138047138 0.01388888888888889 0.01397306397306397 0.01405723905723906 0.01414141414141414 0.01422558922558922 0.01430976430976431 0.01439393939393939 0.01447811447811448 0.01456228956228956 0.01464646464646465 0.01473063973063973 0.01481481481481481 0.0148989898989899 0.01498316498316498 0.01506734006734007 0.01515151515151515 0.01523569023569023 0.01531986531986532 0.0154040404040404 0.01548821548821549 0.01557239057239057 0.01565656565656566 0.01574074074074074 0.01582491582491583 0.01590909090909091 0.01599326599326599 0.01607744107744108 0.01616161616161616 0.01624579124579124 0.01632996632996633 0.01641414141414141 0.0164983164983165 0.01658249158249158 0.01666666666666667


# name: y
# type: matrix
# rows: 100
# columns: 1
 34772.83866639303
 34764.30877947748
 34757.2306124633
 34751.60636567792
 34747.43712539287
 34744.7228626999
 34743.46243385002
 34743.65358205767
 34745.29294076926
 34748.37603839303
 34752.89730448445
 34758.85007737836
 34766.22661325691
 34775.01809663927
 34785.21465227679
 34796.80535843445
 34809.77826153704
 34824.12039215604
 34839.81778231046
 34856.85548405268
 34875.21758930814
 34894.88725093491
 34915.84670496755
 34938.07729400709
 34961.55949171709
 34986.27292838378
 35012.19641749614
 35039.30798330045
 35067.58488928152
 35097.00366752169
 35127.54014888713
 35159.1694939892
 35191.86622486793
 35225.60425734303
 35260.35693397702
 35296.09705759415
 35332.79692529784
 35370.4283629289
 35408.96275990593
 35448.37110438917
 35488.62401870863
 35529.69179499692
 35571.54443096774
 35614.15166578032
 35657.48301593081
 35701.50781111185
 35746.19522998175
 35791.51433578552
 35837.43411177061
 35883.92349634094
 35930.95141789385
 35978.48682928528
 36026.49874187038
 36074.95625906686
 36123.82860939089
 36173.08517891589
 36222.69554310672
 36272.62949798295
 36322.8570905669
 36373.34864857378
 36424.07480930298
 36475.00654769211
 36526.11520349645
 36577.37250755939
 36628.75060714097
 36680.22209027424
 36731.76000912093
 36783.33790230068
 36834.92981616979
 36886.51032502818
 36938.05455023561
 36989.53817822011
 37040.9374773644
 37092.22931375822
 37143.39116580695
 37194.40113768892
 37245.237971657
 37295.88105918103
 37346.31045093136
 37396.50686560514
 37446.45169759944
 37496.12702353773
 37545.51560765793
 37594.60090607298
 37643.36706991625
 37691.7989473866
 37739.88208470964
 37787.60272603369
 37834.94781228054
 37881.90497897311
 37928.46255306377
 37974.6095487882
 38020.33566257179
 38065.63126701664
 38110.4874039986
 38154.895776905
 38198.84874204494
 38242.33929926523
 38285.36108180563
 38327.90834542821


# name: QUERY
# type: sq_string
# elements: 1
# length: 2
R5


# name: DATASIZE
# type: sq_string
# elements: 1
# length: 4
1000


