# Created by Octave 3.8.2, Wed May 18 09:30:11 2016 CEST <Andrea@Andreas-MacBook-Pro.local>
# name: x
# type: matrix
# rows: 1
# columns: 100
 0.008333333333333333 0.008417508417508417 0.008501683501683501 0.008585858585858586 0.00867003367003367 0.008754208754208754 0.008838383838383838 0.008922558922558922 0.009006734006734006 0.00909090909090909 0.009175084175084176 0.009259259259259259 0.009343434343434345 0.009427609427609427 0.009511784511784513 0.009595959595959595 0.009680134680134681 0.009764309764309765 0.009848484848484848 0.009932659932659932 0.01001683501683502 0.0101010101010101 0.01018518518518519 0.01026936026936027 0.01035353535353535 0.01043771043771044 0.01052188552188552 0.01060606060606061 0.01069023569023569 0.01077441077441077 0.01085858585858586 0.01094276094276094 0.01102693602693603 0.01111111111111111 0.0111952861952862 0.01127946127946128 0.01136363636363636 0.01144781144781145 0.01153198653198653 0.01161616161616162 0.0117003367003367 0.01178451178451178 0.01186868686868687 0.01195286195286195 0.01203703703703704 0.01212121212121212 0.01220538720538721 0.01228956228956229 0.01237373737373737 0.01245791245791246 0.01254208754208754 0.01262626262626263 0.01271043771043771 0.01279461279461279 0.01287878787878788 0.01296296296296296 0.01304713804713805 0.01313131313131313 0.01321548821548822 0.0132996632996633 0.01338383838383838 0.01346801346801347 0.01355218855218855 0.01363636363636364 0.01372053872053872 0.0138047138047138 0.01388888888888889 0.01397306397306397 0.01405723905723906 0.01414141414141414 0.01422558922558922 0.01430976430976431 0.01439393939393939 0.01447811447811448 0.01456228956228956 0.01464646464646465 0.01473063973063973 0.01481481481481481 0.0148989898989899 0.01498316498316498 0.01506734006734007 0.01515151515151515 0.01523569023569023 0.01531986531986532 0.0154040404040404 0.01548821548821549 0.01557239057239057 0.01565656565656566 0.01574074074074074 0.01582491582491583 0.01590909090909091 0.01599326599326599 0.01607744107744108 0.01616161616161616 0.01624579124579124 0.01632996632996633 0.01641414141414141 0.0164983164983165 0.01658249158249158 0.01666666666666667


# name: y
# type: matrix
# rows: 100
# columns: 1
 35680.93808340914
 35649.12897740622
 35619.12645791339
 35590.94966662712
 35564.61627960412
 35540.14248491428
 35517.54296229884
 35496.830864873
 35478.01780290926
 35461.11382973284
 35446.12742975797
 35433.06550868805
 35421.9333859006
 35412.73478903207
 35405.47185077435
 35400.14510789032
 35396.75350245179
 35395.29438529821
 35395.7635217114
 35398.1550992961
 35402.46173805283
 35408.67450262488
 35416.78291669693
 35426.77497951931
 35438.63718452702
 35452.35454001928
 35467.91059186105
 35485.28744816426
 35504.4658059027
 35525.4249794109
 35548.14293071388
 35572.59630163078
 35598.76044759275
 35626.60947311198
 35656.11626883548
 35687.252550115
 35719.98889702109
 35754.29479572739
 35790.1386811883
 35827.48798103145
 35866.30916058421
 35906.56776895123
 35948.2284860595
 35991.25517058445
 36035.61090867067
 36081.25806335902
 36128.15832463116
 36176.27275998233
 36225.56186543201
 36275.98561688235
 36327.5035217341
 36380.07467066993
 36433.65778951507
 36488.21129108623
 36543.69332694008
 36600.06183893373
 36657.27461051048
 36715.28931762595
 36774.06357923027
 36833.55500722464
 36893.72125581174
 36954.52007016136
 37015.90933431551
 37077.84711825861
 37140.29172408125
 37203.20173116878
 37266.53604034808
 37330.25391692922
 37394.3150325813
 37458.67950598493
 37523.30794220694
 37588.16147074594
 37653.20178220091
 37718.39116351807
 37783.69253177504
 37849.06946646426
 37914.48624024172
 37979.90784811023
 38045.30003501007
 38110.62932179352
 38175.86302956349
 38240.96930235955
 38305.91712817903
 38370.67635832357
 38435.2177250657
 38499.5128576331
 38563.53429651185
 38627.25550607326
 38690.65088553224
 38753.69577824848
 38816.36647938473
 38878.64024193983
 38940.49528117694
 39001.91077747028
 39062.86687759696
 39123.34469450252
 39183.32630557191
 39242.79474944003
 39301.73402137811
 39360.12906729458


# name: QUERY
# type: sq_string
# elements: 1
# length: 2
R5


# name: DATASIZE
# type: sq_string
# elements: 1
# length: 4
1000


