# Created by Octave 4.0.0, Mon May 23 11:57:32 2016 CEST <peter@Independence>
# name: x
# type: matrix
# rows: 1
# columns: 100
 0.008333333333333333 0.008417508417508417 0.008501683501683501 0.008585858585858586 0.00867003367003367 0.008754208754208754 0.008838383838383838 0.008922558922558922 0.009006734006734006 0.00909090909090909 0.009175084175084176 0.009259259259259259 0.009343434343434345 0.009427609427609427 0.009511784511784513 0.009595959595959595 0.009680134680134681 0.009764309764309765 0.009848484848484848 0.009932659932659932 0.01001683501683502 0.0101010101010101 0.01018518518518519 0.01026936026936027 0.01035353535353535 0.01043771043771044 0.01052188552188552 0.01060606060606061 0.01069023569023569 0.01077441077441077 0.01085858585858586 0.01094276094276094 0.01102693602693603 0.01111111111111111 0.0111952861952862 0.01127946127946128 0.01136363636363636 0.01144781144781145 0.01153198653198653 0.01161616161616162 0.0117003367003367 0.01178451178451178 0.01186868686868687 0.01195286195286195 0.01203703703703704 0.01212121212121212 0.01220538720538721 0.01228956228956229 0.01237373737373737 0.01245791245791246 0.01254208754208754 0.01262626262626263 0.01271043771043771 0.01279461279461279 0.01287878787878788 0.01296296296296296 0.01304713804713805 0.01313131313131313 0.01321548821548822 0.0132996632996633 0.01338383838383838 0.01346801346801347 0.01355218855218855 0.01363636363636364 0.01372053872053872 0.0138047138047138 0.01388888888888889 0.01397306397306397 0.01405723905723906 0.01414141414141414 0.01422558922558922 0.01430976430976431 0.01439393939393939 0.01447811447811448 0.01456228956228956 0.01464646464646465 0.01473063973063973 0.01481481481481481 0.0148989898989899 0.01498316498316498 0.01506734006734007 0.01515151515151515 0.01523569023569023 0.01531986531986532 0.0154040404040404 0.01548821548821549 0.01557239057239057 0.01565656565656566 0.01574074074074074 0.01582491582491583 0.01590909090909091 0.01599326599326599 0.01607744107744108 0.01616161616161616 0.01624579124579124 0.01632996632996633 0.01641414141414141 0.0164983164983165 0.01658249158249158 0.01666666666666667


# name: y
# type: matrix
# rows: 100
# columns: 1
 38279.63371090689
 38278.3439262922
 38277.0541416775
 38275.76435706281
 38274.47457244812
 38273.18478783342
 38271.89500321872
 38270.60521860403
 38269.31543398933
 38268.02564937464
 38266.73586475995
 38265.44608014525
 38264.15629553056
 38262.86651091585
 38261.57672630117
 38260.28694168647
 38258.99715707178
 38257.70737245707
 38256.41758784238
 38255.12780322769
 38253.83801861299
 38252.5482339983
 38251.2584493836
 38249.96866476891
 38248.67888015421
 38247.38909553952
 38246.09931092482
 38244.80952631013
 38243.51974169543
 38242.22995708074
 38240.94017246604
 38239.65038785135
 38238.36060323665
 38237.07081862196
 38235.78103400727
 38234.49124939257
 38233.20146477788
 38231.91168016318
 38230.62189554849
 38229.33211093379
 38228.0423263191
 38226.7525417044
 38225.46275708971
 38224.17297247501
 38222.88318786032
 38221.59340324562
 38220.30361863093
 38219.01383401623
 38217.72404940154
 38216.43426478684
 38215.14448017214
 38213.85469555745
 38212.56491094275
 38211.27512632806
 38209.98534171336
 38208.69555709867
 38207.40577248398
 38206.11598786928
 38204.82620325458
 38203.53641863989
 38202.24663402519
 38200.9568494105
 38199.66706479581
 38198.37728018111
 38197.08749556641
 38195.79771095172
 38194.50792633702
 38193.21814172233
 38191.92835710764
 38190.63857249294
 38189.34878787825
 38188.05900326355
 38186.76921864885
 38185.47943403416
 38184.18964941947
 38182.89986480476
 38181.61008019007
 38180.32029557538
 38179.03051096069
 38177.74072634598
 38176.45094173129
 38175.16115711659
 38173.8713725019
 38172.58158788721
 38171.29180327252
 38170.00201865782
 38168.71223404313
 38167.42244942843
 38166.13266481373
 38164.84288019904
 38163.55309558434
 38162.26331096965
 38160.97352635496
 38159.68374174026
 38158.39395712556
 38157.10417251087
 38155.81438789618
 38154.52460328148
 38153.23481866677
 38151.9450340521


# name: QUERY
# type: sq_string
# elements: 1
# length: 2
R5


# name: DATASIZE
# type: sq_string
# elements: 1
# length: 4
1000


