# Created by Octave 4.0.0, Mon May 23 11:57:32 2016 CEST <peter@Independence>
# name: x
# type: matrix
# rows: 1
# columns: 100
 0.008333333333333333 0.008417508417508417 0.008501683501683501 0.008585858585858586 0.00867003367003367 0.008754208754208754 0.008838383838383838 0.008922558922558922 0.009006734006734006 0.00909090909090909 0.009175084175084176 0.009259259259259259 0.009343434343434345 0.009427609427609427 0.009511784511784513 0.009595959595959595 0.009680134680134681 0.009764309764309765 0.009848484848484848 0.009932659932659932 0.01001683501683502 0.0101010101010101 0.01018518518518519 0.01026936026936027 0.01035353535353535 0.01043771043771044 0.01052188552188552 0.01060606060606061 0.01069023569023569 0.01077441077441077 0.01085858585858586 0.01094276094276094 0.01102693602693603 0.01111111111111111 0.0111952861952862 0.01127946127946128 0.01136363636363636 0.01144781144781145 0.01153198653198653 0.01161616161616162 0.0117003367003367 0.01178451178451178 0.01186868686868687 0.01195286195286195 0.01203703703703704 0.01212121212121212 0.01220538720538721 0.01228956228956229 0.01237373737373737 0.01245791245791246 0.01254208754208754 0.01262626262626263 0.01271043771043771 0.01279461279461279 0.01287878787878788 0.01296296296296296 0.01304713804713805 0.01313131313131313 0.01321548821548822 0.0132996632996633 0.01338383838383838 0.01346801346801347 0.01355218855218855 0.01363636363636364 0.01372053872053872 0.0138047138047138 0.01388888888888889 0.01397306397306397 0.01405723905723906 0.01414141414141414 0.01422558922558922 0.01430976430976431 0.01439393939393939 0.01447811447811448 0.01456228956228956 0.01464646464646465 0.01473063973063973 0.01481481481481481 0.0148989898989899 0.01498316498316498 0.01506734006734007 0.01515151515151515 0.01523569023569023 0.01531986531986532 0.0154040404040404 0.01548821548821549 0.01557239057239057 0.01565656565656566 0.01574074074074074 0.01582491582491583 0.01590909090909091 0.01599326599326599 0.01607744107744108 0.01616161616161616 0.01624579124579124 0.01632996632996633 0.01641414141414141 0.0164983164983165 0.01658249158249158 0.01666666666666667


# name: y
# type: matrix
# rows: 1
# columns: 100
 38978.16595256348 38954.18720070297 38930.20844884246 38906.22969698196 38882.25094512145 38858.27219326095 38834.29344140044 38810.31468953994 38786.33593767943 38762.35718581893 38738.37843395842 38714.39968209792 38690.42093023741 38666.44217837691 38642.46342651641 38618.48467465591 38594.5059227954 38570.5271709349 38546.54841907439 38522.56966721389 38498.59091535338 38474.61216349288 38450.63341163237 38426.65465977186 38402.67590791136 38378.69715605085 38354.71840419035 38330.73965232984 38306.76090046934 38282.78214860884 38258.80339674834 38234.82464488783 38210.84589302733 38186.86714116682 38162.88838930632 38138.90963744581 38114.93088558531 38090.9521337248 38066.9733818643 38042.99463000379 38019.01587814329 37995.03712628278 37971.05837442228 37947.07962256177 37923.10087070127 37899.12211884077 37875.14336698026 37851.16461511976 37827.18586325925 37803.20711139875 37779.22835953824 37755.24960767774 37731.27085581723 37707.29210395673 37683.31335209622 37659.33460023572 37635.35584837521 37611.37709651471 37587.3983446542 37563.4195927937 37539.4408409332 37515.46208907269 37491.48333721219 37467.50458535168 37443.52583349118 37419.54708163067 37395.56832977017 37371.58957790966 37347.61082604916 37323.63207418865 37299.65332232815 37275.67457046764 37251.69581860714 37227.71706674663 37203.73831488613 37179.75956302563 37155.78081116512 37131.80205930462 37107.82330744412 37083.84455558361 37059.86580372311 37035.8870518626 37011.90830000209 36987.92954814159 36963.95079628108 36939.97204442058 36915.99329256007 36892.01454069957 36868.03578883906 36844.05703697856 36820.07828511806 36796.09953325755 36772.12078139705 36748.14202953655 36724.16327767604 36700.18452581554 36676.20577395503 36652.22702209453 36628.24827023402 36604.26951837352


# name: QUERY
# type: sq_string
# elements: 1
# length: 2
R5


# name: DATASIZE
# type: sq_string
# elements: 1
# length: 4
1000


