# Created by Octave 3.8.2, Wed May 18 09:30:11 2016 CEST <Andrea@Andreas-MacBook-Pro.local>
# name: x
# type: matrix
# rows: 1
# columns: 100
 0.008333333333333333 0.008417508417508417 0.008501683501683501 0.008585858585858586 0.00867003367003367 0.008754208754208754 0.008838383838383838 0.008922558922558922 0.009006734006734006 0.00909090909090909 0.009175084175084176 0.009259259259259259 0.009343434343434345 0.009427609427609427 0.009511784511784513 0.009595959595959595 0.009680134680134681 0.009764309764309765 0.009848484848484848 0.009932659932659932 0.01001683501683502 0.0101010101010101 0.01018518518518519 0.01026936026936027 0.01035353535353535 0.01043771043771044 0.01052188552188552 0.01060606060606061 0.01069023569023569 0.01077441077441077 0.01085858585858586 0.01094276094276094 0.01102693602693603 0.01111111111111111 0.0111952861952862 0.01127946127946128 0.01136363636363636 0.01144781144781145 0.01153198653198653 0.01161616161616162 0.0117003367003367 0.01178451178451178 0.01186868686868687 0.01195286195286195 0.01203703703703704 0.01212121212121212 0.01220538720538721 0.01228956228956229 0.01237373737373737 0.01245791245791246 0.01254208754208754 0.01262626262626263 0.01271043771043771 0.01279461279461279 0.01287878787878788 0.01296296296296296 0.01304713804713805 0.01313131313131313 0.01321548821548822 0.0132996632996633 0.01338383838383838 0.01346801346801347 0.01355218855218855 0.01363636363636364 0.01372053872053872 0.0138047138047138 0.01388888888888889 0.01397306397306397 0.01405723905723906 0.01414141414141414 0.01422558922558922 0.01430976430976431 0.01439393939393939 0.01447811447811448 0.01456228956228956 0.01464646464646465 0.01473063973063973 0.01481481481481481 0.0148989898989899 0.01498316498316498 0.01506734006734007 0.01515151515151515 0.01523569023569023 0.01531986531986532 0.0154040404040404 0.01548821548821549 0.01557239057239057 0.01565656565656566 0.01574074074074074 0.01582491582491583 0.01590909090909091 0.01599326599326599 0.01607744107744108 0.01616161616161616 0.01624579124579124 0.01632996632996633 0.01641414141414141 0.0164983164983165 0.01658249158249158 0.01666666666666667


# name: y
# type: matrix
# rows: 100
# columns: 1
 37893.57865553826
 37891.29983298848
 37889.02101043869
 37886.74218788891
 37884.46336533913
 37882.18454278934
 37879.90572023956
 37877.62689768978
 37875.34807514
 37873.06925259021
 37870.79043004043
 37868.51160749065
 37866.23278494086
 37863.95396239108
 37861.6751398413
 37859.39631729152
 37857.11749474173
 37854.83867219195
 37852.55984964217
 37850.28102709238
 37848.0022045426
 37845.72338199282
 37843.44455944304
 37841.16573689325
 37838.88691434346
 37836.60809179369
 37834.3292692439
 37832.05044669412
 37829.77162414433
 37827.49280159456
 37825.21397904477
 37822.93515649499
 37820.6563339452
 37818.37751139542
 37816.09868884564
 37813.81986629585
 37811.54104374607
 37809.26222119629
 37806.98339864651
 37804.70457609672
 37802.42575354694
 37800.14693099716
 37797.86810844737
 37795.58928589759
 37793.31046334781
 37791.03164079803
 37788.75281824824
 37786.47399569846
 37784.19517314868
 37781.91635059889
 37779.63752804911
 37777.35870549933
 37775.07988294955
 37772.80106039976
 37770.52223784997
 37768.2434153002
 37765.96459275041
 37763.68577020063
 37761.40694765084
 37759.12812510106
 37756.84930255128
 37754.5704800015
 37752.29165745171
 37750.01283490193
 37747.73401235215
 37745.45518980236
 37743.17636725258
 37740.8975447028
 37738.61872215301
 37736.33989960323
 37734.06107705345
 37731.78225450367
 37729.50343195388
 37727.2246094041
 37724.94578685432
 37722.66696430453
 37720.38814175475
 37718.10931920497
 37715.83049665519
 37713.5516741054
 37711.27285155562
 37708.99402900584
 37706.71520645605
 37704.43638390627
 37702.15756135649
 37699.87873880671
 37697.59991625692
 37695.32109370714
 37693.04227115736
 37690.76344860757
 37688.48462605779
 37686.205803508
 37683.92698095823
 37681.64815840844
 37679.36933585866
 37677.09051330887
 37674.8116907591
 37672.53286820931
 37670.25404565952
 37667.97522310974


# name: QUERY
# type: sq_string
# elements: 1
# length: 2
R5


# name: DATASIZE
# type: sq_string
# elements: 1
# length: 4
1000


