# Created by Octave 3.8.2, Wed May 18 09:30:04 2016 CEST <Andrea@Andreas-MacBook-Pro.local>
# name: SVs
# type: cell
# rows: 1
# columns: 7
# name: <cell-element>
# type: sparse matrix
# nnz: 210
# rows: 30
# columns: 7
1 1 -0.5073420731051562
2 1 -0.7791179110314855
3 1 -0.2408654855005102
4 1 0.6350248890977155
5 1 1.773228154619265
6 1 -0.6352811165857959
7 1 -0.04857840239943039
8 1 -0.8218904314850722
9 1 1.933341217910124
10 1 -0.774954214350163
11 1 0.02901776302521795
12 1 -0.6977365668056349
13 1 -0.7147698714110454
14 1 -0.7083350674490014
15 1 -0.7106061747297229
16 1 2.673722191425306
17 1 -0.7424016766598227
18 1 -0.7681408925079987
19 1 0.09033765960469615
20 1 -0.6598847787936113
21 1 -0.003913292545242566
22 1 1.552173712629047
23 1 -0.1670544988770642
24 1 2.361066422445991
25 1 0.1050998569293854
26 1 1.418178383066483
27 1 -0.5323242531930917
28 1 -0.7473224091013857
29 1 -0.6716188330773386
30 1 -0.08945833345241587
1 2 -0.4919468950140198
2 2 -0.8544988937269964
3 2 -0.3912753752724449
4 2 3.157115429694511
5 2 1.489869503640278
6 2 -0.695980487363314
7 2 -0.231860117953381
8 2 -0.9139152695210216
9 2 1.622155019559052
10 2 -0.827593365065551
11 2 -0.1892596975727592
12 2 -0.6569674708042181
13 2 -0.6784918937333745
14 2 -0.6654875548803425
15 2 -0.5906005001059862
16 2 2.649273576209729
17 2 -0.6067438173028534
18 2 -0.6226629217608753
19 2 -0.01616746318412715
20 2 -0.6726623625233946
21 2 2.20533235329588
22 2 0.9914445851870026
23 2 -0.3939659281385895
24 2 1.806682103628798
25 2 0.0255361062411132
26 2 0.8479484323259606
27 2 -0.3971049064824248
28 2 -0.6997921039236854
29 2 -0.7284913344958939
30 2 -0.2755816020282298
1 3 0.1296695622642186
2 3 -0.7892294034051451
3 3 -0.02242405963967611
4 3 1.067580230671569
5 3 2.753284540106402
6 3 -0.8969623855870705
7 3 -0.7131825924531978
8 3 -0.2505644924955182
9 3 1.346418537495376
10 3 -0.8906251513410749
11 3 0.0979833910342405
12 3 -0.6624847184852329
13 3 -0.7575432321751671
14 3 -0.4723676911053645
15 3 -0.1174825733296103
16 3 1.029556825195596
17 3 -0.3646347089234391
18 3 -0.0160868253936805
19 3 0.1296695622642186
20 3 -0.6244613130092592
21 3 1.206999384083473
22 3 1.035894059441591
23 3 -0.6371357815012505
24 3 -0.953997493801031
25 3 -0.4026581143994128
26 3 1.561884501859227
27 3 -0.7195198266991935
28 3 -1.004695367768996
29 3 -0.4470187541213821
30 3 -0.6307985472552549
1 4 1.195944274907267
2 4 -1.327407612115647
3 4 0.4970234126148823
4 4 -0.6894280784155139
5 4 1.696805819274833
6 4 -0.8341637338221112
7 4 -0.02478671345627109
8 4 -0.6722883297489431
9 4 2.363351600752584
10 4 -1.213142621005175
11 4 0.3694275058748557
12 4 -0.8379725668591269
13 4 -0.6418176654528174
14 4 0.2265962669867663
15 4 0.005683950839854652
16 4 1.329253431202817
17 4 -0.9427154753770591
18 4 0.3941849206154579
19 4 0.1447063566909284
20 4 -0.552310089082948
21 4 -0.3599640207136543
22 4 0.4817880804668194
23 4 -0.5294570908608537
24 4 -0.2133239487885491
25 4 0.2589713478013999
26 4 1.660621905423184
27 4 0.1504196062464519
28 4 -1.260753033967872
29 4 -0.5161261752312987
30 4 -0.5351703404163773
1 5 -0.1086828415446808
2 5 -0.6690673994424796
3 5 -0.02020106924502837
4 5 4.405657181183587
5 5 0.4924033316109581
6 5 -0.6578597082845237
7 5 -0.5109799662671006
8 5 -0.5304459561730241
9 5 1.681598351318287
10 5 -0.5953325891927692
11 5 -0.1717998391184329
12 5 -0.4136500167374829
13 5 -0.478536649757228
14 5 -0.4219083154854504
15 5 -0.2756184519500251
16 5 4.026365317259077
17 5 -0.5039014244831284
18 5 -0.247894163296134
19 5 -0.06621159084084764
20 5 -0.4313463711974134
21 5 2.313358205537805
22 5 0.07712888028458931
23 5 -0.3965435407595501
24 5 -0.3776674293356242
25 5 -0.3057022545319069
26 5 0.2552721818478896
27 5 -0.3871054850475872
28 5 -0.6631686146225028
29 5 -0.3416848419337656
30 5 -0.4295767357514204
1 6 -0.3220847363843123
2 6 -0.853367535170111
3 6 0.6795915618015016
4 6 3.825012882403884
5 6 0.4574875889124267
6 6 -0.7265411188328835
7 6 -0.4520660387000778
8 6 -0.7360057767684975
9 6 2.346317824263125
10 6 -0.7744953857066611
11 6 -0.1921034340685469
12 6 -0.5170566898579605
13 6 -0.4085286121962535
14 6 -0.0589672457742434
15 6 -0.4072666578048382
16 6 4.211486414774789
17 6 -0.6826882037312053
18 6 0.01107122294930012
19 6 -0.1372084180419857
20 6 -0.3517406645825695
21 6 2.356097970796593
22 6 0.1189683234152996
23 6 -0.4044272604241541
24 6 -0.3135665442422598
25 6 -0.07663460725405619
26 6 0.170392964865469
27 6 -0.3056793292959147
28 6 -0.8451648316259122
29 6 -0.2996850459366925
30 6 -0.462792651027107
1 7 -1.004025622292754
2 7 -0.4438396527731907
3 7 0.3964393015061546
4 7 -0.4438396527731907
5 7 1.796904225305063
6 7 -0.4438396527731907
7 7 0.3964393015061546
8 7 -1.004025622292754
9 7 1.796904225305063
10 7 -1.004025622292754
11 7 0.3964393015061546
12 7 -0.4438396527731907
13 7 -0.4438396527731907
14 7 -0.4438396527731907
15 7 -0.4438396527731907
16 7 1.796904225305063
17 7 -1.004025622292754
18 7 -0.4438396527731907
19 7 0.3964393015061546
20 7 -0.4438396527731907
21 7 -1.004025622292754
22 7 1.796904225305063
23 7 0.3964393015061546
24 7 -1.004025622292754
25 7 0.3964393015061546
26 7 1.796904225305063
27 7 -1.004025622292754
28 7 -0.4438396527731907
29 7 -1.004025622292754
30 7 0.3964393015061546



