# Created by Octave 3.8.2, Wed May 18 09:29:53 2016 CEST <Andrea@Andreas-MacBook-Pro.local>
# name: mu
# type: matrix
# rows: 1
# columns: 8
 38127.21538461538 17925.33846153846 20527.10769230769 1442.538461538461 2147.015384615384 3942.246153846154 5693.907692307693 0.01132051282051282


# name: sigma
# type: matrix
# rows: 1
# columns: 8
 3483.783900500233 2641.88312499888 4460.04988454122 157.7975440361673 525.0952143512786 1695.264415500289 3169.686660002239 0.002975202445887859


