# Created by Octave 4.0.0, Mon May 23 11:57:32 2016 CEST <peter@Independence>
# name: x
# type: matrix
# rows: 1
# columns: 100
 0.008333333333333333 0.008417508417508417 0.008501683501683501 0.008585858585858586 0.00867003367003367 0.008754208754208754 0.008838383838383838 0.008922558922558922 0.009006734006734006 0.00909090909090909 0.009175084175084176 0.009259259259259259 0.009343434343434345 0.009427609427609427 0.009511784511784513 0.009595959595959595 0.009680134680134681 0.009764309764309765 0.009848484848484848 0.009932659932659932 0.01001683501683502 0.0101010101010101 0.01018518518518519 0.01026936026936027 0.01035353535353535 0.01043771043771044 0.01052188552188552 0.01060606060606061 0.01069023569023569 0.01077441077441077 0.01085858585858586 0.01094276094276094 0.01102693602693603 0.01111111111111111 0.0111952861952862 0.01127946127946128 0.01136363636363636 0.01144781144781145 0.01153198653198653 0.01161616161616162 0.0117003367003367 0.01178451178451178 0.01186868686868687 0.01195286195286195 0.01203703703703704 0.01212121212121212 0.01220538720538721 0.01228956228956229 0.01237373737373737 0.01245791245791246 0.01254208754208754 0.01262626262626263 0.01271043771043771 0.01279461279461279 0.01287878787878788 0.01296296296296296 0.01304713804713805 0.01313131313131313 0.01321548821548822 0.0132996632996633 0.01338383838383838 0.01346801346801347 0.01355218855218855 0.01363636363636364 0.01372053872053872 0.0138047138047138 0.01388888888888889 0.01397306397306397 0.01405723905723906 0.01414141414141414 0.01422558922558922 0.01430976430976431 0.01439393939393939 0.01447811447811448 0.01456228956228956 0.01464646464646465 0.01473063973063973 0.01481481481481481 0.0148989898989899 0.01498316498316498 0.01506734006734007 0.01515151515151515 0.01523569023569023 0.01531986531986532 0.0154040404040404 0.01548821548821549 0.01557239057239057 0.01565656565656566 0.01574074074074074 0.01582491582491583 0.01590909090909091 0.01599326599326599 0.01607744107744108 0.01616161616161616 0.01624579124579124 0.01632996632996633 0.01641414141414141 0.0164983164983165 0.01658249158249158 0.01666666666666667


# name: y
# type: matrix
# rows: 100
# columns: 1
 36141.97150272497
 36130.43579678362
 36119.2297983817
 36108.35350751923
 36097.80692419619
 36087.59004841259
 36077.70288016842
 36068.14541946369
 36058.9176662984
 36050.01962067254
 36041.45128258613
 36033.21265203915
 36025.30372903161
 36017.7245135635
 36010.47500563483
 36003.5552052456
 35996.9651123958
 35990.70472708545
 35984.77404931452
 35979.17307908304
 35973.90181639099
 35968.96026123839
 35964.34841362522
 35960.06627355148
 35956.11384101718
 35952.49111602232
 35949.19809856689
 35946.23478865091
 35943.60118627436
 35941.29729143724
 35939.32310413957
 35937.67862438133
 35936.36385216253
 35935.37878748317
 35934.72343034324
 35934.39778074275
 35934.4018386817
 35934.73560416008
 35935.3990771779
 35936.39225773516
 35937.71514583185
 35939.36774146798
 35941.35004464356
 35943.66205535857
 35946.30377361301
 35949.27519940689
 35952.57633274021
 35956.20717361296
 35960.16772202515
 35964.45797797678
 35969.07794146785
 35974.02761249835
 35979.30699106829
 35984.91607717767
 35990.85487082649
 35997.12337201474
 36003.72158074242
 36010.64949700955
 36017.90712081611
 36025.49445216211
 36033.41149104755
 36041.65823747242
 36050.23469143674
 36059.14085294049
 36068.37672198367
 36077.94229856629
 36087.83758268835
 36098.06257434985
 36108.61727355078
 36119.50168029116
 36130.71579457096
 36142.25961639021
 36154.13314574888
 36166.33638264701
 36178.86932708456
 36191.73197906156
 36204.92433857798
 36218.44640563385
 36232.29818022916
 36246.4796623639
 36260.99085203808
 36275.83174925169
 36291.00235400475
 36306.50266629724
 36322.33268612916
 36338.49241350053
 36354.98184841133
 36371.80099086157
 36388.94984085124
 36406.42839838036
 36424.23666344891
 36442.3746360569
 36460.84231620432
 36479.63970389118
 36498.76679911747
 36518.22360188321
 36538.01011218839
 36558.126330033
 36578.57225541704
 36599.34788834053


# name: QUERY
# type: sq_string
# elements: 1
# length: 2
R5


# name: DATASIZE
# type: sq_string
# elements: 1
# length: 4
1000


