# Created by Octave 3.8.2, Wed May 18 09:30:11 2016 CEST <Andrea@Andreas-MacBook-Pro.local>
# name: x
# type: matrix
# rows: 1
# columns: 100
 0.008333333333333333 0.008417508417508417 0.008501683501683501 0.008585858585858586 0.00867003367003367 0.008754208754208754 0.008838383838383838 0.008922558922558922 0.009006734006734006 0.00909090909090909 0.009175084175084176 0.009259259259259259 0.009343434343434345 0.009427609427609427 0.009511784511784513 0.009595959595959595 0.009680134680134681 0.009764309764309765 0.009848484848484848 0.009932659932659932 0.01001683501683502 0.0101010101010101 0.01018518518518519 0.01026936026936027 0.01035353535353535 0.01043771043771044 0.01052188552188552 0.01060606060606061 0.01069023569023569 0.01077441077441077 0.01085858585858586 0.01094276094276094 0.01102693602693603 0.01111111111111111 0.0111952861952862 0.01127946127946128 0.01136363636363636 0.01144781144781145 0.01153198653198653 0.01161616161616162 0.0117003367003367 0.01178451178451178 0.01186868686868687 0.01195286195286195 0.01203703703703704 0.01212121212121212 0.01220538720538721 0.01228956228956229 0.01237373737373737 0.01245791245791246 0.01254208754208754 0.01262626262626263 0.01271043771043771 0.01279461279461279 0.01287878787878788 0.01296296296296296 0.01304713804713805 0.01313131313131313 0.01321548821548822 0.0132996632996633 0.01338383838383838 0.01346801346801347 0.01355218855218855 0.01363636363636364 0.01372053872053872 0.0138047138047138 0.01388888888888889 0.01397306397306397 0.01405723905723906 0.01414141414141414 0.01422558922558922 0.01430976430976431 0.01439393939393939 0.01447811447811448 0.01456228956228956 0.01464646464646465 0.01473063973063973 0.01481481481481481 0.0148989898989899 0.01498316498316498 0.01506734006734007 0.01515151515151515 0.01523569023569023 0.01531986531986532 0.0154040404040404 0.01548821548821549 0.01557239057239057 0.01565656565656566 0.01574074074074074 0.01582491582491583 0.01590909090909091 0.01599326599326599 0.01607744107744108 0.01616161616161616 0.01624579124579124 0.01632996632996633 0.01641414141414141 0.0164983164983165 0.01658249158249158 0.01666666666666667


# name: y
# type: matrix
# rows: 100
# columns: 1
 36577.6591870297
 36579.40156865396
 36581.04578062604
 36582.59466945856
 36584.05108166418
 36585.41786375553
 36586.69786224527
 36587.89392364602
 36589.00889447045
 36590.04562123118
 36591.00695044087
 36591.89572861215
 36592.71480225768
 36593.46701789009
 36594.15522202202
 36594.78226116612
 36595.35098183504
 36595.86423054142
 36596.32485379789
 36596.73569811712
 36597.09961001172
 36597.41943599436
 36597.69802257766
 36597.93821627429
 36598.14286359688
 36598.31481105807
 36598.4569051705
 36598.57199244683
 36598.66291939969
 36598.73253254173
 36598.78367838558
 36598.81920344391
 36598.84195422933
 36598.85477725451
 36598.86051903208
 36598.86202607468
 36598.86214489497
 36598.86372200558
 36598.86960391916
 36598.88263714835
 36598.90566820579
 36598.94154360413
 36598.993109856
 36599.06321347407
 36599.15470097095
 36599.27041885931
 36599.41321365179
 36599.58593186102
 36599.79141999964
 36600.03252458031
 36600.31209211567
 36600.63296911836
 36600.99800210102
 36601.4100375763
 36601.87192205684
 36602.38650205528
 36602.95662408427
 36603.58513465645
 36604.27488028447
 36605.02870748095
 36605.84946275856
 36606.73999262993
 36607.70314360772
 36608.74176220455
 36609.85869493307
 36611.05678830593
 36612.33888883577
 36613.70784303523
 36615.16649741696
 36616.7176984936
 36618.3642927778
 36620.10912678218
 36621.95504701942
 36623.90490000213
 36625.96153224297
 36628.12779025458
 36630.40652054961
 36632.80056964068
 36635.31278404046
 36637.94601026159
 36640.7030948167
 36643.58688421844
 36646.60022497945
 36649.74596361239
 36653.02694662988
 36656.44602054457
 36660.00603186912
 36663.70982711614
 36667.56025279831
 36671.56015542825
 36675.71238151861
 36680.01977758204
 36684.48519013117
 36689.11146567865
 36693.90145073713
 36698.85799181924
 36703.98393543763
 36709.28212810495
 36714.75541633383
 36720.40664663693


# name: QUERY
# type: sq_string
# elements: 1
# length: 2
R5


# name: DATASIZE
# type: sq_string
# elements: 1
# length: 4
1000


