# Created by Octave 4.0.0, Mon May 23 11:57:32 2016 CEST <peter@Independence>
# name: x
# type: matrix
# rows: 1
# columns: 100
 0.008333333333333333 0.008417508417508417 0.008501683501683501 0.008585858585858586 0.00867003367003367 0.008754208754208754 0.008838383838383838 0.008922558922558922 0.009006734006734006 0.00909090909090909 0.009175084175084176 0.009259259259259259 0.009343434343434345 0.009427609427609427 0.009511784511784513 0.009595959595959595 0.009680134680134681 0.009764309764309765 0.009848484848484848 0.009932659932659932 0.01001683501683502 0.0101010101010101 0.01018518518518519 0.01026936026936027 0.01035353535353535 0.01043771043771044 0.01052188552188552 0.01060606060606061 0.01069023569023569 0.01077441077441077 0.01085858585858586 0.01094276094276094 0.01102693602693603 0.01111111111111111 0.0111952861952862 0.01127946127946128 0.01136363636363636 0.01144781144781145 0.01153198653198653 0.01161616161616162 0.0117003367003367 0.01178451178451178 0.01186868686868687 0.01195286195286195 0.01203703703703704 0.01212121212121212 0.01220538720538721 0.01228956228956229 0.01237373737373737 0.01245791245791246 0.01254208754208754 0.01262626262626263 0.01271043771043771 0.01279461279461279 0.01287878787878788 0.01296296296296296 0.01304713804713805 0.01313131313131313 0.01321548821548822 0.0132996632996633 0.01338383838383838 0.01346801346801347 0.01355218855218855 0.01363636363636364 0.01372053872053872 0.0138047138047138 0.01388888888888889 0.01397306397306397 0.01405723905723906 0.01414141414141414 0.01422558922558922 0.01430976430976431 0.01439393939393939 0.01447811447811448 0.01456228956228956 0.01464646464646465 0.01473063973063973 0.01481481481481481 0.0148989898989899 0.01498316498316498 0.01506734006734007 0.01515151515151515 0.01523569023569023 0.01531986531986532 0.0154040404040404 0.01548821548821549 0.01557239057239057 0.01565656565656566 0.01574074074074074 0.01582491582491583 0.01590909090909091 0.01599326599326599 0.01607744107744108 0.01616161616161616 0.01624579124579124 0.01632996632996633 0.01641414141414141 0.0164983164983165 0.01658249158249158 0.01666666666666667


# name: y
# type: matrix
# rows: 100
# columns: 1
 36736.05786149432
 36736.03361276441
 36736.01263599828
 36735.99456803943
 36735.97907683902
 36735.9658596263
 36735.95464113458
 36735.94517188247
 36735.93722651074
 36735.93060217464
 36735.92511699153
 36735.92060854421
 36735.91693243945
 36735.91396092223
 36735.91158154525
 36735.90969589401
 36735.90821836732
 36735.90707501325
 36735.90620242059
 36735.90554666577
 36735.90506231516
 36735.90471148293
 36735.90446294435
 36735.90429130451
 36735.90417622252
 36735.90410169122
 36735.90405537231
 36735.90402798689
 36735.9040127616
 36735.90400493007
 36735.90400128996
 36735.90399981538
 36735.90399932481
 36735.90399920442
 36735.903999187
 36735.90399918616
 36735.90399918616
 36735.90399918708
 36735.90399920553
 36735.90399933078
 36735.90399983638
 36735.90400134722
 36735.90400506208
 36735.90401303158
 36735.90402849169
 36735.90405625264
 36735.90410314324
 36735.90417851083
 36735.90429477647
 36735.9044680458
 36735.90471877523
 36735.90507249363
 36735.90556057951
 36735.90622109361
 36735.90709966699
 36735.90825044458
 36735.90973708417
 36735.9116338109
 36735.91402652718
 36735.91701397805
 36735.92070897209
 36735.9252396577
 36735.93075085487
 36735.93740544246
 36735.94538580086
 36735.95489531021
 36735.96615990395
 36735.97942967799
 36735.99498055522
 36736.01311600553
 36736.03416882129
 36736.0585029483
 36736.08651537217
 36736.1186380602
 36736.15533995871
 36736.19712904582
 36736.24455443971
 36736.29820856233
 36736.35872935856
 36736.42680257087
 36736.50316406943
 36736.58860223764
 36736.68396041317
 36736.79013938448
 36736.90809994271
 36737.03886548913
 36737.18352469803
 36737.343234235
 36737.51922153079
 36737.71278761056
 36737.92530997856
 36738.15824555837
 36738.41313368852
 36738.6915991736
 36738.99535539088
 36739.32620745225
 36739.68605542182
 36740.07689758883
 36740.50083379607
 36740.96006882378


# name: QUERY
# type: sq_string
# elements: 1
# length: 2
R5


# name: DATASIZE
# type: sq_string
# elements: 1
# length: 4
1000


