# Created by Octave 4.0.0, Mon May 23 11:57:32 2016 CEST <peter@Independence>
# name: x
# type: matrix
# rows: 1
# columns: 100
 0.008333333333333333 0.008417508417508417 0.008501683501683501 0.008585858585858586 0.00867003367003367 0.008754208754208754 0.008838383838383838 0.008922558922558922 0.009006734006734006 0.00909090909090909 0.009175084175084176 0.009259259259259259 0.009343434343434345 0.009427609427609427 0.009511784511784513 0.009595959595959595 0.009680134680134681 0.009764309764309765 0.009848484848484848 0.009932659932659932 0.01001683501683502 0.0101010101010101 0.01018518518518519 0.01026936026936027 0.01035353535353535 0.01043771043771044 0.01052188552188552 0.01060606060606061 0.01069023569023569 0.01077441077441077 0.01085858585858586 0.01094276094276094 0.01102693602693603 0.01111111111111111 0.0111952861952862 0.01127946127946128 0.01136363636363636 0.01144781144781145 0.01153198653198653 0.01161616161616162 0.0117003367003367 0.01178451178451178 0.01186868686868687 0.01195286195286195 0.01203703703703704 0.01212121212121212 0.01220538720538721 0.01228956228956229 0.01237373737373737 0.01245791245791246 0.01254208754208754 0.01262626262626263 0.01271043771043771 0.01279461279461279 0.01287878787878788 0.01296296296296296 0.01304713804713805 0.01313131313131313 0.01321548821548822 0.0132996632996633 0.01338383838383838 0.01346801346801347 0.01355218855218855 0.01363636363636364 0.01372053872053872 0.0138047138047138 0.01388888888888889 0.01397306397306397 0.01405723905723906 0.01414141414141414 0.01422558922558922 0.01430976430976431 0.01439393939393939 0.01447811447811448 0.01456228956228956 0.01464646464646465 0.01473063973063973 0.01481481481481481 0.0148989898989899 0.01498316498316498 0.01506734006734007 0.01515151515151515 0.01523569023569023 0.01531986531986532 0.0154040404040404 0.01548821548821549 0.01557239057239057 0.01565656565656566 0.01574074074074074 0.01582491582491583 0.01590909090909091 0.01599326599326599 0.01607744107744108 0.01616161616161616 0.01624579124579124 0.01632996632996633 0.01641414141414141 0.0164983164983165 0.01658249158249158 0.01666666666666667


# name: y
# type: matrix
# rows: 100
# columns: 1
 36508.41069911921
 36510.71121946879
 36512.88212339023
 36514.92716922222
 36516.85011530345
 36518.6547199726
 36520.34474156835
 36521.9239384294
 36523.39606889442
 36524.7648913021
 36526.03416399111
 36527.20764530016
 36528.28909356791
 36529.28226713306
 36530.19092433429
 36531.01882351028
 36531.76972299971
 36532.44738114129
 36533.05555627368
 36533.59800673556
 36534.07849086564
 36534.50076700258
 36534.86859348508
 36535.18572865181
 36535.45593084148
 36535.68295839274
 36535.87056964429
 36536.02252293482
 36536.14257660301
 36536.23448898755
 36536.3020184271
 36536.34892326038
 36536.37896182605
 36536.3958924628
 36536.40347350932
 36536.40546330428
 36536.40562018639
 36536.4077024943
 36536.41546856672
 36536.43267674233
 36536.46308535981
 36536.51045275784
 36536.57853727512
 36536.67109725032
 36536.79189102213
 36536.94467692923
 36537.13321331031
 36537.36125850404
 36537.63257084913
 36537.95090868424
 36538.32003034807
 36538.74369417929
 36539.2256585166
 36539.76968169868
 36540.37952206421
 36541.05893795187
 36541.81168770036
 36542.64152964835
 36543.55222213452
 36544.54752349757
 36545.63119207618
 36546.80698620903
 36548.0786642348
 36549.44998449219
 36550.92470531987
 36552.50658505653
 36554.19938204085
 36556.00685461152
 36557.93276110722
 36559.98085986664
 36562.15490922845
 36564.45866753136
 36566.89589311403
 36569.47034431516
 36572.18577947342
 36575.0459569275
 36578.05463501609
 36581.21557207788
 36584.53252645153
 36588.00925647575
 36591.64952048921
 36595.45707683059
 36599.43568383859
 36603.58909985189
 36607.92108320916
 36612.43539224911
 36617.13578531039
 36622.02602073172
 36627.10985685176
 36632.3910520092
 36637.87336454273
 36643.56055279104
 36649.45637509279
 36655.56458978669
 36661.88895521141
 36668.43322970564
 36675.20117160806
 36682.19653925735
 36689.42309099221
 36696.88458515132


# name: QUERY
# type: sq_string
# elements: 1
# length: 2
R5


# name: DATASIZE
# type: sq_string
# elements: 1
# length: 4
1000


