# Created by Octave 4.0.0, Mon May 23 11:57:32 2016 CEST <peter@Independence>
# name: x
# type: matrix
# rows: 1
# columns: 100
 0.008333333333333333 0.008417508417508417 0.008501683501683501 0.008585858585858586 0.00867003367003367 0.008754208754208754 0.008838383838383838 0.008922558922558922 0.009006734006734006 0.00909090909090909 0.009175084175084176 0.009259259259259259 0.009343434343434345 0.009427609427609427 0.009511784511784513 0.009595959595959595 0.009680134680134681 0.009764309764309765 0.009848484848484848 0.009932659932659932 0.01001683501683502 0.0101010101010101 0.01018518518518519 0.01026936026936027 0.01035353535353535 0.01043771043771044 0.01052188552188552 0.01060606060606061 0.01069023569023569 0.01077441077441077 0.01085858585858586 0.01094276094276094 0.01102693602693603 0.01111111111111111 0.0111952861952862 0.01127946127946128 0.01136363636363636 0.01144781144781145 0.01153198653198653 0.01161616161616162 0.0117003367003367 0.01178451178451178 0.01186868686868687 0.01195286195286195 0.01203703703703704 0.01212121212121212 0.01220538720538721 0.01228956228956229 0.01237373737373737 0.01245791245791246 0.01254208754208754 0.01262626262626263 0.01271043771043771 0.01279461279461279 0.01287878787878788 0.01296296296296296 0.01304713804713805 0.01313131313131313 0.01321548821548822 0.0132996632996633 0.01338383838383838 0.01346801346801347 0.01355218855218855 0.01363636363636364 0.01372053872053872 0.0138047138047138 0.01388888888888889 0.01397306397306397 0.01405723905723906 0.01414141414141414 0.01422558922558922 0.01430976430976431 0.01439393939393939 0.01447811447811448 0.01456228956228956 0.01464646464646465 0.01473063973063973 0.01481481481481481 0.0148989898989899 0.01498316498316498 0.01506734006734007 0.01515151515151515 0.01523569023569023 0.01531986531986532 0.0154040404040404 0.01548821548821549 0.01557239057239057 0.01565656565656566 0.01574074074074074 0.01582491582491583 0.01590909090909091 0.01599326599326599 0.01607744107744108 0.01616161616161616 0.01624579124579124 0.01632996632996633 0.01641414141414141 0.0164983164983165 0.01658249158249158 0.01666666666666667


# name: y
# type: matrix
# rows: 100
# columns: 1
 36467.49948299579
 36466.88358182722
 36466.31898886404
 36465.80277220476
 36465.33208621149
 36464.90417150997
 36464.51635498959
 36464.16604980332
 36463.8507553678
 36463.56805736326
 36463.31562773355
 36463.09122468619
 36462.89269269227
 36462.71796248654
 36462.56505106734
 36462.43206169668
 36462.31718390014
 36462.21869346698
 36462.13495245003
 36462.06440916578
 36462.00559819433
 36461.9571403794
 36461.91774282836
 36461.88619891217
 36461.86138826542
 36461.84227678634
 36461.82791663677
 36461.81744624219
 36461.81009029168
 36461.80515973796
 36461.80205179737
 36461.80024994988
 36461.79932393907
 36461.79892977215
 36461.79880971996
 36461.79879231696
 36461.79879236122
 36461.79881091446
 36461.798935302
 36461.7993391128
 36461.80028219945
 36461.80211067812
 36461.80525692866
 36461.8102395945
 36461.81766358274
 36461.82822006405
 36461.84268647276
 36461.8619265068
 36461.88689012777
 36461.91861356083
 36461.95821929481
 36462.00691608214
 36462.0659989389
 36462.13684914474
 36462.22093424301
 36462.31980804063
 36462.43511060814
 36462.56856827975
 36462.72199365323
 36462.89728559005
 36463.09642921523
 36463.32149591746
 36463.57464334904
 36463.85811542589
 36464.17424232755
 36464.52544049721
 36464.91421264165
 36465.34314773129
 36465.81492100018
 36466.33229394598
 36466.89811432998
 36467.51531617709
 36468.18691977586
 36468.91603167845
 36469.70584470063
 36470.55963792181
 36471.48077668504
 36472.47271259697
 36473.53898352786
 36474.68321361164
 36475.90911324583
 36477.22047909156
 36478.62119407364
 36480.11522738045
 36481.706634464
 36483.39955703996
 36485.19822308759
 36487.10694684979
 36489.13012883306
 36491.27225580755
 36493.53790080704
 36495.9317231289
 36498.45846833414
 36501.12296824741
 36503.93014095696
 36506.88499081468
 36509.99260843608
 36513.25817070028
 36516.68694075004
 36520.28426799174


# name: QUERY
# type: sq_string
# elements: 1
# length: 2
R5


# name: DATASIZE
# type: sq_string
# elements: 1
# length: 4
1000


