# Created by Octave 3.8.2, Wed May 18 09:30:11 2016 CEST <Andrea@Andreas-MacBook-Pro.local>
# name: x
# type: matrix
# rows: 1
# columns: 100
 0.008333333333333333 0.008417508417508417 0.008501683501683501 0.008585858585858586 0.00867003367003367 0.008754208754208754 0.008838383838383838 0.008922558922558922 0.009006734006734006 0.00909090909090909 0.009175084175084176 0.009259259259259259 0.009343434343434345 0.009427609427609427 0.009511784511784513 0.009595959595959595 0.009680134680134681 0.009764309764309765 0.009848484848484848 0.009932659932659932 0.01001683501683502 0.0101010101010101 0.01018518518518519 0.01026936026936027 0.01035353535353535 0.01043771043771044 0.01052188552188552 0.01060606060606061 0.01069023569023569 0.01077441077441077 0.01085858585858586 0.01094276094276094 0.01102693602693603 0.01111111111111111 0.0111952861952862 0.01127946127946128 0.01136363636363636 0.01144781144781145 0.01153198653198653 0.01161616161616162 0.0117003367003367 0.01178451178451178 0.01186868686868687 0.01195286195286195 0.01203703703703704 0.01212121212121212 0.01220538720538721 0.01228956228956229 0.01237373737373737 0.01245791245791246 0.01254208754208754 0.01262626262626263 0.01271043771043771 0.01279461279461279 0.01287878787878788 0.01296296296296296 0.01304713804713805 0.01313131313131313 0.01321548821548822 0.0132996632996633 0.01338383838383838 0.01346801346801347 0.01355218855218855 0.01363636363636364 0.01372053872053872 0.0138047138047138 0.01388888888888889 0.01397306397306397 0.01405723905723906 0.01414141414141414 0.01422558922558922 0.01430976430976431 0.01439393939393939 0.01447811447811448 0.01456228956228956 0.01464646464646465 0.01473063973063973 0.01481481481481481 0.0148989898989899 0.01498316498316498 0.01506734006734007 0.01515151515151515 0.01523569023569023 0.01531986531986532 0.0154040404040404 0.01548821548821549 0.01557239057239057 0.01565656565656566 0.01574074074074074 0.01582491582491583 0.01590909090909091 0.01599326599326599 0.01607744107744108 0.01616161616161616 0.01624579124579124 0.01632996632996633 0.01641414141414141 0.0164983164983165 0.01658249158249158 0.01666666666666667


# name: y
# type: matrix
# rows: 100
# columns: 1
 36161.86702840107
 36148.30168189225
 36135.12405305252
 36122.33414188191
 36109.93194838039
 36097.91747254798
 36086.29071438468
 36075.05167389047
 36064.20035106537
 36053.73674590937
 36043.66085842247
 36033.97268860467
 36024.67223645598
 36015.75950197639
 36007.2344851659
 35999.09718602452
 35991.34760455223
 35983.98574074906
 35977.01159461498
 35970.42516615001
 35964.22645535414
 35958.41546222737
 35952.9921867697
 35947.95662898114
 35943.30878886169
 35939.04866641133
 35935.17626163007
 35931.69157451792
 35928.59460507488
 35925.88535330092
 35923.56381919608
 35921.63000276034
 35920.08390399371
 35918.92552289617
 35918.15485946774
 35917.77191370841
 35917.77668561818
 35918.16917519706
 35918.94938244504
 35920.11730736212
 35921.6729499483
 35923.61631020359
 35925.94738812798
 35928.66618372148
 35931.77269698407
 35935.26692791577
 35939.14887651657
 35943.41854278647
 35948.07592672548
 35953.12102833359
 35958.5538476108
 35964.37438455712
 35970.58263917253
 35977.17861145706
 35984.16230141068
 35991.53370903341
 35999.29283432524
 36007.43967728617
 36015.9742379162
 36024.89651621534
 36034.20651218358
 36043.90422582092
 36053.98965712736
 36064.46280610291
 36075.32367274756
 36086.57225706131
 36098.20855904417
 36110.23257869613
 36122.64431601719
 36135.44377100735
 36148.63094366663
 36162.20583399499
 36176.16844199246
 36190.51876765904
 36205.25681099472
 36220.3825719995
 36235.89605067339
 36251.79724701637
 36268.08616102846
 36284.76279270965
 36301.82714205995
 36319.27920907934
 36337.11899376785
 36355.34649612545
 36373.96171615215
 36392.96465384796
 36412.35530921288
 36432.13368224689
 36452.29977295001
 36472.85358132223
 36493.79510736355
 36515.12435107397
 36536.8413124535
 36558.94599150213
 36581.43838821987
 36604.3185026067
 36627.58633466264
 36651.24188438768
 36675.28515178183
 36699.71613684508


# name: QUERY
# type: sq_string
# elements: 1
# length: 2
R5


# name: DATASIZE
# type: sq_string
# elements: 1
# length: 4
1000


