# Created by Octave 3.8.2, Wed May 18 09:30:11 2016 CEST <Andrea@Andreas-MacBook-Pro.local>
# name: x
# type: matrix
# rows: 1
# columns: 100
 0.008333333333333333 0.008417508417508417 0.008501683501683501 0.008585858585858586 0.00867003367003367 0.008754208754208754 0.008838383838383838 0.008922558922558922 0.009006734006734006 0.00909090909090909 0.009175084175084176 0.009259259259259259 0.009343434343434345 0.009427609427609427 0.009511784511784513 0.009595959595959595 0.009680134680134681 0.009764309764309765 0.009848484848484848 0.009932659932659932 0.01001683501683502 0.0101010101010101 0.01018518518518519 0.01026936026936027 0.01035353535353535 0.01043771043771044 0.01052188552188552 0.01060606060606061 0.01069023569023569 0.01077441077441077 0.01085858585858586 0.01094276094276094 0.01102693602693603 0.01111111111111111 0.0111952861952862 0.01127946127946128 0.01136363636363636 0.01144781144781145 0.01153198653198653 0.01161616161616162 0.0117003367003367 0.01178451178451178 0.01186868686868687 0.01195286195286195 0.01203703703703704 0.01212121212121212 0.01220538720538721 0.01228956228956229 0.01237373737373737 0.01245791245791246 0.01254208754208754 0.01262626262626263 0.01271043771043771 0.01279461279461279 0.01287878787878788 0.01296296296296296 0.01304713804713805 0.01313131313131313 0.01321548821548822 0.0132996632996633 0.01338383838383838 0.01346801346801347 0.01355218855218855 0.01363636363636364 0.01372053872053872 0.0138047138047138 0.01388888888888889 0.01397306397306397 0.01405723905723906 0.01414141414141414 0.01422558922558922 0.01430976430976431 0.01439393939393939 0.01447811447811448 0.01456228956228956 0.01464646464646465 0.01473063973063973 0.01481481481481481 0.0148989898989899 0.01498316498316498 0.01506734006734007 0.01515151515151515 0.01523569023569023 0.01531986531986532 0.0154040404040404 0.01548821548821549 0.01557239057239057 0.01565656565656566 0.01574074074074074 0.01582491582491583 0.01590909090909091 0.01599326599326599 0.01607744107744108 0.01616161616161616 0.01624579124579124 0.01632996632996633 0.01641414141414141 0.0164983164983165 0.01658249158249158 0.01666666666666667


# name: y
# type: matrix
# rows: 100
# columns: 1
 36456.89759185576
 36456.75888092544
 36456.6388867338
 36456.53553190283
 36456.44691700095
 36456.37131007731
 36456.30713651319
 36456.25296919081
 36456.2075189793
 36456.16962553796
 36456.13824843681
 36456.1124585944
 36456.09143003281
 36456.07443195006
 36456.0608211096
 36456.05003454722
 36456.04158259516
 36456.03504222345
 36456.03005069857
 36456.02629955934
 36456.02352891014
 36456.02152203125
 36456.02010030657
 36456.01911846865
 36456.01846016079
 36456.01803381661
 36456.01776885676
 36456.01761220291
 36456.01752510907
 36456.01748031009
 36456.01745948746
 36456.01745105238
 36456.01744824609
 36456.01744755745
 36456.01744745779
 36456.01744745302
 36456.01744745302
 36456.01744745829
 36456.01744756381
 36456.01744828028
 36456.01745117248
 36456.017459815
 36456.01748106521
 36456.01752665345
 36456.01761509055
 36456.01777389253
 36456.01804212265
 36456.01847325069
 36456.01913832945
 36456.02012948859
 36456.02156374567
 36456.02358713449
 36456.02637915068
 36456.03015751454
 36456.03518325118
 36456.0417660879
 36456.05027016882
 36456.06112008677
 36456.07480723253
 36456.09189646119
 36456.11303307589
 36456.13895012876
 36456.17047603917
 36456.20854252918
 36456.25419287634
 36456.30859048366
 36456.37302776691
 36456.44893535916
 36456.53789163257
 36456.6416325375
 36456.76206175877
 36456.90126118933
 36457.06150172106
 36457.24525435294
 36457.45520161638
 36457.69424931792
 36457.9655385991
 36458.27245831367
 36458.61865772201
 36459.00805950282
 36459.4448730821
 36459.93360827937
 36460.47908927118
 36461.08646887184
 36461.76124313144
 36462.50926625117
 36463.33676581579
 36464.25035834351
 36465.25706515303
 36466.36432854787
 36467.58002831796
 36468.91249855857
 36470.3705448063
 36471.9634614926
 36473.70104971438
 36475.59363532187
 36477.65208732387
 36479.88783661016
 36482.31289499119
 36484.93987455509


# name: QUERY
# type: sq_string
# elements: 1
# length: 2
R5


# name: DATASIZE
# type: sq_string
# elements: 1
# length: 4
1000


