# Created by Octave 3.8.2, Wed May 18 09:30:11 2016 CEST <Andrea@Andreas-MacBook-Pro.local>
# name: x
# type: matrix
# rows: 1
# columns: 100
 0.008333333333333333 0.008417508417508417 0.008501683501683501 0.008585858585858586 0.00867003367003367 0.008754208754208754 0.008838383838383838 0.008922558922558922 0.009006734006734006 0.00909090909090909 0.009175084175084176 0.009259259259259259 0.009343434343434345 0.009427609427609427 0.009511784511784513 0.009595959595959595 0.009680134680134681 0.009764309764309765 0.009848484848484848 0.009932659932659932 0.01001683501683502 0.0101010101010101 0.01018518518518519 0.01026936026936027 0.01035353535353535 0.01043771043771044 0.01052188552188552 0.01060606060606061 0.01069023569023569 0.01077441077441077 0.01085858585858586 0.01094276094276094 0.01102693602693603 0.01111111111111111 0.0111952861952862 0.01127946127946128 0.01136363636363636 0.01144781144781145 0.01153198653198653 0.01161616161616162 0.0117003367003367 0.01178451178451178 0.01186868686868687 0.01195286195286195 0.01203703703703704 0.01212121212121212 0.01220538720538721 0.01228956228956229 0.01237373737373737 0.01245791245791246 0.01254208754208754 0.01262626262626263 0.01271043771043771 0.01279461279461279 0.01287878787878788 0.01296296296296296 0.01304713804713805 0.01313131313131313 0.01321548821548822 0.0132996632996633 0.01338383838383838 0.01346801346801347 0.01355218855218855 0.01363636363636364 0.01372053872053872 0.0138047138047138 0.01388888888888889 0.01397306397306397 0.01405723905723906 0.01414141414141414 0.01422558922558922 0.01430976430976431 0.01439393939393939 0.01447811447811448 0.01456228956228956 0.01464646464646465 0.01473063973063973 0.01481481481481481 0.0148989898989899 0.01498316498316498 0.01506734006734007 0.01515151515151515 0.01523569023569023 0.01531986531986532 0.0154040404040404 0.01548821548821549 0.01557239057239057 0.01565656565656566 0.01574074074074074 0.01582491582491583 0.01590909090909091 0.01599326599326599 0.01607744107744108 0.01616161616161616 0.01624579124579124 0.01632996632996633 0.01641414141414141 0.0164983164983165 0.01658249158249158 0.01666666666666667


# name: y
# type: matrix
# rows: 1
# columns: 100
 39584.19530895265 39543.13938703739 39502.08346512214 39461.02754320688 39419.97162129162 39378.91569937637 39337.85977746111 39296.80385554586 39255.7479336306 39214.69201171534 39173.63608980009 39132.58016788483 39091.52424596957 39050.46832405432 39009.41240213906 38968.3564802238 38927.30055830855 38886.24463639328 38845.18871447803 38804.13279256277 38763.07687064751 38722.02094873226 38680.965026817 38639.90910490174 38598.85318298649 38557.79726107123 38516.74133915597 38475.68541724072 38434.62949532546 38393.57357341021 38352.51765149495 38311.46172957969 38270.40580766444 38229.34988574918 38188.29396383392 38147.23804191867 38106.18212000341 38065.12619808815 38024.0702761729 37983.01435425764 37941.95843234238 37900.90251042713 37859.84658851187 37818.79066659661 37777.73474468136 37736.6788227661 37695.62290085085 37654.56697893558 37613.51105702033 37572.45513510507 37531.39921318981 37490.34329127456 37449.2873693593 37408.23144744404 37367.17552552879 37326.11960361353 37285.06368169827 37244.00775978302 37202.95183786776 37161.8959159525 37120.83999403725 37079.78407212199 37038.72815020673 36997.67222829148 36956.61630637622 36915.56038446096 36874.50446254571 36833.44854063045 36792.3926187152 36751.33669679994 36710.28077488468 36669.22485296943 36628.16893105417 36587.11300913891 36546.05708722366 36505.0011653084 36463.94524339314 36422.88932147788 36381.83339956262 36340.77747764737 36299.72155573211 36258.66563381685 36217.6097119016 36176.55378998634 36135.49786807108 36094.44194615583 36053.38602424057 36012.33010232532 35971.27418041006 35930.2182584948 35889.16233657955 35848.10641466429 35807.05049274903 35765.99457083378 35724.93864891852 35683.88272700326 35642.82680508801 35601.77088317275 35560.71496125749 35519.65903934224


# name: QUERY
# type: sq_string
# elements: 1
# length: 2
R5


# name: DATASIZE
# type: sq_string
# elements: 1
# length: 4
1000


