# Created by Octave 3.8.2, Mon May 23 11:28:07 2016 CEST <Andrea@Andreas-MacBook-Pro.local>
# name: x
# type: matrix
# rows: 1
# columns: 100
 60 60.60606060606061 61.21212121212121 61.81818181818181 62.42424242424242 63.03030303030303 63.63636363636364 64.24242424242425 64.84848484848484 65.45454545454545 66.06060606060606 66.66666666666667 67.27272727272728 67.87878787878788 68.48484848484848 69.09090909090909 69.6969696969697 70.30303030303031 70.90909090909091 71.51515151515152 72.12121212121212 72.72727272727272 73.33333333333334 73.93939393939394 74.54545454545455 75.15151515151516 75.75757575757575 76.36363636363637 76.96969696969697 77.57575757575758 78.18181818181819 78.7878787878788 79.39393939393939 80 80.60606060606061 81.21212121212122 81.81818181818181 82.42424242424244 83.03030303030303 83.63636363636364 84.24242424242425 84.84848484848484 85.45454545454545 86.06060606060606 86.66666666666667 87.27272727272728 87.87878787878789 88.48484848484848 89.09090909090909 89.6969696969697 90.30303030303031 90.90909090909091 91.51515151515152 92.12121212121212 92.72727272727273 93.33333333333334 93.93939393939394 94.54545454545455 95.15151515151516 95.75757575757576 96.36363636363637 96.96969696969698 97.57575757575758 98.18181818181819 98.7878787878788 99.39393939393941 100 100.6060606060606 101.2121212121212 101.8181818181818 102.4242424242424 103.030303030303 103.6363636363636 104.2424242424242 104.8484848484849 105.4545454545455 106.0606060606061 106.6666666666667 107.2727272727273 107.8787878787879 108.4848484848485 109.0909090909091 109.6969696969697 110.3030303030303 110.9090909090909 111.5151515151515 112.1212121212121 112.7272727272727 113.3333333333333 113.939393939394 114.5454545454546 115.1515151515152 115.7575757575758 116.3636363636364 116.969696969697 117.5757575757576 118.1818181818182 118.7878787878788 119.3939393939394 120


# name: y
# type: matrix
# rows: 100
# columns: 1
 940460.8340938134
 941137.4658083222
 941952.1692695463
 942905.6258852785
 943998.3897020502
 945230.8854971332
 946603.4070393576
 948116.1155233112
 949769.0381812055
 951562.0670764069
 953494.9580822786
 955567.3300496972
 957778.6641662675
 960128.3035098737
 962615.4527989393
 965239.1783413107
 967998.4081833897
 970891.9324607452
 973918.403951016
 977076.3388296163
 980364.11762829
 983779.9863962224
 987322.0580629968
 990988.3140023239
 994776.6057950454
 998684.6571895338
 1002710.066257259
 1006850.307740844
 1011102.735591568
 1015464.585692969
 1019932.978766691
 1024504.923456481
 1029177.319585819
 1033946.961584319
 1038810.542077703
 1043764.655635844
 1048805.802673009
 1053930.393494145
 1059134.752480768
 1064415.122409729
 1069767.668897807
 1075188.484964918
 1080673.595708425
 1086218.963080776
 1091820.490762637
 1097474.029123276
 1103175.380259989
 1108920.303108077
 1114704.518612754
 1120523.714954335
 1126373.552817816
 1132249.670698
 1138147.69023117
 1144063.221544341
 1149991.868613011
 1155929.234618412
 1161870.927295226
 1167812.564260765
 1173749.778316705
 1179678.22271446
 1185593.576375487
 1191491.549057791
 1197367.886460136
 1203218.375255544
 1209038.848045859
 1214825.188229335
 1220573.334773368
 1226279.286884765
 1231939.108570103
 1237548.933079037
 1243104.967223627
 1248603.49556704
 1254040.884475294
 1259413.586025958
 1264718.141768065
 1269951.186327801
 1275109.450854873
 1280189.766304773
 1285189.066552523
 1290104.391333828
 1294932.889009914
 1299671.819152731
 1304318.554947497
 1308870.585410031
 1313325.517416591
 1317681.0775444
 1321935.113721365
 1326085.596683902
 1330130.621242146
 1334068.40735218
 1337897.300995353
 1341615.774865051
 1345222.428861685
 1348715.990397041
 1352095.314509461
 1355359.383791654
 1358507.308133346
 1361538.324281229
 1364451.795219038
 1367247.20937091


# name: TRAIN_QUERIES
# type: cell
# rows: 1
# columns: 3
# name: <cell-element>
# type: sq_string
# elements: 1
# length: 2
R1



# name: <cell-element>
# type: sq_string
# elements: 1
# length: 2
R2



# name: <cell-element>
# type: sq_string
# elements: 1
# length: 2
R4





# name: TEST_QUERIES
# type: cell
# rows: 1
# columns: 1
# name: <cell-element>
# type: sq_string
# elements: 1
# length: 2
R3





# name: DATASIZE
# type: sq_string
# elements: 1
# length: 4
1000


