# Created by Octave 3.8.2, Mon May 23 11:28:07 2016 CEST <Andrea@Andreas-MacBook-Pro.local>
# name: x
# type: matrix
# rows: 1
# columns: 100
 60 60.60606060606061 61.21212121212121 61.81818181818181 62.42424242424242 63.03030303030303 63.63636363636364 64.24242424242425 64.84848484848484 65.45454545454545 66.06060606060606 66.66666666666667 67.27272727272728 67.87878787878788 68.48484848484848 69.09090909090909 69.6969696969697 70.30303030303031 70.90909090909091 71.51515151515152 72.12121212121212 72.72727272727272 73.33333333333334 73.93939393939394 74.54545454545455 75.15151515151516 75.75757575757575 76.36363636363637 76.96969696969697 77.57575757575758 78.18181818181819 78.7878787878788 79.39393939393939 80 80.60606060606061 81.21212121212122 81.81818181818181 82.42424242424244 83.03030303030303 83.63636363636364 84.24242424242425 84.84848484848484 85.45454545454545 86.06060606060606 86.66666666666667 87.27272727272728 87.87878787878789 88.48484848484848 89.09090909090909 89.6969696969697 90.30303030303031 90.90909090909091 91.51515151515152 92.12121212121212 92.72727272727273 93.33333333333334 93.93939393939394 94.54545454545455 95.15151515151516 95.75757575757576 96.36363636363637 96.96969696969698 97.57575757575758 98.18181818181819 98.7878787878788 99.39393939393941 100 100.6060606060606 101.2121212121212 101.8181818181818 102.4242424242424 103.030303030303 103.6363636363636 104.2424242424242 104.8484848484849 105.4545454545455 106.0606060606061 106.6666666666667 107.2727272727273 107.8787878787879 108.4848484848485 109.0909090909091 109.6969696969697 110.3030303030303 110.9090909090909 111.5151515151515 112.1212121212121 112.7272727272727 113.3333333333333 113.939393939394 114.5454545454546 115.1515151515152 115.7575757575758 116.3636363636364 116.969696969697 117.5757575757576 118.1818181818182 118.7878787878788 119.3939393939394 120


# name: y
# type: matrix
# rows: 100
# columns: 1
 966642.7560132493
 967095.2328413031
 967547.7096693572
 968000.1864974115
 968452.6633254669
 968905.1401535216
 969357.6169815768
 969810.0938096315
 970262.5706376872
 970715.0474657427
 971167.5242937963
 971620.0011218515
 972072.4779499052
 972524.95477796
 972977.4316060153
 973429.9084340705
 973882.3852621245
 974334.86209018
 974787.3389182342
 975239.8157462907
 975692.2925743442
 976144.7694023994
 976597.2462304542
 977049.7230585088
 977502.1998865634
 977954.6767146185
 978407.1535426738
 978859.6303707286
 979312.1071987824
 979764.584026838
 980217.0608548927
 980669.5376829474
 981122.0145110016
 981574.4913390571
 982026.9681671119
 982479.4449951663
 982931.9218232216
 983384.3986512757
 983836.8754793304
 984289.3523073858
 984741.8291354402
 985194.3059634949
 985646.7827915497
 986099.2596196044
 986551.7364476594
 987004.2132757141
 987456.6901037691
 987909.1669318237
 988361.6437598786
 988814.1205879335
 989266.5974159881
 989719.074244043
 990171.5510720978
 990624.0279001525
 991076.5047282076
 991528.9815562621
 991981.458384317
 992433.9352123716
 992886.4120404265
 993338.8888684812
 993791.3656965361
 994243.8425245907
 994696.3193526455
 995148.7961807008
 995601.2730087551
 996053.7498368099
 996506.2266648646
 996958.7034929197
 997411.1803209744
 997863.6571490288
 998316.1339770842
 998768.6108051386
 999221.0876331934
 999673.5644612482
 1000126.041289303
 1000578.518117358
 1001030.994945412
 1001483.471773467
 1001935.948601522
 1002388.425429577
 1002840.902257633
 1003293.379085687
 1003745.855913742
 1004198.332741797
 1004650.809569851
 1005103.286397907
 1005555.763225961
 1006008.240054014
 1006460.71688207
 1006913.193710126
 1007365.67053818
 1007818.147366235
 1008270.624194289
 1008723.101022343
 1009175.577850399
 1009628.054678453
 1010080.531506509
 1010533.008334562
 1010985.485162617
 1011437.961990673


# name: TRAIN_QUERIES
# type: cell
# rows: 1
# columns: 3
# name: <cell-element>
# type: sq_string
# elements: 1
# length: 2
R1



# name: <cell-element>
# type: sq_string
# elements: 1
# length: 2
R2



# name: <cell-element>
# type: sq_string
# elements: 1
# length: 2
R4





# name: TEST_QUERIES
# type: cell
# rows: 1
# columns: 1
# name: <cell-element>
# type: sq_string
# elements: 1
# length: 2
R3





# name: DATASIZE
# type: sq_string
# elements: 1
# length: 4
1000


