# Created by Octave 3.8.2, Mon May 23 11:28:07 2016 CEST <Andrea@Andreas-MacBook-Pro.local>
# name: x
# type: matrix
# rows: 1
# columns: 100
 60 60.60606060606061 61.21212121212121 61.81818181818181 62.42424242424242 63.03030303030303 63.63636363636364 64.24242424242425 64.84848484848484 65.45454545454545 66.06060606060606 66.66666666666667 67.27272727272728 67.87878787878788 68.48484848484848 69.09090909090909 69.6969696969697 70.30303030303031 70.90909090909091 71.51515151515152 72.12121212121212 72.72727272727272 73.33333333333334 73.93939393939394 74.54545454545455 75.15151515151516 75.75757575757575 76.36363636363637 76.96969696969697 77.57575757575758 78.18181818181819 78.7878787878788 79.39393939393939 80 80.60606060606061 81.21212121212122 81.81818181818181 82.42424242424244 83.03030303030303 83.63636363636364 84.24242424242425 84.84848484848484 85.45454545454545 86.06060606060606 86.66666666666667 87.27272727272728 87.87878787878789 88.48484848484848 89.09090909090909 89.6969696969697 90.30303030303031 90.90909090909091 91.51515151515152 92.12121212121212 92.72727272727273 93.33333333333334 93.93939393939394 94.54545454545455 95.15151515151516 95.75757575757576 96.36363636363637 96.96969696969698 97.57575757575758 98.18181818181819 98.7878787878788 99.39393939393941 100 100.6060606060606 101.2121212121212 101.8181818181818 102.4242424242424 103.030303030303 103.6363636363636 104.2424242424242 104.8484848484849 105.4545454545455 106.0606060606061 106.6666666666667 107.2727272727273 107.8787878787879 108.4848484848485 109.0909090909091 109.6969696969697 110.3030303030303 110.9090909090909 111.5151515151515 112.1212121212121 112.7272727272727 113.3333333333333 113.939393939394 114.5454545454546 115.1515151515152 115.7575757575758 116.3636363636364 116.969696969697 117.5757575757576 118.1818181818182 118.7878787878788 119.3939393939394 120


# name: y
# type: matrix
# rows: 1
# columns: 100
 919476.0474353756 919355.2938158574 919234.5401963393 919113.786576821 918993.0329573029 918872.2793377846 918751.5257182665 918630.7720987482 918510.0184792301 918389.2648597119 918268.5112401937 918147.7576206755 918027.0040011574 917906.2503816391 917785.496762121 917664.7431426027 917543.9895230845 917423.2359035664 917302.4822840481 917181.72866453 917060.9750450117 916940.2214254936 916819.4678059753 916698.7141864572 916577.960566939 916457.2069474208 916336.4533279026 916215.6997083845 916094.9460888662 915974.1924693481 915853.4388498298 915732.6852303117 915611.9316107935 915491.1779912753 915370.4243717571 915249.6707522388 915128.9171327207 915008.1635132025 914887.4098936843 914766.6562741661 914645.9026546479 914525.1490351297 914404.3954156116 914283.6417960933 914162.8881765752 914042.1345570569 913921.3809375388 913800.6273180206 913679.8736985024 913559.1200789842 913438.3664594661 913317.6128399478 913196.8592204297 913076.1056009114 912955.3519813932 912834.598361875 912713.8447423568 912593.0911228387 912472.3375033204 912351.5838838023 912230.830264284 912110.0766447659 911989.3230252477 911868.5694057295 911747.8157862113 911627.0621666932 911506.3085471749 911385.5549276568 911264.8013081385 911144.0476886204 911023.2940691022 910902.540449584 910781.7868300658 910661.0332105475 910540.2795910294 910419.5259715111 910298.772351993 910178.0187324748 910057.2651129566 909936.5114934384 909815.7578739203 909695.004254402 909574.2506348839 909453.4970153656 909332.7433958475 909211.9897763293 909091.2361568111 908970.4825372929 908849.7289177747 908728.9752982565 908608.2216787384 908487.4680592201 908366.7144397019 908245.9608201837 908125.2072006655 908004.4535811474 907883.6999616291 907762.946342111 907642.1927225927 907521.4391030746


# name: TRAIN_QUERIES
# type: cell
# rows: 1
# columns: 3
# name: <cell-element>
# type: sq_string
# elements: 1
# length: 2
R1



# name: <cell-element>
# type: sq_string
# elements: 1
# length: 2
R2



# name: <cell-element>
# type: sq_string
# elements: 1
# length: 2
R4





# name: TEST_QUERIES
# type: cell
# rows: 1
# columns: 1
# name: <cell-element>
# type: sq_string
# elements: 1
# length: 2
R3





# name: DATASIZE
# type: sq_string
# elements: 1
# length: 4
1000


