# Created by Octave 3.8.2, Mon May 23 11:27:53 2016 CEST <Andrea@Andreas-MacBook-Pro.local>
# name: mu
# type: matrix
# rows: 1
# columns: 8
 913433.0586080586 96020.02564102564 212245.8534798535 5703.307692307692 11338.78021978022 184756.6813186813 618409.4285714285 90.32967032967034


# name: sigma
# type: matrix
# rows: 1
# columns: 8
 501805.0213412043 139409.0581455347 268638.980818357 3575.087836309804 9049.883415891329 260647.7934275378 252112.6584789267 21.3574557919623


