# Created by Octave 3.8.2, Mon May 23 11:28:07 2016 CEST <Andrea@Andreas-MacBook-Pro.local>
# name: x
# type: matrix
# rows: 1
# columns: 100
 60 60.60606060606061 61.21212121212121 61.81818181818181 62.42424242424242 63.03030303030303 63.63636363636364 64.24242424242425 64.84848484848484 65.45454545454545 66.06060606060606 66.66666666666667 67.27272727272728 67.87878787878788 68.48484848484848 69.09090909090909 69.6969696969697 70.30303030303031 70.90909090909091 71.51515151515152 72.12121212121212 72.72727272727272 73.33333333333334 73.93939393939394 74.54545454545455 75.15151515151516 75.75757575757575 76.36363636363637 76.96969696969697 77.57575757575758 78.18181818181819 78.7878787878788 79.39393939393939 80 80.60606060606061 81.21212121212122 81.81818181818181 82.42424242424244 83.03030303030303 83.63636363636364 84.24242424242425 84.84848484848484 85.45454545454545 86.06060606060606 86.66666666666667 87.27272727272728 87.87878787878789 88.48484848484848 89.09090909090909 89.6969696969697 90.30303030303031 90.90909090909091 91.51515151515152 92.12121212121212 92.72727272727273 93.33333333333334 93.93939393939394 94.54545454545455 95.15151515151516 95.75757575757576 96.36363636363637 96.96969696969698 97.57575757575758 98.18181818181819 98.7878787878788 99.39393939393941 100 100.6060606060606 101.2121212121212 101.8181818181818 102.4242424242424 103.030303030303 103.6363636363636 104.2424242424242 104.8484848484849 105.4545454545455 106.0606060606061 106.6666666666667 107.2727272727273 107.8787878787879 108.4848484848485 109.0909090909091 109.6969696969697 110.3030303030303 110.9090909090909 111.5151515151515 112.1212121212121 112.7272727272727 113.3333333333333 113.939393939394 114.5454545454546 115.1515151515152 115.7575757575758 116.3636363636364 116.969696969697 117.5757575757576 118.1818181818182 118.7878787878788 119.3939393939394 120


# name: y
# type: matrix
# rows: 100
# columns: 1
 795122.6100573288
 794451.2163417056
 793793.3741017669
 793149.083337512
 792518.344048941
 791901.1562360544
 791297.5198988516
 790707.4350373331
 790130.9016514989
 789567.9197413482
 789018.4893068821
 788482.6103480998
 787960.2828650018
 787451.5068575877
 786956.2823258578
 786474.6092698119
 786006.4876894503
 785551.9175847726
 785110.898955779
 784683.4318024694
 784269.5161248441
 783869.1519229027
 783482.3391966454
 783109.0779460722
 782749.368171183
 782403.2098719781
 782070.6030484572
 781751.5477006204
 781446.0438284676
 781154.091431999
 780875.6905112143
 780610.8410661139
 780359.5430966974
 780121.7966029651
 779897.6015849169
 779686.9580425527
 779489.8659758726
 779306.3253848767
 779136.3362695648
 778979.898629937
 778837.0124659932
 778707.6777777335
 778591.8945651581
 778489.6628282666
 778400.9825670591
 778325.8537815359
 778264.2764716966
 778216.2506375415
 778181.7762790704
 778160.8533962835
 778153.4819891806
 778159.6620577618
 778179.3936020271
 778212.6766219764
 778259.5111176099
 778319.8970889274
 778393.8345359291
 778481.3234586148
 778582.3638569845
 778696.9557310385
 778825.0990807764
 778966.7939061986
 779122.0402073046
 779290.8379840949
 779473.1872365691
 779669.0879647275
 779878.54016857
 780101.5438480966
 780338.0990033073
 780588.205634202
 780851.8637407809
 781129.0733230438
 781419.8343809907
 781724.1469146217
 782042.010923937
 782373.4264089362
 782718.3933696195
 783076.9118059869
 783448.9817180384
 783834.603105774
 784233.7759691937
 784646.5003082973
 785072.7761230852
 785512.6034135572
 785965.9821797132
 786432.9124215532
 786913.3941390774
 787407.4273322857
 787915.012001178
 788436.1481457546
 788970.835766015
 789519.0748619597
 790080.8654335883
 790656.2074809009
 791245.101003898
 791847.5460025789
 792463.5424769439
 793093.0904269931
 793736.1898527263
 794392.8407541434


# name: TRAIN_QUERIES
# type: cell
# rows: 1
# columns: 3
# name: <cell-element>
# type: sq_string
# elements: 1
# length: 2
R1



# name: <cell-element>
# type: sq_string
# elements: 1
# length: 2
R2



# name: <cell-element>
# type: sq_string
# elements: 1
# length: 2
R4





# name: TEST_QUERIES
# type: cell
# rows: 1
# columns: 1
# name: <cell-element>
# type: sq_string
# elements: 1
# length: 2
R3





# name: DATASIZE
# type: sq_string
# elements: 1
# length: 4
1000


