# Created by Octave 3.8.2, Mon May 23 11:28:07 2016 CEST <Andrea@Andreas-MacBook-Pro.local>
# name: x
# type: matrix
# rows: 1
# columns: 100
 60 60.60606060606061 61.21212121212121 61.81818181818181 62.42424242424242 63.03030303030303 63.63636363636364 64.24242424242425 64.84848484848484 65.45454545454545 66.06060606060606 66.66666666666667 67.27272727272728 67.87878787878788 68.48484848484848 69.09090909090909 69.6969696969697 70.30303030303031 70.90909090909091 71.51515151515152 72.12121212121212 72.72727272727272 73.33333333333334 73.93939393939394 74.54545454545455 75.15151515151516 75.75757575757575 76.36363636363637 76.96969696969697 77.57575757575758 78.18181818181819 78.7878787878788 79.39393939393939 80 80.60606060606061 81.21212121212122 81.81818181818181 82.42424242424244 83.03030303030303 83.63636363636364 84.24242424242425 84.84848484848484 85.45454545454545 86.06060606060606 86.66666666666667 87.27272727272728 87.87878787878789 88.48484848484848 89.09090909090909 89.6969696969697 90.30303030303031 90.90909090909091 91.51515151515152 92.12121212121212 92.72727272727273 93.33333333333334 93.93939393939394 94.54545454545455 95.15151515151516 95.75757575757576 96.36363636363637 96.96969696969698 97.57575757575758 98.18181818181819 98.7878787878788 99.39393939393941 100 100.6060606060606 101.2121212121212 101.8181818181818 102.4242424242424 103.030303030303 103.6363636363636 104.2424242424242 104.8484848484849 105.4545454545455 106.0606060606061 106.6666666666667 107.2727272727273 107.8787878787879 108.4848484848485 109.0909090909091 109.6969696969697 110.3030303030303 110.9090909090909 111.5151515151515 112.1212121212121 112.7272727272727 113.3333333333333 113.939393939394 114.5454545454546 115.1515151515152 115.7575757575758 116.3636363636364 116.969696969697 117.5757575757576 118.1818181818182 118.7878787878788 119.3939393939394 120


# name: y
# type: matrix
# rows: 100
# columns: 1
 812366.6994561565
 812107.2433495836
 811872.9324707352
 811661.7782684944
 811471.912544088
 811301.5824938497
 811149.1458562504
 811013.0661631948
 810891.9080955838
 810784.3329431434
 810689.0941685213
 810605.0330756477
 810531.0745823641
 810466.2230973177
 810409.5585011235
 810360.2322317899
 810317.4634744144
 810280.5354551428
 810248.7918393961
 810221.6332343632
 810198.5137957607
 810178.9379388586
 810162.4571537721
 810148.6669250206
 810137.2037553523
 810127.7422938354
 810119.9925682162
 810113.6973215428
 810108.6294530556
 810104.5895633446
 810101.4036037717
 810098.9206301614
 810097.0106607559
 810095.5626384377
 810094.4824972188
 810093.6913329952
 810093.123678569
 810092.7258829358
 810092.4545948392
 810092.275350592
 810092.1612661619
 810092.0918335267
 810092.0518212927
 810092.0302795817
 810092.019649183
 810092.0149749732
 810092.0132236008
 810092.0127054385
 810092.0126008007
 810092.0125904287
 810092.0125902413
 810092.0125903519
 810092.0125983524
 810092.0126868635
 810092.0131453505
 810092.0147362066
 810092.0190551021
 810092.0289955996
 810092.0493180365
 810092.0873226731
 810092.153627107
 810092.2630479551
 810092.4355868002
 810092.6975204055
 810093.0825951943
 810093.6333259976
 810094.402399066
 810095.4541793502
 810096.8663220459
 810098.7314884067
 810101.1591658221
 810104.2775921633
 810108.2357843934
 810113.2056714462
 810119.3843313697
 810126.9963327367
 810136.2961803221
 810147.5708650455
 810161.1425181814
 810177.3711698347
 810196.6576116841
 810219.4463639897
 810246.228746869
 810277.5460558383
 810313.9928416205
 810356.2202942196
 810404.9397312612
 810460.9261906
 810525.0221271933
 810598.1412142401
 810681.2722485884
 810775.4831604073
 810881.9251271259
 811001.8367916392
 811136.5485847796
 811287.4871520551
 811456.1798846537
 811644.2595547149
 811853.4690548665
 812085.6662420284


# name: TRAIN_QUERIES
# type: cell
# rows: 1
# columns: 3
# name: <cell-element>
# type: sq_string
# elements: 1
# length: 2
R1



# name: <cell-element>
# type: sq_string
# elements: 1
# length: 2
R2



# name: <cell-element>
# type: sq_string
# elements: 1
# length: 2
R4





# name: TEST_QUERIES
# type: cell
# rows: 1
# columns: 1
# name: <cell-element>
# type: sq_string
# elements: 1
# length: 2
R3





# name: DATASIZE
# type: sq_string
# elements: 1
# length: 4
1000


