# Created by Octave 3.8.2, Mon May 23 11:28:07 2016 CEST <Andrea@Andreas-MacBook-Pro.local>
# name: x
# type: matrix
# rows: 1
# columns: 100
 60 60.60606060606061 61.21212121212121 61.81818181818181 62.42424242424242 63.03030303030303 63.63636363636364 64.24242424242425 64.84848484848484 65.45454545454545 66.06060606060606 66.66666666666667 67.27272727272728 67.87878787878788 68.48484848484848 69.09090909090909 69.6969696969697 70.30303030303031 70.90909090909091 71.51515151515152 72.12121212121212 72.72727272727272 73.33333333333334 73.93939393939394 74.54545454545455 75.15151515151516 75.75757575757575 76.36363636363637 76.96969696969697 77.57575757575758 78.18181818181819 78.7878787878788 79.39393939393939 80 80.60606060606061 81.21212121212122 81.81818181818181 82.42424242424244 83.03030303030303 83.63636363636364 84.24242424242425 84.84848484848484 85.45454545454545 86.06060606060606 86.66666666666667 87.27272727272728 87.87878787878789 88.48484848484848 89.09090909090909 89.6969696969697 90.30303030303031 90.90909090909091 91.51515151515152 92.12121212121212 92.72727272727273 93.33333333333334 93.93939393939394 94.54545454545455 95.15151515151516 95.75757575757576 96.36363636363637 96.96969696969698 97.57575757575758 98.18181818181819 98.7878787878788 99.39393939393941 100 100.6060606060606 101.2121212121212 101.8181818181818 102.4242424242424 103.030303030303 103.6363636363636 104.2424242424242 104.8484848484849 105.4545454545455 106.0606060606061 106.6666666666667 107.2727272727273 107.8787878787879 108.4848484848485 109.0909090909091 109.6969696969697 110.3030303030303 110.9090909090909 111.5151515151515 112.1212121212121 112.7272727272727 113.3333333333333 113.939393939394 114.5454545454546 115.1515151515152 115.7575757575758 116.3636363636364 116.969696969697 117.5757575757576 118.1818181818182 118.7878787878788 119.3939393939394 120


# name: y
# type: matrix
# rows: 100
# columns: 1
 909856.5739982097
 907850.817975609
 905964.072147497
 904191.5331194928
 902528.4964465962
 900970.3566331874
 899512.6071330272
 898150.8403492569
 896880.7476343985
 895698.1192903545
 894598.8445684081
 893578.9116692228
 892634.4077428429
 891761.5188886931
 890956.5301555789
 890215.8255416862
 889535.8879945813
 888913.2994112114
 888344.7406379043
 887826.9914703679
 887356.9306536911
 886931.5358823433
 886547.8838001743
 886203.1500004147
 885894.6090256753
 885619.634367948
 885375.6984686049
 885160.3727183986
 884971.3274574626
 884806.3319753107
 884663.2545108373
 884540.0622523176
 884434.8213374069
 884345.6968531416
 884270.9528359384
 884208.9522715945
 884158.1570952879
 884117.1281915769
 884084.5253944006
 884059.1074870785
 884039.7322023108
 884025.3562221782
 884015.0351781419
 884007.9236510438
 884003.2751711063
 884000.4422179325
 883998.8762205058
 883998.1275571904
 883997.8455557309
 883997.7784932526
 883997.7735962614
 883997.7770406436
 883997.8339516663
 883998.0884039768
 883998.7834216034
 884000.2609779546
 884002.9619958198
 884007.4263473689
 884014.2928541519
 884024.2992871
 884038.2823665247
 884057.1777621179
 884082.0200929526
 884113.9429274817
 884154.1787835392
 884204.0591283393
 884265.0143784769
 884338.5738999277
 884426.3660080475
 884530.1179675731
 884651.6559926217
 884792.905246691
 884955.8898426592
 885142.7328427855
 885355.6562587091
 885596.9810514504
 885869.1271314095
 886174.613358368
 886516.0575414875
 886896.1764393102
 887317.7857597591
 887783.8001601377
 888297.2332471299
 888861.1975768005
 889478.9046545944
 890153.6649353374
 890888.8878232358
 891688.0816718766
 892554.853784227
 893492.9104126352
 894506.0567588296
 895598.1969739195
 896773.3341583945
 898035.5703621249
 899389.1065843615
 900838.2427737359
 902387.3778282597
 904041.0095953259
 905803.7348717073
 907680.2494035576


# name: TRAIN_QUERIES
# type: cell
# rows: 1
# columns: 3
# name: <cell-element>
# type: sq_string
# elements: 1
# length: 2
R1



# name: <cell-element>
# type: sq_string
# elements: 1
# length: 2
R2



# name: <cell-element>
# type: sq_string
# elements: 1
# length: 2
R4





# name: TEST_QUERIES
# type: cell
# rows: 1
# columns: 1
# name: <cell-element>
# type: sq_string
# elements: 1
# length: 2
R3





# name: DATASIZE
# type: sq_string
# elements: 1
# length: 4
1000


