# Created by Octave 3.8.2, Mon May 23 11:28:07 2016 CEST <Andrea@Andreas-MacBook-Pro.local>
# name: x
# type: matrix
# rows: 1
# columns: 100
 60 60.60606060606061 61.21212121212121 61.81818181818181 62.42424242424242 63.03030303030303 63.63636363636364 64.24242424242425 64.84848484848484 65.45454545454545 66.06060606060606 66.66666666666667 67.27272727272728 67.87878787878788 68.48484848484848 69.09090909090909 69.6969696969697 70.30303030303031 70.90909090909091 71.51515151515152 72.12121212121212 72.72727272727272 73.33333333333334 73.93939393939394 74.54545454545455 75.15151515151516 75.75757575757575 76.36363636363637 76.96969696969697 77.57575757575758 78.18181818181819 78.7878787878788 79.39393939393939 80 80.60606060606061 81.21212121212122 81.81818181818181 82.42424242424244 83.03030303030303 83.63636363636364 84.24242424242425 84.84848484848484 85.45454545454545 86.06060606060606 86.66666666666667 87.27272727272728 87.87878787878789 88.48484848484848 89.09090909090909 89.6969696969697 90.30303030303031 90.90909090909091 91.51515151515152 92.12121212121212 92.72727272727273 93.33333333333334 93.93939393939394 94.54545454545455 95.15151515151516 95.75757575757576 96.36363636363637 96.96969696969698 97.57575757575758 98.18181818181819 98.7878787878788 99.39393939393941 100 100.6060606060606 101.2121212121212 101.8181818181818 102.4242424242424 103.030303030303 103.6363636363636 104.2424242424242 104.8484848484849 105.4545454545455 106.0606060606061 106.6666666666667 107.2727272727273 107.8787878787879 108.4848484848485 109.0909090909091 109.6969696969697 110.3030303030303 110.9090909090909 111.5151515151515 112.1212121212121 112.7272727272727 113.3333333333333 113.939393939394 114.5454545454546 115.1515151515152 115.7575757575758 116.3636363636364 116.969696969697 117.5757575757576 118.1818181818182 118.7878787878788 119.3939393939394 120


# name: y
# type: matrix
# rows: 100
# columns: 1
 857474.0614632694
 860994.8903838829
 864375.0289558829
 867617.3458375094
 870724.709687002
 873699.9891626005
 876546.0529225443
 879265.7696250735
 881862.0079284275
 884337.6364908462
 886695.5239705693
 888938.5390258363
 891069.5503148871
 893091.4264959614
 895007.0362272989
 896819.2481671392
 898530.9309737221
 900144.9533052873
 901664.1838200744
 903091.4911763234
 904429.7440322737
 905681.8110461651
 906850.5608762373
 907938.8621807301
 908949.5836178832
 909885.593845936
 910749.7615231286
 911544.9553077006
 912274.0438578916
 912939.8958319414
 913545.3798880896
 914093.3646845761
 914586.7188796405
 915028.3111315223
 915421.0100984615
 915767.6844386978
 916071.2028104707
 916334.4338720201
 916560.2462815857
 916751.5086974071
 916911.0897777239
 917041.8581807761
 917146.6825648032
 917228.431588045
 917289.9739087411
 917334.1781851314
 917363.9130754553
 917382.0472379529
 917391.4493308635
 917394.9880124272
 917395.5319408835
 917395.949774472
 917399.1101714326
 917407.8817900049
 917425.1332884287
 917453.7333249436
 917496.5505577893
 917556.4536452056
 917636.3112454322
 917738.9920167088
 917867.3646172751
 918024.2977053707
 918212.6599392354
 918435.3199771089
 918695.1464772309
 918995.0080978412
 919337.7734971794
 919726.3113334852
 920163.4902649984
 920652.1789499585
 921195.2460466055
 921795.5602131789
 922455.9901079185
 923179.4043890639
 923968.6717148549
 924826.6607435312
 925756.2401333326
 926760.2785424985
 927841.6446292689
 929003.2070518835
 930247.8344685817
 931578.3955376036
 932997.7589171887
 934508.7932655767
 936114.3672410074
 937817.3495017204
 939620.6087059554
 941527.0135119524
 943539.4325779506
 945660.7345621902
 947893.7881229107
 950241.4619183516
 952706.6246067529
 955292.1448463543
 958000.8912953951
 960835.7326121156
 963799.5374547552
 966895.1744815536
 970125.5123507505
 973493.4197205857


# name: TRAIN_QUERIES
# type: cell
# rows: 1
# columns: 3
# name: <cell-element>
# type: sq_string
# elements: 1
# length: 2
R1



# name: <cell-element>
# type: sq_string
# elements: 1
# length: 2
R2



# name: <cell-element>
# type: sq_string
# elements: 1
# length: 2
R4





# name: TEST_QUERIES
# type: cell
# rows: 1
# columns: 1
# name: <cell-element>
# type: sq_string
# elements: 1
# length: 2
R3





# name: DATASIZE
# type: sq_string
# elements: 1
# length: 4
1000


