# Created by Octave 3.8.2, Wed May 18 17:31:16 2016 CEST <Andrea@Andreas-MacBook-Pro.local>
# name: x
# type: matrix
# rows: 1
# columns: 100
 0.008333333333333333 0.008417508417508417 0.008501683501683501 0.008585858585858586 0.00867003367003367 0.008754208754208754 0.008838383838383838 0.008922558922558922 0.009006734006734006 0.00909090909090909 0.009175084175084175 0.009259259259259259 0.009343434343434343 0.009427609427609427 0.009511784511784511 0.009595959595959595 0.009680134680134681 0.009764309764309764 0.009848484848484848 0.009932659932659932 0.01001683501683502 0.0101010101010101 0.01018518518518518 0.01026936026936027 0.01035353535353535 0.01043771043771044 0.01052188552188552 0.0106060606060606 0.01069023569023569 0.01077441077441077 0.01085858585858586 0.01094276094276094 0.01102693602693603 0.01111111111111111 0.0111952861952862 0.01127946127946128 0.01136363636363636 0.01144781144781145 0.01153198653198653 0.01161616161616162 0.0117003367003367 0.01178451178451178 0.01186868686868687 0.01195286195286195 0.01203703703703704 0.01212121212121212 0.01220538720538721 0.01228956228956229 0.01237373737373737 0.01245791245791246 0.01254208754208754 0.01262626262626263 0.01271043771043771 0.01279461279461279 0.01287878787878788 0.01296296296296296 0.01304713804713805 0.01313131313131313 0.01321548821548822 0.0132996632996633 0.01338383838383838 0.01346801346801347 0.01355218855218855 0.01363636363636364 0.01372053872053872 0.0138047138047138 0.01388888888888889 0.01397306397306397 0.01405723905723906 0.01414141414141414 0.01422558922558922 0.01430976430976431 0.01439393939393939 0.01447811447811448 0.01456228956228956 0.01464646464646465 0.01473063973063973 0.01481481481481482 0.0148989898989899 0.01498316498316498 0.01506734006734007 0.01515151515151515 0.01523569023569023 0.01531986531986532 0.0154040404040404 0.01548821548821549 0.01557239057239057 0.01565656565656566 0.01574074074074074 0.01582491582491583 0.01590909090909091 0.01599326599326599 0.01607744107744108 0.01616161616161616 0.01624579124579124 0.01632996632996633 0.01641414141414141 0.0164983164983165 0.01658249158249158 0.01666666666666667


# name: y
# type: matrix
# rows: 100
# columns: 1
 47646.76904442965
 47732.54213951048
 47822.20397833546
 47915.74560587566
 48013.15521711999
 48114.41814025656
 48219.51682272342
 48328.43082017222
 48441.13678838417
 48557.60847817482
 48677.8167333193
 48801.72949152665
 48929.31178848717
 49060.52576501307
 49195.33067728842
 49333.68291024006
 49475.53599403729
 49620.84062372327
 49769.54468197734
 49921.59326500267
 50076.92871152952
 50235.49063491989
 50397.21595835486
 50562.03895308189
 50729.89127969433
 50900.70203241159
 51074.39778632388
 51250.90264756086
 51430.1383063397
 51612.02409284327
 51796.47703587567
 51983.41192423753
 52172.74137075964
 52364.37587893
 52558.22391204451
 52754.19196480868
 52952.18463731332
 53152.10471130392
 53353.85322865983
 53557.32957199602
 53762.43154729667
 53969.05546848725
 54177.09624384806
 54386.44746416997
 54597.00149254983
 54808.64955572104
 55021.28183681182
 55234.78756942169
 55449.05513290472
 55663.97214874588
 55879.42557791551
 56095.3018190847
 56311.48680758377
 56527.86611498407
 56744.32504918295
 56960.74875487032
 57177.02231425499
 57393.03084792829
 57608.65961574225
 57823.79411757953
 58038.32019389233
 58252.12412588795
 58465.09273523885
 58677.1134831961
 58888.07456898571
 59097.86502736839
 59306.3748252445
 59513.49495718764
 59719.11753979148
 59923.13590471642
 60125.44469032457
 60325.9399317939
 60524.51914960399
 60721.08143628913
 60915.52754135634
 61107.75995426927
 61297.68298540124
 61485.20284486421
 61670.22771912321
 61852.66784530963
 62032.43558314958
 62209.44548442737
 62383.61435990806
 62554.86134364633
 62723.10795461312
 62888.27815557528
 63050.29840916779
 63209.09773110185
 63364.60774045657
 63516.76270700633
 63665.49959554007
 63810.75810713292
 63952.48071733567
 64090.61271125117
 64225.10221547192
 64355.90022685704
 64482.96063813198
 64606.24026029783
 64725.69884184292
 64841.29908475233


# name: QUERY
# type: sq_string
# elements: 1
# length: 2
R1


# name: DATASIZE
# type: sq_string
# elements: 1
# length: 3
250


