# Created by Octave 3.8.2, Wed May 18 17:31:16 2016 CEST <Andrea@Andreas-MacBook-Pro.local>
# name: x
# type: matrix
# rows: 1
# columns: 100
 0.008333333333333333 0.008417508417508417 0.008501683501683501 0.008585858585858586 0.00867003367003367 0.008754208754208754 0.008838383838383838 0.008922558922558922 0.009006734006734006 0.00909090909090909 0.009175084175084175 0.009259259259259259 0.009343434343434343 0.009427609427609427 0.009511784511784511 0.009595959595959595 0.009680134680134681 0.009764309764309764 0.009848484848484848 0.009932659932659932 0.01001683501683502 0.0101010101010101 0.01018518518518518 0.01026936026936027 0.01035353535353535 0.01043771043771044 0.01052188552188552 0.0106060606060606 0.01069023569023569 0.01077441077441077 0.01085858585858586 0.01094276094276094 0.01102693602693603 0.01111111111111111 0.0111952861952862 0.01127946127946128 0.01136363636363636 0.01144781144781145 0.01153198653198653 0.01161616161616162 0.0117003367003367 0.01178451178451178 0.01186868686868687 0.01195286195286195 0.01203703703703704 0.01212121212121212 0.01220538720538721 0.01228956228956229 0.01237373737373737 0.01245791245791246 0.01254208754208754 0.01262626262626263 0.01271043771043771 0.01279461279461279 0.01287878787878788 0.01296296296296296 0.01304713804713805 0.01313131313131313 0.01321548821548822 0.0132996632996633 0.01338383838383838 0.01346801346801347 0.01355218855218855 0.01363636363636364 0.01372053872053872 0.0138047138047138 0.01388888888888889 0.01397306397306397 0.01405723905723906 0.01414141414141414 0.01422558922558922 0.01430976430976431 0.01439393939393939 0.01447811447811448 0.01456228956228956 0.01464646464646465 0.01473063973063973 0.01481481481481482 0.0148989898989899 0.01498316498316498 0.01506734006734007 0.01515151515151515 0.01523569023569023 0.01531986531986532 0.0154040404040404 0.01548821548821549 0.01557239057239057 0.01565656565656566 0.01574074074074074 0.01582491582491583 0.01590909090909091 0.01599326599326599 0.01607744107744108 0.01616161616161616 0.01624579124579124 0.01632996632996633 0.01641414141414141 0.0164983164983165 0.01658249158249158 0.01666666666666667


# name: y
# type: matrix
# rows: 100
# columns: 1
 46575.61340596717
 46780.89537183932
 46986.17733771149
 47191.45930358365
 47396.74126945579
 47602.02323532792
 47807.30520120007
 48012.58716707223
 48217.86913294438
 48423.15109881652
 48628.43306468868
 48833.71503056082
 49038.99699643296
 49244.27896230513
 49449.56092817728
 49654.84289404941
 49860.12485992156
 50065.40682579368
 50270.68879166584
 50475.97075753799
 50681.25272341015
 50886.53468928229
 51091.81665515444
 51297.0986210266
 51502.38058689874
 51707.66255277088
 51912.94451864303
 52118.22648451518
 52323.50845038733
 52528.79041625947
 52734.07238213163
 52939.35434800378
 53144.63631387592
 53349.91827974807
 53555.20024562022
 53760.48221149237
 53965.76417736452
 54171.04614323666
 54376.32810910881
 54581.61007498096
 54786.8920408531
 54992.17400672525
 55197.4559725974
 55402.73793846955
 55608.01990434169
 55813.30187021384
 56018.58383608599
 56223.86580195814
 56429.14776783029
 56634.42973370243
 56839.71169957458
 57044.99366544673
 57250.27563131888
 57455.55759719102
 57660.83956306318
 57866.12152893533
 58071.40349480747
 58276.68546067962
 58481.96742655178
 58687.24939242392
 58892.53135829606
 59097.81332416821
 59303.09529004036
 59508.37725591249
 59713.65922178465
 59918.9411876568
 60124.22315352896
 60329.50511940111
 60534.78708527326
 60740.06905114539
 60945.35101701754
 61150.63298288968
 61355.91494876183
 61561.19691463401
 61766.47888050612
 61971.7608463783
 62177.04281225044
 62382.32477812258
 62587.60674399471
 62792.88870986686
 62998.170675739
 63203.4526416112
 63408.73460748334
 63614.01657335547
 63819.29853922763
 64024.58050509974
 64229.86247097192
 64435.14443684412
 64640.42640271621
 64845.70836858837
 65050.99033446049
 65256.27230033268
 65461.55426620482
 65666.83623207695
 65872.11819794911
 66077.40016382126
 66282.68212969341
 66487.96409556552
 66693.24606143773
 66898.52802730982


# name: QUERY
# type: sq_string
# elements: 1
# length: 2
R1


# name: DATASIZE
# type: sq_string
# elements: 1
# length: 3
250


