# Created by Octave 3.8.2, Wed May 18 17:31:02 2016 CEST <Andrea@Andreas-MacBook-Pro.local>
# name: mu
# type: matrix
# rows: 1
# columns: 8
 55330.609375 21113.546875 30182 2192.078125 3378.546875 10379.640625 24369.078125 0.01186197916666666


# name: sigma
# type: matrix
# rows: 1
# columns: 8
 15843.56666256124 1963.188885701643 3445.526084649483 173.3479210608282 238.130078477696 5508.847557201247 12955.00024725967 0.003148801553535086


