# Created by Octave 3.8.2, Wed May 18 17:31:16 2016 CEST <Andrea@Andreas-MacBook-Pro.local>
# name: x
# type: matrix
# rows: 1
# columns: 100
 0.008333333333333333 0.008417508417508417 0.008501683501683501 0.008585858585858586 0.00867003367003367 0.008754208754208754 0.008838383838383838 0.008922558922558922 0.009006734006734006 0.00909090909090909 0.009175084175084175 0.009259259259259259 0.009343434343434343 0.009427609427609427 0.009511784511784511 0.009595959595959595 0.009680134680134681 0.009764309764309764 0.009848484848484848 0.009932659932659932 0.01001683501683502 0.0101010101010101 0.01018518518518518 0.01026936026936027 0.01035353535353535 0.01043771043771044 0.01052188552188552 0.0106060606060606 0.01069023569023569 0.01077441077441077 0.01085858585858586 0.01094276094276094 0.01102693602693603 0.01111111111111111 0.0111952861952862 0.01127946127946128 0.01136363636363636 0.01144781144781145 0.01153198653198653 0.01161616161616162 0.0117003367003367 0.01178451178451178 0.01186868686868687 0.01195286195286195 0.01203703703703704 0.01212121212121212 0.01220538720538721 0.01228956228956229 0.01237373737373737 0.01245791245791246 0.01254208754208754 0.01262626262626263 0.01271043771043771 0.01279461279461279 0.01287878787878788 0.01296296296296296 0.01304713804713805 0.01313131313131313 0.01321548821548822 0.0132996632996633 0.01338383838383838 0.01346801346801347 0.01355218855218855 0.01363636363636364 0.01372053872053872 0.0138047138047138 0.01388888888888889 0.01397306397306397 0.01405723905723906 0.01414141414141414 0.01422558922558922 0.01430976430976431 0.01439393939393939 0.01447811447811448 0.01456228956228956 0.01464646464646465 0.01473063973063973 0.01481481481481482 0.0148989898989899 0.01498316498316498 0.01506734006734007 0.01515151515151515 0.01523569023569023 0.01531986531986532 0.0154040404040404 0.01548821548821549 0.01557239057239057 0.01565656565656566 0.01574074074074074 0.01582491582491583 0.01590909090909091 0.01599326599326599 0.01607744107744108 0.01616161616161616 0.01624579124579124 0.01632996632996633 0.01641414141414141 0.0164983164983165 0.01658249158249158 0.01666666666666667


# name: y
# type: matrix
# rows: 100
# columns: 1
 56148.62557063447
 56137.35834824792
 56127.38688467052
 56118.58912157379
 56110.85183486628
 56104.07019773491
 56098.14735477084
 56092.99400717991
 56088.52800907783
 56084.6739748698
 56081.36289771491
 56078.53177907502
 56076.1232693483
 56074.08531958737
 56072.3708443021
 56070.9373953469
 56069.74684689275
 56068.7650914837
 56067.96174717817
 56067.30987577462
 56066.78571212205
 56066.36840451496
 56066.03976617295
 56065.78403780503
 56065.58766125835
 56065.43906425172
 56065.32845619364
 56065.24763508492
 56065.18980550602
 56065.14940768888
 56065.1219576734
 56065.10389854856
 56065.09246277811
 56065.08554561088
 56065.08158957568
 56065.07948006084
 56065.07845197838
 56065.07800751268
 56065.0778449539
 56065.07779861588
 56065.07778983875
 56065.0777890761
 56065.07778906675
 56065.07778909113
 56065.07779031234
 56065.07780220167
 56065.07786004891
 56065.0780535571
 56065.07856652199
 56065.07972759611
 56065.08207213737
 56065.0864151424
 56065.09393526427
 56065.10626991514
 56065.12562145322
 56065.15487445451
 56065.19772406908
 56065.25881546202
 56065.3438943389
 56065.45996855592
 56065.61548081466
 56065.8204924414
 56066.08687825107
 56066.42853249583
 56066.86158589818
 56067.40463376882
 56068.07897520896
 56068.90886339734
 56069.92176696184
 56071.14864243565
 56072.62421779813
 56074.38728710022
 56076.48101617444
 56078.95325942957
 56081.85688772991
 56085.25012735908
 56089.19691006852
 56093.76723421059
 56099.03753695621
 56105.09107759715
 56112.01833193297
 56119.91739774249
 56128.89441133991
 56139.06397521555
 56150.54959676117
 56163.4841380799
 56178.0102768808
 56194.28097845804
 56212.45997875461
 56232.72227851076
 56255.2546484969
 56280.25614583128
 56307.93864138211
 56338.52735825443
 56372.26142136145
 56409.39441808067
 56450.19496999443
 56494.94731571517
 56543.95190479531
 56597.52600272166


# name: QUERY
# type: sq_string
# elements: 1
# length: 2
R1


# name: DATASIZE
# type: sq_string
# elements: 1
# length: 3
250


