# Created by Octave 3.8.2, Wed May 18 17:31:16 2016 CEST <Andrea@Andreas-MacBook-Pro.local>
# name: x
# type: matrix
# rows: 1
# columns: 100
 0.008333333333333333 0.008417508417508417 0.008501683501683501 0.008585858585858586 0.00867003367003367 0.008754208754208754 0.008838383838383838 0.008922558922558922 0.009006734006734006 0.00909090909090909 0.009175084175084175 0.009259259259259259 0.009343434343434343 0.009427609427609427 0.009511784511784511 0.009595959595959595 0.009680134680134681 0.009764309764309764 0.009848484848484848 0.009932659932659932 0.01001683501683502 0.0101010101010101 0.01018518518518518 0.01026936026936027 0.01035353535353535 0.01043771043771044 0.01052188552188552 0.0106060606060606 0.01069023569023569 0.01077441077441077 0.01085858585858586 0.01094276094276094 0.01102693602693603 0.01111111111111111 0.0111952861952862 0.01127946127946128 0.01136363636363636 0.01144781144781145 0.01153198653198653 0.01161616161616162 0.0117003367003367 0.01178451178451178 0.01186868686868687 0.01195286195286195 0.01203703703703704 0.01212121212121212 0.01220538720538721 0.01228956228956229 0.01237373737373737 0.01245791245791246 0.01254208754208754 0.01262626262626263 0.01271043771043771 0.01279461279461279 0.01287878787878788 0.01296296296296296 0.01304713804713805 0.01313131313131313 0.01321548821548822 0.0132996632996633 0.01338383838383838 0.01346801346801347 0.01355218855218855 0.01363636363636364 0.01372053872053872 0.0138047138047138 0.01388888888888889 0.01397306397306397 0.01405723905723906 0.01414141414141414 0.01422558922558922 0.01430976430976431 0.01439393939393939 0.01447811447811448 0.01456228956228956 0.01464646464646465 0.01473063973063973 0.01481481481481482 0.0148989898989899 0.01498316498316498 0.01506734006734007 0.01515151515151515 0.01523569023569023 0.01531986531986532 0.0154040404040404 0.01548821548821549 0.01557239057239057 0.01565656565656566 0.01574074074074074 0.01582491582491583 0.01590909090909091 0.01599326599326599 0.01607744107744108 0.01616161616161616 0.01624579124579124 0.01632996632996633 0.01641414141414141 0.0164983164983165 0.01658249158249158 0.01666666666666667


# name: y
# type: matrix
# rows: 100
# columns: 1
 55886.21727527233
 55810.24470804559
 55739.64240649671
 55674.15112924491
 55613.51804855058
 55557.49675031527
 55505.84723408176
 55458.33591303397
 55414.73561399702
 55374.82557743721
 55338.391457462
 55305.22532182005
 55275.12565190121
 55247.89734273648
 55223.35170299808
 55201.30645499938
 55181.58573469493
 55164.02009168049
 55148.44648919297
 55134.70830411047
 55122.65532695228
 55112.14376187887
 55103.03622669187
 55095.20175283412
 55088.51578538962
 55082.86018308356
 55078.12321828231
 55074.19957699341
 55070.99035886559
 55068.40307718877
 55066.35165889404
 55064.75644455366
 55063.5441883811
 55062.64805823098
 55062.00763559912
 55061.56891562251
 55061.28430707934
 55061.11263238895
 55061.01912761189
 55060.97544244986
 55060.95964024578
 55060.95619798372
 55060.95600628894
 55060.95636942788
 55060.96100530816
 55060.98004547859
 55061.03003512916
 55061.13393309102
 55061.32111183651
 55061.62735747918
 55062.09486977372
 55062.77226211601
 55063.71456154314
 55064.98320873334
 55066.64605800604
 55068.77737732187
 55071.4578482826
 55074.77456613121
 55078.82103975186
 55083.69719166987
 55089.50935805176
 55096.37028870522
 55104.39914707914
 55113.72151026357
 55124.46936898974
 55136.78112763007
 55150.80160419817
 55166.68203034881
 55184.58005137795
 55204.65972622273
 55227.09152746148
 55252.0523413137
 55279.72546764007
 55310.30061994245
 55343.9739253639
 55380.94792468863
 55421.43157234206
 55465.64023639077
 55513.79569854252
 55566.12615414627
 55622.86621219216
 55684.25689531148
 55750.54563977672
 55821.98629550157
 55898.83912604088
 55981.37080859066
 56069.85443398816
 56164.56950671174
 56265.801944881
 56373.84408025669
 56488.99465824074
 56611.55883787628
 56741.8481918476
 56880.18070648019
 57026.88078174069
 57182.27923123697
 57346.71328221802
 57520.52657557407
 57704.0691658365
 57897.69752117785


# name: QUERY
# type: sq_string
# elements: 1
# length: 2
R1


# name: DATASIZE
# type: sq_string
# elements: 1
# length: 3
250


