# Created by Octave 3.8.2, Wed May 18 17:31:16 2016 CEST <Andrea@Andreas-MacBook-Pro.local>
# name: x
# type: matrix
# rows: 1
# columns: 100
 0.008333333333333333 0.008417508417508417 0.008501683501683501 0.008585858585858586 0.00867003367003367 0.008754208754208754 0.008838383838383838 0.008922558922558922 0.009006734006734006 0.00909090909090909 0.009175084175084175 0.009259259259259259 0.009343434343434343 0.009427609427609427 0.009511784511784511 0.009595959595959595 0.009680134680134681 0.009764309764309764 0.009848484848484848 0.009932659932659932 0.01001683501683502 0.0101010101010101 0.01018518518518518 0.01026936026936027 0.01035353535353535 0.01043771043771044 0.01052188552188552 0.0106060606060606 0.01069023569023569 0.01077441077441077 0.01085858585858586 0.01094276094276094 0.01102693602693603 0.01111111111111111 0.0111952861952862 0.01127946127946128 0.01136363636363636 0.01144781144781145 0.01153198653198653 0.01161616161616162 0.0117003367003367 0.01178451178451178 0.01186868686868687 0.01195286195286195 0.01203703703703704 0.01212121212121212 0.01220538720538721 0.01228956228956229 0.01237373737373737 0.01245791245791246 0.01254208754208754 0.01262626262626263 0.01271043771043771 0.01279461279461279 0.01287878787878788 0.01296296296296296 0.01304713804713805 0.01313131313131313 0.01321548821548822 0.0132996632996633 0.01338383838383838 0.01346801346801347 0.01355218855218855 0.01363636363636364 0.01372053872053872 0.0138047138047138 0.01388888888888889 0.01397306397306397 0.01405723905723906 0.01414141414141414 0.01422558922558922 0.01430976430976431 0.01439393939393939 0.01447811447811448 0.01456228956228956 0.01464646464646465 0.01473063973063973 0.01481481481481482 0.0148989898989899 0.01498316498316498 0.01506734006734007 0.01515151515151515 0.01523569023569023 0.01531986531986532 0.0154040404040404 0.01548821548821549 0.01557239057239057 0.01565656565656566 0.01574074074074074 0.01582491582491583 0.01590909090909091 0.01599326599326599 0.01607744107744108 0.01616161616161616 0.01624579124579124 0.01632996632996633 0.01641414141414141 0.0164983164983165 0.01658249158249158 0.01666666666666667


# name: y
# type: matrix
# rows: 100
# columns: 1
 53702.45543911512
 53792.4762792807
 53878.20309846047
 53959.74083282728
 54037.19441855399
 54110.66879181345
 54180.26888877852
 54246.09964562206
 54308.26599851692
 54366.87288363594
 54422.02523715201
 54473.82799523797
 54522.38609406666
 54567.80446981097
 54610.18805864372
 54649.64179673779
 54686.27062026602
 54720.17946540128
 54751.47326831641
 54780.25696518428
 54806.63549217775
 54830.71378546965
 54852.59678123286
 54872.38941564023
 54890.19662486461
 54906.12334507886
 54920.27451245584
 54932.7550631684
 54943.6699333894
 54953.12405929169
 54961.22237704812
 54968.06982283157
 54973.77133281487
 54978.43184317089
 54982.15629007248
 54985.04960969251
 54987.2167382038
 54988.76261177925
 54989.79216659169
 54990.41033881398
 54990.72206461897
 54990.83228017953
 54990.84592166851
 54990.86792525876
 54991.00322712315
 54991.35676343452
 54992.03347036573
 54993.13828408963
 54994.7761407791
 54997.05197660697
 55000.0707277461
 55003.93733036936
 55008.7567206496
 55014.63383475966
 55021.67360887242
 55029.98097916072
 55039.66088179742
 55050.81825295537
 55063.55802880744
 55077.98514552647
 55094.20453928533
 55112.32114625687
 55132.43990261394
 55154.6657445294
 55179.10360817611
 55205.85842972693
 55235.0351453547
 55266.73869123228
 55301.07400353253
 55338.14601842831
 55378.05967209247
 55420.91990069787
 55466.83164041736
 55515.8998274238
 55568.22939789004
 55623.92528798895
 55683.09243389337
 55745.83577177617
 55812.26023781019
 55882.47076816829
 55956.57229902334
 56034.66976654818
 56116.86810691567
 56203.27225629867
 56293.98715087003
 56389.11772680261
 56488.76892026926
 56593.04566744285
 56702.05290449622
 56815.89556760224
 56934.67859293375
 57058.50691666361
 57187.48547496468
 57321.71920400982
 57461.31303997189
 57606.37191902372
 57757.00077733819
 57913.30455108815
 58075.38817644645
 58243.35658958596


# name: QUERY
# type: sq_string
# elements: 1
# length: 2
R1


# name: DATASIZE
# type: sq_string
# elements: 1
# length: 3
250


