# Created by Octave 4.0.0, Sun May 22 18:32:39 2016 CEST <peter@Independence>
# name: x
# type: matrix
# rows: 1
# columns: 100
 60 60.60606060606061 61.21212121212122 61.81818181818182 62.42424242424242 63.03030303030303 63.63636363636364 64.24242424242425 64.84848484848484 65.45454545454545 66.06060606060606 66.66666666666667 67.27272727272728 67.87878787878788 68.48484848484848 69.09090909090909 69.6969696969697 70.30303030303031 70.90909090909091 71.51515151515152 72.12121212121212 72.72727272727273 73.33333333333334 73.93939393939394 74.54545454545455 75.15151515151516 75.75757575757576 76.36363636363637 76.96969696969697 77.57575757575758 78.18181818181819 78.7878787878788 79.39393939393939 80 80.60606060606061 81.21212121212122 81.81818181818181 82.42424242424242 83.03030303030303 83.63636363636364 84.24242424242425 84.84848484848484 85.45454545454545 86.06060606060606 86.66666666666667 87.27272727272728 87.87878787878788 88.48484848484848 89.09090909090909 89.6969696969697 90.30303030303031 90.90909090909091 91.51515151515152 92.12121212121212 92.72727272727273 93.33333333333334 93.93939393939395 94.54545454545455 95.15151515151516 95.75757575757576 96.36363636363637 96.96969696969697 97.57575757575758 98.18181818181819 98.7878787878788 99.39393939393941 100 100.6060606060606 101.2121212121212 101.8181818181818 102.4242424242424 103.030303030303 103.6363636363636 104.2424242424242 104.8484848484848 105.4545454545455 106.0606060606061 106.6666666666667 107.2727272727273 107.8787878787879 108.4848484848485 109.0909090909091 109.6969696969697 110.3030303030303 110.9090909090909 111.5151515151515 112.1212121212121 112.7272727272727 113.3333333333333 113.9393939393939 114.5454545454546 115.1515151515152 115.7575757575758 116.3636363636364 116.969696969697 117.5757575757576 118.1818181818182 118.7878787878788 119.3939393939394 120


# name: y
# type: matrix
# rows: 100
# columns: 1
 463985.5670689334
 463014.5740584091
 462021.9869372838
 461008.2240046752
 459973.7229465304
 458918.940551893
 457844.3524051222
 456750.4525543073
 455637.7531561599
 454506.7840977055
 453358.0925951309
 452192.2427701846
 451009.8152045617
 449811.406472742
 448597.6286537858
 447369.1088226286
 446126.4885214453
 444870.4232116961
 443601.5817074901
 442320.645590942
 441028.3086102235
 439725.2760610415
 438412.2641523064
 437089.9993567769
 435759.217747498
 434420.6643208712
 433075.0923072204
 431723.2624697384
 430365.9423927217
 429003.9057600164
 427637.9316246213
 426268.8036704042
 424897.3094669072
 423524.2397182256
 422150.3875069598
 420776.5475342456
 419403.5153568783
 418032.0866225513
 416663.0563042342
 415297.2179347185
 413935.3628423576
 412578.2793890311
 411226.7522113544
 409881.5614661573
 408543.4820812416
 407213.2830124262
 405891.7265078741
 404579.5673806851
 403277.5522907259
 401986.4190366549
 400706.8958590788
 399439.7007557646
 398185.5408098087
 396945.1115316428
 395719.0962157359
 394508.1653128249
 393312.9758184839
 392134.1706788121
 390972.3782139948
 389828.211560461
 388702.2681323304
 387595.129102814
 386507.3589061941
 385439.504760982
 384392.0962148119
 383365.6447115985
 382360.643181446
 381377.5656537614
 380416.8668939868
 379478.9820643262
 378564.3264088079
 377673.2949629777
 376806.2622884854
 375963.5822327836
 375145.5877141206
 374352.5905319663
 373584.881202973
 372842.7288225326
 372126.3809519511
 371436.0635312221
 370771.9808173426
 370134.3153480752
 369523.2279310232
 368938.8576578434
 368381.3219433917
 367850.7165895513
 367347.1158734638
 366870.5726598445
 366421.1185370317
 365998.7639763828
 365603.4985146016
 365235.2909585456
 364894.089612035
 364579.8225241532
 364292.3977585016
 364031.7036828439
 363797.6092785505
 363589.9644692261
 363408.6004678842
 363253.3301420063


# name: QUERY
# type: sq_string
# elements: 1
# length: 2
R1


# name: DATASIZE
# type: sq_string
# elements: 1
# length: 4
1000


