# Created by Octave 4.0.0, Wed May 18 23:29:12 2016 CEST <peter@Independence>
# name: x
# type: matrix
# rows: 1
# columns: 100
 60 60.60606060606061 61.21212121212122 61.81818181818182 62.42424242424242 63.03030303030303 63.63636363636364 64.24242424242425 64.84848484848484 65.45454545454545 66.06060606060606 66.66666666666667 67.27272727272728 67.87878787878788 68.48484848484848 69.09090909090909 69.6969696969697 70.30303030303031 70.90909090909091 71.51515151515152 72.12121212121212 72.72727272727273 73.33333333333334 73.93939393939394 74.54545454545455 75.15151515151516 75.75757575757576 76.36363636363637 76.96969696969697 77.57575757575758 78.18181818181819 78.7878787878788 79.39393939393939 80 80.60606060606061 81.21212121212122 81.81818181818181 82.42424242424242 83.03030303030303 83.63636363636364 84.24242424242425 84.84848484848484 85.45454545454545 86.06060606060606 86.66666666666667 87.27272727272728 87.87878787878788 88.48484848484848 89.09090909090909 89.6969696969697 90.30303030303031 90.90909090909091 91.51515151515152 92.12121212121212 92.72727272727273 93.33333333333334 93.93939393939395 94.54545454545455 95.15151515151516 95.75757575757576 96.36363636363637 96.96969696969697 97.57575757575758 98.18181818181819 98.7878787878788 99.39393939393941 100 100.6060606060606 101.2121212121212 101.8181818181818 102.4242424242424 103.030303030303 103.6363636363636 104.2424242424242 104.8484848484848 105.4545454545455 106.0606060606061 106.6666666666667 107.2727272727273 107.8787878787879 108.4848484848485 109.0909090909091 109.6969696969697 110.3030303030303 110.9090909090909 111.5151515151515 112.1212121212121 112.7272727272727 113.3333333333333 113.9393939393939 114.5454545454546 115.1515151515152 115.7575757575758 116.3636363636364 116.969696969697 117.5757575757576 118.1818181818182 118.7878787878788 119.3939393939394 120


# name: y
# type: matrix
# rows: 100
# columns: 1
 449869.7996802093
 448879.5334013473
 447871.01093827
 446844.6660506031
 445800.9487176997
 444740.3248226292
 443663.2758165448
 442570.2983637539
 441461.9039678435
 440338.6185792444
 439200.9821846478
 438049.5483787153
 436884.8839185524
 435707.5682614431
 434518.1930863707
 433317.3617998753
 432105.6890268242
 430883.8000866951
 429652.3304559981
 428411.9252174816
 427163.2384967912
 425906.932887272
 424643.67886362
 423374.1541851127
 422099.0432891617
 420819.0366759463
 419534.8302849063
 418247.1248638793
 416956.6253316858
 415664.0401349718
 414370.0806001328
 413075.4602811465
 411780.8943041523
 410487.0987096195
 409194.78979295
 407904.6834443653
 406617.4944889277
 405333.9360275458
 404054.7187798141
 402780.5504295317
 401512.1349737423
 400250.1720761317
 398995.3564256112
 397748.3771009085
 396509.9169419762
 395280.6519290176
 394061.2505699187
 392852.3732968579
 391654.6718728549
 390468.7888089989
 389295.3567930844
 388134.998130359
 386988.3241970731
 385855.9349074957
 384738.418195044
 383636.3495081469
 382550.2913214435
 381480.7926628885
 380428.388657315
 379393.6000869767
 378376.932969565
 377378.87815417
 376399.9109356233
 375440.4906876358
 374501.0605151098
 373582.0469259781
 372683.8595228908
 371806.8907150404
 370951.5154503845
 370118.0909684941
 369306.956574225
 368518.4334323765
 367752.8243834708
 367010.4137807561
 366291.4673485018
 365596.2320616264
 364924.936046663
 364277.7885040405
 363654.9796516245
 363056.6806894324
 362483.0437854079
 361934.2020821085
 361410.2697241317
 360911.341906076
 360437.4949408055
 359988.7863477585
 359565.2549610131
 359166.9210567988
 358793.7865001144
 358445.8349100912
 358123.0318437134
 357825.3249974879
 357552.6444266307
 357304.9027813167
 357081.995559522
 356883.8013759648
 356710.182246634
 356560.9838883798
 356436.0360330212
 356335.152755411


# name: QUERY
# type: sq_string
# elements: 1
# length: 2
R1


# name: DATASIZE
# type: sq_string
# elements: 1
# length: 4
1000


