# Created by Octave 4.0.0, Wed May 18 23:29:12 2016 CEST <peter@Independence>
# name: x
# type: matrix
# rows: 1
# columns: 100
 60 60.60606060606061 61.21212121212122 61.81818181818182 62.42424242424242 63.03030303030303 63.63636363636364 64.24242424242425 64.84848484848484 65.45454545454545 66.06060606060606 66.66666666666667 67.27272727272728 67.87878787878788 68.48484848484848 69.09090909090909 69.6969696969697 70.30303030303031 70.90909090909091 71.51515151515152 72.12121212121212 72.72727272727273 73.33333333333334 73.93939393939394 74.54545454545455 75.15151515151516 75.75757575757576 76.36363636363637 76.96969696969697 77.57575757575758 78.18181818181819 78.7878787878788 79.39393939393939 80 80.60606060606061 81.21212121212122 81.81818181818181 82.42424242424242 83.03030303030303 83.63636363636364 84.24242424242425 84.84848484848484 85.45454545454545 86.06060606060606 86.66666666666667 87.27272727272728 87.87878787878788 88.48484848484848 89.09090909090909 89.6969696969697 90.30303030303031 90.90909090909091 91.51515151515152 92.12121212121212 92.72727272727273 93.33333333333334 93.93939393939395 94.54545454545455 95.15151515151516 95.75757575757576 96.36363636363637 96.96969696969697 97.57575757575758 98.18181818181819 98.7878787878788 99.39393939393941 100 100.6060606060606 101.2121212121212 101.8181818181818 102.4242424242424 103.030303030303 103.6363636363636 104.2424242424242 104.8484848484848 105.4545454545455 106.0606060606061 106.6666666666667 107.2727272727273 107.8787878787879 108.4848484848485 109.0909090909091 109.6969696969697 110.3030303030303 110.9090909090909 111.5151515151515 112.1212121212121 112.7272727272727 113.3333333333333 113.9393939393939 114.5454545454546 115.1515151515152 115.7575757575758 116.3636363636364 116.969696969697 117.5757575757576 118.1818181818182 118.7878787878788 119.3939393939394 120


# name: y
# type: matrix
# rows: 1
# columns: 100
 444062.5551568534 443576.5062380144 443090.4573191755 442604.4084003366 442118.3594814976 441632.3105626586 441146.2616438197 440660.2127249808 440174.1638061419 439688.1148873029 439202.065968464 438716.0170496251 438229.9681307861 437743.9192119471 437257.8702931082 436771.8213742693 436285.7724554304 435799.7235365914 435313.6746177524 434827.6256989135 434341.5767800746 433855.5278612357 433369.4789423967 432883.4300235577 432397.3811047188 431911.3321858799 431425.2832670409 430939.234348202 430453.185429363 429967.1365105241 429481.0875916852 428995.0386728462 428508.9897540073 428022.9408351684 427536.8919163294 427050.8429974905 426564.7940786515 426078.7451598126 425592.6962409737 425106.6473221347 424620.5984032958 424134.5494844568 423648.5005656179 423162.451646779 422676.40272794 422190.3538091011 421704.3048902621 421218.2559714232 420732.2070525843 420246.1581337453 419760.1092149064 419274.0602960674 418788.0113772285 418301.9624583896 417815.9135395506 417329.8646207117 416843.8157018728 416357.7667830338 415871.7178641949 415385.6689453559 414899.620026517 414413.5711076781 413927.5221888391 413441.4732700001 412955.4243511612 412469.3754323223 411983.3265134834 411497.2775946444 411011.2286758054 410525.1797569665 410039.1308381276 409553.0819192886 409067.0330004497 408580.9840816107 408094.9351627718 407608.8862439329 407122.8373250939 406636.788406255 406150.7394874161 405664.6905685771 405178.6416497382 404692.5927308992 404206.5438120603 403720.4948932214 403234.4459743824 402748.3970555435 402262.3481367045 401776.2992178656 401290.2502990267 400804.2013801877 400318.1524613488 399832.1035425098 399346.0546236709 398860.005704832 398373.956785993 397887.907867154 397401.8589483151 396915.8100294762 396429.7611106373 395943.7121917983


# name: QUERY
# type: sq_string
# elements: 1
# length: 2
R1


# name: DATASIZE
# type: sq_string
# elements: 1
# length: 4
1000


