# Created by Octave 4.0.0, Sun May 22 18:32:39 2016 CEST <peter@Independence>
# name: x
# type: matrix
# rows: 1
# columns: 100
 60 60.60606060606061 61.21212121212122 61.81818181818182 62.42424242424242 63.03030303030303 63.63636363636364 64.24242424242425 64.84848484848484 65.45454545454545 66.06060606060606 66.66666666666667 67.27272727272728 67.87878787878788 68.48484848484848 69.09090909090909 69.6969696969697 70.30303030303031 70.90909090909091 71.51515151515152 72.12121212121212 72.72727272727273 73.33333333333334 73.93939393939394 74.54545454545455 75.15151515151516 75.75757575757576 76.36363636363637 76.96969696969697 77.57575757575758 78.18181818181819 78.7878787878788 79.39393939393939 80 80.60606060606061 81.21212121212122 81.81818181818181 82.42424242424242 83.03030303030303 83.63636363636364 84.24242424242425 84.84848484848484 85.45454545454545 86.06060606060606 86.66666666666667 87.27272727272728 87.87878787878788 88.48484848484848 89.09090909090909 89.6969696969697 90.30303030303031 90.90909090909091 91.51515151515152 92.12121212121212 92.72727272727273 93.33333333333334 93.93939393939395 94.54545454545455 95.15151515151516 95.75757575757576 96.36363636363637 96.96969696969697 97.57575757575758 98.18181818181819 98.7878787878788 99.39393939393941 100 100.6060606060606 101.2121212121212 101.8181818181818 102.4242424242424 103.030303030303 103.6363636363636 104.2424242424242 104.8484848484848 105.4545454545455 106.0606060606061 106.6666666666667 107.2727272727273 107.8787878787879 108.4848484848485 109.0909090909091 109.6969696969697 110.3030303030303 110.9090909090909 111.5151515151515 112.1212121212121 112.7272727272727 113.3333333333333 113.9393939393939 114.5454545454546 115.1515151515152 115.7575757575758 116.3636363636364 116.969696969697 117.5757575757576 118.1818181818182 118.7878787878788 119.3939393939394 120


# name: y
# type: matrix
# rows: 1
# columns: 100
 454553.6337841927 453858.9554608328 453164.2771374729 452469.5988141131 451774.9204907531 451080.2421673933 450385.5638440334 449690.8855206735 448996.2071973136 448301.5288739537 447606.8505505938 446912.1722272339 446217.493903874 445522.8155805141 444828.1372571542 444133.4589337943 443438.7806104344 442744.1022870746 442049.4239637147 441354.7456403548 440660.0673169949 439965.388993635 439270.7106702751 438576.0323469152 437881.3540235553 437186.6757001954 436491.9973768355 435797.3190534756 435102.6407301157 434407.9624067558 433713.284083396 433018.605760036 432323.9274366762 431629.2491133162 430934.5707899564 430239.8924665965 429545.2141432366 428850.5358198767 428155.8574965168 427461.1791731569 426766.500849797 426071.8225264371 425377.1442030772 424682.4658797173 423987.7875563574 423293.1092329975 422598.4309096377 421903.7525862778 421209.0742629179 420514.395939558 419819.7176161981 419125.0392928382 418430.3609694783 417735.6826461184 417041.0043227585 416346.3259993986 415651.6476760387 414956.9693526788 414262.2910293189 413567.6127059591 412872.9343825991 412178.2560592393 411483.5777358793 410788.8994125195 410094.2210891596 409399.5427657997 408704.8644424398 408010.1861190799 407315.50779572 406620.8294723601 405926.1511490002 405231.4728256403 404536.7945022804 403842.1161789206 403147.4378555606 402452.7595322008 401758.0812088408 401063.402885481 400368.7245621211 399674.0462387612 398979.3679154013 398284.6895920414 397590.0112686815 396895.3329453216 396200.6546219617 395505.9762986018 394811.2979752419 394116.619651882 393421.9413285222 392727.2630051622 392032.5846818024 391337.9063584424 390643.2280350826 389948.5497117227 389253.8713883628 388559.1930650029 387864.514741643 387169.8364182831 386475.1580949232 385780.4797715633


# name: QUERY
# type: sq_string
# elements: 1
# length: 2
R1


# name: DATASIZE
# type: sq_string
# elements: 1
# length: 4
1000


