# Created by Octave 4.0.0, Wed May 18 23:29:12 2016 CEST <peter@Independence>
# name: x
# type: matrix
# rows: 1
# columns: 100
 60 60.60606060606061 61.21212121212122 61.81818181818182 62.42424242424242 63.03030303030303 63.63636363636364 64.24242424242425 64.84848484848484 65.45454545454545 66.06060606060606 66.66666666666667 67.27272727272728 67.87878787878788 68.48484848484848 69.09090909090909 69.6969696969697 70.30303030303031 70.90909090909091 71.51515151515152 72.12121212121212 72.72727272727273 73.33333333333334 73.93939393939394 74.54545454545455 75.15151515151516 75.75757575757576 76.36363636363637 76.96969696969697 77.57575757575758 78.18181818181819 78.7878787878788 79.39393939393939 80 80.60606060606061 81.21212121212122 81.81818181818181 82.42424242424242 83.03030303030303 83.63636363636364 84.24242424242425 84.84848484848484 85.45454545454545 86.06060606060606 86.66666666666667 87.27272727272728 87.87878787878788 88.48484848484848 89.09090909090909 89.6969696969697 90.30303030303031 90.90909090909091 91.51515151515152 92.12121212121212 92.72727272727273 93.33333333333334 93.93939393939395 94.54545454545455 95.15151515151516 95.75757575757576 96.36363636363637 96.96969696969697 97.57575757575758 98.18181818181819 98.7878787878788 99.39393939393941 100 100.6060606060606 101.2121212121212 101.8181818181818 102.4242424242424 103.030303030303 103.6363636363636 104.2424242424242 104.8484848484848 105.4545454545455 106.0606060606061 106.6666666666667 107.2727272727273 107.8787878787879 108.4848484848485 109.0909090909091 109.6969696969697 110.3030303030303 110.9090909090909 111.5151515151515 112.1212121212121 112.7272727272727 113.3333333333333 113.9393939393939 114.5454545454546 115.1515151515152 115.7575757575758 116.3636363636364 116.969696969697 117.5757575757576 118.1818181818182 118.7878787878788 119.3939393939394 120


# name: y
# type: matrix
# rows: 100
# columns: 1
 452593.7082066517
 451934.8658135249
 451276.0234203981
 450617.1810272713
 449958.3386341446
 449299.4962410178
 448640.653847891
 447981.8114547643
 447322.9690616375
 446664.1266685107
 446005.284275384
 445346.4418822571
 444687.5994891304
 444028.7570960036
 443369.9147028768
 442711.0723097501
 442052.2299166233
 441393.3875234965
 440734.5451303697
 440075.702737243
 439416.8603441162
 438758.0179509894
 438099.1755578627
 437440.3331647359
 436781.4907716091
 436122.6483784823
 435463.8059853556
 434804.9635922288
 434146.121199102
 433487.2788059752
 432828.4364128485
 432169.5940197217
 431510.7516265949
 430851.9092334681
 430193.0668403414
 429534.2244472146
 428875.3820540878
 428216.539660961
 427557.6972678343
 426898.8548747075
 426240.0124815807
 425581.170088454
 424922.3276953272
 424263.4853022004
 423604.6429090736
 422945.8005159469
 422286.9581228201
 421628.1157296933
 420969.2733365665
 420310.4309434398
 419651.588550313
 418992.7461571862
 418333.9037640594
 417675.0613709327
 417016.2189778059
 416357.3765846791
 415698.5341915523
 415039.6917984256
 414380.8494052988
 413722.007012172
 413063.1646190453
 412404.3222259185
 411745.4798327917
 411086.6374396649
 410427.7950465382
 409768.9526534114
 409110.1102602846
 408451.2678671578
 407792.4254740311
 407133.5830809043
 406474.7406877775
 405815.8982946507
 405157.055901524
 404498.2135083972
 403839.3711152704
 403180.5287221436
 402521.6863290169
 401862.8439358901
 401204.0015427633
 400545.1591496366
 399886.3167565098
 399227.474363383
 398568.6319702562
 397909.7895771294
 397250.9471840027
 396592.1047908759
 395933.2623977491
 395274.4200046224
 394615.5776114956
 393956.7352183688
 393297.892825242
 392639.0504321153
 391980.2080389885
 391321.3656458617
 390662.5232527349
 390003.6808596082
 389344.8384664814
 388685.9960733546
 388027.1536802278
 387368.3112871011


# name: QUERY
# type: sq_string
# elements: 1
# length: 2
R1


# name: DATASIZE
# type: sq_string
# elements: 1
# length: 4
1000


