# Created by Octave 4.0.0, Sun May 22 18:32:39 2016 CEST <peter@Independence>
# name: x
# type: matrix
# rows: 1
# columns: 100
 60 60.60606060606061 61.21212121212122 61.81818181818182 62.42424242424242 63.03030303030303 63.63636363636364 64.24242424242425 64.84848484848484 65.45454545454545 66.06060606060606 66.66666666666667 67.27272727272728 67.87878787878788 68.48484848484848 69.09090909090909 69.6969696969697 70.30303030303031 70.90909090909091 71.51515151515152 72.12121212121212 72.72727272727273 73.33333333333334 73.93939393939394 74.54545454545455 75.15151515151516 75.75757575757576 76.36363636363637 76.96969696969697 77.57575757575758 78.18181818181819 78.7878787878788 79.39393939393939 80 80.60606060606061 81.21212121212122 81.81818181818181 82.42424242424242 83.03030303030303 83.63636363636364 84.24242424242425 84.84848484848484 85.45454545454545 86.06060606060606 86.66666666666667 87.27272727272728 87.87878787878788 88.48484848484848 89.09090909090909 89.6969696969697 90.30303030303031 90.90909090909091 91.51515151515152 92.12121212121212 92.72727272727273 93.33333333333334 93.93939393939395 94.54545454545455 95.15151515151516 95.75757575757576 96.36363636363637 96.96969696969697 97.57575757575758 98.18181818181819 98.7878787878788 99.39393939393941 100 100.6060606060606 101.2121212121212 101.8181818181818 102.4242424242424 103.030303030303 103.6363636363636 104.2424242424242 104.8484848484848 105.4545454545455 106.0606060606061 106.6666666666667 107.2727272727273 107.8787878787879 108.4848484848485 109.0909090909091 109.6969696969697 110.3030303030303 110.9090909090909 111.5151515151515 112.1212121212121 112.7272727272727 113.3333333333333 113.9393939393939 114.5454545454546 115.1515151515152 115.7575757575758 116.3636363636364 116.969696969697 117.5757575757576 118.1818181818182 118.7878787878788 119.3939393939394 120


# name: y
# type: matrix
# rows: 100
# columns: 1
 457383.6139735311
 456676.6750232732
 455969.7360730153
 455262.7971227573
 454555.8581724994
 453848.9192222416
 453141.9802719837
 452435.0413217257
 451728.1023714678
 451021.1634212099
 450314.224470952
 449607.2855206941
 448900.3465704362
 448193.4076201783
 447486.4686699204
 446779.5297196625
 446072.5907694046
 445365.6518191467
 444658.7128688887
 443951.7739186308
 443244.8349683729
 442537.896018115
 441830.9570678571
 441124.0181175992
 440417.0791673413
 439710.1402170834
 439003.2012668255
 438296.2623165676
 437589.3233663097
 436882.3844160518
 436175.4454657939
 435468.506515536
 434761.5675652781
 434054.6286150202
 433347.6896647623
 432640.7507145044
 431933.8117642465
 431226.8728139886
 430519.9338637307
 429812.9949134728
 429106.0559632149
 428399.117012957
 427692.178062699
 426985.2391124411
 426278.3001621832
 425571.3612119253
 424864.4222616674
 424157.4833114095
 423450.5443611516
 422743.6054108937
 422036.6664606358
 421329.7275103779
 420622.78856012
 419915.8496098621
 419208.9106596042
 418501.9717093463
 417795.0327590884
 417088.0938088305
 416381.1548585726
 415674.2159083147
 414967.2769580568
 414260.3380077989
 413553.399057541
 412846.4601072831
 412139.5211570252
 411432.5822067672
 410725.6432565094
 410018.7043062514
 409311.7653559935
 408604.8264057356
 407897.8874554777
 407190.9485052198
 406484.0095549619
 405777.070604704
 405070.1316544461
 404363.1927041882
 403656.2537539303
 402949.3148036724
 402242.3758534145
 401535.4369031566
 400828.4979528987
 400121.5590026408
 399414.6200523829
 398707.681102125
 398000.7421518671
 397293.8032016092
 396586.8642513513
 395879.9253010934
 395172.9863508354
 394466.0474005776
 393759.1084503197
 393052.1695000617
 392345.2305498038
 391638.291599546
 390931.352649288
 390224.4136990301
 389517.4747487722
 388810.5357985143
 388103.5968482564
 387396.6578979985


# name: QUERY
# type: sq_string
# elements: 1
# length: 2
R1


# name: DATASIZE
# type: sq_string
# elements: 1
# length: 4
1000


