# Created by Octave 4.0.0, Sun May 22 18:32:39 2016 CEST <peter@Independence>
# name: SVs
# type: cell
# rows: 1
# columns: 7
# name: <cell-element>
# type: sparse matrix
# nnz: 147
# rows: 21
# columns: 7
1 1 0.1638494311292171
2 1 0.7716975055771608
3 1 0.578167401156515
4 1 -0.4884628662533996
5 1 0.5975885560015446
6 1 -2.216604925446208
7 1 0.6376233927434916
8 1 0.1396581680766363
9 1 -0.5889758606267984
10 1 0.03863409068099996
11 1 -0.7722843046026917
12 1 0.6071287724166469
13 1 1.218384067012841
14 1 0.1181926811426563
15 1 -1.240606713979765
16 1 0.6590888796774717
17 1 -1.951012114890058
18 1 -1.416930356651744
19 1 -0.8170892495521899
20 1 0.2899165766144969
21 1 0.6701623451592867
1 2 0.3501119686578691
2 2 -0.1905678545756447
3 2 -0.4404774980625857
4 2 -0.7481697180782991
5 2 0.105155117444823
6 2 -1.634719535105465
7 2 1.194150318667438
8 2 0.2353722809793067
9 2 0.2077191907833941
10 2 -0.421491794345989
11 2 -0.7512652132494834
12 2 -0.3721702379517868
13 2 -0.03579309601643273
14 2 0.7300324093345482
15 2 3.809843738318121
16 2 1.18795932832507
17 2 -0.4346992404097084
18 2 -0.2264755985613819
19 2 -0.646637476463456
20 2 2.570613838120697
21 2 -0.4724642814981562
1 3 -1.800798181165731
2 3 1.40008082338425
3 3 1.956755432871203
4 3 -1.021453727883997
5 3 -0.3070546457090732
6 3 -1.002897907567765
7 3 -2.181192497648483
8 3 -0.4369453879226957
9 3 1.344413362435555
10 3 -0.5482803098200864
11 3 -0.02871734096559659
12 3 0.8434062138972969
13 3 0.9547411357946876
14 3 -0.3720000168158845
15 3 -0.984342087251533
16 3 0.834128303739181
17 3 -0.2606650949184938
18 3 -1.197734020888198
19 3 0.1475629520386053
20 3 -0.0008836104912489312
21 3 1.483582014807293
1 4 0.316440608194457
2 4 -0.720179239721789
3 4 3.98048355512515
4 4 -0.6781206778731584
5 4 -1.056647734510833
6 4 -1.002219007412605
7 4 0.12594006335066
8 4 -0.02744998574434535
9 4 0.06408923710267399
10 4 0.192738955698485
11 4 0.1234660303007406
12 4 -0.636062116024528
13 4 0.02450470830396292
14 4 -0.2699052246364506
15 4 4.519822760007588
16 4 0.2422196166968738
17 4 -0.3614444474834699
18 4 -0.5816333889263002
19 4 -0.1758919687395119
20 4 0.8409356147773787
21 4 -0.4257693067813754
1 5 -0.2811484345498528
2 5 -0.8448407849305348
3 5 -0.4983509915772715
4 5 0.0147942199560158
5 5 -0.8583533864045908
6 5 0.4842320044991467
7 5 1.938421474244162
8 5 0.4103297519928898
9 5 0.4905712496351236
10 5 -0.1496925090985425
11 5 0.42167366434148
12 5 -0.9686228873225047
13 5 -0.8535155414323979
14 5 -0.6071190923314014
15 5 0.9291469197004723
16 5 -0.9863060448070717
17 5 0.7795073700433335
18 5 0.6073468179294348
19 5 1.39741694856066
20 5 1.505184115872267
21 5 -0.9279182606599162
1 6 -0.7257874540126361
2 6 1.560233520232339
3 6 -0.351931976232016
4 6 -0.2689434015283058
5 6 1.471894753668948
6 6 -0.1221853879275028
7 6 0.2231876768784452
8 6 -0.3755836334498897
9 6 -0.7119358246024613
10 6 -1.296942078204435
11 6 -0.7052004698017638
12 6 1.40350233345621
13 6 -0.1628052911728407
14 6 -0.9606245161253886
15 6 -0.6456557778747745
16 6 -0.4989670224210224
17 6 -0.9646761177278648
18 6 -0.9597587892872527
19 6 -0.2335178593117835
20 6 0.7143664557632466
21 6 1.488741797939074
1 7 0.4199605255658079
2 7 -1.343873681810586
3 7 -0.4619565781223892
4 7 -0.4619565781223892
5 7 -1.343873681810586
6 7 -0.4619565781223892
7 7 1.301877629254005
8 7 0.4199605255658079
9 7 0.4199605255658079
10 7 0.4199605255658079
11 7 0.4199605255658079
12 7 -1.343873681810586
13 7 -0.4619565781223892
14 7 0.4199605255658079
15 7 1.301877629254005
16 7 -0.4619565781223892
17 7 1.301877629254005
18 7 1.301877629254005
19 7 0.4199605255658079
20 7 -0.4619565781223892
21 7 -1.343873681810586



# name: <cell-element>
# type: sparse matrix
# nnz: 147
# rows: 21
# columns: 7
1 1 0.2914498256812097
2 1 0.8521079010758797
3 1 0.578167401156515
4 1 0.8294498870900119
5 1 0.5975885560015446
6 1 -2.216604925446208
7 1 0.6376233927434916
8 1 0.03863409068099996
9 1 0.9693162741757074
10 1 0.760112957073108
11 1 -0.7722843046026917
12 1 1.021276381436532
13 1 1.218384067012841
14 1 -1.240606713979765
15 1 -1.951012114890058
16 1 -1.416930356651744
17 1 -0.6356547766578344
18 1 0.8015106818743553
19 1 0.7308108637981511
20 1 0.2899165766144969
21 1 0.6587481576626465
1 2 0.09050310696788426
2 2 0.8916172572703654
3 2 -0.4404774980625857
4 2 -0.4235554577934452
5 2 0.105155117444823
6 2 -1.634719535105465
7 2 1.194150318667438
8 2 -0.421491794345989
9 2 -0.1041003561272316
10 2 0.6421203464729158
11 2 -0.7512652132494834
12 2 0.8672660285903828
13 2 -0.03579309601643273
14 2 3.809843738318121
15 2 -0.4346992404097084
16 2 -0.2264755985613819
17 2 0.1406501287410689
18 2 -0.06798624579674882
19 2 -0.5729646913892711
20 2 2.570613838120697
21 2 -0.7399150642884744
1 3 -0.5204465793457387
2 3 -1.958522653853701
3 3 1.956755432871203
4 3 1.418636643700482
5 3 -0.3070546457090732
6 3 -1.002897907567765
7 3 -2.181192497648483
8 3 -0.5482803098200864
9 3 0.500123538047009
10 3 0.5557909989957044
11 3 -0.02871734096559659
12 3 0.4444560770983137
13 3 0.9547411357946876
14 3 -0.984342087251533
15 3 -0.2606650949184938
16 3 -1.197734020888198
17 3 0.09189549108990995
18 3 0.9825748662690352
19 3 0.824850393581065
20 3 -0.0008836104912489312
21 3 1.131021428798889
1 4 0.1209919972508211
2 4 -0.356496381383631
3 4 3.98048355512515
4 4 -0.170943902639673
5 4 -1.056647734510833
6 4 -1.002219007412605
7 4 0.12594006335066
8 4 0.192738955698485
9 4 0.8928903088256869
10 4 1.046280357920692
11 4 0.1234660303007406
12 4 -0.7053350414222723
13 4 0.02450470830396292
14 4 4.519822760007588
15 4 -0.3614444474834699
16 4 -0.5816333889263002
17 4 0.2842781785455043
18 4 -0.188262133989109
19 4 -0.6731726117733196
20 4 0.8409356147773787
21 4 -0.4876201330293615
1 5 -0.3433731302266786
2 5 -0.9224131267260416
3 5 -0.4983509915772715
4 5 -0.8129777370102299
5 5 -0.8583533864045908
6 5 0.4842320044991467
7 5 1.938421474244162
8 5 -0.1496925090985425
9 5 -0.8144791371740139
10 5 -0.9492715074337331
11 5 0.42167366434148
12 5 -0.7772777775602548
13 5 -0.8535155414323979
14 5 0.9291469197004723
15 5 0.7795073700433335
16 5 0.6073468179294348
17 5 0.5446216555313476
18 5 -0.7324025948871552
19 5 -0.1887289133569265
20 5 1.505184115872267
21 5 -0.8493449854218869
1 6 -0.8199265903915373
2 6 -0.303260813392014
3 6 -0.351931976232016
4 6 1.633751043326842
5 6 1.471894753668948
6 6 -0.1221853879275028
7 6 0.2231876768784452
8 6 -1.296942078204435
9 6 -0.2491355714717557
10 6 1.588594731449672
11 6 -0.7052004698017638
12 6 1.72608946788242
13 6 -0.1628052911728407
14 6 -0.6456557778747745
15 6 -0.9646761177278648
16 6 -0.9597587892872527
17 6 -0.6471794571098937
18 6 1.681521850255183
19 6 -1.258296032150047
20 6 0.7143664557632466
21 6 1.568423296121105
1 7 1.301877629254005
2 7 -0.4619565781223892
3 7 -0.4619565781223892
4 7 -1.343873681810586
5 7 -1.343873681810586
6 7 -0.4619565781223892
7 7 1.301877629254005
8 7 0.4199605255658079
9 7 -0.4619565781223892
10 7 -1.343873681810586
11 7 0.4199605255658079
12 7 -1.343873681810586
13 7 -0.4619565781223892
14 7 1.301877629254005
15 7 1.301877629254005
16 7 1.301877629254005
17 7 1.301877629254005
18 7 -1.343873681810586
19 7 0.4199605255658079
20 7 -0.4619565781223892
21 7 -1.343873681810586



