# Created by Octave 4.0.0, Wed May 18 23:29:04 2016 CEST <peter@Independence>
# name: SVs
# type: cell
# rows: 1
# columns: 7
# name: <cell-element>
# type: sparse matrix
# nnz: 161
# rows: 23
# columns: 7
1 1 0.1006454973791646
2 1 0.3560166474905625
3 1 1.021276381436532
4 1 0.2444301876353486
5 1 0.03863409068099996
6 1 -0.5889758606267984
7 1 0.6071287724166469
8 1 -0.3593292226346941
9 1 0.941717790974876
10 1 0.4827652370054925
11 1 0.6870280848931283
12 1 0.8296202480974244
13 1 0.9154821958333448
14 1 0.6376233927434916
15 1 0.1181926811426563
16 1 0.68379122575229
17 1 0.6587481576626465
18 1 -1.416930356651744
19 1 -1.951012114890058
20 1 0.1396581680766363
21 1 -0.7722843046026917
22 1 -2.216604925446208
23 1 0.08360939663791059
1 2 0.9339223579432168
2 2 -0.1115295445380738
3 2 0.8672660285903828
4 2 0.7223968545789604
5 2 -0.421491794345989
6 2 0.2077191907833941
7 2 -0.3721702379517868
8 2 -0.2807499472294789
9 2 0.1154734346821038
10 2 0.8247545615727859
11 2 0.3102832641219653
12 2 0.7428271227087764
13 2 -0.4173644674510767
14 2 1.194150318667438
15 2 0.7300324093345482
16 2 -0.06963717655471374
17 2 -0.7399150642884744
18 2 -0.2264755985613819
19 2 -0.4346992404097084
20 2 0.2353722809793067
21 2 -0.7512652132494834
22 2 -1.634719535105465
23 2 -0.8331926521134929
1 3 0.3052874247265754
2 3 0.6392921904187473
3 3 0.4444560770983137
4 3 -1.364736403734284
5 3 -0.5482803098200864
6 3 1.344413362435555
7 3 0.8434062138972969
8 3 -0.3441662863415368
9 3 1.270190081170628
10 3 -0.8915629856703742
11 3 1.307301721803091
12 3 1.028964417059615
13 3 1.019686506901499
14 3 -2.181192497648483
15 3 -0.3720000168158845
16 3 -1.42040386468298
17 3 1.131021428798889
18 3 -1.197734020888198
19 3 -0.2606650949184938
20 3 -0.4369453879226957
21 3 -0.02871734096559659
22 3 -1.002897907567765
23 3 -0.3998337472902321
1 4 -0.31691185258492
2 4 0.2669599471960682
3 4 -0.7053350414222723
4 4 -0.4604057694802476
5 4 0.192738955698485
6 4 0.06408923710267399
7 4 -0.636062116024528
8 4 -0.955212379464136
9 4 0.2051091209480821
10 4 0.7370262266807621
11 4 -0.5222565957282337
12 4 1.147715712967389
13 4 0.3708693352926847
14 4 0.12594006335066
15 4 -0.2699052246364506
16 4 -0.5494709592773475
17 4 -0.4876201330293615
18 4 -0.5816333889263002
19 4 -0.3614444474834699
20 4 -0.02744998574434535
21 4 0.1234660303007406
22 4 -1.002219007412605
23 4 -0.7003869753224334
1 5 -0.06344541080117268
2 5 -0.5624107318987223
3 5 -0.7772777775602548
4 5 -0.2337709182704465
5 5 -0.1496925090985425
6 5 0.4905712496351236
7 5 -0.9686228873225047
8 5 1.19489474869024
9 5 -0.6858591898098512
10 5 2.062870865597813
11 5 -1.051033074090204
12 5 -0.8668613206660335
13 5 -0.9404299286914496
14 5 1.938421474244162
15 5 -0.6071190923314014
16 5 2.514959137137218
17 5 -0.8493449854218869
18 5 0.6073468179294348
19 5 0.7795073700433335
20 5 0.4103297519928898
21 5 0.42167366434148
22 5 0.4842320044991467
23 5 -0.361890398913348
1 6 -0.658728253130627
2 6 0.3227982068743653
3 6 1.72608946788242
4 6 0.4841523749661401
5 6 -1.296942078204435
6 6 -0.7119358246024613
7 6 1.40350233345621
8 6 -0.3727613639575665
9 6 -0.1128009090021093
10 6 -0.2346606187381229
11 6 1.418669867660351
12 6 1.626236534371822
13 6 1.477521978116832
14 6 0.2231876768784452
15 6 -0.9606245161253886
16 6 0.7223484572108599
17 6 1.568423296121105
18 6 -0.9597587892872527
19 6 -0.9646761177278648
20 6 -0.3755836334498897
21 6 -0.7052004698017638
22 6 -0.1221853879275028
23 6 -0.0607360969566145
1 7 1.301877629254005
2 7 -0.4619565781223892
3 7 -1.343873681810586
4 7 -0.4619565781223892
5 7 0.4199605255658079
6 7 0.4199605255658079
7 7 -1.343873681810586
8 7 1.301877629254005
9 7 -0.4619565781223892
10 7 0.4199605255658079
11 7 -1.343873681810586
12 7 -1.343873681810586
13 7 -1.343873681810586
14 7 1.301877629254005
15 7 0.4199605255658079
16 7 0.4199605255658079
17 7 -1.343873681810586
18 7 1.301877629254005
19 7 1.301877629254005
20 7 0.4199605255658079
21 7 0.4199605255658079
22 7 -0.4619565781223892
23 7 -0.4619565781223892



# name: <cell-element>
# type: sparse matrix
# nnz: 42
# rows: 6
# columns: 7
1 1 1.021276381436532
2 1 0.8296202480974244
3 1 0.9154821958333448
4 1 0.06555112985218133
5 1 -1.416930356651744
6 1 -1.505006997484027
1 2 0.8672660285903828
2 2 0.7428271227087764
3 2 -0.4173644674510767
4 2 -0.7929512148880977
5 2 -0.2264755985613819
6 2 0.02425951030454153
1 3 0.4444560770983137
2 3 1.028964417059615
3 3 1.019686506901499
4 3 -0.3905558371321162
5 3 -1.197734020888198
6 3 0.0547838504574464
1 4 -0.7053350414222723
2 4 1.147715712967389
3 4 0.3708693352926847
4 4 -0.7053350414222723
5 4 -0.5816333889263002
6 4 -0.3416521830841144
1 5 -0.7772777775602548
2 5 -0.8668613206660335
3 5 -0.9404299286914496
4 5 -0.5227070386786564
5 5 0.6073468179294348
6 5 0.1962968175334595
1 6 1.72608946788242
2 6 1.626236534371822
3 6 1.477521978116832
4 6 -1.608153561977539
5 6 -0.9597587892872527
6 6 -1.17182723555703
1 7 -1.343873681810586
2 7 -1.343873681810586
3 7 -1.343873681810586
4 7 0.4199605255658079
5 7 1.301877629254005
6 7 1.301877629254005



