# Created by Octave 4.0.0, Wed May 18 23:28:55 2016 CEST <peter@Independence>
# name: mu
# type: matrix
# rows: 1
# columns: 8
 419621.2380952381 40533.22222222222 87857.44444444444 2533.095238095238 4229.095238095239 34853.31746031746 299896.8095238095 90.47619047619048


# name: sigma
# type: matrix
# rows: 1
# columns: 8
 86488.19126717938 5869.887805831266 4845.751380791678 107.7828932332618 404.1983190291502 5994.404567878272 57754.9381600081 22.67786838055363


