# Created by Octave 4.0.0, Wed May 18 23:29:12 2016 CEST <peter@Independence>
# name: x
# type: matrix
# rows: 1
# columns: 100
 60 60.60606060606061 61.21212121212122 61.81818181818182 62.42424242424242 63.03030303030303 63.63636363636364 64.24242424242425 64.84848484848484 65.45454545454545 66.06060606060606 66.66666666666667 67.27272727272728 67.87878787878788 68.48484848484848 69.09090909090909 69.6969696969697 70.30303030303031 70.90909090909091 71.51515151515152 72.12121212121212 72.72727272727273 73.33333333333334 73.93939393939394 74.54545454545455 75.15151515151516 75.75757575757576 76.36363636363637 76.96969696969697 77.57575757575758 78.18181818181819 78.7878787878788 79.39393939393939 80 80.60606060606061 81.21212121212122 81.81818181818181 82.42424242424242 83.03030303030303 83.63636363636364 84.24242424242425 84.84848484848484 85.45454545454545 86.06060606060606 86.66666666666667 87.27272727272728 87.87878787878788 88.48484848484848 89.09090909090909 89.6969696969697 90.30303030303031 90.90909090909091 91.51515151515152 92.12121212121212 92.72727272727273 93.33333333333334 93.93939393939395 94.54545454545455 95.15151515151516 95.75757575757576 96.36363636363637 96.96969696969697 97.57575757575758 98.18181818181819 98.7878787878788 99.39393939393941 100 100.6060606060606 101.2121212121212 101.8181818181818 102.4242424242424 103.030303030303 103.6363636363636 104.2424242424242 104.8484848484848 105.4545454545455 106.0606060606061 106.6666666666667 107.2727272727273 107.8787878787879 108.4848484848485 109.0909090909091 109.6969696969697 110.3030303030303 110.9090909090909 111.5151515151515 112.1212121212121 112.7272727272727 113.3333333333333 113.9393939393939 114.5454545454546 115.1515151515152 115.7575757575758 116.3636363636364 116.969696969697 117.5757575757576 118.1818181818182 118.7878787878788 119.3939393939394 120


# name: y
# type: matrix
# rows: 100
# columns: 1
 377819.3095619315
 377829.6810833862
 377839.0521309795
 377847.5014487341
 377855.103037997
 377861.9263518199
 377868.0364852718
 377873.4943616831
 377878.3569148235
 377882.6772670103
 377886.5049031506
 377889.8858407149
 377892.8627956426
 377895.4753441812
 377897.7600806556
 377899.750771172
 377901.4785032521
 377902.9718314009
 377904.2569186057
 377905.3576737683
 377906.2958850688
 377907.0913492619
 377907.7619969055
 377908.3240135213
 377908.7919566878
 377909.1788690661
 377909.4963873567
 377909.7548471895
 377909.9633839464
 377910.1300295148
 377910.2618049744
 377910.3648092162
 377910.4443034935
 377910.5047919048
 377910.5500978099
 377910.5834361773
 377910.6074818644
 377910.6244338297
 377910.6360752778
 377910.6438297353
 377910.6488130608
 377910.6518813859
 377910.6536749883
 377910.6546580984
 377910.6551546366
 377910.6553798844
 377910.6554680862
 377910.6554959849
 377910.6555022881
 377910.6555030682
 377910.6555030937
 377910.655503093
 377910.6555029504
 377910.6555008345
 377910.6554882592
 377910.6554410759
 377910.6553063988
 377910.6549854625
 377910.6543124116
 377910.653029022
 377910.6507553557
 377910.6469563466
 377910.6409043196
 377910.6316374412
 377910.6179141024
 377910.5981632345
 377910.5704305567
 377910.5323207552
 377910.4809355967
 377910.4128079715
 377910.3238318706
 377910.2091882949
 377910.0632670958
 377909.879584749
 377909.6506980598
 377909.3681138012
 377909.022194284
 377908.6020588594
 377908.0954813531
 377907.4887834326
 377906.7667239066
 377905.9123839557
 377904.9070482966
 377903.7300822779
 377902.3588049082
 377900.7683578165
 377898.9315701448
 377896.8188193734
 377894.3978880773
 377891.6338166166
 377888.4887517574
 377884.9217912261
 377880.8888241953
 377876.3423677027
 377871.2313990012
 377865.5011838424
 377859.0931006914
 377851.9444608743
 377843.988324658
 377835.153313262


# name: QUERY
# type: sq_string
# elements: 1
# length: 2
R1


# name: DATASIZE
# type: sq_string
# elements: 1
# length: 4
1000


