# Created by Octave 4.0.0, Sun May 22 18:32:39 2016 CEST <peter@Independence>
# name: x
# type: matrix
# rows: 1
# columns: 100
 60 60.60606060606061 61.21212121212122 61.81818181818182 62.42424242424242 63.03030303030303 63.63636363636364 64.24242424242425 64.84848484848484 65.45454545454545 66.06060606060606 66.66666666666667 67.27272727272728 67.87878787878788 68.48484848484848 69.09090909090909 69.6969696969697 70.30303030303031 70.90909090909091 71.51515151515152 72.12121212121212 72.72727272727273 73.33333333333334 73.93939393939394 74.54545454545455 75.15151515151516 75.75757575757576 76.36363636363637 76.96969696969697 77.57575757575758 78.18181818181819 78.7878787878788 79.39393939393939 80 80.60606060606061 81.21212121212122 81.81818181818181 82.42424242424242 83.03030303030303 83.63636363636364 84.24242424242425 84.84848484848484 85.45454545454545 86.06060606060606 86.66666666666667 87.27272727272728 87.87878787878788 88.48484848484848 89.09090909090909 89.6969696969697 90.30303030303031 90.90909090909091 91.51515151515152 92.12121212121212 92.72727272727273 93.33333333333334 93.93939393939395 94.54545454545455 95.15151515151516 95.75757575757576 96.36363636363637 96.96969696969697 97.57575757575758 98.18181818181819 98.7878787878788 99.39393939393941 100 100.6060606060606 101.2121212121212 101.8181818181818 102.4242424242424 103.030303030303 103.6363636363636 104.2424242424242 104.8484848484848 105.4545454545455 106.0606060606061 106.6666666666667 107.2727272727273 107.8787878787879 108.4848484848485 109.0909090909091 109.6969696969697 110.3030303030303 110.9090909090909 111.5151515151515 112.1212121212121 112.7272727272727 113.3333333333333 113.9393939393939 114.5454545454546 115.1515151515152 115.7575757575758 116.3636363636364 116.969696969697 117.5757575757576 118.1818181818182 118.7878787878788 119.3939393939394 120


# name: y
# type: matrix
# rows: 100
# columns: 1
 381929.6412506121
 381906.3136621098
 381884.363616019
 381863.7357829683
 381844.3759677173
 381826.2311091558
 381809.2492803043
 381793.379688314
 381778.5726744666
 381764.7797141746
 381751.9534169806
 381740.0475265585
 381729.0169207121
 381718.8176113763
 381709.4067446164
 381700.7426006282
 381692.7845937384
 381685.493272404
 381678.8303192126
 381672.7585508827
 381667.241918263
 381662.2455063331
 381657.7355342031
 381653.6793551137
 381650.0454564361
 381646.8034596721
 381643.9241204545
 381641.379328546
 381639.1421078405
 381637.1866163621
 381635.4881462659
 381634.0231238371
 381632.7691094919
 381631.7047977769
 381630.8100173693
 381630.0657310771
 381629.4540358386
 381628.9581627229
 381628.5624769296
 381628.2524777889
 381628.0147987617
 381627.8372074394
 381627.7086055439
 381627.6190289281
 381627.559647575
 381627.5227655983
 381627.5018212427
 381627.491386883
 381627.4871690249
 381627.4860083045
 381627.4858794886
 381627.4858914747
 381627.4862872907
 381627.4884440952
 381627.4948731773
 381627.5092199569
 381627.5362639843
 381627.5819189405
 381627.6532326371
 381627.7583870161
 381627.9066981505
 381628.1086162435
 381628.375725629
 381628.7207447717
 381629.1575262666
 381629.7010568395
 381630.3674573468
 381631.1739827753
 381632.1390222426
 381633.2820989969
 381634.6238704169
 381636.1861280118
 381637.9917974216
 381640.0649384168
 381642.4307448985
 381645.1155448985
 381648.1468005789
 381651.5531082329
 381655.3641982836
 381659.6109352855
 381664.325317923
 381669.5404790115
 381675.2906854969
 381681.6113384556
 381688.5389730947
 381696.1112587519
 381704.3669988955
 381713.3461311244
 381723.0897271679
 381733.6399928861
 381745.0402682698
 381757.3350274401
 381770.5698786489
 381784.7915642787
 381800.0479608424
 381816.3880789838
 381833.8620634769
 381852.5211932269
 381872.4178812688
 381893.605674769


# name: QUERY
# type: sq_string
# elements: 1
# length: 2
R1


# name: DATASIZE
# type: sq_string
# elements: 1
# length: 4
1000


