# Created by Octave 4.0.0, Sun May 22 18:32:39 2016 CEST <peter@Independence>
# name: x
# type: matrix
# rows: 1
# columns: 100
 60 60.60606060606061 61.21212121212122 61.81818181818182 62.42424242424242 63.03030303030303 63.63636363636364 64.24242424242425 64.84848484848484 65.45454545454545 66.06060606060606 66.66666666666667 67.27272727272728 67.87878787878788 68.48484848484848 69.09090909090909 69.6969696969697 70.30303030303031 70.90909090909091 71.51515151515152 72.12121212121212 72.72727272727273 73.33333333333334 73.93939393939394 74.54545454545455 75.15151515151516 75.75757575757576 76.36363636363637 76.96969696969697 77.57575757575758 78.18181818181819 78.7878787878788 79.39393939393939 80 80.60606060606061 81.21212121212122 81.81818181818181 82.42424242424242 83.03030303030303 83.63636363636364 84.24242424242425 84.84848484848484 85.45454545454545 86.06060606060606 86.66666666666667 87.27272727272728 87.87878787878788 88.48484848484848 89.09090909090909 89.6969696969697 90.30303030303031 90.90909090909091 91.51515151515152 92.12121212121212 92.72727272727273 93.33333333333334 93.93939393939395 94.54545454545455 95.15151515151516 95.75757575757576 96.36363636363637 96.96969696969697 97.57575757575758 98.18181818181819 98.7878787878788 99.39393939393941 100 100.6060606060606 101.2121212121212 101.8181818181818 102.4242424242424 103.030303030303 103.6363636363636 104.2424242424242 104.8484848484848 105.4545454545455 106.0606060606061 106.6666666666667 107.2727272727273 107.8787878787879 108.4848484848485 109.0909090909091 109.6969696969697 110.3030303030303 110.9090909090909 111.5151515151515 112.1212121212121 112.7272727272727 113.3333333333333 113.9393939393939 114.5454545454546 115.1515151515152 115.7575757575758 116.3636363636364 116.969696969697 117.5757575757576 118.1818181818182 118.7878787878788 119.3939393939394 120


# name: y
# type: matrix
# rows: 100
# columns: 1
 370378.0400950566
 370547.6875505085
 370713.9274530532
 370876.7598026906
 371036.1845994209
 371192.201843244
 371344.8115341598
 371494.0136721684
 371639.8082572698
 371782.195289464
 371921.174768751
 372056.7466951308
 372188.9110686033
 372317.6678891687
 372443.0171568269
 372564.9588715778
 372683.4930334215
 372798.619642358
 372910.3386983873
 373018.6502015094
 373123.5541517243
 373225.0505490319
 373323.1393934324
 373417.8206849256
 373509.0944235116
 373596.9606091905
 373681.4192419621
 373762.4703218265
 373840.1138487837
 373914.3498228336
 373985.1782439763
 374052.5991122119
 374116.6124275402
 374177.2181899613
 374234.4163994752
 374288.207056082
 374338.5901597815
 374385.5657105737
 374429.1337084588
 374469.2941534366
 374506.0470455073
 374539.3923846707
 374569.3301709269
 374595.8604042759
 374618.9830847177
 374638.6982122523
 374655.0057868797
 374667.9058085998
 374677.3982774128
 374683.4831933185
 374686.160556317
 374685.4303664084
 374681.2926235924
 374673.7473278694
 374662.794479239
 374648.4340777015
 374630.6661232567
 374609.4906159048
 374584.9075556456
 374556.9169424792
 374525.5187764056
 374490.7130574248
 374452.4997855368
 374410.8789607416
 374365.8505830391
 374317.4146524295
 374265.5711689126
 374210.3201324886
 374151.6615431572
 374089.5954009187
 374024.1217057731
 373955.2404577201
 373882.95165676
 373807.2553028926
 373728.1513961181
 373645.6399364363
 373559.7209238473
 373470.3943583512
 373377.6602399478
 373281.5185686371
 373181.9693444193
 373079.0125672943
 372972.648237262
 372862.8763543226
 372749.6969184759
 372633.109929722
 372513.1153880609
 372389.7132934926
 372262.9036460171
 372132.6864456343
 371999.0616923444
 371862.0293861473
 371721.5895270429
 371577.7421150313
 371430.4871501125
 371279.8246322866
 371125.7545615533
 370968.2769379129
 370807.3917613652
 370643.0990319104


# name: QUERY
# type: sq_string
# elements: 1
# length: 2
R1


# name: DATASIZE
# type: sq_string
# elements: 1
# length: 4
1000


