# Created by Octave 4.0.0, Wed May 18 23:29:12 2016 CEST <peter@Independence>
# name: x
# type: matrix
# rows: 1
# columns: 100
 60 60.60606060606061 61.21212121212122 61.81818181818182 62.42424242424242 63.03030303030303 63.63636363636364 64.24242424242425 64.84848484848484 65.45454545454545 66.06060606060606 66.66666666666667 67.27272727272728 67.87878787878788 68.48484848484848 69.09090909090909 69.6969696969697 70.30303030303031 70.90909090909091 71.51515151515152 72.12121212121212 72.72727272727273 73.33333333333334 73.93939393939394 74.54545454545455 75.15151515151516 75.75757575757576 76.36363636363637 76.96969696969697 77.57575757575758 78.18181818181819 78.7878787878788 79.39393939393939 80 80.60606060606061 81.21212121212122 81.81818181818181 82.42424242424242 83.03030303030303 83.63636363636364 84.24242424242425 84.84848484848484 85.45454545454545 86.06060606060606 86.66666666666667 87.27272727272728 87.87878787878788 88.48484848484848 89.09090909090909 89.6969696969697 90.30303030303031 90.90909090909091 91.51515151515152 92.12121212121212 92.72727272727273 93.33333333333334 93.93939393939395 94.54545454545455 95.15151515151516 95.75757575757576 96.36363636363637 96.96969696969697 97.57575757575758 98.18181818181819 98.7878787878788 99.39393939393941 100 100.6060606060606 101.2121212121212 101.8181818181818 102.4242424242424 103.030303030303 103.6363636363636 104.2424242424242 104.8484848484848 105.4545454545455 106.0606060606061 106.6666666666667 107.2727272727273 107.8787878787879 108.4848484848485 109.0909090909091 109.6969696969697 110.3030303030303 110.9090909090909 111.5151515151515 112.1212121212121 112.7272727272727 113.3333333333333 113.9393939393939 114.5454545454546 115.1515151515152 115.7575757575758 116.3636363636364 116.969696969697 117.5757575757576 118.1818181818182 118.7878787878788 119.3939393939394 120


# name: y
# type: matrix
# rows: 100
# columns: 1
 385132.8967911215
 385124.4140761443
 385116.4322830539
 385108.9312921845
 385101.8913962789
 385095.2933004893
 385089.1181223768
 385083.3473919113
 385077.9630514718
 385072.9474558462
 385068.2833722313
 385063.9539802331
 385059.9428718662
 385056.2340515546
 385052.8119361309
 385049.6613548368
 385046.7675493229
 385044.116173649
 385041.6932942835
 385039.4853901041
 385037.4793523973
 385035.6624848584
 385034.022503592
 385032.5475371115
 385031.2261263393
 385030.0472246066
 385029.0001976538
 385028.07482363
 385027.2612930937
 385026.5502090119
 385025.9325867608
 385025.3998541255
 385024.9438513
 385024.5568308875
 385024.2314578999
 385023.9608097582
 385023.7383762923
 385023.5580597412
 385023.4141747527
 385023.3014483835
 385023.2150200995
 385023.1504417754
 385023.103677695
 385023.071104551
 385023.0495114449
 385023.0360998873
 385023.0284837979
 385023.0246895052
 385023.0231557466
 385023.0227336687
 385023.0226868268
 385023.0226911854
 385023.0228351177
 385023.0236194062
 385023.0259572419
 385023.0311742253
 385023.0410083656
 385023.0576100808
 385023.0835421981
 385023.1217799537
 385023.1757109924
 385023.2491353685
 385023.3462655449
 385023.4717263934
 385023.6305551952
 385023.8282016399
 385024.0705278264
 385024.3638082627
 385024.7147298653
 385025.1303919601
 385025.6183062818
 385026.1863969739
 385026.8430005892
 385027.5968660892
 385028.4571548444
 385029.4334406345
 385030.5357096477
 385031.7743604816
 385033.1602041427
 385034.7044640462
 385036.4187760164
 385038.3151882868
 385040.4061614995
 385042.7045687058
 385045.2236953657
 385047.9772393486
 385050.9793109325
 385054.2444328045
 385057.7875400605
 385061.6239802057
 385065.769513154
 385070.2403112283
 385075.0529591605
 385080.2244540915
 385085.772205571
 385091.7140355579
 385098.06817842
 385104.8532809338
 385112.0884022852
 385119.7930140687


# name: QUERY
# type: sq_string
# elements: 1
# length: 2
R1


# name: DATASIZE
# type: sq_string
# elements: 1
# length: 4
1000


