# Created by Octave 4.0.0, Wed May 18 23:29:12 2016 CEST <peter@Independence>
# name: x
# type: matrix
# rows: 1
# columns: 100
 60 60.60606060606061 61.21212121212122 61.81818181818182 62.42424242424242 63.03030303030303 63.63636363636364 64.24242424242425 64.84848484848484 65.45454545454545 66.06060606060606 66.66666666666667 67.27272727272728 67.87878787878788 68.48484848484848 69.09090909090909 69.6969696969697 70.30303030303031 70.90909090909091 71.51515151515152 72.12121212121212 72.72727272727273 73.33333333333334 73.93939393939394 74.54545454545455 75.15151515151516 75.75757575757576 76.36363636363637 76.96969696969697 77.57575757575758 78.18181818181819 78.7878787878788 79.39393939393939 80 80.60606060606061 81.21212121212122 81.81818181818181 82.42424242424242 83.03030303030303 83.63636363636364 84.24242424242425 84.84848484848484 85.45454545454545 86.06060606060606 86.66666666666667 87.27272727272728 87.87878787878788 88.48484848484848 89.09090909090909 89.6969696969697 90.30303030303031 90.90909090909091 91.51515151515152 92.12121212121212 92.72727272727273 93.33333333333334 93.93939393939395 94.54545454545455 95.15151515151516 95.75757575757576 96.36363636363637 96.96969696969697 97.57575757575758 98.18181818181819 98.7878787878788 99.39393939393941 100 100.6060606060606 101.2121212121212 101.8181818181818 102.4242424242424 103.030303030303 103.6363636363636 104.2424242424242 104.8484848484848 105.4545454545455 106.0606060606061 106.6666666666667 107.2727272727273 107.8787878787879 108.4848484848485 109.0909090909091 109.6969696969697 110.3030303030303 110.9090909090909 111.5151515151515 112.1212121212121 112.7272727272727 113.3333333333333 113.9393939393939 114.5454545454546 115.1515151515152 115.7575757575758 116.3636363636364 116.969696969697 117.5757575757576 118.1818181818182 118.7878787878788 119.3939393939394 120


# name: y
# type: matrix
# rows: 100
# columns: 1
 384124.4196005494
 383978.9096244771
 383836.3223738927
 383696.6578487961
 383559.9160491872
 383426.0969750662
 383295.200626433
 383167.2270032876
 383042.1761056301
 382920.0479334604
 382800.8424867785
 382684.5597655844
 382571.1997698782
 382460.7624996598
 382353.2479549291
 382248.6561356864
 382146.9870419314
 382048.2406736643
 381952.4170308849
 381859.5161135935
 381769.5379217898
 381682.4824554739
 381598.3497146459
 381517.1396993057
 381438.8524094533
 381363.4878450888
 381291.046006212
 381221.5268928231
 381154.930504922
 381091.2568425087
 381030.5059055833
 380972.6776941456
 380917.7722081959
 380865.7894477339
 380816.7294127597
 380770.5921032734
 380727.3775192749
 380687.0856607642
 380649.7165277413
 380615.2701202063
 380583.746438159
 380555.1454815996
 380529.467250528
 380506.7117449443
 380486.8789648484
 380469.9689102402
 380455.9815811199
 380444.9169774875
 380436.7750993428
 380431.555946686
 380429.259519517
 380429.8858178358
 380433.4348416424
 380439.9065909369
 380449.3010657192
 380461.6182659893
 380476.8581917472
 380495.020842993
 380516.1062197266
 380540.114321948
 380567.0451496572
 380596.8987028542
 380629.6749815391
 380665.3739857118
 380703.9957153723
 380745.5401705206
 380790.0073511568
 380837.3972572808
 380887.7098888925
 380940.9452459922
 380997.1033285796
 381056.1841366549
 381118.1876702179
 381183.1139292689
 381250.9629138076
 381321.7346238341
 381395.4290593485
 381472.0462203507
 381551.5861068408
 381634.0487188186
 381719.4340562843
 381807.7421192378
 381898.972907679
 381993.1264216082
 382090.2026610252
 382190.2016259299
 382293.1233163225
 382398.967732203
 382507.7348735712
 382619.4247404273
 382734.0373327711
 382851.5726506028
 382972.0306939224
 383095.4114627297
 383221.7149570249
 383350.9411768079
 383483.0901220787
 383618.1617928374
 383756.1561890838
 383897.0733108182


# name: QUERY
# type: sq_string
# elements: 1
# length: 2
R1


# name: DATASIZE
# type: sq_string
# elements: 1
# length: 4
1000


