# Created by Octave 4.0.0, Sun May 22 18:32:39 2016 CEST <peter@Independence>
# name: x
# type: matrix
# rows: 1
# columns: 100
 60 60.60606060606061 61.21212121212122 61.81818181818182 62.42424242424242 63.03030303030303 63.63636363636364 64.24242424242425 64.84848484848484 65.45454545454545 66.06060606060606 66.66666666666667 67.27272727272728 67.87878787878788 68.48484848484848 69.09090909090909 69.6969696969697 70.30303030303031 70.90909090909091 71.51515151515152 72.12121212121212 72.72727272727273 73.33333333333334 73.93939393939394 74.54545454545455 75.15151515151516 75.75757575757576 76.36363636363637 76.96969696969697 77.57575757575758 78.18181818181819 78.7878787878788 79.39393939393939 80 80.60606060606061 81.21212121212122 81.81818181818181 82.42424242424242 83.03030303030303 83.63636363636364 84.24242424242425 84.84848484848484 85.45454545454545 86.06060606060606 86.66666666666667 87.27272727272728 87.87878787878788 88.48484848484848 89.09090909090909 89.6969696969697 90.30303030303031 90.90909090909091 91.51515151515152 92.12121212121212 92.72727272727273 93.33333333333334 93.93939393939395 94.54545454545455 95.15151515151516 95.75757575757576 96.36363636363637 96.96969696969697 97.57575757575758 98.18181818181819 98.7878787878788 99.39393939393941 100 100.6060606060606 101.2121212121212 101.8181818181818 102.4242424242424 103.030303030303 103.6363636363636 104.2424242424242 104.8484848484848 105.4545454545455 106.0606060606061 106.6666666666667 107.2727272727273 107.8787878787879 108.4848484848485 109.0909090909091 109.6969696969697 110.3030303030303 110.9090909090909 111.5151515151515 112.1212121212121 112.7272727272727 113.3333333333333 113.9393939393939 114.5454545454546 115.1515151515152 115.7575757575758 116.3636363636364 116.969696969697 117.5757575757576 118.1818181818182 118.7878787878788 119.3939393939394 120


# name: y
# type: matrix
# rows: 100
# columns: 1
 407073.5431995777
 406894.0904377964
 406721.774041947
 406556.449216199
 406397.9711647217
 406246.1950916848
 406100.9762012576
 405962.1696976097
 405829.6307849108
 405703.21466733
 405582.7765490371
 405468.1716342015
 405359.2551269928
 405255.8822315803
 405157.9081521336
 405065.1880928223
 404977.5772578157
 404894.9308512835
 404817.1040773951
 404743.9521403199
 404675.3302442276
 404611.0935932876
 404551.0973916694
 404495.1968435424
 404443.2471530763
 404395.1035244406
 404350.6211618045
 404309.6552693379
 404272.0610512099
 404237.6937115904
 404206.4084546486
 404178.060484554
 404152.5050054763
 404129.5972215849
 404109.1923370493
 404091.145556039
 404075.3120827235
 404061.5471212722
 404049.7058758548
 404039.6435506407
 404031.2153497993
 404024.2764775002
 404018.682137913
 404014.287535207
 404010.9478735518
 404008.5183571169
 404006.8541900718
 404005.810576586
 404005.242720829
 404005.0058269702
 404004.9550991792
 404004.9457416256
 404004.8329584787
 404004.4719539081
 404003.7179320833
 404002.4260971737
 404000.451653349
 403997.6498047785
 403993.8757556318
 403988.9847100784
 403982.8318722878
 403975.2724464295
 403966.1616366729
 403955.3546471876
 403942.7066821431
 403928.0729457088
 403911.3086420544
 403892.2689753492
 403870.8091497628
 403846.7843694647
 403820.0498386243
 403790.4607614112
 403757.8723419949
 403722.1397845449
 403683.1182932306
 403640.6630722216
 403594.6293256874
 403544.8722577975
 403491.2470727212
 403433.6089746283
 403371.8131676882
 403305.7148560703
 403235.1692439442
 403160.0315354794
 403080.1569348453
 402995.4006462115
 402905.6178737474
 402810.6638216226
 402710.3936940065
 402604.6626950688
 402493.3260289788
 402376.238899906
 402253.2565120201
 402124.2340694903
 401989.0267764864
 401847.4898371777
 401699.4784557337
 401544.8478363241
 401383.4531831181
 401215.1497002855


# name: QUERY
# type: sq_string
# elements: 1
# length: 2
R1


# name: DATASIZE
# type: sq_string
# elements: 1
# length: 4
1000


