# Created by Octave 4.0.0, Sun May 22 18:32:39 2016 CEST <peter@Independence>
# name: x
# type: matrix
# rows: 1
# columns: 100
 60 60.60606060606061 61.21212121212122 61.81818181818182 62.42424242424242 63.03030303030303 63.63636363636364 64.24242424242425 64.84848484848484 65.45454545454545 66.06060606060606 66.66666666666667 67.27272727272728 67.87878787878788 68.48484848484848 69.09090909090909 69.6969696969697 70.30303030303031 70.90909090909091 71.51515151515152 72.12121212121212 72.72727272727273 73.33333333333334 73.93939393939394 74.54545454545455 75.15151515151516 75.75757575757576 76.36363636363637 76.96969696969697 77.57575757575758 78.18181818181819 78.7878787878788 79.39393939393939 80 80.60606060606061 81.21212121212122 81.81818181818181 82.42424242424242 83.03030303030303 83.63636363636364 84.24242424242425 84.84848484848484 85.45454545454545 86.06060606060606 86.66666666666667 87.27272727272728 87.87878787878788 88.48484848484848 89.09090909090909 89.6969696969697 90.30303030303031 90.90909090909091 91.51515151515152 92.12121212121212 92.72727272727273 93.33333333333334 93.93939393939395 94.54545454545455 95.15151515151516 95.75757575757576 96.36363636363637 96.96969696969697 97.57575757575758 98.18181818181819 98.7878787878788 99.39393939393941 100 100.6060606060606 101.2121212121212 101.8181818181818 102.4242424242424 103.030303030303 103.6363636363636 104.2424242424242 104.8484848484848 105.4545454545455 106.0606060606061 106.6666666666667 107.2727272727273 107.8787878787879 108.4848484848485 109.0909090909091 109.6969696969697 110.3030303030303 110.9090909090909 111.5151515151515 112.1212121212121 112.7272727272727 113.3333333333333 113.9393939393939 114.5454545454546 115.1515151515152 115.7575757575758 116.3636363636364 116.969696969697 117.5757575757576 118.1818181818182 118.7878787878788 119.3939393939394 120


# name: y
# type: matrix
# rows: 100
# columns: 1
 386831.9887806904
 386828.4984369598
 386825.3447842042
 386822.501322579
 386819.9431482994
 386817.6468882254
 386815.5906358154
 386813.7538884493
 386812.11748612
 386810.6635514938
 386809.3754313406
 386808.2376393317
 386807.2358002078
 386806.3565953147
 386805.5877095091
 386804.9177794324
 386804.3363431542
 386803.8337911839
 386803.401318852
 386803.0308800599
 386802.7151423983
 386802.4474436358
 386802.2217495746
 386802.0326132767
 386801.8751356583
 386801.7449274531
 386801.6380725448
 386801.551092668
 386801.4809134793
 386801.4248319953
 386801.3804854014
 386801.3458212288
 386801.3190689
 386801.2987126439
 386801.2834657794
 386801.2722463685
 386801.2641542372
 386801.2584493668
 386801.2545316527
 386801.2519220335
 386801.2502449874
 386801.2492123994
 386801.2486087956
 386801.2482779481
 386801.2481108474
 386801.2480350444
 386801.2480053617
 386801.2479959729
 386801.2479938517
 386801.2479935891
 386801.2479935806
 386801.2479935808
 386801.2479936288
 386801.2479943408
 386801.2479985729
 386801.2480144515
 386801.2480597746
 386801.2481677798
 386801.2483942827
 386801.2488261837
 386801.249591344
 386801.2508698303
 386801.252906528
 386801.2560251246
 386801.2606434604
 386801.2672902497
 386801.2766231695
 386801.2894483184
 386801.3067410432
 386801.3296681355
 386801.3596113967
 386801.3981925718
 386801.4472996526
 386801.5091145494
 386801.5861421315
 386801.6812406375
 386801.7976534534
 386801.9390422604
 386802.1095215513
 386802.313694516
 386802.5566902953
 386802.8442026054
 386803.1825297283
 386803.5786158746
 386804.0400939125
 386804.5753294668
 386805.1934663874
 386805.9044735855
 386806.7191932395
 386807.6493903698
 386808.7078037821
 386809.9081983801
 386811.265418847
 386812.7954446956
 386814.5154466878
 386816.4438446226
 386818.6003664934
 386821.006109014
 386823.6835995137
 386826.6568592007


# name: QUERY
# type: sq_string
# elements: 1
# length: 2
R1


# name: DATASIZE
# type: sq_string
# elements: 1
# length: 4
1000


