# Created by Octave 4.0.0, Wed May 18 23:29:12 2016 CEST <peter@Independence>
# name: x
# type: matrix
# rows: 1
# columns: 100
 60 60.60606060606061 61.21212121212122 61.81818181818182 62.42424242424242 63.03030303030303 63.63636363636364 64.24242424242425 64.84848484848484 65.45454545454545 66.06060606060606 66.66666666666667 67.27272727272728 67.87878787878788 68.48484848484848 69.09090909090909 69.6969696969697 70.30303030303031 70.90909090909091 71.51515151515152 72.12121212121212 72.72727272727273 73.33333333333334 73.93939393939394 74.54545454545455 75.15151515151516 75.75757575757576 76.36363636363637 76.96969696969697 77.57575757575758 78.18181818181819 78.7878787878788 79.39393939393939 80 80.60606060606061 81.21212121212122 81.81818181818181 82.42424242424242 83.03030303030303 83.63636363636364 84.24242424242425 84.84848484848484 85.45454545454545 86.06060606060606 86.66666666666667 87.27272727272728 87.87878787878788 88.48484848484848 89.09090909090909 89.6969696969697 90.30303030303031 90.90909090909091 91.51515151515152 92.12121212121212 92.72727272727273 93.33333333333334 93.93939393939395 94.54545454545455 95.15151515151516 95.75757575757576 96.36363636363637 96.96969696969697 97.57575757575758 98.18181818181819 98.7878787878788 99.39393939393941 100 100.6060606060606 101.2121212121212 101.8181818181818 102.4242424242424 103.030303030303 103.6363636363636 104.2424242424242 104.8484848484848 105.4545454545455 106.0606060606061 106.6666666666667 107.2727272727273 107.8787878787879 108.4848484848485 109.0909090909091 109.6969696969697 110.3030303030303 110.9090909090909 111.5151515151515 112.1212121212121 112.7272727272727 113.3333333333333 113.9393939393939 114.5454545454546 115.1515151515152 115.7575757575758 116.3636363636364 116.969696969697 117.5757575757576 118.1818181818182 118.7878787878788 119.3939393939394 120


# name: y
# type: matrix
# rows: 100
# columns: 1
 410105.9794359163
 409775.0942701242
 409457.3675400176
 409152.5322628436
 408860.3214558492
 408580.4681362812
 408312.7053213866
 408056.7660284124
 407812.3832746057
 407579.2900772132
 407357.219453482
 407145.904420659
 406945.0779959913
 406754.4731967257
 406573.8230401091
 406402.8605433887
 406241.3187238113
 406088.9305986239
 405945.4291850734
 405810.5475004068
 405684.0185618711
 405565.5753867132
 405454.9509921801
 405351.8783955187
 405256.090613976
 405167.320664799
 405085.3015652346
 405009.7663325298
 404940.4479839315
 404877.0795366867
 404819.3940080423
 404767.1244152454
 404720.0037755428
 404677.7651061815
 404640.1414244085
 404606.8657474708
 404577.6710926153
 404552.2904770889
 404530.4569181387
 404511.9034330116
 404496.3630389544
 404483.5687532143
 404473.2535930381
 404465.1505756729
 404458.9927183655
 404454.5130383629
 404451.4445529121
 404449.5202792601
 404448.4732346538
 404448.0364363401
 404447.9429015661
 404447.9256475787
 404447.7176916248
 404447.0520509513
 404445.6617428054
 404443.2797844339
 404439.6391930837
 404434.4729860019
 404427.5141804354
 404418.4957936312
 404407.1508428361
 404393.2123452972
 404376.4133182615
 404356.4867789758
 404333.1657446872
 404306.1832326426
 404275.2722600889
 404240.1658442732
 404200.5970024424
 404156.2987518434
 404107.0041097232
 404052.4460933288
 403992.357719907
 403926.4720067049
 403854.5219709696
 403776.2406299477
 403691.3610008864
 403599.6161010326
 403500.7389476334
 403394.4625579355
 403280.519949186
 403158.6441386319
 403028.56814352
 402890.0249810975
 402742.7476686111
 402586.469223308
 402420.9226624349
 402245.841003239
 402060.9572629671
 401866.0044588663
 401660.7156081834
 401444.8237281654
 401218.0618360593
 400980.1629491121
 400730.8600845707
 400469.8862596821
 400196.9744916931
 399911.8577978509
 399614.2691954023
 399303.9417015943


# name: QUERY
# type: sq_string
# elements: 1
# length: 2
R1


# name: DATASIZE
# type: sq_string
# elements: 1
# length: 4
1000


