# Created by Octave 4.0.0, Mon May 23 13:49:22 2016 CEST <peter@Independence>
# name: x
# type: matrix
# rows: 1
# columns: 100
 60 60.60606060606061 61.21212121212122 61.81818181818182 62.42424242424242 63.03030303030303 63.63636363636364 64.24242424242425 64.84848484848484 65.45454545454545 66.06060606060606 66.66666666666667 67.27272727272728 67.87878787878788 68.48484848484848 69.09090909090909 69.6969696969697 70.30303030303031 70.90909090909091 71.51515151515152 72.12121212121212 72.72727272727272 73.33333333333333 73.93939393939394 74.54545454545455 75.15151515151516 75.75757575757575 76.36363636363636 76.96969696969697 77.57575757575758 78.18181818181819 78.78787878787878 79.39393939393939 80 80.60606060606061 81.21212121212122 81.81818181818181 82.42424242424242 83.03030303030303 83.63636363636364 84.24242424242424 84.84848484848484 85.45454545454545 86.06060606060606 86.66666666666666 87.27272727272727 87.87878787878788 88.48484848484848 89.09090909090909 89.6969696969697 90.3030303030303 90.90909090909091 91.51515151515152 92.12121212121212 92.72727272727272 93.33333333333333 93.93939393939394 94.54545454545455 95.15151515151514 95.75757575757575 96.36363636363636 96.96969696969697 97.57575757575756 98.18181818181817 98.78787878787878 99.39393939393939 100 100.6060606060606 101.2121212121212 101.8181818181818 102.4242424242424 103.030303030303 103.6363636363636 104.2424242424242 104.8484848484848 105.4545454545455 106.060606060606 106.6666666666667 107.2727272727273 107.8787878787879 108.4848484848485 109.0909090909091 109.6969696969697 110.3030303030303 110.9090909090909 111.5151515151515 112.1212121212121 112.7272727272727 113.3333333333333 113.9393939393939 114.5454545454545 115.1515151515152 115.7575757575758 116.3636363636364 116.969696969697 117.5757575757576 118.1818181818182 118.7878787878788 119.3939393939394 120


# name: y
# type: matrix
# rows: 100
# columns: 1
 25535.51332444219
 25544.13732308555
 25552.56863543686
 25560.76287966477
 25568.6738202351
 25576.25353451209
 25583.45260470522
 25590.2203351914
 25596.50499497239
 25602.25408474112
 25607.41462773261
 25611.93348322748
 25615.7576812626
 25618.83477678823
 25621.11322119718
 25622.54274884497
 25623.07477588283
 25622.66280844459
 25621.2628569662
 25618.83385317891
 25615.33806610757
 25610.741513228
 25605.01436279626
 25598.13132326132
 25590.0720156134
 25580.82132450712
 25570.36972403236
 25558.71357408868
 25545.85538345176
 25531.8040358035
 25516.57497522958
 25500.19034796961
 25482.67909753299
 25464.07701066545
 25444.42671206451
 25423.77760619257
 25402.18576501916
 25379.71376103499
 25356.43044541284
 25332.41067174021
 25307.7349663067
 25282.48914649193
 25256.7638893579
 25230.65425309766
 25204.25915452286
 25177.68080627844
 25151.02411794833
 25124.39606565351
 25097.9050351387
 25071.6601436895
 25045.77054651418
 25020.34473345855
 24995.48982209497
 24971.31085333497
 24947.91009575716
 24925.38636481648
 24903.83436300792
 24883.34404689738
 24864.0000267064
 24845.88100384824
 24829.05925146336
 24813.60014259655
 24799.56173020111
 24786.99438265199
 24775.94047790674
 24766.43415887579
 24758.50115196023
 24752.15865009193
 24747.41526097549
 24744.27102059239
 24742.71747139061
 24742.73780395805
 24744.3070603697
 24747.39239681643
 24751.953402572
 24757.94247184195
 24765.30522456839
 24773.98097184365
 24783.90322121717
 24795.00021686805
 24807.1955093627
 24820.4085495249
 24834.55530081631
 24849.54886455784
 24865.30011231798
 24881.71831984968
 24898.71179707277
 24916.18850876976
 24934.05668088714
 24952.22538760741
 24970.60511467462
 24989.10829481338
 25007.64981147285
 25026.14746754759
 25044.52241617036
 25062.69955113242
 25080.60785495832
 25098.18070313931
 25115.35612350572
 25132.07701018922


# name: QUERY
# type: sq_string
# elements: 1
# length: 2
R5


# name: DATASIZE
# type: sq_string
# elements: 1
# length: 3
250


