# Created by Octave 4.0.0, Wed May 18 23:52:37 2016 CEST <peter@Independence>
# name: x
# type: matrix
# rows: 1
# columns: 100
 60 60.60606060606061 61.21212121212122 61.81818181818182 62.42424242424242 63.03030303030303 63.63636363636364 64.24242424242425 64.84848484848484 65.45454545454545 66.06060606060606 66.66666666666667 67.27272727272728 67.87878787878788 68.48484848484848 69.09090909090909 69.6969696969697 70.30303030303031 70.90909090909091 71.51515151515152 72.12121212121212 72.72727272727272 73.33333333333333 73.93939393939394 74.54545454545455 75.15151515151516 75.75757575757575 76.36363636363636 76.96969696969697 77.57575757575758 78.18181818181819 78.78787878787878 79.39393939393939 80 80.60606060606061 81.21212121212122 81.81818181818181 82.42424242424242 83.03030303030303 83.63636363636364 84.24242424242424 84.84848484848484 85.45454545454545 86.06060606060606 86.66666666666666 87.27272727272727 87.87878787878788 88.48484848484848 89.09090909090909 89.6969696969697 90.3030303030303 90.90909090909091 91.51515151515152 92.12121212121212 92.72727272727272 93.33333333333333 93.93939393939394 94.54545454545455 95.15151515151514 95.75757575757575 96.36363636363636 96.96969696969697 97.57575757575756 98.18181818181817 98.78787878787878 99.39393939393939 100 100.6060606060606 101.2121212121212 101.8181818181818 102.4242424242424 103.030303030303 103.6363636363636 104.2424242424242 104.8484848484848 105.4545454545455 106.060606060606 106.6666666666667 107.2727272727273 107.8787878787879 108.4848484848485 109.0909090909091 109.6969696969697 110.3030303030303 110.9090909090909 111.5151515151515 112.1212121212121 112.7272727272727 113.3333333333333 113.9393939393939 114.5454545454545 115.1515151515152 115.7575757575758 116.3636363636364 116.969696969697 117.5757575757576 118.1818181818182 118.7878787878788 119.3939393939394 120


# name: y
# type: matrix
# rows: 100
# columns: 1
 25288.48173050895
 25305.75450547984
 25323.58206044032
 25341.89234857117
 25360.60711848909
 25379.64221624433
 25398.90794841513
 25418.30950549948
 25437.74744417424
 25457.11822635112
 25476.31481231862
 25495.22730462358
 25513.74363872455
 25531.75031584887
 25549.1331729136
 25565.77818383527
 25581.57228606141
 25596.40422571576
 25610.16541436453
 25622.75079009009
 25634.05967530558
 25643.99662356464
 25652.47224751797
 25659.40402014662
 25664.71704146234
 25668.34476300987
 25670.22966273431
 25670.3238630891
 25668.58968565314
 25665.00013599868
 25659.53931309881
 25652.20273818197
 25642.9975986232
 25631.94290320357
 25619.06954586065
 25604.42027588794
 25588.0495734101
 25570.02342985419
 25550.4190340465
 25529.32436547831
 25506.83769719335
 25483.06701164379
 25458.12933373019
 25432.14998607494
 25405.26177236674
 25377.60409534939
 25349.32201669958
 25320.56526664059
 25291.4872116629
 25262.24378916296
 25232.99241816237
 25203.8908955281
 25175.09628727496
 25146.76382459475
 25119.04581421976
 25092.09057259235
 25066.04139307915
 25041.03555514006
 25017.20338394254
 24994.667368406
 24973.54134507443
 24953.92975455542
 24935.92697653715
 24919.61674861124
 24905.07167329609
 24892.35281678372
 24881.50940203154
 24872.57859790036
 24865.58540511072
 24860.54263886238
 24857.45100704607
 24856.29928208354
 24857.06456356915
 24859.71262806578
 24864.19836163504
 24870.46626996728
 24878.45106032584
 24888.07828893991
 24899.26506697536
 24911.92081778856
 24925.94807782658
 24941.24333328134
 24957.69788443618
 24975.19872956071
 24993.62946021358
 25012.87115990022
 25032.80329820124
 25053.30461273337
 25074.25397162355
 25095.53120956288
 25117.01793095508
 25138.59827417588
 25160.15963151037
 25181.59331992488
 25202.79519845291
 25223.6662286214
 25244.1129750073
 25264.04804368619
 25283.39045700767
 25302.06596379804


# name: QUERY
# type: sq_string
# elements: 1
# length: 2
R5


# name: DATASIZE
# type: sq_string
# elements: 1
# length: 3
250


