# Created by Octave 4.0.0, Wed May 18 23:52:37 2016 CEST <peter@Independence>
# name: x
# type: matrix
# rows: 1
# columns: 100
 60 60.60606060606061 61.21212121212122 61.81818181818182 62.42424242424242 63.03030303030303 63.63636363636364 64.24242424242425 64.84848484848484 65.45454545454545 66.06060606060606 66.66666666666667 67.27272727272728 67.87878787878788 68.48484848484848 69.09090909090909 69.6969696969697 70.30303030303031 70.90909090909091 71.51515151515152 72.12121212121212 72.72727272727272 73.33333333333333 73.93939393939394 74.54545454545455 75.15151515151516 75.75757575757575 76.36363636363636 76.96969696969697 77.57575757575758 78.18181818181819 78.78787878787878 79.39393939393939 80 80.60606060606061 81.21212121212122 81.81818181818181 82.42424242424242 83.03030303030303 83.63636363636364 84.24242424242424 84.84848484848484 85.45454545454545 86.06060606060606 86.66666666666666 87.27272727272727 87.87878787878788 88.48484848484848 89.09090909090909 89.6969696969697 90.3030303030303 90.90909090909091 91.51515151515152 92.12121212121212 92.72727272727272 93.33333333333333 93.93939393939394 94.54545454545455 95.15151515151514 95.75757575757575 96.36363636363636 96.96969696969697 97.57575757575756 98.18181818181817 98.78787878787878 99.39393939393939 100 100.6060606060606 101.2121212121212 101.8181818181818 102.4242424242424 103.030303030303 103.6363636363636 104.2424242424242 104.8484848484848 105.4545454545455 106.060606060606 106.6666666666667 107.2727272727273 107.8787878787879 108.4848484848485 109.0909090909091 109.6969696969697 110.3030303030303 110.9090909090909 111.5151515151515 112.1212121212121 112.7272727272727 113.3333333333333 113.9393939393939 114.5454545454545 115.1515151515152 115.7575757575758 116.3636363636364 116.969696969697 117.5757575757576 118.1818181818182 118.7878787878788 119.3939393939394 120


# name: y
# type: matrix
# rows: 100
# columns: 1
 25288.20762528147
 25286.7833853773
 25285.35914547316
 25283.93490556901
 25282.51066566485
 25281.0864257607
 25279.66218585655
 25278.23794595239
 25276.81370604824
 25275.38946614409
 25273.96522623994
 25272.54098633579
 25271.11674643163
 25269.69250652749
 25268.26826662334
 25266.84402671919
 25265.41978681504
 25263.99554691089
 25262.57130700674
 25261.14706710259
 25259.72282719843
 25258.29858729428
 25256.87434739013
 25255.45010748598
 25254.02586758182
 25252.60162767767
 25251.17738777352
 25249.75314786937
 25248.32890796522
 25246.90466806107
 25245.48042815692
 25244.05618825276
 25242.63194834861
 25241.20770844446
 25239.78346854031
 25238.35922863616
 25236.93498873201
 25235.51074882785
 25234.0865089237
 25232.66226901955
 25231.2380291154
 25229.81378921125
 25228.3895493071
 25226.96530940295
 25225.54106949879
 25224.11682959464
 25222.69258969049
 25221.26834978634
 25219.84410988219
 25218.41986997804
 25216.99563007388
 25215.57139016973
 25214.14715026558
 25212.72291036143
 25211.29867045728
 25209.87443055313
 25208.45019064897
 25207.02595074482
 25205.60171084067
 25204.17747093652
 25202.75323103237
 25201.32899112822
 25199.90475122406
 25198.48051131992
 25197.05627141576
 25195.63203151161
 25194.20779160746
 25192.78355170331
 25191.35931179915
 25189.935071895
 25188.51083199085
 25187.0865920867
 25185.66235218255
 25184.2381122784
 25182.81387237424
 25181.38963247011
 25179.96539256594
 25178.5411526618
 25177.11691275764
 25175.69267285349
 25174.26843294935
 25172.84419304519
 25171.41995314104
 25169.99571323688
 25168.57147333274
 25167.14723342859
 25165.72299352443
 25164.29875362028
 25162.87451371613
 25161.45027381198
 25160.02603390783
 25158.60179400368
 25157.17755409952
 25155.75331419537
 25154.32907429122
 25152.90483438706
 25151.48059448291
 25150.05635457876
 25148.63211467462
 25147.20787477047


# name: QUERY
# type: sq_string
# elements: 1
# length: 2
R5


# name: DATASIZE
# type: sq_string
# elements: 1
# length: 3
250


