# Created by Octave 4.0.0, Mon May 23 13:49:22 2016 CEST <peter@Independence>
# name: x
# type: matrix
# rows: 1
# columns: 100
 60 60.60606060606061 61.21212121212122 61.81818181818182 62.42424242424242 63.03030303030303 63.63636363636364 64.24242424242425 64.84848484848484 65.45454545454545 66.06060606060606 66.66666666666667 67.27272727272728 67.87878787878788 68.48484848484848 69.09090909090909 69.6969696969697 70.30303030303031 70.90909090909091 71.51515151515152 72.12121212121212 72.72727272727272 73.33333333333333 73.93939393939394 74.54545454545455 75.15151515151516 75.75757575757575 76.36363636363636 76.96969696969697 77.57575757575758 78.18181818181819 78.78787878787878 79.39393939393939 80 80.60606060606061 81.21212121212122 81.81818181818181 82.42424242424242 83.03030303030303 83.63636363636364 84.24242424242424 84.84848484848484 85.45454545454545 86.06060606060606 86.66666666666666 87.27272727272727 87.87878787878788 88.48484848484848 89.09090909090909 89.6969696969697 90.3030303030303 90.90909090909091 91.51515151515152 92.12121212121212 92.72727272727272 93.33333333333333 93.93939393939394 94.54545454545455 95.15151515151514 95.75757575757575 96.36363636363636 96.96969696969697 97.57575757575756 98.18181818181817 98.78787878787878 99.39393939393939 100 100.6060606060606 101.2121212121212 101.8181818181818 102.4242424242424 103.030303030303 103.6363636363636 104.2424242424242 104.8484848484848 105.4545454545455 106.060606060606 106.6666666666667 107.2727272727273 107.8787878787879 108.4848484848485 109.0909090909091 109.6969696969697 110.3030303030303 110.9090909090909 111.5151515151515 112.1212121212121 112.7272727272727 113.3333333333333 113.9393939393939 114.5454545454545 115.1515151515152 115.7575757575758 116.3636363636364 116.969696969697 117.5757575757576 118.1818181818182 118.7878787878788 119.3939393939394 120


# name: y
# type: matrix
# rows: 100
# columns: 1
 25382.20788230558
 25377.9200033087
 25373.63212431182
 25369.34424531494
 25365.05636631806
 25360.76848732118
 25356.4806083243
 25352.19272932742
 25347.90485033054
 25343.61697133366
 25339.32909233678
 25335.0412133399
 25330.75333434302
 25326.46545534614
 25322.17757634927
 25317.88969735238
 25313.60181835551
 25309.31393935862
 25305.02606036175
 25300.73818136486
 25296.45030236799
 25292.1624233711
 25287.87454437423
 25283.58666537734
 25279.29878638047
 25275.01090738358
 25270.72302838671
 25266.43514938982
 25262.14727039295
 25257.85939139607
 25253.57151239919
 25249.28363340231
 25244.99575440543
 25240.70787540855
 25236.41999641167
 25232.13211741479
 25227.84423841791
 25223.55635942103
 25219.26848042415
 25214.98060142727
 25210.69272243039
 25206.40484343351
 25202.11696443663
 25197.82908543975
 25193.54120644287
 25189.25332744599
 25184.96544844911
 25180.67756945223
 25176.38969045535
 25172.10181145847
 25167.81393246159
 25163.52605346471
 25159.23817446783
 25154.95029547095
 25150.66241647407
 25146.37453747719
 25142.08665848031
 25137.79877948343
 25133.51090048655
 25129.22302148967
 25124.93514249279
 25120.64726349591
 25116.35938449903
 25112.07150550215
 25107.78362650527
 25103.49574750839
 25099.20786851151
 25094.91998951463
 25090.63211051775
 25086.34423152087
 25082.05635252399
 25077.76847352711
 25073.48059453023
 25069.19271553335
 25064.90483653647
 25060.61695753959
 25056.32907854271
 25052.04119954583
 25047.75332054895
 25043.46544155207
 25039.17756255519
 25034.88968355831
 25030.60180456143
 25026.31392556455
 25022.02604656768
 25017.73816757079
 25013.45028857392
 25009.16240957703
 25004.87453058016
 25000.58665158327
 24996.2987725864
 24992.01089358952
 24987.72301459264
 24983.43513559576
 24979.14725659888
 24974.859377602
 24970.57149860512
 24966.28361960824
 24961.99574061136
 24957.70786161448


# name: QUERY
# type: sq_string
# elements: 1
# length: 2
R5


# name: DATASIZE
# type: sq_string
# elements: 1
# length: 3
250


