# Created by Octave 4.0.0, Mon May 23 13:49:22 2016 CEST <peter@Independence>
# name: x
# type: matrix
# rows: 1
# columns: 100
 60 60.60606060606061 61.21212121212122 61.81818181818182 62.42424242424242 63.03030303030303 63.63636363636364 64.24242424242425 64.84848484848484 65.45454545454545 66.06060606060606 66.66666666666667 67.27272727272728 67.87878787878788 68.48484848484848 69.09090909090909 69.6969696969697 70.30303030303031 70.90909090909091 71.51515151515152 72.12121212121212 72.72727272727272 73.33333333333333 73.93939393939394 74.54545454545455 75.15151515151516 75.75757575757575 76.36363636363636 76.96969696969697 77.57575757575758 78.18181818181819 78.78787878787878 79.39393939393939 80 80.60606060606061 81.21212121212122 81.81818181818181 82.42424242424242 83.03030303030303 83.63636363636364 84.24242424242424 84.84848484848484 85.45454545454545 86.06060606060606 86.66666666666666 87.27272727272727 87.87878787878788 88.48484848484848 89.09090909090909 89.6969696969697 90.3030303030303 90.90909090909091 91.51515151515152 92.12121212121212 92.72727272727272 93.33333333333333 93.93939393939394 94.54545454545455 95.15151515151514 95.75757575757575 96.36363636363636 96.96969696969697 97.57575757575756 98.18181818181817 98.78787878787878 99.39393939393939 100 100.6060606060606 101.2121212121212 101.8181818181818 102.4242424242424 103.030303030303 103.6363636363636 104.2424242424242 104.8484848484848 105.4545454545455 106.060606060606 106.6666666666667 107.2727272727273 107.8787878787879 108.4848484848485 109.0909090909091 109.6969696969697 110.3030303030303 110.9090909090909 111.5151515151515 112.1212121212121 112.7272727272727 113.3333333333333 113.9393939393939 114.5454545454545 115.1515151515152 115.7575757575758 116.3636363636364 116.969696969697 117.5757575757576 118.1818181818182 118.7878787878788 119.3939393939394 120


# name: y
# type: matrix
# rows: 1
# columns: 100
 25746.89338582677 25738.09130994989 25729.28923407301 25720.48715819613 25711.68508231925 25702.88300644238 25694.0809305655 25685.27885468862 25676.47677881174 25667.67470293486 25658.87262705798 25650.0705511811 25641.26847530422 25632.46639942734 25623.66432355047 25614.86224767359 25606.06017179671 25597.25809591983 25588.45602004295 25579.65394416607 25570.85186828919 25562.04979241231 25553.24771653543 25544.44564065855 25535.64356478168 25526.8414889048 25518.03941302792 25509.23733715104 25500.43526127416 25491.63318539728 25482.8311095204 25474.02903364352 25465.22695776664 25456.42488188976 25447.62280601289 25438.82073013601 25430.01865425913 25421.21657838225 25412.41450250537 25403.61242662849 25394.81035075161 25386.00827487473 25377.20619899785 25368.40412312097 25359.60204724409 25350.79997136721 25341.99789549034 25333.19581961346 25324.39374373658 25315.5916678597 25306.78959198282 25297.98751610594 25289.18544022906 25280.38336435218 25271.5812884753 25262.77921259843 25253.97713672155 25245.17506084467 25236.37298496779 25227.57090909091 25218.76883321403 25209.96675733715 25201.16468146027 25192.36260558339 25183.56052970651 25174.75845382964 25165.95637795276 25157.15430207588 25148.352226199 25139.55015032212 25130.74807444524 25121.94599856836 25113.14392269148 25104.3418468146 25095.53977093772 25086.73769506084 25077.93561918397 25069.13354330709 25060.33146743021 25051.52939155333 25042.72731567645 25033.92523979957 25025.12316392269 25016.32108804581 25007.51901216893 24998.71693629205 24989.91486041517 24981.1127845383 24972.31070866142 24963.50863278454 24954.70655690766 24945.90448103078 24937.1024051539 24928.30032927702 24919.49825340014 24910.69617752326 24901.89410164639 24893.09202576951 24884.28994989263 24875.48787401575


# name: QUERY
# type: sq_string
# elements: 1
# length: 2
R5


# name: DATASIZE
# type: sq_string
# elements: 1
# length: 3
250


