# Created by Octave 4.0.0, Wed May 18 23:52:37 2016 CEST <peter@Independence>
# name: x
# type: matrix
# rows: 1
# columns: 100
 60 60.60606060606061 61.21212121212122 61.81818181818182 62.42424242424242 63.03030303030303 63.63636363636364 64.24242424242425 64.84848484848484 65.45454545454545 66.06060606060606 66.66666666666667 67.27272727272728 67.87878787878788 68.48484848484848 69.09090909090909 69.6969696969697 70.30303030303031 70.90909090909091 71.51515151515152 72.12121212121212 72.72727272727272 73.33333333333333 73.93939393939394 74.54545454545455 75.15151515151516 75.75757575757575 76.36363636363636 76.96969696969697 77.57575757575758 78.18181818181819 78.78787878787878 79.39393939393939 80 80.60606060606061 81.21212121212122 81.81818181818181 82.42424242424242 83.03030303030303 83.63636363636364 84.24242424242424 84.84848484848484 85.45454545454545 86.06060606060606 86.66666666666666 87.27272727272727 87.87878787878788 88.48484848484848 89.09090909090909 89.6969696969697 90.3030303030303 90.90909090909091 91.51515151515152 92.12121212121212 92.72727272727272 93.33333333333333 93.93939393939394 94.54545454545455 95.15151515151514 95.75757575757575 96.36363636363636 96.96969696969697 97.57575757575756 98.18181818181817 98.78787878787878 99.39393939393939 100 100.6060606060606 101.2121212121212 101.8181818181818 102.4242424242424 103.030303030303 103.6363636363636 104.2424242424242 104.8484848484848 105.4545454545455 106.060606060606 106.6666666666667 107.2727272727273 107.8787878787879 108.4848484848485 109.0909090909091 109.6969696969697 110.3030303030303 110.9090909090909 111.5151515151515 112.1212121212121 112.7272727272727 113.3333333333333 113.9393939393939 114.5454545454545 115.1515151515152 115.7575757575758 116.3636363636364 116.969696969697 117.5757575757576 118.1818181818182 118.7878787878788 119.3939393939394 120


# name: y
# type: matrix
# rows: 1
# columns: 100
 25615.83763779528 25609.71893104271 25603.60022429014 25597.48151753758 25591.36281078502 25585.24410403245 25579.12539727988 25573.00669052732 25566.88798377476 25560.76927702219 25554.65057026963 25548.53186351706 25542.41315676449 25536.29445001193 25530.17574325937 25524.0570365068 25517.93832975423 25511.81962300167 25505.7009162491 25499.58220949654 25493.46350274398 25487.34479599141 25481.22608923884 25475.10738248628 25468.98867573372 25462.86996898115 25456.75126222859 25450.63255547602 25444.51384872345 25438.39514197089 25432.27643521833 25426.15772846576 25420.03902171319 25413.92031496063 25407.80160820806 25401.6829014555 25395.56419470294 25389.44548795037 25383.3267811978 25377.20807444524 25371.08936769268 25364.97066094011 25358.85195418754 25352.73324743498 25346.61454068241 25340.49583392985 25334.37712717729 25328.25842042472 25322.13971367215 25316.02100691959 25309.90230016702 25303.78359341446 25297.6648866619 25291.54617990933 25285.42747315676 25279.3087664042 25273.19005965164 25267.07135289907 25260.9526461465 25254.83393939394 25248.71523264137 25242.59652588881 25236.47781913625 25230.35911238368 25224.24040563111 25218.12169887855 25212.00299212598 25205.88428537342 25199.76557862085 25193.64687186829 25187.52816511572 25181.40945836316 25175.2907516106 25169.17204485803 25163.05333810546 25156.9346313529 25150.81592460033 25144.69721784777 25138.57851109521 25132.45980434264 25126.34109759007 25120.22239083751 25114.10368408494 25107.98497733238 25101.86627057981 25095.74756382725 25089.62885707468 25083.51015032212 25077.39144356956 25071.27273681699 25065.15403006442 25059.03532331186 25052.91661655929 25046.79790980673 25040.67920305416 25034.5604963016 25028.44178954903 25022.32308279647 25016.2043760439 25010.08566929134


# name: QUERY
# type: sq_string
# elements: 1
# length: 2
R5


# name: DATASIZE
# type: sq_string
# elements: 1
# length: 3
250


