# Created by Octave 4.0.0, Mon May 23 13:49:22 2016 CEST <peter@Independence>
# name: SVs
# type: cell
# rows: 1
# columns: 7
# name: <cell-element>
# type: sparse matrix
# nnz: 41
# rows: 41
# columns: 1
1 1 0.4645500295335298
2 1 -1.322180853287737
3 1 0.4645500295335298
4 1 -0.4288154118771039
5 1 -0.4288154118771039
6 1 0.4645500295335298
7 1 -1.322180853287737
8 1 0.4645500295335298
9 1 -1.322180853287737
10 1 -0.4288154118771039
11 1 1.357915470944163
12 1 0.4645500295335298
13 1 1.357915470944163
14 1 0.4645500295335298
15 1 1.357915470944163
16 1 0.4645500295335298
17 1 -0.4288154118771039
18 1 -0.4288154118771039
19 1 1.357915470944163
20 1 -1.322180853287737
21 1 -0.4288154118771039
22 1 -0.4288154118771039
23 1 -0.4288154118771039
24 1 -0.4288154118771039
25 1 -1.322180853287737
26 1 1.357915470944163
27 1 0.4645500295335298
28 1 -1.322180853287737
29 1 -1.322180853287737
30 1 -0.4288154118771039
31 1 0.4645500295335298
32 1 -1.322180853287737
33 1 -1.322180853287737
34 1 -1.322180853287737
35 1 -0.4288154118771039
36 1 -1.322180853287737
37 1 -0.4288154118771039
38 1 -0.4288154118771039
39 1 1.357915470944163
40 1 0.4645500295335298
41 1 1.357915470944163



# name: <cell-element>
# type: sparse matrix
# nnz: 41
# rows: 41
# columns: 1
1 1 0.4645500295335298
2 1 -1.322180853287737
3 1 0.4645500295335298
4 1 0.4645500295335298
5 1 -0.4288154118771039
6 1 -0.4288154118771039
7 1 0.4645500295335298
8 1 -1.322180853287737
9 1 -0.4288154118771039
10 1 0.4645500295335298
11 1 1.357915470944163
12 1 0.4645500295335298
13 1 1.357915470944163
14 1 0.4645500295335298
15 1 -0.4288154118771039
16 1 -0.4288154118771039
17 1 1.357915470944163
18 1 -1.322180853287737
19 1 -0.4288154118771039
20 1 -0.4288154118771039
21 1 -0.4288154118771039
22 1 -0.4288154118771039
23 1 -1.322180853287737
24 1 1.357915470944163
25 1 0.4645500295335298
26 1 -1.322180853287737
27 1 -1.322180853287737
28 1 -0.4288154118771039
29 1 0.4645500295335298
30 1 -1.322180853287737
31 1 -1.322180853287737
32 1 -1.322180853287737
33 1 -0.4288154118771039
34 1 -1.322180853287737
35 1 -0.4288154118771039
36 1 1.357915470944163
37 1 -0.4288154118771039
38 1 1.357915470944163
39 1 0.4645500295335298
40 1 1.357915470944163
41 1 1.357915470944163



# name: <cell-element>
# type: sparse matrix
# nnz: 41
# rows: 41
# columns: 1
1 1 0.4645500295335298
2 1 -1.322180853287737
3 1 0.4645500295335298
4 1 -0.4288154118771039
5 1 -0.4288154118771039
6 1 0.4645500295335298
7 1 0.4645500295335298
8 1 -1.322180853287737
9 1 -0.4288154118771039
10 1 1.357915470944163
11 1 0.4645500295335298
12 1 1.357915470944163
13 1 0.4645500295335298
14 1 1.357915470944163
15 1 0.4645500295335298
16 1 -0.4288154118771039
17 1 -0.4288154118771039
18 1 1.357915470944163
19 1 -1.322180853287737
20 1 -0.4288154118771039
21 1 -0.4288154118771039
22 1 -0.4288154118771039
23 1 -0.4288154118771039
24 1 -1.322180853287737
25 1 1.357915470944163
26 1 0.4645500295335298
27 1 -1.322180853287737
28 1 -1.322180853287737
29 1 -0.4288154118771039
30 1 0.4645500295335298
31 1 -1.322180853287737
32 1 -1.322180853287737
33 1 -1.322180853287737
34 1 -0.4288154118771039
35 1 -1.322180853287737
36 1 -0.4288154118771039
37 1 -0.4288154118771039
38 1 1.357915470944163
39 1 0.4645500295335298
40 1 1.357915470944163
41 1 1.357915470944163



# name: <cell-element>
# type: sparse matrix
# nnz: 40
# rows: 40
# columns: 1
1 1 0.4645500295335298
2 1 -1.322180853287737
3 1 0.4645500295335298
4 1 0.4645500295335298
5 1 -0.4288154118771039
6 1 -0.4288154118771039
7 1 0.4645500295335298
8 1 -1.322180853287737
9 1 -0.4288154118771039
10 1 0.4645500295335298
11 1 1.357915470944163
12 1 0.4645500295335298
13 1 1.357915470944163
14 1 0.4645500295335298
15 1 -0.4288154118771039
16 1 -0.4288154118771039
17 1 1.357915470944163
18 1 -1.322180853287737
19 1 -0.4288154118771039
20 1 -0.4288154118771039
21 1 -0.4288154118771039
22 1 -0.4288154118771039
23 1 -1.322180853287737
24 1 1.357915470944163
25 1 0.4645500295335298
26 1 -1.322180853287737
27 1 -1.322180853287737
28 1 -0.4288154118771039
29 1 0.4645500295335298
30 1 -1.322180853287737
31 1 -1.322180853287737
32 1 -1.322180853287737
33 1 -0.4288154118771039
34 1 -0.4288154118771039
35 1 1.357915470944163
36 1 -0.4288154118771039
37 1 1.357915470944163
38 1 0.4645500295335298
39 1 1.357915470944163
40 1 1.357915470944163



# name: <cell-element>
# type: sparse matrix
# nnz: 40
# rows: 40
# columns: 1
1 1 0.4645500295335298
2 1 -1.322180853287737
3 1 0.4645500295335298
4 1 0.4645500295335298
5 1 -0.4288154118771039
6 1 -0.4288154118771039
7 1 0.4645500295335298
8 1 -1.322180853287737
9 1 -0.4288154118771039
10 1 0.4645500295335298
11 1 1.357915470944163
12 1 0.4645500295335298
13 1 1.357915470944163
14 1 0.4645500295335298
15 1 -0.4288154118771039
16 1 -0.4288154118771039
17 1 1.357915470944163
18 1 -1.322180853287737
19 1 -0.4288154118771039
20 1 -0.4288154118771039
21 1 -0.4288154118771039
22 1 -0.4288154118771039
23 1 -1.322180853287737
24 1 1.357915470944163
25 1 0.4645500295335298
26 1 -1.322180853287737
27 1 -1.322180853287737
28 1 -0.4288154118771039
29 1 0.4645500295335298
30 1 -1.322180853287737
31 1 -1.322180853287737
32 1 -1.322180853287737
33 1 -0.4288154118771039
34 1 -0.4288154118771039
35 1 1.357915470944163
36 1 -0.4288154118771039
37 1 1.357915470944163
38 1 0.4645500295335298
39 1 1.357915470944163
40 1 1.357915470944163



# name: <cell-element>
# type: sparse matrix
# nnz: 43
# rows: 43
# columns: 1
1 1 0.4645500295335298
2 1 -1.322180853287737
3 1 0.4645500295335298
4 1 0.4645500295335298
5 1 -0.4288154118771039
6 1 0.4645500295335298
7 1 -1.322180853287737
8 1 0.4645500295335298
9 1 -1.322180853287737
10 1 -0.4288154118771039
11 1 1.357915470944163
12 1 1.357915470944163
13 1 0.4645500295335298
14 1 1.357915470944163
15 1 0.4645500295335298
16 1 -0.4288154118771039
17 1 -0.4288154118771039
18 1 1.357915470944163
19 1 -1.322180853287737
20 1 -0.4288154118771039
21 1 -0.4288154118771039
22 1 -0.4288154118771039
23 1 -0.4288154118771039
24 1 -0.4288154118771039
25 1 -1.322180853287737
26 1 1.357915470944163
27 1 0.4645500295335298
28 1 -1.322180853287737
29 1 -1.322180853287737
30 1 -0.4288154118771039
31 1 0.4645500295335298
32 1 -1.322180853287737
33 1 -1.322180853287737
34 1 -1.322180853287737
35 1 -0.4288154118771039
36 1 -1.322180853287737
37 1 -0.4288154118771039
38 1 1.357915470944163
39 1 -0.4288154118771039
40 1 1.357915470944163
41 1 0.4645500295335298
42 1 1.357915470944163
43 1 1.357915470944163



# name: <cell-element>
# type: scalar
0





# name: coefficients
# type: cell
# rows: 1
# columns: 7
# name: <cell-element>
# type: matrix
# rows: 41
# columns: 1
 -0.1
 -0.1
 -0.1
 0.1
 0.1
 -0.1
 -0.09472737302481482
 -0.005272626975185178
 0.1
 -0.1
 0.1
 -0.1
 0.1
 -0.1
 0.1
 0.1
 -0.1
 0.1
 -0.1
 -0.1
 -0.1
 0.1
 -0.1
 0.1
 0.1
 0.1
 -0.1
 0.1
 0.1
 0.1
 -0.1
 -0.1
 0.1
 0.1
 0.1
 -0.1
 -0.1
 0.1
 0.1
 -0.1
 -0.1



# name: <cell-element>
# type: matrix
# rows: 41
# columns: 1
 -0.1
 -0.1
 0.08243634646685369
 -0.1
 0.1
 0.1
 -0.1
 0.1
 -0.1
 -0.1
 0.1
 -0.1
 0.1
 0.1
 -0.1
 0.1
 -0.1
 -0.1
 -0.1
 0.1
 0.1
 0.1
 0.1
 -0.01946939414951565
 -0.1
 0.1
 0.1
 0.1
 -0.1
 -0.1
 0.1
 0.1
 0.1
 -0.06296695231733804
 -0.1
 -0.1
 0.1
 0.1
 -0.1
 -0.1
 -0.1



# name: <cell-element>
# type: matrix
# rows: 41
# columns: 1
 -0.1
 -0.1
 -0.1
 0.1
 0.1
 -0.1
 -0.1
 0.1
 -0.1
 0.1
 -0.1
 0.1
 -0.1
 0.1
 0.1
 -0.1
 0.1
 -0.1
 -0.1
 -0.1
 0.1
 -0.1
 0.1
 0.1
 0.1
 -0.1
 0.1
 0.1
 0.1
 -0.1
 -0.1
 0.1
 0.1
 0.1
 -0.04600356012302513
 -0.1
 0.1
 0.1
 -0.1
 -0.1
 -0.05399643987697489



# name: <cell-element>
# type: matrix
# rows: 40
# columns: 1
 -0.1
 -0.1
 0.1
 -0.1
 0.1
 0.1
 -0.1
 0.1
 -0.1
 -0.1
 0.1
 -0.1
 0.1
 0.1
 -0.1
 0.1
 -0.1
 -0.1
 -0.1
 0.1
 0.1
 0.1
 0.1
 -0.1
 -0.1
 0.1
 0.1
 0.1
 -0.1
 -0.1
 0.1
 0.1
 0.1
 -0.1
 -0.1
 0.1
 0.05924426994543264
 -0.05924426994543264
 -0.1
 -0.1



