# Created by Octave 4.0.0, Wed May 18 23:52:37 2016 CEST <peter@Independence>
# name: SVs
# type: cell
# rows: 1
# columns: 7
# name: <cell-element>
# type: sparse matrix
# nnz: 43
# rows: 43
# columns: 1
1 1 1.357915470944163
2 1 1.357915470944163
3 1 -0.4288154118771039
4 1 -1.322180853287737
5 1 -1.322180853287737
6 1 -0.4288154118771039
7 1 -0.4288154118771039
8 1 1.357915470944163
9 1 0.4645500295335298
10 1 -0.4288154118771039
11 1 0.4645500295335298
12 1 1.357915470944163
13 1 1.357915470944163
14 1 0.4645500295335298
15 1 -0.4288154118771039
16 1 0.4645500295335298
17 1 -0.4288154118771039
18 1 -0.4288154118771039
19 1 1.357915470944163
20 1 1.357915470944163
21 1 0.4645500295335298
22 1 -0.4288154118771039
23 1 -1.322180853287737
24 1 0.4645500295335298
25 1 -1.322180853287737
26 1 0.4645500295335298
27 1 -1.322180853287737
28 1 0.4645500295335298
29 1 -0.4288154118771039
30 1 -1.322180853287737
31 1 -0.4288154118771039
32 1 1.357915470944163
33 1 -1.322180853287737
34 1 0.4645500295335298
35 1 0.4645500295335298
36 1 -1.322180853287737
37 1 -0.4288154118771039
38 1 -0.4288154118771039
39 1 0.4645500295335298
40 1 -1.322180853287737
41 1 -0.4288154118771039
42 1 -0.4288154118771039
43 1 1.357915470944163



# name: <cell-element>
# type: sparse matrix
# nnz: 43
# rows: 43
# columns: 1
1 1 1.357915470944163
2 1 1.357915470944163
3 1 -0.4288154118771039
4 1 -1.322180853287737
5 1 -1.322180853287737
6 1 -0.4288154118771039
7 1 -0.4288154118771039
8 1 1.357915470944163
9 1 0.4645500295335298
10 1 -0.4288154118771039
11 1 0.4645500295335298
12 1 1.357915470944163
13 1 1.357915470944163
14 1 0.4645500295335298
15 1 -0.4288154118771039
16 1 0.4645500295335298
17 1 -0.4288154118771039
18 1 -0.4288154118771039
19 1 1.357915470944163
20 1 1.357915470944163
21 1 0.4645500295335298
22 1 -0.4288154118771039
23 1 -1.322180853287737
24 1 0.4645500295335298
25 1 -1.322180853287737
26 1 0.4645500295335298
27 1 -1.322180853287737
28 1 0.4645500295335298
29 1 -0.4288154118771039
30 1 -1.322180853287737
31 1 -0.4288154118771039
32 1 1.357915470944163
33 1 -1.322180853287737
34 1 0.4645500295335298
35 1 0.4645500295335298
36 1 -1.322180853287737
37 1 -0.4288154118771039
38 1 -0.4288154118771039
39 1 0.4645500295335298
40 1 -1.322180853287737
41 1 -0.4288154118771039
42 1 -0.4288154118771039
43 1 1.357915470944163



# name: <cell-element>
# type: sparse matrix
# nnz: 43
# rows: 43
# columns: 1
1 1 1.357915470944163
2 1 1.357915470944163
3 1 -0.4288154118771039
4 1 -1.322180853287737
5 1 -1.322180853287737
6 1 -0.4288154118771039
7 1 -0.4288154118771039
8 1 1.357915470944163
9 1 0.4645500295335298
10 1 -0.4288154118771039
11 1 0.4645500295335298
12 1 1.357915470944163
13 1 1.357915470944163
14 1 0.4645500295335298
15 1 -0.4288154118771039
16 1 0.4645500295335298
17 1 -0.4288154118771039
18 1 -0.4288154118771039
19 1 1.357915470944163
20 1 -1.322180853287737
21 1 1.357915470944163
22 1 0.4645500295335298
23 1 -0.4288154118771039
24 1 -1.322180853287737
25 1 0.4645500295335298
26 1 -1.322180853287737
27 1 0.4645500295335298
28 1 -1.322180853287737
29 1 0.4645500295335298
30 1 -0.4288154118771039
31 1 -1.322180853287737
32 1 -0.4288154118771039
33 1 1.357915470944163
34 1 -1.322180853287737
35 1 0.4645500295335298
36 1 0.4645500295335298
37 1 -1.322180853287737
38 1 -0.4288154118771039
39 1 -0.4288154118771039
40 1 0.4645500295335298
41 1 -0.4288154118771039
42 1 -0.4288154118771039
43 1 1.357915470944163



# name: <cell-element>
# type: sparse matrix
# nnz: 42
# rows: 42
# columns: 1
1 1 1.357915470944163
2 1 1.357915470944163
3 1 -0.4288154118771039
4 1 -1.322180853287737
5 1 -1.322180853287737
6 1 -0.4288154118771039
7 1 -0.4288154118771039
8 1 1.357915470944163
9 1 0.4645500295335298
10 1 -0.4288154118771039
11 1 0.4645500295335298
12 1 1.357915470944163
13 1 1.357915470944163
14 1 0.4645500295335298
15 1 -0.4288154118771039
16 1 0.4645500295335298
17 1 -0.4288154118771039
18 1 -0.4288154118771039
19 1 1.357915470944163
20 1 1.357915470944163
21 1 0.4645500295335298
22 1 -0.4288154118771039
23 1 -1.322180853287737
24 1 0.4645500295335298
25 1 -1.322180853287737
26 1 0.4645500295335298
27 1 -1.322180853287737
28 1 0.4645500295335298
29 1 -0.4288154118771039
30 1 -1.322180853287737
31 1 -0.4288154118771039
32 1 1.357915470944163
33 1 -1.322180853287737
34 1 0.4645500295335298
35 1 0.4645500295335298
36 1 -1.322180853287737
37 1 -0.4288154118771039
38 1 -0.4288154118771039
39 1 0.4645500295335298
40 1 -0.4288154118771039
41 1 -0.4288154118771039
42 1 1.357915470944163



# name: <cell-element>
# type: sparse matrix
# nnz: 42
# rows: 42
# columns: 1
1 1 1.357915470944163
2 1 1.357915470944163
3 1 -0.4288154118771039
4 1 -1.322180853287737
5 1 -1.322180853287737
6 1 -0.4288154118771039
7 1 -0.4288154118771039
8 1 1.357915470944163
9 1 0.4645500295335298
10 1 -0.4288154118771039
11 1 0.4645500295335298
12 1 1.357915470944163
13 1 1.357915470944163
14 1 0.4645500295335298
15 1 -0.4288154118771039
16 1 0.4645500295335298
17 1 -0.4288154118771039
18 1 -0.4288154118771039
19 1 1.357915470944163
20 1 1.357915470944163
21 1 0.4645500295335298
22 1 -0.4288154118771039
23 1 -1.322180853287737
24 1 0.4645500295335298
25 1 -1.322180853287737
26 1 0.4645500295335298
27 1 -1.322180853287737
28 1 0.4645500295335298
29 1 -0.4288154118771039
30 1 -1.322180853287737
31 1 -0.4288154118771039
32 1 1.357915470944163
33 1 -1.322180853287737
34 1 0.4645500295335298
35 1 0.4645500295335298
36 1 -1.322180853287737
37 1 -0.4288154118771039
38 1 -0.4288154118771039
39 1 0.4645500295335298
40 1 -0.4288154118771039
41 1 -0.4288154118771039
42 1 1.357915470944163



# name: <cell-element>
# type: sparse matrix
# nnz: 40
# rows: 40
# columns: 1
1 1 1.357915470944163
2 1 1.357915470944163
3 1 -0.4288154118771039
4 1 -1.322180853287737
5 1 -1.322180853287737
6 1 -0.4288154118771039
7 1 1.357915470944163
8 1 0.4645500295335298
9 1 -0.4288154118771039
10 1 0.4645500295335298
11 1 1.357915470944163
12 1 1.357915470944163
13 1 0.4645500295335298
14 1 -0.4288154118771039
15 1 -0.4288154118771039
16 1 1.357915470944163
17 1 1.357915470944163
18 1 0.4645500295335298
19 1 -0.4288154118771039
20 1 -1.322180853287737
21 1 0.4645500295335298
22 1 -1.322180853287737
23 1 0.4645500295335298
24 1 -1.322180853287737
25 1 0.4645500295335298
26 1 -0.4288154118771039
27 1 -1.322180853287737
28 1 -0.4288154118771039
29 1 1.357915470944163
30 1 -1.322180853287737
31 1 0.4645500295335298
32 1 0.4645500295335298
33 1 -1.322180853287737
34 1 -0.4288154118771039
35 1 -0.4288154118771039
36 1 0.4645500295335298
37 1 -1.322180853287737
38 1 -0.4288154118771039
39 1 -0.4288154118771039
40 1 1.357915470944163



# name: <cell-element>
# type: scalar
0





# name: coefficients
# type: cell
# rows: 1
# columns: 7
# name: <cell-element>
# type: matrix
# rows: 43
# columns: 1
 -5
 5
 -5
 5
 5
 -5
 5
 -5
 5
 5
 5
 5
 -5
 -5
 5
 -5
 5
 5
 -0.02331121070378661
 5
 5
 -5
 -5
 -5
 -5
 -5
 -5
 -5
 5
 -5
 5
 5
 5
 -5
 -5
 5
 5
 5
 -5
 -4.976688789296213
 -5
 -5
 5



# name: <cell-element>
# type: matrix
# rows: 43
# columns: 1
 -5
 5
 -5
 5
 5
 -0.2705689349287408
 5
 -5
 5
 5
 5
 5
 -5
 -5
 5
 -5
 5
 5
 -5
 5
 5
 -5
 -5
 -5
 -5
 -5
 -5
 -5
 5
 -5
 5
 5
 5
 -5
 -5
 5
 5
 5
 -5
 -4.729431065071259
 -5
 -5
 5



# name: <cell-element>
# type: matrix
# rows: 43
# columns: 1
 -0.1
 0.1
 -0.1
 0.1
 0.1
 -0.1
 0.1
 -0.1
 0.1
 0.1
 0.1
 0.1
 -0.1
 -0.1
 0.1
 -0.1
 0.1
 0.1
 -0.1
 0.03114671066228713
 0.1
 0.1
 -0.1
 -0.1
 -0.1
 -0.1
 -0.1
 -0.1
 -0.1
 0.1
 -0.1
 0.1
 0.06885328933771287
 0.1
 -0.1
 -0.1
 0.1
 0.1
 0.1
 -0.1
 -0.1
 -0.1
 0.1



# name: <cell-element>
# type: matrix
# rows: 42
# columns: 1
 -5
 5
 -5
 5
 5
 -0.1105418777410084
 5
 -5
 5
 5
 5
 5
 -5
 -5
 5
 -5
 5
 5
 -5
 5
 5
 -5
 -5
 -5
 -5
 -5
 -5
 -5
 5
 -5
 5
 0.110541877741008
 5
 -5
 -5
 5
 5
 5
 -5
 -5
 -5
 5



