# Created by Octave 4.0.0, Wed May 18 23:52:27 2016 CEST <peter@Independence>
# name: mu
# type: matrix
# rows: 1
# columns: 2
 25317 89.59999999999999


# name: sigma
# type: matrix
# rows: 1
# columns: 2
 842.078750249418 22.38725506151188


