# Created by Octave 4.0.0, Mon May 23 13:49:16 2016 CEST <peter@Independence>
# name: mu
# type: matrix
# rows: 1
# columns: 2
 25317 89.59999999999999


# name: sigma
# type: matrix
# rows: 1
# columns: 2
 842.078750249418 22.38725506151188


