# Created by Octave 4.0.0, Mon May 23 13:49:22 2016 CEST <peter@Independence>
# name: x
# type: matrix
# rows: 1
# columns: 100
 60 60.60606060606061 61.21212121212122 61.81818181818182 62.42424242424242 63.03030303030303 63.63636363636364 64.24242424242425 64.84848484848484 65.45454545454545 66.06060606060606 66.66666666666667 67.27272727272728 67.87878787878788 68.48484848484848 69.09090909090909 69.6969696969697 70.30303030303031 70.90909090909091 71.51515151515152 72.12121212121212 72.72727272727272 73.33333333333333 73.93939393939394 74.54545454545455 75.15151515151516 75.75757575757575 76.36363636363636 76.96969696969697 77.57575757575758 78.18181818181819 78.78787878787878 79.39393939393939 80 80.60606060606061 81.21212121212122 81.81818181818181 82.42424242424242 83.03030303030303 83.63636363636364 84.24242424242424 84.84848484848484 85.45454545454545 86.06060606060606 86.66666666666666 87.27272727272727 87.87878787878788 88.48484848484848 89.09090909090909 89.6969696969697 90.3030303030303 90.90909090909091 91.51515151515152 92.12121212121212 92.72727272727272 93.33333333333333 93.93939393939394 94.54545454545455 95.15151515151514 95.75757575757575 96.36363636363636 96.96969696969697 97.57575757575756 98.18181818181817 98.78787878787878 99.39393939393939 100 100.6060606060606 101.2121212121212 101.8181818181818 102.4242424242424 103.030303030303 103.6363636363636 104.2424242424242 104.8484848484848 105.4545454545455 106.060606060606 106.6666666666667 107.2727272727273 107.8787878787879 108.4848484848485 109.0909090909091 109.6969696969697 110.3030303030303 110.9090909090909 111.5151515151515 112.1212121212121 112.7272727272727 113.3333333333333 113.9393939393939 114.5454545454545 115.1515151515152 115.7575757575758 116.3636363636364 116.969696969697 117.5757575757576 118.1818181818182 118.7878787878788 119.3939393939394 120


# name: y
# type: matrix
# rows: 100
# columns: 1
 25264.53213862635
 25239.46674444429
 25216.8885511509
 25196.59607198004
 25178.40031807734
 25162.1242706341
 25147.60236441249
 25134.67998266169
 25123.21296342541
 25113.06711724039
 25104.11775622615
 25096.24923456584
 25089.35450037829
 25083.3346589812
 25078.09854754541
 25073.56232114046
 25069.64905017121
 25066.2883292056
 25063.41589719363
 25060.97326907746
 25058.90737879264
 25057.17023366053
 25055.71858017187
 25054.5135811615
 25053.52050437418
 25052.70842242166
 25052.04992413083
 25051.52083728307
 25051.09996274469
 25050.7688199886
 25050.51140400708
 25050.31395361573
 25050.16473114855
 25050.0538135442
 25049.97289482341
 25049.9150999575
 25049.87481012811
 25049.84749937808
 25049.82958265343
 25049.81827523652
 25049.81146357042
 25049.80758747435
 25049.8055337503
 25049.80454118083
 25049.80411691801
 25049.80396426347
 25049.8039218397
 25049.80391415238
 25049.80391354397
 25049.80391353841
 25049.80391357696
 25049.8039151452
 25049.80392929121
 25049.80399553489
 25049.8042121684
 25049.8047779478
 25049.80604517584
 25049.80858417584
 25049.81325915683
 25049.82131546974
 25049.8344782548
 25049.85506248011
 25049.88609437128
 25049.93144423234
 25049.99597065768
 25050.08567613527
 25050.20787404089
 25050.37136702369
 25050.5866367827
 25050.86604523469
 25051.22404707302
 25051.67741371776
 25052.24546865691
 25052.95033417877
 25053.81718949548
 25054.87454025772
 25056.15449946053
 25057.69307974034
 25059.53049706306
 25061.71148580347
 25064.28562521557
 25067.30767729429
 25070.83793602818
 25074.94258804334
 25079.69408463855
 25085.17152521138
 25091.46105207568
 25098.65625667002
 25106.85859715744
 25116.17782741623
 25126.73243742195
 25138.6501050206
 25152.06815909283
 25167.13405410947
 25184.00585607812
 25202.85273988087
 25223.85549800322
 25247.20706065419
 25273.11302727745
 25301.7922094538


# name: QUERY
# type: sq_string
# elements: 1
# length: 2
R5


# name: DATASIZE
# type: sq_string
# elements: 1
# length: 3
250


