# Created by Octave 4.0.0, Mon May 23 13:49:22 2016 CEST <peter@Independence>
# name: x
# type: matrix
# rows: 1
# columns: 100
 60 60.60606060606061 61.21212121212122 61.81818181818182 62.42424242424242 63.03030303030303 63.63636363636364 64.24242424242425 64.84848484848484 65.45454545454545 66.06060606060606 66.66666666666667 67.27272727272728 67.87878787878788 68.48484848484848 69.09090909090909 69.6969696969697 70.30303030303031 70.90909090909091 71.51515151515152 72.12121212121212 72.72727272727272 73.33333333333333 73.93939393939394 74.54545454545455 75.15151515151516 75.75757575757575 76.36363636363636 76.96969696969697 77.57575757575758 78.18181818181819 78.78787878787878 79.39393939393939 80 80.60606060606061 81.21212121212122 81.81818181818181 82.42424242424242 83.03030303030303 83.63636363636364 84.24242424242424 84.84848484848484 85.45454545454545 86.06060606060606 86.66666666666666 87.27272727272727 87.87878787878788 88.48484848484848 89.09090909090909 89.6969696969697 90.3030303030303 90.90909090909091 91.51515151515152 92.12121212121212 92.72727272727272 93.33333333333333 93.93939393939394 94.54545454545455 95.15151515151514 95.75757575757575 96.36363636363636 96.96969696969697 97.57575757575756 98.18181818181817 98.78787878787878 99.39393939393939 100 100.6060606060606 101.2121212121212 101.8181818181818 102.4242424242424 103.030303030303 103.6363636363636 104.2424242424242 104.8484848484848 105.4545454545455 106.060606060606 106.6666666666667 107.2727272727273 107.8787878787879 108.4848484848485 109.0909090909091 109.6969696969697 110.3030303030303 110.9090909090909 111.5151515151515 112.1212121212121 112.7272727272727 113.3333333333333 113.9393939393939 114.5454545454545 115.1515151515152 115.7575757575758 116.3636363636364 116.969696969697 117.5757575757576 118.1818181818182 118.7878787878788 119.3939393939394 120


# name: y
# type: matrix
# rows: 100
# columns: 1
 25288.2079663421
 25279.42691407791
 25271.00539497139
 25262.93589369733
 25255.21089493051
 25247.82288334575
 25240.76434361784
 25234.02776042157
 25227.60561843175
 25221.49040232318
 25215.67459677064
 25210.15068644895
 25204.91115603289
 25199.94849019728
 25195.25517361689
 25190.82369096654
 25186.64652692102
 25182.71616615512
 25179.02509334366
 25175.56579316142
 25172.3307502832
 25169.3124493838
 25166.50337513803
 25163.89601222067
 25161.48284530653
 25159.2563590704
 25157.20903818708
 25155.33336733138
 25153.62183117808
 25152.06691440199
 25150.66110167791
 25149.39687768062
 25148.26672708494
 25147.26313456566
 25146.37858479757
 25145.60556245549
 25144.93655221419
 25144.36403874848
 25143.88050673317
 25143.47844084305
 25143.15032575291
 25142.88864613755
 25142.68588667178
 25142.53453203039
 25142.42706688817
 25142.35597591994
 25142.31374380048
 25142.29285520459
 25142.28579480707
 25142.28504728273
 25142.28309730635
 25142.27242955273
 25142.24552869668
 25142.194879413
 25142.11296637647
 25141.9922742619
 25141.82528774409
 25141.60449149783
 25141.32237019793
 25140.97140851918
 25140.54409113637
 25140.03290272431
 25139.43032795781
 25138.72885151163
 25137.92095806061
 25136.99913227952
 25135.95585884318
 25134.78362242636
 25133.47490770389
 25132.02219935054
 25130.41798204113
 25128.65474045044
 25126.72495925328
 25124.62112312445
 25122.33571673874
 25119.86122477095
 25117.19013189588
 25114.31492278833
 25111.22808212309
 25107.92209457497
 25104.38944481876
 25100.62261752925
 25096.61409738127
 25092.35636904958
 25087.841917209
 25083.06322653432
 25078.01278170034
 25072.68306738186
 25067.06656825368
 25061.1557689906
 25054.94315426741
 25048.4212087589
 25041.58241713989
 25034.41926408517
 25026.92423426954
 25019.08981236778
 25010.90848305471
 25002.37273100512
 24993.47504089381
 24984.20789739558


# name: QUERY
# type: sq_string
# elements: 1
# length: 2
R5


# name: DATASIZE
# type: sq_string
# elements: 1
# length: 3
250


