# Created by Octave 4.0.0, Wed May 18 23:52:37 2016 CEST <peter@Independence>
# name: x
# type: matrix
# rows: 1
# columns: 100
 60 60.60606060606061 61.21212121212122 61.81818181818182 62.42424242424242 63.03030303030303 63.63636363636364 64.24242424242425 64.84848484848484 65.45454545454545 66.06060606060606 66.66666666666667 67.27272727272728 67.87878787878788 68.48484848484848 69.09090909090909 69.6969696969697 70.30303030303031 70.90909090909091 71.51515151515152 72.12121212121212 72.72727272727272 73.33333333333333 73.93939393939394 74.54545454545455 75.15151515151516 75.75757575757575 76.36363636363636 76.96969696969697 77.57575757575758 78.18181818181819 78.78787878787878 79.39393939393939 80 80.60606060606061 81.21212121212122 81.81818181818181 82.42424242424242 83.03030303030303 83.63636363636364 84.24242424242424 84.84848484848484 85.45454545454545 86.06060606060606 86.66666666666666 87.27272727272727 87.87878787878788 88.48484848484848 89.09090909090909 89.6969696969697 90.3030303030303 90.90909090909091 91.51515151515152 92.12121212121212 92.72727272727272 93.33333333333333 93.93939393939394 94.54545454545455 95.15151515151514 95.75757575757575 96.36363636363636 96.96969696969697 97.57575757575756 98.18181818181817 98.78787878787878 99.39393939393939 100 100.6060606060606 101.2121212121212 101.8181818181818 102.4242424242424 103.030303030303 103.6363636363636 104.2424242424242 104.8484848484848 105.4545454545455 106.060606060606 106.6666666666667 107.2727272727273 107.8787878787879 108.4848484848485 109.0909090909091 109.6969696969697 110.3030303030303 110.9090909090909 111.5151515151515 112.1212121212121 112.7272727272727 113.3333333333333 113.9393939393939 114.5454545454545 115.1515151515152 115.7575757575758 116.3636363636364 116.969696969697 117.5757575757576 118.1818181818182 118.7878787878788 119.3939393939394 120


# name: y
# type: matrix
# rows: 100
# columns: 1
 25279.50395291563
 25264.51040158824
 25251.00463752325
 25238.8661358984
 25227.98184785986
 25218.24588476375
 25209.55920923317
 25201.82933302843
 25194.97002173092
 25188.90100624178
 25183.54770109366
 25178.84092957726
 25174.71665568081
 25171.11572284434
 25167.98359952733
 25165.2701315906
 25162.92930149197
 25160.91899429597
 25159.20077049735
 25157.73964565858
 25156.50387686128
 25155.46475597166
 25154.59640971971
 25153.87560659249
 25153.28157054126
 25152.79580150253
 25152.40190273315
 25152.08541495917
 25151.83365733878
 25151.63557523905
 25151.48159482672
 25151.36348447283
 25151.27422297131
 25151.20787457153
 25151.15947082472
 25151.12489924439
 25151.1007987806
 25151.08446210824
 25151.07374472918
 25151.06698088838
 25151.06290630393
 25151.06058771102
 25151.05935921979
 25151.0587654872
 25151.05851170279
 25151.0584203883
 25151.05839501136
 25151.05839041298
 25151.05839004904
 25151.05839004572
 25151.05839006878
 25151.05839100686
 25151.05839946869
 25151.05843909415
 25151.05856867941
 25151.05890711585
 25151.05966514297
 25151.06118391529
 25151.06398038307
 25151.06879948706
 25151.07667316708
 25151.08898618464
 25151.10754875939
 25151.13467601957
 25151.17327426636
 25151.22693405214
 25151.30003007277
 25151.39782787365
 25151.52659736985
 25151.69373318011
 25151.90788177475
 25152.17907543757
 25152.51887304158
 25152.94050763883
 25153.45904086396
 25154.09152415186
 25154.85716676912
 25155.77751065953
 25156.87661210346
 25158.18123019109
 25159.72102210972
 25161.52874524491
 25163.64046609561
 25166.09577600309
 25168.93801369399
 25172.21449463718
 25175.97674721452
 25180.28075570577
 25185.18721008698
 25190.76176264343
 25197.07529139589
 25204.20417034127
 25212.23054650685
 25221.24262381883
 25231.33495378427
 25242.6087329878
 25255.17210740094
 25269.14048350686
 25284.63684623814
 25301.7920837286


# name: QUERY
# type: sq_string
# elements: 1
# length: 2
R5


# name: DATASIZE
# type: sq_string
# elements: 1
# length: 3
250


