# Created by Octave 4.0.0, Mon May 23 13:49:22 2016 CEST <peter@Independence>
# name: x
# type: matrix
# rows: 1
# columns: 100
 60 60.60606060606061 61.21212121212122 61.81818181818182 62.42424242424242 63.03030303030303 63.63636363636364 64.24242424242425 64.84848484848484 65.45454545454545 66.06060606060606 66.66666666666667 67.27272727272728 67.87878787878788 68.48484848484848 69.09090909090909 69.6969696969697 70.30303030303031 70.90909090909091 71.51515151515152 72.12121212121212 72.72727272727272 73.33333333333333 73.93939393939394 74.54545454545455 75.15151515151516 75.75757575757575 76.36363636363636 76.96969696969697 77.57575757575758 78.18181818181819 78.78787878787878 79.39393939393939 80 80.60606060606061 81.21212121212122 81.81818181818181 82.42424242424242 83.03030303030303 83.63636363636364 84.24242424242424 84.84848484848484 85.45454545454545 86.06060606060606 86.66666666666666 87.27272727272727 87.87878787878788 88.48484848484848 89.09090909090909 89.6969696969697 90.3030303030303 90.90909090909091 91.51515151515152 92.12121212121212 92.72727272727272 93.33333333333333 93.93939393939394 94.54545454545455 95.15151515151514 95.75757575757575 96.36363636363636 96.96969696969697 97.57575757575756 98.18181818181817 98.78787878787878 99.39393939393939 100 100.6060606060606 101.2121212121212 101.8181818181818 102.4242424242424 103.030303030303 103.6363636363636 104.2424242424242 104.8484848484848 105.4545454545455 106.060606060606 106.6666666666667 107.2727272727273 107.8787878787879 108.4848484848485 109.0909090909091 109.6969696969697 110.3030303030303 110.9090909090909 111.5151515151515 112.1212121212121 112.7272727272727 113.3333333333333 113.9393939393939 114.5454545454545 115.1515151515152 115.7575757575758 116.3636363636364 116.969696969697 117.5757575757576 118.1818181818182 118.7878787878788 119.3939393939394 120


# name: y
# type: matrix
# rows: 100
# columns: 1
 25275.98327226639
 25257.77495969327
 25240.67336906867
 25224.63271965294
 25209.60819776896
 25195.55595680213
 25182.43311720035
 25170.19776647407
 25158.80895919624
 25148.22671700232
 25138.4120285903
 25129.3268497207
 25120.93410321654
 25113.19767896337
 25106.08243390924
 25099.55419206476
 25093.57974450301
 25088.12684935961
 25083.16423183272
 25078.66158418299
 25074.58956573359
 25070.91980287023
 25067.62488904112
 25064.67838475699
 25062.05481759109
 25059.72968217921
 25057.67944021962
 25055.88152047315
 25054.31431876312
 25052.95719797537
 25051.79048805828
 25050.79548602273
 25049.95445594212
 25049.25062895237
 25048.66820325194
 25048.19234410177
 25047.80918382535
 25047.50582180869
 25047.27032450028
 25047.09172541117
 25046.96002511492
 25046.86619124761
 25046.80215850781
 25046.76082865665
 25046.73607051775
 25046.72271997727
 25046.71657998387
 25046.71442054873
 25046.71397874558
 25046.71395871062
 25046.71403164261
 25046.7148358028
 25046.71797651498
 25046.72602616545
 25046.74252420302
 25046.77197713904
 25046.81985854736
 25046.89260906435
 25046.99763638892
 25047.14331528247
 25047.33898756894
 25047.59496213478
 25047.92251492895
 25048.33388896294
 25048.84229431077
 25049.46190810896
 25050.20787455656
 25051.09630491512
 25052.14427750873
 25053.369837724
 25054.79199801005
 25056.43073787851
 25058.30700390353
 25060.44270972181
 25062.86073603254
 25065.58493059742
 25068.6401082407
 25072.05205084912
 25075.84750737197
 25080.05419382102
 25084.70079327059
 25089.8169558575
 25095.43329878111
 25101.58140630327
 25108.29382974838
 25115.60408750334
 25123.54666501756
 25132.15701480299
 25141.47155643409
 25151.52767654784
 25162.36372884374
 25174.0190340838
 25186.53388009256
 25199.94952175707
 25214.3081810269
 25229.65304691415
 25246.02827549343
 25263.47898990188
 25282.05128033912
 25301.79220406734


# name: QUERY
# type: sq_string
# elements: 1
# length: 2
R5


# name: DATASIZE
# type: sq_string
# elements: 1
# length: 3
250


