# Created by Octave 4.0.0, Mon May 23 13:49:22 2016 CEST <peter@Independence>
# name: x
# type: matrix
# rows: 1
# columns: 100
 60 60.60606060606061 61.21212121212122 61.81818181818182 62.42424242424242 63.03030303030303 63.63636363636364 64.24242424242425 64.84848484848484 65.45454545454545 66.06060606060606 66.66666666666667 67.27272727272728 67.87878787878788 68.48484848484848 69.09090909090909 69.6969696969697 70.30303030303031 70.90909090909091 71.51515151515152 72.12121212121212 72.72727272727272 73.33333333333333 73.93939393939394 74.54545454545455 75.15151515151516 75.75757575757575 76.36363636363636 76.96969696969697 77.57575757575758 78.18181818181819 78.78787878787878 79.39393939393939 80 80.60606060606061 81.21212121212122 81.81818181818181 82.42424242424242 83.03030303030303 83.63636363636364 84.24242424242424 84.84848484848484 85.45454545454545 86.06060606060606 86.66666666666666 87.27272727272727 87.87878787878788 88.48484848484848 89.09090909090909 89.6969696969697 90.3030303030303 90.90909090909091 91.51515151515152 92.12121212121212 92.72727272727272 93.33333333333333 93.93939393939394 94.54545454545455 95.15151515151514 95.75757575757575 96.36363636363636 96.96969696969697 97.57575757575756 98.18181818181817 98.78787878787878 99.39393939393939 100 100.6060606060606 101.2121212121212 101.8181818181818 102.4242424242424 103.030303030303 103.6363636363636 104.2424242424242 104.8484848484848 105.4545454545455 106.060606060606 106.6666666666667 107.2727272727273 107.8787878787879 108.4848484848485 109.0909090909091 109.6969696969697 110.3030303030303 110.9090909090909 111.5151515151515 112.1212121212121 112.7272727272727 113.3333333333333 113.9393939393939 114.5454545454545 115.1515151515152 115.7575757575758 116.3636363636364 116.969696969697 117.5757575757576 118.1818181818182 118.7878787878788 119.3939393939394 120


# name: y
# type: matrix
# rows: 100
# columns: 1
 25287.9955080744
 25278.88194981826
 25269.95692193565
 25261.22042442656
 25252.672457291
 25244.31302052896
 25236.14211414044
 25228.15973812545
 25220.36589248398
 25212.76057721604
 25205.34379232161
 25198.11553780072
 25191.07581365334
 25184.22461987949
 25177.56195647916
 25171.08782345236
 25164.80222079908
 25158.70514851933
 25152.79660661309
 25147.07659508038
 25141.5451139212
 25136.20216313554
 25131.0477427234
 25126.08185268479
 25121.3044930197
 25116.71566372813
 25112.31536481009
 25108.10359626557
 25104.08035809457
 25100.2456502971
 25096.59947287315
 25093.14182582273
 25089.87270914583
 25086.79212284245
 25083.9000669126
 25081.19654135627
 25078.68154617346
 25076.35508136418
 25074.21714692842
 25072.26774286618
 25070.50686917747
 25068.93452586229
 25067.55071292062
 25066.35543035248
 25065.34867815786
 25064.53045633677
 25063.9007648892
 25063.45960381516
 25063.20697311464
 25063.14287278764
 25063.26730283416
 25063.58026325421
 25064.08175404779
 25064.77177521488
 25065.65032675551
 25066.71740866965
 25067.97302095732
 25069.41716361851
 25071.04983665322
 25072.87104006146
 25074.88077384322
 25077.07903799851
 25079.46583252732
 25082.04115742965
 25084.80501270551
 25087.75739835489
 25090.8983143778
 25094.22776077423
 25097.74573754418
 25101.45224468765
 25105.34728220465
 25109.43085009517
 25113.70294835922
 25118.16357699679
 25122.81273600789
 25127.6504253925
 25132.67664515064
 25137.89139528231
 25143.2946757875
 25148.88648666621
 25154.66682791845
 25160.63569954421
 25166.79310154349
 25173.1390339163
 25179.67349666263
 25186.39648978248
 25193.30801327586
 25200.40806714276
 25207.69665138319
 25215.17376599714
 25222.83941098461
 25230.69358634561
 25238.73629208013
 25246.96752818817
 25255.38729466974
 25263.99559152483
 25272.79241875345
 25281.77777635559
 25290.95166433125
 25300.31408268043


# name: QUERY
# type: sq_string
# elements: 1
# length: 2
R5


# name: DATASIZE
# type: sq_string
# elements: 1
# length: 3
250


