# Created by Octave 4.0.0, Wed May 18 23:52:37 2016 CEST <peter@Independence>
# name: x
# type: matrix
# rows: 1
# columns: 100
 60 60.60606060606061 61.21212121212122 61.81818181818182 62.42424242424242 63.03030303030303 63.63636363636364 64.24242424242425 64.84848484848484 65.45454545454545 66.06060606060606 66.66666666666667 67.27272727272728 67.87878787878788 68.48484848484848 69.09090909090909 69.6969696969697 70.30303030303031 70.90909090909091 71.51515151515152 72.12121212121212 72.72727272727272 73.33333333333333 73.93939393939394 74.54545454545455 75.15151515151516 75.75757575757575 76.36363636363636 76.96969696969697 77.57575757575758 78.18181818181819 78.78787878787878 79.39393939393939 80 80.60606060606061 81.21212121212122 81.81818181818181 82.42424242424242 83.03030303030303 83.63636363636364 84.24242424242424 84.84848484848484 85.45454545454545 86.06060606060606 86.66666666666666 87.27272727272727 87.87878787878788 88.48484848484848 89.09090909090909 89.6969696969697 90.3030303030303 90.90909090909091 91.51515151515152 92.12121212121212 92.72727272727272 93.33333333333333 93.93939393939394 94.54545454545455 95.15151515151514 95.75757575757575 96.36363636363636 96.96969696969697 97.57575757575756 98.18181818181817 98.78787878787878 99.39393939393939 100 100.6060606060606 101.2121212121212 101.8181818181818 102.4242424242424 103.030303030303 103.6363636363636 104.2424242424242 104.8484848484848 105.4545454545455 106.060606060606 106.6666666666667 107.2727272727273 107.8787878787879 108.4848484848485 109.0909090909091 109.6969696969697 110.3030303030303 110.9090909090909 111.5151515151515 112.1212121212121 112.7272727272727 113.3333333333333 113.9393939393939 114.5454545454545 115.1515151515152 115.7575757575758 116.3636363636364 116.969696969697 117.5757575757576 118.1818181818182 118.7878787878788 119.3939393939394 120


# name: y
# type: matrix
# rows: 100
# columns: 1
 25225.79214593498
 25227.98740781376
 25230.09278645174
 25232.1101606792
 25234.04140932642
 25235.8884112237
 25237.65304520131
 25239.33719008954
 25240.94272471868
 25242.471527919
 25243.92547852079
 25245.30645535434
 25246.61633724993
 25247.85700303785
 25249.03033154837
 25250.13820161179
 25251.18249205839
 25252.16508171845
 25253.08784942225
 25253.95267400009
 25254.76143428225
 25255.516009099
 25256.21827728063
 25256.87011765744
 25257.47340905969
 25258.03003031769
 25258.54186026171
 25259.01077772203
 25259.43866152894
 25259.82739051272
 25260.17884350367
 25260.49489933206
 25260.77743682818
 25261.0283348223
 25261.24947214473
 25261.44272762573
 25261.6099800956
 25261.75310838462
 25261.87399132307
 25261.97450774124
 25262.05653646941
 25262.12195633787
 25262.1726461769
 25262.21048481678
 25262.2373510878
 25262.25512382025
 25262.2656818444
 25262.27090399055
 25262.27266908898
 25262.27285596996
 25262.27334346379
 25262.27601040075
 25262.28273561113
 25262.2953979252
 25262.31587617326
 25262.34604918558
 25262.38779579246
 25262.44299482417
 25262.513525111
 25262.60126548323
 25262.70809477116
 25262.83589180506
 25262.98653541521
 25263.16190443191
 25263.36387768543
 25263.59433400607
 25263.8551522241
 25264.1482111698
 25264.47538967348
 25264.8385665654
 25265.23962067585
 25265.68043083511
 25266.16287587348
 25266.68883462124
 25267.26018590866
 25267.87880856604
 25268.54658142366
 25269.26538331179
 25270.03709306074
 25270.86358950078
 25271.74675146219
 25272.68845777526
 25273.69058727028
 25274.75501877752
 25275.88363112728
 25277.07830314984
 25278.34091367547
 25279.67334153448
 25281.07746555713
 25282.55516457371
 25284.10831741452
 25285.73880290983
 25287.44849988993
 25289.2392871851
 25291.11304362562
 25293.07164804179
 25295.11697926388
 25297.25091612218
 25299.47533744698
 25301.79212206855


# name: QUERY
# type: sq_string
# elements: 1
# length: 2
R5


# name: DATASIZE
# type: sq_string
# elements: 1
# length: 3
250


