# Created by Octave 4.0.0, Wed May 18 23:52:37 2016 CEST <peter@Independence>
# name: x
# type: matrix
# rows: 1
# columns: 100
 60 60.60606060606061 61.21212121212122 61.81818181818182 62.42424242424242 63.03030303030303 63.63636363636364 64.24242424242425 64.84848484848484 65.45454545454545 66.06060606060606 66.66666666666667 67.27272727272728 67.87878787878788 68.48484848484848 69.09090909090909 69.6969696969697 70.30303030303031 70.90909090909091 71.51515151515152 72.12121212121212 72.72727272727272 73.33333333333333 73.93939393939394 74.54545454545455 75.15151515151516 75.75757575757575 76.36363636363636 76.96969696969697 77.57575757575758 78.18181818181819 78.78787878787878 79.39393939393939 80 80.60606060606061 81.21212121212122 81.81818181818181 82.42424242424242 83.03030303030303 83.63636363636364 84.24242424242424 84.84848484848484 85.45454545454545 86.06060606060606 86.66666666666666 87.27272727272727 87.87878787878788 88.48484848484848 89.09090909090909 89.6969696969697 90.3030303030303 90.90909090909091 91.51515151515152 92.12121212121212 92.72727272727272 93.33333333333333 93.93939393939394 94.54545454545455 95.15151515151514 95.75757575757575 96.36363636363636 96.96969696969697 97.57575757575756 98.18181818181817 98.78787878787878 99.39393939393939 100 100.6060606060606 101.2121212121212 101.8181818181818 102.4242424242424 103.030303030303 103.6363636363636 104.2424242424242 104.8484848484848 105.4545454545455 106.060606060606 106.6666666666667 107.2727272727273 107.8787878787879 108.4848484848485 109.0909090909091 109.6969696969697 110.3030303030303 110.9090909090909 111.5151515151515 112.1212121212121 112.7272727272727 113.3333333333333 113.9393939393939 114.5454545454545 115.1515151515152 115.7575757575758 116.3636363636364 116.969696969697 117.5757575757576 118.1818181818182 118.7878787878788 119.3939393939394 120


# name: y
# type: matrix
# rows: 100
# columns: 1
 25286.40287509967
 25275.54571413155
 25265.34846375614
 25255.78382606441
 25246.82507978259
 25238.44608027196
 25230.62125952907
 25223.32562618564
 25216.53476550847
 25210.22483939965
 25204.37258639635
 25198.95532167095
 25193.95093703102
 25189.33790091926
 25185.09525841353
 25181.20263122694
 25177.64021770767
 25174.38879283915
 25171.42970823995
 25168.7448921638
 25166.31684949963
 25164.12866177151
 25162.16398713869
 25160.40706039562
 25158.84269297188
 25157.45627293223
 25156.23376497663
 25155.16171044018
 25154.22722729316
 25153.41801014101
 25152.72233022438
 25152.12903541904
 25151.62755023597
 25151.20787582129
 25150.86058995632
 25150.57684705753
 25150.34837817658
 25150.16749100028
 25150.02706985062
 25149.92057568476
 25149.84204609504
 25149.78609530895
 25149.74791418918
 25149.72327023356
 25149.70850757513
 25149.70054698205
 25149.69688585769
 25149.69559824058
 25149.69533480442
 25149.69532285807
 25149.69536634559
 25149.69584584618
 25149.69771857423
 25149.70251837929
 25149.71235574609
 25149.72991779453
 25149.75846827967
 25149.80184759175
 25149.86447275618
 25149.95133743354
 25150.06801191958
 25150.22064314523
 25150.41595467657
 25150.66124671488
 25150.96439609658
 25151.33385629329
 25151.77865741178
 25152.308406194
 25152.93328601707
 25153.66405689327
 25154.51205547008
 25155.48919503011
 25156.60796549118
 25157.88143340626
 25159.32324196349
 25160.94761098618
 25162.76933693284
 25164.8037928971
 25167.06692860781
 25169.57527042895
 25172.34592135972
 25175.39656103442
 25178.7454457226
 25182.41140832893
 25186.41385839326
 25190.77278209061
 25195.5087422312
 25200.64287826037
 25206.19690625867
 25212.19311894182
 25218.65438566067
 25225.6041524013
 25233.06644178492
 25241.06585306793
 25249.6275621419
 25258.77732153352
 25268.54146040477
 25278.94688455268
 25290.02107640943
 25301.79209504261


# name: QUERY
# type: sq_string
# elements: 1
# length: 2
R5


# name: DATASIZE
# type: sq_string
# elements: 1
# length: 3
250


