# Created by Octave 4.0.0, Mon May 09 11:23:52 2016 CEST <peter@Independence>
# name: y
# type: matrix
# rows: 100
# columns: 1
 263430.5187792051
 262714.8174921692
 262027.6490820193
 261368.4331403567
 260736.5892587826
 260131.537028898
 259552.6960423042
 258999.4858906024
 258471.3261653938
 257967.6364582794
 257487.8363608606
 257031.3454647385
 256597.5833615142
 256185.969642789
 255795.9239001639
 255426.8657252403
 255078.2147096192
 254749.3904449019
 254439.8125226895
 254148.9005345832
 253876.0740721842
 253620.7527270937
 253382.3560909128
 253160.3037552427
 252954.0153116847
 252762.9103518398
 252586.4084673092
 252423.9292496942
 252274.8922905959
 252138.7171816155
 252014.8235143542
 251902.6308804131
 251801.5588713934
 251711.0270788963
 251630.455094523
 251559.2625098747
 251496.8689165525
 251442.6939061577
 251396.1570702913
 251356.6780005546
 251323.6762885487
 251296.5715258749
 251274.7833041343
 251257.731214928
 251244.8348498573
 251235.5138005234
 251229.1876585274
 251225.2760154705
 251223.1984629538
 251222.3745925787
 251222.2239959461
 251222.1662646574
 251221.6209903136
 251220.0077645161
 251216.7461788658
 251211.2558249641
 251202.9562944121
 251191.267178811
 251175.6080697619
 251155.3985588661
 251130.0582377247
 251099.0066979389
 251061.6635311098
 251017.4483288387
 250965.7806827268
 250906.0801843751
 250837.766425385
 250760.2589973575
 250672.9774918938
 250575.3415005951
 250466.7706150627
 250346.6844268976
 250214.5025277011
 250069.6445090743
 249911.5299626185
 249739.5784799347
 249553.2096526242
 249351.8430722881
 249134.8983305276
 248901.795018944
 248651.9527291384
 248384.7910527119
 248099.7295812657
 247796.1879064011
 247473.5856197191
 247131.342312821
 246768.877577308
 246385.6110047812
 245980.9621868418
 245554.350715091
 245105.19618113
 244632.9181765599
 244136.9362929819
 243616.6701219972
 243071.5392552071
 242500.9632842125
 241904.3618006148
 241281.1543960151
 240630.7606620146
 239952.6001902145


