# Created by Octave 3.8.2, Wed May 18 21:50:29 2016 CEST <Andrea@Andreas-MacBook-Pro.local>
# name: SVs
# type: cell
# rows: 1
# columns: 7
# name: <cell-element>
# type: sparse matrix
# nnz: 18
# rows: 3
# columns: 13
1 3 -1.156145066144767
2 3 2.496741741389656
3 3 0.1080614457423727
1 4 1.249439772041188
2 4 1.933434590330738
3 4 -0.1236032104308987
1 5 2.165614271797522
2 5 -0.244570780161219
3 5 0.6602539751625572
1 6 2.165614271797522
2 6 -0.244570780161219
3 6 0.6602539751625572
1 7 -1.580124616951897
2 7 1.767979489299264
3 7 0.5576099247254569
1 8 -1.580124616951897
2 8 1.767979489299264
3 8 0.5576099247254569



# name: <cell-element>
# type: sparse matrix
# nnz: 42
# rows: 7
# columns: 13
1 3 -1.402109931428248
2 3 -1.071511994219268
3 3 -1.156145066144767
4 3 2.496741741389656
5 3 0.5382795613636585
6 3 0.1080614457423727
7 3 -0.9586678983186026
1 4 -1.532834669943091
2 4 0.6387999747788782
3 4 1.249439772041188
4 4 1.933434590330738
5 4 0.50839104850823
6 4 -0.1236032104308987
7 4 -2.076639892491694
1 5 -2.01802730059582
2 5 1.530226221392381
3 5 2.165614271797522
4 5 -0.244570780161219
5 5 0.19242606463219
6 5 0.6602539751625572
7 5 -0.6426936725036805
1 6 -2.01802730059582
2 6 1.530226221392381
3 6 2.165614271797522
4 6 -0.244570780161219
5 6 0.19242606463219
6 6 0.6602539751625572
7 6 -0.6426936725036805
1 7 -0.1406561006164496
2 7 -2.233573747489543
3 7 -1.580124616951897
4 7 1.767979489299264
5 7 -0.7464676926208954
6 7 0.5576099247254569
7 7 0.1881055962343852
1 8 -0.1406561006164496
2 8 -2.233573747489543
3 8 -1.580124616951897
4 8 1.767979489299264
5 8 -0.7464676926208954
6 8 0.5576099247254569
7 8 0.1881055962343852



# name: <cell-element>
# type: sparse matrix
# nnz: 42
# rows: 7
# columns: 13
1 3 -1.402109931428248
2 3 0.694321787726297
3 3 -1.156145066144767
4 3 2.496741741389656
5 3 0.5382795613636585
6 3 0.1080614457423727
7 3 -0.9586678983186026
1 4 -1.532834669943091
2 4 0.6422232090934827
3 4 1.249439772041188
4 4 1.933434590330738
5 4 0.50839104850823
6 4 -0.1236032104308987
7 4 -2.076639892491694
1 5 -2.01802730059582
2 5 0.6455086828535772
3 5 2.165614271797522
4 5 -0.244570780161219
5 5 0.19242606463219
6 5 0.6602539751625572
7 5 -0.6426936725036805
1 6 -2.01802730059582
2 6 0.6455086828535772
3 6 2.165614271797522
4 6 -0.244570780161219
5 6 0.19242606463219
6 6 0.6602539751625572
7 6 -0.6426936725036805
1 7 -0.1406561006164496
2 7 1.325765233573308
3 7 -1.580124616951897
4 7 1.767979489299264
5 7 -0.7464676926208954
6 7 0.5576099247254569
7 7 0.1881055962343852
1 8 -0.1406561006164496
2 8 1.325765233573308
3 8 -1.580124616951897
4 8 1.767979489299264
5 8 -0.7464676926208954
6 8 0.5576099247254569
7 8 0.1881055962343852



# name: <cell-element>
# type: sparse matrix
# nnz: 42
# rows: 7
# columns: 13
1 3 -1.402109931428248
2 3 0.694321787726297
3 3 -1.156145066144767
4 3 2.496741741389656
5 3 0.5382795613636585
6 3 0.1080614457423727
7 3 -0.9586678983186026
1 4 -1.532834669943091
2 4 0.6422232090934827
3 4 1.249439772041188
4 4 1.933434590330738
5 4 0.50839104850823
6 4 -0.1236032104308987
7 4 -2.076639892491694
1 5 -2.01802730059582
2 5 0.6455086828535772
3 5 2.165614271797522
4 5 -0.244570780161219
5 5 0.19242606463219
6 5 0.6602539751625572
7 5 -0.6426936725036805
1 6 -2.01802730059582
2 6 0.6455086828535772
3 6 2.165614271797522
4 6 -0.244570780161219
5 6 0.19242606463219
6 6 0.6602539751625572
7 6 -0.6426936725036805
1 7 -0.1406561006164496
2 7 1.325765233573308
3 7 -1.580124616951897
4 7 1.767979489299264
5 7 -0.7464676926208954
6 7 0.5576099247254569
7 7 0.1881055962343852
1 8 -0.1406561006164496
2 8 1.325765233573308
3 8 -1.580124616951897
4 8 1.767979489299264
5 8 -0.7464676926208954
6 8 0.5576099247254569
7 8 0.1881055962343852



# name: <cell-element>
# type: sparse matrix
# nnz: 48
# rows: 8
# columns: 13
1 3 -1.402109931428248
2 3 0.694321787726297
3 3 0.184760167174856
4 3 -1.156145066144767
5 3 2.496741741389656
6 3 0.5382795613636585
7 3 0.1080614457423727
8 3 -0.9586678983186026
1 4 -1.532834669943091
2 4 0.6422232090934827
3 4 -0.5083095429293109
4 4 1.249439772041188
5 4 1.933434590330738
6 4 0.50839104850823
7 4 -0.1236032104308987
8 4 -2.076639892491694
1 5 -2.01802730059582
2 5 0.6455086828535772
3 5 0.2219166492501501
4 5 2.165614271797522
5 5 -0.244570780161219
6 5 0.19242606463219
7 5 0.6602539751625572
8 5 -0.6426936725036805
1 6 -2.01802730059582
2 6 0.6455086828535772
3 6 0.2219166492501501
4 6 2.165614271797522
5 6 -0.244570780161219
6 6 0.19242606463219
7 6 0.6602539751625572
8 6 -0.6426936725036805
1 7 -0.1406561006164496
2 7 1.325765233573308
3 7 1.130827411417713
4 7 -1.580124616951897
5 7 1.767979489299264
6 7 -0.7464676926208954
7 7 0.5576099247254569
8 7 0.1881055962343852
1 8 -0.1406561006164496
2 8 1.325765233573308
3 8 1.130827411417713
4 8 -1.580124616951897
5 8 1.767979489299264
6 8 -0.7464676926208954
7 8 0.5576099247254569
8 8 0.1881055962343852



# name: <cell-element>
# type: sparse matrix
# nnz: 42
# rows: 7
# columns: 13
1 3 -1.402109931428248
2 3 0.694321787726297
3 3 -1.156145066144767
4 3 2.496741741389656
5 3 0.5382795613636585
6 3 0.1080614457423727
7 3 -0.9586678983186026
1 4 -1.532834669943091
2 4 0.6422232090934827
3 4 1.249439772041188
4 4 1.933434590330738
5 4 0.50839104850823
6 4 -0.1236032104308987
7 4 -2.076639892491694
1 5 -2.01802730059582
2 5 0.6455086828535772
3 5 2.165614271797522
4 5 -0.244570780161219
5 5 0.19242606463219
6 5 0.6602539751625572
7 5 -0.6426936725036805
1 6 -2.01802730059582
2 6 0.6455086828535772
3 6 2.165614271797522
4 6 -0.244570780161219
5 6 0.19242606463219
6 6 0.6602539751625572
7 6 -0.6426936725036805
1 7 -0.1406561006164496
2 7 1.325765233573308
3 7 -1.580124616951897
4 7 1.767979489299264
5 7 -0.7464676926208954
6 7 0.5576099247254569
7 7 0.1881055962343852
1 8 -0.1406561006164496
2 8 1.325765233573308
3 8 -1.580124616951897
4 8 1.767979489299264
5 8 -0.7464676926208954
6 8 0.5576099247254569
7 8 0.1881055962343852



# name: <cell-element>
# type: scalar
0





# name: coefficients
# type: cell
# rows: 1
# columns: 7
# name: <cell-element>
# type: matrix
# rows: 3
# columns: 1
 0.0437819422275918
 0.1256325121381275
 -0.1694144543657193



# name: <cell-element>
# type: matrix
# rows: 7
# columns: 1
 -0.7370535999028706
 -1.167486730951387
 0.9438246300211668
 1.843826963875686
 5
 -3.920423847055263
 -1.962687415987332



# name: <cell-element>
# type: matrix
# rows: 7
# columns: 1
 -0.35789
 0.1797827178934407
 0.07048296719678299
 0.35789
 0.35789
 -0.35789
 -0.2502656850902237



# name: <cell-element>
# type: matrix
# rows: 7
# columns: 1
 -0.7484934266192397
 1.015822571781105
 0.1003475651404071
 0.7639232896977275
 1.1316
 -1.1316
 -1.1316



# name: <cell-element>
# type: matrix
# rows: 8
# columns: 1
 -0.8025558886855813
 0.87368
 0.2532471751706826
 0.05387747420988757
 0.4954312393050113
 0.87368
 -0.87368
 -0.87368



# name: <cell-element>
# type: matrix
# rows: 7
# columns: 1
 -0.1
 0.06400950277362778
 0.1
 0.1
 0.03599049722637222
 -0.1
 -0.1



# name: <cell-element>
# type: scalar
0





# name: b
# type: cell
# rows: 1
# columns: 7
# name: <cell-element>
# type: scalar
-0.005974048036932331



# name: <cell-element>
# type: scalar
-0.2265681552847522



# name: <cell-element>
# type: scalar
-0.252124149303739



# name: <cell-element>
# type: scalar
-0.2441671071587196



# name: <cell-element>
# type: scalar
-0.2648645755022759



# name: <cell-element>
# type: scalar
-0.1858851547024682



# name: <cell-element>
# type: scalar
0





# name: models
# type: cell
# rows: 1
# columns: 7
# name: <cell-element>
# type: scalar struct
# ndims: 2
 1 1
# length: 11
# name: Parameters
# type: matrix
# rows: 5
# columns: 1
 3
 0
 3
 0.07692307692307693
 0


# name: nr_class
# type: scalar
2


# name: totalSV
# type: scalar
3


# name: rho
# type: scalar
0.005974048036932331


# name: Label
# type: matrix
# rows: 0
# columns: 0


# name: sv_indices
# type: matrix
# rows: 3
# columns: 1
 7
 8
 11


