# Created by Octave 3.8.2, Wed May 18 21:50:12 2016 CEST <Andrea@Andreas-MacBook-Pro.local>
# name: mu
# type: matrix
# rows: 1
# columns: 14
 239119.7 25 1 87540.85000000001 135809.25 3389.45 3389.45 40853.8 40853.8 1826 1826 1 50 8


# name: sigma
# type: matrix
# rows: 1
# columns: 14
 7589.802959095496 0 0 2268.616695953262 6134.54939686947 746.0008095804835 746.0008095804835 3190.760998158342 3190.760998158342 0 0 0 0 0


