# Created by Octave 4.0.0, Mon May 09 11:28:55 2016 CEST <peter@Independence>
# name: y
# type: matrix
# rows: 1
# columns: 100
 459920.2738301231 459210.0521789407 458499.8305277582 457789.6088765758 457079.3872253934 456369.165574211 455658.9439230286 454948.7222718461 454238.5006206637 453528.2789694814 452818.0573182989 452107.8356671165 451397.6140159341 450687.3923647517 449977.1707135693 449266.9490623868 448556.7274112044 447846.505760022 447136.2841088396 446426.0624576572 445715.8408064747 445005.6191552923 444295.3975041099 443585.1758529275 442874.9542017451 442164.7325505627 441454.5108993803 440744.2892481979 440034.0675970154 439323.845945833 438613.6242946506 437903.4026434682 437193.1809922858 436482.9593411033 435772.7376899209 435062.5160387385 434352.2943875561 433642.0727363737 432931.8510851912 432221.6294340088 431511.4077828265 430801.186131644 430090.9644804616 429380.7428292792 428670.5211780968 427960.2995269144 427250.0778757319 426539.8562245495 425829.6345733671 425119.4129221847 424409.1912710023 423698.9696198198 422988.7479686374 422278.526317455 421568.3046662726 420858.0830150902 420147.8613639078 419437.6397127254 418727.418061543 418017.1964103605 417306.9747591781 416596.7531079957 415886.5314568133 415176.3098056309 414466.0881544484 413755.866503266 413045.6448520836 412335.4232009012 411625.2015497188 410914.9798985363 410204.758247354 409494.5365961716 408784.3149449891 408074.0932938067 407363.8716426243 406653.6499914419 405943.4283402595 405233.206689077 404522.9850378946 403812.7633867122 403102.5417355298 402392.3200843474 401682.098433165 400971.8767819825 400261.6551308002 399551.4334796177 398841.2118284353 398130.9901772529 397420.7685260705 396710.5468748881 396000.3252237056 395290.1035725232 394579.8819213408 393869.6602701584 393159.438618976 392449.2169677936 391738.9953166111 391028.7736654287 390318.5520142463 389608.3303630639


