# Created by Octave 4.0.0, Mon May 09 11:27:53 2016 CEST <peter@Independence>
# name: y
# type: matrix
# rows: 1
# columns: 100
 52498.13916942666 52537.75572910114 52577.37228877562 52616.9888484501 52656.60540812457 52696.22196779906 52735.83852747353 52775.45508714802 52815.07164682249 52854.68820649698 52894.30476617145 52933.92132584593 52973.53788552041 53013.15444519489 53052.77100486937 53092.38756454385 53132.00412421833 53171.62068389281 53211.23724356729 53250.85380324177 53290.47036291625 53330.08692259073 53369.70348226521 53409.32004193969 53448.93660161416 53488.55316128865 53528.16972096313 53567.78628063761 53607.40284031209 53647.01939998657 53686.63595966105 53726.25251933552 53765.86907901001 53805.48563868448 53845.10219835897 53884.71875803344 53924.33531770793 53963.9518773824 54003.56843705689 54043.18499673136 54082.80155640584 54122.41811608032 54162.0346757548 54201.65123542928 54241.26779510376 54280.88435477824 54320.50091445272 54360.1174741272 54399.73403380168 54439.35059347616 54478.96715315064 54518.58371282512 54558.2002724996 54597.81683217407 54637.43339184856 54677.04995152303 54716.66651119752 54756.28307087199 54795.89963054648 54835.51619022095 54875.13274989543 54914.74930956991 54954.36586924439 54993.98242891887 55033.59898859335 55073.21554826783 55112.83210794231 55152.44866761679 55192.06522729127 55231.68178696575 55271.29834664023 55310.91490631471 55350.53146598919 55390.14802566367 55429.76458533815 55469.38114501263 55508.99770468711 55548.61426436159 55588.23082403607 55627.84738371055 55667.46394338502 55707.08050305951 55746.69706273398 55786.31362240847 55825.93018208294 55865.54674175743 55905.1633014319 55944.77986110638 55984.39642078086 56024.01298045534 56063.62954012982 56103.2460998043 56142.86265947878 56182.47921915326 56222.09577882774 56261.71233850222 56301.3288981767 56340.94545785118 56380.56201752566 56420.17857720014


