# Created by Octave 4.0.0, Mon May 09 11:28:29 2016 CEST <peter@Independence>
# name: y
# type: matrix
# rows: 1
# columns: 100
 183689.0640251083 183529.7816664455 183370.4993077827 183211.2169491199 183051.9345904572 182892.6522317944 182733.3698731316 182574.0875144688 182414.805155806 182255.5227971433 182096.2404384805 181936.9580798177 181777.6757211549 181618.3933624921 181459.1110038294 181299.8286451666 181140.5462865038 180981.263927841 180821.9815691782 180662.6992105154 180503.4168518527 180344.1344931899 180184.8521345271 180025.5697758643 179866.2874172016 179707.0050585388 179547.722699876 179388.4403412132 179229.1579825504 179069.8756238876 178910.5932652249 178751.3109065621 178592.0285478993 178432.7461892365 178273.4638305737 178114.181471911 177954.8991132482 177795.6167545854 177636.3343959226 177477.0520372599 177317.7696785971 177158.4873199343 176999.2049612715 176839.9226026087 176680.6402439459 176521.3578852832 176362.0755266204 176202.7931679576 176043.5108092948 175884.228450632 175724.9460919693 175565.6637333065 175406.3813746437 175247.0990159809 175087.8166573182 174928.5342986554 174769.2519399926 174609.9695813298 174450.687222667 174291.4048640042 174132.1225053415 173972.8401466787 173813.5577880159 173654.2754293531 173494.9930706903 173335.7107120276 173176.4283533648 173017.145994702 172857.8636360392 172698.5812773764 172539.2989187136 172380.0165600509 172220.7342013881 172061.4518427253 171902.1694840625 171742.8871253997 171583.604766737 171424.3224080742 171265.0400494114 171105.7576907486 170946.4753320859 170787.1929734231 170627.9106147603 170468.6282560975 170309.3458974347 170150.0635387719 169990.7811801092 169831.4988214464 169672.2164627836 169512.9341041208 169353.651745458 169194.3693867953 169035.0870281325 168875.8046694697 168716.5223108069 168557.2399521441 168397.9575934813 168238.6752348186 168079.3928761558 167920.110517493


