# Created by Octave 3.8.2, Mon May 23 11:07:12 2016 CEST <Andrea@Andreas-MacBook-Pro.local>
# name: x
# type: matrix
# rows: 1
# columns: 100
 60 60.6060606060606 61.21212121212121 61.81818181818182 62.42424242424243 63.03030303030303 63.63636363636364 64.24242424242425 64.84848484848484 65.45454545454545 66.06060606060606 66.66666666666667 67.27272727272728 67.87878787878788 68.48484848484848 69.09090909090909 69.6969696969697 70.30303030303031 70.90909090909091 71.51515151515152 72.12121212121212 72.72727272727273 73.33333333333333 73.93939393939394 74.54545454545455 75.15151515151516 75.75757575757576 76.36363636363636 76.96969696969697 77.57575757575758 78.18181818181819 78.78787878787878 79.39393939393939 80 80.60606060606061 81.21212121212122 81.81818181818183 82.42424242424242 83.03030303030303 83.63636363636364 84.24242424242425 84.84848484848484 85.45454545454545 86.06060606060606 86.66666666666667 87.27272727272728 87.87878787878788 88.48484848484848 89.09090909090909 89.6969696969697 90.30303030303031 90.90909090909091 91.51515151515152 92.12121212121212 92.72727272727273 93.33333333333334 93.93939393939394 94.54545454545455 95.15151515151516 95.75757575757576 96.36363636363636 96.96969696969697 97.57575757575758 98.18181818181819 98.7878787878788 99.39393939393939 100 100.6060606060606 101.2121212121212 101.8181818181818 102.4242424242424 103.030303030303 103.6363636363636 104.2424242424242 104.8484848484849 105.4545454545455 106.0606060606061 106.6666666666667 107.2727272727273 107.8787878787879 108.4848484848485 109.0909090909091 109.6969696969697 110.3030303030303 110.9090909090909 111.5151515151515 112.1212121212121 112.7272727272727 113.3333333333333 113.9393939393939 114.5454545454545 115.1515151515152 115.7575757575758 116.3636363636364 116.969696969697 117.5757575757576 118.1818181818182 118.7878787878788 119.3939393939394 120


# name: y
# type: matrix
# rows: 1
# columns: 100
 417735.3651353993 417755.3321909645 417775.2992465298 417795.2663020951 417815.2333576604 417835.2004132256 417855.1674687909 417875.1345243562 417895.1015799215 417915.0686354868 417935.035691052 417955.0027466173 417974.9698021826 417994.9368577478 418014.9039133131 418034.8709688784 418054.8380244437 418074.8050800089 418094.7721355742 418114.7391911395 418134.7062467047 418154.6733022701 418174.6403578353 418194.6074134006 418214.5744689659 418234.5415245311 418254.5085800964 418274.4756356617 418294.442691227 418314.4097467922 418334.3768023575 418354.3438579228 418374.310913488 418394.2779690533 418414.2450246186 418434.2120801839 418454.1791357492 418474.1461913144 418494.1132468797 418514.080302445 418534.0473580103 418554.0144135755 418573.9814691408 418593.9485247061 418613.9155802713 418633.8826358366 418653.8496914019 418673.8167469671 418693.7838025324 418713.7508580977 418733.717913663 418753.6849692283 418773.6520247936 418793.6190803588 418813.5861359241 418833.5531914894 418853.5202470546 418873.4873026199 418893.4543581852 418913.4214137504 418933.3884693157 418953.355524881 418973.3225804463 418993.2896360116 419013.2566915769 419033.2237471421 419053.1908027074 419073.1578582727 419093.1249138379 419113.0919694032 419133.0590249685 419153.0260805337 419172.993136099 419192.9601916643 419212.9272472296 419232.8943027948 419252.8613583602 419272.8284139254 419292.7954694907 419312.762525056 419332.7295806212 419352.6966361865 419372.6636917518 419392.630747317 419412.5978028823 419432.5648584476 419452.5319140129 419472.4989695781 419492.4660251434 419512.4330807087 419532.400136274 419552.3671918393 419572.3342474045 419592.3013029698 419612.2683585351 419632.2354141003 419652.2024696656 419672.1695252309 419692.1365807962 419712.1036363614


# name: TRAIN_QUERIES
# type: cell
# rows: 1
# columns: 1
# name: <cell-element>
# type: sq_string
# elements: 1
# length: 2
R5





# name: TEST_QUERIES
# type: cell
# rows: 1
# columns: 1
# name: <cell-element>
# type: sq_string
# elements: 1
# length: 2
R2





# name: DATASIZE
# type: sq_string
# elements: 1
# length: 4
1000


