# Created by Octave 3.8.2, Wed May 18 21:54:30 2016 CEST <Andrea@Andreas-MacBook-Pro.local>
# name: SVs
# type: cell
# rows: 1
# columns: 7
# name: <cell-element>
# type: sparse matrix
# nnz: 77
# rows: 7
# columns: 20
1 2 -1.161532625670458
2 2 2.263597878236359
3 2 0.5752305151104764
4 2 -0.5294837694954903
5 2 -0.429788467526085
6 2 1.510559577923764
7 2 0.310666930596197
1 3 -1.355088671228513
2 3 0.04141308374216034
3 3 1.125773427753526
4 3 -0.09302842901849509
5 3 0.1209933788190586
6 3 1.147591797085227
7 3 0.8251087312981762
1 4 1.035518589838188
2 4 0.7418640643616874
3 4 -0.1390995120678161
4 4 0.7418640643616874
5 4 -1.607372139450322
6 4 -1.901026664926823
7 4 0.7418640643616874
1 5 1.920363080160706
2 5 1.373041774259338
3 5 0.7686706905441465
4 5 0.1874760790658209
5 5 -0.5791303103074308
6 5 0.2124353568593686
7 5 -1.128234421765481
1 6 2.117814926009105
2 6 1.440759423067373
3 6 0.8877926398370908
4 6 -0.07632524695324663
5 6 -1.038727621489509
6 6 -0.8614580219017243
7 6 -1.199413935954565
1 7 0.9691087906598753
2 7 -0.6602567061169766
3 7 0.1178428874609037
4 7 -0.9860459472378242
5 7 1.506640073950643
6 7 1.122359714250184
7 7 -0.4854122871370622
1 8 -0.2748644498816169
2 8 0.0599526442038132
3 8 0.4534199709722776
4 8 -0.7198488729257195
5 8 0.8193234496479647
6 8 0.5907108309615426
7 8 -0.4885062884537509
1 12 1.594965687103836
2 12 -0.7100179604161794
3 12 -0.3762125882409961
4 12 -0.6826804514880394
5 12 1.920138161722765
6 12 -1.068283209000751
7 12 -0.8898699928381532
1 13 1.594965687103836
2 13 -0.7100179604161794
3 13 -0.3762125882409961
4 13 -0.6826804514880394
5 13 1.920138161722765
6 13 -1.068283209000751
7 13 -0.8898699928381532
1 14 2.739189030315674
2 14 0.4012877615264851
3 14 0.01465509833642167
4 14 -0.15854919968321
5 14 -2.119717741986856
6 14 -0.1028955014523912
7 14 -0.6027977107212044
1 15 2.739189030315674
2 15 0.4012877615264851
3 15 0.01465509833642167
4 15 -0.15854919968321
5 15 -2.119717741986856
6 15 -0.1028955014523912
7 15 -0.6027977107212044



# name: <cell-element>
# type: sparse matrix
# nnz: 88
# rows: 8
# columns: 20
1 2 -1.639037631866962
2 2 -1.161532625670458
3 2 2.263597878236359
4 2 -0.5294837694954903
5 2 -0.429788467526085
6 2 1.510559577923764
7 2 0.4955388012384922
8 2 1.483457942436935
1 3 -2.297314320229316
2 3 -1.355088671228513
3 3 0.04141308374216034
4 3 -0.09302842901849509
5 3 0.1209933788190586
6 3 1.147591797085227
7 3 0.7650766862005477
8 3 -0.3778022900068253
1 4 1.622827640791191
2 4 1.035518589838188
3 4 0.7418640643616874
4 4 0.7418640643616874
5 4 -1.607372139450322
6 4 -1.901026664926823
7 4 -1.02006308849732
8 4 -0.4327540375443173
1 5 0.7651050794307825
2 5 1.920363080160706
3 5 1.373041774259338
4 5 0.1874760790658209
5 5 -0.5791303103074308
6 5 0.2124353568593686
7 5 -0.1619538100438473
8 5 0.2837475791266478
1 6 0.6293221268897405
2 6 2.117814926009105
3 6 1.440759423067373
4 6 -0.07632524695324663
5 6 -1.038727621489509
6 6 -0.8614580219017243
7 6 -0.5572405155123651
8 6 -0.3113504257615674
1 7 -0.7603624735784983
2 7 0.9691087906598753
3 7 -0.6602567061169766
4 7 -0.9860459472378242
5 7 1.506640073950643
6 7 1.122359714250184
7 7 0.6424809671938002
8 7 -0.2160177087327577
1 8 -2.788546494483015
2 8 -0.2748644498816169
3 8 0.0599526442038132
4 8 -0.7198488729257195
5 8 0.8193234496479647
6 8 0.5907108309615426
7 8 0.1447577103806331
8 8 -0.4832224837075316
1 12 1.075553017469176
2 12 1.594965687103836
3 12 -0.7100179604161794
4 12 -0.6826804514880394
5 12 1.920138161722765
6 12 -1.068283209000751
7 12 -0.1603901493346276
8 12 -0.8682877489475163
1 13 1.075553017469176
2 13 1.594965687103836
3 13 -0.7100179604161794
4 13 -0.6826804514880394
5 13 1.920138161722765
6 13 -1.068283209000751
7 13 -0.1603901493346276
8 13 -0.8682877489475163
1 14 -0.9247686251655248
2 14 2.739189030315674
3 14 0.4012877615264851
4 14 -0.15854919968321
5 14 -2.119717741986856
6 14 -0.1028955014523912
7 14 -1.410222278162875
8 14 -0.00790962226036865
1 15 -0.9247686251655248
2 15 2.739189030315674
3 15 0.4012877615264851
4 15 -0.15854919968321
5 15 -2.119717741986856
6 15 -0.1028955014523912
7 15 -1.410222278162875
8 15 -0.00790962226036865



# name: <cell-element>
# type: sparse matrix
# nnz: 110
# rows: 10
# columns: 20
1 2 -1.639037631866962
2 2 -1.161532625670458
3 2 2.263597878236359
4 2 0.5752305151104764
5 2 -0.5294837694954903
6 2 -0.429788467526085
7 2 1.510559577923764
8 2 0.310666930596197
9 2 0.4955388012384922
10 2 1.483457942436935
1 3 -2.297314320229316
2 3 -1.355088671228513
3 3 0.04141308374216034
4 3 1.125773427753526
5 3 -0.09302842901849509
6 3 0.1209933788190586
7 3 1.147591797085227
8 3 0.8251087312981762
9 3 0.7650766862005477
10 3 -0.3778022900068253
1 4 1.622827640791191
2 4 1.035518589838188
3 4 0.7418640643616874
4 4 -0.1390995120678161
5 4 0.7418640643616874
6 4 -1.607372139450322
7 4 -1.901026664926823
8 4 0.7418640643616874
9 4 -1.02006308849732
10 4 -0.4327540375443173
1 5 0.7651050794307825
2 5 1.920363080160706
3 5 1.373041774259338
4 5 0.7686706905441465
5 5 0.1874760790658209
6 5 -0.5791303103074308
7 5 0.2124353568593686
8 5 -1.128234421765481
9 5 -0.1619538100438473
10 5 0.2837475791266478
1 6 0.6293221268897405
2 6 2.117814926009105
3 6 1.440759423067373
4 6 0.8877926398370908
5 6 -0.07632524695324663
6 6 -1.038727621489509
7 6 -0.8614580219017243
8 6 -1.199413935954565
9 6 -0.5572405155123651
10 6 -0.3113504257615674
1 7 -0.7603624735784983
2 7 0.9691087906598753
3 7 -0.6602567061169766
4 7 0.1178428874609037
5 7 -0.9860459472378242
6 7 1.506640073950643
7 7 1.122359714250184
8 7 -0.4854122871370622
9 7 0.6424809671938002
10 7 -0.2160177087327577
1 8 -2.788546494483015
2 8 -0.2748644498816169
3 8 0.0599526442038132
4 8 0.4534199709722776
5 8 -0.7198488729257195
6 8 0.8193234496479647
7 8 0.5907108309615426
8 8 -0.4885062884537509
9 8 0.1447577103806331
10 8 -0.4832224837075316
1 12 1.075553017469176
2 12 1.594965687103836
3 12 -0.7100179604161794
4 12 -0.3762125882409961
5 12 -0.6826804514880394
6 12 1.920138161722765
7 12 -1.068283209000751
8 12 -0.8898699928381532
9 12 -0.1603901493346276
10 12 -0.8682877489475163
1 13 1.075553017469176
2 13 1.594965687103836
3 13 -0.7100179604161794
4 13 -0.3762125882409961
5 13 -0.6826804514880394
6 13 1.920138161722765
7 13 -1.068283209000751
8 13 -0.8898699928381532
9 13 -0.1603901493346276
10 13 -0.8682877489475163
1 14 -0.9247686251655248
2 14 2.739189030315674
3 14 0.4012877615264851
4 14 0.01465509833642167
5 14 -0.15854919968321
6 14 -2.119717741986856
7 14 -0.1028955014523912
8 14 -0.6027977107212044
9 14 -1.410222278162875
10 14 -0.00790962226036865
1 15 -0.9247686251655248
2 15 2.739189030315674
3 15 0.4012877615264851
4 15 0.01465509833642167
5 15 -0.15854919968321
6 15 -2.119717741986856
7 15 -0.1028955014523912
8 15 -0.6027977107212044
9 15 -1.410222278162875
10 15 -0.00790962226036865



# name: <cell-element>
# type: sparse matrix
# nnz: 44
# rows: 4
# columns: 20
1 2 -1.161532625670458
2 2 2.263597878236359
3 2 -0.429788467526085
4 2 0.4955388012384922
1 3 -1.355088671228513
2 3 0.04141308374216034
3 3 0.1209933788190586
4 3 0.7650766862005477
1 4 1.035518589838188
2 4 0.7418640643616874
3 4 -1.607372139450322
4 4 -1.02006308849732
1 5 1.920363080160706
2 5 1.373041774259338
3 5 -0.5791303103074308
4 5 -0.1619538100438473
1 6 2.117814926009105
2 6 1.440759423067373
3 6 -1.038727621489509
4 6 -0.5572405155123651
1 7 0.9691087906598753
2 7 -0.6602567061169766
3 7 1.506640073950643
4 7 0.6424809671938002
1 8 -0.2748644498816169
2 8 0.0599526442038132
3 8 0.8193234496479647
4 8 0.1447577103806331
1 12 1.594965687103836
2 12 -0.7100179604161794
3 12 1.920138161722765
4 12 -0.1603901493346276
1 13 1.594965687103836
2 13 -0.7100179604161794
3 13 1.920138161722765
4 13 -0.1603901493346276
1 14 2.739189030315674
2 14 0.4012877615264851
3 14 -2.119717741986856
4 14 -1.410222278162875
1 15 2.739189030315674
2 15 0.4012877615264851
3 15 -2.119717741986856
4 15 -1.410222278162875



