# Created by Octave 3.8.2, Wed May 18 21:54:20 2016 CEST <Andrea@Andreas-MacBook-Pro.local>
# name: mu
# type: matrix
# rows: 1
# columns: 21
 330478.5789473684 50 70365.10526315789 118975.6315789474 20.47368421052632 2732.842105263158 5868.473684210527 49536.78947368421 85025.21052631579 21063902 21222333 1 960.4736842105264 960.4736842105264 29689.68421052632 29689.68421052632 5069 5069 1 50 12


# name: sigma
# type: matrix
# rows: 1
# columns: 21
 19277.20035953754 0 3099.443944658763 7929.098521063108 3.405362128771355 560.9136656838351 1748.748802506811 9539.909879489005 11355.45367056409 0 0 0 695.0157766731353 695.0157766731353 11212.19289708323 11212.19289708323 0 0 0 0 0


