# Created by Octave 4.0.0, Sun May 22 18:36:06 2016 CEST <peter@Independence>
# name: x
# type: matrix
# rows: 1
# columns: 100
 60 60.6060606060606 61.21212121212121 61.81818181818181 62.42424242424242 63.03030303030303 63.63636363636364 64.24242424242425 64.84848484848484 65.45454545454545 66.06060606060606 66.66666666666666 67.27272727272727 67.87878787878788 68.48484848484848 69.09090909090909 69.6969696969697 70.3030303030303 70.90909090909091 71.51515151515152 72.12121212121212 72.72727272727272 73.33333333333333 73.93939393939394 74.54545454545455 75.15151515151516 75.75757575757575 76.36363636363636 76.96969696969697 77.57575757575758 78.18181818181819 78.78787878787878 79.39393939393939 80 80.60606060606061 81.21212121212122 81.81818181818181 82.42424242424242 83.03030303030303 83.63636363636364 84.24242424242425 84.84848484848484 85.45454545454545 86.06060606060606 86.66666666666667 87.27272727272728 87.87878787878788 88.48484848484848 89.09090909090909 89.6969696969697 90.30303030303031 90.90909090909091 91.51515151515152 92.12121212121212 92.72727272727273 93.33333333333334 93.93939393939394 94.54545454545455 95.15151515151516 95.75757575757576 96.36363636363637 96.96969696969697 97.57575757575758 98.18181818181819 98.7878787878788 99.39393939393941 100 100.6060606060606 101.2121212121212 101.8181818181818 102.4242424242424 103.030303030303 103.6363636363636 104.2424242424242 104.8484848484849 105.4545454545455 106.0606060606061 106.6666666666667 107.2727272727273 107.8787878787879 108.4848484848485 109.0909090909091 109.6969696969697 110.3030303030303 110.9090909090909 111.5151515151515 112.1212121212121 112.7272727272727 113.3333333333333 113.9393939393939 114.5454545454545 115.1515151515152 115.7575757575758 116.3636363636364 116.969696969697 117.5757575757576 118.1818181818182 118.7878787878788 119.3939393939394 120


# name: y
# type: matrix
# rows: 100
# columns: 1
 37620.94887198962
 37571.15356944984
 37521.08412359087
 37470.75457590208
 37420.17946136985
 37369.3738065988
 37318.35312728069
 37267.13342500073
 37215.73118337176
 37164.16336348775
 37112.44739868942
 37060.60118863548
 37008.64309267425
 36956.59192251172
 36904.46693417274
 36852.2878192541
 36800.07469546842
 36747.84809647995
 36695.62896103398
 36643.43862138312
 36591.29879101487
 36539.23155168637
 36487.25933977329
 36435.40493194127
 36383.6914301494
 36332.14224599711
 36280.78108442626
 36229.63192679244
 36178.71901331986
 36128.06682495654
 36077.70006464667
 36027.64363803891
 35977.92263365073
 35928.56230250951
 35879.58803729275
 35831.02535099075
 35782.89985511629
 35735.23723748665
 35688.06323960472
 35641.40363366681
 35595.28419922548
 35549.73069953699
 35504.76885762363
 35460.42433208197
 35416.72269266914
 35373.68939569923
 35331.34975928361
 35289.72893844847
 35248.85190016436
 35208.74339832213
 35169.42794869083
 35130.92980389306
 35093.27292843327
 35056.48097381575
 35020.57725378777
 34985.5847197447
 34951.52593633311
 34918.4230572882
 34886.29780154155
 34855.17142963527
 34825.06472047803
 34795.9979484783
 34767.99086108974
 34741.06265680317
 34715.23196361896
 34690.51681803312
 34666.93464456973
 34644.5022358916
 34623.2357335202
 34603.15060919506
 34584.26164690202
 34566.58292559856
 34550.12780266355
 34534.9088980976
 34520.93807949917
 34508.22644784019
 34496.78432406383
 34486.6212365259
 34477.74590929991
 34470.1662513643
 34463.88934668937
 34458.92144523955
 34455.26795490562
 34452.93343437942
 34451.92158698304
 34452.23525546168
 34453.87641774898
 34456.84618371123
 34461.14479287594
 34466.77161314801
 34473.72514051573
 34482.00299974684
 34491.60194607353
 34502.51786786353
 34514.74579027297
 34528.27987987502
 34543.11345025681
 34559.23896857562
 34576.64806306383
 34595.33153147036


# name: QUERY
# type: sq_string
# elements: 1
# length: 2
R5


# name: DATASIZE
# type: sq_string
# elements: 1
# length: 4
1000


