# Created by Octave 4.0.0, Wed May 18 23:41:27 2016 CEST <peter@Independence>
# name: x
# type: matrix
# rows: 1
# columns: 100
 60 60.6060606060606 61.21212121212121 61.81818181818181 62.42424242424242 63.03030303030303 63.63636363636364 64.24242424242425 64.84848484848484 65.45454545454545 66.06060606060606 66.66666666666666 67.27272727272727 67.87878787878788 68.48484848484848 69.09090909090909 69.6969696969697 70.3030303030303 70.90909090909091 71.51515151515152 72.12121212121212 72.72727272727272 73.33333333333333 73.93939393939394 74.54545454545455 75.15151515151516 75.75757575757575 76.36363636363636 76.96969696969697 77.57575757575758 78.18181818181819 78.78787878787878 79.39393939393939 80 80.60606060606061 81.21212121212122 81.81818181818181 82.42424242424242 83.03030303030303 83.63636363636364 84.24242424242425 84.84848484848484 85.45454545454545 86.06060606060606 86.66666666666667 87.27272727272728 87.87878787878788 88.48484848484848 89.09090909090909 89.6969696969697 90.30303030303031 90.90909090909091 91.51515151515152 92.12121212121212 92.72727272727273 93.33333333333334 93.93939393939394 94.54545454545455 95.15151515151516 95.75757575757576 96.36363636363637 96.96969696969697 97.57575757575758 98.18181818181819 98.7878787878788 99.39393939393941 100 100.6060606060606 101.2121212121212 101.8181818181818 102.4242424242424 103.030303030303 103.6363636363636 104.2424242424242 104.8484848484849 105.4545454545455 106.0606060606061 106.6666666666667 107.2727272727273 107.8787878787879 108.4848484848485 109.0909090909091 109.6969696969697 110.3030303030303 110.9090909090909 111.5151515151515 112.1212121212121 112.7272727272727 113.3333333333333 113.9393939393939 114.5454545454545 115.1515151515152 115.7575757575758 116.3636363636364 116.969696969697 117.5757575757576 118.1818181818182 118.7878787878788 119.3939393939394 120


# name: y
# type: matrix
# rows: 100
# columns: 1
 38378.7199563969
 38311.16025246106
 38243.34482781876
 38175.29824511555
 38107.04575024844
 38038.61326192075
 37970.02736011994
 37901.31527351517
 37832.50486577383
 37763.62462079733
 37694.70362687938
 37625.77155979114
 37556.85866480033
 37487.99573763274
 37419.21410438741
 37350.545600418
 37282.0225481958
 37213.67773417075
 37145.54438465038
 37077.65614071712
 37010.04703220767
 36942.75145077929
 36875.80412209033
 36809.24007712431
 36743.09462268838
 36677.40331111923
 36612.20190923135
 36547.52636654416
 36483.41278282644
 36419.89737499799
 36357.01644343054
 36294.80633769049
 36233.30342176919
 36172.54403884588
 36112.56447563155
 36053.4009263421
 35995.08945635086
 35937.66596557142
 35881.16615162283
 35825.62547283
 35771.07911111302
 35717.56193482003
 35665.10846155809
 35613.75282107825
 35563.52871827005
 35514.46939632207
 35466.60760010467
 35419.9755398312
 35374.60485505425
 35330.5265790529
 35287.77110366699
 35246.36814463377
 35206.34670748212
 35167.73505403847
 35130.56066959836
 35094.8502308161
 35060.62957436485
 35027.92366641758
 34996.75657299865
 34967.15143125471
 34939.13042169153
 34912.71474142285
 34887.92457847481
 34864.77908718876
 34843.29636476306
 34823.49342897252
 34805.38619710279
 34788.98946613444
 34774.31689420978
 34761.38098341343
 34750.19306389508
 34740.76327936089
 34733.10057395792
 34727.21268057329
 34723.10611056723
 34720.78614495754
 34720.25682706954
 34721.52095666402
 34724.58008555225
 34729.43451470566
 34736.0832928642
 34744.52421664571
 34754.75383215555
 34766.76743809333
 34780.55909035132
 34796.12160809625
 34813.44658132378
 34832.52437987263
 34853.34416388303
 34875.89389568113
 34900.16035306938
 34926.12914400038
 34953.78472260895
 34983.1104065759
 35014.08839579374
 35046.6997923036
 35080.92462146982
 35116.74185435691
 35154.12943127218
 35193.0642864349


# name: QUERY
# type: sq_string
# elements: 1
# length: 2
R5


# name: DATASIZE
# type: sq_string
# elements: 1
# length: 4
1000


