# Created by Octave 4.0.0, Sun May 22 18:36:06 2016 CEST <peter@Independence>
# name: x
# type: matrix
# rows: 1
# columns: 100
 60 60.6060606060606 61.21212121212121 61.81818181818181 62.42424242424242 63.03030303030303 63.63636363636364 64.24242424242425 64.84848484848484 65.45454545454545 66.06060606060606 66.66666666666666 67.27272727272727 67.87878787878788 68.48484848484848 69.09090909090909 69.6969696969697 70.3030303030303 70.90909090909091 71.51515151515152 72.12121212121212 72.72727272727272 73.33333333333333 73.93939393939394 74.54545454545455 75.15151515151516 75.75757575757575 76.36363636363636 76.96969696969697 77.57575757575758 78.18181818181819 78.78787878787878 79.39393939393939 80 80.60606060606061 81.21212121212122 81.81818181818181 82.42424242424242 83.03030303030303 83.63636363636364 84.24242424242425 84.84848484848484 85.45454545454545 86.06060606060606 86.66666666666667 87.27272727272728 87.87878787878788 88.48484848484848 89.09090909090909 89.6969696969697 90.30303030303031 90.90909090909091 91.51515151515152 92.12121212121212 92.72727272727273 93.33333333333334 93.93939393939394 94.54545454545455 95.15151515151516 95.75757575757576 96.36363636363637 96.96969696969697 97.57575757575758 98.18181818181819 98.7878787878788 99.39393939393941 100 100.6060606060606 101.2121212121212 101.8181818181818 102.4242424242424 103.030303030303 103.6363636363636 104.2424242424242 104.8484848484849 105.4545454545455 106.0606060606061 106.6666666666667 107.2727272727273 107.8787878787879 108.4848484848485 109.0909090909091 109.6969696969697 110.3030303030303 110.9090909090909 111.5151515151515 112.1212121212121 112.7272727272727 113.3333333333333 113.9393939393939 114.5454545454545 115.1515151515152 115.7575757575758 116.3636363636364 116.969696969697 117.5757575757576 118.1818181818182 118.7878787878788 119.3939393939394 120


# name: y
# type: matrix
# rows: 1
# columns: 100
 37010.36550381486 37030.36419314049 37050.36288246612 37070.36157179175 37090.36026111738 37110.35895044301 37130.35763976864 37150.35632909427 37170.3550184199 37190.35370774553 37210.35239707115 37230.35108639678 37250.34977572241 37270.34846504804 37290.34715437367 37310.3458436993 37330.34453302493 37350.34322235056 37370.34191167619 37390.34060100182 37410.33929032744 37430.33797965307 37450.33666897871 37470.33535830434 37490.33404762996 37510.33273695559 37530.33142628122 37550.33011560685 37570.32880493248 37590.3274942581 37610.32618358374 37630.32487290937 37650.323562235 37670.32225156062 37690.32094088625 37710.31963021188 37730.31831953751 37750.31700886314 37770.31569818877 37790.3143875144 37810.31307684003 37830.31176616566 37850.31045549129 37870.30914481691 37890.30783414254 37910.30652346817 37930.30521279381 37950.30390211943 37970.30259144506 37990.30128077069 38010.29997009632 38030.29865942195 38050.29734874758 38070.2960380732 38090.29472739883 38110.29341672447 38130.2921060501 38150.29079537572 38170.28948470135 38190.28817402698 38210.28686335261 38230.28555267824 38250.28424200387 38270.2829313295 38290.28162065513 38310.28030998076 38330.27899930639 38350.27768863201 38370.27637795764 38390.27506728327 38410.27375660891 38430.27244593453 38450.27113526016 38470.26982458579 38490.26851391142 38510.26720323705 38530.26589256267 38550.2645818883 38570.26327121393 38590.26196053957 38610.26064986519 38630.25933919082 38650.25802851645 38670.25671784208 38690.25540716771 38710.25409649334 38730.25278581897 38750.2514751446 38770.25016447023 38790.24885379586 38810.24754312148 38830.24623244711 38850.24492177274 38870.24361109837 38890.242300424 38910.24098974963 38930.23967907526 38950.23836840089 38970.23705772652 38990.23574705215


# name: QUERY
# type: sq_string
# elements: 1
# length: 2
R5


# name: DATASIZE
# type: sq_string
# elements: 1
# length: 4
1000


