# Created by Octave 4.0.0, Wed May 18 23:41:26 2016 CEST <peter@Independence>
# name: x
# type: matrix
# rows: 1
# columns: 100
 60 60.6060606060606 61.21212121212121 61.81818181818181 62.42424242424242 63.03030303030303 63.63636363636364 64.24242424242425 64.84848484848484 65.45454545454545 66.06060606060606 66.66666666666666 67.27272727272727 67.87878787878788 68.48484848484848 69.09090909090909 69.6969696969697 70.3030303030303 70.90909090909091 71.51515151515152 72.12121212121212 72.72727272727272 73.33333333333333 73.93939393939394 74.54545454545455 75.15151515151516 75.75757575757575 76.36363636363636 76.96969696969697 77.57575757575758 78.18181818181819 78.78787878787878 79.39393939393939 80 80.60606060606061 81.21212121212122 81.81818181818181 82.42424242424242 83.03030303030303 83.63636363636364 84.24242424242425 84.84848484848484 85.45454545454545 86.06060606060606 86.66666666666667 87.27272727272728 87.87878787878788 88.48484848484848 89.09090909090909 89.6969696969697 90.30303030303031 90.90909090909091 91.51515151515152 92.12121212121212 92.72727272727273 93.33333333333334 93.93939393939394 94.54545454545455 95.15151515151516 95.75757575757576 96.36363636363637 96.96969696969697 97.57575757575758 98.18181818181819 98.7878787878788 99.39393939393941 100 100.6060606060606 101.2121212121212 101.8181818181818 102.4242424242424 103.030303030303 103.6363636363636 104.2424242424242 104.8484848484849 105.4545454545455 106.0606060606061 106.6666666666667 107.2727272727273 107.8787878787879 108.4848484848485 109.0909090909091 109.6969696969697 110.3030303030303 110.9090909090909 111.5151515151515 112.1212121212121 112.7272727272727 113.3333333333333 113.9393939393939 114.5454545454545 115.1515151515152 115.7575757575758 116.3636363636364 116.969696969697 117.5757575757576 118.1818181818182 118.7878787878788 119.3939393939394 120


# name: y
# type: matrix
# rows: 1
# columns: 100
 36227.36482007348 36261.38418279944 36295.4035455254 36329.42290825135 36363.44227097731 36397.46163370326 36431.48099642922 36465.50035915518 36499.51972188114 36533.53908460709 36567.55844733305 36601.57781005901 36635.59717278496 36669.61653551092 36703.63589823688 36737.65526096283 36771.67462368879 36805.69398641475 36839.71334914071 36873.73271186667 36907.75207459262 36941.77143731857 36975.79080004453 37009.81016277049 37043.82952549645 37077.8488882224 37111.86825094836 37145.88761367432 37179.90697640028 37213.92633912623 37247.94570185219 37281.96506457814 37315.9844273041 37350.00379003006 37384.02315275602 37418.04251548197 37452.06187820793 37486.08124093388 37520.10060365984 37554.1199663858 37588.13932911176 37622.15869183771 37656.17805456367 37690.19741728963 37724.21678001559 37758.23614274155 37792.2555054675 37826.27486819345 37860.29423091941 37894.31359364537 37928.33295637133 37962.35231909728 37996.37168182324 38030.3910445492 38064.41040727515 38098.42977000111 38132.44913272707 38166.46849545302 38200.48785817898 38234.50722090494 38268.5265836309 38302.54594635685 38336.56530908281 38370.58467180876 38404.60403453472 38438.62339726068 38472.64275998664 38506.66212271259 38540.68148543855 38574.70084816451 38608.72021089047 38642.73957361642 38676.75893634238 38710.77829906833 38744.79766179429 38778.81702452025 38812.83638724621 38846.85574997216 38880.87511269812 38914.89447542407 38948.91383815003 38982.93320087599 39016.95256360195 39050.9719263279 39084.99128905386 39119.01065177982 39153.03001450578 39187.04937723173 39221.06873995769 39255.08810268364 39289.1074654096 39323.12682813556 39357.14619086152 39391.16555358747 39425.18491631343 39459.20427903939 39493.22364176534 39527.2430044913 39561.26236721726 39595.28172994321


# name: QUERY
# type: sq_string
# elements: 1
# length: 2
R5


# name: DATASIZE
# type: sq_string
# elements: 1
# length: 4
1000


