# Created by Octave 4.0.0, Sun May 22 18:36:06 2016 CEST <peter@Independence>
# name: x
# type: matrix
# rows: 1
# columns: 100
 60 60.6060606060606 61.21212121212121 61.81818181818181 62.42424242424242 63.03030303030303 63.63636363636364 64.24242424242425 64.84848484848484 65.45454545454545 66.06060606060606 66.66666666666666 67.27272727272727 67.87878787878788 68.48484848484848 69.09090909090909 69.6969696969697 70.3030303030303 70.90909090909091 71.51515151515152 72.12121212121212 72.72727272727272 73.33333333333333 73.93939393939394 74.54545454545455 75.15151515151516 75.75757575757575 76.36363636363636 76.96969696969697 77.57575757575758 78.18181818181819 78.78787878787878 79.39393939393939 80 80.60606060606061 81.21212121212122 81.81818181818181 82.42424242424242 83.03030303030303 83.63636363636364 84.24242424242425 84.84848484848484 85.45454545454545 86.06060606060606 86.66666666666667 87.27272727272728 87.87878787878788 88.48484848484848 89.09090909090909 89.6969696969697 90.30303030303031 90.90909090909091 91.51515151515152 92.12121212121212 92.72727272727273 93.33333333333334 93.93939393939394 94.54545454545455 95.15151515151516 95.75757575757576 96.36363636363637 96.96969696969697 97.57575757575758 98.18181818181819 98.7878787878788 99.39393939393941 100 100.6060606060606 101.2121212121212 101.8181818181818 102.4242424242424 103.030303030303 103.6363636363636 104.2424242424242 104.8484848484849 105.4545454545455 106.0606060606061 106.6666666666667 107.2727272727273 107.8787878787879 108.4848484848485 109.0909090909091 109.6969696969697 110.3030303030303 110.9090909090909 111.5151515151515 112.1212121212121 112.7272727272727 113.3333333333333 113.9393939393939 114.5454545454545 115.1515151515152 115.7575757575758 116.3636363636364 116.969696969697 117.5757575757576 118.1818181818182 118.7878787878788 119.3939393939394 120


# name: y
# type: matrix
# rows: 100
# columns: 1
 37820.30697210111
 37828.19981031693
 37836.09264853275
 37843.98548674858
 37851.87832496442
 37859.77116318024
 37867.66400139607
 37875.5568396119
 37883.44967782773
 37891.34251604356
 37899.23535425938
 37907.12819247521
 37915.02103069104
 37922.91386890687
 37930.8067071227
 37938.69954533852
 37946.59238355436
 37954.48522177018
 37962.37805998601
 37970.27089820184
 37978.16373641766
 37986.05657463349
 37993.94941284932
 38001.84225106515
 38009.73508928098
 38017.6279274968
 38025.52076571264
 38033.41360392846
 38041.3064421443
 38049.19928036012
 38057.09211857595
 38064.98495679178
 38072.87779500761
 38080.77063322344
 38088.66347143926
 38096.55630965509
 38104.44914787092
 38112.34198608675
 38120.23482430258
 38128.1276625184
 38136.02050073423
 38143.91333895006
 38151.80617716589
 38159.69901538172
 38167.59185359754
 38175.48469181338
 38183.3775300292
 38191.27036824503
 38199.16320646086
 38207.05604467669
 38214.94888289252
 38222.84172110834
 38230.73455932418
 38238.62739754
 38246.52023575583
 38254.41307397166
 38262.30591218749
 38270.19875040332
 38278.09158861914
 38285.98442683497
 38293.8772650508
 38301.77010326663
 38309.66294148246
 38317.55577969828
 38325.44861791412
 38333.34145612994
 38341.23429434577
 38349.1271325616
 38357.01997077743
 38364.91280899326
 38372.80564720908
 38380.69848542491
 38388.59132364074
 38396.48416185657
 38404.3770000724
 38412.26983828822
 38420.16267650406
 38428.05551471988
 38435.94835293571
 38443.84119115154
 38451.73402936737
 38459.6268675832
 38467.51970579902
 38475.41254401485
 38483.30538223068
 38491.19822044651
 38499.09105866234
 38506.98389687816
 38514.876735094
 38522.76957330982
 38530.66241152565
 38538.55524974148
 38546.44808795731
 38554.34092617314
 38562.23376438896
 38570.1266026048
 38578.01944082062
 38585.91227903645
 38593.80511725228
 38601.69795546811


# name: QUERY
# type: sq_string
# elements: 1
# length: 2
R5


# name: DATASIZE
# type: sq_string
# elements: 1
# length: 4
1000


