# Created by Octave 4.0.0, Wed May 18 23:41:26 2016 CEST <peter@Independence>
# name: x
# type: matrix
# rows: 1
# columns: 100
 60 60.6060606060606 61.21212121212121 61.81818181818181 62.42424242424242 63.03030303030303 63.63636363636364 64.24242424242425 64.84848484848484 65.45454545454545 66.06060606060606 66.66666666666666 67.27272727272727 67.87878787878788 68.48484848484848 69.09090909090909 69.6969696969697 70.3030303030303 70.90909090909091 71.51515151515152 72.12121212121212 72.72727272727272 73.33333333333333 73.93939393939394 74.54545454545455 75.15151515151516 75.75757575757575 76.36363636363636 76.96969696969697 77.57575757575758 78.18181818181819 78.78787878787878 79.39393939393939 80 80.60606060606061 81.21212121212122 81.81818181818181 82.42424242424242 83.03030303030303 83.63636363636364 84.24242424242425 84.84848484848484 85.45454545454545 86.06060606060606 86.66666666666667 87.27272727272728 87.87878787878788 88.48484848484848 89.09090909090909 89.6969696969697 90.30303030303031 90.90909090909091 91.51515151515152 92.12121212121212 92.72727272727273 93.33333333333334 93.93939393939394 94.54545454545455 95.15151515151516 95.75757575757576 96.36363636363637 96.96969696969697 97.57575757575758 98.18181818181819 98.7878787878788 99.39393939393941 100 100.6060606060606 101.2121212121212 101.8181818181818 102.4242424242424 103.030303030303 103.6363636363636 104.2424242424242 104.8484848484849 105.4545454545455 106.0606060606061 106.6666666666667 107.2727272727273 107.8787878787879 108.4848484848485 109.0909090909091 109.6969696969697 110.3030303030303 110.9090909090909 111.5151515151515 112.1212121212121 112.7272727272727 113.3333333333333 113.9393939393939 114.5454545454545 115.1515151515152 115.7575757575758 116.3636363636364 116.969696969697 117.5757575757576 118.1818181818182 118.7878787878788 119.3939393939394 120


# name: y
# type: matrix
# rows: 100
# columns: 1
 37458.30609673194
 37465.24954231816
 37472.19298790438
 37479.1364334906
 37486.07987907682
 37493.02332466304
 37499.96677024926
 37506.91021583547
 37513.85366142169
 37520.79710700791
 37527.74055259413
 37534.68399818035
 37541.62744376656
 37548.57088935278
 37555.51433493901
 37562.45778052522
 37569.40122611144
 37576.34467169766
 37583.28811728388
 37590.2315628701
 37597.17500845632
 37604.11845404254
 37611.06189962875
 37618.00534521497
 37624.94879080119
 37631.89223638741
 37638.83568197363
 37645.77912755985
 37652.72257314607
 37659.66601873229
 37666.60946431851
 37673.55290990472
 37680.49635549094
 37687.43980107716
 37694.38324666338
 37701.3266922496
 37708.27013783582
 37715.21358342204
 37722.15702900825
 37729.10047459447
 37736.04392018069
 37742.98736576691
 37749.93081135313
 37756.87425693935
 37763.81770252556
 37770.76114811179
 37777.70459369801
 37784.64803928422
 37791.59148487044
 37798.53493045666
 37805.47837604288
 37812.4218216291
 37819.36526721532
 37826.30871280153
 37833.25215838775
 37840.19560397397
 37847.1390495602
 37854.08249514641
 37861.02594073263
 37867.96938631885
 37874.91283190507
 37881.85627749129
 37888.79972307751
 37895.74316866372
 37902.68661424994
 37909.63005983616
 37916.57350542238
 37923.5169510086
 37930.46039659482
 37937.40384218103
 37944.34728776725
 37951.29073335347
 37958.23417893969
 37965.17762452591
 37972.12107011213
 37979.06451569835
 37986.00796128457
 37992.95140687079
 37999.89485245701
 38006.83829804322
 38013.78174362944
 38020.72518921566
 38027.66863480188
 38034.6120803881
 38041.55552597432
 38048.49897156053
 38055.44241714675
 38062.38586273297
 38069.32930831919
 38076.27275390541
 38083.21619949163
 38090.15964507785
 38097.10309066407
 38104.04653625029
 38110.9899818365
 38117.93342742272
 38124.87687300894
 38131.82031859516
 38138.76376418138
 38145.7072097676


# name: QUERY
# type: sq_string
# elements: 1
# length: 2
R5


# name: DATASIZE
# type: sq_string
# elements: 1
# length: 4
1000


