# Created by Octave 4.0.0, Wed May 18 23:40:43 2016 CEST <peter@Independence>
# name: SVs
# type: cell
# rows: 1
# columns: 7
# name: <cell-element>
# type: sparse matrix
# nnz: 224
# rows: 32
# columns: 7
1 1 -0.01148365014764728
2 1 -0.5073420731051562
3 1 -0.7791179110314855
4 1 -0.2408654855005102
5 1 0.6350248890977155
6 1 1.773228154619265
7 1 -0.6352811165857959
8 1 -0.04857840239943039
9 1 -0.8218904314850722
10 1 1.933341217910124
11 1 -0.774954214350163
12 1 0.02901776302521795
13 1 -0.6977365668056349
14 1 -0.7147698714110454
15 1 -0.7106061747297229
16 1 -0.7374809442182596
17 1 2.673722191425306
18 1 -0.7424016766598227
19 1 -0.7681408925079987
20 1 0.09033765960469615
21 1 -0.6598847787936113
22 1 -0.003913292545242566
23 1 1.552173712629047
24 1 -0.1670544988770642
25 1 2.361066422445991
26 1 0.1050998569293854
27 1 1.418178383066483
28 1 -0.5323242531930917
29 1 -0.05084950968015181
30 1 -0.7473224091013857
31 1 -0.6716188330773386
32 1 -0.08945833345241587
1 2 1.835381334201006
2 2 -0.4919468950140198
3 2 -0.8544988937269964
4 2 -0.3912753752724449
5 2 3.157115429694511
6 2 1.489869503640278
7 2 -0.695980487363314
8 2 -0.231860117953381
9 2 -0.9139152695210216
10 2 1.622155019559052
11 2 -0.827593365065551
12 2 -0.1892596975727592
13 2 -0.6569674708042181
14 2 -0.6784918937333745
15 2 -0.5906005001059862
16 2 -0.6401515153908148
17 2 2.649273576209729
18 2 -0.6067438173028534
19 2 -0.6226629217608753
20 2 -0.01616746318412715
21 2 -0.6726623625233946
22 2 2.20533235329588
23 2 0.9914445851870026
24 2 -0.3939659281385895
25 2 1.806682103628798
26 2 0.0255361062411132
27 2 0.8479484323259606
28 2 -0.3971049064824248
29 2 -0.2193042045780398
30 2 -0.6997921039236854
31 2 -0.7284913344958939
32 2 -0.2755816020282298
1 3 0.9915334197196217
2 3 0.1296695622642186
3 3 -0.7892294034051451
4 3 -0.02242405963967611
5 3 1.067580230671569
6 3 2.753284540106402
7 3 -0.8969623855870705
8 3 -0.7131825924531978
9 3 -0.2505644924955182
10 3 1.346418537495376
11 3 -0.8906251513410749
12 3 0.0979833910342405
13 3 -0.6624847184852329
14 3 -0.7575432321751671
15 3 -0.1174825733296103
16 3 -0.4850421595973558
17 3 1.029556825195596
18 3 -0.3646347089234391
19 3 -0.0160868253936805
20 3 0.1296695622642186
21 3 -0.6244613130092592
22 3 1.206999384083473
23 3 1.035894059441591
24 3 -0.6371357815012505
25 3 -0.953997493801031
26 3 -0.4026581143994128
27 3 1.561884501859227
28 3 -0.7195198266991935
29 3 -0.4089953486454084
30 3 -1.004695367768996
31 3 -0.4470187541213821
32 3 -0.6307985472552549
1 4 -0.1295296219742033
2 4 1.195944274907267
3 4 -1.327407612115647
4 4 0.4970234126148823
5 4 -0.6894280784155139
6 4 1.696805819274833
7 4 -0.8341637338221112
8 4 -0.02478671345627109
9 4 -0.6722883297489431
10 4 2.363351600752584
11 4 -1.213142621005175
12 4 0.3694275058748557
13 4 -0.8379725668591269
14 4 -0.6418176654528174
15 4 0.005683950839854652
16 4 -0.2856917764918478
17 4 1.329253431202817
18 4 -0.9427154753770591
19 4 0.3941849206154579
20 4 0.1447063566909284
21 4 -0.552310089082948
22 4 -0.3599640207136543
23 4 0.4817880804668194
24 4 -0.5294570908608537
25 4 -0.2133239487885491
26 4 0.2589713478013999
27 4 1.660621905423184
28 4 0.1504196062464519
29 4 0.7998256390576318
30 4 -1.260753033967872
31 4 -0.5161261752312987
32 4 -0.5351703404163773
1 5 2.63307234278055
2 5 -0.1086828415446808
3 5 -0.6690673994424796
4 5 -0.02020106924502837
5 5 4.405657181183587
6 5 0.4924033316109581
7 5 -0.6578597082845237
8 5 -0.5109799662671006
9 5 -0.5304459561730241
10 5 1.681598351318287
11 5 -0.5953325891927692
12 5 -0.1717998391184329
13 5 -0.4136500167374829
14 5 -0.478536649757228
15 5 -0.2756184519500251
16 5 -0.2355067151741826
17 5 4.026365317259077
18 5 -0.5039014244831284
19 5 -0.247894163296134
20 5 -0.06621159084084764
21 5 -0.4313463711974134
22 5 2.313358205537805
23 5 0.07712888028458931
24 5 -0.3965435407595501
25 5 -0.3776674293356242
26 5 -0.3057022545319069
27 5 0.2552721818478896
28 5 -0.3871054850475872
29 5 -0.3806168217456127
30 5 -0.6631686146225028
31 5 -0.3416848419337656
32 5 -0.4295767357514204
1 6 2.442857335206388
2 6 -0.3220847363843123
3 6 -0.853367535170111
4 6 0.6795915618015016
5 6 3.825012882403884
6 6 0.4574875889124267
7 6 -0.7265411188328835
8 6 -0.4520660387000778
9 6 -0.7360057767684975
10 6 2.346317824263125
11 6 -0.7744953857066611
12 6 -0.1921034340685469
13 6 -0.5170566898579605
14 6 -0.4085286121962535
15 6 -0.4072666578048382
16 6 0.1662916130933696
17 6 4.211486414774789
18 6 -0.6826882037312053
19 6 0.01107122294930012
20 6 -0.1372084180419857
21 6 -0.3517406645825695
22 6 2.356097970796593
23 6 0.1189683234152996
24 6 -0.4044272604241541
25 6 -0.3135665442422598
26 6 -0.07663460725405619
27 6 0.170392964865469
28 6 -0.3056793292959147
29 6 -0.1504589391518453
30 6 -0.8451648316259122
31 6 -0.2996850459366925
32 6 -0.462792651027107
1 7 1.201237204835568
2 7 1.201237204835568
3 7 0.2826440481966044
4 7 -0.6359491084423589
5 7 0.2826440481966044
6 7 -1.554542265081322
7 7 0.2826440481966044
8 7 -0.6359491084423589
9 7 1.201237204835568
10 7 -1.554542265081322
11 7 1.201237204835568
12 7 -0.6359491084423589
13 7 0.2826440481966044
14 7 0.2826440481966044
15 7 0.2826440481966044
16 7 1.201237204835568
17 7 -1.554542265081322
18 7 1.201237204835568
19 7 0.2826440481966044
20 7 -0.6359491084423589
21 7 0.2826440481966044
22 7 1.201237204835568
23 7 -1.554542265081322
24 7 -0.6359491084423589
25 7 1.201237204835568
26 7 -0.6359491084423589
27 7 -1.554542265081322
28 7 1.201237204835568
29 7 -0.6359491084423589
30 7 0.2826440481966044
31 7 1.201237204835568
32 7 -0.6359491084423589



