# Created by Octave 4.0.0, Sun May 22 18:36:06 2016 CEST <peter@Independence>
# name: SVs
# type: cell
# rows: 1
# columns: 7
# name: <cell-element>
# type: sparse matrix
# nnz: 77
# rows: 11
# columns: 7
1 1 -0.5671478981641535
2 1 -0.8309748606079579
3 1 -0.5073420731051562
4 1 1.552173712629047
5 1 -0.04857840239943039
6 1 1.933341217910124
7 1 -0.8218904314850722
8 1 0.6350248890977155
9 1 -0.7424016766598227
10 1 -0.6144626331791829
11 1 -0.8025860195989402
1 2 -0.6175060287674315
2 2 -0.8076384313083124
3 2 -0.4919468950140198
4 2 0.9914445851870026
5 2 -0.231860117953381
6 2 1.622155019559052
7 2 -0.9139152695210216
8 2 3.157115429694511
9 2 -0.6067438173028534
10 2 -0.5740087574314282
11 2 -0.8244543867217157
1 3 0.4718802115479816
2 3 -0.7385315294371803
3 3 0.1296695622642186
4 3 1.035894059441591
5 3 -0.7131825924531978
6 3 1.346418537495376
7 3 -0.2505644924955182
8 3 1.067580230671569
9 3 -0.3646347089234391
10 3 -0.187192150035562
11 3 -1.137777286934904
1 4 0.203743268764672
2 4 -1.237900035745777
3 4 1.195944274907267
4 4 0.4817880804668194
5 4 -0.02478671345627109
6 4 2.363351600752584
7 4 -0.6722883297489431
8 4 -0.6894280784155139
9 4 -0.9427154753770591
10 4 -0.1123898733076326
11 4 -1.293128114782505
1 5 0.1567624753542765
2 5 -0.595922467674767
3 5 -0.1086828415446808
4 5 0.07712888028458931
5 5 -0.5109799662671006
6 5 1.681598351318287
7 5 -0.5304459561730241
8 5 4.405657181183587
9 5 -0.5039014244831284
10 5 -0.1281488314506044
11 5 -0.69443217416838
1 6 0.3694662701112166
2 6 -0.7937401901757428
3 6 -0.3220847363843123
4 6 0.1189683234152996
5 6 -0.4520660387000778
6 6 2.346317824263125
7 6 -0.7360057767684975
8 6 3.825012882403884
9 6 -0.6826882037312053
10 6 0.08899690661918865
11 6 -0.8609392615186022
1 7 1.201237204835568
2 7 1.201237204835568
3 7 1.201237204835568
4 7 -1.554542265081322
5 7 -0.6359491084423589
6 7 -1.554542265081322
7 7 1.201237204835568
8 7 0.2826440481966044
9 7 1.201237204835568
10 7 1.201237204835568
11 7 0.2826440481966044



# name: <cell-element>
# type: sparse matrix
# nnz: 210
# rows: 30
# columns: 7
1 1 -0.6352811165857959
2 1 -0.5304316637924906
3 1 1.566935909953736
4 1 -0.7791179110314855
5 1 -0.8309748606079579
6 1 -0.5073420731051562
7 1 1.552173712629047
8 1 -0.7106061747297229
9 1 -0.04857840239943039
10 1 1.31635707331414
11 1 -0.6371737059863971
12 1 1.933341217910124
13 1 -0.01148365014764728
14 1 -0.5425442359563382
15 1 2.542376487023584
16 1 -0.7098491389694824
17 1 0.02901776302521795
18 1 -0.2427580749011114
19 1 -0.8218904314850722
20 1 0.6350248890977155
21 1 -0.7424016766598227
22 1 2.090804656040143
23 1 -0.5323242531930917
24 1 -0.6137055974189425
25 1 1.579426999997704
26 1 -0.6144626331791829
27 1 -0.05084950968015181
28 1 -0.6148411510593031
29 1 -0.8025860195989402
30 1 -0.1909011253246391
1 2 -0.695980487363314
2 2 -0.5390315701715492
3 2 1.006018413211952
4 2 -0.8544988937269964
5 2 -0.8076384313083124
6 2 -0.4919468950140198
7 2 0.9914445851870026
8 2 -0.5906005001059862
9 2 -0.231860117953381
10 2 0.7053491304203
11 2 -0.6495684504223207
12 2 1.622155019559052
13 2 1.835381334201006
14 2 -0.5190766364143106
15 2 2.292551108706733
16 2 -0.6654875548803425
17 2 -0.1892596975727592
18 2 -0.21347467336806
19 2 -0.9139152695210216
20 2 3.157115429694511
21 2 -0.6067438173028534
22 2 1.637177273061692
23 2 -0.3971049064824248
24 2 -0.5123502542489492
25 2 1.055569428496781
26 2 -0.5740087574314282
27 2 -0.2193042045780398
28 2 -0.4789425561609879
29 2 -0.8244543867217157
30 2 -0.2049545892919356
1 3 -0.8969623855870705
2 3 -0.2569017267415137
3 3 1.270371726543429
4 3 -0.7892294034051451
5 3 -0.7385315294371803
6 3 0.1296695622642186
7 3 1.035894059441591
8 3 -0.1174825733296103
9 3 -0.7131825924531978
10 3 1.251360023805442
11 3 0.05995998555826684
12 3 1.346418537495376
13 3 0.9915334197196217
14 3 -0.3266113034474655
15 3 2.72793560312242
16 3 -1.049056007490965
17 3 0.0979833910342405
18 3 -1.04271877324497
19 3 -0.2505644924955182
20 3 1.067580230671569
21 3 -0.3646347089234391
22 3 2.810319648320363
23 3 -0.7195198266991935
24 3 -0.1935293842815576
25 3 0.5796131937299071
26 3 -0.187192150035562
27 3 -0.4089953486454084
28 3 -0.9159740883250573
29 3 -1.137777286934904
30 3 0.3324610581360781
1 4 -0.8341637338221112
2 4 0.07995619506166116
3 4 0.7769726408355375
4 4 -1.327407612115647
5 4 -1.237900035745777
6 4 1.195944274907267
7 4 0.4817880804668194
8 4 0.005683950839854652
9 4 -0.02478671345627109
10 4 1.234032605277424
11 4 2.089115622087452
12 4 2.363351600752584
13 4 -0.1295296219742033
14 4 -0.4380450979724765
15 4 2.041505209124756
16 4 -1.205524954931144
17 4 0.3694275058748557
18 4 -1.154105708931431
19 4 -0.6722883297489431
20 4 -0.6894280784155139
21 4 -0.9427154753770591
22 4 2.231946860975542
23 4 0.1504196062464519
24 4 0.8626713841683912
25 4 1.262598853055042
26 4 -0.1123898733076326
27 4 0.7998256390576318
28 4 -0.9750905561916927
29 4 -1.293128114782505
30 4 0.7655461417244904
1 5 -0.6578597082845237
2 5 -0.1983443708083286
3 5 0.2275478931939985
4 5 -0.6690673994424796
5 5 -0.595922467674767
6 5 -0.1086828415446808
7 5 0.07712888028458931
8 5 -0.2756184519500251
9 5 -0.5109799662671006
10 5 0.1939248197201305
11 5 -0.2301978088362035
12 5 1.681598351318287
13 5 2.63307234278055
14 5 -0.370588887551652
15 5 1.391968016657425
16 5 -0.6260062702566488
17 5 -0.1717998391184329
18 5 -0.5758665992868457
19 5 -0.5304459561730241
20 5 4.405657181183587
21 5 -0.5039014244831284
22 5 1.110006102262532
23 5 -0.3871054850475872
24 5 -0.4165994091474713
25 5 -0.06326219843085923
26 5 -0.1281488314506044
27 5 -0.3806168217456127
28 5 -0.5546309739349291
29 5 -0.69443217416838
30 5 -0.2815172367700019
1 6 -0.7265411188328835
2 6 -0.0712713010905416
3 6 0.09246728119558044
4 6 -0.853367535170111
5 6 -0.7937401901757428
6 6 -0.3220847363843123
7 6 0.1189683234152996
8 6 -0.4072666578048382
9 6 -0.4520660387000778
10 6 0.2596762380580943
11 6 -0.03656755532662363
12 6 2.346317824263125
13 6 2.442857335206388
14 6 -0.3990639542606395
15 6 1.220339018522914
16 6 -0.6448295719887494
17 6 -0.1921034340685469
18 6 -0.7161299951037081
19 6 -0.7360057767684975
20 6 3.825012882403884
21 6 -0.6826882037312053
22 6 0.6742282556379871
23 6 -0.3056793292959147
24 6 -0.3703544918559437
25 6 -0.09493294592957656
26 6 0.08899690661918865
27 6 -0.1504589391518453
28 6 -0.6176975525733226
29 6 -0.8609392615186022
30 6 -0.01858470524895704
1 7 0.2826440481966044
2 7 1.201237204835568
3 7 -1.554542265081322
4 7 0.2826440481966044
5 7 1.201237204835568
6 7 1.201237204835568
7 7 -1.554542265081322
8 7 0.2826440481966044
9 7 -0.6359491084423589
10 7 -1.554542265081322
11 7 0.2826440481966044
12 7 -1.554542265081322
13 7 1.201237204835568
14 7 1.201237204835568
15 7 -1.554542265081322
16 7 0.2826440481966044
17 7 -0.6359491084423589
18 7 -0.6359491084423589
19 7 1.201237204835568
20 7 0.2826440481966044
21 7 1.201237204835568
22 7 -1.554542265081322
23 7 1.201237204835568
24 7 0.2826440481966044
25 7 -1.554542265081322
26 7 1.201237204835568
27 7 -0.6359491084423589
28 7 0.2826440481966044
29 7 0.2826440481966044
30 7 -0.6359491084423589



