# Created by Octave 4.0.0, Sun May 22 18:36:06 2016 CEST <peter@Independence>
# name: x
# type: matrix
# rows: 1
# columns: 100
 60 60.6060606060606 61.21212121212121 61.81818181818181 62.42424242424242 63.03030303030303 63.63636363636364 64.24242424242425 64.84848484848484 65.45454545454545 66.06060606060606 66.66666666666666 67.27272727272727 67.87878787878788 68.48484848484848 69.09090909090909 69.6969696969697 70.3030303030303 70.90909090909091 71.51515151515152 72.12121212121212 72.72727272727272 73.33333333333333 73.93939393939394 74.54545454545455 75.15151515151516 75.75757575757575 76.36363636363636 76.96969696969697 77.57575757575758 78.18181818181819 78.78787878787878 79.39393939393939 80 80.60606060606061 81.21212121212122 81.81818181818181 82.42424242424242 83.03030303030303 83.63636363636364 84.24242424242425 84.84848484848484 85.45454545454545 86.06060606060606 86.66666666666667 87.27272727272728 87.87878787878788 88.48484848484848 89.09090909090909 89.6969696969697 90.30303030303031 90.90909090909091 91.51515151515152 92.12121212121212 92.72727272727273 93.33333333333334 93.93939393939394 94.54545454545455 95.15151515151516 95.75757575757576 96.36363636363637 96.96969696969697 97.57575757575758 98.18181818181819 98.7878787878788 99.39393939393941 100 100.6060606060606 101.2121212121212 101.8181818181818 102.4242424242424 103.030303030303 103.6363636363636 104.2424242424242 104.8484848484849 105.4545454545455 106.0606060606061 106.6666666666667 107.2727272727273 107.8787878787879 108.4848484848485 109.0909090909091 109.6969696969697 110.3030303030303 110.9090909090909 111.5151515151515 112.1212121212121 112.7272727272727 113.3333333333333 113.9393939393939 114.5454545454545 115.1515151515152 115.7575757575758 116.3636363636364 116.969696969697 117.5757575757576 118.1818181818182 118.7878787878788 119.3939393939394 120


# name: y
# type: matrix
# rows: 100
# columns: 1
 37287.78517347965
 37285.12540426235
 37282.560878123
 37280.08985851181
 37277.71060887897
 37275.42139267467
 37273.22047334909
 37271.10611435243
 37269.07657913487
 37267.13013114663
 37265.26503383788
 37263.47955065881
 37261.77194505963
 37260.1404804905
 37258.58342040164
 37257.09902824323
 37255.68556746547
 37254.34130151853
 37253.06449385262
 37251.85340791793
 37250.70630716464
 37249.62145504296
 37248.59711500307
 37247.63155049516
 37246.72302496942
 37245.86980187605
 37245.07014466523
 37244.32231678716
 37243.62458169203
 37242.97520283004
 37242.37244365137
 37241.8145676062
 37241.29983814475
 37240.82651871719
 37240.39287277372
 37239.99716376454
 37239.63765513981
 37239.31261034976
 37239.02029284456
 37238.7589660744
 37238.52689348948
 37238.32233853998
 37238.14356467611
 37237.98883534805
 37237.85641400599
 37237.74456410012
 37237.65154908065
 37237.57563239774
 37237.51507750161
 37237.46814784243
 37237.43310687041
 37237.40821803572
 37237.39174478858
 37237.38195057915
 37237.37709885764
 37237.37545307424
 37237.37527667914
 37237.37483312254
 37237.37238585461
 37237.36619832556
 37237.35453398558
 37237.33565628485
 37237.30782867356
 37237.26931460192
 37237.21837752011
 37237.15328087832
 37237.07228812675
 37236.97366271558
 37236.85566809501
 37236.71656771522
 37236.55462502642
 37236.36810347878
 37236.15526652251
 37235.91437760779
 37235.64370018482
 37235.34149770378
 37235.00603361487
 37234.63557136829
 37234.22837441421
 37233.78270620284
 37233.29683018435
 37232.76900980896
 37232.19750852684
 37231.58058978819
 37230.9165170432
 37230.20355374205
 37229.43996333495
 37228.62400927209
 37227.75395500365
 37226.82806397982
 37225.84459965082
 37224.8018254668
 37223.69800487797
 37222.53140133453
 37221.30027828666
 37220.00289918456
 37218.63752747841
 37217.20242661842
 37215.69586005476
 37214.11609123763


# name: QUERY
# type: sq_string
# elements: 1
# length: 2
R5


# name: DATASIZE
# type: sq_string
# elements: 1
# length: 4
1000


