# Created by Octave 4.0.0, Wed May 18 23:41:27 2016 CEST <peter@Independence>
# name: x
# type: matrix
# rows: 1
# columns: 100
 60 60.6060606060606 61.21212121212121 61.81818181818181 62.42424242424242 63.03030303030303 63.63636363636364 64.24242424242425 64.84848484848484 65.45454545454545 66.06060606060606 66.66666666666666 67.27272727272727 67.87878787878788 68.48484848484848 69.09090909090909 69.6969696969697 70.3030303030303 70.90909090909091 71.51515151515152 72.12121212121212 72.72727272727272 73.33333333333333 73.93939393939394 74.54545454545455 75.15151515151516 75.75757575757575 76.36363636363636 76.96969696969697 77.57575757575758 78.18181818181819 78.78787878787878 79.39393939393939 80 80.60606060606061 81.21212121212122 81.81818181818181 82.42424242424242 83.03030303030303 83.63636363636364 84.24242424242425 84.84848484848484 85.45454545454545 86.06060606060606 86.66666666666667 87.27272727272728 87.87878787878788 88.48484848484848 89.09090909090909 89.6969696969697 90.30303030303031 90.90909090909091 91.51515151515152 92.12121212121212 92.72727272727273 93.33333333333334 93.93939393939394 94.54545454545455 95.15151515151516 95.75757575757576 96.36363636363637 96.96969696969697 97.57575757575758 98.18181818181819 98.7878787878788 99.39393939393941 100 100.6060606060606 101.2121212121212 101.8181818181818 102.4242424242424 103.030303030303 103.6363636363636 104.2424242424242 104.8484848484849 105.4545454545455 106.0606060606061 106.6666666666667 107.2727272727273 107.8787878787879 108.4848484848485 109.0909090909091 109.6969696969697 110.3030303030303 110.9090909090909 111.5151515151515 112.1212121212121 112.7272727272727 113.3333333333333 113.9393939393939 114.5454545454545 115.1515151515152 115.7575757575758 116.3636363636364 116.969696969697 117.5757575757576 118.1818181818182 118.7878787878788 119.3939393939394 120


# name: y
# type: matrix
# rows: 100
# columns: 1
 36466.5620777476
 36465.30345438176
 36464.15448880706
 36463.10740088854
 36462.15483204306
 36461.28982972883
 36460.50583222576
 36459.79665370639
 36459.15646959778
 36458.57980223399
 36458.06150679943
 36457.59675756282
 36457.18103440208
 36456.81010961979
 36456.48003504957
 36456.18712945304
 36455.92796620772
 36455.6993612855
 36455.49836152197
 36455.32223317649
 36455.16845078299
 36455.0346862915
 36454.91879850051
 36454.81882277997
 36454.73296108513
 36454.65957226113
 36454.59716263827
 36454.54437691807
 36454.49998935014
 36454.46289519971
 36454.43210250593
 36454.406724131
 36454.3859700999
 36454.36914023107
 36454.35561705766
 36454.34485903964
 36454.33639406658
 36454.3298132513
 36454.32476501414
 36454.32094945807
 36454.31811303452
 36454.31604349992
 36454.31456516311
 36454.31353442337
 36454.31283559929
 36454.31237704831
 36454.31208757713
 36454.31191314272
 36454.31181384424
 36454.31176120559
 36454.31173574876
 36454.31172485791
 36454.31172093428
 36454.31171984172
 36454.31171964305
 36454.31171962721
 36454.31171962706
 36454.31171962801
 36454.31171966738
 36454.31172002447
 36454.31172170146
 36454.31172719501
 36454.31174155859
 36454.31177375566
 36454.31183830343
 36454.31195720758
 36454.31216218756
 36454.31249719272
 36454.31302120921
 36454.31381135753
 36454.314966281
 36454.31660982477
 36454.3188950058
 36454.3220082734
 36454.32617406066
 36454.33165962657
 36454.33878018885
 36454.34790434767
 36454.35945979993
 36454.37393934446
 36454.3919071779
 36454.41400548132
 36454.44096129759
 36454.47359369953
 36454.51282124885
 36454.55966974571
 36454.61528026914
 36454.68091750821
 36454.7579783839
 36454.84800096177
 36454.95267365529
 36455.07384472009
 36455.21353203877
 36455.3739331966
 36455.55743584791
 36455.76662837323
 36456.00431082724
 36456.27350617735
 36456.57747183318
 36456.91971146669


# name: QUERY
# type: sq_string
# elements: 1
# length: 2
R5


# name: DATASIZE
# type: sq_string
# elements: 1
# length: 4
1000


