# Created by Octave 4.0.0, Wed May 18 23:41:26 2016 CEST <peter@Independence>
# name: x
# type: matrix
# rows: 1
# columns: 100
 60 60.6060606060606 61.21212121212121 61.81818181818181 62.42424242424242 63.03030303030303 63.63636363636364 64.24242424242425 64.84848484848484 65.45454545454545 66.06060606060606 66.66666666666666 67.27272727272727 67.87878787878788 68.48484848484848 69.09090909090909 69.6969696969697 70.3030303030303 70.90909090909091 71.51515151515152 72.12121212121212 72.72727272727272 73.33333333333333 73.93939393939394 74.54545454545455 75.15151515151516 75.75757575757575 76.36363636363636 76.96969696969697 77.57575757575758 78.18181818181819 78.78787878787878 79.39393939393939 80 80.60606060606061 81.21212121212122 81.81818181818181 82.42424242424242 83.03030303030303 83.63636363636364 84.24242424242425 84.84848484848484 85.45454545454545 86.06060606060606 86.66666666666667 87.27272727272728 87.87878787878788 88.48484848484848 89.09090909090909 89.6969696969697 90.30303030303031 90.90909090909091 91.51515151515152 92.12121212121212 92.72727272727273 93.33333333333334 93.93939393939394 94.54545454545455 95.15151515151516 95.75757575757576 96.36363636363637 96.96969696969697 97.57575757575758 98.18181818181819 98.7878787878788 99.39393939393941 100 100.6060606060606 101.2121212121212 101.8181818181818 102.4242424242424 103.030303030303 103.6363636363636 104.2424242424242 104.8484848484849 105.4545454545455 106.0606060606061 106.6666666666667 107.2727272727273 107.8787878787879 108.4848484848485 109.0909090909091 109.6969696969697 110.3030303030303 110.9090909090909 111.5151515151515 112.1212121212121 112.7272727272727 113.3333333333333 113.9393939393939 114.5454545454545 115.1515151515152 115.7575757575758 116.3636363636364 116.969696969697 117.5757575757576 118.1818181818182 118.7878787878788 119.3939393939394 120


# name: y
# type: matrix
# rows: 100
# columns: 1
 36623.2855776353
 36597.22736217392
 36571.63996922955
 36546.52339880222
 36521.8776508919
 36497.70272549861
 36473.99862262234
 36450.76534226309
 36428.00288442087
 36405.71124909567
 36383.89043628749
 36362.54044599634
 36341.66127822221
 36321.25293296509
 36301.31541022501
 36281.84871000195
 36262.85283229591
 36244.32777710689
 36226.27354443489
 36208.69013427992
 36191.57754664198
 36174.93578152105
 36158.76483891715
 36143.06471883027
 36127.83542126042
 36113.07694620758
 36098.78929367177
 36084.97246365298
 36071.62645615121
 36058.75127116647
 36046.34690869875
 36034.41336874806
 36022.95065131439
 36011.95875639773
 36001.43768399811
 35991.3874341155
 35981.80800674992
 35972.69940190137
 35964.06161956983
 35955.89465975531
 35948.19852245782
 35940.97320767736
 35934.21871541392
 35927.93504566749
 35922.1221984381
 35916.78017372572
 35911.90897153036
 35907.50859185203
 35903.57903469073
 35900.12030004644
 35897.13238791918
 35894.61529830895
 35892.56903121573
 35890.99358663954
 35889.88896458037
 35889.25516503822
 35889.0921880131
 35889.400033505
 35890.17870151393
 35891.42819203987
 35893.14850508284
 35895.33964064283
 35898.00159871984
 35901.13437931388
 35904.73798242494
 35908.81240805303
 35913.35765619813
 35918.37372686026
 35923.86062003941
 35929.81833573559
 35936.24687394878
 35943.146234679
 35950.51641792624
 35958.35742369051
 35966.6692519718
 35975.45190277011
 35984.70537608545
 35994.42967191781
 36004.62479026719
 36015.29073113359
 36026.42749451702
 36038.03508041747
 36050.11348883494
 36062.66271976943
 36075.68277322095
 36089.17364918949
 36103.13534767506
 36117.56786867764
 36132.47121219726
 36147.84537823389
 36163.69036678754
 36180.00617785822
 36196.79281144592
 36214.05026755065
 36231.7785461724
 36249.97764731117
 36268.64757096696
 36287.78831713978
 36307.39988582962
 36327.48227703648


# name: QUERY
# type: sq_string
# elements: 1
# length: 2
R5


# name: DATASIZE
# type: sq_string
# elements: 1
# length: 4
1000


