# Created by Octave 4.0.0, Wed May 18 23:41:27 2016 CEST <peter@Independence>
# name: x
# type: matrix
# rows: 1
# columns: 100
 60 60.6060606060606 61.21212121212121 61.81818181818181 62.42424242424242 63.03030303030303 63.63636363636364 64.24242424242425 64.84848484848484 65.45454545454545 66.06060606060606 66.66666666666666 67.27272727272727 67.87878787878788 68.48484848484848 69.09090909090909 69.6969696969697 70.3030303030303 70.90909090909091 71.51515151515152 72.12121212121212 72.72727272727272 73.33333333333333 73.93939393939394 74.54545454545455 75.15151515151516 75.75757575757575 76.36363636363636 76.96969696969697 77.57575757575758 78.18181818181819 78.78787878787878 79.39393939393939 80 80.60606060606061 81.21212121212122 81.81818181818181 82.42424242424242 83.03030303030303 83.63636363636364 84.24242424242425 84.84848484848484 85.45454545454545 86.06060606060606 86.66666666666667 87.27272727272728 87.87878787878788 88.48484848484848 89.09090909090909 89.6969696969697 90.30303030303031 90.90909090909091 91.51515151515152 92.12121212121212 92.72727272727273 93.33333333333334 93.93939393939394 94.54545454545455 95.15151515151516 95.75757575757576 96.36363636363637 96.96969696969697 97.57575757575758 98.18181818181819 98.7878787878788 99.39393939393941 100 100.6060606060606 101.2121212121212 101.8181818181818 102.4242424242424 103.030303030303 103.6363636363636 104.2424242424242 104.8484848484849 105.4545454545455 106.0606060606061 106.6666666666667 107.2727272727273 107.8787878787879 108.4848484848485 109.0909090909091 109.6969696969697 110.3030303030303 110.9090909090909 111.5151515151515 112.1212121212121 112.7272727272727 113.3333333333333 113.9393939393939 114.5454545454545 115.1515151515152 115.7575757575758 116.3636363636364 116.969696969697 117.5757575757576 118.1818181818182 118.7878787878788 119.3939393939394 120


# name: y
# type: matrix
# rows: 100
# columns: 1
 36358.1298866578
 36375.15091474088
 36391.56244065582
 36407.37557734537
 36422.60143775228
 36437.25113481932
 36451.33578148924
 36464.8664907048
 36477.85437540876
 36490.31054854387
 36502.24612305289
 36513.67221187858
 36524.59992796369
 36535.04038425098
 36545.00469368322
 36554.50396920316
 36563.54932375354
 36572.15187027714
 36580.32272171671
 36588.072991015
 36595.41379111477
 36602.35623495879
 36608.9114354898
 36615.09050565057
 36620.90455838385
 36626.3647066324
 36631.48206333898
 36636.26774144633
 36640.73285389724
 36644.88851363443
 36648.74583360069
 36652.31592673876
 36655.6099059914
 36658.63888430136
 36661.41397461141
 36663.9462898643
 36666.24694300279
 36668.32704696964
 36670.1977147076
 36671.87005915942
 36673.35519326788
 36674.66422997573
 36675.80828222571
 36676.7984629606
 36677.64588512314
 36678.3616616561
 36678.95690550223
 36679.44272960428
 36679.83024690503
 36680.13057034722
 36680.3548128736
 36680.51408742695
 36680.61950695
 36680.68218438554
 36680.71323267629
 36680.72376476505
 36680.72489359454
 36680.72773210753
 36680.74339324678
 36680.78298995504
 36680.85763517508
 36680.97844184965
 36681.15652292151
 36681.40299133341
 36681.72896002811
 36682.14554194838
 36682.66385003695
 36683.2949972366
 36684.05009649009
 36684.94026074016
 36685.97660292957
 36687.17023600109
 36688.53227289747
 36690.07382656146
 36691.80600993583
 36693.73993596333
 36695.88671758673
 36698.25746774876
 36700.8632993922
 36703.7153254598
 36706.82465889431
 36710.20241263851
 36713.85969963513
 36717.80763282695
 36722.05732515671
 36726.61988956717
 36731.5064390011
 36736.72808640124
 36742.29594471036
 36748.22112687121
 36754.51474582656
 36761.18791451915
 36768.25174589174
 36775.7173528871
 36783.59584844798
 36791.89834551713
 36800.63595703731
 36809.81979595129
 36819.46097520182
 36829.57060773164


# name: QUERY
# type: sq_string
# elements: 1
# length: 2
R5


# name: DATASIZE
# type: sq_string
# elements: 1
# length: 4
1000


