# Created by Octave 4.0.0, Sun May 22 18:36:06 2016 CEST <peter@Independence>
# name: x
# type: matrix
# rows: 1
# columns: 100
 60 60.6060606060606 61.21212121212121 61.81818181818181 62.42424242424242 63.03030303030303 63.63636363636364 64.24242424242425 64.84848484848484 65.45454545454545 66.06060606060606 66.66666666666666 67.27272727272727 67.87878787878788 68.48484848484848 69.09090909090909 69.6969696969697 70.3030303030303 70.90909090909091 71.51515151515152 72.12121212121212 72.72727272727272 73.33333333333333 73.93939393939394 74.54545454545455 75.15151515151516 75.75757575757575 76.36363636363636 76.96969696969697 77.57575757575758 78.18181818181819 78.78787878787878 79.39393939393939 80 80.60606060606061 81.21212121212122 81.81818181818181 82.42424242424242 83.03030303030303 83.63636363636364 84.24242424242425 84.84848484848484 85.45454545454545 86.06060606060606 86.66666666666667 87.27272727272728 87.87878787878788 88.48484848484848 89.09090909090909 89.6969696969697 90.30303030303031 90.90909090909091 91.51515151515152 92.12121212121212 92.72727272727273 93.33333333333334 93.93939393939394 94.54545454545455 95.15151515151516 95.75757575757576 96.36363636363637 96.96969696969697 97.57575757575758 98.18181818181819 98.7878787878788 99.39393939393941 100 100.6060606060606 101.2121212121212 101.8181818181818 102.4242424242424 103.030303030303 103.6363636363636 104.2424242424242 104.8484848484849 105.4545454545455 106.0606060606061 106.6666666666667 107.2727272727273 107.8787878787879 108.4848484848485 109.0909090909091 109.6969696969697 110.3030303030303 110.9090909090909 111.5151515151515 112.1212121212121 112.7272727272727 113.3333333333333 113.9393939393939 114.5454545454545 115.1515151515152 115.7575757575758 116.3636363636364 116.969696969697 117.5757575757576 118.1818181818182 118.7878787878788 119.3939393939394 120


# name: y
# type: matrix
# rows: 100
# columns: 1
 36280.15755189719
 36267.69278538053
 36255.45323354728
 36243.43889639746
 36231.64977393104
 36220.08586614804
 36208.74717304845
 36197.63369463228
 36186.74543089951
 36176.08238185017
 36165.64454748424
 36155.43192780173
 36145.44452280262
 36135.68233248693
 36126.14535685466
 36116.8335959058
 36107.74704964035
 36098.88571805833
 36090.24960115971
 36081.83869894451
 36073.65301141272
 36065.69253856435
 36057.95728039939
 36050.44723691784
 36043.16240811972
 36036.102794005
 36029.26839457369
 36022.6592098258
 36016.27523976133
 36010.11648438027
 36004.18294368263
 35998.4746176684
 35992.99150633758
 35987.73360969018
 35982.70092772619
 35977.89346044562
 35973.31120784846
 35968.95416993471
 35964.82234670438
 35960.91573815746
 35957.23434429396
 35953.77816511387
 35950.5472006172
 35947.54145080394
 35944.76091567409
 35942.20559522766
 35939.87548946465
 35937.77059838504
 35935.89092198885
 35934.23646027608
 35932.80721324672
 35931.60318090078
 35930.62436323825
 35929.87076025912
 35929.34237196342
 35929.03919835114
 35928.96123942226
 35929.1084951768
 35929.48096561476
 35930.07865073613
 35930.9015505409
 35931.9496650291
 35933.22299420072
 35934.72153805574
 35936.44529659418
 35938.39426981604
 35940.5684577213
 35942.96786030999
 35945.59247758208
 35948.4423095376
 35951.51735617652
 35954.81761749886
 35958.34309350461
 35962.09378419378
 35966.06968956636
 35970.27080962237
 35974.69714436177
 35979.3486937846
 35984.22545789084
 35989.32743668049
 35994.65463015356
 36000.20703831004
 36005.98466114994
 36011.98749867325
 36018.21555087998
 36024.66881777011
 36031.34729934367
 36038.25099560064
 36045.37990654102
 36052.73403216482
 36060.31337247203
 36068.11792746266
 36076.14769713669
 36084.40268149415
 36092.88288053501
 36101.5882942593
 36110.518922667
 36119.67476575811
 36129.05582353263
 36138.66209599057


# name: QUERY
# type: sq_string
# elements: 1
# length: 2
R5


# name: DATASIZE
# type: sq_string
# elements: 1
# length: 4
1000


