# Created by Octave 4.0.0, Sun May 22 18:36:06 2016 CEST <peter@Independence>
# name: x
# type: matrix
# rows: 1
# columns: 100
 60 60.6060606060606 61.21212121212121 61.81818181818181 62.42424242424242 63.03030303030303 63.63636363636364 64.24242424242425 64.84848484848484 65.45454545454545 66.06060606060606 66.66666666666666 67.27272727272727 67.87878787878788 68.48484848484848 69.09090909090909 69.6969696969697 70.3030303030303 70.90909090909091 71.51515151515152 72.12121212121212 72.72727272727272 73.33333333333333 73.93939393939394 74.54545454545455 75.15151515151516 75.75757575757575 76.36363636363636 76.96969696969697 77.57575757575758 78.18181818181819 78.78787878787878 79.39393939393939 80 80.60606060606061 81.21212121212122 81.81818181818181 82.42424242424242 83.03030303030303 83.63636363636364 84.24242424242425 84.84848484848484 85.45454545454545 86.06060606060606 86.66666666666667 87.27272727272728 87.87878787878788 88.48484848484848 89.09090909090909 89.6969696969697 90.30303030303031 90.90909090909091 91.51515151515152 92.12121212121212 92.72727272727273 93.33333333333334 93.93939393939394 94.54545454545455 95.15151515151516 95.75757575757576 96.36363636363637 96.96969696969697 97.57575757575758 98.18181818181819 98.7878787878788 99.39393939393941 100 100.6060606060606 101.2121212121212 101.8181818181818 102.4242424242424 103.030303030303 103.6363636363636 104.2424242424242 104.8484848484849 105.4545454545455 106.0606060606061 106.6666666666667 107.2727272727273 107.8787878787879 108.4848484848485 109.0909090909091 109.6969696969697 110.3030303030303 110.9090909090909 111.5151515151515 112.1212121212121 112.7272727272727 113.3333333333333 113.9393939393939 114.5454545454545 115.1515151515152 115.7575757575758 116.3636363636364 116.969696969697 117.5757575757576 118.1818181818182 118.7878787878788 119.3939393939394 120


# name: y
# type: matrix
# rows: 100
# columns: 1
 36675.98513461696
 36675.75506225247
 36675.54503498485
 36675.35363063008
 36675.17950406246
 36675.02138437939
 36674.8780721192
 36674.74843653224
 36674.63141290502
 36674.52599993756
 36674.43125717386
 36674.34630248554
 36674.27030960859
 36674.20250573332
 36674.14216914742
 36674.08862693218
 36674.04125271185
 36673.9994644562
 36673.9627223361
 36673.93052663245
 36673.90241569804
 36673.87796397271
 36673.8567800516
 36673.83850480656
 36673.82280956072
 36673.80939431616
 36673.79798603478
 36673.78833697233
 36673.78022306552
 36673.77344237232
 36673.76781356544
 36673.76317447888
 36673.75938070774
 36673.75630426103
 36673.75383226776
 36673.75186573614
 36673.75031836588
 36673.7491154137
 36673.74819261194
 36673.74749514037
 36673.74697665113
 36673.74659834676
 36673.74632811148
 36673.74613969552
 36673.74601195269
 36673.74592813102
 36673.74587521661
 36673.74584333054
 36673.7458251791
 36673.74581555692
 36673.74581090349
 36673.74580891268
 36673.74580819545
 36673.74580799574
 36673.74580795942
 36673.74580795653
 36673.7458079565
 36673.74580795667
 36673.74580796387
 36673.74580802914
 36673.74580833569
 36673.7458093399
 36673.74581196551
 36673.74581785104
 36673.74582965016
 36673.74585138547
 36673.74588885516
 36673.74595009304
 36673.74604588159
 36673.7461903182
 36673.74640143455
 36673.74670186915
 36673.747119593
 36673.74768868846
 36673.74845018118
 36673.74945292524
 36673.75075454148
 36673.7524224088
 36673.75453470887
 36673.75718152375
 36673.76046598679
 36673.76450548666
 36673.76943292448
 36673.7753980242
 36673.78256869595
 36673.79113245278
 36673.80129788032
 36673.81329615971
 36673.82738264369
 36673.84383848577
 36673.86297232259
 36673.88512200941
 36673.9106564088
 36673.93997723237
 36673.97352093576
 36674.01176066676
 36674.05520826647
 36674.10441632377
 36674.15998028283
 36674.22254060376


# name: QUERY
# type: sq_string
# elements: 1
# length: 2
R5


# name: DATASIZE
# type: sq_string
# elements: 1
# length: 4
1000


