# Created by Octave 4.0.0, Wed May 18 23:41:27 2016 CEST <peter@Independence>
# name: x
# type: matrix
# rows: 1
# columns: 100
 60 60.6060606060606 61.21212121212121 61.81818181818181 62.42424242424242 63.03030303030303 63.63636363636364 64.24242424242425 64.84848484848484 65.45454545454545 66.06060606060606 66.66666666666666 67.27272727272727 67.87878787878788 68.48484848484848 69.09090909090909 69.6969696969697 70.3030303030303 70.90909090909091 71.51515151515152 72.12121212121212 72.72727272727272 73.33333333333333 73.93939393939394 74.54545454545455 75.15151515151516 75.75757575757575 76.36363636363636 76.96969696969697 77.57575757575758 78.18181818181819 78.78787878787878 79.39393939393939 80 80.60606060606061 81.21212121212122 81.81818181818181 82.42424242424242 83.03030303030303 83.63636363636364 84.24242424242425 84.84848484848484 85.45454545454545 86.06060606060606 86.66666666666667 87.27272727272728 87.87878787878788 88.48484848484848 89.09090909090909 89.6969696969697 90.30303030303031 90.90909090909091 91.51515151515152 92.12121212121212 92.72727272727273 93.33333333333334 93.93939393939394 94.54545454545455 95.15151515151516 95.75757575757576 96.36363636363637 96.96969696969697 97.57575757575758 98.18181818181819 98.7878787878788 99.39393939393941 100 100.6060606060606 101.2121212121212 101.8181818181818 102.4242424242424 103.030303030303 103.6363636363636 104.2424242424242 104.8484848484849 105.4545454545455 106.0606060606061 106.6666666666667 107.2727272727273 107.8787878787879 108.4848484848485 109.0909090909091 109.6969696969697 110.3030303030303 110.9090909090909 111.5151515151515 112.1212121212121 112.7272727272727 113.3333333333333 113.9393939393939 114.5454545454545 115.1515151515152 115.7575757575758 116.3636363636364 116.969696969697 117.5757575757576 118.1818181818182 118.7878787878788 119.3939393939394 120


# name: y
# type: matrix
# rows: 100
# columns: 1
 36419.79393489534
 36413.84610894811
 36408.21487369265
 36402.88879032715
 36397.85663053028
 36393.10737646111
 36388.63022075913
 36384.41456654428
 36380.45002741694
 36376.72642745788
 36373.23380122832
 36369.96239376992
 36366.90266060476
 36364.04526773533
 36361.38109164458
 36358.90121929588
 36356.59694813302
 36354.45978608022
 36352.48145154213
 36350.65387340385
 36348.96919103088
 36347.41975426915
 36345.99812344505
 36344.69706936537
 36343.50957331734
 36342.42882706862
 36341.44823286728
 36340.56140344185
 36339.76216200129
 36339.04454223494
 36338.40278831263
 36337.83135488458
 36337.32490708144
 36336.87832051433
 36336.48668127475
 36336.14528593465
 36335.84964154641
 36335.59546564284
 36335.37868623717
 36335.19544182307
 36335.04208137463
 36334.91516434638
 36334.81146067328
 36334.72795077069
 36334.66182553444
 36334.61048634075
 36334.57154504631
 36334.54282398822
 36334.52235598399
 36334.50838433158
 36334.49936280939
 36334.49395567622
 36334.49103767132
 36334.48969401437
 36334.48922040546
 36334.48912302512
 36334.48911853433
 36334.48913407447
 36334.48930726735
 36334.48998621523
 36334.49172950078
 36334.49530618712
 36334.50169581777
 36334.51208841669
 36334.52788448829
 36334.55069501739
 36334.58234146923
 36334.62485578952
 36334.68048040433
 36334.75166822023
 36334.84108262417
 36334.95159748357
 36335.08629714624
 36335.24847644044
 36335.44164067486
 36335.6695056386
 36335.93599760122
 36336.24525331269
 36336.60162000341
 36337.0096553842
 36337.47412764633
 36338.0000154615
 36338.5925079818
 36339.25700483981
 36339.99911614849
 36340.82466250125
 36341.73967497192
 36342.75039511477
 36343.86327496448
 36345.08497703619
 36346.42237432545
 36347.88255030823
 36349.47279894094
 36351.20062466043
 36353.07374238397
 36355.10007750924
 36357.28776591438
 36359.64515395794
 36362.1807984789
 36364.90346679669


# name: QUERY
# type: sq_string
# elements: 1
# length: 2
R5


# name: DATASIZE
# type: sq_string
# elements: 1
# length: 4
1000


