# Created by Octave 4.0.0, Sun May 22 18:36:06 2016 CEST <peter@Independence>
# name: x
# type: matrix
# rows: 1
# columns: 100
 60 60.6060606060606 61.21212121212121 61.81818181818181 62.42424242424242 63.03030303030303 63.63636363636364 64.24242424242425 64.84848484848484 65.45454545454545 66.06060606060606 66.66666666666666 67.27272727272727 67.87878787878788 68.48484848484848 69.09090909090909 69.6969696969697 70.3030303030303 70.90909090909091 71.51515151515152 72.12121212121212 72.72727272727272 73.33333333333333 73.93939393939394 74.54545454545455 75.15151515151516 75.75757575757575 76.36363636363636 76.96969696969697 77.57575757575758 78.18181818181819 78.78787878787878 79.39393939393939 80 80.60606060606061 81.21212121212122 81.81818181818181 82.42424242424242 83.03030303030303 83.63636363636364 84.24242424242425 84.84848484848484 85.45454545454545 86.06060606060606 86.66666666666667 87.27272727272728 87.87878787878788 88.48484848484848 89.09090909090909 89.6969696969697 90.30303030303031 90.90909090909091 91.51515151515152 92.12121212121212 92.72727272727273 93.33333333333334 93.93939393939394 94.54545454545455 95.15151515151516 95.75757575757576 96.36363636363637 96.96969696969697 97.57575757575758 98.18181818181819 98.7878787878788 99.39393939393941 100 100.6060606060606 101.2121212121212 101.8181818181818 102.4242424242424 103.030303030303 103.6363636363636 104.2424242424242 104.8484848484849 105.4545454545455 106.0606060606061 106.6666666666667 107.2727272727273 107.8787878787879 108.4848484848485 109.0909090909091 109.6969696969697 110.3030303030303 110.9090909090909 111.5151515151515 112.1212121212121 112.7272727272727 113.3333333333333 113.9393939393939 114.5454545454545 115.1515151515152 115.7575757575758 116.3636363636364 116.969696969697 117.5757575757576 118.1818181818182 118.7878787878788 119.3939393939394 120


# name: y
# type: matrix
# rows: 100
# columns: 1
 36843.53408304473
 36841.49016677456
 36839.55504401508
 36837.72478392617
 36835.99552799733
 36834.36349004778
 36832.82495622642
 36831.37628501183
 36830.01390721228
 36828.7343259657
 36827.53411673975
 36826.40992733173
 36825.35847786866
 36824.37656080721
 36823.46104093376
 36822.60885536437
 36821.81701354478
 36821.08259725041
 36820.40276058637
 36819.77472998746
 36819.19580421816
 36818.66335437262
 36818.17482387469
 36817.72772847792
 36817.31965626551
 36816.94826765035
 36816.61129537505
 36816.30654451186
 36816.03189246275
 36815.78528895934
 36815.56475606297
 36815.36838816464
 36815.19435198503
 36815.04088657453
 36814.9063033132
 36814.78898591077
 36814.6873904067
 36814.60004517007
 36814.52555089969
 36814.46258062404
 36814.40987970129
 36814.36626581929
 36814.33062899558
 36814.30193157738
 36814.27920824158
 36814.26156599478
 36814.24818417326
 36814.23831444296
 36814.23128079954
 36814.22647956831
 36814.22337940429
 36814.22152129218
 36814.22051854635
 36814.22005681086
 36814.21989405947
 36814.2198605956
 36814.21985905238
 36814.21986439261
 36814.21992390876
 36814.22015722303
 36814.22075628724
 36814.22198538296
 36814.2241811214
 36814.22775244346
 36814.23318061975
 36814.24101925053
 36814.25189426576
 36814.26650392511
 36814.28561881789
 36814.31008186312
 36814.34080830949
 36814.3787857354
 36814.4250740489
 36814.48080548776
 36814.5471846194
 36814.62548834095
 36814.71706587922
 36814.82333879068
 36814.94580096153
 36815.08601860761
 36815.24563027447
 36815.42634683733
 36815.62995150111
 36815.85829980041
 36816.1133195995
 36816.39701109235
 36816.7114468026
 36817.05877158361
 36817.44120261837
 36817.8610294196
 36818.32061382967
 36818.82239002067
 36819.36886449435
 36819.96261608214
 36820.60629594518
 36821.30262757427
 36822.0544067899
 36822.86450174226
 36823.73585291121
 36824.67147310628


# name: QUERY
# type: sq_string
# elements: 1
# length: 2
R5


# name: DATASIZE
# type: sq_string
# elements: 1
# length: 4
1000


