# Created by Octave 3.8.2, Wed May 11 14:00:43 2016 CEST <Andrea@Andreas-MacBook-Pro.local>
# name: ylin
# type: matrix
# rows: 1
# columns: 100
 651489.6693299559 647357.1569115175 643224.644493079 639092.1320746405 634959.619656202 630827.1072377636 626694.594819325 622562.0824008866 618429.5699824481 614297.0575640097 610164.5451455711 606032.0327271327 601899.5203086942 597767.0078902557 593634.4954718172 589501.9830533788 585369.4706349403 581236.9582165017 577104.4457980633 572971.9333796249 568839.4209611863 564706.9085427478 560574.3961243094 556441.8837058708 552309.3712874324 548176.8588689939 544044.3464505554 539911.8340321169 535779.3216136785 531646.80919524 527514.2967768015 523381.784358363 519249.2719399245 515116.7595214861 510984.2471030476 506851.7346846091 502719.2222661706 498586.7098477321 494454.1974292937 490321.6850108551 486189.1725924167 482056.6601739782 477924.1477555397 473791.6353371012 469659.1229186627 465526.6105002243 461394.0980817858 457261.5856633473 453129.0732449088 448996.5608264703 444864.0484080319 440731.5359895934 436599.0235711549 432466.5111527164 428333.9987342779 424201.4863158394 420068.973897401 415936.4614789624 411803.949060524 407671.4366420855 403538.924223647 399406.4118052085 395273.89938677 391141.3869683316 387008.8745498931 382876.3621314546 378743.8497130161 374611.3372945776 370478.8248761391 366346.3124577006 362213.8000392622 358081.2876208237 353948.7752023852 349816.2627839467 345683.7503655083 341551.2379470698 337418.7255286313 333286.2131101928 329153.7006917543 325021.1882733158 320888.6758548774 316756.1634364389 312623.6510180004 308491.1385995619 304358.6261811234 300226.113762685 296093.6013442465 291961.088925808 287828.5765073695 283696.064088931 279563.5516704925 275431.0392520541 271298.5268336156 267166.0144151771 263033.5019967386 258900.9895783001 254768.4771598616 250635.9647414232 246503.4523229847 242370.9399045461


