# Created by Octave 3.8.2, Wed May 11 14:00:36 2016 CEST <Andrea@Andreas-MacBook-Pro.local>
# name: mu
# type: matrix
# rows: 1
# columns: 2
 471965.928358209 86.32835820895522


