# Created by Octave 3.8.2, Wed May 11 14:00:36 2016 CEST <Andrea@Andreas-MacBook-Pro.local>
# name: sigma
# type: matrix
# rows: 1
# columns: 2
 300263.5451725396 20.49272403352993


