# Created by Octave 3.8.2, Wed May 11 14:00:43 2016 CEST <Andrea@Andreas-MacBook-Pro.local>
# name: ysvr
# type: matrix
# rows: 100
# columns: 1
 674383.7096346233
 669544.1818360394
 664704.654037456
 659865.1262388728
 655025.5984402808
 650186.0706417011
 645346.5428431157
 640507.0150445295
 635667.4872459457
 630827.9594473599
 625988.4316487758
 621148.90385019
 616309.3760516054
 611469.8482530208
 606630.3204544375
 601790.7926558527
 596951.2648572673
 592111.7370586817
 587272.2092600976
 582432.681461513
 577593.1536629273
 572753.6258643438
 567914.0980657593
 563074.5702671744
 558235.0424685876
 553395.514670003
 548555.9868714183
 543716.4590728329
 538876.9312742485
 534037.4034756639
 529197.8756770795
 524358.347878495
 519518.8200799097
 514679.2922813253
 509839.7644827412
 505000.2366841562
 500160.7088855713
 495321.1810869862
 490481.6532884012
 485642.1254898166
 480802.5976912316
 475963.0698926469
 471123.542094062
 466284.0142954774
 461444.4864968926
 456604.9586983077
 451765.4308997229
 446925.9031011381
 442086.3753025534
 437246.8475039686
 432407.3197053835
 427567.7919067991
 422728.2641082142
 417888.7363096285
 413049.2085110439
 408209.6807124601
 403370.1529138739
 398530.6251152896
 393691.0973167057
 388851.5695181193
 384012.0417195353
 379172.5139209522
 374332.9861223658
 369493.4583237799
 364653.9305251962
 359814.4027266103
 354974.874928028
 350135.3471294437
 345295.8193308562
 340456.291532272
 335616.7637336868
 330777.2359351022
 325937.708136518
 321098.1803379318
 316258.6525393467
 311419.1247407617
 306579.5969421789
 301740.0691435931
 296900.5413450105
 292061.0135464256
 287221.4857478376
 282381.9579492543
 277542.4301506678
 272702.9023520845
 267863.374553502
 263023.8467549175
 258184.3189563307
 253344.7911577462
 248505.2633591616
 243665.7355605778
 238826.2077619852
 233986.6799634091
 229147.1521648216
 224307.6243662394
 219468.0965676541
 214628.5687690674
 209789.0409704817
 204949.5131718979
 200109.9853733146
 195270.4575747288


