# Created by Octave 3.8.2, Wed May 11 14:00:43 2016 CEST <Andrea@Andreas-MacBook-Pro.local>
# name: ysvr
# type: matrix
# rows: 100
# columns: 1
 681360.1841143309
 671992.1264326696
 663055.2832152372
 654539.4943237952
 646434.5996201001
 638730.4389659106
 631416.8522229854
 624483.6792530839
 617920.7599179631
 611717.9340793827
 605865.0415991005
 600351.9223388757
 595168.4161604668
 590304.3629256312
 585749.602496129
 581493.9747337176
 577527.3195001563
 573839.476657203
 570420.2860666169
 567259.587590156
 564347.2210895789
 561673.0264266444
 559226.8434631107
 556998.5120607368
 554977.8720812807
 553154.7633865012
 551519.0258381569
 550060.4992980061
 548769.0236278077
 547634.4386893199
 546646.5843443014
 545795.3004545107
 545070.4268817063
 544461.8034876469
 543959.2701340908
 543552.6666827967
 543231.832995523
 542986.6089340283
 542806.8343600712
 542682.3491354103
 542602.9931218039
 542558.6061810106
 542539.0281747892
 542534.0989648978
 542533.6584130953
 542527.54638114
 542505.6027307906
 542457.6673238056
 542373.5800219435
 542243.1806869629
 542056.3091806222
 541802.80536468
 541472.5091008949
 541055.2602510254
 540540.89867683
 539919.2642400672
 539180.1968024957
 538313.5362258739
 537309.1223719603
 536156.7951025136
 534846.3942792922
 533367.7597640547
 531710.7314185596
 529865.1491045654
 527820.8526838308
 525567.6820181141
 523095.4769691741
 520394.077398769
 517453.3231686575
 514263.0541405985
 510813.1101763499
 507093.3311376706
 503093.5568863191
 498803.627284054
 494213.3821926336
 489312.6614738166
 484091.3049893615
 478539.1526010269
 472646.0441705713
 466401.819559753
 459796.3186303304
 452819.3812440636
 445460.847262709
 437710.5565480263
 429558.3489617743
 420994.0643657101
 412007.5426215942
 402588.6235911827
 392727.1471362362
 382412.9531185139
 371635.8813997712
 360385.7718417709
 348652.4643062657
 336425.7986550198
 323695.6147497889
 310451.7524523311
 296684.0516244067
 282382.3521277731
 267536.4938241919
 252136.3165754142


