# Created by Octave 3.8.2, Wed May 11 14:00:43 2016 CEST <Andrea@Andreas-MacBook-Pro.local>
# name: ysvr
# type: matrix
# rows: 100
# columns: 1
 778450.0808385527
 747884.1666286816
 717676.530562948
 688044.4758851732
 659197.1290201198
 631332.7399555801
 604636.1038450431
 579276.1482206814
 555403.7283514626
 533149.6705534235
 512623.0996891082
 493910.0827312684
 477072.6151811903
 462147.9714119553
 449148.4337550153
 438061.4084834651
 428849.9298971861
 421453.546623299
 415789.5771566652
 411754.714727262
 409226.9549436143
 408067.8134672623
 408124.7953604545
 409234.0728420477
 411223.3240991712
 413914.6826266405
 417127.7443806548
 420682.578890238
 424402.6904014011
 428117.8761422726
 431666.9308757494
 434900.1500084421
 437681.5875874712
 439891.0304535592
 441425.6555249043
 442201.343538399
 442153.6294355191
 441238.2768015924
 439431.4711924584
 436729.6346523078
 433148.8710803823
 428724.0591856022
 423507.6164285686
 417567.9634503725
 410987.7239046319
 403861.6992340654
 396294.6616779894
 388399.0115957861
 380292.3469967809
 372094.9939591362
 363927.5463981933
 355908.4624341266
 348151.7624533406
 340764.8709252148
 333846.6402083685
 327485.5900593105
 321758.3914540582
 316728.6177730697
 312445.780512741
 308944.6606063527
 306244.9402986876
 304351.1344542181
 303252.8143147709
 302925.1111774797
 303329.4823454649
 304414.7171056163
 306118.1564906278
 308367.0972492925
 311080.34782693
 314169.9022761332
 317542.6968883845
 321102.4139554285
 324751.2974134114
 328391.9461575796
 331929.0524906466
 335271.0554224914
 338331.6813014679
 341031.3474493081
 343298.4080074331
 345070.2249947466
 346294.0515357184
 346927.7182551909
 346940.1178650865
 346311.4869095065
 345033.4874101522
 343109.0946985711
 340552.3009739532
 337387.6470368201
 333649.5971784613
 329381.7743249672
 324636.074222575
 319471.6786986918
 313953.9888414039
 308153.499317073
 302144.6350103067
 296004.5707466525
 289812.05407789
 283646.250009181
 277585.6251672002
 271706.8872927313


