# Created by Octave 4.0.0, Thu May 12 00:21:10 2016 CEST <peter@Independence>
# name: y
# type: matrix
# rows: 1
# columns: 100
 299160.9893530564 299033.3054584587 298905.621563861 298777.9376692632 298650.2537746655 298522.5698800678 298394.88598547 298267.2020908723 298139.5181962746 298011.8343016768 297884.1504070791 297756.4665124814 297628.7826178836 297501.0987232859 297373.4148286882 297245.7309340904 297118.0470394928 296990.363144895 296862.6792502973 296734.9953556996 296607.3114611018 296479.6275665041 296351.9436719064 296224.2597773087 296096.5758827109 295968.8919881132 295841.2080935155 295713.5241989177 295585.84030432 295458.1564097223 295330.4725151245 295202.7886205268 295075.1047259291 294947.4208313313 294819.7369367337 294692.0530421359 294564.3691475381 294436.6852529405 294309.0013583427 294181.317463745 294053.6335691473 293925.9496745495 293798.2657799518 293670.5818853541 293542.8979907563 293415.2140961586 293287.5302015609 293159.8463069632 293032.1624123654 292904.4785177677 292776.79462317 292649.1107285722 292521.4268339745 292393.7429393768 292266.059044779 292138.3751501814 292010.6912555836 291883.0073609859 291755.3234663882 291627.6395717904 291499.9556771927 291372.271782595 291244.5878879972 291116.9039933995 290989.2200988018 290861.536204204 290733.8523096063 290606.1684150086 290478.4845204109 290350.8006258131 290223.1167312154 290095.4328366177 289967.7489420199 289840.0650474222 289712.3811528245 289584.6972582267 289457.0133636291 289329.3294690313 289201.6455744336 289073.9616798359 288946.2777852381 288818.5938906404 288690.9099960427 288563.2261014449 288435.5422068472 288307.8583122495 288180.1744176517 288052.490523054 287924.8066284563 287797.1227338586 287669.4388392608 287541.7549446631 287414.0710500654 287286.3871554676 287158.7032608699 287031.0193662722 286903.3354716745 286775.6515770768 286647.967682479 286520.2837878813


