# Created by Octave 4.0.0, Thu May 12 00:16:46 2016 CEST <peter@Independence>
# name: sigma
# type: matrix
# rows: 1
# columns: 13
 320288.3892273743 427.2870163755977 357.967774647845 21885.64018074524 59236.4241370278 2376.499861995801 3640.041801956164 58012.04544989503 242078.9238550136 95991548.25672828 96785404.0984527 271.6330355013667 20.91871404777105


