# Created by Octave 4.0.0, Thu May 12 00:21:10 2016 CEST <peter@Independence>
# name: y
# type: matrix
# rows: 100
# columns: 1
 331516.270683902
 331301.4291871727
 331086.5876904399
 330871.7461937088
 330656.904696974
 330442.0632002463
 330227.221703513
 330012.3802067799
 329797.5387100497
 329582.6972133163
 329367.8557165864
 329153.0142198536
 328938.1727231222
 328723.3312263914
 328508.4897296595
 328293.6482329278
 328078.8067361937
 327863.9652394629
 327649.1237427355
 327434.2822460007
 327219.4407492699
 327004.5992525365
 326789.7577558046
 326574.9162590744
 326360.0747623421
 326145.2332656104
 325930.3917688805
 325715.5502721489
 325500.7087754158
 325285.8672786859
 325071.0257819531
 324856.1842852202
 324641.3427884892
 324426.5012917579
 324211.6597950266
 323996.818298295
 323781.9768015638
 323567.1353048317
 323352.2938081002
 323137.4523113683
 322922.6108146369
 322707.7693179048
 322492.9278211733
 322278.0863244417
 322063.2448277102
 321848.4033309786
 321633.561834247
 321418.7203375153
 321203.8788407837
 320989.037344052
 320774.1958473205
 320559.3543505889
 320344.5128538571
 320129.6713571256
 319914.8298603938
 319699.9883636623
 319485.1468669304
 319270.3053701992
 319055.4638734673
 318840.6223767355
 318625.7808800047
 318410.9393832732
 318196.0978865402
 317981.2563898099
 317766.4148930769
 317551.573396345
 317336.7318996134
 317121.8904028823
 316907.0489061506
 316692.2074094177
 316477.3659126867
 316262.5244159548
 316047.6829192258
 315832.8414224921
 315617.9999257601
 315403.1584290285
 315188.3169323003
 314973.4754355666
 314758.6339388358
 314543.7924421039
 314328.9509453702
 314114.1094486406
 313899.2679519069
 313684.4264551779
 313469.5849584437
 313254.743461716
 313039.9019649806
 312825.0604682481
 312610.2189715173
 312395.3774747879
 312180.5359780552
 311965.6944813198
 311750.8529845916
 311536.0114878625
 311321.1699911246
 311106.3284943975
 310891.4869976641
 310676.6455009296
 310461.8040041986
 310246.9625074703


