# Created by Octave 4.0.0, Thu May 12 00:21:10 2016 CEST <peter@Independence>
# name: y
# type: matrix
# rows: 100
# columns: 1
 263860.5583573997
 263265.6310312327
 262696.0888726894
 262151.378403249
 261630.9461443905
 261134.238617593
 260660.7023443355
 260209.7838460969
 259780.9296443563
 259373.5862605928
 258987.2002162854
 258621.218032913
 258275.0862319548
 257948.2513348897
 257640.1598631969
 257350.2583383552
 257077.9932818438
 256822.8112151416
 256584.1586597277
 256361.4821370811
 256154.2281686808
 255961.8432760059
 255783.7739805355
 255619.4668037484
 255468.3682671238
 255329.9248921407
 255203.5832002781
 255088.789713015
 254984.9909518305
 254891.6334382035
 254808.1636936132
 254734.0282395385
 254668.6735974585
 254611.5462888521
 254562.0928351985
 254519.7597579767
 254483.9935786656
 254454.2408187443
 254429.9479996919
 254410.5616429872
 254395.5282701096
 254384.2944025378
 254376.3065617509
 254371.011269228
 254367.8550464481
 254366.2844148902
 254365.7458960333
 254365.6860113566
 254365.5512823389
 254364.7882304594
 254362.843377197
 254359.1632440308
 254353.1943524398
 254344.383223903
 254332.1763798995
 254316.0203419083
 254295.3616314085
 254269.6467698789
 254238.3222787987
 254200.8346796469
 254156.6304939026
 254105.1562430447
 254045.8584485523
 253978.1836319044
 253901.57831458
 253815.4890180582
 253719.362263818
 253612.6445733383
 253494.7824680984
 253365.2224695771
 253223.4110992535
 253068.7948786066
 252900.8203291155
 252718.9339722591
 252522.5823295166
 252311.2119223669
 252084.269272289
 251841.2009007621
 251581.453329265
 251304.4730792769
 251009.7066722767
 250696.6006297436
 250364.6014731564
 250013.1557239944
 249641.7099037364
 249249.7105338615
 248836.6041358487
 248401.8372311771
 247944.8563413256
 247465.1079877734
 246962.0386919994
 246435.0949754827
 245883.7233597023
 245307.3703661372
 244705.4825162664
 244077.506331569
 243422.888333524
 242741.0750436105
 242031.5129833073
 241293.6486740938


