# Created by Octave 4.0.0, Thu May 12 00:21:10 2016 CEST <peter@Independence>
# name: y
# type: matrix
# rows: 100
# columns: 1
 250785.7035528864
 249417.3442472167
 248059.2856605019
 246711.4610077176
 245373.8045590285
 244046.2519891791
 242728.7407267196
 241421.2103025444
 240123.6026971887
 238835.8626863529
 237557.9381841229
 236289.7805833229
 235031.3450924848
 233782.5910688726
 232543.4823470411
 231313.9875623817
 230094.0804691298
 228883.7402523076
 227682.9518330816
 226491.7061670117
 225310.0005346939
 224137.8388242935
 222975.231805478
 221822.1973942632
 220678.76090831
 219544.9553122032
 218420.821452277
 217306.4082805319
 216201.773067247
 215106.981601855
 214022.1083817107
 212947.2367883583
 211882.4592509445
 210827.8773964415
 209783.6021863383
 208749.7540395058
 207726.4629409469
 206713.8685361476
 205712.1202108047
 204721.377155675
 203741.8084163569
 202773.5929278092
 201816.9195334399
 200871.9869886265
 199939.0039485474
 199018.1889402143
 198109.7703186505
 197213.9862071362
 196331.0844215167
 195461.3223785505
 194604.966988317
 193762.2945307313
 192933.5905162219
 192119.1495306623
 191319.2750646756
 190534.2793274212
 189764.4830450589
 189010.2152440357
 188271.8130194178
 187549.6212884908
 186843.9925298789
 186155.2865084358
 185483.8699862322
 184830.1164199176
 184194.4056448177
 183577.1235461046
 182978.6617174255
 182399.4171073737
 181839.7916542272
 181300.1919093647
 180781.0286498358
 180282.7164805227
 179805.6734263937
 179350.3205153357
 178917.0813520833
 178506.3816837659
 178118.6489576148
 177754.3118713805
 177413.799917027
 177097.542918268
 176805.9705625432
 176539.511928018
 176298.5950062032
 176083.6462208278
 175895.0899435446
 175733.3480071235
 175598.8392167316
 175491.978859949
 175413.1782161366
 175362.8440658013
 175341.3782005849
 175349.1769345142
 175386.6306171474
 175454.123149242
 175552.0315015801
 175680.7252375685
 175840.5660402397
 176031.9072442586
 176255.0933735536
 176510.4596851637


