# Created by Octave 3.8.2, Mon May 23 11:06:55 2016 CEST <Andrea@Andreas-MacBook-Pro.local>
# name: x
# type: matrix
# rows: 1
# columns: 100
 60 60.60606060606061 61.21212121212122 61.81818181818182 62.42424242424242 63.03030303030303 63.63636363636364 64.24242424242425 64.84848484848484 65.45454545454545 66.06060606060606 66.66666666666667 67.27272727272728 67.87878787878788 68.48484848484848 69.09090909090909 69.6969696969697 70.30303030303031 70.90909090909091 71.51515151515152 72.12121212121212 72.72727272727273 73.33333333333334 73.93939393939394 74.54545454545455 75.15151515151516 75.75757575757576 76.36363636363636 76.96969696969697 77.57575757575758 78.18181818181819 78.78787878787878 79.39393939393939 80 80.60606060606061 81.21212121212122 81.81818181818181 82.42424242424242 83.03030303030303 83.63636363636364 84.24242424242425 84.84848484848484 85.45454545454545 86.06060606060606 86.66666666666667 87.27272727272728 87.87878787878788 88.48484848484848 89.09090909090909 89.6969696969697 90.30303030303031 90.90909090909091 91.51515151515152 92.12121212121212 92.72727272727273 93.33333333333334 93.93939393939394 94.54545454545455 95.15151515151516 95.75757575757576 96.36363636363637 96.96969696969697 97.57575757575758 98.18181818181819 98.78787878787878 99.39393939393939 100 100.6060606060606 101.2121212121212 101.8181818181818 102.4242424242424 103.030303030303 103.6363636363636 104.2424242424242 104.8484848484848 105.4545454545455 106.0606060606061 106.6666666666667 107.2727272727273 107.8787878787879 108.4848484848485 109.0909090909091 109.6969696969697 110.3030303030303 110.9090909090909 111.5151515151515 112.1212121212121 112.7272727272727 113.3333333333333 113.9393939393939 114.5454545454545 115.1515151515152 115.7575757575758 116.3636363636364 116.969696969697 117.5757575757576 118.1818181818182 118.7878787878788 119.3939393939394 120


# name: y
# type: matrix
# rows: 100
# columns: 1
 29519.35604408521
 29586.01659831397
 29652.85605771807
 29719.84829645148
 29786.96703763182
 29854.1858746532
 29921.47829234344
 29988.81768792992
 30056.17739177878
 30123.53068787387
 30190.85083400279
 30258.11108161852
 30325.28469534722
 30392.34497211322
 30459.26525985493
 30526.01897580612
 30592.57962431929
 30658.92081420925
 30725.01627559727
 30790.83987623757
 30856.36563731009
 30921.56774866546
 30986.42058350995
 31050.89871252003
 31114.97691737868
 31178.63020372693
 31241.83381352667
 31304.56323683247
 31366.79422297222
 31428.50279113846
 31489.66524039392
 31550.25815909709
 31610.25843375522
 31669.64325731375
 31728.3901368937
 31786.47690098923
 31843.88170613992
 31900.58304309352
 31956.55974247663
 32011.79097999175
 32066.25628116087
 32119.93552563669
 32172.80895110369
 32224.8571567923
 32276.06110663036
 32326.40213205657
 32375.8619345218
 32424.42258770395
 32472.06653946335
 32518.77661356515
 32564.53601119595
 32609.32831230184
 32653.13747677485
 32695.9478455147
 32737.74414139268
 32778.51147014382
 32818.23532121328
 32856.90156858185
 32894.49647159544
 32931.00667582185
 32966.41921395776
 33000.72150680754
 33033.90136435456
 33065.9469869444
 33096.84696659788
 33126.5902884711
 33155.16633247735
 33182.5648750851
 33208.77609130405
 33233.79055687024
 33257.59925063893
 33280.19355719272
 33301.56526967056
 33321.70659282127
 33340.61014628393
 33358.26896809505
 33374.67651842142
 33389.82668351486
 33403.71377988419
 33416.33255867734
 33427.67821026502
 33437.74636901576
 33446.53311825013
 33454.03499536081
 33460.24899708305
 33465.17258489902
 33468.80369055777
 33471.14072169127
 33472.18256750572
 33471.92860452591
 33470.37870236948
 33467.5332295267
 33463.39305912046
 33457.9595746204
 33451.23467548412
 33443.22078269792
 33433.92084418888
 33423.33834007969
 33411.47728775717
 33398.34224672533


# name: TRAIN_QUERIES
# type: cell
# rows: 1
# columns: 1
# name: <cell-element>
# type: sq_string
# elements: 1
# length: 2
R5





# name: TEST_QUERIES
# type: cell
# rows: 1
# columns: 1
# name: <cell-element>
# type: sq_string
# elements: 1
# length: 2
R2





# name: DATASIZE
# type: sq_string
# elements: 1
# length: 3
500


