# Created by Octave 3.8.2, Mon May 23 11:06:55 2016 CEST <Andrea@Andreas-MacBook-Pro.local>
# name: x
# type: matrix
# rows: 1
# columns: 100
 60 60.60606060606061 61.21212121212122 61.81818181818182 62.42424242424242 63.03030303030303 63.63636363636364 64.24242424242425 64.84848484848484 65.45454545454545 66.06060606060606 66.66666666666667 67.27272727272728 67.87878787878788 68.48484848484848 69.09090909090909 69.6969696969697 70.30303030303031 70.90909090909091 71.51515151515152 72.12121212121212 72.72727272727273 73.33333333333334 73.93939393939394 74.54545454545455 75.15151515151516 75.75757575757576 76.36363636363636 76.96969696969697 77.57575757575758 78.18181818181819 78.78787878787878 79.39393939393939 80 80.60606060606061 81.21212121212122 81.81818181818181 82.42424242424242 83.03030303030303 83.63636363636364 84.24242424242425 84.84848484848484 85.45454545454545 86.06060606060606 86.66666666666667 87.27272727272728 87.87878787878788 88.48484848484848 89.09090909090909 89.6969696969697 90.30303030303031 90.90909090909091 91.51515151515152 92.12121212121212 92.72727272727273 93.33333333333334 93.93939393939394 94.54545454545455 95.15151515151516 95.75757575757576 96.36363636363637 96.96969696969697 97.57575757575758 98.18181818181819 98.78787878787878 99.39393939393939 100 100.6060606060606 101.2121212121212 101.8181818181818 102.4242424242424 103.030303030303 103.6363636363636 104.2424242424242 104.8484848484848 105.4545454545455 106.0606060606061 106.6666666666667 107.2727272727273 107.8787878787879 108.4848484848485 109.0909090909091 109.6969696969697 110.3030303030303 110.9090909090909 111.5151515151515 112.1212121212121 112.7272727272727 113.3333333333333 113.9393939393939 114.5454545454545 115.1515151515152 115.7575757575758 116.3636363636364 116.969696969697 117.5757575757576 118.1818181818182 118.7878787878788 119.3939393939394 120


# name: y
# type: matrix
# rows: 1
# columns: 100
 48627.45542358994 48627.49538478262 48627.5353459753 48627.57530716797 48627.61526836066 48627.65522955333 48627.69519074601 48627.73515193869 48627.77511313136 48627.81507432404 48627.85503551672 48627.8949967094 48627.93495790208 48627.97491909476 48628.01488028743 48628.05484148011 48628.09480267279 48628.13476386546 48628.17472505815 48628.21468625082 48628.2546474435 48628.29460863618 48628.33456982885 48628.37453102153 48628.41449221421 48628.45445340689 48628.49441459957 48628.53437579225 48628.57433698492 48628.6142981776 48628.65425937028 48628.69422056295 48628.73418175564 48628.77414294831 48628.81410414099 48628.85406533367 48628.89402652634 48628.93398771902 48628.9739489117 48629.01391010438 48629.05387129706 48629.09383248974 48629.13379368241 48629.17375487509 48629.21371606777 48629.25367726044 48629.29363845312 48629.3335996458 48629.37356083848 48629.41352203116 48629.45348322384 48629.49344441651 48629.53340560919 48629.57336680187 48629.61332799455 48629.65328918723 48629.6932503799 48629.73321157258 48629.77317276526 48629.81313395793 48629.85309515061 48629.8930563433 48629.93301753597 48629.97297872865 48630.01293992133 48630.052901114 48630.09286230668 48630.13282349936 48630.17278469204 48630.21274588472 48630.25270707739 48630.29266827007 48630.33262946275 48630.37259065542 48630.4125518481 48630.45251304079 48630.49247423346 48630.53243542614 48630.57239661882 48630.61235781149 48630.65231900417 48630.69228019685 48630.73224138953 48630.77220258221 48630.81216377488 48630.85212496756 48630.89208616024 48630.93204735292 48630.97200854559 48631.01196973828 48631.05193093095 48631.09189212363 48631.13185331631 48631.17181450898 48631.21177570166 48631.25173689434 48631.29169808701 48631.3316592797 48631.37162047238 48631.41158166505


# name: TRAIN_QUERIES
# type: cell
# rows: 1
# columns: 1
# name: <cell-element>
# type: sq_string
# elements: 1
# length: 2
R5





# name: TEST_QUERIES
# type: cell
# rows: 1
# columns: 1
# name: <cell-element>
# type: sq_string
# elements: 1
# length: 2
R2





# name: DATASIZE
# type: sq_string
# elements: 1
# length: 3
500


