# Created by Octave 3.8.2, Mon May 23 11:06:55 2016 CEST <Andrea@Andreas-MacBook-Pro.local>
# name: x
# type: matrix
# rows: 1
# columns: 100
 60 60.60606060606061 61.21212121212122 61.81818181818182 62.42424242424242 63.03030303030303 63.63636363636364 64.24242424242425 64.84848484848484 65.45454545454545 66.06060606060606 66.66666666666667 67.27272727272728 67.87878787878788 68.48484848484848 69.09090909090909 69.6969696969697 70.30303030303031 70.90909090909091 71.51515151515152 72.12121212121212 72.72727272727273 73.33333333333334 73.93939393939394 74.54545454545455 75.15151515151516 75.75757575757576 76.36363636363636 76.96969696969697 77.57575757575758 78.18181818181819 78.78787878787878 79.39393939393939 80 80.60606060606061 81.21212121212122 81.81818181818181 82.42424242424242 83.03030303030303 83.63636363636364 84.24242424242425 84.84848484848484 85.45454545454545 86.06060606060606 86.66666666666667 87.27272727272728 87.87878787878788 88.48484848484848 89.09090909090909 89.6969696969697 90.30303030303031 90.90909090909091 91.51515151515152 92.12121212121212 92.72727272727273 93.33333333333334 93.93939393939394 94.54545454545455 95.15151515151516 95.75757575757576 96.36363636363637 96.96969696969697 97.57575757575758 98.18181818181819 98.78787878787878 99.39393939393939 100 100.6060606060606 101.2121212121212 101.8181818181818 102.4242424242424 103.030303030303 103.6363636363636 104.2424242424242 104.8484848484848 105.4545454545455 106.0606060606061 106.6666666666667 107.2727272727273 107.8787878787879 108.4848484848485 109.0909090909091 109.6969696969697 110.3030303030303 110.9090909090909 111.5151515151515 112.1212121212121 112.7272727272727 113.3333333333333 113.9393939393939 114.5454545454545 115.1515151515152 115.7575757575758 116.3636363636364 116.969696969697 117.5757575757576 118.1818181818182 118.7878787878788 119.3939393939394 120


# name: y
# type: matrix
# rows: 100
# columns: 1
 38903.06288986001
 38906.95101102077
 38910.83913218154
 38914.72725334229
 38918.61537450306
 38922.50349566381
 38926.39161682458
 38930.27973798534
 38934.1678591461
 38938.05598030686
 38941.94410146763
 38945.83222262839
 38949.72034378914
 38953.60846494991
 38957.49658611067
 38961.38470727143
 38965.27282843219
 38969.16094959295
 38973.04907075372
 38976.93719191448
 38980.82531307524
 38984.713434236
 38988.60155539676
 38992.48967655752
 38996.37779771828
 39000.26591887904
 39004.15404003981
 39008.04216120057
 39011.93028236133
 39015.81840352209
 39019.70652468285
 39023.59464584361
 39027.48276700437
 39031.37088816513
 39035.25900932589
 39039.14713048666
 39043.03525164742
 39046.92337280818
 39050.81149396894
 39054.69961512971
 39058.58773629046
 39062.47585745122
 39066.36397861199
 39070.25209977275
 39074.14022093351
 39078.02834209427
 39081.91646325503
 39085.80458441579
 39089.69270557656
 39093.58082673731
 39097.46894789808
 39101.35706905884
 39105.2451902196
 39109.13331138036
 39113.02143254112
 39116.90955370189
 39120.79767486265
 39124.6857960234
 39128.57391718417
 39132.46203834493
 39136.35015950569
 39140.23828066645
 39144.12640182721
 39148.01452298797
 39151.90264414874
 39155.7907653095
 39159.67888647026
 39163.56700763102
 39167.45512879178
 39171.34324995254
 39175.2313711133
 39179.11949227407
 39183.00761343483
 39186.89573459559
 39190.78385575635
 39194.67197691711
 39198.56009807787
 39202.44821923863
 39206.33634039939
 39210.22446156016
 39214.11258272092
 39218.00070388168
 39221.88882504244
 39225.7769462032
 39229.66506736397
 39233.55318852473
 39237.44130968548
 39241.32943084625
 39245.21755200701
 39249.10567316777
 39252.99379432853
 39256.88191548929
 39260.77003665005
 39264.65815781082
 39268.54627897157
 39272.43440013233
 39276.3225212931
 39280.21064245386
 39284.09876361462
 39287.98688477538


# name: TRAIN_QUERIES
# type: cell
# rows: 1
# columns: 1
# name: <cell-element>
# type: sq_string
# elements: 1
# length: 2
R5





# name: TEST_QUERIES
# type: cell
# rows: 1
# columns: 1
# name: <cell-element>
# type: sq_string
# elements: 1
# length: 2
R2





# name: DATASIZE
# type: sq_string
# elements: 1
# length: 3
500


