# Created by Octave 3.8.2, Mon May 23 11:06:55 2016 CEST <Andrea@Andreas-MacBook-Pro.local>
# name: SVs
# type: cell
# rows: 1
# columns: 7
# name: <cell-element>
# type: sparse matrix
# nnz: 28
# rows: 4
# columns: 7
1 1 -0.7602751268461416
2 1 -1.072542711257034
3 1 -1.058914083632321
4 1 -0.8278228394909555
1 2 -0.9363667884793855
2 2 -1.05900719034911
3 2 -1.048583448031488
4 2 -0.730982166619332
1 3 -1.036709231909996
2 3 -1.025102778955448
3 3 -0.9844801936145282
4 3 -0.9828221289067355
1 4 -0.9901379606088302
2 4 -0.9829511169051909
3 4 -0.9961269970285296
4 4 -0.9965262661231762
1 5 -1.052553227343455
2 5 -0.9959594964066482
3 5 -1.027257544576246
4 5 -0.5785807307476964
1 6 -1.047270358616776
2 6 -0.9956190883831865
3 6 -1.033520434264938
4 6 -0.5887495652052107
1 7 -0.4069312333830123
2 7 0.5676941897812388
3 7 1.54231961294549
4 7 1.54231961294549



# name: <cell-element>
# type: sparse matrix
# nnz: 42
# rows: 6
# columns: 7
1 1 -1.010353827920967
2 1 -0.6812820133320302
3 1 -0.7602751268461416
4 1 -1.072542711257034
5 1 -1.058914083632321
6 1 -0.8278228394909555
1 2 -1.011224017601071
2 2 -0.566093322435705
3 2 -0.9363667884793855
4 2 -1.05900719034911
5 2 -1.048583448031488
6 2 -0.730982166619332
1 3 -0.9231317994262005
2 3 -0.7904866228027895
3 3 -1.036709231909996
4 3 -1.025102778955448
5 3 -0.9844801936145282
6 3 -0.9828221289067355
1 4 -0.903895836165159
2 4 -0.6268030844804008
3 4 -0.9901379606088302
4 4 -0.9829511169051909
5 4 -0.9961269970285296
6 4 -0.9965262661231762
1 5 -1.01275182818714
2 5 -0.3649251051150538
3 5 -1.052553227343455
4 5 -0.9959594964066482
5 5 -1.027257544576246
6 5 -0.5785807307476964
1 6 -1.017063270921546
2 6 -0.37637379063096
3 6 -1.047270358616776
4 6 -0.9956190883831865
5 6 -1.033520434264938
6 6 -0.5887495652052107
1 7 -1.381556656547263
2 7 0.5676941897812388
3 7 -0.4069312333830123
4 7 0.5676941897812388
5 7 1.54231961294549
6 7 1.54231961294549



# name: <cell-element>
# type: sparse matrix
# nnz: 49
# rows: 7
# columns: 7
1 1 -1.010353827920967
2 1 -0.6812820133320302
3 1 -0.7602751268461416
4 1 -1.072542711257034
5 1 -1.058914083632321
6 1 -0.9430045904357359
7 1 -0.8278228394909555
1 2 -1.011224017601071
2 2 -0.566093322435705
3 2 -0.9363667884793855
4 2 -1.05900719034911
5 2 -1.048583448031488
6 2 -0.9162111451484078
7 2 -0.730982166619332
1 3 -0.9231317994262005
2 3 -0.7904866228027895
3 3 -1.036709231909996
4 3 -1.025102778955448
5 3 -0.9844801936145282
6 3 -0.9741172891908242
7 3 -0.9828221289067355
1 4 -0.903895836165159
2 4 -0.6268030844804008
3 4 -0.9901379606088302
4 4 -0.9829511169051909
5 4 -0.9961269970285296
6 4 -0.9805555023373111
7 4 -0.9965262661231762
1 5 -1.01275182818714
2 5 -0.3649251051150538
3 5 -1.052553227343455
4 5 -0.9959594964066482
5 5 -1.027257544576246
6 5 -0.8655509623666573
7 5 -0.5785807307476964
1 6 -1.017063270921546
2 6 -0.37637379063096
3 6 -1.047270358616776
4 6 -0.9956190883831865
5 6 -1.033520434264938
6 6 -0.8762156002293977
7 6 -0.5887495652052107
1 7 -1.381556656547263
2 7 0.5676941897812388
3 7 -0.4069312333830123
4 7 0.5676941897812388
5 7 1.54231961294549
6 7 1.54231961294549
7 7 1.54231961294549



# name: <cell-element>
# type: sparse matrix
# nnz: 42
# rows: 6
# columns: 7
1 1 -1.010353827920967
2 1 -0.6812820133320302
3 1 -1.072542711257034
4 1 -1.006119691183192
5 1 -0.9430045904357359
6 1 -0.8278228394909555
1 2 -1.011224017601071
2 2 -0.566093322435705
3 2 -1.05900719034911
4 2 -0.990284287458591
5 2 -0.9162111451484078
6 2 -0.730982166619332
1 3 -0.9231317994262005
2 3 -0.7904866228027895
3 3 -1.025102778955448
4 3 -0.9790914833142021
5 3 -0.9741172891908242
6 3 -0.9828221289067355
1 4 -0.903895836165159
2 4 -0.6268030844804008
3 4 -0.9829511169051909
4 4 -0.9933321133660032
5 4 -0.9805555023373111
6 4 -0.9965262661231762
1 5 -1.01275182818714
2 5 -0.3649251051150538
3 5 -0.9959594964066482
4 5 -0.9506559289648102
5 5 -0.8655509623666573
6 5 -0.5785807307476964
1 6 -1.017063270921546
2 6 -0.37637379063096
3 6 -0.9956190883831865
4 6 -0.9602112520989186
5 6 -0.8762156002293977
6 6 -0.5887495652052107
1 7 -1.381556656547263
2 7 0.5676941897812388
3 7 0.5676941897812388
4 7 -0.4069312333830123
5 7 1.54231961294549
6 7 1.54231961294549



# name: <cell-element>
# type: sparse matrix
# nnz: 56
# rows: 8
# columns: 7
1 1 -1.010353827920967
2 1 -0.6812820133320302
3 1 -1.047137890830385
4 1 -0.7602751268461416
5 1 -1.072542711257034
6 1 -1.058914083632321
7 1 -1.061494260706903
8 1 -0.8278228394909555
1 2 -1.011224017601071
2 2 -0.566093322435705
3 2 -1.057854121508665
4 2 -0.9363667884793855
5 2 -1.05900719034911
6 2 -1.048583448031488
7 2 -1.059745154406994
8 2 -0.730982166619332
1 3 -0.9231317994262005
2 3 -0.7904866228027895
3 3 -0.9848947097914763
4 3 -1.036709231909996
5 3 -1.025102778955448
6 3 -0.9844801936145282
7 3 -0.9819930965528392
8 3 -0.9828221289067355
1 4 -0.903895836165159
2 4 -0.6268030844804008
3 4 -0.9905372297034768
4 4 -0.9901379606088302
5 4 -0.9829511169051909
6 4 -0.9961269970285296
7 4 -0.9917350369874167
8 4 -0.9965262661231762
1 5 -1.01275182818714
2 5 -0.3649251051150538
3 5 -1.034331760943347
4 5 -1.052553227343455
5 5 -0.9959594964066482
6 5 -1.027257544576246
7 5 -1.049266217718338
8 5 -0.5785807307476964
1 6 -1.017063270921546
2 6 -0.37637379063096
3 6 -1.042853284472663
4 6 -1.047270358616776
5 6 -0.9956190883831865
6 6 -1.033520434264938
7 6 -1.042212096290452
8 6 -0.5887495652052107
1 7 -1.381556656547263
2 7 0.5676941897812388
3 7 -0.4069312333830123
4 7 -0.4069312333830123
5 7 0.5676941897812388
6 7 1.54231961294549
7 7 -0.4069312333830123
8 7 1.54231961294549



# name: <cell-element>
# type: sparse matrix
# nnz: 42
# rows: 6
# columns: 7
1 1 -0.6812820133320302
2 1 -1.059311033951488
3 1 -0.7602751268461416
4 1 -1.072542711257034
5 1 -1.058914083632321
6 1 -0.8278228394909555
1 2 -0.566093322435705
2 2 -1.067770513536491
3 2 -0.9363667884793855
4 2 -1.05900719034911
5 2 -1.048583448031488
6 2 -0.730982166619332
1 3 -0.7904866228027895
2 3 -1.08769472167462
3 3 -1.036709231909996
4 3 -1.025102778955448
5 3 -0.9844801936145282
6 3 -0.9828221289067355
1 4 -0.6268030844804008
2 4 -1.097940616163419
3 4 -0.9901379606088302
4 4 -0.9829511169051909
5 4 -0.9961269970285296
6 4 -0.9965262661231762
1 5 -0.3649251051150538
2 5 -1.085423323594631
3 5 -1.052553227343455
4 5 -0.9959594964066482
5 5 -1.027257544576246
6 5 -0.5785807307476964
1 6 -0.37637379063096
2 6 -1.094290825312182
3 6 -1.047270358616776
4 6 -0.9956190883831865
5 6 -1.033520434264938
6 6 -0.5887495652052107
1 7 0.5676941897812388
2 7 -1.381556656547263
3 7 -0.4069312333830123
4 7 0.5676941897812388
5 7 1.54231961294549
6 7 1.54231961294549



# name: <cell-element>
# type: scalar
0





# name: coefficients
# type: cell
# rows: 1
# columns: 7
# name: <cell-element>
# type: matrix
# rows: 4
# columns: 1
 0.176210046874873
 -0.35789
 -0.1762100468748729
 0.35789



# name: <cell-element>
# type: matrix
# rows: 6
# columns: 1
 -0.3098034719707787
 0.1160350119279497
 0.6571790426008901
 -0.87368
 -0.4634105825580609
 0.87368



# name: <cell-element>
# type: matrix
# rows: 7
# columns: 1
 -0.1541449937716383
 0.2388448888154439
 0.1991981288781972
 -0.5996199851293178
 -0.02492474208648863
 -0.2751432967061963
 0.6157899999999999



# name: <cell-element>
# type: matrix
# rows: 6
# columns: 1
 -0.06527714017469392
 0.35789
 -0.35789
 -0.1113344540788284
 -0.1812784057464777
 0.35789



# name: <cell-element>
# type: matrix
# rows: 8
# columns: 1
 -0.004796221827584696
 0.1
 -0.1
 0.09972238950750084
 -0.1
 -0.02565256801877482
 -0.06927359966114131
 0.1



# name: <cell-element>
# type: matrix
# rows: 6
# columns: 1
 0.1497365720169478
 -0.5131874435493523
 1.051679907255956
 -1.1316
 -0.6882290357235511
 1.1316



# name: <cell-element>
# type: scalar
0





# name: b
# type: cell
# rows: 1
# columns: 7
# name: <cell-element>
# type: scalar
-0.3864999445028842



# name: <cell-element>
# type: scalar
-0.5917037429629249



