# Created by Octave 3.8.2, Mon May 23 11:06:48 2016 CEST <Andrea@Andreas-MacBook-Pro.local>
# name: mu
# type: matrix
# rows: 1
# columns: 8
 48629.32474226804 26748.74226804124 36250.62371134021 3789.010309278351 3917.876288659794 17844.9381443299 18046.94845360825 88.35051546391753


# name: sigma
# type: matrix
# rows: 1
# columns: 8
 24694.39412256403 15115.24165694144 21681.27272466494 2412.451083000947 2504.576520967777 13994.4829027857 14036.44086043243 20.52070418506768


