# Created by Octave 3.8.2, Mon May 23 11:06:55 2016 CEST <Andrea@Andreas-MacBook-Pro.local>
# name: x
# type: matrix
# rows: 1
# columns: 100
 60 60.60606060606061 61.21212121212122 61.81818181818182 62.42424242424242 63.03030303030303 63.63636363636364 64.24242424242425 64.84848484848484 65.45454545454545 66.06060606060606 66.66666666666667 67.27272727272728 67.87878787878788 68.48484848484848 69.09090909090909 69.6969696969697 70.30303030303031 70.90909090909091 71.51515151515152 72.12121212121212 72.72727272727273 73.33333333333334 73.93939393939394 74.54545454545455 75.15151515151516 75.75757575757576 76.36363636363636 76.96969696969697 77.57575757575758 78.18181818181819 78.78787878787878 79.39393939393939 80 80.60606060606061 81.21212121212122 81.81818181818181 82.42424242424242 83.03030303030303 83.63636363636364 84.24242424242425 84.84848484848484 85.45454545454545 86.06060606060606 86.66666666666667 87.27272727272728 87.87878787878788 88.48484848484848 89.09090909090909 89.6969696969697 90.30303030303031 90.90909090909091 91.51515151515152 92.12121212121212 92.72727272727273 93.33333333333334 93.93939393939394 94.54545454545455 95.15151515151516 95.75757575757576 96.36363636363637 96.96969696969697 97.57575757575758 98.18181818181819 98.78787878787878 99.39393939393939 100 100.6060606060606 101.2121212121212 101.8181818181818 102.4242424242424 103.030303030303 103.6363636363636 104.2424242424242 104.8484848484848 105.4545454545455 106.0606060606061 106.6666666666667 107.2727272727273 107.8787878787879 108.4848484848485 109.0909090909091 109.6969696969697 110.3030303030303 110.9090909090909 111.5151515151515 112.1212121212121 112.7272727272727 113.3333333333333 113.9393939393939 114.5454545454545 115.1515151515152 115.7575757575758 116.3636363636364 116.969696969697 117.5757575757576 118.1818181818182 118.7878787878788 119.3939393939394 120


# name: y
# type: matrix
# rows: 100
# columns: 1
 27553.03737732129
 27552.86573972862
 27552.71185922851
 27552.5742347033
 27552.45146229073
 27552.34223108926
 27552.24531896051
 27552.15958842855
 27552.0839826762
 27552.01752163844
 27551.95929819268
 27551.90847444607
 27551.86427811981
 27551.82599903046
 27551.79298566821
 27551.76464187214
 27551.74042360254
 27551.71983581013
 27551.70242940234
 27551.68779830653
 27551.67557663025
 27551.66543591847
 27551.65708250779
 27551.65025497764
 27551.64472169853
 27551.64027847721
 27551.63674629886
 27551.63396916629
 27551.63181203612
 27551.63015885189
 27551.6289106743
 27551.62798390826
 27551.62730862714
 27551.62682699382
 27551.62649177883
 27551.6262649755
 27551.62611651202
 27551.62602306059
 27551.62596694348
 27551.62593513609
 27551.62591836709
 27551.62591031544
 27551.62590690446
 27551.6259056929
 27551.62590536292
 27551.62590530522
 27551.62590530099
 27551.62590530096
 27551.6259053014
 27551.62590531716
 27551.62590545158
 27551.62590606356
 27551.6259080315
 27551.62591311429
 27551.62592440923
 27551.62594690702
 27551.62598814371
 27551.62605894961
 27551.62617429524
 27551.62635423423
 27551.62662494327
 27551.62701985896
 27551.62758091177
 27551.62835985687
 27551.62941970205
 27551.63083623258
 27551.63269963307
 27551.63511620632
 27551.63821018919
 27551.64212566542
 27551.64702857548
 27551.65310882335
 27551.66058248041
 27551.66969408616
 27551.6807190461
 27551.69396612647
 27551.70978004604
 27551.7285441649
 27551.75068327021
 27551.77666645899
 27551.80701011781
 27551.84228099961
 27551.88309939735
 27551.93014241483
 27551.9841473343
 27552.04591508128
 27552.11631378617
 27552.19628244301
 27552.28683466511
 27552.38906253778
 27552.50414056795
 27552.63332973088
 27552.77798161377
 27552.93954265642
 27553.11955848887
 27553.31967836605
 27553.54165969934
 27553.78737268524
 27554.05880503096
 27554.35806677699


# name: TRAIN_QUERIES
# type: cell
# rows: 1
# columns: 1
# name: <cell-element>
# type: sq_string
# elements: 1
# length: 2
R5





# name: TEST_QUERIES
# type: cell
# rows: 1
# columns: 1
# name: <cell-element>
# type: sq_string
# elements: 1
# length: 2
R2





# name: DATASIZE
# type: sq_string
# elements: 1
# length: 3
500


