# Created by Octave 3.8.2, Mon May 23 11:06:55 2016 CEST <Andrea@Andreas-MacBook-Pro.local>
# name: x
# type: matrix
# rows: 1
# columns: 100
 60 60.60606060606061 61.21212121212122 61.81818181818182 62.42424242424242 63.03030303030303 63.63636363636364 64.24242424242425 64.84848484848484 65.45454545454545 66.06060606060606 66.66666666666667 67.27272727272728 67.87878787878788 68.48484848484848 69.09090909090909 69.6969696969697 70.30303030303031 70.90909090909091 71.51515151515152 72.12121212121212 72.72727272727273 73.33333333333334 73.93939393939394 74.54545454545455 75.15151515151516 75.75757575757576 76.36363636363636 76.96969696969697 77.57575757575758 78.18181818181819 78.78787878787878 79.39393939393939 80 80.60606060606061 81.21212121212122 81.81818181818181 82.42424242424242 83.03030303030303 83.63636363636364 84.24242424242425 84.84848484848484 85.45454545454545 86.06060606060606 86.66666666666667 87.27272727272728 87.87878787878788 88.48484848484848 89.09090909090909 89.6969696969697 90.30303030303031 90.90909090909091 91.51515151515152 92.12121212121212 92.72727272727273 93.33333333333334 93.93939393939394 94.54545454545455 95.15151515151516 95.75757575757576 96.36363636363637 96.96969696969697 97.57575757575758 98.18181818181819 98.78787878787878 99.39393939393939 100 100.6060606060606 101.2121212121212 101.8181818181818 102.4242424242424 103.030303030303 103.6363636363636 104.2424242424242 104.8484848484848 105.4545454545455 106.0606060606061 106.6666666666667 107.2727272727273 107.8787878787879 108.4848484848485 109.0909090909091 109.6969696969697 110.3030303030303 110.9090909090909 111.5151515151515 112.1212121212121 112.7272727272727 113.3333333333333 113.9393939393939 114.5454545454545 115.1515151515152 115.7575757575758 116.3636363636364 116.969696969697 117.5757575757576 118.1818181818182 118.7878787878788 119.3939393939394 120


# name: y
# type: matrix
# rows: 100
# columns: 1
 34257.32763103029
 34247.18595199456
 34237.26341817301
 34227.56002956565
 34218.07578617247
 34208.81068799347
 34199.76473502866
 34190.93792727802
 34182.33026474157
 34173.9417474193
 34165.77237531122
 34157.82214841731
 34150.09106673759
 34142.57913027206
 34135.28633902071
 34128.21269298353
 34121.35819216054
 34114.72283655173
 34108.30662615711
 34102.10956097666
 34096.1316410104
 34090.37286625833
 34084.83323672043
 34079.51275239672
 34074.41141328719
 34069.52921939185
 34064.86617071068
 34060.4222672437
 34056.1975089909
 34052.19189595229
 34048.40542812785
 34044.83810551761
 34041.48992812153
 34038.36089593965
 34035.45100897195
 34032.76026721843
 34030.28867067909
 34028.03621935393
 34026.00291324296
 34024.18875234617
 34022.59373666356
 34021.21786619513
 34020.0611409409
 34019.12356090084
 34018.40512607495
 34017.90583646327
 34017.62569206575
 34017.56469288243
 34017.72283891328
 34018.10013015832
 34018.69656661753
 34019.51214829093
 34020.54687517852
 34021.80074728029
 34023.27376459623
 34024.96592712637
 34026.87723487068
 34029.00768782917
 34031.35728600185
 34033.92602938872
 34036.71391798976
 34039.72095180499
 34042.9471308344
 34046.39245507799
 34050.05692453576
 34053.94053920772
 34058.04329909386
 34062.36520419418
 34066.90625450869
 34071.66645003738
 34076.64579078025
 34081.84427673731
 34087.26190790854
 34092.89868429396
 34098.75460589355
 34104.82967270735
 34111.12388473531
 34117.63724197746
 34124.36974443379
 34131.32139210431
 34138.492184989
 34145.88212308788
 34153.49120640094
 34161.31943492818
 34169.36680866961
 34177.63332762523
 34186.11899179502
 34194.82380117899
 34203.74775577715
 34212.89085558949
 34222.25310061601
 34231.83449085672
 34241.6350263116
 34251.65470698068
 34261.89353286393
 34272.35150396136
 34283.02862027298
 34293.92488179878
 34305.04028853877
 34316.37484049294


# name: TRAIN_QUERIES
# type: cell
# rows: 1
# columns: 1
# name: <cell-element>
# type: sq_string
# elements: 1
# length: 2
R5





# name: TEST_QUERIES
# type: cell
# rows: 1
# columns: 1
# name: <cell-element>
# type: sq_string
# elements: 1
# length: 2
R2





# name: DATASIZE
# type: sq_string
# elements: 1
# length: 3
500


