# Created by Octave 3.8.2, Mon May 23 11:06:55 2016 CEST <Andrea@Andreas-MacBook-Pro.local>
# name: x
# type: matrix
# rows: 1
# columns: 100
 60 60.60606060606061 61.21212121212122 61.81818181818182 62.42424242424242 63.03030303030303 63.63636363636364 64.24242424242425 64.84848484848484 65.45454545454545 66.06060606060606 66.66666666666667 67.27272727272728 67.87878787878788 68.48484848484848 69.09090909090909 69.6969696969697 70.30303030303031 70.90909090909091 71.51515151515152 72.12121212121212 72.72727272727273 73.33333333333334 73.93939393939394 74.54545454545455 75.15151515151516 75.75757575757576 76.36363636363636 76.96969696969697 77.57575757575758 78.18181818181819 78.78787878787878 79.39393939393939 80 80.60606060606061 81.21212121212122 81.81818181818181 82.42424242424242 83.03030303030303 83.63636363636364 84.24242424242425 84.84848484848484 85.45454545454545 86.06060606060606 86.66666666666667 87.27272727272728 87.87878787878788 88.48484848484848 89.09090909090909 89.6969696969697 90.30303030303031 90.90909090909091 91.51515151515152 92.12121212121212 92.72727272727273 93.33333333333334 93.93939393939394 94.54545454545455 95.15151515151516 95.75757575757576 96.36363636363637 96.96969696969697 97.57575757575758 98.18181818181819 98.78787878787878 99.39393939393939 100 100.6060606060606 101.2121212121212 101.8181818181818 102.4242424242424 103.030303030303 103.6363636363636 104.2424242424242 104.8484848484848 105.4545454545455 106.0606060606061 106.6666666666667 107.2727272727273 107.8787878787879 108.4848484848485 109.0909090909091 109.6969696969697 110.3030303030303 110.9090909090909 111.5151515151515 112.1212121212121 112.7272727272727 113.3333333333333 113.9393939393939 114.5454545454545 115.1515151515152 115.7575757575758 116.3636363636364 116.969696969697 117.5757575757576 118.1818181818182 118.7878787878788 119.3939393939394 120


# name: y
# type: matrix
# rows: 100
# columns: 1
 32475.98026427322
 32493.68148274687
 32510.6260065805
 32526.83036530458
 32542.31108844961
 32557.08470554605
 32571.16774612439
 32584.57673971508
 32597.32821584863
 32609.4387040555
 32620.92473386617
 32631.8028348111
 32642.0895364208
 32651.80136822572
 32660.95485975634
 32669.56654054315
 32677.65294011661
 32685.23058800721
 32692.31601374542
 32698.92574686171
 32705.07631688657
 32710.78425335047
 32716.06608578389
 32720.93834371731
 32725.41755668119
 32729.52025420602
 32733.26296582228
 32736.66222106043
 32739.73454945096
 32742.49648052435
 32744.96454381107
 32747.1552688416
 32749.0851851464
 32750.77082225597
 32752.22870970078
 32753.4753770113
 32754.52735371801
 32755.40116935139
 32756.11335344191
 32756.68043552005
 32757.11894511629
 32757.4454117611
 32757.67636498496
 32757.82833431835
 32757.91784929174
 32757.96143943561
 32757.97563428044
 32757.9769633567
 32757.98195619487
 32758.00714232543
 32758.06905127884
 32758.18421258561
 32758.36915577618
 32758.64041038105
 32759.01450593069
 32759.50797195557
 32760.13733798618
 32760.91913355298
 32761.86988818647
 32763.0061314171
 32764.34439277537
 32765.90120179173
 32767.69308799669
 32769.7365809207
 32772.04821009425
 32774.64450504781
 32777.54199531185
 32780.75721041687
 32784.30667989333
 32788.20693327171
 32792.47450008248
 32797.12590985612
 32802.17769212311
 32807.64637641393
 32813.54849225905
 32819.90056918895
 32826.7191367341
 32834.02072442498
 32841.82186179207
 32850.13907836586
 32858.98890367679
 32868.38786725537
 32878.35249863207
 32888.89932733735
 32900.0448829017
 32911.8056948556
 32924.19829272952
 32937.23920605394
 32950.94496435933
 32965.33209717617
 32980.41713403495
 32996.21660446612
 33012.74703800018
 33030.02496416759
 33048.06691249885
 33066.8894125244
 33086.50899377475
 33106.94218578037
 33128.20551807172
 33150.31552017929


# name: TRAIN_QUERIES
# type: cell
# rows: 1
# columns: 1
# name: <cell-element>
# type: sq_string
# elements: 1
# length: 2
R5





# name: TEST_QUERIES
# type: cell
# rows: 1
# columns: 1
# name: <cell-element>
# type: sq_string
# elements: 1
# length: 2
R2





# name: DATASIZE
# type: sq_string
# elements: 1
# length: 3
500


