# Created by Octave 3.8.2, Mon May 23 11:06:55 2016 CEST <Andrea@Andreas-MacBook-Pro.local>
# name: x
# type: matrix
# rows: 1
# columns: 100
 60 60.60606060606061 61.21212121212122 61.81818181818182 62.42424242424242 63.03030303030303 63.63636363636364 64.24242424242425 64.84848484848484 65.45454545454545 66.06060606060606 66.66666666666667 67.27272727272728 67.87878787878788 68.48484848484848 69.09090909090909 69.6969696969697 70.30303030303031 70.90909090909091 71.51515151515152 72.12121212121212 72.72727272727273 73.33333333333334 73.93939393939394 74.54545454545455 75.15151515151516 75.75757575757576 76.36363636363636 76.96969696969697 77.57575757575758 78.18181818181819 78.78787878787878 79.39393939393939 80 80.60606060606061 81.21212121212122 81.81818181818181 82.42424242424242 83.03030303030303 83.63636363636364 84.24242424242425 84.84848484848484 85.45454545454545 86.06060606060606 86.66666666666667 87.27272727272728 87.87878787878788 88.48484848484848 89.09090909090909 89.6969696969697 90.30303030303031 90.90909090909091 91.51515151515152 92.12121212121212 92.72727272727273 93.33333333333334 93.93939393939394 94.54545454545455 95.15151515151516 95.75757575757576 96.36363636363637 96.96969696969697 97.57575757575758 98.18181818181819 98.78787878787878 99.39393939393939 100 100.6060606060606 101.2121212121212 101.8181818181818 102.4242424242424 103.030303030303 103.6363636363636 104.2424242424242 104.8484848484848 105.4545454545455 106.0606060606061 106.6666666666667 107.2727272727273 107.8787878787879 108.4848484848485 109.0909090909091 109.6969696969697 110.3030303030303 110.9090909090909 111.5151515151515 112.1212121212121 112.7272727272727 113.3333333333333 113.9393939393939 114.5454545454545 115.1515151515152 115.7575757575758 116.3636363636364 116.969696969697 117.5757575757576 118.1818181818182 118.7878787878788 119.3939393939394 120


# name: y
# type: matrix
# rows: 100
# columns: 1
 32059.04649661406
 32056.69312283633
 32054.48902254529
 32052.42774590819
 32050.50298554082
 32048.70857650741
 32047.03849632072
 32045.48686494198
 32044.04794478092
 32042.71614069576
 32041.48599999321
 32040.35221242846
 32039.30961020523
 32038.35316797568
 32037.47800284051
 32036.67937434887
 32035.95268449843
 32035.29347773534
 32034.69744095424
 32034.16040349827
 32033.67833715905
 32033.2473561767
 32032.86371723983
 32032.52381948555
 32032.22420449943
 32031.96155631558
 32031.73270141656
 32031.53460873344
 32031.36438964577
 32031.21929798161
 32031.09673001751
 32030.99422447849
 32030.90946253807
 32030.84026781828
 32030.78460638961
 32030.74058677108
 32030.70645993017
 32030.68061928286
 32030.66160069363
 32030.64808247544
 32030.63888538975
 32030.6329726465
 32030.62944990415
 32030.62756526961
 32030.62670929831
 32030.62641499416
 32030.62635780958
 32030.62635564546
 32030.62636885118
 32030.62650022463
 32030.62699501219
 32030.6282409087
 32030.63076805754
 32030.63524905053
 32030.64249892803
 32030.65347517887
 32030.66927774036
 32030.69114899832
 32030.72047378705
 32030.75877938934
 32030.80773553649
 32030.86915440827
 32030.94499063295
 32031.0373412873
 32031.14844589657
 32031.2806864345
 32031.43658732333
 32031.61881543379
 32031.83018008509
 32032.07363304495
 32032.35226852958
 32032.66932320366
 32033.02817618037
 32033.43234902141
 32033.88550573693
 32034.3914527856
 32034.95413907456
 32035.57765595947
 32036.26623724445
 32037.02425918213
 32037.85624047363
 32038.76684226856
 32039.76086816502
 32040.8432642096
 32042.01911889739
 32043.29366317196
 32044.67227042538
 32046.1604564982
 32047.76387967948
 32049.48834070676
 32051.33978276607
 32053.32429149193
 32055.44809496737
 32057.71756372388
 32060.13921074148
 32062.71969144864
 32065.46580372235
 32068.38448788809
 32071.48282671982
 32074.76804544


# name: TRAIN_QUERIES
# type: cell
# rows: 1
# columns: 1
# name: <cell-element>
# type: sq_string
# elements: 1
# length: 2
R5





# name: TEST_QUERIES
# type: cell
# rows: 1
# columns: 1
# name: <cell-element>
# type: sq_string
# elements: 1
# length: 2
R2





# name: DATASIZE
# type: sq_string
# elements: 1
# length: 3
500


