# Created by Octave 3.8.2, Mon May 23 11:23:57 2016 CEST <Andrea@Andreas-MacBook-Pro.local>
# name: x
# type: matrix
# rows: 1
# columns: 100
 60 60.60606060606061 61.21212121212121 61.81818181818181 62.42424242424242 63.03030303030303 63.63636363636363 64.24242424242425 64.84848484848484 65.45454545454545 66.06060606060606 66.66666666666666 67.27272727272727 67.87878787878788 68.48484848484848 69.09090909090909 69.69696969696969 70.3030303030303 70.90909090909091 71.51515151515152 72.12121212121212 72.72727272727272 73.33333333333333 73.93939393939394 74.54545454545455 75.15151515151516 75.75757575757575 76.36363636363636 76.96969696969697 77.57575757575758 78.18181818181819 78.78787878787878 79.39393939393939 80 80.60606060606061 81.21212121212122 81.81818181818181 82.42424242424242 83.03030303030303 83.63636363636364 84.24242424242425 84.84848484848484 85.45454545454545 86.06060606060606 86.66666666666667 87.27272727272727 87.87878787878788 88.48484848484848 89.09090909090909 89.6969696969697 90.3030303030303 90.90909090909091 91.51515151515152 92.12121212121212 92.72727272727272 93.33333333333333 93.93939393939394 94.54545454545455 95.15151515151516 95.75757575757576 96.36363636363636 96.96969696969697 97.57575757575758 98.18181818181819 98.78787878787878 99.39393939393939 100 100.6060606060606 101.2121212121212 101.8181818181818 102.4242424242424 103.030303030303 103.6363636363636 104.2424242424242 104.8484848484848 105.4545454545455 106.0606060606061 106.6666666666667 107.2727272727273 107.8787878787879 108.4848484848485 109.0909090909091 109.6969696969697 110.3030303030303 110.9090909090909 111.5151515151515 112.1212121212121 112.7272727272727 113.3333333333333 113.9393939393939 114.5454545454545 115.1515151515152 115.7575757575758 116.3636363636364 116.969696969697 117.5757575757576 118.1818181818182 118.7878787878788 119.3939393939394 120


# name: y
# type: matrix
# rows: 100
# columns: 1
 510414.7074996638
 509174.1202407252
 507886.9626797751
 506553.5688888333
 505174.3148389999
 503749.6183414559
 502279.9389388354
 500765.7777469519
 499207.6772469328
 497606.2210278872
 495962.0334803036
 494275.7794404451
 492548.1637860761
 490779.9309839264
 488971.8645893624
 487124.7866988043
 485239.5573554889
 483317.0739092456
 481358.2703310106
 479364.1164828679
 477335.6173444624
 475273.8121966889
 473179.7737636149
 471054.6073136504
 468899.4497210267
 466715.4684887013
 464503.8607338478
 462265.8521371411
 460002.69585709
 457715.6714107114
 455406.0835218827
 453075.2609387447
 450724.5552215655
 448355.3395025097
 445969.0072187904
 443566.9708207093
 441150.6604561231
 438721.5226328953
 436281.0188609227
 433830.6242753429
 431371.8262425546
 428906.1229506966
 426435.0219862516
 423960.0388984539
 421482.6957531931
 419004.5196781158
 416527.0414006403
 414051.7937805997
 411580.3103392423
 409114.1237863136
 406654.7645469519
 404203.7592901267
 401762.6294603471
 399332.8898143633
 396916.0469645811
 394513.597930898
 392127.028702664
 389757.812812456
 387407.4099233452
 385077.2644313191
 382768.8040845046
 380483.4386208224
 378222.5584256789
 375987.5332112838
 373779.7107191557
 371600.4154473543
 369450.9474039481
 367332.5808882003
 365246.5633009241
 363194.1139854233
 361176.4231004037
 359194.6505262021
 357249.9248056416
 355343.3421207837
 353475.9653068037
 351648.822904175
 349862.9082503011
 348119.1786116863
 346418.5543576918
 344761.9181768668
 343150.1143367992
 341583.9479883707
 340064.1845152507
 338591.5489294049
 337166.7253133332
 335790.3563096975
 334463.0426589341
 333185.3427853857
 331957.7724324212
 330780.8043469515
 329654.8680136778
 328580.3494393461
 327557.5909872106
 326586.8912618437
 325668.5050443548
 324802.6432780162
 323989.4731042196
 323229.1179486157
 322521.6576572215
 321867.1286822027


# name: TRAIN_QUERIES
# type: cell
# rows: 1
# columns: 1
# name: <cell-element>
# type: sq_string
# elements: 1
# length: 2
R4





# name: TEST_QUERIES
# type: cell
# rows: 1
# columns: 1
# name: <cell-element>
# type: sq_string
# elements: 1
# length: 2
R3





# name: DATASIZE
# type: sq_string
# elements: 1
# length: 3
500


