# Created by Octave 3.8.2, Mon May 23 11:23:57 2016 CEST <Andrea@Andreas-MacBook-Pro.local>
# name: x
# type: matrix
# rows: 1
# columns: 100
 60 60.60606060606061 61.21212121212121 61.81818181818181 62.42424242424242 63.03030303030303 63.63636363636363 64.24242424242425 64.84848484848484 65.45454545454545 66.06060606060606 66.66666666666666 67.27272727272727 67.87878787878788 68.48484848484848 69.09090909090909 69.69696969696969 70.3030303030303 70.90909090909091 71.51515151515152 72.12121212121212 72.72727272727272 73.33333333333333 73.93939393939394 74.54545454545455 75.15151515151516 75.75757575757575 76.36363636363636 76.96969696969697 77.57575757575758 78.18181818181819 78.78787878787878 79.39393939393939 80 80.60606060606061 81.21212121212122 81.81818181818181 82.42424242424242 83.03030303030303 83.63636363636364 84.24242424242425 84.84848484848484 85.45454545454545 86.06060606060606 86.66666666666667 87.27272727272727 87.87878787878788 88.48484848484848 89.09090909090909 89.6969696969697 90.3030303030303 90.90909090909091 91.51515151515152 92.12121212121212 92.72727272727272 93.33333333333333 93.93939393939394 94.54545454545455 95.15151515151516 95.75757575757576 96.36363636363636 96.96969696969697 97.57575757575758 98.18181818181819 98.78787878787878 99.39393939393939 100 100.6060606060606 101.2121212121212 101.8181818181818 102.4242424242424 103.030303030303 103.6363636363636 104.2424242424242 104.8484848484848 105.4545454545455 106.0606060606061 106.6666666666667 107.2727272727273 107.8787878787879 108.4848484848485 109.0909090909091 109.6969696969697 110.3030303030303 110.9090909090909 111.5151515151515 112.1212121212121 112.7272727272727 113.3333333333333 113.9393939393939 114.5454545454545 115.1515151515152 115.7575757575758 116.3636363636364 116.969696969697 117.5757575757576 118.1818181818182 118.7878787878788 119.3939393939394 120


# name: y
# type: matrix
# rows: 100
# columns: 1
 488371.5333064618
 487666.1738989398
 486960.8144914177
 486255.4550838956
 485550.0956763736
 484844.7362688516
 484139.3768613295
 483434.0174538075
 482728.6580462854
 482023.2986387634
 481317.9392312412
 480612.5798237193
 479907.2204161972
 479201.8610086751
 478496.501601153
 477791.142193631
 477085.782786109
 476380.4233785869
 475675.0639710648
 474969.7045635428
 474264.3451560207
 473558.9857484987
 472853.6263409766
 472148.2669334545
 471442.9075259325
 470737.5481184104
 470032.1887108884
 469326.8293033663
 468621.4698958443
 467916.1104883222
 467210.7510808002
 466505.3916732781
 465800.032265756
 465094.672858234
 464389.313450712
 463683.9540431899
 462978.5946356678
 462273.2352281457
 461567.8758206237
 460862.5164131016
 460157.1570055796
 459451.7975980575
 458746.4381905355
 458041.0787830134
 457335.7193754914
 456630.3599679693
 455925.0005604472
 455219.6411529252
 454514.2817454031
 453808.9223378811
 453103.562930359
 452398.203522837
 451692.8441153149
 450987.4847077929
 450282.1253002708
 449576.7658927487
 448871.4064852266
 448166.0470777046
 447460.6876701826
 446755.3282626605
 446049.9688551385
 445344.6094476164
 444639.2500400943
 443933.8906325723
 443228.5312250502
 442523.1718175282
 441817.8124100061
 441112.453002484
 440407.093594962
 439701.7341874399
 438996.3747799179
 438291.0153723959
 437585.6559648738
 436880.2965573517
 436174.9371498296
 435469.5777423076
 434764.2183347855
 434058.8589272635
 433353.4995197414
 432648.1401122194
 431942.7807046973
 431237.4212971752
 430532.0618896532
 429826.7024821311
 429121.3430746091
 428415.983667087
 427710.624259565
 427005.2648520429
 426299.9054445209
 425594.5460369988
 424889.1866294767
 424183.8272219547
 423478.4678144326
 422773.1084069106
 422067.7489993885
 421362.3895918665
 420657.0301843444
 419951.6707768224
 419246.3113693003
 418540.9519617783


# name: TRAIN_QUERIES
# type: cell
# rows: 1
# columns: 1
# name: <cell-element>
# type: sq_string
# elements: 1
# length: 2
R4





# name: TEST_QUERIES
# type: cell
# rows: 1
# columns: 1
# name: <cell-element>
# type: sq_string
# elements: 1
# length: 2
R3





# name: DATASIZE
# type: sq_string
# elements: 1
# length: 3
500


