# Created by Octave 3.8.2, Mon May 23 11:23:56 2016 CEST <Andrea@Andreas-MacBook-Pro.local>
# name: x
# type: matrix
# rows: 1
# columns: 100
 60 60.60606060606061 61.21212121212121 61.81818181818181 62.42424242424242 63.03030303030303 63.63636363636363 64.24242424242425 64.84848484848484 65.45454545454545 66.06060606060606 66.66666666666666 67.27272727272727 67.87878787878788 68.48484848484848 69.09090909090909 69.69696969696969 70.3030303030303 70.90909090909091 71.51515151515152 72.12121212121212 72.72727272727272 73.33333333333333 73.93939393939394 74.54545454545455 75.15151515151516 75.75757575757575 76.36363636363636 76.96969696969697 77.57575757575758 78.18181818181819 78.78787878787878 79.39393939393939 80 80.60606060606061 81.21212121212122 81.81818181818181 82.42424242424242 83.03030303030303 83.63636363636364 84.24242424242425 84.84848484848484 85.45454545454545 86.06060606060606 86.66666666666667 87.27272727272727 87.87878787878788 88.48484848484848 89.09090909090909 89.6969696969697 90.3030303030303 90.90909090909091 91.51515151515152 92.12121212121212 92.72727272727272 93.33333333333333 93.93939393939394 94.54545454545455 95.15151515151516 95.75757575757576 96.36363636363636 96.96969696969697 97.57575757575758 98.18181818181819 98.78787878787878 99.39393939393939 100 100.6060606060606 101.2121212121212 101.8181818181818 102.4242424242424 103.030303030303 103.6363636363636 104.2424242424242 104.8484848484848 105.4545454545455 106.0606060606061 106.6666666666667 107.2727272727273 107.8787878787879 108.4848484848485 109.0909090909091 109.6969696969697 110.3030303030303 110.9090909090909 111.5151515151515 112.1212121212121 112.7272727272727 113.3333333333333 113.9393939393939 114.5454545454545 115.1515151515152 115.7575757575758 116.3636363636364 116.969696969697 117.5757575757576 118.1818181818182 118.7878787878788 119.3939393939394 120


# name: y
# type: matrix
# rows: 1
# columns: 100
 462716.0598032633 462448.1828429626 462180.3058826618 461912.4289223611 461644.5519620604 461376.6750017597 461108.7980414589 460840.9210811582 460573.0441208575 460305.1671605568 460037.290200256 459769.4132399553 459501.5362796546 459233.6593193539 458965.7823590531 458697.9053987524 458430.0284384517 458162.151478151 457894.2745178503 457626.3975575495 457358.5205972488 457090.6436369481 456822.7666766474 456554.8897163466 456287.0127560459 456019.1357957452 455751.2588354445 455483.3818751437 455215.504914843 454947.6279545423 454679.7509942416 454411.8740339408 454143.9970736401 453876.1201133394 453608.2431530387 453340.3661927379 453072.4892324372 452804.6122721365 452536.7353118358 452268.858351535 452000.9813912343 451733.1044309336 451465.2274706329 451197.3505103322 450929.4735500314 450661.5965897307 450393.71962943 450125.8426691293 449857.9657088285 449590.0887485278 449322.2117882271 449054.3348279264 448786.4578676256 448518.5809073249 448250.7039470242 447982.8269867235 447714.9500264227 447447.073066122 447179.1961058213 446911.3191455206 446643.4421852198 446375.5652249191 446107.6882646184 445839.8113043177 445571.9343440169 445304.0573837162 445036.1804234155 444768.3034631148 444500.4265028141 444232.5495425133 443964.6725822126 443696.7956219119 443428.9186616112 443161.0417013104 442893.1647410097 442625.287780709 442357.4108204083 442089.5338601075 441821.6568998068 441553.7799395061 441285.9029792054 441018.0260189046 440750.1490586039 440482.2720983032 440214.3951380025 439946.5181777017 439678.641217401 439410.7642571003 439142.8872967996 438875.0103364988 438607.1333761981 438339.2564158974 438071.3794555967 437803.502495296 437535.6255349952 437267.7485746945 436999.8716143938 436731.9946540931 436464.1176937923 436196.2407334916


# name: TRAIN_QUERIES
# type: cell
# rows: 1
# columns: 1
# name: <cell-element>
# type: sq_string
# elements: 1
# length: 2
R4





# name: TEST_QUERIES
# type: cell
# rows: 1
# columns: 1
# name: <cell-element>
# type: sq_string
# elements: 1
# length: 2
R3





# name: DATASIZE
# type: sq_string
# elements: 1
# length: 3
500


