# Created by Octave 3.8.2, Mon May 23 11:23:56 2016 CEST <Andrea@Andreas-MacBook-Pro.local>
# name: SVs
# type: cell
# rows: 1
# columns: 7
# name: <cell-element>
# type: sparse matrix
# nnz: 77
# rows: 11
# columns: 7
1 1 0.889494349839043
2 1 -1.892256395185006
3 1 0.8220974970873857
4 1 0.6089156958209427
5 1 0.623771991319964
6 1 0.9277825260438376
7 1 0.4703777207203138
8 1 0.5377745734719711
9 1 -0.6779052167528153
10 1 0.7845340182240068
11 1 0.6116937022963694
1 2 2.395660708207651
2 2 -1.688039221260246
3 2 -0.4136516208098105
4 2 0.3256753357557434
5 2 -0.8657697332718078
6 2 0.199147317232206
7 2 0.7407132576992747
8 2 0.6083304722517691
9 2 -0.4471538982080737
10 2 -1.142895367672975
11 2 -0.3115184644694745
1 3 0.3972126391095224
2 3 0.3036098000135412
3 3 -0.635761549485414
4 3 2.005175696436915
5 3 -0.2178917320926403
6 3 0.09300341204758324
7 3 1.356641739843331
8 3 -0.1644043954663653
9 3 0.1832632926044223
10 3 0.4640718098923662
11 3 0.4540429342749396
1 4 1.187273284472141
2 4 -0.2849390902324876
3 4 -0.4960316953439821
4 4 2.855176657906739
5 4 -0.3868614854043466
6 4 -0.426724466627118
7 4 -0.414946767629481
8 4 -0.3198191988024127
9 4 -0.1957003709042379
10 4 -0.403169068631844
11 4 -0.4357842350868388
1 5 -0.3720262964751889
2 5 0.5767568509116401
3 5 -0.6262753751866921
4 5 -0.6002703553342172
5 5 2.282486114619734
6 5 1.013041068590466
7 5 -0.5040517818800607
8 5 -0.3536227439642067
9 5 0.2054851828640005
10 5 -0.8361158815347384
11 5 -1.130972798938952
1 6 -0.2142783931755762
2 6 -0.9464446732569869
3 6 -1.283581387109579
4 6 2.332955924064146
5 6 -0.09333983212556478
6 6 -0.5932522051792166
7 6 2.255569236191358
8 6 -0.3431680503668553
9 6 -1.131520939017353
10 6 -0.9842379735851154
11 6 -0.5309572437805722
1 7 -0.5471013118242181
2 7 0.4967104015246194
3 7 1.540522114873457
4 7 -1.590913025173056
5 7 0.4967104015246194
6 7 0.4967104015246194
7 7 -1.590913025173056
8 7 -0.5471013118242181
9 7 0.4967104015246194
10 7 1.540522114873457
11 7 -0.5471013118242181



# name: <cell-element>
# type: sparse matrix
# nnz: 245
# rows: 35
# columns: 7
1 1 0.7518018549700657
2 1 0.889494349839043
3 1 -1.892256395185006
4 1 -2.194575969445577
5 1 -1.999753167494997
6 1 0.8220974970873857
7 1 0.6897194493887899
8 1 0.4079329664683303
9 1 -1.999632384604761
10 1 0.3550300605449864
11 1 1.064871106461635
12 1 0.4528642016361018
13 1 0.8464956409150466
14 1 0.7763207816879625
15 1 0.4628891815256853
16 1 0.603842814431033
17 1 0.8973452377043795
18 1 -1.388833308681588
19 1 0.6089156958209427
20 1 -1.544884802866429
21 1 0.5444176324349481
22 1 0.623771991319964
23 1 0.5520269545198127
24 1 0.9277825260438376
25 1 0.3366710612291227
26 1 0.4400612152710917
27 1 0.9352710652384661
28 1 0.7763207816879625
29 1 0.4703777207203138
30 1 0.4648217077694604
31 1 0.5377745734719711
32 1 -0.6779052167528153
33 1 -0.9251477930657948
34 1 -0.9768428700867792
35 1 0.6116937022963694
1 2 -0.5268437813398645
2 2 2.395660708207651
3 2 -1.688039221260246
4 2 -1.941095258307321
5 2 -1.747237420158148
6 2 -0.4136516208098105
7 2 0.2219158552698605
8 2 0.2775361410475595
9 2 -0.8231600406584829
10 2 0.3464922848187418
11 2 -0.8693476463920107
12 2 0.720546838294495
13 2 0.02025166122206314
14 2 0.08042565460729301
15 2 0.1640187156883961
16 2 1.416938837417615
17 2 0.97848184777821
18 2 0.2964015011359018
19 2 0.3256753357557434
20 2 -1.21542942456436
21 2 0.82820949672969
22 2 -0.8657697332718078
23 2 -0.868697116733792
24 2 0.199147317232206
25 2 0.8051156938629261
26 2 -0.2549223842044475
27 2 -0.177509354876422
28 2 0.08042565460729301
29 2 0.7407132576992747
30 2 0.9469311593546029
31 2 0.6083304722517691
32 2 -0.4471538982080737
33 2 -0.9721313323905655
34 2 2.077551705338706
35 2 -0.3115184644694745
1 3 0.5108732294403568
2 3 0.3972126391095224
3 3 0.3036098000135412
4 3 -0.03068605390067775
5 3 -0.2011769393969294
6 3 -0.635761549485414
7 3 1.921601732958361
8 3 0.7649380784151631
9 3 0.4373281415792287
10 3 0.9722015078419789
11 3 0.4908154782055037
12 3 0.9454578395288413
13 3 0.3704689707963849
14 3 0.5977901514580537
15 3 1.430186827704459
16 3 1.099233932329382
17 3 0.6880500320148929
18 3 0.9722015078419789
19 3 2.005175696436915
20 3 0.5108732294403568
21 3 -0.4518988298325936
22 3 -0.2178917320926403
23 3 1.06580434693796
24 3 0.09300341204758324
25 3 0.9053423370591351
26 3 0.938771922450557
27 3 -0.0440578880572465
28 3 0.5977901514580537
29 3 1.356641739843331
30 3 1.06580434693796
31 3 -0.1644043954663653
32 3 0.1832632926044223
33 3 0.567703524605774
34 3 0.5008443538229302
35 3 0.4540429342749396
1 4 -0.3741778095607374
2 4 1.187273284472141
3 4 -0.2849390902324876
4 4 -0.461151586774057
5 4 -0.5300058270679351
6 4 -0.4960316953439821
7 4 2.864236426366459
8 4 -0.323443106186301
9 4 0.09828911561370179
10 4 -0.2106489888627772
11 4 -0.2795032291566552
12 4 -0.2020422088260424
13 4 -0.426271478204132
14 4 -0.4330663045489226
15 4 -0.3624001105631004
16 4 -0.3864084969813605
17 4 -0.162632216026257
18 4 -0.3288789672621335
19 4 2.855176657906739
20 4 -0.2994347197680409
21 4 -0.334767816760952
22 4 -0.3868614854043466
23 4 -0.2568538080073532
24 4 -0.426724466627118
25 4 -0.3737248211377514
26 4 -0.1843756603295869
27 4 -0.3365797704528962
28 4 -0.4330663045489226
29 4 -0.414946767629481
30 4 -0.4063399875927463
31 4 -0.3198191988024127
32 4 -0.1957003709042379
33 4 -0.4520918183143363
34 4 2.558922229273869
35 4 -0.4357842350868388
1 5 -0.8355157656919889
2 5 -0.3720262964751889
3 5 0.5767568509116401
4 5 1.685570889698314
5 5 1.933618771368073
6 5 -0.6262753751866921
7 5 -1.253196392245583
8 5 -0.7597011308913125
9 5 1.281492888913706
10 5 -0.6608820554519085
11 5 -1.271399906142316
12 5 -0.2229975288590836
13 5 -1.268999442771318
14 5 -0.623274795972945
15 5 -0.6688836000219007
16 5 -0.4766464917278373
17 5 -0.481047341241333
18 5 1.39011385645135
19 5 -0.6002703553342172
20 5 0.7267858115989944
21 5 -0.9701417530821083
22 5 2.282486114619734
23 5 -0.7134922109996074
24 5 1.013041068590466
25 5 -0.3816281499591795
26 5 -0.8283143755789959
27 5 -1.105367856314977
28 5 -0.623274795972945
29 5 -0.5040517818800607
30 5 -0.8295146072644948
31 5 -0.3536227439642067
32 5 0.2054851828640005
33 5 2.396508124742124
34 5 2.311491713685956
35 5 -1.130972798938952
1 6 -0.9675935652464747
2 6 -0.2142783931755762
3 6 -0.9464446732569869
4 6 -1.114228158031999
5 6 -1.047368994449258
6 6 -1.283581387109579
7 6 -0.4689011565149272
8 6 2.154713164751372
9 6 -1.148796657564635
10 6 2.160139020058074
11 6 -1.342583297960446
12 6 2.394721949882578
13 6 -1.357828586377232
14 6 -0.3785384844888465
15 6 2.217153156873623
16 6 -0.4184645895758988
17 6 -0.37385484523825
18 6 -0.9841867862709013
19 6 2.332955924064146
20 6 -1.176429276021251
21 6 -1.006623892334779
22 6 -0.09333983212556478
23 6 -0.9841355989566871
24 6 -0.5932522051792166
25 6 -0.4385982665001388
26 6 2.174727404609112
27 6 -1.338718655737276
28 6 -0.3785384844888465
29 6 2.255569236191358
30 6 2.190953783215004
31 6 -0.3431680503668553
32 6 -1.131520939017353
33 6 -0.3627898541489536
34 6 -0.7517110675482143
35 6 -0.5309572437805722
1 7 0.4967104015246194
2 7 -0.5471013118242181
3 7 0.4967104015246194
4 7 1.540522114873457
5 7 1.540522114873457
6 7 1.540522114873457
7 7 -0.5471013118242181
8 7 -1.590913025173056
9 7 1.540522114873457
10 7 -1.590913025173056
11 7 1.540522114873457
12 7 -1.590913025173056
13 7 1.540522114873457
14 7 -0.5471013118242181
15 7 -1.590913025173056
16 7 -0.5471013118242181
17 7 -0.5471013118242181
18 7 1.540522114873457
19 7 -1.590913025173056
20 7 1.540522114873457
21 7 0.4967104015246194
22 7 0.4967104015246194
23 7 0.4967104015246194
24 7 0.4967104015246194
25 7 -0.5471013118242181
26 7 -1.590913025173056
27 7 1.540522114873457
28 7 -0.5471013118242181
29 7 -1.590913025173056
30 7 -1.590913025173056
31 7 -0.5471013118242181
32 7 0.4967104015246194
33 7 0.4967104015246194
34 7 1.540522114873457
35 7 -0.5471013118242181



