# Created by Octave 3.8.2, Mon May 23 11:23:49 2016 CEST <Andrea@Andreas-MacBook-Pro.local>
# name: mu
# type: matrix
# rows: 1
# columns: 8
 449242.7724137931 39569.59310344828 85442.73793103448 2763.179310344828 5322.020689655173 32289.7724137931 312670.9724137931 90.48275862068965


# name: sigma
# type: matrix
# rows: 1
# columns: 8
 152126.4501632581 8279.318354168676 3074.41786048073 299.1362256788869 2207.561935927927 4999.034830101413 117216.5426553888 19.16054374963321


