# Created by Octave 3.8.2, Mon May 23 11:23:57 2016 CEST <Andrea@Andreas-MacBook-Pro.local>
# name: x
# type: matrix
# rows: 1
# columns: 100
 60 60.60606060606061 61.21212121212121 61.81818181818181 62.42424242424242 63.03030303030303 63.63636363636363 64.24242424242425 64.84848484848484 65.45454545454545 66.06060606060606 66.66666666666666 67.27272727272727 67.87878787878788 68.48484848484848 69.09090909090909 69.69696969696969 70.3030303030303 70.90909090909091 71.51515151515152 72.12121212121212 72.72727272727272 73.33333333333333 73.93939393939394 74.54545454545455 75.15151515151516 75.75757575757575 76.36363636363636 76.96969696969697 77.57575757575758 78.18181818181819 78.78787878787878 79.39393939393939 80 80.60606060606061 81.21212121212122 81.81818181818181 82.42424242424242 83.03030303030303 83.63636363636364 84.24242424242425 84.84848484848484 85.45454545454545 86.06060606060606 86.66666666666667 87.27272727272727 87.87878787878788 88.48484848484848 89.09090909090909 89.6969696969697 90.3030303030303 90.90909090909091 91.51515151515152 92.12121212121212 92.72727272727272 93.33333333333333 93.93939393939394 94.54545454545455 95.15151515151516 95.75757575757576 96.36363636363636 96.96969696969697 97.57575757575758 98.18181818181819 98.78787878787878 99.39393939393939 100 100.6060606060606 101.2121212121212 101.8181818181818 102.4242424242424 103.030303030303 103.6363636363636 104.2424242424242 104.8484848484848 105.4545454545455 106.0606060606061 106.6666666666667 107.2727272727273 107.8787878787879 108.4848484848485 109.0909090909091 109.6969696969697 110.3030303030303 110.9090909090909 111.5151515151515 112.1212121212121 112.7272727272727 113.3333333333333 113.9393939393939 114.5454545454545 115.1515151515152 115.7575757575758 116.3636363636364 116.969696969697 117.5757575757576 118.1818181818182 118.7878787878788 119.3939393939394 120


# name: y
# type: matrix
# rows: 100
# columns: 1
 392574.2688241919
 392712.9309870505
 392843.4066078194
 392966.024429685
 393081.1064588171
 393188.9679643686
 393289.9174784758
 393384.256796258
 393472.2809758181
 393554.2783382419
 393630.5304675986
 393701.3122109408
 393766.891678304
 393827.5302427073
 393883.4825401528
 393934.9964696259
 393982.3131930954
 394025.6671355132
 394065.2859848143
 394101.3906919173
 394134.1954707238
 394163.9077981187
 394190.7284139702
 394214.8513211297
 394236.4637854318
 394255.7463356945
 394272.8727637188
 394288.0101242893
 394301.3187351734
 394312.9521771221
 394323.0572938696
 394331.7741921332
 394339.2362416135
 394345.5700749943
 394350.8955879429
 394355.3259391097
 394358.967550128
 394361.920105615
 394364.2765531706
 394366.1231033782
 394367.5392298044
 394368.597668999
 394369.3644204953
 394369.8987468093
 394370.2531734409
 394370.4734888728
 394370.598744571
 394370.6612549849
 394370.686597547
 394370.6936126733
 394370.6944037627
 394370.6943371976
 394370.6920423434
 394370.6794115492
 394370.6416001467
 394370.5570264515
 394370.3973717619
 394370.1275803598
 394369.7058595103
 394369.0836794616
 394368.2057734453
 394367.010137676
 394365.4280313519
 394363.3839766543
 394360.7957587476
 394357.5744257795
 394353.6242888812
 394348.8429221668
 394343.1211627339
 394336.3431106632
 394328.3861290188
 394319.1208438478
 394308.4111441807
 394296.1141820314
 394282.0803723966
 394266.1533932568
 394248.1701855754
 394227.960953299
 394205.3491633578
 394180.1515456647
 394152.1780931164
 394121.2320615926
 394087.1099699562
 394049.6016000533
 394008.4899967135
 393963.5514677495
 393914.5555839572
 393861.2651791158
 393803.4363499876
 393740.8184563185
 393673.1541208372
 393600.1792292561
 393521.6229302706
 393437.2076355591
 393346.6490197838
 393249.6560205898
 393145.9308386054
 393035.1689374425
 392917.0590436957
 392791.2831469433


# name: TRAIN_QUERIES
# type: cell
# rows: 1
# columns: 1
# name: <cell-element>
# type: sq_string
# elements: 1
# length: 2
R4





# name: TEST_QUERIES
# type: cell
# rows: 1
# columns: 1
# name: <cell-element>
# type: sq_string
# elements: 1
# length: 2
R3





# name: DATASIZE
# type: sq_string
# elements: 1
# length: 3
500


