# Created by Octave 3.8.2, Mon May 23 11:23:57 2016 CEST <Andrea@Andreas-MacBook-Pro.local>
# name: x
# type: matrix
# rows: 1
# columns: 100
 60 60.60606060606061 61.21212121212121 61.81818181818181 62.42424242424242 63.03030303030303 63.63636363636363 64.24242424242425 64.84848484848484 65.45454545454545 66.06060606060606 66.66666666666666 67.27272727272727 67.87878787878788 68.48484848484848 69.09090909090909 69.69696969696969 70.3030303030303 70.90909090909091 71.51515151515152 72.12121212121212 72.72727272727272 73.33333333333333 73.93939393939394 74.54545454545455 75.15151515151516 75.75757575757575 76.36363636363636 76.96969696969697 77.57575757575758 78.18181818181819 78.78787878787878 79.39393939393939 80 80.60606060606061 81.21212121212122 81.81818181818181 82.42424242424242 83.03030303030303 83.63636363636364 84.24242424242425 84.84848484848484 85.45454545454545 86.06060606060606 86.66666666666667 87.27272727272727 87.87878787878788 88.48484848484848 89.09090909090909 89.6969696969697 90.3030303030303 90.90909090909091 91.51515151515152 92.12121212121212 92.72727272727272 93.33333333333333 93.93939393939394 94.54545454545455 95.15151515151516 95.75757575757576 96.36363636363636 96.96969696969697 97.57575757575758 98.18181818181819 98.78787878787878 99.39393939393939 100 100.6060606060606 101.2121212121212 101.8181818181818 102.4242424242424 103.030303030303 103.6363636363636 104.2424242424242 104.8484848484848 105.4545454545455 106.0606060606061 106.6666666666667 107.2727272727273 107.8787878787879 108.4848484848485 109.0909090909091 109.6969696969697 110.3030303030303 110.9090909090909 111.5151515151515 112.1212121212121 112.7272727272727 113.3333333333333 113.9393939393939 114.5454545454545 115.1515151515152 115.7575757575758 116.3636363636364 116.969696969697 117.5757575757576 118.1818181818182 118.7878787878788 119.3939393939394 120


# name: y
# type: matrix
# rows: 100
# columns: 1
 382096.0124561717
 383325.404513653
 384530.1082741556
 385710.1237376794
 386865.4509042245
 387996.0897737911
 389102.0403463788
 390183.3026219879
 391239.8766006182
 392271.7622822698
 393278.9596669427
 394261.4687546368
 395219.2895453524
 396152.4220390891
 397060.8662358472
 397944.6221356265
 398803.6897384272
 399638.069044249
 400447.7600530923
 401232.7627649567
 401993.0771798425
 402728.7032977496
 403439.6411186779
 404125.8906426275
 404787.4518695985
 405424.3247995907
 406036.5094326042
 406624.005768639
 407186.8138076951
 407724.9335497725
 408238.3649948711
 408727.1081429911
 409191.1629941323
 409630.5295482948
 410045.2078054787
 410435.1977656838
 410800.4994289101
 411141.1127951578
 411457.0378644268
 411748.274636717
 412014.8231120286
 412256.6832903614
 412473.8551717155
 412666.338756091
 412834.1340434876
 412977.2410339056
 413095.6597273449
 413189.3901238054
 413258.4322232873
 413302.7860257904
 413322.4515313149
 413317.4287398605
 413287.7176514275
 413233.3182660158
 413154.2305836254
 413050.4546042563
 412921.9903279084
 412768.8377545819
 412590.9968842766
 412388.4677169926
 412161.2502527299
 411909.3444914885
 411632.7504332684
 411331.4680780696
 411005.497425892
 410654.8384767357
 410279.4912306008
 409879.4556874871
 409454.7318473947
 409005.3197103236
 408531.2192762738
 408032.4305452452
 407508.953517238
 406960.788192252
 406387.9345702874
 405790.3926513441
 405168.162435422
 404521.2439225211
 403849.6371126416
 403153.3420057834
 402432.3586019464
 401686.6869011308
 400916.3269033364
 400121.2786085634
 399301.5420168116
 398457.1171280812
 397588.0039423719
 396694.202459684
 395775.7126800174
 394832.534603372
 393864.668229748
 392872.1135591452
 391854.8705915638
 390812.9393270036
 389746.3197654646
 388655.0119069471
 387539.0157514507
 386398.3312989757
 385232.9585495219
 384042.8975030895


# name: TRAIN_QUERIES
# type: cell
# rows: 1
# columns: 1
# name: <cell-element>
# type: sq_string
# elements: 1
# length: 2
R4





# name: TEST_QUERIES
# type: cell
# rows: 1
# columns: 1
# name: <cell-element>
# type: sq_string
# elements: 1
# length: 2
R3





# name: DATASIZE
# type: sq_string
# elements: 1
# length: 3
500


