# Created by Octave 3.8.2, Mon May 23 11:23:57 2016 CEST <Andrea@Andreas-MacBook-Pro.local>
# name: x
# type: matrix
# rows: 1
# columns: 100
 60 60.60606060606061 61.21212121212121 61.81818181818181 62.42424242424242 63.03030303030303 63.63636363636363 64.24242424242425 64.84848484848484 65.45454545454545 66.06060606060606 66.66666666666666 67.27272727272727 67.87878787878788 68.48484848484848 69.09090909090909 69.69696969696969 70.3030303030303 70.90909090909091 71.51515151515152 72.12121212121212 72.72727272727272 73.33333333333333 73.93939393939394 74.54545454545455 75.15151515151516 75.75757575757575 76.36363636363636 76.96969696969697 77.57575757575758 78.18181818181819 78.78787878787878 79.39393939393939 80 80.60606060606061 81.21212121212122 81.81818181818181 82.42424242424242 83.03030303030303 83.63636363636364 84.24242424242425 84.84848484848484 85.45454545454545 86.06060606060606 86.66666666666667 87.27272727272727 87.87878787878788 88.48484848484848 89.09090909090909 89.6969696969697 90.3030303030303 90.90909090909091 91.51515151515152 92.12121212121212 92.72727272727272 93.33333333333333 93.93939393939394 94.54545454545455 95.15151515151516 95.75757575757576 96.36363636363636 96.96969696969697 97.57575757575758 98.18181818181819 98.78787878787878 99.39393939393939 100 100.6060606060606 101.2121212121212 101.8181818181818 102.4242424242424 103.030303030303 103.6363636363636 104.2424242424242 104.8484848484848 105.4545454545455 106.0606060606061 106.6666666666667 107.2727272727273 107.8787878787879 108.4848484848485 109.0909090909091 109.6969696969697 110.3030303030303 110.9090909090909 111.5151515151515 112.1212121212121 112.7272727272727 113.3333333333333 113.9393939393939 114.5454545454545 115.1515151515152 115.7575757575758 116.3636363636364 116.969696969697 117.5757575757576 118.1818181818182 118.7878787878788 119.3939393939394 120


# name: y
# type: matrix
# rows: 100
# columns: 1
 409756.5164684642
 409019.4377547285
 408311.6644152168
 407632.6019788514
 406981.6559745546
 406358.231931249
 405761.735377857
 405191.571843301
 404647.1468565034
 404127.8659463867
 403633.1346418734
 403162.3584718857
 402714.9429653463
 402290.2936511774
 401887.8160583016
 401506.9157156412
 401146.9981521188
 400807.4688966566
 400487.7334781773
 400187.1974256031
 399905.2662678565
 399641.34553386
 399394.840752536
 399165.1574528069
 398951.7011635952
 398753.8774138232
 398571.0917324134
 398402.7496482884
 398248.2566903703
 398107.0183875818
 397978.4402688452
 397861.927863083
 397756.8866992176
 397662.7223061714
 397578.840212867
 397504.6459482266
 397439.5450411726
 397382.9430206278
 397334.2454155142
 397292.8577547545
 397258.1855672711
 397229.6343819863
 397206.6097278227
 397188.5171337026
 397174.7621285485
 397164.7502412828
 397157.8870008279
 397153.5779361064
 397151.2285760405
 397150.2444495528
 397150.0310855657
 397149.9940130015
 397149.5387607828
 397148.070857832
 397144.9958330714
 397139.7192154236
 397131.6465338109
 397120.1833171559
 397104.7350943808
 397084.7073944082
 397059.5057461605
 397028.5356785601
 396991.2027205295
 396946.9124009911
 396895.0702488672
 396835.0817930804
 396766.3525625531
 396688.2880862077
 396600.2938929666
 396501.7755117523
 396392.1384714873
 396270.7883010939
 396137.1305294944
 395990.5706856116
 395830.5142983676
 395656.366896685
 395467.5340094862
 395263.4211656936
 395043.4338942297
 394806.9777240168
 394553.4581839775
 394282.2808030341
 393992.8511101092
 393684.574634125
 393356.8569040041
 393009.1034486688
 392640.7197970417
 392251.1114780451
 391839.6840206014
 391405.8429536332
 390948.9938060628
 390468.5421068127
 389963.8933848052
 389434.453168963
 388879.6269882082
 388298.8203714635
 387691.4388476512
 387056.8879456937
 386394.5731945135
 385703.900123033


# name: TRAIN_QUERIES
# type: cell
# rows: 1
# columns: 1
# name: <cell-element>
# type: sq_string
# elements: 1
# length: 2
R4





# name: TEST_QUERIES
# type: cell
# rows: 1
# columns: 1
# name: <cell-element>
# type: sq_string
# elements: 1
# length: 2
R3





# name: DATASIZE
# type: sq_string
# elements: 1
# length: 3
500


