# Created by Octave 3.8.2, Mon May 23 11:23:57 2016 CEST <Andrea@Andreas-MacBook-Pro.local>
# name: x
# type: matrix
# rows: 1
# columns: 100
 60 60.60606060606061 61.21212121212121 61.81818181818181 62.42424242424242 63.03030303030303 63.63636363636363 64.24242424242425 64.84848484848484 65.45454545454545 66.06060606060606 66.66666666666666 67.27272727272727 67.87878787878788 68.48484848484848 69.09090909090909 69.69696969696969 70.3030303030303 70.90909090909091 71.51515151515152 72.12121212121212 72.72727272727272 73.33333333333333 73.93939393939394 74.54545454545455 75.15151515151516 75.75757575757575 76.36363636363636 76.96969696969697 77.57575757575758 78.18181818181819 78.78787878787878 79.39393939393939 80 80.60606060606061 81.21212121212122 81.81818181818181 82.42424242424242 83.03030303030303 83.63636363636364 84.24242424242425 84.84848484848484 85.45454545454545 86.06060606060606 86.66666666666667 87.27272727272727 87.87878787878788 88.48484848484848 89.09090909090909 89.6969696969697 90.3030303030303 90.90909090909091 91.51515151515152 92.12121212121212 92.72727272727272 93.33333333333333 93.93939393939394 94.54545454545455 95.15151515151516 95.75757575757576 96.36363636363636 96.96969696969697 97.57575757575758 98.18181818181819 98.78787878787878 99.39393939393939 100 100.6060606060606 101.2121212121212 101.8181818181818 102.4242424242424 103.030303030303 103.6363636363636 104.2424242424242 104.8484848484848 105.4545454545455 106.0606060606061 106.6666666666667 107.2727272727273 107.8787878787879 108.4848484848485 109.0909090909091 109.6969696969697 110.3030303030303 110.9090909090909 111.5151515151515 112.1212121212121 112.7272727272727 113.3333333333333 113.9393939393939 114.5454545454545 115.1515151515152 115.7575757575758 116.3636363636364 116.969696969697 117.5757575757576 118.1818181818182 118.7878787878788 119.3939393939394 120


# name: y
# type: matrix
# rows: 100
# columns: 1
 391365.7463937085
 391406.1308837979
 391442.6205558459
 391475.5218929236
 391505.1229229391
 391531.6939748614
 391555.4884191214
 391576.7433921929
 391595.6805053502
 391612.5065376049
 391627.4141128206
 391640.5823610065
 391652.177563788
 391662.3537840575
 391671.2534798014
 391679.008102107
 391685.7386773469
 391691.5563735419
 391696.5630509018
 391700.8517965454
 391704.5074433979
 391707.6070732666
 391710.220504096
 391712.4107613993
 391714.2345338701
 391715.7426131713
 391716.9803179022
 391717.9879017447
 391718.8009457868
 391719.4507350251
 391719.9646190457
 391720.3663568822
 391720.6764460537
 391720.9124357797
 391721.0892243737
 391721.2193408159
 391721.3132105024
 391721.3794051746
 391721.4248770258
 391721.4551769859
 391721.4746571856
 391721.4866575974
 391721.4936768556
 391721.4975272552
 391721.4994739277
 391721.5003581962
 391721.5007051086
 391721.5008151489
 391721.5008401271
 391721.5008432466
 391721.500843351
 391721.5008433483
 391721.5008428141
 391721.5008347721
 391721.5007866541
 391721.5006054374
 391721.5000869604
 391721.4988494175
 391721.4962510315
 391721.4912919035
 391721.4825000436
 391721.4678015767
 391721.444375129
 391721.408490392
 391721.3553308644
 391721.2788007727
 391721.17131617
 391721.0235802131
 391720.8243426181
 391720.5601432935
 391720.2150401527
 391719.7703211038
 391719.2042002186
 391718.4914980788
 391717.6033063015
 391716.5066362424
 391715.1640518773
 391713.5332868625
 391711.5668457726
 391709.2115895168
 391706.4083049344
 391703.0912585674
 391699.1877346116
 391694.6175570469
 391689.2925959446
 391683.116257954
 391675.9829609668
 391667.7775929597
 391658.3749550157
 391647.6391885231
 391635.4231865538
 391621.5679894185
 391605.902164401
 391588.2411696712
 391568.3867023754
 391546.1260309053
 391521.2313113458
 391493.4588881002
 391462.5485786941
 391428.2229427578


# name: TRAIN_QUERIES
# type: cell
# rows: 1
# columns: 1
# name: <cell-element>
# type: sq_string
# elements: 1
# length: 2
R4





# name: TEST_QUERIES
# type: cell
# rows: 1
# columns: 1
# name: <cell-element>
# type: sq_string
# elements: 1
# length: 2
R3





# name: DATASIZE
# type: sq_string
# elements: 1
# length: 3
500


