# Created by Octave 4.0.0, Mon May 23 11:55:38 2016 CEST <peter@Independence>
# name: x
# type: matrix
# rows: 1
# columns: 100
 0.008333333333333333 0.008417508417508417 0.008501683501683501 0.008585858585858586 0.00867003367003367 0.008754208754208754 0.008838383838383838 0.008922558922558922 0.009006734006734006 0.00909090909090909 0.009175084175084175 0.009259259259259259 0.009343434343434343 0.009427609427609427 0.009511784511784511 0.009595959595959595 0.009680134680134679 0.009764309764309764 0.009848484848484848 0.009932659932659932 0.01001683501683502 0.0101010101010101 0.01018518518518518 0.01026936026936027 0.01035353535353535 0.01043771043771044 0.01052188552188552 0.0106060606060606 0.01069023569023569 0.01077441077441077 0.01085858585858586 0.01094276094276094 0.01102693602693603 0.01111111111111111 0.0111952861952862 0.01127946127946128 0.01136363636363636 0.01144781144781145 0.01153198653198653 0.01161616161616161 0.0117003367003367 0.01178451178451178 0.01186868686868687 0.01195286195286195 0.01203703703703704 0.01212121212121212 0.01220538720538721 0.01228956228956229 0.01237373737373737 0.01245791245791246 0.01254208754208754 0.01262626262626263 0.01271043771043771 0.01279461279461279 0.01287878787878788 0.01296296296296296 0.01304713804713805 0.01313131313131313 0.01321548821548822 0.0132996632996633 0.01338383838383838 0.01346801346801347 0.01355218855218855 0.01363636363636364 0.01372053872053872 0.0138047138047138 0.01388888888888889 0.01397306397306397 0.01405723905723906 0.01414141414141414 0.01422558922558922 0.01430976430976431 0.01439393939393939 0.01447811447811448 0.01456228956228956 0.01464646464646465 0.01473063973063973 0.01481481481481481 0.0148989898989899 0.01498316498316498 0.01506734006734007 0.01515151515151515 0.01523569023569023 0.01531986531986532 0.0154040404040404 0.01548821548821549 0.01557239057239057 0.01565656565656565 0.01574074074074074 0.01582491582491583 0.01590909090909091 0.01599326599326599 0.01607744107744108 0.01616161616161616 0.01624579124579124 0.01632996632996633 0.01641414141414142 0.0164983164983165 0.01658249158249158 0.01666666666666667


# name: y
# type: matrix
# rows: 100
# columns: 1
 979148.305320165
 978834.0271446973
 978586.9126970107
 978407.5908876532
 978296.6491598912
 978254.6326019813
 978282.0430961362
 978379.3385056027
 978546.931901228
 978785.1908288532
 979094.4366188194
 979474.9437388333
 979926.9391913833
 980450.6019568481
 981046.0624833805
 981713.4022246017
 982452.6532260681
 983263.7977614261
 984146.7680190967
 985101.4458402711
 986127.662508931
 987225.198594538
 988393.7838479662
 989633.0971511814
 990942.7665210968
 992322.3691679565
 993771.4316085328
 995289.4298343334
 996875.7895349478
 998529.8863765795
 1000251.04633573
 1002038.546087927
 1003891.6134513
 1005809.427884744
 1007791.121040299
 1009835.777369347
 1011942.434782078
 1014110.085359668
 1016337.676118478
 1018624.109825544
 1020968.245864516
 1023368.901151163
 1025824.851097455
 1028334.830623178
 1030897.535213956
 1033511.622024493
 1036175.711025757
 1038888.386194785
 1041648.196745718
 1044453.658400583
 1047303.254698317
 1050195.438340445
 1053128.632571768
 1056101.232594375
 1059111.607013221
 1062158.099311487
 1065239.029353871
 1068352.69491593
 1071497.373237538
 1074671.322598516
 1077872.783914407
 1081099.982350395
 1084351.128951288
 1087624.4222855
 1090918.050100925
 1094230.190990575
 1097559.016065858
 1100902.690635346
 1104259.375886878
 1107627.230570856
 1111004.41268255
 1114389.081141299
 1117779.397464421
 1121173.52743373
 1124569.642752523
 1127965.922690936
 1131360.555717587
 1134751.741115454
 1138137.690579952
 1141516.629797206
 1144886.800000568
 1148246.459503443
 1151593.885206537
 1154927.374077684
 1158245.244602464
 1161545.838203853
 1164827.520629223
 1168088.68330304
 1171327.744643685
 1174543.151342882
 1177733.379606251
 1180896.936353618
 1184032.360377726
 1187138.223460106
 1190213.131442901
 1193255.725255538
 1196264.681895181
 1199238.715360018
 1202176.577534468
 1205077.059025488


# name: QUERY
# type: sq_string
# elements: 1
# length: 2
R2


# name: DATASIZE
# type: sq_string
# elements: 1
# length: 4
1000


