# Created by Octave 3.8.2, Wed May 18 09:23:01 2016 CEST <Andrea@Andreas-MacBook-Pro.local>
# name: x
# type: matrix
# rows: 1
# columns: 100
 0.008333333333333333 0.008417508417508417 0.008501683501683501 0.008585858585858586 0.00867003367003367 0.008754208754208754 0.008838383838383838 0.008922558922558922 0.009006734006734006 0.00909090909090909 0.009175084175084175 0.009259259259259259 0.009343434343434343 0.009427609427609427 0.009511784511784511 0.009595959595959595 0.009680134680134679 0.009764309764309764 0.009848484848484848 0.009932659932659932 0.01001683501683502 0.0101010101010101 0.01018518518518518 0.01026936026936027 0.01035353535353535 0.01043771043771044 0.01052188552188552 0.0106060606060606 0.01069023569023569 0.01077441077441077 0.01085858585858586 0.01094276094276094 0.01102693602693603 0.01111111111111111 0.0111952861952862 0.01127946127946128 0.01136363636363636 0.01144781144781145 0.01153198653198653 0.01161616161616161 0.0117003367003367 0.01178451178451178 0.01186868686868687 0.01195286195286195 0.01203703703703704 0.01212121212121212 0.01220538720538721 0.01228956228956229 0.01237373737373737 0.01245791245791246 0.01254208754208754 0.01262626262626263 0.01271043771043771 0.01279461279461279 0.01287878787878788 0.01296296296296296 0.01304713804713805 0.01313131313131313 0.01321548821548822 0.0132996632996633 0.01338383838383838 0.01346801346801347 0.01355218855218855 0.01363636363636364 0.01372053872053872 0.0138047138047138 0.01388888888888889 0.01397306397306397 0.01405723905723906 0.01414141414141414 0.01422558922558922 0.01430976430976431 0.01439393939393939 0.01447811447811448 0.01456228956228956 0.01464646464646465 0.01473063973063973 0.01481481481481481 0.0148989898989899 0.01498316498316498 0.01506734006734007 0.01515151515151515 0.01523569023569023 0.01531986531986532 0.0154040404040404 0.01548821548821549 0.01557239057239057 0.01565656565656565 0.01574074074074074 0.01582491582491583 0.01590909090909091 0.01599326599326599 0.01607744107744108 0.01616161616161616 0.01624579124579124 0.01632996632996633 0.01641414141414142 0.0164983164983165 0.01658249158249158 0.01666666666666667


# name: y
# type: matrix
# rows: 100
# columns: 1
 989208.7420961435
 988724.6171971622
 988309.0881421296
 987962.8143341616
 987686.4151306276
 987480.4689869243
 987345.5126336169
 987282.0402882429
 987290.5029030406
 987371.3074498354
 987524.8162432699
 987751.3463035343
 988051.168759706
 988424.5082947634
 988871.5426332996
 989392.4020729032
 989987.1690601343
 990655.8778119651
 991398.5139835023
 992215.014382756
 993105.2667331599
 994069.1094844873
 995106.3316727529
 996216.6728296222
 997399.8229417931
 998655.4224607428
 999983.0623631761
 1001382.284262436
 1002852.580571077
 1004393.394714728
 1006004.121397306
 1007684.106917563
 1009432.6495369
 1011248.99989828
 1013132.36149602
 1015081.891196183
 1017096.699807176
 1019175.852700139
 1021318.370478608
 1023523.229696872
 1025789.363626363
 1028115.663069386
 1030500.977219363
 1032944.114566762
 1035443.843849763
 1037998.89504869
 1040607.960423129
 1043269.695590619
 1045982.720645737
 1048745.621318322
 1051556.950169535
 1054415.227824392
 1057318.944239351
 1060266.560003483
 1063256.507671695
 1066287.193128436
 1069356.996980269
 1072464.275975635
 1075607.364450096
 1078784.57579533
 1081994.203950072
 1085234.524911183
 1088503.798263013
 1091800.268723157
 1095122.167702713
 1098467.714879103
 1101835.119779525
 1105222.583373049
 1108628.299669398
 1112050.457322416
 1115487.241236235
 1118936.834172126
 1122397.418354054
 1125867.177070926
 1129344.296273543
 1132826.966164277
 1136313.38277749
 1139801.749548763
 1143290.278870968
 1146777.193635296
 1150260.72875533
 1153739.132672309
 1157210.668839756
 1160673.617185661
 1164126.275550462
 1167566.961099109
 1170994.011705525
 1174405.787307818
 1177800.671232689
 1181177.07148746
 1184533.422018263
 1187868.183932955
 1191179.846687376
 1194466.929233646
 1197727.981129244
 1200961.583605671
 1204166.350595588
 1207340.929717347
 1210484.003215939
 1213594.288859427


# name: QUERY
# type: sq_string
# elements: 1
# length: 2
R2


# name: DATASIZE
# type: sq_string
# elements: 1
# length: 4
1000


