# Created by Octave 4.0.0, Mon May 23 11:55:38 2016 CEST <peter@Independence>
# name: x
# type: matrix
# rows: 1
# columns: 100
 0.008333333333333333 0.008417508417508417 0.008501683501683501 0.008585858585858586 0.00867003367003367 0.008754208754208754 0.008838383838383838 0.008922558922558922 0.009006734006734006 0.00909090909090909 0.009175084175084175 0.009259259259259259 0.009343434343434343 0.009427609427609427 0.009511784511784511 0.009595959595959595 0.009680134680134679 0.009764309764309764 0.009848484848484848 0.009932659932659932 0.01001683501683502 0.0101010101010101 0.01018518518518518 0.01026936026936027 0.01035353535353535 0.01043771043771044 0.01052188552188552 0.0106060606060606 0.01069023569023569 0.01077441077441077 0.01085858585858586 0.01094276094276094 0.01102693602693603 0.01111111111111111 0.0111952861952862 0.01127946127946128 0.01136363636363636 0.01144781144781145 0.01153198653198653 0.01161616161616161 0.0117003367003367 0.01178451178451178 0.01186868686868687 0.01195286195286195 0.01203703703703704 0.01212121212121212 0.01220538720538721 0.01228956228956229 0.01237373737373737 0.01245791245791246 0.01254208754208754 0.01262626262626263 0.01271043771043771 0.01279461279461279 0.01287878787878788 0.01296296296296296 0.01304713804713805 0.01313131313131313 0.01321548821548822 0.0132996632996633 0.01338383838383838 0.01346801346801347 0.01355218855218855 0.01363636363636364 0.01372053872053872 0.0138047138047138 0.01388888888888889 0.01397306397306397 0.01405723905723906 0.01414141414141414 0.01422558922558922 0.01430976430976431 0.01439393939393939 0.01447811447811448 0.01456228956228956 0.01464646464646465 0.01473063973063973 0.01481481481481481 0.0148989898989899 0.01498316498316498 0.01506734006734007 0.01515151515151515 0.01523569023569023 0.01531986531986532 0.0154040404040404 0.01548821548821549 0.01557239057239057 0.01565656565656565 0.01574074074074074 0.01582491582491583 0.01590909090909091 0.01599326599326599 0.01607744107744108 0.01616161616161616 0.01624579124579124 0.01632996632996633 0.01641414141414142 0.0164983164983165 0.01658249158249158 0.01666666666666667


# name: y
# type: matrix
# rows: 1
# columns: 100
 1132681.270547089 1132028.05791509 1131374.845283091 1130721.632651092 1130068.420019093 1129415.207387093 1128761.994755094 1128108.782123095 1127455.569491096 1126802.356859097 1126149.144227098 1125495.931595099 1124842.7189631 1124189.5063311 1123536.293699101 1122883.081067102 1122229.868435103 1121576.655803104 1120923.443171105 1120270.230539106 1119617.017907107 1118963.805275108 1118310.592643108 1117657.380011109 1117004.16737911 1116350.954747111 1115697.742115112 1115044.529483113 1114391.316851114 1113738.104219115 1113084.891587116 1112431.678955117 1111778.466323117 1111125.253691118 1110472.041059119 1109818.82842712 1109165.615795121 1108512.403163122 1107859.190531123 1107205.977899124 1106552.765267125 1105899.552635125 1105246.340003126 1104593.127371127 1103939.914739128 1103286.702107129 1102633.48947513 1101980.276843131 1101327.064211132 1100673.851579132 1100020.638947133 1099367.426315134 1098714.213683135 1098061.001051136 1097407.788419137 1096754.575787138 1096101.363155139 1095448.15052314 1094794.937891141 1094141.725259142 1093488.512627142 1092835.299995143 1092182.087363144 1091528.874731145 1090875.662099146 1090222.449467147 1089569.236835148 1088916.024203149 1088262.81157115 1087609.59893915 1086956.386307151 1086303.173675152 1085649.961043153 1084996.748411154 1084343.535779155 1083690.323147156 1083037.110515157 1082383.897883157 1081730.685251158 1081077.472619159 1080424.25998716 1079771.047355161 1079117.834723162 1078464.622091163 1077811.409459164 1077158.196827165 1076504.984195166 1075851.771563167 1075198.558931167 1074545.346299168 1073892.133667169 1073238.92103517 1072585.708403171 1071932.495771172 1071279.283139173 1070626.070507174 1069972.857875174 1069319.645243175 1068666.432611176 1068013.219979177


# name: QUERY
# type: sq_string
# elements: 1
# length: 2
R2


# name: DATASIZE
# type: sq_string
# elements: 1
# length: 4
1000


