# Created by Octave 3.8.2, Wed May 18 09:23:01 2016 CEST <Andrea@Andreas-MacBook-Pro.local>
# name: x
# type: matrix
# rows: 1
# columns: 100
 0.008333333333333333 0.008417508417508417 0.008501683501683501 0.008585858585858586 0.00867003367003367 0.008754208754208754 0.008838383838383838 0.008922558922558922 0.009006734006734006 0.00909090909090909 0.009175084175084175 0.009259259259259259 0.009343434343434343 0.009427609427609427 0.009511784511784511 0.009595959595959595 0.009680134680134679 0.009764309764309764 0.009848484848484848 0.009932659932659932 0.01001683501683502 0.0101010101010101 0.01018518518518518 0.01026936026936027 0.01035353535353535 0.01043771043771044 0.01052188552188552 0.0106060606060606 0.01069023569023569 0.01077441077441077 0.01085858585858586 0.01094276094276094 0.01102693602693603 0.01111111111111111 0.0111952861952862 0.01127946127946128 0.01136363636363636 0.01144781144781145 0.01153198653198653 0.01161616161616161 0.0117003367003367 0.01178451178451178 0.01186868686868687 0.01195286195286195 0.01203703703703704 0.01212121212121212 0.01220538720538721 0.01228956228956229 0.01237373737373737 0.01245791245791246 0.01254208754208754 0.01262626262626263 0.01271043771043771 0.01279461279461279 0.01287878787878788 0.01296296296296296 0.01304713804713805 0.01313131313131313 0.01321548821548822 0.0132996632996633 0.01338383838383838 0.01346801346801347 0.01355218855218855 0.01363636363636364 0.01372053872053872 0.0138047138047138 0.01388888888888889 0.01397306397306397 0.01405723905723906 0.01414141414141414 0.01422558922558922 0.01430976430976431 0.01439393939393939 0.01447811447811448 0.01456228956228956 0.01464646464646465 0.01473063973063973 0.01481481481481481 0.0148989898989899 0.01498316498316498 0.01506734006734007 0.01515151515151515 0.01523569023569023 0.01531986531986532 0.0154040404040404 0.01548821548821549 0.01557239057239057 0.01565656565656565 0.01574074074074074 0.01582491582491583 0.01590909090909091 0.01599326599326599 0.01607744107744108 0.01616161616161616 0.01624579124579124 0.01632996632996633 0.01641414141414142 0.0164983164983165 0.01658249158249158 0.01666666666666667


# name: y
# type: matrix
# rows: 100
# columns: 1
 1102805.485325221
 1102657.715077865
 1102509.94483051
 1102362.174583154
 1102214.404335798
 1102066.634088443
 1101918.863841088
 1101771.093593732
 1101623.323346377
 1101475.553099022
 1101327.782851666
 1101180.012604311
 1101032.242356955
 1100884.4721096
 1100736.701862244
 1100588.931614889
 1100441.161367533
 1100293.391120178
 1100145.620872822
 1099997.850625467
 1099850.080378111
 1099702.310130756
 1099554.539883401
 1099406.769636045
 1099258.99938869
 1099111.229141334
 1098963.458893979
 1098815.688646623
 1098667.918399268
 1098520.148151912
 1098372.377904557
 1098224.607657202
 1098076.837409846
 1097929.067162491
 1097781.296915135
 1097633.52666778
 1097485.756420424
 1097337.986173069
 1097190.215925714
 1097042.445678358
 1096894.675431003
 1096746.905183647
 1096599.134936292
 1096451.364688936
 1096303.594441581
 1096155.824194225
 1096008.05394687
 1095860.283699515
 1095712.513452159
 1095564.743204804
 1095416.972957448
 1095269.202710093
 1095121.432462737
 1094973.662215382
 1094825.891968026
 1094678.121720671
 1094530.351473315
 1094382.58122596
 1094234.810978604
 1094087.040731249
 1093939.270483894
 1093791.500236538
 1093643.729989183
 1093495.959741827
 1093348.189494472
 1093200.419247116
 1093052.648999761
 1092904.878752406
 1092757.10850505
 1092609.338257695
 1092461.568010339
 1092313.797762984
 1092166.027515628
 1092018.257268273
 1091870.487020917
 1091722.716773562
 1091574.946526207
 1091427.176278851
 1091279.406031496
 1091131.63578414
 1090983.865536785
 1090836.095289429
 1090688.325042074
 1090540.554794719
 1090392.784547363
 1090245.014300008
 1090097.244052652
 1089949.473805297
 1089801.703557941
 1089653.933310586
 1089506.16306323
 1089358.392815875
 1089210.62256852
 1089062.852321164
 1088915.082073809
 1088767.311826453
 1088619.541579098
 1088471.771331742
 1088324.001084387
 1088176.230837032


# name: QUERY
# type: sq_string
# elements: 1
# length: 2
R2


# name: DATASIZE
# type: sq_string
# elements: 1
# length: 4
1000


