# Created by Octave 4.0.0, Mon May 23 11:55:38 2016 CEST <peter@Independence>
# name: x
# type: matrix
# rows: 1
# columns: 100
 0.008333333333333333 0.008417508417508417 0.008501683501683501 0.008585858585858586 0.00867003367003367 0.008754208754208754 0.008838383838383838 0.008922558922558922 0.009006734006734006 0.00909090909090909 0.009175084175084175 0.009259259259259259 0.009343434343434343 0.009427609427609427 0.009511784511784511 0.009595959595959595 0.009680134680134679 0.009764309764309764 0.009848484848484848 0.009932659932659932 0.01001683501683502 0.0101010101010101 0.01018518518518518 0.01026936026936027 0.01035353535353535 0.01043771043771044 0.01052188552188552 0.0106060606060606 0.01069023569023569 0.01077441077441077 0.01085858585858586 0.01094276094276094 0.01102693602693603 0.01111111111111111 0.0111952861952862 0.01127946127946128 0.01136363636363636 0.01144781144781145 0.01153198653198653 0.01161616161616161 0.0117003367003367 0.01178451178451178 0.01186868686868687 0.01195286195286195 0.01203703703703704 0.01212121212121212 0.01220538720538721 0.01228956228956229 0.01237373737373737 0.01245791245791246 0.01254208754208754 0.01262626262626263 0.01271043771043771 0.01279461279461279 0.01287878787878788 0.01296296296296296 0.01304713804713805 0.01313131313131313 0.01321548821548822 0.0132996632996633 0.01338383838383838 0.01346801346801347 0.01355218855218855 0.01363636363636364 0.01372053872053872 0.0138047138047138 0.01388888888888889 0.01397306397306397 0.01405723905723906 0.01414141414141414 0.01422558922558922 0.01430976430976431 0.01439393939393939 0.01447811447811448 0.01456228956228956 0.01464646464646465 0.01473063973063973 0.01481481481481481 0.0148989898989899 0.01498316498316498 0.01506734006734007 0.01515151515151515 0.01523569023569023 0.01531986531986532 0.0154040404040404 0.01548821548821549 0.01557239057239057 0.01565656565656565 0.01574074074074074 0.01582491582491583 0.01590909090909091 0.01599326599326599 0.01607744107744108 0.01616161616161616 0.01624579124579124 0.01632996632996633 0.01641414141414142 0.0164983164983165 0.01658249158249158 0.01666666666666667


# name: y
# type: matrix
# rows: 100
# columns: 1
 1100116.761380132
 1100105.497743796
 1100094.23410746
 1100082.970471124
 1100071.706834789
 1100060.443198453
 1100049.179562117
 1100037.915925782
 1100026.652289446
 1100015.38865311
 1100004.125016775
 1099992.861380439
 1099981.597744103
 1099970.334107767
 1099959.070471432
 1099947.806835096
 1099936.54319876
 1099925.279562425
 1099914.015926089
 1099902.752289753
 1099891.488653417
 1099880.225017082
 1099868.961380746
 1099857.69774441
 1099846.434108075
 1099835.170471739
 1099823.906835403
 1099812.643199068
 1099801.379562732
 1099790.115926396
 1099778.85229006
 1099767.588653725
 1099756.325017389
 1099745.061381053
 1099733.797744718
 1099722.534108382
 1099711.270472046
 1099700.00683571
 1099688.743199375
 1099677.479563039
 1099666.215926704
 1099654.952290368
 1099643.688654032
 1099632.425017696
 1099621.161381361
 1099609.897745025
 1099598.634108689
 1099587.370472353
 1099576.106836018
 1099564.843199682
 1099553.579563346
 1099542.315927011
 1099531.052290675
 1099519.788654339
 1099508.525018004
 1099497.261381668
 1099485.997745332
 1099474.734108997
 1099463.470472661
 1099452.206836325
 1099440.943199989
 1099429.679563654
 1099418.415927318
 1099407.152290982
 1099395.888654646
 1099384.625018311
 1099373.361381975
 1099362.09774564
 1099350.834109304
 1099339.570472968
 1099328.306836632
 1099317.043200297
 1099305.779563961
 1099294.515927625
 1099283.25229129
 1099271.988654954
 1099260.725018618
 1099249.461382282
 1099238.197745947
 1099226.934109611
 1099215.670473275
 1099204.40683694
 1099193.143200604
 1099181.879564268
 1099170.615927933
 1099159.352291597
 1099148.088655261
 1099136.825018925
 1099125.56138259
 1099114.297746254
 1099103.034109918
 1099091.770473583
 1099080.506837247
 1099069.243200911
 1099057.979564575
 1099046.71592824
 1099035.452291904
 1099024.188655569
 1099012.925019233
 1099001.661382897


# name: QUERY
# type: sq_string
# elements: 1
# length: 2
R2


# name: DATASIZE
# type: sq_string
# elements: 1
# length: 4
1000


