# Created by Octave 3.8.2, Wed May 18 09:23:01 2016 CEST <Andrea@Andreas-MacBook-Pro.local>
# name: x
# type: matrix
# rows: 1
# columns: 100
 0.008333333333333333 0.008417508417508417 0.008501683501683501 0.008585858585858586 0.00867003367003367 0.008754208754208754 0.008838383838383838 0.008922558922558922 0.009006734006734006 0.00909090909090909 0.009175084175084175 0.009259259259259259 0.009343434343434343 0.009427609427609427 0.009511784511784511 0.009595959595959595 0.009680134680134679 0.009764309764309764 0.009848484848484848 0.009932659932659932 0.01001683501683502 0.0101010101010101 0.01018518518518518 0.01026936026936027 0.01035353535353535 0.01043771043771044 0.01052188552188552 0.0106060606060606 0.01069023569023569 0.01077441077441077 0.01085858585858586 0.01094276094276094 0.01102693602693603 0.01111111111111111 0.0111952861952862 0.01127946127946128 0.01136363636363636 0.01144781144781145 0.01153198653198653 0.01161616161616161 0.0117003367003367 0.01178451178451178 0.01186868686868687 0.01195286195286195 0.01203703703703704 0.01212121212121212 0.01220538720538721 0.01228956228956229 0.01237373737373737 0.01245791245791246 0.01254208754208754 0.01262626262626263 0.01271043771043771 0.01279461279461279 0.01287878787878788 0.01296296296296296 0.01304713804713805 0.01313131313131313 0.01321548821548822 0.0132996632996633 0.01338383838383838 0.01346801346801347 0.01355218855218855 0.01363636363636364 0.01372053872053872 0.0138047138047138 0.01388888888888889 0.01397306397306397 0.01405723905723906 0.01414141414141414 0.01422558922558922 0.01430976430976431 0.01439393939393939 0.01447811447811448 0.01456228956228956 0.01464646464646465 0.01473063973063973 0.01481481481481481 0.0148989898989899 0.01498316498316498 0.01506734006734007 0.01515151515151515 0.01523569023569023 0.01531986531986532 0.0154040404040404 0.01548821548821549 0.01557239057239057 0.01565656565656565 0.01574074074074074 0.01582491582491583 0.01590909090909091 0.01599326599326599 0.01607744107744108 0.01616161616161616 0.01624579124579124 0.01632996632996633 0.01641414141414142 0.0164983164983165 0.01658249158249158 0.01666666666666667


# name: y
# type: matrix
# rows: 100
# columns: 1
 999668.201733224
 1001790.71343744
 1003811.524771442
 1005733.132533863
 1007558.033523338
 1009288.724538501
 1010927.702377986
 1012477.463840428
 1013940.50572446
 1015319.324828717
 1016616.417951833
 1017834.281892442
 1018975.413449179
 1020042.309420677
 1021037.466605571
 1021963.381802496
 1022822.551810084
 1023617.473426972
 1024350.643451792
 1025024.558683179
 1025641.715919768
 1026204.611960192
 1026715.743603085
 1027177.607647082
 1027592.700890818
 1027963.520132926
 1028292.56217204
 1028582.323806795
 1028835.301835825
 1029053.993057764
 1029240.894271247
 1029398.502274907
 1029529.313867379
 1029635.825847297
 1029720.535013296
 1029785.938164009
 1029834.53209807
 1029868.813614115
 1029891.279510777
 1029904.42658669
 1029910.751640488
 1029912.751470807
 1029912.922876279
 1029913.76265554
 1029917.767607223
 1029927.434529963
 1029945.260222394
 1029973.741483149
 1030015.375110865
 1030072.657904173
 1030148.08666171
 1030244.158182108
 1030363.369264003
 1030508.216706028
 1030681.197306818
 1030884.807865006
 1031121.545179228
 1031393.906048117
 1031704.387270307
 1032055.485644433
 1032449.697969129
 1032889.52104303
 1033377.451664768
 1033915.986632979
 1034507.622746298
 1035154.856803357
 1035860.185602791
 1036626.105943235
 1037455.114623322
 1038349.708441687
 1039312.384196965
 1040345.638687789
 1041451.968712793
 1042633.871070612
 1043893.84255988
 1045234.379979232
 1046657.9801273
 1048167.139802721
 1049764.355804127
 1051452.124930154
 1053232.943979434
 1055109.309750604
 1057083.719042295
 1059158.668653144
 1061336.655381784
 1063620.17602685
 1066011.727386975
 1068513.806260794
 1071128.909446941
 1073859.53374405
 1076708.175950755
 1079677.332865692
 1082769.501287493
 1085987.178014794
 1089332.859846227
 1092809.043580429
 1096418.226016032
 1100162.903951671
 1104045.57418598
 1108068.733517594


# name: QUERY
# type: sq_string
# elements: 1
# length: 2
R2


# name: DATASIZE
# type: sq_string
# elements: 1
# length: 4
1000


