# Created by Octave 4.0.0, Mon May 23 11:55:38 2016 CEST <peter@Independence>
# name: x
# type: matrix
# rows: 1
# columns: 100
 0.008333333333333333 0.008417508417508417 0.008501683501683501 0.008585858585858586 0.00867003367003367 0.008754208754208754 0.008838383838383838 0.008922558922558922 0.009006734006734006 0.00909090909090909 0.009175084175084175 0.009259259259259259 0.009343434343434343 0.009427609427609427 0.009511784511784511 0.009595959595959595 0.009680134680134679 0.009764309764309764 0.009848484848484848 0.009932659932659932 0.01001683501683502 0.0101010101010101 0.01018518518518518 0.01026936026936027 0.01035353535353535 0.01043771043771044 0.01052188552188552 0.0106060606060606 0.01069023569023569 0.01077441077441077 0.01085858585858586 0.01094276094276094 0.01102693602693603 0.01111111111111111 0.0111952861952862 0.01127946127946128 0.01136363636363636 0.01144781144781145 0.01153198653198653 0.01161616161616161 0.0117003367003367 0.01178451178451178 0.01186868686868687 0.01195286195286195 0.01203703703703704 0.01212121212121212 0.01220538720538721 0.01228956228956229 0.01237373737373737 0.01245791245791246 0.01254208754208754 0.01262626262626263 0.01271043771043771 0.01279461279461279 0.01287878787878788 0.01296296296296296 0.01304713804713805 0.01313131313131313 0.01321548821548822 0.0132996632996633 0.01338383838383838 0.01346801346801347 0.01355218855218855 0.01363636363636364 0.01372053872053872 0.0138047138047138 0.01388888888888889 0.01397306397306397 0.01405723905723906 0.01414141414141414 0.01422558922558922 0.01430976430976431 0.01439393939393939 0.01447811447811448 0.01456228956228956 0.01464646464646465 0.01473063973063973 0.01481481481481481 0.0148989898989899 0.01498316498316498 0.01506734006734007 0.01515151515151515 0.01523569023569023 0.01531986531986532 0.0154040404040404 0.01548821548821549 0.01557239057239057 0.01565656565656565 0.01574074074074074 0.01582491582491583 0.01590909090909091 0.01599326599326599 0.01607744107744108 0.01616161616161616 0.01624579124579124 0.01632996632996633 0.01641414141414142 0.0164983164983165 0.01658249158249158 0.01666666666666667


# name: y
# type: matrix
# rows: 100
# columns: 1
 797820.7826064733
 795555.6588584825
 793345.4707634972
 791190.2183215169
 789089.901532542
 787044.5203965722
 785054.0749136078
 783118.5650836487
 781237.9909066949
 779412.3523827461
 777641.6495118027
 775925.8822938646
 774265.0507289318
 772659.1548170042
 771108.1945580819
 769612.1699521648
 768171.080999253
 766784.9276993463
 765453.7100524451
 764177.4280585491
 762956.0817176583
 761789.6710297727
 760678.1959948924
 759621.6566130174
 758620.0528841477
 757673.3848082833
 756781.6523854239
 755944.85561557
 755162.9944987213
 754436.0690348779
 753764.0792240397
 753147.0250662067
 752584.9065613791
 752077.7237095567
 751625.4765107395
 751228.1649649276
 750885.789072121
 750598.3488323197
 750365.8442455236
 750188.2753117328
 750065.6420309471
 749997.9444031669
 749985.1824283918
 750027.3561066219
 750124.4654378574
 750276.5104220981
 750483.491059344
 750745.4073495953
 751062.2592928519
 751434.0468891135
 751860.7701383806
 752342.4290406528
 752879.0235959303
 753470.5538042132
 754117.0196655013
 754818.4211797945
 755574.7583470931
 756386.0311673969
 757252.239640706
 758173.3837670204
 759149.46354634
 760180.4789786648
 761266.4300639951
 762407.3168023303
 763603.1391936711
 764853.8972380169
 766159.5909353681
 767520.2202857245
 768935.7852890862
 770406.2859454532
 771931.7222548253
 773512.0942172029
 775147.4018325857
 776837.6451009735
 778582.8240223669
 780382.9385967653
 782237.9888241692
 784147.9747045782
 786112.8962379924
 788132.753424412
 790207.5462638368
 792337.2747562669
 794521.9389017022
 796761.5387001428
 799056.0741515885
 801405.5452560398
 803809.9520134961
 806269.2944239577
 808783.5724874246
 811352.7862038966
 813976.9355733742
 816656.0205958567
 819390.0412713445
 822178.9975998378
 825022.8895813364
 827921.71721584
 830875.480503349
 833884.1794438632
 836947.8140373826
 840066.3842839075


# name: QUERY
# type: sq_string
# elements: 1
# length: 2
R2


# name: DATASIZE
# type: sq_string
# elements: 1
# length: 4
1000


