# Created by Octave 4.0.0, Mon May 23 11:55:38 2016 CEST <peter@Independence>
# name: x
# type: matrix
# rows: 1
# columns: 100
 0.008333333333333333 0.008417508417508417 0.008501683501683501 0.008585858585858586 0.00867003367003367 0.008754208754208754 0.008838383838383838 0.008922558922558922 0.009006734006734006 0.00909090909090909 0.009175084175084175 0.009259259259259259 0.009343434343434343 0.009427609427609427 0.009511784511784511 0.009595959595959595 0.009680134680134679 0.009764309764309764 0.009848484848484848 0.009932659932659932 0.01001683501683502 0.0101010101010101 0.01018518518518518 0.01026936026936027 0.01035353535353535 0.01043771043771044 0.01052188552188552 0.0106060606060606 0.01069023569023569 0.01077441077441077 0.01085858585858586 0.01094276094276094 0.01102693602693603 0.01111111111111111 0.0111952861952862 0.01127946127946128 0.01136363636363636 0.01144781144781145 0.01153198653198653 0.01161616161616161 0.0117003367003367 0.01178451178451178 0.01186868686868687 0.01195286195286195 0.01203703703703704 0.01212121212121212 0.01220538720538721 0.01228956228956229 0.01237373737373737 0.01245791245791246 0.01254208754208754 0.01262626262626263 0.01271043771043771 0.01279461279461279 0.01287878787878788 0.01296296296296296 0.01304713804713805 0.01313131313131313 0.01321548821548822 0.0132996632996633 0.01338383838383838 0.01346801346801347 0.01355218855218855 0.01363636363636364 0.01372053872053872 0.0138047138047138 0.01388888888888889 0.01397306397306397 0.01405723905723906 0.01414141414141414 0.01422558922558922 0.01430976430976431 0.01439393939393939 0.01447811447811448 0.01456228956228956 0.01464646464646465 0.01473063973063973 0.01481481481481481 0.0148989898989899 0.01498316498316498 0.01506734006734007 0.01515151515151515 0.01523569023569023 0.01531986531986532 0.0154040404040404 0.01548821548821549 0.01557239057239057 0.01565656565656565 0.01574074074074074 0.01582491582491583 0.01590909090909091 0.01599326599326599 0.01607744107744108 0.01616161616161616 0.01624579124579124 0.01632996632996633 0.01641414141414142 0.0164983164983165 0.01658249158249158 0.01666666666666667


# name: y
# type: matrix
# rows: 100
# columns: 1
 1107402.718080841
 1107401.894380383
 1107401.165818364
 1107400.523393091
 1107399.958757351
 1107399.464185895
 1107399.032543738
 1107398.657255297
 1107398.332274352
 1107398.052054844
 1107397.811522488
 1107397.606047235
 1107397.431416542
 1107397.283809484
 1107397.159771695
 1107397.056191128
 1107396.970274659
 1107396.899525502
 1107396.841721473
 1107396.794894065
 1107396.757308361
 1107396.727443778
 1107396.703975634
 1107396.685757545
 1107396.671804658
 1107396.661277702
 1107396.653467876
 1107396.647782564
 1107396.643731878
 1107396.64091603
 1107396.639013535
 1107396.637770241
 1107396.636989186
 1107396.63652129
 1107396.636256873
 1107396.636117997
 1107396.636051646
 1107396.636023727
 1107396.636013908
 1107396.636011275
 1107396.636010827
 1107396.636010796
 1107396.636010796
 1107396.6360108
 1107396.636010952
 1107396.636012197
 1107396.636017752
 1107396.636035396
 1107396.636080597
 1107396.636180462
 1107396.63637852
 1107396.636740332
 1107396.637359927
 1107396.638367076
 1107396.639935385
 1107396.642291225
 1107396.645723483
 1107396.650594149
 1107396.657349729
 1107396.666533487
 1107396.678798515
 1107396.694921637
 1107396.715818134
 1107396.742557304
 1107396.776378851
 1107396.818710096
 1107396.87118403
 1107396.93565818
 1107397.014234319
 1107397.109278992
 1107397.223444885
 1107397.359693006
 1107397.521315711
 1107397.711960549
 1107397.935654942
 1107398.196831686
 1107398.500355292
 1107398.851549145
 1107399.2562235
 1107399.720704307
 1107400.251862852
 1107400.85714625
 1107401.544608743
 1107402.322943845
 1107403.201517307
 1107404.190400913
 1107405.300407102
 1107406.543124428
 1107407.93095384
 1107409.47714579
 1107411.195838181
 1107413.102095134
 1107415.211946586
 1107417.542428717
 1107420.11162521
 1107422.938709337
 1107426.04398687
 1107429.448939829
 1107433.176271052
 1107437.249949599


# name: QUERY
# type: sq_string
# elements: 1
# length: 2
R2


# name: DATASIZE
# type: sq_string
# elements: 1
# length: 4
1000


