# Created by Octave 3.8.2, Wed May 18 09:23:01 2016 CEST <Andrea@Andreas-MacBook-Pro.local>
# name: x
# type: matrix
# rows: 1
# columns: 100
 0.008333333333333333 0.008417508417508417 0.008501683501683501 0.008585858585858586 0.00867003367003367 0.008754208754208754 0.008838383838383838 0.008922558922558922 0.009006734006734006 0.00909090909090909 0.009175084175084175 0.009259259259259259 0.009343434343434343 0.009427609427609427 0.009511784511784511 0.009595959595959595 0.009680134680134679 0.009764309764309764 0.009848484848484848 0.009932659932659932 0.01001683501683502 0.0101010101010101 0.01018518518518518 0.01026936026936027 0.01035353535353535 0.01043771043771044 0.01052188552188552 0.0106060606060606 0.01069023569023569 0.01077441077441077 0.01085858585858586 0.01094276094276094 0.01102693602693603 0.01111111111111111 0.0111952861952862 0.01127946127946128 0.01136363636363636 0.01144781144781145 0.01153198653198653 0.01161616161616161 0.0117003367003367 0.01178451178451178 0.01186868686868687 0.01195286195286195 0.01203703703703704 0.01212121212121212 0.01220538720538721 0.01228956228956229 0.01237373737373737 0.01245791245791246 0.01254208754208754 0.01262626262626263 0.01271043771043771 0.01279461279461279 0.01287878787878788 0.01296296296296296 0.01304713804713805 0.01313131313131313 0.01321548821548822 0.0132996632996633 0.01338383838383838 0.01346801346801347 0.01355218855218855 0.01363636363636364 0.01372053872053872 0.0138047138047138 0.01388888888888889 0.01397306397306397 0.01405723905723906 0.01414141414141414 0.01422558922558922 0.01430976430976431 0.01439393939393939 0.01447811447811448 0.01456228956228956 0.01464646464646465 0.01473063973063973 0.01481481481481481 0.0148989898989899 0.01498316498316498 0.01506734006734007 0.01515151515151515 0.01523569023569023 0.01531986531986532 0.0154040404040404 0.01548821548821549 0.01557239057239057 0.01565656565656565 0.01574074074074074 0.01582491582491583 0.01590909090909091 0.01599326599326599 0.01607744107744108 0.01616161616161616 0.01624579124579124 0.01632996632996633 0.01641414141414142 0.0164983164983165 0.01658249158249158 0.01666666666666667


# name: y
# type: matrix
# rows: 100
# columns: 1
 729440.6518017475
 726638.9207266492
 723905.1395488986
 721239.3082684955
 718641.42688544
 716111.4953997323
 713649.5138113722
 711255.4821203595
 708929.4003266948
 706671.2684303775
 704481.0864314078
 702358.8543297859
 700304.5721255116
 698318.2398185849
 696399.8574090058
 694549.4248967743
 692766.9422818904
 691052.4095643543
 689405.8267441657
 687827.1938213247
 686316.5107958316
 684873.7776676859
 683498.9944368878
 682192.1611034374
 680953.2776673348
 679782.3441285796
 678679.3604871721
 677644.3267431122
 676677.2428964
 675778.1089470354
 674946.9248950185
 674183.6907403491
 673488.4064830274
 672861.0721230534
 672301.6876604268
 671810.2530951481
 671386.7684272169
 671031.2336566334
 670743.6487833975
 670524.0138075092
 670372.3287289686
 670288.5935477756
 670272.8082639303
 670324.9728774326
 670445.0873882824
 670633.1517964799
 670889.1661020251
 671213.1303049179
 671605.0444051584
 672064.9084027463
 672592.7222976821
 673188.4860899653
 673852.1997795964
 674583.863366575
 675383.4768509011
 676251.040232575
 677186.5535115965
 678190.0166879656
 679261.4297616824
 680400.7927327468
 681608.1056011587
 682883.3683669183
 684226.5810300256
 685637.7435904806
 687116.8560482832
 688663.9184034334
 690278.9306559311
 691961.8928057766
 693712.8048529697
 695531.6667975103
 697418.4786393987
 699373.2403786348
 701395.9520152183
 703486.6135491496
 705645.2249804285
 707871.7863090549
 710166.297535029
 712528.7586583509
 714959.1696790203
 717457.5305970373
 720023.8414124019
 722658.1021251143
 725360.3127351741
 728130.4732425818
 730968.5836473369
 733874.6439494397
 736848.6541488902
 739890.6142456883
 743000.524239834
 746178.3841313273
 749424.1939201683
 752737.9536063571
 756119.6631898932
 759569.3226707772
 763086.9320490088
 766672.491324588
 770326.0004975146
 774047.459567789
 777836.8685354111
 781694.2274003809


# name: QUERY
# type: sq_string
# elements: 1
# length: 2
R2


# name: DATASIZE
# type: sq_string
# elements: 1
# length: 4
1000


