# Created by Octave 4.0.0, Mon May 23 11:55:38 2016 CEST <peter@Independence>
# name: x
# type: matrix
# rows: 1
# columns: 100
 0.008333333333333333 0.008417508417508417 0.008501683501683501 0.008585858585858586 0.00867003367003367 0.008754208754208754 0.008838383838383838 0.008922558922558922 0.009006734006734006 0.00909090909090909 0.009175084175084175 0.009259259259259259 0.009343434343434343 0.009427609427609427 0.009511784511784511 0.009595959595959595 0.009680134680134679 0.009764309764309764 0.009848484848484848 0.009932659932659932 0.01001683501683502 0.0101010101010101 0.01018518518518518 0.01026936026936027 0.01035353535353535 0.01043771043771044 0.01052188552188552 0.0106060606060606 0.01069023569023569 0.01077441077441077 0.01085858585858586 0.01094276094276094 0.01102693602693603 0.01111111111111111 0.0111952861952862 0.01127946127946128 0.01136363636363636 0.01144781144781145 0.01153198653198653 0.01161616161616161 0.0117003367003367 0.01178451178451178 0.01186868686868687 0.01195286195286195 0.01203703703703704 0.01212121212121212 0.01220538720538721 0.01228956228956229 0.01237373737373737 0.01245791245791246 0.01254208754208754 0.01262626262626263 0.01271043771043771 0.01279461279461279 0.01287878787878788 0.01296296296296296 0.01304713804713805 0.01313131313131313 0.01321548821548822 0.0132996632996633 0.01338383838383838 0.01346801346801347 0.01355218855218855 0.01363636363636364 0.01372053872053872 0.0138047138047138 0.01388888888888889 0.01397306397306397 0.01405723905723906 0.01414141414141414 0.01422558922558922 0.01430976430976431 0.01439393939393939 0.01447811447811448 0.01456228956228956 0.01464646464646465 0.01473063973063973 0.01481481481481481 0.0148989898989899 0.01498316498316498 0.01506734006734007 0.01515151515151515 0.01523569023569023 0.01531986531986532 0.0154040404040404 0.01548821548821549 0.01557239057239057 0.01565656565656565 0.01574074074074074 0.01582491582491583 0.01590909090909091 0.01599326599326599 0.01607744107744108 0.01616161616161616 0.01624579124579124 0.01632996632996633 0.01641414141414142 0.0164983164983165 0.01658249158249158 0.01666666666666667


# name: y
# type: matrix
# rows: 100
# columns: 1
 994324.8273378309
 994612.8265856795
 994887.0263194575
 995147.7653246361
 995395.3823866872
 995630.2162910823
 995852.605823293
 996062.8897687908
 996261.4069130474
 996448.4960415345
 996624.4959397236
 996789.7453930861
 996944.583187094
 997089.3481072185
 997224.3789389314
 997350.0144677043
 997466.5934790088
 997574.4547583164
 997673.9370910989
 997765.3792628276
 997849.1200589743
 997925.4982650107
 997994.8526664081
 998057.5220486382
 998113.8451971728
 998164.1608974832
 998208.8079350413
 998248.1250953185
 998282.4511637865
 998312.1249259167
 998337.4851671809
 998358.8706730506
 998376.6202289974
 998391.072620493
 998402.5666330089
 998411.4410520168
 998418.0346629882
 998422.6862513946
 998425.7346027078
 998427.5185023993
 998428.3767359407
 998428.6480888036
 998428.6713464597
 998428.7852943804
 998429.3287180375
 998430.6404029024
 998433.0591344469
 998436.9236981424
 998442.5728794606
 998450.3454638731
 998460.5802368516
 998473.6159838674
 998489.7914903924
 998509.445541898
 998532.916923856
 998560.5444217378
 998592.6668210151
 998629.6229071594
 998671.7514656425
 998719.3912819357
 998772.8811415109
 998832.5598298395
 998898.7661323932
 998971.8388346435
 999052.1167220621
 999139.9385801206
 999235.6431942905
 999339.5693500433
 999452.055832851
 999573.4414281847
 999704.0649215163
 999844.2650983175
 999994.3807440596
 1000154.750644214
 1000325.713584253
 1000507.608349648
 1000700.77372587
 1000905.548498392
 1001122.271452684
 1001351.281374218
 1001592.917048466
 1001847.517260899
 1002115.420796989
 1002396.966442208
 1002692.492982027
 1003002.339201918
 1003326.843887353
 1003666.345823802
 1004021.183796738
 1004391.696591632
 1004778.222993956
 1005181.101789181
 1005600.67176278
 1006037.271700223
 1006491.240386982
 1006962.916608529
 1007452.639150335
 1007960.746797872
 1008487.578336612
 1009033.472552026


# name: QUERY
# type: sq_string
# elements: 1
# length: 2
R2


# name: DATASIZE
# type: sq_string
# elements: 1
# length: 4
1000


