# Created by Octave 4.0.0, Mon May 23 11:55:38 2016 CEST <peter@Independence>
# name: x
# type: matrix
# rows: 1
# columns: 100
 0.008333333333333333 0.008417508417508417 0.008501683501683501 0.008585858585858586 0.00867003367003367 0.008754208754208754 0.008838383838383838 0.008922558922558922 0.009006734006734006 0.00909090909090909 0.009175084175084175 0.009259259259259259 0.009343434343434343 0.009427609427609427 0.009511784511784511 0.009595959595959595 0.009680134680134679 0.009764309764309764 0.009848484848484848 0.009932659932659932 0.01001683501683502 0.0101010101010101 0.01018518518518518 0.01026936026936027 0.01035353535353535 0.01043771043771044 0.01052188552188552 0.0106060606060606 0.01069023569023569 0.01077441077441077 0.01085858585858586 0.01094276094276094 0.01102693602693603 0.01111111111111111 0.0111952861952862 0.01127946127946128 0.01136363636363636 0.01144781144781145 0.01153198653198653 0.01161616161616161 0.0117003367003367 0.01178451178451178 0.01186868686868687 0.01195286195286195 0.01203703703703704 0.01212121212121212 0.01220538720538721 0.01228956228956229 0.01237373737373737 0.01245791245791246 0.01254208754208754 0.01262626262626263 0.01271043771043771 0.01279461279461279 0.01287878787878788 0.01296296296296296 0.01304713804713805 0.01313131313131313 0.01321548821548822 0.0132996632996633 0.01338383838383838 0.01346801346801347 0.01355218855218855 0.01363636363636364 0.01372053872053872 0.0138047138047138 0.01388888888888889 0.01397306397306397 0.01405723905723906 0.01414141414141414 0.01422558922558922 0.01430976430976431 0.01439393939393939 0.01447811447811448 0.01456228956228956 0.01464646464646465 0.01473063973063973 0.01481481481481481 0.0148989898989899 0.01498316498316498 0.01506734006734007 0.01515151515151515 0.01523569023569023 0.01531986531986532 0.0154040404040404 0.01548821548821549 0.01557239057239057 0.01565656565656565 0.01574074074074074 0.01582491582491583 0.01590909090909091 0.01599326599326599 0.01607744107744108 0.01616161616161616 0.01624579124579124 0.01632996632996633 0.01641414141414142 0.0164983164983165 0.01658249158249158 0.01666666666666667


# name: y
# type: matrix
# rows: 100
# columns: 1
 875125.9504464455
 875039.4956008216
 874959.1791591683
 874884.7034489618
 874815.7781965216
 874752.1205270094
 874693.4549644302
 874639.513431632
 874590.0352503053
 874544.767140984
 874503.4632230442
 874465.8850147056
 874431.8014330304
 874400.9887939238
 874373.2308121336
 874348.3186012512
 874326.0506737102
 874306.2329407872
 874288.6787126021
 874273.2086981173
 874259.6510051381
 874247.8411403128
 874237.6220091329
 874228.8439159321
 874221.3645638875
 874215.0490550189
 874209.7698901893
 874205.406969104
 874201.8475903117
 874198.9864512038
 874196.7256480146
 874194.9746758213
 874193.650428544
 874192.6771989455
 874191.986678632
 874191.5179580521
 874191.2175264973
 874191.0392721024
 874190.9444818447
 874190.9018415445
 874190.887435865
 874190.8847483124
 874190.8846612356
 874190.8854558265
 874190.89281212
 874190.9198089936
 874190.9869241678
 874191.1220342063
 874191.3604145151
 874191.7447393439
 874192.3250817843
 874193.1589137715
 874194.3111060836
 874195.8539283411
 874197.8670490077
 874200.4375353903
 874203.6598536379
 874207.6358687431
 874212.4748445412
 874218.2934437101
 874225.2157277709
 874233.3731570877
 874242.9045908672
 874253.9562871589
 874266.6819028556
 874281.2424936927
 874297.8065142485
 874316.5498179443
 874337.6556570443
 874361.3146826555
 874387.7249447277
 874417.0918920538
 874449.6283722697
 874485.5546318537
 874525.0983161274
 874568.4944692552
 874615.9855342442
 874667.8213529449
 874724.25916605
 874785.5636130957
 874852.0067324606
 874923.8679613664
 875001.434135878
 875084.9994909028
 875174.8656601908
 875271.3416763358
 875374.7439707738
 875485.3963737837
 875603.6301144876
 875729.7838208503
 875864.2035196795
 876007.2426366259
 876159.2619961828
 876320.629821687
 876491.7217353175
 876672.9207580965
 876864.6173098891
 877067.2092094033
 877281.1016741898
 877506.7073206427


# name: QUERY
# type: sq_string
# elements: 1
# length: 2
R2


# name: DATASIZE
# type: sq_string
# elements: 1
# length: 4
1000


