# Created by Octave 3.8.2, Wed May 18 09:23:01 2016 CEST <Andrea@Andreas-MacBook-Pro.local>
# name: x
# type: matrix
# rows: 1
# columns: 100
 0.008333333333333333 0.008417508417508417 0.008501683501683501 0.008585858585858586 0.00867003367003367 0.008754208754208754 0.008838383838383838 0.008922558922558922 0.009006734006734006 0.00909090909090909 0.009175084175084175 0.009259259259259259 0.009343434343434343 0.009427609427609427 0.009511784511784511 0.009595959595959595 0.009680134680134679 0.009764309764309764 0.009848484848484848 0.009932659932659932 0.01001683501683502 0.0101010101010101 0.01018518518518518 0.01026936026936027 0.01035353535353535 0.01043771043771044 0.01052188552188552 0.0106060606060606 0.01069023569023569 0.01077441077441077 0.01085858585858586 0.01094276094276094 0.01102693602693603 0.01111111111111111 0.0111952861952862 0.01127946127946128 0.01136363636363636 0.01144781144781145 0.01153198653198653 0.01161616161616161 0.0117003367003367 0.01178451178451178 0.01186868686868687 0.01195286195286195 0.01203703703703704 0.01212121212121212 0.01220538720538721 0.01228956228956229 0.01237373737373737 0.01245791245791246 0.01254208754208754 0.01262626262626263 0.01271043771043771 0.01279461279461279 0.01287878787878788 0.01296296296296296 0.01304713804713805 0.01313131313131313 0.01321548821548822 0.0132996632996633 0.01338383838383838 0.01346801346801347 0.01355218855218855 0.01363636363636364 0.01372053872053872 0.0138047138047138 0.01388888888888889 0.01397306397306397 0.01405723905723906 0.01414141414141414 0.01422558922558922 0.01430976430976431 0.01439393939393939 0.01447811447811448 0.01456228956228956 0.01464646464646465 0.01473063973063973 0.01481481481481481 0.0148989898989899 0.01498316498316498 0.01506734006734007 0.01515151515151515 0.01523569023569023 0.01531986531986532 0.0154040404040404 0.01548821548821549 0.01557239057239057 0.01565656565656565 0.01574074074074074 0.01582491582491583 0.01590909090909091 0.01599326599326599 0.01607744107744108 0.01616161616161616 0.01624579124579124 0.01632996632996633 0.01641414141414142 0.0164983164983165 0.01658249158249158 0.01666666666666667


# name: y
# type: matrix
# rows: 100
# columns: 1
 969423.5140174896
 969398.1114244829
 969375.6428629396
 969355.8307241943
 969338.4175835949
 969323.1651975003
 969309.8535258428
 969298.2797802576
 969288.257497777
 969279.6156400905
 969272.1977183706
 969265.860943665
 969260.4754028537
 969255.9232601722
 969252.0979843002
 969248.9036010168
 969246.25397142
 969244.0720957137
 969242.2894425587
 969240.8453039908
 969239.686175904
 969238.7651640992
 969238.0414158994
 969237.4795773299
 969237.0492758648
 969236.7246287384
 969236.4837768232
 969236.3084440738
 969236.1835225353
 969236.0966829185
 969236.0380107407
 969235.9996680317
 969235.9755806059
 969235.9611509007
 969235.9529963792
 969235.9487135003
 969235.9466672529
 969235.9458062574
 969235.9455034318
 969235.9454222239
 969235.9454084092
 969235.9454074552
 969235.9454074497
 969235.9454075971
 969235.9454122784
 969235.9454506785
 969235.9456219779
 969235.9461661114
 969235.9475600915
 969235.950639898
 969235.9567479336
 969235.9679060446
 969235.9870141074
 969236.0180741816
 969236.0664402283
 969236.1390933928
 969236.2449428559
 969236.3951522482
 969236.6034916317
 969236.8867150466
 969237.2649636241
 969237.7621942642
 969238.4066338803
 969239.2312592091
 969240.2743021855
 969241.5797808846
 969243.198056028
 969245.1864130575
 969247.6096697727
 969250.5408095353
 969254.0616400398
 969258.2634776483
 969263.2478572924
 969269.1272679401
 969276.025913629
 969284.0805000645
 969293.4410467846
 969304.2717248894
 969316.7517203374
 969331.0761228071
 969347.4568401237
 969366.1235382528
 969387.3246068584
 969411.3281504284
 969438.4230049637
 969468.9197802347
 969503.1519276032
 969541.4768334094
 969584.276937925
 969631.9608798728
 969684.9646665099
 969743.7528692797
 969808.8198450268
 969880.6909827794
 969959.9239760962
 970047.1101209808
 970142.8756393594
 970247.8830281266
 970362.8324337549
 970488.4630524721


# name: QUERY
# type: sq_string
# elements: 1
# length: 2
R2


# name: DATASIZE
# type: sq_string
# elements: 1
# length: 4
1000


