# Created by Octave 3.8.2, Wed May 18 09:23:01 2016 CEST <Andrea@Andreas-MacBook-Pro.local>
# name: x
# type: matrix
# rows: 1
# columns: 100
 0.008333333333333333 0.008417508417508417 0.008501683501683501 0.008585858585858586 0.00867003367003367 0.008754208754208754 0.008838383838383838 0.008922558922558922 0.009006734006734006 0.00909090909090909 0.009175084175084175 0.009259259259259259 0.009343434343434343 0.009427609427609427 0.009511784511784511 0.009595959595959595 0.009680134680134679 0.009764309764309764 0.009848484848484848 0.009932659932659932 0.01001683501683502 0.0101010101010101 0.01018518518518518 0.01026936026936027 0.01035353535353535 0.01043771043771044 0.01052188552188552 0.0106060606060606 0.01069023569023569 0.01077441077441077 0.01085858585858586 0.01094276094276094 0.01102693602693603 0.01111111111111111 0.0111952861952862 0.01127946127946128 0.01136363636363636 0.01144781144781145 0.01153198653198653 0.01161616161616161 0.0117003367003367 0.01178451178451178 0.01186868686868687 0.01195286195286195 0.01203703703703704 0.01212121212121212 0.01220538720538721 0.01228956228956229 0.01237373737373737 0.01245791245791246 0.01254208754208754 0.01262626262626263 0.01271043771043771 0.01279461279461279 0.01287878787878788 0.01296296296296296 0.01304713804713805 0.01313131313131313 0.01321548821548822 0.0132996632996633 0.01338383838383838 0.01346801346801347 0.01355218855218855 0.01363636363636364 0.01372053872053872 0.0138047138047138 0.01388888888888889 0.01397306397306397 0.01405723905723906 0.01414141414141414 0.01422558922558922 0.01430976430976431 0.01439393939393939 0.01447811447811448 0.01456228956228956 0.01464646464646465 0.01473063973063973 0.01481481481481481 0.0148989898989899 0.01498316498316498 0.01506734006734007 0.01515151515151515 0.01523569023569023 0.01531986531986532 0.0154040404040404 0.01548821548821549 0.01557239057239057 0.01565656565656565 0.01574074074074074 0.01582491582491583 0.01590909090909091 0.01599326599326599 0.01607744107744108 0.01616161616161616 0.01624579124579124 0.01632996632996633 0.01641414141414142 0.0164983164983165 0.01658249158249158 0.01666666666666667


# name: y
# type: matrix
# rows: 1
# columns: 100
 1129558.759320864 1128980.369084243 1128401.978847623 1127823.588611003 1127245.198374383 1126666.808137762 1126088.417901142 1125510.027664522 1124931.637427901 1124353.247191281 1123774.856954661 1123196.466718041 1122618.07648142 1122039.6862448 1121461.29600818 1120882.90577156 1120304.515534939 1119726.125298319 1119147.735061699 1118569.344825079 1117990.954588458 1117412.564351838 1116834.174115218 1116255.783878597 1115677.393641977 1115099.003405357 1114520.613168737 1113942.222932116 1113363.832695496 1112785.442458876 1112207.052222256 1111628.661985635 1111050.271749015 1110471.881512395 1109893.491275775 1109315.101039154 1108736.710802534 1108158.320565914 1107579.930329293 1107001.540092673 1106423.149856053 1105844.759619433 1105266.369382812 1104687.979146192 1104109.588909572 1103531.198672951 1102952.808436331 1102374.418199711 1101796.027963091 1101217.63772647 1100639.24748985 1100060.85725323 1099482.46701661 1098904.076779989 1098325.686543369 1097747.296306749 1097168.906070129 1096590.515833508 1096012.125596888 1095433.735360268 1094855.345123647 1094276.954887027 1093698.564650407 1093120.174413787 1092541.784177166 1091963.393940546 1091385.003703926 1090806.613467306 1090228.223230685 1089649.832994065 1089071.442757445 1088493.052520825 1087914.662284204 1087336.272047584 1086757.881810964 1086179.491574344 1085601.101337723 1085022.711101103 1084444.320864483 1083865.930627862 1083287.540391242 1082709.150154622 1082130.759918001 1081552.369681381 1080973.979444761 1080395.589208141 1079817.19897152 1079238.8087349 1078660.41849828 1078082.02826166 1077503.638025039 1076925.247788419 1076346.857551799 1075768.467315179 1075190.077078558 1074611.686841938 1074033.296605318 1073454.906368698 1072876.516132077 1072298.125895457


# name: QUERY
# type: sq_string
# elements: 1
# length: 2
R2


# name: DATASIZE
# type: sq_string
# elements: 1
# length: 4
1000


