# Created by Octave 4.0.0, Wed May 18 23:31:28 2016 CEST <peter@Independence>
# name: x
# type: matrix
# rows: 1
# columns: 100
 60 60.60606060606061 61.21212121212121 61.81818181818181 62.42424242424242 63.03030303030303 63.63636363636364 64.24242424242424 64.84848484848484 65.45454545454545 66.06060606060606 66.66666666666666 67.27272727272728 67.87878787878788 68.48484848484848 69.09090909090909 69.69696969696969 70.3030303030303 70.90909090909091 71.51515151515152 72.12121212121212 72.72727272727272 73.33333333333333 73.93939393939394 74.54545454545455 75.15151515151516 75.75757575757575 76.36363636363636 76.96969696969697 77.57575757575758 78.18181818181819 78.78787878787878 79.39393939393939 80 80.60606060606061 81.2121212121212 81.81818181818181 82.42424242424242 83.03030303030303 83.63636363636364 84.24242424242425 84.84848484848484 85.45454545454545 86.06060606060606 86.66666666666666 87.27272727272727 87.87878787878788 88.48484848484848 89.09090909090909 89.69696969696969 90.3030303030303 90.90909090909091 91.51515151515152 92.12121212121212 92.72727272727272 93.33333333333333 93.93939393939394 94.54545454545455 95.15151515151514 95.75757575757575 96.36363636363636 96.96969696969697 97.57575757575758 98.18181818181817 98.78787878787878 99.39393939393939 100 100.6060606060606 101.2121212121212 101.8181818181818 102.4242424242424 103.030303030303 103.6363636363636 104.2424242424242 104.8484848484848 105.4545454545455 106.0606060606061 106.6666666666667 107.2727272727273 107.8787878787879 108.4848484848485 109.0909090909091 109.6969696969697 110.3030303030303 110.9090909090909 111.5151515151515 112.1212121212121 112.7272727272727 113.3333333333333 113.9393939393939 114.5454545454545 115.1515151515151 115.7575757575758 116.3636363636364 116.969696969697 117.5757575757576 118.1818181818182 118.7878787878788 119.3939393939394 120


# name: y
# type: matrix
# rows: 100
# columns: 1
 72827.92463952648
 72822.74116827885
 72817.71149517974
 72812.84513945917
 72808.15144527493
 72803.63956515791
 72799.31844367181
 72795.19680132154
 72791.28311874389
 72787.58562121441
 72784.11226350327
 72780.87071511269
 72777.86834592791
 72775.1122123128
 72772.60904368058
 72770.36522956913
 72768.38680724954
 72766.67944989547
 72765.24845533981
 72764.09873544393
 72763.23480610373
 72762.66077791534
 72762.38034752176
 72762.39678966076
 72762.71294993252
 72763.33123830412
 72764.2536233665
 72765.48162735785
 72767.01632196562
 72768.85832491801
 72771.0077973736
 72773.46444211681
 72776.22750256394
 72779.29576258437
 72782.66754713807
 72786.34072373013
 72790.31270468027
 72794.58045020422
 72799.14047230159
 72803.98883944332
 72809.12118205
 72814.53269875053
 72820.21816340915
 72826.17193290689
 72832.38795566189
 72838.85978087176
 72845.58056845918
 72852.54309970056
 72859.73978851638
 72867.16269339991
 72874.80352996021
 72882.6536840535
 72890.70422547631
 72898.94592219201
 72907.36925506202
 72915.96443305111
 72924.7214088761
 72933.62989506568
 72942.6793803989
 72951.85914668867
 72961.15828587642
 72970.56571740308
 72980.07020582171
 72989.66037861585
 72999.32474418853
 73009.05170998549
 73018.82960071707
 73028.64667664243
 73038.49115188043
 73048.35121271122
 73058.21503583308
 73068.07080653928
 73077.90673677999
 73087.71108307513
 73097.47216424427
 73107.1783789203
 73116.81822281463
 73126.38030570214
 73135.8533680952
 73145.2262975765
 73154.48814476246
 73163.62813886849
 73172.63570285005
 73181.50046809345
 73190.21228863216
 73198.76125486533
 73207.13770675668
 73215.33224649323
 73223.33575058452
 73231.13938138478
 73238.73459802127
 73246.11316671428
 73253.26717047489
 73260.18901816894
 73266.8714529362
 73273.3075599562
 73279.49077355282
 73285.41488363201
 73291.07404144763
 73296.46276469305


# name: QUERY
# type: sq_string
# elements: 1
# length: 2
R2


# name: DATASIZE
# type: sq_string
# elements: 1
# length: 3
500


