# Created by Octave 4.0.0, Sun May 22 18:33:04 2016 CEST <peter@Independence>
# name: x
# type: matrix
# rows: 1
# columns: 100
 60 60.60606060606061 61.21212121212121 61.81818181818181 62.42424242424242 63.03030303030303 63.63636363636364 64.24242424242424 64.84848484848484 65.45454545454545 66.06060606060606 66.66666666666666 67.27272727272728 67.87878787878788 68.48484848484848 69.09090909090909 69.69696969696969 70.3030303030303 70.90909090909091 71.51515151515152 72.12121212121212 72.72727272727272 73.33333333333333 73.93939393939394 74.54545454545455 75.15151515151516 75.75757575757575 76.36363636363636 76.96969696969697 77.57575757575758 78.18181818181819 78.78787878787878 79.39393939393939 80 80.60606060606061 81.2121212121212 81.81818181818181 82.42424242424242 83.03030303030303 83.63636363636364 84.24242424242425 84.84848484848484 85.45454545454545 86.06060606060606 86.66666666666666 87.27272727272727 87.87878787878788 88.48484848484848 89.09090909090909 89.69696969696969 90.3030303030303 90.90909090909091 91.51515151515152 92.12121212121212 92.72727272727272 93.33333333333333 93.93939393939394 94.54545454545455 95.15151515151514 95.75757575757575 96.36363636363636 96.96969696969697 97.57575757575758 98.18181818181817 98.78787878787878 99.39393939393939 100 100.6060606060606 101.2121212121212 101.8181818181818 102.4242424242424 103.030303030303 103.6363636363636 104.2424242424242 104.8484848484848 105.4545454545455 106.0606060606061 106.6666666666667 107.2727272727273 107.8787878787879 108.4848484848485 109.0909090909091 109.6969696969697 110.3030303030303 110.9090909090909 111.5151515151515 112.1212121212121 112.7272727272727 113.3333333333333 113.9393939393939 114.5454545454545 115.1515151515151 115.7575757575758 116.3636363636364 116.969696969697 117.5757575757576 118.1818181818182 118.7878787878788 119.3939393939394 120


# name: y
# type: matrix
# rows: 100
# columns: 1
 72375.21209631106
 72387.14227977319
 72399.29499176299
 72411.6572359797
 72424.21565044687
 72436.9565232357
 72449.86580894022
 72462.92914588255
 72476.13187402443
 72489.45905356003
 72502.89548416279
 72516.42572485787
 72530.03411448981
 72543.70479275362
 72557.42172175592
 72571.16870807155
 72584.9294252593
 72598.6874367993
 72612.42621941364
 72626.12918672984
 72639.77971324685
 72653.36115856099
 72666.85689180937
 72680.25031628691
 72693.52489419249
 72706.66417145928
 72719.65180262337
 72732.47157568479
 72745.10743691451
 72757.54351556068
 72769.76414840716
 72781.75390413785
 72793.49760745963
 72804.98036293781
 72816.18757849725
 72827.10498854372
 72837.7186766599
 72848.01509783123
 72857.9811001576
 72867.60394600773
 72876.87133257366
 72885.77141178446
 72894.29280953862
 72902.42464421649
 72910.15654443494
 72917.47866600826
 72924.38170808039
 72930.85692839551
 72936.89615767555
 72942.49181307487
 72947.63691068422
 72952.32507705812
 72956.55055974153
 72960.30823677388
 72963.59362515034
 72966.40288822287
 72968.73284202506
 72970.58096050753
 72971.94537967264
 72972.8249005996
 72973.21899135338
 72973.12778777305
 72972.55209313781
 72971.49337671068
 72969.95377116292
 72967.936068884
 72965.44371718445
 72962.4808124015
 72959.05209291897
 72955.16293111605
 72950.81932426107
 72946.02788436892
 72940.79582704279
 72935.1309593231
 72929.04166656829
 72922.53689839432
 72915.62615370149
 72908.31946481932
 72900.62738080126
 72892.56094990374
 72884.13170128461
 72875.35162595843
 72866.23315704659
 72856.78914936265
 72847.03285837323
 72836.97791857731
 72826.63832134644
 72816.0283922706
 72805.16276805404
 72794.05637300732
 72782.72439518134
 72771.18226219033
 72759.4456167709
 72747.53029212465
 72735.45228709168
 72723.22774120292
 72710.8729096587
 72698.40413828101
 72685.83783848667
 72673.19046232809


# name: QUERY
# type: sq_string
# elements: 1
# length: 2
R2


# name: DATASIZE
# type: sq_string
# elements: 1
# length: 3
500


