# Created by Octave 4.0.0, Wed May 18 23:31:28 2016 CEST <peter@Independence>
# name: x
# type: matrix
# rows: 1
# columns: 100
 60 60.60606060606061 61.21212121212121 61.81818181818181 62.42424242424242 63.03030303030303 63.63636363636364 64.24242424242424 64.84848484848484 65.45454545454545 66.06060606060606 66.66666666666666 67.27272727272728 67.87878787878788 68.48484848484848 69.09090909090909 69.69696969696969 70.3030303030303 70.90909090909091 71.51515151515152 72.12121212121212 72.72727272727272 73.33333333333333 73.93939393939394 74.54545454545455 75.15151515151516 75.75757575757575 76.36363636363636 76.96969696969697 77.57575757575758 78.18181818181819 78.78787878787878 79.39393939393939 80 80.60606060606061 81.2121212121212 81.81818181818181 82.42424242424242 83.03030303030303 83.63636363636364 84.24242424242425 84.84848484848484 85.45454545454545 86.06060606060606 86.66666666666666 87.27272727272727 87.87878787878788 88.48484848484848 89.09090909090909 89.69696969696969 90.3030303030303 90.90909090909091 91.51515151515152 92.12121212121212 92.72727272727272 93.33333333333333 93.93939393939394 94.54545454545455 95.15151515151514 95.75757575757575 96.36363636363636 96.96969696969697 97.57575757575758 98.18181818181817 98.78787878787878 99.39393939393939 100 100.6060606060606 101.2121212121212 101.8181818181818 102.4242424242424 103.030303030303 103.6363636363636 104.2424242424242 104.8484848484848 105.4545454545455 106.0606060606061 106.6666666666667 107.2727272727273 107.8787878787879 108.4848484848485 109.0909090909091 109.6969696969697 110.3030303030303 110.9090909090909 111.5151515151515 112.1212121212121 112.7272727272727 113.3333333333333 113.9393939393939 114.5454545454545 115.1515151515151 115.7575757575758 116.3636363636364 116.969696969697 117.5757575757576 118.1818181818182 118.7878787878788 119.3939393939394 120


# name: y
# type: matrix
# rows: 1
# columns: 100
 72629.86730370577 72631.99013456005 72634.11296541433 72636.23579626861 72638.35862712289 72640.48145797716 72642.60428883144 72644.72711968572 72646.84995054 72648.97278139427 72651.09561224855 72653.21844310283 72655.34127395711 72657.46410481137 72659.58693566565 72661.70976651993 72663.8325973742 72665.95542822848 72668.07825908276 72670.20108993704 72672.32392079131 72674.44675164559 72676.56958249987 72678.69241335415 72680.81524420842 72682.9380750627 72685.06090591698 72687.18373677124 72689.30656762552 72691.4293984798 72693.55222933408 72695.67506018835 72697.79789104263 72699.92072189691 72702.04355275119 72704.16638360546 72706.28921445974 72708.41204531402 72710.5348761683 72712.65770702258 72714.78053787685 72716.90336873113 72719.02619958539 72721.14903043967 72723.27186129395 72725.39469214823 72727.51752300251 72729.64035385678 72731.76318471106 72733.88601556534 72736.00884641962 72738.13167727389 72740.25450812817 72742.37733898245 72744.50016983673 72746.623000691 72748.74583154527 72750.86866239955 72752.99149325382 72755.1143241081 72757.23715496238 72759.35998581666 72761.48281667093 72763.60564752521 72765.72847837949 72767.85130923377 72769.97414008804 72772.09697094232 72774.2198017966 72776.34263265088 72778.46546350516 72780.58829435942 72782.7111252137 72784.83395606797 72786.95678692225 72789.07961777653 72791.20244863081 72793.32527948509 72795.44811033936 72797.57094119364 72799.69377204792 72801.8166029022 72803.93943375647 72806.06226461075 72808.18509546503 72810.30792631929 72812.43075717357 72814.55358802785 72816.67641888213 72818.7992497364 72820.92208059068 72823.04491144496 72825.16774229924 72827.29057315351 72829.41340400779 72831.53623486207 72833.65906571635 72835.78189657062 72837.9047274249 72840.02755827918


# name: QUERY
# type: sq_string
# elements: 1
# length: 2
R2


# name: DATASIZE
# type: sq_string
# elements: 1
# length: 3
500


