# Created by Octave 4.0.0, Wed May 18 23:31:28 2016 CEST <peter@Independence>
# name: x
# type: matrix
# rows: 1
# columns: 100
 60 60.60606060606061 61.21212121212121 61.81818181818181 62.42424242424242 63.03030303030303 63.63636363636364 64.24242424242424 64.84848484848484 65.45454545454545 66.06060606060606 66.66666666666666 67.27272727272728 67.87878787878788 68.48484848484848 69.09090909090909 69.69696969696969 70.3030303030303 70.90909090909091 71.51515151515152 72.12121212121212 72.72727272727272 73.33333333333333 73.93939393939394 74.54545454545455 75.15151515151516 75.75757575757575 76.36363636363636 76.96969696969697 77.57575757575758 78.18181818181819 78.78787878787878 79.39393939393939 80 80.60606060606061 81.2121212121212 81.81818181818181 82.42424242424242 83.03030303030303 83.63636363636364 84.24242424242425 84.84848484848484 85.45454545454545 86.06060606060606 86.66666666666666 87.27272727272727 87.87878787878788 88.48484848484848 89.09090909090909 89.69696969696969 90.3030303030303 90.90909090909091 91.51515151515152 92.12121212121212 92.72727272727272 93.33333333333333 93.93939393939394 94.54545454545455 95.15151515151514 95.75757575757575 96.36363636363636 96.96969696969697 97.57575757575758 98.18181818181817 98.78787878787878 99.39393939393939 100 100.6060606060606 101.2121212121212 101.8181818181818 102.4242424242424 103.030303030303 103.6363636363636 104.2424242424242 104.8484848484848 105.4545454545455 106.0606060606061 106.6666666666667 107.2727272727273 107.8787878787879 108.4848484848485 109.0909090909091 109.6969696969697 110.3030303030303 110.9090909090909 111.5151515151515 112.1212121212121 112.7272727272727 113.3333333333333 113.9393939393939 114.5454545454545 115.1515151515151 115.7575757575758 116.3636363636364 116.969696969697 117.5757575757576 118.1818181818182 118.7878787878788 119.3939393939394 120


# name: y
# type: matrix
# rows: 100
# columns: 1
 72562.77960558629
 72566.51937121547
 72570.25913684466
 72573.99890247385
 72577.73866810303
 72581.47843373221
 72585.21819936139
 72588.95796499058
 72592.69773061977
 72596.43749624895
 72600.17726187813
 72603.91702750731
 72607.6567931365
 72611.39655876569
 72615.13632439487
 72618.87609002406
 72622.61585565323
 72626.35562128242
 72630.09538691161
 72633.83515254079
 72637.57491816996
 72641.31468379915
 72645.05444942834
 72648.79421505753
 72652.53398068671
 72656.27374631588
 72660.01351194507
 72663.75327757426
 72667.49304320345
 72671.23280883263
 72674.9725744618
 72678.71234009099
 72682.45210572018
 72686.19187134937
 72689.93163697855
 72693.67140260772
 72697.41116823691
 72701.1509338661
 72704.89069949528
 72708.63046512446
 72712.37023075364
 72716.10999638283
 72719.84976201202
 72723.5895276412
 72727.32929327038
 72731.06905889956
 72734.80882452875
 72738.54859015794
 72742.28835578712
 72746.0281214163
 72749.76788704548
 72753.50765267467
 72757.24741830386
 72760.98718393304
 72764.72694956222
 72768.4667151914
 72772.20648082059
 72775.94624644978
 72779.68601207896
 72783.42577770814
 72787.16554333732
 72790.90530896651
 72794.6450745957
 72798.38484022488
 72802.12460585406
 72805.86437148324
 72809.60413711243
 72813.34390274162
 72817.08366837079
 72820.82343399998
 72824.56319962916
 72828.30296525835
 72832.04273088754
 72835.78249651672
 72839.5222621459
 72843.26202777508
 72847.00179340427
 72850.74155903346
 72854.48132466263
 72858.22109029182
 72861.960855921
 72865.70062155019
 72869.44038717938
 72873.18015280855
 72876.91991843774
 72880.65968406692
 72884.39944969611
 72888.1392153253
 72891.87898095447
 72895.61874658366
 72899.35851221284
 72903.09827784203
 72906.8380434712
 72910.57780910039
 72914.31757472958
 72918.05734035876
 72921.79710598795
 72925.53687161712
 72929.27663724632
 72933.01640287551


# name: QUERY
# type: sq_string
# elements: 1
# length: 2
R2


# name: DATASIZE
# type: sq_string
# elements: 1
# length: 3
500


