# Created by Octave 4.0.0, Sun May 22 18:33:03 2016 CEST <peter@Independence>
# name: x
# type: matrix
# rows: 1
# columns: 100
 60 60.60606060606061 61.21212121212121 61.81818181818181 62.42424242424242 63.03030303030303 63.63636363636364 64.24242424242424 64.84848484848484 65.45454545454545 66.06060606060606 66.66666666666666 67.27272727272728 67.87878787878788 68.48484848484848 69.09090909090909 69.69696969696969 70.3030303030303 70.90909090909091 71.51515151515152 72.12121212121212 72.72727272727272 73.33333333333333 73.93939393939394 74.54545454545455 75.15151515151516 75.75757575757575 76.36363636363636 76.96969696969697 77.57575757575758 78.18181818181819 78.78787878787878 79.39393939393939 80 80.60606060606061 81.2121212121212 81.81818181818181 82.42424242424242 83.03030303030303 83.63636363636364 84.24242424242425 84.84848484848484 85.45454545454545 86.06060606060606 86.66666666666666 87.27272727272727 87.87878787878788 88.48484848484848 89.09090909090909 89.69696969696969 90.3030303030303 90.90909090909091 91.51515151515152 92.12121212121212 92.72727272727272 93.33333333333333 93.93939393939394 94.54545454545455 95.15151515151514 95.75757575757575 96.36363636363636 96.96969696969697 97.57575757575758 98.18181818181817 98.78787878787878 99.39393939393939 100 100.6060606060606 101.2121212121212 101.8181818181818 102.4242424242424 103.030303030303 103.6363636363636 104.2424242424242 104.8484848484848 105.4545454545455 106.0606060606061 106.6666666666667 107.2727272727273 107.8787878787879 108.4848484848485 109.0909090909091 109.6969696969697 110.3030303030303 110.9090909090909 111.5151515151515 112.1212121212121 112.7272727272727 113.3333333333333 113.9393939393939 114.5454545454545 115.1515151515151 115.7575757575758 116.3636363636364 116.969696969697 117.5757575757576 118.1818181818182 118.7878787878788 119.3939393939394 120


# name: y
# type: matrix
# rows: 100
# columns: 1
 72518.48572780743
 72522.8068279131
 72527.1279280188
 72531.44902812449
 72535.77012823016
 72540.09122833585
 72544.41232844154
 72548.73342854723
 72553.05452865291
 72557.3756287586
 72561.69672886428
 72566.01782896997
 72570.33892907566
 72574.66002918134
 72578.98112928703
 72583.30222939272
 72587.6233294984
 72591.94442960409
 72596.26552970978
 72600.58662981546
 72604.90772992113
 72609.22883002683
 72613.54993013252
 72617.8710302382
 72622.19213034389
 72626.51323044958
 72630.83433055526
 72635.15543066095
 72639.47653076664
 72643.79763087232
 72648.11873097801
 72652.4398310837
 72656.76093118938
 72661.08203129507
 72665.40313140076
 72669.72423150644
 72674.04533161213
 72678.36643171782
 72682.6875318235
 72687.00863192919
 72691.32973203486
 72695.65083214056
 72699.97193224625
 72704.29303235192
 72708.61413245762
 72712.93523256329
 72717.25633266899
 72721.57743277468
 72725.89853288035
 72730.21963298605
 72734.54073309174
 72738.86183319741
 72743.18293330311
 72747.50403340878
 72751.82513351447
 72756.14623362017
 72760.46733372584
 72764.78843383153
 72769.10953393723
 72773.4306340429
 72777.75173414859
 72782.07283425429
 72786.39393435996
 72790.71503446565
 72795.03613457133
 72799.35723467702
 72803.67833478271
 72807.99943488839
 72812.32053499408
 72816.64163509976
 72820.96273520545
 72825.28383531114
 72829.60493541682
 72833.92603552251
 72838.2471356282
 72842.56823573388
 72846.88933583956
 72851.21043594525
 72855.53153605094
 72859.85263615663
 72864.17373626231
 72868.494836368
 72872.81593647368
 72877.13703657937
 72881.45813668506
 72885.77923679074
 72890.10033689643
 72894.42143700212
 72898.7425371078
 72903.06363721349
 72907.38473731918
 72911.70583742487
 72916.02693753055
 72920.34803763624
 72924.66913774193
 72928.99023784761
 72933.31133795329
 72937.63243805898
 72941.95353816466
 72946.27463827035


# name: QUERY
# type: sq_string
# elements: 1
# length: 2
R2


# name: DATASIZE
# type: sq_string
# elements: 1
# length: 3
500


