# Created by Octave 4.0.0, Sun May 22 18:33:03 2016 CEST <peter@Independence>
# name: x
# type: matrix
# rows: 1
# columns: 100
 60 60.60606060606061 61.21212121212121 61.81818181818181 62.42424242424242 63.03030303030303 63.63636363636364 64.24242424242424 64.84848484848484 65.45454545454545 66.06060606060606 66.66666666666666 67.27272727272728 67.87878787878788 68.48484848484848 69.09090909090909 69.69696969696969 70.3030303030303 70.90909090909091 71.51515151515152 72.12121212121212 72.72727272727272 73.33333333333333 73.93939393939394 74.54545454545455 75.15151515151516 75.75757575757575 76.36363636363636 76.96969696969697 77.57575757575758 78.18181818181819 78.78787878787878 79.39393939393939 80 80.60606060606061 81.2121212121212 81.81818181818181 82.42424242424242 83.03030303030303 83.63636363636364 84.24242424242425 84.84848484848484 85.45454545454545 86.06060606060606 86.66666666666666 87.27272727272727 87.87878787878788 88.48484848484848 89.09090909090909 89.69696969696969 90.3030303030303 90.90909090909091 91.51515151515152 92.12121212121212 92.72727272727272 93.33333333333333 93.93939393939394 94.54545454545455 95.15151515151514 95.75757575757575 96.36363636363636 96.96969696969697 97.57575757575758 98.18181818181817 98.78787878787878 99.39393939393939 100 100.6060606060606 101.2121212121212 101.8181818181818 102.4242424242424 103.030303030303 103.6363636363636 104.2424242424242 104.8484848484848 105.4545454545455 106.0606060606061 106.6666666666667 107.2727272727273 107.8787878787879 108.4848484848485 109.0909090909091 109.6969696969697 110.3030303030303 110.9090909090909 111.5151515151515 112.1212121212121 112.7272727272727 113.3333333333333 113.9393939393939 114.5454545454545 115.1515151515151 115.7575757575758 116.3636363636364 116.969696969697 117.5757575757576 118.1818181818182 118.7878787878788 119.3939393939394 120


# name: y
# type: matrix
# rows: 1
# columns: 100
 72527.9344830753 72532.2318807697 72536.52927846409 72540.82667615848 72545.12407385287 72549.42147154728 72553.71886924167 72558.01626693606 72562.31366463045 72566.61106232484 72570.90846001924 72575.20585771363 72579.50325540802 72583.80065310241 72588.09805079681 72592.39544849121 72596.6928461856 72600.99024387999 72605.28764157438 72609.58503926879 72613.88243696318 72618.17983465757 72622.47723235196 72626.77463004635 72631.07202774075 72635.36942543514 72639.66682312953 72643.96422082392 72648.26161851833 72652.55901621272 72656.85641390711 72661.1538116015 72665.45120929589 72669.7486069903 72674.04600468469 72678.34340237908 72682.64080007347 72686.93819776786 72691.23559546226 72695.53299315665 72699.83039085104 72704.12778854543 72708.42518623984 72712.72258393423 72717.01998162862 72721.31737932301 72725.6147770174 72729.9121747118 72734.20957240619 72738.50697010059 72742.80436779498 72747.10176548938 72751.39916318377 72755.69656087816 72759.99395857255 72764.29135626694 72768.58875396135 72772.88615165574 72777.18354935013 72781.48094704452 72785.77834473891 72790.07574243331 72794.3731401277 72798.67053782209 72802.96793551648 72807.26533321089 72811.56273090528 72815.86012859967 72820.15752629406 72824.45492398845 72828.75232168286 72833.04971937725 72837.34711707164 72841.64451476603 72845.94191246043 72850.23931015482 72854.53670784921 72858.8341055436 72863.13150323799 72867.4289009324 72871.72629862679 72876.02369632118 72880.32109401557 72884.61849170996 72888.91588940436 72893.21328709876 72897.51068479315 72901.80808248754 72906.10548018194 72910.40287787633 72914.70027557072 72918.99767326511 72923.2950709595 72927.59246865391 72931.8898663483 72936.18726404269 72940.48466173708 72944.78205943148 72949.07945712587 72953.37685482026


# name: QUERY
# type: sq_string
# elements: 1
# length: 2
R2


# name: DATASIZE
# type: sq_string
# elements: 1
# length: 3
500


