# Created by Octave 4.0.0, Sun May 22 18:33:03 2016 CEST <peter@Independence>
# name: SVs
# type: cell
# rows: 1
# columns: 7
# name: <cell-element>
# type: sparse matrix
# nnz: 224
# rows: 32
# columns: 7
1 1 1.481430625115719
2 1 -0.9481514708691924
3 1 -0.09761506192891042
4 1 0.009067339879750369
5 1 0.5768223138888561
6 1 -0.4052403438566241
7 1 -0.2064895678843245
8 1 -1.727809845731118
9 1 -1.058487379589109
10 1 0.359804003360279
11 1 -0.5141148498120381
12 1 -0.1831071236522893
13 1 0.893946713785834
14 1 0.5768223138888561
15 1 1.810246247128715
16 1 -0.13049662413021
17 1 0.4723320162269486
18 1 -1.337615307609029
19 1 -1.156401364810756
20 1 1.890623399176336
21 1 0.05510152696156975
22 1 1.645838436122217
23 1 -0.310979865546232
24 1 0.1201339499819178
25 1 0.2596979139918781
26 1 -1.123519802609457
27 1 0.009067339879750369
28 1 -0.9488821722514434
29 1 -0.9532663805449501
30 1 -0.6675621400847694
31 1 0.4555258844351733
32 1 1.184035162539521
1 2 0.183592427569211
2 2 -0.1961791844898098
3 2 0.5003946992147382
4 2 0.7421030990628071
5 2 1.447672602826426
6 2 -0.2450684239412801
7 2 -0.9013575743378166
8 2 -2.049276916658338
9 2 -0.2955221190551973
10 2 -0.5513106198652896
11 2 -0.8962730934348637
12 2 -0.2063481462957156
13 2 0.1065429861936939
14 2 1.447672602826426
15 2 -0.002577796261987648
16 2 -0.3643581682028674
17 2 0.4045717898898565
18 2 -1.267831313266037
19 2 -0.8935352960255813
20 2 1.666305281653401
21 2 -0.3056910808611031
22 2 0.9865492963201583
23 2 -0.1406410084729396
24 2 0.6001287476957375
25 2 0.4745811807843619
26 2 -1.077749950278721
27 2 0.7421030990628071
28 2 -0.5634351512492543
29 2 -0.9514201555361221
30 2 0.3713271070628568
31 2 0.8320592996535123
32 2 1.058514256792723
1 3 -0.3512751428466854
2 3 -0.4201833295843318
3 3 0.1241913456430746
4 3 -0.06186075854857061
5 3 -1.081701922265737
6 3 -0.7027068952086819
7 3 -0.2341312253926865
8 3 0.3722608178986015
9 3 0.1862087137069564
10 3 -0.1996771320238634
11 3 -0.7371609885775051
12 3 0.3378067245297784
13 3 0.5858761967853053
14 3 -1.081701922265737
15 3 -0.6613619831660941
16 3 0.4825139166788358
17 3 -0.2479128627402158
18 3 -0.7785059006200929
19 3 0.1448638016643685
20 3 1.019997773232477
21 3 -0.4201833295843318
22 3 0.4825139166788358
23 3 2.411943145332935
24 3 0.7099109329130688
25 3 -0.5442180657120953
26 3 1.578154085807413
27 3 -0.06186075854857061
28 3 -0.006734209158453514
29 3 1.082015141296359
30 3 1.640171453871295
31 3 0.268898537792132
32 3 4.334481555313269
1 4 -0.8122870453016101
2 4 0.207872564485619
3 4 0.06769796161409136
4 4 -0.08026411919474341
5 4 -0.8317557401448779
6 4 -0.6020251409943187
7 4 0.2818536048900364
8 4 0.2117663034542726
9 4 0.2740661269527293
10 4 -0.7071560931479643
11 4 -1.022548949608902
12 4 0.08327291748870555
13 4 0.4882217702286744
14 4 -0.8317557401448779
15 4 -0.6565374865554683
16 4 -0.3528258470004917
17 4 0.457071858479446
18 4 -0.7655621776777676
19 4 -0.06079542435147568
20 4 -0.1153077699126253
21 4 -0.0958390750693576
22 4 0.2234475203602332
23 4 1.742005718135116
24 4 1.632981027012817
25 4 -0.3411446300945311
26 4 0.7101648914419265
27 4 -0.08026411919474341
28 4 0.3597283842631073
29 4 0.16504143583043
30 4 2.621990725050818
31 4 -0.3839757587497201
32 4 5.367076697951568
1 5 -0.7899505455674911
2 5 0.4538309441637032
3 5 0.6639956030016817
4 5 1.695461625982813
5 5 1.783337492105126
6 5 -0.2193719323187688
7 5 -1.377428363839735
8 5 -2.013760247543614
9 5 0.3223244032533892
10 5 -0.9549482382516936
11 5 -0.7475489038721095
12 5 0.1490307371940034
13 5 -0.4842285637783265
14 5 1.783337492105126
15 5 -1.573151883839431
16 5 -0.3766881681740978
17 5 -0.02672099505062186
18 5 -1.182933876932659
19 5 -0.3822188170908867
20 5 0.9156401287155771
21 5 -0.5573560327892021
22 5 0.156404935749722
23 5 -0.1892606215495848
24 5 0.6898052979466966
25 5 0.3112631054198114
26 5 -0.9448087152375806
27 5 1.695461625982813
28 5 -0.1136750863534697
29 5 -0.8077715254104776
30 5 1.035163596972849
31 5 0.991840180458002
32 5 0.4553672355294779
1 6 -0.8299478734456176
2 6 0.387664311848779
3 6 0.7503835976989749
4 6 1.632773955780882
5 6 1.736893546352872
6 6 -0.1675371844653623
7 6 -1.319340845154911
8 6 -1.928301417906815
9 6 0.3836478291264174
10 6 -1.021503203281326
11 6 -0.7934905687349506
12 6 0.07839514222693406
13 6 -0.4814407572283937
14 6 1.736893546352872
15 6 -1.622430810588507
16 6 -0.3742315645622796
17 6 -0.07855664415458168
18 6 -1.132728878669802
19 6 -0.4072903069694099
20 6 0.8643899149721624
21 6 -0.5188249425672981
22 6 0.2158824354154665
23 6 -0.1085257844675876
24 6 0.7037306060776976
25 6 0.301155453213298
26 6 -0.9936967844342068
27 6 1.632773955780882
28 6 -0.001625552010885969
29 6 -0.7786604786831538
30 6 0.9685095055441523
31 6 1.061815488786707
32 6 0.4605789212701131
1 7 1.524115730048676
2 7 1.524115730048676
3 7 1.524115730048676
4 7 -0.4056998705884963
5 7 -0.4056998705884963
6 7 -0.4056998705884963
7 7 -1.370607670907082
8 7 -1.370607670907082
9 7 -0.4056998705884963
10 7 1.524115730048676
11 7 1.524115730048676
12 7 1.524115730048676
13 7 -1.370607670907082
14 7 -0.4056998705884963
15 7 -1.370607670907082
16 7 -0.4056998705884963
17 7 -1.370607670907082
18 7 -0.4056998705884963
19 7 -1.370607670907082
20 7 -1.370607670907082
21 7 1.524115730048676
22 7 -1.370607670907082
23 7 -1.370607670907082
24 7 1.524115730048676
25 7 -1.370607670907082
26 7 0.5592079297300898
27 7 -0.4056998705884963
28 7 -0.4056998705884963
29 7 0.5592079297300898
30 7 0.5592079297300898
31 7 1.524115730048676
32 7 0.5592079297300898



# name: <cell-element>
# type: sparse matrix
# nnz: 49
# rows: 7
# columns: 7
1 1 2.120794334585433
2 1 -1.727809845731118
3 1 2.120794334585433
4 1 -1.438452098359681
5 1 0.4555258844351733
6 1 -1.398263522335871
7 1 1.184035162539521
1 2 2.204478029535185
2 2 -2.049276916658338
3 2 2.204478029535185
4 2 -1.91434261577228
5 2 0.8320592996535123
6 2 -1.569771256118318
7 2 1.058514256792723
1 3 -0.6406895271448002
2 3 0.3722608178986015
3 3 -0.6406895271448002
4 3 0.4687322793313065
5 3 0.268898537792132
6 3 -0.6475803458185648
7 3 4.334481555313269
1 4 -0.1114140309439718
2 4 0.2117663034542726
3 4 -0.1114140309439718
4 4 -0.1230952478499324
5 4 -0.3839757587497201
6 4 -0.7383060048971928
7 4 5.367076697951568
1 5 2.008250548054541
2 5 -2.013760247543614
3 5 2.008250548054541
4 5 -1.814656886539214
5 5 0.991840180458002
6 5 -1.580833340668305
7 5 0.4553672355294779
1 6 1.953474653150987
2 6 -1.928301417906815
3 6 1.953474653150987
4 6 -1.83746711633956
5 6 1.061815488786707
6 6 -1.615015765562609
7 6 0.4605789212701131
1 7 -0.4056998705884963
2 7 -1.370607670907082
3 7 -0.4056998705884963
4 7 0.5592079297300898
5 7 1.524115730048676
6 7 1.524115730048676
7 7 0.5592079297300898



