# Created by Octave 4.0.0, Wed May 18 23:31:18 2016 CEST <peter@Independence>
# name: SVs
# type: cell
# rows: 1
# columns: 7
# name: <cell-element>
# type: sparse matrix
# nnz: 189
# rows: 27
# columns: 7
1 1 -0.9335374432241703
2 1 -0.693136688463558
3 1 0.3649189130360367
4 1 1.403245577214852
5 1 0.5768223138888561
6 1 1.367441209484548
7 1 0.1201339499819178
8 1 -0.9532663805449501
9 1 0.5768223138888561
10 1 0.583398626329116
11 1 -1.398263522335871
12 1 -0.2291413107341086
13 1 0.4723320162269486
14 1 -0.3365544139250206
15 1 0.009067339879750369
16 1 1.645838436122217
17 1 -1.123519802609457
18 1 1.810246247128715
19 1 -0.09761506192891042
20 1 0.893946713785834
21 1 -0.2064895678843245
22 1 -0.4052403438566241
23 1 -1.337615307609029
24 1 -0.5141148498120381
25 1 1.481430625115719
26 1 -0.9488821722514434
27 1 1.890623399176336
1 2 -0.7679877291142058
2 2 -1.183350707493897
3 2 -0.2114326271986685
4 2 0.3294779180923982
5 2 1.447672602826426
6 2 1.41325457825259
7 2 0.6001287476957375
8 2 -0.9514201555361221
9 2 1.447672602826426
10 2 1.002193852944629
11 2 -1.569771256118318
12 2 -0.8383882339243229
13 2 0.4045717898898565
14 2 -0.4875590516205724
15 2 0.7421030990628071
16 2 0.9865492963201583
17 2 -1.077749950278721
18 2 -0.002577796261987648
19 2 0.5003946992147382
20 2 0.1065429861936939
21 2 -0.9013575743378166
22 2 -0.2450684239412801
23 2 -1.267831313266037
24 2 -0.8962730934348637
25 2 0.183592427569211
26 2 -0.5634351512492543
27 2 1.666305281653401
1 3 0.7994915756720091
2 3 0.1448638016643685
3 3 -0.1376597639599816
4 3 -0.8474140873577393
5 3 -1.081701922265737
6 3 0.5720945594377761
7 3 0.7099109329130688
8 3 1.082015141296359
9 3 -1.081701922265737
10 3 -0.9094314554216211
11 3 -0.6475803458185648
12 3 -0.7647242632725637
13 3 -0.2479128627402158
14 3 0.1379729829906039
15 3 -0.06186075854857061
16 3 0.4825139166788358
17 3 1.578154085807413
18 3 -0.6613619831660941
19 3 0.1241913456430746
20 3 0.5858761967853053
21 3 -0.2341312253926865
22 3 -0.7027068952086819
23 3 -0.7785059006200929
24 3 -0.7371609885775051
25 3 -0.3512751428466854
26 3 -0.006734209158453514
27 3 1.019997773232477
1 4 0.414240729824257
2 4 0.2351287372661938
3 4 -0.1970762882543498
4 4 -0.9368866922985236
5 4 -0.8317557401448779
6 4 0.8737019281253755
7 4 1.632981027012817
8 4 0.16504143583043
9 4 -0.8317557401448779
10 4 -0.5319378395585548
11 4 -0.7383060048971928
12 4 -0.4657442770914445
13 4 0.457071858479446
14 4 0.1572539578931229
15 4 -0.08026411919474341
16 4 0.2234475203602332
17 4 0.7101648914419265
18 4 -0.6565374865554683
19 4 0.06769796161409136
20 4 0.4882217702286744
21 4 0.2818536048900364
22 4 -0.6020251409943187
23 4 -0.7655621776777676
24 4 -1.022548949608902
25 4 -0.8122870453016101
26 4 0.3597283842631073
27 4 -0.1153077699126253
1 5 -0.345040566039139
2 5 -0.7533868110620534
3 5 -0.7380238974043064
4 5 -0.1308815496501463
5 5 1.783337492105126
6 5 1.347645260771422
7 5 0.6898052979466966
8 5 -0.8077715254104776
9 5 1.783337492105126
10 5 1.363008174429169
11 5 -1.580833340668305
12 5 -1.228100843086435
13 5 -0.02672099505062186
14 5 -0.512496324908581
15 5 1.695461625982813
16 5 0.156404935749722
17 5 -0.9448087152375806
18 5 -1.573151883839431
19 5 0.6639956030016817
20 5 -0.4842285637783265
21 5 -1.377428363839735
22 5 -0.2193719323187688
23 5 -1.182933876932659
24 5 -0.7475489038721095
25 5 -0.7899505455674911
26 5 -0.1136750863534697
27 5 0.9156401287155771
1 6 -0.4113067896917715
2 6 -0.8296389132362052
3 6 -0.7527078210925094
4 6 -0.1987421656160179
5 6 1.736893546352872
6 6 1.296007327521331
7 6 0.7037306060776976
8 6 -0.7786604786831538
9 6 1.736893546352872
10 6 1.320415184064913
11 6 -1.615015765562609
12 6 -1.241173912173565
13 6 -0.07855664415458168
14 6 -0.5398342368073434
15 6 1.632773955780882
16 6 0.2158824354154665
17 6 -0.9936967844342068
18 6 -1.622430810588507
19 6 0.7503835976989749
20 6 -0.4814407572283937
21 6 -1.319340845154911
22 6 -0.1675371844653623
23 6 -1.132728878669802
24 6 -0.7934905687349506
25 6 -0.8299478734456176
26 6 -0.001625552010885969
27 6 0.8643899149721624
1 7 1.524115730048676
2 7 1.524115730048676
3 7 -1.370607670907082
4 7 0.5592079297300898
5 7 -0.4056998705884963
6 7 1.524115730048676
7 7 1.524115730048676
8 7 0.5592079297300898
9 7 -0.4056998705884963
10 7 0.5592079297300898
11 7 1.524115730048676
12 7 -0.4056998705884963
13 7 -1.370607670907082
14 7 1.524115730048676
15 7 -0.4056998705884963
16 7 -1.370607670907082
17 7 0.5592079297300898
18 7 -1.370607670907082
19 7 1.524115730048676
20 7 -1.370607670907082
21 7 -1.370607670907082
22 7 -0.4056998705884963
23 7 -0.4056998705884963
24 7 1.524115730048676
25 7 1.524115730048676
26 7 -0.4056998705884963
27 7 -1.370607670907082



