# Created by Octave 4.0.0, Sun May 22 18:33:04 2016 CEST <peter@Independence>
# name: x
# type: matrix
# rows: 1
# columns: 100
 60 60.60606060606061 61.21212121212121 61.81818181818181 62.42424242424242 63.03030303030303 63.63636363636364 64.24242424242424 64.84848484848484 65.45454545454545 66.06060606060606 66.66666666666666 67.27272727272728 67.87878787878788 68.48484848484848 69.09090909090909 69.69696969696969 70.3030303030303 70.90909090909091 71.51515151515152 72.12121212121212 72.72727272727272 73.33333333333333 73.93939393939394 74.54545454545455 75.15151515151516 75.75757575757575 76.36363636363636 76.96969696969697 77.57575757575758 78.18181818181819 78.78787878787878 79.39393939393939 80 80.60606060606061 81.2121212121212 81.81818181818181 82.42424242424242 83.03030303030303 83.63636363636364 84.24242424242425 84.84848484848484 85.45454545454545 86.06060606060606 86.66666666666666 87.27272727272727 87.87878787878788 88.48484848484848 89.09090909090909 89.69696969696969 90.3030303030303 90.90909090909091 91.51515151515152 92.12121212121212 92.72727272727272 93.33333333333333 93.93939393939394 94.54545454545455 95.15151515151514 95.75757575757575 96.36363636363636 96.96969696969697 97.57575757575758 98.18181818181817 98.78787878787878 99.39393939393939 100 100.6060606060606 101.2121212121212 101.8181818181818 102.4242424242424 103.030303030303 103.6363636363636 104.2424242424242 104.8484848484848 105.4545454545455 106.0606060606061 106.6666666666667 107.2727272727273 107.8787878787879 108.4848484848485 109.0909090909091 109.6969696969697 110.3030303030303 110.9090909090909 111.5151515151515 112.1212121212121 112.7272727272727 113.3333333333333 113.9393939393939 114.5454545454545 115.1515151515151 115.7575757575758 116.3636363636364 116.969696969697 117.5757575757576 118.1818181818182 118.7878787878788 119.3939393939394 120


# name: y
# type: matrix
# rows: 100
# columns: 1
 72809.63874590199
 72809.62178611816
 72809.6058998932
 72809.59104093724
 72809.57716398058
 72809.56422477367
 72809.55218008712
 72809.54098771173
 72809.53060645843
 72809.52099615833
 72809.5121176627
 72809.50393284296
 72809.49640459071
 72809.4894968177
 72809.48317445586
 72809.47740345726
 72809.47215079414
 72809.46738445891
 72809.46307346414
 72809.45918784256
 72809.45569864704
 72809.45257795065
 72809.44979884663
 72809.44733544832
 72809.44516288929
 72809.44325732322
 72809.44159592399
 72809.44015688563
 72809.43891942232
 72809.43786376843
 72809.43697117847
 72809.4362239271
 72809.43560530919
 72809.43509963973
 72809.43469225388
 72809.43436950697
 72809.4341187745
 72809.43392845211
 72809.43378795563
 72809.43368772102
 72809.43361920443
 72809.43357488216
 72809.43354825067
 72809.4335338266
 72809.43352714673
 72809.433524768
 72809.43352426756
 72809.43352424265
 72809.43352431072
 72809.43352510939
 72809.4335282964
 72809.43353654968
 72809.43355356733
 72809.43358406761
 72809.4336337889
 72809.43370948979
 72809.43381894904
 72809.43397096552
 72809.43417535831
 72809.43444296664
 72809.43478564988
 72809.4352162876
 72809.43574877949
 72809.43639804545
 72809.4371800255
 72809.43811167985
 72809.43921098886
 72809.44049695304
 72809.44198959311
 72809.44370994988
 72809.44568008439
 72809.44792307781
 72809.45046303146
 72809.45332506686
 72809.45653532566
 72809.46012096968
 72809.46411018094
 72809.46853216154
 72809.47341713382
 72809.47879634025
 72809.48470204345
 72809.49116752624
 72809.49822709158
 72809.50591606257
 72809.51427078253
 72809.52332861487
 72809.53312794323
 72809.54370817136
 72809.55510972322
 72809.56737404289
 72809.58054359464
 72809.59466186288
 72809.6097733522
 72809.62592358736
 72809.64315911326
 72809.66152749496
 72809.6810773177
 72809.70185818689
 72809.72392072808
 72809.747316587


# name: QUERY
# type: sq_string
# elements: 1
# length: 2
R2


# name: DATASIZE
# type: sq_string
# elements: 1
# length: 3
500


