# Created by Octave 4.0.0, Sun May 22 18:33:04 2016 CEST <peter@Independence>
# name: x
# type: matrix
# rows: 1
# columns: 100
 60 60.60606060606061 61.21212121212121 61.81818181818181 62.42424242424242 63.03030303030303 63.63636363636364 64.24242424242424 64.84848484848484 65.45454545454545 66.06060606060606 66.66666666666666 67.27272727272728 67.87878787878788 68.48484848484848 69.09090909090909 69.69696969696969 70.3030303030303 70.90909090909091 71.51515151515152 72.12121212121212 72.72727272727272 73.33333333333333 73.93939393939394 74.54545454545455 75.15151515151516 75.75757575757575 76.36363636363636 76.96969696969697 77.57575757575758 78.18181818181819 78.78787878787878 79.39393939393939 80 80.60606060606061 81.2121212121212 81.81818181818181 82.42424242424242 83.03030303030303 83.63636363636364 84.24242424242425 84.84848484848484 85.45454545454545 86.06060606060606 86.66666666666666 87.27272727272727 87.87878787878788 88.48484848484848 89.09090909090909 89.69696969696969 90.3030303030303 90.90909090909091 91.51515151515152 92.12121212121212 92.72727272727272 93.33333333333333 93.93939393939394 94.54545454545455 95.15151515151514 95.75757575757575 96.36363636363636 96.96969696969697 97.57575757575758 98.18181818181817 98.78787878787878 99.39393939393939 100 100.6060606060606 101.2121212121212 101.8181818181818 102.4242424242424 103.030303030303 103.6363636363636 104.2424242424242 104.8484848484848 105.4545454545455 106.0606060606061 106.6666666666667 107.2727272727273 107.8787878787879 108.4848484848485 109.0909090909091 109.6969696969697 110.3030303030303 110.9090909090909 111.5151515151515 112.1212121212121 112.7272727272727 113.3333333333333 113.9393939393939 114.5454545454545 115.1515151515151 115.7575757575758 116.3636363636364 116.969696969697 117.5757575757576 118.1818181818182 118.7878787878788 119.3939393939394 120


# name: y
# type: matrix
# rows: 100
# columns: 1
 72757.95790399204
 72757.95809483981
 72757.95826598241
 72757.95841908228
 72757.95855569432
 72757.95867727071
 72757.95878516554
 72757.95888063926
 72757.95896486317
 72757.95903892371
 72757.95910382662
 72757.95916050112
 72757.95920980381
 72757.9592525226
 72757.95928938048
 72757.95932103919
 72757.95934810278
 72757.95937112106
 72757.95939059294
 72757.95940696969
 72757.95942065808
 72757.9594320234
 72757.95944139236
 72757.95944905592
 72757.95945527205
 72757.95946026822
 72757.95946424399
 72757.95946737337
 72757.95946980709
 72757.95947167478
 72757.95947308706
 72757.95947413746
 72757.9594749043
 72757.95947545243
 72757.9594758349
 72757.95947609443
 72757.95947626489
 72757.95947637263
 72757.95947643765
 72757.95947647475
 72757.95947649445
 72757.95947650399
 72757.9594765081
 72757.9594765096
 72757.95947651
 72757.95947651009
 72757.95947651009
 72757.95947651009
 72757.95947651009
 72757.95947651008
 72757.95947650996
 72757.95947650936
 72757.95947650741
 72757.95947650226
 72757.95947649069
 72757.95947646745
 72757.95947642453
 72757.95947635038
 72757.95947622907
 72757.95947603908
 72757.95947575232
 72757.95947533281
 72757.95947473541
 72757.95947390427
 72757.9594727713
 72757.95947125457
 72757.95946925644
 72757.95946666175
 72757.95946333578
 72757.95945912217
 72757.95945384078
 72757.95944728528
 72757.95943922078
 72757.95942938136
 72757.95941746737
 72757.9594031427
 72757.95938603197
 72757.95936571762
 72757.95934173671
 72757.95931357794
 72757.95928067826
 72757.95924241953
 72757.95919812501
 72757.95914705587
 72757.95908840734
 72757.95902130504
 72757.95894480104
 72757.95885786977
 72757.95875940399
 72757.95864821052
 72757.9585230059
 72757.95838241199
 72757.95822495133
 72757.95804904259
 72757.95785299574
 72757.95763500717
 72757.95739315482
 72757.95712539295
 72757.95682954702
 72757.95650330845


# name: QUERY
# type: sq_string
# elements: 1
# length: 2
R2


# name: DATASIZE
# type: sq_string
# elements: 1
# length: 3
500


