# Created by Octave 4.0.0, Wed May 18 23:31:28 2016 CEST <peter@Independence>
# name: x
# type: matrix
# rows: 1
# columns: 100
 60 60.60606060606061 61.21212121212121 61.81818181818181 62.42424242424242 63.03030303030303 63.63636363636364 64.24242424242424 64.84848484848484 65.45454545454545 66.06060606060606 66.66666666666666 67.27272727272728 67.87878787878788 68.48484848484848 69.09090909090909 69.69696969696969 70.3030303030303 70.90909090909091 71.51515151515152 72.12121212121212 72.72727272727272 73.33333333333333 73.93939393939394 74.54545454545455 75.15151515151516 75.75757575757575 76.36363636363636 76.96969696969697 77.57575757575758 78.18181818181819 78.78787878787878 79.39393939393939 80 80.60606060606061 81.2121212121212 81.81818181818181 82.42424242424242 83.03030303030303 83.63636363636364 84.24242424242425 84.84848484848484 85.45454545454545 86.06060606060606 86.66666666666666 87.27272727272727 87.87878787878788 88.48484848484848 89.09090909090909 89.69696969696969 90.3030303030303 90.90909090909091 91.51515151515152 92.12121212121212 92.72727272727272 93.33333333333333 93.93939393939394 94.54545454545455 95.15151515151514 95.75757575757575 96.36363636363636 96.96969696969697 97.57575757575758 98.18181818181817 98.78787878787878 99.39393939393939 100 100.6060606060606 101.2121212121212 101.8181818181818 102.4242424242424 103.030303030303 103.6363636363636 104.2424242424242 104.8484848484848 105.4545454545455 106.0606060606061 106.6666666666667 107.2727272727273 107.8787878787879 108.4848484848485 109.0909090909091 109.6969696969697 110.3030303030303 110.9090909090909 111.5151515151515 112.1212121212121 112.7272727272727 113.3333333333333 113.9393939393939 114.5454545454545 115.1515151515151 115.7575757575758 116.3636363636364 116.969696969697 117.5757575757576 118.1818181818182 118.7878787878788 119.3939393939394 120


# name: y
# type: matrix
# rows: 100
# columns: 1
 72714.73764451039
 72714.8269640785
 72714.91062969396
 72714.98888514473
 72715.06196884604
 72715.13011384038
 72715.19354779748
 72715.25249301436
 72715.30716641528
 72715.35777955179
 72715.4045386027
 72715.44764437406
 72715.48729229918
 72715.52367243865
 72715.55696948034
 72715.58736273933
 72715.61502615803
 72715.64012830604
 72715.66283238029
 72715.68329620492
 72715.70167223136
 72715.7181075383
 72715.73274383169
 72715.74571744473
 72715.75715933793
 72715.76719509898
 72715.7759449429
 72715.78352371196
 72715.79004087567
 72715.79560053082
 72715.80030140148
 72715.80423683894
 72715.8074948218
 72715.81015795586
 72715.81230347425
 72715.81400323732
 72715.81532373271
 72715.81632607528
 72715.81706600721
 72715.8175938979
 72715.81795474402
 72715.81818816952
 72715.81832842561
 72715.81840439072
 72715.81843957062
 72715.81845209826
 72715.8184547339
 72715.81845486508
 72715.81845450655
 72715.81845030034
 72715.81843351579
 72715.81839004943
 72715.8183004251
 72715.8181397939
 72715.81787793417
 72715.81747925152
 72715.81690277882
 72715.81610217624
 72715.81502573116
 72715.81361635825
 72715.81181159944
 72715.80954362391
 72715.80673922812
 72715.80331983579
 72715.7992014979
 72715.79429489268
 72715.78850532563
 72715.78173272952
 72715.77387166439
 72715.76481131752
 72715.75443550346
 72715.74262266404
 72715.72924586832
 72715.71417281266
 72715.69726582065
 72715.67838184316
 72715.65737245831
 72715.63408387151
 72715.60835691541
 72715.58002704992
 72715.54892436221
 72715.51487356675
 72715.47769400523
 72715.43719964659
 72715.39319908711
 72715.34549555024
 72715.29388688675
 72715.23816557466
 72715.17811871925
 72715.11352805306
 72715.04416993589
 72714.96981535482
 72714.89022992419
 72714.80517388556
 72714.7144021078
 72714.61766408703
 72714.51470394662
 72714.40526043724
 72714.28906693678
 72714.16585145041


# name: QUERY
# type: sq_string
# elements: 1
# length: 2
R2


# name: DATASIZE
# type: sq_string
# elements: 1
# length: 3
500


