# Created by Octave 4.0.0, Sun May 22 18:33:03 2016 CEST <peter@Independence>
# name: x
# type: matrix
# rows: 1
# columns: 100
 60 60.60606060606061 61.21212121212121 61.81818181818181 62.42424242424242 63.03030303030303 63.63636363636364 64.24242424242424 64.84848484848484 65.45454545454545 66.06060606060606 66.66666666666666 67.27272727272728 67.87878787878788 68.48484848484848 69.09090909090909 69.69696969696969 70.3030303030303 70.90909090909091 71.51515151515152 72.12121212121212 72.72727272727272 73.33333333333333 73.93939393939394 74.54545454545455 75.15151515151516 75.75757575757575 76.36363636363636 76.96969696969697 77.57575757575758 78.18181818181819 78.78787878787878 79.39393939393939 80 80.60606060606061 81.2121212121212 81.81818181818181 82.42424242424242 83.03030303030303 83.63636363636364 84.24242424242425 84.84848484848484 85.45454545454545 86.06060606060606 86.66666666666666 87.27272727272727 87.87878787878788 88.48484848484848 89.09090909090909 89.69696969696969 90.3030303030303 90.90909090909091 91.51515151515152 92.12121212121212 92.72727272727272 93.33333333333333 93.93939393939394 94.54545454545455 95.15151515151514 95.75757575757575 96.36363636363636 96.96969696969697 97.57575757575758 98.18181818181817 98.78787878787878 99.39393939393939 100 100.6060606060606 101.2121212121212 101.8181818181818 102.4242424242424 103.030303030303 103.6363636363636 104.2424242424242 104.8484848484848 105.4545454545455 106.0606060606061 106.6666666666667 107.2727272727273 107.8787878787879 108.4848484848485 109.0909090909091 109.6969696969697 110.3030303030303 110.9090909090909 111.5151515151515 112.1212121212121 112.7272727272727 113.3333333333333 113.9393939393939 114.5454545454545 115.1515151515151 115.7575757575758 116.3636363636364 116.969696969697 117.5757575757576 118.1818181818182 118.7878787878788 119.3939393939394 120


# name: y
# type: matrix
# rows: 100
# columns: 1
 72662.48142178656
 72665.52363223137
 72668.50024245096
 72671.41125244531
 72674.25666221444
 72677.03647175834
 72679.75068107703
 72682.39929017048
 72684.9822990387
 72687.49970768171
 72689.95151609949
 72692.33772429205
 72694.65833225938
 72696.91334000148
 72699.10274751837
 72701.22655481003
 72703.28476187645
 72705.27736871765
 72707.20437533365
 72709.06578172439
 72710.86158788993
 72712.59179383023
 72714.25639954532
 72715.85540503517
 72717.3888102998
 72718.85661533922
 72720.25882015339
 72721.59542474235
 72722.86642910608
 72724.0718332446
 72725.21163715787
 72726.28584084593
 72727.29444430876
 72728.23744754637
 72729.11485055876
 72729.92665334592
 72730.67285590785
 72731.35345824456
 72731.96846035605
 72732.5178622423
 72733.00166390333
 72733.41986533914
 72733.77246654972
 72734.05946753509
 72734.28086829522
 72734.43666883012
 72734.52686913981
 72734.55146922427
 72734.5104690835
 72734.40386871752
 72734.2316681263
 72733.99386730985
 72733.69046626819
 72733.3214650013
 72732.88686350919
 72732.38666179185
 72731.82085984928
 72731.1894576815
 72730.49245528848
 72729.72985267024
 72728.90164982677
 72728.00784675809
 72727.04844346417
 72726.02343994503
 72724.93283620066
 72723.77663223108
 72722.55482803627
 72721.26742361623
 72719.91441897096
 72718.49581410048
 72717.01160900477
 72715.46180368382
 72713.84639813766
 72712.16539236627
 72710.41878636966
 72708.60658014783
 72706.72877370076
 72704.78536702847
 72702.77636013096
 72700.70175300822
 72698.56154566025
 72696.35573808708
 72694.08433028866
 72691.74732226503
 72689.34471401616
 72686.87650554208
 72684.34269684277
 72681.74328791823
 72679.07827876847
 72676.34766939348
 72673.55145979326
 72670.68964996784
 72667.76223991717
 72664.76922964129
 72661.71061914017
 72658.58640841384
 72655.39659746228
 72652.14118628549
 72648.82017488348
 72645.43356325624


# name: QUERY
# type: sq_string
# elements: 1
# length: 2
R2


# name: DATASIZE
# type: sq_string
# elements: 1
# length: 3
500


