# Created by Octave 4.0.0, Sun May 22 18:33:03 2016 CEST <peter@Independence>
# name: x
# type: matrix
# rows: 1
# columns: 100
 60 60.60606060606061 61.21212121212121 61.81818181818181 62.42424242424242 63.03030303030303 63.63636363636364 64.24242424242424 64.84848484848484 65.45454545454545 66.06060606060606 66.66666666666666 67.27272727272728 67.87878787878788 68.48484848484848 69.09090909090909 69.69696969696969 70.3030303030303 70.90909090909091 71.51515151515152 72.12121212121212 72.72727272727272 73.33333333333333 73.93939393939394 74.54545454545455 75.15151515151516 75.75757575757575 76.36363636363636 76.96969696969697 77.57575757575758 78.18181818181819 78.78787878787878 79.39393939393939 80 80.60606060606061 81.2121212121212 81.81818181818181 82.42424242424242 83.03030303030303 83.63636363636364 84.24242424242425 84.84848484848484 85.45454545454545 86.06060606060606 86.66666666666666 87.27272727272727 87.87878787878788 88.48484848484848 89.09090909090909 89.69696969696969 90.3030303030303 90.90909090909091 91.51515151515152 92.12121212121212 92.72727272727272 93.33333333333333 93.93939393939394 94.54545454545455 95.15151515151514 95.75757575757575 96.36363636363636 96.96969696969697 97.57575757575758 98.18181818181817 98.78787878787878 99.39393939393939 100 100.6060606060606 101.2121212121212 101.8181818181818 102.4242424242424 103.030303030303 103.6363636363636 104.2424242424242 104.8484848484848 105.4545454545455 106.0606060606061 106.6666666666667 107.2727272727273 107.8787878787879 108.4848484848485 109.0909090909091 109.6969696969697 110.3030303030303 110.9090909090909 111.5151515151515 112.1212121212121 112.7272727272727 113.3333333333333 113.9393939393939 114.5454545454545 115.1515151515151 115.7575757575758 116.3636363636364 116.969696969697 117.5757575757576 118.1818181818182 118.7878787878788 119.3939393939394 120


# name: y
# type: matrix
# rows: 100
# columns: 1
 72498.26263824338
 72498.34732052541
 72498.42839025673
 72498.50592618503
 72498.58000705802
 72498.65071162338
 72498.71811862882
 72498.78230682206
 72498.84335495076
 72498.90134176266
 72498.95634600542
 72499.00844642677
 72499.0577217744
 72499.10425079601
 72499.1481122393
 72499.18938485195
 72499.2281473817
 72499.26447857621
 72499.29845718321
 72499.33016195038
 72499.35967162541
 72499.38706495603
 72499.41242068993
 72499.43581757479
 72499.45733435833
 72499.47704978824
 72499.49504261222
 72499.51139157798
 72499.52617543322
 72499.53947292561
 72499.55136280289
 72499.56192381273
 72499.57123470283
 72499.57937422091
 72499.58642111465
 72499.59245413178
 72499.59755201996
 72499.60179352692
 72499.60525740033
 72499.60802238793
 72499.61016723738
 72499.61177069639
 72499.61291151267
 72499.61366843391
 72499.61412020783
 72499.6143455821
 72499.61442330445
 72499.61443212254
 72499.61445078411
 72499.61455803683
 72499.61483262842
 72499.61535330657
 72499.61619881899
 72499.61744791335
 72499.61917933739
 72499.62147183876
 72499.62440416521
 72499.62805506442
 72499.63250328408
 72499.6378275719
 72499.64410667558
 72499.65141934282
 72499.65984432132
 72499.66946035875
 72499.68034620286
 72499.69258060132
 72499.70624230182
 72499.72141005208
 72499.73816259981
 72499.75657869267
 72499.7767370784
 72499.79871650467
 72499.82259571919
 72499.84845346968
 72499.8763685038
 72499.90641956928
 72499.9386854138
 72499.97324478508
 72500.01017643081
 72500.04955909868
 72500.09147153639
 72500.13599249166
 72500.18320071218
 72500.23317494564
 72500.28599393975
 72500.34173644221
 72500.4004812007
 72500.46230696295
 72500.52729247663
 72500.59551648945
 72500.66705774913
 72500.74199500335
 72500.8204069998
 72500.90237248621
 72500.98797021025
 72501.07727891963
 72501.17037736205
 72501.26734428522
 72501.36825843682
 72501.47319856456


# name: QUERY
# type: sq_string
# elements: 1
# length: 2
R2


# name: DATASIZE
# type: sq_string
# elements: 1
# length: 3
500


