# Created by Octave 4.0.0, Wed May 18 23:31:28 2016 CEST <peter@Independence>
# name: x
# type: matrix
# rows: 1
# columns: 100
 60 60.60606060606061 61.21212121212121 61.81818181818181 62.42424242424242 63.03030303030303 63.63636363636364 64.24242424242424 64.84848484848484 65.45454545454545 66.06060606060606 66.66666666666666 67.27272727272728 67.87878787878788 68.48484848484848 69.09090909090909 69.69696969696969 70.3030303030303 70.90909090909091 71.51515151515152 72.12121212121212 72.72727272727272 73.33333333333333 73.93939393939394 74.54545454545455 75.15151515151516 75.75757575757575 76.36363636363636 76.96969696969697 77.57575757575758 78.18181818181819 78.78787878787878 79.39393939393939 80 80.60606060606061 81.2121212121212 81.81818181818181 82.42424242424242 83.03030303030303 83.63636363636364 84.24242424242425 84.84848484848484 85.45454545454545 86.06060606060606 86.66666666666666 87.27272727272727 87.87878787878788 88.48484848484848 89.09090909090909 89.69696969696969 90.3030303030303 90.90909090909091 91.51515151515152 92.12121212121212 92.72727272727272 93.33333333333333 93.93939393939394 94.54545454545455 95.15151515151514 95.75757575757575 96.36363636363636 96.96969696969697 97.57575757575758 98.18181818181817 98.78787878787878 99.39393939393939 100 100.6060606060606 101.2121212121212 101.8181818181818 102.4242424242424 103.030303030303 103.6363636363636 104.2424242424242 104.8484848484848 105.4545454545455 106.0606060606061 106.6666666666667 107.2727272727273 107.8787878787879 108.4848484848485 109.0909090909091 109.6969696969697 110.3030303030303 110.9090909090909 111.5151515151515 112.1212121212121 112.7272727272727 113.3333333333333 113.9393939393939 114.5454545454545 115.1515151515151 115.7575757575758 116.3636363636364 116.969696969697 117.5757575757576 118.1818181818182 118.7878787878788 119.3939393939394 120


# name: y
# type: matrix
# rows: 100
# columns: 1
 72686.74213559812
 72694.61986397677
 72702.32772220169
 72709.8657102729
 72717.23382819039
 72724.43207595416
 72731.46045356421
 72738.31896102056
 72745.00759832318
 72751.52636547209
 72757.87526246728
 72764.05428930874
 72770.06344599649
 72775.90273253052
 72781.57214891084
 72787.07169513745
 72792.40137121033
 72797.56117712949
 72802.55111289494
 72807.37117850667
 72812.02137396469
 72816.50169926898
 72820.81215441956
 72824.95273941642
 72828.92345425957
 72832.72429894899
 72836.3552734847
 72839.81637786669
 72843.10761209496
 72846.22897616953
 72849.18047009036
 72851.96209385748
 72854.57384747089
 72857.01573093058
 72859.28774423654
 72861.3898873888
 72863.32216038734
 72865.08456323216
 72866.67709592325
 72868.09975846064
 72869.3525508443
 72870.43547307425
 72871.34852515048
 72872.09170707299
 72872.66501884178
 72873.06846045687
 72873.30203191823
 72873.36573322587
 72873.2595643798
 72872.98352538001
 72872.5376162265
 72871.92183691928
 72871.13618745834
 72870.18066784367
 72869.05527807529
 72867.7600181532
 72866.29488807739
 72864.65988784785
 72862.85501746461
 72860.88027692765
 72858.73566623697
 72856.42118539257
 72853.93683439445
 72851.28261324261
 72848.45852193706
 72845.46456047779
 72842.30072886481
 72838.9670270981
 72835.46345517768
 72831.79001310354
 72827.94670087569
 72823.93351849412
 72819.75046595883
 72815.39754326982
 72810.87475042709
 72806.18208743066
 72801.31955428049
 72796.28715097661
 72791.08487751902
 72785.71273390771
 72780.17072014268
 72774.45883622393
 72768.57708215146
 72762.52545792528
 72756.30396354539
 72749.91259901178
 72743.35136432444
 72736.62025948339
 72729.71928448862
 72722.64843934013
 72715.40772403793
 72707.99713858201
 72700.41668297237
 72692.66635720902
 72684.74616129194
 72676.65609522116
 72668.39615899665
 72659.96635261842
 72651.36667608647
 72642.59712940082


# name: QUERY
# type: sq_string
# elements: 1
# length: 2
R2


# name: DATASIZE
# type: sq_string
# elements: 1
# length: 3
500


