# Created by Octave 4.0.0, Wed May 18 23:31:28 2016 CEST <peter@Independence>
# name: x
# type: matrix
# rows: 1
# columns: 100
 60 60.60606060606061 61.21212121212121 61.81818181818181 62.42424242424242 63.03030303030303 63.63636363636364 64.24242424242424 64.84848484848484 65.45454545454545 66.06060606060606 66.66666666666666 67.27272727272728 67.87878787878788 68.48484848484848 69.09090909090909 69.69696969696969 70.3030303030303 70.90909090909091 71.51515151515152 72.12121212121212 72.72727272727272 73.33333333333333 73.93939393939394 74.54545454545455 75.15151515151516 75.75757575757575 76.36363636363636 76.96969696969697 77.57575757575758 78.18181818181819 78.78787878787878 79.39393939393939 80 80.60606060606061 81.2121212121212 81.81818181818181 82.42424242424242 83.03030303030303 83.63636363636364 84.24242424242425 84.84848484848484 85.45454545454545 86.06060606060606 86.66666666666666 87.27272727272727 87.87878787878788 88.48484848484848 89.09090909090909 89.69696969696969 90.3030303030303 90.90909090909091 91.51515151515152 92.12121212121212 92.72727272727272 93.33333333333333 93.93939393939394 94.54545454545455 95.15151515151514 95.75757575757575 96.36363636363636 96.96969696969697 97.57575757575758 98.18181818181817 98.78787878787878 99.39393939393939 100 100.6060606060606 101.2121212121212 101.8181818181818 102.4242424242424 103.030303030303 103.6363636363636 104.2424242424242 104.8484848484848 105.4545454545455 106.0606060606061 106.6666666666667 107.2727272727273 107.8787878787879 108.4848484848485 109.0909090909091 109.6969696969697 110.3030303030303 110.9090909090909 111.5151515151515 112.1212121212121 112.7272727272727 113.3333333333333 113.9393939393939 114.5454545454545 115.1515151515151 115.7575757575758 116.3636363636364 116.969696969697 117.5757575757576 118.1818181818182 118.7878787878788 119.3939393939394 120


# name: y
# type: matrix
# rows: 100
# columns: 1
 72805.72190367407
 72799.19428536744
 72792.94513560965
 72786.9683842416
 72781.25796110417
 72775.80779603829
 72770.61181888483
 72765.66395948471
 72760.9581476788
 72756.488313308
 72752.24838621324
 72748.23229623538
 72744.43397321535
 72740.84734699401
 72737.46634741229
 72734.28490431108
 72731.29694753126
 72728.49640691373
 72725.87721229941
 72723.43329352917
 72721.15858044394
 72719.04700288459
 72717.09249069201
 72715.28897370712
 72713.63038177082
 72712.11064472399
 72710.72369240754
 72709.46345466234
 72708.32386132934
 72707.29884224938
 72706.38232726339
 72705.56824621225
 72704.85052893688
 72704.22310527816
 72703.67990507699
 72703.21485817427
 72702.8218944109
 72702.49494362775
 72702.22793566577
 72702.01480036581
 72701.84946756878
 72701.7258671156
 72701.63792884714
 72701.5795826043
 72701.54475822799
 72701.52738555911
 72701.52139443853
 72701.52071470718
 72701.51927620593
 72701.51100877569
 72701.48984225736
 72701.44970649184
 72701.38453132001
 72701.28824658279
 72701.15478212106
 72700.97806777571
 72700.75203338766
 72700.4706087978
 72700.12772384702
 72699.71730837623
 72699.23329222632
 72698.66960523817
 72698.02017725269
 72697.2789381108
 72696.43981765337
 72695.49674572131
 72694.4436521555
 72693.27446679685
 72691.98311948626
 72690.56354006463
 72689.00965837284
 72687.31540425181
 72685.47470754242
 72683.48149808557
 72681.32970572216
 72679.0132602931
 72676.52609163926
 72673.86212960155
 72671.01530402087
 72667.97954473812
 72664.74878159419
 72661.31694442997
 72657.67796308639
 72653.82576740431
 72649.75428722464
 72645.45745238828
 72640.92919273613
 72636.16343810908
 72631.15411834803
 72625.89516329388
 72620.38050278754
 72614.60406666987
 72608.5597847818
 72602.24158696421
 72595.64340305801
 72588.75916290408
 72581.58279634334
 72574.10823321668
 72566.32940336499
 72558.24023662916


# name: QUERY
# type: sq_string
# elements: 1
# length: 2
R2


# name: DATASIZE
# type: sq_string
# elements: 1
# length: 3
500


