# Created by Octave 4.0.0, Wed May 11 16:15:30 2016 CEST <peter@Independence>
# name: y
# type: matrix
# rows: 1
# columns: 100
 163912.8499877357 165109.0594691645 166305.2689505933 167501.4784320221 168697.6879134509 169893.8973948797 171090.1068763084 172286.3163577372 173482.525839166 174678.7353205948 175874.9448020236 177071.1542834524 178267.3637648812 179463.5732463099 180659.7827277387 181855.9922091675 183052.2016905963 184248.4111720251 185444.6206534539 186640.8301348826 187837.0396163114 189033.2490977402 190229.458579169 191425.6680605978 192621.8775420265 193818.0870234553 195014.2965048841 196210.5059863129 197406.7154677417 198602.9249491705 199799.1344305993 200995.343912028 202191.5533934568 203387.7628748856 204583.9723563144 205780.1818377432 206976.391319172 208172.6008006007 209368.8102820295 210565.0197634583 211761.2292448871 212957.4387263159 214153.6482077447 215349.8576891735 216546.0671706022 217742.276652031 218938.4861334598 220134.6956148886 221330.9050963174 222527.1145777462 223723.3240591749 224919.5335406037 226115.7430220325 227311.9525034613 228508.1619848901 229704.3714663188 230900.5809477476 232096.7904291764 233292.9999106052 234489.209392034 235685.4188734628 236881.6283548916 238077.8378363203 239274.0473177491 240470.2567991779 241666.4662806067 242862.6757620355 244058.8852434643 245255.094724893 246451.3042063218 247647.5136877506 248843.7231691794 250039.9326506082 251236.142132037 252432.3516134658 253628.5610948945 254824.7705763233 256020.9800577521 257217.1895391809 258413.3990206097 259609.6085020385 260805.8179834672 262002.027464896 263198.2369463248 264394.4464277536 265590.6559091824 266786.8653906112 267983.07487204 269179.2843534687 270375.4938348975 271571.7033163263 272767.9127977551 273964.1222791839 275160.3317606127 276356.5412420415 277552.7507234702 278748.960204899 279945.1696863278 281141.3791677566 282337.5886491854


