# Created by Octave 4.0.0, Wed May 11 16:15:30 2016 CEST <peter@Independence>
# name: y
# type: matrix
# rows: 100
# columns: 1
 138793.6627741163
 138770.3548898547
 138792.5364582644
 138860.3562660179
 138973.9285852944
 139133.3329174937
 139338.6137781139
 139589.7805232616
 139886.8072181965
 140229.6325482422
 140618.1597723333
 141052.2567193904
 141531.7558276538
 142056.4542270304
 142626.1138644413
 143240.4616720872
 143899.1897784737
 144601.9557619777
 145348.3829466551
 146138.0607399293
 146970.545011727
 147845.3585145595
 148761.9913439839
 149719.9014388075
 150718.5151203384
 151757.2276699179
 152835.4039439105
 153952.3790252656
 155107.4589107048
 156299.921232534
 157529.0160140211
 158793.9664572293
 160093.9697621427
 161428.1979758734
 162795.798870691
 164195.8968495726
 165627.5938779287
 167089.9704401201
 168582.0865193476
 170102.9825994565
 171651.6806871741
 173227.1853532625
 174828.48479105
 176454.5518907758
 178104.345328169
 179776.8106656602
 181470.8814646152
 183185.4804069662
 184919.5204246104
 186671.9058349381
 188441.5334808557
 190227.2938736639
 192028.0723371612
 193842.7501513457
 195670.2056941018
 197509.3155792682
 199358.9557895009
 201218.0028023638
 203085.3347080995
 204959.8323175575
 206840.3802587835
 208725.8680608017
 210615.1912231551
 212507.2522698009
 214400.9617859944
 216295.2394368346
 218189.0149661826
 220081.2291747088
 221970.834875867
 223856.7978286406
 225738.0976459534
 227613.7286776879
 229482.7008673019
 231344.0405810896
 233196.7914091851
 235040.0149374589
 236872.7914895175
 238694.2208380683
 240503.4228849706
 242299.5383093526
 244081.7291832291
 245849.1795541161
 247601.0959941956
 249336.7081156434
 251055.26905179
 252756.0559038482
 254438.3701529914
 256101.5380376347
 257744.910895819
 259367.865472665
 260969.804192911
 262550.1553986135
 264108.3735521375
 265643.9394046208
 267156.36013015
 268645.1694259355
 270109.927578825
 271550.221498545
 272965.6647181046
 274355.8973618479


