# Created by Octave 4.0.0, Wed May 11 16:15:30 2016 CEST <peter@Independence>
# name: y
# type: matrix
# rows: 100
# columns: 1
 174103.0489097548
 175099.198373353
 176054.1906159748
 176968.8939334213
 177844.1766214936
 178680.906975993
 179479.9532927207
 180242.1838674778
 180968.4669960655
 181659.6709742852
 182316.6640979378
 182940.3146628247
 183531.4909647469
 184091.0612995058
 184619.8939629025
 185118.8572507382
 185588.8194588141
 186030.6488829313
 186445.2138188911
 186833.3825624947
 187196.0234095433
 187534.0046558379
 187848.1945971799
 188139.4615293705
 188408.6737482107
 188656.6995495019
 188884.4072290452
 189092.6650826418
 189282.3414060929
 189454.3044951996
 189609.4226457632
 189748.5641535849
 189872.5973144659
 189982.3904242073
 190078.8117786103
 190162.7296734762
 190235.0124046061
 190296.5282678012
 190348.1455588627
 190390.7325735919
 190425.1576077898
 190452.2889572577
 190472.9949177968
 190488.1437852083
 190498.6038552933
 190505.2434238531
 190508.9307866888
 190510.5342396017
 190510.9220783929
 190510.9625988636
 190511.5240968151
 190513.4748680484
 190517.6832083648
 190525.0174135656
 190536.3457794518
 190552.5366018247
 190574.4581764854
 190602.9787992353
 190638.9667658753
 190683.2903722069
 190736.817914031
 190800.417687149
 190874.957987362
 190961.3071104712
 191060.3333522778
 191172.905008583
 191299.8903751881
 191442.157747894
 191600.5754225022
 191776.0116948137
 191969.3348606298
 192181.4132157516
 192413.1150559804
 192665.3086771173
 192938.8623749635
 193234.6444453202
 193553.5231839887
 193896.3668867701
 194264.0438494655
 194657.4223678762
 195077.3707378034
 195524.7572550483
 196000.450215412
 196505.3179146959
 197040.2286487009
 197606.0507132284
 198203.6524040795
 198833.9020170554
 199497.6678479573
 200195.8181925865
 200929.221346744
 201698.7456062312
 202505.2592668491
 203349.630624399
 204232.727974682
 205155.4196134995
 206118.5738366524
 207123.0589399421
 208169.7432191698
 209259.4949701365


