# Created by Octave 4.0.0, Wed May 11 16:15:30 2016 CEST <peter@Independence>
# name: y
# type: matrix
# rows: 100
# columns: 1
 156264.6731904941
 157569.5540463548
 158874.4349022156
 160179.3157580765
 161484.1966139373
 162789.0774697982
 164093.958325659
 165398.8391815199
 166703.7200373808
 168008.6008932416
 169313.4817491024
 170618.3626049633
 171923.2434608241
 173228.124316685
 174533.0051725458
 175837.8860284066
 177142.7668842675
 178447.6477401283
 179752.5285959892
 181057.40945185
 182362.2903077108
 183667.1711635717
 184972.0520194325
 186276.9328752933
 187581.8137311542
 188886.6945870151
 190191.5754428759
 191496.4562987367
 192801.3371545975
 194106.2180104584
 195411.0988663192
 196715.9797221801
 198020.8605780409
 199325.7414339018
 200630.6222897626
 201935.5031456234
 203240.3840014843
 204545.2648573451
 205850.145713206
 207155.0265690668
 208459.9074249276
 209764.7882807885
 211069.6691366493
 212374.5499925102
 213679.430848371
 214984.3117042319
 216289.1925600927
 217594.0734159535
 218898.9542718144
 220203.8351276752
 221508.7159835361
 222813.5968393969
 224118.4776952578
 225423.3585511186
 226728.2394069794
 228033.1202628403
 229338.0011187011
 230642.881974562
 231947.7628304228
 233252.6436862836
 234557.5245421445
 235862.4053980053
 237167.2862538662
 238472.167109727
 239777.0479655879
 241081.9288214487
 242386.8096773095
 243691.6905331704
 244996.5713890312
 246301.452244892
 247606.3331007529
 248911.2139566137
 250216.0948124745
 251520.9756683354
 252825.8565241962
 254130.7373800571
 255435.6182359179
 256740.4990917788
 258045.3799476396
 259350.2608035005
 260655.1416593613
 261960.0225152221
 263264.903371083
 264569.7842269439
 265874.6650828047
 267179.5459386655
 268484.4267945263
 269789.3076503872
 271094.1885062479
 272399.0693621088
 273703.9502179697
 275008.8310738305
 276313.7119296913
 277618.5927855521
 278923.473641413
 280228.354497274
 281533.2353531348
 282838.1162089955
 284142.9970648564
 285447.8779207174


