# Created by Octave 4.0.0, Sun May 22 18:35:42 2016 CEST <peter@Independence>
# name: x
# type: matrix
# rows: 1
# columns: 100
 60 60.60606060606061 61.21212121212122 61.81818181818181 62.42424242424242 63.03030303030303 63.63636363636364 64.24242424242425 64.84848484848484 65.45454545454545 66.06060606060606 66.66666666666667 67.27272727272728 67.87878787878788 68.48484848484848 69.09090909090909 69.69696969696969 70.30303030303031 70.90909090909091 71.51515151515152 72.12121212121212 72.72727272727273 73.33333333333333 73.93939393939394 74.54545454545455 75.15151515151516 75.75757575757576 76.36363636363636 76.96969696969697 77.57575757575758 78.18181818181819 78.78787878787878 79.39393939393939 80 80.60606060606061 81.21212121212122 81.81818181818183 82.42424242424242 83.03030303030303 83.63636363636364 84.24242424242425 84.84848484848484 85.45454545454545 86.06060606060606 86.66666666666667 87.27272727272727 87.87878787878788 88.48484848484848 89.09090909090909 89.6969696969697 90.3030303030303 90.90909090909091 91.51515151515152 92.12121212121212 92.72727272727273 93.33333333333333 93.93939393939394 94.54545454545455 95.15151515151516 95.75757575757576 96.36363636363637 96.96969696969697 97.57575757575758 98.18181818181819 98.7878787878788 99.39393939393941 100 100.6060606060606 101.2121212121212 101.8181818181818 102.4242424242424 103.030303030303 103.6363636363636 104.2424242424242 104.8484848484848 105.4545454545455 106.0606060606061 106.6666666666667 107.2727272727273 107.8787878787879 108.4848484848485 109.0909090909091 109.6969696969697 110.3030303030303 110.9090909090909 111.5151515151515 112.1212121212121 112.7272727272727 113.3333333333333 113.9393939393939 114.5454545454545 115.1515151515152 115.7575757575758 116.3636363636364 116.969696969697 117.5757575757576 118.1818181818182 118.7878787878788 119.3939393939394 120


# name: y
# type: matrix
# rows: 100
# columns: 1
 23158.90108015253
 23156.29054363696
 23153.75433816466
 23151.29148953594
 23148.900916641
 23146.58143344387
 23144.3317512049
 23142.15048093964
 23140.03613611149
 23137.98713555479
 23136.00180662444
 23134.07838856758
 23132.21503611232
 23130.40982326766
 23128.66074732863
 23126.96573307961
 23125.32263718854
 23123.72925278418
 23122.18331420779
 23120.68250193046
 23119.2244476265
 23117.80673939292
 23116.42692710477
 23115.08252789523
 23113.77103174947
 23112.48990720039
 23111.2366071144
 23110.00857455478
 23108.80324871008
 23107.61807087451
 23106.4504904672
 23105.29797107698
 23104.15799651905
 23103.02807688982
 23101.90575460618
 23100.78861041513
 23099.67426936002
 23098.56040668928
 23097.4447536938
 23096.3251034591
 23095.19931651848
 23094.06532639361
 23092.92114500909
 23091.76486796774
 23090.59467967366
 23089.40885829036
 23088.20578052166
 23086.98392620318
 23085.74188269295
 23084.47834904984
 23083.19213998911
 23081.88218960466
 23080.54755484844
 23079.1874187575
 23077.80109342033
 23076.38802267414
 23074.94778452571
 23073.4800932891
 23071.98480143383
 23070.46190113825
 23068.91152554307
 23067.33394970122
 23065.72959122036
 23064.09901059566
 23062.44291123073
 23060.76213914569
 23059.05768237186
 23057.33067003348
 23055.58237111747
 23053.81419293322
 23052.02767926481
 23050.22450821923
 23048.40648977442
 23046.57556303221
 23044.73379318145
 23042.88336817763
 23041.02659514602
 23039.16589651562
 23037.30380589245
 23035.44296368084
 23033.58611246217
 23031.73609214124
 23029.89583487072
 23028.06835976476
 23026.25676741358
 23024.46423421083
 23022.69400650648
 23020.949394598
 23019.23376657309
 23017.55054201775
 23015.90318560335
 23014.2952005671
 23012.7301221001
 23011.21151065775
 23009.74294520709
 23008.32801642593
 23006.97031986885
 23005.67344911473
 23004.44098891094
 23003.27650832915


# name: QUERY
# type: sq_string
# elements: 1
# length: 2
R5


# name: DATASIZE
# type: sq_string
# elements: 1
# length: 3
500


