# Created by Octave 4.0.0, Wed May 18 23:39:27 2016 CEST <peter@Independence>
# name: x
# type: matrix
# rows: 1
# columns: 100
 60 60.60606060606061 61.21212121212122 61.81818181818181 62.42424242424242 63.03030303030303 63.63636363636364 64.24242424242425 64.84848484848484 65.45454545454545 66.06060606060606 66.66666666666667 67.27272727272728 67.87878787878788 68.48484848484848 69.09090909090909 69.69696969696969 70.30303030303031 70.90909090909091 71.51515151515152 72.12121212121212 72.72727272727273 73.33333333333333 73.93939393939394 74.54545454545455 75.15151515151516 75.75757575757576 76.36363636363636 76.96969696969697 77.57575757575758 78.18181818181819 78.78787878787878 79.39393939393939 80 80.60606060606061 81.21212121212122 81.81818181818183 82.42424242424242 83.03030303030303 83.63636363636364 84.24242424242425 84.84848484848484 85.45454545454545 86.06060606060606 86.66666666666667 87.27272727272727 87.87878787878788 88.48484848484848 89.09090909090909 89.6969696969697 90.3030303030303 90.90909090909091 91.51515151515152 92.12121212121212 92.72727272727273 93.33333333333333 93.93939393939394 94.54545454545455 95.15151515151516 95.75757575757576 96.36363636363637 96.96969696969697 97.57575757575758 98.18181818181819 98.7878787878788 99.39393939393941 100 100.6060606060606 101.2121212121212 101.8181818181818 102.4242424242424 103.030303030303 103.6363636363636 104.2424242424242 104.8484848484848 105.4545454545455 106.0606060606061 106.6666666666667 107.2727272727273 107.8787878787879 108.4848484848485 109.0909090909091 109.6969696969697 110.3030303030303 110.9090909090909 111.5151515151515 112.1212121212121 112.7272727272727 113.3333333333333 113.9393939393939 114.5454545454545 115.1515151515152 115.7575757575758 116.3636363636364 116.969696969697 117.5757575757576 118.1818181818182 118.7878787878788 119.3939393939394 120


# name: y
# type: matrix
# rows: 100
# columns: 1
 23043.51613038117
 23042.50228079224
 23041.73885165272
 23041.22656814012
 23040.96578232486
 23040.95646894826
 23041.198221897
 23041.69025138942
 23042.43138188827
 23043.42005075204
 23044.65430763604
 23046.13181465233
 23047.84984729606
 23049.80529614391
 23051.9946693287
 23054.41409579202
 23057.05932931547
 23059.92575332859
 23063.00838649019
 23066.30188903764
 23069.80056989679
 23073.49839454334
 23077.38899360471
 23081.4656721893
 23085.72141992849
 23090.14892171465
 23094.7405691168
 23099.48847245374
 23104.38447350257
 23109.42015881923
 23114.58687364566
 23119.87573637673
 23125.27765355881
 23130.7833353899
 23136.38331169051
 23142.06794831233
 23147.82746395155
 23153.65194733144
 23159.53137471863
 23165.45562773591
 23171.41451143405
 23177.39777258377
 23183.39511814879
 23189.39623389998
 23195.39080313039
 23201.36852543022
 23207.31913548092
 23213.23242182711
 23219.09824558506
 23224.90655904658
 23230.64742413717
 23236.31103068772
 23241.88771447918
 23247.36797502032
 23252.74249301921
 23258.00214750957
 23263.13803259417
 23268.1414737682
 23273.0040437865
 23277.71757803964
 23282.27418940515
 23286.66628254114
 23290.88656759115
 23294.92807327048
 23298.78415930562
 23302.44852819998
 23305.91523630097
 23309.17870414488
 23312.233726058
 23315.07547899418
 23317.6995305908
 23320.10184642715
 23322.27879647118
 23324.22716070232
 23325.94413390051
 23327.42732959307
 23328.67478315356
 23329.68495404857
 23330.45672723045
 23330.98941367604
 23331.28275007375
 23331.33689766284
 23331.1524402314
 23330.73038128083
 23330.07214036735
 23329.17954863216
 23328.05484353436
 23326.70066280233
 23325.12003762109
 23323.3163850748
 23321.29349986519
 23319.05554532872
 23316.60704377609
 23313.95286617981
 23311.0982212366
 23308.04864383265
 23304.80998294126
 23301.3883889832
 23297.79030068143
 23294.02243144247


# name: QUERY
# type: sq_string
# elements: 1
# length: 2
R5


# name: DATASIZE
# type: sq_string
# elements: 1
# length: 3
500


