# Created by Octave 4.0.0, Wed May 18 23:39:27 2016 CEST <peter@Independence>
# name: x
# type: matrix
# rows: 1
# columns: 100
 60 60.60606060606061 61.21212121212122 61.81818181818181 62.42424242424242 63.03030303030303 63.63636363636364 64.24242424242425 64.84848484848484 65.45454545454545 66.06060606060606 66.66666666666667 67.27272727272728 67.87878787878788 68.48484848484848 69.09090909090909 69.69696969696969 70.30303030303031 70.90909090909091 71.51515151515152 72.12121212121212 72.72727272727273 73.33333333333333 73.93939393939394 74.54545454545455 75.15151515151516 75.75757575757576 76.36363636363636 76.96969696969697 77.57575757575758 78.18181818181819 78.78787878787878 79.39393939393939 80 80.60606060606061 81.21212121212122 81.81818181818183 82.42424242424242 83.03030303030303 83.63636363636364 84.24242424242425 84.84848484848484 85.45454545454545 86.06060606060606 86.66666666666667 87.27272727272727 87.87878787878788 88.48484848484848 89.09090909090909 89.6969696969697 90.3030303030303 90.90909090909091 91.51515151515152 92.12121212121212 92.72727272727273 93.33333333333333 93.93939393939394 94.54545454545455 95.15151515151516 95.75757575757576 96.36363636363637 96.96969696969697 97.57575757575758 98.18181818181819 98.7878787878788 99.39393939393941 100 100.6060606060606 101.2121212121212 101.8181818181818 102.4242424242424 103.030303030303 103.6363636363636 104.2424242424242 104.8484848484848 105.4545454545455 106.0606060606061 106.6666666666667 107.2727272727273 107.8787878787879 108.4848484848485 109.0909090909091 109.6969696969697 110.3030303030303 110.9090909090909 111.5151515151515 112.1212121212121 112.7272727272727 113.3333333333333 113.9393939393939 114.5454545454545 115.1515151515152 115.7575757575758 116.3636363636364 116.969696969697 117.5757575757576 118.1818181818182 118.7878787878788 119.3939393939394 120


# name: y
# type: matrix
# rows: 100
# columns: 1
 23477.61500158044
 23477.93805608624
 23478.26111059203
 23478.58416509783
 23478.90721960362
 23479.23027410942
 23479.55332861521
 23479.87638312101
 23480.1994376268
 23480.5224921326
 23480.8455466384
 23481.16860114419
 23481.49165564999
 23481.81471015578
 23482.13776466158
 23482.46081916738
 23482.78387367317
 23483.10692817897
 23483.42998268476
 23483.75303719056
 23484.07609169636
 23484.39914620215
 23484.72220070795
 23485.04525521374
 23485.36830971954
 23485.69136422533
 23486.01441873113
 23486.33747323693
 23486.66052774272
 23486.98358224852
 23487.30663675431
 23487.62969126011
 23487.95274576591
 23488.2758002717
 23488.5988547775
 23488.92190928329
 23489.24496378909
 23489.56801829489
 23489.89107280068
 23490.21412730648
 23490.53718181227
 23490.86023631807
 23491.18329082386
 23491.50634532966
 23491.82939983546
 23492.15245434125
 23492.47550884705
 23492.79856335284
 23493.12161785864
 23493.44467236444
 23493.76772687023
 23494.09078137603
 23494.41383588182
 23494.73689038762
 23495.05994489342
 23495.38299939921
 23495.70605390501
 23496.0291084108
 23496.3521629166
 23496.67521742239
 23496.99827192819
 23497.32132643399
 23497.64438093978
 23497.96743544558
 23498.29048995137
 23498.61354445717
 23498.93659896297
 23499.25965346876
 23499.58270797456
 23499.90576248035
 23500.22881698615
 23500.55187149195
 23500.87492599774
 23501.19798050354
 23501.52103500933
 23501.84408951513
 23502.16714402092
 23502.49019852672
 23502.81325303252
 23503.13630753832
 23503.45936204411
 23503.7824165499
 23504.1054710557
 23504.4285255615
 23504.75158006729
 23505.07463457309
 23505.39768907888
 23505.72074358468
 23506.04379809048
 23506.36685259627
 23506.68990710207
 23507.01296160786
 23507.33601611366
 23507.65907061945
 23507.98212512525
 23508.30517963105
 23508.62823413685
 23508.95128864264
 23509.27434314843
 23509.59739765423


# name: QUERY
# type: sq_string
# elements: 1
# length: 2
R5


# name: DATASIZE
# type: sq_string
# elements: 1
# length: 3
500


