# Created by Octave 4.0.0, Sun May 22 18:35:42 2016 CEST <peter@Independence>
# name: x
# type: matrix
# rows: 1
# columns: 100
 60 60.60606060606061 61.21212121212122 61.81818181818181 62.42424242424242 63.03030303030303 63.63636363636364 64.24242424242425 64.84848484848484 65.45454545454545 66.06060606060606 66.66666666666667 67.27272727272728 67.87878787878788 68.48484848484848 69.09090909090909 69.69696969696969 70.30303030303031 70.90909090909091 71.51515151515152 72.12121212121212 72.72727272727273 73.33333333333333 73.93939393939394 74.54545454545455 75.15151515151516 75.75757575757576 76.36363636363636 76.96969696969697 77.57575757575758 78.18181818181819 78.78787878787878 79.39393939393939 80 80.60606060606061 81.21212121212122 81.81818181818183 82.42424242424242 83.03030303030303 83.63636363636364 84.24242424242425 84.84848484848484 85.45454545454545 86.06060606060606 86.66666666666667 87.27272727272727 87.87878787878788 88.48484848484848 89.09090909090909 89.6969696969697 90.3030303030303 90.90909090909091 91.51515151515152 92.12121212121212 92.72727272727273 93.33333333333333 93.93939393939394 94.54545454545455 95.15151515151516 95.75757575757576 96.36363636363637 96.96969696969697 97.57575757575758 98.18181818181819 98.7878787878788 99.39393939393941 100 100.6060606060606 101.2121212121212 101.8181818181818 102.4242424242424 103.030303030303 103.6363636363636 104.2424242424242 104.8484848484848 105.4545454545455 106.0606060606061 106.6666666666667 107.2727272727273 107.8787878787879 108.4848484848485 109.0909090909091 109.6969696969697 110.3030303030303 110.9090909090909 111.5151515151515 112.1212121212121 112.7272727272727 113.3333333333333 113.9393939393939 114.5454545454545 115.1515151515152 115.7575757575758 116.3636363636364 116.969696969697 117.5757575757576 118.1818181818182 118.7878787878788 119.3939393939394 120


# name: y
# type: matrix
# rows: 100
# columns: 1
 23540.34504817513
 23540.27253571521
 23540.20002325529
 23540.12751079537
 23540.05499833545
 23539.98248587553
 23539.90997341562
 23539.8374609557
 23539.76494849578
 23539.69243603586
 23539.61992357594
 23539.54741111602
 23539.47489865611
 23539.40238619619
 23539.32987373627
 23539.25736127635
 23539.18484881643
 23539.11233635651
 23539.03982389659
 23538.96731143667
 23538.89479897675
 23538.82228651684
 23538.74977405692
 23538.677261597
 23538.60474913708
 23538.53223667716
 23538.45972421725
 23538.38721175732
 23538.31469929741
 23538.24218683749
 23538.16967437757
 23538.09716191765
 23538.02464945773
 23537.95213699781
 23537.87962453789
 23537.80711207798
 23537.73459961806
 23537.66208715814
 23537.58957469822
 23537.5170622383
 23537.44454977838
 23537.37203731846
 23537.29952485855
 23537.22701239863
 23537.15449993871
 23537.08198747879
 23537.00947501887
 23536.93696255895
 23536.86445009903
 23536.79193763911
 23536.7194251792
 23536.64691271928
 23536.57440025936
 23536.50188779944
 23536.42937533952
 23536.3568628796
 23536.28435041968
 23536.21183795977
 23536.13932549985
 23536.06681303993
 23535.99430058001
 23535.92178812009
 23535.84927566017
 23535.77676320025
 23535.70425074033
 23535.63173828042
 23535.5592258205
 23535.48671336058
 23535.41420090066
 23535.34168844074
 23535.26917598082
 23535.19666352091
 23535.12415106099
 23535.05163860107
 23534.97912614115
 23534.90661368123
 23534.83410122131
 23534.76158876139
 23534.68907630147
 23534.61656384156
 23534.54405138164
 23534.47153892172
 23534.3990264618
 23534.32651400188
 23534.25400154196
 23534.18148908205
 23534.10897662212
 23534.0364641622
 23533.96395170229
 23533.89143924237
 23533.81892678245
 23533.74641432253
 23533.67390186261
 23533.60138940269
 23533.52887694278
 23533.45636448286
 23533.38385202294
 23533.31133956302
 23533.2388271031
 23533.16631464319


# name: QUERY
# type: sq_string
# elements: 1
# length: 2
R5


# name: DATASIZE
# type: sq_string
# elements: 1
# length: 3
500


