# Created by Octave 4.0.0, Sun May 22 18:35:42 2016 CEST <peter@Independence>
# name: x
# type: matrix
# rows: 1
# columns: 100
 60 60.60606060606061 61.21212121212122 61.81818181818181 62.42424242424242 63.03030303030303 63.63636363636364 64.24242424242425 64.84848484848484 65.45454545454545 66.06060606060606 66.66666666666667 67.27272727272728 67.87878787878788 68.48484848484848 69.09090909090909 69.69696969696969 70.30303030303031 70.90909090909091 71.51515151515152 72.12121212121212 72.72727272727273 73.33333333333333 73.93939393939394 74.54545454545455 75.15151515151516 75.75757575757576 76.36363636363636 76.96969696969697 77.57575757575758 78.18181818181819 78.78787878787878 79.39393939393939 80 80.60606060606061 81.21212121212122 81.81818181818183 82.42424242424242 83.03030303030303 83.63636363636364 84.24242424242425 84.84848484848484 85.45454545454545 86.06060606060606 86.66666666666667 87.27272727272727 87.87878787878788 88.48484848484848 89.09090909090909 89.6969696969697 90.3030303030303 90.90909090909091 91.51515151515152 92.12121212121212 92.72727272727273 93.33333333333333 93.93939393939394 94.54545454545455 95.15151515151516 95.75757575757576 96.36363636363637 96.96969696969697 97.57575757575758 98.18181818181819 98.7878787878788 99.39393939393941 100 100.6060606060606 101.2121212121212 101.8181818181818 102.4242424242424 103.030303030303 103.6363636363636 104.2424242424242 104.8484848484848 105.4545454545455 106.0606060606061 106.6666666666667 107.2727272727273 107.8787878787879 108.4848484848485 109.0909090909091 109.6969696969697 110.3030303030303 110.9090909090909 111.5151515151515 112.1212121212121 112.7272727272727 113.3333333333333 113.9393939393939 114.5454545454545 115.1515151515152 115.7575757575758 116.3636363636364 116.969696969697 117.5757575757576 118.1818181818182 118.7878787878788 119.3939393939394 120


# name: y
# type: matrix
# rows: 1
# columns: 100
 23559.68218960856 23559.20357506927 23558.72496052998 23558.24634599069 23557.76773145139 23557.2891169121 23556.81050237281 23556.33188783352 23555.85327329422 23555.37465875493 23554.89604421563 23554.41742967634 23553.93881513705 23553.46020059776 23552.98158605846 23552.50297151917 23552.02435697988 23551.54574244059 23551.06712790129 23550.588513362 23550.10989882271 23549.63128428342 23549.15266974412 23548.67405520483 23548.19544066554 23547.71682612624 23547.23821158695 23546.75959704766 23546.28098250837 23545.80236796907 23545.32375342978 23544.84513889049 23544.36652435119 23543.8879098119 23543.40929527261 23542.93068073332 23542.45206619402 23541.97345165473 23541.49483711544 23541.01622257615 23540.53760803685 23540.05899349756 23539.58037895827 23539.10176441897 23538.62314987968 23538.14453534039 23537.6659208011 23537.1873062618 23536.70869172251 23536.23007718322 23535.75146264393 23535.27284810463 23534.79423356534 23534.31561902605 23533.83700448676 23533.35838994746 23532.87977540817 23532.40116086887 23531.92254632958 23531.44393179029 23530.965317251 23530.4867027117 23530.00808817241 23529.52947363312 23529.05085909383 23528.57224455453 23528.09363001524 23527.61501547595 23527.13640093666 23526.65778639736 23526.17917185807 23525.70055731877 23525.22194277948 23524.74332824019 23524.2647137009 23523.7860991616 23523.30748462231 23522.82887008302 23522.35025554373 23521.87164100443 23521.39302646514 23520.91441192585 23520.43579738656 23519.95718284726 23519.47856830797 23518.99995376868 23518.52133922938 23518.04272469009 23517.5641101508 23517.08549561151 23516.60688107221 23516.12826653292 23515.64965199363 23515.17103745433 23514.69242291504 23514.21380837575 23513.73519383646 23513.25657929716 23512.77796475787 23512.29935021858


# name: QUERY
# type: sq_string
# elements: 1
# length: 2
R5


# name: DATASIZE
# type: sq_string
# elements: 1
# length: 3
500


