# Created by Octave 4.0.0, Wed May 18 23:39:27 2016 CEST <peter@Independence>
# name: x
# type: matrix
# rows: 1
# columns: 100
 60 60.60606060606061 61.21212121212122 61.81818181818181 62.42424242424242 63.03030303030303 63.63636363636364 64.24242424242425 64.84848484848484 65.45454545454545 66.06060606060606 66.66666666666667 67.27272727272728 67.87878787878788 68.48484848484848 69.09090909090909 69.69696969696969 70.30303030303031 70.90909090909091 71.51515151515152 72.12121212121212 72.72727272727273 73.33333333333333 73.93939393939394 74.54545454545455 75.15151515151516 75.75757575757576 76.36363636363636 76.96969696969697 77.57575757575758 78.18181818181819 78.78787878787878 79.39393939393939 80 80.60606060606061 81.21212121212122 81.81818181818183 82.42424242424242 83.03030303030303 83.63636363636364 84.24242424242425 84.84848484848484 85.45454545454545 86.06060606060606 86.66666666666667 87.27272727272727 87.87878787878788 88.48484848484848 89.09090909090909 89.6969696969697 90.3030303030303 90.90909090909091 91.51515151515152 92.12121212121212 92.72727272727273 93.33333333333333 93.93939393939394 94.54545454545455 95.15151515151516 95.75757575757576 96.36363636363637 96.96969696969697 97.57575757575758 98.18181818181819 98.7878787878788 99.39393939393941 100 100.6060606060606 101.2121212121212 101.8181818181818 102.4242424242424 103.030303030303 103.6363636363636 104.2424242424242 104.8484848484848 105.4545454545455 106.0606060606061 106.6666666666667 107.2727272727273 107.8787878787879 108.4848484848485 109.0909090909091 109.6969696969697 110.3030303030303 110.9090909090909 111.5151515151515 112.1212121212121 112.7272727272727 113.3333333333333 113.9393939393939 114.5454545454545 115.1515151515152 115.7575757575758 116.3636363636364 116.969696969697 117.5757575757576 118.1818181818182 118.7878787878788 119.3939393939394 120


# name: y
# type: matrix
# rows: 1
# columns: 100
 23458.90838142733 23460.63525427247 23462.36212711762 23464.08899996277 23465.81587280791 23467.54274565305 23469.2696184982 23470.99649134334 23472.72336418849 23474.45023703363 23476.17710987878 23477.90398272392 23479.63085556907 23481.35772841422 23483.08460125936 23484.8114741045 23486.53834694965 23488.26521979479 23489.99209263994 23491.71896548508 23493.44583833023 23495.17271117538 23496.89958402052 23498.62645686567 23500.35332971081 23502.08020255595 23503.8070754011 23505.53394824624 23507.26082109139 23508.98769393653 23510.71456678168 23512.44143962683 23514.16831247197 23515.89518531711 23517.62205816226 23519.3489310074 23521.07580385255 23522.80267669769 23524.52954954284 23526.25642238799 23527.98329523313 23529.71016807828 23531.43704092342 23533.16391376856 23534.89078661371 23536.61765945885 23538.344532304 23540.07140514914 23541.79827799429 23543.52515083944 23545.25202368458 23546.97889652973 23548.70576937487 23550.43264222001 23552.15951506516 23553.8863879103 23555.61326075545 23557.3401336006 23559.06700644574 23560.79387929089 23562.52075213603 23564.24762498117 23565.97449782632 23567.70137067146 23569.42824351661 23571.15511636176 23572.8819892069 23574.60886205205 23576.33573489719 23578.06260774234 23579.78948058748 23581.51635343262 23583.24322627777 23584.97009912291 23586.69697196806 23588.42384481321 23590.15071765835 23591.8775905035 23593.60446334864 23595.33133619379 23597.05820903893 23598.78508188407 23600.51195472922 23602.23882757437 23603.96570041951 23605.69257326466 23607.4194461098 23609.14631895495 23610.87319180009 23612.60006464523 23614.32693749038 23616.05381033552 23617.78068318067 23619.50755602582 23621.23442887096 23622.96130171611 23624.68817456125 23626.4150474064 23628.14192025154 23629.86879309668


# name: QUERY
# type: sq_string
# elements: 1
# length: 2
R5


# name: DATASIZE
# type: sq_string
# elements: 1
# length: 3
500


