# Created by Octave 4.0.0, Sun May 22 18:35:42 2016 CEST <peter@Independence>
# name: SVs
# type: cell
# rows: 1
# columns: 7
# name: <cell-element>
# type: sparse matrix
# nnz: 273
# rows: 39
# columns: 7
1 1 -1.237528370163731
2 1 -0.682531647795353
3 1 -0.7173691043942338
4 1 1.330833085298591
5 1 -0.05665872062235503
6 1 -0.1335413834612646
7 1 -1.179866373034549
8 1 -1.262755493907748
9 1 1.305605961554573
10 1 1.285184004237988
11 1 0.3121378026830391
12 1 -0.9972700487921389
13 1 -0.5768179863918523
14 1 -1.028503630570446
15 1 -0.2188330875481798
16 1 -1.179866373034549
17 1 -0.9167835111326555
18 1 -1.022497172536156
19 1 -0.8038621000880071
20 1 1.221515549074516
21 1 -0.8242840574045924
22 1 -0.3846113292945785
23 1 -0.7954530588400014
24 1 -0.9972700487921389
25 1 -1.236327078556873
26 1 1.633558570226797
27 1 1.167457426765908
28 1 -0.4759094914157836
29 1 1.211905216219652
30 1 -1.454962151005022
31 1 -1.237528370163731
32 1 1.08937347232014
33 1 -0.71376522957366
34 1 -0.9384067600560988
35 1 2.719526182826394
36 1 1.239534923177386
37 1 -1.028503630570446
38 1 -0.9167835111326555
39 1 0.2736964712635844
1 2 -1.077457596202366
2 2 -1.238515625239363
3 2 -0.7337564414533083
4 2 1.610717135868763
5 2 0.1769685990290968
6 2 -0.1999403967585166
7 2 -1.067495243890799
8 2 -1.060023479657124
9 2 1.220525003665727
10 2 1.317657938703504
11 2 1.227996767899402
12 2 -0.984475641294408
13 2 -0.4846976336641365
14 2 -0.9413054479442849
15 2 0.1279870334972263
16 2 -1.067495243890799
17 2 -1.089910536591824
18 2 -1.217760724590266
19 2 -1.126439161734236
20 2 1.184826574549279
21 2 -0.4880184177679921
22 2 -0.5120941025209453
23 2 -0.710510952726319
24 2 -0.984475641294408
25 2 -1.030966618748387
26 2 1.59743399945334
27 2 1.026259133590173
28 2 -0.7246242851677054
29 2 1.166562261978073
30 2 -0.7362470295312
31 2 -1.077457596202366
32 2 1.51026341672713
33 2 -0.9869662293722997
34 2 -1.211949352408518
35 2 -0.3543568575878032
36 2 1.198939906990665
37 2 -0.9413054479442849
38 2 -1.089910536591824
39 2 -0.04386354387730226
1 3 -0.003854369973302096
2 3 0.7116708718702517
3 3 0.3609232042998822
4 3 1.385106393605361
5 3 0.5713718048421039
6 3 2.465409209722099
7 3 0.4030129244083265
8 3 -0.9859478391703368
9 3 1.79197368798699
10 3 0.7677904986815108
11 3 -0.5931104514915229
12 3 -1.322665600037892
13 3 0.1364446970548457
14 3 -1.561174013985743
15 3 0.4871923646252153
16 3 0.4030129244083265
17 3 -0.1722132504070795
18 3 -3.104463751295369
19 3 -1.238486159821003
20 3 0.7958503120871404
21 3 0.6695811517618074
22 3 -1.154306719604114
23 3 -1.43490485366041
24 3 -1.322665600037892
25 3 0.2065942305689196
26 3 0.7397306852758813
27 3 0.7958503120871404
28 3 0.7818204053843256
29 3 0.9361493791152882
30 3 0.4731624579224005
31 3 -0.003854369973302096
32 3 0.7397306852758813
33 3 -0.9157983056562629
34 3 0.2065942305689196
35 3 0.4731624579224005
36 3 0.6274914316533631
37 3 -1.561174013985743
38 3 -0.1722132504070795
39 3 -1.294605786632262
1 4 -0.4531726341127101
2 4 0.4017082340241974
3 4 -0.1186540335373985
4 4 1.962795036708985
5 4 0.01143653335300048
6 4 4.174334673845768
7 4 -0.1744071336332838
8 4 0.4946300675173395
9 4 2.96635083843492
10 4 0.2344489337365416
11 4 -0.2301602337291691
12 4 -0.3416664339209396
13 4 -0.2115758670305406
14 4 -0.2301602337291691
15 4 -0.007147833345627942
16 4 -0.1744071336332838
17 4 -0.4717570008113386
18 4 -4.857667541687647
19 4 0.1415271002433995
20 4 0.3645395006269406
21 4 0.3459551339283121
22 4 -0.2301602337291691
23 4 -0.4345882674140817
24 4 -0.3416664339209396
25 4 -0.3974195340168248
26 4 0.2902020338324269
27 4 0.4202926007228258
28 4 0.5317988009145964
29 4 0.6618893678049953
30 4 -0.1558227669346554
31 4 -0.4531726341127101
32 4 0.6061362677091101
33 4 0.1601114669420279
34 4 -0.5275101009072238
35 4 -0.1000696668387701
36 4 0.2158645670379132
37 4 -0.2301602337291691
38 4 -0.4717570008113386
39 4 -0.490341367509967
1 5 -1.134839368756427
2 5 -1.104227635569829
3 5 -0.694937425186044
4 5 1.07033918857449
5 5 0.5658124749435085
6 5 -0.4194318265066544
7 5 -1.015793739697432
8 5 -0.1529963709936644
9 5 1.04086122328369
10 5 0.5635449391519085
11 5 2.984139396684817
12 5 -1.115565314527828
13 5 -0.614439904584247
14 5 -1.05547561605043
15 5 0.4762448111753119
16 5 -1.015793739697432
17 5 -1.173387477213626
18 5 -1.572473776535211
19 5 -1.401274824269417
20 5 0.7710244640833007
21 5 0.7177373729807027
22 5 -0.696071193081844
23 5 -0.456846167068053
24 5 -1.115565314527828
25 5 0.2302171777867211
26 5 0.8107063404362992
27 5 0.7823621430413003
28 5 -0.9080857895964359
29 5 0.7710244640833007
30 5 0.6542463708159051
31 5 -1.134839368756427
32 5 1.916130038841258
33 5 -1.046405472884031
34 5 -1.189260227754825
35 5 -1.32191107156342
36 5 0.8163751799152991
37 5 -1.05547561605043
38 5 -1.173387477213626
39 5 -1.097425028195029
1 6 -0.964833912124925
2 6 -0.9424161166285937
3 6 -0.8893213378214934
4 6 1.298183549031042
5 6 0.4439475522234714
6 6 -0.4975998586224417
7 6 -0.9329770448406647
8 6 -0.1424547826016148
9 6 1.035069422942522
10 6 0.5796342091749501
11 6 2.985417631123342
12 6 -0.9671936800719072
13 6 -0.6627836149111984
14 6 -0.9919712435152207
15 6 0.5229997784473764
16 6 -0.9329770448406647
17 6 -0.9034799455033867
18 6 -1.776594085886815
19 6 -1.52881845145368
20 6 0.6846438828156598
21 6 1.092883737643587
22 6 -0.856284586563742
23 6 -0.4999596265694239
24 6 -0.9671936800719072
25 6 0.1218392274603959
26 6 0.6988024904975532
27 6 0.7082415622854822
28 6 -0.8020099237831505
29 6 0.6327289879820506
30 6 0.687003650762642
31 6 -0.964833912124925
32 6 1.835030756969501
33 6 -0.9671936800719072
34 6 -0.9424161166285937
35 6 -1.514659843771787
36 6 0.7318392417553046
37 6 -0.9919712435152207
38 6 -0.9034799455033867
39 6 -1.094621149208948
1 7 -0.3733006833947208
2 7 0.5972810934315531
3 7 1.567862870257827
4 7 0.5972810934315531
5 7 -0.3733006833947208
6 7 -1.343882460220995
7 7 -0.3733006833947208
8 7 0.5972810934315531
9 7 -1.343882460220995
10 7 1.567862870257827
11 7 1.567862870257827
12 7 -0.3733006833947208
13 7 1.567862870257827
14 7 -0.3733006833947208
15 7 0.5972810934315531
16 7 -0.3733006833947208
17 7 -0.3733006833947208
18 7 -1.343882460220995
19 7 -1.343882460220995
20 7 1.567862870257827
21 7 0.5972810934315531
22 7 -0.3733006833947208
23 7 -0.3733006833947208
24 7 -0.3733006833947208
25 7 0.5972810934315531
26 7 1.567862870257827
27 7 1.567862870257827
28 7 -1.343882460220995
29 7 1.567862870257827
30 7 -1.343882460220995
31 7 -0.3733006833947208
32 7 1.567862870257827
33 7 -1.343882460220995
34 7 -0.3733006833947208
35 7 -1.343882460220995
36 7 1.567862870257827
37 7 -0.3733006833947208
38 7 -0.3733006833947208
39 7 -1.343882460220995



