# Created by Octave 4.0.0, Wed May 18 23:39:18 2016 CEST <peter@Independence>
# name: SVs
# type: cell
# rows: 1
# columns: 7
# name: <cell-element>
# type: sparse matrix
# nnz: 77
# rows: 11
# columns: 7
1 1 0.6497007442101264
2 1 -0.7678233518822682
3 1 1.330833085298591
4 1 -0.1335413834612646
5 1 0.3001248866144596
6 1 -0.08909359400752
7 1 -0.4530849508854823
8 1 0.2736964712635844
9 1 1.223918132288232
10 1 -1.028503630570446
11 1 -0.5768179863918523
1 2 0.6808975867891879
2 2 -1.190364255733457
3 2 1.610717135868763
4 2 -0.1999403967585166
5 2 0.237572908924462
6 2 -0.4730748893006418
7 2 -0.9778340730866968
8 2 -0.04386354387730226
9 2 1.245430884444644
10 2 -0.9413054479442849
11 2 -0.4846976336641365
1 3 0.6274914316533631
2 3 -1.098187092792855
3 3 1.385106393605361
4 3 2.465409209722099
5 3 0.6555512450589926
6 3 0.5854017115449187
7 3 0.3188334841914379
8 3 -1.294605786632262
9 3 0.9221194724124735
10 3 -1.561174013985743
11 3 0.1364446970548457
1 4 0.3645395006269406
2 4 0.25303330043517
3 4 1.962795036708985
4 4 4.174334673845768
5 4 0.5689675343118532
6 4 0.01143653335300048
7 4 -0.2115758670305406
8 4 -0.490341367509967
9 4 0.6618893678049953
10 4 -0.2301602337291691
11 4 -0.2115758670305406
1 5 -0.08270276145406709
2 5 -1.482906112767014
3 5 1.07033918857449
4 5 -0.4194318265066544
5 5 0.2937081799515187
6 5 -1.049806776571431
7 5 -1.06454575921683
8 5 -1.097425028195029
9 5 0.8560570562682975
10 5 -1.05547561605043
11 5 -0.614439904584247
1 6 0.1100403877254847
2 6 -1.55005636297652
3 6 1.298183549031042
4 6 -0.4975998586224417
5 6 0.1489765588506916
6 6 -0.925897740999718
7 6 -0.9943310114622029
8 6 -1.094621149208948
9 6 0.8462879871839432
10 6 -0.9919712435152207
11 6 -0.6627836149111984
1 7 -0.3733006833947208
2 7 -1.343882460220995
3 7 0.5972810934315531
4 7 -1.343882460220995
5 7 -0.3733006833947208
6 7 1.567862870257827
7 7 -1.343882460220995
8 7 -1.343882460220995
9 7 1.567862870257827
10 7 -0.3733006833947208
11 7 1.567862870257827



# name: <cell-element>
# type: sparse matrix
# nnz: 140
# rows: 20
# columns: 7
1 1 1.016094684301805
2 1 -1.022497172536156
3 1 0.6497007442101264
4 1 -1.062139795562469
5 1 -0.8038621000880071
6 1 0.2172357657412602
7 1 -0.9972700487921389
8 1 1.330833085298591
9 1 1.418527372599222
10 1 -1.237528370163731
11 1 1.016094684301805
12 1 1.386092499214057
13 1 1.214307799433368
14 1 -1.179866373034549
15 1 -1.012886839681292
16 1 -0.9167835111326555
17 1 -0.71376522957366
18 1 -0.8266866406183084
19 1 1.223918132288232
20 1 0.5391819163791939
1 2 0.9175034541889012
2 2 -1.217760724590266
3 2 0.6808975867891879
4 2 -1.073306616072546
5 2 -1.126439161734236
6 2 1.083542659381682
7 2 -0.984475641294408
8 2 1.610717135868763
9 2 1.453810086961585
10 2 -1.077457596202366
11 2 0.9175034541889012
12 2 1.43803636246827
13 2 1.207241867250304
14 2 -1.067495243890799
15 2 -0.6648501712983041
16 2 -1.089910536591824
17 2 -0.9869662293722997
18 2 -0.9969285816838667
19 2 1.245430884444644
20 2 0.8012760105539544
1 3 0.6274914316533631
2 3 -3.104463751295369
3 3 0.6274914316533631
4 3 0.4731624579224005
5 3 -1.238486159821003
6 3 -1.252516066523818
7 3 -1.322665600037892
8 3 1.385106393605361
9 3 0.6836110584646222
10 3 -0.003854369973302096
11 3 0.6274914316533631
12 3 0.6836110584646222
13 3 0.2767437640829935
14 3 0.4030129244083265
15 3 -1.238486159821003
16 3 -0.1722132504070795
17 3 -0.9157983056562629
18 3 -1.420874946957595
19 3 0.9221194724124735
20 3 0.2346540439745492
1 4 0.122942733544771
2 4 -4.857667541687647
3 4 0.3645395006269406
4 4 0.08577400014751418
5 4 0.1415271002433995
6 4 -0.3230820672223111
7 4 -0.3416664339209396
8 4 1.962795036708985
9 4 0.1415271002433995
10 4 -0.4531726341127101
11 4 0.122942733544771
12 4 0.1786958336406563
13 4 -0.2673289671264259
14 4 -0.1744071336332838
15 4 -0.4345882674140817
16 4 -0.4717570008113386
17 4 0.1601114669420279
18 4 -0.2115758670305406
19 4 0.6618893678049953
20 4 -0.3788351673181964
1 5 0.7619543209169011
2 5 -1.572473776535211
3 5 -0.08270276145406709
4 5 -0.9987872212604325
5 5 -1.401274824269417
6 5 2.687092207985228
7 5 -1.115565314527828
8 5 1.07033918857449
9 5 1.100950921761088
10 5 -1.134839368756427
11 5 0.7619543209169011
12 5 0.7948335898950998
13 5 0.7710244640833007
14 5 -1.015793739697432
15 5 0.6859918718983039
16 5 -1.173387477213626
17 5 -1.046405472884031
18 5 -0.7312179978516427
19 5 0.8560570562682975
20 5 1.462622880521275
1 6 0.666945623213293
2 6 -1.776594085886815
3 6 0.1100403877254847
4 6 -0.9140989012648069
5 6 -1.52881845145368
6 6 2.898106217085
7 6 -0.9671936800719072
8 6 1.298183549031042
9 6 1.368976587440509
10 6 -0.964833912124925
11 6 0.666945623213293
12 6 0.7047019103650088
13 6 0.6516071315579084
14 6 -0.9329770448406647
15 6 0.6468875956639439
16 6 -0.9034799455033867
17 6 -0.9671936800719072
18 6 -0.9164586692117891
19 6 0.8462879871839432
20 6 1.48578510081613
1 7 -0.3733006833947208
2 7 -1.343882460220995
3 7 -0.3733006833947208
4 7 -0.3733006833947208
5 7 -1.343882460220995
6 7 0.5972810934315531
7 7 -0.3733006833947208
8 7 0.5972810934315531
9 7 1.567862870257827
10 7 -0.3733006833947208
11 7 -0.3733006833947208
12 7 -0.3733006833947208
13 7 -0.3733006833947208
14 7 -0.3733006833947208
15 7 -1.343882460220995
16 7 -0.3733006833947208
17 7 -1.343882460220995
18 7 1.567862870257827
19 7 1.567862870257827
20 7 0.5972810934315531



