# Created by Octave 4.0.0, Sun May 22 18:35:34 2016 CEST <peter@Independence>
# name: mu
# type: matrix
# rows: 1
# columns: 8
 23537.81318681319 11588.16483516483 14566.83516483517 1386.274725274725 1429.384615384615 4041.945054945055 4192.736263736264 87.69230769230769


# name: sigma
# type: matrix
# rows: 1
# columns: 8
 1229.491619528512 832.4373485098678 1204.534795067155 71.27631146680204 53.80866704883748 882.0147436741679 847.5409637450481 20.60619772338857


