# Created by Octave 4.0.0, Wed May 18 23:39:27 2016 CEST <peter@Independence>
# name: x
# type: matrix
# rows: 1
# columns: 100
 60 60.60606060606061 61.21212121212122 61.81818181818181 62.42424242424242 63.03030303030303 63.63636363636364 64.24242424242425 64.84848484848484 65.45454545454545 66.06060606060606 66.66666666666667 67.27272727272728 67.87878787878788 68.48484848484848 69.09090909090909 69.69696969696969 70.30303030303031 70.90909090909091 71.51515151515152 72.12121212121212 72.72727272727273 73.33333333333333 73.93939393939394 74.54545454545455 75.15151515151516 75.75757575757576 76.36363636363636 76.96969696969697 77.57575757575758 78.18181818181819 78.78787878787878 79.39393939393939 80 80.60606060606061 81.21212121212122 81.81818181818183 82.42424242424242 83.03030303030303 83.63636363636364 84.24242424242425 84.84848484848484 85.45454545454545 86.06060606060606 86.66666666666667 87.27272727272727 87.87878787878788 88.48484848484848 89.09090909090909 89.6969696969697 90.3030303030303 90.90909090909091 91.51515151515152 92.12121212121212 92.72727272727273 93.33333333333333 93.93939393939394 94.54545454545455 95.15151515151516 95.75757575757576 96.36363636363637 96.96969696969697 97.57575757575758 98.18181818181819 98.7878787878788 99.39393939393941 100 100.6060606060606 101.2121212121212 101.8181818181818 102.4242424242424 103.030303030303 103.6363636363636 104.2424242424242 104.8484848484848 105.4545454545455 106.0606060606061 106.6666666666667 107.2727272727273 107.8787878787879 108.4848484848485 109.0909090909091 109.6969696969697 110.3030303030303 110.9090909090909 111.5151515151515 112.1212121212121 112.7272727272727 113.3333333333333 113.9393939393939 114.5454545454545 115.1515151515152 115.7575757575758 116.3636363636364 116.969696969697 117.5757575757576 118.1818181818182 118.7878787878788 119.3939393939394 120


# name: y
# type: matrix
# rows: 100
# columns: 1
 23506.30531891718
 23506.78361308253
 23507.21128821743
 23507.59272389827
 23507.93200914373
 23508.23295556052
 23508.49911018464
 23508.73376801841
 23508.93998426306
 23509.12058624699
 23509.27818504973
 23509.41518682146
 23509.53380379822
 23509.63606501281
 23509.72382670127
 23509.79878240501
 23509.86247276866
 23509.91629503351
 23509.96151222658
 23509.99926204537
 23510.0305654383
 23510.05633488068
 23510.07738234646
 23510.09442697552
 23510.10810243669
 23510.11896398638
 23510.12749522281
 23510.13411453599
 23510.1391812533
 23510.14300148065
 23510.14583363943
 23510.14789369897
 23510.14936010472
 23510.15037840208
 23510.15106555584
 23510.15151396531
 23510.15179517506
 23510.15196328134
 23510.15205803409
 23510.15210763471
 23510.15213122935
 23510.15214109793
 23510.15214453876
 23510.15214544888
 23510.15214559993
 23510.15214560982
 23510.15214560986
 23510.15214560775
 23510.15214554602
 23510.15214505626
 23510.15214290894
 23510.15213615885
 23510.15211898624
 23510.15208123362
 23510.15200663812
 23510.15187075959
 23510.15163860428
 23510.15126194424
 23510.1506763323
 23510.14979781272
 23510.14851932751
 23510.14670681837
 23510.14419502428
 23510.14078297477
 23510.13622917877
 23510.1302465092
 23510.12249678312
 23510.11258503759
 23510.10005350113
 23510.08437526088
 23510.06494762536
 23510.04108518291
 23510.01201255573
 23509.97685684965
 23509.93463979948
 23509.88426961001
 23509.8245324927
 23509.75408389799
 23509.67143944324
 23509.57496553638
 23509.4628696951
 23509.33319056184
 23509.18378761425
 23509.01233057148
 23508.81628849594
 23508.59291859088
 23508.33925469345
 23508.05209546355
 23507.72799226825
 23507.36323676187
 23506.95384816172
 23506.49556021947
 23505.98380788819
 23505.41371368504
 23504.78007374956
 23504.07734359767
 23503.29962357126
 23502.44064398351
 23501.49374995977
 23500.45188597409


# name: QUERY
# type: sq_string
# elements: 1
# length: 2
R5


# name: DATASIZE
# type: sq_string
# elements: 1
# length: 3
500


