# Created by Octave 4.0.0, Sun May 22 18:35:42 2016 CEST <peter@Independence>
# name: x
# type: matrix
# rows: 1
# columns: 100
 60 60.60606060606061 61.21212121212122 61.81818181818181 62.42424242424242 63.03030303030303 63.63636363636364 64.24242424242425 64.84848484848484 65.45454545454545 66.06060606060606 66.66666666666667 67.27272727272728 67.87878787878788 68.48484848484848 69.09090909090909 69.69696969696969 70.30303030303031 70.90909090909091 71.51515151515152 72.12121212121212 72.72727272727273 73.33333333333333 73.93939393939394 74.54545454545455 75.15151515151516 75.75757575757576 76.36363636363636 76.96969696969697 77.57575757575758 78.18181818181819 78.78787878787878 79.39393939393939 80 80.60606060606061 81.21212121212122 81.81818181818183 82.42424242424242 83.03030303030303 83.63636363636364 84.24242424242425 84.84848484848484 85.45454545454545 86.06060606060606 86.66666666666667 87.27272727272727 87.87878787878788 88.48484848484848 89.09090909090909 89.6969696969697 90.3030303030303 90.90909090909091 91.51515151515152 92.12121212121212 92.72727272727273 93.33333333333333 93.93939393939394 94.54545454545455 95.15151515151516 95.75757575757576 96.36363636363637 96.96969696969697 97.57575757575758 98.18181818181819 98.7878787878788 99.39393939393941 100 100.6060606060606 101.2121212121212 101.8181818181818 102.4242424242424 103.030303030303 103.6363636363636 104.2424242424242 104.8484848484848 105.4545454545455 106.0606060606061 106.6666666666667 107.2727272727273 107.8787878787879 108.4848484848485 109.0909090909091 109.6969696969697 110.3030303030303 110.9090909090909 111.5151515151515 112.1212121212121 112.7272727272727 113.3333333333333 113.9393939393939 114.5454545454545 115.1515151515152 115.7575757575758 116.3636363636364 116.969696969697 117.5757575757576 118.1818181818182 118.7878787878788 119.3939393939394 120


# name: y
# type: matrix
# rows: 100
# columns: 1
 22949.4106589631
 22949.99826651893
 22950.54772678313
 22951.06072762415
 22951.53891871669
 22951.98391154173
 22952.39727938657
 22952.78055734475
 22953.13524231614
 22953.46279300686
 22953.76462992933
 22954.04213540225
 22954.2966535506
 22954.52949030566
 22954.74191340497
 22954.93515239238
 22955.11039861802
 22955.26880523829
 22955.41148721588
 22955.53952131977
 22955.65394612522
 22955.75576201379
 22955.84593117329
 22955.92537759785
 22955.99498708787
 22956.05560725004
 22956.10804749731
 22956.15307904895
 22956.19143493049
 22956.22380997376
 22956.25086081686
 22956.2732059042
 22956.29142548643
 22956.30606162053
 22956.31761816974
 22956.32656080359
 22956.33331699791
 22956.33827603477
 22956.34178900258
 22956.344168796
 22956.34569011597
 22956.34658946975
 22956.34706517086
 22956.34727733909
 22956.34734790055
 22956.3473605876
 22956.34736093891
 22956.34735629943
 22956.34731582037
 22956.34717045927
 22956.34681297992
 22956.34609795239
 22956.34484175306
 22956.34282256459
 22956.3397803759
 22956.33541698223
 22956.32939598507
 22956.32134279222
 22956.31084461775
 22956.29745048202
 22956.28067121168
 22956.25997943966
 22956.23480960517
 22956.20455795371
 22956.16858253706
 22956.12620321329
 22956.07670164675
 22956.01932130808
 22955.9532674742
 22955.87770722831
 22955.7917694599
 22955.69454486476
 22955.58508594493
 22955.46240700877
 22955.3254841709
 22955.17325535223
 22955.00462027997
 22954.81844048759
 22954.61353931486
 22954.38870190784
 22954.14267521885
 22953.87416800651
 22953.58185083575
 22953.26435607774
 22952.92027790995
 22952.54817231615
 22952.14655708638
 22951.71391181697
 22951.24867791052
 22950.74925857594
 22950.21401882841
 22949.6412854894
 22949.02934718665
 22948.37645435419
 22947.68081923236
 22946.94061586775
 22946.15398011326
 22945.31900962805
 22944.43376387758
 22943.49626413361


# name: QUERY
# type: sq_string
# elements: 1
# length: 2
R5


# name: DATASIZE
# type: sq_string
# elements: 1
# length: 3
500


