# Created by Octave 4.0.0, Sun May 22 18:35:42 2016 CEST <peter@Independence>
# name: x
# type: matrix
# rows: 1
# columns: 100
 60 60.60606060606061 61.21212121212122 61.81818181818181 62.42424242424242 63.03030303030303 63.63636363636364 64.24242424242425 64.84848484848484 65.45454545454545 66.06060606060606 66.66666666666667 67.27272727272728 67.87878787878788 68.48484848484848 69.09090909090909 69.69696969696969 70.30303030303031 70.90909090909091 71.51515151515152 72.12121212121212 72.72727272727273 73.33333333333333 73.93939393939394 74.54545454545455 75.15151515151516 75.75757575757576 76.36363636363636 76.96969696969697 77.57575757575758 78.18181818181819 78.78787878787878 79.39393939393939 80 80.60606060606061 81.21212121212122 81.81818181818183 82.42424242424242 83.03030303030303 83.63636363636364 84.24242424242425 84.84848484848484 85.45454545454545 86.06060606060606 86.66666666666667 87.27272727272727 87.87878787878788 88.48484848484848 89.09090909090909 89.6969696969697 90.3030303030303 90.90909090909091 91.51515151515152 92.12121212121212 92.72727272727273 93.33333333333333 93.93939393939394 94.54545454545455 95.15151515151516 95.75757575757576 96.36363636363637 96.96969696969697 97.57575757575758 98.18181818181819 98.7878787878788 99.39393939393941 100 100.6060606060606 101.2121212121212 101.8181818181818 102.4242424242424 103.030303030303 103.6363636363636 104.2424242424242 104.8484848484848 105.4545454545455 106.0606060606061 106.6666666666667 107.2727272727273 107.8787878787879 108.4848484848485 109.0909090909091 109.6969696969697 110.3030303030303 110.9090909090909 111.5151515151515 112.1212121212121 112.7272727272727 113.3333333333333 113.9393939393939 114.5454545454545 115.1515151515152 115.7575757575758 116.3636363636364 116.969696969697 117.5757575757576 118.1818181818182 118.7878787878788 119.3939393939394 120


# name: y
# type: matrix
# rows: 100
# columns: 1
 23295.14254173652
 23298.77273145959
 23302.24404992213
 23305.56005190276
 23308.72429218013
 23311.74032553286
 23314.6117067396
 23317.34199057897
 23319.93473182962
 23322.39348527018
 23324.72180567928
 23326.92324783556
 23329.00136651766
 23330.9597165042
 23332.80185257382
 23334.53132950517
 23336.15170207686
 23337.66652506755
 23339.07935325586
 23340.39374142043
 23341.6132443399
 23342.74141679289
 23343.78181355805
 23344.73798941401
 23345.6134991394
 23346.41189751286
 23347.13673931303
 23347.79157931853
 23348.37997230802
 23348.90547306011
 23349.37163635344
 23349.78201696666
 23350.14016967839
 23350.44964926727
 23350.71401051194
 23350.93680819103
 23351.12159708318
 23351.27193196701
 23351.39136762117
 23351.48345882429
 23351.55176035501
 23351.59982699196
 23351.63121351377
 23351.64947469909
 23351.65816532654
 23351.66084017476
 23351.66105402239
 23351.66236164806
 23351.66831783041
 23351.68247734807
 23351.70839497968
 23351.74962550387
 23351.80972369927
 23351.89224434453
 23352.00074221828
 23352.13877209914
 23352.30988876577
 23352.51764699678
 23352.76560157083
 23353.05730726654
 23353.39631886254
 23353.78619113748
 23354.23047886998
 23354.73273683869
 23355.29651982224
 23355.92538259926
 23356.62287994838
 23357.39256664825
 23358.2379974775
 23359.16272721477
 23360.17031063868
 23361.26430252787
 23362.44825766098
 23363.72573081665
 23365.10027677351
 23366.57545031019
 23368.15480620533
 23369.84189923756
 23371.64028418552
 23373.55351582785
 23375.58514894318
 23377.73873831014
 23380.01783870737
 23382.4260049135
 23384.96679170718
 23387.64375386703
 23390.46044617169
 23393.42042339979
 23396.52724032998
 23399.78445174088
 23403.19561241113
 23406.76427711936
 23410.49400064422
 23414.38833776433
 23418.45084325833
 23422.68507190486
 23427.09457848255
 23431.68291777003
 23436.45364454595
 23441.41031358893


# name: QUERY
# type: sq_string
# elements: 1
# length: 2
R5


# name: DATASIZE
# type: sq_string
# elements: 1
# length: 3
500


