# Created by Octave 4.0.0, Sun May 22 18:35:42 2016 CEST <peter@Independence>
# name: x
# type: matrix
# rows: 1
# columns: 100
 60 60.60606060606061 61.21212121212122 61.81818181818181 62.42424242424242 63.03030303030303 63.63636363636364 64.24242424242425 64.84848484848484 65.45454545454545 66.06060606060606 66.66666666666667 67.27272727272728 67.87878787878788 68.48484848484848 69.09090909090909 69.69696969696969 70.30303030303031 70.90909090909091 71.51515151515152 72.12121212121212 72.72727272727273 73.33333333333333 73.93939393939394 74.54545454545455 75.15151515151516 75.75757575757576 76.36363636363636 76.96969696969697 77.57575757575758 78.18181818181819 78.78787878787878 79.39393939393939 80 80.60606060606061 81.21212121212122 81.81818181818183 82.42424242424242 83.03030303030303 83.63636363636364 84.24242424242425 84.84848484848484 85.45454545454545 86.06060606060606 86.66666666666667 87.27272727272727 87.87878787878788 88.48484848484848 89.09090909090909 89.6969696969697 90.3030303030303 90.90909090909091 91.51515151515152 92.12121212121212 92.72727272727273 93.33333333333333 93.93939393939394 94.54545454545455 95.15151515151516 95.75757575757576 96.36363636363637 96.96969696969697 97.57575757575758 98.18181818181819 98.7878787878788 99.39393939393941 100 100.6060606060606 101.2121212121212 101.8181818181818 102.4242424242424 103.030303030303 103.6363636363636 104.2424242424242 104.8484848484848 105.4545454545455 106.0606060606061 106.6666666666667 107.2727272727273 107.8787878787879 108.4848484848485 109.0909090909091 109.6969696969697 110.3030303030303 110.9090909090909 111.5151515151515 112.1212121212121 112.7272727272727 113.3333333333333 113.9393939393939 114.5454545454545 115.1515151515152 115.7575757575758 116.3636363636364 116.969696969697 117.5757575757576 118.1818181818182 118.7878787878788 119.3939393939394 120


# name: y
# type: matrix
# rows: 100
# columns: 1
 22814.07461366525
 22803.53207792501
 22793.22282382669
 22783.14685137028
 22773.30416055578
 22763.69475138319
 22754.31862385252
 22745.17577796376
 22736.2662137169
 22727.58993111196
 22719.14693014893
 22710.93721082781
 22702.96077314861
 22695.21761711131
 22687.70774271593
 22680.43114996246
 22673.3878388509
 22666.57780938125
 22660.00106155351
 22653.65759536769
 22647.54741082377
 22641.67050792177
 22636.02688666168
 22630.6165470435
 22625.43948906723
 22620.49571273288
 22615.78521804043
 22611.3080049899
 22607.06407358128
 22603.05342381457
 22599.27605568977
 22595.73196920688
 22592.42116436591
 22589.34364116684
 22586.49939960969
 22583.88843969445
 22581.51076142112
 22579.3663647897
 22577.4552498002
 22575.7774164526
 22574.33286474692
 22573.12159468315
 22572.14360626129
 22571.39889948134
 22570.8874743433
 22570.60933084718
 22570.56446899296
 22570.75288878066
 22571.17459021027
 22571.82957328179
 22572.71783799522
 22573.83938435057
 22575.19421234782
 22576.78232198699
 22578.60371326807
 22580.65838619106
 22582.94634075596
 22585.46757696278
 22588.2220948115
 22591.20989430213
 22594.43097543468
 22597.88533820914
 22601.57298262551
 22605.49390868379
 22609.64811638399
 22614.03560572609
 22618.65637671011
 22623.51042933604
 22628.59776360388
 22633.91837951363
 22639.4722770653
 22645.25945625887
 22651.27991709436
 22657.53365957176
 22664.02068369107
 22670.74098945229
 22677.69457685542
 22684.88144590046
 22692.30159658742
 22699.95502891629
 22707.84174288706
 22715.96173849975
 22724.31501575436
 22732.90157465087
 22741.72141518929
 22750.77453736963
 22760.06094119188
 22769.58062665604
 22779.33359376211
 22789.31984251009
 22799.53937289999
 22809.99218493179
 22820.67827860551
 22831.59765392114
 22842.75031087868
 22854.13624947813
 22865.75546971949
 22877.60797160277
 22889.69375512796
 22902.01282029505


# name: QUERY
# type: sq_string
# elements: 1
# length: 2
R5


# name: DATASIZE
# type: sq_string
# elements: 1
# length: 3
500


