# Created by Octave 4.0.0, Wed May 18 23:39:27 2016 CEST <peter@Independence>
# name: x
# type: matrix
# rows: 1
# columns: 100
 60 60.60606060606061 61.21212121212122 61.81818181818181 62.42424242424242 63.03030303030303 63.63636363636364 64.24242424242425 64.84848484848484 65.45454545454545 66.06060606060606 66.66666666666667 67.27272727272728 67.87878787878788 68.48484848484848 69.09090909090909 69.69696969696969 70.30303030303031 70.90909090909091 71.51515151515152 72.12121212121212 72.72727272727273 73.33333333333333 73.93939393939394 74.54545454545455 75.15151515151516 75.75757575757576 76.36363636363636 76.96969696969697 77.57575757575758 78.18181818181819 78.78787878787878 79.39393939393939 80 80.60606060606061 81.21212121212122 81.81818181818183 82.42424242424242 83.03030303030303 83.63636363636364 84.24242424242425 84.84848484848484 85.45454545454545 86.06060606060606 86.66666666666667 87.27272727272727 87.87878787878788 88.48484848484848 89.09090909090909 89.6969696969697 90.3030303030303 90.90909090909091 91.51515151515152 92.12121212121212 92.72727272727273 93.33333333333333 93.93939393939394 94.54545454545455 95.15151515151516 95.75757575757576 96.36363636363637 96.96969696969697 97.57575757575758 98.18181818181819 98.7878787878788 99.39393939393941 100 100.6060606060606 101.2121212121212 101.8181818181818 102.4242424242424 103.030303030303 103.6363636363636 104.2424242424242 104.8484848484848 105.4545454545455 106.0606060606061 106.6666666666667 107.2727272727273 107.8787878787879 108.4848484848485 109.0909090909091 109.6969696969697 110.3030303030303 110.9090909090909 111.5151515151515 112.1212121212121 112.7272727272727 113.3333333333333 113.9393939393939 114.5454545454545 115.1515151515152 115.7575757575758 116.3636363636364 116.969696969697 117.5757575757576 118.1818181818182 118.7878787878788 119.3939393939394 120


# name: y
# type: matrix
# rows: 100
# columns: 1
 23218.60056312622
 23216.96988657473
 23215.37529307886
 23213.81678263859
 23212.29435525393
 23210.80801092487
 23209.35774965142
 23207.94357143358
 23206.56547627135
 23205.22346416472
 23203.9175351137
 23202.64768911829
 23201.41392617849
 23200.21624629429
 23199.0546494657
 23197.92913569272
 23196.83970497534
 23195.78635731358
 23194.76909270741
 23193.78791115686
 23192.84281266191
 23191.93379722258
 23191.06086483885
 23190.22401551072
 23189.42324923821
 23188.6585660213
 23187.92996586
 23187.2374487543
 23186.58101470421
 23185.96066370973
 23185.37639577086
 23184.8282108876
 23184.31610905994
 23183.84009028789
 23183.40015457145
 23182.99630191061
 23182.62853230538
 23182.29684575576
 23182.00124226175
 23181.74172182334
 23181.51828444054
 23181.33093011335
 23181.17965884176
 23181.06447062579
 23180.98536546542
 23180.94234336065
 23180.9354043115
 23180.96454831795
 23181.02977538001
 23181.13108549768
 23181.26847867095
 23181.44195489983
 23181.65151418432
 23181.89715652442
 23182.17888192012
 23182.49669037143
 23182.85058187835
 23183.24055644088
 23183.66661405901
 23184.12875473275
 23184.6269784621
 23185.16128524705
 23185.73167508761
 23186.33814798378
 23186.98070393556
 23187.65934294294
 23188.37406500593
 23189.12487012453
 23189.91175829874
 23190.73472952855
 23191.59378381397
 23192.488921155
 23193.42014155163
 23194.38744500387
 23195.39083151173
 23196.43030107518
 23197.50585369425
 23198.61748936892
 23199.7652080992
 23200.94900988508
 23202.16889472658
 23203.42486262368
 23204.71691357639
 23206.0450475847
 23207.40926464862
 23208.80956476815
 23210.24594794329
 23211.71841417404
 23213.22696346039
 23214.77159580235
 23216.35231119992
 23217.96910965309
 23219.62199116187
 23221.31095572626
 23223.03600334626
 23224.79713402186
 23226.59434775307
 23228.42764453989
 23230.29702438232
 23232.20248728035


# name: QUERY
# type: sq_string
# elements: 1
# length: 2
R5


# name: DATASIZE
# type: sq_string
# elements: 1
# length: 3
500


