# Created by Octave 4.0.0, Sun May 22 18:35:42 2016 CEST <peter@Independence>
# name: x
# type: matrix
# rows: 1
# columns: 100
 60 60.60606060606061 61.21212121212122 61.81818181818181 62.42424242424242 63.03030303030303 63.63636363636364 64.24242424242425 64.84848484848484 65.45454545454545 66.06060606060606 66.66666666666667 67.27272727272728 67.87878787878788 68.48484848484848 69.09090909090909 69.69696969696969 70.30303030303031 70.90909090909091 71.51515151515152 72.12121212121212 72.72727272727273 73.33333333333333 73.93939393939394 74.54545454545455 75.15151515151516 75.75757575757576 76.36363636363636 76.96969696969697 77.57575757575758 78.18181818181819 78.78787878787878 79.39393939393939 80 80.60606060606061 81.21212121212122 81.81818181818183 82.42424242424242 83.03030303030303 83.63636363636364 84.24242424242425 84.84848484848484 85.45454545454545 86.06060606060606 86.66666666666667 87.27272727272727 87.87878787878788 88.48484848484848 89.09090909090909 89.6969696969697 90.3030303030303 90.90909090909091 91.51515151515152 92.12121212121212 92.72727272727273 93.33333333333333 93.93939393939394 94.54545454545455 95.15151515151516 95.75757575757576 96.36363636363637 96.96969696969697 97.57575757575758 98.18181818181819 98.7878787878788 99.39393939393941 100 100.6060606060606 101.2121212121212 101.8181818181818 102.4242424242424 103.030303030303 103.6363636363636 104.2424242424242 104.8484848484848 105.4545454545455 106.0606060606061 106.6666666666667 107.2727272727273 107.8787878787879 108.4848484848485 109.0909090909091 109.6969696969697 110.3030303030303 110.9090909090909 111.5151515151515 112.1212121212121 112.7272727272727 113.3333333333333 113.9393939393939 114.5454545454545 115.1515151515152 115.7575757575758 116.3636363636364 116.969696969697 117.5757575757576 118.1818181818182 118.7878787878788 119.3939393939394 120


# name: y
# type: matrix
# rows: 100
# columns: 1
 23132.15674925015
 23132.25551055674
 23132.34381971494
 23132.42258104834
 23132.49263888424
 23132.55478026812
 23132.60973761516
 23132.65819129899
 23132.70077217753
 23132.73806405604
 23132.77060608729
 23132.7988951089
 23132.82338791784
 23132.84450348207
 23132.86262508932
 23132.87810243313
 23132.89125363586
 23132.90236720902
 23132.9117039507
 23132.91949878011
 23132.92596250936
 23132.93128355232
 23132.93562957067
 23132.93914905713
 23132.94197285577
 23132.94421561956
 23132.94597720504
 23132.94734400411
 23132.94839021303
 23132.94917903855
 23132.94976384121
 23132.95018921578
 23132.95049200882
 23132.95070227352
 23132.95084416152
 23132.95093675204
 23132.95099481807
 23132.95102952975
 23132.95104909492
 23132.95105933678
 23132.95106420876
 23132.95106624648
 23132.95106695697
 23132.9510671449
 23132.95106717609
 23132.95106717813
 23132.95106717814
 23132.9510671777
 23132.95106716496
 23132.95106706383
 23132.95106662043
 23132.95106522663
 23132.95106168072
 23132.95105388531
 23132.95103848234
 23132.95101042525
 23132.95096248831
 23132.95088471308
 23132.9507637921
 23132.95058238963
 23132.95031839965
 23132.94994414091
 23132.94942548924
 23132.94872094695
 23132.94778064938
 23132.94654530864
 23132.94494509453
 23132.94289845251
 23132.94031085892
 23132.93707351336
 23132.93306196815
 23132.92813469501
 23132.92213158886
 23132.9148724088
 23132.90615515625
 23132.89575439018
 23132.88341947961
 23132.86887279314
 23132.85180782575
 23132.83188726267
 23132.80874098042
 23132.78196398508
 23132.75111428759
 23132.71571071633
 23132.67523066675
 23132.62910778825
 23132.57672960812
 23132.51743509274
 23132.45051214583
 23132.37519504392
 23132.29066180897
 23132.19603151814
 23132.09036155068
 23131.97264477205
 23131.84180665512
 23131.69670233855
 23131.53611362238
 23131.35874590066
 23131.16322503137
 23130.94809414337


# name: QUERY
# type: sq_string
# elements: 1
# length: 2
R5


# name: DATASIZE
# type: sq_string
# elements: 1
# length: 3
500


