# Created by Octave 4.0.0, Wed May 18 23:39:27 2016 CEST <peter@Independence>
# name: x
# type: matrix
# rows: 1
# columns: 100
 60 60.60606060606061 61.21212121212122 61.81818181818181 62.42424242424242 63.03030303030303 63.63636363636364 64.24242424242425 64.84848484848484 65.45454545454545 66.06060606060606 66.66666666666667 67.27272727272728 67.87878787878788 68.48484848484848 69.09090909090909 69.69696969696969 70.30303030303031 70.90909090909091 71.51515151515152 72.12121212121212 72.72727272727273 73.33333333333333 73.93939393939394 74.54545454545455 75.15151515151516 75.75757575757576 76.36363636363636 76.96969696969697 77.57575757575758 78.18181818181819 78.78787878787878 79.39393939393939 80 80.60606060606061 81.21212121212122 81.81818181818183 82.42424242424242 83.03030303030303 83.63636363636364 84.24242424242425 84.84848484848484 85.45454545454545 86.06060606060606 86.66666666666667 87.27272727272727 87.87878787878788 88.48484848484848 89.09090909090909 89.6969696969697 90.3030303030303 90.90909090909091 91.51515151515152 92.12121212121212 92.72727272727273 93.33333333333333 93.93939393939394 94.54545454545455 95.15151515151516 95.75757575757576 96.36363636363637 96.96969696969697 97.57575757575758 98.18181818181819 98.7878787878788 99.39393939393941 100 100.6060606060606 101.2121212121212 101.8181818181818 102.4242424242424 103.030303030303 103.6363636363636 104.2424242424242 104.8484848484848 105.4545454545455 106.0606060606061 106.6666666666667 107.2727272727273 107.8787878787879 108.4848484848485 109.0909090909091 109.6969696969697 110.3030303030303 110.9090909090909 111.5151515151515 112.1212121212121 112.7272727272727 113.3333333333333 113.9393939393939 114.5454545454545 115.1515151515152 115.7575757575758 116.3636363636364 116.969696969697 117.5757575757576 118.1818181818182 118.7878787878788 119.3939393939394 120


# name: y
# type: matrix
# rows: 100
# columns: 1
 23324.3588550045
 23329.35002626309
 23334.12276440113
 23338.68195690668
 23343.03249126782
 23347.17925497261
 23351.12713550911
 23354.8810203654
 23358.44579702954
 23361.8263529896
 23365.02757573364
 23368.05435274974
 23370.91157152596
 23373.60411955037
 23376.13688431103
 23378.51475329602
 23380.7426139934
 23382.82535389124
 23384.76786047761
 23386.57502124057
 23388.25172366819
 23389.80285524854
 23391.23330346969
 23392.5479558197
 23393.75169978663
 23394.84942285857
 23395.84601252358
 23396.74635626972
 23397.55534158505
 23398.27785595766
 23398.9187868756
 23399.48302182695
 23399.97544829976
 23400.40095378211
 23400.76442576207
 23401.0707517277
 23401.32481916708
 23401.53151556826
 23401.69572841931
 23401.82234520831
 23401.91625342332
 23401.9823405524
 23402.02549408363
 23402.05060150508
 23402.0625503048
 23402.06622797087
 23402.06652199136
 23402.06831985433
 23402.07650904784
 23402.09597705998
 23402.13161137879
 23402.18829949237
 23402.27092888876
 23402.38438705604
 23402.53356148227
 23402.72333965552
 23402.95860906387
 23403.24425719537
 23403.58517153809
 23403.98623958011
 23404.45234880948
 23404.98838671429
 23405.59924078258
 23406.28979850244
 23407.06494736192
 23407.92957484911
 23408.88856845205
 23409.94681565883
 23411.10920395751
 23412.38062083615
 23413.76595378283
 23415.27009028561
 23416.89791783255
 23418.65432391173
 23420.54419601122
 23422.57242161908
 23424.74388822337
 23427.06348331217
 23429.53609437355
 23432.16660889556
 23434.95991436629
 23437.92089827378
 23441.05444810613
 23444.36545135138
 23447.85879549761
 23451.53936803289
 23455.41205644527
 23459.48174822284
 23463.75333085366
 23468.23169182579
 23472.92171862731
 23477.82829874627
 23482.95631967075
 23488.31066888882
 23493.89623388854
 23499.71790215798
 23505.78056118521
 23512.08909845829
 23518.64840146529
 23525.46335769428


# name: QUERY
# type: sq_string
# elements: 1
# length: 2
R5


# name: DATASIZE
# type: sq_string
# elements: 1
# length: 3
500


