# Created by Octave 4.0.0, Wed May 18 23:39:27 2016 CEST <peter@Independence>
# name: x
# type: matrix
# rows: 1
# columns: 100
 60 60.60606060606061 61.21212121212122 61.81818181818181 62.42424242424242 63.03030303030303 63.63636363636364 64.24242424242425 64.84848484848484 65.45454545454545 66.06060606060606 66.66666666666667 67.27272727272728 67.87878787878788 68.48484848484848 69.09090909090909 69.69696969696969 70.30303030303031 70.90909090909091 71.51515151515152 72.12121212121212 72.72727272727273 73.33333333333333 73.93939393939394 74.54545454545455 75.15151515151516 75.75757575757576 76.36363636363636 76.96969696969697 77.57575757575758 78.18181818181819 78.78787878787878 79.39393939393939 80 80.60606060606061 81.21212121212122 81.81818181818183 82.42424242424242 83.03030303030303 83.63636363636364 84.24242424242425 84.84848484848484 85.45454545454545 86.06060606060606 86.66666666666667 87.27272727272727 87.87878787878788 88.48484848484848 89.09090909090909 89.6969696969697 90.3030303030303 90.90909090909091 91.51515151515152 92.12121212121212 92.72727272727273 93.33333333333333 93.93939393939394 94.54545454545455 95.15151515151516 95.75757575757576 96.36363636363637 96.96969696969697 97.57575757575758 98.18181818181819 98.7878787878788 99.39393939393941 100 100.6060606060606 101.2121212121212 101.8181818181818 102.4242424242424 103.030303030303 103.6363636363636 104.2424242424242 104.8484848484848 105.4545454545455 106.0606060606061 106.6666666666667 107.2727272727273 107.8787878787879 108.4848484848485 109.0909090909091 109.6969696969697 110.3030303030303 110.9090909090909 111.5151515151515 112.1212121212121 112.7272727272727 113.3333333333333 113.9393939393939 114.5454545454545 115.1515151515152 115.7575757575758 116.3636363636364 116.969696969697 117.5757575757576 118.1818181818182 118.7878787878788 119.3939393939394 120


# name: y
# type: matrix
# rows: 100
# columns: 1
 23457.79332730036
 23459.61928723839
 23461.32670645048
 23462.92082990003
 23464.40678386546
 23465.7895759402
 23467.07409503268
 23468.26511136636
 23469.36727647972
 23470.38512322625
 23471.32306577444
 23472.1853996078
 23472.97630152488
 23473.69982963922
 23474.35992337936
 23474.96040348889
 23475.5049720264
 23475.99721236548
 23476.44058919476
 23476.83844851785
 23477.19401765342
 23477.51040523512
 23477.79060121162
 23478.03747684661
 23478.2537847188
 23478.4421587219
 23478.60511406465
 23478.74504727079
 23478.86423617909
 23478.96483994331
 23479.04889903226
 23479.11833522972
 23479.17495163453
 23479.22043266051
 23479.25634403652
 23479.28413280642
 23479.30512732907
 23479.32053727838
 23479.33145364325
 23479.3388487276
 23479.34357615036
 23479.34637084549
 23479.34784906195
 23479.3485083637
 23479.34872762976
 23479.34876705411
 23479.3487681458
 23479.34875372884
 23479.34862794229
 23479.34817624022
 23479.3470653917
 23479.34484348083
 23479.34093990672
 23479.33466538348
 23479.32521194026
 23479.3116529212
 23479.29294298548
 23479.26791810727
 23479.23529557576
 23479.19367399517
 23479.14153328472
 23479.07723467865
 23478.99902072621
 23478.90501529166
 23478.79322355429
 23478.66153200839
 23478.50770846328
 23478.32940204328
 23478.12414318773
 23477.88934365098
 23477.62229650239
 23477.32017612636
 23476.98003822228
 23476.59881980456
 23476.17333920262
 23475.70029606091
 23475.17627133889
 23474.59772731101
 23473.96100756677
 23473.26233701066
 23472.49782186219
 23471.66344965589
 23470.75508924132
 23469.768490783
 23468.69928576053
 23467.54298696848
 23466.29498851646
 23464.95056582908
 23463.50487564596
 23461.95295602175
 23460.2897263261
 23458.50998724369
 23456.60842077421
 23454.57959023234
 23452.41794024782
 23450.11779676536
 23447.67336704471
 23445.07873966064
 23442.32788450291
 23439.4146527763


# name: QUERY
# type: sq_string
# elements: 1
# length: 2
R5


# name: DATASIZE
# type: sq_string
# elements: 1
# length: 3
500


