# Created by Octave 4.0.0, Mon May 09 11:23:52 2016 CEST <peter@Independence>
# name: y
# type: matrix
# rows: 1
# columns: 100
 274286.5689389141 274022.0583938799 273757.5478488458 273493.0373038116 273228.5267587774 272964.0162137432 272699.5056687091 272434.9951236749 272170.4845786407 271905.9740336065 271641.4634885724 271376.9529435382 271112.4423985041 270847.9318534699 270583.4213084357 270318.9107634015 270054.4002183673 269789.8896733331 269525.379128299 269260.8685832648 268996.3580382307 268731.8474931965 268467.3369481623 268202.8264031282 267938.315858094 267673.8053130598 267409.2947680256 267144.7842229914 266880.2736779572 266615.7631329231 266351.2525878889 266086.7420428548 265822.2314978206 265557.7209527864 265293.2104077523 265028.6998627181 264764.1893176839 264499.6787726497 264235.1682276155 263970.6576825814 263706.1471375472 263441.636592513 263177.1260474789 262912.6155024447 262648.1049574105 262383.5944123763 262119.0838673422 261854.573322308 261590.0627772738 261325.5522322397 261061.0416872055 260796.5311421713 260532.0205971371 260267.510052103 260002.9995070688 259738.4889620346 259473.9784170004 259209.4678719662 258944.9573269321 258680.4467818979 258415.9362368638 258151.4256918296 257886.9151467954 257622.4046017612 257357.8940567271 257093.3835116929 256828.8729666587 256564.3624216245 256299.8518765904 256035.3413315562 255770.830786522 255506.3202414878 255241.8096964537 254977.2991514195 254712.7886063853 254448.2780613512 254183.767516317 253919.2569712828 253654.7464262486 253390.2358812145 253125.7253361803 252861.2147911461 252596.7042461119 252332.1937010778 252067.6831560436 251803.1726110094 251538.6620659753 251274.1515209411 251009.6409759069 250745.1304308727 250480.6198858386 250216.1093408044 249951.5987957702 249687.088250736 249422.5777057019 249158.0671606677 248893.5566156335 248629.0460705993 248364.5355255652 248100.024980531


