# Created by Octave 4.0.0, Mon May 23 11:54:50 2016 CEST <peter@Independence>
# name: x
# type: matrix
# rows: 1
# columns: 100
 0.008333333333333333 0.008417508417508417 0.008501683501683501 0.008585858585858586 0.00867003367003367 0.008754208754208754 0.008838383838383838 0.008922558922558922 0.009006734006734008 0.00909090909090909 0.009175084175084175 0.009259259259259259 0.009343434343434343 0.009427609427609427 0.009511784511784511 0.009595959595959595 0.009680134680134681 0.009764309764309764 0.009848484848484849 0.009932659932659932 0.01001683501683502 0.0101010101010101 0.01018518518518519 0.01026936026936027 0.01035353535353535 0.01043771043771044 0.01052188552188552 0.01060606060606061 0.01069023569023569 0.01077441077441077 0.01085858585858586 0.01094276094276094 0.01102693602693603 0.01111111111111111 0.0111952861952862 0.01127946127946128 0.01136363636363636 0.01144781144781145 0.01153198653198653 0.01161616161616162 0.0117003367003367 0.01178451178451178 0.01186868686868687 0.01195286195286195 0.01203703703703704 0.01212121212121212 0.01220538720538721 0.01228956228956229 0.01237373737373737 0.01245791245791246 0.01254208754208754 0.01262626262626263 0.01271043771043771 0.01279461279461279 0.01287878787878788 0.01296296296296296 0.01304713804713805 0.01313131313131313 0.01321548821548822 0.0132996632996633 0.01338383838383838 0.01346801346801347 0.01355218855218855 0.01363636363636364 0.01372053872053872 0.0138047138047138 0.01388888888888889 0.01397306397306397 0.01405723905723906 0.01414141414141414 0.01422558922558922 0.01430976430976431 0.01439393939393939 0.01447811447811448 0.01456228956228956 0.01464646464646465 0.01473063973063973 0.01481481481481482 0.0148989898989899 0.01498316498316498 0.01506734006734007 0.01515151515151515 0.01523569023569024 0.01531986531986532 0.0154040404040404 0.01548821548821549 0.01557239057239057 0.01565656565656566 0.01574074074074074 0.01582491582491583 0.01590909090909091 0.01599326599326599 0.01607744107744108 0.01616161616161616 0.01624579124579124 0.01632996632996633 0.01641414141414141 0.0164983164983165 0.01658249158249158 0.01666666666666667


# name: y
# type: matrix
# rows: 100
# columns: 1
 200346.0707178912
 200725.8169274698
 201130.945756634
 201561.5202731339
 202017.5856565137
 202499.1689561607
 203006.2788663094
 203538.9055184771
 204097.0202917884
 204680.5756416234
 205289.5049470052
 205923.7223771191
 206583.1227773329
 207267.5815750623
 207976.9547058032
 208711.0785596244
 209469.7699483897
 210252.8260939498
 211060.0246375179
 211891.1236704142
 212745.8617863346
 213623.9581552703
 214525.1126191762
 215449.0058094518
 216395.299286273
 217363.6356997759
 218353.6389730686
 219364.9145070096
 220397.049406664
 221449.6127293148
 222522.1557538732
 223614.2122715043
 224725.2988972475
 225854.915402382
 227002.5450672568
 228167.65505427
 229349.696800654
 230548.1064306922
 231762.3051869594
 232991.6998801526
 234235.6833570457
 235493.6349860744
 236764.9211600304
 238048.8958153131
 239344.9009671641
 240652.2672602809
 241970.3145341821
 243298.3524026726
 244635.6808467323
 245981.590820131
 247335.3648670496
 248696.277750969
 250063.597094067
 251436.5840263452
 252814.4938436954
 254196.5766740922
 255582.0781510912
 256970.2400937932
 258360.3011924286
 259751.4976987
 261143.0641200173
 262534.2339167478
 263924.2402016004
 265312.3164402557
 266697.697152353
 268079.6186119411
 269457.3195464996
 270830.041833641
 272197.0311946002
 273557.5378836301
 274910.8173724199
 276256.1310286634
 277592.7467879123
 278919.9398178581
 280236.9931741978
 281543.1984472509
 282837.8563985094
 284120.2775863163
 285389.7829798862
 286645.7045608975
 287887.3859119068
 289114.182790853
 290325.4636909441
 291520.6103852378
 292699.0184552547
 293860.0978029835
 295003.2731456666
 296127.9844927788
 297233.6876046406
 298319.8544321349
 299385.9735370268
 300431.5504924119
 301456.1082628565
 302459.187563815
 303440.3471999505
 304399.1643820094
 305335.2350219399
 306248.174005972
 307137.6154454146
 308003.212904955


# name: QUERY
# type: sq_string
# elements: 1
# length: 2
R1


# name: DATASIZE
# type: sq_string
# elements: 1
# length: 3
750


