# Created by Octave 3.8.2, Wed May 18 09:11:15 2016 CEST <Andrea@Andreas-MacBook-Pro.local>
# name: x
# type: matrix
# rows: 1
# columns: 100
 0.008333333333333333 0.008417508417508417 0.008501683501683501 0.008585858585858586 0.00867003367003367 0.008754208754208754 0.008838383838383838 0.008922558922558922 0.009006734006734008 0.00909090909090909 0.009175084175084175 0.009259259259259259 0.009343434343434343 0.009427609427609427 0.009511784511784511 0.009595959595959595 0.009680134680134681 0.009764309764309764 0.009848484848484849 0.009932659932659932 0.01001683501683502 0.0101010101010101 0.01018518518518519 0.01026936026936027 0.01035353535353535 0.01043771043771044 0.01052188552188552 0.01060606060606061 0.01069023569023569 0.01077441077441077 0.01085858585858586 0.01094276094276094 0.01102693602693603 0.01111111111111111 0.0111952861952862 0.01127946127946128 0.01136363636363636 0.01144781144781145 0.01153198653198653 0.01161616161616162 0.0117003367003367 0.01178451178451178 0.01186868686868687 0.01195286195286195 0.01203703703703704 0.01212121212121212 0.01220538720538721 0.01228956228956229 0.01237373737373737 0.01245791245791246 0.01254208754208754 0.01262626262626263 0.01271043771043771 0.01279461279461279 0.01287878787878788 0.01296296296296296 0.01304713804713805 0.01313131313131313 0.01321548821548822 0.0132996632996633 0.01338383838383838 0.01346801346801347 0.01355218855218855 0.01363636363636364 0.01372053872053872 0.0138047138047138 0.01388888888888889 0.01397306397306397 0.01405723905723906 0.01414141414141414 0.01422558922558922 0.01430976430976431 0.01439393939393939 0.01447811447811448 0.01456228956228956 0.01464646464646465 0.01473063973063973 0.01481481481481482 0.0148989898989899 0.01498316498316498 0.01506734006734007 0.01515151515151515 0.01523569023569024 0.01531986531986532 0.0154040404040404 0.01548821548821549 0.01557239057239057 0.01565656565656566 0.01574074074074074 0.01582491582491583 0.01590909090909091 0.01599326599326599 0.01607744107744108 0.01616161616161616 0.01624579124579124 0.01632996632996633 0.01641414141414141 0.0164983164983165 0.01658249158249158 0.01666666666666667


# name: y
# type: matrix
# rows: 100
# columns: 1
 215254.5866312081
 215473.3291148503
 215712.7489093269
 215972.9451002453
 216254.0020026896
 216555.9889164645
 216878.959895774
 217222.9535337955
 217587.9927625934
 217974.0846687971
 218381.2203254475
 218809.3746404002
 219258.5062216467
 219728.5572598978
 220219.4534287464
 220731.1038027087
 221263.4007934118
 221816.2201041772
 222389.4207032199
 222982.8448156588
 223596.3179345059
 224229.6488507767
 224882.6297028339
 225555.0360450505
 226246.6269358493
 226957.1450451466
 227686.3167812001
 228433.8524368299
 229199.4463549543
 229982.7771133509
 230783.5077285256
 231601.28587854
 232435.7441446224
 233286.5002713532
 234153.1574451918
 235035.3045910778
 235932.516686815
 236844.3550949163
 237770.3679115599
 238710.0903322801
 239663.045033989
 240628.7425728992
 241606.681797891
 242596.3502788435
 243597.224749424
 244608.7715638071
 245630.4471667703
 246661.6985765938
 247701.9638801676
 248750.6727396921
 249807.2469103369
 250871.1007682052
 251941.6418479343
 253018.2713892451
 254100.3848917421
 255187.3726772457
 256278.6204589331
 257373.5099165462
 258471.4192769192
 259571.7238990669
 260673.7968630688
 261777.0095619768
 262880.7322959679
 263984.3348679633
 265087.1871799284
 266188.659829069
 267288.1247031403
 268384.9555740844
 269478.5286892147
 270568.2233591741
 271653.4225418924
 272733.5134217797
 273807.8879834003
 274875.9435788777
 275937.0834882958
 276990.7174723695
 278036.262316673
 279073.1423667269
 280100.7900532621
 281118.6464069914
 282126.1615622416
 283122.7952488128
 284108.0172714549
 285081.3079763683
 286042.1587041605
 286990.0722287091
 287924.5631814075
 288845.1584602926
 289751.3976235762
 290642.8332671325
 291519.0313855131
 292379.5717160934
 293224.0480659783
 294052.068621323
 294863.2562387541
 295657.2487186028
 296433.6990596925
 297192.2756954511
 297932.662711147
 298654.5600420806


# name: QUERY
# type: sq_string
# elements: 1
# length: 2
R1


# name: DATASIZE
# type: sq_string
# elements: 1
# length: 3
750


