# Created by Octave 3.8.2, Wed May 18 09:11:15 2016 CEST <Andrea@Andreas-MacBook-Pro.local>
# name: x
# type: matrix
# rows: 1
# columns: 100
 0.008333333333333333 0.008417508417508417 0.008501683501683501 0.008585858585858586 0.00867003367003367 0.008754208754208754 0.008838383838383838 0.008922558922558922 0.009006734006734008 0.00909090909090909 0.009175084175084175 0.009259259259259259 0.009343434343434343 0.009427609427609427 0.009511784511784511 0.009595959595959595 0.009680134680134681 0.009764309764309764 0.009848484848484849 0.009932659932659932 0.01001683501683502 0.0101010101010101 0.01018518518518519 0.01026936026936027 0.01035353535353535 0.01043771043771044 0.01052188552188552 0.01060606060606061 0.01069023569023569 0.01077441077441077 0.01085858585858586 0.01094276094276094 0.01102693602693603 0.01111111111111111 0.0111952861952862 0.01127946127946128 0.01136363636363636 0.01144781144781145 0.01153198653198653 0.01161616161616162 0.0117003367003367 0.01178451178451178 0.01186868686868687 0.01195286195286195 0.01203703703703704 0.01212121212121212 0.01220538720538721 0.01228956228956229 0.01237373737373737 0.01245791245791246 0.01254208754208754 0.01262626262626263 0.01271043771043771 0.01279461279461279 0.01287878787878788 0.01296296296296296 0.01304713804713805 0.01313131313131313 0.01321548821548822 0.0132996632996633 0.01338383838383838 0.01346801346801347 0.01355218855218855 0.01363636363636364 0.01372053872053872 0.0138047138047138 0.01388888888888889 0.01397306397306397 0.01405723905723906 0.01414141414141414 0.01422558922558922 0.01430976430976431 0.01439393939393939 0.01447811447811448 0.01456228956228956 0.01464646464646465 0.01473063973063973 0.01481481481481482 0.0148989898989899 0.01498316498316498 0.01506734006734007 0.01515151515151515 0.01523569023569024 0.01531986531986532 0.0154040404040404 0.01548821548821549 0.01557239057239057 0.01565656565656566 0.01574074074074074 0.01582491582491583 0.01590909090909091 0.01599326599326599 0.01607744107744108 0.01616161616161616 0.01624579124579124 0.01632996632996633 0.01641414141414141 0.0164983164983165 0.01658249158249158 0.01666666666666667


# name: y
# type: matrix
# rows: 100
# columns: 1
 225324.9937451578
 226094.4250422449
 226863.8563393319
 227633.287636419
 228402.7189335061
 229172.1502305932
 229941.5815276802
 230711.0128247673
 231480.4441218544
 232249.8754189414
 233019.3067160285
 233788.7380131156
 234558.1693102026
 235327.6006072897
 236097.0319043768
 236866.4632014639
 237635.8944985509
 238405.325795638
 239174.7570927251
 239944.1883898122
 240713.6196868992
 241483.0509839863
 242252.4822810734
 243021.9135781604
 243791.3448752475
 244560.7761723346
 245330.2074694216
 246099.6387665087
 246869.0700635958
 247638.5013606829
 248407.9326577699
 249177.363954857
 249946.7952519441
 250716.2265490312
 251485.6578461182
 252255.0891432053
 253024.5204402924
 253793.9517373794
 254563.3830344665
 255332.8143315536
 256102.2456286406
 256871.6769257277
 257641.1082228148
 258410.5395199019
 259179.9708169889
 259949.402114076
 260718.8334111631
 261488.2647082501
 262257.6960053372
 263027.1273024243
 263796.5585995113
 264565.9898965984
 265335.4211936855
 266104.8524907726
 266874.2837878597
 267643.7150849467
 268413.1463820338
 269182.5776791208
 269952.0089762079
 270721.440273295
 271490.871570382
 272260.3028674691
 273029.7341645562
 273799.1654616432
 274568.5967587304
 275338.0280558174
 276107.4593529045
 276876.8906499916
 277646.3219470786
 278415.7532441657
 279185.1845412528
 279954.6158383398
 280724.0471354269
 281493.478432514
 282262.9097296011
 283032.3410266881
 283801.7723237752
 284571.2036208623
 285340.6349179493
 286110.0662150364
 286879.4975121235
 287648.9288092105
 288418.3601062977
 289187.7914033847
 289957.2227004718
 290726.6539975589
 291496.0852946459
 292265.516591733
 293034.94788882
 293804.3791859071
 294573.8104829942
 295343.2417800812
 296112.6730771684
 296882.1043742554
 297651.5356713425
 298420.9669684295
 299190.3982655166
 299959.8295626037
 300729.2608596908
 301498.6921567778


# name: QUERY
# type: sq_string
# elements: 1
# length: 2
R1


# name: DATASIZE
# type: sq_string
# elements: 1
# length: 3
750


