# Created by Octave 4.0.0, Mon May 23 11:54:50 2016 CEST <peter@Independence>
# name: x
# type: matrix
# rows: 1
# columns: 100
 0.008333333333333333 0.008417508417508417 0.008501683501683501 0.008585858585858586 0.00867003367003367 0.008754208754208754 0.008838383838383838 0.008922558922558922 0.009006734006734008 0.00909090909090909 0.009175084175084175 0.009259259259259259 0.009343434343434343 0.009427609427609427 0.009511784511784511 0.009595959595959595 0.009680134680134681 0.009764309764309764 0.009848484848484849 0.009932659932659932 0.01001683501683502 0.0101010101010101 0.01018518518518519 0.01026936026936027 0.01035353535353535 0.01043771043771044 0.01052188552188552 0.01060606060606061 0.01069023569023569 0.01077441077441077 0.01085858585858586 0.01094276094276094 0.01102693602693603 0.01111111111111111 0.0111952861952862 0.01127946127946128 0.01136363636363636 0.01144781144781145 0.01153198653198653 0.01161616161616162 0.0117003367003367 0.01178451178451178 0.01186868686868687 0.01195286195286195 0.01203703703703704 0.01212121212121212 0.01220538720538721 0.01228956228956229 0.01237373737373737 0.01245791245791246 0.01254208754208754 0.01262626262626263 0.01271043771043771 0.01279461279461279 0.01287878787878788 0.01296296296296296 0.01304713804713805 0.01313131313131313 0.01321548821548822 0.0132996632996633 0.01338383838383838 0.01346801346801347 0.01355218855218855 0.01363636363636364 0.01372053872053872 0.0138047138047138 0.01388888888888889 0.01397306397306397 0.01405723905723906 0.01414141414141414 0.01422558922558922 0.01430976430976431 0.01439393939393939 0.01447811447811448 0.01456228956228956 0.01464646464646465 0.01473063973063973 0.01481481481481482 0.0148989898989899 0.01498316498316498 0.01506734006734007 0.01515151515151515 0.01523569023569024 0.01531986531986532 0.0154040404040404 0.01548821548821549 0.01557239057239057 0.01565656565656566 0.01574074074074074 0.01582491582491583 0.01590909090909091 0.01599326599326599 0.01607744107744108 0.01616161616161616 0.01624579124579124 0.01632996632996633 0.01641414141414141 0.0164983164983165 0.01658249158249158 0.01666666666666667


# name: y
# type: matrix
# rows: 1
# columns: 100
 230917.6471274571 231563.4863854621 232209.325643467 232855.164901472 233501.004159477 234146.8434174819 234792.6826754869 235438.5219334919 236084.3611914968 236730.2004495018 237376.0397075068 238021.8789655117 238667.7182235167 239313.5574815217 239959.3967395266 240605.2359975316 241251.0752555365 241896.9145135415 242542.7537715465 243188.5930295514 243834.4322875564 244480.2715455614 245126.1108035663 245771.9500615713 246417.7893195763 247063.6285775812 247709.4678355862 248355.3070935911 249001.1463515961 249646.9856096011 250292.824867606 250938.664125611 251584.503383616 252230.3426416209 252876.1818996259 253522.0211576309 254167.8604156358 254813.6996736408 255459.5389316457 256105.3781896507 256751.2174476557 257397.0567056607 258042.8959636656 258688.7352216706 259334.5744796755 259980.4137376805 260626.2529956855 261272.0922536904 261917.9315116954 262563.7707697003 263209.6100277053 263855.4492857103 264501.2885437153 265147.1278017202 265792.9670597252 266438.8063177302 267084.6455757351 267730.48483374 268376.324091745 269022.16334975 269668.002607755 270313.8418657599 270959.6811237649 271605.5203817699 272251.3596397748 272897.1988977798 273543.0381557848 274188.8774137897 274834.7166717947 275480.5559297996 276126.3951878046 276772.2344458096 277418.0737038145 278063.9129618195 278709.7522198245 279355.5914778294 280001.4307358344 280647.2699938394 281293.1092518443 281938.9485098493 282584.7877678543 283230.6270258592 283876.4662838642 284522.3055418691 285168.1447998741 285813.9840578791 286459.823315884 287105.662573889 287751.501831894 288397.341089899 289043.1803479039 289689.0196059088 290334.8588639138 290980.6981219188 291626.5373799237 292272.3766379287 292918.2158959337 293564.0551539387 294209.8944119436 294855.7336699486


# name: QUERY
# type: sq_string
# elements: 1
# length: 2
R1


# name: DATASIZE
# type: sq_string
# elements: 1
# length: 3
750


