# Created by Octave 4.0.0, Mon May 23 11:54:50 2016 CEST <peter@Independence>
# name: x
# type: matrix
# rows: 1
# columns: 100
 0.008333333333333333 0.008417508417508417 0.008501683501683501 0.008585858585858586 0.00867003367003367 0.008754208754208754 0.008838383838383838 0.008922558922558922 0.009006734006734008 0.00909090909090909 0.009175084175084175 0.009259259259259259 0.009343434343434343 0.009427609427609427 0.009511784511784511 0.009595959595959595 0.009680134680134681 0.009764309764309764 0.009848484848484849 0.009932659932659932 0.01001683501683502 0.0101010101010101 0.01018518518518519 0.01026936026936027 0.01035353535353535 0.01043771043771044 0.01052188552188552 0.01060606060606061 0.01069023569023569 0.01077441077441077 0.01085858585858586 0.01094276094276094 0.01102693602693603 0.01111111111111111 0.0111952861952862 0.01127946127946128 0.01136363636363636 0.01144781144781145 0.01153198653198653 0.01161616161616162 0.0117003367003367 0.01178451178451178 0.01186868686868687 0.01195286195286195 0.01203703703703704 0.01212121212121212 0.01220538720538721 0.01228956228956229 0.01237373737373737 0.01245791245791246 0.01254208754208754 0.01262626262626263 0.01271043771043771 0.01279461279461279 0.01287878787878788 0.01296296296296296 0.01304713804713805 0.01313131313131313 0.01321548821548822 0.0132996632996633 0.01338383838383838 0.01346801346801347 0.01355218855218855 0.01363636363636364 0.01372053872053872 0.0138047138047138 0.01388888888888889 0.01397306397306397 0.01405723905723906 0.01414141414141414 0.01422558922558922 0.01430976430976431 0.01439393939393939 0.01447811447811448 0.01456228956228956 0.01464646464646465 0.01473063973063973 0.01481481481481482 0.0148989898989899 0.01498316498316498 0.01506734006734007 0.01515151515151515 0.01523569023569024 0.01531986531986532 0.0154040404040404 0.01548821548821549 0.01557239057239057 0.01565656565656566 0.01574074074074074 0.01582491582491583 0.01590909090909091 0.01599326599326599 0.01607744107744108 0.01616161616161616 0.01624579124579124 0.01632996632996633 0.01641414141414141 0.0164983164983165 0.01658249158249158 0.01666666666666667


# name: y
# type: matrix
# rows: 100
# columns: 1
 231137.8730088396
 231728.9015418426
 232319.9300748453
 232910.9586078485
 233501.9871408519
 234093.0156738544
 234684.0442068579
 235275.0727398605
 235866.1012728639
 236457.129805867
 237048.1583388696
 237639.1868718731
 238230.2154048762
 238821.2439378791
 239412.272470882
 240003.3010038855
 240594.3295368882
 241185.3580698912
 241776.3866028943
 242367.4151358974
 242958.4436689004
 243549.4722019035
 244140.5007349066
 244731.5292679097
 245322.5578009127
 245913.5863339157
 246504.6148669188
 247095.6433999218
 247686.6719329249
 248277.7004659279
 248868.7289989311
 249459.757531934
 250050.786064937
 250641.8145979402
 251232.8431309432
 251823.8716639463
 252414.9001969494
 253005.9287299524
 253596.9572629554
 254187.9857959585
 254779.0143289616
 255370.0428619646
 255961.0713949676
 256552.0999279707
 257143.1284609737
 257734.1569939768
 258325.1855269799
 258916.2140599829
 259507.2425929859
 260098.271125989
 260689.2996589921
 261280.3281919951
 261871.3567249981
 262462.3852580013
 263053.4137910042
 263644.4423240073
 264235.4708570104
 264826.4993900134
 265417.5279230165
 266008.5564560196
 266599.5849890227
 267190.6135220256
 267781.6420550287
 268372.6705880318
 268963.6991210349
 269554.7276540379
 270145.7561870411
 270736.7847200441
 271327.8132530468
 271918.8417860501
 272509.8703190534
 273100.8988520563
 273691.9273850592
 274282.9559180624
 274873.9844510652
 275465.0129840684
 276056.0415170714
 276647.0700500744
 277238.0985830778
 277829.127116081
 278420.1556490834
 279011.1841820865
 279602.2127150898
 280193.2412480928
 280784.2697810958
 281375.2983140989
 281966.326847102
 282557.3553801048
 283148.3839131081
 283739.4124461108
 284330.4409791143
 284921.4695121171
 285512.4980451203
 286103.5265781234
 286694.5551111265
 287285.5836441292
 287876.6121771326
 288467.6407101351
 289058.6692431386
 289649.6977761418


# name: QUERY
# type: sq_string
# elements: 1
# length: 2
R1


# name: DATASIZE
# type: sq_string
# elements: 1
# length: 3
750


