# Created by Octave 4.0.0, Mon May 23 11:54:50 2016 CEST <peter@Independence>
# name: SVs
# type: cell
# rows: 1
# columns: 7
# name: <cell-element>
# type: sparse matrix
# nnz: 154
# rows: 22
# columns: 7
1 1 0.5327988108194464
2 1 1.210791226203514
3 1 -0.1658667870760077
4 1 0.910810152314884
5 1 -1.169967660203521
6 1 1.456142315668437
7 1 1.442594783299273
8 1 -1.10671651881762
9 1 0.2590330917750428
10 1 -0.6871828703205886
11 1 -1.05586928693855
12 1 0.5522403994790906
13 1 -0.9752878606388474
14 1 1.03317779858441
15 1 -0.7738342948895915
16 1 0.1205667544434582
17 1 -0.5147597310766839
18 1 -0.4237977280265833
19 1 0.2921101837932612
20 1 0.4777289714486891
21 1 1.527134904122433
22 1 1.015231716744738
1 2 0.5694039851131457
2 2 0.6277316157188083
3 2 0.7183709020091951
4 2 0.5895409052031959
5 2 -1.812122430870123
6 2 0.6531920893958832
7 2 0.4835327511659201
8 2 -1.129596569243227
9 2 0.215364525690838
10 2 -1.640518838286638
11 2 -1.508124375165848
12 2 0.579264132191722
13 2 0.1106062494522551
14 2 0.6274538650968765
15 2 1.001028451595049
16 2 0.563015720808716
17 2 0.569079942720892
18 2 0.7042982038313209
19 2 0.2556383658709384
20 2 0.5593586709532815
21 2 0.6441651941831021
22 2 0.623889398782086
1 3 -0.08887275455000598
2 3 0.3749806573557256
3 3 -1.562289474721153
4 3 -0.1025155019589981
5 3 -0.4572269345927928
6 3 0.03391197213092297
7 3 2.244037052387644
8 3 -1.139364305042398
9 3 -0.4981551768197691
10 3 1.76654089307292
11 3 -1.002936830952477
12 3 1.207188249304244
13 3 0.4704798892186703
14 3 -0.5527261664557376
15 3 0.07484021435789928
16 3 -0.7710101249996113
17 3 -0.04794451232302967
18 3 0.006626477312938757
19 3 0.2385531832658045
20 3 2.73517595911136
21 3 -0.225300228639927
22 3 1.016189785578355
1 4 -0.08396767012918133
2 4 -0.6650501087103939
3 4 -1.2778279530324
4 4 1.102849189276083
5 4 -0.4502256920227941
6 4 -0.09101109362713541
7 4 0.3703331454888576
8 4 -0.7390060554389118
9 4 0.6062878326703196
10 4 2.56083785335258
11 4 -2.154734178527684
12 4 -0.5558770444921055
13 4 -0.5488336209941513
14 4 -0.3234440690596204
15 4 0.3703331454888576
16 4 -0.834092272661292
17 4 -0.2177927165903091
18 4 0.4759844979581689
19 4 -1.017221283608098
20 4 -0.3269657808085975
21 4 0.4266805334724903
22 4 0.2752469282664773
1 5 0.6258504804742788
2 5 -0.1063138525245313
3 5 1.225736407749716
4 5 0.1785211713732083
5 5 1.457257190965041
6 5 -0.5968854424813643
7 5 -0.3211823288264565
8 5 -0.3659018304567947
9 5 -0.09181023037415137
10 5 -1.280570075514553
11 5 -0.7863725800201247
12 5 0.2456675702175599
13 5 -1.380886795388014
14 5 -0.07878382899834716
15 5 -1.182939211594865
16 5 1.508154161289059
17 5 0.5961717721850754
18 5 1.66138224345187
19 5 0.8385702720131848
20 5 0.7092463078389636
21 5 -0.2771342911845618
22 5 0.3355094518713024
1 6 0.1147604256442156
2 6 1.467373006492833
3 6 0.01782583522827542
4 6 0.7441621064699381
5 6 -0.4259768778367681
6 6 1.31644161794341
7 6 1.510006275425769
8 6 -1.06294355976638
9 6 0.396765074845351
10 6 -0.1711709720112693
11 6 -1.216038666851873
12 6 1.077807504731946
13 6 -0.9966856899285004
14 6 1.399560464817925
15 6 -1.193776407247418
16 6 0.2179297309529799
17 6 -0.420431347366544
18 6 0.01109426644939069
19 6 0.7409405699829005
20 6 2.005449737551686
21 6 0.2377558037612666
22 6 0.8834574975587172
1 7 -0.5737026991959067
2 7 1.582495364896095
3 7 -0.5737026991959067
4 7 0.234871574838594
5 7 -1.112752215218907
6 7 1.582495364896095
7 7 1.582495364896095
8 7 -1.112752215218907
9 7 0.234871574838594
10 7 1.582495364896095
11 7 -0.5737026991959067
12 7 1.582495364896095
13 7 0.234871574838594
14 7 1.582495364896095
15 7 -1.112752215218907
16 7 -0.5737026991959067
17 7 -1.112752215218907
18 7 -1.112752215218907
19 7 0.234871574838594
20 7 1.582495364896095
21 7 0.234871574838594
22 7 0.234871574838594



# name: <cell-element>
# type: sparse matrix
# nnz: 273
# rows: 39
# columns: 7
1 1 0.04411996464603318
2 1 -0.907110343845977
3 1 0.5327988108194464
4 1 -1.226972861341302
5 1 1.210791226203514
6 1 -0.1658667870760077
7 1 0.006380410189076519
8 1 0.910810152314884
9 1 -1.169967660203521
10 1 1.456142315668437
11 1 -1.187209974127912
12 1 1.442594783299273
13 1 -1.066337834678358
14 1 -1.10671651881762
15 1 -1.073991310757042
16 1 -0.504027270368645
17 1 -1.198822144730052
18 1 -0.6871828703205886
19 1 -1.05586928693855
20 1 0.5522403994790906
21 1 -0.9752878606388474
22 1 0.8747420466567203
23 1 1.03317779858441
24 1 -0.4163201939267201
25 1 1.590298074518924
26 1 0.4388457941294004
27 1 -0.7738342948895915
28 1 -1.13530709037592
29 1 0.1205667544434582
30 1 0.0460553264130566
31 1 -1.228468368161275
32 1 1.76931903796859
33 1 -0.5147597310766839
34 1 1.36174944403134
35 1 -0.4237977280265833
36 1 0.2921101837932612
37 1 0.4777289714486891
38 1 1.527134904122433
39 1 1.015231716744738
1 2 0.4388611928052341
2 2 0.05130649166983144
3 2 0.5694039851131457
4 2 -1.940813552365156
5 2 0.6277316157188083
6 2 0.7183709020091951
7 2 0.8213700909755438
8 2 0.5895409052031959
9 2 -1.812122430870123
10 2 0.6531920893958832
11 2 -1.832398226271139
12 2 0.4835327511659201
13 2 -1.790041256426551
14 2 -1.129596569243227
15 2 -0.4026768998775759
16 2 0.5861153141993712
17 2 -1.00650675195715
18 2 -1.640518838286638
19 2 -1.508124375165848
20 2 0.579264132191722
21 2 0.1106062494522551
22 2 0.6801801914935827
23 2 0.6274538650968765
24 2 0.6046320223281531
25 2 0.6206952666298712
26 2 0.5550535363133398
27 2 1.001028451595049
28 2 -1.845174754879999
29 2 0.563015720808716
30 2 0.4901524743219596
31 2 -1.543722746543431
32 2 0.5158444068506444
33 2 0.569079942720892
34 2 0.5929664962070205
35 2 0.7042982038313209
36 2 0.2556383658709384
37 2 0.5593586709532815
38 2 0.6441651941831021
39 2 0.623889398782086
1 3 1.234473744122228
2 3 -0.3617277027298481
3 3 -0.08887275455000598
4 3 0.2658386780837887
5 3 0.3749806573557256
6 3 -1.562289474721153
7 3 0.6887638477625441
8 3 -0.1025155019589981
9 3 -0.4572269345927928
10 3 0.03391197213092297
11 3 -1.93064365476394
12 3 2.244037052387644
13 3 -1.08479331540643
14 3 -1.139364305042398
15 3 -0.2116574812309349
16 3 -1.221220789496351
17 3 -0.4162986923658165
18 3 1.76654089307292
19 3 -1.002936830952477
20 3 1.207188249304244
21 3 0.4704798892186703
22 3 1.329972975985173
23 3 -0.5527261664557376
24 3 -1.398576505813248
25 3 0.170339446220844
26 3 1.848397377526873
27 3 0.07484021435789928
28 3 -0.4708696820017849
29 3 -0.7710101249996113
30 3 -0.4162986923658165
31 3 -0.007016270096053349
32 3 0.03391197213092297
33 3 -0.04794451232302967
34 3 0.4022661521737098
35 3 0.006626477312938757
36 3 0.2385531832658045
37 3 2.73517595911136
38 3 -0.225300228639927
39 3 1.016189785578355
1 4 0.2858120635134085
2 4 -1.52786948720977
3 4 -0.08396767012918133
4 4 1.10637090102506
5 4 -0.6650501087103939
6 4 -1.2778279530324
7 4 -0.07340253488225018
8 4 1.102849189276083
9 4 -0.4502256920227941
10 4 -0.09101109362713541
11 4 -1.2778279530324
12 4 0.3703331454888576
13 4 0.3703331454888576
14 4 -0.7390060554389118
15 4 -0.9115699311387871
16 4 -1.129916059575364
17 4 -0.3903565922901843
18 4 2.56083785335258
19 4 -2.154734178527684
20 4 -0.5558770444921055
21 4 -0.5488336209941513
22 4 0.8316773846048506
23 4 -0.3234440690596204
24 4 -1.080612095089685
25 4 0.07098764682580869
26 4 1.092284054029152
27 4 0.3703331454888576
28 4 0.4266805334724903
29 4 -0.834092272661292
30 4 -0.2987920868167811
31 4 -0.6897020909532332
32 4 1.16624000075767
33 4 -0.2177927165903091
34 4 -0.4326171332779088
35 4 0.4759844979581689
36 4 -1.017221283608098
37 4 -0.3269657808085975
38 4 0.4266805334724903
39 4 0.2752469282664773
1 5 0.679164721156694
2 5 -0.8398211135002285
3 5 0.6258504804742788
4 5 -0.7244636002856324
5 5 -0.1063138525245313
6 5 1.225736407749716
7 5 1.056124604268884
8 5 0.1785211713732083
9 5 1.457257190965041
10 5 -0.5968854424813643
11 5 0.7440281424403377
12 5 -0.3211823288264565
13 5 -1.567822369770689
14 5 -0.3659018304567947
15 5 -0.7178832531988859
