# Created by Octave 3.8.2, Wed May 18 09:11:09 2016 CEST <Andrea@Andreas-MacBook-Pro.local>
# name: SVs
# type: cell
# rows: 1
# columns: 7
# name: <cell-element>
# type: sparse matrix
# nnz: 140
# rows: 20
# columns: 7
1 1 -0.787117914290525
2 1 -0.5147597310766839
3 1 0.5522403994790906
4 1 -0.7048650391920298
5 1 0.4388457941294004
6 1 -1.073991310757042
7 1 -0.7682041515673417
8 1 -1.066337834678358
9 1 1.443914348140426
10 1 -0.9442341013770625
11 1 -0.1761593928369959
12 1 -0.4163201939267201
13 1 1.03317779858441
14 1 0.5327988108194464
15 1 0.4777289714486891
16 1 0.2835769978204761
17 1 1.210791226203514
18 1 -1.05586928693855
19 1 -0.6278904234581438
20 1 0.2590330917750428
1 2 0.4517303049547375
2 2 0.569079942720892
3 2 0.579264132191722
4 2 0.4899673072406718
5 2 0.5550535363133398
6 2 -0.4026768998775759
7 2 -0.649597202774881
8 2 -1.790041256426551
9 2 0.6776341441258752
10 2 -1.445260151068634
11 2 1.140274096723488
12 2 0.6046320223281531
13 2 0.6274538650968765
14 2 0.5694039851131457
15 2 0.5593586709532815
16 2 0.4436292451483954
17 2 0.6277316157188083
18 2 -1.508124375165848
19 2 0.6034747280701042
20 2 0.215364525690838
1 3 -0.9074375990895323
2 3 -0.04794451232302967
3 3 1.207188249304244
4 3 0.3067669203107651
5 3 1.848397377526873
6 3 -0.2116574812309349
7 3 0.06119746694890718
8 3 -1.08479331540643
9 3 -0.1434437441859744
10 3 -1.944286402172932
11 3 0.5114081314456467
12 3 -1.398576505813248
13 3 -0.5527261664557376
14 3 -0.08887275455000598
15 3 2.73517595911136
16 3 -2.244426845170759
17 3 0.3749806573557256
18 3 -1.002936830952477
19 3 1.275401986349205
20 3 -0.4981551768197691
1 4 -0.6967455144511873
2 4 -0.2177927165903091
3 4 -0.5558770444921055
4 4 0.7999819788640572
5 4 1.092284054029152
6 4 -0.9115699311387871
7 4 -0.2424446988331484
8 4 0.3703331454888576
9 4 0.3949851277316969
10 4 -1.358827323258872
11 4 0.1836824227930741
12 4 -1.080612095089685
13 4 -0.3234440690596204
14 4 -0.08396767012918133
15 4 -0.3269657808085975
16 4 -0.8164837139164068
17 4 -0.6650501087103939
18 4 -2.154734178527684
19 4 0.1555087288012578
20 4 0.6062878326703196
1 5 0.1238640027139061
2 5 0.5961717721850754
3 5 0.2456675702175599
4 5 -0.7345355601122852
5 5 0.8905415847187129
6 5 -0.7178832531988859
7 5 -0.698410797534024
8 5 -1.567822369770689
9 5 -0.4773648525384184
10 5 0.5525266129362468
11 5 1.474580961866883
12 5 0.3813032958831502
13 5 -0.07878382899834716
14 5 0.6258504804742788
15 5 0.7092463078389636
16 5 1.37036975086045
17 5 -0.1063138525245313
18 5 -0.7863725800201247
19 5 -0.5606263871054145
20 5 -0.09181023037415137
1 6 -0.7258201843019481
2 6 -0.420431347366544
3 6 1.077807504731946
4 6 -0.5483311541653539
5 6 0.06557189092422214
6 6 -1.177123788292034
7 6 -1.059369417295686
8 6 -1.494645476574143
9 6 1.411100297010299
10 6 -0.6482949505317922
11 6 0.03029526501392381
12 6 -0.3873184399923157
13 6 1.399560464817925
14 6 0.1147604256442156
15 6 2.005449737551686
16 6 0.2854377492783668
17 6 1.467373006492833
18 6 -1.216038666851873
19 6 -0.4347759998834531
20 6 0.396765074845351
1 7 -1.112752215218907
2 7 -1.112752215218907
3 7 1.582495364896095
4 7 0.234871574838594
5 7 -0.5737026991959067
6 7 -0.5737026991959067
7 7 -1.112752215218907
8 7 -1.112752215218907
9 7 1.582495364896095
10 7 -1.112752215218907
11 7 -1.112752215218907
12 7 -0.5737026991959067
13 7 1.582495364896095
14 7 -0.5737026991959067
15 7 1.582495364896095
16 7 -0.5737026991959067
17 7 1.582495364896095
18 7 -0.5737026991959067
19 7 0.234871574838594
20 7 0.234871574838594



# name: <cell-element>
# type: sparse matrix
# nnz: 238
# rows: 34
# columns: 7
1 1 -0.787117914290525
2 1 -0.5147597310766839
3 1 1.479894482809179
4 1 0.5522403994790906
5 1 -1.268055313395845
6 1 -0.7048650391920298
7 1 1.51446708164737
8 1 0.006380410189076519
9 1 -1.073991310757042
10 1 0.1045560343708099
11 1 -0.7682041515673417
12 1 -1.066337834678358
13 1 1.76931903796859
14 1 1.874972196250187
15 1 -0.08326202801987181
16 1 1.443914348140426
17 1 1.36174944403134
18 1 -0.9442341013770625
19 1 -0.4163201939267201
20 1 1.03317779858441
21 1 0.4777289714486891
22 1 0.2835769978204761
23 1 0.8747420466567203
24 1 1.527134904122433
25 1 -0.1154594101439887
26 1 -1.198822144730052
27 1 -1.228468368161275
28 1 1.210791226203514
29 1 1.442594783299273
30 1 -1.192488233492521
31 1 0.0460553264130566
32 1 -1.05586928693855
33 1 -0.6278904234581438
34 1 0.04411996464603318
1 2 0.4517303049547375
2 2 0.569079942720892
3 2 0.8849749833979091
4 2 0.579264132191722
5 2 -1.796012894798083
6 2 0.4899673072406718
7 2 0.4685805093519289
8 2 0.8213700909755438
9 2 -0.4026768998775759
10 2 0.5988455510379087
11 2 -0.649597202774881
12 2 -1.790041256426551
13 2 0.5158444068506444
14 2 0.6437022764798825
15 2 0.7811425425657653
16 2 0.6776341441258752
17 2 0.5929664962070205
18 2 -1.445260151068634
19 2 0.6046320223281531
20 2 0.6274538650968765
21 2 0.5593586709532815
22 2 0.4436292451483954
23 2 0.6801801914935827
24 2 0.6441651941831021
25 2 0.5137612771861564
26 2 -1.00650675195715
27 2 -1.543722746543431
28 2 0.6277316157188083
29 2 0.4835327511659201
30 2 -1.902067340605681
31 2 0.4901524743219596
32 2 -1.508124375165848
33 2 0.6034747280701042
34 2 0.4388611928052341
1 3 -0.9074375990895323
2 3 -0.04794451232302967
3 3 0.4022661521737098
4 3 1.207188249304244
5 3 0.2794814254927809
6 3 0.3067669203107651
7 3 0.947976048533394
8 3 0.6887638477625441
9 3 -0.2116574812309349
10 3 0.6751211003535519
11 3 0.06119746694890718
12 3 -1.08479331540643
13 3 0.03391197213092297
14 3 -0.2116574812309349
15 3 -1.098436062815422
16 3 -0.1434437441859744
17 3 0.4022661521737098
18 3 -1.944286402172932
19 3 -1.398576505813248
20 3 -0.5527261664557376
21 3 2.73517595911136
22 3 -2.244426845170759
23 3 1.329972975985173
24 3 -0.225300228639927
25 3 0.4022661521737098
26 3 -0.4162986923658165
27 3 -0.007016270096053349
28 3 0.3749806573557256
29 3 2.244037052387644
30 3 -1.303077273950303
31 3 -0.4162986923658165
32 3 -1.002936830952477
33 3 1.275401986349205
34 3 1.234473744122228
1 4 -0.6967455144511873
2 4 -0.2177927165903091
3 4 -0.7037889379491414
4 4 -0.5558770444921055
5 4 0.1449435935543266
6 4 0.7999819788640572
7 4 -0.3833131687922302
8 4 -0.07340253488225018
9 4 -0.9115699311387871
10 4 -0.4995296565084728
11 4 -0.2424446988331484
12 4 0.3703331454888576
13 4 1.16624000075767
14 4 3.937827147202605
15 4 -0.6544849734634628
16 4 0.3949851277316969
17 4 -0.4326171332779088
18 4 -1.358827323258872
19 4 -1.080612095089685
20 4 -0.3234440690596204
21 4 -0.3269657808085975
22 4 -0.8164837139164068
23 4 0.8316773846048506
24 4 0.4266805334724903
25 4 0.6661569324029294
26 4 -0.3903565922901843
27 4 -0.6897020909532332
28 4 -0.6650501087103939
29 4 0.3703331454888576
30 4 -1.499695793217954
31 4 -0.2987920868167811
32 4 -2.154734178527684
33 4 0.1555087288012578
34 4 0.2858120635134085
1 5 0.1238640027139061
2 5 0.5961717721850754
3 5 -0.06522025643178812
4 5 0.2456675702175599
5 5 -0.7292981410024257
6 5 -0.7345355601122852
7 5 -0.2831774670805535
8 5 1.056124604268884
9 5 -0.7178832531988859
10 5 1.62821192242276
11 5 -0.698410797534024
12 5 -1.567822369770689
13 5 -0.4307652517404384
14 5 -0.3590528977746709
15 5 1.333976402686811
16 5 -0.4773648525384184
17 5 -0.6828328330021344
18 5 0.5525266129362468
19 5 0.3813032958831502
20 5 -0.07878382899834716
21 5 0.7092463078389636
22 5 1.37036975086045
23 5 0.0595377526210172
24 5 -0.2771342911845618
25 5 -0.05407395422362575
26 5 -1.914566373402921
27 5 -2.163948098710843
28 5 -0.1063138525245313
29 5 -0.3211823288264565
30 5 0.8047284869956316
31 5 1.204518145714901
32 5 -0.7863725800201247
33 5 -0.5606263871054145
34 5 0.679164721156694
1 6 -0.7258201843019481
2 6 -0.420431347366544
3 6 1.637056622354863
4 6 1.077807504731946
5 6 -0.9105857197376223
6 6 -0.5483311541653539
7 6 1.588525216968046
8 6 0.66690934095988
9 6 -1.177123788292034
10 6 0.2386212911756947
11 6 -1.059369417295686
12 6 -1.494645476574143
13 6 0.2695384249244295
