# Created by Octave 3.8.2, Wed May 18 09:10:59 2016 CEST <Andrea@Andreas-MacBook-Pro.local>
# name: mu
# type: matrix
# rows: 1
# columns: 8
 257314.9428571429 29577.47142857143 72897.67142857143 1879.514285714286 3302.842857142857 30350.65714285714 179389.8 0.01177380952380952


# name: sigma
# type: matrix
# rows: 1
# columns: 8
 86772.27352664097 11367.38380123936 21602.11184504511 73.29901888683268 283.9528250120047 7446.415721549304 62392.58838406824 0.003091861910874163


