# Created by Octave 3.8.2, Wed May 18 09:11:15 2016 CEST <Andrea@Andreas-MacBook-Pro.local>
# name: x
# type: matrix
# rows: 1
# columns: 100
 0.008333333333333333 0.008417508417508417 0.008501683501683501 0.008585858585858586 0.00867003367003367 0.008754208754208754 0.008838383838383838 0.008922558922558922 0.009006734006734008 0.00909090909090909 0.009175084175084175 0.009259259259259259 0.009343434343434343 0.009427609427609427 0.009511784511784511 0.009595959595959595 0.009680134680134681 0.009764309764309764 0.009848484848484849 0.009932659932659932 0.01001683501683502 0.0101010101010101 0.01018518518518519 0.01026936026936027 0.01035353535353535 0.01043771043771044 0.01052188552188552 0.01060606060606061 0.01069023569023569 0.01077441077441077 0.01085858585858586 0.01094276094276094 0.01102693602693603 0.01111111111111111 0.0111952861952862 0.01127946127946128 0.01136363636363636 0.01144781144781145 0.01153198653198653 0.01161616161616162 0.0117003367003367 0.01178451178451178 0.01186868686868687 0.01195286195286195 0.01203703703703704 0.01212121212121212 0.01220538720538721 0.01228956228956229 0.01237373737373737 0.01245791245791246 0.01254208754208754 0.01262626262626263 0.01271043771043771 0.01279461279461279 0.01287878787878788 0.01296296296296296 0.01304713804713805 0.01313131313131313 0.01321548821548822 0.0132996632996633 0.01338383838383838 0.01346801346801347 0.01355218855218855 0.01363636363636364 0.01372053872053872 0.0138047138047138 0.01388888888888889 0.01397306397306397 0.01405723905723906 0.01414141414141414 0.01422558922558922 0.01430976430976431 0.01439393939393939 0.01447811447811448 0.01456228956228956 0.01464646464646465 0.01473063973063973 0.01481481481481482 0.0148989898989899 0.01498316498316498 0.01506734006734007 0.01515151515151515 0.01523569023569024 0.01531986531986532 0.0154040404040404 0.01548821548821549 0.01557239057239057 0.01565656565656566 0.01574074074074074 0.01582491582491583 0.01590909090909091 0.01599326599326599 0.01607744107744108 0.01616161616161616 0.01624579124579124 0.01632996632996633 0.01641414141414141 0.0164983164983165 0.01658249158249158 0.01666666666666667


# name: y
# type: matrix
# rows: 100
# columns: 1
 272341.8497337754
 271672.5024939873
 271019.7343939272
 270383.545433595
 269763.9356129907
 269160.9049321144
 268574.4533909661
 268004.5809895457
 267451.2877278532
 266914.5736058888
 266394.4386236522
 265890.8827811436
 265403.906078363
 264933.5085153103
 264479.6900919856
 264042.4508083888
 263621.79066452
 263217.7096603792
 262830.2077959662
 262459.2850712813
 262104.9414863243
 261767.1770410952
 261445.9917355941
 261141.385569821
 260853.3585437758
 260581.9106574585
 260327.0419108692
 260088.7523040079
 259867.0418368745
 259661.9105094691
 259473.3583217916
 259301.3852738421
 259145.9913656205
 259007.1765971269
 258884.9409683612
 258779.2844793235
 258690.2071300138
 258617.708920432
 258561.7898505781
 258522.4499204522
 258499.6891300543
 258493.5074793843
 258503.9049684422
 258530.8815972281
 258574.437365742
 258634.5722739838
 258711.2863219536
 258804.5795096513
 258914.451837077
 259040.9033042306
 259183.9339111122
 259343.5436577217
 259519.7325440593
 259712.5005701247
 259921.8477359181
 260147.7740414394
 260390.2794866887
 260649.364071666
 260925.0277963712
 261217.2706608044
 261526.0926649655
 261851.4938088545
 262193.4740924715
 262552.0335158165
 262927.1720788894
 263318.8897816903
 263727.1866242192
 264152.062606476
 264593.5177284607
 265051.5519901733
 265526.165391614
 266017.3579327826
 266525.1296136791
 267049.4804343036
 267590.4103946561
 268147.9194947365
 268722.0077345449
 269312.6751140812
 269919.9216333455
 270543.7472923376
 271184.1520910579
 271841.136029506
 272514.699107682
 273204.8413255861
 273911.562683218
 274634.863180578
 275374.7428176659
 276131.2015944817
 276904.2395110255
 277693.8565672972
 278500.0527632969
 279322.8280990246
 280162.1825744802
 281018.1161896638
 281890.6289445753
 282779.7208392147
 283685.3918735821
 284607.6420476775
 285546.4713615009
 286501.8798150522


# name: QUERY
# type: sq_string
# elements: 1
# length: 2
R1


# name: DATASIZE
# type: sq_string
# elements: 1
# length: 3
750


