# Created by Octave 4.0.0, Mon May 23 11:54:50 2016 CEST <peter@Independence>
# name: x
# type: matrix
# rows: 1
# columns: 100
 0.008333333333333333 0.008417508417508417 0.008501683501683501 0.008585858585858586 0.00867003367003367 0.008754208754208754 0.008838383838383838 0.008922558922558922 0.009006734006734008 0.00909090909090909 0.009175084175084175 0.009259259259259259 0.009343434343434343 0.009427609427609427 0.009511784511784511 0.009595959595959595 0.009680134680134681 0.009764309764309764 0.009848484848484849 0.009932659932659932 0.01001683501683502 0.0101010101010101 0.01018518518518519 0.01026936026936027 0.01035353535353535 0.01043771043771044 0.01052188552188552 0.01060606060606061 0.01069023569023569 0.01077441077441077 0.01085858585858586 0.01094276094276094 0.01102693602693603 0.01111111111111111 0.0111952861952862 0.01127946127946128 0.01136363636363636 0.01144781144781145 0.01153198653198653 0.01161616161616162 0.0117003367003367 0.01178451178451178 0.01186868686868687 0.01195286195286195 0.01203703703703704 0.01212121212121212 0.01220538720538721 0.01228956228956229 0.01237373737373737 0.01245791245791246 0.01254208754208754 0.01262626262626263 0.01271043771043771 0.01279461279461279 0.01287878787878788 0.01296296296296296 0.01304713804713805 0.01313131313131313 0.01321548821548822 0.0132996632996633 0.01338383838383838 0.01346801346801347 0.01355218855218855 0.01363636363636364 0.01372053872053872 0.0138047138047138 0.01388888888888889 0.01397306397306397 0.01405723905723906 0.01414141414141414 0.01422558922558922 0.01430976430976431 0.01439393939393939 0.01447811447811448 0.01456228956228956 0.01464646464646465 0.01473063973063973 0.01481481481481482 0.0148989898989899 0.01498316498316498 0.01506734006734007 0.01515151515151515 0.01523569023569024 0.01531986531986532 0.0154040404040404 0.01548821548821549 0.01557239057239057 0.01565656565656566 0.01574074074074074 0.01582491582491583 0.01590909090909091 0.01599326599326599 0.01607744107744108 0.01616161616161616 0.01624579124579124 0.01632996632996633 0.01641414141414141 0.0164983164983165 0.01658249158249158 0.01666666666666667


# name: y
# type: matrix
# rows: 100
# columns: 1
 280779.0882404265
 279834.8031065666
 278913.9070811495
 278016.4001641752
 277142.2823556437
 276291.553655555
 275464.2140639091
 274660.263580706
 273879.7022059457
 273122.5299396281
 272388.7467817534
 271678.3527323215
 270991.3477913324
 270327.7319587861
 269687.5052346826
 269070.6676190218
 268477.2191118039
 267907.1597130288
 267360.4894226965
 266837.208240807
 266337.3161673602
 265860.8132023563
 265407.6993457952
 264977.9745976769
 264571.6389580013
 264188.6924267686
 263829.1350039787
 263492.9666896315
 263180.1874837272
 262890.7973862657
 262624.7963972469
 262382.1845166709
 262162.9617445378
 261967.1280808475
 261794.6835255999
 261645.6280787952
 261519.9617404332
 261417.6845105141
 261338.7963890377
 261283.2973760042
 261251.1874714134
 261242.4666752655
 261257.1349875603
 261295.1924082979
 261356.6389374784
 261441.4745751016
 261549.6993211677
 261681.3131756765
 261836.3161386281
 262014.7082100225
 262216.4893898598
 262441.6596781398
 262690.2190748627
 262962.1675800282
 263257.5051936367
 263576.2319156879
 263918.3477461819
 264283.8526851187
 264672.7467324983
 265085.0298883208
 265520.702152586
 265979.763525294
 266462.2140064448
 266968.0535960384
 267497.2822940748
 268049.900100554
 268625.907015476
 269225.3030388409
 269848.0881706484
 270494.2624108989
 271163.8257595921
 271856.7782167281
 272573.1197823068
 273312.8504563285
 274075.9702387928
 274862.4791297
 275672.37712905
 276505.6642368428
 277362.3404530784
 278242.4057777568
 279145.860210878
 280072.703752442
 281022.9364024487
 281996.5581608983
 282993.5690277907
 284013.969003126
 285057.7580869038
 286124.9362791246
 287215.5035797883
 288329.4599888946
 289466.8055064437
 290627.5401324357
 291811.6638668705
 293019.1767097481
 294250.0786610685
 295504.3697208316
 296782.0498890375
 298083.1191656863
 299407.5775507779
 300755.4250443123


# name: QUERY
# type: sq_string
# elements: 1
# length: 2
R1


# name: DATASIZE
# type: sq_string
# elements: 1
# length: 3
750


