# Created by Octave 3.8.2, Wed May 18 09:11:15 2016 CEST <Andrea@Andreas-MacBook-Pro.local>
# name: x
# type: matrix
# rows: 1
# columns: 100
 0.008333333333333333 0.008417508417508417 0.008501683501683501 0.008585858585858586 0.00867003367003367 0.008754208754208754 0.008838383838383838 0.008922558922558922 0.009006734006734008 0.00909090909090909 0.009175084175084175 0.009259259259259259 0.009343434343434343 0.009427609427609427 0.009511784511784511 0.009595959595959595 0.009680134680134681 0.009764309764309764 0.009848484848484849 0.009932659932659932 0.01001683501683502 0.0101010101010101 0.01018518518518519 0.01026936026936027 0.01035353535353535 0.01043771043771044 0.01052188552188552 0.01060606060606061 0.01069023569023569 0.01077441077441077 0.01085858585858586 0.01094276094276094 0.01102693602693603 0.01111111111111111 0.0111952861952862 0.01127946127946128 0.01136363636363636 0.01144781144781145 0.01153198653198653 0.01161616161616162 0.0117003367003367 0.01178451178451178 0.01186868686868687 0.01195286195286195 0.01203703703703704 0.01212121212121212 0.01220538720538721 0.01228956228956229 0.01237373737373737 0.01245791245791246 0.01254208754208754 0.01262626262626263 0.01271043771043771 0.01279461279461279 0.01287878787878788 0.01296296296296296 0.01304713804713805 0.01313131313131313 0.01321548821548822 0.0132996632996633 0.01338383838383838 0.01346801346801347 0.01355218855218855 0.01363636363636364 0.01372053872053872 0.0138047138047138 0.01388888888888889 0.01397306397306397 0.01405723905723906 0.01414141414141414 0.01422558922558922 0.01430976430976431 0.01439393939393939 0.01447811447811448 0.01456228956228956 0.01464646464646465 0.01473063973063973 0.01481481481481482 0.0148989898989899 0.01498316498316498 0.01506734006734007 0.01515151515151515 0.01523569023569024 0.01531986531986532 0.0154040404040404 0.01548821548821549 0.01557239057239057 0.01565656565656566 0.01574074074074074 0.01582491582491583 0.01590909090909091 0.01599326599326599 0.01607744107744108 0.01616161616161616 0.01624579124579124 0.01632996632996633 0.01641414141414141 0.0164983164983165 0.01658249158249158 0.01666666666666667


# name: y
# type: matrix
# rows: 100
# columns: 1
 247204.2736884232
 247582.5211490931
 247942.2639032999
 248283.9660438575
 248608.0916635794
 248915.1048552794
 249205.4697117714
 249479.6503258689
 249738.1107903858
 249981.3151981357
 250209.7276419325
 250423.8122145899
 250624.0330089215
 250810.8541177411
 250984.7396338625
 251146.1536500994
 251295.5602592654
 251433.4235541745
 251560.2076276403
 251676.3765724764
 251782.3944814967
 251878.7254475149
 251965.8335633448
 252044.1829218
 252114.2376156943
 252176.4617378415
 252231.3193810552
 252279.2746381492
 252320.7916019372
 252356.334365233
 252386.3670208503
 252411.3536616029
 252431.7583803044
 252448.0452697686
 252460.6784228093
 252470.1219322401
 252476.8398908749
 252481.2963915273
 252483.9555270111
 252485.28139014
 252485.7380737278
 252485.7896705881
 252485.9002735347
 252486.5339753814
 252488.1548689419
 252491.2270470299
 252496.2146024592
 252503.5816280434
 252513.7922165964
 252527.3104609319
 252544.6004538635
 252566.1262882051
 252592.3520567703
 252623.7418523729
 252660.7597678266
 252703.8698959453
 252753.5363295425
 252810.223161432
 252874.3944844276
 252946.5143913431
 253027.046974992
 253116.4563281883
 253215.2065437455
 253323.7617144775
 253442.585933198
 253572.1432927206
 253712.8978858592
 253865.3138054275
 254029.8551442393
 254206.9859951081
 254397.1704508479
 254600.8726042722
 254818.5565481949
 255050.6863754297
 255297.7261787903
 255560.1400510905
 255838.392085144
 256132.9463737645
 256444.2670097657
 256772.8180859614
 257119.0636951654
 257483.4679301913
 257866.494883853
 258268.608648964
 258690.2733183382
 259131.9529847894
 259594.1117411311
 260077.2136801772
 260581.7228947415
 261108.1034776375
 261656.8195216792
 262228.3351196801
 262823.1143644541
 263441.6213488149
 264084.3201655761
 264751.6749075517
 265444.1496675551
 266162.2085384004
 266906.315612901
 267676.9349838709


# name: QUERY
# type: sq_string
# elements: 1
# length: 2
R1


# name: DATASIZE
# type: sq_string
# elements: 1
# length: 3
750


