# Created by Octave 4.0.0, Mon May 23 11:54:50 2016 CEST <peter@Independence>
# name: x
# type: matrix
# rows: 1
# columns: 100
 0.008333333333333333 0.008417508417508417 0.008501683501683501 0.008585858585858586 0.00867003367003367 0.008754208754208754 0.008838383838383838 0.008922558922558922 0.009006734006734008 0.00909090909090909 0.009175084175084175 0.009259259259259259 0.009343434343434343 0.009427609427609427 0.009511784511784511 0.009595959595959595 0.009680134680134681 0.009764309764309764 0.009848484848484849 0.009932659932659932 0.01001683501683502 0.0101010101010101 0.01018518518518519 0.01026936026936027 0.01035353535353535 0.01043771043771044 0.01052188552188552 0.01060606060606061 0.01069023569023569 0.01077441077441077 0.01085858585858586 0.01094276094276094 0.01102693602693603 0.01111111111111111 0.0111952861952862 0.01127946127946128 0.01136363636363636 0.01144781144781145 0.01153198653198653 0.01161616161616162 0.0117003367003367 0.01178451178451178 0.01186868686868687 0.01195286195286195 0.01203703703703704 0.01212121212121212 0.01220538720538721 0.01228956228956229 0.01237373737373737 0.01245791245791246 0.01254208754208754 0.01262626262626263 0.01271043771043771 0.01279461279461279 0.01287878787878788 0.01296296296296296 0.01304713804713805 0.01313131313131313 0.01321548821548822 0.0132996632996633 0.01338383838383838 0.01346801346801347 0.01355218855218855 0.01363636363636364 0.01372053872053872 0.0138047138047138 0.01388888888888889 0.01397306397306397 0.01405723905723906 0.01414141414141414 0.01422558922558922 0.01430976430976431 0.01439393939393939 0.01447811447811448 0.01456228956228956 0.01464646464646465 0.01473063973063973 0.01481481481481482 0.0148989898989899 0.01498316498316498 0.01506734006734007 0.01515151515151515 0.01523569023569024 0.01531986531986532 0.0154040404040404 0.01548821548821549 0.01557239057239057 0.01565656565656566 0.01574074074074074 0.01582491582491583 0.01590909090909091 0.01599326599326599 0.01607744107744108 0.01616161616161616 0.01624579124579124 0.01632996632996633 0.01641414141414141 0.0164983164983165 0.01658249158249158 0.01666666666666667


# name: y
# type: matrix
# rows: 100
# columns: 1
 246415.1602341549
 246404.9668348978
 246395.9745991904
 246388.0675210279
 246381.1382081022
 246375.0874444262
 246369.8237643554
 246365.2630380086
 246361.3280680852
 246357.9481980822
 246355.0589319076
 246352.6015648936
 246350.5228262062
 246348.7745326539
 246347.3132538942
 246346.0999890382
 246345.0998546529
 246344.2817841621
 246343.6182386451
 246343.0849290331
 246342.6605497047
 246342.3265234779
 246342.0667580018
 246341.8674135453
 246341.7166821841
 246341.6045783856
 246341.5227409926
 246341.4642466042
 246341.4234343549
 246341.3957420925
 246341.3775539528
 246341.3660593337
 246341.3591232661
 246341.3551681841
 246341.3530670922
 246341.352048131
 246341.3516105412
 246341.3514520253
 246341.3514075072
 246341.3513992905
 246341.3513986143
 246341.3513986073
 246341.3513986398
 246341.3514000738
 246341.3514134115
 246341.3514768413
 246341.3516861821
 246341.3522362261
 246341.3534734786
 246341.3559602969
 246341.3605504271
 246341.368475938
 246341.3814455544
 246341.4017543877
 246341.4324050645
 246341.4772402535
 246341.5410865907
 246341.6299100018
 246341.750982424
 246341.9130599242
 246342.1265722169
 246342.4038235789
 246342.7592051629
 246343.2094187086
 246343.773711652
 246344.4741236331
 246345.3357444012
 246346.3869831185
 246347.6598490617
 246349.1902437217
 246351.0182643012
 246353.1885186105
 246355.7504513617
 246358.7586818599
 246362.2733530939
 246366.3604922236
 246371.0923824664
 246376.5479463814
 246382.8131405513
 246389.9813616627
 246398.1538639848
 246407.4401882451
 246417.9586019044
 246429.8365508289
 246443.211122361
 246458.2295197877
 246475.0495482073
 246493.8401117942
 246514.7817224615
 246538.0670199221
 246563.9013031471
 246592.5030732234
 246624.104587608
 246658.9524257818
 246697.3080662998
 246739.4484752413
 246785.6667060563
 246836.2725108113
 246891.5929628322
 246951.9730907463


# name: QUERY
# type: sq_string
# elements: 1
# length: 2
R1


# name: DATASIZE
# type: sq_string
# elements: 1
# length: 3
750


