# Created by Octave 3.8.2, Wed May 18 09:11:15 2016 CEST <Andrea@Andreas-MacBook-Pro.local>
# name: x
# type: matrix
# rows: 1
# columns: 100
 0.008333333333333333 0.008417508417508417 0.008501683501683501 0.008585858585858586 0.00867003367003367 0.008754208754208754 0.008838383838383838 0.008922558922558922 0.009006734006734008 0.00909090909090909 0.009175084175084175 0.009259259259259259 0.009343434343434343 0.009427609427609427 0.009511784511784511 0.009595959595959595 0.009680134680134681 0.009764309764309764 0.009848484848484849 0.009932659932659932 0.01001683501683502 0.0101010101010101 0.01018518518518519 0.01026936026936027 0.01035353535353535 0.01043771043771044 0.01052188552188552 0.01060606060606061 0.01069023569023569 0.01077441077441077 0.01085858585858586 0.01094276094276094 0.01102693602693603 0.01111111111111111 0.0111952861952862 0.01127946127946128 0.01136363636363636 0.01144781144781145 0.01153198653198653 0.01161616161616162 0.0117003367003367 0.01178451178451178 0.01186868686868687 0.01195286195286195 0.01203703703703704 0.01212121212121212 0.01220538720538721 0.01228956228956229 0.01237373737373737 0.01245791245791246 0.01254208754208754 0.01262626262626263 0.01271043771043771 0.01279461279461279 0.01287878787878788 0.01296296296296296 0.01304713804713805 0.01313131313131313 0.01321548821548822 0.0132996632996633 0.01338383838383838 0.01346801346801347 0.01355218855218855 0.01363636363636364 0.01372053872053872 0.0138047138047138 0.01388888888888889 0.01397306397306397 0.01405723905723906 0.01414141414141414 0.01422558922558922 0.01430976430976431 0.01439393939393939 0.01447811447811448 0.01456228956228956 0.01464646464646465 0.01473063973063973 0.01481481481481482 0.0148989898989899 0.01498316498316498 0.01506734006734007 0.01515151515151515 0.01523569023569024 0.01531986531986532 0.0154040404040404 0.01548821548821549 0.01557239057239057 0.01565656565656566 0.01574074074074074 0.01582491582491583 0.01590909090909091 0.01599326599326599 0.01607744107744108 0.01616161616161616 0.01624579124579124 0.01632996632996633 0.01641414141414141 0.0164983164983165 0.01658249158249158 0.01666666666666667


# name: y
# type: matrix
# rows: 100
# columns: 1
 246442.4572154866
 246422.024836899
 246404.0001564476
 246388.1506433986
 246374.2610329282
 246362.132449415
 246351.581552579
 246342.4397064682
 246334.552171292
 246327.7773181014
 246321.9858663168
 246317.0601441026
 246312.8933715888
 246309.3889669401
 246306.4598752714
 246304.0279204112
 246302.0231795114
 246300.3833805044
 246299.0533224078
 246297.9843184748
 246297.1336621937
 246296.4641161324
 246295.9434236316
 246295.5438433443
 246295.2417066221
 246295.0169977498
 246294.8529570257
 246294.7357066895
 246294.6538996979
 246294.5983913463
 246294.5619337382
 246294.5388931014
 246294.5249899514
 246294.5170621022
 246294.5128505232
 246294.5108080445
 246294.5099309083
 246294.5096131676
 246294.5095239323
 246294.5095074622
 246294.5095061068
 246294.5095060928
 246294.5095061579
 246294.5095090323
 246294.5095357674
 246294.5096629106
 246294.5100825284
 246294.5111850758
 246294.5136651132
 246294.5186498698
 246294.5278506549
 246294.5437371159
 246294.5697343428
 246294.6104428209
 246294.6718812298
 246294.7617520897
 246294.8897302547
 246295.0677742534
 246295.3104604764
 246295.635340211
 246296.0633195227
 246296.6190619841
 246297.3314142509
 246298.2338544849
 246299.3649636236
 246300.7689194978
 246302.4960137957
 246304.603191874
 246307.1546154166
 246310.2222479396
 246313.8864631443
 246318.2366761166
 246323.3719973737
 246329.4019097581
 246336.446968178
 246344.6395221957
 246354.1244614627
 246365.0599840012
 246377.6183873342
 246391.9868824608
 246408.3684306806
 246426.9826032632
 246448.0664639664
 246471.8754744004
 246498.6844222401
 246528.7883722829
 246562.5036403557
 246600.1687900667
 246642.1456524066
 246688.8203681948
 246740.6044533741
 246797.9358871516
 246861.2802229876
 246931.1317224304
 247008.0145117995
 247092.4837617146
 247185.1268894729
 247286.5647842721
 247397.4530552821
 247518.4833025625


# name: QUERY
# type: sq_string
# elements: 1
# length: 2
R1


# name: DATASIZE
# type: sq_string
# elements: 1
# length: 3
750


