# Created by Octave 3.8.2, Wed May 18 09:11:15 2016 CEST <Andrea@Andreas-MacBook-Pro.local>
# name: x
# type: matrix
# rows: 1
# columns: 100
 0.008333333333333333 0.008417508417508417 0.008501683501683501 0.008585858585858586 0.00867003367003367 0.008754208754208754 0.008838383838383838 0.008922558922558922 0.009006734006734008 0.00909090909090909 0.009175084175084175 0.009259259259259259 0.009343434343434343 0.009427609427609427 0.009511784511784511 0.009595959595959595 0.009680134680134681 0.009764309764309764 0.009848484848484849 0.009932659932659932 0.01001683501683502 0.0101010101010101 0.01018518518518519 0.01026936026936027 0.01035353535353535 0.01043771043771044 0.01052188552188552 0.01060606060606061 0.01069023569023569 0.01077441077441077 0.01085858585858586 0.01094276094276094 0.01102693602693603 0.01111111111111111 0.0111952861952862 0.01127946127946128 0.01136363636363636 0.01144781144781145 0.01153198653198653 0.01161616161616162 0.0117003367003367 0.01178451178451178 0.01186868686868687 0.01195286195286195 0.01203703703703704 0.01212121212121212 0.01220538720538721 0.01228956228956229 0.01237373737373737 0.01245791245791246 0.01254208754208754 0.01262626262626263 0.01271043771043771 0.01279461279461279 0.01287878787878788 0.01296296296296296 0.01304713804713805 0.01313131313131313 0.01321548821548822 0.0132996632996633 0.01338383838383838 0.01346801346801347 0.01355218855218855 0.01363636363636364 0.01372053872053872 0.0138047138047138 0.01388888888888889 0.01397306397306397 0.01405723905723906 0.01414141414141414 0.01422558922558922 0.01430976430976431 0.01439393939393939 0.01447811447811448 0.01456228956228956 0.01464646464646465 0.01473063973063973 0.01481481481481482 0.0148989898989899 0.01498316498316498 0.01506734006734007 0.01515151515151515 0.01523569023569024 0.01531986531986532 0.0154040404040404 0.01548821548821549 0.01557239057239057 0.01565656565656566 0.01574074074074074 0.01582491582491583 0.01590909090909091 0.01599326599326599 0.01607744107744108 0.01616161616161616 0.01624579124579124 0.01632996632996633 0.01641414141414141 0.0164983164983165 0.01658249158249158 0.01666666666666667


# name: y
# type: matrix
# rows: 100
# columns: 1
 252934.4108248186
 252900.666203438
 252869.3672134053
 252840.3927342135
 252813.6247215993
 252788.9482075432
 252766.2513002695
 252745.4251842464
 252726.3641201857
 252708.9654450431
 252693.129572018
 252678.7599905538
 252665.7632663373
 252654.0490412995
 252643.5300336149
 252634.1220377019
 252625.7439242226
 252618.3176400829
 252611.7682084327
 252606.0237286653
 252601.0153764182
 252596.6774035723
 252592.9471382525
 252589.7649848275
 252587.0744239097
 252584.8220123553
 252582.9573832643
 252581.4332459804
 252580.2053860913
 252579.2326654283
 252578.4770220664
 252577.9034703247
 252577.4801007658
 252577.1780801961
 252576.971651666
 252576.8381344695
 252576.7579241444
 252576.7144924724
 252576.6943874788
 252576.6872334328
 252576.6857308474
 252576.6856564793
 252576.685863329
 252576.688280641
 252576.6979139032
 252576.7228448476
 252576.7742314498
 252576.8663079292
 252577.0163847492
 252577.2448486168
 252577.5751624826
 252578.0338655414
 252578.6505732314
 252579.4579772349
 252580.4918454778
 252581.7910221297
 252583.3974276043
 252585.3560585587
 252587.7149878941
 252590.5253647553
 252593.841414531
 252597.7204388535
 252602.2228155991
 252607.4119988878
 252613.3545190834
 252620.1199827933
 252627.781072869
 252636.4135484055
 252646.0962447418
 252656.9110734606
 252668.9430223884
 252682.2801555953
 252697.0136133955
 252713.2376123467
 252731.0494452507
 252750.5494811527
 252771.841165342
 252795.0310193515
 252820.2286409579
 252847.5467041819
 252877.1009592877
 252909.0102327834
 252943.3964274208
 252980.3845221957
 253020.1025723475
 253062.6817093595
 253108.2561409585
 253156.9631511156
 253208.9431000451
 253264.3394242056
 253323.2986362991
 253385.9703252715
 253452.5071563127
 253523.064870856
 253597.8022865789
 253676.8812974023
 253760.466873491
 253848.7270612539
 253941.8329833431
 254039.9588386551


# name: QUERY
# type: sq_string
# elements: 1
# length: 2
R1


# name: DATASIZE
# type: sq_string
# elements: 1
# length: 3
750


