# Created by Octave 4.0.0, Mon May 23 11:54:50 2016 CEST <peter@Independence>
# name: x
# type: matrix
# rows: 1
# columns: 100
 0.008333333333333333 0.008417508417508417 0.008501683501683501 0.008585858585858586 0.00867003367003367 0.008754208754208754 0.008838383838383838 0.008922558922558922 0.009006734006734008 0.00909090909090909 0.009175084175084175 0.009259259259259259 0.009343434343434343 0.009427609427609427 0.009511784511784511 0.009595959595959595 0.009680134680134681 0.009764309764309764 0.009848484848484849 0.009932659932659932 0.01001683501683502 0.0101010101010101 0.01018518518518519 0.01026936026936027 0.01035353535353535 0.01043771043771044 0.01052188552188552 0.01060606060606061 0.01069023569023569 0.01077441077441077 0.01085858585858586 0.01094276094276094 0.01102693602693603 0.01111111111111111 0.0111952861952862 0.01127946127946128 0.01136363636363636 0.01144781144781145 0.01153198653198653 0.01161616161616162 0.0117003367003367 0.01178451178451178 0.01186868686868687 0.01195286195286195 0.01203703703703704 0.01212121212121212 0.01220538720538721 0.01228956228956229 0.01237373737373737 0.01245791245791246 0.01254208754208754 0.01262626262626263 0.01271043771043771 0.01279461279461279 0.01287878787878788 0.01296296296296296 0.01304713804713805 0.01313131313131313 0.01321548821548822 0.0132996632996633 0.01338383838383838 0.01346801346801347 0.01355218855218855 0.01363636363636364 0.01372053872053872 0.0138047138047138 0.01388888888888889 0.01397306397306397 0.01405723905723906 0.01414141414141414 0.01422558922558922 0.01430976430976431 0.01439393939393939 0.01447811447811448 0.01456228956228956 0.01464646464646465 0.01473063973063973 0.01481481481481482 0.0148989898989899 0.01498316498316498 0.01506734006734007 0.01515151515151515 0.01523569023569024 0.01531986531986532 0.0154040404040404 0.01548821548821549 0.01557239057239057 0.01565656565656566 0.01574074074074074 0.01582491582491583 0.01590909090909091 0.01599326599326599 0.01607744107744108 0.01616161616161616 0.01624579124579124 0.01632996632996633 0.01641414141414141 0.0164983164983165 0.01658249158249158 0.01666666666666667


# name: y
# type: matrix
# rows: 100
# columns: 1
 265877.668424119
 265766.7808294569
 265663.9297800722
 265568.7172640408
 265480.7553782279
 265399.666328288
 265325.0824286655
 265256.646102594
 265194.0098820966
 265136.8364079861
 265084.7984298645
 265037.5788061235
 264994.8705039442
 264956.3765992971
 264921.8102769423
 264890.8948304294
 264863.3636620974
 264838.9602830749
 264817.4383132798
 264798.5614814196
 264782.1036249913
 264767.8486902814
 264755.5907323658
 264745.13391511
 264736.2925111688
 264728.8909019867
 264722.7635777975
 264717.7551376246
 264713.7202892809
 264710.5238493687
 264708.0407432797
 264706.1560051955
 264704.7647780866
 264703.7723137134
 264703.0939726257
 264702.6552241627
 264702.3916464531
 264702.248926415
 264702.1828597564
 264702.1593509743
 264702.1544133553
 264702.1541689756
 264702.1548487009
 264702.1627921863
 264702.1944478764
 264702.2763730053
 264702.4452335965
 264702.7478044631
 264703.2409692077
 264703.9917202222
 264705.0771586882
 264706.5844945767
 264708.6110466481
 264711.2642424525
 264714.6616183292
 264718.9308194073
 264724.2095996051
 264730.6458216305
 264738.397456981
 264747.6325859433
 264758.5293975938
 264771.2761897984
 264786.0713692125
 264803.1234512808
 264822.6510602375
 264844.8829291065
 264870.0578997012
 264898.4249226241
 264930.2430572675
 264965.7814718132
 265005.3194432323
 265049.1463572856
 265097.5617085232
 265150.8751002848
 265209.4062446994
 265273.4849626857
 265343.4511839519
 265419.6549469955
 265502.4563991036
 265592.2257963528
 265689.3435036091
 265794.199994528
 265907.1958515545
 266028.7417659232
 266159.2585376581
 266299.1770755725
 266448.9383972695
 266608.9936291415
 266779.8040063704
 266961.8408729276
 267155.5856815741
 267361.5299938601
 267580.1754801255
 267812.0339194998
 268057.6271999017
 268317.4873180395
 268592.1563794111
 268882.1865983036
 269188.140297794
 269510.5899097483


# name: QUERY
# type: sq_string
# elements: 1
# length: 2
R1


# name: DATASIZE
# type: sq_string
# elements: 1
# length: 3
750


