# Created by Octave 3.8.2, Wed May 18 09:11:15 2016 CEST <Andrea@Andreas-MacBook-Pro.local>
# name: x
# type: matrix
# rows: 1
# columns: 100
 0.008333333333333333 0.008417508417508417 0.008501683501683501 0.008585858585858586 0.00867003367003367 0.008754208754208754 0.008838383838383838 0.008922558922558922 0.009006734006734008 0.00909090909090909 0.009175084175084175 0.009259259259259259 0.009343434343434343 0.009427609427609427 0.009511784511784511 0.009595959595959595 0.009680134680134681 0.009764309764309764 0.009848484848484849 0.009932659932659932 0.01001683501683502 0.0101010101010101 0.01018518518518519 0.01026936026936027 0.01035353535353535 0.01043771043771044 0.01052188552188552 0.01060606060606061 0.01069023569023569 0.01077441077441077 0.01085858585858586 0.01094276094276094 0.01102693602693603 0.01111111111111111 0.0111952861952862 0.01127946127946128 0.01136363636363636 0.01144781144781145 0.01153198653198653 0.01161616161616162 0.0117003367003367 0.01178451178451178 0.01186868686868687 0.01195286195286195 0.01203703703703704 0.01212121212121212 0.01220538720538721 0.01228956228956229 0.01237373737373737 0.01245791245791246 0.01254208754208754 0.01262626262626263 0.01271043771043771 0.01279461279461279 0.01287878787878788 0.01296296296296296 0.01304713804713805 0.01313131313131313 0.01321548821548822 0.0132996632996633 0.01338383838383838 0.01346801346801347 0.01355218855218855 0.01363636363636364 0.01372053872053872 0.0138047138047138 0.01388888888888889 0.01397306397306397 0.01405723905723906 0.01414141414141414 0.01422558922558922 0.01430976430976431 0.01439393939393939 0.01447811447811448 0.01456228956228956 0.01464646464646465 0.01473063973063973 0.01481481481481482 0.0148989898989899 0.01498316498316498 0.01506734006734007 0.01515151515151515 0.01523569023569024 0.01531986531986532 0.0154040404040404 0.01548821548821549 0.01557239057239057 0.01565656565656566 0.01574074074074074 0.01582491582491583 0.01590909090909091 0.01599326599326599 0.01607744107744108 0.01616161616161616 0.01624579124579124 0.01632996632996633 0.01641414141414141 0.0164983164983165 0.01658249158249158 0.01666666666666667


# name: y
# type: matrix
# rows: 1
# columns: 100
 232113.8853166645 232730.457274245 233347.0292318254 233963.6011894059 234580.1731469864 235196.7451045669 235813.3170621473 236429.8890197278 237046.4609773083 237663.0329348887 238279.6048924692 238896.1768500497 239512.7488076302 240129.3207652106 240745.8927227911 241362.4646803716 241979.036637952 242595.6085955325 243212.180553113 243828.7525106934 244445.3244682739 245061.8964258544 245678.4683834349 246295.0403410153 246911.6122985958 247528.1842561763 248144.7562137567 248761.3281713372 249377.9001289177 249994.4720864982 250611.0440440786 251227.6160016591 251844.1879592396 252460.75991682 253077.3318744005 253693.903831981 254310.4757895615 254927.0477471419 255543.6197047224 256160.1916623029 256776.7636198834 257393.3355774638 258009.9075350443 258626.4794926248 259243.0514502052 259859.6234077857 260476.1953653662 261092.7673229467 261709.3392805271 262325.9112381076 262942.4831956881 263559.0551532685 264175.627110849 264792.1990684295 265408.7710260099 266025.3429835904 266641.9149411709 267258.4868987513 267875.0588563319 268491.6308139123 269108.2027714928 269724.7747290732 270341.3466866537 270957.9186442342 271574.4906018146 272191.0625593952 272807.6345169756 273424.2064745561 274040.7784321365 274657.350389717 275273.9223472975 275890.4943048779 276507.0662624585 277123.6382200389 277740.2101776194 278356.7821351999 278973.3540927803 279589.9260503608 280206.4980079413 280823.0699655217 281439.6419231022 282056.2138806827 282672.7858382632 283289.3577958436 283905.9297534241 284522.5017110046 285139.073668585 285755.6456261655 286372.217583746 286988.7895413265 287605.3614989069 288221.9334564874 288838.5054140679 289455.0773716483 290071.6493292288 290688.2212868093 291304.7932443898 291921.3652019702 292537.9371595507 293154.5091171312


# name: QUERY
# type: sq_string
# elements: 1
# length: 2
R1


# name: DATASIZE
# type: sq_string
# elements: 1
# length: 3
750


