# Created by Octave 3.8.2, Wed May 18 18:01:00 2016 CEST <Andrea@Andreas-MacBook-Pro.local>
# name: x
# type: matrix
# rows: 1
# columns: 100
 0.008333333333333333 0.008417508417508417 0.008501683501683501 0.008585858585858586 0.00867003367003367 0.008754208754208754 0.008838383838383838 0.008922558922558922 0.009006734006734006 0.00909090909090909 0.009175084175084175 0.009259259259259259 0.009343434343434343 0.009427609427609427 0.009511784511784511 0.009595959595959595 0.009680134680134679 0.009764309764309764 0.009848484848484848 0.009932659932659932 0.01001683501683502 0.0101010101010101 0.01018518518518518 0.01026936026936027 0.01035353535353535 0.01043771043771044 0.01052188552188552 0.0106060606060606 0.01069023569023569 0.01077441077441077 0.01085858585858586 0.01094276094276094 0.01102693602693603 0.01111111111111111 0.0111952861952862 0.01127946127946128 0.01136363636363636 0.01144781144781145 0.01153198653198653 0.01161616161616162 0.0117003367003367 0.01178451178451178 0.01186868686868687 0.01195286195286195 0.01203703703703704 0.01212121212121212 0.01220538720538721 0.01228956228956229 0.01237373737373737 0.01245791245791246 0.01254208754208754 0.01262626262626263 0.01271043771043771 0.01279461279461279 0.01287878787878788 0.01296296296296296 0.01304713804713805 0.01313131313131313 0.01321548821548822 0.0132996632996633 0.01338383838383838 0.01346801346801347 0.01355218855218855 0.01363636363636364 0.01372053872053872 0.0138047138047138 0.01388888888888889 0.01397306397306397 0.01405723905723906 0.01414141414141414 0.01422558922558922 0.01430976430976431 0.01439393939393939 0.01447811447811448 0.01456228956228956 0.01464646464646465 0.01473063973063973 0.01481481481481481 0.0148989898989899 0.01498316498316498 0.01506734006734007 0.01515151515151515 0.01523569023569023 0.01531986531986532 0.0154040404040404 0.01548821548821549 0.01557239057239057 0.01565656565656566 0.01574074074074074 0.01582491582491583 0.01590909090909091 0.01599326599326599 0.01607744107744108 0.01616161616161616 0.01624579124579124 0.01632996632996633 0.01641414141414142 0.0164983164983165 0.01658249158249158 0.01666666666666667


# name: y
# type: matrix
# rows: 100
# columns: 1
 2853442.939536837
 2853955.381124045
 2852251.552225096
 2848272.778966782
 2841968.181982935
 2833295.167842359
 2822219.884178208
 2808717.634132675
 2792773.245901943
 2774381.39338087
 2753546.864164545
 2730284.771464108
 2704620.70683606
 2676590.831006143
 2646241.900488587
 2613631.228156734
 2578826.576408436
 2541905.98208579
 2502957.512849494
 2462078.955268941
 2419377.43546502
 2374968.973728161
 2328977.975123682
 2281536.658683898
 2232784.428365593
 2182867.189515783
 2131936.615131869
 2080149.366717709
 2027666.275018507
 1974651.486358462
 1921271.580700036
 1867694.667886741
 1814089.468817615
 1760624.388526354
 1707466.588297561
 1654781.06404345
 1602729.738184249
 1551470.572222773
 1501156.707077485
 1451935.638038937
 1403948.430942931
 1357328.98581201
 1312203.353808017
 1268689.112866227
 1226894.806850703
 1186919.452486697
 1148852.117695275
 1112771.574284932
 1078746.027252453
 1046832.922218471
 1017078.831780784
 989519.4208190524
 964179.4900367759
 941073.0962895281
 920203.7475307137
 901564.6695163609
 885139.1407566225
 870900.8915914241
 858814.5627081478
 848836.2179166243
 840913.9055567303
 834988.2625411175
 830993.1547339516
 828856.3471386915
 828500.1972158229
 829842.3645757415
 832796.5302924752
 837273.119159349
 843180.0183558271
 850423.2862123558
 858907.8450431084
 868538.1523602076
 879218.8451816428
 890855.352592614
 903354.4722095549
 916624.9067206077
 930577.7572282808
 945126.9706918581
 960189.7393510741
 975686.8506010636
 991542.9863739496
 1007686.971657602
 1024051.972340009
 1040575.643102009
 1057200.226585857
 1073872.605536948
 1090544.310046309
 1107171.48240823
 1123714.802447438
 1140139.376461025
 1156414.59316023
 1172513.950185242
 1188414.854902228
 1204098.403276329
 1219549.140648686
 1234754.808231482
 1249706.079074997
 1264396.287157752
 1278821.153108442
 1292978.509890321


# name: QUERY
# type: sq_string
# elements: 1
# length: 2
R4


# name: DATASIZE
# type: sq_string
# elements: 1
# length: 4
1000


