# Created by Octave 4.0.0, Mon May 23 13:38:08 2016 CEST <peter@Independence>
# name: x
# type: matrix
# rows: 1
# columns: 100
 0.008333333333333333 0.008417508417508417 0.008501683501683501 0.008585858585858586 0.00867003367003367 0.008754208754208754 0.008838383838383838 0.008922558922558922 0.009006734006734006 0.00909090909090909 0.009175084175084175 0.009259259259259259 0.009343434343434343 0.009427609427609427 0.009511784511784513 0.009595959595959595 0.009680134680134681 0.009764309764309764 0.009848484848484849 0.009932659932659932 0.01001683501683502 0.0101010101010101 0.01018518518518518 0.01026936026936027 0.01035353535353535 0.01043771043771044 0.01052188552188552 0.0106060606060606 0.01069023569023569 0.01077441077441077 0.01085858585858586 0.01094276094276094 0.01102693602693603 0.01111111111111111 0.0111952861952862 0.01127946127946128 0.01136363636363636 0.01144781144781145 0.01153198653198653 0.01161616161616162 0.0117003367003367 0.01178451178451178 0.01186868686868687 0.01195286195286195 0.01203703703703704 0.01212121212121212 0.01220538720538721 0.01228956228956229 0.01237373737373737 0.01245791245791246 0.01254208754208754 0.01262626262626263 0.01271043771043771 0.01279461279461279 0.01287878787878788 0.01296296296296296 0.01304713804713805 0.01313131313131313 0.01321548821548822 0.0132996632996633 0.01338383838383838 0.01346801346801347 0.01355218855218855 0.01363636363636364 0.01372053872053872 0.0138047138047138 0.01388888888888889 0.01397306397306397 0.01405723905723906 0.01414141414141414 0.01422558922558922 0.01430976430976431 0.01439393939393939 0.01447811447811448 0.01456228956228956 0.01464646464646465 0.01473063973063973 0.01481481481481482 0.0148989898989899 0.01498316498316498 0.01506734006734007 0.01515151515151515 0.01523569023569024 0.01531986531986532 0.0154040404040404 0.01548821548821549 0.01557239057239057 0.01565656565656566 0.01574074074074074 0.01582491582491583 0.01590909090909091 0.01599326599326599 0.01607744107744108 0.01616161616161616 0.01624579124579124 0.01632996632996633 0.01641414141414141 0.0164983164983165 0.01658249158249158 0.01666666666666667


# name: y
# type: matrix
# rows: 100
# columns: 1
 2800124.927519847
 2798259.374074741
 2794214.464652285
 2787945.720629917
 2779416.68954091
 2768599.332665331
 2755474.37209481
 2740031.593872641
 2722270.104039368
 2702198.534673656
 2679835.197308151
 2655208.181418893
 2628355.396033333
 2599324.552874243
 2568173.089852917
 2534968.034142604
 2499785.804499486
 2462711.952950843
 2423840.846434968
 2383275.289451533
 2341126.08926047
 2297511.565648173
 2252557.007757427
 2206394.080947567
 2159160.187109291
 2110997.782299432
 2062053.655980083
 2012478.176538873
 1962424.5081281
 1912047.804185173
 1861504.383280925
 1810950.893181508
 1760543.469200047
 1710436.893052248
 1660783.758512978
 1611733.650195763
 1563432.341742353
 1516021.019613819
 1469635.538517394
 1424405.714284746
 1380454.659738556
 1337898.168746744
 1296844.153270267
 1257392.137764014
 1219632.814795396
 1183647.665206243
 1149508.645566157
 1117277.945055554
 1087007.813280839
 1058740.459869499
 1032508.026026835
 1008332.627566155
 986226.468258398
 966192.0216931353
 948222.2792085479
 932301.0608407707
 918403.3856703584
 906495.8974122832
 896537.3406122774
 888479.0823821566
 882265.6742350573
 877835.4482725541
 875121.1417327814
 874050.543734502
 874547.1579481103
 876530.8748914726
 879918.6475859769
 884625.1644148597
 890563.5131996784
 897645.8307485327
 905783.9324274508
 914889.9166595273
 924876.7396595691
 935658.7561591853
 947152.2223620196
 959275.7578842078
 971950.7639740923
 985101.7958602903
 998656.8876410732
 1012547.828693227
 1026710.391137969
 1041084.508448117
 1055614.405807899
 1070248.683338506
 1084940.353772912
 1099646.83659777
 1114329.911073785
 1128955.630895249
 1143494.20355147
 1157919.837705306
 1172210.562105657
 1186348.019700756
 1200317.240717544
 1214106.398520152
 1227706.552058906
 1241111.378672535
 1254316.900912967
 1267321.210927558
 1280124.195761357
 1292727.266736157


# name: QUERY
# type: sq_string
# elements: 1
# length: 2
R4


# name: DATASIZE
# type: sq_string
# elements: 1
# length: 4
1000


