# Created by Octave 4.0.0, Mon May 23 13:38:08 2016 CEST <peter@Independence>
# name: x
# type: matrix
# rows: 1
# columns: 100
 0.008333333333333333 0.008417508417508417 0.008501683501683501 0.008585858585858586 0.00867003367003367 0.008754208754208754 0.008838383838383838 0.008922558922558922 0.009006734006734006 0.00909090909090909 0.009175084175084175 0.009259259259259259 0.009343434343434343 0.009427609427609427 0.009511784511784513 0.009595959595959595 0.009680134680134681 0.009764309764309764 0.009848484848484849 0.009932659932659932 0.01001683501683502 0.0101010101010101 0.01018518518518518 0.01026936026936027 0.01035353535353535 0.01043771043771044 0.01052188552188552 0.0106060606060606 0.01069023569023569 0.01077441077441077 0.01085858585858586 0.01094276094276094 0.01102693602693603 0.01111111111111111 0.0111952861952862 0.01127946127946128 0.01136363636363636 0.01144781144781145 0.01153198653198653 0.01161616161616162 0.0117003367003367 0.01178451178451178 0.01186868686868687 0.01195286195286195 0.01203703703703704 0.01212121212121212 0.01220538720538721 0.01228956228956229 0.01237373737373737 0.01245791245791246 0.01254208754208754 0.01262626262626263 0.01271043771043771 0.01279461279461279 0.01287878787878788 0.01296296296296296 0.01304713804713805 0.01313131313131313 0.01321548821548822 0.0132996632996633 0.01338383838383838 0.01346801346801347 0.01355218855218855 0.01363636363636364 0.01372053872053872 0.0138047138047138 0.01388888888888889 0.01397306397306397 0.01405723905723906 0.01414141414141414 0.01422558922558922 0.01430976430976431 0.01439393939393939 0.01447811447811448 0.01456228956228956 0.01464646464646465 0.01473063973063973 0.01481481481481482 0.0148989898989899 0.01498316498316498 0.01506734006734007 0.01515151515151515 0.01523569023569024 0.01531986531986532 0.0154040404040404 0.01548821548821549 0.01557239057239057 0.01565656565656566 0.01574074074074074 0.01582491582491583 0.01590909090909091 0.01599326599326599 0.01607744107744108 0.01616161616161616 0.01624579124579124 0.01632996632996633 0.01641414141414141 0.0164983164983165 0.01658249158249158 0.01666666666666667


# name: y
# type: matrix
# rows: 1
# columns: 100
 2466247.296935855 2451275.560522001 2436303.824108147 2421332.087694293 2406360.351280439 2391388.614866585 2376416.878452731 2361445.142038877 2346473.405625023 2331501.669211169 2316529.932797315 2301558.196383461 2286586.459969607 2271614.723555753 2256642.987141899 2241671.250728046 2226699.514314191 2211727.777900337 2196756.041486484 2181784.30507263 2166812.568658776 2151840.832244921 2136869.095831068 2121897.359417214 2106925.62300336 2091953.886589506 2076982.150175652 2062010.413761798 2047038.677347944 2032066.94093409 2017095.204520236 2002123.468106382 1987151.731692528 1972179.995278674 1957208.25886482 1942236.522450966 1927264.786037112 1912293.049623258 1897321.313209404 1882349.57679555 1867377.840381696 1852406.103967842 1837434.367553988 1822462.631140135 1807490.894726281 1792519.158312427 1777547.421898573 1762575.685484719 1747603.949070865 1732632.212657011 1717660.476243157 1702688.739829303 1687717.003415449 1672745.267001595 1657773.530587741 1642801.794173887 1627830.057760033 1612858.321346179 1597886.584932325 1582914.848518471 1567943.112104617 1552971.375690763 1537999.639276909 1523027.902863055 1508056.166449201 1493084.430035347 1478112.693621493 1463140.957207639 1448169.220793786 1433197.484379932 1418225.747966078 1403254.011552224 1388282.27513837 1373310.538724516 1358338.802310662 1343367.065896808 1328395.329482954 1313423.5930691 1298451.856655246 1283480.120241392 1268508.383827538 1253536.647413684 1238564.91099983 1223593.174585976 1208621.438172122 1193649.701758268 1178677.965344414 1163706.22893056 1148734.492516706 1133762.756102852 1118791.019688998 1103819.283275144 1088847.54686129 1073875.810447436 1058904.074033582 1043932.337619729 1028960.601205875 1013988.864792021 999017.1283781666 984045.3919643126


# name: QUERY
# type: sq_string
# elements: 1
# length: 2
R4


# name: DATASIZE
# type: sq_string
# elements: 1
# length: 4
1000


