# Created by Octave 3.8.2, Wed May 18 18:01:00 2016 CEST <Andrea@Andreas-MacBook-Pro.local>
# name: x
# type: matrix
# rows: 1
# columns: 100
 0.008333333333333333 0.008417508417508417 0.008501683501683501 0.008585858585858586 0.00867003367003367 0.008754208754208754 0.008838383838383838 0.008922558922558922 0.009006734006734006 0.00909090909090909 0.009175084175084175 0.009259259259259259 0.009343434343434343 0.009427609427609427 0.009511784511784511 0.009595959595959595 0.009680134680134679 0.009764309764309764 0.009848484848484848 0.009932659932659932 0.01001683501683502 0.0101010101010101 0.01018518518518518 0.01026936026936027 0.01035353535353535 0.01043771043771044 0.01052188552188552 0.0106060606060606 0.01069023569023569 0.01077441077441077 0.01085858585858586 0.01094276094276094 0.01102693602693603 0.01111111111111111 0.0111952861952862 0.01127946127946128 0.01136363636363636 0.01144781144781145 0.01153198653198653 0.01161616161616162 0.0117003367003367 0.01178451178451178 0.01186868686868687 0.01195286195286195 0.01203703703703704 0.01212121212121212 0.01220538720538721 0.01228956228956229 0.01237373737373737 0.01245791245791246 0.01254208754208754 0.01262626262626263 0.01271043771043771 0.01279461279461279 0.01287878787878788 0.01296296296296296 0.01304713804713805 0.01313131313131313 0.01321548821548822 0.0132996632996633 0.01338383838383838 0.01346801346801347 0.01355218855218855 0.01363636363636364 0.01372053872053872 0.0138047138047138 0.01388888888888889 0.01397306397306397 0.01405723905723906 0.01414141414141414 0.01422558922558922 0.01430976430976431 0.01439393939393939 0.01447811447811448 0.01456228956228956 0.01464646464646465 0.01473063973063973 0.01481481481481481 0.0148989898989899 0.01498316498316498 0.01506734006734007 0.01515151515151515 0.01523569023569023 0.01531986531986532 0.0154040404040404 0.01548821548821549 0.01557239057239057 0.01565656565656566 0.01574074074074074 0.01582491582491583 0.01590909090909091 0.01599326599326599 0.01607744107744108 0.01616161616161616 0.01624579124579124 0.01632996632996633 0.01641414141414142 0.0164983164983165 0.01658249158249158 0.01666666666666667


# name: y
# type: matrix
# rows: 1
# columns: 100
 2460665.954507933 2446179.790831511 2431693.627155089 2417207.463478667 2402721.299802245 2388235.136125823 2373748.9724494 2359262.808772978 2344776.645096556 2330290.481420134 2315804.317743712 2301318.15406729 2286831.990390867 2272345.826714445 2257859.663038023 2243373.499361601 2228887.335685179 2214401.172008757 2199915.008332334 2185428.844655912 2170942.68097949 2156456.517303068 2141970.353626646 2127484.189950224 2112998.026273802 2098511.86259738 2084025.698920958 2069539.535244535 2055053.371568113 2040567.207891691 2026081.044215269 2011594.880538847 1997108.716862425 1982622.553186003 1968136.38950958 1953650.225833158 1939164.062156736 1924677.898480314 1910191.734803892 1895705.57112747 1881219.407451048 1866733.243774625 1852247.080098203 1837760.916421781 1823274.752745359 1808788.589068937 1794302.425392515 1779816.261716093 1765330.098039671 1750843.934363249 1736357.770686826 1721871.607010404 1707385.443333982 1692899.27965756 1678413.115981138 1663926.952304716 1649440.788628293 1634954.624951871 1620468.461275449 1605982.297599027 1591496.133922605 1577009.970246183 1562523.806569761 1548037.642893339 1533551.479216916 1519065.315540494 1504579.151864072 1490092.98818765 1475606.824511228 1461120.660834806 1446634.497158383 1432148.333481961 1417662.169805539 1403176.006129117 1388689.842452695 1374203.678776273 1359717.515099851 1345231.351423429 1330745.187747006 1316259.024070584 1301772.860394162 1287286.69671774 1272800.533041318 1258314.369364896 1243828.205688474 1229342.042012051 1214855.878335629 1200369.714659207 1185883.550982785 1171397.387306363 1156911.223629941 1142425.059953519 1127938.896277097 1113452.732600674 1098966.568924252 1084480.40524783 1069994.241571408 1055508.077894986 1041021.914218564 1026535.750542141


# name: QUERY
# type: sq_string
# elements: 1
# length: 2
R4


# name: DATASIZE
# type: sq_string
# elements: 1
# length: 4
1000


