# Created by Octave 3.8.2, Wed May 18 18:01:00 2016 CEST <Andrea@Andreas-MacBook-Pro.local>
# name: x
# type: matrix
# rows: 1
# columns: 100
 0.008333333333333333 0.008417508417508417 0.008501683501683501 0.008585858585858586 0.00867003367003367 0.008754208754208754 0.008838383838383838 0.008922558922558922 0.009006734006734006 0.00909090909090909 0.009175084175084175 0.009259259259259259 0.009343434343434343 0.009427609427609427 0.009511784511784511 0.009595959595959595 0.009680134680134679 0.009764309764309764 0.009848484848484848 0.009932659932659932 0.01001683501683502 0.0101010101010101 0.01018518518518518 0.01026936026936027 0.01035353535353535 0.01043771043771044 0.01052188552188552 0.0106060606060606 0.01069023569023569 0.01077441077441077 0.01085858585858586 0.01094276094276094 0.01102693602693603 0.01111111111111111 0.0111952861952862 0.01127946127946128 0.01136363636363636 0.01144781144781145 0.01153198653198653 0.01161616161616162 0.0117003367003367 0.01178451178451178 0.01186868686868687 0.01195286195286195 0.01203703703703704 0.01212121212121212 0.01220538720538721 0.01228956228956229 0.01237373737373737 0.01245791245791246 0.01254208754208754 0.01262626262626263 0.01271043771043771 0.01279461279461279 0.01287878787878788 0.01296296296296296 0.01304713804713805 0.01313131313131313 0.01321548821548822 0.0132996632996633 0.01338383838383838 0.01346801346801347 0.01355218855218855 0.01363636363636364 0.01372053872053872 0.0138047138047138 0.01388888888888889 0.01397306397306397 0.01405723905723906 0.01414141414141414 0.01422558922558922 0.01430976430976431 0.01439393939393939 0.01447811447811448 0.01456228956228956 0.01464646464646465 0.01473063973063973 0.01481481481481481 0.0148989898989899 0.01498316498316498 0.01506734006734007 0.01515151515151515 0.01523569023569023 0.01531986531986532 0.0154040404040404 0.01548821548821549 0.01557239057239057 0.01565656565656566 0.01574074074074074 0.01582491582491583 0.01590909090909091 0.01599326599326599 0.01607744107744108 0.01616161616161616 0.01624579124579124 0.01632996632996633 0.01641414141414142 0.0164983164983165 0.01658249158249158 0.01666666666666667


# name: y
# type: matrix
# rows: 100
# columns: 1
 2539850.349098959
 2526008.997862443
 2512167.646625928
 2498326.295389413
 2484484.944152898
 2470643.592916381
 2456802.241679867
 2442960.890443351
 2429119.539206836
 2415278.18797032
 2401436.836733804
 2387595.48549729
 2373754.134260774
 2359912.783024257
 2346071.431787743
 2332230.080551227
 2318388.729314712
 2304547.378078196
 2290706.026841681
 2276864.675605166
 2263023.32436865
 2249181.973132134
 2235340.621895619
 2221499.270659104
 2207657.919422588
 2193816.568186072
 2179975.216949557
 2166133.865713041
 2152292.514476527
 2138451.163240011
 2124609.812003496
 2110768.46076698
 2096927.109530465
 2083085.758293949
 2069244.407057434
 2055403.055820918
 2041561.704584403
 2027720.353347888
 2013879.002111372
 2000037.650874856
 1986196.299638341
 1972354.948401826
 1958513.59716531
 1944672.245928795
 1930830.894692279
 1916989.543455764
 1903148.192219248
 1889306.840982733
 1875465.489746217
 1861624.138509702
 1847782.787273186
 1833941.436036671
 1820100.084800155
 1806258.73356364
 1792417.382327125
 1778576.031090609
 1764734.679854094
 1750893.328617578
 1737051.977381063
 1723210.626144547
 1709369.274908032
 1695527.923671517
 1681686.572435
 1667845.221198486
 1654003.86996197
 1640162.518725455
 1626321.16748894
 1612479.816252424
 1598638.465015908
 1584797.113779393
 1570955.762542877
 1557114.411306362
 1543273.060069847
 1529431.708833332
 1515590.357596815
 1501749.0063603
 1487907.655123785
 1474066.303887269
 1460224.952650754
 1446383.601414239
 1432542.250177723
 1418700.898941208
 1404859.547704692
 1391018.196468177
 1377176.845231662
 1363335.493995145
 1349494.14275863
 1335652.791522115
 1321811.4402856
 1307970.089049084
 1294128.737812569
 1280287.386576054
 1266446.035339538
 1252604.684103022
 1238763.332866507
 1224921.981629992
 1211080.630393476
 1197239.279156959
 1183397.927920444
 1169556.57668393


# name: QUERY
# type: sq_string
# elements: 1
# length: 2
R4


# name: DATASIZE
# type: sq_string
# elements: 1
# length: 4
1000


