# Created by Octave 4.0.0, Mon May 23 13:38:08 2016 CEST <peter@Independence>
# name: x
# type: matrix
# rows: 1
# columns: 100
 0.008333333333333333 0.008417508417508417 0.008501683501683501 0.008585858585858586 0.00867003367003367 0.008754208754208754 0.008838383838383838 0.008922558922558922 0.009006734006734006 0.00909090909090909 0.009175084175084175 0.009259259259259259 0.009343434343434343 0.009427609427609427 0.009511784511784513 0.009595959595959595 0.009680134680134681 0.009764309764309764 0.009848484848484849 0.009932659932659932 0.01001683501683502 0.0101010101010101 0.01018518518518518 0.01026936026936027 0.01035353535353535 0.01043771043771044 0.01052188552188552 0.0106060606060606 0.01069023569023569 0.01077441077441077 0.01085858585858586 0.01094276094276094 0.01102693602693603 0.01111111111111111 0.0111952861952862 0.01127946127946128 0.01136363636363636 0.01144781144781145 0.01153198653198653 0.01161616161616162 0.0117003367003367 0.01178451178451178 0.01186868686868687 0.01195286195286195 0.01203703703703704 0.01212121212121212 0.01220538720538721 0.01228956228956229 0.01237373737373737 0.01245791245791246 0.01254208754208754 0.01262626262626263 0.01271043771043771 0.01279461279461279 0.01287878787878788 0.01296296296296296 0.01304713804713805 0.01313131313131313 0.01321548821548822 0.0132996632996633 0.01338383838383838 0.01346801346801347 0.01355218855218855 0.01363636363636364 0.01372053872053872 0.0138047138047138 0.01388888888888889 0.01397306397306397 0.01405723905723906 0.01414141414141414 0.01422558922558922 0.01430976430976431 0.01439393939393939 0.01447811447811448 0.01456228956228956 0.01464646464646465 0.01473063973063973 0.01481481481481482 0.0148989898989899 0.01498316498316498 0.01506734006734007 0.01515151515151515 0.01523569023569024 0.01531986531986532 0.0154040404040404 0.01548821548821549 0.01557239057239057 0.01565656565656566 0.01574074074074074 0.01582491582491583 0.01590909090909091 0.01599326599326599 0.01607744107744108 0.01616161616161616 0.01624579124579124 0.01632996632996633 0.01641414141414141 0.0164983164983165 0.01658249158249158 0.01666666666666667


# name: y
# type: matrix
# rows: 100
# columns: 1
 2402947.816256655
 2386708.668986783
 2370469.521716911
 2354230.374447039
 2337991.227177167
 2321752.079907295
 2305512.932637423
 2289273.785367551
 2273034.638097678
 2256795.490827806
 2240556.343557934
 2224317.196288062
 2208078.04901819
 2191838.901748318
 2175599.754478446
 2159360.607208574
 2143121.459938701
 2126882.312668829
 2110643.165398957
 2094404.018129085
 2078164.870859213
 2061925.723589341
 2045686.576319469
 2029447.429049597
 2013208.281779724
 1996969.134509853
 1980729.98723998
 1964490.839970108
 1948251.692700236
 1932012.545430364
 1915773.398160492
 1899534.25089062
 1883295.103620748
 1867055.956350875
 1850816.809081003
 1834577.661811131
 1818338.514541259
 1802099.367271387
 1785860.220001515
 1769621.072731643
 1753381.925461771
 1737142.778191898
 1720903.630922026
 1704664.483652154
 1688425.336382282
 1672186.18911241
 1655947.041842538
 1639707.894572666
 1623468.747302794
 1607229.600032921
 1590990.452763049
 1574751.305493177
 1558512.158223305
 1542273.010953433
 1526033.863683561
 1509794.716413689
 1493555.569143817
 1477316.421873944
 1461077.274604072
 1444838.1273342
 1428598.980064328
 1412359.832794456
 1396120.685524584
 1379881.538254712
 1363642.39098484
 1347403.243714968
 1331164.096445095
 1314924.949175223
 1298685.801905351
 1282446.654635479
 1266207.507365607
 1249968.360095735
 1233729.212825863
 1217490.065555991
 1201250.918286118
 1185011.771016246
 1168772.623746375
 1152533.476476502
 1136294.32920663
 1120055.181936758
 1103816.034666886
 1087576.887397014
 1071337.740127141
 1055098.592857269
 1038859.445587398
 1022620.298317525
 1006381.151047653
 990142.0037777807
 973902.8565079088
 957663.7092380363
 941424.5619681645
 925185.4146982924
 908946.2674284206
 892707.120158548
 876467.9728886758
 860228.8256188041
 843989.6783489318
 827750.5310790598
 811511.3838091876
 795272.236539315


# name: QUERY
# type: sq_string
# elements: 1
# length: 2
R4


# name: DATASIZE
# type: sq_string
# elements: 1
# length: 4
1000


