# Created by Octave 3.8.2, Wed May 18 18:01:00 2016 CEST <Andrea@Andreas-MacBook-Pro.local>
# name: SVs
# type: cell
# rows: 1
# columns: 7
# name: <cell-element>
# type: sparse matrix
# nnz: 39
# rows: 39
# columns: 1
1 1 -1.137928860036294
2 1 -1.137928860036294
3 1 0.1831959774671458
4 1 0.1831959774671458
5 1 0.1831959774671458
6 1 -1.137928860036294
7 1 -0.6094789250349182
8 1 0.1831959774671458
9 1 -0.6094789250349182
10 1 -1.137928860036294
11 1 -1.137928860036294
12 1 0.1831959774671458
13 1 -0.6094789250349182
14 1 0.1831959774671458
15 1 0.1831959774671458
16 1 -1.137928860036294
17 1 -1.137928860036294
18 1 -0.6094789250349182
19 1 0.1831959774671458
20 1 1.504320814970585
21 1 -0.6094789250349182
22 1 -0.6094789250349182
23 1 1.504320814970585
24 1 -0.6094789250349182
25 1 0.1831959774671458
26 1 1.504320814970585
27 1 0.1831959774671458
28 1 -1.137928860036294
29 1 1.504320814970585
30 1 -0.6094789250349182
31 1 -0.6094789250349182
32 1 1.504320814970585
33 1 0.1831959774671458
34 1 0.1831959774671458
35 1 -0.6094789250349182
36 1 1.504320814970585
37 1 0.1831959774671458
38 1 0.1831959774671458
39 1 -1.137928860036294



# name: <cell-element>
# type: sparse matrix
# nnz: 0
# rows: 0
# columns: 1



# name: <cell-element>
# type: sparse matrix
# nnz: 8
# rows: 8
# columns: 1
1 1 0.1831959774671458
2 1 0.1831959774671458
3 1 -1.137928860036294
4 1 -1.137928860036294
5 1 0.1831959774671458
6 1 1.504320814970585
7 1 0.1831959774671458
8 1 -1.137928860036294



# name: <cell-element>
# type: sparse matrix
# nnz: 0
# rows: 0
# columns: 1



# name: <cell-element>
# type: sparse matrix
# nnz: 0
# rows: 0
# columns: 1



# name: <cell-element>
# type: sparse matrix
# nnz: 23
# rows: 23
# columns: 1
1 1 -1.137928860036294
2 1 0.1831959774671458
3 1 -1.137928860036294
4 1 -0.6094789250349182
5 1 -0.6094789250349182
6 1 -1.137928860036294
7 1 -1.137928860036294
8 1 -0.6094789250349182
9 1 -0.6094789250349182
10 1 1.504320814970585
11 1 0.1831959774671458
12 1 1.504320814970585
13 1 -1.137928860036294
14 1 1.504320814970585
15 1 -0.6094789250349182
16 1 1.504320814970585
17 1 -0.6094789250349182
18 1 1.504320814970585
19 1 -0.6094789250349182
20 1 -1.137928860036294
21 1 -0.6094789250349182
22 1 -0.6094789250349182
23 1 -1.137928860036294



# name: <cell-element>
# type: scalar
0





# name: coefficients
# type: cell
# rows: 1
# columns: 7
# name: <cell-element>
# type: matrix
# rows: 39
# columns: 1
 -0.35789
 0.35789
 -0.35789
 -0.35789
 -0.35789
 -0.35789
 0.35789
 -0.35789
 0.3020611770640373
 0.35789
 0.35789
 -0.35789
 0.35789
 -0.35789
 -0.35789
 0.35789
 -0.35789
 0.35789
 -0.35789
 0.35789
 0.35789
 0.35789
 0.35789
 0.35789
 -0.35789
 0.35789
 -0.35789
 0.35789
 0.35789
 -0.35789
 -0.35789
 0.05582882293596269
 -0.35789
 -0.35789
 0.35789
 0.35789
 -0.35789
 -0.35789
 0.35789



# name: <cell-element>
# type: matrix
# rows: 0
# columns: 1



# name: <cell-element>
# type: matrix
# rows: 8
# columns: 1
 -5
 -1.695020158909378
 5
 5
 -5
 5
 -5
 1.695020158909372



# name: <cell-element>
# type: matrix
# rows: 0
# columns: 1



# name: <cell-element>
# type: matrix
# rows: 0
# columns: 1



# name: <cell-element>
# type: matrix
# rows: 23
# columns: 1
 -0.87368
 -0.87368
 -0.87368
 0.87368
 -0.779767906708255
 0.87368
 0.87368
 -0.87368
 0.87368
 -0.87368
 -0.6396903280027351
 -0.87368
 -0.87368
 0.87368
 0.87368
 -0.32790176528901
 0.87368
 0.87368
 0.87368
 0.87368
 -0.87368
 -0.87368
 0.87368



# name: <cell-element>
# type: scalar
0





# name: b
# type: cell
# rows: 1
# columns: 7
# name: <cell-element>
# type: scalar
0.1313373222485378



# name: <cell-element>
# type: scalar
0.3905668587067972



# name: <cell-element>
# type: scalar
0.04273391526206718



# name: <cell-element>
# type: scalar
0.3905668587067972



# name: <cell-element>
# type: scalar
0.3905668587067972



# name: <cell-element>
# type: scalar
-0.09701518364590211



# name: <cell-element>
# type: scalar
0





# name: models
# type: cell
# rows: 1
# columns: 7
# name: <cell-element>
# type: scalar struct
# ndims: 2
 1 1
# length: 11
# name: Parameters
# type: matrix
# rows: 5
# columns: 1
 3
 0
 3
 1
 0


# name: nr_class
# type: scalar
2


# name: totalSV
# type: scalar
39


# name: rho
# type: scalar
-0.1313373222485378


# name: Label
# type: matrix
# rows: 0
# columns: 0


# name: sv_indices
# type: matrix
# rows: 39
# columns: 1
 1
 2
 3
 6
 7
 8
 9
 10
 11
 12
 13
 15
 16
 17
 19
 20
 22
 23
 24
 25
 26
 28
 29
 30
 31
 32
 33
 34
 35
 36
 37
 38
 39
 40
 41
 42
 43
 44
 45


# name: ProbA
# type: matrix
# rows: 0
# columns: 0


# name: ProbB
# type: matrix
# rows: 0
# columns: 0


# name: nSV
# type: matrix
# rows: 0
# columns: 0


# name: sv_coef
# type: matrix
# rows: 39
# columns: 1
 -0.35789
 0.35789
 -0.35789
 -0.35789
 -0.35789
 -0.35789
 0.35789
 -0.35789
 0.3020611770640373
 0.35789
 0.35789
 -0.35789
 0.35789
 -0.35789
 -0.35789
 0.35789
 -0.35789
 0.35789
 -0.35789
 0.35789
 0.35789
 0.35789
 0.35789
 0.35789
 -0.35789
 0.35789
 -0.35789
 0.35789
 0.35789
 -0.35789
 -0.35789
 0.05582882293596269
 -0.35789
 -0.35789
 0.35789
 0.35789
 -0.35789
 -0.35789
 0.35789


# name: SVs
# type: sparse matrix
# nnz: 39
# rows: 39
# columns: 1
1 1 -1.137928860036294
2 1 -1.137928860036294
3 1 0.1831959774671458
4 1 0.1831959774671458
5 1 0.1831959774671458
6 1 -1.137928860036294
7 1 -0.6094789250349182
8 1 0.1831959774671458
9 1 -0.6094789250349182
10 1 -1.137928860036294
11 1 -1.137928860036294
12 1 0.1831959774671458
13 1 -0.6094789250349182
14 1 0.1831959774671458
15 1 0.1831959774671458
16 1 -1.137928860036294
17 1 -1.137928860036294
18 1 -0.6094789250349182
19 1 0.1831959774671458
20 1 1.504320814970585
21 1 -0.6094789250349182
22 1 -0.6094789250349182
23 1 1.504320814970585
24 1 -0.6094789250349182
25 1 0.1831959774671458
26 1 1.504320814970585
27 1 0.1831959774671458
28 1 -1.137928860036294
29 1 1.504320814970585
30 1 -0.6094789250349182
31 1 -0.6094789250349182
32 1 1.504320814970585
33 1 0.1831959774671458
34 1 0.1831959774671458
35 1 -0.6094789250349182
36 1 1.504320814970585
37 1 0.1831959774671458
38 1 0.1831959774671458
39 1 -1.137928860036294





# name: <cell-element>
# type: scalar struct
# ndims: 2
 1 1
# length: 11
# name: Parameters
# type: matrix
# rows: 5
# columns: 1
 3
 1
 2
 1
 0


# name: nr_class
# type: scalar
2


# name: totalSV
# type: scalar
0


# name: rho
# type: scalar
-0.3905668587067972


# name: Label
# type: matrix
# rows: 0
# columns: 0


# name: sv_indices
# type: matrix
# rows: 0
# columns: 1


# name: ProbA
# type: matrix
# rows: 0
# columns: 0


# name: ProbB
# type: matrix
# rows: 0
# columns: 0


# name: nSV
# type: matrix
# rows: 0
# columns: 0


# name: sv_coef
# type: matrix
# rows: 0
# columns: 1


# name: SVs
# type: sparse matrix
# nnz: 0
# rows: 0
# columns: 1





# name: <cell-element>
# type: scalar struct
# ndims: 2
 1 1
# length: 11
# name: Parameters
# type: matrix
# rows: 5
# columns: 1
 3
 1
 3
 1
 0


# name: nr_class
# type: scalar
2


# name: totalSV
# type: scalar
8


# name: rho
# type: scalar
-0.04273391526206718


# name: Label
# type: matrix
# rows: 0
# columns: 0


# name: sv_indices
# type: matrix
# rows: 8
# columns: 1
 3
 10
 12
 13
 19
 29
 39
 45


# name: ProbA
# type: matrix
# rows: 0
# columns: 0


# name: ProbB
# type: matrix
# rows: 0
# columns: 0


# name: nSV
# type: matrix
# rows: 0
# columns: 0


# name: sv_coef
# type: matrix
# rows: 8
# columns: 1
 -5
 -1.695020158909378
 5
 5
 -5
 5
 -5
 1.695020158909372


# name: SVs
# type: sparse matrix
# nnz: 8
# rows: 8
# columns: 1
1 1 0.1831959774671458
2 1 0.1831959774671458
3 1 -1.137928860036294
4 1 -1.137928860036294
5 1 0.1831959774671458
6 1 1.504320814970585
7 1 0.1831959774671458
8 1 -1.137928860036294





# name: <cell-element>
# type: scalar struct
# ndims: 2
 1 1
# length: 11
# name: Parameters
# type: matrix
# rows: 5
# columns: 1
 3
 1
 4
 1
 0


# name: nr_class
# type: scalar
2


