# Created by Octave 4.0.0, Mon May 23 13:38:08 2016 CEST <peter@Independence>
# name: SVs
# type: cell
# rows: 1
# columns: 7
# name: <cell-element>
# type: sparse matrix
# nnz: 24
# rows: 24
# columns: 1
1 1 0.1907472856979878
2 1 -1.144483714187912
3 1 0.1907472856979878
4 1 0.1907472856979878
5 1 1.525978285583887
6 1 1.525978285583887
7 1 -1.144483714187912
8 1 -0.6103913142335523
9 1 -1.144483714187912
10 1 -1.144483714187912
11 1 -1.144483714187912
12 1 1.525978285583887
13 1 -1.144483714187912
14 1 0.1907472856979878
15 1 -1.144483714187912
16 1 -1.144483714187912
17 1 0.1907472856979878
18 1 -1.144483714187912
19 1 -1.144483714187912
20 1 -1.144483714187912
21 1 0.1907472856979878
22 1 -0.6103913142335523
23 1 -1.144483714187912
24 1 0.1907472856979878



# name: <cell-element>
# type: sparse matrix
# nnz: 26
# rows: 26
# columns: 1
1 1 0.1907472856979878
2 1 -1.144483714187912
3 1 0.1907472856979878
4 1 -1.144483714187912
5 1 0.1907472856979878
6 1 -1.144483714187912
7 1 -1.144483714187912
8 1 -0.6103913142335523
9 1 -0.6103913142335523
10 1 -1.144483714187912
11 1 -1.144483714187912
12 1 -1.144483714187912
13 1 1.525978285583887
14 1 0.1907472856979878
15 1 1.525978285583887
16 1 1.525978285583887
17 1 1.525978285583887
18 1 0.1907472856979878
19 1 -1.144483714187912
20 1 1.525978285583887
21 1 -1.144483714187912
22 1 -1.144483714187912
23 1 0.1907472856979878
24 1 -0.6103913142335523
25 1 0.1907472856979878
26 1 1.525978285583887



# name: <cell-element>
# type: sparse matrix
# nnz: 14
# rows: 14
# columns: 1
1 1 0.1907472856979878
2 1 -1.144483714187912
3 1 0.1907472856979878
4 1 0.1907472856979878
5 1 1.525978285583887
6 1 1.525978285583887
7 1 -1.144483714187912
8 1 0.1907472856979878
9 1 0.1907472856979878
10 1 -1.144483714187912
11 1 -1.144483714187912
12 1 -1.144483714187912
13 1 0.1907472856979878
14 1 0.1907472856979878



# name: <cell-element>
# type: sparse matrix
# nnz: 17
# rows: 17
# columns: 1
1 1 0.1907472856979878
2 1 -1.144483714187912
3 1 0.1907472856979878
4 1 0.1907472856979878
5 1 -1.144483714187912
6 1 -1.144483714187912
7 1 -1.144483714187912
8 1 -1.144483714187912
9 1 0.1907472856979878
10 1 1.525978285583887
11 1 1.525978285583887
12 1 -1.144483714187912
13 1 1.525978285583887
14 1 -1.144483714187912
15 1 -1.144483714187912
16 1 0.1907472856979878
17 1 0.1907472856979878



# name: <cell-element>
# type: sparse matrix
# nnz: 18
# rows: 18
# columns: 1
1 1 0.1907472856979878
2 1 -1.144483714187912
3 1 0.1907472856979878
4 1 -1.144483714187912
5 1 0.1907472856979878
6 1 -1.144483714187912
7 1 -1.144483714187912
8 1 -1.144483714187912
9 1 -1.144483714187912
10 1 0.1907472856979878
11 1 1.525978285583887
12 1 1.525978285583887
13 1 0.1907472856979878
14 1 -1.144483714187912
15 1 -1.144483714187912
16 1 -1.144483714187912
17 1 0.1907472856979878
18 1 0.1907472856979878



# name: <cell-element>
# type: sparse matrix
# nnz: 30
# rows: 30
# columns: 1
1 1 0.1907472856979878
2 1 -1.144483714187912
3 1 0.1907472856979878
4 1 -0.6103913142335523
5 1 -0.6103913142335523
6 1 1.525978285583887
7 1 1.525978285583887
8 1 -1.144483714187912
9 1 -0.6103913142335523
10 1 -0.6103913142335523
11 1 -1.144483714187912
12 1 -1.144483714187912
13 1 -1.144483714187912
14 1 -0.6103913142335523
15 1 -1.144483714187912
16 1 -1.144483714187912
17 1 -0.6103913142335523
18 1 0.1907472856979878
19 1 1.525978285583887
20 1 1.525978285583887
21 1 -1.144483714187912
22 1 -0.6103913142335523
23 1 -1.144483714187912
24 1 -1.144483714187912
25 1 1.525978285583887
26 1 -1.144483714187912
27 1 -1.144483714187912
28 1 -0.6103913142335523
29 1 -1.144483714187912
30 1 0.1907472856979878



# name: <cell-element>
# type: scalar
0





# name: coefficients
# type: cell
# rows: 1
# columns: 7
# name: <cell-element>
# type: matrix
# rows: 24
# columns: 1
 -0.35789
 0.35789
 -0.35789
 -0.35789
 0.35789
 0.35789
 0.35789
 0.35789
 0.35789
 0.35789
 -0.35789
 0.1147086937678321
 -0.1147086937678321
 -0.35789
 -0.35789
 -0.35789
 -0.35789
 0.35789
 0.35789
 0.35789
 -0.35789
 0.35789
 -0.35789
 -0.35789



# name: <cell-element>
# type: matrix
# rows: 26
# columns: 1
 -0.1
 0.1
 -0.1
 0.1
 -0.1
 0.1
 0.1
 0.1
 0.06618179737890043
 0.1
 0.1
 0.1
 -0.1
 -0.1
 -0.06618179737890043
 -0.1
 -0.1
 -0.1
 0.1
 -0.1
 0.1
 0.1
 -0.1
 0.1
 -0.1
 -0.1



# name: <cell-element>
# type: matrix
# rows: 14
# columns: 1
 -0.1
 0.1
 -0.1
 -0.1
 0.1
 0.02543091620430504
 0.1
 -0.1
 -0.02543091620430504
 0.1
 0.1
 0.1
 -0.1
 -0.1



# name: <cell-element>
# type: matrix
# rows: 17
# columns: 1
 -5
 5
 -5
 -2.360585357503958
 5
 5
 5
 5
 -5
 -5
 -5
 5
 -2.639414642496026
 5
 5
 -5
 -5



# name: <cell-element>
# type: matrix
# rows: 18
# columns: 1
 -5
 5
 -5
 2.575728537379134
 -5
 5
 5
 5
 5
 -5
 -5
 -2.575728537379146
 -5
 5
 5
 5
 -5
 -5



# name: <cell-element>
# type: matrix
# rows: 30
# columns: 1
 -0.35789
 0.35789
 -0.2840730603660208
 -0.35789
 -0.35789
 0.35789
 0.35789
 0.35789
 0.35789
 0.35789
 0.2730695011532731
 0.35789
 0.35789
 -0.35789
 -0.35789
 -0.35789
 0.35789
 -0.35789
 -0.35789
 -0.35789
 -0.35789
 0.35789
 -0.35789
 0.35789
 -0.3468864407872523
 0.35789
 0.35789
 0.35789
 -0.35789
 -0.35789



# name: <cell-element>
# type: scalar
0





# name: b
# type: cell
# rows: 1
# columns: 7
# name: <cell-element>
# type: scalar
-0.1448746841448399



# name: <cell-element>
# type: scalar
0.003992705516216385



# name: <cell-element>
# type: scalar
0.08158320986023618



# name: <cell-element>
# type: scalar
0.06655381532054221



# name: <cell-element>
# type: scalar
0.09295585089240413



# name: <cell-element>
# type: scalar
-0.09915981128677846



# name: <cell-element>
# type: scalar
0





# name: models
# type: cell
# rows: 1
# columns: 7
# name: <cell-element>
# type: scalar struct
# ndims: 2
 1 1
# length: 11
# name: Parameters
# type: matrix
# rows: 5
# columns: 1
 3
 0
 3
 1
 0


# name: nr_class
# type: scalar
2


# name: totalSV
# type: scalar
24


# name: rho
# type: scalar
0.1448746841448399


# name: Label
# type: matrix
# rows: 0
# columns: 0


# name: sv_indices
# type: matrix
# rows: 24
# columns: 1
 1
 2
 3
 9
 10
 11
 14
 15
 19
 20
 23
 24
 25
 27
 31
 34
 35
 37
 40
 41
 42
 43
 44
 45


# name: ProbA
# type: matrix
# rows: 0
# columns: 0


# name: ProbB
# type: matrix
# rows: 0
# columns: 0


# name: nSV
# type: matrix
# rows: 0
# columns: 0


# name: sv_coef
# type: matrix
# rows: 24
# columns: 1
 -0.35789
 0.35789
 -0.35789
 -0.35789
 0.35789
 0.35789
 0.35789
 0.35789
 0.35789
 0.35789
 -0.35789
 0.1147086937678321
 -0.1147086937678321
 -0.35789
 -0.35789
 -0.35789
 -0.35789
 0.35789
 0.35789
 0.35789
 -0.35789
 0.35789
 -0.35789
 -0.35789


# name: SVs
# type: sparse matrix
# nnz: 24
# rows: 24
# columns: 1
1 1 0.1907472856979878
2 1 -1.144483714187912
3 1 0.1907472856979878
4 1 0.1907472856979878
5 1 1.525978285583887
6 1 1.525978285583887
7 1 -1.144483714187912
8 1 -0.6103913142335523
9 1 -1.144483714187912
10 1 -1.144483714187912
11 1 -1.144483714187912
12 1 1.525978285583887
13 1 -1.144483714187912
14 1 0.1907472856979878
15 1 -1.144483714187912
16 1 -1.144483714187912
17 1 0.1907472856979878
18 1 -1.144483714187912
19 1 -1.144483714187912
20 1 -1.144483714187912
21 1 0.1907472856979878
22 1 -0.6103913142335523
23 1 -1.144483714187912
24 1 0.1907472856979878





# name: <cell-element>
# type: scalar struct
# ndims: 2
 1 1
# length: 11
# name: Parameters
# type: matrix
# rows: 5
# columns: 1
 3
 1
 2
 1
 0


# name: nr_class
# type: scalar
2


# name: totalSV
# type: scalar
26


# name: rho
# type: scalar
-0.003992705516216385


# name: Label
# type: matrix
# rows: 0
# columns: 0


# name: sv_indices
# type: matrix
# rows: 26
# columns: 1
 1
 2
 3
 4
 9
 12
 14
 15
 17
 18
 19
 20
 21
 27
 28
 29
 30
 35
 37
 39
 40
 41
 42
 43
 45
 46


# name: ProbA
# type: matrix
# rows: 0
# columns: 0


# name: ProbB
# type: matrix
# rows: 0
# columns: 0


# name: nSV
# type: matrix
# rows: 0
# columns: 0


