# Created by Octave 3.8.2, Wed May 18 18:00:50 2016 CEST <Andrea@Andreas-MacBook-Pro.local>
# name: mu
# type: matrix
# rows: 1
# columns: 2
 1843033.88 0.01192222222222222


# name: sigma
# type: matrix
# rows: 1
# columns: 2
 812233.8414743718 0.003153878080545752


