# Created by Octave 4.0.0, Mon May 23 13:38:02 2016 CEST <peter@Independence>
# name: mu
# type: matrix
# rows: 1
# columns: 2
 1831017.909090909 0.0119047619047619


# name: sigma
# type: matrix
# rows: 1
# columns: 2
 808104.6968569531 0.003120558665146872


