# Created by Octave 4.0.0, Mon May 23 13:38:08 2016 CEST <peter@Independence>
# name: x
# type: matrix
# rows: 1
# columns: 100
 0.008333333333333333 0.008417508417508417 0.008501683501683501 0.008585858585858586 0.00867003367003367 0.008754208754208754 0.008838383838383838 0.008922558922558922 0.009006734006734006 0.00909090909090909 0.009175084175084175 0.009259259259259259 0.009343434343434343 0.009427609427609427 0.009511784511784513 0.009595959595959595 0.009680134680134681 0.009764309764309764 0.009848484848484849 0.009932659932659932 0.01001683501683502 0.0101010101010101 0.01018518518518518 0.01026936026936027 0.01035353535353535 0.01043771043771044 0.01052188552188552 0.0106060606060606 0.01069023569023569 0.01077441077441077 0.01085858585858586 0.01094276094276094 0.01102693602693603 0.01111111111111111 0.0111952861952862 0.01127946127946128 0.01136363636363636 0.01144781144781145 0.01153198653198653 0.01161616161616162 0.0117003367003367 0.01178451178451178 0.01186868686868687 0.01195286195286195 0.01203703703703704 0.01212121212121212 0.01220538720538721 0.01228956228956229 0.01237373737373737 0.01245791245791246 0.01254208754208754 0.01262626262626263 0.01271043771043771 0.01279461279461279 0.01287878787878788 0.01296296296296296 0.01304713804713805 0.01313131313131313 0.01321548821548822 0.0132996632996633 0.01338383838383838 0.01346801346801347 0.01355218855218855 0.01363636363636364 0.01372053872053872 0.0138047138047138 0.01388888888888889 0.01397306397306397 0.01405723905723906 0.01414141414141414 0.01422558922558922 0.01430976430976431 0.01439393939393939 0.01447811447811448 0.01456228956228956 0.01464646464646465 0.01473063973063973 0.01481481481481482 0.0148989898989899 0.01498316498316498 0.01506734006734007 0.01515151515151515 0.01523569023569024 0.01531986531986532 0.0154040404040404 0.01548821548821549 0.01557239057239057 0.01565656565656566 0.01574074074074074 0.01582491582491583 0.01590909090909091 0.01599326599326599 0.01607744107744108 0.01616161616161616 0.01624579124579124 0.01632996632996633 0.01641414141414141 0.0164983164983165 0.01658249158249158 0.01666666666666667


# name: y
# type: matrix
# rows: 100
# columns: 1
 1945184.833764435
 1939978.100109315
 1935363.24421007
 1931285.170917703
 1927692.724444233
 1924538.495932253
 1921778.635843989
 1919372.671168926
 1917283.327451619
 1915476.355638396
 1913920.363743503
 1912586.653334845
 1911449.06083896
 1910483.803665138
 1909669.331149416
 1908986.180317388
 1908416.836466899
 1907945.59856967
 1907558.449492635
 1907242.931038407
 1906988.023805264
 1906784.031866489
 1906622.472268983
 1906495.969351382
 1906398.153881452
 1906323.567012899
 1906267.56906154
 1906226.253100846
 1906196.363376859
 1906175.218542478
 1906160.639711122
 1906150.883329757
 1906144.578871307
 1906140.671346423
 1906138.368634638
 1906137.09363488
 1906136.441235373
 1906136.140102892
 1906136.019291408
 1906135.97967009
 1906135.970170689
 1906135.96885429
 1906135.968797437
 1906135.968797629
 1906135.968898187
 1906135.970732501
 1906135.982687636
 1906136.02988732
 1906136.168994301
 1906136.507832078
 1906137.229825996
 1906138.623263726
 1906141.115375109
 1906145.31123137
 1906152.037463708
 1906162.390801261
 1906177.791428437
 1906200.041161618
 1906231.386445243
 1906274.586167249
 1906332.984293903
 1906410.587323988
 1906512.146562369
 1906643.245212942
 1906810.390290923
 1907021.109354552
 1907284.052056138
 1907609.096512476
 1908007.460494662
 1908491.817437239
 1909076.417266806
 1909777.212049803
 1910611.986459932
 1911600.493064734
 1912764.592431688
 1914128.398053519
 1915718.426092999
 1917563.749947288
 1919696.159631013
 1922150.325979627
 1924963.969671522
 1928178.035069483
 1931836.868881743
 1935988.403642729
 1940684.346012163
 1945980.369895092
 1951936.314379311
 1958616.386493974
 1966089.368786435
 1974428.831719889
 1983713.350886907
 1994026.729048124
 2005458.22298363
 2018102.775170921
 2032061.250274208
 2047440.676458672
 2064354.49152529
 2082922.793858862
 2103272.598199953
 2125538.09623888


# name: QUERY
# type: sq_string
# elements: 1
# length: 2
R4


# name: DATASIZE
# type: sq_string
# elements: 1
# length: 4
1000


