# Created by Octave 4.0.0, Mon May 23 13:38:08 2016 CEST <peter@Independence>
# name: x
# type: matrix
# rows: 1
# columns: 100
 0.008333333333333333 0.008417508417508417 0.008501683501683501 0.008585858585858586 0.00867003367003367 0.008754208754208754 0.008838383838383838 0.008922558922558922 0.009006734006734006 0.00909090909090909 0.009175084175084175 0.009259259259259259 0.009343434343434343 0.009427609427609427 0.009511784511784513 0.009595959595959595 0.009680134680134681 0.009764309764309764 0.009848484848484849 0.009932659932659932 0.01001683501683502 0.0101010101010101 0.01018518518518518 0.01026936026936027 0.01035353535353535 0.01043771043771044 0.01052188552188552 0.0106060606060606 0.01069023569023569 0.01077441077441077 0.01085858585858586 0.01094276094276094 0.01102693602693603 0.01111111111111111 0.0111952861952862 0.01127946127946128 0.01136363636363636 0.01144781144781145 0.01153198653198653 0.01161616161616162 0.0117003367003367 0.01178451178451178 0.01186868686868687 0.01195286195286195 0.01203703703703704 0.01212121212121212 0.01220538720538721 0.01228956228956229 0.01237373737373737 0.01245791245791246 0.01254208754208754 0.01262626262626263 0.01271043771043771 0.01279461279461279 0.01287878787878788 0.01296296296296296 0.01304713804713805 0.01313131313131313 0.01321548821548822 0.0132996632996633 0.01338383838383838 0.01346801346801347 0.01355218855218855 0.01363636363636364 0.01372053872053872 0.0138047138047138 0.01388888888888889 0.01397306397306397 0.01405723905723906 0.01414141414141414 0.01422558922558922 0.01430976430976431 0.01439393939393939 0.01447811447811448 0.01456228956228956 0.01464646464646465 0.01473063973063973 0.01481481481481482 0.0148989898989899 0.01498316498316498 0.01506734006734007 0.01515151515151515 0.01523569023569024 0.01531986531986532 0.0154040404040404 0.01548821548821549 0.01557239057239057 0.01565656565656566 0.01574074074074074 0.01582491582491583 0.01590909090909091 0.01599326599326599 0.01607744107744108 0.01616161616161616 0.01624579124579124 0.01632996632996633 0.01641414141414141 0.0164983164983165 0.01658249158249158 0.01666666666666667


# name: y
# type: matrix
# rows: 100
# columns: 1
 1961149.119062657
 1954201.751293511
 1947739.662726466
 1941739.711079969
 1936179.31950337
 1931036.476576909
 1926289.736311875
 1921918.218150505
 1917901.606966016
 1914220.153062594
 1910854.672175318
 1907786.545470296
 1904997.719544622
 1902470.706426268
 1900188.583574269
 1898134.993878524
 1896294.145660004
 1894650.81267055
 1893190.334093036
 1891898.614541264
 1890762.12405999
 1889767.898124986
 1888903.537642932
 1888157.20895151
 1887517.64381935
 1886974.139446049
 1886516.558462173
 1886135.328929246
 1885821.444339763
 1885566.463617181
 1885362.511115921
 1885202.276621368
 1885079.015349874
 1884986.547948753
 1884919.260496286
 1884872.104501717
 1884840.596905256
 1884820.820078076
 1884809.421822315
 1884803.615371077
 1884801.179388428
 1884800.457969402
 1884800.360639996
 1884800.362357169
 1884800.50350885
 1884801.389913927
 1884804.192822257
 1884810.64891466
 1884823.060302919
 1884844.294529784
 1884877.784568969
 1884927.528825152
 1884998.091133976
 1885094.600762049
 1885222.752406942
 1885388.806197192
 1885599.587692302
 1885862.487882736
 1886185.463189926
 1886577.035466267
 1887046.291995116
 1887602.885490805
 1888257.034098611
 1889019.521394801
 1889901.696386584
 1890915.473512145
 1892073.332640634
 1893388.319072162
 1894874.043537805
 1896544.682199599
 1898414.976650571
 1900500.233914669
 1902816.326446831
 1905379.692132951
 1908207.334289918
 1911316.821665554
 1914726.288438604
 1918454.434218927
 1922520.524047132
 1926944.388394975
 1931746.423165115
 1936947.589691154
 1942569.414737649
 1948633.990500177
 1955163.974605173
 1962182.590110267
 1969713.625503787
 1977781.43470514
 1986410.937064681
 1995627.617363859
 2005457.525814763
 2015927.278060848
 2027064.055176161
 2038895.603666154
 2051450.235466979
 2064756.82794538
 2078844.823899749
 2093744.231559004
 2109485.624583073
 2126100.142063397


# name: QUERY
# type: sq_string
# elements: 1
# length: 2
R4


# name: DATASIZE
# type: sq_string
# elements: 1
# length: 4
1000


