# Created by Octave 4.0.0, Mon May 23 13:38:08 2016 CEST <peter@Independence>
# name: x
# type: matrix
# rows: 1
# columns: 100
 0.008333333333333333 0.008417508417508417 0.008501683501683501 0.008585858585858586 0.00867003367003367 0.008754208754208754 0.008838383838383838 0.008922558922558922 0.009006734006734006 0.00909090909090909 0.009175084175084175 0.009259259259259259 0.009343434343434343 0.009427609427609427 0.009511784511784513 0.009595959595959595 0.009680134680134681 0.009764309764309764 0.009848484848484849 0.009932659932659932 0.01001683501683502 0.0101010101010101 0.01018518518518518 0.01026936026936027 0.01035353535353535 0.01043771043771044 0.01052188552188552 0.0106060606060606 0.01069023569023569 0.01077441077441077 0.01085858585858586 0.01094276094276094 0.01102693602693603 0.01111111111111111 0.0111952861952862 0.01127946127946128 0.01136363636363636 0.01144781144781145 0.01153198653198653 0.01161616161616162 0.0117003367003367 0.01178451178451178 0.01186868686868687 0.01195286195286195 0.01203703703703704 0.01212121212121212 0.01220538720538721 0.01228956228956229 0.01237373737373737 0.01245791245791246 0.01254208754208754 0.01262626262626263 0.01271043771043771 0.01279461279461279 0.01287878787878788 0.01296296296296296 0.01304713804713805 0.01313131313131313 0.01321548821548822 0.0132996632996633 0.01338383838383838 0.01346801346801347 0.01355218855218855 0.01363636363636364 0.01372053872053872 0.0138047138047138 0.01388888888888889 0.01397306397306397 0.01405723905723906 0.01414141414141414 0.01422558922558922 0.01430976430976431 0.01439393939393939 0.01447811447811448 0.01456228956228956 0.01464646464646465 0.01473063973063973 0.01481481481481482 0.0148989898989899 0.01498316498316498 0.01506734006734007 0.01515151515151515 0.01523569023569024 0.01531986531986532 0.0154040404040404 0.01548821548821549 0.01557239057239057 0.01565656565656566 0.01574074074074074 0.01582491582491583 0.01590909090909091 0.01599326599326599 0.01607744107744108 0.01616161616161616 0.01624579124579124 0.01632996632996633 0.01641414141414141 0.0164983164983165 0.01658249158249158 0.01666666666666667


# name: y
# type: matrix
# rows: 100
# columns: 1
 1903184.671659464
 1899973.259672636
 1896838.440135238
 1893780.213047271
 1890798.578408734
 1887893.536219628
 1885065.086479951
 1882313.229189706
 1879637.96434889
 1877039.291957504
 1874517.212015549
 1872071.724523024
 1869702.82947993
 1867410.526886266
 1865194.816742032
 1863055.699047228
 1860993.173801855
 1859007.241005912
 1857097.900659399
 1855265.152762317
 1853508.997314665
 1851829.434316444
 1850226.463767652
 1848700.085668291
 1847250.30001836
 1845877.10681786
 1844580.506066789
 1843360.497765149
 1842217.08191294
 1841150.258510161
 1840160.027556812
 1839246.389052893
 1838409.342998405
 1837648.889393347
 1836965.028237719
 1836357.759531521
 1835827.083274754
 1835372.999467418
 1834995.508109511
 1834694.609201035
 1834470.302741989
 1834322.588732373
 1834251.467172188
 1834256.938061433
 1834339.001400108
 1834497.657188214
 1834732.90542575
 1835044.746112716
 1835433.179249113
 1835898.20483494
 1836439.822870197
 1837058.033354884
 1837752.836289002
 1838524.23167255
 1839372.219505529
 1840296.799787937
 1841297.972519777
 1842375.737701046
 1843530.095331745
 1844761.045411875
 1846068.587941436
 1847452.722920426
 1848913.450348847
 1850450.770226698
 1852064.68255398
 1853755.187330691
 1855522.284556833
 1857365.974232406
 1859286.256357408
 1861283.130931841
 1863356.597955705
 1865506.657428999
 1867733.309351722
 1870036.553723877
 1872416.390545461
 1874872.819816476
 1877405.841536921
 1880015.455706797
 1882701.662326102
 1885464.461394838
 1888303.852913005
 1891219.836880601
 1894212.413297628
 1897281.582164086
 1900427.343479973
 1903649.697245291
 1906948.64346004
 1910324.182124218
 1913776.313237827
 1917305.036800866
 1920910.352813335
 1924592.261275235
 1928350.762186565
 1932185.855547325
 1936097.541357516
 1940085.819617137
 1944150.690326188
 1948292.153484671
 1952510.209092581
 1956804.857149924


# name: QUERY
# type: sq_string
# elements: 1
# length: 2
R4


# name: DATASIZE
# type: sq_string
# elements: 1
# length: 4
1000


