# Created by Octave 3.8.2, Wed May 18 18:01:00 2016 CEST <Andrea@Andreas-MacBook-Pro.local>
# name: x
# type: matrix
# rows: 1
# columns: 100
 0.008333333333333333 0.008417508417508417 0.008501683501683501 0.008585858585858586 0.00867003367003367 0.008754208754208754 0.008838383838383838 0.008922558922558922 0.009006734006734006 0.00909090909090909 0.009175084175084175 0.009259259259259259 0.009343434343434343 0.009427609427609427 0.009511784511784511 0.009595959595959595 0.009680134680134679 0.009764309764309764 0.009848484848484848 0.009932659932659932 0.01001683501683502 0.0101010101010101 0.01018518518518518 0.01026936026936027 0.01035353535353535 0.01043771043771044 0.01052188552188552 0.0106060606060606 0.01069023569023569 0.01077441077441077 0.01085858585858586 0.01094276094276094 0.01102693602693603 0.01111111111111111 0.0111952861952862 0.01127946127946128 0.01136363636363636 0.01144781144781145 0.01153198653198653 0.01161616161616162 0.0117003367003367 0.01178451178451178 0.01186868686868687 0.01195286195286195 0.01203703703703704 0.01212121212121212 0.01220538720538721 0.01228956228956229 0.01237373737373737 0.01245791245791246 0.01254208754208754 0.01262626262626263 0.01271043771043771 0.01279461279461279 0.01287878787878788 0.01296296296296296 0.01304713804713805 0.01313131313131313 0.01321548821548822 0.0132996632996633 0.01338383838383838 0.01346801346801347 0.01355218855218855 0.01363636363636364 0.01372053872053872 0.0138047138047138 0.01388888888888889 0.01397306397306397 0.01405723905723906 0.01414141414141414 0.01422558922558922 0.01430976430976431 0.01439393939393939 0.01447811447811448 0.01456228956228956 0.01464646464646465 0.01473063973063973 0.01481481481481481 0.0148989898989899 0.01498316498316498 0.01506734006734007 0.01515151515151515 0.01523569023569023 0.01531986531986532 0.0154040404040404 0.01548821548821549 0.01557239057239057 0.01565656565656566 0.01574074074074074 0.01582491582491583 0.01590909090909091 0.01599326599326599 0.01607744107744108 0.01616161616161616 0.01624579124579124 0.01632996632996633 0.01641414141414142 0.0164983164983165 0.01658249158249158 0.01666666666666667


# name: y
# type: matrix
# rows: 100
# columns: 1
 2253325.25275006
 2227513.172178843
 2202911.675840094
 2179491.68831272
 2157224.134175639
 2136079.938007741
 2116030.02438797
 2097045.317895212
 2079096.743108392
 2062155.224606404
 2046191.686968165
 2031177.054772598
 2017082.252598604
 2003878.205025095
 1991535.836630984
 1980026.071995177
 1969319.835696592
 1959388.052314133
 1950201.646426715
 1941731.54261325
 1933948.665452646
 1926823.939523812
 1920328.289405663
 1914432.63967711
 1909107.914917061
 1904325.039704428
 1900054.938618123
 1896268.536237058
 1892936.75714014
 1890030.525906282
 1887520.767114395
 1885378.40534339
 1883574.365172177
 1882079.571179669
 1880864.947944774
 1879901.420046405
 1879159.912063473
 1878611.348574887
 1878226.65415956
 1877976.753396402
 1877832.570864324
 1877765.031142237
 1877745.058809051
 1877743.578443678
 1877731.514625029
 1877679.791932014
 1877559.334943544
 1877341.068238531
 1876995.916395885
 1876494.803994517
 1875808.655613338
 1874908.395831259
 1873764.949227191
 1872349.240380044
 1870632.19386873
 1868584.73427216
 1866177.786169244
 1863382.274138893
 1860169.12276002
 1856509.256611533
 1852373.600272343
 1847733.078321363
 1842558.615337502
 1836821.135899675
 1830491.564586786
 1823540.82597775
 1815939.84465148
 1807659.545186881
 1798670.852162869
 1788944.690158354
 1778451.983752244
 1767163.657523457
 1755050.636050894
 1742083.843913472
 1728234.205690101
 1713472.645959695
 1697770.089301154
 1681097.460293399
 1663425.683515341
 1644725.683545884
 1624968.384963949
 1604124.712348446
 1582165.590278275
 1559061.943332347
 1534784.696089584
 1509304.773128889
 1482593.099029189
 1454620.598369356
 1425358.195728343
 1394776.815685032
 1362847.382818363
 1329540.821707225
 1294828.056930527
 1258680.013067191
 1221067.614696132
 1181961.786396245
 1141333.452746456
 1099153.538325654
 1055392.967712773
 1010022.665486717


# name: QUERY
# type: sq_string
# elements: 1
# length: 2
R4


# name: DATASIZE
# type: sq_string
# elements: 1
# length: 4
1000


