# Created by Octave 4.0.0, Mon May 23 13:38:08 2016 CEST <peter@Independence>
# name: x
# type: matrix
# rows: 1
# columns: 100
 0.008333333333333333 0.008417508417508417 0.008501683501683501 0.008585858585858586 0.00867003367003367 0.008754208754208754 0.008838383838383838 0.008922558922558922 0.009006734006734006 0.00909090909090909 0.009175084175084175 0.009259259259259259 0.009343434343434343 0.009427609427609427 0.009511784511784513 0.009595959595959595 0.009680134680134681 0.009764309764309764 0.009848484848484849 0.009932659932659932 0.01001683501683502 0.0101010101010101 0.01018518518518518 0.01026936026936027 0.01035353535353535 0.01043771043771044 0.01052188552188552 0.0106060606060606 0.01069023569023569 0.01077441077441077 0.01085858585858586 0.01094276094276094 0.01102693602693603 0.01111111111111111 0.0111952861952862 0.01127946127946128 0.01136363636363636 0.01144781144781145 0.01153198653198653 0.01161616161616162 0.0117003367003367 0.01178451178451178 0.01186868686868687 0.01195286195286195 0.01203703703703704 0.01212121212121212 0.01220538720538721 0.01228956228956229 0.01237373737373737 0.01245791245791246 0.01254208754208754 0.01262626262626263 0.01271043771043771 0.01279461279461279 0.01287878787878788 0.01296296296296296 0.01304713804713805 0.01313131313131313 0.01321548821548822 0.0132996632996633 0.01338383838383838 0.01346801346801347 0.01355218855218855 0.01363636363636364 0.01372053872053872 0.0138047138047138 0.01388888888888889 0.01397306397306397 0.01405723905723906 0.01414141414141414 0.01422558922558922 0.01430976430976431 0.01439393939393939 0.01447811447811448 0.01456228956228956 0.01464646464646465 0.01473063973063973 0.01481481481481482 0.0148989898989899 0.01498316498316498 0.01506734006734007 0.01515151515151515 0.01523569023569024 0.01531986531986532 0.0154040404040404 0.01548821548821549 0.01557239057239057 0.01565656565656566 0.01574074074074074 0.01582491582491583 0.01590909090909091 0.01599326599326599 0.01607744107744108 0.01616161616161616 0.01624579124579124 0.01632996632996633 0.01641414141414141 0.0164983164983165 0.01658249158249158 0.01666666666666667


# name: y
# type: matrix
# rows: 100
# columns: 1
 2270283.101372644
 2244502.783814076
 2219937.469671645
 2196557.831276688
 2174334.540960538
 2153238.271054531
 2133239.69389
 2114309.48179828
 2096418.307110705
 2079536.842158612
 2063635.759273333
 2048685.730786205
 2034657.42902856
 2021521.526331734
 2009248.695027062
 1997809.607445877
 1987174.935919516
 1977315.352779311
 1968201.530356598
 1959804.140982712
 1952093.856988986
 1945041.350706756
 1938617.294467356
 1932792.360602121
 1927537.221442385
 1922822.549319484
 1918619.01656475
 1914897.29550952
 1911628.058485128
 1908781.977822908
 1906329.725854194
 1904241.974910323
 1902489.397322627
 1901042.665422442
 1899872.451541102
 1898949.428009942
 1898244.267160297
 1897727.6413235
 1897370.222830888
 1897142.684013793
 1897015.697203551
 1896959.934731497
 1896946.068928965
 1896944.772127289
 1896926.716657805
 1896862.574851846
 1896723.019040748
 1896478.721555844
 1896100.354728471
 1895558.590889961
 1894824.10237165
 1893867.561504873
 1892659.640620963
 1891171.012051256
 1889372.348127086
 1887234.321179788
 1884727.603540696
 1881822.867541145
 1878490.785512469
 1874702.029786004
 1870427.272693083
 1865637.186565042
 1860302.443733214
 1854393.716528935
 1847881.677283539
 1840736.99832836
 1832930.351994734
 1824432.410613995
 1815213.846517476
 1805245.332036515
 1794497.539502443
 1782941.141246597
 1770546.809600311
 1757285.216894919
 1743127.035461756
 1728042.937632156
 1712003.595737455
 1694979.682108986
 1676941.869078085
 1657860.828976086
 1637707.234134324
 1616451.756884132
 1594065.069556846
 1570517.844483801
 1545780.75399633
 1519824.470425769
 1492619.666103452
 1464137.013360714
 1434347.184528889
 1403220.851939311
 1370728.687923317
 1336841.364812239
 1301529.554937413
 1264763.930630174
 1226515.164221854
 1186753.928043791
 1145450.894427317
 1102576.735703768
 1058102.124204479
 1011997.732260783


# name: QUERY
# type: sq_string
# elements: 1
# length: 2
R4


# name: DATASIZE
# type: sq_string
# elements: 1
# length: 4
1000


