# Created by Octave 3.8.2, Wed May 11 13:57:56 2016 CEST <Andrea@Andreas-MacBook-Pro.local>
# name: y
# type: matrix
# rows: 100
# columns: 1
 705217.0320574789
 702826.5570323311
 700436.0820071836
 698045.6069820359
 695655.1319568881
 693264.6569317405
 690874.1819065929
 688483.7068814451
 686093.2318562975
 683702.7568311499
 681312.2818060021
 678921.8067808544
 676531.3317557068
 674140.8567305591
 671750.3817054115
 669359.9066802637
 666969.4316551161
 664578.9566299685
 662188.4816048208
 659798.0065796732
 657407.5315545255
 655017.0565293778
 652626.5815042302
 650236.1064790824
 647845.6314539348
 645455.1564287872
 643064.6814036394
 640674.2063784918
 638283.731353344
 635893.2563281964
 633502.7813030487
 631112.3062779011
 628721.8312527534
 626331.3562276058
 623940.8812024581
 621550.4061773105
 619159.9311521627
 616769.4561270151
 614378.9811018674
 611988.5060767197
 609598.0310515721
 607207.5560264244
 604817.0810012767
 602426.6059761291
 600036.1309509814
 597645.6559258337
 595255.1809006861
 592864.7058755384
 590474.2308503907
 588083.7558252431
 585693.2808000954
 583302.8057749477
 580912.3307498001
 578521.8557246524
 576131.3806995047
 573740.9056743571
 571350.4306492094
 568959.9556240618
 566569.4805989141
 564179.0055737663
 561788.5305486186
 559398.0555234711
 557007.5804983233
 554617.1054731758
 552226.630448028
 549836.1554228803
 547445.6803977326
 545055.205372585
 542664.7303474374
 540274.2553222897
 537883.780297142
 535493.3052719943
 533102.8302468467
 530712.355221699
 528321.8801965513
 525931.4051714037
 523540.930146256
 521150.4551211084
 518759.9800959607
 516369.505070813
 513979.0300456652
 511588.5550205177
 509198.0799953701
 506807.6049702223
 504417.1299450747
 502026.654919927
 499636.1798947793
 497245.7048696317
 494855.229844484
 492464.7548193362
 490074.2797941886
 487683.804769041
 485293.3297438932
 482902.8547187456
 480512.3796935979
 478121.9046684503
 475731.4296433027
 473340.954618155
 470950.4795930073
 468560.0045678595


