# Created by Octave 4.0.0, Wed May 11 16:19:54 2016 CEST <peter@Independence>
# name: y
# type: matrix
# rows: 1
# columns: 100
 271958.4286596249 271944.8883133082 271931.3479669917 271917.807620675 271904.2672743584 271890.7269280418 271877.1865817252 271863.6462354086 271850.105889092 271836.5655427754 271823.0251964587 271809.4848501422 271795.9445038255 271782.4041575089 271768.8638111923 271755.3234648757 271741.783118559 271728.2427722425 271714.7024259258 271701.1620796092 271687.6217332926 271674.081386976 271660.5410406594 271647.0006943428 271633.4603480262 271619.9200017095 271606.379655393 271592.8393090763 271579.2989627597 271565.7586164431 271552.2182701265 271538.6779238099 271525.1375774933 271511.5972311767 271498.05688486 271484.5165385435 271470.9761922268 271457.4358459102 271443.8954995936 271430.355153277 271416.8148069604 271403.2744606438 271389.7341143272 271376.1937680105 271362.6534216939 271349.1130753773 271335.5727290607 271322.0323827441 271308.4920364275 271294.9516901108 271281.4113437943 271267.8709974777 271254.330651161 271240.7903048444 271227.2499585278 271213.7096122112 271200.1692658946 271186.628919578 271173.0885732613 271159.5482269448 271146.0078806281 271132.4675343115 271118.9271879949 271105.3868416783 271091.8464953617 271078.3061490451 271064.7658027285 271051.2254564118 271037.6851100952 271024.1447637786 271010.604417462 270997.0640711454 270983.5237248288 270969.9833785122 270956.4430321956 270942.902685879 270929.3623395623 270915.8219932457 270902.2816469291 270888.7413006125 270875.2009542959 270861.6606079793 270848.1202616626 270834.5799153461 270821.0395690295 270807.4992227128 270793.9588763962 270780.4185300796 270766.878183763 270753.3378374464 270739.7974911298 270726.2571448131 270712.7167984965 270699.17645218 270685.6361058633 270672.0957595467 270658.5554132301 270645.0150669135 270631.4747205969 270617.9343742803


