# Created by Octave 4.0.0, Wed May 11 16:19:54 2016 CEST <peter@Independence>
# name: y
# type: matrix
# rows: 100
# columns: 1
 239129.9317028851
 239950.5239061003
 240771.1161093155
 241591.7083125306
 242412.3005157458
 243232.8927189609
 244053.4849221761
 244874.0771253912
 245694.6693286064
 246515.2615318215
 247335.8537350367
 248156.4459382519
 248977.038141467
 249797.6303446822
 250618.2225478973
 251438.8147511125
 252259.4069543276
 253079.9991575428
 253900.5913607579
 254721.1835639731
 255541.7757671883
 256362.3679704034
 257182.9601736186
 258003.5523768337
 258824.1445800489
 259644.7367832641
 260465.3289864792
 261285.9211896944
 262106.5133929095
 262927.1055961247
 263747.6977993398
 264568.290002555
 265388.8822057701
 266209.4744089853
 267030.0666122005
 267850.6588154156
 268671.2510186307
 269491.8432218459
 270312.4354250611
 271133.0276282763
 271953.6198314914
 272774.2120347066
 273594.8042379217
 274415.3964411368
 275235.988644352
 276056.5808475672
 276877.1730507824
 277697.7652539975
 278518.3574572126
 279338.9496604278
 280159.5418636429
 280980.1340668581
 281800.7262700733
 282621.3184732884
 283441.9106765036
 284262.5028797187
 285083.0950829339
 285903.6872861491
 286724.2794893642
 287544.8716925794
 288365.4638957945
 289186.0560990097
 290006.6483022248
 290827.24050544
 291647.8327086552
 292468.4249118703
 293289.0171150854
 294109.6093183006
 294930.2015215158
 295750.7937247309
 296571.3859279461
 297391.9781311612
 298212.5703343764
 299033.1625375915
 299853.7547408067
 300674.3469440219
 301494.939147237
 302315.5313504522
 303136.1235536673
 303956.7157568825
 304777.3079600976
 305597.9001633128
 306418.492366528
 307239.0845697431
 308059.6767729582
 308880.2689761734
 309700.8611793886
 310521.4533826037
 311342.0455858189
 312162.6377890341
 312983.2299922492
 313803.8221954643
 314624.4143986795
 315445.0066018947
 316265.5988051098
 317086.191008325
 317906.7832115401
 318727.3754147553
 319547.9676179704
 320368.5598211856


