# Created by Octave 4.0.0, Wed May 11 16:19:54 2016 CEST <peter@Independence>
# name: y
# type: matrix
# rows: 100
# columns: 1
 104403.698834507
 104740.5999779767
 105062.6120939151
 105370.0716771196
 105663.3152223877
 105942.6792245169
 106208.5001783045
 106461.1145785479
 106700.8589200446
 106928.0696975921
 107143.0834059876
 107346.2365400287
 107537.8655945127
 107718.3070642371
 107887.8974439993
 108046.9732285968
 108195.8709128269
 108334.926991487
 108464.4779593747
 108584.8603112872
 108696.4105420221
 108799.4651463767
 108894.3606191485
 108981.4334551349
 109061.0201491333
 109133.4571959412
 109199.0810903559
 109258.2283271748
 109311.2354011955
 109358.4388072153
 109400.1750400316
 109436.7805944419
 109468.5919652436
 109495.945647234
 109519.1781352107
 109538.6259239711
 109554.6255083125
 109567.5133830324
 109577.6260429282
 109585.2999827973
 109590.8716974372
 109594.6776816453
 109597.0544302189
 109598.3384379556
 109598.8661996527
 109598.9742101076
 109598.9989641179
 109599.2769564808
 109600.1446819939
 109601.9386354544
 109604.99531166
 109609.6512054079
 109616.2428114957
 109625.1066247206
 109636.5791398803
 109650.9968517719
 109668.6962551931
 109690.0138449412
 109715.2861158136
 109744.8495626077
 109779.040680121
 109818.195963151
 109862.6519064949
 109912.7450049503
 109968.8117533145
 110031.188646385
 110100.2121789592
 110176.2188458345
 110259.5451418084
 110350.5275616782
 110449.5026002415
 110556.8067522955
 110672.7765126377
 110797.7483760656
 110932.0588373766
 111076.044391368
 111230.0415328374
 111394.3867565821
 111569.4165573995
 111755.4674300871
 111952.8758694423
 112161.9783702625
 112383.1114273452
 112616.6115354877
 112862.8151894875
 113122.058884142
 113394.6791142486
 113681.0123746048
 113981.3951600079
 114296.1639652554
 114625.6552851447
 114970.2056144732
 115330.1514480384
 115705.8292806376
 116097.5756070684
 116505.726922128
 116930.619720614
 117372.5904973237
 117831.9757470546
 118309.1119646041


