# Created by Octave 4.0.0, Wed May 11 16:19:54 2016 CEST <peter@Independence>
# name: y
# type: matrix
# rows: 100
# columns: 1
 171043.6380925357
 168732.6232589127
 166486.9089296386
 164307.732732897
 162196.2994086556
 160153.7797711911
 158181.3096992225
 156279.9891547399
 154450.8812315747
 152695.0112347273
 151013.3657914335
 149406.8919949118
 147876.4965816961
 146423.0451434247
 145047.3613739094
 143750.2263522795
 142532.3778629429
 141394.5097530766
 140337.2713283079
 139361.2667872127
 138467.0546952105
 137655.1474983901
 136926.0110777654
 136280.0643444067
 135717.6788758537
 135239.1785941713
 134844.839485967
 134534.8893646348
 134309.5076750593
 134168.8253409565
 134112.9246549883
 134141.8392117416
 134255.5538836199
 134454.0048396437
 134737.0796071202
 135104.6171760891
 135556.4081464154
 136092.1949173452
 136711.6719193096
 137414.4858877047
 138200.23617834
 139068.475124204
 140018.7084331505
 141050.3956260655
 142162.9505150403
 143355.7417210225
 144628.0932303901
 145979.28498984
 147408.553538954
 148915.092679757
 150498.0541825505
 152156.5485272625
 153889.6456795203
 155696.3759006151
 157575.730590493
 159526.6631628707
 161548.0899515432
 163638.891146916
 165797.9117617618
 168023.9626251737
 170315.8214036562
 172672.233648262
 175091.9138666641
 177573.5466190188
 180115.7876364505
 182717.2649609713
 185376.5801056164
 188092.3092335642
 190863.0043549843
 193687.1945403349
 196563.3871488262
 199490.0690707342
 202465.7079822485
 205488.7536115166
 208557.6390145397
 211670.7818595644
 214826.5857186055
 218023.4413647307
 221259.7280737312
 224533.8149287995
 227844.0621268373
 231188.8222850084
 234566.4417461664
 237975.2618817768
 241413.62039097
 244879.8525943622
 248372.292721293
 251889.2751891388
 255429.1358733744
 258990.2133670686
 262570.8502285167
 266169.3942157301
 269784.1995065239
 273413.6279029648
 277056.0500189631
 280709.846449819
 284373.4089225622
 288045.1414259454
 291723.4613189903
 295406.8004170099


