# Created by Octave 3.8.2, Wed May 18 17:31:58 2016 CEST <Andrea@Andreas-MacBook-Pro.local>
# name: x
# type: matrix
# rows: 1
# columns: 100
 0.008333333333333333 0.008417508417508417 0.008501683501683501 0.008585858585858586 0.00867003367003367 0.008754208754208754 0.008838383838383838 0.008922558922558922 0.009006734006734006 0.00909090909090909 0.009175084175084175 0.009259259259259259 0.009343434343434343 0.009427609427609427 0.009511784511784511 0.009595959595959595 0.009680134680134681 0.009764309764309764 0.009848484848484849 0.009932659932659932 0.01001683501683502 0.0101010101010101 0.01018518518518519 0.01026936026936027 0.01035353535353535 0.01043771043771044 0.01052188552188552 0.01060606060606061 0.01069023569023569 0.01077441077441077 0.01085858585858586 0.01094276094276094 0.01102693602693603 0.01111111111111111 0.0111952861952862 0.01127946127946128 0.01136363636363636 0.01144781144781145 0.01153198653198653 0.01161616161616162 0.0117003367003367 0.01178451178451178 0.01186868686868687 0.01195286195286195 0.01203703703703704 0.01212121212121212 0.01220538720538721 0.01228956228956229 0.01237373737373737 0.01245791245791246 0.01254208754208754 0.01262626262626263 0.01271043771043771 0.01279461279461279 0.01287878787878788 0.01296296296296296 0.01304713804713805 0.01313131313131313 0.01321548821548822 0.0132996632996633 0.01338383838383838 0.01346801346801347 0.01355218855218855 0.01363636363636364 0.01372053872053872 0.01380471380471381 0.01388888888888889 0.01397306397306397 0.01405723905723906 0.01414141414141414 0.01422558922558922 0.01430976430976431 0.01439393939393939 0.01447811447811448 0.01456228956228956 0.01464646464646465 0.01473063973063973 0.01481481481481482 0.0148989898989899 0.01498316498316498 0.01506734006734007 0.01515151515151515 0.01523569023569024 0.01531986531986532 0.0154040404040404 0.01548821548821549 0.01557239057239057 0.01565656565656566 0.01574074074074074 0.01582491582491583 0.01590909090909091 0.01599326599326599 0.01607744107744108 0.01616161616161616 0.01624579124579124 0.01632996632996633 0.01641414141414142 0.0164983164983165 0.01658249158249158 0.01666666666666667


# name: y
# type: matrix
# rows: 100
# columns: 1
 81624.6894181697
 81618.78140068974
 81613.1886522873
 81607.91083742182
 81602.94741463552
 81598.29763886199
 81593.9605640025
 81589.93504576624
 81586.21974476919
 81582.81312988677
 81579.71348185418
 81576.91889710855
 81574.42729186591
 81572.23640642627
 81570.34380969878
 81568.74690393975
 81567.44292969436
 81566.42897093407
 81565.70196038036
 81565.25868500522
 81565.09579169899
 81565.2097930953
 81565.5970735428
 81566.25389521301
 81567.17640433364
 81568.3606375361
 81569.80252830597
 81571.49791352505
 81573.44254009335
 81575.63207161923
 81578.06209516581
 81580.72812804198
 81583.62562462564
 81586.74998320741
 81590.09655284275
 81593.66064020038
 81597.43751639512
 81601.42242379324
 81605.61058277842
 81609.99719846678
 81614.57746735927
 81619.34658392002
 81624.29974706973
 81629.43216658261
 81634.73906937661
 81640.215705686
 81645.85735510643
 81651.65933250227
 81657.61699376669
 81663.72574142525
 81669.98103007402
 81676.3783716436
 81682.91334048106
 81689.58157824173
 81696.3787985839
 81703.30079165904
 81710.34342839148
 81717.50266454135
 81724.77454454513
 81732.15520512908
 81739.64087869052
 81747.22789644335
 81754.9126913238
 81762.69180065361
 81770.56186855801
 81778.51964813632
 81786.56200338376
 81794.68591086344
 81802.88846112785
 81811.1668598901
 81819.51842894519
 81827.94060684233
 81836.43094931004
 81844.98712943569
 81853.60693760229
 81862.28828118515
 81871.02918401218
 81879.82778559139
 81888.68234011014
 81897.59121521072
 81906.55289054758
 81915.56595613169
 81924.62911046791
 81933.74115849193
 81942.90100931327
 81952.10767377136
 81961.36026181219
 81970.65797969306
 81980.00012702332
 81989.38609364942
 81998.8153563926
 82008.28747564789
 82017.8020918532
 82027.35892183777
 82036.95775505884
 82046.59844973605
 82056.28092889306
 82066.00517631575
 82075.77123243676
 82085.57919015588


# name: QUERY
# type: sq_string
# elements: 1
# length: 2
R2


# name: DATASIZE
# type: sq_string
# elements: 1
# length: 3
250


