# Created by Octave 3.8.2, Wed May 18 17:31:57 2016 CEST <Andrea@Andreas-MacBook-Pro.local>
# name: x
# type: matrix
# rows: 1
# columns: 100
 0.008333333333333333 0.008417508417508417 0.008501683501683501 0.008585858585858586 0.00867003367003367 0.008754208754208754 0.008838383838383838 0.008922558922558922 0.009006734006734006 0.00909090909090909 0.009175084175084175 0.009259259259259259 0.009343434343434343 0.009427609427609427 0.009511784511784511 0.009595959595959595 0.009680134680134681 0.009764309764309764 0.009848484848484849 0.009932659932659932 0.01001683501683502 0.0101010101010101 0.01018518518518519 0.01026936026936027 0.01035353535353535 0.01043771043771044 0.01052188552188552 0.01060606060606061 0.01069023569023569 0.01077441077441077 0.01085858585858586 0.01094276094276094 0.01102693602693603 0.01111111111111111 0.0111952861952862 0.01127946127946128 0.01136363636363636 0.01144781144781145 0.01153198653198653 0.01161616161616162 0.0117003367003367 0.01178451178451178 0.01186868686868687 0.01195286195286195 0.01203703703703704 0.01212121212121212 0.01220538720538721 0.01228956228956229 0.01237373737373737 0.01245791245791246 0.01254208754208754 0.01262626262626263 0.01271043771043771 0.01279461279461279 0.01287878787878788 0.01296296296296296 0.01304713804713805 0.01313131313131313 0.01321548821548822 0.0132996632996633 0.01338383838383838 0.01346801346801347 0.01355218855218855 0.01363636363636364 0.01372053872053872 0.01380471380471381 0.01388888888888889 0.01397306397306397 0.01405723905723906 0.01414141414141414 0.01422558922558922 0.01430976430976431 0.01439393939393939 0.01447811447811448 0.01456228956228956 0.01464646464646465 0.01473063973063973 0.01481481481481482 0.0148989898989899 0.01498316498316498 0.01506734006734007 0.01515151515151515 0.01523569023569024 0.01531986531986532 0.0154040404040404 0.01548821548821549 0.01557239057239057 0.01565656565656566 0.01574074074074074 0.01582491582491583 0.01590909090909091 0.01599326599326599 0.01607744107744108 0.01616161616161616 0.01624579124579124 0.01632996632996633 0.01641414141414142 0.0164983164983165 0.01658249158249158 0.01666666666666667


# name: y
# type: matrix
# rows: 1
# columns: 100
 81556.53808123231 81578.08134602157 81599.62461081085 81621.16787560011 81642.71114038937 81664.25440517864 81685.7976699679 81707.34093475716 81728.88419954643 81750.42746433569 81771.97072912495 81793.51399391421 81815.05725870348 81836.60052349274 81858.143788282 81879.68705307128 81901.23031786054 81922.7735826498 81944.31684743907 81965.86011222833 81987.40337701759 82008.94664180686 82030.48990659612 82052.03317138538 82073.57643617466 82095.11970096391 82116.66296575317 82138.20623054243 82159.74949533171 82181.29276012097 82202.83602491023 82224.3792896995 82245.92255448876 82267.46581927802 82289.00908406729 82310.55234885655 82332.09561364581 82353.63887843509 82375.18214322435 82396.7254080136 82418.26867280286 82439.81193759214 82461.3552023814 82482.89846717066 82504.44173195993 82525.98499674919 82547.52826153845 82569.07152632772 82590.61479111698 82612.15805590624 82633.70132069552 82655.24458548478 82676.78785027404 82698.33111506329 82719.87437985257 82741.41764464183 82762.96090943109 82784.50417422036 82806.04743900962 82827.59070379888 82849.13396858815 82870.67723337741 82892.22049816667 82913.76376295595 82935.30702774521 82956.85029253447 82978.39355732372 82999.936822113 83021.48008690226 83043.02335169152 83064.56661648079 83086.10988127005 83107.65314605931 83129.19641084858 83150.73967563784 83172.2829404271 83193.82620521638 83215.36947000564 83236.9127347949 83258.45599958416 83279.99926437343 83301.54252916269 83323.08579395195 83344.62905874122 83366.17232353048 83387.71558831974 83409.25885310902 83430.80211789827 83452.34538268753 83473.88864747681 83495.43191226607 83516.97517705533 83538.5184418446 83560.06170663386 83581.60497142312 83603.14823621238 83624.69150100165 83646.23476579091 83667.77803058017 83689.32129536945


# name: QUERY
# type: sq_string
# elements: 1
# length: 2
R2


# name: DATASIZE
# type: sq_string
# elements: 1
# length: 3
250


