# Created by Octave 3.8.2, Wed May 18 17:31:53 2016 CEST <Andrea@Andreas-MacBook-Pro.local>
# name: SVs
# type: cell
# rows: 1
# columns: 7
# name: <cell-element>
# type: sparse matrix
# nnz: 105
# rows: 15
# columns: 7
1 1 -0.540738219172334
2 1 2.091728137599201
3 1 -0.802641759769502
4 1 1.330864774787428
5 1 -0.1270649345368071
6 1 1.51285415812546
7 1 0.2537025206390756
8 1 -1.50843822430187
9 1 0.7352021068138691
10 1 -0.468882632393111
11 1 0.1361817011403464
12 1 1.244906689668358
13 1 -1.762283194419125
14 1 1.101195516109911
15 1 0.4988173727364251
1 2 -0.8595462025400885
2 2 1.046287182235917
3 2 0.3179727609543769
4 2 0.3384614362876686
5 2 -0.5634268571570418
6 2 0.7671773031673016
7 2 0.5035305752936229
8 2 -2.039771217493668
9 2 0.1672070368037395
10 2 -0.7366141505403381
11 2 0.2097307025898167
12 2 0.943070648009712
13 2 -1.040851650300727
14 2 2.125615135642532
15 2 0.462166645847166
1 3 0.5213696590818095
2 3 3.219651949969139
3 3 0.1960744215405241
4 3 -1.071742914517819
5 3 -0.08334584660391336
6 3 -0.8590498745869786
7 3 -0.358595662985001
8 3 -0.2418230136112063
9 3 0.4129379132347144
10 3 -0.1834366889243089
11 3 0.6298014049289047
12 3 0.3712333956012163
13 3 0.1335176450902769
14 3 -1.06340201099112
15 3 0.4379606238148133
1 4 0.0910485724207164
2 4 2.588850974854068
3 4 -0.09598494080496937
4 4 -1.153830402705085
5 4 0.9819716515495207
6 4 0.4208711118724634
7 4 -0.2166517235312183
8 4 0.01864850278496707
9 4 -0.1382183147591565
10 4 0.08501523328440395
11 4 -0.007495966805720192
12 4 0.6682380164612736
13 4 0.4148377727361509
14 4 -1.027130280842523
15 4 0.2036709029652154
1 5 -1.094684149463374
2 5 0.7302348527312915
3 5 0.9290085581747997
4 5 -0.002785586626082505
5 5 0.5314611472877833
6 5 -0.7581935081665138
7 5 0.3082647340082127
8 5 -1.453562272943292
9 5 0.5840378099904178
10 5 0.6508610522640885
11 5 -0.2487086863642112
12 5 -0.1896871424270603
13 5 -0.2490478906397121
14 5 0.5677560047663761
15 5 0.3309914204667708
1 6 -0.9875270343210901
2 6 0.8492704404800677
3 6 0.9742413340927073
4 6 -0.07908476921382586
5 6 0.4698945134416978
6 6 -0.7513183123279692
7 6 0.2831248262843464
8 6 -1.44243482013633
9 6 0.6841303310633655
10 6 0.6312580299195565
11 6 -0.2655111297403733
12 6 -0.1329870502500468
13 6 -0.3032770591288083
14 6 0.5701458896364525
15 6 0.3153975295799181
1 7 1.49098974151613
2 7 1.49098974151613
3 7 0.189332030668716
4 7 0.189332030668716
5 7 -0.5916625958397327
6 7 -1.112325680178698
7 7 -0.5916625958397327
8 7 0.189332030668716
9 7 1.49098974151613
10 7 -0.5916625958397327
11 7 1.49098974151613
12 7 -0.5916625958397327
13 7 0.189332030668716
14 7 -0.5916625958397327
15 7 1.49098974151613



# name: <cell-element>
# type: sparse matrix
# nnz: 119
# rows: 17
# columns: 7
1 1 0.6814783036144499
2 1 0.3792819106177177
3 1 -0.540738219172334
4 1 2.091728137599201
5 1 -1.00813530700728
6 1 1.330864774787428
7 1 -1.50843822430187
8 1 1.146189201289425
9 1 -0.7039242713905695
10 1 -1.644090827380403
11 1 -0.468882632393111
12 1 -0.9268780546681585
13 1 0.1341670585203681
14 1 0.4900872547165195
15 1 -1.010149949627258
16 1 1.101195516109911
17 1 0.4988173727364251
1 2 1.077600063405665
2 2 -0.7876425494836307
3 2 -0.8595462025400885
4 2 1.046287182235917
5 2 -1.378334925130231
6 2 0.3384614362876686
7 2 -2.039771217493668
8 2 0.7733625636452766
9 2 -0.7087804783894511
10 2 -2.108195661531265
11 2 -0.7366141505403381
12 2 1.303362070851748
13 2 -1.007219296451739
14 2 2.503689182358745
15 2 -1.678706637091885
16 2 2.125615135642532
17 2 0.462166645847166
1 3 -0.3919592770917996
2 3 -0.6797204487629367
3 3 0.5213696590818095
4 3 3.219651949969139
5 3 0.8716876072031938
6 3 -1.071742914517819
7 3 -0.2418230136112063
8 3 0.533881014371859
9 3 -0.9132657475105261
10 3 0.533881014371859
11 3 -0.1834366889243089
12 3 -0.8924134886937771
13 3 2.352197983192378
14 3 0.5839264355320567
15 3 -0.6296750276027389
16 3 -1.06340201099112
17 3 0.4379606238148133
1 4 -0.4459186107110912
2 4 -1.063330315660398
3 4 0.0910485724207164
4 4 2.588850974854068
5 4 0.6843269208247734
6 4 -1.153830402705085
7 4 0.01864850278496707
8 4 -0.04771822771446983
9 4 -0.8823301415710246
10 4 0.5556156859167747
11 4 0.08501523328440395
12 4 -0.8159634110715878
13 4 3.268607184211937
14 4 0.298193216100777
15 4 -0.6550743674365892
16 4 -1.027130280842523
17 4 0.2036709029652154
1 5 1.538219436974357
2 5 -2.097711192119438
3 5 -1.094684149463374
4 5 0.7302348527312915
5 5 -1.254110158948782
6 5 -0.002785586626082505
7 5 -1.453562272943292
8 5 -1.252074933295776
9 5 -0.4030466317171058
10 5 -1.884690907104894
11 5 0.6508610522640885
12 5 2.100620125754795
13 5 -1.400985610240657
14 5 1.279067370491695
15 5 -1.197123840664636
16 5 0.5677560047663761
17 5 0.3309914204667708
1 6 1.529057169471898
2 6 -2.130461388267455
3 6 -0.9875270343210901
4 6 0.8492704404800677
5 6 -1.204852791619993
6 6 -0.07908476921382586
7 6 -1.44243482013633
8 6 -1.268368218318725
9 6 -0.4491908772204891
10 6 -1.997250655515521
11 6 0.6312580299195565
12 6 2.103785949437718
13 6 -1.392309132038953
14 6 1.31482135185023
15 6 -1.202106178573562
16 6 0.5701458896364525
17 6 0.3153975295799181
1 7 -1.112325680178698
2 7 -1.112325680178698
3 7 1.49098974151613
4 7 1.49098974151613
5 7 -1.112325680178698
6 7 0.189332030668716
7 7 0.189332030668716
8 7 1.49098974151613
9 7 -1.112325680178698
10 7 -0.5916625958397327
11 7 -0.5916625958397327
12 7 -0.5916625958397327
13 7 1.49098974151613
14 7 0.189332030668716
15 7 -0.5916625958397327
16 7 -0.5916625958397327
17 7 1.49098974151613



# name: <cell-element>
# type: sparse matrix
# nnz: 49
# rows: 7
# columns: 7
1 1 1.146189201289425
2 1 -0.468882632393111
3 1 0.1341670585203681
4 1 0.4900872547165195
5 1 -1.010149949627258
6 1 1.101195516109911
7 1 0.4988173727364251
1 2 0.7733625636452766
2 2 -0.7366141505403381
3 2 -1.007219296451739
4 2 2.503689182358745
5 2 -1.678706637091885
6 2 2.125615135642532
7 2 0.462166645847166
1 3 0.533881014371859
2 3 -0.1834366889243089
3 3 2.352197983192378
4 3 0.5839264355320567
5 3 -0.6296750276027389
6 3 -1.06340201099112
7 3 0.4379606238148133
1 4 -0.04771822771446983
2 4 0.08501523328440395
3 4 3.268607184211937
4 4 0.298193216100777
5 4 -0.6550743674365892
6 4 -1.027130280842523
7 4 0.2036709029652154
1 5 -1.252074933295776
2 5 0.6508610522640885
3 5 -1.400985610240657
4 5 1.279067370491695
5 5 -1.197123840664636
6 5 0.5677560047663761
7 5 0.3309914204667708
1 6 -1.268368218318725
2 6 0.6312580299195565
3 6 -1.392309132038953
4 6 1.31482135185023
5 6 -1.202106178573562
6 6 0.5701458896364525
7 6 0.3153975295799181
1 7 1.49098974151613
2 7 -0.5916625958397327
3 7 1.49098974151613
4 7 0.189332030668716
5 7 -0.5916625958397327
6 7 -0.5916625958397327
7 7 1.49098974151613



