# Created by Octave 3.8.2, Wed May 18 17:31:58 2016 CEST <Andrea@Andreas-MacBook-Pro.local>
# name: x
# type: matrix
# rows: 1
# columns: 100
 0.008333333333333333 0.008417508417508417 0.008501683501683501 0.008585858585858586 0.00867003367003367 0.008754208754208754 0.008838383838383838 0.008922558922558922 0.009006734006734006 0.00909090909090909 0.009175084175084175 0.009259259259259259 0.009343434343434343 0.009427609427609427 0.009511784511784511 0.009595959595959595 0.009680134680134681 0.009764309764309764 0.009848484848484849 0.009932659932659932 0.01001683501683502 0.0101010101010101 0.01018518518518519 0.01026936026936027 0.01035353535353535 0.01043771043771044 0.01052188552188552 0.01060606060606061 0.01069023569023569 0.01077441077441077 0.01085858585858586 0.01094276094276094 0.01102693602693603 0.01111111111111111 0.0111952861952862 0.01127946127946128 0.01136363636363636 0.01144781144781145 0.01153198653198653 0.01161616161616162 0.0117003367003367 0.01178451178451178 0.01186868686868687 0.01195286195286195 0.01203703703703704 0.01212121212121212 0.01220538720538721 0.01228956228956229 0.01237373737373737 0.01245791245791246 0.01254208754208754 0.01262626262626263 0.01271043771043771 0.01279461279461279 0.01287878787878788 0.01296296296296296 0.01304713804713805 0.01313131313131313 0.01321548821548822 0.0132996632996633 0.01338383838383838 0.01346801346801347 0.01355218855218855 0.01363636363636364 0.01372053872053872 0.01380471380471381 0.01388888888888889 0.01397306397306397 0.01405723905723906 0.01414141414141414 0.01422558922558922 0.01430976430976431 0.01439393939393939 0.01447811447811448 0.01456228956228956 0.01464646464646465 0.01473063973063973 0.01481481481481482 0.0148989898989899 0.01498316498316498 0.01506734006734007 0.01515151515151515 0.01523569023569024 0.01531986531986532 0.0154040404040404 0.01548821548821549 0.01557239057239057 0.01565656565656566 0.01574074074074074 0.01582491582491583 0.01590909090909091 0.01599326599326599 0.01607744107744108 0.01616161616161616 0.01624579124579124 0.01632996632996633 0.01641414141414142 0.0164983164983165 0.01658249158249158 0.01666666666666667


# name: y
# type: matrix
# rows: 100
# columns: 1
 82467.33579308113
 82469.24563503019
 82471.06519434981
 82472.79665706008
 82474.44220918111
 82476.00403673295
 82477.4843257357
 82478.88526220943
 82480.20903217424
 82481.4578216502
 82482.6338166574
 82483.73920321593
 82484.77616734584
 82485.74689506725
 82486.65357240023
 82487.49838536486
 82488.28351998123
 82489.01116226941
 82489.68349824949
 82490.30271394155
 82490.87099536569
 82491.39052854198
 82491.86349949049
 82492.29209423132
 82492.67849878456
 82493.02489917027
 82493.33348140854
 82493.60643151947
 82493.84593552313
 82494.0541794396
 82494.23334928896
 82494.38563109131
 82494.51321086672
 82494.61827463527
 82494.70300841705
 82494.76959823215
 82494.82023010064
 82494.8570900426
 82494.88236407813
 82494.8982382273
 82494.90689851019
 82494.9105309469
 82494.91132155749
 82494.91145636207
 82494.9131213807
 82494.91850263347
 82494.92978614046
 82494.94915792176
 82494.97880399745
 82495.02091038763
 82495.07766311234
 82495.1512481917
 82495.24385164578
 82495.35765949466
 82495.49485775844
 82495.65763245718
 82495.84816961098
 82496.06865523991
 82496.32127536407
 82496.60821600353
 82496.93166317837
 82497.29380290868
 82497.69682121454
 82498.14290411604
 82498.63423763326
 82499.17300778627
 82499.76140059516
 82500.40160208003
 82501.09579826094
 82501.84617515799
 82502.65491879125
 82503.52421518081
 82504.45625034675
 82505.45321030915
 82506.5172810881
 82507.65064870368
 82508.85549917597
 82510.13401852506
 82511.48839277103
 82512.92080793396
 82514.43345003393
 82516.02850509105
 82517.70815912535
 82519.47459815696
 82521.33000820594
 82523.27657529239
 82525.31648543637
 82527.45192465799
 82529.6850789773
 82532.01813441442
 82534.4532769894
 82536.99269272234
 82539.63856763333
 82542.39308774244
 82545.25843906976
 82548.23680763536
 82551.33037945934
 82554.54134056176
 82557.87187696273
 82561.32417468232


# name: QUERY
# type: sq_string
# elements: 1
# length: 2
R2


# name: DATASIZE
# type: sq_string
# elements: 1
# length: 3
250


