# Created by Octave 3.8.2, Wed May 18 17:31:58 2016 CEST <Andrea@Andreas-MacBook-Pro.local>
# name: x
# type: matrix
# rows: 1
# columns: 100
 0.008333333333333333 0.008417508417508417 0.008501683501683501 0.008585858585858586 0.00867003367003367 0.008754208754208754 0.008838383838383838 0.008922558922558922 0.009006734006734006 0.00909090909090909 0.009175084175084175 0.009259259259259259 0.009343434343434343 0.009427609427609427 0.009511784511784511 0.009595959595959595 0.009680134680134681 0.009764309764309764 0.009848484848484849 0.009932659932659932 0.01001683501683502 0.0101010101010101 0.01018518518518519 0.01026936026936027 0.01035353535353535 0.01043771043771044 0.01052188552188552 0.01060606060606061 0.01069023569023569 0.01077441077441077 0.01085858585858586 0.01094276094276094 0.01102693602693603 0.01111111111111111 0.0111952861952862 0.01127946127946128 0.01136363636363636 0.01144781144781145 0.01153198653198653 0.01161616161616162 0.0117003367003367 0.01178451178451178 0.01186868686868687 0.01195286195286195 0.01203703703703704 0.01212121212121212 0.01220538720538721 0.01228956228956229 0.01237373737373737 0.01245791245791246 0.01254208754208754 0.01262626262626263 0.01271043771043771 0.01279461279461279 0.01287878787878788 0.01296296296296296 0.01304713804713805 0.01313131313131313 0.01321548821548822 0.0132996632996633 0.01338383838383838 0.01346801346801347 0.01355218855218855 0.01363636363636364 0.01372053872053872 0.01380471380471381 0.01388888888888889 0.01397306397306397 0.01405723905723906 0.01414141414141414 0.01422558922558922 0.01430976430976431 0.01439393939393939 0.01447811447811448 0.01456228956228956 0.01464646464646465 0.01473063973063973 0.01481481481481482 0.0148989898989899 0.01498316498316498 0.01506734006734007 0.01515151515151515 0.01523569023569024 0.01531986531986532 0.0154040404040404 0.01548821548821549 0.01557239057239057 0.01565656565656566 0.01574074074074074 0.01582491582491583 0.01590909090909091 0.01599326599326599 0.01607744107744108 0.01616161616161616 0.01624579124579124 0.01632996632996633 0.01641414141414142 0.0164983164983165 0.01658249158249158 0.01666666666666667


# name: y
# type: matrix
# rows: 100
# columns: 1
 82252.06447431922
 82252.00362789622
 82251.9470443999
 82251.8945199123
 82251.84585551344
 82251.80085728134
 82251.759336292
 82251.72110861943
 82251.68599533559
 82251.65382251046
 82251.62442121201
 82251.59762750618
 82251.57328245693
 82251.55123212616
 82251.53132757382
 82251.51342485778
 82251.49738503397
 82251.48307415628
 82251.47036327656
 82251.45912844469
 82251.44925070854
 82251.44061611392
 82251.43311570468
 82251.42664552266
 82251.42110660764
 82251.41640499745
 82251.41245172785
 82251.40916283266
 82251.40645934361
 82251.40426729048
 82251.402517701
 82251.40114660094
 82251.40009501399
 82251.39930896189
 82251.39873946433
 82251.39834253902
 82251.39807920162
 82251.39791546583
 82251.39782234329
 82251.39777584367
 82251.39775697459
 82251.39775174169
 82251.3977511486
 82251.39775119691
 82251.39775288625
 82251.39776221415
 82251.39779017624
 82251.39785276605
 82251.39797097517
 82251.39817079311
 82251.39848320743
 82251.39894420364
 82251.39959476524
 82251.40048087377
 82251.40165350867
 82251.40316864746
 82251.40508726559
 82251.40747533654
 82251.41040383173
 82251.41394872061
 82251.41819097061
 82251.42321654715
 82251.42911641361
 82251.43598653142
 82251.44392785993
 82251.45304635653
 82251.46345297659
 82251.47526367346
 82251.48859939846
 82251.50358610094
 82251.52035472821
 82251.53904122559
 82251.55978653637
 82251.58273660183
 82251.60804236126
 82251.63585975193
 82251.66634970908
 82251.69967816595
 82251.73601605379
 82251.77553930183
 82251.81842883726
 82251.8648705853
 82251.91505546913
 82251.96917940993
 82252.02744332688
 82252.09005313713
 82252.15721975584
 82252.22915909612
 82252.30609206914
 82252.38824458397
 82252.47584754776
 82252.56913686555
 82252.66835344049
 82252.7737431736
 82252.88555696397
 82253.00405070864
 82253.12948530266
 82253.26212663906
 82253.40224560884
 82253.55011810105


# name: QUERY
# type: sq_string
# elements: 1
# length: 2
R2


# name: DATASIZE
# type: sq_string
# elements: 1
# length: 3
250


