# Created by Octave 3.8.2, Wed May 18 17:31:58 2016 CEST <Andrea@Andreas-MacBook-Pro.local>
# name: x
# type: matrix
# rows: 1
# columns: 100
 0.008333333333333333 0.008417508417508417 0.008501683501683501 0.008585858585858586 0.00867003367003367 0.008754208754208754 0.008838383838383838 0.008922558922558922 0.009006734006734006 0.00909090909090909 0.009175084175084175 0.009259259259259259 0.009343434343434343 0.009427609427609427 0.009511784511784511 0.009595959595959595 0.009680134680134681 0.009764309764309764 0.009848484848484849 0.009932659932659932 0.01001683501683502 0.0101010101010101 0.01018518518518519 0.01026936026936027 0.01035353535353535 0.01043771043771044 0.01052188552188552 0.01060606060606061 0.01069023569023569 0.01077441077441077 0.01085858585858586 0.01094276094276094 0.01102693602693603 0.01111111111111111 0.0111952861952862 0.01127946127946128 0.01136363636363636 0.01144781144781145 0.01153198653198653 0.01161616161616162 0.0117003367003367 0.01178451178451178 0.01186868686868687 0.01195286195286195 0.01203703703703704 0.01212121212121212 0.01220538720538721 0.01228956228956229 0.01237373737373737 0.01245791245791246 0.01254208754208754 0.01262626262626263 0.01271043771043771 0.01279461279461279 0.01287878787878788 0.01296296296296296 0.01304713804713805 0.01313131313131313 0.01321548821548822 0.0132996632996633 0.01338383838383838 0.01346801346801347 0.01355218855218855 0.01363636363636364 0.01372053872053872 0.01380471380471381 0.01388888888888889 0.01397306397306397 0.01405723905723906 0.01414141414141414 0.01422558922558922 0.01430976430976431 0.01439393939393939 0.01447811447811448 0.01456228956228956 0.01464646464646465 0.01473063973063973 0.01481481481481482 0.0148989898989899 0.01498316498316498 0.01506734006734007 0.01515151515151515 0.01523569023569024 0.01531986531986532 0.0154040404040404 0.01548821548821549 0.01557239057239057 0.01565656565656566 0.01574074074074074 0.01582491582491583 0.01590909090909091 0.01599326599326599 0.01607744107744108 0.01616161616161616 0.01624579124579124 0.01632996632996633 0.01641414141414142 0.0164983164983165 0.01658249158249158 0.01666666666666667


# name: y
# type: matrix
# rows: 100
# columns: 1
 82268.43277913841
 82268.42771201514
 82268.4232225857
 82268.41925691404
 82268.41576493246
 82268.41270025201
 82268.41001997775
 82268.40768452863
 82268.40565746237
 82268.40390530477
 82268.40239738417
 82268.40110567026
 82268.40000461803
 82268.39907101625
 82268.39828384075
 82268.39762411259
 82268.39707476074
 82268.39662048983
 82268.39624765243
 82268.39594412615
 82268.39569919561
 82268.39550343901
 82268.39534861957
 82268.3952275817
 82268.39513415194
 82268.39506304468
 82268.39500977253
 82268.3949705617
 82268.3949422718
 82268.39492232077
 82268.39490861425
 82268.39489947994
 82268.3948936066
 82268.39488998785
 82268.39488787076
 82268.39488670914
 82268.39488612168
 82268.39488585471
 82268.39488574991
 82268.39488571663
 82268.39488570907
 82268.39488570813
 82268.39488570808
 82268.39488570808
 82268.39488570824
 82268.39488571064
 82268.39488572507
 82268.39488577939
 82268.39488593495
 82268.39488630646
 82268.39488708678
 82268.39488857647
 82268.39489121809
 82268.39489563524
 82268.39490267633
 82268.39491346327
 82268.39492944469
 82268.39495245417
 82268.39498477295
 82268.39502919772
 82268.39508911295
 82268.39516856796
 82268.39527235903
 82268.39540611587
 82268.39557639325
 82268.39579076703
 82268.39605793529
 82268.39638782397
 82268.39679169738
 82268.39728227349
 82268.3978738439
 82268.39858239864
 82268.39942575576
 82268.40042369558
 82268.40159809978
 82268.40297309523
 82268.40457520264
 82268.40643348981
 82268.40857972986
 82268.41104856407
 82268.41387766949
 82268.41710793141
 82268.42078362053
 82268.42495257485
 82268.42966638638
 82268.43498059268
 82268.44095487295
 82268.4476532491
 82268.45514429153
 82268.46350132952
 82268.47280266666
 82268.48313180075
 82268.49457764867
 82268.50723477597
 82268.5212036311
 82268.53659078458
 82268.55350917284
 82268.5720783468
 82268.59242472524
 82268.61468185303


# name: QUERY
# type: sq_string
# elements: 1
# length: 2
R2


# name: DATASIZE
# type: sq_string
# elements: 1
# length: 3
250


