# Created by Octave 3.8.2, Wed May 18 17:31:58 2016 CEST <Andrea@Andreas-MacBook-Pro.local>
# name: x
# type: matrix
# rows: 1
# columns: 100
 0.008333333333333333 0.008417508417508417 0.008501683501683501 0.008585858585858586 0.00867003367003367 0.008754208754208754 0.008838383838383838 0.008922558922558922 0.009006734006734006 0.00909090909090909 0.009175084175084175 0.009259259259259259 0.009343434343434343 0.009427609427609427 0.009511784511784511 0.009595959595959595 0.009680134680134681 0.009764309764309764 0.009848484848484849 0.009932659932659932 0.01001683501683502 0.0101010101010101 0.01018518518518519 0.01026936026936027 0.01035353535353535 0.01043771043771044 0.01052188552188552 0.01060606060606061 0.01069023569023569 0.01077441077441077 0.01085858585858586 0.01094276094276094 0.01102693602693603 0.01111111111111111 0.0111952861952862 0.01127946127946128 0.01136363636363636 0.01144781144781145 0.01153198653198653 0.01161616161616162 0.0117003367003367 0.01178451178451178 0.01186868686868687 0.01195286195286195 0.01203703703703704 0.01212121212121212 0.01220538720538721 0.01228956228956229 0.01237373737373737 0.01245791245791246 0.01254208754208754 0.01262626262626263 0.01271043771043771 0.01279461279461279 0.01287878787878788 0.01296296296296296 0.01304713804713805 0.01313131313131313 0.01321548821548822 0.0132996632996633 0.01338383838383838 0.01346801346801347 0.01355218855218855 0.01363636363636364 0.01372053872053872 0.01380471380471381 0.01388888888888889 0.01397306397306397 0.01405723905723906 0.01414141414141414 0.01422558922558922 0.01430976430976431 0.01439393939393939 0.01447811447811448 0.01456228956228956 0.01464646464646465 0.01473063973063973 0.01481481481481482 0.0148989898989899 0.01498316498316498 0.01506734006734007 0.01515151515151515 0.01523569023569024 0.01531986531986532 0.0154040404040404 0.01548821548821549 0.01557239057239057 0.01565656565656566 0.01574074074074074 0.01582491582491583 0.01590909090909091 0.01599326599326599 0.01607744107744108 0.01616161616161616 0.01624579124579124 0.01632996632996633 0.01641414141414142 0.0164983164983165 0.01658249158249158 0.01666666666666667


# name: y
# type: matrix
# rows: 100
# columns: 1
 82525.37437481794
 82524.70934159546
 82524.0602182587
 82523.42700480763
 82522.80970124227
 82522.20830756261
 82521.62282376867
 82521.05324986042
 82520.49958583788
 82519.96183170105
 82519.43998744992
 82518.93405308449
 82518.44402860478
 82517.96991401077
 82517.51170930246
 82517.06941447985
 82516.64302954296
 82516.23255449175
 82515.83798932628
 82515.45933404649
 82515.09658865242
 82514.74975314405
 82514.41882752137
 82514.10381178441
 82513.80470593316
 82513.5215099676
 82513.25422388775
 82513.00284769361
 82512.76738138519
 82512.54782496244
 82512.34417842542
 82512.1564417741
 82511.98461500849
 82511.82869812858
 82511.68869113438
 82511.56459402587
 82511.45640680307
 82511.36412946599
 82511.2877620146
 82511.22730444893
 82511.18275676895
 82511.15411897468
 82511.14139106611
 82511.14457304326
 82511.1636649061
 82511.19866665466
 82511.2495782889
 82511.31639980887
 82511.39913121454
 82511.49777250591
 82511.61232368299
 82511.74278474577
 82511.88915569425
 82512.05143652845
 82512.22962724835
 82512.42372785395
 82512.63373834526
 82512.85965872227
 82513.10148898499
 82513.35922913341
 82513.63287916753
 82513.92243908737
 82514.22790889291
 82514.54928858415
 82514.88657816111
 82515.23977762376
 82515.60888697211
 82515.99390620619
 82516.39483532595
 82516.81167433143
 82517.24442322261
 82517.69308199949
 82518.15765066209
 82518.63812921038
 82519.13451764439
 82519.64681596409
 82520.1750241695
 82520.71914226061
 82521.27917023744
 82521.85510809996
 82522.44695584819
 82523.05471348212
 82523.67838100177
 82524.31795840712
 82524.97344569817
 82525.64484287493
 82526.33214993739
 82527.03536688555
 82527.75449371943
 82528.48953043901
 82529.2404770443
 82530.00733353528
 82530.79009991197
 82531.58877617438
 82532.40336232248
 82533.23385835628
 82534.08026427581
 82534.94258008101
 82535.82080577195
 82536.71494134857


# name: QUERY
# type: sq_string
# elements: 1
# length: 2
R2


# name: DATASIZE
# type: sq_string
# elements: 1
# length: 3
250


