# Created by Octave 3.8.2, Wed May 11 13:49:42 2016 CEST <Andrea@Andreas-MacBook-Pro.local>
# name: ylin
# type: matrix
# rows: 1
# columns: 100
 299962.0392949003 298272.4138598044 296582.7884247085 294893.1629896126 293203.5375545167 291513.9121194208 289824.2866843248 288134.661249229 286445.0358141331 284755.4103790371 283065.7849439412 281376.1595088454 279686.5340737494 277996.9086386535 276307.2832035576 274617.6577684617 272928.0323333658 271238.4068982699 269548.781463174 267859.1560280781 266169.5305929822 264479.9051578863 262790.2797227904 261100.6542876945 259411.0288525986 257721.4034175026 256031.7779824068 254342.1525473108 252652.5271122149 250962.901677119 249273.2762420231 247583.6508069272 245894.0253718313 244204.3999367354 242514.7745016395 240825.1490665436 239135.5236314477 237445.8981963518 235756.2727612559 234066.64732616 232377.0218910641 230687.3964559681 228997.7710208723 227308.1455857763 225618.5201506804 223928.8947155845 222239.2692804886 220549.6438453927 218860.0184102968 217170.3929752009 215480.767540105 213791.1421050091 212101.5166699132 210411.8912348173 208722.2657997214 207032.6403646255 205343.0149295295 203653.3894944336 201963.7640593377 200274.1386242418 198584.5131891459 196894.88775405 195205.2623189541 193515.6368838582 191826.0114487623 190136.3860136664 188446.7605785705 186757.1351434746 185067.5097083787 183377.8842732828 181688.2588381869 179998.6334030909 178309.0079679951 176619.3825328992 174929.7570978032 173240.1316627073 171550.5062276114 169860.8807925155 168171.2553574196 166481.6299223237 164792.0044872278 163102.3790521319 161412.753617036 159723.1281819401 158033.5027468442 156343.8773117482 154654.2518766524 152964.6264415564 151275.0010064605 149585.3755713646 147895.7501362687 146206.1247011728 144516.4992660769 142826.873830981 141137.2483958851 139447.6229607892 137757.9975256933 136068.3720905974 134378.7466555015 132689.1212204056


