# Created by Octave 4.0.0, Mon May 23 13:48:10 2016 CEST <peter@Independence>
# name: x
# type: matrix
# rows: 1
# columns: 100
 60 60.60606060606061 61.21212121212121 61.81818181818181 62.42424242424242 63.03030303030303 63.63636363636364 64.24242424242425 64.84848484848484 65.45454545454545 66.06060606060606 66.66666666666666 67.27272727272727 67.87878787878788 68.48484848484848 69.09090909090909 69.69696969696969 70.3030303030303 70.90909090909091 71.51515151515152 72.12121212121212 72.72727272727272 73.33333333333333 73.93939393939394 74.54545454545455 75.15151515151516 75.75757575757575 76.36363636363636 76.96969696969697 77.57575757575758 78.18181818181819 78.78787878787878 79.39393939393939 80 80.60606060606061 81.2121212121212 81.81818181818181 82.42424242424242 83.03030303030303 83.63636363636364 84.24242424242425 84.84848484848484 85.45454545454545 86.06060606060606 86.66666666666667 87.27272727272727 87.87878787878788 88.48484848484848 89.09090909090909 89.6969696969697 90.3030303030303 90.90909090909091 91.51515151515152 92.12121212121212 92.72727272727272 93.33333333333333 93.93939393939394 94.54545454545455 95.15151515151514 95.75757575757576 96.36363636363636 96.96969696969697 97.57575757575758 98.18181818181819 98.78787878787878 99.39393939393939 100 100.6060606060606 101.2121212121212 101.8181818181818 102.4242424242424 103.030303030303 103.6363636363636 104.2424242424242 104.8484848484848 105.4545454545455 106.0606060606061 106.6666666666667 107.2727272727273 107.8787878787879 108.4848484848485 109.0909090909091 109.6969696969697 110.3030303030303 110.9090909090909 111.5151515151515 112.1212121212121 112.7272727272727 113.3333333333333 113.9393939393939 114.5454545454545 115.1515151515152 115.7575757575758 116.3636363636364 116.969696969697 117.5757575757576 118.1818181818182 118.7878787878788 119.3939393939394 120


# name: y
# type: matrix
# rows: 100
# columns: 1
 1007537.618866777
 1001491.264424574
 994423.7349772777
 986354.7237601563
 977309.802368455
 967320.2902773004
 956423.0725530941
 944660.3670820652
 932079.44322537
 918732.294372774
 904675.2674005786
 889968.6525366982
 874676.2375897393
 858864.8309034957
 842603.7577480148
 825964.3351488673
 809019.3303838642
 791842.4085386404
 774507.5746076959
 757088.6156550939
 739658.548509513
 722289.0783632193
 705050.0734761073
 688009.0609575784
 671230.7483147394
 654776.5751200566
 638704.2987705983
 623067.6178903671
 607915.8364732941
 593293.5713839643
 579240.5053329192
 565791.1869303748
 552974.8789032921
 540815.4550426807
 529331.3459372739
 518535.5330524251
 508435.5902349253
 499033.7712706284
 490327.1416969217
 482307.7526801989
 474962.8544129595
 468275.1461686708
 462223.0598771125
 456781.0738499386
 451920.0530963488
 447607.6125221487
 443808.499201585
 440484.9898491554
 437597.2995965801
 435103.9981963475
 432962.4298254389
 431129.132748379
 429560.255214886
 428211.9641111189
 427040.8430518239
 426004.2767904704
 425060.8190327172
 424170.5409622854
 423295.3580247044
 422399.3327607539
 421448.9517352505
 420413.3748658372
 419264.6557185425
 417977.9316002262
 416531.5825409724
 414907.3585205848
 413090.4745513077
 411069.6734826472
 408837.2566427059
 406389.0826729235
 403724.5351487073
 400846.4598063976
 397761.0724165897
 394477.8385542557
 391009.3267165747
 387371.0364290371
 383581.2031582856
 379660.5820153133
 375632.2123839482
 371521.1657458902
 367354.2790936909
 363159.8764257796
 358967.4809016425
 354807.5202993723
 350711.0284608135
 346709.3454303867
 342833.8189914232
 339115.5102777272
 335584.9060875491
 332271.6404519163
 329204.2279093067
 326409.8108142801
 323913.9228595513
 321740.2708200908
 319910.5363355386
 318444.1993352368
 317358.3844806008
 316667.7317547606
 316384.2920721219
 316517.4485137096


# name: QUERY
# type: sq_string
# elements: 1
# length: 2
R3


# name: DATASIZE
# type: sq_string
# elements: 1
# length: 3
500


