# Created by Octave 4.0.0, Wed May 18 23:49:08 2016 CEST <peter@Independence>
# name: x
# type: matrix
# rows: 1
# columns: 100
 60 60.60606060606061 61.21212121212121 61.81818181818181 62.42424242424242 63.03030303030303 63.63636363636364 64.24242424242425 64.84848484848484 65.45454545454545 66.06060606060606 66.66666666666666 67.27272727272727 67.87878787878788 68.48484848484848 69.09090909090909 69.69696969696969 70.3030303030303 70.90909090909091 71.51515151515152 72.12121212121212 72.72727272727272 73.33333333333333 73.93939393939394 74.54545454545455 75.15151515151516 75.75757575757575 76.36363636363636 76.96969696969697 77.57575757575758 78.18181818181819 78.78787878787878 79.39393939393939 80 80.60606060606061 81.2121212121212 81.81818181818181 82.42424242424242 83.03030303030303 83.63636363636364 84.24242424242425 84.84848484848484 85.45454545454545 86.06060606060606 86.66666666666667 87.27272727272727 87.87878787878788 88.48484848484848 89.09090909090909 89.6969696969697 90.3030303030303 90.90909090909091 91.51515151515152 92.12121212121212 92.72727272727272 93.33333333333333 93.93939393939394 94.54545454545455 95.15151515151514 95.75757575757576 96.36363636363636 96.96969696969697 97.57575757575758 98.18181818181819 98.78787878787878 99.39393939393939 100 100.6060606060606 101.2121212121212 101.8181818181818 102.4242424242424 103.030303030303 103.6363636363636 104.2424242424242 104.8484848484848 105.4545454545455 106.0606060606061 106.6666666666667 107.2727272727273 107.8787878787879 108.4848484848485 109.0909090909091 109.6969696969697 110.3030303030303 110.9090909090909 111.5151515151515 112.1212121212121 112.7272727272727 113.3333333333333 113.9393939393939 114.5454545454545 115.1515151515152 115.7575757575758 116.3636363636364 116.969696969697 117.5757575757576 118.1818181818182 118.7878787878788 119.3939393939394 120


# name: y
# type: matrix
# rows: 100
# columns: 1
 1020233.738503195
 1013077.811318601
 1004819.877970726
 995483.7032664642
 985099.577717761
 973704.1716088846
 961340.3310893307
 948056.8176375064
 933907.99289149
 918953.4514739956
 903257.6050404403
 886889.2213434461
 869920.9226264905
 852428.64812675
 834491.0858762474
 816189.079335924
 797605.0146748959
 778822.194713617
 759924.2056827726
 740994.2830083356
 722114.6823173237
 703366.0617694539
 684826.881659206
 666572.8270038492
 648676.2585397779
 631205.6971968529
 614225.3467139415
 597794.6586046804
 581967.9431873673
 566794.0298639472
 552315.9792776582
 538570.8494046234
 525589.5170490466
 513396.5556222311
 502010.1694996357
 491442.1846746471
 481698.0948692472
 472777.1617264255
 464672.5672025991
 457371.6158053962
 450855.983887261
 445102.012812049
 440081.0424630025
 435759.7812584418
 432100.7085876441
 429062.5053745272
 426600.5083210495
 424667.1832752098
 423212.6131091376
 422184.9954794771
 421531.1458730419
 421197.0014132145
 421128.1210140241
 421270.1776163336
 421569.4384209231
 421973.2292432143
 422430.3793506005
 422891.6434024537
 423310.0973916357
 423641.5057814185
 423844.6573401274
 423881.6674944966
 423718.2453489401
 423323.9238490319
 422672.2519010338
 421740.9475930278
 420512.0119950206
 418971.8033433343
 417111.0717369039
 414924.9547880645
 412412.9349764483
 409578.7597502512
 406430.3257028494
 402979.5284232175
 399242.079874334
 395237.2953934506
 390987.8526302744
 386519.5249424601
 381860.8919508603
 377043.0301183977
 372099.1863548531
 367064.4377639645
 361975.3407377846
 356869.5726651223
 351785.5695550698
 346762.1628822674
 341838.2189370653
 337052.283910694
 332442.2378628591
 328044.9606070265
 323896.01240755
 320029.3322136616
 316476.9559593712
 313268.7572371862
 310432.2124092473
 307992.1919543353
 305970.7795660013
 304387.120218785
 303257.298109505
 302594.245062462


# name: QUERY
# type: sq_string
# elements: 1
# length: 2
R3


# name: DATASIZE
# type: sq_string
# elements: 1
# length: 3
500


