# Created by Octave 4.0.0, Mon May 23 13:48:10 2016 CEST <peter@Independence>
# name: x
# type: matrix
# rows: 1
# columns: 100
 60 60.60606060606061 61.21212121212121 61.81818181818181 62.42424242424242 63.03030303030303 63.63636363636364 64.24242424242425 64.84848484848484 65.45454545454545 66.06060606060606 66.66666666666666 67.27272727272727 67.87878787878788 68.48484848484848 69.09090909090909 69.69696969696969 70.3030303030303 70.90909090909091 71.51515151515152 72.12121212121212 72.72727272727272 73.33333333333333 73.93939393939394 74.54545454545455 75.15151515151516 75.75757575757575 76.36363636363636 76.96969696969697 77.57575757575758 78.18181818181819 78.78787878787878 79.39393939393939 80 80.60606060606061 81.2121212121212 81.81818181818181 82.42424242424242 83.03030303030303 83.63636363636364 84.24242424242425 84.84848484848484 85.45454545454545 86.06060606060606 86.66666666666667 87.27272727272727 87.87878787878788 88.48484848484848 89.09090909090909 89.6969696969697 90.3030303030303 90.90909090909091 91.51515151515152 92.12121212121212 92.72727272727272 93.33333333333333 93.93939393939394 94.54545454545455 95.15151515151514 95.75757575757576 96.36363636363636 96.96969696969697 97.57575757575758 98.18181818181819 98.78787878787878 99.39393939393939 100 100.6060606060606 101.2121212121212 101.8181818181818 102.4242424242424 103.030303030303 103.6363636363636 104.2424242424242 104.8484848484848 105.4545454545455 106.0606060606061 106.6666666666667 107.2727272727273 107.8787878787879 108.4848484848485 109.0909090909091 109.6969696969697 110.3030303030303 110.9090909090909 111.5151515151515 112.1212121212121 112.7272727272727 113.3333333333333 113.9393939393939 114.5454545454545 115.1515151515152 115.7575757575758 116.3636363636364 116.969696969697 117.5757575757576 118.1818181818182 118.7878787878788 119.3939393939394 120


# name: y
# type: matrix
# rows: 100
# columns: 1
 835050.5503193837
 828664.6917200836
 822278.8331207919
 815892.9745214984
 809507.1159222057
 803121.2573229139
 796735.3987236222
 790349.540124329
 783963.6815250295
 777577.8229257367
 771191.9643264444
 764806.1057271499
 758420.2471278568
 752034.3885285632
 745648.5299292689
 739262.6713299743
 732876.8127306802
 726490.9541313865
 720105.095532094
 713719.2369327992
 707333.3783335078
 700947.5197342099
 694561.6611349164
 688175.8025356249
 681789.9439363284
 675404.0853370354
 669018.2267377415
 662632.3681384469
 656246.5095391563
 649860.6509398604
 643474.7923405676
 637088.9337412723
 630703.07514198
 624317.2165426859
 617931.3579433911
 611545.4993440976
 605159.640744805
 598773.7821455114
 592387.9235462168
 586002.0649469233
 579616.2063476294
 573230.3477483353
 566844.489149041
 560458.6305497477
 554072.7719504541
 547686.91335116
 541301.0547518663
 534915.1961525725
 528529.3375532785
 522143.4789539847
 515757.6203546906
 509371.7617553968
 502985.903156103
 496600.0445568092
 490214.1859575158
 483828.3273582221
 477442.4687589281
 471056.6101596341
 464670.7515603405
 458284.8929610471
 451899.0343617516
 445513.1757624595
 439127.3171631655
 432741.4585638714
 426355.5999645758
 419969.7413652822
 413583.8827659893
 407198.0241666941
 400812.1655674022
 394426.3069681075
 388040.4483688148
 381654.5897695224
 375268.7311702245
 368882.8725709327
 362497.0139716387
 356111.1553723462
 349725.2967730537
 343339.4381737582
 336953.5795744607
 330567.7209751693
 324181.8623758757
 317796.0037765848
 311410.1451772888
 305024.2865779924
 298638.4279787031
 292252.5693794067
 285866.7107801157
 279480.8521808223
 273094.9935815252
 266709.1349822345
 260323.2763829379
 253937.4177836418
 247551.5591843493
 241165.7005850558
 234779.8419857642
 228393.9833864726
 222008.1247871755
 215622.2661878834
 209236.4075885882
 202850.5489892943


# name: QUERY
# type: sq_string
# elements: 1
# length: 2
R3


# name: DATASIZE
# type: sq_string
# elements: 1
# length: 3
500


