# Created by Octave 4.0.0, Mon May 23 13:48:10 2016 CEST <peter@Independence>
# name: x
# type: matrix
# rows: 1
# columns: 100
 60 60.60606060606061 61.21212121212121 61.81818181818181 62.42424242424242 63.03030303030303 63.63636363636364 64.24242424242425 64.84848484848484 65.45454545454545 66.06060606060606 66.66666666666666 67.27272727272727 67.87878787878788 68.48484848484848 69.09090909090909 69.69696969696969 70.3030303030303 70.90909090909091 71.51515151515152 72.12121212121212 72.72727272727272 73.33333333333333 73.93939393939394 74.54545454545455 75.15151515151516 75.75757575757575 76.36363636363636 76.96969696969697 77.57575757575758 78.18181818181819 78.78787878787878 79.39393939393939 80 80.60606060606061 81.2121212121212 81.81818181818181 82.42424242424242 83.03030303030303 83.63636363636364 84.24242424242425 84.84848484848484 85.45454545454545 86.06060606060606 86.66666666666667 87.27272727272727 87.87878787878788 88.48484848484848 89.09090909090909 89.6969696969697 90.3030303030303 90.90909090909091 91.51515151515152 92.12121212121212 92.72727272727272 93.33333333333333 93.93939393939394 94.54545454545455 95.15151515151514 95.75757575757576 96.36363636363636 96.96969696969697 97.57575757575758 98.18181818181819 98.78787878787878 99.39393939393939 100 100.6060606060606 101.2121212121212 101.8181818181818 102.4242424242424 103.030303030303 103.6363636363636 104.2424242424242 104.8484848484848 105.4545454545455 106.0606060606061 106.6666666666667 107.2727272727273 107.8787878787879 108.4848484848485 109.0909090909091 109.6969696969697 110.3030303030303 110.9090909090909 111.5151515151515 112.1212121212121 112.7272727272727 113.3333333333333 113.9393939393939 114.5454545454545 115.1515151515152 115.7575757575758 116.3636363636364 116.969696969697 117.5757575757576 118.1818181818182 118.7878787878788 119.3939393939394 120


# name: y
# type: matrix
# rows: 1
# columns: 100
 868941.6441676026 862207.0560068083 855472.467846014 848737.8796852196 842003.2915244253 835268.7033636309 828534.1152028365 821799.5270420422 815064.9388812478 808330.3507204535 801595.7625596591 794861.1743988649 788126.5862380705 781391.9980772762 774657.4099164818 767922.8217556875 761188.233594893 754453.6454340988 747719.0572733043 740984.46911251 734249.8809517156 727515.2927909214 720780.7046301269 714046.1164693327 707311.5283085383 700576.9401477439 693842.3519869496 687107.7638261552 680373.1756653609 673638.5875045665 666903.9993437722 660169.4111829778 653434.8230221835 646700.2348613892 639965.6467005948 633231.0585398005 626496.4703790061 619761.8822182118 613027.2940574174 606292.7058966231 599558.1177358287 592823.5295750344 586088.94141424 579354.3532534457 572619.7650926514 565885.176931857 559150.5887710627 552416.0006102683 545681.412449474 538946.8242886796 532212.2361278853 525477.6479670909 518743.0598062966 512008.4716455023 505273.8834847079 498539.2953239136 491804.7071631192 485070.1190023249 478335.5308415305 471600.9426807361 464866.3545199418 458131.7663591474 451397.1781983531 444662.5900375588 437928.0018767644 431193.4137159701 424458.8255551757 417724.2373943814 410989.6492335871 404255.0610727926 397520.4729119984 390785.8847512039 384051.2965904097 377316.7084296152 370582.120268821 363847.5321080266 357112.9439472322 350378.3557864379 343643.7676256435 336909.1794648492 330174.5913040548 323440.0031432605 316705.4149824661 309970.8268216719 303236.2386608775 296501.6505000832 289767.0623392888 283032.4741784944 276297.8860177001 269563.2978569057 262828.7096961114 256094.121535317 249359.5333745228 242624.9452137284 235890.3570529341 229155.7688921397 222421.1807313454 215686.592570551 208952.0044097566 202217.4162489622


# name: QUERY
# type: sq_string
# elements: 1
# length: 2
R3


# name: DATASIZE
# type: sq_string
# elements: 1
# length: 3
500


