# Created by Octave 4.0.0, Wed May 18 23:49:08 2016 CEST <peter@Independence>
# name: x
# type: matrix
# rows: 1
# columns: 100
 60 60.60606060606061 61.21212121212121 61.81818181818181 62.42424242424242 63.03030303030303 63.63636363636364 64.24242424242425 64.84848484848484 65.45454545454545 66.06060606060606 66.66666666666666 67.27272727272727 67.87878787878788 68.48484848484848 69.09090909090909 69.69696969696969 70.3030303030303 70.90909090909091 71.51515151515152 72.12121212121212 72.72727272727272 73.33333333333333 73.93939393939394 74.54545454545455 75.15151515151516 75.75757575757575 76.36363636363636 76.96969696969697 77.57575757575758 78.18181818181819 78.78787878787878 79.39393939393939 80 80.60606060606061 81.2121212121212 81.81818181818181 82.42424242424242 83.03030303030303 83.63636363636364 84.24242424242425 84.84848484848484 85.45454545454545 86.06060606060606 86.66666666666667 87.27272727272727 87.87878787878788 88.48484848484848 89.09090909090909 89.6969696969697 90.3030303030303 90.90909090909091 91.51515151515152 92.12121212121212 92.72727272727272 93.33333333333333 93.93939393939394 94.54545454545455 95.15151515151514 95.75757575757576 96.36363636363636 96.96969696969697 97.57575757575758 98.18181818181819 98.78787878787878 99.39393939393939 100 100.6060606060606 101.2121212121212 101.8181818181818 102.4242424242424 103.030303030303 103.6363636363636 104.2424242424242 104.8484848484848 105.4545454545455 106.0606060606061 106.6666666666667 107.2727272727273 107.8787878787879 108.4848484848485 109.0909090909091 109.6969696969697 110.3030303030303 110.9090909090909 111.5151515151515 112.1212121212121 112.7272727272727 113.3333333333333 113.9393939393939 114.5454545454545 115.1515151515152 115.7575757575758 116.3636363636364 116.969696969697 117.5757575757576 118.1818181818182 118.7878787878788 119.3939393939394 120


# name: y
# type: matrix
# rows: 1
# columns: 100
 850693.6617013065 844347.7547656397 838001.8478299729 831655.9408943061 825310.0339586393 818964.1270229723 812618.2200873055 806272.3131516387 799926.4062159719 793580.4992803051 787234.5923446382 780888.6854089714 774542.7784733046 768196.8715376378 761850.964601971 755505.0576663041 749159.1507306373 742813.2437949704 736467.3368593036 730121.4299236368 723775.5229879699 717429.6160523031 711083.7091166363 704737.8021809695 698391.8952453027 692045.9883096358 685700.081373969 679354.1744383022 673008.2675026354 666662.3605669686 660316.4536313016 653970.5466956348 647624.639759968 641278.7328243012 634932.8258886344 628586.9189529675 622241.0120173007 615895.1050816339 609549.1981459671 603203.2912103002 596857.3842746334 590511.4773389666 584165.5704032998 577819.663467633 571473.7565319662 565127.8495962992 558781.9426606324 552436.0357249656 546090.1287892988 539744.2218536319 533398.3149179651 527052.4079822983 520706.5010466315 514360.5941109646 508014.6871752978 501668.780239631 495322.8733039642 488976.9663682973 482631.0594326305 476285.1524969636 469939.2455612968 463593.33862563 457247.4316899632 450901.5247542963 444555.6178186295 438209.7108829627 431863.8039472959 425517.8970116291 419171.9900759623 412826.0831402953 406480.1762046286 400134.2692689617 393788.3623332949 387442.4553976281 381096.5484619613 374750.6415262944 368404.7345906275 362058.8276549608 355712.9207192939 349367.0137836271 343021.1068479603 336675.1999122935 330329.2929766266 323983.3860409599 317637.4791052929 311291.5721696262 304945.6652339593 298599.7582982925 292253.8513626257 285907.9444269588 279562.0374912921 273216.1305556252 266870.2236199584 260524.3166842915 254178.4097486247 247832.5028129579 241486.5958772911 235140.6889416242 228794.7820059574 222448.8750702905


# name: QUERY
# type: sq_string
# elements: 1
# length: 2
R3


# name: DATASIZE
# type: sq_string
# elements: 1
# length: 3
500


