# Created by Octave 4.0.0, Wed May 18 23:49:08 2016 CEST <peter@Independence>
# name: x
# type: matrix
# rows: 1
# columns: 100
 60 60.60606060606061 61.21212121212121 61.81818181818181 62.42424242424242 63.03030303030303 63.63636363636364 64.24242424242425 64.84848484848484 65.45454545454545 66.06060606060606 66.66666666666666 67.27272727272727 67.87878787878788 68.48484848484848 69.09090909090909 69.69696969696969 70.3030303030303 70.90909090909091 71.51515151515152 72.12121212121212 72.72727272727272 73.33333333333333 73.93939393939394 74.54545454545455 75.15151515151516 75.75757575757575 76.36363636363636 76.96969696969697 77.57575757575758 78.18181818181819 78.78787878787878 79.39393939393939 80 80.60606060606061 81.2121212121212 81.81818181818181 82.42424242424242 83.03030303030303 83.63636363636364 84.24242424242425 84.84848484848484 85.45454545454545 86.06060606060606 86.66666666666667 87.27272727272727 87.87878787878788 88.48484848484848 89.09090909090909 89.6969696969697 90.3030303030303 90.90909090909091 91.51515151515152 92.12121212121212 92.72727272727272 93.33333333333333 93.93939393939394 94.54545454545455 95.15151515151514 95.75757575757576 96.36363636363636 96.96969696969697 97.57575757575758 98.18181818181819 98.78787878787878 99.39393939393939 100 100.6060606060606 101.2121212121212 101.8181818181818 102.4242424242424 103.030303030303 103.6363636363636 104.2424242424242 104.8484848484848 105.4545454545455 106.0606060606061 106.6666666666667 107.2727272727273 107.8787878787879 108.4848484848485 109.0909090909091 109.6969696969697 110.3030303030303 110.9090909090909 111.5151515151515 112.1212121212121 112.7272727272727 113.3333333333333 113.9393939393939 114.5454545454545 115.1515151515152 115.7575757575758 116.3636363636364 116.969696969697 117.5757575757576 118.1818181818182 118.7878787878788 119.3939393939394 120


# name: y
# type: matrix
# rows: 100
# columns: 1
 820670.0427363396
 814638.2842807437
 808606.5258251487
 802574.7673695541
 796543.0089139586
 790511.2504583634
 784479.4920027684
 778447.7335471738
 772415.9750915783
 766384.2166359831
 760352.4581803886
 754320.699724793
 748288.9412691977
 742257.1828136026
 736225.4243580075
 730193.6659024124
 724161.9074468176
 718130.1489912223
 712098.3905356274
 706066.632080032
 700034.8736244371
 694003.1151688417
 687971.3567132468
 681939.5982576517
 675907.8398020564
 669876.0813464615
 663844.3228908663
 657812.5644352711
 651780.8059796762
 645749.047524081
 639717.2890684857
 633685.5306128906
 627653.7721572958
 621622.0137017006
 615590.2552461053
 609558.4967905104
 603526.7383349153
 597494.97987932
 591463.2214237249
 585431.4629681299
 579399.7045125348
 573367.9460569397
 567336.1876013445
 561304.4291457494
 555272.6706901543
 549240.9122345592
 543209.1537789642
 537177.3953233691
 531145.636867774
 525113.8784121787
 519082.1199565836
 513050.3615009885
 507018.6030453934
 500986.8445897984
 494955.0861342032
 488923.3276786081
 482891.569223013
 476859.8107674178
 470828.0523118228
 464796.2938562275
 458764.5354006325
 452732.7769450375
 446701.0184894423
 440669.2600338472
 434637.5015782519
 428605.7431226569
 422573.9846670619
 416542.2262114668
 410510.4677558718
 404478.7093002765
 398446.9508446815
 392415.1923890865
 386383.4339334911
 380351.6754778961
 374319.9170223011
 368288.1585667062
 362256.4001111108
 356224.6416555156
 350192.8831999203
 344161.1247443253
 338129.3662887302
 332097.6078331352
 326065.8493775401
 320034.0909219449
 314002.3324663501
 307970.5740107549
 301938.8155551597
 295907.0570995647
 289875.2986439693
 283843.5401883745
 277811.7817327791
 271780.0232771842
 265748.2648215887
 259716.5063659939
 253684.7479103988
 247652.9894548044
 241621.2309992088
 235589.4725436135
 229557.7140880186
 223525.9556324241


# name: QUERY
# type: sq_string
# elements: 1
# length: 2
R3


# name: DATASIZE
# type: sq_string
# elements: 1
# length: 3
500


