# Created by Octave 4.0.0, Wed May 18 23:49:05 2016 CEST <peter@Independence>
# name: SVs
# type: cell
# rows: 1
# columns: 7
# name: <cell-element>
# type: sparse matrix
# nnz: 34
# rows: 34
# columns: 1
1 1 1.532705377425923
2 1 -1.38244014434495
3 1 -1.38244014434495
4 1 -0.4107249704213258
5 1 -0.4107249704213258
6 1 -1.38244014434495
7 1 -0.4107249704213258
8 1 1.532705377425923
9 1 -0.4107249704213258
10 1 -0.4107249704213258
11 1 -0.4107249704213258
12 1 -1.38244014434495
13 1 1.532705377425923
14 1 -1.38244014434495
15 1 -0.4107249704213258
16 1 -0.4107249704213258
17 1 -1.38244014434495
18 1 1.532705377425923
19 1 0.5609902035022988
20 1 -0.4107249704213258
21 1 -0.4107249704213258
22 1 -0.4107249704213258
23 1 -0.4107249704213258
24 1 -0.4107249704213258
25 1 -1.38244014434495
26 1 1.532705377425923
27 1 -0.4107249704213258
28 1 -1.38244014434495
29 1 1.532705377425923
30 1 -1.38244014434495
31 1 -0.4107249704213258
32 1 -1.38244014434495
33 1 -1.38244014434495
34 1 -0.4107249704213258



# name: <cell-element>
# type: sparse matrix
# nnz: 23
# rows: 23
# columns: 1
1 1 1.532705377425923
2 1 1.532705377425923
3 1 -1.38244014434495
4 1 -1.38244014434495
5 1 -1.38244014434495
6 1 1.532705377425923
7 1 -1.38244014434495
8 1 -1.38244014434495
9 1 -1.38244014434495
10 1 0.5609902035022988
11 1 1.532705377425923
12 1 -1.38244014434495
13 1 0.5609902035022988
14 1 1.532705377425923
15 1 1.532705377425923
16 1 -1.38244014434495
17 1 1.532705377425923
18 1 1.532705377425923
19 1 -1.38244014434495
20 1 1.532705377425923
21 1 -1.38244014434495
22 1 1.532705377425923
23 1 -1.38244014434495



# name: <cell-element>
# type: sparse matrix
# nnz: 2
# rows: 2
# columns: 1
1 1 -1.38244014434495
2 1 0.5609902035022988



# name: <cell-element>
# type: sparse matrix
# nnz: 25
# rows: 25
# columns: 1
1 1 1.532705377425923
2 1 -1.38244014434495
3 1 -1.38244014434495
4 1 -1.38244014434495
5 1 1.532705377425923
6 1 0.5609902035022988
7 1 -1.38244014434495
8 1 -1.38244014434495
9 1 -1.38244014434495
10 1 0.5609902035022988
11 1 1.532705377425923
12 1 0.5609902035022988
13 1 -1.38244014434495
14 1 0.5609902035022988
15 1 0.5609902035022988
16 1 -0.4107249704213258
17 1 1.532705377425923
18 1 -1.38244014434495
19 1 1.532705377425923
20 1 1.532705377425923
21 1 -1.38244014434495
22 1 1.532705377425923
23 1 -1.38244014434495
24 1 1.532705377425923
25 1 -1.38244014434495



# name: <cell-element>
# type: sparse matrix
# nnz: 25
# rows: 25
# columns: 1
1 1 1.532705377425923
2 1 -1.38244014434495
3 1 -1.38244014434495
4 1 -1.38244014434495
5 1 0.5609902035022988
6 1 0.5609902035022988
7 1 -1.38244014434495
8 1 -1.38244014434495
9 1 -1.38244014434495
10 1 0.5609902035022988
11 1 1.532705377425923
12 1 0.5609902035022988
13 1 0.5609902035022988
14 1 -1.38244014434495
15 1 0.5609902035022988
16 1 0.5609902035022988
17 1 -0.4107249704213258
18 1 -1.38244014434495
19 1 1.532705377425923
20 1 1.532705377425923
21 1 -1.38244014434495
22 1 1.532705377425923
23 1 -1.38244014434495
24 1 1.532705377425923
25 1 -1.38244014434495



# name: <cell-element>
# type: sparse matrix
# nnz: 20
# rows: 20
# columns: 1
1 1 1.532705377425923
2 1 -0.4107249704213258
3 1 1.532705377425923
4 1 0.5609902035022988
5 1 -0.4107249704213258
6 1 -0.4107249704213258
7 1 0.5609902035022988
8 1 -1.38244014434495
9 1 1.532705377425923
10 1 1.532705377425923
11 1 0.5609902035022988
12 1 1.532705377425923
13 1 -0.4107249704213258
14 1 0.5609902035022988
15 1 -0.4107249704213258
16 1 1.532705377425923
17 1 1.532705377425923
18 1 -0.4107249704213258
19 1 1.532705377425923
20 1 0.5609902035022988



# name: <cell-element>
# type: scalar
0





# name: coefficients
# type: cell
# rows: 1
# columns: 7
# name: <cell-element>
# type: matrix
# rows: 34
# columns: 1
 0.1999647512541161
 0.6157899999999999
 0.6157899999999999
 -0.6157899999999999
 -0.6157899999999999
 0.6157899999999999
 -0.6157899999999999
 0.6157899999999999
 -0.6157899999999999
 -0.6157899999999999
 -0.6157899999999999
 0.6157899999999999
 0.6157899999999999
 0.6157899999999999
 -0.6157899999999999
 -0.6157899999999999
 0.6157899999999999
 0.6157899999999999
 -0.6157899999999999
 -0.6157899999999999
 -0.6157899999999999
 -0.6157899999999999
 -0.6157899999999999
 -0.1999647512541162
 0.6157899999999999
 0.6157899999999999
 -0.6157899999999999
 0.6157899999999999
 0.6157899999999999
 0.6157899999999999
 -0.6157899999999999
 0.6157899999999999
 0.6157899999999999
 -0.6157899999999999



# name: <cell-element>
# type: matrix
# rows: 23
# columns: 1
 -0.1
 -0.1
 0.1
 0.1
 0.1
 -0.1
 0.1
 0.1
 0.1
 -0.1
 -0.1
 0.1
 -0.09543308712410341
 -0.004566912875896598
 -0.1
 0.1
 -0.1
 -0.1
 0.1
 -0.1
 0.1
 -0.1
 0.1



# name: <cell-element>
# type: matrix
# rows: 2
# columns: 1
 0.1434588839401253
 -0.1434588839401253



# name: <cell-element>
# type: matrix
# rows: 25
# columns: 1
 -5
 5
 5
 5
 -5
 -3.98896381842366
 5
 5
 5
 -5
 -5
 -5
 5
 -5
 -5
 5
 -1.011036181576338
 5
 -5
 -5
 5
 -5
 5
 -5
 5



# name: <cell-element>
# type: matrix
# rows: 25
# columns: 1
 -5
 5
 5
 5
 -0.4548988846924625
 -5
 5
 5
 5
 -5
 -5
 -5
 -5
 5
 -5
 -5
 5
 5
 -5
 -4.545101115307531
 5
 -5
 5
 -5
 5



# name: <cell-element>
# type: matrix
# rows: 20
# columns: 1
 -2.1632
 2.1632
 2.1632
 2.1632
 -2.1632
 -2.1632
 2.1632
 2.1632
 2.1632
 0.9801317025268578
 -2.1632
 -2.1632
 -2.1632
 -2.1632
 2.1632
 2.1632
 -2.1632
 0.9705562888152516
 -2.1632
 0.2125120086578902



# name: <cell-element>
# type: scalar
0





# name: b
# type: cell
# rows: 1
# columns: 7
# name: <cell-element>
# type: scalar
-0.06026115171332811



# name: <cell-element>
# type: scalar
-0.08924246167650013



# name: <cell-element>
# type: scalar
0.002328061094720404



# name: <cell-element>
# type: scalar
-0.1438629106310613



# name: <cell-element>
# type: scalar
-0.1418664938407074



# name: <cell-element>
# type: scalar
0.1403199307285082



# name: <cell-element>
# type: scalar
0





# name: models
# type: cell
# rows: 1
# columns: 7
# name: <cell-element>
# type: scalar struct
# ndims: 2
 1 1
# length: 11
# name: Parameters
# type: matrix
# rows: 5
# columns: 1
 3
 0
 3
 1
 0


# name: nr_class
# type: scalar
2


# name: totalSV
# type: scalar
34


# name: rho
# type: scalar
0.06026115171332811


# name: Label
# type: matrix
# rows: 0
# columns: 0


# name: sv_indices
# type: matrix
# rows: 34
# columns: 1
 1
 4
 5
 6
 7
 8
 10
 13
 17
 18
 19
 21
 22
 23
 24
 25
 26
 27
 28
 30
 31
 32
 33
 35
 37
 40
 41
 44
 45
 48
 49
 51
 55
 57


# name: ProbA
# type: matrix
# rows: 0
# columns: 0


# name: ProbB
# type: matrix
# rows: 0
# columns: 0


# name: nSV
# type: matrix
# rows: 0
# columns: 0


# name: sv_coef
# type: matrix
# rows: 34
# columns: 1
 0.1999647512541161
 0.6157899999999999
 0.6157899999999999
 -0.6157899999999999
 -0.6157899999999999
 0.6157899999999999
 -0.6157899999999999
 0.6157899999999999
 -0.6157899999999999
 -0.6157899999999999
 -0.6157899999999999
 0.6157899999999999
 0.6157899999999999
 0.6157899999999999
 -0.6157899999999999
 -0.6157899999999999
 0.6157899999999999
 0.6157899999999999
 -0.6157899999999999
 -0.6157899999999999
 -0.6157899999999999
 -0.6157899999999999
 -0.6157899999999999
 -0.1999647512541162
 0.6157899999999999
 0.6157899999999999
 -0.6157899999999999
 0.6157899999999999
 0.6157899999999999
 0.6157899999999999
 -0.6157899999999999
 0.6157899999999999
 0.6157899999999999
 -0.6157899999999999


