# Created by Octave 4.0.0, Mon May 23 13:48:10 2016 CEST <peter@Independence>
# name: SVs
# type: cell
# rows: 1
# columns: 7
# name: <cell-element>
# type: sparse matrix
# nnz: 36
# rows: 36
# columns: 1
1 1 -0.4107249704213258
2 1 -1.38244014434495
3 1 -0.4107249704213258
4 1 -1.38244014434495
5 1 -0.4107249704213258
6 1 -0.4107249704213258
7 1 -0.4107249704213258
8 1 -0.4107249704213258
9 1 -0.4107249704213258
10 1 -0.4107249704213258
11 1 1.532705377425923
12 1 1.532705377425923
13 1 -1.38244014434495
14 1 -0.4107249704213258
15 1 -1.38244014434495
16 1 -1.38244014434495
17 1 -1.38244014434495
18 1 1.532705377425923
19 1 1.532705377425923
20 1 -1.38244014434495
21 1 -1.38244014434495
22 1 -1.38244014434495
23 1 1.532705377425923
24 1 -0.4107249704213258
25 1 -1.38244014434495
26 1 -0.4107249704213258
27 1 1.532705377425923
28 1 -0.4107249704213258
29 1 -0.4107249704213258
30 1 -0.4107249704213258
31 1 -0.4107249704213258
32 1 -1.38244014434495
33 1 -0.4107249704213258
34 1 -0.4107249704213258
35 1 -0.4107249704213258
36 1 -1.38244014434495



# name: <cell-element>
# type: sparse matrix
# nnz: 25
# rows: 25
# columns: 1
1 1 -1.38244014434495
2 1 -1.38244014434495
3 1 1.532705377425923
4 1 1.532705377425923
5 1 -1.38244014434495
6 1 0.5609902035022988
7 1 -1.38244014434495
8 1 -1.38244014434495
9 1 -1.38244014434495
10 1 1.532705377425923
11 1 1.532705377425923
12 1 1.532705377425923
13 1 -1.38244014434495
14 1 -1.38244014434495
15 1 -1.38244014434495
16 1 0.5609902035022988
17 1 -1.38244014434495
18 1 1.532705377425923
19 1 1.532705377425923
20 1 1.532705377425923
21 1 1.532705377425923
22 1 1.532705377425923
23 1 -1.38244014434495
24 1 0.5609902035022988
25 1 -1.38244014434495



# name: <cell-element>
# type: sparse matrix
# nnz: 2
# rows: 2
# columns: 1
1 1 0.5609902035022988
2 1 -1.38244014434495



# name: <cell-element>
# type: sparse matrix
# nnz: 24
# rows: 24
# columns: 1
1 1 -1.38244014434495
2 1 -1.38244014434495
3 1 1.532705377425923
4 1 1.532705377425923
5 1 -1.38244014434495
6 1 0.5609902035022988
7 1 -1.38244014434495
8 1 -1.38244014434495
9 1 -1.38244014434495
10 1 1.532705377425923
11 1 1.532705377425923
12 1 -1.38244014434495
13 1 -1.38244014434495
14 1 -1.38244014434495
15 1 0.5609902035022988
16 1 -1.38244014434495
17 1 1.532705377425923
18 1 1.532705377425923
19 1 1.532705377425923
20 1 1.532705377425923
21 1 0.5609902035022988
22 1 -1.38244014434495
23 1 0.5609902035022988
24 1 -1.38244014434495



# name: <cell-element>
# type: sparse matrix
# nnz: 25
# rows: 25
# columns: 1
1 1 0.5609902035022988
2 1 -1.38244014434495
3 1 -1.38244014434495
4 1 0.5609902035022988
5 1 1.532705377425923
6 1 -1.38244014434495
7 1 0.5609902035022988
8 1 -1.38244014434495
9 1 -1.38244014434495
10 1 -1.38244014434495
11 1 1.532705377425923
12 1 1.532705377425923
13 1 -1.38244014434495
14 1 -1.38244014434495
15 1 -1.38244014434495
16 1 0.5609902035022988
17 1 -1.38244014434495
18 1 1.532705377425923
19 1 1.532705377425923
20 1 1.532705377425923
21 1 1.532705377425923
22 1 0.5609902035022988
23 1 -1.38244014434495
24 1 0.5609902035022988
25 1 -1.38244014434495



# name: <cell-element>
# type: sparse matrix
# nnz: 26
# rows: 26
# columns: 1
1 1 -0.4107249704213258
2 1 -1.38244014434495
3 1 -0.4107249704213258
4 1 1.532705377425923
5 1 1.532705377425923
6 1 0.5609902035022988
7 1 -1.38244014434495
8 1 -1.38244014434495
9 1 0.5609902035022988
10 1 -0.4107249704213258
11 1 1.532705377425923
12 1 0.5609902035022988
13 1 0.5609902035022988
14 1 1.532705377425923
15 1 0.5609902035022988
16 1 -1.38244014434495
17 1 -0.4107249704213258
18 1 1.532705377425923
19 1 1.532705377425923
20 1 1.532705377425923
21 1 0.5609902035022988
22 1 1.532705377425923
23 1 -1.38244014434495
24 1 -0.4107249704213258
25 1 0.5609902035022988
26 1 -1.38244014434495



# name: <cell-element>
# type: scalar
0





# name: coefficients
# type: cell
# rows: 1
# columns: 7
# name: <cell-element>
# type: matrix
# rows: 36
# columns: 1
 -5
 5
 -5
 5
 -5
 -5
 -5
 -5
 -5
 -5
 5
 5
 5
 -5
 5
 5
 5
 4.55976333269045
 5
 5
 5
 5
 5
 -4.559763332690444
 5
 -5
 5
 -5
 -5
 -5
 -5
 5
 -5
 -5
 -5
 5



# name: <cell-element>
# type: matrix
# rows: 25
# columns: 1
 5
 5
 -5
 -5
 5
 -2.867418644790753
 5
 5
 5
 -5
 -5
 -5
 5
 5
 5
 -5
 5
 -5
 -5
 -5
 -2.132581355209247
 -5
 5
 -5
 5



# name: <cell-element>
# type: matrix
# rows: 2
# columns: 1
 -0.1346007094657009
 0.1346007094657009



# name: <cell-element>
# type: matrix
# rows: 24
# columns: 1
 0.1
 0.1
 -0.1
 -0.1
 0.1
 -0.1
 0.1
 0.1
 0.1
 -0.1
 -0.1
 0.1
 0.1
 0.1
 -0.1
 0.1
 -0.1
 -0.1
 -0.1
 -0.1
 -0.1
 0.1
 -0.1
 0.1



# name: <cell-element>
# type: matrix
# rows: 25
# columns: 1
 -2.758519706722876
 5
 5
 -5
 -5
 5
 -5
 5
 5
 5
 -2.241480293277125
 -5
 5
 5
 5
 -5
 5
 -5
 -5
 -5
 -5
 -5
 5
 -5
 5



# name: <cell-element>
# type: matrix
# rows: 26
# columns: 1
 -0.35789
 0.35789
 -0.35789
 -0.35789
 0.35789
 -0.35789
 0.35789
 0.35789
 0.35789
 0.35789
 -0.35789
 0.05176969989006219
 0.35789
 0.35789
 -0.35789
 0.35789
 -0.35789
 -0.35789
 -0.35789
 -0.0130133153181699
 0.35789
 -0.35789
 0.230061273322863
 -0.2688176578947553
 -0.35789
 0.35789



# name: <cell-element>
# type: scalar
0





# name: b
# type: cell
# rows: 1
# columns: 7
# name: <cell-element>
# type: scalar
-0.06911380497320138



# name: <cell-element>
# type: scalar
-0.02588170239485258



# name: <cell-element>
# type: scalar
0.05408288427187185



# name: <cell-element>
# type: scalar
0.03439334735240761



# name: <cell-element>
# type: scalar
0.04147429119133356



# name: <cell-element>
# type: scalar
0.1566555840340589



# name: <cell-element>
# type: scalar
0





# name: models
# type: cell
# rows: 1
# columns: 7
# name: <cell-element>
# type: scalar struct
# ndims: 2
 1 1
# length: 11
# name: Parameters
# type: matrix
# rows: 5
# columns: 1
 3
 0
 3
 1
 0


# name: nr_class
# type: scalar
2


# name: totalSV
# type: scalar
36


# name: rho
# type: scalar
0.06911380497320138


# name: Label
# type: matrix
# rows: 0
# columns: 0


# name: sv_indices
# type: matrix
# rows: 36
# columns: 1
 2
 4
 5
 6
 7
 8
 10
 11
 13
 15
 16
 17
 18
 20
 21
 22
 23
 25
 27
 31
 32
 33
 35
 36
 39
 40
 44
 45
 46
 47
 50
 53
 54
 55
 57
 58


# name: ProbA
# type: matrix
# rows: 0
# columns: 0


# name: ProbB
# type: matrix
# rows: 0
# columns: 0


# name: nSV
# type: matrix
# rows: 0
# columns: 0


# name: sv_coef
# type: matrix
# rows: 36
# columns: 1
 -5
 5
 -5
 5
 -5
 -5
 -5
 -5
 -5
 -5
 5
 5
 5
 -5
 5
 5
 5
 4.55976333269045
 5
 5
 5
 5
 5
 -4.559763332690444
 5
 -5
 5
 -5
 -5
 -5
 -5
 5
 -5
 -5
 -5
 5


# name: SVs
# type: sparse matrix
# nnz: 36
# rows: 36
# columns: 1
1 1 -0.4107249704213258
2 1 -1.38244014434495
3 1 -0.4107249704213258
4 1 -1.38244014434495
5 1 -0.4107249704213258
6 1 -0.4107249704213258
7 1 -0.4107249704213258
8 1 -0.4107249704213258
9 1 -0.4107249704213258
10 1 -0.4107249704213258
11 1 1.532705377425923
12 1 1.532705377425923
13 1 -1.38244014434495
14 1 -0.4107249704213258
15 1 -1.38244014434495
16 1 -1.38244014434495
17 1 -1.38244014434495
18 1 1.532705377425923
19 1 1.532705377425923
20 1 -1.38244014434495
21 1 -1.38244014434495
22 1 -1.38244014434495
23 1 1.532705377425923
24 1 -0.4107249704213258
25 1 -1.38244014434495
26 1 -0.4107249704213258
27 1 1.532705377425923
28 1 -0.4107249704213258
29 1 -0.4107249704213258
30 1 -0.4107249704213258
31 1 -0.4107249704213258
32 1 -1.38244014434495
33 1 -0.4107249704213258
34 1 -0.4107249704213258
35 1 -0.4107249704213258
36 1 -1.38244014434495





# name: <cell-element>
# type: scalar struct
# ndims: 2
 1 1
# length: 11
# name: Parameters
# type: matrix
# rows: 5
# columns: 1
 3
 1
 2
 1
 0


# name: nr_class
# type: scalar
2


# name: totalSV
# type: scalar
25


# name: rho
# type: scalar
0.02588170239485258


# name: Label
# type: matrix
# rows: 0
# columns: 0


