# Created by Octave 4.0.0, Mon May 23 13:48:00 2016 CEST <peter@Independence>
# name: mu
# type: matrix
# rows: 1
# columns: 2
 552763.1443298969 88.45360824742268


# name: sigma
# type: matrix
# rows: 1
# columns: 2
 253477.29321344 20.58216289784106


