# Created by Octave 4.0.0, Mon May 23 13:48:10 2016 CEST <peter@Independence>
# name: x
# type: matrix
# rows: 1
# columns: 100
 60 60.60606060606061 61.21212121212121 61.81818181818181 62.42424242424242 63.03030303030303 63.63636363636364 64.24242424242425 64.84848484848484 65.45454545454545 66.06060606060606 66.66666666666666 67.27272727272727 67.87878787878788 68.48484848484848 69.09090909090909 69.69696969696969 70.3030303030303 70.90909090909091 71.51515151515152 72.12121212121212 72.72727272727272 73.33333333333333 73.93939393939394 74.54545454545455 75.15151515151516 75.75757575757575 76.36363636363636 76.96969696969697 77.57575757575758 78.18181818181819 78.78787878787878 79.39393939393939 80 80.60606060606061 81.2121212121212 81.81818181818181 82.42424242424242 83.03030303030303 83.63636363636364 84.24242424242425 84.84848484848484 85.45454545454545 86.06060606060606 86.66666666666667 87.27272727272727 87.87878787878788 88.48484848484848 89.09090909090909 89.6969696969697 90.3030303030303 90.90909090909091 91.51515151515152 92.12121212121212 92.72727272727272 93.33333333333333 93.93939393939394 94.54545454545455 95.15151515151514 95.75757575757576 96.36363636363636 96.96969696969697 97.57575757575758 98.18181818181819 98.78787878787878 99.39393939393939 100 100.6060606060606 101.2121212121212 101.8181818181818 102.4242424242424 103.030303030303 103.6363636363636 104.2424242424242 104.8484848484848 105.4545454545455 106.0606060606061 106.6666666666667 107.2727272727273 107.8787878787879 108.4848484848485 109.0909090909091 109.6969696969697 110.3030303030303 110.9090909090909 111.5151515151515 112.1212121212121 112.7272727272727 113.3333333333333 113.9393939393939 114.5454545454545 115.1515151515152 115.7575757575758 116.3636363636364 116.969696969697 117.5757575757576 118.1818181818182 118.7878787878788 119.3939393939394 120


# name: y
# type: matrix
# rows: 100
# columns: 1
 495700.8695415719
 497829.3318647075
 499911.970007368
 501948.7839694858
 503939.7737511002
 505884.9393521763
 507784.2807727364
 509637.7980127701
 511445.491072275
 513207.3599512581
 514923.4046497268
 516593.6251676623
 518218.0215050817
 519796.5936619643
 521329.3416383426
 522816.2654341868
 524257.3650495144
 525652.6404843149
 527002.0917385948
 528305.718812344
 529563.5217055811
 530775.5004182799
 531941.6549504601
 533061.9853021199
 534136.4914732592
 535165.1734638721
 536148.0312739628
 537085.0649035301
 537976.274352573
 538821.6596210933
 539621.2207090888
 540374.9576165634
 541082.8703435151
 541744.9588899416
 542361.2232558446
 542931.6634412243
 543456.2794460827
 543935.0712704156
 544368.0389142261
 544755.1823775133
 545096.5016602775
 545391.996762518
 545641.6676842347
 545845.5144254287
 546003.5369860993
 546115.7353662465
 546182.1095658705
 546202.6595849711
 546177.3854235485
 546106.2870816026
 545989.3645591333
 545826.6178561407
 545618.046972625
 545363.6519085857
 545063.432664023
 544717.3892389375
 544325.5216333286
 543887.8298471962
 543404.3138805409
 542874.9737333608
 542299.8094056601
 541678.8208974325
 541012.008208685
 540299.3713394107
 539540.9102896175
 538736.6250592988
 537886.5156484563
 536990.5820570912
 536048.8242851988
 535061.2423327904
 534027.8361998551
 532948.6058863918
 531823.5513924131
 530652.6727179057
 529435.9698628772
 528173.4428273244
 526865.0916112531
 525510.9162146518
 524110.9166375377
 522665.0928798922
 521173.444941711
 519635.9728230228
 518052.676523813
 516423.5560440746
 514748.6113838129
 513027.8425430279
 511261.2495217142
 509448.8323198799
 507590.5909375282
 505686.5253746585
 503736.6356312481
 501740.9217073305
 499699.3836028865
 497612.0213179088
 495478.8348524164
 493299.824206394
 491074.9893798442
 488804.3303727941
 486487.8471851824
 484125.5398170766


# name: QUERY
# type: sq_string
# elements: 1
# length: 2
R3


# name: DATASIZE
# type: sq_string
# elements: 1
# length: 3
500


