# Created by Octave 4.0.0, Mon May 23 13:48:10 2016 CEST <peter@Independence>
# name: x
# type: matrix
# rows: 1
# columns: 100
 60 60.60606060606061 61.21212121212121 61.81818181818181 62.42424242424242 63.03030303030303 63.63636363636364 64.24242424242425 64.84848484848484 65.45454545454545 66.06060606060606 66.66666666666666 67.27272727272727 67.87878787878788 68.48484848484848 69.09090909090909 69.69696969696969 70.3030303030303 70.90909090909091 71.51515151515152 72.12121212121212 72.72727272727272 73.33333333333333 73.93939393939394 74.54545454545455 75.15151515151516 75.75757575757575 76.36363636363636 76.96969696969697 77.57575757575758 78.18181818181819 78.78787878787878 79.39393939393939 80 80.60606060606061 81.2121212121212 81.81818181818181 82.42424242424242 83.03030303030303 83.63636363636364 84.24242424242425 84.84848484848484 85.45454545454545 86.06060606060606 86.66666666666667 87.27272727272727 87.87878787878788 88.48484848484848 89.09090909090909 89.6969696969697 90.3030303030303 90.90909090909091 91.51515151515152 92.12121212121212 92.72727272727272 93.33333333333333 93.93939393939394 94.54545454545455 95.15151515151514 95.75757575757576 96.36363636363636 96.96969696969697 97.57575757575758 98.18181818181819 98.78787878787878 99.39393939393939 100 100.6060606060606 101.2121212121212 101.8181818181818 102.4242424242424 103.030303030303 103.6363636363636 104.2424242424242 104.8484848484848 105.4545454545455 106.0606060606061 106.6666666666667 107.2727272727273 107.8787878787879 108.4848484848485 109.0909090909091 109.6969696969697 110.3030303030303 110.9090909090909 111.5151515151515 112.1212121212121 112.7272727272727 113.3333333333333 113.9393939393939 114.5454545454545 115.1515151515152 115.7575757575758 116.3636363636364 116.969696969697 117.5757575757576 118.1818181818182 118.7878787878788 119.3939393939394 120


# name: y
# type: matrix
# rows: 100
# columns: 1
 502135.3336396225
 509544.6344753621
 516190.0775919958
 522136.0055271523
 527442.6074038179
 532166.1016474068
 536358.9145994704
 540069.8550180203
 543344.2844659806
 546224.2835908837
 548748.8142916184
 550953.8777755364
 552872.6685049406
 554535.72403177
 555971.0707220301
 557204.3653686205
 558259.0326944733
 559156.3987437629
 559915.8201628432
 560554.8093697377
 561089.1556135818
 561533.0419222176
 561899.1579398211
 562198.8086529456
 562442.0190061344
 562637.6344064069
 562793.4171170403
 562916.1385403326
 563011.6673895788
 563085.0537501461
 563140.6090296612
 563181.9817973269
 563212.2295123676
 563233.8861415939
 563249.0256660912
 563259.321477031
 563266.1016606051
 563270.4001720833
 563273.0038989972
 563274.4956134426
 563275.2928135089
 563275.6824538293
 563275.8515652562
 563275.9137636587
 563275.9316478434
 563275.9350865996
 563275.9353948659
 563275.9353990222
 563275.9353913029
 563275.9349733355
 563275.9307888004
 563275.9101452153
 563275.840524843
 563275.6549847212
 563275.2334458168
 563274.3798713034
 563272.7953339611
 563270.0469727005
 563265.5328382101
 563258.4426277257
 563247.7143089252
 563231.9866329432
 563209.5475365154
 563178.2784332359
 563135.5943939517
 563078.380216263
 563002.9223831623
 562904.8369107964
 562778.9930853259
 562619.433088974
 562419.2875150733
 562170.6867723883
 561864.6683784961
 561491.0801421878
 561038.4792351926
 560494.0271528715
 559843.3805640808
 559070.5780501561
 558157.9227330912
 557085.8607926903
 555832.855872758
 554375.2593772857
 552687.1766542136
 550740.3290692741
 548503.9119695531
 545944.4485346964
 543025.6395182658
 539708.2088783224
 535949.7452959018
 531704.5395847695
 526923.4179872219
 521553.5713629231
 515538.3802630994
 508817.2358950312
 501325.3569801795
 492993.6024911928
 483748.2802895174
 473510.951644154
 462198.2316401979
 449721.585486419


# name: QUERY
# type: sq_string
# elements: 1
# length: 2
R3


# name: DATASIZE
# type: sq_string
# elements: 1
# length: 3
500


