# Created by Octave 4.0.0, Wed May 18 23:49:08 2016 CEST <peter@Independence>
# name: x
# type: matrix
# rows: 1
# columns: 100
 60 60.60606060606061 61.21212121212121 61.81818181818181 62.42424242424242 63.03030303030303 63.63636363636364 64.24242424242425 64.84848484848484 65.45454545454545 66.06060606060606 66.66666666666666 67.27272727272727 67.87878787878788 68.48484848484848 69.09090909090909 69.69696969696969 70.3030303030303 70.90909090909091 71.51515151515152 72.12121212121212 72.72727272727272 73.33333333333333 73.93939393939394 74.54545454545455 75.15151515151516 75.75757575757575 76.36363636363636 76.96969696969697 77.57575757575758 78.18181818181819 78.78787878787878 79.39393939393939 80 80.60606060606061 81.2121212121212 81.81818181818181 82.42424242424242 83.03030303030303 83.63636363636364 84.24242424242425 84.84848484848484 85.45454545454545 86.06060606060606 86.66666666666667 87.27272727272727 87.87878787878788 88.48484848484848 89.09090909090909 89.6969696969697 90.3030303030303 90.90909090909091 91.51515151515152 92.12121212121212 92.72727272727272 93.33333333333333 93.93939393939394 94.54545454545455 95.15151515151514 95.75757575757576 96.36363636363636 96.96969696969697 97.57575757575758 98.18181818181819 98.78787878787878 99.39393939393939 100 100.6060606060606 101.2121212121212 101.8181818181818 102.4242424242424 103.030303030303 103.6363636363636 104.2424242424242 104.8484848484848 105.4545454545455 106.0606060606061 106.6666666666667 107.2727272727273 107.8787878787879 108.4848484848485 109.0909090909091 109.6969696969697 110.3030303030303 110.9090909090909 111.5151515151515 112.1212121212121 112.7272727272727 113.3333333333333 113.9393939393939 114.5454545454545 115.1515151515152 115.7575757575758 116.3636363636364 116.969696969697 117.5757575757576 118.1818181818182 118.7878787878788 119.3939393939394 120


# name: y
# type: matrix
# rows: 100
# columns: 1
 824145.9549075692
 807208.2865430645
 790992.0498870662
 775481.5440475562
 760661.0681325165
 746514.9212499287
 733027.4025077743
 720182.8110140356
 707965.4458766942
 696359.6062037318
 685349.5911031305
 674919.6996828717
 665054.2310509374
 655737.4843153094
 646953.7585839696
 638687.3529648995
 630922.5665660811
 623643.6984954962
 616835.0478611266
 610480.9137709539
 604565.5953329602
 599073.3916551272
 593988.6018454365
 589295.5250118701
 584978.4602624098
 581021.7067050373
 577409.5634477345
 574126.3295984829
 571156.3042652648
 568483.7865560616
 566093.0755788552
 563968.4704416275
 562094.2702523601
 560454.7741190351
 559034.281149634
 557817.0904521387
 556787.501134531
 555929.8123047927
 555228.3230709056
 554667.3325408516
 554231.1398226123
 553904.0440241696
 553670.3442535052
 553514.3396186011
 553420.3292274389
 553372.6121880005
 553355.4876082677
 553353.2545962222
 553350.2122598459
 553330.6597071206
 553278.896046028
 553179.22038455
 553015.9318306684
 552773.3294923649
 552435.7124776213
 551987.3798944195
 551412.6308507412
 550695.7644545682
 549821.0798138824
 548772.8760366655
 547535.4522308994
 546093.1075045657
 544430.1409656464
 542530.8517221231
 540379.5388819778
 537960.5015531923
 535258.0388437482
 532256.4498616274
 528940.0337148118
 525293.089511283
 521299.9163590228
 516944.8133660132
 512212.079640236
 507086.0142896727
 501550.9164223054
 495591.0851461157
 489190.8195690854
 482334.4187991966
 475006.1819444307
 467190.4081127697
 458871.3964121954
 450033.4459506896
 440660.8558362338
 430737.9251768104
 420248.9530804006
 409178.2386549866
 397510.0810085499
 385228.7792490724
 372318.6324845362
 358763.9398229225
 344549.0003722137
 329658.1132403911
 314075.577535437
 297785.6923653326
 280772.7568380604
 263021.0700616015
 244514.9311439382
 225238.6391930519
 205176.4933169247
 184312.7926235382


# name: QUERY
# type: sq_string
# elements: 1
# length: 2
R3


# name: DATASIZE
# type: sq_string
# elements: 1
# length: 3
500


