# Created by Octave 4.0.0, Wed May 18 23:49:08 2016 CEST <peter@Independence>
# name: x
# type: matrix
# rows: 1
# columns: 100
 60 60.60606060606061 61.21212121212121 61.81818181818181 62.42424242424242 63.03030303030303 63.63636363636364 64.24242424242425 64.84848484848484 65.45454545454545 66.06060606060606 66.66666666666666 67.27272727272727 67.87878787878788 68.48484848484848 69.09090909090909 69.69696969696969 70.3030303030303 70.90909090909091 71.51515151515152 72.12121212121212 72.72727272727272 73.33333333333333 73.93939393939394 74.54545454545455 75.15151515151516 75.75757575757575 76.36363636363636 76.96969696969697 77.57575757575758 78.18181818181819 78.78787878787878 79.39393939393939 80 80.60606060606061 81.2121212121212 81.81818181818181 82.42424242424242 83.03030303030303 83.63636363636364 84.24242424242425 84.84848484848484 85.45454545454545 86.06060606060606 86.66666666666667 87.27272727272727 87.87878787878788 88.48484848484848 89.09090909090909 89.6969696969697 90.3030303030303 90.90909090909091 91.51515151515152 92.12121212121212 92.72727272727272 93.33333333333333 93.93939393939394 94.54545454545455 95.15151515151514 95.75757575757576 96.36363636363636 96.96969696969697 97.57575757575758 98.18181818181819 98.78787878787878 99.39393939393939 100 100.6060606060606 101.2121212121212 101.8181818181818 102.4242424242424 103.030303030303 103.6363636363636 104.2424242424242 104.8484848484848 105.4545454545455 106.0606060606061 106.6666666666667 107.2727272727273 107.8787878787879 108.4848484848485 109.0909090909091 109.6969696969697 110.3030303030303 110.9090909090909 111.5151515151515 112.1212121212121 112.7272727272727 113.3333333333333 113.9393939393939 114.5454545454545 115.1515151515152 115.7575757575758 116.3636363636364 116.969696969697 117.5757575757576 118.1818181818182 118.7878787878788 119.3939393939394 120


# name: y
# type: matrix
# rows: 100
# columns: 1
 489331.0233117092
 491051.060590153
 492734.0667697167
 494380.0418503986
 495988.9858321997
 497560.8987151195
 499095.7804991581
 500593.6311843157
 502054.4507705917
 503478.239257987
 504864.996646501
 506214.7229361337
 507527.4181268853
 508803.0822187556
 510041.715211745
 511243.3171058531
 512407.8879010801
 513535.4275974258
 514625.9361948904
 515679.4136934737
 516695.8600931761
 517675.275393997
 518617.6595959369
 519523.0126989956
 520391.3347031732
 521222.6256084695
 522016.8854148848
 522774.1141224189
 523494.3117310717
 524177.4782408434
 524823.613651734
 525432.7179637434
 526004.7911768715
 526539.8332911185
 527037.8443064843
 527498.824222969
 527922.7730405725
 528309.6907592949
 528659.577379136
 528972.4329000961
 529248.2573221748
 529487.0506453725
 529688.812869689
 529853.5439951243
 529981.2440216785
 530071.9129493514
 530125.5507781432
 530142.1575080538
 530121.7331390833
 530064.2776712315
 529969.7911044987
 529838.2734388846
 529669.7246743895
 529464.144811013
 529221.5338487554
 528941.8917876168
 528625.2186275969
 528271.5143686958
 527880.7790109135
 527453.0125542501
 526988.2149987055
 526486.3863442797
 525947.5265909728
 525371.6357387847
 524758.7137877154
 524108.760737765
 523421.7765889334
 522697.7613412206
 521936.7149946265
 521138.6375491515
 520303.5290047952
 519431.3893615577
 518522.2186194391
 517576.0167784392
 516592.7838385582
 515572.5197997961
 514515.2246621528
 513420.8984256283
 512289.5410902227
 511121.152655936
 509915.7331227676
 508673.2824907185
 507393.8007597884
 506077.2879299768
 504723.7440012841
 503333.1689737103
 501905.5628472551
 500440.925621919
 498939.2572977015
 497400.5578746032
 495824.8273526234
 494212.0657317626
 492562.2730120207
 490875.4491933971
 489151.5942758928
 487390.7082595072
 485592.7911442405
 483757.8429300928
 481885.8636170633
 479976.853205153


# name: QUERY
# type: sq_string
# elements: 1
# length: 2
R3


# name: DATASIZE
# type: sq_string
# elements: 1
# length: 3
500


