# Created by Octave 4.0.0, Mon May 23 13:48:10 2016 CEST <peter@Independence>
# name: x
# type: matrix
# rows: 1
# columns: 100
 60 60.60606060606061 61.21212121212121 61.81818181818181 62.42424242424242 63.03030303030303 63.63636363636364 64.24242424242425 64.84848484848484 65.45454545454545 66.06060606060606 66.66666666666666 67.27272727272727 67.87878787878788 68.48484848484848 69.09090909090909 69.69696969696969 70.3030303030303 70.90909090909091 71.51515151515152 72.12121212121212 72.72727272727272 73.33333333333333 73.93939393939394 74.54545454545455 75.15151515151516 75.75757575757575 76.36363636363636 76.96969696969697 77.57575757575758 78.18181818181819 78.78787878787878 79.39393939393939 80 80.60606060606061 81.2121212121212 81.81818181818181 82.42424242424242 83.03030303030303 83.63636363636364 84.24242424242425 84.84848484848484 85.45454545454545 86.06060606060606 86.66666666666667 87.27272727272727 87.87878787878788 88.48484848484848 89.09090909090909 89.6969696969697 90.3030303030303 90.90909090909091 91.51515151515152 92.12121212121212 92.72727272727272 93.33333333333333 93.93939393939394 94.54545454545455 95.15151515151514 95.75757575757576 96.36363636363636 96.96969696969697 97.57575757575758 98.18181818181819 98.78787878787878 99.39393939393939 100 100.6060606060606 101.2121212121212 101.8181818181818 102.4242424242424 103.030303030303 103.6363636363636 104.2424242424242 104.8484848484848 105.4545454545455 106.0606060606061 106.6666666666667 107.2727272727273 107.8787878787879 108.4848484848485 109.0909090909091 109.6969696969697 110.3030303030303 110.9090909090909 111.5151515151515 112.1212121212121 112.7272727272727 113.3333333333333 113.9393939393939 114.5454545454545 115.1515151515152 115.7575757575758 116.3636363636364 116.969696969697 117.5757575757576 118.1818181818182 118.7878787878788 119.3939393939394 120


# name: y
# type: matrix
# rows: 100
# columns: 1
 495187.8563839587
 500658.1173075242
 505782.6448782361
 510576.32291242
 515053.7077385636
 519229.0281972979
 523116.1856414074
 526728.7539358281
 530079.979457644
 533182.7810960934
 536049.7502525623
 538693.1508405872
 541124.919285856
 543356.664526207
 545399.6680116305
 547264.8837042641
 548962.9380783986
 550504.1301204743
 551898.4313290825
 553155.4857149645
 554284.6098010131
 555294.7926222703
 556194.69572593
 556992.6531713359
 557696.6715299825
 558314.4298855145
 558853.2798337279
 559320.2454825685
 559722.0234521329
 560064.9828746683
 560355.1653945727
 560598.2851683941
 560799.7288648316
 560964.5556647344
 561097.4972611027
 561202.9578590868
 561285.014175988
 561347.4154412579
 561393.5833964986
 561426.6122954627
 561449.268904054
 561463.9925003258
 561472.8948744828
 561477.7603288799
 561480.0456780228
 561480.8802485672
 561481.0658793201
 561481.0769212384
 561481.0602374302
 561480.8352031534
 561479.8937058171
 561477.4001449805
 561472.1914323538
 561462.7769917974
 561447.3387593224
 561423.7311830904
 561389.4812234135
 561341.7883527545
 561277.5245557268
 561193.2343290941
 561085.1346817708
 560949.1151348219
 560780.737721463
 560575.2369870599
 560327.5199891295
 560032.1662973389
 559683.4279935057
 559275.2296715983
 558801.1684377354
 558254.5139101867
 557628.2082193719
 556914.8660078613
 556106.7744303765
 555195.8931537888
 554173.8543571201
 553031.9627315437
 551761.1954803825
 550352.2023191104
 548795.3054753521
 547080.4996888823
 545197.4522116248
 543135.5028076587
 540883.6637532095
 538430.6198366533
 535764.7283585187
 532874.0191314846
 529746.1944803774
 526368.6292421796
 522728.3707660182
 518812.1389131774
 514606.3260570843
 510096.9970833232
 505269.8893896254
 500110.41288587
 494603.6499940971
 488734.3556484861
 482486.9572953733
 475845.5548932438
 468793.9209127272
 461315.5003366165


# name: QUERY
# type: sq_string
# elements: 1
# length: 2
R3


# name: DATASIZE
# type: sq_string
# elements: 1
# length: 3
500


