# Created by Octave 4.0.0, Wed May 18 23:49:08 2016 CEST <peter@Independence>
# name: x
# type: matrix
# rows: 1
# columns: 100
 60 60.60606060606061 61.21212121212121 61.81818181818181 62.42424242424242 63.03030303030303 63.63636363636364 64.24242424242425 64.84848484848484 65.45454545454545 66.06060606060606 66.66666666666666 67.27272727272727 67.87878787878788 68.48484848484848 69.09090909090909 69.69696969696969 70.3030303030303 70.90909090909091 71.51515151515152 72.12121212121212 72.72727272727272 73.33333333333333 73.93939393939394 74.54545454545455 75.15151515151516 75.75757575757575 76.36363636363636 76.96969696969697 77.57575757575758 78.18181818181819 78.78787878787878 79.39393939393939 80 80.60606060606061 81.2121212121212 81.81818181818181 82.42424242424242 83.03030303030303 83.63636363636364 84.24242424242425 84.84848484848484 85.45454545454545 86.06060606060606 86.66666666666667 87.27272727272727 87.87878787878788 88.48484848484848 89.09090909090909 89.6969696969697 90.3030303030303 90.90909090909091 91.51515151515152 92.12121212121212 92.72727272727272 93.33333333333333 93.93939393939394 94.54545454545455 95.15151515151514 95.75757575757576 96.36363636363636 96.96969696969697 97.57575757575758 98.18181818181819 98.78787878787878 99.39393939393939 100 100.6060606060606 101.2121212121212 101.8181818181818 102.4242424242424 103.030303030303 103.6363636363636 104.2424242424242 104.8484848484848 105.4545454545455 106.0606060606061 106.6666666666667 107.2727272727273 107.8787878787879 108.4848484848485 109.0909090909091 109.6969696969697 110.3030303030303 110.9090909090909 111.5151515151515 112.1212121212121 112.7272727272727 113.3333333333333 113.9393939393939 114.5454545454545 115.1515151515152 115.7575757575758 116.3636363636364 116.969696969697 117.5757575757576 118.1818181818182 118.7878787878788 119.3939393939394 120


# name: y
# type: matrix
# rows: 100
# columns: 1
 446910.7853284611
 455380.6724694496
 462977.3613402541
 469774.4046342721
 475840.6070997261
 481240.234411433
 486033.2173519604
 490275.3512899141
 494018.4909585731
 497310.7405371271
 500196.6390304914
 502717.3409511353
 504910.792301753
 506811.9018576636
 508452.7077506711
 509862.5393528212
 511068.1744618798
 512093.9917866323
 512962.1187333554
 513692.5744924999
 514303.4084267466
 514810.8337588943
 515229.3565612898
 515571.9000452344
 515849.9241515133
 516073.5404413713
 516251.6222883383
 516391.9103705871
 516501.1134640712
 516585.0045363155
 516648.5121408793
 516695.8071125108
 516730.3845629806
 516755.1411776014
 516772.4478124247
 516784.2173921214
 516791.9681085438
 516796.8819199684
 516799.8583510238
 516801.563593297
 516802.4749066232
 516802.9203210574
 516803.1136395273
 516803.1847411685
 516803.2051853412
 516803.2091163297
 516803.2094687221
 516803.2094734733
 516803.2094646491
 516803.2089868527
 516803.2042033325
 516803.1806047718
 516803.101018761
 516802.8889199508
 516802.4070408876
 516801.4312835314
 516799.6199314541
 516796.4781627211
 516791.3178634539
 516783.2127420748
 516770.9487442339
 516752.9697684157
 516727.3186822336
 516691.5736393956
 516642.7796973662
 516577.3757356933
 516491.1166750307
 516378.9909968425
 516235.1335637682
 516052.7337407243
 515823.9388165785
 515539.7527266435
 515189.9300757927
 514762.86546216
 514245.4781017219
 513623.0917533837
 512879.3099448303
 511995.8864990461
 510952.5913615667
 509727.0717282514
 508294.7084737572
 506628.4678813767
 504698.748672226
 502473.2243359288
 499916.6807625671
 496990.8491740005
 493654.2343566392
 489861.9381952014
 485565.4785059885
 480712.6031726052
 475247.0995797776
 469108.599351472
 462232.3783858368
 454549.1521927799
 445984.8665350046
 436460.4833615315
 425891.762052119
 414189.0359548694
 401256.984225275
 386994.3989746013


# name: QUERY
# type: sq_string
# elements: 1
# length: 2
R3


# name: DATASIZE
# type: sq_string
# elements: 1
# length: 3
500


