# Created by Octave 4.0.0, Wed May 18 23:49:08 2016 CEST <peter@Independence>
# name: x
# type: matrix
# rows: 1
# columns: 100
 60 60.60606060606061 61.21212121212121 61.81818181818181 62.42424242424242 63.03030303030303 63.63636363636364 64.24242424242425 64.84848484848484 65.45454545454545 66.06060606060606 66.66666666666666 67.27272727272727 67.87878787878788 68.48484848484848 69.09090909090909 69.69696969696969 70.3030303030303 70.90909090909091 71.51515151515152 72.12121212121212 72.72727272727272 73.33333333333333 73.93939393939394 74.54545454545455 75.15151515151516 75.75757575757575 76.36363636363636 76.96969696969697 77.57575757575758 78.18181818181819 78.78787878787878 79.39393939393939 80 80.60606060606061 81.2121212121212 81.81818181818181 82.42424242424242 83.03030303030303 83.63636363636364 84.24242424242425 84.84848484848484 85.45454545454545 86.06060606060606 86.66666666666667 87.27272727272727 87.87878787878788 88.48484848484848 89.09090909090909 89.6969696969697 90.3030303030303 90.90909090909091 91.51515151515152 92.12121212121212 92.72727272727272 93.33333333333333 93.93939393939394 94.54545454545455 95.15151515151514 95.75757575757576 96.36363636363636 96.96969696969697 97.57575757575758 98.18181818181819 98.78787878787878 99.39393939393939 100 100.6060606060606 101.2121212121212 101.8181818181818 102.4242424242424 103.030303030303 103.6363636363636 104.2424242424242 104.8484848484848 105.4545454545455 106.0606060606061 106.6666666666667 107.2727272727273 107.8787878787879 108.4848484848485 109.0909090909091 109.6969696969697 110.3030303030303 110.9090909090909 111.5151515151515 112.1212121212121 112.7272727272727 113.3333333333333 113.9393939393939 114.5454545454545 115.1515151515152 115.7575757575758 116.3636363636364 116.969696969697 117.5757575757576 118.1818181818182 118.7878787878788 119.3939393939394 120


# name: y
# type: matrix
# rows: 100
# columns: 1
 440794.6232187348
 447024.8016661512
 452861.2181865391
 458320.8242255392
 463420.1982472723
 468175.5457338382
 472602.6991857783
 476717.1181216962
 480533.8890784213
 484067.7256110994
 487332.9682929792
 490343.5847154682
 493113.1694882737
 495654.9442392593
 497981.7576145749
 500106.0852784075
 502040.0299132958
 503795.321219918
 505383.3159172038
 506814.9977422116
 508100.9774502954
 509251.4928149162
 510276.408627831
 511185.2166989473
 511987.0358563936
 512690.6119464954
 513304.3178337942
 513836.153401025
 514293.7455491262
 514684.3481972498
 515014.8422827481
 515291.7357611794
 515521.1636063011
 515708.8878100795
 515860.2973826851
 515980.4083524928
 516073.8637660813
 516144.9336882326
 516197.5152019353
 516235.1324083811
 516260.9364269668
 516277.7053952931
 516287.8444691655
 516293.3858225939
 516295.9886477924
 516296.9391551799
 516297.1505733795
 516297.1631492187
 516297.1441477297
 516296.8878521488
 516295.815563917
 516292.9756026796
 516287.0433062864
 516276.3210307916
 516258.738150454
 516231.8510577365
 516192.8431633069
 516138.5248960368
 516065.3337030031
 515969.3340494859
 515846.2174189718
 515691.3023131484
 515499.5342519121
 515265.4857733601
 514983.3564337986
 514646.9728077313
 514249.7884878687
 513784.8840851324
 513244.9672286336
 512622.3725657184
 511909.0617618927
 511096.6235008941
 510176.2734846805
 509138.8544333733
 507974.8360853358
 506674.3151971119
 505227.0155434557
 503622.2879173339
 501849.1101299156
 499896.0870105659
 497751.4504068062
 495403.0591845091
 492838.3992276383
 490044.5834383139
 487008.3517369781
 483716.0710622451
 480153.7353708249
 476306.9656378786
 472161.0098564337
 467700.7430380823
 462910.6672123224
 457774.9114270019
 452277.2317482057
 446401.0112599615
 440129.2600649713
 433444.6152837539
 426329.3410552234
 418765.3285363936
 410734.0959023003
 402216.7883466504


# name: QUERY
# type: sq_string
# elements: 1
# length: 2
R3


# name: DATASIZE
# type: sq_string
# elements: 1
# length: 3
500


