# Created by Octave 4.0.0, Mon May 23 13:48:10 2016 CEST <peter@Independence>
# name: x
# type: matrix
# rows: 1
# columns: 100
 60 60.60606060606061 61.21212121212121 61.81818181818181 62.42424242424242 63.03030303030303 63.63636363636364 64.24242424242425 64.84848484848484 65.45454545454545 66.06060606060606 66.66666666666666 67.27272727272727 67.87878787878788 68.48484848484848 69.09090909090909 69.69696969696969 70.3030303030303 70.90909090909091 71.51515151515152 72.12121212121212 72.72727272727272 73.33333333333333 73.93939393939394 74.54545454545455 75.15151515151516 75.75757575757575 76.36363636363636 76.96969696969697 77.57575757575758 78.18181818181819 78.78787878787878 79.39393939393939 80 80.60606060606061 81.2121212121212 81.81818181818181 82.42424242424242 83.03030303030303 83.63636363636364 84.24242424242425 84.84848484848484 85.45454545454545 86.06060606060606 86.66666666666667 87.27272727272727 87.87878787878788 88.48484848484848 89.09090909090909 89.6969696969697 90.3030303030303 90.90909090909091 91.51515151515152 92.12121212121212 92.72727272727272 93.33333333333333 93.93939393939394 94.54545454545455 95.15151515151514 95.75757575757576 96.36363636363636 96.96969696969697 97.57575757575758 98.18181818181819 98.78787878787878 99.39393939393939 100 100.6060606060606 101.2121212121212 101.8181818181818 102.4242424242424 103.030303030303 103.6363636363636 104.2424242424242 104.8484848484848 105.4545454545455 106.0606060606061 106.6666666666667 107.2727272727273 107.8787878787879 108.4848484848485 109.0909090909091 109.6969696969697 110.3030303030303 110.9090909090909 111.5151515151515 112.1212121212121 112.7272727272727 113.3333333333333 113.9393939393939 114.5454545454545 115.1515151515152 115.7575757575758 116.3636363636364 116.969696969697 117.5757575757576 118.1818181818182 118.7878787878788 119.3939393939394 120


# name: y
# type: matrix
# rows: 100
# columns: 1
 820543.9551272478
 804652.1391870887
 789437.208617351
 774884.4320110499
 760979.0779612006
 747706.4150608183
 735051.7119029183
 723000.2370805162
 711537.2591866269
 700648.046814266
 690317.8685564486
 680531.9930061901
 671275.6887565056
 662534.2244004105
 654292.8685309202
 646536.8897410498
 639251.5566238149
 632422.1377722302
 626033.9017793116
 620072.1172380741
 614522.052741533
 609368.9768827036
 604598.1582546013
 600194.8654502411
 596144.3670626387
 592431.931684809
 589042.8279097676
 585962.3243305297
 583175.6895401103
 580668.192131525
 578425.1006977891
 576431.6838319178
 574673.2101269263
 573134.9481758301
 571802.1665716443
 570660.1339073841
 569694.1187760652
 568889.3897707025
 568231.2154843113
 567704.8645099072
 567295.6054405052
 566988.7068691207
 566769.437388769
 566623.0655924653
 566534.860073225
 566490.0894240633
 566474.0222379955
 566471.9271080369
 566469.072627203
 566450.7273885086
 566402.1599849694
 566308.6390096006
 566155.4330554175
 565927.8107154352
 565611.0405826692
 565190.3912501347
 564651.131310847
 563978.5293578214
 563157.8539840733
 562174.3737826177
 561013.3573464701
 559660.0732686458
 558099.79014216
 556317.776560028
 554299.3011152651
 552029.6324008866
 549494.0390099079
 546677.7895353441
 543566.1525702105
 540144.3967075226
 536397.7905402954
 532311.6026615443
 527871.1016642848
 523061.5561415319
 517868.234686301
 512276.4058916073
 506271.3383504662
 499838.3006558931
 492962.561400903
 485629.3891785115
 477824.0525817336
 469531.8202035847
 460737.96063708
 451427.7424752351
 441586.4343110649
 431199.3047375851
 420251.6223478105
 408728.6557347567
 396615.673491439
 383897.9442108725
 370560.7364860728
 356589.3189100547
 341968.9600758341
 326684.9285764258
 310722.4930048455
 294066.9219541078
 276703.4840172289
 258617.4477872233
 239794.0818571066
 220218.6548198942


# name: QUERY
# type: sq_string
# elements: 1
# length: 2
R3


# name: DATASIZE
# type: sq_string
# elements: 1
# length: 3
500


