# Created by Octave 4.0.0, Wed May 11 16:43:57 2016 CEST <peter@Independence>
# name: mu
# type: matrix
# rows: 1
# columns: 2
 232898.610619469 617.9941002949853


