# Created by Octave 4.0.0, Wed May 11 16:44:02 2016 CEST <peter@Independence>
# name: y
# type: matrix
# rows: 1
# columns: 100
 68669.27933189014 72050.20744912396 75431.13556635779 78812.06368359158 82192.99180082537 85573.91991805923 88954.84803529302 92335.77615252684 95716.70426976064 99097.63238699449 102478.5605042283 105859.4886214621 109240.4167386959 112621.3448559297 116002.2729731635 119383.2010903974 122764.1292076312 126145.057324865 129525.9854420988 132906.9135593326 136287.8416765665 139668.7697938003 143049.6979110341 146430.6260282679 149811.5541455017 153192.4822627355 156573.4103799693 159954.3384972032 163335.266614437 166716.1947316708 170097.1228489046 173478.0509661384 176858.9790833722 180239.907200606 183620.8353178399 187001.7634350737 190382.6915523075 193763.6196695413 197144.5477867751 200525.4759040089 203906.4040212427 207287.3321384765 210668.2602557104 214049.1883729442 217430.116490178 220811.0446074118 224191.9727246456 227572.9008418795 230953.8289591133 234334.7570763471 237715.6851935809 241096.6133108147 244477.5414280485 247858.4695452824 251239.3976625162 254620.32577975 258001.2538969838 261382.1820142176 264763.1101314515 268144.0382486852 271524.9663659191 274905.8944831529 278286.8226003867 281667.7507176205 285048.6788348543 288429.6069520881 291810.5350693219 295191.4631865558 298572.3913037896 301953.3194210234 305334.2475382572 308715.1756554911 312096.1037727249 315477.0318899587 318857.9600071925 322238.8881244264 325619.8162416601 329000.7443588939 332381.6724761277 335762.6005933616 339143.5287105954 342524.4568278292 345905.384945063 349286.3130622968 352667.2411795306 356048.1692967644 359429.0974139983 362810.0255312321 366190.9536484659 369571.8817656997 372952.8098829336 376333.7380001673 379714.6661174012 383095.5942346349 386476.5223518688 389857.4504691026 393238.3785863364 396619.3067035703 400000.2348208041 403381.1629380379


