# Created by Octave 4.0.0, Wed May 11 16:43:57 2016 CEST <peter@Independence>
# name: sigma
# type: matrix
# rows: 1
# columns: 2
 156678.037654831 273.484181623411


