# Created by Octave 4.0.0, Wed May 11 16:44:02 2016 CEST <peter@Independence>
# name: y
# type: matrix
# rows: 100
# columns: 1
 96245.00441501377
 105486.7575245167
 114348.0524479943
 122836.8861674071
 130961.2556647153
 138729.1579218809
 146148.5899208637
 153227.5486436246
 159974.0310721246
 166396.0341883238
 172501.5549741835
 178298.5904116647
 183795.1374827274
 188999.1931693327
 193918.7544534412
 198561.8183170139
 202936.3817420113
 207050.4417103942
 210911.9952041231
 214529.0392051591
 217909.5706954626
 221061.5866569944
 223993.0840717157
 226712.0599215865
 229226.511188568
 231544.4348546207
 233673.8279017055
 235622.6873117831
 237399.010066814
 239010.7931487593
 240466.0335395795
 241772.7282212353
 242938.8741756875
 243972.4683848969
 244881.5078308241
 245673.9894954299
 246357.910360675
 246941.2674085201
 247432.057620926
 247838.2779798534
 248167.9254672631
 248428.9970651157
 248629.4897553719
 248777.4005199926
 248880.7263409384
 248947.4642001701
 248985.6110796484
 249003.163961334
 249008.1198271877
 249008.4756591702
 249012.2284392421
 249027.3751493644
 249061.9127714975
 249123.8382876024
 249221.1486796397
 249361.8409295702
 249553.9120193546
 249805.3589309535
 250124.1786463278
 250518.3681474382
 250995.9244162454
 251564.8444347101
 252233.1251847931
 253008.763648455
 253899.7568076567
 254914.1016443588
 256059.7951405221
 257344.8342781073
 258777.2160390751
 260364.9374053863
 262115.9953590016
 264038.3868818816
 266140.1089559873
 268429.1585632792
 270913.532685718
 273601.2283052648
 276500.2424038796
 279618.5719635241
 282964.2139661583
 286545.1653937431
 290369.4232282393
 294444.9844516076
 298779.8460458089
 303382.0049928033
 308259.4582745525
 313420.2028730167
 318872.2357701564
 324623.5539479327
 330682.1543883058
 337056.0340732374
 343753.1899846873
 350781.6191046172
 358149.3184149866
 365864.2848977563
 373934.5155348892
 382368.0073083431
 391172.7572000806
 400356.7621920613
 409928.0192662471
 419894.525404598


