# Created by Octave 4.0.0, Wed May 11 16:44:03 2016 CEST <peter@Independence>
# name: y
# type: matrix
# rows: 100
# columns: 1
 95661.01905610366
 95528.61999938564
 95586.09548968251
 95831.28643910526
 96261.11850174234
 96871.62889166016
 97658.00102697601
 98614.60674697193
 99735.05577058322
 101012.2519893801
 102438.4561172492
 104005.354153147
 105704.1310532725
 107525.5489554038
 109460.0292514856
 111497.737765286
 113628.6722603536
 115842.7514798489
 118129.9049041757
 120480.1624047473
 122883.7429725815
 125331.1417085642
 127813.214277913
 130321.2580542704
 132847.0892085864
 135383.1150340697
 137922.4008405086
 140458.7307986856
 142986.6621678805
 145501.5723960351
 147999.6986424823
 150478.1693366623
 152935.0274524202
 155369.2452457694
 157780.7302739026
 160170.3225842356
 162539.7830339217
 164891.7727721114
 167229.8239888448
 169558.3021054187
 171882.3596510057
 174207.8821388152
 176541.4263218177
 178890.1512726514
 181261.7427944105
 183664.3317282411
 186106.4067796602
 188596.7225378998
 191144.2034109819
 193757.8442432529
 196446.608421366
 199219.3243087693
 202084.5808772569
 205050.6234266367
 208125.2502996837
 211315.7115088878
 214628.610193703
 218069.8078217397
 221644.334034309
 225356.302015688
 229208.8302362503
 233203.9713820684
 237342.6492377307
 241624.6042349515
 246048.3483172689
 250611.1297009479
 255308.9080345147
 260136.3403746104
 265086.7783046499
 270152.2764258232
 275323.6123480682
 280590.3182027211
 285940.7235896068
 291362.0097604883
 296840.2747292249
 302360.6088879404
 307907.1805992735
 313463.3311286914
 319011.6781792181
 324534.2271951063
 330012.4895122385
 335427.6063526211
 340760.4775894215
 345991.894148634
 351102.6728646402
 356073.7925704475
 360886.5301799477
 365522.5955096373
 369964.2635912197
 374194.5032445285
 378197.1007122102
 381956.7772033662
 385459.2992524421
 388691.5808714179
 391641.7765570278
 394299.3643092954
 396655.2179219872
 398701.6679183553
 400432.5506253513
 401843.2450048042


