# Created by Octave 3.8.2, Mon May 23 11:18:05 2016 CEST <Andrea@Andreas-MacBook-Pro.local>
# name: x
# type: matrix
# rows: 1
# columns: 100
 60 60.60606060606061 61.21212121212121 61.81818181818183 62.42424242424243 63.03030303030303 63.63636363636364 64.24242424242425 64.84848484848484 65.45454545454545 66.06060606060606 66.66666666666667 67.27272727272728 67.87878787878788 68.48484848484848 69.09090909090909 69.6969696969697 70.30303030303031 70.90909090909091 71.51515151515152 72.12121212121212 72.72727272727272 73.33333333333334 73.93939393939394 74.54545454545455 75.15151515151516 75.75757575757576 76.36363636363636 76.96969696969697 77.57575757575758 78.18181818181819 78.78787878787878 79.39393939393939 80 80.60606060606061 81.21212121212122 81.81818181818181 82.42424242424242 83.03030303030303 83.63636363636364 84.24242424242425 84.84848484848484 85.45454545454545 86.06060606060606 86.66666666666667 87.27272727272728 87.87878787878788 88.48484848484848 89.09090909090909 89.69696969696969 90.30303030303031 90.90909090909091 91.51515151515152 92.12121212121212 92.72727272727272 93.33333333333333 93.93939393939394 94.54545454545455 95.15151515151516 95.75757575757575 96.36363636363636 96.96969696969697 97.57575757575758 98.18181818181819 98.78787878787878 99.39393939393939 100 100.6060606060606 101.2121212121212 101.8181818181818 102.4242424242424 103.030303030303 103.6363636363636 104.2424242424242 104.8484848484848 105.4545454545455 106.0606060606061 106.6666666666667 107.2727272727273 107.8787878787879 108.4848484848485 109.0909090909091 109.6969696969697 110.3030303030303 110.9090909090909 111.5151515151515 112.1212121212121 112.7272727272727 113.3333333333333 113.9393939393939 114.5454545454545 115.1515151515151 115.7575757575758 116.3636363636364 116.969696969697 117.5757575757576 118.1818181818182 118.7878787878788 119.3939393939394 120


# name: y
# type: matrix
# rows: 100
# columns: 1
 74331.40613064168
 74287.0936468265
 74243.56475132209
 74200.83527021634
 74158.92071243994
 74117.83626102275
 74077.59676463678
 74038.21672943127
 73999.71031116619
 73962.09130764811
 73925.37315147447
 73889.56890308895
 73854.69124415267
 73820.75247123378
 73787.76448981851
 73755.73880864588
 73724.68653436771
 73694.6183665354
 73665.54459291429
 73637.47508512632
 73610.41929462046
 73584.38624897097
 73559.38454850226
 73535.42236323938
 73512.5074301822
 73490.6470509013
 73469.84808945312
 73450.11697061156
 73431.45967841265
 73413.88175500897
 73397.38829982997
 73381.98396904353
 73367.67297531512
 73354.45908785889
 73342.34563277627
 73331.33549367652
 73321.43111257377
 73312.63449105469
 73304.94719171108
 73298.37033983089
 73292.90462534182
 73288.55030500059
 73285.30720482147
 73283.17472273763
 73282.15183148799
 73282.2370817231
 73283.4286053231
 73285.72411892022
 73289.12092761979
 73293.61592891162
 73299.20561676551
 73305.88608590358
 73313.65303624221
 73322.50177749721
 73332.42723394468
 73343.42394933116
 73355.48609192621
 73368.60745971085
 73382.78148569503
 73398.00124335839
 73414.2594522071
 73431.5484834415
 73449.86036572786
 73469.18679106914
 73489.51912076822
 73510.84839147866
 73533.16532133774
 73556.46031617597
 73580.72347579885
 73605.9446003355
 73632.11319665
 73659.21848481055
 73687.24940461284
 73716.19462215275
 73746.04253644559
 73776.78128608718
 73808.3987559541
 73840.88258393935
 73874.22016772054
 73908.39867155759
 73943.40503311728
 73979.22597032203
 74015.84798822043
 74053.25738587727
 74091.44026328114
 74130.38252826742
 74170.06990345482
 74210.487933194
 74251.62199052642
 74293.45728415198
 74335.97886540445
 74379.17163523272
 74423.02035118736
 74467.50963441093
 74512.62397663116
 74558.34774715597
 74604.66519986936
 74651.56048022717
 74699.01763225204
 74747.0206055265


# name: TRAIN_QUERIES
# type: cell
# rows: 1
# columns: 1
# name: <cell-element>
# type: sq_string
# elements: 1
# length: 2
R2





# name: TEST_QUERIES
# type: cell
# rows: 1
# columns: 1
# name: <cell-element>
# type: sq_string
# elements: 1
# length: 2
R5





# name: DATASIZE
# type: sq_string
# elements: 1
# length: 3
750


