# Created by Octave 3.8.2, Mon May 23 11:18:05 2016 CEST <Andrea@Andreas-MacBook-Pro.local>
# name: x
# type: matrix
# rows: 1
# columns: 100
 60 60.60606060606061 61.21212121212121 61.81818181818183 62.42424242424243 63.03030303030303 63.63636363636364 64.24242424242425 64.84848484848484 65.45454545454545 66.06060606060606 66.66666666666667 67.27272727272728 67.87878787878788 68.48484848484848 69.09090909090909 69.6969696969697 70.30303030303031 70.90909090909091 71.51515151515152 72.12121212121212 72.72727272727272 73.33333333333334 73.93939393939394 74.54545454545455 75.15151515151516 75.75757575757576 76.36363636363636 76.96969696969697 77.57575757575758 78.18181818181819 78.78787878787878 79.39393939393939 80 80.60606060606061 81.21212121212122 81.81818181818181 82.42424242424242 83.03030303030303 83.63636363636364 84.24242424242425 84.84848484848484 85.45454545454545 86.06060606060606 86.66666666666667 87.27272727272728 87.87878787878788 88.48484848484848 89.09090909090909 89.69696969696969 90.30303030303031 90.90909090909091 91.51515151515152 92.12121212121212 92.72727272727272 93.33333333333333 93.93939393939394 94.54545454545455 95.15151515151516 95.75757575757575 96.36363636363636 96.96969696969697 97.57575757575758 98.18181818181819 98.78787878787878 99.39393939393939 100 100.6060606060606 101.2121212121212 101.8181818181818 102.4242424242424 103.030303030303 103.6363636363636 104.2424242424242 104.8484848484848 105.4545454545455 106.0606060606061 106.6666666666667 107.2727272727273 107.8787878787879 108.4848484848485 109.0909090909091 109.6969696969697 110.3030303030303 110.9090909090909 111.5151515151515 112.1212121212121 112.7272727272727 113.3333333333333 113.9393939393939 114.5454545454545 115.1515151515151 115.7575757575758 116.3636363636364 116.969696969697 117.5757575757576 118.1818181818182 118.7878787878788 119.3939393939394 120


# name: y
# type: matrix
# rows: 100
# columns: 1
 60858.0956440888
 60841.29902895859
 60824.50241382839
 60807.70579869814
 60790.90918356795
 60774.11256843773
 60757.31595330751
 60740.51933817729
 60723.72272304707
 60706.92610791685
 60690.12949278664
 60673.33287765642
 60656.5362625262
 60639.739647396
 60622.94303226577
 60606.14641713555
 60589.34980200535
 60572.55318687513
 60555.7565717449
 60538.95995661469
 60522.16334148448
 60505.36672635426
 60488.57011122405
 60471.77349609383
 60454.97688096361
 60438.18026583339
 60421.38365070317
 60404.58703557296
 60387.79042044274
 60370.99380531252
 60354.19719018231
 60337.4005750521
 60320.60395992187
 60303.80734479165
 60287.01072966144
 60270.21411453122
 60253.41749940101
 60236.62088427079
 60219.82426914058
 60203.02765401036
 60186.23103888014
 60169.43442374992
 60152.63780861971
 60135.84119348949
 60119.04457835927
 60102.24796322906
 60085.45134809884
 60068.65473296862
 60051.8581178384
 60035.06150270819
 60018.26488757798
 60001.46827244776
 59984.67165731754
 59967.87504218733
 59951.07842705711
 59934.28181192689
 59917.48519679668
 59900.68858166646
 59883.89196653624
 59867.09535140602
 59850.29873627581
 59833.50212114559
 59816.70550601538
 59799.90889088516
 59783.11227575495
 59766.31566062473
 59749.5190454945
 59732.72243036429
 59715.92581523408
 59699.12920010385
 59682.33258497364
 59665.53596984343
 59648.73935471321
 59631.94273958298
 59615.14612445277
 59598.34950932256
 59581.55289419233
 59564.75627906212
 59547.95966393192
 59531.16304880169
 59514.36643367148
 59497.56981854126
 59480.77320341104
 59463.97658828082
 59447.17997315061
 59430.38335802038
 59413.58674289018
 59396.79012775997
 59379.99351262975
 59363.19689749953
 59346.40028236932
 59329.60366723909
 59312.80705210887
 59296.01043697866
 59279.21382184843
 59262.41720671822
 59245.62059158803
 59228.82397645778
 59212.02736132758
 59195.23074619738


# name: TRAIN_QUERIES
# type: cell
# rows: 1
# columns: 1
# name: <cell-element>
# type: sq_string
# elements: 1
# length: 2
R2





# name: TEST_QUERIES
# type: cell
# rows: 1
# columns: 1
# name: <cell-element>
# type: sq_string
# elements: 1
# length: 2
R5





# name: DATASIZE
# type: sq_string
# elements: 1
# length: 3
750


