# Created by Octave 3.8.2, Mon May 23 11:18:05 2016 CEST <Andrea@Andreas-MacBook-Pro.local>
# name: x
# type: matrix
# rows: 1
# columns: 100
 60 60.60606060606061 61.21212121212121 61.81818181818183 62.42424242424243 63.03030303030303 63.63636363636364 64.24242424242425 64.84848484848484 65.45454545454545 66.06060606060606 66.66666666666667 67.27272727272728 67.87878787878788 68.48484848484848 69.09090909090909 69.6969696969697 70.30303030303031 70.90909090909091 71.51515151515152 72.12121212121212 72.72727272727272 73.33333333333334 73.93939393939394 74.54545454545455 75.15151515151516 75.75757575757576 76.36363636363636 76.96969696969697 77.57575757575758 78.18181818181819 78.78787878787878 79.39393939393939 80 80.60606060606061 81.21212121212122 81.81818181818181 82.42424242424242 83.03030303030303 83.63636363636364 84.24242424242425 84.84848484848484 85.45454545454545 86.06060606060606 86.66666666666667 87.27272727272728 87.87878787878788 88.48484848484848 89.09090909090909 89.69696969696969 90.30303030303031 90.90909090909091 91.51515151515152 92.12121212121212 92.72727272727272 93.33333333333333 93.93939393939394 94.54545454545455 95.15151515151516 95.75757575757575 96.36363636363636 96.96969696969697 97.57575757575758 98.18181818181819 98.78787878787878 99.39393939393939 100 100.6060606060606 101.2121212121212 101.8181818181818 102.4242424242424 103.030303030303 103.6363636363636 104.2424242424242 104.8484848484848 105.4545454545455 106.0606060606061 106.6666666666667 107.2727272727273 107.8787878787879 108.4848484848485 109.0909090909091 109.6969696969697 110.3030303030303 110.9090909090909 111.5151515151515 112.1212121212121 112.7272727272727 113.3333333333333 113.9393939393939 114.5454545454545 115.1515151515151 115.7575757575758 116.3636363636364 116.969696969697 117.5757575757576 118.1818181818182 118.7878787878788 119.3939393939394 120


# name: y
# type: matrix
# rows: 1
# columns: 100
 51849.31510320102 51846.20292939898 51843.09075559694 51839.9785817949 51836.86640799286 51833.75423419082 51830.64206038877 51827.52988658674 51824.4177127847 51821.30553898265 51818.19336518062 51815.08119137857 51811.96901757654 51808.85684377449 51805.74466997245 51802.63249617041 51799.52032236837 51796.40814856633 51793.29597476429 51790.18380096224 51787.07162716021 51783.95945335816 51780.84727955612 51777.73510575408 51774.62293195204 51771.51075815 51768.39858434796 51765.28641054592 51762.17423674388 51759.06206294183 51755.9498891398 51752.83771533775 51749.72554153571 51746.61336773367 51743.50119393163 51740.38902012959 51737.27684632755 51734.16467252551 51731.05249872347 51727.94032492143 51724.82815111939 51721.71597731735 51718.6038035153 51715.49162971327 51712.37945591122 51709.26728210918 51706.15510830714 51703.0429345051 51699.93076070306 51696.81858690102 51693.70641309897 51690.59423929694 51687.48206549489 51684.36989169286 51681.25771789081 51678.14554408877 51675.03337028673 51671.92119648469 51668.80902268265 51665.69684888061 51662.58467507856 51659.47250127653 51656.36032747448 51653.24815367244 51650.13597987041 51647.02380606836 51643.91163226632 51640.79945846428 51637.68728466224 51634.5751108602 51631.46293705816 51628.35076325612 51625.23858945408 51622.12641565203 51619.01424185 51615.90206804795 51612.78989424591 51609.67772044387 51606.56554664183 51603.45337283979 51600.34119903775 51597.22902523571 51594.11685143367 51591.00467763162 51587.89250382959 51584.78033002754 51581.6681562255 51578.55598242346 51575.44380862142 51572.33163481938 51569.21946101734 51566.10728721529 51562.99511341326 51559.88293961122 51556.77076580917 51553.65859200714 51550.54641820509 51547.43424440306 51544.32207060101 51541.20989679897


# name: TRAIN_QUERIES
# type: cell
# rows: 1
# columns: 1
# name: <cell-element>
# type: sq_string
# elements: 1
# length: 2
R2





# name: TEST_QUERIES
# type: cell
# rows: 1
# columns: 1
# name: <cell-element>
# type: sq_string
# elements: 1
# length: 2
R5





# name: DATASIZE
# type: sq_string
# elements: 1
# length: 3
750


