# Created by Octave 3.8.2, Mon May 23 11:18:04 2016 CEST <Andrea@Andreas-MacBook-Pro.local>
# name: SVs
# type: cell
# rows: 1
# columns: 7
# name: <cell-element>
# type: sparse matrix
# nnz: 28
# rows: 4
# columns: 7
1 1 0.9875444920992018
2 1 1.024301263372468
3 1 1.15621600124023
4 1 0.8622171876373417
1 2 0.9615274977608738
2 2 0.9372766249688789
3 2 1.081891532474988
4 2 0.8215762196378402
1 3 0.9829983969081872
2 3 1.028497907399786
3 3 0.990581648656787
4 3 0.9726575990691877
1 4 0.9351682056395167
2 4 1.017579080795035
3 4 0.9122393734389893
4 4 0.9378266209671141
1 5 1.019924716614846
2 5 0.799780605712749
3 5 0.9800403710332068
4 5 0.7183890773270576
1 6 1.019508375519741
2 6 0.7974907858102728
3 6 0.9810078547634897
4 6 0.7262929022075457
1 7 -1.337441587509526
2 7 -1.337441587509526
3 7 -1.337441587509526
4 7 -0.4458138625031752



# name: <cell-element>
# type: sparse matrix
# nnz: 35
# rows: 5
# columns: 7
1 1 0.9875444920992018
2 1 1.172767619629848
3 1 1.024301263372468
4 1 1.15621600124023
5 1 0.8622171876373417
1 2 0.9615274977608738
2 2 1.27640727438001
3 2 0.9372766249688789
4 2 1.081891532474988
5 2 0.8215762196378402
1 3 0.9829983969081872
2 3 1.022982815218986
3 3 1.028497907399786
4 3 0.990581648656787
5 3 0.9726575990691877
1 4 0.9351682056395167
2 4 1.035855686172267
3 4 1.017579080795035
4 4 0.9122393734389893
5 4 0.9378266209671141
1 5 1.019924716614846
2 5 1.54104271545851
3 5 0.799780605712749
4 5 0.9800403710332068
5 5 0.7183890773270576
1 6 1.019508375519741
2 6 1.528002287420375
3 6 0.7974907858102728
4 6 0.9810078547634897
5 6 0.7262929022075457
1 7 -1.337441587509526
2 7 1.337441587509526
3 7 -1.337441587509526
4 7 -1.337441587509526
5 7 -0.4458138625031752



# name: <cell-element>
# type: sparse matrix
# nnz: 42
# rows: 6
# columns: 7
1 1 0.9875444920992018
2 1 1.172767619629848
3 1 1.024301263372468
4 1 1.218326087638731
5 1 1.15621600124023
6 1 0.8622171876373417
1 2 0.9615274977608738
2 2 1.27640727438001
3 2 0.9372766249688789
4 2 1.307187228308312
5 2 1.081891532474988
6 2 0.8215762196378402
1 3 0.9829983969081872
2 3 1.022982815218986
3 3 1.028497907399786
4 3 0.9540441629589883
5 3 0.990581648656787
6 3 0.9726575990691877
1 4 0.9351682056395167
2 4 1.035855686172267
3 4 1.017579080795035
4 4 0.8919689565660593
5 4 0.9122393734389893
6 4 0.9378266209671141
1 5 1.019924716614846
2 5 1.54104271545851
3 5 0.799780605712749
4 5 1.423511850465981
5 5 0.9800403710332068
6 5 0.7183890773270576
1 6 1.019508375519741
2 6 1.528002287420375
3 6 0.7974907858102728
4 6 1.415558302975051
5 6 0.9810078547634897
6 6 0.7262929022075457
1 7 -1.337441587509526
2 7 1.337441587509526
3 7 -1.337441587509526
4 7 -1.337441587509526
5 7 -1.337441587509526
6 7 -0.4458138625031752



# name: <cell-element>
# type: sparse matrix
# nnz: 28
# rows: 4
# columns: 7
1 1 1.172767619629848
2 1 1.024301263372468
3 1 1.218326087638731
4 1 1.15621600124023
1 2 1.27640727438001
2 2 0.9372766249688789
3 2 1.307187228308312
4 2 1.081891532474988
1 3 1.022982815218986
2 3 1.028497907399786
3 3 0.9540441629589883
4 3 0.990581648656787
1 4 1.035855686172267
2 4 1.017579080795035
3 4 0.8919689565660593
4 4 0.9122393734389893
1 5 1.54104271545851
2 5 0.799780605712749
3 5 1.423511850465981
4 5 0.9800403710332068
1 6 1.528002287420375
2 6 0.7974907858102728
3 6 1.415558302975051
4 6 0.9810078547634897
1 7 1.337441587509526
2 7 -1.337441587509526
3 7 -1.337441587509526
4 7 -1.337441587509526



# name: <cell-element>
# type: sparse matrix
# nnz: 56
# rows: 8
# columns: 7
1 1 1.024301263372468
2 1 0.9576519371480514
3 1 1.125548454123679
4 1 1.140550088182497
5 1 0.9038453382359807
6 1 1.218326087638731
7 1 1.15621600124023
8 1 0.8622171876373417
1 2 0.9372766249688789
2 2 1.060099664266797
3 2 1.159222986972539
4 2 1.080068477352513
5 2 1.041233163580717
6 2 1.307187228308312
7 2 1.081891532474988
8 2 0.8215762196378402
1 3 1.028497907399786
2 3 1.027119134354586
3 3 0.9564570157880883
4 3 1.039183398500085
5 3 0.990581648656787
6 3 0.9540441629589883
7 3 0.990581648656787
8 3 0.9726575990691877
1 4 1.017579080795035
2 4 1.029209647853274
3 4 0.9351682056395167
4 4 1.031535761264922
5 4 0.9158946945144357
6 4 0.8919689565660593
7 4 0.9122393734389893
8 4 0.9378266209671141
1 5 0.799780605712749
2 5 1.098881989166916
3 5 1.132462236307638
4 5 1.027477151380696
5 5 1.316966345132871
6 5 1.423511850465981
7 5 0.9800403710332068
8 5 0.7183890773270576
1 6 0.7974907858102728
2 6 1.100315789424677
3 6 1.125774804770788
4 6 1.030303497222871
5 6 1.301741528486555
6 6 1.415558302975051
7 6 0.9810078547634897
8 6 0.7262929022075457
1 7 -1.337441587509526
2 7 -0.4458138625031752
3 7 0.4458138625031752
4 7 -1.337441587509526
5 7 -1.337441587509526
6 7 -1.337441587509526
7 7 -1.337441587509526
8 7 -0.4458138625031752



# name: <cell-element>
# type: sparse matrix
# nnz: 42
# rows: 6
# columns: 7
1 1 0.9875444920992018
2 1 1.172767619629848
3 1 1.024301263372468
4 1 0.916632708965084
5 1 1.15621600124023
6 1 0.8622171876373417
1 2 0.9615274977608738
2 2 1.27640727438001
3 2 0.9372766249688789
4 2 0.8612170693939858
5 2 1.081891532474988
6 2 0.8215762196378402
1 3 0.9829983969081872
2 3 1.022982815218986
3 3 1.028497907399786
4 3 0.9312944077131892
5 3 0.990581648656787
6 3 0.9726575990691877
1 4 0.9351682056395167
2 4 1.035855686172267
3 4 1.017579080795035
4 4 0.9172239021782344
5 4 0.9122393734389893
6 4 0.9378266209671141
1 5 1.019924716614846
2 5 1.54104271545851
3 5 0.799780605712749
4 5 0.8510248118512864
5 5 0.9800403710332068
6 5 0.7183890773270576
1 6 1.019508375519741
2 6 1.528002287420375
3 6 0.7974907858102728
4 6 0.846287231890319
5 6 0.9810078547634897
6 6 0.7262929022075457
1 7 -1.337441587509526
2 7 1.337441587509526
3 7 -1.337441587509526
4 7 1.337441587509526
5 7 -1.337441587509526
6 7 -0.4458138625031752



# name: <cell-element>
# type: scalar
0





# name: coefficients
# type: cell
# rows: 1
# columns: 7
# name: <cell-element>
# type: matrix
# rows: 4
# columns: 1
 -1.635913907605705
 -0.7597591272151945
 2.4211
 -0.02542696517910011



# name: <cell-element>
# type: matrix
# rows: 5
# columns: 1
 -3.548815704817018
 0.06257607453808794
 -1.46099736279848
 5
 -0.05276300692258969



# name: <cell-element>
# type: matrix
# rows: 6
# columns: 1
 -1.153896656403552
 0.06538523070763989
 -3.091649554874695
 -0.8021136928274156
 5
 -0.0177253266019771



# name: <cell-element>
# type: matrix
# rows: 4
# columns: 1
 0.05813237303412248
 -4.009165234986606
 -1.048967138047513
 5



# name: <cell-element>
# type: matrix
# rows: 8
# columns: 1
 -3.284434132121343
 0.2714035276633385
 0.101982765537464
 -0.6277249307803381
 0.01631439014911792
 -0.6989420986691152
 4.4842
 -0.262799521779124



# name: <cell-element>
# type: matrix
# rows: 6
# columns: 1
 -3.35616830247361
 0.5433172057267462
 -1.468419300513077
 -0.5056155777612952
 5
 -0.2131140249787636



# name: <cell-element>
# type: scalar
0





# name: b
# type: cell
# rows: 1
# columns: 7
# name: <cell-element>
# type: scalar
0.3038393149044247



# name: <cell-element>
# type: scalar
0.6190742624847025



# name: <cell-element>
# type: scalar
0.7502334446061099



# name: <cell-element>
# type: scalar
0.8076407098926101



# name: <cell-element>
# type: scalar
0.8520415805933298



# name: <cell-element>
# type: scalar
1.074255970007034



# name: <cell-element>
# type: scalar
0





# name: models
# type: cell
# rows: 1
# columns: 7
# name: <cell-element>
# type: scalar struct
# ndims: 2
 1 1
# length: 11
# name: Parameters
# type: matrix
# rows: 5
# columns: 1
 3
 0
 3
 0.1428571428571428
 0


# name: nr_class
# type: scalar
2


# name: totalSV
# type: scalar
4


# name: rho
# type: scalar
-0.3038393149044247


# name: Label
# type: matrix
# rows: 0
# columns: 0


# name: sv_indices
# type: matrix
# rows: 4
# columns: 1
 7
 19
 55
 56


# name: ProbA
# type: matrix
# rows: 0
# columns: 0


# name: ProbB
# type: matrix
# rows: 0
# columns: 0


