# Created by Octave 3.8.2, Mon May 23 11:18:05 2016 CEST <Andrea@Andreas-MacBook-Pro.local>
# name: x
# type: matrix
# rows: 1
# columns: 100
 60 60.60606060606061 61.21212121212121 61.81818181818183 62.42424242424243 63.03030303030303 63.63636363636364 64.24242424242425 64.84848484848484 65.45454545454545 66.06060606060606 66.66666666666667 67.27272727272728 67.87878787878788 68.48484848484848 69.09090909090909 69.6969696969697 70.30303030303031 70.90909090909091 71.51515151515152 72.12121212121212 72.72727272727272 73.33333333333334 73.93939393939394 74.54545454545455 75.15151515151516 75.75757575757576 76.36363636363636 76.96969696969697 77.57575757575758 78.18181818181819 78.78787878787878 79.39393939393939 80 80.60606060606061 81.21212121212122 81.81818181818181 82.42424242424242 83.03030303030303 83.63636363636364 84.24242424242425 84.84848484848484 85.45454545454545 86.06060606060606 86.66666666666667 87.27272727272728 87.87878787878788 88.48484848484848 89.09090909090909 89.69696969696969 90.30303030303031 90.90909090909091 91.51515151515152 92.12121212121212 92.72727272727272 93.33333333333333 93.93939393939394 94.54545454545455 95.15151515151516 95.75757575757575 96.36363636363636 96.96969696969697 97.57575757575758 98.18181818181819 98.78787878787878 99.39393939393939 100 100.6060606060606 101.2121212121212 101.8181818181818 102.4242424242424 103.030303030303 103.6363636363636 104.2424242424242 104.8484848484848 105.4545454545455 106.0606060606061 106.6666666666667 107.2727272727273 107.8787878787879 108.4848484848485 109.0909090909091 109.6969696969697 110.3030303030303 110.9090909090909 111.5151515151515 112.1212121212121 112.7272727272727 113.3333333333333 113.9393939393939 114.5454545454545 115.1515151515151 115.7575757575758 116.3636363636364 116.969696969697 117.5757575757576 118.1818181818182 118.7878787878788 119.3939393939394 120


# name: y
# type: matrix
# rows: 100
# columns: 1
 72214.95332788356
 72218.04297194479
 72221.00779923277
 72223.85038328923
 72226.57329765589
 72229.17911587446
 72231.67041148666
 72234.04975803421
 72236.31972905881
 72238.4828981022
 72240.54183870606
 72242.49912441216
 72244.35732876217
 72246.11902529781
 72247.78678756084
 72249.36318909292
 72250.85080343579
 72252.25220413119
 72253.56996472078
 72254.80665874633
 72255.96485974954
 72257.04714127211
 72258.05607685578
 72258.99424004223
 72259.86420437321
 72260.66854339043
 72261.40983063562
 72262.09063965046
 72262.71354397669
 72263.28111715602
 72263.79593273017
 72264.26056424085
 72264.67758522977
 72265.04956923868
 72265.37908980926
 72265.66872048323
 72265.92103480233
 72266.13860630826
 72266.32400854272
 72266.47981504747
 72266.60859936418
 72266.71293503459
 72266.79539560041
 72266.85855460336
 72266.90498558516
 72266.93726208752
 72266.95795765215
 72266.96964582078
 72266.97490013512
 72266.97629413688
 72266.97640136778
 72266.97779536954
 72266.98304968388
 72266.99473785251
 72267.01543341714
 72267.04770991951
 72267.0941409013
 72267.15729990425
 72267.23976047008
 72267.34409614048
 72267.47288045721
 72267.62868696194
 72267.81408919641
 72268.03166070234
 72268.28397502143
 72268.57360569542
 72268.903126266
 72269.27511027489
 72269.69213126382
 72270.15676277451
 72270.67157834864
 72271.23915152797
 72271.8620558542
 72272.54286486906
 72273.28415211423
 72274.08849113145
 72274.95845546243
 72275.8966186489
 72276.90555423257
 72277.98783575514
 72279.14603675833
 72280.38273078388
 72281.70049137349
 72283.10189206887
 72284.58950641175
 72286.16590794383
 72287.83367020685
 72289.59536674249
 72291.45357109251
 72293.4108567986
 72295.46979740247
 72297.63296644585
 72299.90293747046
 72302.282284018
 72304.7735796302
 72307.37939784878
 72310.10231221543
 72312.9448962719
 72315.90972355989
 72318.9993676211


# name: TRAIN_QUERIES
# type: cell
# rows: 1
# columns: 1
# name: <cell-element>
# type: sq_string
# elements: 1
# length: 2
R2





# name: TEST_QUERIES
# type: cell
# rows: 1
# columns: 1
# name: <cell-element>
# type: sq_string
# elements: 1
# length: 2
R5





# name: DATASIZE
# type: sq_string
# elements: 1
# length: 3
750


