# Created by Octave 3.8.2, Mon May 23 11:18:05 2016 CEST <Andrea@Andreas-MacBook-Pro.local>
# name: x
# type: matrix
# rows: 1
# columns: 100
 60 60.60606060606061 61.21212121212121 61.81818181818183 62.42424242424243 63.03030303030303 63.63636363636364 64.24242424242425 64.84848484848484 65.45454545454545 66.06060606060606 66.66666666666667 67.27272727272728 67.87878787878788 68.48484848484848 69.09090909090909 69.6969696969697 70.30303030303031 70.90909090909091 71.51515151515152 72.12121212121212 72.72727272727272 73.33333333333334 73.93939393939394 74.54545454545455 75.15151515151516 75.75757575757576 76.36363636363636 76.96969696969697 77.57575757575758 78.18181818181819 78.78787878787878 79.39393939393939 80 80.60606060606061 81.21212121212122 81.81818181818181 82.42424242424242 83.03030303030303 83.63636363636364 84.24242424242425 84.84848484848484 85.45454545454545 86.06060606060606 86.66666666666667 87.27272727272728 87.87878787878788 88.48484848484848 89.09090909090909 89.69696969696969 90.30303030303031 90.90909090909091 91.51515151515152 92.12121212121212 92.72727272727272 93.33333333333333 93.93939393939394 94.54545454545455 95.15151515151516 95.75757575757575 96.36363636363636 96.96969696969697 97.57575757575758 98.18181818181819 98.78787878787878 99.39393939393939 100 100.6060606060606 101.2121212121212 101.8181818181818 102.4242424242424 103.030303030303 103.6363636363636 104.2424242424242 104.8484848484848 105.4545454545455 106.0606060606061 106.6666666666667 107.2727272727273 107.8787878787879 108.4848484848485 109.0909090909091 109.6969696969697 110.3030303030303 110.9090909090909 111.5151515151515 112.1212121212121 112.7272727272727 113.3333333333333 113.9393939393939 114.5454545454545 115.1515151515151 115.7575757575758 116.3636363636364 116.969696969697 117.5757575757576 118.1818181818182 118.7878787878788 119.3939393939394 120


# name: y
# type: matrix
# rows: 100
# columns: 1
 68754.51271516655
 68751.15402486207
 68747.86387925768
 68744.64227835338
 68741.48922214916
 68738.40471064505
 68735.38874384102
 68732.44132173707
 68729.56244433323
 68726.75211162948
 68724.01032362581
 68721.33708032224
 68718.73238171876
 68716.19622781538
 68713.72861861208
 68711.32955410887
 68708.99903430576
 68706.73705920274
 68704.54362879982
 68702.41874309696
 68700.36240209422
 68698.37460579157
 68696.45535418901
 68694.60464728653
 68692.82248508415
 68691.10886758186
 68689.46379477967
 68687.88726667756
 68686.37928327554
 68684.93984457362
 68683.56895057179
 68682.26660127005
 68681.0327966684
 68679.86753676685
 68678.77082156538
 68677.74265106401
 68676.78302526273
 68675.89194416153
 68675.06940776044
 68674.31541605943
 68673.62996905851
 68673.01306675769
 68672.46470915695
 68671.98489625633
 68671.57362805578
 68671.23090455531
 68670.95672575495
 68670.75109165467
 68670.61400225449
 68670.5454575544
 68670.5454575544
 68670.61400225449
 68670.75109165467
 68670.95672575495
 68671.23090455531
 68671.57362805578
 68671.98489625633
 68672.46470915695
 68673.01306675769
 68673.62996905851
 68674.31541605943
 68675.06940776044
 68675.89194416153
 68676.78302526273
 68677.74265106401
 68678.77082156538
 68679.86753676685
 68681.0327966684
 68682.26660127005
 68683.56895057179
 68684.93984457362
 68686.37928327554
 68687.88726667756
 68689.46379477967
 68691.10886758186
 68692.82248508415
 68694.60464728653
 68696.45535418901
 68698.37460579157
 68700.36240209422
 68702.41874309696
 68704.54362879982
 68706.73705920274
 68708.99903430576
 68711.32955410887
 68713.72861861208
 68716.19622781538
 68718.73238171876
 68721.33708032225
 68724.01032362581
 68726.75211162948
 68729.56244433323
 68732.44132173707
 68735.38874384102
 68738.40471064505
 68741.48922214916
 68744.64227835338
 68747.86387925768
 68751.15402486207
 68754.51271516655


# name: TRAIN_QUERIES
# type: cell
# rows: 1
# columns: 1
# name: <cell-element>
# type: sq_string
# elements: 1
# length: 2
R2





# name: TEST_QUERIES
# type: cell
# rows: 1
# columns: 1
# name: <cell-element>
# type: sq_string
# elements: 1
# length: 2
R5





# name: DATASIZE
# type: sq_string
# elements: 1
# length: 3
750


