# Created by Octave 3.8.2, Mon May 23 11:18:05 2016 CEST <Andrea@Andreas-MacBook-Pro.local>
# name: x
# type: matrix
# rows: 1
# columns: 100
 60 60.60606060606061 61.21212121212121 61.81818181818183 62.42424242424243 63.03030303030303 63.63636363636364 64.24242424242425 64.84848484848484 65.45454545454545 66.06060606060606 66.66666666666667 67.27272727272728 67.87878787878788 68.48484848484848 69.09090909090909 69.6969696969697 70.30303030303031 70.90909090909091 71.51515151515152 72.12121212121212 72.72727272727272 73.33333333333334 73.93939393939394 74.54545454545455 75.15151515151516 75.75757575757576 76.36363636363636 76.96969696969697 77.57575757575758 78.18181818181819 78.78787878787878 79.39393939393939 80 80.60606060606061 81.21212121212122 81.81818181818181 82.42424242424242 83.03030303030303 83.63636363636364 84.24242424242425 84.84848484848484 85.45454545454545 86.06060606060606 86.66666666666667 87.27272727272728 87.87878787878788 88.48484848484848 89.09090909090909 89.69696969696969 90.30303030303031 90.90909090909091 91.51515151515152 92.12121212121212 92.72727272727272 93.33333333333333 93.93939393939394 94.54545454545455 95.15151515151516 95.75757575757575 96.36363636363636 96.96969696969697 97.57575757575758 98.18181818181819 98.78787878787878 99.39393939393939 100 100.6060606060606 101.2121212121212 101.8181818181818 102.4242424242424 103.030303030303 103.6363636363636 104.2424242424242 104.8484848484848 105.4545454545455 106.0606060606061 106.6666666666667 107.2727272727273 107.8787878787879 108.4848484848485 109.0909090909091 109.6969696969697 110.3030303030303 110.9090909090909 111.5151515151515 112.1212121212121 112.7272727272727 113.3333333333333 113.9393939393939 114.5454545454545 115.1515151515151 115.7575757575758 116.3636363636364 116.969696969697 117.5757575757576 118.1818181818182 118.7878787878788 119.3939393939394 120


# name: y
# type: matrix
# rows: 100
# columns: 1
 75057.75476104743
 75057.85193321577
 75057.93958767704
 75058.0184852931
 75058.08934036583
 75058.15282257651
 75058.20955888416
 75058.26013538241
 75058.30509911531
 75058.34495985163
 75058.38019181817
 75058.41123539156
 75058.43849874895
 75058.46235947739
 75058.48316614192
 75058.50123981235
 75058.516875549
 75058.53034384681
 75058.54189203851
 75058.55174565638
 75058.56010975274
 75058.56717017916
 75058.57309482452
 75058.57803481168
 75058.5821256529
 75058.58548836409
 75058.58823053763
 75058.59044737412
 75058.59222267273
 75058.59362978024
 75058.59473249901
 75058.5955859535
 75058.59623741558
 75058.59672708863
 75058.59708885028
 75058.59735095398
 75058.59753668918
 75058.59766500043
 75058.59775106498
 75058.59780682936
 75058.59784150445
 75058.59786201949
 75058.59787343476
 75058.59787931285
 75058.59788204891
 75058.59788315947
 75058.59788353003
 75058.59788362141
 75058.59788363473
 75058.59788363539
 75058.59788363539
 75058.59788363473
 75058.59788362141
 75058.59788353003
 75058.59788315947
 75058.59788204891
 75058.59787931285
 75058.59787343476
 75058.59786201949
 75058.59784150445
 75058.59780682936
 75058.59775106498
 75058.59766500043
 75058.59753668918
 75058.59735095398
 75058.59708885028
 75058.59672708863
 75058.59623741558
 75058.5955859535
 75058.59473249901
 75058.59362978024
 75058.59222267273
 75058.59044737412
 75058.58823053763
 75058.58548836409
 75058.5821256529
 75058.57803481168
 75058.57309482452
 75058.56717017916
 75058.56010975274
 75058.55174565638
 75058.54189203851
 75058.53034384681
 75058.516875549
 75058.50123981235
 75058.48316614192
 75058.46235947739
 75058.43849874895
 75058.41123539156
 75058.38019181817
 75058.34495985163
 75058.30509911531
 75058.26013538241
 75058.20955888416
 75058.15282257651
 75058.08934036583
 75058.0184852931
 75057.93958767704
 75057.85193321577
 75057.75476104743


# name: TRAIN_QUERIES
# type: cell
# rows: 1
# columns: 1
# name: <cell-element>
# type: sq_string
# elements: 1
# length: 2
R2





# name: TEST_QUERIES
# type: cell
# rows: 1
# columns: 1
# name: <cell-element>
# type: sq_string
# elements: 1
# length: 2
R5





# name: DATASIZE
# type: sq_string
# elements: 1
# length: 3
750


