# Created by Octave 4.0.0, Wed May 11 13:49:40 2016 CEST <peter@Independence>
# name: y
# type: matrix
# rows: 1
# columns: 100
 465676.2846834798 465476.4953405202 465276.7059975607 465076.9166546012 464877.1273116416 464677.3379686821 464477.5486257226 464277.759282763 464077.9699398035 463878.1805968439 463678.3912538844 463478.6019109249 463278.8125679654 463079.0232250058 462879.2338820463 462679.4445390868 462479.6551961272 462279.8658531677 462080.0765102082 461880.2871672487 461680.4978242891 461480.7084813296 461280.91913837 461081.1297954105 460881.340452451 460681.5511094914 460481.7617665319 460281.9724235724 460082.1830806129 459882.3937376533 459682.6043946938 459482.8150517343 459283.0257087747 459083.2363658152 458883.4470228556 458683.6576798961 458483.8683369366 458284.078993977 458084.2896510175 457884.500308058 457684.7109650985 457484.9216221389 457285.1322791794 457085.3429362199 456885.5535932604 456685.7642503008 456485.9749073413 456286.1855643817 456086.3962214222 455886.6068784627 455686.8175355031 455487.0281925436 455287.2388495841 455087.4495066245 454887.660163665 454687.8708207055 454488.081477746 454288.2921347864 454088.5027918269 453888.7134488674 453688.9241059078 453489.1347629483 453289.3454199887 453089.5560770292 452889.7667340697 452689.9773911102 452490.1880481506 452290.3987051911 452090.6093622316 451890.820019272 451691.0306763125 451491.241333353 451291.4519903935 451091.6626474339 450891.8733044743 450692.0839615148 450492.2946185553 450292.5052755958 450092.7159326362 449892.9265896767 449693.1372467172 449493.3479037576 449293.5585607981 449093.7692178386 448893.9798748791 448694.1905319195 448494.4011889599 448294.6118460004 448094.8225030409 447895.0331600814 447695.2438171218 447495.4544741623 447295.6651312028 447095.8757882433 446896.0864452837 446696.2971023242 446496.5077593647 446296.7184164051 446096.9290734456 445897.1397304861


