# Created by Octave 4.0.0, Wed May 11 13:49:40 2016 CEST <peter@Independence>
# name: y
# type: matrix
# rows: 100
# columns: 1
 477611.9810148549
 477047.9768870047
 476483.9727591546
 475919.9686313043
 475355.9645034544
 474791.9603756042
 474227.9562477541
 473663.9521199041
 473099.947992054
 472535.9438642039
 471971.9397363539
 471407.9356085037
 470843.9314806536
 470279.9273528035
 469715.9232249534
 469151.9190971033
 468587.9149692532
 468023.9108414031
 467459.9067135531
 466895.9025857029
 466331.8984578528
 465767.8943300027
 465203.8902021527
 464639.8860743025
 464075.8819464524
 463511.8778186023
 462947.8736907523
 462383.8695629022
 461819.865435052
 461255.861307202
 460691.8571793518
 460127.8530515017
 459563.8489236517
 458999.8447958016
 458435.8406679514
 457871.8365401014
 457307.8324122513
 456743.8282844012
 456179.824156551
 455615.8200287009
 455051.8159008509
 454487.8117730008
 453923.8076451507
 453359.8035173006
 452795.7993894505
 452231.7952616004
 451667.7911337503
 451103.7870059002
 450539.7828780501
 449975.7787502
 449411.7746223499
 448847.7704944998
 448283.7663666497
 447719.7622387996
 447155.7581109495
 446591.7539830994
 446027.7498552493
 445463.7457273992
 444899.7415995491
 444335.737471699
 443771.733343849
 443207.7292159988
 442643.7250881487
 442079.7209602987
 441515.7168324485
 440951.7127045985
 440387.7085767483
 439823.7044488982
 439259.700321048
 438695.696193198
 438131.6920653479
 437567.6879374977
 437003.6838096477
 436439.6796817976
 435875.6755539476
 435311.6714260973
 434747.6672982473
 434183.6631703973
 433619.6590425471
 433055.6549146971
 432491.6507868469
 431927.6466589969
 431363.6425311468
 430799.6384032966
 430235.6342754465
 429671.6301475965
 429107.6260197464
 428543.6218918963
 427979.6177640462
 427415.6136361962
 426851.609508346
 426287.6053804961
 425723.6012526455
 425159.5971247957
 424595.5929969457
 424031.5888690954
 423467.5847412455
 422903.5806133952
 422339.576485545
 421775.5723576951


