# Created by Octave 4.0.0, Wed May 11 13:49:40 2016 CEST <peter@Independence>
# name: y
# type: matrix
# rows: 100
# columns: 1
 539769.1733227486
 538092.4798223695
 536365.5587891127
 534589.1127709856
 532763.8866496872
 530890.6670667569
 528970.2818003765
 527003.5990937174
 524991.5269357901
 522935.012295835
 520835.0403123536
 518692.633437952
 516508.8505412274
 514284.7859669934
 512021.5685561965
 509720.3606269298
 507382.3569180042
 505008.7834965868
 502600.8966314587
 500159.9816334902
 497687.3516649702
 495184.3465194596
 492652.331373876
 490092.6955145402
 487506.8510389471
 484896.2315350394
 482262.2907397875
 479606.5011788895
 476930.3527894213
 474235.3515272737
 471523.0179612174
 468794.8858554451
 466052.5007424308
 463297.4184879501
 460531.2038500931
 457755.4290340948
 454971.6722447927
 452181.5162385088
 449386.5468761304
 446588.3516791481
 443788.5183903823
 440988.6335411056
 438190.2810262399
 435395.0406892756
 432604.486918531
 429820.1872563307
 427043.7010226517
 424276.5779547414
 421520.3568641783
 418776.5643128011
 416046.7133088904
 413332.3020249449
 410634.812538347
 407955.7095961694
 405296.4394053247
 402658.428449215
 400043.0823319883
 397451.7846514609
 394885.8959017148
 392346.7524063302
 389835.6652831614
 387353.9194415178
 384902.772612555
 382483.4544136391
 380097.1654473887
 377745.076436054
 375428.3273918408
 373148.0268237367
 370905.2509813508
 368701.0431362214
 366536.412901009
 364412.3355869321
 362329.7515997654
 360289.5658746655
 358292.6473500485
 356339.8284806958
 354431.9047902175
 352569.6344629642
 350753.7379754268
 348984.8977671299
 347263.7579509739
 345590.924062946
 343966.9628510781
 342392.4021034873
 340867.7305153021
 339393.3975942328
 337969.8136045124
 336597.3495488968
 335276.3371883762
 334007.0690992185
 332789.7987669277
 331624.7407166719
 330512.0706796992
 329451.9257952333
 328444.4048473054
 327489.5685359543
 326587.4397821935
 325738.0040661208
 324941.2097975148
 324196.9687182391


