# Created by Octave 4.0.0, Wed May 11 13:49:40 2016 CEST <peter@Independence>
# name: y
# type: matrix
# rows: 100
# columns: 1
 431311.045369367
 430592.7991829569
 429906.4475346512
 429251.2660630453
 428626.5304067343
 428031.5162043135
 427465.499094378
 426927.7547155232
 426417.558706344
 425934.186705436
 425476.9143513941
 425045.0172828137
 424637.7711382898
 424254.4515564179
 423894.334175793
 423556.6946350104
 423240.8085726653
 422945.951627353
 422671.3994376685
 422416.4276422072
 422180.3118795642
 421962.3277883348
 421761.7510071142
 421577.8571744976
 421409.9219290801
 421257.2209094571
 421119.0297542237
 420994.6241019752
 420883.2795913067
 420784.2718608135
 420696.8765490907
 420620.3692947337
 420554.0257363376
 420497.1215124976
 420448.9322618089
 420408.7336228669
 420375.8012342665
 420349.4107346032
 420328.837762472
 420313.3579564682
 420302.2469551871
 420294.7803972238
 420290.2339211736
 420287.8831656316
 420287.003769193
 420286.8713704532
 420286.7616080072
 420285.9501204505
 420283.7125463779
 420279.324524385
 420272.0616930668
 420261.1996910186
 420246.0141568354
 420225.7807291128
 420199.7750464457
 420167.2727474295
 420127.5494706593
 420079.8808547303
 420023.5425382378
 419957.810159777
 419881.959357943
 419795.2657713312
 419697.0050385367
 419586.4527981547
 419462.8846887805
 419325.5763490092
 419173.803417436
 419006.8415326563
 418823.9663332651
 418624.4534578578
 418407.5785450294
 418172.6172333754
 417918.8451614907
 417645.5379679707
 417351.9712914106
 417037.4207704056
 416701.1620435509
 416342.4707494417
 415960.6225266733
 415554.8930138407
 415124.5578495393
 414668.8926723643
 414187.1731209109
 413678.6748337743
 413142.6734495496
 412578.4446068322
 411985.2639442173
 411362.4071003
 410709.1497136755
 410024.7674229392
 409308.5358666861
 408559.7306835115
 407777.6275120106
 406961.5019907787
 406110.6297584109
 405224.2864535025
 404301.7477146487
 403342.2891804446
 402345.1864894855
 401309.7152803666


